##FastQC	0.10.1
>>Basic Statistics	pass
#Measure	Value	
Filename	008-F0_S1_L004_R1_001.fastq.gz	
File type	Conventional base calls	
Encoding	Sanger / Illumina 1.9	
Total Sequences	23331956	
Filtered Sequences	0	
Sequence length	35-75	
%GC	45	
>>END_MODULE
>>Per base sequence quality	pass
#Base	Mean	Median	Lower Quartile	Upper Quartile	10th Percentile	90th Percentile
1	31.43034780281602	32.0	32.0	32.0	32.0	32.0
2	31.48910044232897	32.0	32.0	32.0	32.0	32.0
3	31.612617390500823	32.0	32.0	32.0	32.0	32.0
4	31.695805958145986	32.0	32.0	32.0	32.0	32.0
5	31.678016836650986	32.0	32.0	32.0	32.0	32.0
6	35.3817405193118	36.0	36.0	36.0	36.0	36.0
7	35.383271295385605	36.0	36.0	36.0	36.0	36.0
8	35.34369720224057	36.0	36.0	36.0	36.0	36.0
9	35.433113408922935	36.0	36.0	36.0	36.0	36.0
10	35.344970348821164	36.0	36.0	36.0	36.0	36.0
11	35.40807114499959	36.0	36.0	36.0	36.0	36.0
12	35.359809481896846	36.0	36.0	36.0	36.0	36.0
13	35.37990882547524	36.0	36.0	36.0	36.0	36.0
14	35.36085294349089	36.0	36.0	36.0	36.0	36.0
15	35.33063091667068	36.0	36.0	36.0	36.0	36.0
16	35.3471656212621	36.0	36.0	36.0	36.0	36.0
17	35.348026114912955	36.0	36.0	36.0	36.0	36.0
18	35.33962861922078	36.0	36.0	36.0	36.0	36.0
19	35.334735973272025	36.0	36.0	36.0	36.0	36.0
20	35.327661255661546	36.0	36.0	36.0	36.0	36.0
21	35.31561117293381	36.0	36.0	36.0	36.0	36.0
22	35.304493716686245	36.0	36.0	36.0	36.0	36.0
23	35.291042079798196	36.0	36.0	36.0	36.0	36.0
24	35.28302110633159	36.0	36.0	36.0	36.0	36.0
25	35.26303534088612	36.0	36.0	36.0	36.0	36.0
26	35.234184780735916	36.0	36.0	36.0	36.0	36.0
27	35.22377849503916	36.0	36.0	36.0	36.0	36.0
28	35.2096303456084	36.0	36.0	36.0	36.0	36.0
29	35.19272469054888	36.0	36.0	36.0	36.0	36.0
30	35.168341522673884	36.0	36.0	36.0	36.0	36.0
31	35.160428212705355	36.0	36.0	36.0	36.0	36.0
32	35.142149933764664	36.0	36.0	36.0	36.0	36.0
33	35.13314490221051	36.0	36.0	36.0	36.0	36.0
34	35.12159614907554	36.0	36.0	36.0	36.0	36.0
35	35.10506864490915	36.0	36.0	36.0	36.0	36.0
36	35.106141889972285	36.0	36.0	36.0	36.0	36.0
37	35.09239692968394	36.0	36.0	36.0	36.0	36.0
38	35.080766553207205	36.0	36.0	36.0	36.0	36.0
39	35.06096503346408	36.0	36.0	36.0	36.0	36.0
40	35.05626428639554	36.0	36.0	36.0	36.0	36.0
41	35.04441041656666	36.0	36.0	36.0	36.0	36.0
42	35.029192575075975	36.0	36.0	36.0	36.0	36.0
43	35.01929270148995	36.0	36.0	36.0	36.0	36.0
44	35.001761289972315	36.0	36.0	36.0	36.0	36.0
45	34.98880839675583	36.0	36.0	36.0	36.0	36.0
46	34.97657615963369	36.0	36.0	36.0	36.0	36.0
47	34.97125885772644	36.0	36.0	36.0	36.0	36.0
48	34.953010180892704	36.0	36.0	36.0	36.0	36.0
49	34.93936907778743	36.0	36.0	36.0	36.0	36.0
50	34.92660502736347	36.0	36.0	36.0	36.0	36.0
51	34.91361947006165	36.0	36.0	36.0	36.0	36.0
52	34.90245448145745	36.0	36.0	36.0	36.0	36.0
53	34.87728920946694	36.0	36.0	36.0	36.0	36.0
54	34.8672269114024	36.0	36.0	36.0	36.0	36.0
55	34.839703352224795	36.0	36.0	36.0	36.0	36.0
56	34.827811754403136	36.0	36.0	36.0	36.0	36.0
57	34.81932011536852	36.0	36.0	36.0	36.0	36.0
58	34.80149078979199	36.0	36.0	36.0	36.0	36.0
59	34.78817040426356	36.0	36.0	36.0	36.0	36.0
60	34.773077956433276	36.0	36.0	36.0	36.0	36.0
61	34.757576559816954	36.0	36.0	36.0	36.0	36.0
62	34.734950580482355	36.0	36.0	36.0	36.0	36.0
63	34.71920519281822	36.0	36.0	36.0	36.0	36.0
64	34.70130232683717	36.0	36.0	36.0	36.0	36.0
65	34.679440741630174	36.0	36.0	36.0	36.0	36.0
66	34.65780111665091	36.0	36.0	36.0	32.0	36.0
67	34.64337319742735	36.0	36.0	36.0	32.0	36.0
68	34.61045619948622	36.0	36.0	36.0	32.0	36.0
69	34.59126958255986	36.0	36.0	36.0	32.0	36.0
70	34.57445467698301	36.0	36.0	36.0	32.0	36.0
71	34.54554613733223	36.0	36.0	36.0	32.0	36.0
72	34.526109549926296	36.0	36.0	36.0	32.0	36.0
73	34.49957499172955	36.0	36.0	36.0	32.0	36.0
74	34.456173925115266	36.0	36.0	36.0	32.0	36.0
75	33.84821443875592	36.0	36.0	36.0	32.0	36.0
>>END_MODULE
>>Per sequence quality scores	pass
#Quality	Count
2	10575.0
3	0.0
4	0.0
5	0.0
6	0.0
7	0.0
8	0.0
9	0.0
10	0.0
11	0.0
12	0.0
13	0.0
14	0.0
15	0.0
16	0.0
17	11.0
18	142.0
19	846.0
20	3737.0
21	9620.0
22	18143.0
23	30430.0
24	48896.0
25	76484.0
26	114182.0
27	163589.0
28	224498.0
29	297120.0
30	383025.0
31	495117.0
32	671655.0
33	1032872.0
34	2367509.0
35	1.7383505E7
>>END_MODULE
>>Per base sequence content	fail
#Base	G	A	T	C
1	43.28395459351144	18.210040056827175	11.705500772112096	26.800504577549283
2	16.47583391395218	20.026871479008896	35.656614846264894	27.84067976077403
3	18.943949195454916	21.400287753150778	28.393973975294255	31.26178907610005
4	13.138025574042977	15.07460900364348	35.276482983576315	36.51088243873723
5	14.809088707053842	35.05833981272378	34.36622385269551	15.76634762752686
6	34.95770832592772	34.98113330683677	16.0389596495592	14.022198717676323
7	31.086389584197917	29.546624211436377	20.211966553470443	19.155019650895266
8	26.778012488992147	34.77410800126256	19.458740302725584	18.989139207019708
9	24.896295806839223	15.643378923400805	19.428510687253038	40.03181458250693
10	14.318305475701543	27.59126530135849	34.60692308177172	23.48350614116825
11	34.580650008020555	22.290924669303994	23.551722557315845	19.57670276535961
12	22.412053837317448	23.977866651916248	30.8176620841743	22.792417426592003
13	28.117609516899044	20.46130378745201	26.040536712710544	25.3805499829384
14	20.56943499883794	20.389217114781484	27.146997554957707	31.894350331422867
15	22.930485977652868	29.403237312575957	23.038622798538388	24.627653911232787
16	22.886578735307904	28.45640617672336	25.37806966739457	23.278945420574164
17	21.730593203772383	28.075076520989604	27.347795342633894	22.846534932604115
18	22.202668872825328	27.687832894630038	27.886924878076474	22.22257335446816
19	22.691576455099295	27.102863248106964	27.51608491795576	22.689475378837987
20	22.68566497472812	27.0901694261166	27.60242481414582	22.62174078500946
21	22.441834562937277	26.772144394830537	27.351634425251365	23.43438661698082
22	22.39936916254527	26.84731349517053	27.655344580809537	23.097972761474665
23	22.364093985200014	26.886700586337664	27.54229660739543	23.20690882106689
24	22.54929096554091	26.546600213718214	27.8396078308116	23.064500989929275
25	22.66643917803595	26.659833717759962	27.423169845675922	23.250557258528165
26	22.140077527364024	27.061995734888693	27.60511264502506	23.19281409272222
27	22.20374349993613	27.020258077689846	27.619942046515185	23.156056375858842
28	22.302005912890095	26.897235191318202	27.581456604473892	23.21930229131781
29	22.104333669950176	26.97045311377299	27.72963551346447	23.195577702812365
30	22.22256049347735	27.04037598078177	27.65157973057295	23.08548379516793
31	22.67655955398993	27.047514185228444	27.408437972087878	22.86748828869375
32	22.03653010994692	27.212418722865905	27.79892921314073	22.952121954046444
33	22.137829285426776	27.05082490436651	27.93015431069256	22.881191499514152
34	22.19068496778392	26.786956560516938	28.115944962178734	22.906413509520405
35	22.087026478472612	27.0403422252678	27.932095569332123	22.940535726927465
36	22.21321192735282	27.381035340058464	27.82768389989195	22.57806883269676
37	22.310396963474304	27.11567588461144	27.507851467894127	23.066075684020124
38	22.23031357686218	27.50742357359237	27.50052959644022	22.76173325310523
39	22.370014006543997	27.2211460409103	27.736557337296812	22.672282615248893
40	22.44585374291938	26.977152066233835	27.726085774238623	22.850908416608164
41	22.390725449546373	27.16517916374366	27.776887528840415	22.667207857869553
42	22.15964260651418	27.38307495743178	27.83409489802484	22.623187538029196
43	22.24864481448964	27.161068487350565	27.754455342761165	22.835831355398632
44	22.14014765941701	27.49251351830938	27.79033930922161	22.576999513051994
45	22.241539578532127	27.40541082662487	27.616588595875776	22.736460998967228
46	22.32445640602945	27.3962445618228	27.54385437999918	22.73544465214857
47	22.3007126999671	27.423342196124363	27.666851534172114	22.609093569736423
48	22.11532919276492	27.397978687850443	27.616707328809536	22.869984790575103
49	22.37787404164128	27.2104584987846	27.659960941280065	22.75170651829405
50	22.241151038423805	27.508397517505117	27.57776451667933	22.672686927391748
51	22.292394702613883	27.452587608715778	27.60910854841978	22.645909140250556
52	22.279518908251934	27.47310298095958	27.548193659919264	22.69918445086923
53	22.175538850896338	27.264084917361732	27.808446818244214	22.751929413497717
54	22.33094473322262	27.629807109810017	27.60554060178258	22.433707555184785
55	22.325028434796337	27.256113259344783	27.6234830788881	22.79537522697078
56	22.44388662217626	27.545224895896492	27.392582504406306	22.61830597752094
57	22.271690118526063	27.41038685311582	27.531304201281547	22.78661882707657
58	22.26875324397172	27.326798877681824	27.500910384837653	22.903537493508804
59	22.20739149359173	27.409870408506137	27.577713334259446	22.805024763642688
60	22.25760117560024	27.38742037451901	27.73539581858787	22.619582631292875
61	22.488116613680344	27.400869889482028	27.49973046732872	22.611283029508908
62	22.421477416540224	27.504246702462996	27.508754083233622	22.565521797763154
63	22.409318154811167	27.622204970970227	27.42993288696628	22.538543987252325
64	22.410412919222445	27.356574015260893	27.403359681817275	22.82965338369939
65	22.321039689919374	27.468095843850023	27.58452174199844	22.626342724232163
66	22.365789951919457	27.67280071626523	27.317580853702406	22.64382847811291
67	22.464113297477585	27.396422270327538	27.38964608441496	22.74981834777991
68	22.46052696424764	27.673630361450396	27.50854608914463	22.357296585157332
69	22.723973565159124	27.517955458348037	27.431098651937845	22.32697232455499
70	22.839817820442907	27.297467438278055	27.319457939650903	22.543256801628132
71	22.58057487680059	27.67129971425648	27.268098838839638	22.480026570103288
72	22.51611582249691	27.822573612585273	27.491447784770706	22.169862780147113
73	23.279539839469038	28.401177210019917	27.517024158482624	20.802258792028418
74	24.375453276087665	30.802457726974758	27.771301221522826	17.05078777541475
75	29.685874420303975	41.20769597391986	29.106429605776164	0.0
>>END_MODULE
>>Per base GC content	fail
#Base	%GC
1	70.08445917106073
2	44.31651367472621
3	50.205738271554964
4	49.648908012780204
5	30.5754363345807
6	48.97990704360404
7	50.24140923509318
8	45.76715169601186
9	64.92811038934614
10	37.80181161686979
11	54.15735277338016
12	45.204471263909454
13	53.49815949983745
14	52.463785330260805
15	47.558139888885655
16	46.16552415588207
17	44.5771281363765
18	44.42524222729349
19	45.38105183393728
20	45.30740575973758
21	45.8762211799181
22	45.497341924019935
23	45.571002806266904
24	45.613791955470184
25	45.91699643656412
26	45.332891620086244
27	45.35979987579497
28	45.521308204207905
29	45.299911372762544
30	45.308044288645284
31	45.544047842683675
32	44.988652063993364
33	45.01902078494093
34	45.09709847730433
35	45.02756220540008
36	44.79128076004958
37	45.37647264749443
38	44.99204682996741
39	45.042296621792886
40	45.296762159527546
41	45.05793330741593
42	44.782830144543375
43	45.08447616988827
44	44.717147172469005
45	44.97800057749936
46	45.05990105817802
47	44.90980626970352
48	44.98531398334003
49	45.129580559935334
50	44.91383796581555
51	44.93830384286444
52	44.97870335912116
53	44.92746826439406
54	44.764652288407405
55	45.120403661767114
56	45.062192599697205
57	45.05830894560263
58	45.172290737480516
59	45.01241625723441
60	44.877183806893115
61	45.09939964318925
62	44.986999214303374
63	44.94786214206349
64	45.24006630292183
65	44.94738241415154
66	45.00961843003237
67	45.213931645257496
68	44.81782354940497
69	45.050945889714114
70	45.38307462207104
71	45.06060144690388
72	44.68597860264402
73	44.08179863149746
74	41.426241051502416
75	29.685874420303975
>>END_MODULE
>>Per sequence GC content	warn
#GC Content	Count
0	10591.0
1	5311.0
2	59.5
3	100.0
4	112.5
5	157.5
6	293.5
7	523.0
8	669.5
9	906.0
10	1581.0
11	2749.0
12	3514.0
13	4785.0
14	7804.5
15	12587.5
16	16439.0
17	22932.0
18	36710.5
19	54035.5
20	65964.5
21	84838.0
22	120055.5
23	159618.0
24	186127.5
25	219581.0
26	275639.0
27	331862.5
28	368684.0
29	411394.5
30	481127.5
31	550611.0
32	595954.5
33	647850.5
34	736284.0
35	820891.5
36	868858.5
37	916046.0
38	965985.0
39	990836.0
40	1007113.0
41	1007954.5
42	1000298.0
43	993470.5
44	992556.0
45	983985.0
46	957874.5
47	929863.5
48	917306.0
49	898038.0
50	861546.0
51	828827.0
52	811295.0
53	798326.0
54	772779.0
55	743113.5
56	726619.5
57	710905.5
58	675698.5
59	627129.5
60	585812.5
61	541895.5
62	483062.0
63	423937.5
64	378064.0
65	340785.5
66	290633.0
67	239531.5
68	204332.0
69	177743.5
70	144761.5
71	112724.5
72	91546.0
73	77249.0
74	61403.5
75	47100.5
76	37952.0
77	32001.5
78	25113.0
79	18972.0
80	15241.0
81	12626.0
82	9628.5
83	6603.5
84	4740.5
85	3805.0
86	2710.0
87	1696.0
88	1276.5
89	1003.0
90	631.0
91	436.0
92	369.5
93	324.5
94	229.5
95	151.5
96	126.0
97	103.0
98	70.5
99	151.5
100	244.0
>>END_MODULE
>>Per base N content	pass
#Base	N-Count
1	0.08817949082365834
2	0.04532410398853829
3	0.045336961890379016
4	0.04532410398853829
5	0.04532410398853829
6	0.04585556393128806
7	0.04881716732193392
8	0.04756995084338407
9	0.04532410398853829
10	0.04534124785765926
11	0.04548697074518741
12	0.045371249628620935
13	0.045336961890379016
14	0.048414286397591356
15	0.04532410398853829
16	0.045684125240078456
17	0.045332675923098774
18	0.04532410398853829
19	0.04532410398853829
20	0.045349819792219734
21	0.046121293902662945
22	0.04532838995581853
23	0.045354105759499976
24	0.045401251399582614
25	0.04561983573087486
26	0.04561126379631438
27	0.04645559935052167
28	0.04587699376768926
29	0.04578698845480422
30	0.046134151804503656
31	0.04581270425848566
32	0.047038490900634305
33	0.04666989771453366
34	0.04579127442208446
35	0.04589842360409046
36	5.1459906836127E-4
37	0.0019214673147901731
38	0.0013985097205863376
39	0.001853716136586096
40	0.0028286279815091
41	0.0029540506861856137
42	0.0024138803100212628
43	0.0010484136363036768
44	0.0015775697267550366
45	0.0035092563085978067
46	0.0020868464604652964
47	0.002496983600758842
48	0.0048719825208257865
49	0.0022198329444243483
50	0.0026871333928384575
51	0.0014027297552646606
52	0.004444341362215246
53	0.003172509025010177
54	0.0018296871805887406
55	0.0022251223849779475
56	0.002811948293253538
57	0.0025933110615037978
58	0.001554000272340718
59	0.003415228573731461
60	0.0029359566083881454
61	0.0012540296588464564
62	0.0029772238020106937
63	0.0024961276201975998
64	3.4950417808216484E-4
65	4.243035844029502E-4
66	5.299865050543631E-4
67	1.3596212147926087E-4
68	5.754021720773138E-4
69	7.346525581701856E-4
70	1.5868045564563905E-4
71	5.347580348057653E-4
72	5.116531678471987E-4
73	6.067961995578418E-4
74	9.021687248766963E-4
75	0.004268747468714842
>>END_MODULE
>>Sequence Length Distribution	warn
#Length	Count
35	12831.0
36	3610.0
37	4987.0
38	5989.0
39	7025.0
40	7460.0
41	8038.0
42	8759.0
43	9626.0
44	10841.0
45	11981.0
46	12783.0
47	13657.0
48	14425.0
49	15386.0
50	15448.0
51	16073.0
52	16775.0
53	17556.0
54	18853.0
55	19770.0
56	20759.0
57	22005.0
58	22754.0
59	23762.0
60	24839.0
61	25129.0
62	25340.0
63	25926.0
64	28579.0
65	30220.0
66	30302.0
67	33783.0
68	34851.0
69	44730.0
70	60048.0
71	150893.0
72	557766.0
73	1633943.0
74	5057505.0
75	1.5226949E7
>>END_MODULE
>>Sequence Duplication Levels	warn
#Total Duplicate Percentage	40.66067894656721
#Duplication Level	Relative count
1	100.0
2	27.13384862377729
3	12.299938760985782
4	6.926629040533607
5	4.204803124844833
6	2.768996507721081
7	2.0150945894503383
8	1.4291861831543058
9	1.0352703619722272
10++	7.697082043727966
>>END_MODULE
>>Overrepresented sequences	pass
>>END_MODULE
>>Kmer Content	warn
#Sequence	Count	Obs/Exp Overall	Obs/Exp Max	Max Obs/Exp Position
AAAAA	8593815	3.7106202	8.059432	71
TTTTT	8221370	3.3769362	6.1718936	71
CCTGG	3809665	3.1007948	12.561359	3
CCAGG	3601810	2.961034	13.789374	3
CCCAG	3424620	2.802148	12.158837	2
CTGGG	3375675	2.7605195	10.951844	4
CCAGC	3243675	2.6540923	7.000023	3
GGAGG	3123760	2.592317	6.022481	6
CAGCA	3645525	2.5453365	7.1019506	4
GCTGG	3097565	2.53309	6.425166	3
TGCTG	3606605	2.4800184	6.7943172	2
TCCAG	3568705	2.4669445	9.732253	2
CAGCC	2923435	2.3920603	5.8818707	5
AGGAG	3366385	2.3726668	7.7470384	5
CAGGA	3352250	2.351611	10.819403	4
CTCCA	3398700	2.3383937	7.170964	1
CTCCT	3399995	2.3160436	6.635713	1
GGCTG	2817655	2.3041885	8.631408	7
AGCAG	3273400	2.2962976	5.7361116	7
CTGGA	3304250	2.2949097	8.953798	4
CTGCT	3310860	2.2659647	6.605389	9
GGCAG	2732775	2.257202	6.478196	7
TCCTG	3291940	2.253016	9.163575	2
GCTGC	2764135	2.2498083	5.850687	8
CCTGC	2777100	2.2497478	6.4835773	3
GCAGG	2700240	2.2303288	6.9542623	3
CAGAG	3141370	2.2036781	8.136482	4
CTGCC	2715805	2.2000923	5.7799563	9
CCCTG	2703815	2.1903791	9.319569	2
GCCTG	2679325	2.1807787	7.798047	7
CTGCA	3145980	2.174727	6.782485	4
TGCAG	3091580	2.1472034	6.6603518	2
CTCTG	3103470	2.1240263	7.5177364	2
CAGGG	2558450	2.113214	9.833047	4
TGGAG	2999865	2.0933332	6.5824122	5
AGCTG	2969625	2.0625017	6.0160503	7
CAGGC	2488665	2.0459218	6.4129558	4
CTGGC	2510980	2.0437582	5.5852013	4
GCCAG	2472825	2.0328999	5.5225825	2
GGAGA	2876545	2.027422	5.7715845	6
GGGAG	2429640	2.0162873	5.6285977	7
CACAG	2879730	2.010652	7.548491	7
CAGAA	3348790	1.995168	5.448719	4
CCCCA	2421785	1.9722879	7.0352716	1
CTCAG	2841085	1.9639614	6.3884177	2
CTGTG	2842430	1.9545468	9.16078	9
CTGAG	2776460	1.9283422	6.1085114	4
TTCTG	3284895	1.8993454	5.0367074	2
CCAGA	2673535	1.8666849	6.997368	3
GGCCA	2267900	1.8644319	6.2903433	1
TGGGG	2244200	1.8438929	6.2112913	5
CCTCT	2701000	1.839895	5.3589816	1
CAGTG	2614345	1.8157481	6.885832	9
TCTGG	2620465	1.8019165	6.326828	3
AGAGG	2556255	1.801678	5.3731337	5
CACTG	2600425	1.7976	7.635962	7
ACCTG	2588065	1.7890558	5.347861	7
TGGCC	2169390	1.7657284	5.7582507	5
CCTGA	2481450	1.7153561	5.808516	3
GCCCA	2089900	1.7100317	7.868944	1
GAGAG	2420655	1.7061055	5.680223	7
ACAGA	2819460	1.6797997	6.07955	8
TCAGG	2392670	1.6617875	6.048044	3
GGGCC	1673020	1.6194265	5.5192995	6
GGCCT	1984250	1.6150376	5.2641916	6
AGGTG	2305260	1.6086314	5.3549304	7
TGGGC	1962685	1.6050214	6.5745435	5
CCTGT	2310705	1.5814551	5.5313845	8
AGCCT	2284370	1.5791202	5.612525	6
AGGCC	1920260	1.5786382	5.090973	5
ACAGG	2227955	1.5629154	5.100529	8
GTGTG	2207640	1.5252061	6.909207	1
ACACA	2529415	1.4999187	6.5426593	6
TGTGT	2550125	1.481453	6.046641	10
AGGCT	2129715	1.4791567	5.0836167	6
CACAC	2126405	1.4777031	7.0725	5
ACAGC	2102020	1.4676481	5.956466	8
GCCCT	1799765	1.458002	6.1228156	1
CTGTC	2123890	1.4535981	5.895614	9
GCTGT	2107475	1.4491682	5.43513	8
GGGCT	1768170	1.445953	6.294126	6
GACAG	2060720	1.4455997	7.587049	7
AGGGG	1683010	1.3966808	5.028373	5
AGACA	2308090	1.3751318	5.87214	6
AGGGC	1656835	1.3685031	5.8891816	5
GTCCT	1890515	1.2938755	8.429636	1
GGACA	1832435	1.2854573	6.607424	6
ACTGC	1780945	1.2311169	5.3149924	8
AGGAC	1750160	1.2277411	9.066499	5
GTGCT	1774525	1.2202209	5.8438425	1
GTCCA	1703855	1.1778268	6.6772404	1
TGTGC	1708725	1.1749747	6.0791903	10
AGCAC	1669260	1.1654915	5.776938	5
TGGAC	1565925	1.0875862	6.26761	5
GTGCA	1541095	1.0703409	5.820472	1
ACAGT	1809500	1.067367	5.9815464	8
TGCAC	1528170	1.0563806	5.7059846	5
ACTGT	1797945	1.0500144	6.5011997	8
GACTG	1493765	1.0374687	6.455638	7
AGACT	1719755	1.0144293	5.572272	6
GCACT	1466225	1.0135597	5.078875	6
GGACC	1220455	1.0033313	5.7417445	6
ACACT	1625770	0.9544876	5.1416144	6
GGACT	1357920	0.9431198	5.581104	6
TGTAG	1560440	0.9156085	5.3040175	2
TAGGA	1349660	0.79987746	5.425845	4
GTGTA	1097360	0.6438903	5.528975	1
>>END_MODULE
