##FastQC	0.10.1
>>Basic Statistics	pass
#Measure	Value	
Filename	018-F0_S3_L001_R1_001.fastq.gz	
File type	Conventional base calls	
Encoding	Sanger / Illumina 1.9	
Total Sequences	18743692	
Filtered Sequences	0	
Sequence length	35-75	
%GC	45	
>>END_MODULE
>>Per base sequence quality	pass
#Base	Mean	Median	Lower Quartile	Upper Quartile	10th Percentile	90th Percentile
1	31.491609443859833	32.0	32.0	32.0	32.0	32.0
2	31.53081356650547	32.0	32.0	32.0	32.0	32.0
3	31.61789112838602	32.0	32.0	32.0	32.0	32.0
4	31.702621447258096	32.0	32.0	32.0	32.0	32.0
5	31.691955779042893	32.0	32.0	32.0	32.0	32.0
6	35.369562730757636	36.0	36.0	36.0	36.0	36.0
7	35.38515213544909	36.0	36.0	36.0	36.0	36.0
8	35.34427454313697	36.0	36.0	36.0	36.0	36.0
9	35.43226062400086	36.0	36.0	36.0	36.0	36.0
10	35.34982414350385	36.0	36.0	36.0	36.0	36.0
11	35.38653227976644	36.0	36.0	36.0	36.0	36.0
12	35.3633037183923	36.0	36.0	36.0	36.0	36.0
13	35.36953882938324	36.0	36.0	36.0	36.0	36.0
14	35.33325328862638	36.0	36.0	36.0	36.0	36.0
15	35.3168526243389	36.0	36.0	36.0	36.0	36.0
16	35.35167463272444	36.0	36.0	36.0	36.0	36.0
17	35.33811401723844	36.0	36.0	36.0	36.0	36.0
18	35.32872285780197	36.0	36.0	36.0	36.0	36.0
19	35.34144292383806	36.0	36.0	36.0	36.0	36.0
20	35.33354890808065	36.0	36.0	36.0	36.0	36.0
21	35.31145672901582	36.0	36.0	36.0	36.0	36.0
22	35.31079437284821	36.0	36.0	36.0	36.0	36.0
23	35.28587425572294	36.0	36.0	36.0	36.0	36.0
24	35.28419235655387	36.0	36.0	36.0	36.0	36.0
25	35.279893150186204	36.0	36.0	36.0	36.0	36.0
26	35.25412122649049	36.0	36.0	36.0	36.0	36.0
27	35.21775283119249	36.0	36.0	36.0	36.0	36.0
28	35.22353568336484	36.0	36.0	36.0	36.0	36.0
29	35.20247270388352	36.0	36.0	36.0	36.0	36.0
30	35.19791090250523	36.0	36.0	36.0	36.0	36.0
31	35.14996746638816	36.0	36.0	36.0	36.0	36.0
32	35.119522984052445	36.0	36.0	36.0	36.0	36.0
33	35.113491728310514	36.0	36.0	36.0	36.0	36.0
34	35.10094841507212	36.0	36.0	36.0	36.0	36.0
35	35.08688170932386	36.0	36.0	36.0	36.0	36.0
36	35.08801765562521	36.0	36.0	36.0	36.0	36.0
37	35.0805573538249	36.0	36.0	36.0	36.0	36.0
38	35.06381388027609	36.0	36.0	36.0	36.0	36.0
39	35.06396198834314	36.0	36.0	36.0	36.0	36.0
40	35.08173028995766	36.0	36.0	36.0	36.0	36.0
41	35.07993142319058	36.0	36.0	36.0	36.0	36.0
42	35.071506231813416	36.0	36.0	36.0	36.0	36.0
43	35.055051715442325	36.0	36.0	36.0	36.0	36.0
44	35.04334240800359	36.0	36.0	36.0	36.0	36.0
45	35.02588446664859	36.0	36.0	36.0	36.0	36.0
46	35.020788245504626	36.0	36.0	36.0	36.0	36.0
47	35.02190234597278	36.0	36.0	36.0	36.0	36.0
48	34.9985395982514	36.0	36.0	36.0	36.0	36.0
49	34.983295400337276	36.0	36.0	36.0	36.0	36.0
50	34.97569613137747	36.0	36.0	36.0	36.0	36.0
51	34.95665500336577	36.0	36.0	36.0	36.0	36.0
52	34.94061890112407	36.0	36.0	36.0	36.0	36.0
53	34.92453121389472	36.0	36.0	36.0	36.0	36.0
54	34.91097304839586	36.0	36.0	36.0	36.0	36.0
55	34.8922298245084	36.0	36.0	36.0	36.0	36.0
56	34.87851640781039	36.0	36.0	36.0	36.0	36.0
57	34.87483447843915	36.0	36.0	36.0	36.0	36.0
58	34.859848986936214	36.0	36.0	36.0	36.0	36.0
59	34.838122864367875	36.0	36.0	36.0	36.0	36.0
60	34.81847488525017	36.0	36.0	36.0	36.0	36.0
61	34.8010683964286	36.0	36.0	36.0	36.0	36.0
62	34.78152298000912	36.0	36.0	36.0	36.0	36.0
63	34.767139502309114	36.0	36.0	36.0	36.0	36.0
64	34.75056712344127	36.0	36.0	36.0	36.0	36.0
65	34.72365088401657	36.0	36.0	36.0	36.0	36.0
66	34.698114662712825	36.0	36.0	36.0	36.0	36.0
67	34.68158825823152	36.0	36.0	36.0	32.0	36.0
68	34.65423193174385	36.0	36.0	36.0	32.0	36.0
69	34.64615416921642	36.0	36.0	36.0	32.0	36.0
70	34.626619111682594	36.0	36.0	36.0	32.0	36.0
71	34.59653044764571	36.0	36.0	36.0	32.0	36.0
72	34.582296059955944	36.0	36.0	36.0	32.0	36.0
73	34.547254829168686	36.0	36.0	36.0	32.0	36.0
74	34.510916808627975	36.0	36.0	36.0	32.0	36.0
75	33.8706708230824	36.0	36.0	36.0	32.0	36.0
>>END_MODULE
>>Per sequence quality scores	pass
#Quality	Count
2	6653.0
3	0.0
4	0.0
5	0.0
6	0.0
7	0.0
8	0.0
9	0.0
10	0.0
11	0.0
12	0.0
13	0.0
14	0.0
15	0.0
16	1.0
17	12.0
18	77.0
19	578.0
20	2411.0
21	6357.0
22	12782.0
23	21895.0
24	36697.0
25	58730.0
26	89214.0
27	127971.0
28	177074.0
29	235469.0
30	306036.0
31	396769.0
32	535631.0
33	822389.0
34	1850822.0
35	1.4056124E7
>>END_MODULE
>>Per base sequence content	fail
#Base	G	A	T	C
1	44.23740792853522	18.224847321036748	10.792647498217042	26.745097252210993
2	16.422522751197146	20.147156679423574	35.58812076787385	27.842199801505423
3	18.697767560818974	21.512235737994676	28.470015993455526	31.31998070773082
4	13.029988356217864	14.980045673171732	35.589876287283175	36.40008968332723
5	14.643194156771516	35.21630071859273	34.46013001307197	15.680375111563785
6	34.682286754954376	35.16836106113115	16.116095699106044	14.033256484808435
7	30.748300198339766	29.628768985323667	20.46105577300661	19.16187504332995
8	26.645287977465383	34.12902113295489	19.955335525533144	19.270355364046583
9	24.365263903223983	15.085115636467428	20.413166669504186	40.1364537908044
10	14.273680057759414	26.57861714704869	35.110411296730454	24.037291498461443
11	34.22674201617449	22.938613726533845	23.739743510167216	19.094900747124452
12	21.977355201345272	24.282690020365035	31.388868815731513	22.351085962558184
13	27.791207826437574	20.536659941116522	26.237256167674612	25.434876064771288
14	20.263483945273002	20.633222865660763	27.38412035434692	31.719172834719316
15	22.57607070489164	29.670972005459696	23.34453530531876	24.408421984329905
16	22.685880233578008	28.55498291672355	25.669585555625176	23.089551294073267
17	21.557098978836084	28.29329245639048	27.56839955848888	22.58120900628456
18	21.996917758943045	27.85401901775608	28.128433043980962	22.02063017931991
19	22.543480227454125	27.23816263733214	27.698792200337675	22.519564934876062
20	22.5150314580138	27.214029239840364	27.831031777808214	22.439907524337624
21	22.197779019655428	26.889504063674273	27.649076331408978	23.26364058526132
22	22.270067038901605	26.902699632854887	27.84108627688722	22.986147051356284
23	22.144806337863738	27.025721620155675	27.81629477314959	23.013177268831004
24	22.37793297024111	26.662957788220442	28.087789408999438	22.871319832539015
25	22.489117264342067	26.72163055490784	27.68528563621927	23.10396654453082
26	22.00355101722548	27.1379502463707	27.837730243844096	23.020768492559725
27	22.03695551884153	27.10670730210345	27.8783938442266	22.977943334828414
28	22.1705395244549	26.93671798371798	27.783038912029696	23.10970357979743
29	21.99880823497358	27.061536010597266	27.923257377214977	23.016398377214177
30	22.03792363343601	27.143457563471795	27.89012462863985	22.928494174452343
31	22.588383640937355	27.042418415583068	27.598866545154678	22.770331398324902
32	21.94107680620411	27.302836387592848	27.962440309287473	22.793646496915567
33	21.997750018025794	27.14722961296073	28.142792465767936	22.712227903245545
34	22.09429020189108	26.857336091487248	28.24406470578283	22.804309000838835
35	21.93702313400821	27.187708715182822	28.10718965997031	22.768078490838654
36	22.081418556250252	27.443934857298046	28.037236418355555	22.437410168096147
37	22.207448150187183	27.11612646608035	27.697543261271296	22.978882122461172
38	22.137042352571935	27.574495795786447	27.63167611155485	22.656785740086764
39	22.252067254509118	27.29541839231626	27.91768838368107	22.53482596949355
40	22.370115970874014	27.006317063133288	27.863435482008835	22.760131483983866
41	22.310259874816005	27.2057598682159	27.93622340363846	22.547756853329638
42	22.085037494622412	27.451061213799623	27.992848309824314	22.471052981753655
43	22.196188430385376	27.222509069932045	27.85531044962496	22.725992050057616
44	22.06396839437133	27.54439913096721	27.870246296409356	22.521386178252104
45	22.119754730450083	27.455085899699117	27.79027733892796	22.634882030922842
46	22.2831686645517	27.32705385284665	27.673440587405736	22.716336895195916
47	22.261802070610266	27.448972968238667	27.780534972777737	22.508689988373327
48	22.03160367744081	27.44309514358969	27.750158232940343	22.77514294602916
49	22.37816132977208	27.190580199582616	27.766958480827924	22.664299989817376
50	22.191920183832803	27.538670598655635	27.702381110981705	22.567028106529854
51	22.201805209440327	27.496313136941847	27.768192910502787	22.53368874311504
52	22.286750245986376	27.467387132648735	27.615783353140124	22.63007926822477
53	22.10334945905201	27.289799547273613	27.931241809580815	22.675609184093563
54	22.263022206622793	27.650885682094433	27.771057829666006	22.315034281616768
55	22.29045854122991	27.23642152701624	27.711775039764756	22.761344891989093
56	22.392260821551336	27.57179263510629	27.480700335443466	22.555246207898907
57	22.211032841310537	27.466596210870865	27.63124176069423	22.691129187124364
58	22.273662977427065	27.342942643936823	27.547184741754037	22.836209636882067
59	22.165464695827534	27.473429262686693	27.627053360829244	22.73405268065652
60	22.18420316330844	27.425943087662525	27.86445564983971	22.525398099189324
61	22.456603370555666	27.367747938560278	27.59033877331991	22.585309917564143
62	22.34087051610838	27.529798328904626	27.63128550936252	22.498045645624476
63	22.34912596290699	27.653967626674326	27.564825407171945	22.432081003246743
64	22.380106717239347	27.3495225461833	27.472798360438215	22.79757237613914
65	22.269354165010018	27.55340451021908	27.616260653157738	22.560980671613162
66	22.307895321968335	27.776561351766244	27.416647545106144	22.498895781159277
67	22.438023034814517	27.421741375530413	27.456955031153786	22.683280558501288
68	22.404211666338146	27.70685069101321	27.600792971732137	22.288144670916513
69	22.63704114161509	27.56683361671414	27.54627407843519	22.249851163235586
70	22.77649047302665	27.303166328955765	27.430389133311518	22.48995406470607
71	22.51141542924699	27.75572821228461	27.341642307968133	22.39121405050027
72	22.45915942196526	27.867557970174772	27.600642013569605	22.07264059429036
73	23.26686617541546	28.443428907404865	27.556532519229908	20.73317239794977
74	24.360295499553715	30.874011522215234	27.839269766672146	16.9264232115589
75	29.57509262045295	41.20692177624166	29.217985603305397	0.0
>>END_MODULE
>>Per base GC content	fail
#Base	%GC
1	70.98250518074622
2	44.26472255270257
3	50.0177482685498
4	49.430078039545094
5	30.323569268335298
6	48.7155432397628
7	49.91017524166973
8	45.91564334151197
9	64.5017176940284
10	38.310971556220856
11	53.32164276329894
12	44.328441163903456
13	53.226083891208866
14	51.98265677999232
15	46.98449268922155
16	45.77543152765128
17	44.13830798512064
18	44.01754793826296
19	45.063045162330184
20	44.95493898235143
21	45.46141960491675
22	45.25621409025789
23	45.15798360669474
24	45.24925280278012
25	45.59308380887288
26	45.0243195097852
27	45.01489885366994
28	45.28024310425233
29	45.01520661218776
30	44.966417807888355
31	45.35871503926225
32	44.73472330311968
33	44.70997792127134
34	44.89859920272992
35	44.70510162484687
36	44.5188287243464
37	45.186330272648355
38	44.7938280926587
39	44.786893224002675
40	45.13024745485787
41	44.85801672814564
42	44.55609047637606
43	44.92218048044299
44	44.58535457262343
45	44.75463676137292
46	44.99950555974762
47	44.77049205898359
48	44.80674662346997
49	45.042461319589464
50	44.75894829036266
51	44.735493952555366
52	44.916829514211145
53	44.77895864314557
54	44.57805648823956
55	45.051803433219
56	44.94750702945024
57	44.90216202843491
58	45.10987261430914
59	44.899517376484056
60	44.70960126249776
61	45.04191328811981
62	44.83891616173286
63	44.78120696615374
64	45.17767909337849
65	44.83033483662318
66	44.806791103127615
67	45.1213035933158
68	44.69235633725466
69	44.886892304850676
70	45.26644453773272
71	44.90262947974726
72	44.531800016255616
73	44.00003857336523
74	41.28671871111262
75	29.57509262045295
>>END_MODULE
>>Per sequence GC content	warn
#GC Content	Count
0	6658.0
1	3333.0
2	13.0
3	30.0
4	42.0
5	59.0
6	123.5
7	240.5
8	311.5
9	432.5
10	768.5
11	1409.5
12	1841.0
13	2521.0
14	4313.0
15	7299.5
16	9728.5
17	14299.0
18	24224.0
19	37256.5
20	46614.0
21	61244.5
22	89687.0
23	122215.0
24	143526.0
25	170558.5
26	216742.0
27	263544.5
28	294127.5
29	331164.5
30	390339.5
31	448079.0
32	486699.5
33	531525.0
34	607294.5
35	680191.0
36	721968.0
37	761130.5
38	803343.5
39	824995.0
40	837712.5
41	839026.0
42	832240.5
43	823546.0
44	820593.0
45	811249.0
46	787178.5
47	760394.0
48	747118.5
49	729284.5
50	695954.0
51	665309.5
52	648321.0
53	634436.0
54	609538.0
55	584156.5
56	569547.5
57	553056.0
58	520754.0
59	482529.0
60	451349.0
61	417839.5
62	372303.5
63	325377.0
64	289916.0
65	261074.5
66	222631.0
67	183439.5
68	155142.0
69	134044.0
70	109352.5
71	85360.0
72	69243.5
73	58583.5
74	46659.0
75	35988.0
76	29234.0
77	24490.0
78	19319.5
79	14774.0
80	11641.0
81	9586.0
82	7398.0
83	5073.0
84	3566.5
85	2881.0
86	2125.5
87	1366.0
88	1018.5
89	838.0
90	543.0
91	350.0
92	281.5
93	351.0
94	370.0
95	227.5
96	139.0
97	99.0
98	45.5
99	61.0
100	91.0
>>END_MODULE
>>Per base N content	pass
#Base	N-Count
1	0.04254231236834237
2	0.03551061338395872
3	0.03549460799932052
4	0.03549460799932052
5	0.03549460799932052
6	0.08042172267875507
7	0.03549460799932052
8	0.03549460799932052
9	0.03549460799932052
10	0.03553195389680966
11	0.03549460799932052
12	0.03560664569178793
13	0.03567600235855348
14	0.03567600235855348
15	0.03793276159254004
16	0.03549994312753325
17	0.03804479928500746
18	0.0356173159482134
19	0.03588940748706285
20	0.03549994312753325
21	0.0364442608211872
22	0.03712715723241718
23	0.03549460799932052
24	0.03559064030714973
25	0.036839060308929535
26	0.03782072390007262
27	0.035638656461064344
28	0.035798710307446364
29	0.03615616389769955
30	0.036422920308336264
31	0.03731922184807561
32	0.03569200774319168
33	0.03549460799932052
34	0.03737257313020295
35	0.03752729184837224
36	0.0018147530025088426
37	0.0
38	6.247133393384126E-4
39	0.001847922395804682
40	0.002847488413713889
41	2.565217309979524E-4
42	6.415373287315861E-4
43	8.557289179147384E-5
44	0.00103804282483129
45	0.0016970752754602112
46	0.003321156829632261
47	3.9128848188216405E-4
48	5.363799715718615E-4
49	0.0
50	7.090938275101331E-4
51	4.3009575705697085E-5
52	6.994740815797698E-5
53	5.815887421220978E-4
54	1.077969304177282E-4
55	5.502995355903527E-4
56	7.182776328831172E-4
57	7.082292727377414E-4
58	0.001418064682693143
59	1.0837677706756068E-5
60	5.425523834326204E-6
61	4.345989906221143E-5
62	0.0
63	9.041042739405449E-4
64	0.0015106567288359174
65	0.0
66	7.876471115585627E-4
67	2.191266204550537E-5
68	1.3170082839821063E-4
69	0.0011763875491141802
70	0.0
71	0.0
72	6.11949754252105E-5
73	1.1412225209308769E-4
74	4.317589285125023E-4
75	0.0
>>END_MODULE
>>Sequence Length Distribution	warn
#Length	Count
35	8360.0
36	2815.0
37	3927.0
38	4860.0
39	5480.0
40	6385.0
41	6796.0
42	7559.0
43	8493.0
44	9822.0
45	11001.0
46	11882.0
47	12812.0
48	13721.0
49	14471.0
50	14799.0
51	15117.0
52	15569.0
53	16419.0
54	18044.0
55	18843.0
56	19682.0
57	20950.0
58	21747.0
59	22738.0
60	23626.0
61	23186.0
62	23874.0
63	24318.0
64	26332.0
65	27765.0
66	28013.0
67	31166.0
68	31836.0
69	39664.0
70	51994.0
71	124294.0
72	450266.0
73	1312315.0
74	4025648.0
75	1.2187103E7
>>END_MODULE
>>Sequence Duplication Levels	warn
#Total Duplicate Percentage	41.01766742856022
#Duplication Level	Relative count
1	100.0
2	28.336327046535608
3	13.047600039916176
4	6.955393673286099
5	4.237767355220703
6	2.7666899511026846
7	1.910155340451718
8	1.354655224029538
9	1.0078834447659915
10++	6.700928051092705
>>END_MODULE
>>Overrepresented sequences	pass
>>END_MODULE
>>Kmer Content	warn
#Sequence	Count	Obs/Exp Overall	Obs/Exp Max	Max Obs/Exp Position
AAAAA	6514430	3.4807265	7.5639234	71
TTTTT	6449940	3.1992326	5.587009	71
CCTGG	2960370	3.037907	12.405459	3
CCAGG	2821505	2.9387996	13.7916765	3
CCCAG	2648490	2.744175	12.332262	2
CTGGG	2597305	2.6793356	10.759326	4
CCAGC	2527540	2.6188552	7.0426006	3
CAGCA	2960565	2.6028671	6.9098706	4
GGAGG	2415375	2.5422904	5.761078	6
TGCTG	2944325	2.5259078	6.441643	2
GCTGG	2422195	2.4986954	6.1923456	3
TCCAG	2863810	2.4806237	9.641408	2
AGGAG	2660375	2.3635874	7.504843	5
AGCAG	2668745	2.3586318	5.660642	7
CAGGA	2663490	2.3539875	10.385228	4
CAGCC	2263240	2.3450065	5.5943284	5
CTGCT	2732170	2.3316522	6.758069	9
CTCCA	2700075	2.3265736	7.110459	1
GCTGC	2261520	2.320753	5.934608	8
CTGGA	2660185	2.3163502	8.615164	4
CTCCT	2714540	2.3044991	6.4472733	1
GGCTG	2199150	2.2686057	8.791298	7
GGCAG	2145705	2.2466471	6.3860164	7
TCCTG	2625390	2.2405252	8.796105	2
CCTGC	2184840	2.2303467	6.34434	3
GCAGG	2111825	2.2111733	6.6326175	3
CAGAG	2460940	2.1749744	8.236284	4
CTGCC	2126880	2.1711795	5.8596635	9
CTGCA	2503865	2.1688404	6.358166	4
CCCTG	2106850	2.1507325	9.207408	2
TGCAG	2464375	2.1458492	6.4144335	2
GCCTG	2066925	2.1210613	7.677857	7
CTCTG	2468255	2.106425	7.534227	2
TGGAG	2391730	2.0935354	6.328019	5
CAGGG	1991775	2.0854757	9.686861	4
AGCTG	2382630	2.0746698	6.1772633	7
GGAGA	2297770	2.041434	5.54956	6
CAGAA	2733815	2.0394378	5.530753	4
GCCAG	1956795	2.0381422	5.822068	2
CTGGC	1971215	2.0228443	5.740767	4
CAGGC	1921580	2.0014632	6.426223	4
CACAG	2265120	1.9914463	6.64068	7
GGGAG	1864850	1.962838	5.307348	7
CCCCA	1887275	1.9452387	7.2830715	1
CTGTG	2258840	1.9378369	9.108529	9
TTCTG	2714480	1.9366267	5.045599	2
CTCAG	2224490	1.9268465	6.3866706	2
CTGAG	2184330	1.9020005	6.0675573	4
CCAGA	2154735	1.8943981	7.2517943	3
GGCCA	1784010	1.8581742	6.794138	1
CCTCT	2163560	1.8367467	5.6261764	1
TCTGG	2118405	1.817359	6.3356314	3
TGGGG	1741720	1.8061686	5.877479	5
ACCTG	2079745	1.801469	5.5733676	7
CAGTG	2068440	1.8010898	6.516378	9
AGAGG	2023310	1.7975924	5.326258	5
CACTG	2047125	1.7732136	7.289416	7
TGGCC	1693255	1.7376043	5.850331	5
CCTGA	1986560	1.7207524	5.6098256	3
GCCCA	1628715	1.6875572	8.271625	1
GAGAG	1898090	1.6863418	5.3754754	7
ACAGA	2235680	1.6678269	5.550467	8
TCAGG	1900945	1.6552438	5.8880243	3
GGGCC	1301095	1.6054983	5.5735135	6
GGCCT	1546955	1.5874722	5.4436884	6
CCAAG	1796780	1.5796915	5.051912	3
AGGTG	1803130	1.5783205	5.183392	7
CCTGT	1840765	1.5709212	5.7144322	8
TGGGC	1522430	1.570513	6.474735	5
AGGCC	1488985	1.5508846	5.2726016	5
AGCCT	1767390	1.5309079	5.396664	6
CCATG	1710335	1.4814872	5.031467	9
ACAGC	1670615	1.4687699	5.427415	8
ACACA	1964620	1.4579552	5.986594	6
GTGTG	1684145	1.4524024	6.3336573	1
GCTGT	1690735	1.4504652	5.5082173	8
AGGCT	1665325	1.4500782	5.2335963	6
CTGTC	1682630	1.4359677	5.9945316	9
TGTGT	2000340	1.4346266	5.9499183	10
GACAG	1618875	1.4307587	6.9291453	7
GCCCT	1401510	1.4307013	6.2051687	1
CACAC	1629720	1.4253275	6.40075	5
GGGCT	1381555	1.4251885	6.2624006	6
AGACA	1837805	1.3710104	5.4944544	6
AGAGC	1541865	1.3626975	5.088663	5
AGGGC	1293455	1.3543042	5.9776397	5
GGACA	1462105	1.2922057	6.088885	6
GTCCT	1510790	1.2893182	8.561993	1
AGGAC	1399490	1.2368667	8.958373	5
ACTGC	1407360	1.219051	5.174819	8
GTCCA	1379450	1.1948755	6.8625937	1
GTGCT	1388185	1.1909105	5.6055975	1
GTCTT	1612410	1.1503627	5.104388	1
TGTGC	1340725	1.150195	5.997219	10
AGCAC	1295175	1.1386908	5.528327	5
TGGAC	1261250	1.0982307	5.903875	5
GTCCC	1072345	1.0946802	5.006715	1
ACAGT	1453445	1.0682657	5.4325037	8
GTGCA	1211700	1.0550852	5.6472573	1
ACTGT	1448020	1.048563	6.3627443	8
GACTG	1194115	1.039773	6.269884	7
TGCAC	1186030	1.0273356	5.211095	5
GGACC	976725	1.0173291	5.713049	6
AGACT	1355100	0.9959832	5.495654	6
GGACT	1082475	0.9425628	5.4170923	6
TGTAG	1247850	0.9083603	5.336948	2
TAGGA	1082980	0.8001599	5.499956	4
GTGTA	874600	0.6366566	5.584848	1
>>END_MODULE
