##FastQC	0.10.1
>>Basic Statistics	pass
#Measure	Value	
Filename	KS27_S1_L003_R2_001.fastq.gz	
File type	Conventional base calls	
Encoding	Sanger / Illumina 1.9	
Total Sequences	19938679	
Filtered Sequences	0	
Sequence length	35-75	
%GC	45	
>>END_MODULE
>>Per base sequence quality	pass
#Base	Mean	Median	Lower Quartile	Upper Quartile	10th Percentile	90th Percentile
1	31.50562251390877	32.0	32.0	32.0	32.0	32.0
2	31.26565541277835	32.0	32.0	32.0	32.0	32.0
3	31.301202702546142	32.0	32.0	32.0	32.0	32.0
4	31.32945472465854	32.0	32.0	32.0	32.0	32.0
5	31.296608867618563	32.0	32.0	32.0	32.0	32.0
6	35.034391796969096	36.0	36.0	36.0	36.0	36.0
7	35.02066922287078	36.0	36.0	36.0	36.0	36.0
8	34.96992759650727	36.0	36.0	36.0	36.0	36.0
9	35.05600561601899	36.0	36.0	36.0	36.0	36.0
10	34.905986901138235	36.0	36.0	36.0	36.0	36.0
11	35.03793566263843	36.0	36.0	36.0	36.0	36.0
12	34.94692070623134	36.0	36.0	36.0	36.0	36.0
13	34.98816476257028	36.0	36.0	36.0	36.0	36.0
14	34.92836932677436	36.0	36.0	36.0	36.0	36.0
15	34.89531322511386	36.0	36.0	36.0	36.0	36.0
16	34.9058329792059	36.0	36.0	36.0	36.0	36.0
17	34.895316083878974	36.0	36.0	36.0	36.0	36.0
18	34.88448999053548	36.0	36.0	36.0	36.0	36.0
19	34.881929540066324	36.0	36.0	36.0	36.0	36.0
20	34.859603687887244	36.0	36.0	36.0	36.0	36.0
21	34.848096957677086	36.0	36.0	36.0	36.0	36.0
22	34.845527529682386	36.0	36.0	36.0	36.0	36.0
23	34.82904078048501	36.0	36.0	36.0	36.0	36.0
24	34.81420494306569	36.0	36.0	36.0	36.0	36.0
25	34.793502418088984	36.0	36.0	36.0	36.0	36.0
26	34.776512175154636	36.0	36.0	36.0	36.0	36.0
27	34.77076104189249	36.0	36.0	36.0	36.0	36.0
28	34.764846658096054	36.0	36.0	36.0	36.0	36.0
29	34.74836577689023	36.0	36.0	36.0	32.0	36.0
30	34.72456640683166	36.0	36.0	36.0	32.0	36.0
31	34.715370010219836	36.0	36.0	36.0	32.0	36.0
32	34.69382154153743	36.0	36.0	36.0	32.0	36.0
33	34.67969121725667	36.0	36.0	36.0	32.0	36.0
34	34.66189520378958	36.0	36.0	36.0	32.0	36.0
35	34.65140584288458	36.0	36.0	36.0	32.0	36.0
36	34.65045363904873	36.0	36.0	36.0	32.0	36.0
37	34.64141706691205	36.0	36.0	36.0	32.0	36.0
38	34.62407550933473	36.0	36.0	36.0	32.0	36.0
39	34.61378603629984	36.0	36.0	36.0	32.0	36.0
40	34.600336009757505	36.0	36.0	36.0	32.0	36.0
41	34.58423086448865	36.0	36.0	36.0	32.0	36.0
42	34.57305665018177	36.0	36.0	36.0	32.0	36.0
43	34.559537327417196	36.0	36.0	36.0	32.0	36.0
44	34.52384810141368	36.0	36.0	36.0	32.0	36.0
45	34.50720739584069	36.0	36.0	36.0	32.0	36.0
46	34.48523663274507	36.0	36.0	36.0	32.0	36.0
47	34.469811957452656	36.0	36.0	36.0	32.0	36.0
48	34.44828797417507	36.0	36.0	36.0	32.0	36.0
49	34.4353750968112	36.0	36.0	36.0	32.0	36.0
50	34.40657412730009	36.0	36.0	36.0	32.0	36.0
51	34.38215521836285	36.0	36.0	36.0	32.0	36.0
52	34.35835184952582	36.0	36.0	36.0	32.0	36.0
53	34.32301568678185	36.0	36.0	36.0	32.0	36.0
54	34.28304040725034	36.0	36.0	36.0	32.0	36.0
55	34.26637881285355	36.0	36.0	36.0	32.0	36.0
56	34.25189418884793	36.0	36.0	36.0	32.0	36.0
57	34.218249686445766	36.0	36.0	36.0	32.0	36.0
58	34.19482965585258	36.0	36.0	36.0	32.0	36.0
59	34.15728071410919	36.0	36.0	36.0	32.0	36.0
60	34.135349580215475	36.0	36.0	36.0	32.0	36.0
61	34.10700930114955	36.0	36.0	36.0	32.0	36.0
62	34.0789148231935	36.0	36.0	36.0	32.0	36.0
63	34.04728468327055	36.0	36.0	36.0	32.0	36.0
64	34.01472486814967	36.0	36.0	36.0	32.0	36.0
65	33.973580459957255	36.0	36.0	36.0	32.0	36.0
66	33.94254869207452	36.0	36.0	36.0	32.0	36.0
67	33.911052875545444	36.0	36.0	36.0	32.0	36.0
68	33.88155238739528	36.0	36.0	36.0	32.0	36.0
69	33.846176736842125	36.0	36.0	36.0	32.0	36.0
70	33.83683986411141	36.0	36.0	36.0	32.0	36.0
71	33.7876188862096	36.0	36.0	36.0	27.0	36.0
72	33.7701115118087	36.0	36.0	36.0	27.0	36.0
73	33.74358530238444	36.0	36.0	36.0	27.0	36.0
74	33.70623766758471	36.0	36.0	36.0	27.0	36.0
75	32.68704728062722	36.0	32.0	36.0	14.0	36.0
>>END_MODULE
>>Per sequence quality scores	pass
#Quality	Count
2	8908.0
3	0.0
4	0.0
5	0.0
6	0.0
7	0.0
8	0.0
9	0.0
10	0.0
11	0.0
12	1.0
13	0.0
14	1553.0
15	4377.0
16	6892.0
17	9091.0
18	12050.0
19	15268.0
20	20313.0
21	28243.0
22	39182.0
23	57696.0
24	84080.0
25	119578.0
26	165531.0
27	219615.0
28	284544.0
29	362053.0
30	461385.0
31	600321.0
32	825800.0
33	1296936.0
34	2826549.0
35	1.2488713E7
>>END_MODULE
>>Per base sequence content	fail
#Base	G	A	T	C
1	44.77342385248075	18.045896251908502	11.35772797448682	25.822951921123927
2	17.004275133188578	19.726709658057096	36.232653365415864	27.03636184333846
3	19.854807608690688	21.31429362549783	29.06003050834649	29.770868257464993
4	13.709204644441034	14.71842019872372	36.28479343715314	35.28758171968211
5	15.16278642604583	34.56989639894299	35.21214416071902	15.055173014292164
6	34.3652927345474	35.152852582532766	16.53227902533209	13.949575657587737
7	30.225254469808004	29.99823731040362	20.885553577108336	18.89095464268004
8	26.572887441045324	34.3120192982178	20.26330932161803	18.851783939118853
9	24.881675760348678	15.736543084213059	20.447219388521827	38.93456176691644
10	14.479448860701913	27.341337740408555	34.98015606902859	23.19905732986094
11	33.96947210281543	22.94006288381337	23.897364400223164	19.19310061314804
12	21.940242062992095	24.392558248662265	31.324835593946364	22.34236409439928
13	27.72260112960037	20.86815812879845	26.37502266737302	25.03421807422816
14	20.42393261819215	20.848051891815516	27.53953871321452	31.18847677677782
15	22.693858348899244	29.571082377213465	23.544209313794926	24.19084996009237
16	22.630726665148334	28.80392353730507	25.67724937732601	22.888100420220585
17	21.498199853876894	28.287826287617655	27.763495124956528	22.45047873354892
18	21.944918484010678	28.04475776465269	28.203214176419788	21.80710957491684
19	22.357432004612594	27.503667754135257	27.93462102499823	22.204279216253912
20	22.353286986574012	27.4192166892891	28.023807921720213	22.20368840241668
21	22.24289333025851	27.1049456717319	27.789736546485557	22.862424451524035
22	22.17879472875027	27.029477659326844	28.067542773070496	22.724184838852388
23	22.18051075448885	27.123241907797137	27.85811236867699	22.838134969037025
24	22.247490952103767	26.903108921823538	28.13960581885261	22.709794307220086
25	22.41990136263984	26.936762093252355	27.72293770962045	22.92039883448736
26	21.963679361895327	27.269094060338173	27.919834101455553	22.847392476310944
27	21.968672703182982	27.307314143296303	27.993430766262577	22.730582387258135
28	22.138658793420156	27.163538406939047	27.96273474492005	22.73506805472075
29	21.85965909994651	27.346977544297925	28.141211456970577	22.65215189878499
30	22.041668215856568	27.394664996401612	27.968128685472603	22.595538102269213
31	22.386669671216993	27.41605510670444	27.726269408715233	22.471005813363334
32	21.843662930196235	27.54481724852734	28.071321040266845	22.540198781009575
33	21.9779544882879	27.332566942189153	28.20489507882454	22.484583490698412
34	22.011528387119142	27.082813486825053	28.32559808419178	22.580060041864026
35	21.909925608277184	27.340218811345096	28.175286108405363	22.574569471972357
36	22.045760756237712	27.7020870728428	28.011960341360425	22.240191829559063
37	22.14393052390073	27.449134796366014	27.82496874617578	22.581965933557477
38	22.01122774770425	27.802267400910164	27.859391258608746	22.327113592776836
39	22.064780408676114	27.623386154162432	28.067234412183083	22.244599024978367
40	22.115890705982768	27.39210110762326	28.01719522598028	22.474812960413686
41	22.105544447429253	27.548505671042534	28.061742661263988	22.284207220264225
42	22.001070193208093	27.646027561498393	28.087255950183714	22.2656462951098
43	22.129508030097643	27.42455713450451	27.961696650595403	22.48423818480244
44	22.020455010370895	27.753802984850388	27.985992028026818	22.239749976751895
45	22.070764255613113	27.71022478058851	27.89120821443013	22.327802749368246
46	22.2207830813229	27.726545706229857	27.757955838664657	22.29471537378259
47	22.01144161041913	27.817275316033847	27.958637965798683	22.21264510774834
48	21.936091594298563	27.739399491616336	27.908175637072762	22.41633327701234
49	22.146685007455957	27.59415818435485	27.965076018622863	22.29408078956633
50	22.070839104725117	27.776767826367397	27.905432938349602	22.246960130557884
51	22.12377858209772	27.762724762105034	27.893878703157444	22.2196179526398
52	22.116691508334707	27.738841402572888	27.833778004004696	22.31068908508771
53	22.015748703959126	27.64801323601538	28.01342467241506	22.322813387610434
54	22.170279212993186	27.928005263227362	27.851478302893458	22.050237220885997
55	22.176914534798275	27.69681783413026	27.783447379221226	22.342820251850235
56	22.256241387420296	27.897256931996317	27.688914346030007	22.157587334553384
57	22.08414936885274	27.812502260045324	27.812756913039365	22.290591458062572
58	22.043856465410823	27.63672499422034	27.878761889601027	22.440656650767803
59	21.959971590086795	27.782686727717792	27.919110669455925	22.338231012739488
60	22.096589412071673	27.78877707299035	27.931871551788245	22.182761963149737
61	22.28331479933309	27.800191827030417	27.768720444725943	22.14777292891055
62	22.179174289204436	27.929260185252648	27.75491144534998	22.13665408019294
63	22.181560317597203	27.97207694067299	27.74792973044211	22.098433011287696
64	22.254397480826732	27.695968103293417	27.659712506162244	22.389921909717607
65	22.078630366104964	27.802413929636067	27.866113836048694	22.25284186821028
66	22.155065852608917	27.904627330662933	27.667225018906404	22.273081797821742
67	22.196229422835337	27.774154608564604	27.73163453936024	22.297981429239815
68	22.21578722897816	28.000904148992756	27.796623115135382	21.986685506893696
69	22.412629748784955	27.950394828471463	27.694074283316272	21.94290113942731
70	22.48765332849252	27.761971940561708	27.63535178029615	22.11502295064962
71	22.3213267464115	28.04063170505897	27.577736756137742	22.060304792391783
72	22.323211206782588	28.182329688546854	27.791239078192625	21.703220026477936
73	23.011761222735196	28.762792064746677	27.81143634285562	20.414010369662506
74	24.160509390305084	31.13705013840113	27.99096482212935	16.711475649164438
75	29.353980912068277	41.25558078774652	29.390438300185213	0.0
>>END_MODULE
>>Per base GC content	fail
#Base	%GC
1	70.59637577360468
2	44.04063697652704
3	49.62567586615568
4	48.99678636412314
5	30.217959440337992
6	48.31486839213514
7	49.11620911248804
8	45.42467138016417
9	63.816237527265116
10	37.67850619056285
11	53.16257271596348
12	44.28260615739138
13	52.75681920382853
14	51.61240939496997
15	46.884708308991605
16	45.51882708536892
17	43.94867858742582
18	43.75202805892752
19	44.56171122086651
20	44.556975388990686
21	45.105317781782546
22	44.90297956760266
23	45.01864572352587
24	44.957285259323854
25	45.340300197127206
26	44.81107183820627
27	44.69925509044112
28	44.873726848140905
29	44.51181099873149
30	44.637206318125784
31	44.85767548458033
32	44.38386171120581
33	44.46253797898631
34	44.59158842898317
35	44.484495080249545
36	44.28595258579678
37	44.725896457458205
38	44.33834134048109
39	44.309379433654485
40	44.59070366639646
41	44.389751667693474
42	44.2667164883179
43	44.61374621490008
44	44.26020498712279
45	44.398567004981366
46	44.51549845510549
47	44.22408671816747
48	44.3524248713109
49	44.44076579702229
50	44.317799235283
51	44.343396534737515
52	44.42738059342241
53	44.338562091569564
54	44.22051643387918
55	44.51973478664851
56	44.41382872197368
57	44.374740826915314
58	44.484513116178626
59	44.29820260282628
60	44.2793513752214
61	44.43108772824364
62	44.31582836939737
63	44.2799933288849
64	44.64431939054433
65	44.33147223431524
66	44.42814765043066
67	44.49421085207515
68	44.20247273587186
69	44.355530888212265
70	44.60267627914214
71	44.38163153880328
72	44.026431233260524
73	43.4257715923977
74	40.87198503946952
75	29.353980912068277
>>END_MODULE
>>Per sequence GC content	warn
#GC Content	Count
0	9003.0
1	4591.0
2	232.0
3	376.0
4	467.0
5	592.0
6	903.5
7	1310.5
8	1535.0
9	1831.0
10	2817.5
11	4594.0
12	5712.0
13	6809.0
14	9668.5
15	14185.5
16	17741.0
17	24241.0
18	37669.0
19	54141.5
20	65536.0
21	83734.0
22	117382.5
23	155035.5
24	180181.5
25	211146.0
26	263821.5
27	316615.5
28	350632.5
29	391127.0
30	454720.0
31	514664.5
32	553998.0
33	598632.5
34	670219.5
35	735455.5
36	773058.5
37	807650.0
38	844532.0
39	867524.5
40	883155.0
41	884770.5
42	874877.5
43	862275.0
44	856943.5
45	842276.0
46	811582.5
47	779632.5
48	762532.5
49	742381.0
50	707887.5
51	675721.5
52	656489.5
53	642747.5
54	619678.0
55	595487.5
56	581138.0
57	566327.5
58	536418.0
59	498922.0
60	466946.5
61	429961.5
62	383074.5
63	337818.0
64	303128.0
65	274519.5
66	234122.0
67	192507.5
68	163936.5
69	142747.5
70	116935.5
71	91401.0
72	73777.5
73	62057.5
74	49119.0
75	37507.0
76	30181.5
77	25462.0
78	20412.0
79	15588.0
80	12447.5
81	10498.5
82	8253.0
83	6006.5
84	4691.5
85	4025.5
86	3182.0
87	2281.0
88	1850.5
89	1722.5
90	1505.5
91	1288.0
92	1190.5
93	1159.0
94	1065.0
95	1031.0
96	1060.5
97	1118.5
98	1404.5
99	8573.5
100	15513.0
>>END_MODULE
>>Per base N content	pass
#Base	N-Count
1	0.09339134252575108
2	0.06511966013395372
3	0.05196934059673663
4	0.058765176970851485
5	0.06381566201050731
6	0.04523368875139622
7	0.04467698186023256
8	0.04495282761711546
9	0.04467698186023256
10	0.04467698186023256
11	0.04467698186023256
12	0.04467698186023256
13	0.045905749322710895
14	0.04467698186023256
15	0.04467698186023256
16	0.04467698186023256
17	0.04467698186023256
18	0.04467698186023256
19	0.04467698186023256
20	0.04687371716049995
21	0.04559479592404291
22	0.04467698186023256
23	0.04467698186023256
24	0.04467698186023256
25	0.04467698186023256
26	0.04467698186023256
27	0.04721476282355516
28	0.04467698186023256
29	0.04467698186023256
30	0.04467698186023256
31	0.04467698186023256
32	0.04467698186023256
33	0.04467698186023256
34	0.044727135634211275
35	0.04467698186023256
36	0.0
37	0.0
38	0.0
39	5.022725825269013E-6
40	0.0
41	1.1561642631938576E-4
42	5.029103168581422E-6
43	1.5598260461866504E-4
44	0.002109529171213818
45	0.0
46	0.0
47	0.0
48	0.001737066855562588
49	0.0018345169673867864
50	0.0038289012242115027
51	5.062294828354541E-6
52	0.0
53	0.0
54	0.0
55	0.0
56	0.0
57	0.0
58	0.0
59	0.0
60	0.0
61	0.0
62	0.0
63	0.0
64	0.0
65	0.0
66	0.0
67	0.0
68	7.751560221122039E-4
69	0.00442046305851632
70	0.0
71	0.0
72	7.591393307574252E-4
73	0.0
74	0.0
75	0.003558936681760956
>>END_MODULE
>>Sequence Length Distribution	warn
#Length	Count
35	11823.0
36	4494.0
37	5990.0
38	6864.0
39	7705.0
40	8436.0
41	9106.0
42	10250.0
43	11759.0
44	13474.0
45	14414.0
46	15126.0
47	15740.0
48	16273.0
49	16540.0
50	16798.0
51	17558.0
52	18008.0
53	19381.0
54	20896.0
55	21477.0
56	22005.0
57	22676.0
58	22949.0
59	23542.0
60	23832.0
61	23785.0
62	24785.0
63	25654.0
64	27750.0
65	29500.0
66	28653.0
67	30493.0
68	31700.0
69	38743.0
70	51083.0
71	128839.0
72	469692.0
73	1369466.0
74	4223818.0
75	1.3037602E7
>>END_MODULE
>>Sequence Duplication Levels	warn
#Total Duplicate Percentage	35.41066282420749
#Duplication Level	Relative count
1	100.0
2	23.724682746449282
3	10.529532657442566
4	5.61697316046421
5	3.2164658603855174
6	2.0956688491775473
7	1.4065353085438808
8	0.993971991534812
9	0.7655341548946053
10++	4.451863792984896
>>END_MODULE
>>Overrepresented sequences	pass
>>END_MODULE
>>Kmer Content	warn
#Sequence	Count	Obs/Exp Overall	Obs/Exp Max	Max Obs/Exp Position
AAAAA	8732675	4.2109227	9.09081	71
GGGGG	2780740	3.2980185	5.6518803	71
TTTTT	7220250	3.2603438	5.7928033	71
CCTGG	3106545	3.0875888	12.033961	3
CCAGG	2911785	2.9322762	12.288154	3
CCCAG	2797735	2.840631	11.442408	2
CTGGG	2808805	2.768858	11.022813	4
CCAGC	2626785	2.6670601	6.488032	3
GGAGG	2571210	2.5471685	5.8713694	6
GCTGG	2558850	2.5224578	7.014294	3
CAGCA	2872610	2.4162936	6.485361	4
TCCAG	2908590	2.4146364	8.538807	2
CAGCC	2369325	2.4056525	5.7829995	9
TGCTG	2933785	2.384136	7.3595676	2
CTCCA	2799075	2.342861	6.2660484	1
CAGGA	2773450	2.3138256	9.589913	4
GGCTG	2346060	2.312694	8.373315	7
CTCCT	2768895	2.2873607	5.991512	1
AGGAG	2753275	2.278228	6.980141	5
CTGGA	2746350	2.2613223	8.580371	4
CCTGC	2249685	2.2543752	6.2561665	3
CTGCC	2236905	2.2415688	5.7730737	9
GGCAG	2241825	2.2391572	6.341965	7
TCCTG	2731470	2.2380095	8.576729	2
GCTGC	2226460	2.2128742	5.5701513	8
CTGCT	2700260	2.212438	6.4505286	9
CTGCA	2663360	2.211053	6.7384343	4
GCAGG	2205750	2.2031252	6.7213306	3
GCCTG	2213845	2.2003362	7.3429937	7
CCCTG	2192450	2.197021	9.165948	2
AGCAG	2596475	2.1661794	5.4868855	7
CAGAG	2589840	2.160644	7.4545417	4
TGCAG	2610355	2.149345	6.9164925	2
CTCTG	2597905	2.1285741	7.433375	2
CAGGG	2089055	2.086569	9.246443	4
TGGAG	2524560	2.0617192	6.3609405	5
CCCCA	2000370	2.0477705	6.749927	1
AGCTG	2481415	2.043177	5.7279825	7
GCCAG	2027290	2.0415566	5.2783155	2
CTGGC	2053830	2.0412974	5.6165967	4
CAGGC	2010020	2.0241654	6.0620904	4
GGGAG	2012110	1.9932963	5.489247	7
CAGAA	2852215	1.9875588	5.3959317	4
GGAGA	2387545	1.9756006	5.416912	6
CACAG	2337400	1.9661021	6.852452	7
CTGTG	2387730	1.9403856	8.799358	9
CTCAG	2319545	1.9256265	5.988665	2
TTCTG	2855950	1.9132736	5.2160788	2
CTGAG	2312905	1.9044272	5.8438916	4
GGCCA	1856380	1.869444	6.3000836	1
CCAGA	2216095	1.8640665	6.5662622	3
TGGGG	1902155	1.859783	6.296828	5
CCTCT	2224905	1.8379751	5.5701118	1
TCTGG	2219550	1.8037144	6.3503156	3
CACTG	2155820	1.7897063	7.238551	7
ACCTG	2139040	1.775776	5.4601927	7
TGGCC	1782315	1.7714392	5.745041	5
CAGTG	2151390	1.771437	6.4501595	9
AGAGG	2111695	1.7473454	5.0353446	5
CCTGA	2074410	1.7221217	5.5345464	3
GCCCA	1693965	1.7199377	7.359783	1
GGGCC	1382410	1.6666905	5.572614	6
ACAGA	2376560	1.6560999	5.6822543	8
TCAGG	1990600	1.6390438	5.6644354	3
GAGAG	1959175	1.6211411	5.2076864	7
TGGGC	1643910	1.62053	6.522118	5
GGCCT	1629760	1.6198152	5.1121087	6
CCTGT	1950020	1.5977343	5.5207443	8
AGCCT	1902390	1.5793153	5.1504717	6
AGGTG	1923765	1.5710711	5.2074194	7
AGGCT	1783030	1.4681323	5.003587	6
GTGTG	1819100	1.4662116	7.3483543	1
GCCCT	1453375	1.4564052	6.2550764	1
CTGTC	1765880	1.4468607	5.748288	9
GGGCT	1464210	1.4433857	6.0083	6
GCTGT	1767540	1.4363889	5.1619186	8
TGTGT	2158100	1.4339545	5.6005416	10
ACAGC	1697875	1.4281662	5.37472	8
ACACA	2031425	1.427254	5.9384108	6
GACAG	1698100	1.4166858	6.8113465	7
CACAC	1649200	1.39865	6.144972	5
AGGGC	1363240	1.3616178	5.587938	5
AGACA	1906720	1.328693	5.1691008	6
ACTGC	1514565	1.2573528	5.1855717	8
GGACA	1493080	1.2456423	5.875793	6
GTCCT	1504860	1.2329957	7.679751	1
GTGCT	1491255	1.2118661	6.4700494	1
GTCCA	1402480	1.1643028	6.5128627	1
AGGAC	1384995	1.1554694	7.2716513	5
TGTGC	1413810	1.1489307	5.575721	10
AGCAC	1353150	1.138201	5.2433777	5
GTCTT	1688190	1.1309614	5.206461	1
TGCAC	1295815	1.0757521	5.5007405	5
TGGAC	1292265	1.0640404	5.878268	5
GTGCA	1289725	1.061949	6.0623884	1
ACAGT	1530745	1.0527781	5.4491467	8
ACTGT	1532940	1.0405319	6.182217	8
GACTG	1263250	1.0401498	5.922908	7
AGACT	1457645	1.0025032	5.06462	6
GGACC	993470	1.0004613	5.0226345	6
GGACT	1141245	0.9396918	5.1150146	6
GTGTA	940040	0.632869	5.6005864	1
>>END_MODULE
