##FastQC	0.10.1
>>Basic Statistics	pass
#Measure	Value	
Filename	004-F0_S5_L001_R2_001.fastq.gz	
File type	Conventional base calls	
Encoding	Sanger / Illumina 1.9	
Total Sequences	15736083	
Filtered Sequences	0	
Sequence length	35-75	
%GC	45	
>>END_MODULE
>>Per base sequence quality	pass
#Base	Mean	Median	Lower Quartile	Upper Quartile	10th Percentile	90th Percentile
1	31.27779143005283	32.0	32.0	32.0	32.0	32.0
2	31.044050542946426	32.0	32.0	32.0	32.0	32.0
3	31.09701937896489	32.0	32.0	32.0	32.0	32.0
4	31.155867378177913	32.0	32.0	32.0	32.0	32.0
5	31.11531853257256	32.0	32.0	32.0	32.0	32.0
6	34.7731005231734	36.0	36.0	36.0	36.0	36.0
7	34.7524200908193	36.0	36.0	36.0	32.0	36.0
8	34.674643747112924	36.0	36.0	36.0	32.0	36.0
9	34.806736403207836	36.0	36.0	36.0	36.0	36.0
10	34.62227353528829	36.0	36.0	36.0	32.0	36.0
11	34.772479466459345	36.0	36.0	36.0	36.0	36.0
12	34.6546547828961	36.0	36.0	36.0	32.0	36.0
13	34.70490617010599	36.0	36.0	36.0	32.0	36.0
14	34.65460076691258	36.0	36.0	36.0	32.0	36.0
15	34.608087857696226	36.0	36.0	36.0	32.0	36.0
16	34.60072325495487	36.0	36.0	36.0	32.0	36.0
17	34.59700193497962	36.0	36.0	36.0	32.0	36.0
18	34.58414308058746	36.0	36.0	36.0	32.0	36.0
19	34.57288634026651	36.0	36.0	36.0	32.0	36.0
20	34.554854534003155	36.0	36.0	36.0	32.0	36.0
21	34.538686787556976	36.0	36.0	36.0	32.0	36.0
22	34.51588435317734	36.0	36.0	36.0	32.0	36.0
23	34.49979769425466	36.0	36.0	36.0	32.0	36.0
24	34.48568814742525	36.0	36.0	36.0	32.0	36.0
25	34.46799600637592	36.0	36.0	36.0	32.0	36.0
26	34.450626753811605	36.0	36.0	36.0	32.0	36.0
27	34.43344153688056	36.0	36.0	36.0	32.0	36.0
28	34.41494335026067	36.0	36.0	36.0	32.0	36.0
29	34.407858296121084	36.0	36.0	36.0	32.0	36.0
30	34.37676834826049	36.0	36.0	36.0	32.0	36.0
31	34.37043945434198	36.0	36.0	36.0	32.0	36.0
32	34.35507552927879	36.0	36.0	36.0	32.0	36.0
33	34.34251840181575	36.0	36.0	36.0	32.0	36.0
34	34.33203904681997	36.0	36.0	36.0	32.0	36.0
35	34.30889491368341	36.0	36.0	36.0	32.0	36.0
36	34.36065026680162	36.0	36.0	36.0	32.0	36.0
37	34.34791799506175	36.0	36.0	36.0	32.0	36.0
38	34.3345064945315	36.0	36.0	36.0	32.0	36.0
39	34.31401504937593	36.0	36.0	36.0	32.0	36.0
40	34.30920718702263	36.0	36.0	36.0	32.0	36.0
41	34.288106443184155	36.0	36.0	36.0	32.0	36.0
42	34.27534344347551	36.0	36.0	36.0	32.0	36.0
43	34.2520155557105	36.0	36.0	36.0	32.0	36.0
44	34.22063613458879	36.0	36.0	36.0	32.0	36.0
45	34.207053130030104	36.0	36.0	36.0	32.0	36.0
46	34.180957831841255	36.0	36.0	36.0	32.0	36.0
47	34.16552208851194	36.0	36.0	36.0	32.0	36.0
48	34.13185260674044	36.0	36.0	36.0	32.0	36.0
49	34.10013639812036	36.0	36.0	36.0	32.0	36.0
50	34.07229083971498	36.0	36.0	36.0	32.0	36.0
51	34.04310198625871	36.0	36.0	36.0	32.0	36.0
52	34.0203631650518	36.0	36.0	36.0	32.0	36.0
53	33.9809184934208	36.0	36.0	36.0	32.0	36.0
54	33.94987589510027	36.0	36.0	36.0	32.0	36.0
55	33.91166494747379	36.0	36.0	36.0	32.0	36.0
56	33.888374097732544	36.0	36.0	36.0	32.0	36.0
57	33.86106216668116	36.0	36.0	36.0	32.0	36.0
58	33.82147757499555	36.0	36.0	36.0	32.0	36.0
59	33.79438859824093	36.0	36.0	36.0	32.0	36.0
60	33.76298016658408	36.0	36.0	36.0	27.0	36.0
61	33.73880702912566	36.0	36.0	36.0	27.0	36.0
62	33.695798213613465	36.0	36.0	36.0	27.0	36.0
63	33.67508387155693	36.0	36.0	36.0	27.0	36.0
64	33.64358241679974	36.0	36.0	36.0	27.0	36.0
65	33.62606528384576	36.0	36.0	36.0	27.0	36.0
66	33.5902016382236	36.0	36.0	36.0	27.0	36.0
67	33.54508864402574	36.0	36.0	36.0	27.0	36.0
68	33.521133339469344	36.0	36.0	36.0	27.0	36.0
69	33.497924733680556	36.0	36.0	36.0	27.0	36.0
70	33.47207681550056	36.0	36.0	36.0	27.0	36.0
71	33.4191516885332	36.0	36.0	36.0	27.0	36.0
72	33.40195359164738	36.0	36.0	36.0	27.0	36.0
73	33.37395285194516	36.0	36.0	36.0	27.0	36.0
74	33.31092660306496	36.0	36.0	36.0	27.0	36.0
75	32.10067605410242	36.0	32.0	36.0	14.0	36.0
>>END_MODULE
>>Per sequence quality scores	pass
#Quality	Count
2	37389.0
3	227.0
4	4721.0
5	4235.0
6	1722.0
7	877.0
8	309.0
9	176.0
10	225.0
11	195.0
12	179.0
13	163.0
14	1541.0
15	4316.0
16	6885.0
17	9306.0
18	12664.0
19	16720.0
20	22934.0
21	32279.0
22	45181.0
23	63472.0
24	87788.0
25	120640.0
26	161297.0
27	211092.0
28	267833.0
29	335807.0
30	423133.0
31	542039.0
32	731393.0
33	1117444.0
34	2410975.0
35	9060926.0
>>END_MODULE
>>Per base sequence content	fail
#Base	G	A	T	C
1	43.99430912330713	18.006289137219756	11.918573526384654	26.080828213088452
2	16.559152848393786	19.282474338252044	37.5590160605273	26.599356752826875
3	20.08262614963799	20.982914204104617	28.51748774717456	30.41697189908284
4	13.568277122970299	14.838384151734571	36.222014122591354	35.37132460270378
5	15.254893717314172	34.53733111658927	35.01588666577488	15.191888500321681
6	34.32165976004542	34.96619776215407	16.663270315789287	14.048872162011225
7	30.3570577538894	29.50387442801057	20.731082456951864	19.40798536114817
8	26.324082186630815	35.03339907159311	20.078102150246437	18.564416591529643
9	24.9810884994497	15.904454064650247	20.187228635102677	38.92722880079737
10	14.451859618038185	27.545482646645485	34.891730746555936	23.110926988760394
11	34.426551683604664	22.809014004349475	23.756812149766958	19.007622162278903
12	22.487780268457985	24.3046055428075	30.979865778657434	22.22774841007708
13	27.84372655589788	20.792716014690065	26.123920774426107	25.239636654985947
14	20.36785366542844	21.008147748422296	27.377081183697054	31.24691740245221
15	22.75821200022314	29.701752456547208	23.26604346474765	24.273992078482003
16	22.6194290978055	28.634382130013314	25.981910383562756	22.764278388618425
17	21.728961237479158	28.30324140544549	27.597460970473282	22.37033638660207
18	22.067532815974804	27.857189356142964	28.300797103985804	21.774480723896435
19	22.727436188711756	27.28125451112996	27.594183466986056	22.39712583317223
20	22.60501594500961	27.31615801779965	27.980010589200237	22.0988154479905
21	22.426302682350215	26.922156099427706	27.51912300588895	23.132418212333125
22	22.35577447262649	27.158809681358935	27.805074400334718	22.680341445679854
23	22.23924421501808	27.1601460411316	27.72499408435094	22.875615659499385
24	22.505803807859127	26.76270118033876	28.105479604489748	22.626015407312366
25	22.58147510567722	26.87578898452312	27.615551840595128	22.927184069204536
26	22.013636435809637	27.367872517441544	27.91112741859961	22.707363628149217
27	22.221796408957324	27.305996164237268	27.676647127364166	22.795560299441238
28	22.141720757706963	27.27504753493708	27.622380699648456	22.960851007707504
29	22.162194769906375	27.32396758836414	27.704425337773188	22.8094123039563
30	22.18044678809789	27.317419962737578	27.81453076331078	22.687602485853755
31	22.80313999096637	27.139028943077655	27.4116319633513	22.64619910260468
32	21.985888960360313	27.514665228367143	27.878482906046948	22.620962905225596
33	22.15740954598364	27.332424177458588	27.91581478472123	22.594351491836537
34	22.18098310313407	27.12334348671378	28.11534809813815	22.580325312013997
35	22.09501726034733	27.417760599935836	27.926054028327286	22.561168111389545
36	22.221312519969754	27.627879337915722	27.882094675159614	22.26871346695491
37	22.35978338347794	27.278312075996887	27.44223301845067	22.919671522074502
38	22.181678830110453	27.847207883982673	27.54190619073158	22.4292070951753
39	22.517267679383	27.406292506786205	27.707763682797076	22.36867613103372
40	22.5953191634435	27.192431116407512	27.762700442404263	22.449549277744726
41	22.589196454525094	27.30440119092626	27.75406829984813	22.352334054700517
42	22.273072416398144	27.631582666522768	27.76734092906369	22.328003988015396
43	22.310576939778986	27.404276015494172	27.71451970578831	22.57062733893853
44	22.174199835365318	27.736445831851718	27.685253648119723	22.404100684663238
45	22.28520896169033	27.675960988078113	27.526423505510976	22.51240654472058
46	22.364232147678024	27.494404200527327	27.518995649777157	22.622368002017495
47	22.461709678221876	27.622519700384164	27.572549605992318	22.34322101540165
48	22.15023083103978	27.71093558399493	27.54642164825008	22.592411936715205
49	22.567481673420758	27.385004792327383	27.52490159908359	22.522611935168268
50	22.24472287527194	27.871737718490696	27.49435195447205	22.38918745176531
51	22.352149027823856	27.719683334160568	27.50576670384874	22.422400934166838
52	22.34051060322232	27.81583737193005	27.395990837951068	22.447661186896557
53	22.269599694967717	27.474481942878327	27.77212976044027	22.483788601713695
54	22.401863013821092	27.896578490822343	27.5569852205312	22.144573274825365
55	22.373209920573714	27.43057488702497	27.546358355269906	22.649856837131406
56	22.465058108966936	27.79639641388888	27.293154988043238	22.44539048910095
57	22.341209900595395	27.69215894936133	27.366370635941806	22.600260514101468
58	22.39904045817923	27.62352391268913	27.347127798262505	22.630307830869135
59	22.325210813706693	27.744292672717595	27.3818973273543	22.548599186221416
60	22.334735929710746	27.652772394457685	27.67186867260576	22.340623003225808
61	22.603896382928397	27.613200736423416	27.390039489119307	22.39286339152888
62	22.51542762900659	27.678020591651713	27.51547965016276	22.291072129178936
63	22.459912629165853	27.91500304846159	27.352717034781808	22.27236728759075
64	22.498787601892744	27.615485645098403	27.28542443654541	22.60030231646345
65	22.459118583280933	27.84020500047573	27.373604089445276	22.327072326798064
66	22.44069697398097	28.153761611811607	27.151603532410558	22.25393788179687
67	22.569788794996064	27.666897184155935	27.22938425929523	22.533929761552763
68	22.54779817707069	27.99309545794052	27.429559159446338	22.029547205542453
69	22.814718623452194	27.772261794796787	27.362656312584477	22.050363269166542
70	22.984525769816923	27.58596455786767	27.232568469760004	22.196941202555397
71	22.645050700793263	28.08615044015629	27.164036554796407	22.104762304254045
72	22.58468650827483	28.151415382898744	27.435678236061918	21.828219872764514
73	23.393399671718406	28.83273925146115	27.293576698119693	20.480284378700755
74	24.420696211129513	31.125545179291127	27.71044209630936	16.743316513269995
75	29.59525740165734	41.49992954334197	28.904813055000695	0.0
>>END_MODULE
>>Per base GC content	fail
#Base	%GC
1	70.07513733639558
2	43.158509601220665
3	50.49959804872083
4	48.93960172567408
5	30.446782217635853
6	48.37053192205665
7	49.76504311503757
8	44.888498778160454
9	63.90831730024708
10	37.562786606798575
11	53.43417384588357
12	44.715528678535065
13	53.083363210883824
14	51.614771067880646
15	47.03220407870514
16	45.38370748642392
17	44.09929762408123
18	43.84201353987123
19	45.12456202188398
20	44.70383139300011
21	45.55872089468334
22	45.03611591830634
23	45.11485987451746
24	45.13181921517149
25	45.50865917488176
26	44.721000063958854
27	45.017356708398566
28	45.10257176541446
29	44.97160707386267
30	44.86804927395164
31	45.44933909357105
32	44.60685186558591
33	44.75176103782018
34	44.76130841514807
35	44.656185371736875
36	44.490025986924664
37	45.27945490555244
38	44.61088592528575
39	44.88594381041672
40	45.04486844118822
41	44.941530509225615
42	44.60107640441354
43	44.88120427871752
44	44.578300520028556
45	44.79761550641091
46	44.98660014969552
47	44.804930693623525
48	44.74264276775498
49	45.09009360858903
50	44.63391032703725
51	44.774549961990694
52	44.788171790118874
53	44.753388296681415
54	44.546436288646454
55	45.023066757705124
56	44.91044859806789
57	44.94147041469686
58	45.02934828904836
59	44.873809999928106
60	44.675358932936554
61	44.99675977445728
62	44.80649975818553
63	44.7322799167566
64	45.09908991835619
65	44.786190910079
66	44.694634855777835
67	45.10371855654883
68	44.577345382613146
69	44.86508189261873
70	45.18146697237233
71	44.74981300504731
72	44.41290638103935
73	43.873684050419165
74	41.164012724399505
75	29.59525740165734
>>END_MODULE
>>Per sequence GC content	warn
#GC Content	Count
0	37617.0
1	19312.0
2	1610.5
3	2729.5
4	3250.5
5	3407.5
6	3292.0
7	2898.5
8	2800.5
9	2838.5
10	3107.5
11	4010.5
12	4686.0
13	5505.0
14	7329.5
15	10007.0
16	12174.5
17	16096.0
18	24332.0
19	34677.0
20	42045.5
21	53434.5
22	74668.0
23	98415.0
24	114531.0
25	135638.0
26	171206.5
27	207499.0
28	232276.0
29	263613.5
30	313772.5
31	363952.5
32	398615.0
33	438832.5
34	505653.0
35	570996.0
36	610294.5
37	647262.5
38	684583.0
39	701999.0
40	713196.0
41	716217.0
42	713946.5
43	711873.5
44	712451.5
45	707824.5
46	692882.5
47	674815.0
48	664629.5
49	651352.0
50	625857.5
51	599852.5
52	584053.0
53	569348.5
54	544472.0
55	518260.5
56	501734.0
57	483777.5
58	452692.5
59	415938.5
60	383981.5
61	349069.0
62	306833.5
63	266713.0
64	235197.5
65	210015.5
66	176093.0
67	141513.0
68	117298.5
69	99262.0
70	79329.5
71	60593.0
72	47553.0
73	38584.5
74	29519.0
75	21743.0
76	16671.0
77	13236.0
78	9649.0
79	6720.5
80	4959.5
81	3823.0
82	2813.5
83	2104.5
84	1699.0
85	1420.5
86	1182.5
87	1079.0
88	1043.0
89	963.5
90	894.0
91	875.5
92	858.0
93	843.0
94	823.5
95	826.5
96	835.5
97	881.5
98	1078.5
99	5332.5
100	9437.0
>>END_MODULE
>>Per base N content	pass
#Base	N-Count
1	0.40658784018869243
2	0.30221625038454614
3	0.23934164556707027
4	0.237708456418284
5	0.23756229552170005
6	0.24060625506360128
7	0.259677074657016
8	0.2702896267133314
9	0.28325346275817176
10	0.2925315022804595
11	0.3092955216364835
12	0.3123966745727002
13	0.3166925339679513
14	0.325741799912977
15	0.32382899861420406
16	0.32730508602426667
17	0.32431831987668086
18	0.3316073002411083
19	0.33458771156710343
20	0.33158823577633645
21	0.3302219491343557
22	0.33310068331490117
23	0.3374664457476489
24	0.346769904556299
25	0.3364814484011046
26	0.34396107341325033
27	0.3410886940542955
28	0.35610513747290223
29	0.34432965306550556
30	0.3589203234375416
31	0.333443843680794
32	0.3469859684903797
33	0.344030976450747
34	0.3386675070282738
35	0.3406565661861341
36	0.1210167780358404
37	0.11120883506161838
38	0.10460878918168112
39	0.11462897380122872
40	0.11937236124675181
41	0.1034115890835148
42	0.10349894190813853
43	0.10883085076678035
44	0.11764727085107676
45	0.10263461291232273
46	0.11136182575262082
47	0.11592461496189838
48	0.12088759308166368
49	0.11404405615112256
50	0.11486216117533966
51	0.12192503267293434
52	0.10991551703141426
53	0.10847192032901884
54	0.10938381697321144
55	0.10338193936540983
56	0.08824802723692814
57	0.0983872352750258
58	0.09821465171308189
59	0.09223114236263892
60	0.09052018161920158
61	0.09078571775351624
62	0.09909095432428043
63	0.09001309275235558
64	0.08700627983000186
65	0.0892152703037981
66	0.08243180895803791
67	0.09322420086635178
68	0.08248086817622166
69	0.08442168029380089
70	0.09172532268727593
71	0.09258451172043294
72	0.09637858311065783
73	0.10652984061088958
74	0.12850460772506012
75	0.1977110260906181
>>END_MODULE
>>Sequence Length Distribution	warn
#Length	Count
35	46523.0
36	12748.0
37	16560.0
38	17610.0
39	19260.0
40	19715.0
41	20899.0
42	21923.0
43	24573.0
44	25910.0
45	28396.0
46	28820.0
47	29727.0
48	30245.0
49	31283.0
50	31159.0
51	32619.0
52	33333.0
53	34922.0
54	36682.0
55	38163.0
56	39231.0
57	39620.0
58	40026.0
59	40585.0
60	41657.0
61	41332.0
62	42503.0
63	43543.0
64	46535.0
65	47804.0
66	47149.0
67	50119.0
68	49793.0
69	58048.0
70	66766.0
71	125167.0
72	382237.0
73	1046746.0
74	3178824.0
75	9727328.0
>>END_MODULE
>>Sequence Duplication Levels	warn
#Total Duplicate Percentage	26.87229015503149
#Duplication Level	Relative count
1	100.0
2	18.305745544808236
3	6.5880178612381455
4	3.1607916143915173
5	1.6937148407462868
6	1.0036828685903922
7	0.6461882984607498
8	0.4816058925897446
9	0.35412197984540045
10++	2.6697424690058953
>>END_MODULE
>>Overrepresented sequences	warn
#Sequence	Count	Percentage	Possible Source
NNNNNNNNNNNNNNNNNNNNNNNNNNNNNNNNNNN	37383	0.23756229552170005	No Hit
>>END_MODULE
>>Kmer Content	warn
#Sequence	Count	Obs/Exp Overall	Obs/Exp Max	Max Obs/Exp Position
AAAAA	6131995	3.846763	9.392215	71
GGGGG	2094515	3.0599127	5.581835	71
TTTTT	4992985	3.0381312	5.2417226	71
CCTGG	2355780	2.9581916	11.7634	3
CCAGG	2266770	2.8638384	12.027206	3
CAGCA	2553035	2.723776	7.0234857	4
CCCAG	2121980	2.7130218	10.625962	2
TGCTG	2576075	2.6828928	7.798199	2
CTGGG	2098320	2.6037085	10.036724	4
CCAGC	1988095	2.5418453	6.3657804	3
GGAGG	2020820	2.493026	5.6344414	6
CTGCT	2326590	2.4520853	6.62238	9
GCTGG	1967055	2.4408278	6.4826107	3
TCCAG	2279925	2.417607	9.374126	2
AGCAG	2288105	2.4122353	5.495957	7
GCTGC	1910525	2.3990777	5.635243	8
CTCCT	2207040	2.3539476	6.604992	1
AGGAG	2225730	2.3187037	6.9118547	5
CTCCA	2148735	2.305786	6.8167367	1
CTTCT	2600265	2.3001568	5.177546	1
CAGCC	1791165	2.2900636	5.3998804	9
CAGGA	2167525	2.2851138	9.57337	4
CTGGA	2173805	2.2777963	9.011417	4
TCCTG	2131535	2.2465088	9.127191	2
GGCTG	1789070	2.2199745	8.0452385	7
CAGAG	2088080	2.2013588	7.5355773	4
CTGCC	1716705	2.1815147	5.699626	9
CCTGC	1714370	2.1785474	6.1183386	3
CTCTG	2064170	2.1755102	7.414978	2
GGCAG	1740755	2.1732404	5.9415464	7
CCCTG	1704825	2.166418	8.750005	2
GCAGG	1705680	2.129451	6.321528	3
CTGCA	2002035	2.1229358	6.3308506	4
TGCAG	1989855	2.0850463	6.7184076	2
CACAG	1950030	2.0804436	7.53051	7
TGGAG	1996995	2.067761	6.487764	5
CAGGG	1641435	2.0492446	8.750459	4
CTGTG	1965425	2.0469217	9.026315	9
GCCTG	1628320	2.0447083	6.325998	7
AGCTG	1930740	2.0231032	5.8521423	7
GCCAG	1577675	1.9932355	5.012616	2
GGAGA	1910580	1.9903895	5.5516596	6
CCCCA	1536690	1.9882416	6.477971	1
CAGAA	2214180	1.971198	5.390406	4
CTGGC	1568815	1.9699868	5.1946087	4
CAGGC	1536070	1.9406716	5.5272393	4
CTCAG	1827035	1.9373677	5.8753023	2
GGGAG	1557745	1.921744	5.173151	7
CTGAG	1817340	1.9042785	5.763763	4
TTCTG	2172920	1.8993835	5.3622413	2
CCTCT	1778250	1.896616	5.6256695	1
CCAGA	1767100	1.8852797	6.5592275	3
TGGGG	1485360	1.8212999	5.774928	5
GGCCA	1438780	1.8177555	5.611248	1
CAGTG	1730730	1.8135251	6.3351235	9
TCTGG	1739085	1.8111966	6.2574425	3
CACTG	1697870	1.8004024	7.498254	7
GAGAG	1714955	1.7865925	5.784096	7
GTGTG	1728515	1.7788815	8.41999	1
ACCTG	1654255	1.7541535	5.2471666	7
TGGCC	1371300	1.7219641	5.1313295	5
ACACA	1903250	1.714684	6.951884	6
ACAGA	1909845	1.7002604	6.1102133	8
CCTGA	1601590	1.6983083	5.494433	3
TGTGT	1966095	1.6982534	6.727876	10
CACAC	1563585	1.6881346	7.012652	5
GCCCA	1290460	1.6498959	6.640773	1
TCAGG	1556245	1.630693	5.5931945	3
CCTGT	1522435	1.6045544	5.3879967	8
TGGGC	1246640	1.5468982	6.0835156	5
AGGTG	1491430	1.5442804	5.031464	7
ACAGC	1426770	1.5221891	5.8685317	8
GCTGT	1456695	1.5170971	5.518395	8
CTGTC	1413360	1.489596	5.963708	9
GACAG	1366085	1.4401954	6.978046	7
GCCCT	1115540	1.4175802	5.709793	1
GGGCT	1131715	1.404293	5.792322	6
AGACA	1563885	1.3922657	5.4049635	6
GTCCT	1295795	1.3656898	10.026968	1
AGGGC	1061715	1.3254949	5.307602	5
GGACA	1243975	1.3114611	6.301956	6
AGGAC	1209840	1.2754741	9.431597	5
GTGCT	1223290	1.2740142	6.704022	1
TGTGC	1202180	1.2520287	6.3385777	10
GTCCA	1147480	1.2167752	6.8800697	1
AGCAC	1137115	1.2131627	5.620169	5
ACTGC	1141550	1.2104869	5.165057	8
GTCTT	1307420	1.1428363	5.4890275	1
TGGAC	1055860	1.1063706	6.081914	5
GTGCA	1049050	1.0992348	5.9541945	1
ACAGT	1226410	1.0851843	5.4394417	8
ACTGT	1215075	1.0686154	6.3084817	8
TGCAC	997690	1.0579395	5.3641872	5
GACTG	998805	1.046586	6.02868	7
GGACC	808445	1.0213898	5.7104774	6
ACACT	1119200	1.0021818	5.1353726	6
CTACA	1090520	0.9765004	5.904485	4
TGTAG	1099410	0.95544815	6.034125	2
GGACT	898945	0.941949	5.2649627	6
TCCTA	942005	0.8383831	6.0222325	2
TAGGA	947845	0.8287705	6.0660863	4
GTAGG	736270	0.76236063	5.045718	3
GTGTA	810505	0.70437384	6.0191646	1
TACAC	760130	0.68065447	5.2255096	5
>>END_MODULE
