##FastQC	0.10.1
>>Basic Statistics	pass
#Measure	Value	
Filename	008-F0_S1_L004_R2_001.fastq.gz	
File type	Conventional base calls	
Encoding	Sanger / Illumina 1.9	
Total Sequences	23331956	
Filtered Sequences	0	
Sequence length	35-75	
%GC	45	
>>END_MODULE
>>Per base sequence quality	pass
#Base	Mean	Median	Lower Quartile	Upper Quartile	10th Percentile	90th Percentile
1	31.489493422668893	32.0	32.0	32.0	32.0	32.0
2	31.25888729603296	32.0	32.0	32.0	32.0	32.0
3	31.296108478860496	32.0	32.0	32.0	32.0	32.0
4	31.323624603098	32.0	32.0	32.0	32.0	32.0
5	31.303483642777312	32.0	32.0	32.0	32.0	32.0
6	35.037889065108814	36.0	36.0	36.0	36.0	36.0
7	35.02193420903074	36.0	36.0	36.0	36.0	36.0
8	34.972758863423195	36.0	36.0	36.0	36.0	36.0
9	35.05694336128527	36.0	36.0	36.0	36.0	36.0
10	34.90921588400047	36.0	36.0	36.0	36.0	36.0
11	35.04038019787111	36.0	36.0	36.0	36.0	36.0
12	34.94321384799457	36.0	36.0	36.0	36.0	36.0
13	34.98045770358902	36.0	36.0	36.0	36.0	36.0
14	34.92261857514218	36.0	36.0	36.0	36.0	36.0
15	34.89214590495542	36.0	36.0	36.0	36.0	36.0
16	34.90163932248115	36.0	36.0	36.0	36.0	36.0
17	34.8860741465482	36.0	36.0	36.0	36.0	36.0
18	34.87570364867823	36.0	36.0	36.0	36.0	36.0
19	34.86933795863493	36.0	36.0	36.0	36.0	36.0
20	34.85695605632035	36.0	36.0	36.0	36.0	36.0
21	34.84531365480031	36.0	36.0	36.0	36.0	36.0
22	34.83730296765518	36.0	36.0	36.0	36.0	36.0
23	34.81715026378414	36.0	36.0	36.0	36.0	36.0
24	34.810859621027916	36.0	36.0	36.0	36.0	36.0
25	34.789427598783405	36.0	36.0	36.0	36.0	36.0
26	34.772026957362684	36.0	36.0	36.0	36.0	36.0
27	34.753376785041084	36.0	36.0	36.0	36.0	36.0
28	34.74828175571735	36.0	36.0	36.0	36.0	36.0
29	34.7289713729959	36.0	36.0	36.0	36.0	36.0
30	34.707668872682596	36.0	36.0	36.0	36.0	36.0
31	34.69897290222903	36.0	36.0	36.0	36.0	36.0
32	34.68057555911729	36.0	36.0	36.0	36.0	36.0
33	34.66853477693855	36.0	36.0	36.0	36.0	36.0
34	34.65828754348757	36.0	36.0	36.0	32.0	36.0
35	34.647758764845946	36.0	36.0	36.0	32.0	36.0
36	34.6482453758696	36.0	36.0	36.0	32.0	36.0
37	34.6355255399796	36.0	36.0	36.0	32.0	36.0
38	34.6229585311153	36.0	36.0	36.0	32.0	36.0
39	34.606172897802054	36.0	36.0	36.0	32.0	36.0
40	34.599871523303364	36.0	36.0	36.0	32.0	36.0
41	34.58213900324449	36.0	36.0	36.0	32.0	36.0
42	34.56962877409906	36.0	36.0	36.0	32.0	36.0
43	34.55868153453445	36.0	36.0	36.0	32.0	36.0
44	34.54313103465537	36.0	36.0	36.0	32.0	36.0
45	34.52274412627761	36.0	36.0	36.0	32.0	36.0
46	34.50345457037427	36.0	36.0	36.0	32.0	36.0
47	34.496077174323375	36.0	36.0	36.0	32.0	36.0
48	34.47396626241845	36.0	36.0	36.0	32.0	36.0
49	34.464171258541555	36.0	36.0	36.0	32.0	36.0
50	34.43703869946984	36.0	36.0	36.0	32.0	36.0
51	34.41842330184688	36.0	36.0	36.0	32.0	36.0
52	34.40305110323097	36.0	36.0	36.0	32.0	36.0
53	34.37702717194369	36.0	36.0	36.0	32.0	36.0
54	34.35725625708695	36.0	36.0	36.0	32.0	36.0
55	34.333533005294434	36.0	36.0	36.0	32.0	36.0
56	34.30878837710482	36.0	36.0	36.0	32.0	36.0
57	34.29380776698987	36.0	36.0	36.0	32.0	36.0
58	34.274892736871095	36.0	36.0	36.0	32.0	36.0
59	34.255214933329995	36.0	36.0	36.0	32.0	36.0
60	34.235389728149	36.0	36.0	36.0	32.0	36.0
61	34.21017420527539	36.0	36.0	36.0	32.0	36.0
62	34.17684190144254	36.0	36.0	36.0	32.0	36.0
63	34.161980531951556	36.0	36.0	36.0	32.0	36.0
64	34.124317744250675	36.0	36.0	36.0	32.0	36.0
65	34.11059575136444	36.0	36.0	36.0	32.0	36.0
66	34.078354662387625	36.0	36.0	36.0	32.0	36.0
67	34.04833239066056	36.0	36.0	36.0	32.0	36.0
68	34.0148192838113	36.0	36.0	36.0	32.0	36.0
69	34.00489892827334	36.0	36.0	36.0	32.0	36.0
70	33.994320677646826	36.0	36.0	36.0	32.0	36.0
71	33.962458941249416	36.0	36.0	36.0	32.0	36.0
72	33.93499092672557	36.0	36.0	36.0	32.0	36.0
73	33.893483369381435	36.0	36.0	36.0	32.0	36.0
74	33.82133545759154	36.0	36.0	36.0	27.0	36.0
75	32.79420761963588	36.0	32.0	36.0	14.0	36.0
>>END_MODULE
>>Per sequence quality scores	pass
#Quality	Count
2	19222.0
3	1698.0
4	1994.0
5	436.0
6	194.0
7	163.0
8	232.0
9	141.0
10	214.0
11	245.0
12	300.0
13	393.0
14	2913.0
15	6598.0
16	10664.0
17	15387.0
18	22028.0
19	29179.0
20	38596.0
21	50738.0
22	67076.0
23	88881.0
24	119055.0
25	157109.0
26	202751.0
27	255538.0
28	317597.0
29	390188.0
30	479667.0
31	610254.0
32	815009.0
33	1236721.0
34	2681186.0
35	1.5709589E7
>>END_MODULE
>>Per base sequence content	fail
#Base	G	A	T	C
1	44.56254498658301	17.79324860323081	11.583683441681494	26.060522968504685
2	17.21934672124034	19.44001110932791	36.32350400626062	27.01713816317113
3	20.35902442723815	20.84249729558289	28.58402129269229	30.21445698448667
4	13.921722230019826	14.417145018138292	35.80402855043632	35.85710420140556
5	15.491901736120242	34.30327639068052	35.00386573321675	15.200956139982482
6	35.14371112833486	34.559567681082434	16.27104084353806	14.025680347044656
7	31.043009155138744	29.52107400593662	20.397232792139913	19.038684046784724
8	27.06836178671741	34.42902448108375	19.76050874023484	18.742104991964002
9	25.435803032221305	15.740521181886985	19.614245827588476	39.20942995830324
10	14.704453084152313	27.44753067959654	34.600275163644966	23.247741072606185
11	34.59304434673775	22.275105803274023	23.664660974942002	19.467188875046226
12	22.580822595358903	23.966203858917506	30.82087914794245	22.632094397781145
13	28.23284864139789	20.52078013357608	26.0188405606198	25.227530664406228
14	20.734703863376176	20.460818966171935	27.18141878495215	31.623058385499743
15	23.141571559824296	29.280850549492136	23.065866242984633	24.511711647698935
16	23.020706659370504	28.3532087690746	25.42306824070523	23.20301633084966
17	21.919341956769316	27.95956877270719	27.357670870772633	22.76341839975086
18	22.371572976244007	27.571326320083955	27.896908675389398	22.160192028282644
19	22.84151722883212	27.05956030262878	27.464303981271073	22.634618487268035
20	22.820804364473492	27.026904101150844	27.632380143011805	22.519911391363863
21	22.609650218981862	26.73530922941769	27.294062121555047	23.360978430045407
22	22.539537822645837	26.821352533175798	27.644309582441785	22.99480006173658
23	22.47662362761754	26.8982542941501	27.503676507187723	23.12144557104464
24	22.6931875238833	26.514871642253674	27.83244459353316	22.959496240329866
25	22.764415145197326	26.68162570202271	27.37994333616381	23.174015816616155
26	22.25582333173967	27.048289565928645	27.576241206420004	23.11964589591168
27	22.346465300050504	27.045067832543857	27.55316020565711	23.05530666174853
28	22.443673790089637	26.95479932570223	27.51386079410199	23.087666090106147
29	22.260654763835756	27.004154988432045	27.666808444683145	23.06838180304905
30	22.351743806349507	27.10825181004107	27.57665781191295	22.963346571696473
31	22.798062592185335	27.11006423784402	27.31194406133563	22.779929108635013
32	22.129427385756806	27.298408905478087	27.715685313285555	22.856478395479552
33	22.27626585203443	27.122045764533443	27.849585799639225	22.752102583792897
34	22.32028941794712	26.83683861123566	28.036194321688807	22.806677649128414
35	22.22158238905257	27.14207777783404	27.847116240913948	22.78922359219944
36	22.330138961237264	27.4551934317317	27.74322937225872	22.471438234772315
37	22.443379185026323	27.19833734941104	27.39636044934456	22.96192301621808
38	22.34242251508229	27.61249987066402	27.408365833336518	22.63671178091717
39	22.47358098303179	27.35288901028159	27.644811256538993	22.528718750147625
40	22.54287133482856	27.079073179571267	27.64354221050351	22.73451327509666
41	22.500781902055067	27.248979358903057	27.68177364178306	22.568465097258816
42	22.28699540581087	27.48102097811128	27.738340622752578	22.493642993325278
43	22.37018178925176	27.289498496467747	27.646712387235077	22.693607327045413
44	22.26836225254863	27.608888153095947	27.680091608515745	22.442657985839677
45	22.36275980740901	27.52031007121955	27.486937745396144	22.6299923759753
46	22.445662148118505	27.525159813918528	27.420836271160432	22.608341766802543
47	22.41884210618844	27.556554016240455	27.556080036112114	22.46852384145899
48	22.21028880002628	27.53996726413966	27.487775786862183	22.761968148971874
49	22.50012963928527	27.363954031850795	27.53674745257726	22.599168876286676
50	22.322307504518278	27.635154955406488	27.481271243677487	22.561266296397744
51	22.37922325227658	27.628740655044876	27.474672420321504	22.517363672357032
52	22.372894339272243	27.66244533050351	27.406469403151668	22.558190927072584
53	22.26452973952945	27.459141387062274	27.686036826372668	22.590292047035607
54	22.434907217499067	27.807259168664462	27.47084589283878	22.28698772099769
55	22.39666715581725	27.47849113032215	27.45318441145978	22.67165730240082
56	22.54230320838405	27.704718568466706	27.272684694762887	22.48029352838635
57	22.344421571884535	27.637187686180763	27.37584556395078	22.642545177983926
58	22.351128899112602	27.530046360786244	27.35472768061432	22.764097059486836
59	22.276847647120732	27.614573647995726	27.435521201267438	22.6730575036161
60	22.34700440482991	27.580429219944335	27.560577838875915	22.51198853634984
61	22.58702560261769	27.628430796703203	27.35230755808324	22.432236042595868
62	22.52026756152254	27.710847841387938	27.38917666427456	22.379707932814956
63	22.484754965654012	27.85524559692239	27.281068238246565	22.378931199177032
64	22.491633695911435	27.58202388586103	27.231429450308624	22.69491296791891
65	22.401093069190413	27.722100055986125	27.390950946379228	22.485855928444227
66	22.463511778452848	27.913865960396873	27.138531941609024	22.484090319541252
67	22.54708181263925	27.651609336850946	27.23070544752657	22.57060340298323
68	22.54632902786921	27.945055369218835	27.342859557016354	22.165756045895606
69	22.82395891772723	27.77888682059985	27.238562331792522	22.158591929880394
70	22.90590349331897	27.55077667791238	27.179888654621532	22.36343117414712
71	22.66718189523609	27.92239387366337	27.097860076341235	22.312564154759304
72	22.621955647521265	28.076715062201302	27.3129696687547	21.988359621522736
73	23.35905361490677	28.679136702209895	27.332588736386835	20.6292209464965
74	24.456750480528317	31.08526723090045	27.53289543378613	16.925086854785107
75	29.76775781583959	41.459133336233265	28.77310884792714	0.0
>>END_MODULE
>>Per base GC content	fail
#Base	%GC
1	70.62306795508769
2	44.23648488441147
3	50.57348141172482
4	49.77882643142538
5	30.692857876102725
6	49.16939147537951
7	50.08169320192346
8	45.810466778681416
9	64.64523299052453
10	37.952194156758495
11	54.060233221783974
12	45.21291699314005
13	53.46037930580412
14	52.357762248875915
15	47.65328320752323
16	46.22372299022016
17	44.68276035652018
18	44.531765004526655
19	45.47613571610015
20	45.34071575583736
21	45.97062864902727
22	45.53433788438242
23	45.59806919866218
24	45.652683764213165
25	45.93843096181348
26	45.37546922765135
27	45.40177196179903
28	45.53133988019578
29	45.32903656688481
30	45.31509037804598
31	45.57799170082035
32	44.985905781236355
33	45.02836843582733
34	45.12696706707553
35	45.01080598125201
36	44.80157719600958
37	45.4053022012444
38	44.979134295999465
39	45.00229973317942
40	45.27738460992522
41	45.06924699931388
42	44.780638399136144
43	45.06378911629717
44	44.71102023838831
45	44.99275218338431
46	45.05400391492104
47	44.88736594764743
48	44.97225694899816
49	45.099298515571945
50	44.88357380091602
51	44.89658692463362
52	44.93108526634482
53	44.854821786565054
54	44.72189493849675
55	45.068324458218065
56	45.0225967367704
57	44.986966749868465
58	45.11522595859944
59	44.94990515073683
60	44.85899294117975
61	45.01926164521356
62	44.899975494337504
63	44.86368616483104
64	45.18654666383035
65	44.88694899763464
66	44.9476020979941
67	45.11768521562248
68	44.71208507376481
69	44.98255084760762
70	45.26933466746609
71	44.9797460499954
72	44.610315269044
73	43.988274561403266
74	41.38183733531343
75	29.76775781583959
>>END_MODULE
>>Per sequence GC content	warn
#GC Content	Count
0	19346.0
1	10267.0
2	1468.0
3	1625.0
4	1504.5
5	1493.5
6	1609.5
7	1970.0
8	2217.5
9	2612.0
10	3735.0
11	5477.5
12	6548.5
13	7906.0
14	10968.5
15	15398.0
16	18868.0
17	25171.0
18	38996.0
19	56185.0
20	67793.0
21	86657.5
22	121964.5
23	161211.5
24	187022.5
25	219955.0
26	275539.5
27	331030.5
28	367255.0
29	411624.0
30	483266.0
31	553372.5
32	599541.0
33	651460.0
34	738777.5
35	822772.0
36	870581.0
37	914183.5
38	960451.0
39	985398.5
40	1002439.5
41	1005869.0
42	1001378.5
43	995015.5
44	993611.0
45	984978.0
46	958817.0
47	931923.0
48	920217.5
49	900724.0
50	862767.0
51	827472.0
52	809244.0
53	795196.0
54	767603.5
55	738105.0
56	721772.5
57	703212.0
58	664638.5
59	615710.5
60	575175.0
61	532170.5
62	474127.5
63	415107.5
64	370333.5
65	334134.0
66	285028.0
67	234962.0
68	200179.0
69	174006.5
70	142275.5
71	111294.0
72	90355.0
73	76575.5
74	61236.0
75	47145.5
76	38188.5
77	32132.0
78	25524.5
79	19584.5
80	15521.0
81	13028.0
82	10239.0
83	7414.0
84	5683.5
85	4730.5
86	3651.5
87	2699.0
88	2314.5
89	2122.0
90	1851.5
91	1718.5
92	1688.0
93	1700.0
94	1767.5
95	1875.5
96	1931.0
97	2109.0
98	2850.5
99	13990.0
100	24569.0
>>END_MODULE
>>Per base N content	pass
#Base	N-Count
1	0.08931527215292194
2	0.09349837621843621
3	0.0821577067949211
4	0.08549647530622807
5	0.08882667188297458
6	0.09324979011618229
7	0.10032163612857833
8	0.10164171405089226
9	0.10043307127786456
10	0.10756920679946423
11	0.10622769904074908
12	0.10628341661539221
13	0.10945074643548959
14	0.10907786728210872
15	0.11057366986291248
16	0.11381386112677394
17	0.11147800895904313
18	0.1141738823783141
19	0.11501821793252137
20	0.11283666058687922
21	0.10813924044773614
22	0.11352241535171761
23	0.11669831710637549
24	0.11110084383838201
25	0.11180374247234137
26	0.11644973100412156
27	0.11884558671377574
28	0.11114370351118441
29	0.11966420646430156
30	0.11554967787527116
31	0.11572968850104123
32	0.11272522543759296
33	0.11800982309412891
34	0.11797982132316724
35	0.11687832773214556
36	0.038115885246690004
37	0.04263578297652771
38	0.0407440829133075
39	0.043227455401028014
40	0.04950131546911814
41	0.045170474728975
42	0.04812538519107132
43	0.043441104612808264
44	0.04585464031715603
45	0.048134897490910385
46	0.034514280165041794
47	0.04462469665349231
48	0.03892366918501197
49	0.04386397269773867
50	0.04393204819830273
51	0.04650037303066451
52	0.044065460931721354
53	0.04378610104790872
54	0.043715559445998975
55	0.037727043304201235
56	0.045401392479866624
57	0.044205908684363346
58	0.04127759834121813
59	0.043005053887162616
60	0.042640512542529006
61	0.03887511009314431
62	0.03989031145580666
63	0.04518660496141064
64	0.039564550425067596
65	0.03989848969971715
66	0.0432821213419114
67	0.04711754946618686
68	0.04044655030563864
69	0.038792149602668746
70	0.04437638957345792
71	0.040832700577542846
72	0.03584712283666019
73	0.04207475505112706
74	0.04187378643836998
75	0.0553014468202616
>>END_MODULE
>>Sequence Length Distribution	warn
#Length	Count
35	21465.0
36	3777.0
37	5171.0
38	6163.0
39	7110.0
40	7576.0
41	8153.0
42	8860.0
43	9764.0
44	10905.0
45	12048.0
46	12879.0
47	13695.0
48	14516.0
49	15448.0
50	15472.0
51	16112.0
52	16782.0
53	17583.0
54	18939.0
55	19761.0
56	20822.0
57	21937.0
58	22745.0
59	23780.0
60	24931.0
61	25182.0
62	25362.0
63	25951.0
64	28578.0
65	30443.0
66	30236.0
67	33852.0
68	34866.0
69	44619.0
70	59796.0
71	149044.0
72	556632.0
73	1607129.0
74	5007708.0
75	1.5296164E7
>>END_MODULE
>>Sequence Duplication Levels	warn
#Total Duplicate Percentage	39.48345281351272
#Duplication Level	Relative count
1	100.0
2	26.1188822536674
3	11.74542386083344
4	6.525866545501753
5	4.0852589900038945
6	2.6215435544593015
7	1.8572309489809165
8	1.357425678307153
9	1.0052901466960924
10++	6.95751655199273
>>END_MODULE
>>Overrepresented sequences	pass
>>END_MODULE
>>Kmer Content	fail
#Sequence	Count	Obs/Exp Overall	Obs/Exp Max	Max Obs/Exp Position
AAAAA	10226475	4.3807592	10.218491	71
GGGGG	4193855	3.941341	6.478364	71
TTTTT	7652320	3.1716883	5.5761886	71
CCTGG	3766605	3.0740843	12.417692	3
CCAGG	3518045	2.8902292	12.408119	3
CCCAG	3333420	2.769758	11.132578	2
CTGGG	3351365	2.704373	11.156266	4
CCAGC	3170070	2.6340296	6.3473477	3
GGAGG	3155755	2.5345008	5.934396	6
CAGCA	3562075	2.500878	6.8120923	4
GCTGG	3097620	2.4996142	7.1578026	3
TGCTG	3613005	2.47518	7.927175	2
TCCAG	3503100	2.4433	8.890969	2
CAGCC	2851545	2.3693652	5.6827774	9
CTCCA	3333770	2.3516939	6.4082875	1
CTCCT	3330835	2.334173	6.104318	1
CAGGA	3316100	2.301952	9.956435	4
CTGCT	3309010	2.2927523	6.466736	9
AGGAG	3339060	2.291775	7.1568246	5
GGCTG	2831080	2.2845304	8.357642	7
CTGGA	3292800	2.270747	8.97767	4
TCCTG	3263275	2.2610633	8.958916	2
GCTGC	2766270	2.257669	5.6488686	8
CCTGC	2729540	2.253077	6.355902	3
CTGCC	2705685	2.233386	5.69542	9
AGCAG	3204845	2.2247214	5.5078897	7
GGCAG	2722795	2.2116935	6.3011174	7
CCCTG	2656175	2.1925185	9.308016	2
GCAGG	2693625	2.1879995	6.9577274	3
CTGCA	3133090	2.1852298	6.8449655	4
GCCTG	2659795	2.1707704	7.103277	7
CTCTG	3097575	2.1462529	7.4977903	2
CAGAG	3076015	2.1352909	7.4517083	4
TGCAG	3088650	2.129963	7.1100574	2
TGGAG	3020245	2.059324	6.5622706	5
CAGGG	2533335	2.0577977	9.344537	4
CTGGC	2495975	2.03707	5.6232634	4
AGCTG	2946250	2.0317626	5.667528	7
CCCCA	2395685	2.0132716	6.6223025	1
CAGGC	2442605	2.0067081	5.9844184	4
GCCAG	2440445	2.0049336	5.165401	2
CAGAA	3339600	1.9811695	5.369784	4
GGGAG	2462695	1.9778794	5.6093903	7
GGAGA	2875440	1.9735677	5.563971	6
CACAG	2800270	1.9660265	7.1968307	7
CTGTG	2847810	1.9509639	8.985016	9
CTCAG	2786745	1.9436653	6.1015353	2
TTCTG	3300805	1.9197797	5.227096	2
CTGAG	2760655	1.9037745	6.053051	4
CCTCT	2670790	1.8716285	5.6184464	1
CCAGA	2633935	1.8492453	6.5420833	3
GGCCA	2240700	1.8408339	5.9632897	1
TGGGG	2306330	1.8401169	6.4808016	5
TCTGG	2619010	1.7942187	6.432764	3
CAGTG	2587825	1.7845892	6.572409	9
ACCTG	2557965	1.7840987	5.2802444	7
CACTG	2557430	1.7837256	7.428687	7
TGGCC	2146465	1.7518201	5.6502028	5
AGAGG	2545055	1.746807	5.1352625	5
CCTGA	2458030	1.7143971	5.658199	3
GCCCA	2013625	1.6731328	6.873272	1
ACAGA	2787715	1.6537716	5.9552507	8
GAGAG	2399495	1.6469015	5.3302207	7
TCAGG	2373705	1.6369301	5.8158803	3
GGGCC	1672370	1.6076989	5.3496885	6
GGCCT	1964725	1.6034945	5.001311	6
CCTGT	2303480	1.5960389	5.5120335	8
TGGGC	1963530	1.5844638	6.4871154	5
AGGTG	2300180	1.568355	5.186765	7
GTGTG	2277510	1.542686	8.090032	1
TGTGT	2607180	1.4992764	6.1207457	10
ACACA	2474565	1.484728	6.2357335	6
CTGTC	2131815	1.4770955	5.892616	9
GCCCT	1761955	1.4543918	6.0112386	1
CACAC	2042410	1.4502848	6.5086174	5
GCTGT	2113150	1.4476665	5.291346	8
ACAGC	2057285	1.4443882	5.7187543	8
GGGCT	1772835	1.4305834	6.061457	6
GACAG	2029200	1.4086187	7.216388	7
AGACA	2269110	1.3461167	5.4240327	6
AGGGC	1643365	1.3348857	5.5487127	5
GTCCT	1876735	1.3003552	8.915259	1
GGACA	1816240	1.2607874	6.263306	6
ACTGC	1763945	1.2302952	5.1415887	8
GTGCT	1777880	1.2179812	6.6529107	1
AGGAC	1738330	1.2067043	8.620323	5
GTCCA	1691965	1.1800914	6.629653	1
TGTGC	1701180	1.1654361	6.004082	10
GTCTT	1974470	1.1483706	5.3342934	1
AGCAC	1633025	1.1465218	5.473005	5
GTCCC	1357305	1.1203766	5.0091243	1
TGGAC	1553750	1.0714812	6.1214724	5
GTGCA	1538595	1.06103	6.0683765	1
TGCAC	1514245	1.0561373	5.627034	5
ACAGT	1791600	1.0558519	5.707433	8
ACTGT	1782430	1.0435404	6.3005757	8
GACTG	1481505	1.0216602	5.9853425	7
AGACT	1692660	0.9975431	5.095926	6
GGACC	1210045	0.99410534	5.436904	6
GGACT	1349425	0.93057656	5.283671	6
CTACA	1533045	0.91377175	5.032711	4
TGTAG	1567840	0.90756476	5.3674145	2
TCCTA	1326120	0.7852364	5.053341	2
TAGGA	1342500	0.78226763	5.2868185	4
GTGTA	1121425	0.64915156	5.694435	1
>>END_MODULE
