##FastQC	0.10.1
>>Basic Statistics	pass
#Measure	Value	
Filename	006-F0_S6_L004_R2_001_trimmed.fq.gz	
File type	Conventional base calls	
Encoding	Sanger / Illumina 1.9	
Total Sequences	21719215	
Filtered Sequences	0	
Sequence length	20-51	
%GC	45	
>>END_MODULE
>>Per base sequence quality	pass
#Base	Mean	Median	Lower Quartile	Upper Quartile	10th Percentile	90th Percentile
1	34.69258074014185	36.0	36.0	36.0	32.0	36.0
2	34.683903170533554	36.0	36.0	36.0	32.0	36.0
3	34.66577309539042	36.0	36.0	36.0	32.0	36.0
4	34.65144002672288	36.0	36.0	36.0	32.0	36.0
5	34.63962753718309	36.0	36.0	36.0	32.0	36.0
6	34.61797417632267	36.0	36.0	36.0	32.0	36.0
7	34.610172697309736	36.0	36.0	36.0	32.0	36.0
8	34.5949851778713	36.0	36.0	36.0	32.0	36.0
9	34.57724669146652	36.0	36.0	36.0	32.0	36.0
10	34.558043050819286	36.0	36.0	36.0	32.0	36.0
11	34.54220840854515	36.0	36.0	36.0	32.0	36.0
12	34.52337688079427	36.0	36.0	36.0	32.0	36.0
13	34.50532245295238	36.0	36.0	36.0	32.0	36.0
14	34.49204057328959	36.0	36.0	36.0	32.0	36.0
15	34.48276210719402	36.0	36.0	36.0	32.0	36.0
16	34.44037452550656	36.0	36.0	36.0	32.0	36.0
17	34.43704461694403	36.0	36.0	36.0	32.0	36.0
18	34.415088022288096	36.0	36.0	36.0	32.0	36.0
19	34.39703865908597	36.0	36.0	36.0	32.0	36.0
20	34.383695405197656	36.0	36.0	36.0	32.0	36.0
21	34.36018735762809	36.0	36.0	36.0	32.0	36.0
22	34.35105014494724	36.0	36.0	36.0	32.0	36.0
23	34.32752492117044	36.0	36.0	36.0	32.0	36.0
24	34.283945729725026	36.0	36.0	36.0	32.0	36.0
25	34.26882569039016	36.0	36.0	36.0	32.0	36.0
26	34.24403918588503	36.0	36.0	36.0	32.0	36.0
27	34.23073802749391	36.0	36.0	36.0	32.0	36.0
28	34.18649293027361	36.0	36.0	36.0	32.0	36.0
29	34.17446554878954	36.0	36.0	36.0	32.0	36.0
30	34.14068231111051	36.0	36.0	36.0	32.0	36.0
31	34.10744732266627	36.0	36.0	36.0	32.0	36.0
32	34.09332135717857	36.0	36.0	36.0	32.0	36.0
33	34.035305983876306	36.0	36.0	36.0	32.0	36.0
34	33.99731971149081	36.0	36.0	36.0	32.0	36.0
35	33.97984851187204	36.0	36.0	36.0	32.0	36.0
36	33.96385323393573	36.0	36.0	36.0	32.0	36.0
37	33.93876443514927	36.0	36.0	36.0	32.0	36.0
38	33.90645681142307	36.0	36.0	36.0	32.0	36.0
39	33.88101600837204	36.0	36.0	36.0	32.0	36.0
40	33.86132851898222	36.0	36.0	36.0	32.0	36.0
41	33.82203298044017	36.0	36.0	36.0	32.0	36.0
42	33.79849335270451	36.0	36.0	36.0	27.0	36.0
43	33.786433495295434	36.0	36.0	36.0	27.0	36.0
44	33.77555933371097	36.0	36.0	36.0	27.0	36.0
45	33.76601307300263	36.0	36.0	36.0	27.0	36.0
46	33.743274885078385	36.0	36.0	36.0	27.0	36.0
47	33.744201041028546	36.0	36.0	36.0	27.0	36.0
48	33.760024750782144	36.0	36.0	36.0	27.0	36.0
49	33.80305857799244	36.0	36.0	36.0	27.0	36.0
50	33.908144677096345	36.0	36.0	36.0	32.0	36.0
51	34.06218392742307	36.0	36.0	36.0	32.0	36.0
>>END_MODULE
>>Per sequence quality scores	pass
#Quality	Count
3	1.0
4	1.0
5	2.0
6	6.0
7	21.0
8	18.0
9	18.0
10	47.0
11	48.0
12	32.0
13	44.0
14	1498.0
15	2894.0
16	5244.0
17	8844.0
18	14089.0
19	21862.0
20	33105.0
21	48579.0
22	68333.0
23	95877.0
24	130282.0
25	173919.0
26	225958.0
27	290519.0
28	364622.0
29	454133.0
30	565730.0
31	723001.0
32	966500.0
33	1425579.0
34	2665736.0
35	9673527.0
36	3759146.0
>>END_MODULE
>>Per base sequence content	pass
#Base	G	A	T	C
1	22.838944151445816	26.512636185579915	27.111604559869257	23.536815103105017
2	22.78215667580816	26.558849175686372	27.36368636696531	23.295307781540153
3	22.697854463394833	26.64334972057882	27.309236393037885	23.349559422988463
4	22.94584916734432	26.37250158058089	27.531152212276837	23.150497039797948
5	23.13258731476828	26.42275065779462	27.081666448341856	23.36299557909524
6	22.63613280993701	26.828314510204592	27.2861289767826	23.249423703075802
7	22.71550221132454	26.77571425960031	27.186245092142318	23.32253843693283
8	22.769630902605257	26.6453213794568	27.147919598834946	23.437128119103
9	22.661331676497223	26.745618701252106	27.304368077302566	23.288681544948105
10	22.730708410824572	26.76150526203734	27.268858780111998	23.238927547026087
11	23.242296300314187	26.62006930573898	26.95910640923833	23.178527984708495
12	22.54288548219571	26.902235346564314	27.372223451593307	23.182655719646668
13	22.697118371975826	26.746113438534348	27.453177890059926	23.1035902994299
14	22.761892338732494	26.50066554634911	27.55500478468635	23.182437330232037
15	22.68727193095709	26.84264315778597	27.357271347115073	23.11281356414186
16	22.804012403306658	27.114798273136586	27.23931389415583	22.841875429400925
17	22.97028824012857	26.75434672571228	26.927927052243867	23.347437981915288
18	22.87079889156431	27.161702617705675	26.96136144510132	23.006137045628694
19	23.018667327250558	26.8682153552603	27.139384736091827	22.973732581397318
20	23.078724454349196	26.578499737296763	27.173400204978048	23.16937560337599
21	22.99423848245585	26.785657926137922	27.239726268854454	22.980377322551774
22	22.83287755007473	26.947551982830596	27.255618426216344	22.963952040878333
23	22.917523422102157	26.710990820278823	27.128903606438225	23.242582151180795
24	22.71710172049707	27.107564417055624	27.212278244563937	22.96305561788337
25	22.846450722444718	27.017982889523616	27.027619957272712	23.10794643075895
26	22.950405016623428	26.95603478457714	26.94197063731039	23.151589561489043
27	22.950030253969505	27.036979684855027	27.054725746806806	22.958264314368655
28	22.75394774296181	26.99139875330851	27.035774268255736	23.218879235473942
29	23.039209619701758	26.788199614919428	27.024074053073022	23.148516712305796
30	22.827195893591874	27.12107101236611	26.987621053458128	23.064112040583886
31	22.90941313597814	26.98880613066769	27.043751115404486	23.05802961794968
32	22.898236111072215	27.034430263928538	26.93463666257616	23.132696962423086
33	22.76793893769477	26.88550398761567	27.237493872019193	23.10906320267037
34	22.938199472610506	27.230276549644312	27.02989854083939	22.80162543690579
35	22.952117055291872	26.87770286849107	26.979923054509765	23.190257021707293
36	23.043833747575892	27.135195386330224	26.846768908038154	22.97420195805573
37	22.845350801593582	27.019846376926658	26.968561829739258	23.166240991740498
38	22.87132083445414	26.903296866465404	26.915701144687898	23.30968115439256
39	22.81649665057419	27.04421428554778	26.94562262954597	23.193666434332062
40	22.842219076707483	26.999432384164894	27.135297565510015	23.023050973617607
41	23.132283785146353	26.929699005657977	26.920379204838508	23.017638004357167
42	22.980595440680545	27.07445518398785	26.984889860930373	22.96005951440123
43	22.98028197607274	27.172704265547914	26.918702960768986	22.92831079761036
44	23.004977725750074	26.912587084433437	26.823254215834513	23.259180973981973
45	22.85839718110655	27.14392718326948	27.017444890267328	22.98023074535664
46	22.928062782156346	27.30382459486756	26.76856311889828	22.99954950407782
47	23.02284267227744	27.000145620515177	26.84589781511712	23.131113892090262
48	22.973363699730474	27.367590015121984	26.99908270440819	22.65996358073935
49	23.2644652673714	27.302301096991226	26.949260679061382	22.48397295657599
50	23.366959562732216	27.42700021907017	27.0532840640483	22.152756154149316
51	22.891881163094165	27.892184479214055	27.245681618338153	21.970252739353626
>>END_MODULE
>>Per base GC content	pass
#Base	%GC
1	46.37575925455083
2	46.07746445734831
3	46.047413886383296
4	46.09634620714227
5	46.49558289386352
6	45.88555651301281
7	46.03804064825737
8	46.20675902170825
9	45.95001322144533
10	45.969635957850656
11	46.42082428502268
12	45.725541201842375
13	45.80070867140572
14	45.944329668964535
15	45.800085495098955
16	45.64588783270759
17	46.31772622204385
18	45.876935937193004
19	45.99239990864788
20	46.24810005772518
21	45.97461580500762
22	45.79682959095307
23	46.16010557328295
24	45.68015733838044
25	45.954397153203665
26	46.10199457811247
27	45.90829456833816
28	45.972826978435755
29	46.18772633200756
30	45.891307934175764
31	45.96744275392782
32	46.0309330734953
33	45.877002140365136
34	45.739824909516294
35	46.14237407699917
36	46.01803570563162
37	46.01159179333408
38	46.181001988846695
39	46.01016308490625
40	45.865270050325094
41	46.149921789503516
42	45.94065495508177
43	45.9085927736831
44	46.26415869973205
45	45.83862792646319
46	45.92761228623416
47	46.153956564367704
48	45.63332728046982
49	45.74843822394739
50	45.51971571688153
51	44.862133902447795
>>END_MODULE
>>Per sequence GC content	pass
#GC Content	Count
0	8773.0
1	7896.0
2	5949.0
3	5135.5
4	5528.0
5	6460.0
6	7430.0
7	8676.0
8	9963.5
9	12162.0
10	14473.0
11	18359.5
12	22366.5
13	29018.5
14	36448.5
15	48353.5
16	60628.0
17	79185.0
18	98726.0
19	124644.5
20	151482.5
21	185085.5
22	219384.5
23	261270.5
24	304584.0
25	348483.0
26	430955.5
27	489310.0
28	554397.5
29	621099.5
30	693593.5
31	768023.5
32	843846.0
33	921735.5
34	998990.0
35	1072581.5
36	1132628.0
37	1189965.0
38	1226706.0
39	1262344.5
40	1288022.0
41	1310948.5
42	1325189.5
43	1333735.5
44	1327325.5
45	1317112.0
46	1304544.0
47	1290022.0
48	1270379.5
49	1250077.0
50	1230321.5
51	1209352.5
52	1184332.0
53	1158159.5
54	1133268.5
55	1105094.5
56	1068756.5
57	1028624.5
58	977831.0
59	921467.5
60	861394.0
61	796103.5
62	728459.5
63	663603.0
64	592432.0
65	524501.0
66	461887.5
67	400286.5
68	343730.5
69	288589.0
70	244149.5
71	203951.5
72	171203.5
73	140616.0
74	115226.0
75	86269.0
76	71799.0
77	59430.5
78	47457.5
79	38480.5
80	30339.5
81	24315.0
82	19122.0
83	15571.5
84	12398.5
85	10057.5
86	7931.0
87	6613.5
88	5388.5
89	4498.5
90	3669.0
91	3206.0
92	2860.5
93	2670.5
94	2471.0
95	2383.5
96	2337.5
97	2499.5
98	3106.0
99	15707.0
100	27873.0
>>END_MODULE
>>Per base N content	pass
#Base	N-Count
1	0.004019482287918786
2	0.003043388078252368
3	0.005087660856987695
4	0.004300339584096386
5	0.0037294165558009345
6	0.0037294165558009345
7	0.005690813411074019
8	0.004935721663973583
9	0.0032782031947287227
10	0.0029052615391486295
11	0.007058266148201029
12	0.0036511448503088167
13	0.005110681946838318
14	0.0044568829950806235
15	0.004654864367795982
16	0.006712949800441683
17	0.006059150848683988
18	0.008112632063359564
19	0.004857449958481464
20	0.003646540632338692
21	0.004254143060094615
22	0.0070658600118103446
23	0.0064426329882275955
24	0.009380430683960234
25	0.008164524150527371
26	0.007255676983610574
27	0.005378298215636056
28	0.00848952845526624
29	0.004658357255252615
30	0.0046242896760751145
31	0.00615194538473249
32	0.004978989518586297
33	0.0034900180009700627
34	0.008339630646069658
35	0.008213361865102096
36	0.004610495574429048
37	0.004770315805517745
38	0.005923502609680378
39	0.00659468200569629
40	0.006116385905059168
41	0.006560122322555295
42	0.006851388280354093
43	0.00508982882047508
44	0.004013574404137807
45	0.002590864224116133
46	0.005499062522834292
47	0.002722993855907919
48	0.0035831808332973786
49	0.002509903945297661
50	0.004548791172046588
51	0.0033072112959020255
>>END_MODULE
>>Sequence Length Distribution	warn
#Length	Count
20	46225.0
21	47880.0
22	50080.0
23	51498.0
24	52593.0
25	53227.0
26	54077.0
27	55031.0
28	56477.0
29	59683.0
30	60917.0
31	62995.0
32	65775.0
33	66578.0
34	67745.0
35	68067.0
36	67987.0
37	68930.0
38	71100.0
39	73697.0
40	76961.0
41	80855.0
42	85106.0
43	94219.0
44	110989.0
45	158038.0
46	264993.0
47	642032.0
48	1315540.0
49	2652958.0
50	3546919.0
51	1.1490043E7
>>END_MODULE
>>Sequence Duplication Levels	warn
#Total Duplicate Percentage	31.824001575811295
#Duplication Level	Relative count
1	100.0
2	21.020621907616743
3	8.36433240637076
4	4.298457871356857
5	2.4775181480010113
6	1.5782440680414604
7	1.041568854057568
8	0.7121961789880458
9	0.520784427028784
10++	4.447975730434469
>>END_MODULE
>>Overrepresented sequences	warn
#Sequence	Count	Percentage	Possible Source
GGGGGGGGGGGGGGGGGGGGGGGGGGGGGGGGGGGGGGGGGGGGGGGGGGG	21748	0.10013253241427003	No Hit
>>END_MODULE
>>Kmer Content	warn
#Sequence	Count	Obs/Exp Overall	Obs/Exp Max	Max Obs/Exp Position
AAAAA	5753310	4.187396	5.0566616	47
GGGGG	2255365	3.6788769	5.369283	47
TTTTT	5141505	3.6072202	4.312583	13
>>END_MODULE
