##FastQC	0.10.1
>>Basic Statistics	pass
#Measure	Value	
Filename	006-F0_S6_L001_R1_001.fastq.gz	
File type	Conventional base calls	
Encoding	Sanger / Illumina 1.9	
Total Sequences	23361039	
Filtered Sequences	0	
Sequence length	35-76	
%GC	46	
>>END_MODULE
>>Per base sequence quality	pass
#Base	Mean	Median	Lower Quartile	Upper Quartile	10th Percentile	90th Percentile
1	31.372956185724444	32.0	32.0	32.0	32.0	32.0
2	31.393130630876477	32.0	32.0	32.0	32.0	32.0
3	31.486737426361902	32.0	32.0	32.0	32.0	32.0
4	31.574515157480796	32.0	32.0	32.0	32.0	32.0
5	31.541425618954705	32.0	32.0	32.0	32.0	32.0
6	35.13922338813783	36.0	36.0	36.0	36.0	36.0
7	35.15529942824889	36.0	36.0	36.0	36.0	36.0
8	35.08349718520653	36.0	36.0	36.0	36.0	36.0
9	35.23111407844488	36.0	36.0	36.0	36.0	36.0
10-14	35.154784707991794	36.0	36.0	36.0	36.0	36.0
15-19	35.103449140254426	36.0	36.0	36.0	36.0	36.0
20-24	35.05276786704564	36.0	36.0	36.0	36.0	36.0
25-29	34.941251046239856	36.0	36.0	36.0	36.0	36.0
30-34	34.839181955905296	36.0	36.0	36.0	36.0	36.0
35-39	34.80700325402912	36.0	36.0	36.0	36.0	36.0
40-44	34.757452699319714	36.0	36.0	36.0	35.2	36.0
45-49	34.65871311040357	36.0	36.0	36.0	32.0	36.0
50-54	34.53963409796871	36.0	36.0	36.0	32.0	36.0
55-59	34.3844421308856	36.0	36.0	36.0	32.0	36.0
60-64	34.23699729496688	36.0	36.0	36.0	32.0	36.0
65-69	34.08846187466885	36.0	36.0	36.0	32.0	36.0
70-74	33.97712635138325	36.0	36.0	36.0	32.0	36.0
75-76	33.29676450967847	36.0	34.0	36.0	23.0	36.0
>>END_MODULE
>>Per sequence quality scores	pass
#Quality	Count
2	42661.0
3	0.0
4	0.0
5	0.0
6	0.0
7	0.0
8	0.0
9	0.0
10	0.0
11	0.0
12	0.0
13	0.0
14	0.0
15	1.0
16	2.0
17	27.0
18	209.0
19	1185.0
20	4651.0
21	10997.0
22	20510.0
23	34703.0
24	58451.0
25	95581.0
26	146792.0
27	215308.0
28	299049.0
29	398192.0
30	515446.0
31	673889.0
32	923385.0
33	1454511.0
34	3361295.0
35	1.5104194E7
>>END_MODULE
>>Per base sequence content	fail
#Base	G	A	T	C
1	42.3055260066372	19.160156395782945	11.947339065923588	26.586978531656264
2	15.875661749828524	19.671639655748997	37.35217386046257	27.100524733959908
3	19.040850214166007	21.82869635771984	27.77730509349714	31.353148334617014
4	13.061786838905165	15.311412927596466	35.412535802254396	36.214264431243976
5	14.917774298023645	35.005565138364254	33.97079762580399	16.10586293780811
6	34.52001419591643	34.880626164662935	16.349391309115134	14.2499683303055
7	30.31836649694788	29.088289463713537	20.70436977667871	19.888974262659875
8	25.987952506816725	35.22504009498431	19.864391940125508	18.922615458073455
9	24.545553725906665	15.77086107790173	20.48211500817081	39.2014701880208
10-14	24.13704858174479	22.99994113619966	28.242642125736765	24.620368156318786
15-19	22.66451513399583	28.027511481228828	26.040961230710813	23.267012154064528
20-24	22.780193570844407	26.673996384904537	27.315830901415538	23.229979142835518
25-29	22.703249513586485	26.731354947638643	27.18226026247156	23.383135276303317
30-34	22.7051703163664	26.744559639693925	27.31789930699524	23.232370736944432
35-39	22.77912991581936	26.955800128255405	27.1369013536679	23.128168602257336
40-44	22.8412831531029	26.836287865267337	27.2004017610474	23.122027220582357
45-49	22.857769621256967	26.939378322797182	27.012588061105962	23.190263994839892
50-54	22.84842669576074	27.011225952794554	27.028368557026145	23.111978794418565
55-59	22.905099759022477	26.939122346444083	26.901576761744167	23.25420113278927
60-64	22.983807132813457	26.963729294475318	26.92454743804239	23.127916134668833
65-69	23.030985975798252	27.075922347866154	26.858513072367156	23.034578603968438
70-74	23.307106470282694	27.29280956985528	26.825637162300332	22.574446797561695
75-76	27.48756764166906	34.62064837182851	27.77442257229926	10.117361414203165
>>END_MODULE
>>Per base GC content	fail
#Base	%GC
1	68.89250453829347
2	42.97618648378843
3	50.39399854878302
4	49.27605127014914
5	31.023637235831753
6	48.76998252622193
7	50.20734075960775
8	44.91056796489018
9	63.74702391392746
10-14	48.757416738063576
15-19	45.93152728806036
20-24	46.01017271367993
25-29	46.0863847898898
30-34	45.93754105331083
35-39	45.9072985180767
40-44	45.96331037368525
45-49	46.04803361609686
50-54	45.9604054901793
55-59	46.159300891811746
60-64	46.11172326748228
65-69	46.065564579766686
70-74	45.88155326784439
75-76	37.604929055872226
>>END_MODULE
>>Per sequence GC content	warn
#GC Content	Count
0	42669.0
1	21344.0
2	34.5
3	71.5
4	92.5
5	122.5
6	224.0
7	417.5
8	544.0
9	742.0
10	1294.0
11	2158.5
12	2691.0
13	3658.0
14	6187.0
15	10159.5
16	16284.0
17	21165.5
18	28785.5
19	43945.0
20	63248.5
21	77435.0
22	97276.0
23	132394.0
24	169875.5
25	195240.5
26	228978.5
27	283426.0
28	336743.5
29	373567.0
30	418391.5
31	488472.0
32	556795.0
33	603279.0
34	663905.0
35	754474.5
36	832958.5
37	881160.5
38	919439.5
39	960752.0
40	978084.0
41	983543.0
42	995680.5
43	1005302.0
44	1001913.0
45	988811.5
46	982500.0
47	972886.5
48	951611.0
49	929541.0
50	915575.5
51	898364.0
52	872279.0
53	847830.5
54	834844.5
55	820575.5
56	795828.0
57	768587.0
58	743527.0
59	703637.5
60	646358.5
61	584423.5
62	533940.0
63	484747.5
64	421027.0
65	361479.0
66	301905.0
67	258472.0
68	224475.5
69	182959.0
70	143097.0
71	115987.0
72	96505.5
73	76915.0
74	59573.0
75	47303.5
76	39534.0
77	31524.5
78	23436.5
79	18562.5
80	16016.0
81	12554.5
82	8864.0
83	6566.0
84	5147.0
85	3825.0
86	2661.0
87	2014.5
88	1667.5
89	1248.0
90	899.0
91	643.0
92	504.0
93	521.0
94	453.0
95	289.0
96	217.0
97	182.5
98	120.0
99	74.5
100	58.0
>>END_MODULE
>>Per base N content	pass
#Base	N-Count
1	0.21151884554449826
2	0.18379747578864108
3	0.1826930728551928
4	0.1826759503290928
5	0.18261602148774292
6	0.21450244571741867
7	0.18262030211926789
8	0.18261602148774292
9	0.18261602148774292
10-14	0.18322301503798696
15-19	0.18285231234792254
20-24	0.18328208775303187
25-29	0.1854694904623035
30-34	0.1874771066475254
35-39	0.05104442193381697
40-44	0.0079226757912553
45-49	0.003068781265499603
50-54	0.0029752492088854707
55-59	0.004329520686226437
60-64	0.0020655487103400255
65-69	0.002523987879478584
70-74	0.006079938689871788
75-76	0.02088275102624086
>>END_MODULE
>>Sequence Length Distribution	warn
#Length	Count
35	56635.0
36	20676.0
37	27356.0
38	29996.0
39	32469.0
40	32432.0
41	33802.0
42	35065.0
43	38145.0
44	40711.0
45	44176.0
46	46215.0
47	48769.0
48	50116.0
49	52377.0
50	52028.0
51	52289.0
52	52913.0
53	54646.0
54	56984.0
55	59115.0
56	60482.0
57	63897.0
58	64343.0
59	66121.0
60	66826.0
61	65300.0
62	66039.0
63	65658.0
64	69021.0
65	70240.0
66	72902.0
67	74658.0
68	74837.0
69	80731.0
70	84806.0
71	102952.0
72	191138.0
73	578001.0
74	1555158.0
75	4905193.0
76	1.4065821E7
>>END_MODULE
>>Sequence Duplication Levels	warn
#Total Duplicate Percentage	36.23989039642904
#Duplication Level	Relative count
1	100.0
2	24.216168757653474
3	10.404873578090463
4	5.450428594533398
5	3.2516192632640957
6	2.0432368321742413
7	1.3577936430920419
8	0.985035773973183
9	0.7008464068143835
10++	5.622174472247252
>>END_MODULE
>>Overrepresented sequences	warn
#Sequence	Count	Percentage	Possible Source
NNNNNNNNNNNNNNNNNNNNNNNNNNNNNNNNNNN	42661	0.18261602148774292	No Hit
>>END_MODULE
>>Kmer Content	warn
#Sequence	Count	Obs/Exp Overall	Obs/Exp Max	Max Obs/Exp Position
AAAAA	7647470	3.4863288	6.5077276	72
TTTTT	7246540	3.2038941	5.7872925	72
CCTGG	3876455	3.031963	11.808209	3
CCAGG	3727285	2.933205	12.608525	3
CCCAG	3540060	2.7815616	10.850697	2
CTGGG	3475150	2.7222903	9.667154	4
CCAGC	3274515	2.572913	6.5953836	3
CAGCA	3723825	2.5546324	7.042075	4
GGAGG	3217680	2.5400138	5.7347293	6
TGCTG	3691885	2.5057502	6.578765	2
GCTGG	3164050	2.4785872	5.627933	3
TCCAG	3576150	2.43834	9.821016	2
AGGAG	3427885	2.358896	7.236264	5
CAGGA	3418490	2.3487952	10.29069	4
CTCCA	3425660	2.332121	7.29205	1
CAGCC	2965565	2.330159	5.235602	9
CTCCT	3412460	2.308946	6.787275	1
CTGGA	3355275	2.2912807	8.729808	4
GGCTG	2911380	2.2806559	7.959988	7
TCCTG	3364105	2.279751	9.565946	2
AGCAG	3316905	2.2789974	5.108505	7
CTGCT	3353545	2.272595	6.516927	9
CAGAG	3251470	2.234038	7.480494	4
GGCAG	2821465	2.2238023	5.6687756	7
CCTGC	2843545	2.2206368	6.318827	3
GCAGG	2804130	2.2101393	6.3374267	3
CTGCA	3219130	2.1949112	6.517406	4
CCCTG	2809820	2.1942997	8.5487995	2
GCTGC	2801505	2.1911926	5.452296	8
TGCAG	3184440	2.1746194	6.6082172	2
CTCTG	3208835	2.1745293	7.1770635	2
CTGCC	2777630	2.1691613	5.6831284	9
CAGGG	2712895	2.1382303	8.904333	4
CACAG	3109020	2.1328616	7.240719	7
TGGAG	3108905	2.1263235	6.3978086	5
GCCTG	2718305	2.126118	6.6364574	7
CTGTG	3060400	2.0771496	9.142419	9
AGCTG	3022295	2.0638924	5.6885934	7
CAGGC	2575950	2.0271564	5.9058785	4
GGAGA	2921080	2.0101385	5.489189	6
GCCAG	2540170	1.9989989	5.1674676	2
CTGGC	2541940	1.9881743	5.1454062	4
CTCAG	2897865	1.9758623	6.016528	2
CCCCA	2506815	1.9666572	6.470476	1
CTGAG	2861000	1.9537458	5.5376344	4
CAGAA	3246715	1.9446629	5.4634957	4
CAGTG	2754525	1.8810352	6.3827558	9
TTCTG	3197480	1.8802958	5.135609	2
CCAGA	2710655	1.8595737	6.6655536	3
CACTG	2719670	1.8543628	7.500359	7
CCTCT	2740010	1.8539513	5.201143	1
TCCCA	2720600	1.85213	5.117455	2
GGCCA	2336465	1.8386923	5.685806	1
TGGGG	2340060	1.8359447	5.3803506	5
AGAGG	2663985	1.8332187	5.0078535	5
TCTGG	2663765	1.8079461	6.0207396	3
ACCTG	2624490	1.7894659	5.0763636	7
TGGCC	2252250	1.7615937	5.156059	5
GAGAG	2507230	1.7253481	5.4252524	7
ACAGA	2862425	1.7144872	5.8331976	8
CCTGA	2499390	1.7041683	5.361618	3
ACACA	2848560	1.7035457	6.6593685	6
GCCCA	2153580	1.6921508	6.60292	1
CACAC	2449130	1.6775646	6.794038	5
TCAGG	2424515	1.655675	5.721105	3
GTGTG	2426180	1.6492418	6.473489	9
CCTGT	2406810	1.6310215	5.4702463	8
AGGTG	2372570	1.6227101	5.088985	7
TGTGT	2751615	1.6206069	6.331406	10
TGGGC	2051660	1.6071864	5.8080053	5
ACAGC	2218855	1.5221871	5.6694646	8
GCTGT	2208195	1.4987423	5.368959	8
CTGTC	2174120	1.4733346	5.919531	9
GACAG	2135225	1.4670823	6.80774	7
GCCCT	1865545	1.456878	5.3225913	1
GGGCT	1834950	1.4374247	5.607149	6
AGACA	2353265	1.4095191	5.3670464	6
AGGGC	1770625	1.3955586	5.3563085	5
GGACA	1918360	1.3180774	6.09138	6
GTCCT	1938945	1.3139637	8.424958	1
GTGCT	1874130	1.2720063	5.5357027	1
AGGAC	1824445	1.2535498	8.446903	5
TGTGC	1840480	1.2491676	6.0789843	10
ACTGC	1832015	1.2491299	5.2207155	8
AGCAC	1786335	1.2254682	5.5906105	5
GTCCA	1764510	1.2031024	6.722119	1
GTCTT	1924035	1.1314393	5.148579	1
ACAGT	1897330	1.1294901	5.6010895	8
GTCCC	1438265	1.1231982	5.1376143	1
GTGCA	1640320	1.1201566	5.6064606	1
TGGAC	1638255	1.1187465	5.942973	5
ACTGT	1877600	1.110918	6.605905	8
TGCAC	1619765	1.1044105	5.2370267	5
GACTG	1542795	1.0535579	5.9798083	7
GGACC	1284300	1.0106862	5.2378044	6
ACACT	1697530	1.0089864	5.09573	6
AGACT	1680060	1.0001479	5.008362	6
TGTAG	1612585	0.95559365	5.3074584	2
GGACT	1398960	0.95533466	5.2754555	6
TAGGA	1356140	0.8085666	5.336881	4
TCCTA	1344595	0.7943259	5.031837	2
GTGTA	1174910	0.696234	5.6391354	1
>>END_MODULE
