##FastQC	0.10.1
>>Basic Statistics	pass
#Measure	Value	
Filename	018-F0_S3_L001_R2_001.fastq.gz	
File type	Conventional base calls	
Encoding	Sanger / Illumina 1.9	
Total Sequences	18743692	
Filtered Sequences	0	
Sequence length	35-75	
%GC	45	
>>END_MODULE
>>Per base sequence quality	pass
#Base	Mean	Median	Lower Quartile	Upper Quartile	10th Percentile	90th Percentile
1	31.52519071482822	32.0	32.0	32.0	32.0	32.0
2	31.339443104378795	32.0	32.0	32.0	32.0	32.0
3	31.376258850177436	32.0	32.0	32.0	32.0	32.0
4	31.411965102712955	32.0	32.0	32.0	32.0	32.0
5	31.38067585617604	32.0	32.0	32.0	32.0	32.0
6	35.135343453146795	36.0	36.0	36.0	36.0	36.0
7	35.1208855224467	36.0	36.0	36.0	36.0	36.0
8	35.07840072276049	36.0	36.0	36.0	36.0	36.0
9	35.15361258603694	36.0	36.0	36.0	36.0	36.0
10	35.02161719260005	36.0	36.0	36.0	36.0	36.0
11	35.14521626795831	36.0	36.0	36.0	36.0	36.0
12	35.05462995230609	36.0	36.0	36.0	36.0	36.0
13	35.08812559446666	36.0	36.0	36.0	36.0	36.0
14	35.031323871519014	36.0	36.0	36.0	36.0	36.0
15	35.00417916598288	36.0	36.0	36.0	36.0	36.0
16	35.019897467371955	36.0	36.0	36.0	36.0	36.0
17	35.00865149726105	36.0	36.0	36.0	36.0	36.0
18	34.99408019508643	36.0	36.0	36.0	36.0	36.0
19	34.99038193756065	36.0	36.0	36.0	36.0	36.0
20	34.97573898461413	36.0	36.0	36.0	36.0	36.0
21	34.96980322766721	36.0	36.0	36.0	36.0	36.0
22	34.960794703626156	36.0	36.0	36.0	36.0	36.0
23	34.94540952764269	36.0	36.0	36.0	36.0	36.0
24	34.93392982556478	36.0	36.0	36.0	36.0	36.0
25	34.918863583545864	36.0	36.0	36.0	36.0	36.0
26	34.90146124893644	36.0	36.0	36.0	36.0	36.0
27	34.89186159268942	36.0	36.0	36.0	36.0	36.0
28	34.879494498735895	36.0	36.0	36.0	36.0	36.0
29	34.85935695059437	36.0	36.0	36.0	36.0	36.0
30	34.84669893209939	36.0	36.0	36.0	36.0	36.0
31	34.83447097828966	36.0	36.0	36.0	36.0	36.0
32	34.81885329741867	36.0	36.0	36.0	36.0	36.0
33	34.81209795807571	36.0	36.0	36.0	36.0	36.0
34	34.804009957056486	36.0	36.0	36.0	36.0	36.0
35	34.79188811894689	36.0	36.0	36.0	36.0	36.0
36	34.789855469458345	36.0	36.0	36.0	36.0	36.0
37	34.77892655718742	36.0	36.0	36.0	36.0	36.0
38	34.7633096363956	36.0	36.0	36.0	36.0	36.0
39	34.73713534900958	36.0	36.0	36.0	36.0	36.0
40	34.74407271654057	36.0	36.0	36.0	36.0	36.0
41	34.727654801702215	36.0	36.0	36.0	36.0	36.0
42	34.71611629658428	36.0	36.0	36.0	36.0	36.0
43	34.70827664485845	36.0	36.0	36.0	36.0	36.0
44	34.69051429349625	36.0	36.0	36.0	36.0	36.0
45	34.67934585048034	36.0	36.0	36.0	36.0	36.0
46	34.65861176146138	36.0	36.0	36.0	36.0	36.0
47	34.647944864916	36.0	36.0	36.0	36.0	36.0
48	34.63374041537125	36.0	36.0	36.0	36.0	36.0
49	34.62580132000504	36.0	36.0	36.0	36.0	36.0
50	34.60268874968969	36.0	36.0	36.0	32.0	36.0
51	34.586342804657804	36.0	36.0	36.0	32.0	36.0
52	34.56600738256081	36.0	36.0	36.0	32.0	36.0
53	34.539394769762765	36.0	36.0	36.0	32.0	36.0
54	34.51996697381244	36.0	36.0	36.0	32.0	36.0
55	34.48118521456538	36.0	36.0	36.0	32.0	36.0
56	34.47452584887271	36.0	36.0	36.0	32.0	36.0
57	34.46412999564512	36.0	36.0	36.0	32.0	36.0
58	34.4413818838974	36.0	36.0	36.0	32.0	36.0
59	34.416356761433434	36.0	36.0	36.0	32.0	36.0
60	34.40316266618434	36.0	36.0	36.0	32.0	36.0
61	34.37446094400329	36.0	36.0	36.0	32.0	36.0
62	34.35206612208921	36.0	36.0	36.0	32.0	36.0
63	34.32473106045001	36.0	36.0	36.0	32.0	36.0
64	34.29418044266725	36.0	36.0	36.0	32.0	36.0
65	34.27900681158023	36.0	36.0	36.0	32.0	36.0
66	34.25184869342288	36.0	36.0	36.0	32.0	36.0
67	34.223902503248745	36.0	36.0	36.0	32.0	36.0
68	34.20049870289259	36.0	36.0	36.0	32.0	36.0
69	34.18653958690552	36.0	36.0	36.0	32.0	36.0
70	34.16480481065175	36.0	36.0	36.0	32.0	36.0
71	34.134301873826765	36.0	36.0	36.0	32.0	36.0
72	34.11249616668599	36.0	36.0	36.0	32.0	36.0
73	34.08030993175499	36.0	36.0	36.0	32.0	36.0
74	34.02549992441904	36.0	36.0	36.0	32.0	36.0
75	33.074153240061804	36.0	36.0	36.0	21.0	36.0
>>END_MODULE
>>Per sequence quality scores	pass
#Quality	Count
2	14158.0
3	74.0
4	2041.0
5	3028.0
6	1340.0
7	334.0
8	330.0
9	180.0
10	137.0
11	192.0
12	227.0
13	238.0
14	998.0
15	2680.0
16	4375.0
17	7018.0
18	10056.0
19	14187.0
20	20008.0
21	28511.0
22	39796.0
23	55781.0
24	77939.0
25	107448.0
26	142483.0
27	184198.0
28	232521.0
29	290411.0
30	362026.0
31	463867.0
32	629229.0
33	966879.0
34	2138220.0
35	1.2942782E7
>>END_MODULE
>>Per base sequence content	fail
#Base	G	A	T	C
1	45.575182615739	17.697311965639166	10.68886937735751	26.038636041264322
2	16.978864435550605	19.407633112688867	36.395543609791055	27.217958841969477
3	19.94032958365432	20.863355835892843	28.708905435584803	30.487409144868028
4	13.647785565483197	14.293114367787924	36.11078275249096	35.94831731423792
5	15.13561390202004	34.42368910263221	35.20278415425741	15.237912841090345
6	34.786449734850834	34.77344856234262	16.37196808385676	14.068133618949782
7	30.63227295004664	29.61138157198157	20.615774768722986	19.1405707092488
8	26.749666697477824	33.880116608224256	20.232620516889508	19.137596177408415
9	24.694154777574028	15.165550057292487	20.682051655901127	39.458243509232354
10	14.587329214228031	26.422010205208096	35.08860754896571	23.90205303159816
11	34.207954689908526	22.927679684487252	23.839927702117343	19.02443792348688
12	22.09514400668562	24.23521702674792	31.390839151717838	22.278799814848625
13	27.902883942545497	20.514734868515937	26.245079029320173	25.337302159618396
14	20.37138544599018	20.654766031677223	27.441114921235332	31.532733601097263
15	22.71875413137333	29.53690960588535	23.37520147747926	24.369134785262066
16	22.7659358752046	28.472849507655646	25.72205858047949	23.03915603666026
17	21.68169443122221	28.188007726901066	27.593971359100106	22.53632648277662
18	22.09780110336923	27.73039974752293	28.208350845689207	21.963448303418634
19	22.648647770888378	27.162530835913252	27.686609155794393	22.502212237403974
20	22.563221665349257	27.130933867968416	27.911833929502166	22.394010537180158
21	22.289742627567815	26.844576323018227	27.635781885777543	23.22989916363641
22	22.366872167591666	26.849800783596805	27.860099760707417	22.923227288104115
23	22.217158682635212	26.96619375960977	27.832801554838444	22.98384600291658
24	22.474762488945444	26.569837959086318	28.117072670409794	22.838326881558444
25	22.558500346823426	26.685645719201112	27.660458315434866	23.095395618540593
26	22.040873759806068	27.07409401997922	27.870353508057445	23.01467871215727
27	22.10636388387823	27.104109956812948	27.844270866746733	22.945255292562084
28	22.220308533512505	26.936617508075646	27.76735903674882	23.075714921663028
29	22.056921649961403	27.0567365296094	27.92176947488809	22.964572345541107
30	22.11488420817581	27.134107611527526	27.856332771882812	22.89467540841385
31	22.670277223681808	27.041184496329436	27.579493332507088	22.709044947481676
32	21.96409541143882	27.33264623216466	27.95877798987704	22.744480366519486
33	22.111608756855716	27.132937652616345	28.105569059725184	22.649884530802755
34	22.191928188645726	26.822785940066424	28.222038729578703	22.763247141709144
35	22.023658448465593	27.177091229174412	28.083566950953898	22.7156833714061
36	22.14866824131217	27.452905556478363	28.012332307012382	22.38609389519708
37	22.297307948789513	27.122368786610707	27.642096036947457	22.938227227652323
38	22.19096159370653	27.570201169815473	27.63902076251938	22.59981647395862
39	22.335779426660988	27.319531959162607	27.87037077630805	22.47431783786836
40	22.4452917374705	27.01163108078739	27.820094299585357	22.72298288215675
41	22.36338894518543	27.250642211298924	27.902289178099554	22.483679665416087
42	22.154140325679727	27.488267796144207	27.946234839346207	22.411357038829856
43	22.274016959611316	27.225003892815735	27.82683748934696	22.674141658225984
44	22.132467583391392	27.60296279408663	27.837823910301523	22.42674571222046
45	22.196880855497575	27.505600910724166	27.7495647904777	22.54795344330056
46	22.361221816010314	27.383509250448945	27.62575814385278	22.629510789687956
47	22.352824634846318	27.494922350560092	27.716031988882918	22.436221025710676
48	22.119677861761037	27.479636494564	27.701150573503686	22.69953507017128
49	22.465761741805736	27.265409701211457	27.685112798599143	22.583715758383665
50	22.22356717778802	27.639448111972765	27.66215700854732	22.47482770169189
51	22.288797604642436	27.58001118975898	27.676656866837344	22.454534338761235
52	22.333065040982365	27.55575397674012	27.574160246916584	22.537020735360926
53	22.152224744810347	27.411738319611256	27.871885710403888	22.564151225174506
54	22.321096287315846	27.765122791973273	27.697829983648674	22.215950937062203
55	22.33195780196151	27.336033837250707	27.665924777109037	22.66608358367875
56	22.41030084927065	27.655621134524207	27.46298058629206	22.471097429913087
57	22.270557193423674	27.567036220809303	27.586040037594106	22.576366548172917
58	22.34253865794664	27.43303430502405	27.48000885514708	22.744418181882228
59	22.22648744485666	27.534044053480972	27.60221950226877	22.6372489993936
60	22.22596353073374	27.553219902339354	27.80584785169557	22.414968715231335
61	22.529576881128797	27.4819876664766	27.547546388029865	22.44088906436474
62	22.422387618046372	27.654742564130935	27.585944009935222	22.33692580788747
63	22.404891796248148	27.778215786367543	27.484359276672976	22.332533140711334
64	22.444267755889364	27.470522058987335	27.40016878234285	22.685041402780453
65	22.330797343936588	27.671439007213188	27.56392464863588	22.43383900021434
66	22.36286617146338	27.894371502786054	27.347543622526345	22.395218703224224
67	22.524621193736667	27.505764034802976	27.39614029447649	22.57347447698387
68	22.46027250034479	27.84593735799833	27.547980423756336	22.14580971790055
69	22.711231618806465	27.708602530111236	27.474064923355762	22.106100927726533
70	22.875402663707618	27.43675221025465	27.3265766569594	22.361268469078336
71	22.592482384590877	27.898715539569803	27.27653021151989	22.23227186431943
72	22.549102936651817	28.01486873392969	27.530907463307724	21.90512086611077
73	23.331745104054725	28.599627394555572	27.47986862258816	20.58875887880154
74	24.411985552152775	31.021446162071513	27.761072416711734	16.80549586906398
75	29.649150624249287	41.282360905701594	29.068488470049118	0.0
>>END_MODULE
>>Per base GC content	fail
#Base	%GC
1	71.61381865700332
2	44.196823277520075
3	50.42773872852236
4	49.596102879721116
5	30.373526743110386
6	48.854583353800614
7	49.77284365929544
8	45.88726287488624
9	64.15239828680639
10	38.48938224582619
11	53.232392613395405
12	44.37394382153424
13	53.24018610216389
14	51.90411904708745
15	47.08788891663539
16	45.805091911864864
17	44.21802091399883
18	44.06124940678786
19	45.150860008292355
20	44.95723220252942
21	45.51964179120423
22	45.290099455695774
23	45.20100468555179
24	45.31308937050389
25	45.65389596536402
26	45.05555247196333
27	45.05161917644032
28	45.29602345517553
29	45.02149399550251
30	45.00955961658966
31	45.37932217116348
32	44.7085757779583
33	44.761493287658475
34	44.95517533035487
35	44.73934181987169
36	44.53476213650925
37	45.235535176441836
38	44.79077806766515
39	44.81009726452934
40	45.168274619627255
41	44.84706861060152
42	44.56549736450959
43	44.948158617837294
44	44.55921329561185
45	44.74483429879814
46	44.99073260569828
47	44.789045660557
48	44.81921293193231
49	45.0494775001894
50	44.69839487947991
51	44.74333194340367
52	44.870085776343295
53	44.71637596998485
54	44.53704722437805
55	44.998041385640256
56	44.881398279183735
57	44.84692374159659
58	45.086956839828865
59	44.86373644425026
60	44.640932245965075
61	44.97046594549354
62	44.75931342593385
63	44.73742493695948
64	45.12930915866982
65	44.76463634415093
66	44.758084874687604
67	45.09809567072053
68	44.606082218245334
69	44.817332546533
70	45.23667113278595
71	44.82475424891031
72	44.454223802762584
73	43.92050398285626
74	41.21748142121675
75	29.649150624249287
>>END_MODULE
>>Per sequence GC content	warn
#GC Content	Count
0	14264.0
1	7347.5
2	725.5
3	1296.0
4	1576.0
5	1768.5
6	1867.0
7	1662.5
8	1564.5
9	1596.0
10	1876.0
11	2663.5
12	3222.0
13	3929.5
14	5671.5
15	8562.5
16	10957.0
17	15361.5
18	25100.0
19	38124.5
20	47324.0
21	62454.5
22	90680.5
23	121758.5
24	142532.5
25	169650.0
26	215206.0
27	262313.0
28	294077.5
29	330690.0
30	389867.0
31	448381.0
32	486818.5
33	531665.5
34	607555.5
35	680178.5
36	721469.5
37	759818.0
38	800676.0
39	822574.5
40	837513.5
41	839630.5
42	833424.5
43	825564.0
44	822869.5
45	813281.0
46	788824.0
47	762881.5
48	749906.0
49	732622.0
50	699272.5
51	665776.5
52	646493.0
53	633387.5
54	608055.5
55	581104.5
56	566094.0
57	549118.5
58	516412.5
59	477759.0
60	446747.5
61	412291.0
62	367341.0
63	321379.5
64	285499.0
65	257349.0
66	219261.5
67	180514.5
68	152908.0
69	132371.0
70	108006.5
71	84161.5
72	68449.5
73	58200.0
74	46476.5
75	35904.5
76	29281.5
77	24675.0
78	19490.0
79	14883.0
80	11869.0
81	9914.0
82	7804.0
83	5643.5
84	4207.0
85	3430.5
86	2634.0
87	1936.5
88	1650.5
89	1477.0
90	1177.0
91	1023.0
92	1016.5
93	970.5
94	889.0
95	877.0
96	899.0
97	939.0
98	1152.0
99	5031.0
100	8738.0
>>END_MODULE
>>Per base N content	pass
#Base	N-Count
1	0.2510497931784197
2	0.1513309117542051
3	0.08797092909977394
4	0.07559876677444337
5	0.07613227959571678
6	0.07795689344447188
7	0.07981885319071612
8	0.08915532756300093
9	0.10455250758495177
10	0.10522473373975628
11	0.11284863195575343
12	0.11584697401131004
13	0.1215982422246375
14	0.11857855965622996
15	0.12066459478740901
16	0.12408441197177163
17	0.12335349940662704
18	0.1257809827434211
19	0.12177963658387045
20	0.1274188671047305
21	0.12146486401931915
22	0.12321478607309594
23	0.12700272710413724
24	0.12824047684949155
25	0.11924011555460899
26	0.13094005172513506
27	0.12288400812390643
28	0.13206042864980924
29	0.1394549163526588
30	0.1297609883901208
31	0.13077466275054028
32	0.13054525223739272
33	0.12563159915346456
34	0.12911543787637994
35	0.13184702352129984
36	0.05687307143633686
37	0.06103166912375923
38	0.07382735573551912
39	0.06340130192270618
40	0.05654156029158749
41	0.0744079841579483
42	0.07953774721565737
43	0.0733206910476469
44	0.06694125159744951
45	0.06949408041656814
46	0.06123924501501988
47	0.0669416549555862
48	0.08087619545411494
49	0.050201822281038054
50	0.053922685950633084
51	0.054541300135503394
52	0.06397429830950448
53	0.06790199849972303
54	0.06272085224863234
55	0.0694916679630456
56	0.059263825281079
57	0.06540155859200197
58	0.07479006686538481
59	0.06123737890572626
60	0.06397290349911426
61	0.05457074861120434
62	0.06040863009662442
63	0.05656378596786523
64	0.06430579722900671
65	0.06170487757057208
66	0.05895328690844082
67	0.05362319126558624
68	0.07048476242648777
69	0.058299069772584124
70	0.06653652996064974
71	0.06333345956535091
72	0.05736402374475353
73	0.056481619891944924
74	0.057707959732832555
75	0.07769535955585817
>>END_MODULE
>>Sequence Length Distribution	warn
#Length	Count
35	16024.0
36	2963.0
37	4002.0
38	4999.0
39	5573.0
40	6493.0
41	6855.0
42	7652.0
43	8572.0
44	9904.0
45	11052.0
46	12021.0
47	12927.0
48	13817.0
49	14569.0
50	14853.0
51	15206.0
52	15637.0
53	16501.0
54	18110.0
55	18888.0
56	19747.0
57	20971.0
58	21739.0
59	22755.0
60	23727.0
61	23277.0
62	23894.0
63	24467.0
64	26485.0
65	27918.0
66	28122.0
67	31525.0
68	32054.0
69	39982.0
70	52026.0
71	124164.0
72	450559.0
73	1299261.0
74	3994881.0
75	1.221952E7
>>END_MODULE
>>Sequence Duplication Levels	warn
#Total Duplicate Percentage	39.086461474983054
#Duplication Level	Relative count
1	100.0
2	26.654517010862115
3	11.89752356683789
4	6.4527574611520135
5	3.908587279955487
6	2.4796587344466934
7	1.7176172697142948
8	1.1942681579562773
9	0.9152561507632511
10++	6.058431242893661
>>END_MODULE
>>Overrepresented sequences	pass
>>END_MODULE
>>Kmer Content	warn
#Sequence	Count	Obs/Exp Overall	Obs/Exp Max	Max Obs/Exp Position
AAAAA	7197985	3.8634486	8.710829	71
TTTTT	6125640	3.0360622	5.258784	71
CCTGG	2946465	3.0236843	12.328422	3
CCAGG	2766200	2.8842952	12.621999	3
CCCAG	2600365	2.7266724	11.422575	2
CTGGG	2591350	2.6443481	10.841876	4
CCAGC	2484505	2.6051848	6.480621	3
CAGCA	2905655	2.5734956	6.6782694	4
TGCTG	2972965	2.5362067	7.484981	2
GGAGG	2433620	2.5091336	5.667637	6
GCTGG	2442095	2.4920406	6.906349	3
TCCAG	2820610	2.4586768	8.968246	2
CTGCT	2748700	2.3581138	6.712516	9
GCTGC	2286480	2.3464026	5.846367	8
CTCCA	2661020	2.3326473	6.4809823	1
CAGGA	2643270	2.3279753	9.694507	4
CAGCC	2218695	2.3264635	5.435238	9
CTCCT	2692205	2.322673	6.214727	1
AGCAG	2629765	2.3160813	5.3972425	7
AGGAG	2640170	2.3122041	6.8640304	5
CTGGA	2663530	2.3087316	8.77829	4
GGCTG	2215290	2.2605972	8.572727	7
TCCTG	2613695	2.242293	8.849275	2
CCTGC	2158335	2.2273915	6.3702235	3
GGCAG	2131120	2.2096398	6.2241764	7
CTGCC	2126755	2.1948009	5.693364	9
GCAGG	2113135	2.190992	6.817865	3
CTGCA	2507035	2.185339	6.5931106	4
CCCTG	2086820	2.1535883	9.1879425	2
TGCAG	2477195	2.1472175	7.00709	2
CAGAG	2429215	2.1394534	7.674728	4
CTCTG	2471575	2.1203678	7.683601	2
GCCTG	2059555	2.1135306	7.111958	7
TGGAG	2413435	2.0802186	6.3973722	5
AGCTG	2379810	2.062805	5.9777594	7
CAGGG	1971440	2.0440764	9.399274	4
CAGAA	2713470	2.0299492	5.475252	4
CTGGC	1969555	2.0211718	5.9137297	4
GCCAG	1929810	2.012198	5.4430084	2
GGAGA	2293250	2.0083792	5.352427	6
CCCCA	1872810	1.9748538	6.8328657	1
CAGGC	1893100	1.9739206	6.1618714	4
CACAG	2211275	1.9584936	6.5848494	7
TTCTG	2715645	1.936735	5.2182336	2
CTGTG	2269570	1.9361475	8.988959	9
GGGAG	1875130	1.933314	5.2421784	7
CTCAG	2198560	1.9164467	6.250199	2
CTGAG	2177270	1.8872443	5.9068556	4
CCAGA	2120650	1.8782284	6.819695	3
CCTCT	2144235	1.8499174	5.7520604	1
GGCCA	1760205	1.8353522	6.549351	1
TCTGG	2115190	1.8044474	6.4893575	3
TGGGG	1776650	1.8028182	6.05291	5
ACCTG	2058540	1.7943937	5.551351	7
CAGTG	2054215	1.7805811	6.3809175	9
AGAGG	2014980	1.7646762	5.1462617	5
CACTG	2023445	1.7638019	7.028682	7
TGGCC	1686400	1.7305962	5.8277826	5
CCTGA	1971810	1.7187927	5.5653887	3
GCCCA	1588685	1.6658522	7.386987	1
ACAGA	2206610	1.6507668	5.517855	8
GAGAG	1883455	1.6494895	5.150688	7
TCAGG	1890865	1.6389903	5.774252	3
GGGCC	1296470	1.5914583	5.384607	6
GGCCT	1538020	1.5783275	5.1992054	1
CCTGT	1837695	1.5765613	5.6701937	8
AGGTG	1810935	1.560904	5.1099606	7
TGGGC	1527050	1.5582813	6.441457	5
GTGTG	1757860	1.4912026	7.461265	1
TGTGT	2048520	1.452763	6.059996	10
CTGTC	1693200	1.4525987	5.874577	9
GCTGT	1700590	1.4507564	5.396969	8
CCTTG	1689260	1.4492186	5.063162	2
ACAGC	1634905	1.4480112	5.3116336	8
AGGCT	1658900	1.4379245	5.0185885	6
ACACA	1909065	1.4362282	5.822037	6
GCCCT	1388985	1.4334259	6.301057	1
GGGCT	1385265	1.4135964	6.1666584	6
GACAG	1591655	1.4017992	6.7281456	7
CACAC	1560980	1.3903346	6.0481396	5
AGACA	1800435	1.3469071	5.2278476	6
GCTCT	1550660	1.3303136	5.176789	1
AGGGC	1278245	1.3253412	5.666617	5
GTCCT	1516710	1.3011878	9.124515	1
GGACA	1450505	1.2774858	5.9691486	6
AGGAC	1384755	1.2195786	8.702281	5
GTGCT	1406870	1.2001868	6.4580774	1
GTCCA	1374315	1.1979666	6.900495	1
GTCTT	1619680	1.1551179	5.5178123	1
TGTGC	1346185	1.1484169	6.0031652	10
AGCAC	1272770	1.1272736	5.203546	5
TGGAC	1248760	1.0824176	5.8774495	5
ACAGT	1434440	1.0561402	5.3363523	8
GTGCA	1213900	1.0522012	5.991318	1
ACTGT	1439985	1.0434608	6.123472	8
TGCAC	1184195	1.0322423	5.1965823	5
GACTG	1188565	1.0302409	5.942587	7
GGACC	961410	1.0024548	5.4348764	6
AGACT	1340750	0.9871587	5.0032964	6
GGACT	1073255	0.93029094	5.1829133	6
TGTAG	1265075	0.9115739	5.3686404	2
TAGGA	1079510	0.79035693	5.360771	4
TCCTA	1068745	0.77881587	5.017297	2
GTGTA	890155	0.6414182	5.658047	1
>>END_MODULE
