##FastQC	0.10.1
>>Basic Statistics	pass
#Measure	Value	
Filename	KS30_S4_L002_R2_001_trimmed.fq.gz	
File type	Conventional base calls	
Encoding	Sanger / Illumina 1.9	
Total Sequences	24832604	
Filtered Sequences	0	
Sequence length	20-75	
%GC	45	
>>END_MODULE
>>Per base sequence quality	pass
#Base	Mean	Median	Lower Quartile	Upper Quartile	10th Percentile	90th Percentile
1	31.43855441016174	32.0	32.0	32.0	32.0	32.0
2	31.24267386537473	32.0	32.0	32.0	32.0	32.0
3	31.30546764245908	32.0	32.0	32.0	32.0	32.0
4	31.345875285572145	32.0	32.0	32.0	32.0	32.0
5	31.325708330870174	32.0	32.0	32.0	32.0	32.0
6	35.059657456785445	36.0	36.0	36.0	36.0	36.0
7	35.052946038200425	36.0	36.0	36.0	36.0	36.0
8	34.99447528740844	36.0	36.0	36.0	36.0	36.0
9	35.09088056170025	36.0	36.0	36.0	36.0	36.0
10	34.9386399428751	36.0	36.0	36.0	36.0	36.0
11	35.06783593859105	36.0	36.0	36.0	36.0	36.0
12	34.978939180119816	36.0	36.0	36.0	36.0	36.0
13	35.01812137784664	36.0	36.0	36.0	36.0	36.0
14	34.96389907397549	36.0	36.0	36.0	36.0	36.0
15	34.93581253097742	36.0	36.0	36.0	36.0	36.0
16	34.940469916082904	36.0	36.0	36.0	36.0	36.0
17	34.92742951967502	36.0	36.0	36.0	36.0	36.0
18	34.91906672373143	36.0	36.0	36.0	36.0	36.0
19	34.91571649110983	36.0	36.0	36.0	36.0	36.0
20	34.9009088615918	36.0	36.0	36.0	36.0	36.0
21	34.88803542391533	36.0	36.0	36.0	36.0	36.0
22	34.882577127472345	36.0	36.0	36.0	36.0	36.0
23	34.86776119809341	36.0	36.0	36.0	36.0	36.0
24	34.86181537547316	36.0	36.0	36.0	36.0	36.0
25	34.84072934408213	36.0	36.0	36.0	36.0	36.0
26	34.825884732826424	36.0	36.0	36.0	36.0	36.0
27	34.818711749920794	36.0	36.0	36.0	36.0	36.0
28	34.813146866939654	36.0	36.0	36.0	36.0	36.0
29	34.793368580951984	36.0	36.0	36.0	36.0	36.0
30	34.77516229416745	36.0	36.0	36.0	36.0	36.0
31	34.769255093481135	36.0	36.0	36.0	36.0	36.0
32	34.753863083377176	36.0	36.0	36.0	32.0	36.0
33	34.74106660504838	36.0	36.0	36.0	32.0	36.0
34	34.73037142811775	36.0	36.0	36.0	32.0	36.0
35	34.71668935218307	36.0	36.0	36.0	32.0	36.0
36	34.69096078271931	36.0	36.0	36.0	32.0	36.0
37	34.685918525624345	36.0	36.0	36.0	32.0	36.0
38	34.67081487168694	36.0	36.0	36.0	32.0	36.0
39	34.65789445434009	36.0	36.0	36.0	32.0	36.0
40	34.64921352513726	36.0	36.0	36.0	32.0	36.0
41	34.63836038832504	36.0	36.0	36.0	32.0	36.0
42	34.634318008493516	36.0	36.0	36.0	32.0	36.0
43	34.61500377582289	36.0	36.0	36.0	32.0	36.0
44	34.592615203927636	36.0	36.0	36.0	32.0	36.0
45	34.57498464277248	36.0	36.0	36.0	32.0	36.0
46	34.556589415445416	36.0	36.0	36.0	32.0	36.0
47	34.543677349893876	36.0	36.0	36.0	32.0	36.0
48	34.52019845541295	36.0	36.0	36.0	32.0	36.0
49	34.49868136262298	36.0	36.0	36.0	32.0	36.0
50	34.47545676224407	36.0	36.0	36.0	32.0	36.0
51	34.46539333945256	36.0	36.0	36.0	32.0	36.0
52	34.438529759682275	36.0	36.0	36.0	32.0	36.0
53	34.413495330504034	36.0	36.0	36.0	32.0	36.0
54	34.38323447972461	36.0	36.0	36.0	32.0	36.0
55	34.35976747956315	36.0	36.0	36.0	32.0	36.0
56	34.34592736064466	36.0	36.0	36.0	32.0	36.0
57	34.31480171065677	36.0	36.0	36.0	32.0	36.0
58	34.297168959347395	36.0	36.0	36.0	32.0	36.0
59	34.26361292499372	36.0	36.0	36.0	32.0	36.0
60	34.23123201878885	36.0	36.0	36.0	32.0	36.0
61	34.20650515192233	36.0	36.0	36.0	32.0	36.0
62	34.18272710213911	36.0	36.0	36.0	32.0	36.0
63	34.17836916332849	36.0	36.0	36.0	32.0	36.0
64	34.145645352814796	36.0	36.0	36.0	32.0	36.0
65	34.11460731267428	36.0	36.0	36.0	32.0	36.0
66	34.08390917974689	36.0	36.0	36.0	32.0	36.0
67	34.07298276605798	36.0	36.0	36.0	32.0	36.0
68	34.05233288245695	36.0	36.0	36.0	32.0	36.0
69	34.04448582702571	36.0	36.0	36.0	32.0	36.0
70	34.03684694254116	36.0	36.0	36.0	32.0	36.0
71	34.04402042587733	36.0	36.0	36.0	32.0	36.0
72	34.0928545134501	36.0	36.0	36.0	32.0	36.0
73	34.216435654009345	36.0	36.0	36.0	32.0	36.0
74	34.551172233088145	36.0	36.0	36.0	32.0	36.0
75	35.04534660617142	36.0	36.0	36.0	32.0	36.0
>>END_MODULE
>>Per sequence quality scores	pass
#Quality	Count
14	341.0
15	1231.0
16	2843.0
17	5500.0
18	9491.0
19	14611.0
20	22523.0
21	33147.0
22	47745.0
23	68555.0
24	98109.0
25	139760.0
26	194196.0
27	259913.0
28	338783.0
29	432343.0
30	548692.0
31	716171.0
32	985054.0
33	1543211.0
34	3387509.0
35	1.5982876E7
>>END_MODULE
>>Per base sequence content	fail
#Base	G	A	T	C
1	44.912222070072204	17.95441780185903	11.194338651723534	25.939021476345232
2	17.28245256280249	19.76098153676652	35.91937453754612	27.037191362884865
3	20.083422627241504	21.231629888373146	28.758528243020592	29.92641924136476
4	13.748599617436827	14.611356085774691	36.0630584918957	35.57698580489278
5	15.247750996534629	34.65894003492351	34.98723892838409	15.106070040157771
6	34.70760456696366	35.091724573065314	16.267387826101523	13.933283033869504
7	30.43287767968273	29.97969926955707	20.591054405732077	18.996368645028124
8	26.859696228393933	34.17572720122304	19.981186830023947	18.983389740359087
9	25.055982852221213	15.633092687339595	20.111499382022117	39.199425078417065
10	14.485097897908734	27.211221988640418	34.777536822155255	23.52614329129559
11	34.418077943013955	22.762272534930286	23.59057068682769	19.229078835228073
12	22.149328358797973	24.26898121517985	31.102392644766535	22.479297781255642
13	27.97873714734065	20.631565662626443	26.19484448751327	25.194852702519636
14	20.64485464351624	20.540745545654417	27.30089039393533	31.513509416894014
15	22.927619672910662	29.260588217006966	23.33359401213018	24.47819809795219
16	22.937936754437835	28.598293598206613	25.32649415260679	23.137275494748756
17	21.766714437197162	28.045878716545392	27.444918784997334	22.742488061260108
18	22.18948524286861	27.869509778354296	27.88468740531601	22.056317573461083
19	22.594356193977884	27.287295363788672	27.681982123179672	22.436366319053775
20	22.669503367427758	27.172047683762845	27.719138919140335	22.43931002966906
21	22.548475155795526	26.902506348164795	27.485131235677013	23.06388726036267
22	22.43382037507815	26.78805846949544	27.756546679053606	23.021574476372802
23	22.465077169262333	26.888634386867523	27.580195926460476	23.06609251740966
24	22.507433396273978	26.7090508101831	27.8346440027174	22.94887179082552
25	22.697574995574367	26.72218291684062	27.410644031600317	23.169598055984693
26	22.228652830341442	27.017022470450495	27.658510540381215	23.095814158826848
27	22.266352377781523	27.068382002389193	27.70912124594072	22.956144373888563
28	22.428019945116848	26.895826671143176	27.728198594540736	22.94795478919924
29	22.112415690649268	27.1303446785221	27.875931121906845	22.881308508921787
30	22.308372092985778	27.21342991437488	27.68128546376249	22.79691252887685
31	22.65148022222261	27.221064642126162	27.438337723130097	22.689117412521135
32	22.10454255384607	27.323494365673973	27.81281819295795	22.759144887522005
33	22.21967986809346	27.128303013006654	27.92387358913786	22.728143529762022
34	22.244756970105797	26.857735034299306	28.073829572984977	22.82367842260992
35	22.14112312451507	27.125748430588164	27.92331395290253	22.80981449199424
36	22.331196628316814	27.490895577342734	27.73758669878047	22.440321095559984
37	22.44244883816926	27.23037821259068	27.56655606988873	22.760616879351332
38	22.28195812801175	27.577309575109123	27.589173922334233	22.551558374544893
39	22.32627578718784	27.396416195534012	27.806790735096083	22.470517282182065
40	22.301268400520723	27.21368082768518	27.770298320780256	22.714752451013844
41	22.336155174893314	27.33810229404569	27.81270248827285	22.513040042788145
42	22.249537483668643	27.41757848226739	27.824461895816572	22.508422138247397
43	22.372033738449687	27.176829033521994	27.697561763176637	22.753575464851682
44	22.263712710464727	27.501393216482573	27.772087995431626	22.462806077621078
45	22.295247665594086	27.46971901427478	27.66731864933837	22.567714670792764
46	22.461904011237564	27.532094801171798	27.501142373990362	22.504858813600276
47	22.216908462134093	27.642338201211793	27.70506337957143	22.435689957082687
48	22.187752422320315	27.51383597139784	27.666830393478737	22.631581212803113
49	22.375539714610166	27.39023931546045	27.733721133506666	22.500499836422712
50	22.31273116200302	27.53303674400215	27.673797737880463	22.48043435611437
51	22.396935764847335	27.54627531955398	27.633416685649255	22.423372229949432
52	22.366083284823052	27.499186013904588	27.591237995183025	22.54349270608933
53	22.26599569266003	27.459065759569807	27.74393323904692	22.53100530872324
54	22.41362322400145	27.701954479593834	27.608614495854766	22.275807800549945
55	22.395234166612994	27.497545466664953	27.53218350064206	22.57503686607999
56	22.49308213785377	27.661922388830725	27.47717154659207	22.367823926723435
57	22.25634865001757	27.57908669374981	27.631513355197608	22.533051301035016
58	22.282318317905723	27.371717006705232	27.700630586493592	22.645334088895456
59	22.1853328560319	27.55470244781573	27.72482337789518	22.53514131825719
60	22.31822549641062	27.56531258862599	27.69660577042188	22.419856144541512
61	22.500778530592385	27.59026156770575	27.558030710736002	22.350929190965868
62	22.411440156841287	27.717186284250484	27.497342908083283	22.374030650824945
63	22.402832641017092	27.727849400221732	27.54246286347431	22.326855095286867
64	22.45885519000783	27.434465820345437	27.501254015889693	22.60542497375704
65	22.29580164705533	27.52087375628185	27.682165815286403	22.501158781376414
66	22.3470424018348	27.586172854728087	27.493516468960276	22.573268274476842
67	22.35702660303272	27.513783642760743	27.551780997640552	22.57740875656599
68	22.40363861803731	27.723866946559074	27.637069162043332	22.23542527336029
69	22.628304719944396	27.61375399140034	27.54442522260631	22.21351606604895
70	22.67151409506461	27.357503132738227	27.5322900521078	22.438692720089364
71	22.52827785195758	27.35611250091659	27.630270815960767	22.485338831165066
72	22.652874462449326	26.454673428429125	28.347615701671145	22.544836407450408
73	23.396955817819972	24.32032321800713	29.920522778236926	22.362198185935974
74	24.7770678510383	19.94595882438244	34.440491859174955	20.836481465404304
75	39.780803480734065	0.0	60.21919651926593	0.0
>>END_MODULE
>>Per base GC content	fail
#Base	%GC
1	70.85124354641744
2	44.31964392568736
3	50.009841868606266
4	49.32558542232961
5	30.353821036692402
6	48.64088760083316
7	49.42924632471085
8	45.843085968753016
9	64.25540793063828
10	38.01124118920432
11	53.64715677824202
12	44.62862614005362
13	53.17358984986029
14	52.15836406041026
15	47.40581777086285
16	46.07521224918659
17	44.50920249845727
18	44.24580281632969
19	45.030722513031655
20	45.10881339709682
21	45.61236241615819
22	45.455394851450954
23	45.531169686671994
24	45.4563051870995
25	45.867173051559064
26	45.324466989168286
27	45.222496751670086
28	45.37597473431609
29	44.993724199571055
30	45.10528462186263
31	45.34059763474374
32	44.86368744136808
33	44.94782339785549
34	45.06843539271571
35	44.95093761650931
36	44.7715177238768
37	45.20306571752059
38	44.83351650255664
39	44.796793069369905
40	45.01602085153456
41	44.84919521768146
42	44.75795962191604
43	45.12560920330137
44	44.726518788085805
45	44.86296233638685
46	44.96676282483784
47	44.65259841921678
48	44.819333635123435
49	44.87603955103288
50	44.79316551811739
51	44.82030799479677
52	44.90957599091239
53	44.79700100138327
54	44.6894310245514
55	44.970271032692985
56	44.86090606457721
57	44.78939995105258
58	44.92765240680118
59	44.72047417428909
60	44.73808164095213
61	44.85170772155825
62	44.785470807666236
63	44.72968773630396
64	45.06428016376487
65	44.796960428431746
66	44.92031067631164
67	44.93443535959871
68	44.6390638913976
69	44.84182078599335
70	45.11020681515397
71	45.01361668312265
72	45.19771086989973
73	45.75915400375594
74	45.61354931644261
75	39.780803480734065
>>END_MODULE
>>Per sequence GC content	warn
#GC Content	Count
0	180.0
1	222.0
2	323.5
3	458.0
4	561.5
5	735.5
6	1065.5
7	1460.5
8	1858.5
9	2382.0
10	3419.5
11	4913.0
12	6198.0
13	8155.5
14	11595.0
15	15365.5
16	20049.0
17	29609.5
18	44950.0
19	59400.5
20	74303.0
21	100534.0
22	137428.0
23	172988.0
24	206628.5
25	253761.5
26	312916.0
27	364792.0
28	411821.5
29	474328.0
30	546429.0
31	606584.0
32	659813.0
33	722669.0
34	803190.5
35	874084.5
36	925114.0
37	977949.5
38	1020391.0
39	1052952.5
40	1079321.5
41	1085761.5
42	1081696.5
43	1074206.0
44	1064033.0
45	1044037.0
46	1018874.5
47	988739.0
48	960415.0
49	930461.0
50	897196.0
51	867228.0
52	839815.0
53	818805.5
54	799810.0
55	781980.0
56	764136.5
57	744359.5
58	717321.0
59	682217.5
60	636881.0
61	580238.5
62	527592.5
63	478494.0
64	428271.0
65	385375.0
66	332924.5
67	280968.0
68	239293.5
69	203926.5
70	170993.0
71	137217.0
72	109638.0
73	90339.0
74	73939.0
75	58089.5
76	45778.5
77	37269.0
78	30323.0
79	23655.0
80	18713.0
81	15696.5
82	12863.5
83	9634.0
84	7374.5
85	6180.0
86	5066.5
87	3869.0
88	3156.5
89	2761.5
90	2379.5
91	2120.5
92	1963.5
93	1839.5
94	1733.0
95	1662.0
96	1629.5
97	1661.5
98	3171.0
99	13820.5
100	23016.0
>>END_MODULE
>>Per base N content	pass
#Base	N-Count
1	0.27799339932292244
2	0.1376617611266221
3	0.04059985010029556
4	4.188042462240367E-4
5	2.0134819530001765E-4
6	0.0
7	0.0
8	0.0
9	0.0
10	0.0
11	0.0
12	0.0
13	0.0
14	0.0
15	0.0
16	0.0
17	0.0
18	0.0
19	0.0
20	0.0
21	0.0
22	0.0
23	0.0
24	0.0
25	0.0
26	0.0
27	0.0
28	0.0
29	0.0
30	0.0
31	0.0
32	0.0
33	0.0
34	0.0
35	0.0
36	0.0
37	0.0
38	0.0
39	0.0
40	0.0
41	0.0
42	0.0
43	0.0
44	0.0
45	0.0
46	0.0
47	0.0
48	0.0
49	0.0
50	0.0
51	0.0
52	0.0
53	0.0
54	0.0
55	0.0
56	0.0
57	0.0
58	0.0
59	0.0
60	0.0
61	0.0
62	0.0
63	0.0
64	0.0
65	0.0
66	0.0
67	0.0
68	0.0
69	0.0
70	0.0
71	0.0
72	0.0
73	0.0
74	0.0
75	0.0
>>END_MODULE
>>Sequence Length Distribution	warn
#Length	Count
20-21	2152.0
22-23	2299.0
24-25	2438.0
26-27	2797.0
28-29	2864.0
30-31	3155.0
32-33	3861.0
34-35	8335.0
36-37	16150.0
38-39	21455.0
40-41	26350.0
42-43	31738.0
44-45	38893.0
46-47	43729.0
48-49	47846.0
50-51	51096.0
52-53	57761.0
54-55	63301.0
56-57	67772.0
58-59	72310.0
60-61	77263.0
62-63	84480.0
64-65	97579.0
66-67	113513.0
68-69	193753.0
70-71	921629.0
72-73	6110794.0
74-75	1.6667291E7
>>END_MODULE
>>Sequence Duplication Levels	warn
#Total Duplicate Percentage	36.21445175330135
#Duplication Level	Relative count
1	100.0
2	23.041374604553067
3	10.873239873456981
4	6.035605731654364
5	3.690062651200298
6	2.3889647044228024
7	1.727560325041871
8	1.2351901246820918
9	0.8738601823708206
10++	5.211370262390671
>>END_MODULE
>>Overrepresented sequences	pass
>>END_MODULE
>>Kmer Content	warn
#Sequence	Count	Obs/Exp Overall	Obs/Exp Max	Max Obs/Exp Position
AAAAA	9819200	4.3163114	6.1027894	58
TTTTT	8519525	3.147555	11.723352	71
CCTGG	4002450	3.055405	11.892233	3
GGGGG	3257760	2.974165	9.26203	71
CCAGG	3739650	2.9557626	12.341268	3
CCCAG	3524970	2.7888894	11.346688	2
CTGGG	3633125	2.7706773	11.025308	4
CCAGC	3385025	2.6781676	6.4414744	3
GGAGG	3319780	2.6186254	7.7941713	71
GCTGG	3313220	2.5267127	7.962288	71
CAGCC	3042585	2.4072356	5.6311216	9
CAGCA	3519835	2.4036934	6.757059	4
TCCAG	3560365	2.3483105	8.397986	2
TGCTG	3681750	2.3430538	7.337627	2
CAGGA	3419475	2.3328075	9.993437	4
AGGAG	3402630	2.3189797	7.1739693	5
GGCTG	3031770	2.3120747	8.111293	7
CTCCA	3435580	2.2682886	6.2051888	1
GCAGG	2828680	2.233496	6.9365125	3
CTCCT	3491170	2.2262478	5.7900176	1
CTGGA	3376415	2.2247417	8.688248	4
GGCAG	2813575	2.221569	6.5012016	7
TCCTG	3445185	2.1947134	8.345962	2
CCTGC	2870835	2.1937563	6.1596365	3
CTGCC	2869785	2.1929538	5.5965796	9
TTCTT	4937640	2.1882265	7.448713	71
GCCTG	2859195	2.1826627	7.066926	7
AGAAG	3694755	2.175635	5.076942	5
AGCAG	3183275	2.171669	5.539339	7
CAGAG	3182845	2.1713758	7.803043	4
CTGCT	3386000	2.1570103	6.1366816	9
GCTGC	2824995	2.1565552	5.372108	8
CTGCA	3265285	2.1536846	6.7856965	4
CCCTG	2791050	2.1327882	8.820161	2
TGCAG	3216920	2.1196492	7.1546	2
CAGGG	2668745	2.107213	9.422008	4
CTCTG	3270970	2.083732	7.207315	2
AGCTG	3144145	2.0716975	5.821415	7
CAGGC	2612030	2.064509	6.291579	4
GGTGG	2697050	2.0547423	6.3392415	71
TGGAG	3120080	2.0537722	6.47465	5
AAAAT	4828250	2.0498908	6.952819	71
CAGAA	3439535	2.0273905	5.6071186	4
CTGGC	2639620	2.0150428	5.647402	4
GCCAG	2545585	2.0119917	5.414774	2
GGGAG	2538345	2.0022335	5.6378403	7
GGAGA	2936305	2.0011673	5.5424733	6
CCCCA	2482470	1.9660617	6.655314	1
CACAG	2863125	1.9552265	6.947836	7
ATTTT	5074305	1.9410212	6.4626393	71
CTGTG	3002335	1.9106764	8.568772	9
TCTTT	4306970	1.9087309	6.492057	71
CTCAG	2862455	1.8879899	6.016876	2
CTGAG	2854015	1.8805287	5.856493	4
TGGGG	2444470	1.8623148	6.46015	5
GGCCA	2342770	1.8516898	6.6203	1
CCAGA	2707710	1.8490936	6.694378	3
CTTTT	4145750	1.8372825	6.335835	71
GAAGG	2690095	1.8333689	5.888842	71
AGAGG	2658345	1.8117304	5.597413	71
CACTG	2703140	1.7829107	7.225325	7
TCTGG	2791255	1.7763461	6.2244463	3
ACCTG	2691950	1.7755301	5.471902	7
CCTCT	2782050	1.7740564	5.2873445	1
CAGTG	2680580	1.7662514	6.37693	9
TGGCC	2298305	1.7544886	5.6919403	5
TGGTG	2748875	1.7476149	5.23614	71
TGAGG	2615070	1.7213525	5.0537543	71
ACAGA	2856010	1.683439	5.88274	8
GCCCA	2114980	1.6733319	7.2029643	1
CCTGA	2532605	1.6704307	5.551359	3
TCAGG	2506015	1.6512295	5.828537	3
GAGAG	2407980	1.6411003	5.230112	7
TCCTT	3086305	1.6406898	5.187148	71
GGGCC	1788705	1.6362858	5.290344	6
TGTTT	3689095	1.6332603	5.4799533	71
CAGGT	2477755	1.6326088	5.1817646	71
TTTTG	3660775	1.6207224	5.2943926	71
CTCTT	3044145	1.6182774	5.034528	71
TGGGC	2120190	1.6168896	6.4292545	5
GGCCT	2115495	1.6149343	5.1097045	1
AAATG	3265625	1.6046824	5.310806	71
AGGTG	2437180	1.6042577	5.369728	7
AGCCT	2413855	1.5921067	5.0329194	6
CATTT	3460605	1.5878906	5.1570144	71
CCTGT	2451755	1.5618608	5.3454766	8
AAAGG	2542180	1.496948	5.158628	71
TTTGT	3374405	1.4939388	5.014442	71
ACAGC	2127775	1.4530565	5.479113	8
ACACA	2434070	1.436177	6.049251	6
GTGTG	2254365	1.433227	7.357718	1
GGGCT	1872285	1.4278334	5.7970915	6
GACAG	2078965	1.4182954	6.8946614	7
GCCCT	1848355	1.4124254	5.873107	1
CTGTC	2205535	1.4050093	5.572981	9
CACAC	2047705	1.3997853	6.210891	5
TGTGT	2625705	1.3930256	5.320522	10
AAATT	3376735	1.3846569	5.00257	71
AGGGC	1749235	1.3811775	5.6964364	5
AGACA	2295690	1.3531654	5.311282	6
ACTGC	1909095	1.2591821	5.082353	8
GGACA	1817965	1.240238	5.898904	6
GTGCT	1877435	1.1947937	6.2712154	1
GTCCT	1849515	1.1782112	6.999453	1
AGGAC	1726330	1.1777234	7.077756	5
AGCAC	1712995	1.1698033	5.48667	5
GTCCA	1710655	1.128297	6.463707	1
TGTGC	1760790	1.1205612	5.2622876	10
GTCTT	2077860	1.1034856	5.066822	1
TGCAC	1626220	1.0726062	5.5142837	5
TGGAC	1622500	1.0690757	5.907677	5
ACAGT	1867800	1.0633403	5.5160155	8
GTGCA	1597820	1.0528139	6.1920223	1
GACTG	1585040	1.0443931	5.854186	7
ACTGT	1892750	1.0407331	6.1635656	8
AGACT	1811760	1.0314367	5.084023	6
GGACT	1445015	0.9521297	5.1434636	6
GTGTA	1122885	0.6167997	5.585297	1
>>END_MODULE
