##FastQC	0.10.1
>>Basic Statistics	pass
#Measure	Value	
Filename	018-F0_S3_L002_R2_001_trimmed.fq.gz	
File type	Conventional base calls	
Encoding	Sanger / Illumina 1.9	
Total Sequences	18344855	
Filtered Sequences	0	
Sequence length	20-50	
%GC	44	
>>END_MODULE
>>Per base sequence quality	pass
#Base	Mean	Median	Lower Quartile	Upper Quartile	10th Percentile	90th Percentile
1	34.95684348554404	36.0	36.0	36.0	36.0	36.0
2	34.94694616010865	36.0	36.0	36.0	36.0	36.0
3	34.93811338383432	36.0	36.0	36.0	36.0	36.0
4	34.93010089204848	36.0	36.0	36.0	36.0	36.0
5	34.91291869028128	36.0	36.0	36.0	36.0	36.0
6	34.89414339878947	36.0	36.0	36.0	36.0	36.0
7	34.87897445905133	36.0	36.0	36.0	36.0	36.0
8	34.8775769555006	36.0	36.0	36.0	36.0	36.0
9	34.858543771537036	36.0	36.0	36.0	36.0	36.0
10	34.8424644403022	36.0	36.0	36.0	36.0	36.0
11	34.836037025095045	36.0	36.0	36.0	36.0	36.0
12	34.81720160775323	36.0	36.0	36.0	36.0	36.0
13	34.807806657506966	36.0	36.0	36.0	36.0	36.0
14	34.794046287092485	36.0	36.0	36.0	36.0	36.0
15	34.789250664559624	36.0	36.0	36.0	36.0	36.0
16	34.76558947999317	36.0	36.0	36.0	36.0	36.0
17	34.75191790831816	36.0	36.0	36.0	36.0	36.0
18	34.73841946420399	36.0	36.0	36.0	36.0	36.0
19	34.7165073804072	36.0	36.0	36.0	36.0	36.0
20	34.71149949127425	36.0	36.0	36.0	36.0	36.0
21	34.70830921389535	36.0	36.0	36.0	36.0	36.0
22	34.6970907916956	36.0	36.0	36.0	36.0	36.0
23	34.68793969146269	36.0	36.0	36.0	36.0	36.0
24	34.67183240978268	36.0	36.0	36.0	36.0	36.0
25	34.65378029820957	36.0	36.0	36.0	32.0	36.0
26	34.63674704446952	36.0	36.0	36.0	32.0	36.0
27	34.625039688835145	36.0	36.0	36.0	32.0	36.0
28	34.625858259915944	36.0	36.0	36.0	32.0	36.0
29	34.613472954620185	36.0	36.0	36.0	32.0	36.0
30	34.58619602819665	36.0	36.0	36.0	32.0	36.0
31	34.56824767302249	36.0	36.0	36.0	32.0	36.0
32	34.56782999212804	36.0	36.0	36.0	32.0	36.0
33	34.53976576617205	36.0	36.0	36.0	32.0	36.0
34	34.52251878980354	36.0	36.0	36.0	32.0	36.0
35	34.495472118737794	36.0	36.0	36.0	32.0	36.0
36	34.47322789348518	36.0	36.0	36.0	32.0	36.0
37	34.46925182753692	36.0	36.0	36.0	32.0	36.0
38	34.45933045453811	36.0	36.0	36.0	32.0	36.0
39	34.4398332347126	36.0	36.0	36.0	32.0	36.0
40	34.43452341886217	36.0	36.0	36.0	32.0	36.0
41	34.40494334311343	36.0	36.0	36.0	32.0	36.0
42	34.3857841059999	36.0	36.0	36.0	32.0	36.0
43	34.37297134584413	36.0	36.0	36.0	32.0	36.0
44	34.35376474378227	36.0	36.0	36.0	32.0	36.0
45	34.3545440147174	36.0	36.0	36.0	32.0	36.0
46	34.34177988205607	36.0	36.0	36.0	32.0	36.0
47	34.35065487341848	36.0	36.0	36.0	32.0	36.0
48	34.37449824790185	36.0	36.0	36.0	32.0	36.0
49	34.45291147563578	36.0	36.0	36.0	32.0	36.0
50	34.58861465675128	36.0	36.0	36.0	32.0	36.0
>>END_MODULE
>>Per sequence quality scores	pass
#Quality	Count
4	1.0
5	2.0
6	9.0
7	15.0
8	16.0
9	30.0
10	63.0
11	44.0
12	91.0
13	83.0
14	1212.0
15	2239.0
16	4307.0
17	7561.0
18	12677.0
19	19241.0
20	28449.0
21	40127.0
22	53510.0
23	70513.0
24	91122.0
25	115254.0
26	145557.0
27	181923.0
28	226154.0
29	278565.0
30	345043.0
31	438840.0
32	584211.0
33	860288.0
34	1653617.0
35	7448339.0
36	5735752.0
>>END_MODULE
>>Per base sequence content	pass
#Base	G	A	T	C
1	22.264811257097257	26.872609511507108	27.621904078564096	23.24067515283154
2	22.350850161872774	26.879351959405223	27.844068775268433	22.92572910345357
3	22.21622019428908	26.981901241836482	27.817709525834346	22.9841690380401
4	22.462184597720785	26.6101844871688	28.092911202824677	22.834719712285732
5	22.536303075691404	26.715497427556574	27.672402335843394	23.07579716090863
6	22.04043854287442	27.12024646393897	27.84866533226424	22.99064966092237
7	22.091534045782453	27.147057834242705	27.830719403230965	22.93068871674388
8	22.212949810186615	26.96836156461159	27.745594185376294	23.0730944398255
9	22.04502764652248	27.098411261954382	27.914802099418452	22.941758992104695
10	22.109286252497164	27.165221693664126	27.835578030450137	22.889914023388577
11	22.640147835710213	27.085091500847653	27.548498166744956	22.726262496697174
12	21.95881821440204	27.36273851106135	27.930108984955798	22.74833428958081
13	22.078788230327472	27.195812457696306	28.093599320349732	22.631799991626487
14	22.17936243424504	26.890240668188213	28.19628791957808	22.734108977988672
15	22.00838099682292	27.245784425105267	28.056278170158112	22.689556407913702
16	22.1262688665578	27.50761776496316	27.99851283565117	22.367600532827872
17	22.282612636093084	27.160182354930313	27.623347349159694	22.933857659816915
18	22.193299958722896	27.637096444875052	27.594543571225792	22.575060025176253
19	22.329197261955095	27.3555503035745	27.850412312315502	22.4648401221549
20	22.43157593985618	27.04050263794408	27.8061934434167	22.721727978783036
21	22.351423007284037	27.277560757850388	27.895524682820454	22.475491552045117
22	22.139827193788793	27.52515824296047	27.927764397800832	22.40725016544991
23	22.25310901379686	27.279662455005344	27.7842693780005	22.682959153197302
24	22.090035482222127	27.651435086963826	27.835257329258216	22.423272101555828
25	22.173024178144107	27.539355621459983	27.733424036941717	22.554196163454197
26	22.30218114172656	27.425182308035428	27.61383267202672	22.65880387821129
27	22.33470101013626	27.509727536789168	27.71479126605083	22.44078018702374
28	22.093129075626617	27.537394310993275	27.68258496929582	22.68689164408429
29	22.437400566761898	27.314958640941526	27.6661249192135	22.581515873083077
30	22.214928962926603	27.68008608639345	27.6174248540001	22.487560096679847
31	22.243180305577784	27.621064672594365	27.688082276759662	22.447672745068186
32	22.289997197383357	27.58799680905703	27.570534266596948	22.551471726962664
33	22.100618019999178	27.445763104751013	27.878810422318274	22.574808452931535
34	22.262522728540848	27.7888904929381	27.703622484361258	22.244964294159793
35	22.276780472911014	27.383754247958493	27.666744531354542	22.67272074777595
36	22.35091055049463	27.690488456084683	27.493154672041136	22.465446321379556
37	22.2140618373279	27.60648384660894	27.574094422512253	22.60535989355091
38	22.23996373616231	27.50126706753477	27.514468298691614	22.744300897611307
39	22.15907289936253	27.56912986042998	27.611234576113496	22.66056266409399
40	22.177524184295443	27.566680759472924	27.796690564800986	22.459104491430654
41	22.436310442891173	27.531883996261993	27.546282497473257	22.485523063373574
42	22.350346945885608	27.668403698509852	27.604660492600036	22.3765888630045
43	22.33777931013982	27.81628575559386	27.512327457260387	22.333607477005938
44	22.36206242443127	27.501634239099857	27.41909753848455	22.71720579798432
45	22.260719676352487	27.705907426098875	27.57020025499632	22.463172642552323
46	22.26038536253586	27.95721746776529	27.36906446115606	22.413332708542793
47	22.399943783462785	27.672939136733373	27.424237696190513	22.502879383613326
48	22.36926941051463	28.07619445538503	27.616446193593024	21.938089940507318
49	22.5248302651461	28.2728605336724	27.72678337973095	21.475525821450546
50	22.585887562351818	27.97987128819989	27.67073846632162	21.763502683126674
>>END_MODULE
>>Per base GC content	pass
#Base	%GC
1	45.5054864099288
2	45.27657926532635
3	45.20038923232918
4	45.29690431000652
5	45.612100236600035
6	45.031088203796784
7	45.02222276252633
8	45.28604425001211
9	44.98678663862717
10	44.999200275885734
11	45.36641033240738
12	44.70715250398285
13	44.71058822195396
14	44.913471412233704
15	44.69793740473662
16	44.49386939938567
17	45.21647029591
18	44.768359983899146
19	44.79403738411
20	45.15330391863922
21	44.826914559329154
22	44.5470773592387
23	44.93606816699416
24	44.51330758377796
25	44.7272203415983
26	44.96098501993785
27	44.77548119716
28	44.780020719710905
29	45.01891643984497
30	44.70248905960645
31	44.69085305064597
32	44.84146892434602
33	44.67542647293071
34	44.507487022700644
35	44.94950122068697
36	44.816356871874184
37	44.81942173087881
38	44.98426463377362
39	44.81963556345652
40	44.636628675726094
41	44.92183350626475
42	44.726935808890104
43	44.67138678714576
44	45.07926822241559
45	44.72389231890481
46	44.67371807107865
47	44.902823167076114
48	44.307359351021944
49	44.000356086596646
50	44.34939024547849
>>END_MODULE
>>Per sequence GC content	warn
#GC Content	Count
0	5989.0
1	4864.0
2	3515.0
3	3674.5
4	4102.5
5	4724.0
6	5450.5
7	6364.5
8	7313.0
9	9018.5
10	10848.0
11	14374.5
12	18088.0
13	24089.0
14	31115.0
15	42851.5
16	55664.0
17	75158.0
18	96137.0
19	123214.5
20	151019.5
21	185366.0
22	220921.0
23	263045.5
24	307458.5
25	349002.5
26	396538.0
27	452925.5
28	512768.0
29	577221.5
30	642953.5
31	711303.5
32	783345.5
33	855470.0
34	926938.5
35	988898.0
36	1045249.5
37	1085798.5
38	1116829.0
39	1134193.0
40	1151037.5
41	1159893.0
42	1165437.0
43	1159413.0
44	1147817.5
45	1123087.5
46	1097743.0
47	1070590.0
48	1042107.0
49	1012390.0
50	983923.5
51	957867.5
52	928884.5
53	898950.5
54	870427.0
55	840039.0
56	805642.0
57	766471.0
58	726648.5
59	678341.5
60	628096.0
61	575271.5
62	521932.5
63	476855.0
64	423955.0
65	374636.0
66	328038.5
67	285560.5
68	243675.5
69	206617.0
70	174112.5
71	146220.0
72	121385.5
73	100778.5
74	81735.0
75	67256.5
76	56293.0
77	46271.5
78	37437.0
79	30496.0
80	24183.0
81	19608.0
82	15802.5
83	12934.5
84	10191.0
85	8087.0
86	6387.0
87	5117.0
88	4119.5
89	3290.0
90	2557.0
91	2139.0
92	1805.0
93	1667.5
94	1557.5
95	1523.5
96	1507.5
97	1640.5
98	2322.5
99	7584.5
100	12290.0
>>END_MODULE
>>Per base N content	pass
#Base	N-Count
1	0.004366346858560615
2	0.004464467012685574
3	0.00575093125565724
4	0.0029654091024431646
5	0.004453564773338356
6	0.00852010004985049
7	0.006955628703524775
8	0.007151869011774691
9	0.009157881051662714
10	0.005609202144143412
11	0.003859392728915001
12	0.0031616494106930797
13	0.007102808934712212
14	0.004371797978234224
15	0.00531484168176854
16	0.006650366001802685
17	0.005821795811414154
18	0.016178923191270796
19	0.01400937756117451
20	0.026247141228426172
21	0.011308927326148972
22	0.019382237320590776
23	0.009612145817836776
24	0.01190731373244731
25	0.012756305241850514
26	0.0075132245905046
27	0.023270219582663256
28	0.01113136271053899
29	0.013595906032442482
30	0.0073043469836734905
31	0.015117741190112898
32	0.0067660014278139394
33	0.00615671798517701
34	0.012469804448781232
35	0.0039632922642022644
36	0.012202777969622079
37	0.01440187618078703
38	0.007792018277546233
39	0.014434615849230522
40	0.009235321010701904
41	0.010055529490851289
42	0.012425881972313698
43	0.005809826804108854
44	0.0030672817573954114
45	0.0028688109238866402
46	0.015760843072472146
47	0.0221342027556787
48	0.005950426892702205
49	0.0020761573867166577
50	0.008510397915561714
>>END_MODULE
>>Sequence Length Distribution	warn
#Length	Count
20	14204.0
21	14912.0
22	15975.0
23	16883.0
24	17404.0
25	17653.0
26	18516.0
27	19498.0
28	20511.0
29	22035.0
30	23019.0
31	24237.0
32	25952.0
33	26411.0
34	27088.0
35	28265.0
36	28524.0
37	29498.0
38	32075.0
39	34349.0
40	36971.0
41	41274.0
42	46593.0
43	60037.0
44	99859.0
45	186531.0
46	492547.0
47	1059626.0
48	2137125.0
49	2893477.0
50	1.0833806E7
>>END_MODULE
>>Sequence Duplication Levels	warn
#Total Duplicate Percentage	38.87829390856723
#Duplication Level	Relative count
1	100.0
2	26.157227306634155
3	11.717051807528495
4	6.210647052689836
5	3.6679954761656495
6	2.4720669270812445
7	1.6226448388985586
8	1.1790844850127935
9	0.9039647718431416
10++	6.488975159015986
>>END_MODULE
>>Overrepresented sequences	pass
>>END_MODULE
>>Kmer Content	warn
#Sequence	Count	Obs/Exp Overall	Obs/Exp Max	Max Obs/Exp Position
AAAAA	5452045	4.3042035	5.34802	46
TTTTT	4402635	3.276411	3.9864118	13
>>END_MODULE
