##FastQC	0.10.1
>>Basic Statistics	pass
#Measure	Value	
Filename	001-F5_S2_L002_R2_001.fastq.gz	
File type	Conventional base calls	
Encoding	Sanger / Illumina 1.9	
Total Sequences	19379817	
Filtered Sequences	0	
Sequence length	35-76	
%GC	45	
>>END_MODULE
>>Per base sequence quality	pass
#Base	Mean	Median	Lower Quartile	Upper Quartile	10th Percentile	90th Percentile
1	31.326090282483058	32.0	32.0	32.0	32.0	32.0
2	31.124553704506084	32.0	32.0	32.0	32.0	32.0
3	31.15987137546242	32.0	32.0	32.0	32.0	32.0
4	31.187202180495305	32.0	32.0	32.0	32.0	32.0
5	31.176841195146476	32.0	32.0	32.0	32.0	32.0
6	34.86993669754467	36.0	36.0	36.0	36.0	36.0
7	34.84117858285246	36.0	36.0	36.0	36.0	36.0
8	34.766882164057584	36.0	36.0	36.0	36.0	36.0
9	34.880407126651406	36.0	36.0	36.0	36.0	36.0
10-14	34.772954533058794	36.0	36.0	36.0	33.6	36.0
15-19	34.68544329391758	36.0	36.0	36.0	32.0	36.0
20-24	34.624717385102244	36.0	36.0	36.0	32.0	36.0
25-29	34.550335877784605	36.0	36.0	36.0	32.0	36.0
30-34	34.47805854926288	36.0	36.0	36.0	32.0	36.0
35-39	34.45318235861638	36.0	36.0	36.0	32.0	36.0
40-44	34.369242274514555	36.0	36.0	36.0	32.0	36.0
45-49	34.238782717053255	36.0	36.0	36.0	32.0	36.0
50-54	34.08753882718422	36.0	36.0	36.0	32.0	36.0
55-59	33.92599672145837	36.0	36.0	36.0	32.0	36.0
60-64	33.77077361976698	36.0	36.0	36.0	28.0	36.0
65-69	33.6505743568596	36.0	36.0	36.0	27.0	36.0
70-74	33.51411686838104	36.0	36.0	36.0	27.0	36.0
75-76	32.580694156301846	36.0	34.0	36.0	20.5	36.0
>>END_MODULE
>>Per sequence quality scores	pass
#Quality	Count
2	48758.0
3	68.0
4	1196.0
5	3341.0
6	1191.0
7	753.0
8	588.0
9	138.0
10	183.0
11	179.0
12	182.0
13	238.0
14	1679.0
15	5729.0
16	9639.0
17	14217.0
18	20865.0
19	27542.0
20	33862.0
21	41471.0
22	54132.0
23	74141.0
24	102727.0
25	142246.0
26	190718.0
27	246818.0
28	313097.0
29	389862.0
30	484711.0
31	614858.0
32	824201.0
33	1257152.0
34	2727241.0
35	1.1746094E7
>>END_MODULE
>>Per base sequence content	fail
#Base	G	A	T	C
1	43.13880583227941	18.46643638090643	12.389778571729964	26.004979215084195
2	16.54490822047755	19.16146482517189	37.70501513629343	26.588611818057128
3	19.902955539006996	20.99187209313454	28.659538139963058	30.445634227895408
4	13.711658645806827	14.734913819748982	36.06998542707425	35.48344210736994
5	15.352871690522521	34.41356864751422	34.90480980454487	15.328749857418394
6	34.2997614403219	34.864553392238335	16.59962758287047	14.236057584569291
7	30.21592428961505	29.583931832593958	20.783227611540724	19.41691626625027
8	26.24204746268683	35.03262339977311	20.12413762206065	18.601191515479414
9	24.861206326879312	16.144053481557915	20.450539426468676	38.5442007650941
10-14	24.072848003580543	23.15818668895825	28.418132489428228	24.350832818032984
15-19	22.51608461974111	28.201202190045134	26.389830182651487	22.892883007562272
20-24	22.586171829603483	26.880601854623443	27.6777034486786	22.85552286709448
25-29	22.45947999993664	26.96736937936927	27.579762199651924	22.99338842104216
30-34	22.488610806489913	27.044071852235863	27.656333719141223	22.810983622133
35-39	22.554106239078656	27.272095221453586	27.496919688403963	22.676878851063798
40-44	22.64165965377801	27.193530840258383	27.515267672061157	22.64954183390245
45-49	22.644821264550547	27.358145087020258	27.33589665723845	22.661136991190745
50-54	22.673220046596253	27.447947915193165	27.31760106577989	22.56123097243069
55-59	22.689437508586728	27.41257831689267	27.210923230368405	22.687060944152197
60-64	22.80051996707224	27.473482506568285	27.188197904283058	22.537799622076413
65-69	22.833325194574314	27.595791016169706	27.12037211017072	22.45051167908526
70-74	23.134205439957015	27.85559720568563	27.058353145490234	21.951844208867122
75-76	27.187060891419367	35.09810310850293	27.925484804844363	9.789351195233337
>>END_MODULE
>>Per base GC content	fail
#Base	%GC
1	69.14378504736361
2	43.13352003853468
3	50.34858976690239
4	49.19510075317677
5	30.681621547940914
6	48.5358190248912
7	49.632840555865315
8	44.84323897816624
9	63.40540709197341
10-14	48.42368082161352
15-19	45.40896762730338
20-24	45.44169469669796
25-29	45.4528684209788
30-34	45.29959442862291
35-39	45.230985090142454
40-44	45.29120148768046
45-49	45.30595825574129
50-54	45.23445101902694
55-59	45.37649845273892
60-64	45.338319589148654
65-69	45.283836873659574
70-74	45.08604964882414
75-76	36.97641208665271
>>END_MODULE
>>Per sequence GC content	warn
#GC Content	Count
0	48855.0
1	24634.0
2	698.0
3	1290.0
4	1602.5
5	1758.5
6	1980.5
7	2027.0
8	2017.5
9	2205.0
10	2827.0
11	3991.5
12	4754.0
13	5793.0
14	8181.5
15	11914.0
16	17651.5
17	22103.0
18	29113.0
19	42533.0
20	59340.5
21	71810.5
22	89275.5
23	120821.0
24	154046.0
25	176071.0
26	205231.5
27	252023.5
28	298269.0
29	330302.5
30	370925.0
31	433811.0
32	493991.5
33	535306.0
34	587187.0
35	662301.5
36	726290.0
37	767190.5
38	801454.0
39	836006.0
40	850088.5
41	851976.5
42	858430.5
43	862285.5
44	853613.5
45	838500.5
46	828921.5
47	815263.0
48	789698.5
49	763075.5
50	746289.5
51	728473.0
52	700832.5
53	675511.5
54	663480.5
55	649452.0
56	625980.0
57	601862.0
58	579644.0
59	547856.5
60	502325.0
61	450736.0
62	409484.0
63	370883.5
64	320227.0
65	273820.5
66	228355.5
67	194854.0
68	168518.5
69	137346.0
70	108010.5
71	87820.0
72	73152.5
73	58074.5
74	44828.0
75	36163.0
76	30757.0
77	24814.5
78	18758.5
79	15003.0
80	13076.5
81	10591.0
82	7886.5
83	6199.5
84	5151.0
85	4141.5
86	3283.0
87	2741.5
88	2388.5
89	2109.5
90	1839.0
91	1615.0
92	1549.5
93	1445.5
94	1322.0
95	1281.5
96	1264.0
97	1247.5
98	1438.5
99	10924.0
100	20206.0
>>END_MODULE
>>Per base N content	pass
#Base	N-Count
1	0.4562633382967445
2	0.34212913362391395
3	0.2554306885353974
4	0.2516226030410917
5	0.2517154831750991
6	0.25183416334633085
7	0.2555390486917395
8	0.2578971720940399
9	0.27775288074185633
10-14	0.2879893035109671
15-19	0.308448733029832
20-24	0.3102279035968193
25-29	0.3151381666813469
30-34	0.3096613347793738
35-39	0.10908757837959243
40-44	0.06594073100425372
45-49	0.06835220809805982
50-54	0.060678435206757524
55-59	0.0684519717897899
60-64	0.06614751340980425
65-69	0.053214647939807715
70-74	0.05720748845814289
75-76	0.06636716565396732
>>END_MODULE
>>Sequence Length Distribution	warn
#Length	Count
35	62814.0
36	21046.0
37	27019.0
38	29290.0
39	31758.0
40	32346.0
41	33763.0
42	36407.0
43	39420.0
44	42730.0
45	45528.0
46	47655.0
47	49266.0
48	50360.0
49	52091.0
50	51969.0
51	53625.0
52	54192.0
53	56771.0
54	60311.0
55	62196.0
56	63095.0
57	64217.0
58	64680.0
59	65882.0
60	66731.0
61	66075.0
62	67695.0
63	68683.0
64	72003.0
65	73890.0
66	75524.0
67	76165.0
68	75323.0
69	80025.0
70	82795.0
71	97107.0
72	167831.0
73	471816.0
74	1240776.0
75	3856861.0
76	1.1542086E7
>>END_MODULE
>>Sequence Duplication Levels	warn
#Total Duplicate Percentage	32.38148562896603
#Duplication Level	Relative count
1	100.0
2	21.162310966486046
3	8.539012449700015
4	4.548425991835786
5	2.5756497232592936
6	1.6030623066083647
7	1.0844458648691837
8	0.797536208724959
9	0.5404070485349449
10++	4.419861411740779
>>END_MODULE
>>Overrepresented sequences	warn
#Sequence	Count	Percentage	Possible Source
NNNNNNNNNNNNNNNNNNNNNNNNNNNNNNNNNNN	48756	0.2515813229815328	No Hit
GGGGGGGGGGGGGGGGGGGGGGGGGGGGGGGGGGGGGGGGGGGGGGGGGG	20244	0.10445919071372035	No Hit
>>END_MODULE
>>Kmer Content	warn
#Sequence	Count	Obs/Exp Overall	Obs/Exp Max	Max Obs/Exp Position
AAAAA	7846935	4.1242466	8.492335	72
GGGGG	3538710	3.9942203	8.480564	72
TTTTT	6891585	3.4841304	6.036767	72
CCTGG	3073775	3.0349398	11.741369	3
CCAGG	2933740	2.919265	12.057532	3
CCCAG	2770655	2.7942226	10.595583	2
CTGGG	2758945	2.6877842	9.92037	4
CCAGC	2599300	2.62141	6.522024	3
CAGCA	2953195	2.5220606	6.824928	4
GGAGG	2580645	2.499924	5.7197123	6
GCTGG	2529395	2.464155	6.1743712	3
TGCTG	2962500	2.4578047	7.2127457	2
TCCAG	2872450	2.43412	9.489335	2
CTCCA	2745640	2.3580868	7.081072	1
CAGCC	2330410	2.3502326	5.4320836	9
CTCCT	2737435	2.3328464	6.7487464	1
CAGGA	2749270	2.3166163	9.786864	4
AGGAG	2755305	2.2907605	6.7871137	5
TCCTG	2703845	2.273513	9.382882	2
CTGGA	2718800	2.273213	8.81431	4
CTGCT	2699655	2.2699897	6.482287	9
GGCTG	2318015	2.258227	7.7814674	7
AGCAG	2656570	2.2385044	5.274048	7
GCTGC	2238675	2.2103908	5.4514103	8
CCTGC	2208420	2.20997	6.206075	3
CTTCT	3082120	2.2070024	5.095154	1
CTGCA	2591795	2.1962924	6.619398	4
GGCAG	2236135	2.1954484	5.8211665	7
CTGCC	2190885	2.1924224	5.6354766	9
CAGAG	2574945	2.1697247	7.2582955	4
GCAGG	2206070	2.1659305	6.32105	3
CCCTG	2148960	2.150468	8.560136	2
TGCAG	2570390	2.1491258	6.827034	2
CTCTG	2551905	2.145755	7.2809453	2
GCCTG	2156590	2.1293428	6.580201	7
TGGAG	2518625	2.0777807	6.378164	5
CAGGG	2092240	2.0541716	8.483043	4
AGCTG	2434840	2.0357912	5.604112	7
CACAG	2363615	2.0185528	7.0388427	7
CCCCA	1960615	2.003999	6.320202	1
CAGGC	2012905	2.0029733	5.6928186	4
CTGGC	2018705	1.9932	5.2243195	4
CTGTG	2385565	1.979157	8.626337	9
GGAGA	2370670	1.9709752	5.4133806	6
CAGAA	2725405	1.9709665	5.4177966	4
CTCAG	2287800	1.9386864	5.8899727	2
TTCTG	2697070	1.9055433	5.3976827	2
CTGAG	2277605	1.9043257	5.5980735	4
CCAGA	2182705	1.8640538	6.544507	3
CCTCT	2165935	1.8458134	5.445608	1
TGGGG	1912515	1.8383555	5.412562	5
GGCCA	1842840	1.8337474	5.6169333	1
CACTG	2132250	1.8068731	7.3196387	7
CAGTG	2160140	1.8061123	6.3269835	9
TCTGG	2169965	1.8002869	6.200731	3
ACCTG	2098060	1.7779005	5.1146517	7
TGGCC	1765585	1.743278	5.217871	5
CCTGA	2011770	1.7047781	5.501054	3
GCCCA	1670730	1.6849413	6.429312	1
ACAGA	2314465	1.6737816	5.8256793	8
GAGAG	1979600	1.6458395	5.2132926	7
TCAGG	1954425	1.6341121	5.642587	3
CCTGT	1910825	1.6067067	5.2859116	8
TGGGC	1628945	1.58693	5.8933806	5
GTGTG	1928770	1.5788568	7.444873	1
ACACA	2137945	1.5670086	6.1162195	6
CACAC	1774625	1.5360192	6.353714	5
TGTGT	2192650	1.5285137	5.8206716	10
ACAGC	1720290	1.4691464	5.520571	8
CTGTC	1732815	1.4570279	5.72049	9
GCTGT	1747750	1.4500011	5.070217	8
GACAG	1683305	1.4184024	6.809812	7
GCCCT	1405085	1.4060711	5.4206934	1
GGGCT	1430340	1.3934476	5.362994	6
AGACA	1882665	1.3615111	5.2314544	6
AGGGC	1356090	1.3314158	5.051407	5
GTCCT	1520255	1.2782979	8.505989	1
GGACA	1504695	1.2679006	5.985483	6
ACTGC	1469530	1.2452826	5.253544	8
GTGCT	1465280	1.2156531	6.17028	1
AGGAC	1423450	1.1994411	7.8972144	5
GTCCA	1400715	1.1869687	6.859335	1
TGTGC	1420790	1.1787424	5.6107	10
AGCAC	1375280	1.1745039	5.3993936	5
GTCTT	1605210	1.1341186	5.471693	1
TGGAC	1308935	1.0944122	5.9819794	5
GTGCA	1304115	1.0903822	5.746552	1
TGCAC	1282415	1.0867211	5.459736	5
ACAGT	1488455	1.0680953	5.4286265	8
ACTGT	1477740	1.0522006	6.2251067	8
GACTG	1228065	1.026796	5.8811812	7
GGACC	999600	0.99466795	5.0261173	6
GGACT	1118195	0.9349328	5.1733923	6
TGTAG	1308275	0.91912144	5.0203385	2
TCCTA	1085895	0.7836371	5.0003743	2
GTGTA	934105	0.6562503	5.6161366	1
>>END_MODULE
