##FastQC	0.10.1
>>Basic Statistics	pass
#Measure	Value	
Filename	KS28_S3_L003_R2_001_trimmed.fq.gz	
File type	Conventional base calls	
Encoding	Sanger / Illumina 1.9	
Total Sequences	23352728	
Filtered Sequences	0	
Sequence length	20-50	
%GC	44	
>>END_MODULE
>>Per base sequence quality	pass
#Base	Mean	Median	Lower Quartile	Upper Quartile	10th Percentile	90th Percentile
1	34.93971911975338	36.0	36.0	36.0	36.0	36.0
2	34.938453614498485	36.0	36.0	36.0	36.0	36.0
3	34.91991719340027	36.0	36.0	36.0	36.0	36.0
4	34.90870912383341	36.0	36.0	36.0	36.0	36.0
5	34.88895605686839	36.0	36.0	36.0	36.0	36.0
6	34.873769437129575	36.0	36.0	36.0	36.0	36.0
7	34.86879717007795	36.0	36.0	36.0	36.0	36.0
8	34.86672435014873	36.0	36.0	36.0	36.0	36.0
9	34.847793628221936	36.0	36.0	36.0	36.0	36.0
10	34.82736145430204	36.0	36.0	36.0	36.0	36.0
11	34.818400788122055	36.0	36.0	36.0	36.0	36.0
12	34.79817869672443	36.0	36.0	36.0	36.0	36.0
13	34.78451549643365	36.0	36.0	36.0	36.0	36.0
14	34.77039667485529	36.0	36.0	36.0	36.0	36.0
15	34.76124969211306	36.0	36.0	36.0	36.0	36.0
16	34.74771786833641	36.0	36.0	36.0	32.0	36.0
17	34.73829198884173	36.0	36.0	36.0	32.0	36.0
18	34.725306139822294	36.0	36.0	36.0	32.0	36.0
19	34.71764677771265	36.0	36.0	36.0	32.0	36.0
20	34.703083725378896	36.0	36.0	36.0	32.0	36.0
21	34.69310443314142	36.0	36.0	36.0	32.0	36.0
22	34.68476778370004	36.0	36.0	36.0	32.0	36.0
23	34.67064021771926	36.0	36.0	36.0	32.0	36.0
24	34.63777019633363	36.0	36.0	36.0	32.0	36.0
25	34.62381189489861	36.0	36.0	36.0	32.0	36.0
26	34.605779996162575	36.0	36.0	36.0	32.0	36.0
27	34.59422177302021	36.0	36.0	36.0	32.0	36.0
28	34.57514056851518	36.0	36.0	36.0	32.0	36.0
29	34.565738357887696	36.0	36.0	36.0	32.0	36.0
30	34.53811330860207	36.0	36.0	36.0	32.0	36.0
31	34.51865484993569	36.0	36.0	36.0	32.0	36.0
32	34.4976713108213	36.0	36.0	36.0	32.0	36.0
33	34.465236751307145	36.0	36.0	36.0	32.0	36.0
34	34.43019494877328	36.0	36.0	36.0	32.0	36.0
35	34.419862301143766	36.0	36.0	36.0	32.0	36.0
36	34.41040933002402	36.0	36.0	36.0	32.0	36.0
37	34.37728874795206	36.0	36.0	36.0	32.0	36.0
38	34.36008070149702	36.0	36.0	36.0	32.0	36.0
39	34.32663275687563	36.0	36.0	36.0	32.0	36.0
40	34.31300942911348	36.0	36.0	36.0	32.0	36.0
41	34.28635542364185	36.0	36.0	36.0	32.0	36.0
42	34.27122460995255	36.0	36.0	36.0	32.0	36.0
43	34.24390211972375	36.0	36.0	36.0	32.0	36.0
44	34.22197099545179	36.0	36.0	36.0	32.0	36.0
45	34.19471087272697	36.0	36.0	36.0	32.0	36.0
46	34.18531540739345	36.0	36.0	36.0	32.0	36.0
47	34.186439413908396	36.0	36.0	36.0	32.0	36.0
48	34.21318343441435	36.0	36.0	36.0	32.0	36.0
49	34.27822005453358	36.0	36.0	36.0	32.0	36.0
50	34.42762635403422	36.0	36.0	36.0	32.0	36.0
>>END_MODULE
>>Per sequence quality scores	pass
#Quality	Count
14	1018.0
15	2013.0
16	3805.0
17	6274.0
18	9846.0
19	15600.0
20	23844.0
21	35091.0
22	50149.0
23	71628.0
24	100319.0
25	136329.0
26	181717.0
27	237168.0
28	304509.0
29	386241.0
30	488400.0
31	631768.0
32	858086.0
33	1295408.0
34	2507409.0
35	1.0519602E7
36	5486504.0
>>END_MODULE
>>Per base sequence content	pass
#Base	G	A	T	C
1	22.25963489747159	27.156713380101294	27.78979031497075	22.793861407456365
2	22.121222839575744	27.03990728620656	28.114188629268494	22.7246812449492
3	22.203054820832925	27.1371635896243	27.83814379202293	22.821637797519845
4	22.218170827836474	26.985977826659052	28.112711285807805	22.683140059696665
5	22.392797107044622	26.996379181053282	27.707983409903974	22.902840301998122
6	21.96693679642053	27.258918101559697	27.925110077075367	22.84903502494441
7	21.973564222264713	27.307683496084824	28.000243233307202	22.718509048343265
8	22.147455320851595	27.162402610949776	27.987835082907658	22.702306985290967
9	21.85496700856534	27.395266197593703	28.15585827916978	22.593908514671178
10	22.039296650909478	27.467347712010348	27.945317566324583	22.548038070755588
11	22.354998525225835	27.481290408555264	27.74790594058219	22.415805125636716
12	21.8342970465806	27.545484193538332	28.089553391792172	22.5306653680889
13	21.986724634483817	27.34670227820921	28.17841667149123	22.488156415815748
14	21.996720466696953	27.10112953471402	28.34352479731156	22.558625201277472
15	21.905877548867096	27.35440159282462	28.182942909282378	22.556777949025914
16	22.029237868911935	27.752689107670847	28.001901961946373	22.21617106147085
17	22.158914367520573	27.49215851783997	27.85878377892296	22.490143335716496
18	22.032196837988263	27.770708415736266	27.88179179751505	22.31530294876042
19	22.052712642394496	27.656096538271672	28.05842640739874	22.232764411935086
20	22.048229226152934	27.453375040380724	28.035212845368644	22.4631828880977
21	22.06938136326651	27.580715577531812	28.06958482666958	22.2803182325321
22	21.977189546878623	27.610557176400196	28.12882530008879	22.283427976632392
23	22.10976924437785	27.403958692368498	27.993240603725866	22.49303145952779
24	22.015851654772533	27.714644097218866	28.054833582882654	22.214670665125944
25	22.052691536389936	27.66758362016612	27.958443287932198	22.321281555511742
26	22.181325432083806	27.768202378955063	27.804244414398898	22.246227774562232
27	21.960181015432	27.848575047029243	27.98188415722162	22.209359780317133
28	21.908968762061253	27.72918928017224	27.974445574616723	22.387396383149788
29	22.07198528722488	27.61284515867627	28.039619909617876	22.275549644480975
30	22.055593115818148	27.72723405558931	27.967516995772773	22.249655832819766
31	22.11702885843368	27.75905015131961	27.907744092946622	22.21617689730009
32	22.10133004969204	27.709075525684185	27.890843988609003	22.29875043601477
33	21.998034603194867	27.675149447170355	28.019037515818923	22.307778433815855
34	22.15957885385778	27.89950778143003	27.88386828697387	22.057045077738316
35	22.137484694922076	27.740855070569108	27.841462195723878	22.280198038784935
36	22.211570794237222	27.884945074329842	27.769578790296134	22.133905341136796
37	21.997283053533593	27.794377173743545	27.93301023691824	22.275329535804627
38	21.99467258349575	27.59582975319767	28.01164941215919	22.39784825114739
39	21.912759726835446	27.780515040208748	28.01362280630597	22.29310242664983
40	22.055335507814547	27.7977470512583	27.96148365566741	22.185433785259736
41	22.223287222199033	27.81256655792695	27.83744191452822	22.126704305345793
42	22.138444088287326	27.92366498691149	27.807516662541598	22.130374262259583
43	22.112312383552762	27.936669893656557	27.830876990592362	22.12014073219832
44	22.146900368871542	27.69613767431381	27.801019201560745	22.355942755253903
45	21.96976564858059	27.779765694797444	28.005552776619393	22.244915880002576
46	22.056510276207796	27.858482058960615	27.8120162902251	22.272991374606487
47	22.047274383678573	27.88487452096009	27.866527525665013	22.201323569696324
48	22.045972274846765	28.24324301697904	27.96817110096627	21.74261360720792
49	22.137081654879733	28.578601296482052	28.09198621577189	21.19233083286632
50	21.8755153621054	28.51696487928686	28.245146758845884	21.362372999761853
>>END_MODULE
>>Per base GC content	pass
#Base	%GC
1	45.053496304927954
2	44.84590408452494
3	45.024692618352766
4	44.90131088753314
5	45.29563740904274
6	44.81597182136493
7	44.69207327060797
8	44.849762306142566
9	44.44887552323652
10	44.587334721665066
11	44.77080365086255
12	44.36496241466949
13	44.474881050299565
14	44.55534566797442
15	44.46265549789301
16	44.24540893038278
17	44.64905770323707
18	44.347499786748685
19	44.28547705432958
20	44.51141211425064
21	44.34969959579861
22	44.260617523511016
23	44.602800703905636
24	44.23052231989848
25	44.37397309190168
26	44.42755320664604
27	44.16954079574913
28	44.29636514521104
29	44.34753493170586
30	44.30524894863791
31	44.333205755733765
32	44.400080485706816
33	44.30581303701072
34	44.2166239315961
35	44.41768273370702
36	44.34547613537402
37	44.272612589338216
38	44.39252083464314
39	44.205862153485285
40	44.24076929307429
41	44.34999152754483
42	44.268818350546915
43	44.23245311575108
44	44.50284312412545
45	44.214681528583164
46	44.32950165081429
47	44.2485979533749
48	43.78858588205469
49	43.32941248774605
50	43.237888361867256
>>END_MODULE
>>Per sequence GC content	warn
#GC Content	Count
0	8179.0
1	7047.0
2	5468.0
3	5455.5
4	5956.5
5	6837.0
6	7859.5
7	9331.0
8	10850.5
9	13783.5
10	16957.5
11	22531.0
12	28334.5
13	37807.5
14	48888.5
15	66852.0
16	85904.5
17	112932.0
18	141731.5
19	180006.0
20	219271.5
21	266953.0
22	316658.0
23	376053.5
24	438070.5
25	495172.5
26	560207.5
27	632777.0
28	708587.0
29	788275.0
30	869149.0
31	948729.0
32	1030966.0
33	1112072.5
34	1193968.5
35	1264954.5
36	1330779.5
37	1383585.0
38	1424097.5
39	1445992.5
40	1465434.0
41	1469956.5
42	1470075.0
43	1454141.0
44	1432187.0
45	1396675.5
46	1360170.5
47	1321814.0
48	1282003.0
49	1242558.0
50	1203935.5
51	1169705.5
52	1133861.5
53	1098073.5
54	1063520.0
55	1027708.0
56	988060.5
57	942338.5
58	894546.5
59	836305.5
60	776074.0
61	712680.5
62	648140.0
63	592207.0
64	526627.5
65	466291.0
66	408004.5
67	354998.0
68	303785.0
69	258081.5
70	218034.0
71	183456.0
72	152503.0
73	126011.5
74	101330.5
75	83239.5
76	69936.0
77	57445.0
78	46164.0
79	37250.5
80	29477.0
81	23938.0
82	19240.5
83	15532.5
84	12260.0
85	9820.5
86	7610.0
87	5962.0
88	4851.0
89	3916.5
90	3075.0
91	2537.5
92	2131.5
93	1913.5
94	1718.5
95	1632.5
96	1571.0
97	1657.5
98	2439.0
99	10096.5
100	17059.0
>>END_MODULE
>>Per base N content	pass
#Base	N-Count
1	0.001173310458632499
2	0.0
3	0.0
4	0.0
5	0.0
6	0.0
7	0.0028390687374939662
8	0.0
9	0.0
10	0.0
11	0.0
12	0.0
13	0.0
14	6.423232437769154E-5
15	0.0
16	0.0
17	0.0
18	0.0
19	0.0
20	0.0
21	1.8426516871940205E-4
22	0.0
23	6.867032364752724E-5
24	0.002396853163749529
25	0.0
26	0.0
27	0.0
28	0.0019702895001979127
29	0.0021190684264458188
30	0.004225621029109819
31	0.0
32	0.0
33	0.0
34	0.0
35	0.0
36	0.0
37	0.0
38	0.0
39	0.0
40	0.0
41	0.0
42	0.0
43	0.0
44	0.0
45	0.0
46	0.0
47	0.0
48	7.780765985879191E-4
49	0.0038160858498568423
50	0.0
>>END_MODULE
>>Sequence Length Distribution	warn
#Length	Count
20	16793.0
21	17503.0
22	18702.0
23	19205.0
24	20167.0
25	20827.0
26	22063.0
27	22907.0
28	24002.0
29	26032.0
30	26571.0
31	28142.0
32	28822.0
33	29557.0
34	30082.0
35	31037.0
36	32065.0
37	34091.0
38	36625.0
39	39408.0
40	42524.0
41	46575.0
42	52251.0
43	68876.0
44	115285.0
45	228154.0
46	619690.0
47	1348288.0
48	2749227.0
49	3738090.0
50	1.3819167E7
>>END_MODULE
>>Sequence Duplication Levels	warn
#Total Duplicate Percentage	35.30222018158389
#Duplication Level	Relative count
1	100.0
2	22.462341467881508
3	10.0262503243136
4	5.543854829601819
5	3.385070891137463
6	2.1763350273949604
7	1.540680371777849
8	1.0896936953436198
9	0.7905620927002732
10++	5.60337591380126
>>END_MODULE
>>Overrepresented sequences	pass
>>END_MODULE
>>Kmer Content	warn
#Sequence	Count	Obs/Exp Overall	Obs/Exp Max	Max Obs/Exp Position
AAAAA	7078745	4.2245607	5.2260075	46
TTTTT	6027770	3.3713987	3.8063686	46
CCTGG	2161410	3.0385818	3.6739993	9
>>END_MODULE
