##FastQC	0.10.1
>>Basic Statistics	pass
#Measure	Value	
Filename	040-F5_S4_L001_R1_001.fastq.gz	
File type	Conventional base calls	
Encoding	Sanger / Illumina 1.9	
Total Sequences	18865477	
Filtered Sequences	0	
Sequence length	35-76	
%GC	44	
>>END_MODULE
>>Per base sequence quality	pass
#Base	Mean	Median	Lower Quartile	Upper Quartile	10th Percentile	90th Percentile
1	31.300183822545275	32.0	32.0	32.0	32.0	32.0
2	31.39256542519439	32.0	32.0	32.0	32.0	32.0
3	31.475807211235633	32.0	32.0	32.0	32.0	32.0
4	31.55720096555205	32.0	32.0	32.0	32.0	32.0
5	31.523132439216884	32.0	32.0	32.0	32.0	32.0
6	35.095560902064655	36.0	36.0	36.0	36.0	36.0
7	35.1229528943265	36.0	36.0	36.0	36.0	36.0
8	35.067522225915624	36.0	36.0	36.0	36.0	36.0
9	35.17957160584914	36.0	36.0	36.0	36.0	36.0
10-14	35.112481046728895	36.0	36.0	36.0	36.0	36.0
15-19	35.07938776210111	36.0	36.0	36.0	36.0	36.0
20-24	35.03603229327305	36.0	36.0	36.0	36.0	36.0
25-29	34.92857067966	36.0	36.0	36.0	36.0	36.0
30-34	34.83571596943984	36.0	36.0	36.0	36.0	36.0
35-39	34.782648668436664	36.0	36.0	36.0	33.6	36.0
40-44	34.72380670602935	36.0	36.0	36.0	32.0	36.0
45-49	34.63702577343109	36.0	36.0	36.0	32.0	36.0
50-54	34.531909213455684	36.0	36.0	36.0	32.0	36.0
55-59	34.40386950415889	36.0	36.0	36.0	32.0	36.0
60-64	34.283005120615044	36.0	36.0	36.0	32.0	36.0
65-69	34.13366739394695	36.0	36.0	36.0	32.0	36.0
70-74	33.99101829679224	36.0	36.0	36.0	32.0	36.0
75-76	33.49944685531533	36.0	36.0	36.0	26.5	36.0
>>END_MODULE
>>Per sequence quality scores	pass
#Quality	Count
2	16245.0
3	0.0
4	0.0
5	0.0
6	0.0
7	0.0
8	0.0
9	0.0
10	0.0
11	0.0
12	0.0
13	0.0
14	0.0
15	0.0
16	0.0
17	6.0
18	63.0
19	481.0
20	2082.0
21	6176.0
22	12908.0
23	24372.0
24	43253.0
25	74570.0
26	119340.0
27	177409.0
28	251449.0
29	341795.0
30	448626.0
31	588992.0
32	802289.0
33	1226531.0
34	2677402.0
35	1.2051488E7
>>END_MODULE
>>Per base sequence content	fail
#Base	G	A	T	C
1	42.89662836130405	18.92000692654215	11.452360499356153	26.731004212797636
2	15.920356861223842	20.65139842302328	36.18447160075276	27.243773115000124
3	18.654563750926297	22.205005487756743	28.62381873171278	30.51661202960418
4	12.863240263582092	15.652202699823526	35.96810734782191	35.51644968877247
5	14.46491294711636	35.5973389260634	34.4063567152232	15.531391411597035
6	33.91458961618651	35.82012847465781	16.41789959742159	13.847382311734089
7	30.189930284692768	29.967061787981603	20.735221466848092	19.10778646047754
8	25.975753282680163	35.20597019549656	20.059867691161102	18.75840883066217
9	24.390611776649575	15.736768479479696	20.365784664330093	39.50683507954064
10-14	23.494708031450852	23.51800879563528	28.942487177895053	24.044795995018813
15-19	21.712122282822637	28.976912281908007	26.96110425315595	22.349861182113408
20-24	21.852172590134412	27.657075201638747	28.186843585551212	22.30390862267563
25-29	21.433122764786656	27.826944651922712	28.272866311951862	22.46706627133877
30-34	21.507470802361368	27.844254091932807	28.47784498835545	22.170430117350378
35-39	21.438382223504	28.17055835278035	28.351529482072095	22.039529941643558
40-44	21.661459264215914	28.034817853206096	28.4091098923643	21.894612990213687
45-49	21.594360464051814	28.167931483618375	28.204703277899494	22.033004774430314
50-54	21.548890091410268	28.342417428688616	28.212841824208983	21.895850655692133
55-59	21.615080151855754	28.135676476406186	28.03822473121484	22.21101864052322
60-64	21.740785521829668	28.10114895343964	28.18103464769413	21.97703087703655
65-69	21.87520918136741	28.333739329020595	27.99415691541679	21.7968945741952
70-74	22.156271895817216	28.554595079758993	27.95776940602117	21.331363618402616
75-76	25.698796291681564	35.77467385173592	29.239676083006422	9.286853773576098
>>END_MODULE
>>Per base GC content	fail
#Base	%GC
1	69.6276325741017
2	43.16412997622396
3	49.171175780530476
4	48.37968995235456
5	29.996304358713395
6	47.7619719279206
7	49.297716745170305
8	44.734162113342336
9	63.89744685619021
10-14	47.53950402646967
15-19	44.06198346493604
20-24	44.15608121281004
25-29	43.900189036125425
30-34	43.677900919711746
35-39	43.47791216514756
40-44	43.55607225442961
45-49	43.62736523848213
50-54	43.4447407471024
55-59	43.82609879237898
60-64	43.71781639886622
65-69	43.67210375556261
70-74	43.48763551421983
75-76	34.98565006525766
>>END_MODULE
>>Per sequence GC content	fail
#GC Content	Count
0	16266.0
1	8145.5
2	45.5
3	102.0
4	138.5
5	181.5
6	342.5
7	604.0
8	751.0
9	1023.5
10	1767.0
11	2881.5
12	3543.5
13	4734.5
14	7588.5
15	12142.0
16	19228.5
17	24484.5
18	32682.0
19	48907.5
20	68929.5
21	83335.0
22	104324.5
23	141181.0
24	179868.0
25	205710.5
26	238009.0
27	290399.5
28	341581.5
29	376193.0
30	420142.5
31	489081.0
32	557621.0
33	604813.0
34	664379.5
35	754375.0
36	829213.0
37	869527.5
38	889679.0
39	894298.5
40	871374.0
41	840573.5
42	828055.0
43	818639.0
44	795017.5
45	766872.5
46	749987.5
47	731721.0
48	699445.5
49	667743.0
50	647734.5
51	628709.5
52	600499.5
53	574422.0
54	560471.5
55	546495.5
56	523759.5
57	501652.0
58	483272.5
59	456776.0
60	418729.0
61	376004.5
62	341088.5
63	308096.0
64	266622.5
65	229599.5
66	191047.0
67	162547.0
68	141552.0
69	115513.5
70	90299.0
71	73334.0
72	61173.5
73	48343.5
74	37201.0
75	30007.5
76	25255.5
77	20062.5
78	15236.5
79	12078.0
80	10132.5
81	7975.5
82	5751.0
83	4273.5
84	3325.5
85	2442.0
86	1642.5
87	1152.5
88	912.0
89	650.0
90	424.5
91	297.0
92	246.5
93	369.5
94	390.5
95	239.5
96	190.0
97	123.5
98	50.5
99	71.0
100	100.0
>>END_MODULE
>>Per base N content	pass
#Base	N-Count
1	0.08610967006029055
2	0.08610967006029055
3	0.08610967006029055
4	0.08610967006029055
5	0.08610967006029055
6	0.10709509226827395
7	0.08610967006029055
8	0.08610967006029055
9	0.08610967006029055
10-14	0.08645315461676374
15-19	0.08651252231788256
20-24	0.0867817972479572
25-29	0.0868326838489162
30-34	0.08829991417656707
35-39	0.017750026438186097
40-44	0.0023459288833257066
45-49	0.0029663814812435777
50-54	0.002167512485637937
55-59	0.0026477082914389567
60-64	1.1332071593343837E-4
65-69	5.214187456456522E-4
70-74	2.038338783953728E-4
75-76	0.0
>>END_MODULE
>>Sequence Length Distribution	warn
#Length	Count
35	21089.0
36	6990.0
37	9694.0
38	11262.0
39	12717.0
40	13853.0
41	15247.0
42	16763.0
43	19208.0
44	21532.0
45	23277.0
46	23830.0
47	24852.0
48	25256.0
49	26121.0
50	26767.0
51	27974.0
52	29674.0
53	31698.0
54	34420.0
55	35966.0
56	36166.0
57	36864.0
58	37156.0
59	37913.0
60	39959.0
61	39713.0
62	41107.0
63	42279.0
64	46470.0
65	47959.0
66	49150.0
67	52392.0
68	49114.0
69	55903.0
70	57318.0
71	71309.0
72	140197.0
73	435508.0
74	1250844.0
75	3830328.0
76	1.2009638E7
>>END_MODULE
>>Sequence Duplication Levels	warn
#Total Duplicate Percentage	34.56322972953076
#Duplication Level	Relative count
1	100.0
2	22.812978129781296
3	9.42459424594246
4	5.00480004800048
5	2.955029550295503
6	1.845018450184502
7	1.2967629676296764
8	0.9705097050970509
9	0.7125071250712507
10++	4.97929979299793
>>END_MODULE
>>Overrepresented sequences	pass
>>END_MODULE
>>Kmer Content	warn
#Sequence	Count	Obs/Exp Overall	Obs/Exp Max	Max Obs/Exp Position
AAAAA	8649065	3.999157	7.3868675	72
TTTTT	8192135	3.7148814	6.536498	72
CCTGG	2853585	3.1530316	12.732188	3
CCAGG	2727365	3.0253181	14.234213	3
CCCAG	2546245	2.8097308	12.290932	2
CTGGG	2493105	2.7691169	10.812313	4
CCAGC	2438210	2.6905167	7.2431774	3
AGAAA	4534985	2.6164591	5.182456	48
TTTCT	4565915	2.5801296	5.254793	16
CCTCC	2348650	2.5682032	5.059119	1
GGAGG	2287740	2.5642533	5.877508	6
GCTGG	2293155	2.5470302	6.2581124	3
CAGCA	2839340	2.5240996	6.71386	4
GAAAA	4313045	2.4884107	5.2904954	24
TGCTG	2782515	2.4672277	6.382393	2
TCCAG	2783120	2.4645107	9.81831	2
CAGCC	2182840	2.4087207	6.248474	5
GCTGC	2108270	2.3295052	5.871392	8
GGCTG	2072395	2.30183	8.528405	7
CAGGA	2575535	2.3015466	10.152369	4
CTCCA	2612545	2.301438	7.123819	1
AGGAG	2554820	2.2949636	7.419587	5
CTGGA	2575080	2.292201	8.598437	4
AGCAG	2551710	2.280256	5.6331563	7
CTGCT	2583770	2.2790947	6.5436974	9
GGCAG	2018210	2.250388	6.5628157	7
CTCCT	2563620	2.249567	6.410081	1
CCTGC	2025335	2.2262359	6.4220605	3
TCCTG	2510520	2.214482	8.668732	2
CTGCC	2004315	2.203131	5.9191	9
GCAGG	1968985	2.1955	6.546858	3
GCCTG	1981745	2.1897035	8.370447	7
CAGAG	2449450	2.1888745	8.174904	4
CCCTG	1958840	2.1531448	8.982211	2
CTGCA	2406395	2.130913	6.4023643	4
CTCTG	2388520	2.106868	7.297842	2
TGCAG	2361770	2.1023238	6.346451	2
CAGGG	1866025	2.0806952	9.511954	4
GCCAG	1867525	2.0715442	5.87319	2
GAGAA	2862385	2.0606527	5.067883	47
CTGGC	1853895	2.048437	5.7320533	4
TGGAG	2280430	2.0405252	6.1101155	5
CAGGC	1824225	2.023514	6.4381986	4
AGCTG	2269680	2.02035	6.0203876	7
AAAAT	4376830	2.0158985	5.0007377	72
GGAGA	2208370	1.9837518	5.4397335	6
GGGAG	1766520	1.9800347	5.4708757	7
CCCCA	1786470	1.9610878	7.136367	1
CAGAA	2735090	1.9587777	5.340382	4
CACAG	2187660	1.944773	6.88971	7
CTCAG	2143750	1.8983351	6.164361	2
CTGTG	2134725	1.8928388	8.712953	9
CTGAG	2104410	1.8732353	5.806501	4
GGCCA	1682770	1.8666055	6.677107	1
CAGTG	2095120	1.8649659	7.4718766	7
CCAGA	2094190	1.8616805	6.990369	3
TGGGG	1633605	1.8239418	6.0355597	5
CACTG	2043715	1.8097521	7.4692163	7
CCTCT	2054805	1.8030838	5.466277	1
TCTGG	2024845	1.7954093	6.1087813	3
ACCTG	2011165	1.7809284	5.4068394	7
TGGCC	1604145	1.7724789	5.9531302	5
CATTT	3111475	1.7651039	5.0347686	14
AGAGG	1955765	1.7568399	5.1989	5
GCCCA	1550620	1.7110785	8.053891	1
GAGAG	1872335	1.6818956	5.388934	7
CCTGA	1897645	1.6804042	5.462519	3
GGCCC	1209475	1.6653297	5.0447474	6
ACAGA	2306065	1.6515247	5.789789	8
TCAGG	1828750	1.6278572	5.7531953	3
TGGGC	1463325	1.6253297	6.60985	5
GGGCC	1167280	1.6156288	5.6083956	6
GGCCT	1448790	1.6008216	5.486876	6
CCTGT	1779325	1.5695089	5.5467715	8
AGGTG	1751875	1.5675751	5.1177845	7
AGGCC	1412110	1.566377	5.1557946	5
GTGTG	1745060	1.5554113	7.844362	9
AGCCT	1753870	1.5530883	5.828447	6
CACAC	1719855	1.5209596	6.945935	5
ACACA	2087440	1.4871826	6.225912	6
AGTGG	1635745	1.463662	5.330514	8
AGGCT	1620255	1.442266	5.144606	6
TGTGT	2026840	1.4421996	6.206355	10
CTGTC	1627235	1.435353	5.8795104	9
GACAG	1598730	1.4286551	6.9241343	7
ACAGC	1604865	1.4266833	5.4075875	8
GGGCT	1274315	1.4153947	6.121601	6
GCCCT	1286210	1.4137942	5.8423657	1
GCTGT	1580410	1.4013333	5.1879005	8
GTCCT	1583385	1.3966739	10.659451	1
AGAGC	1515690	1.354449	5.0103946	5
ATGGC	1508935	1.3431747	6.0461435	17
AGGGC	1204395	1.3429505	5.7880073	5
AGGAC	1489680	1.3312061	11.572352	5
AGACA	1848860	1.3240904	5.438801	6
GGACA	1458855	1.3036603	6.502817	6
GAGAC	1368020	1.2224884	5.0018954	5
ACTGC	1378720	1.2208853	5.2290893	8
TGTGC	1350635	1.1975942	6.678769	10
GTCCA	1331575	1.1791373	6.61746	1
GTGCT	1326215	1.1759412	5.5297923	1
AGCAC	1267835	1.1270723	5.5007305	5
TACAG	1567890	1.1185074	5.4844866	5
TGGAC	1244135	1.1074636	5.9275346	5
GTGCA	1240480	1.1042101	5.669857	1
CTGTA	1527840	1.0857024	5.51935	1
TGCAC	1203625	1.065835	5.416665	5
ACAGT	1476795	1.0535216	5.302247	8
GGACC	945715	1.0490304	6.55077	6
ACTGT	1446990	1.0282495	5.973641	8
GACTG	1146040	1.0201447	6.1460996	7
AGACT	1368725	0.97642636	5.536788	6
AGTGT	1355035	0.96793604	5.3125167	8
CTACA	1321835	0.93807435	5.9294553	4
GGACT	1047735	0.9326387	5.324277	6
TGTAG	1303660	0.9312376	6.4607353	2
TAGGA	1213895	0.8704977	7.2109113	4
TCCTA	1198250	0.84706587	6.485884	2
GTAGG	872755	0.78093976	6.2100334	3
CCTAC	881780	0.776776	5.4589515	3
GTGTA	913845	0.6527828	5.355232	1
GGACG	543955	0.6065324	5.528412	6
>>END_MODULE
