##FastQC	0.10.1
>>Basic Statistics	pass
#Measure	Value	
Filename	008-F5_S2_L003_R2_001.fastq.gz	
File type	Conventional base calls	
Encoding	Sanger / Illumina 1.9	
Total Sequences	12689527	
Filtered Sequences	0	
Sequence length	35-75	
%GC	46	
>>END_MODULE
>>Per base sequence quality	pass
#Base	Mean	Median	Lower Quartile	Upper Quartile	10th Percentile	90th Percentile
1	31.57063553275075	32.0	32.0	32.0	32.0	32.0
2	31.39249414103457	32.0	32.0	32.0	32.0	32.0
3	31.424037475943745	32.0	32.0	32.0	32.0	32.0
4	31.448109216364013	32.0	32.0	32.0	32.0	32.0
5	31.435659185720635	32.0	32.0	32.0	32.0	32.0
6	35.18936970621521	36.0	36.0	36.0	36.0	36.0
7	35.17260446350758	36.0	36.0	36.0	36.0	36.0
8	35.134025878190734	36.0	36.0	36.0	36.0	36.0
9	35.20407553409989	36.0	36.0	36.0	36.0	36.0
10	35.087790585102184	36.0	36.0	36.0	36.0	36.0
11	35.18639016253324	36.0	36.0	36.0	36.0	36.0
12	35.10806872470503	36.0	36.0	36.0	36.0	36.0
13	35.13703710154051	36.0	36.0	36.0	36.0	36.0
14	35.08802897066219	36.0	36.0	36.0	36.0	36.0
15	35.068263694935204	36.0	36.0	36.0	36.0	36.0
16	35.07382434349208	36.0	36.0	36.0	36.0	36.0
17	35.067030000409	36.0	36.0	36.0	36.0	36.0
18	35.05740308523714	36.0	36.0	36.0	36.0	36.0
19	35.052264438225315	36.0	36.0	36.0	36.0	36.0
20	35.03948460805513	36.0	36.0	36.0	36.0	36.0
21	35.030748033397934	36.0	36.0	36.0	36.0	36.0
22	35.01910756799682	36.0	36.0	36.0	36.0	36.0
23	35.004162408890416	36.0	36.0	36.0	36.0	36.0
24	34.99695898830587	36.0	36.0	36.0	36.0	36.0
25	34.9768375133289	36.0	36.0	36.0	36.0	36.0
26	34.96399329935623	36.0	36.0	36.0	36.0	36.0
27	34.95111007683738	36.0	36.0	36.0	36.0	36.0
28	34.94596205201344	36.0	36.0	36.0	36.0	36.0
29	34.92954686175458	36.0	36.0	36.0	36.0	36.0
30	34.90804803047426	36.0	36.0	36.0	36.0	36.0
31	34.90050157109875	36.0	36.0	36.0	36.0	36.0
32	34.88473029766988	36.0	36.0	36.0	36.0	36.0
33	34.878188682682975	36.0	36.0	36.0	36.0	36.0
34	34.87030359760455	36.0	36.0	36.0	36.0	36.0
35	34.853219272869666	36.0	36.0	36.0	36.0	36.0
36	34.85597423530275	36.0	36.0	36.0	36.0	36.0
37	34.84660323292532	36.0	36.0	36.0	36.0	36.0
38	34.828731878028215	36.0	36.0	36.0	36.0	36.0
39	34.81512171698538	36.0	36.0	36.0	36.0	36.0
40	34.81387072334789	36.0	36.0	36.0	36.0	36.0
41	34.8082210127079	36.0	36.0	36.0	36.0	36.0
42	34.78676580409275	36.0	36.0	36.0	36.0	36.0
43	34.779826811666474	36.0	36.0	36.0	36.0	36.0
44	34.76355996313629	36.0	36.0	36.0	36.0	36.0
45	34.75114756652994	36.0	36.0	36.0	36.0	36.0
46	34.73659386113607	36.0	36.0	36.0	36.0	36.0
47	34.727858485792474	36.0	36.0	36.0	36.0	36.0
48	34.709733492280826	36.0	36.0	36.0	36.0	36.0
49	34.70062136433131	36.0	36.0	36.0	36.0	36.0
50	34.67839582807728	36.0	36.0	36.0	36.0	36.0
51	34.66329234139297	36.0	36.0	36.0	36.0	36.0
52	34.649966485755336	36.0	36.0	36.0	36.0	36.0
53	34.62632639005455	36.0	36.0	36.0	36.0	36.0
54	34.61477233545866	36.0	36.0	36.0	36.0	36.0
55	34.584350881725044	36.0	36.0	36.0	32.0	36.0
56	34.56551506502065	36.0	36.0	36.0	32.0	36.0
57	34.55314527053949	36.0	36.0	36.0	32.0	36.0
58	34.537904777645956	36.0	36.0	36.0	32.0	36.0
59	34.51882715312433	36.0	36.0	36.0	32.0	36.0
60	34.502579882996486	36.0	36.0	36.0	32.0	36.0
61	34.4739204141614	36.0	36.0	36.0	32.0	36.0
62	34.44629004652257	36.0	36.0	36.0	32.0	36.0
63	34.423049957571145	36.0	36.0	36.0	32.0	36.0
64	34.39772162217339	36.0	36.0	36.0	32.0	36.0
65	34.379165328350396	36.0	36.0	36.0	32.0	36.0
66	34.354136932532505	36.0	36.0	36.0	32.0	36.0
67	34.3299336624719	36.0	36.0	36.0	32.0	36.0
68	34.30479005720006	36.0	36.0	36.0	32.0	36.0
69	34.302554499584254	36.0	36.0	36.0	32.0	36.0
70	34.282097713617766	36.0	36.0	36.0	32.0	36.0
71	34.253554620609975	36.0	36.0	36.0	32.0	36.0
72	34.23436669081896	36.0	36.0	36.0	32.0	36.0
73	34.18862428353182	36.0	36.0	36.0	32.0	36.0
74	34.13879481295891	36.0	36.0	36.0	32.0	36.0
75	33.22359027916065	36.0	36.0	36.0	21.0	36.0
>>END_MODULE
>>Per sequence quality scores	pass
#Quality	Count
2	6966.0
3	809.0
4	1490.0
5	304.0
6	127.0
7	104.0
8	123.0
9	128.0
10	124.0
11	181.0
12	211.0
13	236.0
14	1203.0
15	2602.0
16	4060.0
17	5817.0
18	7795.0
19	10279.0
20	13922.0
21	18998.0
22	25883.0
23	36093.0
24	50144.0
25	68078.0
26	90799.0
27	118030.0
28	149284.0
29	185197.0
30	230205.0
31	292441.0
32	390977.0
33	595275.0
34	1310662.0
35	9070980.0
>>END_MODULE
>>Per base sequence content	fail
#Base	G	A	T	C
1	44.69860842088463	17.561680177465057	11.436069967862373	26.303641433787938
2	17.140912461056658	19.201042846879883	36.25564540935186	27.4023992827116
3	20.26821826035821	20.507361485931874	28.54430540440508	30.680114849304836
4	13.926461239899938	14.280047240471125	35.537935962321164	36.25555555730777
5	15.544793333506284	34.1356741770831	34.8629757789287	15.45655671048192
6	35.302574445466355	34.23138647468063	16.2224675048878	14.24357157496522
7	31.162240682879588	29.413110922193432	20.183921352762763	19.240727042164217
8	27.144768074212593	34.066140938403734	19.714620580754357	19.074470406629317
9	25.215077704653698	15.679026250372075	19.834605603985075	39.271290440989155
10	14.925079207996536	27.05620394222495	34.32098874482623	23.697728104952283
11	34.62258353329249	22.446403795301553	23.444979736981413	19.486032934424543
12	22.58276726562699	23.90480519297173	30.620506742690768	22.89192079871051
13	28.153584436871288	20.28269910709786	25.9725437185745	25.591172737456358
14	20.791394568996896	20.34292686716612	26.989223098464688	31.8764554653723
15	23.139122509128697	29.02744887960087	23.07320090331056	24.760227707959874
16	23.142819799289253	28.169643783266725	25.31721383313481	23.370322584309218
17	22.034273031087245	27.8420815589607	27.241491096126495	22.882154313825552
18	22.47676128051885	27.439147654256406	27.75357717310313	22.33051389212161
19	22.906359685446787	26.92437471900807	27.433670129276006	22.73559546626914
20	22.84879859176493	26.844958237488147	27.555472682317244	22.750770488429676
21	22.659396112764885	26.53812904065899	27.310542579202657	23.491932267373468
22	22.680859273510457	26.50677872762187	27.548074518915648	23.264287479952024
23	22.622800636533402	26.587409202725667	27.445541355503146	23.344248805237786
24	22.8023227473539	26.320005615987895	27.685353235384824	23.19231840127338
25	22.86586315682623	26.376213631094636	27.32608337813913	23.431839833940003
26	22.384558209960392	26.793225897365254	27.540432440985402	23.281783451688955
27	22.456221633970085	26.790538779169378	27.492095312621146	23.261144274239392
28	22.56298434708534	26.69604003738716	27.459897540256268	23.281078075271232
29	22.35707955649317	26.82183016573727	27.629988179934763	23.1911020978348
30	22.4826012085543	26.874371768921236	27.492531824787314	23.15049519773715
31	22.903110688720986	26.83891159656526	27.261272799443155	22.996704915270602
32	22.26063399915295	27.00757760714973	27.638683321241842	23.09310507245548
33	22.449688214988807	26.825271820967394	27.724074327363297	23.0009656366805
34	22.47244770077604	26.55547337692315	27.87378445274749	23.098294469553316
35	22.351354687914753	26.86498794461266	27.773624555835987	23.010032811636595
36	22.46001066072094	27.179797547276873	27.65589332210831	22.704298469893878
37	22.55839164207261	26.924953652668336	27.3538050254006	23.162849679858454
38	22.466794040387164	27.296260378379024	27.378568496887247	22.858377084346564
39	22.594584014235107	27.126582023719653	27.576342226591215	22.702491735454025
40	22.65436990045663	26.807543957450108	27.551012997584635	22.98707314450863
41	22.614330966626223	27.008396622653525	27.611948783618033	22.765323627102216
42	22.487316604963663	27.184651212165445	27.604163704732965	22.72386847813793
43	22.587731477878798	26.944345449263746	27.500969169622103	22.966953903235353
44	22.423768144072387	27.31854426029055	27.552775535500366	22.704912060136696
45	22.526727889328303	27.20195105428706	27.42873913527833	22.842581921106305
46	22.607041157243	27.183927032922046	27.33827766836973	22.870754141465223
47	22.52079725995309	27.29296913332088	27.513674910654085	22.672558696071945
48	22.407077566237767	27.24629886798405	27.43553831055476	22.911085255223426
49	22.66779251140013	27.06819700423681	27.482497936576323	22.781512547786736
50	22.51617610407499	27.329181419057964	27.41615790338159	22.738484573485458
51	22.553859455000456	27.33430895469706	27.400246681499286	22.711584908803196
52	22.618479100926088	27.284072961801296	27.297226369430877	22.800221567841735
53	22.451503328306153	27.18053007431145	27.54383755943546	22.824129037946943
54	22.63266986344017	27.45820731157793	27.372020673980934	22.53710215100096
55	22.600059999793103	27.15597797673377	27.318263889275713	22.925698134197415
56	22.68170051784097	27.397241616933083	27.224248309432458	22.696809555793486
57	22.540721245609706	27.353886247531626	27.3050589439796	22.800333562879064
58	22.535592450903874	27.214019526474726	27.302346699838374	22.948041322783023
59	22.42993573705843	27.36595442272608	27.376156918702403	22.827952921513088
60	22.51932126713119	27.343853167568028	27.459654794693666	22.67717077060712
61	22.755148027511666	27.31812181916778	27.2290849420936	22.69764521122696
62	22.681380874982203	27.469362281321803	27.26356872816746	22.58568811552854
63	22.686934939844917	27.53446131433596	27.19337622223496	22.58522752358416
64	22.700117380750985	27.26078919444395	27.131270873505542	22.90782255129952
65	22.573332212786664	27.407565364417557	27.325971534894567	22.69313088790122
66	22.645881307124117	27.565978692743663	27.085516525450853	22.702623474681367
67	22.712135466194937	27.351568902255725	27.16377848498504	22.772517146564297
68	22.705154737906568	27.649256646871635	27.252307160200317	22.393281455021476
69	22.9473403617484	27.540413926762312	27.14600543821725	22.366240273272037
70	23.03963503883762	27.294245470974403	27.085633592602683	22.58048589758529
71	22.81309460357997	27.645910348896535	27.02583895473144	22.515156092792054
72	22.827520900355296	27.766287648191785	27.233832072926887	22.172359378526032
73	23.56632884194286	28.319025258097323	27.298727166371723	20.81591873358809
74	24.744630848529845	30.768164774765477	27.375082008653926	17.11212236805075
75	30.108140031930443	41.19987720367114	28.69198276439842	0.0
>>END_MODULE
>>Per base GC content	fail
#Base	%GC
1	71.00224985467257
2	44.54331174376826
3	50.94833310966305
4	50.18201679720771
5	31.0013500439882
6	49.54614602043157
7	50.402967725043816
8	46.21923848084191
9	64.48636814564284
10	38.622807312948815
11	54.10861646771703
12	45.474688064337506
13	53.74475717432765
14	52.66785003436919
15	47.89935021708857
16	46.51314238359847
17	44.916427344912805
18	44.80727517264046
19	45.641955151715926
20	45.599569080194605
21	46.15132838013835
22	45.94514675346248
23	45.96704944177119
24	45.99464114862728
25	46.29770299076623
26	45.66634166164935
27	45.71736590820948
28	45.84406242235657
29	45.54818165432797
30	45.63309640629145
31	45.89981560399159
32	45.35373907160843
33	45.45065385166931
34	45.57074217032935
35	45.36138749955135
36	45.16430913061482
37	45.72124132193106
38	45.32517112473373
39	45.29707574968913
40	45.641443044965264
41	45.37965459372844
42	45.21118508310159
43	45.554685381114155
44	45.12868020420908
45	45.36930981043461
46	45.47779529870822
47	45.19335595602503
48	45.318162821461186
49	45.44930505918687
50	45.25466067756045
51	45.26544436380365
52	45.418700668767826
53	45.27563236625309
54	45.16977201444113
55	45.52575813399052
56	45.37851007363446
57	45.34105480848877
58	45.4836337736869
59	45.25788865857152
60	45.19649203773831
61	45.45279323873863
62	45.26706899051074
63	45.272162463429076
64	45.607939932050506
65	45.26646310068788
66	45.34850478180548
67	45.484652612759234
68	45.09843619292805
69	45.313580635020436
70	45.62012093642291
71	45.328250696372024
72	44.99988027888133
73	44.382247575530954
74	41.85675321658059
75	30.108140031930443
>>END_MODULE
>>Per sequence GC content	warn
#GC Content	Count
0	7012.0
1	3832.5
2	784.0
3	898.5
4	882.0
5	820.5
6	759.0
7	789.5
8	826.5
9	941.5
10	1321.0
11	1963.5
12	2354.5
13	2822.5
14	3896.0
15	5660.5
16	7151.5
17	9965.0
18	15964.0
19	23857.5
20	29471.0
21	38057.0
22	54946.0
23	74382.0
24	87380.5
25	103997.5
26	132698.5
27	162459.5
28	181827.5
29	205744.5
30	244702.0
31	283275.5
32	309037.0
33	338844.5
34	388594.5
35	435860.5
36	463172.5
37	489914.5
38	520618.5
39	539427.5
40	552288.0
41	556744.0
42	556260.5
43	554334.0
44	555090.0
45	551297.0
46	537925.0
47	523402.0
48	516797.0
49	505308.0
50	482794.5
51	462401.5
52	451590.5
53	443831.5
54	428189.5
55	410188.0
56	399880.0
57	389902.5
58	368998.0
59	342542.0
60	320435.0
61	296504.0
62	264744.0
63	232367.5
64	207288.0
65	186888.5
66	159720.0
67	131641.0
68	111952.0
69	97469.5
70	79470.5
71	61566.5
72	49900.0
73	42290.0
74	33645.0
75	26024.0
76	21296.5
77	18011.0
78	14080.0
79	10663.5
80	8583.0
81	7090.0
82	5466.5
83	3831.0
84	2784.5
85	2308.5
86	1807.0
87	1321.0
88	1111.5
89	966.0
90	768.0
91	654.5
92	607.0
93	611.5
94	615.5
95	627.0
96	640.5
97	669.0
98	816.0
99	3339.5
100	5745.0
>>END_MODULE
>>Per base N content	pass
#Base	N-Count
1	0.061617741937898866
2	0.05768536526223555
3	0.05649540759084243
4	0.056589973763403474
5	0.060821809985510095
6	0.06671643474181504
7	0.0717678444594507
8	0.07759154458633485
9	0.08369894323090214
10	0.07830079088054268
11	0.08094076319787176
12	0.08187854440910208
13	0.0830133384798346
14	0.08685902949731696
15	0.08535385125072038
16	0.09362051083543145
17	0.08934139152704432
18	0.08676446332475592
19	0.08847453494523476
20	0.09086233080240107
21	0.08225680909934625
22	0.08817507539879146
23	0.09542514862847133
24	0.090129442965053
25	0.08460520238461212
26	0.09278517631114225
27	0.08897100735118023
28	0.08965661210224779
29	0.09403029758319596
30	0.0950862865101276
31	0.09821485071902208
32	0.09905806575769137
33	0.09362839134981153
34	0.08813567282689103
35	0.09946785250545588
36	0.042643623969974724
37	0.0397538651387387
38	0.053420429745391275
39	0.05058179716368016
40	0.045984361214258564
41	0.04864644656017378
42	0.05541667179783999
43	0.04954194233946465
44	0.04974089629824884
45	0.05273179626956323
46	0.04218639698996579
47	0.04800531926463982
48	0.05258942992820534
49	0.0471406051498003
50	0.0432950925044341
51	0.040024109610242234
52	0.048398885524417
53	0.04693450433240968
54	0.0454775215251395
55	0.05157003065410428
56	0.04711289429285161
57	0.05448242887879512
58	0.052312874383451134
59	0.046907869797361036
60	0.0487507987560152
61	0.04479064615069379
62	0.05181640292870861
63	0.04745163688088211
64	0.04640666880542276
65	0.04862996107672076
66	0.04677951071935767
67	0.044955170332880524
68	0.05140915160509493
69	0.04359529410545137
70	0.04972866346526729
71	0.04470417144782338
72	0.043867558006485056
73	0.04127987113413334
74	0.04569027212569833
75	0.056772566216895186
>>END_MODULE
>>Sequence Length Distribution	warn
#Length	Count
35	7678.0
36	1321.0
37	1858.0
38	2173.0
39	2623.0
40	2856.0
41	3350.0
42	3651.0
43	4414.0
44	4999.0
45	5977.0
46	6278.0
47	6730.0
48	7440.0
49	7811.0
50	7970.0
51	8802.0
52	9450.0
53	9907.0
54	11045.0
55	11877.0
56	12317.0
57	12889.0
58	13692.0
59	13906.0
60	14833.0
61	15006.0
62	15458.0
63	16729.0
64	17935.0
65	19273.0
66	19158.0
67	20728.0
68	21730.0
69	26801.0
70	35655.0
71	84847.0
72	310788.0
73	887230.0
74	2746594.0
75	8255748.0
>>END_MODULE
>>Sequence Duplication Levels	warn
#Total Duplicate Percentage	34.10498363611421
#Duplication Level	Relative count
1	100.0
2	23.88826516576578
3	9.50355770017175
4	4.651404864049012
5	2.612697680989167
6	1.6104448426358953
7	1.0632207409830703
8	0.772507936980007
9	0.5754775199446828
10++	4.024625084574377
>>END_MODULE
>>Overrepresented sequences	pass
>>END_MODULE
>>Kmer Content	warn
#Sequence	Count	Obs/Exp Overall	Obs/Exp Max	Max Obs/Exp Position
AAAAA	4811015	3.9819968	9.1641655	71
TTTTT	3932580	3.0401585	5.336109	71
CCTGG	2049840	2.9925416	11.920842	3
CCAGG	1940315	2.8715842	12.42363	3
CCCAG	1819520	2.7137756	11.200658	2
CTGGG	1812585	2.6257343	10.721426	4
CAGCA	2032815	2.6117692	6.910764	4
CCAGC	1742260	2.598544	6.4740424	3
TGCTG	2082715	2.583692	8.0377865	2
GCTGG	1722360	2.4950328	7.101617	3
GGAGG	1712215	2.495008	5.8468275	6
TCCAG	1939880	2.4585707	9.00829	2
CTGCT	1904925	2.3815331	6.491681	9
GCTGC	1617180	2.3609052	5.7555995	8
AGCAG	1835210	2.3396716	5.5516524	7
CAGGA	1833775	2.337842	10.061062	4
CTCCA	1828755	2.335776	6.443776	1
CTCCT	1847085	2.3271985	6.205962	1
CTGGA	1849160	2.3254902	9.0786495	4
AGGAG	1834105	2.3202004	7.1915836	5
CAGCC	1554980	2.3192198	5.499949	9
CTTCT	2147365	2.2990222	5.0920663	1
TCCTG	1813520	2.2672586	8.958372	2
GGCTG	1560785	2.2609732	8.306085	7
CCTGC	1517725	2.232961	6.271886	3
CTGCC	1500035	2.2069345	5.6824975	9
GGCAG	1502790	2.206885	6.271992	7
CTGCA	1739035	2.2040234	6.8618836	4
GCAGG	1496100	2.197061	6.8855543	3
TGCAG	1721065	2.164399	7.1702504	2
CCCTG	1452540	2.1370568	8.993267	2
CAGAG	1672520	2.1322613	7.6163344	4
CTCTG	1684795	2.106327	7.460787	2
GCCTG	1437975	2.0992858	6.7377043	7
TGGAG	1675820	2.0912194	6.63564	5
AGCTG	1652585	2.0782788	5.8163905	7
CAGGG	1390280	2.0416613	9.271521	4
CAGAA	1842940	2.0397077	5.5213795	4
CTGGC	1383060	2.019116	5.548402	4
GCCAG	1359580	2.012121	5.343823	2
GGAGA	1588505	2.0095084	5.6681767	6
CAGGC	1336530	1.9780078	5.9086757	4
CACAG	1539260	1.9776477	7.073007	7
CCCCA	1306905	1.9643955	6.7478886	1
TTCTG	1842760	1.9576644	5.383415	2
CTGTG	1563040	1.9390143	8.71471	9
GGGAG	1321850	1.9261751	5.2334914	7
CTCAG	1519105	1.9252877	6.183187	2
CTGAG	1505325	1.8930857	5.9893103	4
CCAGA	1463875	1.8807926	6.794805	3
CCTCT	1461420	1.8412874	5.573763	1
GGCCA	1241730	1.8377079	6.1786833	1
TCTGG	1466345	1.8190602	6.431696	3
ACCTG	1415120	1.7934988	5.362767	7
TGGGG	1245480	1.7902814	6.08202	5
AGAGG	1390460	1.7589755	5.1532373	5
CACTG	1384945	1.7552555	7.1883802	7
CAGTG	1391410	1.749827	6.3723984	9
TGGCC	1186175	1.7316854	5.5763493	5
CCTGA	1361950	1.726112	5.6988015	3
ACAGA	1493070	1.6524829	5.7386923	8
GCCCA	1107005	1.6510745	6.987179	1
TCAGG	1310555	1.6481444	5.8463407	3
GAGAG	1300185	1.6447748	5.3142724	7
AGGTG	1261595	1.5743167	5.053415	7
CCTGT	1254355	1.5681919	5.4665713	8
GGGCC	916100	1.5617247	5.250893	6
TGGGC	1066260	1.544598	6.2972884	5
GTGTG	1191390	1.4665505	7.701585	1
ACAGC	1141150	1.4661542	5.6511884	8
GCTGT	1180055	1.4639059	5.2953067	8
TGTGT	1378885	1.4535489	5.7842197	10
CTGTC	1160375	1.4506984	5.7455716	9
ACACA	1289260	1.4380207	5.989848	6
GCCCT	972675	1.4310532	5.952254	1
GGGCT	975925	1.4137375	5.9433374	6
GACAG	1102575	1.4056503	6.9750614	7
CACAC	1067420	1.3821019	6.180067	5
AGACA	1232565	1.3641641	5.464495	6
AGGGC	901580	1.3239931	5.609847	5
GGACA	995595	1.2692636	6.028859	6
GTCCT	1014070	1.2677882	8.419949	1
ACTGC	960865	1.2177838	5.0658855	8
GTGCT	980390	1.2162133	6.63736	1
GTCCA	940925	1.1925123	6.783196	1
AGGAC	933150	1.1896538	7.9989805	5
GTCTT	1090705	1.1587154	5.39645	1
TGTGC	923425	1.145546	5.681675	10
AGCAC	888760	1.1418825	5.3566194	5
TGGAC	861005	1.0827936	6.027993	5
GTGCA	835340	1.0505174	6.083039	1
ACAGT	958420	1.0463659	5.473139	8
ACTGT	960840	1.0347838	6.1208434	8
TGCAC	812445	1.029679	5.462857	5
GACTG	817715	1.0283524	5.9405932	7
AGACT	906850	0.99006367	5.0581355	6
GGACC	667465	0.98781997	5.1457276	6
GGACT	740245	0.93092674	5.160945	6
TGTAG	839800	0.89744246	5.153701	2
GTGTA	587520	0.62784636	5.6042395	1
>>END_MODULE
