##FastQC	0.10.1
>>Basic Statistics	pass
#Measure	Value	
Filename	006-F0_S6_L003_R2_001.fastq.gz	
File type	Conventional base calls	
Encoding	Sanger / Illumina 1.9	
Total Sequences	23554458	
Filtered Sequences	0	
Sequence length	35-76	
%GC	46	
>>END_MODULE
>>Per base sequence quality	pass
#Base	Mean	Median	Lower Quartile	Upper Quartile	10th Percentile	90th Percentile
1	31.409169168740796	32.0	32.0	32.0	32.0	32.0
2	31.145918280097977	32.0	32.0	32.0	32.0	32.0
3	31.17713585258468	32.0	32.0	32.0	32.0	32.0
4	31.22711513888369	32.0	32.0	32.0	32.0	32.0
5	31.17397241745066	32.0	32.0	32.0	32.0	32.0
6	34.835312661407876	36.0	36.0	36.0	36.0	36.0
7	34.82887069615442	36.0	36.0	36.0	36.0	36.0
8	34.74846642618565	36.0	36.0	36.0	32.0	36.0
9	34.90317034677682	36.0	36.0	36.0	36.0	36.0
10-14	34.78607141798805	36.0	36.0	36.0	33.6	36.0
15-19	34.68983688777725	36.0	36.0	36.0	32.0	36.0
20-24	34.61855771845823	36.0	36.0	36.0	32.0	36.0
25-29	34.539174452666245	36.0	36.0	36.0	32.0	36.0
30-34	34.46096696430034	36.0	36.0	36.0	32.0	36.0
35-39	34.42178649551287	36.0	36.0	36.0	32.0	36.0
40-44	34.342223684715655	36.0	36.0	36.0	32.0	36.0
45-49	34.212261765411974	36.0	36.0	36.0	32.0	36.0
50-54	34.05683333036125	36.0	36.0	36.0	32.0	36.0
55-59	33.88254249463155	36.0	36.0	36.0	32.0	36.0
60-64	33.73808772717815	36.0	36.0	36.0	28.0	36.0
65-69	33.61427930231812	36.0	36.0	36.0	27.0	36.0
70-74	33.4924034966306	36.0	36.0	36.0	27.0	36.0
75-76	32.59347304893634	36.0	34.0	36.0	20.5	36.0
>>END_MODULE
>>Per sequence quality scores	pass
#Quality	Count
2	43963.0
3	84.0
4	570.0
5	270.0
6	86.0
7	111.0
8	39.0
9	15.0
10	18.0
11	44.0
12	81.0
13	69.0
14	1826.0
15	6621.0
16	9371.0
17	11017.0
18	13599.0
19	17770.0
20	25298.0
21	37173.0
22	55207.0
23	82164.0
24	120313.0
25	170777.0
26	236253.0
27	311014.0
28	399117.0
29	504189.0
30	639677.0
31	824471.0
32	1118134.0
33	1722526.0
34	3662145.0
35	1.3540446E7
>>END_MODULE
>>Per base sequence content	fail
#Base	G	A	T	C
1	44.06138101672168	18.33408908010367	11.70272491272752	25.90180499044713
2	16.595386911440073	18.73183134047641	37.98725952627013	26.685522221813386
3	20.090478646999323	20.982035503263653	27.883912223937628	31.043573625799397
4	13.723971272232674	14.540340963057453	35.80557872188258	35.9301090428273
5	15.593369612846592	34.131433285204324	34.58876237950982	15.686434722439266
6	34.63259481439581	34.46577100472798	16.55489713864479	14.346737042231423
7	30.40005447906563	28.97854984621829	20.785839254089375	19.835556420626705
8	26.191888775990073	34.76476392086617	20.13678243370068	18.90656486944307
9	24.764468205446175	15.771722198919754	20.691595386426293	38.772214209207775
10-14	24.270328018608485	22.88716845214629	28.277438233316925	24.565065295928296
15-19	22.805730896578222	27.833779452825976	26.084518807798474	23.27597084279733
20-24	22.88708944680978	26.539561010403624	27.34746716346133	23.225882379325267
25-29	22.813047452901664	26.62167721000709	27.197178970491837	23.36809636659941
30-34	22.822435304997637	26.643958708720977	27.31452344712209	23.21908253915929
35-39	22.904741812158488	26.884124348984216	27.128244427812337	23.082889411044956
40-44	22.949283226775886	26.792942680976484	27.18592703003713	23.071847062210495
45-49	22.971439146434882	26.929108307087933	26.983607618871204	23.11584492760598
50-54	22.939988083825433	27.0372057190217	27.008562549572694	23.01424364758017
55-59	22.99657541561455	26.984790459285406	26.863780761085206	23.154853364014837
60-64	23.073698136750398	27.03104002252794	26.88675367968531	23.008508161036353
65-69	23.124008301228972	27.164789803487842	26.802242832418415	22.908959062864774
70-74	23.420137399220234	27.39993974346599	26.756456313647277	22.4234665436665
75-76	27.605697204710015	34.667878294247224	27.670938613041734	10.055485888001021
>>END_MODULE
>>Per base GC content	fail
#Base	%GC
1	69.96318600716882
2	43.28090913325346
3	51.13405227279871
4	49.654080315059964
5	31.27980433528586
6	48.979331856627226
7	50.23561089969233
8	45.098453645433146
9	63.53668241465395
10-14	48.83539331453678
15-19	46.08170173937555
20-24	46.11297182613505
25-29	46.181143819501074
30-34	46.04151784415693
35-39	45.987631223203444
40-44	46.021130288986384
45-49	46.087284074040866
50-54	45.954231731405606
55-59	46.15142877962939
60-64	46.082206297786755
65-69	46.03296736409375
70-74	45.84360394288674
75-76	37.661183092711035
>>END_MODULE
>>Per sequence GC content	warn
#GC Content	Count
0	44021.0
1	22078.5
2	223.0
3	410.0
4	513.5
5	583.5
6	787.0
7	1078.0
8	1243.5
9	1560.0
10	2376.0
11	3587.0
12	4317.0
13	5241.5
14	7779.0
15	11939.0
16	18182.0
17	23034.0
18	30522.0
19	45404.5
20	64356.0
21	78258.5
22	98143.5
23	132789.5
24	170019.0
25	195655.5
26	228259.0
27	281820.5
28	335781.5
29	373077.5
30	418514.0
31	490339.5
32	560970.0
33	608000.0
34	668055.5
35	758304.0
36	834823.5
37	881596.5
38	921791.5
39	965019.5
40	983839.5
41	990146.5
42	1001970.5
43	1013330.5
44	1011623.5
45	1000149.0
46	994467.0
47	985314.0
48	964868.0
49	939249.5
50	923263.5
51	906402.0
52	879860.0
53	854443.5
54	840413.5
55	824707.0
56	797359.0
57	769019.5
58	743330.5
59	703805.5
60	647332.5
61	585000.0
62	534233.5
63	485241.5
64	421558.5
65	361039.0
66	300724.5
67	258047.5
68	225283.5
69	184142.5
70	143925.0
71	116822.5
72	97997.0
73	78288.0
74	60415.5
75	48333.0
76	40720.0
77	32810.5
78	24947.0
79	20120.5
80	17373.5
81	13699.0
82	9901.5
83	7674.5
84	6297.5
85	4953.5
86	3749.0
87	3111.5
88	2843.0
89	2426.5
90	2023.0
91	1723.0
92	1572.0
93	1564.0
94	1483.0
95	1359.5
96	1317.5
97	1343.5
98	1604.0
99	13406.0
100	24974.0
>>END_MODULE
>>Per base N content	pass
#Base	N-Count
1	0.20338825032611663
2	0.19492276154263452
3	0.19780119754825182
4	0.1890130522213672
5	0.18695399401675894
6	0.18690729372758227
7	0.1889663519321905
8	0.18983243002237624
9	0.19014235012327604
10-14	0.1918193150528023
15-19	0.1967007689160158
20-24	0.19754052502502922
25-29	0.19838282842254318
30-34	0.19898313941250526
35-39	0.05078329378278134
40-44	0.012848924615511091
45-49	0.013837105862054291
50-54	0.013431108066765503
55-59	0.01388791681938915
60-64	0.012985586269006368
65-69	0.011499838583851335
70-74	0.011389366002393828
75-76	0.011921626354135233
>>END_MODULE
>>Sequence Length Distribution	warn
#Length	Count
35	57859.0
36	20527.0
37	27367.0
38	29633.0
39	32266.0
40	32380.0
41	34132.0
42	35298.0
43	38103.0
44	40645.0
45	44210.0
46	46588.0
47	48978.0
48	50606.0
49	52346.0
50	52585.0
51	53034.0
52	53193.0
53	54850.0
54	57510.0
55	59109.0
56	61715.0
57	64140.0
58	65581.0
59	66457.0
60	67482.0
61	66144.0
62	66717.0
63	67019.0
64	69799.0
65	70616.0
66	73424.0
67	75226.0
68	75331.0
69	81439.0
70	85858.0
71	103132.0
72	191249.0
73	579401.0
74	1545614.0
75	4912307.0
76	1.4244588E7
>>END_MODULE
>>Sequence Duplication Levels	warn
#Total Duplicate Percentage	34.573140780037335
#Duplication Level	Relative count
1	100.0
2	22.57650379891288
3	9.712003363464369
4	5.059461245082435
5	2.8987356977687018
6	1.83714225652422
7	1.3085978557914653
8	0.9227003813928346
9	0.6764467401423466
10++	5.1630679599987985
>>END_MODULE
>>Overrepresented sequences	warn
#Sequence	Count	Percentage	Possible Source
NNNNNNNNNNNNNNNNNNNNNNNNNNNNNNNNNNN	43963	0.18664407391585916	No Hit
GGGGGGGGGGGGGGGGGGGGGGGGGGGGGGGGGGGGGGGGGGGGGGGGGG	24807	0.10531764305508537	No Hit
>>END_MODULE
>>Kmer Content	warn
#Sequence	Count	Obs/Exp Overall	Obs/Exp Max	Max Obs/Exp Position
AAAAA	8220495	3.7968304	7.6994104	72
GGGGG	3997045	3.4606287	6.203308	72
TTTTT	7403840	3.2329388	5.6386013	72
CCTGG	3889895	2.9911747	11.6025715	3
CCAGG	3724130	2.8960447	12.0077	3
CCCAG	3541355	2.7792106	10.40671	2
CTGGG	3490175	2.659375	9.631656	4
CCAGC	3266760	2.5637116	6.506714	3
CAGCA	3701820	2.538734	6.8358507	4
TGCTG	3721970	2.4731483	7.0902467	2
GGAGG	3239010	2.473146	5.6372375	6
GCTGG	3199655	2.4380102	6.0110717	3
TCCAG	3568790	2.4201727	9.651953	2
CTCCA	3412105	2.3351738	7.2585115	1
CTCCT	3450030	2.334765	6.999895	1
CAGCC	2957110	2.3207023	5.0755453	9
CAGGA	3414680	2.3204937	9.767321	4
AGGAG	3423050	2.3050063	6.9106445	5
TCCTG	3386275	2.2707589	9.598295	2
CTGGA	3378460	2.2702444	8.699594	4
CTGCT	3370465	2.2601569	6.34208	9
AGCAG	3307825	2.2478788	5.019344	7
GGCTG	2946565	2.2451658	7.6354	7
CCTGC	2847685	2.2098732	6.2686887	3
CTGCA	3231955	2.1917481	6.484015	4
CAGAG	3224950	2.19156	7.1183105	4
CCCTG	2814405	2.1840472	8.520481	2
GGCAG	2829305	2.1801617	5.5108657	7
GCTGC	2825380	2.172605	5.3081384	8
CTGCC	2798355	2.171592	5.5710735	9
GCAGG	2818145	2.1715622	6.317993	3
CTCTG	3236630	2.1704104	7.221679	2
TGCAG	3204180	2.1531324	6.702446	2
GCCTG	2739400	2.10649	6.4016776	7
CACAG	3061760	2.0997763	6.9503865	7
CAGGG	2717160	2.0937467	8.4680195	4
TGGAG	3139775	2.0906477	6.34619	5
CTGTG	3098195	2.0586665	8.992926	9
AGCTG	3033595	2.0385034	5.6170435	7
CCCCA	2543375	2.0143454	6.2683816	1
CAGGC	2559840	1.9906424	5.7073503	4
GGAGA	2928700	1.9721222	5.4219623	6
CTCAG	2896055	1.9639578	5.828935	2
CTGGC	2553910	1.9638553	5.189393	4
CAGAA	3251925	1.9489125	5.368656	4
CTGAG	2882850	1.9372064	5.495901	4
TTCTG	3228090	1.8705436	5.282072	2
CCTCT	2757050	1.8657993	5.1901603	1
TCCCA	2718815	1.8607006	5.015556	2
CCAGA	2705435	1.8554062	6.494182	3
CAGTG	2748205	1.8467281	6.107426	9
CACTG	2715190	1.8413043	7.314351	7
GGCCA	2337420	1.8176789	5.6064906	1
TGGGG	2402820	1.8141874	5.358235	5
TCTGG	2691455	1.788399	6.0115137	3
ACCTG	2617400	1.7749882	5.0434813	7
TGGCC	2263020	1.7401725	5.136144	5
CCTGA	2507460	1.7004324	5.451761	3
ACAGA	2834185	1.6985565	5.6458583	8
GTGTG	2566630	1.6899314	7.625747	1
GCCCA	2151300	1.6883131	6.5864177	1
GAGAG	2503620	1.6858824	5.2566314	7
ACACA	2752325	1.6646506	6.3013043	6
TGTGT	2877245	1.6520665	6.427797	10
TCAGG	2431335	1.6337991	5.46763	3
CCTGT	2422340	1.6243659	5.4060035	8
CACAC	2337425	1.617749	6.276258	5
TGGGC	2074095	1.5803782	5.746024	5
ACAGC	2189940	1.5018761	5.452359	8
GCTGT	2238275	1.4872732	5.237949	8
CTGTC	2192875	1.4704918	5.7937007	9
GCCCT	1872070	1.4527723	5.594548	1
GACAG	2108575	1.4329116	6.4769096	7
GGGCT	1862490	1.4191436	5.426939	6
AGACA	2316045	1.38803	5.126	6
AGGGC	1774940	1.3677056	5.1312466	5
GTCCT	1961965	1.3156492	8.88149	1
GGACA	1924470	1.3078007	5.9247065	6
GTGCT	1906675	1.2669339	6.2299566	1
AGGAC	1828230	1.2423993	8.100284	5
ACTGC	1829885	1.2409353	5.075462	8
TGTGC	1863480	1.238232	6.0237794	10
AGCAC	1772240	1.2154145	5.3839984	5
GTCCA	1782590	1.2088623	6.832531	1
GTCTT	1953465	1.1319516	5.4994855	1
ACAGT	1894155	1.1225116	5.3923626	8
GTCCC	1441150	1.1183678	5.0601463	1
GTGCA	1656390	1.1130545	5.8030424	1
TGGAC	1648080	1.1074704	5.8887787	5
ACTGT	1878640	1.1008859	6.4031672	8
TGCAC	1619580	1.0983171	5.1924076	5
GACTG	1554495	1.0445836	5.792862	7
ACACT	1681955	1.0059148	5.0407453	6
GGACC	1286860	1.0007181	5.0860724	6
CTACA	1616300	0.96664894	5.108869	4
GGACT	1414250	0.95034224	5.0867386	6
TGTAG	1629340	0.9461041	5.2377114	2
TCCTA	1361005	0.8048779	5.3540154	2
TAGGA	1360225	0.7987568	5.2191544	4
GTGTA	1206595	0.70063	5.886687	1
>>END_MODULE
