##FastQC	0.10.1
>>Basic Statistics	pass
#Measure	Value	
Filename	KS29_S2_L003_R2_001_trimmed.fq.gz	
File type	Conventional base calls	
Encoding	Sanger / Illumina 1.9	
Total Sequences	19711636	
Filtered Sequences	0	
Sequence length	20-50	
%GC	45	
>>END_MODULE
>>Per base sequence quality	pass
#Base	Mean	Median	Lower Quartile	Upper Quartile	10th Percentile	90th Percentile
1	34.992895414667764	36.0	36.0	36.0	36.0	36.0
2	34.99045360821395	36.0	36.0	36.0	36.0	36.0
3	34.974825326522875	36.0	36.0	36.0	36.0	36.0
4	34.96393140579504	36.0	36.0	36.0	36.0	36.0
5	34.944748979739686	36.0	36.0	36.0	36.0	36.0
6	34.92932813897335	36.0	36.0	36.0	36.0	36.0
7	34.92400189410965	36.0	36.0	36.0	36.0	36.0
8	34.921298871387435	36.0	36.0	36.0	36.0	36.0
9	34.899776456911034	36.0	36.0	36.0	36.0	36.0
10	34.88110981757171	36.0	36.0	36.0	36.0	36.0
11	34.87316988808032	36.0	36.0	36.0	36.0	36.0
12	34.85302168729171	36.0	36.0	36.0	36.0	36.0
13	34.84060506190354	36.0	36.0	36.0	36.0	36.0
14	34.825938953012326	36.0	36.0	36.0	36.0	36.0
15	34.818585986470126	36.0	36.0	36.0	36.0	36.0
16	34.80375241304172	36.0	36.0	36.0	36.0	36.0
17	34.7955829744421	36.0	36.0	36.0	36.0	36.0
18	34.78087709208916	36.0	36.0	36.0	36.0	36.0
19	34.773138414284844	36.0	36.0	36.0	36.0	36.0
20	34.758582341922306	36.0	36.0	36.0	36.0	36.0
21	34.74944315455256	36.0	36.0	36.0	36.0	36.0
22	34.74054827988026	36.0	36.0	36.0	36.0	36.0
23	34.72673789559789	36.0	36.0	36.0	36.0	36.0
24	34.69627527398526	36.0	36.0	36.0	32.0	36.0
25	34.68253961949398	36.0	36.0	36.0	32.0	36.0
26	34.66298098412056	36.0	36.0	36.0	32.0	36.0
27	34.65425177184686	36.0	36.0	36.0	32.0	36.0
28	34.63472674005288	36.0	36.0	36.0	32.0	36.0
29	34.62344242956732	36.0	36.0	36.0	32.0	36.0
30	34.598151050619904	36.0	36.0	36.0	32.0	36.0
31	34.57756467839263	36.0	36.0	36.0	32.0	36.0
32	34.55798928188859	36.0	36.0	36.0	32.0	36.0
33	34.52454091745363	36.0	36.0	36.0	32.0	36.0
34	34.49167416951182	36.0	36.0	36.0	32.0	36.0
35	34.479205599364626	36.0	36.0	36.0	32.0	36.0
36	34.47164507438366	36.0	36.0	36.0	32.0	36.0
37	34.44126992377144	36.0	36.0	36.0	32.0	36.0
38	34.42483397322147	36.0	36.0	36.0	32.0	36.0
39	34.392600712970065	36.0	36.0	36.0	32.0	36.0
40	34.378062834142945	36.0	36.0	36.0	32.0	36.0
41	34.35292931346308	36.0	36.0	36.0	32.0	36.0
42	34.33579205945594	36.0	36.0	36.0	32.0	36.0
43	34.31128020477687	36.0	36.0	36.0	32.0	36.0
44	34.28593523453955	36.0	36.0	36.0	32.0	36.0
45	34.26136023276823	36.0	36.0	36.0	32.0	36.0
46	34.25294244676532	36.0	36.0	36.0	32.0	36.0
47	34.25200990382303	36.0	36.0	36.0	32.0	36.0
48	34.27844725046568	36.0	36.0	36.0	32.0	36.0
49	34.34630472657101	36.0	36.0	36.0	32.0	36.0
50	34.49491493712969	36.0	36.0	36.0	32.0	36.0
>>END_MODULE
>>Per sequence quality scores	pass
#Quality	Count
14	801.0
15	1715.0
16	3248.0
17	5527.0
18	8501.0
19	12747.0
20	19469.0
21	28542.0
22	40925.0
23	58041.0
24	80368.0
25	111112.0
26	148948.0
27	192834.0
28	245511.0
29	310309.0
30	393414.0
31	508755.0
32	687515.0
33	1032925.0
34	2010297.0
35	8876215.0
36	4933917.0
>>END_MODULE
>>Per base sequence content	pass
#Base	G	A	T	C
1	22.5605451931195	26.794672990969627	27.45549115200619	23.18929066390469
2	22.441282905183517	26.770436507654665	27.72373130266813	23.064549284493687
3	22.463528648763603	26.84953192114546	27.526117061009042	23.160822369081895
4	22.526202289855597	26.61554322533147	27.84310749244761	23.01514699236532
5	22.708318071620234	26.655600783212513	27.430523777935022	23.205557367232228
6	22.23045819230834	26.97544739563981	27.661722243653443	23.1323721683984
7	22.300107649747627	27.01294856154236	27.658476698489437	23.028467090220577
8	22.392560414569342	26.892547122927795	27.65499017940469	23.059902283098165
9	22.167292456090404	27.09605128666134	27.77601006836774	22.960646188880517
10	22.342503686654926	27.125140703694	27.657009291364755	22.875346318286315
11	22.718814409925184	27.111732379798408	27.42153923702731	22.7479139732491
12	22.147446310392503	27.255388644554923	27.766624748955387	22.830540296097187
13	22.265843383065718	27.048916690628825	27.872552029674246	22.81268789663121
14	22.291715326608234	26.804488193466312	28.03301178370452	22.87078469622093
15	22.18322720650889	27.06771269518167	27.892357590207123	22.85670250810232
16	22.3661090332634	27.381902750233415	27.739483419843996	22.51250479665919
17	22.488747255681872	27.12722576654723	27.51366248849157	22.870364489279325
18	22.30768668820792	27.494952727414407	27.54835265829787	22.649007926079804
19	22.410550925887172	27.297958794387174	27.736816352372596	22.554673927353058
20	22.40935252659901	27.10094687219265	27.737814354932283	22.751886246276058
21	22.450260642533276	27.218471924292466	27.753763179663764	22.577504253510494
22	22.29163005813118	27.3457847820966	27.784055945817997	22.578529213954226
23	22.430176274498738	27.086409735895828	27.678827893801135	22.804586095804297
24	22.28934280052	27.43208582542352	27.737883417243946	22.540687956812533
25	22.34360726059499	27.37523971308775	27.615385633815155	22.66576739250211
26	22.4610556970425	27.40097456955492	27.51037792728902	22.62759180611356
27	22.331547589684785	27.489067789170058	27.673683792219816	22.50570082892534
28	22.2237206723703	27.43247182776132	27.641640943508865	22.702166556359515
29	22.467692786789698	27.261075530147664	27.68160106105444	22.5896306220082
30	22.347775326662916	27.45432205520249	27.64266450651934	22.555238111615257
31	22.439380751996705	27.449933844944724	27.590621255993547	22.52006414706502
32	22.42295908525649	27.422651270454296	27.540200613167087	22.614189031122127
33	22.323605582115	27.327993819225178	27.714405258384588	22.63399534027523
34	22.45555814866595	27.611979031504646	27.579345963146956	22.353116856682444
35	22.427418152604055	27.37471213542176	27.522985638219456	22.674884073754733
36	22.513636518636375	27.562974991491767	27.44906757129519	22.474320918576677
37	22.349627743781827	27.469900284075248	27.545182833883995	22.635289138258926
38	22.347191452564182	27.301581633735584	27.61339061017849	22.73783630352174
39	22.25072706264514	27.48580101772441	27.636560796309396	22.626911123321054
40	22.39450566892576	27.469832348381633	27.671938578569893	22.463723404122714
41	22.606776535015232	27.4675191084044	27.48911743562176	22.436586920958607
42	22.49239381160084	27.591209449028042	27.478736917087314	22.437659822283802
43	22.454549809250604	27.65846905149083	27.48260266768857	22.404378471569995
44	22.523818855241643	27.37576406721824	27.416042125907104	22.684374951633014
45	22.36350930246862	27.49026149711988	27.60815321819764	22.538075982213854
46	22.39399374048555	27.630322635638226	27.42197956251633	22.553704061359895
47	22.422632965231294	27.55124486772375	27.48126027991202	22.54486188713293
48	22.420779294353732	27.928261943247783	27.629789386025816	22.021169376372672
49	22.53579567743736	28.203348854323433	27.752191911374375	21.50866355686483
50	22.357455459680924	28.13093612266435	27.875299177133556	21.63630924052117
>>END_MODULE
>>Per base GC content	pass
#Base	%GC
1	45.74983585702419
2	45.5058321896772
3	45.6243510178455
4	45.541349282220914
5	45.913875438852465
6	45.36283036070674
7	45.328574739968204
8	45.452462697667514
9	45.127938644970925
10	45.21785000494125
11	45.466728383174285
12	44.97798660648969
13	45.078531279696925
14	45.162500022829164
15	45.03992971461121
16	44.87861382992259
17	45.3591117449612
18	44.95669461428772
19	44.96522485324023
20	45.161238772875066
21	45.02776489604377
22	44.87015927208541
23	45.23476237030304
24	44.83003075733254
25	45.0093746530971
26	45.08864750315606
27	44.83724841861013
28	44.92588722872981
29	45.05732340879789
30	44.90301343827817
31	44.95944489906173
32	45.037148116378624
33	44.957600922390235
34	44.8086750053484
35	45.10230222635879
36	44.98795743721305
37	44.98491688204076
38	45.08502775608592
39	44.8776381859662
40	44.85822907304847
41	45.04336345597384
42	44.93005363388464
43	44.8589282808206
44	45.20819380687466
45	44.90158528468247
46	44.94769780184544
47	44.967494852364226
48	44.4419486707264
49	44.04445923430219
50	43.9937647002021
>>END_MODULE
>>Per sequence GC content	pass
#GC Content	Count
0	6047.0
1	5240.5
2	4094.5
3	4088.5
4	4498.5
5	5147.5
6	5907.0
7	7018.5
8	8082.0
9	9893.0
10	11868.5
11	15663.5
12	19736.0
13	26535.5
14	34318.0
15	46987.5
16	60823.0
17	81057.5
18	102463.5
19	131272.0
20	161046.0
21	197430.0
22	235250.0
23	280698.0
24	328010.5
25	373778.5
26	426873.0
27	486774.5
28	549465.0
29	616675.0
30	685162.5
31	754678.5
32	827185.5
33	900255.5
34	974212.0
35	1037663.0
36	1096317.5
37	1141390.0
38	1176782.0
39	1200351.5
40	1221009.5
41	1227759.5
42	1230577.5
43	1221645.5
44	1210306.5
45	1188499.0
46	1164099.5
47	1136473.5
48	1108127.0
49	1079182.0
50	1050200.0
51	1022240.5
52	992804.0
53	965091.5
54	937320.0
55	907377.0
56	874850.0
57	837233.0
58	797831.0
59	749070.0
60	698174.0
61	643110.5
62	586673.0
63	537650.0
64	479717.5
65	425102.5
66	373412.0
67	325802.0
68	277457.0
69	235035.5
70	198856.0
71	167025.5
72	138289.0
73	114003.5
74	91658.0
75	75404.5
76	63559.5
77	52015.5
78	41308.0
79	33540.5
80	26913.0
81	21894.0
82	17701.5
83	14330.5
84	11257.5
85	8985.0
86	7023.5
87	5561.0
88	4565.5
89	3711.0
90	2890.0
91	2378.0
92	2014.5
93	1813.0
94	1599.5
95	1529.5
96	1492.0
97	1558.0
98	2212.5
99	8285.5
100	13777.0
>>END_MODULE
>>Per base N content	pass
#Base	N-Count
1	8.218495917842639E-4
2	0.0
3	0.0
4	0.0
5	0.0
6	0.0
7	0.0024807682122376853
8	0.0
9	0.0
10	0.0
11	0.0
12	0.0
13	0.0
14	4.0585165026383406E-5
15	0.0
16	0.0
17	0.0
18	0.0
19	5.073145628297926E-6
20	0.0
21	1.4721960047240233E-4
22	5.080108742775704E-6
23	1.0167814697677824E-4
24	0.0020402710843572722
25	0.0
26	0.0
27	0.0
28	0.0016187084708086607
29	0.001697102131657401
30	0.003940598698742662
31	5.123730928704924E-6
32	0.0
33	0.0
34	0.0
35	0.0
36	0.0
37	0.0
38	0.0
39	0.0
40	0.0
41	0.0
42	0.0
43	0.0
44	0.0
45	0.0
46	0.0
47	0.0
48	4.974615415408479E-4
49	0.003626532006415776
50	0.0
>>END_MODULE
>>Sequence Length Distribution	warn
#Length	Count
20	13172.0
21	13846.0
22	14708.0
23	15659.0
24	16191.0
25	17090.0
26	18119.0
27	19337.0
28	20755.0
29	22581.0
30	23150.0
31	24788.0
32	25425.0
33	26412.0
34	27629.0
35	28611.0
36	29080.0
37	31393.0
38	33399.0
39	36555.0
40	39285.0
41	43548.0
42	48431.0
43	62467.0
44	102779.0
45	198263.0
46	529235.0
47	1142980.0
48	2334362.0
49	3153906.0
50	1.159848E7
>>END_MODULE
>>Sequence Duplication Levels	warn
#Total Duplicate Percentage	33.6788076201757
#Duplication Level	Relative count
1	100.0
2	21.86486084238726
3	9.569876469712755
4	5.08111326090192
5	3.070397380562584
6	1.9467182616460783
7	1.314927816639381
8	0.8773627027831522
9	0.6809048965619884
10++	4.425509748474475
>>END_MODULE
>>Overrepresented sequences	pass
>>END_MODULE
>>Kmer Content	warn
#Sequence	Count	Obs/Exp Overall	Obs/Exp Max	Max Obs/Exp Position
AAAAA	5656015	4.238139	5.3804216	46
TTTTT	4883455	3.4404914	3.8592076	13
>>END_MODULE
