##FastQC	0.10.1
>>Basic Statistics	pass
#Measure	Value	
Filename	019-F5_S6_L001_R2_001.fastq.gz	
File type	Conventional base calls	
Encoding	Sanger / Illumina 1.9	
Total Sequences	21439600	
Filtered Sequences	0	
Sequence length	35-75	
%GC	45	
>>END_MODULE
>>Per base sequence quality	pass
#Base	Mean	Median	Lower Quartile	Upper Quartile	10th Percentile	90th Percentile
1	31.50159685815034	32.0	32.0	32.0	32.0	32.0
2	31.34594400082091	32.0	32.0	32.0	32.0	32.0
3	31.390179387675143	32.0	32.0	32.0	32.0	32.0
4	31.414947666934086	32.0	32.0	32.0	32.0	32.0
5	31.40072725237411	32.0	32.0	32.0	32.0	32.0
6	35.15198753708091	36.0	36.0	36.0	36.0	36.0
7	35.13358896621206	36.0	36.0	36.0	36.0	36.0
8	35.09895599731338	36.0	36.0	36.0	36.0	36.0
9	35.15386364484412	36.0	36.0	36.0	36.0	36.0
10	35.04308312655087	36.0	36.0	36.0	36.0	36.0
11	35.15101074646915	36.0	36.0	36.0	36.0	36.0
12	35.068401322785874	36.0	36.0	36.0	36.0	36.0
13	35.094409410623335	36.0	36.0	36.0	36.0	36.0
14	35.0428188025896	36.0	36.0	36.0	36.0	36.0
15	35.02481445549357	36.0	36.0	36.0	36.0	36.0
16	35.036521390324445	36.0	36.0	36.0	36.0	36.0
17	35.02592385119125	36.0	36.0	36.0	36.0	36.0
18	35.00952153958096	36.0	36.0	36.0	36.0	36.0
19	35.00450708035598	36.0	36.0	36.0	36.0	36.0
20	34.99110897591373	36.0	36.0	36.0	36.0	36.0
21	34.98344260154107	36.0	36.0	36.0	36.0	36.0
22	34.97590696654788	36.0	36.0	36.0	36.0	36.0
23	34.95753446892666	36.0	36.0	36.0	36.0	36.0
24	34.94762043135133	36.0	36.0	36.0	36.0	36.0
25	34.93395576410008	36.0	36.0	36.0	36.0	36.0
26	34.91523260695162	36.0	36.0	36.0	36.0	36.0
27	34.90271105804213	36.0	36.0	36.0	36.0	36.0
28	34.89142791843131	36.0	36.0	36.0	36.0	36.0
29	34.87310285639658	36.0	36.0	36.0	36.0	36.0
30	34.860495858131685	36.0	36.0	36.0	36.0	36.0
31	34.84702345193007	36.0	36.0	36.0	36.0	36.0
32	34.83200931920371	36.0	36.0	36.0	36.0	36.0
33	34.82615505886304	36.0	36.0	36.0	36.0	36.0
34	34.81418958376089	36.0	36.0	36.0	36.0	36.0
35	34.8050226216907	36.0	36.0	36.0	36.0	36.0
36	34.81368979192105	36.0	36.0	36.0	36.0	36.0
37	34.79986965086548	36.0	36.0	36.0	36.0	36.0
38	34.78414444743507	36.0	36.0	36.0	36.0	36.0
39	34.759839439643535	36.0	36.0	36.0	36.0	36.0
40	34.7629139675163	36.0	36.0	36.0	36.0	36.0
41	34.748338951808876	36.0	36.0	36.0	36.0	36.0
42	34.73567422482773	36.0	36.0	36.0	36.0	36.0
43	34.7262347870835	36.0	36.0	36.0	36.0	36.0
44	34.70874285016066	36.0	36.0	36.0	36.0	36.0
45	34.69610273702774	36.0	36.0	36.0	36.0	36.0
46	34.67762879997625	36.0	36.0	36.0	36.0	36.0
47	34.667119350122455	36.0	36.0	36.0	36.0	36.0
48	34.64989006139265	36.0	36.0	36.0	36.0	36.0
49	34.64168669404265	36.0	36.0	36.0	36.0	36.0
50	34.61907102898476	36.0	36.0	36.0	36.0	36.0
51	34.6008391258376	36.0	36.0	36.0	36.0	36.0
52	34.58273578860936	36.0	36.0	36.0	32.0	36.0
53	34.55237149275297	36.0	36.0	36.0	32.0	36.0
54	34.53448918166819	36.0	36.0	36.0	32.0	36.0
55	34.4937480240312	36.0	36.0	36.0	32.0	36.0
56	34.48744368167533	36.0	36.0	36.0	32.0	36.0
57	34.475412502942554	36.0	36.0	36.0	32.0	36.0
58	34.451008604941315	36.0	36.0	36.0	32.0	36.0
59	34.42846752753241	36.0	36.0	36.0	32.0	36.0
60	34.41489325585726	36.0	36.0	36.0	32.0	36.0
61	34.38550893183593	36.0	36.0	36.0	32.0	36.0
62	34.360724229239636	36.0	36.0	36.0	32.0	36.0
63	34.33764625946372	36.0	36.0	36.0	32.0	36.0
64	34.30392912233753	36.0	36.0	36.0	32.0	36.0
65	34.28953561593701	36.0	36.0	36.0	32.0	36.0
66	34.260132479388574	36.0	36.0	36.0	32.0	36.0
67	34.23602480083786	36.0	36.0	36.0	32.0	36.0
68	34.21135624567811	36.0	36.0	36.0	32.0	36.0
69	34.19593534631995	36.0	36.0	36.0	32.0	36.0
70	34.17296823301602	36.0	36.0	36.0	32.0	36.0
71	34.14398949362817	36.0	36.0	36.0	32.0	36.0
72	34.12220100207828	36.0	36.0	36.0	32.0	36.0
73	34.08506888010161	36.0	36.0	36.0	32.0	36.0
74	34.03008101239334	36.0	36.0	36.0	32.0	36.0
75	33.083097702364945	36.0	36.0	36.0	21.0	36.0
>>END_MODULE
>>Per sequence quality scores	pass
#Quality	Count
2	23075.0
3	121.0
4	2377.0
5	3363.0
6	1499.0
7	447.0
8	433.0
9	195.0
10	143.0
11	239.0
12	300.0
13	315.0
14	2190.0
15	5073.0
16	7974.0
17	11211.0
18	15711.0
19	20301.0
20	26943.0
21	36467.0
22	49085.0
23	66655.0
24	90299.0
25	121450.0
26	159263.0
27	203959.0
28	257312.0
29	319491.0
30	397223.0
31	506211.0
32	677121.0
33	1032064.0
34	2274999.0
35	1.5126091E7
>>END_MODULE
>>Per base sequence content	fail
#Base	G	A	T	C
1	46.283132318788724	17.55983544638326	10.130604493651495	26.026427741176526
2	17.380189555441707	19.791458921212083	35.819168325359335	27.00918319798688
3	19.751942592092224	20.938302077798575	29.129018637134713	30.180736692974484
4	13.564245764145497	14.247363378461586	36.223359755463505	35.96503110192941
5	14.897540041132002	34.67240432163833	35.43045369638196	14.99960194084771
6	34.83082899335834	35.07405343532053	16.190401746879044	13.904715824442093
7	30.332619116972314	29.972002581675948	20.679650194302774	19.01572810704896
8	26.67635029149177	33.56667245274458	20.494325323935136	19.262651931828515
9	24.68788210647695	14.450264802605536	20.783065972744918	40.0787871181726
10	14.149809828107326	26.118355146710172	35.91898946403997	23.812845561142534
11	34.34129783639128	22.67412856543095	24.07127040989155	18.913303188286218
12	21.74373825372249	24.32501616463422	31.97178268191952	21.959462899723775
13	28.004725840609062	20.504782598905887	26.205534545902324	25.284957014582726
14	20.19651776444635	20.785585240497078	27.695158994218072	31.322738000838502
15	22.81835581149317	29.784326731265832	23.370881719290885	24.026435737950113
16	22.77555928453437	28.564738165890557	25.798461360221847	22.861241189353226
17	21.64460828166964	28.28137065794889	27.676654332159057	22.397366728222416
18	21.997386838365937	27.797207893601865	28.301088020044208	21.904317247987994
19	22.559999925256292	27.24827079270604	27.722902662440845	22.46882661959682
20	22.57464315581846	27.236381832442575	27.936865467011746	22.252109544727215
21	22.28354565556733	26.941263497338547	27.61907520296956	23.156115644124565
22	22.347394627418616	26.97201078434766	27.86517220307435	22.81542238515937
23	22.21297167271617	27.072512530170634	27.77823846251414	22.936277334599062
24	22.4397893113516	26.707839203328	28.150924233048798	22.701447252271603
25	22.569399385267477	26.76437100067202	27.660118632034685	23.006110982025817
26	22.049062201421446	27.1822388359331	27.874475058869514	22.89422390377594
27	22.067767828675606	27.229647519932914	27.876325406103614	22.826259245287865
28	22.196619273985192	27.017692166203304	27.776252896683594	23.00943566312791
29	22.03314637820381	27.1889916384147	27.91861190955882	22.85925007382267
30	22.094799812396754	27.265624770056846	27.848654319530148	22.79092109801625
31	22.634784945877374	27.168809624578515	27.560517909150565	22.635887520393542
32	21.93044227797627	27.455694531880525	27.953234187630887	22.66062900251232
33	22.01391027801075	27.28621948703076	28.14242489971438	22.557445335244108
34	22.13967793697726	26.95368793588359	28.26430589086884	22.642328236270306
35	21.98176933709543	27.32409696745217	28.06364193343997	22.630491762012426
36	22.117003506639772	27.573468079914488	28.017192918084856	22.29233549536088
37	22.260410080347985	27.243362276284095	27.62453395392096	22.871693689446964
38	22.19106215968653	27.752633640856473	27.557771906533716	22.498532292923276
39	22.32481467688945	27.459590505770866	27.836307678544348	22.379287138795338
40	22.424174817268288	27.15812025926574	27.818375983255383	22.59932894021059
41	22.37842413234014	27.35332231189071	27.8686166833984	22.39963687237075
42	22.12257306864519	27.64984692441769	27.915893303738454	22.311686703198667
43	22.251645906043983	27.3747097925986	27.806450689895613	22.567193611461807
44	22.091130433672443	27.741142034187234	27.802395005249686	22.36533252689064
45	22.161721163109192	27.655940253244143	27.717339093581185	22.464999490065484
46	22.33759575906654	27.49742508776705	27.597473715725645	22.56750543744076
47	22.321745457105752	27.60953829771122	27.699727634134106	22.36898861104892
48	22.08403546176786	27.62894296269292	27.666864141393223	22.620157434145995
49	22.44319889838916	27.37264522643083	27.6649717828223	22.51918409235771
50	22.230338644268173	27.770423794783323	27.586867183258857	22.412370377689644
51	22.242132594667652	27.724657981692257	27.65052106868885	22.382688354951245
52	22.292386194009367	27.713727777228847	27.523726183432007	22.47015984532978
53	22.134303718616316	27.542357704209874	27.855315675595975	22.468022901577832
54	22.285736159136437	27.904472829553956	27.65529741792857	22.154493593381037
55	22.3059234017127	27.478854832592496	27.620919009407537	22.594302756287266
56	22.422283071181774	27.786304114324096	27.41880241727348	22.37261039722065
57	22.248005247328756	27.71003079166958	27.53336875496152	22.508595206040145
58	22.29289919729094	27.58510808759204	27.455719055788265	22.666273659328752
59	22.213873763178498	27.711455854859672	27.510314200298914	22.564356181662916
60	22.2228894289808	27.679977760483567	27.74905040661999	22.348082403915647
61	22.497457190346886	27.613650113704622	27.500733790771513	22.38815890517698
62	22.413839945640017	27.772734490307	27.552602672340747	22.260822891712234
63	22.383848933434056	27.941894575265184	27.445386382411257	22.2288701088895
64	22.410045593049166	27.607547246140342	27.36362178429821	22.618785376512285
65	22.29616305913215	27.821203144457108	27.52374002594716	22.358893770463585
66	22.327774086950352	28.053330023671236	27.306075211491176	22.31282067788723
67	22.4863315655874	27.663358980021364	27.332419239659277	22.517890214731963
68	22.45837693345924	27.98253371232181	27.502531569338117	22.05655778488083
69	22.731032387611783	27.820018979488548	27.409762703880354	22.039185929019318
70	22.86990039245217	27.57629401497158	27.293369050662015	22.260436541914242
71	22.57182711284329	28.050769657168654	27.23486786450293	22.142535365485124
72	22.513961549105137	28.175345451486063	27.489151580548732	21.82154141886007
73	23.297221296570594	28.76506820191085	27.43958897631285	20.498121525205704
74	24.36929929421783	31.17965513288683	27.70081495188345	16.750230621011895
75	29.519440703029055	41.49332835244222	28.987230944528726	0.0
>>END_MODULE
>>Per base GC content	fail
#Base	%GC
1	72.30956005996525
2	44.38937275342859
3	49.93267928506671
4	49.52927686607491
5	29.897141981979708
6	48.73554481780043
7	49.348347224021275
8	45.93900222332029
9	64.76666922464955
10	37.96265538924986
11	53.2546010246775
12	43.703201153446265
13	53.28968285519179
14	51.51925576528485
15	46.844791549443286
16	45.6368004738876
17	44.041975009892056
18	43.90170408635393
19	45.02882654485311
20	44.826752700545676
21	45.43966129969189
22	45.16281701257799
23	45.149249007315234
24	45.1412365636232
25	45.57551036729329
26	44.94328610519739
27	44.89402707396347
28	45.2060549371131
29	44.89239645202648
30	44.885720910413
31	45.27067246627091
32	44.591071280488585
33	44.57135561325486
34	44.78200617324757
35	44.612261099107855
36	44.40933900200066
37	45.13210376979495
38	44.6895944526098
39	44.70410181568478
40	45.02350375747888
41	44.778061004710885
42	44.434259771843855
43	44.818839517505786
44	44.45646296056309
45	44.62672065317467
46	44.90510119650731
47	44.690734068154676
48	44.704192895913856
49	44.96238299074687
50	44.64270902195782
51	44.6248209496189
52	44.76254603933915
53	44.60232662019415
54	44.440229752517475
55	44.90022615799997
56	44.79489346840243
57	44.7566004533689
58	44.959172856619695
59	44.778229944841414
60	44.57097183289645
61	44.885616095523865
62	44.67466283735225
63	44.612719042323555
64	45.028830969561454
65	44.655056829595736
66	44.64059476483759
67	45.00422178031936
68	44.51493471834007
69	44.7702183166311
70	45.13033693436641
71	44.71436247832841
72	44.335502967965205
73	43.7953428217763
74	41.11952991522972
75	29.519440703029055
>>END_MODULE
>>Per sequence GC content	warn
#GC Content	Count
0	23217.0
1	11906.0
2	969.0
3	1774.0
4	2210.5
5	2471.5
6	2770.0
7	2820.0
8	2841.5
9	3028.5
10	3783.5
11	5332.0
12	6339.5
13	7441.0
14	10197.0
15	14511.5
16	17896.5
17	24012.5
18	36795.5
19	52624.5
20	63564.0
21	81015.5
22	113335.0
23	149187.5
24	173276.0
25	203297.5
26	254919.5
27	307159.5
28	341250.5
29	382954.0
30	449431.0
31	515814.5
32	560711.0
33	610756.5
34	694674.5
35	775975.5
36	823146.0
37	866296.5
38	911835.5
39	935304.0
40	949499.5
41	951226.5
42	944093.5
43	935954.5
44	933957.0
45	924602.0
46	899737.5
47	871487.5
48	857459.0
49	837179.0
50	798335.0
51	763521.5
52	744217.5
53	728146.5
54	699733.0
55	670161.5
56	653142.0
57	633889.5
58	597246.0
59	552206.5
60	513856.0
61	473305.0
62	420913.0
63	368204.0
64	327424.0
65	294346.5
66	250314.5
67	205862.5
68	174646.5
69	150645.0
70	122175.0
71	95094.0
72	77081.5
73	65019.0
74	51795.5
75	40168.0
76	32595.0
77	27221.5
78	21574.5
79	16668.5
80	13437.5
81	11190.0
82	8559.5
83	5952.0
84	4391.0
85	3636.0
86	2830.0
87	2055.0
88	1692.0
89	1511.0
90	1304.5
91	1204.0
92	1140.5
93	1127.0
94	1119.5
95	1110.0
96	1102.0
97	1189.5
98	1536.5
99	7491.0
100	13188.0
>>END_MODULE
>>Per base N content	pass
#Base	N-Count
1	0.2824213138304819
2	0.1828952032687177
3	0.11980633967051625
4	0.10766525494878636
5	0.1081410100934719
6	0.10997406668034851
7	0.1121942573555477
8	0.12188193809586001
9	0.13760051493498013
10	0.1375771936043583
11	0.14509599059683947
12	0.1481091065131812
13	0.15409802421686972
14	0.15100561577641372
15	0.15308587846788185
16	0.15709248306871398
17	0.15639284315005877
18	0.15910744603444094
19	0.15445717270844606
20	0.16039944775089088
21	0.15422395940222766
22	0.15574451015877164
23	0.15982107875146925
24	0.16117371592753596
25	0.15189649060616803
26	0.1635151775219687
27	0.15590309520700013
28	0.16502639974626393
29	0.17239127595664097
30	0.16256366723259763
31	0.16395361853765927
32	0.16359913431220732
33	0.15853374130114367
34	0.16165879960447022
35	0.16428478143248942
36	0.05758838200744852
37	0.06255842808156319
38	0.0758487935209268
39	0.06468687303029197
40	0.05681543587062943
41	0.07630384904233754
42	0.08109539156338125
43	0.0755006594121101
44	0.06775945160154759
45	0.07128361009306443
46	0.06251479469821918
47	0.0685492090197308
48	0.08249338492222237
49	0.0511885779482189
50	0.05503997747253592
51	0.055441956046248325
52	0.06577654031855064
53	0.06945582708822708
54	0.06431579967770996
55	0.07078720603600237
56	0.0607639297328483
57	0.06687088702399233
58	0.07668538756793923
59	0.06266729618806968
60	0.06565626185539977
61	0.056002679775882
62	0.06221355035016169
63	0.05757188208882628
64	0.06674848718589312
65	0.06338521194608028
66	0.0604392109198048
67	0.054865855692734174
68	0.07272408104441033
69	0.0605572462051497
70	0.06870830816594564
71	0.0648290454064804
72	0.05843553069307788
73	0.057931247377436774
74	0.05891145873423884
75	0.07943193552691441
>>END_MODULE
>>Sequence Length Distribution	warn
#Length	Count
35	27295.0
36	6716.0
37	9072.0
38	10416.0
39	11628.0
40	12510.0
41	13031.0
42	14019.0
43	15378.0
44	17303.0
45	19270.0
46	20864.0
47	21607.0
48	22867.0
49	23938.0
50	23798.0
51	24051.0
52	24499.0
53	25433.0
54	27126.0
55	28336.0
56	29805.0
57	31413.0
58	32095.0
59	33664.0
60	34108.0
61	33417.0
62	33698.0
63	34244.0
64	36568.0
65	37984.0
66	38500.0
67	43167.0
68	42905.0
69	52973.0
70	65937.0
71	146981.0
72	513652.0
73	1468433.0
74	4496413.0
75	1.3834486E7
>>END_MODULE
>>Sequence Duplication Levels	warn
#Total Duplicate Percentage	39.23947901705787
#Duplication Level	Relative count
1	100.0
2	26.09952157757972
3	12.069035302879438
4	6.522249475840073
5	4.125280294015267
6	2.678679845544843
7	1.7679772688636861
8	1.3413637062761574
9	0.986796836421627
10++	6.311775991451539
>>END_MODULE
>>Overrepresented sequences	warn
#Sequence	Count	Percentage	Possible Source
NNNNNNNNNNNNNNNNNNNNNNNNNNNNNNNNNNN	23075	0.1076279408197914	No Hit
>>END_MODULE
>>Kmer Content	fail
#Sequence	Count	Obs/Exp Overall	Obs/Exp Max	Max Obs/Exp Position
AAAAA	9368825	4.3291616	10.079777	71
TTTTT	7241235	3.1429877	5.4635124	71
CCTGG	3363985	3.0574021	12.507097	3
GGGGG	2828805	3.028603	5.366251	71
CCAGG	3154220	2.9028742	12.696764	3
CCCAG	2955330	2.742728	11.535065	2
CTGGG	2962015	2.669594	11.152646	4
CCAGC	2830895	2.6272445	6.598365	3
CAGCA	3335050	2.5945046	6.6372066	4
TGCTG	3425035	2.5769212	7.523789	2
GGAGG	2788510	2.52364	5.62734	6
GCTGG	2778435	2.5041375	6.9860387	3
TCCAG	3208285	2.4648318	8.847935	2
GCTGC	2632535	2.392614	5.9422054	8
CTGCT	3144840	2.3860261	6.866101	9
CAGCC	2529990	2.3479862	5.4531446	9
CTCCA	3022375	2.3415487	6.4092956	1
CTCCT	3052680	2.3355997	6.2480655	1
AGCAG	3019305	2.3292632	5.47172	7
CTTCT	3667560	2.3229077	5.049555	1
AGGAG	3027675	2.3162227	6.834613	5
CAGGA	2994580	2.310189	9.592747	4
CTGGA	3023255	2.3032901	8.840765	4
GGCTG	2522000	2.273019	8.789207	7
TCCTG	2966940	2.2510512	8.783892	2
CCTGC	2443500	2.2395015	6.40252	3
GGCAG	2431850	2.2193842	6.396976	7
CTGCC	2412790	2.2113552	5.9219356	9
GCAGG	2405875	2.1956785	6.6735096	3
CTGCA	2844665	2.1854732	6.4729366	4
CCCTG	2373455	2.1753042	9.247951	2
TGCAG	2807810	2.1391513	6.572584	2
GCCTG	2353560	2.1390636	7.4519143	7
CAGAG	2772310	2.1387174	7.7166886	4
CTCTG	2802125	2.1260042	7.813402	2
TGGAG	2741430	2.071145	6.3713174	5
AGCTG	2698675	2.0560062	6.2091346	7
CAGGG	2246685	2.0503967	9.299355	4
CTGGC	2230185	2.026933	5.991579	4
GCCAG	2197280	2.0221884	5.685038	2
CAGAA	3065225	1.9988942	5.485233	4
GGAGA	2612400	1.9985304	5.2855315	6
CCCCA	2122035	1.9859567	6.943702	1
CAGGC	2154250	1.9825873	6.1536922	4
CACAG	2507665	1.9508399	6.3636227	7
CTGTG	2590325	1.9489039	9.256275	9
GGGAG	2148050	1.944015	5.3835673	7
TTCTG	3071705	1.9292732	5.3722415	2
CTCAG	2492245	1.9147192	6.2728257	2
CTGAG	2478080	1.8879443	5.9185424	4
CCAGA	2404035	1.8702208	6.9014707	3
CCTCT	2438665	1.8658179	5.992939	1
GGCCA	1992505	1.833731	6.8799977	1
TGGGG	2027090	1.8117175	6.2107277	5
TCTGG	2393035	1.800467	6.710277	3
ACCTG	2330415	1.7903899	6.049492	7
CAGTG	2343020	1.7850478	6.420853	9
CACTG	2310195	1.7748555	7.0144744	7
AGAGG	2295965	1.7564523	5.1470313	5
TGGCC	1914245	1.7397867	6.102786	5
CCTGA	2227460	1.7112926	5.5809264	3
GCCCA	1797005	1.6677309	7.536108	1
GAGAG	2156145	1.6494875	5.0565724	7
ACAGA	2516180	1.640851	5.4515615	8
TCAGG	2137990	1.6288441	5.7717757	3
GGGCC	1469925	1.6003519	5.526062	6
GGCCT	1757480	1.5973089	5.5069156	1
CCTGT	2102080	1.5948722	6.1137843	8
TGGGC	1748365	1.57576	6.7604413	5
CTTGG	2071665	1.5586753	5.045822	3
AGGTG	2062160	1.5579579	5.409112	7
AGCCT	1997555	1.5346633	5.1451426	6
GTGTG	2047625	1.527728	7.330081	1
TGTGT	2376890	1.4804128	6.3678837	10
CTGTC	1934540	1.4677577	6.213358	9
CCTTG	1919405	1.4562745	5.171883	2
GCTGT	1935040	1.4558815	5.667101	8
ACACA	2201815	1.447934	5.7575564	6
ACAGC	1858395	1.4457397	5.1630654	8
GCCCT	1571625	1.4404159	6.4121995	1
AGGCT	1887970	1.4383645	5.131945	6
GGGCT	1581820	1.425657	6.335685	6
CCCCT	1532505	1.4163853	5.0898113	1
CACAC	1795160	1.408302	5.908298	5
GACAG	1817215	1.4019028	6.532976	7
AGACA	2049730	1.3366697	5.0760164	6
GCTCT	1759325	1.3348199	5.2000813	1
AGGGC	1452890	1.325954	5.7007594	5
GTCCT	1721690	1.3062658	9.303401	1
GGACA	1642060	1.2667783	5.8241577	6
ACTGC	1593555	1.224282	5.026756	8
AGGAC	1575605	1.2155111	8.748054	5
GTGCT	1610280	1.2115393	6.432116	1
GTCCA	1551960	1.1923256	6.9532	1
TGTGC	1545575	1.1628567	6.210113	10
GTCTT	1829675	1.1491803	5.6104937	1
AGCAC	1457130	1.1335753	5.178717	5
GTTCT	1796325	1.1282339	5.060256	1
GTCCC	1218315	1.1166024	5.021402	1
TGGAC	1419355	1.0813465	5.8825426	5
GTGCA	1387235	1.0568757	5.8473177	1
TGCAC	1357160	1.0426664	5.279014	5
ACAGT	1618980	1.0426323	5.149049	8
ACTGT	1630275	1.0368427	6.145534	8
GACTG	1350150	1.0286222	5.9235444	7
GGACC	1092875	1.0057887	5.4590254	6
AGACT	1525615	0.9825048	5.126254	6
GGACT	1230760	0.937664	5.238202	6
TGTAG	1441950	0.90941405	5.183763	2
TAGGA	1238040	0.79064935	5.3715405	4
TCCTA	1221865	0.78363836	5.039409	2
GTGTA	1011800	0.63812554	5.588616	1
>>END_MODULE
