##FastQC	0.10.1
>>Basic Statistics	pass
#Measure	Value	
Filename	005-F0_S3_L003_R1_001_trimmed.fq.gz	
File type	Conventional base calls	
Encoding	Sanger / Illumina 1.9	
Total Sequences	21069627	
Filtered Sequences	0	
Sequence length	20-50	
%GC	45	
>>END_MODULE
>>Per base sequence quality	pass
#Base	Mean	Median	Lower Quartile	Upper Quartile	10th Percentile	90th Percentile
1	35.10482629806403	36.0	36.0	36.0	36.0	36.0
2	35.0958415163211	36.0	36.0	36.0	36.0	36.0
3	35.07045554247353	36.0	36.0	36.0	36.0	36.0
4	35.06534444107625	36.0	36.0	36.0	36.0	36.0
5	35.051170530925866	36.0	36.0	36.0	36.0	36.0
6	34.998825465681	36.0	36.0	36.0	36.0	36.0
7	34.98685847642201	36.0	36.0	36.0	36.0	36.0
8	34.96754854748971	36.0	36.0	36.0	36.0	36.0
9	34.94993936057814	36.0	36.0	36.0	36.0	36.0
10	34.92811548111412	36.0	36.0	36.0	36.0	36.0
11	34.921756849326286	36.0	36.0	36.0	36.0	36.0
12	34.90943437204655	36.0	36.0	36.0	36.0	36.0
13	34.89293199162947	36.0	36.0	36.0	36.0	36.0
14	34.88466036916553	36.0	36.0	36.0	36.0	36.0
15	34.87529850433518	36.0	36.0	36.0	36.0	36.0
16	34.85863717473499	36.0	36.0	36.0	36.0	36.0
17	34.84929718974142	36.0	36.0	36.0	36.0	36.0
18	34.83744097605525	36.0	36.0	36.0	36.0	36.0
19	34.82423181957611	36.0	36.0	36.0	36.0	36.0
20	34.81804670770868	36.0	36.0	36.0	36.0	36.0
21	34.801586996884495	36.0	36.0	36.0	36.0	36.0
22	34.79184125146607	36.0	36.0	36.0	32.0	36.0
23	34.78858071543462	36.0	36.0	36.0	32.0	36.0
24	34.776572133334426	36.0	36.0	36.0	32.0	36.0
25	34.767392925030954	36.0	36.0	36.0	32.0	36.0
26	34.75047609454514	36.0	36.0	36.0	32.0	36.0
27	34.74810352292578	36.0	36.0	36.0	32.0	36.0
28	34.73432043886913	36.0	36.0	36.0	32.0	36.0
29	34.72047115756042	36.0	36.0	36.0	32.0	36.0
30	34.71114120039659	36.0	36.0	36.0	32.0	36.0
31	34.701621628608535	36.0	36.0	36.0	32.0	36.0
32	34.693001249373296	36.0	36.0	36.0	32.0	36.0
33	34.670307155993086	36.0	36.0	36.0	32.0	36.0
34	34.65035345877661	36.0	36.0	36.0	32.0	36.0
35	34.61943919885409	36.0	36.0	36.0	32.0	36.0
36	34.60357215425998	36.0	36.0	36.0	32.0	36.0
37	34.581246708167406	36.0	36.0	36.0	32.0	36.0
38	34.5771914388211	36.0	36.0	36.0	32.0	36.0
39	34.555262893721306	36.0	36.0	36.0	32.0	36.0
40	34.531337429754565	36.0	36.0	36.0	32.0	36.0
41	34.51157420421999	36.0	36.0	36.0	32.0	36.0
42	34.48185277696812	36.0	36.0	36.0	32.0	36.0
43	34.47138811972974	36.0	36.0	36.0	32.0	36.0
44	34.45062713890242	36.0	36.0	36.0	32.0	36.0
45	34.44564133176554	36.0	36.0	36.0	32.0	36.0
46	34.41112192347132	36.0	36.0	36.0	32.0	36.0
47	34.42417619856643	36.0	36.0	36.0	32.0	36.0
48	34.4408281527038	36.0	36.0	36.0	32.0	36.0
49	34.50522265137502	36.0	36.0	36.0	32.0	36.0
50	34.60396265652542	36.0	36.0	36.0	32.0	36.0
>>END_MODULE
>>Per sequence quality scores	pass
#Quality	Count
14	8.0
15	41.0
16	198.0
17	594.0
18	1420.0
19	3196.0
20	6877.0
21	12831.0
22	21512.0
23	34602.0
24	54594.0
25	82831.0
26	122821.0
27	175834.0
28	241549.0
29	322354.0
30	424017.0
31	560802.0
32	764233.0
33	1149740.0
34	2288965.0
35	9824205.0
36	4976403.0
>>END_MODULE
>>Per base sequence content	pass
#Base	G	A	T	C
1	22.682394899539513	26.524665102044757	27.158027050027982	23.634912948387743
2	22.628188909087	26.514185561994047	27.41626133201124	23.44136419690771
3	22.595949645732237	26.59855720456783	27.28165313724592	23.523840012454013
4	22.800102289476943	26.336564463253627	27.48356211143098	23.37977113583845
5	22.88356536960406	26.37745812319327	27.16126487987672	23.577711627325954
6	22.447204331011854	26.783555626473866	27.33286295637141	23.43637708614287
7	22.504369934244885	26.743295142812567	27.326416586523322	23.425918336419226
8	22.54041326882531	26.64607683847464	27.305803752482188	23.50770614021786
9	22.448880406530506	26.752528712916025	27.3700056745231	23.428585206030373
10	22.545512397340246	26.792266671615373	27.316964031241586	23.34525689980279
11	22.99367733366645	26.7212673126276	27.044923318875846	23.2401320348301
12	22.408982370689333	26.861386772532803	27.43376994761227	23.295860909165597
13	22.497949299244834	26.71274626741138	27.516927565922263	23.272376867421528
14	22.548851956420492	26.460705735322225	27.640541524536715	23.349900783720567
15	22.497970537289337	26.739647272166707	27.435341014283317	23.32704117626064
16	22.64242428154423	27.087492267887963	27.308782668336494	22.96130078223131
17	22.78466533840395	26.740824600264634	27.083160988089634	23.39134907324178
18	22.6483031711952	27.123650551573597	27.11549188791999	23.11255438931121
19	22.794157675406403	26.83023766865925	27.293216913616934	23.08238774231741
20	22.815857411368352	26.610591611105622	27.298762606896815	23.274788370629214
21	22.85141448967328	26.75655567127239	27.26289493841991	23.12913490063441
22	22.65028321688677	26.913070182838982	27.30903444533313	23.12761215494112
23	22.733508622238578	26.70015241280107	27.223920213299515	23.342418751660844
24	22.620496815182204	26.98923783294815	27.248205159031414	23.142060192838237
25	22.706481513568374	26.93486562599717	27.098531739243718	23.26012112119074
26	22.806001051615425	26.916149815196178	27.044671485847772	23.23317764734062
27	22.760098054691813	26.98965638807912	27.1831586745816	23.067086882647473
28	22.58575362386079	26.98205137938271	27.15466177258875	23.277533224167744
29	22.823789151904815	26.75621356467336	27.21741909219505	23.202578191226774
30	22.7069475997533	27.039248463982634	27.115912710494882	23.13789122576918
31	22.811396748243094	26.941843047407982	27.09411278203072	23.1526474223182
32	22.771071456016145	26.970411255483572	27.04322749069357	23.215289797806708
33	22.68695588797593	26.839266671144173	27.244249288258843	23.229528152621054
34	22.8451526091848	27.11774357317534	27.09113691402743	22.945966903612426
35	22.81149678860584	26.8135305018488	27.08355635544082	23.29141635410455
36	22.92163803715733	27.059304211573547	26.91511452202641	23.103943229242706
37	22.69525166194685	26.935842839790457	27.09886144764849	23.270044050614207
38	22.694615572542748	26.846684508026325	27.10750495559353	23.3511949638374
39	22.65474633279799	26.959217129256917	27.118875633474666	23.267160904470423
40	22.739981488235177	26.96123266575193	27.20805112726793	23.090734718744972
41	22.964010430188758	26.9155683736844	27.023721335798317	23.096699860328524
42	22.851236277682073	27.034578235224764	27.029793641228522	23.084391845864637
43	22.842265643640623	27.141735966022207	26.99124154349672	23.024756846840447
44	22.8785867300501	26.88651134911342	26.929503452586665	23.305398468249813
45	22.75622046642898	27.019693897571372	27.089897001027307	23.13418863497234
46	22.78901502252205	27.206582877745078	26.865972392651656	23.13842970708122
47	22.789754634366307	27.029722050659327	27.014110933514807	23.166412381459555
48	22.840977756895526	27.410924144830883	27.128429354679984	22.61966874359361
49	22.992037242175016	27.635470000120836	27.253712724595346	22.118780033108802
50	22.91717496509696	27.433767332994414	27.332246877285726	22.316810824622895
>>END_MODULE
>>Per base GC content	pass
#Base	%GC
1	46.31730784792726
2	46.06955310599471
3	46.11978965818624
4	46.17987342531539
5	46.46127699693001
6	45.88358141715472
7	45.93028827066411
8	46.04811940904317
9	45.877465612560876
10	45.89076929714304
11	46.23380936849655
12	45.70484327985493
13	45.77032616666636
14	45.898752740141056
15	45.825011713549976
16	45.603725063775535
17	46.17601441164573
18	45.760857560506416
19	45.87654541772382
20	46.090645781997566
21	45.98054939030769
22	45.77789537182789
23	46.075927373899425
24	45.762557008020444
25	45.96660263475911
26	46.03917869895604
27	45.82718493733929
28	45.86328684802854
29	46.02636734313159
30	45.84483882552248
31	45.964044170561294
32	45.98636125382286
33	45.916484040596984
34	45.79111951279723
35	46.10291314271039
36	46.02558126640004
37	45.96529571256106
38	46.045810536380145
39	45.921907237268414
40	45.83071620698014
41	46.06071029051728
42	45.935628123546714
43	45.86702249048108
44	46.183985198299915
45	45.89040910140132
46	45.927444729603266
47	45.95616701582587
48	45.46064650048914
49	45.110817275283814
50	45.23398578971985
>>END_MODULE
>>Per sequence GC content	pass
#GC Content	Count
0	2631.0
1	2671.0
2	2514.5
3	2390.0
4	2528.5
5	3064.0
6	3700.0
7	4681.5
8	5733.5
9	7556.5
10	9556.5
11	13302.5
12	17321.0
13	23465.5
14	30654.5
15	41663.0
16	53790.5
17	71392.5
18	90262.5
19	114757.0
20	140650.0
21	173779.0
22	207957.5
23	250218.5
24	294864.0
25	337447.0
26	387101.5
27	446071.5
28	509143.0
29	579569.0
30	653094.0
31	731542.5
32	812271.5
33	896607.0
34	983989.0
35	1061832.0
36	1135311.5
37	1194004.0
38	1241477.5
39	1278607.0
40	1312885.0
41	1334868.5
42	1352787.5
43	1357416.5
44	1357078.5
45	1342500.5
46	1326385.5
47	1305866.0
48	1283932.5
49	1261215.0
50	1238283.5
51	1214940.0
52	1188708.5
53	1160733.0
54	1132928.0
55	1103661.0
56	1069856.0
57	1026959.0
58	981284.5
59	925125.0
60	864637.0
61	795415.0
62	725878.0
63	662775.5
64	587411.0
65	517524.0
66	450922.0
67	389182.5
68	329391.5
69	275832.0
70	228581.0
71	189179.0
72	154824.0
73	124759.0
74	96763.5
75	76730.5
76	61949.0
77	48407.5
78	36059.0
79	27344.0
80	20103.5
81	14755.5
82	10701.0
83	7979.5
84	5751.5
85	4323.0
86	3217.0
87	2590.5
88	2058.5
89	1573.5
90	1216.5
91	1018.0
92	897.5
93	758.0
94	617.0
95	565.0
96	531.5
97	474.5
98	417.0
99	631.5
100	861.0
>>END_MODULE
>>Per base N content	pass
#Base	N-Count
1	0.0
2	0.0
3	5.315708721374137E-4
4	5.220785351349599E-5
5	7.024329381815825E-4
6	4.746168501226908E-6
7	4.176628281079679E-4
8	0.0
9	7.119252751840363E-5
10	7.024329381815825E-4
11	1.661158975429418E-4
12	0.0
13	0.0
14	0.0
15	5.220785351349599E-5
16	1.3289271803435343E-4
17	0.0
18	0.0
19	0.0
20	4.2715516511042175E-5
21	0.0
22	0.0
23	0.0
24	0.0
25	0.0
26	0.0
27	0.0
28	0.0
29	0.0
30	0.0
31	0.0
32	0.0
33	0.0
34	0.0
35	0.0
36	6.48222412090445E-5
37	0.0
38	0.0
39	0.0
40	1.0138987265229216E-5
41	1.0185332306651837E-5
42	0.0
43	3.600343740246926E-5
44	0.0
45	0.0
46	0.0
47	0.0
48	0.0
49	4.073089693779686E-5
50	0.0
>>END_MODULE
>>Sequence Length Distribution	warn
#Length	Count
20	49926.0
21	51142.0
22	52993.0
23	54247.0
24	55546.0
25	56743.0
26	59352.0
27	62299.0
28	64746.0
29	68073.0
30	70278.0
31	71678.0
32	73462.0
33	73674.0
34	74803.0
35	75820.0
36	77371.0
37	80261.0
38	83674.0
39	87703.0
40	89756.0
41	94192.0
42	99300.0
43	113457.0
44	154765.0
45	251578.0
46	589699.0
47	1221269.0
48	2380988.0
49	3119379.0
50	1.1611453E7
>>END_MODULE
>>Sequence Duplication Levels	warn
#Total Duplicate Percentage	35.42897369250158
#Duplication Level	Relative count
1	100.0
2	22.939458857791976
3	9.840127471086477
4	5.334421005283341
5	3.1867771619385974
6	2.124772236919347
7	1.464545198106231
8	1.009400230240838
9	0.8020309986505753
10++	5.775843009293496
>>END_MODULE
>>Overrepresented sequences	pass
>>END_MODULE
>>Kmer Content	warn
#Sequence	Count	Obs/Exp Overall	Obs/Exp Max	Max Obs/Exp Position
AAAAA	4556280	3.5227134	4.2080836	46
TTTTT	4528670	3.2972178	3.9091406	13
>>END_MODULE
