##FastQC	0.10.1
>>Basic Statistics	pass
#Measure	Value	
Filename	005-primary_S6_L001_R2_001.fastq.gz	
File type	Conventional base calls	
Encoding	Sanger / Illumina 1.9	
Total Sequences	30996338	
Filtered Sequences	0	
Sequence length	35-75	
%GC	45	
>>END_MODULE
>>Per base sequence quality	pass
#Base	Mean	Median	Lower Quartile	Upper Quartile	10th Percentile	90th Percentile
1	31.282982138083536	32.0	32.0	32.0	32.0	32.0
2	31.056498770919326	32.0	32.0	32.0	32.0	32.0
3	31.105149421199368	32.0	32.0	32.0	32.0	32.0
4	31.16470542423431	32.0	32.0	32.0	32.0	32.0
5	31.118853782017734	32.0	32.0	32.0	32.0	32.0
6	34.78413098347295	36.0	36.0	36.0	36.0	36.0
7	34.764611000176856	36.0	36.0	36.0	36.0	36.0
8	34.68939798630406	36.0	36.0	36.0	32.0	36.0
9	34.82139422405318	36.0	36.0	36.0	36.0	36.0
10	34.6405464090629	36.0	36.0	36.0	32.0	36.0
11	34.78888880357415	36.0	36.0	36.0	36.0	36.0
12	34.67522050508031	36.0	36.0	36.0	32.0	36.0
13	34.72648349621171	36.0	36.0	36.0	32.0	36.0
14	34.67426306939871	36.0	36.0	36.0	32.0	36.0
15	34.62918835766986	36.0	36.0	36.0	32.0	36.0
16	34.62714943939507	36.0	36.0	36.0	32.0	36.0
17	34.62262761491374	36.0	36.0	36.0	32.0	36.0
18	34.613883485203964	36.0	36.0	36.0	32.0	36.0
19	34.6080853486628	36.0	36.0	36.0	32.0	36.0
20	34.5904009693016	36.0	36.0	36.0	32.0	36.0
21	34.577071781834356	36.0	36.0	36.0	32.0	36.0
22	34.55962246249864	36.0	36.0	36.0	32.0	36.0
23	34.54560619386716	36.0	36.0	36.0	32.0	36.0
24	34.53192832004864	36.0	36.0	36.0	32.0	36.0
25	34.51999184548833	36.0	36.0	36.0	32.0	36.0
26	34.50256794851056	36.0	36.0	36.0	32.0	36.0
27	34.49350558766007	36.0	36.0	36.0	32.0	36.0
28	34.480336967547586	36.0	36.0	36.0	32.0	36.0
29	34.47048673943354	36.0	36.0	36.0	32.0	36.0
30	34.44461313462255	36.0	36.0	36.0	32.0	36.0
31	34.44197808141078	36.0	36.0	36.0	32.0	36.0
32	34.42950880197525	36.0	36.0	36.0	32.0	36.0
33	34.4182919930735	36.0	36.0	36.0	32.0	36.0
34	34.412579382764505	36.0	36.0	36.0	32.0	36.0
35	34.38692335204242	36.0	36.0	36.0	32.0	36.0
36	34.45543997084655	36.0	36.0	36.0	32.0	36.0
37	34.44837553630278	36.0	36.0	36.0	32.0	36.0
38	34.43260578247796	36.0	36.0	36.0	32.0	36.0
39	34.42851355023737	36.0	36.0	36.0	32.0	36.0
40	34.41996643882899	36.0	36.0	36.0	32.0	36.0
41	34.40025359891491	36.0	36.0	36.0	32.0	36.0
42	34.383552081651374	36.0	36.0	36.0	32.0	36.0
43	34.3687479848467	36.0	36.0	36.0	32.0	36.0
44	34.33452437778094	36.0	36.0	36.0	32.0	36.0
45	34.32411898429942	36.0	36.0	36.0	32.0	36.0
46	34.30777748943184	36.0	36.0	36.0	32.0	36.0
47	34.285642650742325	36.0	36.0	36.0	32.0	36.0
48	34.25562281679069	36.0	36.0	36.0	32.0	36.0
49	34.23020798843595	36.0	36.0	36.0	32.0	36.0
50	34.19820933261064	36.0	36.0	36.0	32.0	36.0
51	34.172465032861545	36.0	36.0	36.0	32.0	36.0
52	34.14798252308297	36.0	36.0	36.0	32.0	36.0
53	34.12142207127662	36.0	36.0	36.0	32.0	36.0
54	34.08676855170757	36.0	36.0	36.0	32.0	36.0
55	34.060086721494685	36.0	36.0	36.0	32.0	36.0
56	34.0358750917219	36.0	36.0	36.0	32.0	36.0
57	34.008124758278726	36.0	36.0	36.0	32.0	36.0
58	33.97311328466459	36.0	36.0	36.0	32.0	36.0
59	33.94208660466383	36.0	36.0	36.0	32.0	36.0
60	33.90846749364666	36.0	36.0	36.0	32.0	36.0
61	33.8904935904232	36.0	36.0	36.0	32.0	36.0
62	33.85226167893035	36.0	36.0	36.0	32.0	36.0
63	33.83128735240677	36.0	36.0	36.0	32.0	36.0
64	33.80655544869375	36.0	36.0	36.0	32.0	36.0
65	33.781223491208074	36.0	36.0	36.0	27.0	36.0
66	33.74952960439698	36.0	36.0	36.0	27.0	36.0
67	33.70694835223711	36.0	36.0	36.0	27.0	36.0
68	33.68964917661478	36.0	36.0	36.0	27.0	36.0
69	33.66698058574219	36.0	36.0	36.0	27.0	36.0
70	33.641350999247635	36.0	36.0	36.0	27.0	36.0
71	33.59053033307437	36.0	36.0	36.0	27.0	36.0
72	33.57263336938937	36.0	36.0	36.0	27.0	36.0
73	33.54906468654958	36.0	36.0	36.0	27.0	36.0
74	33.487628377380986	36.0	36.0	36.0	27.0	36.0
75	32.272347708103446	36.0	32.0	36.0	14.0	36.0
>>END_MODULE
>>Per sequence quality scores	pass
#Quality	Count
2	85890.0
3	530.0
4	9181.0
5	8360.0
6	3297.0
7	1638.0
8	593.0
9	408.0
10	464.0
11	409.0
12	416.0
13	327.0
14	2672.0
15	7197.0
16	11618.0
17	16194.0
18	21472.0
19	28275.0
20	38223.0
21	53255.0
22	73873.0
23	105970.0
24	149441.0
25	209875.0
26	286707.0
27	379549.0
28	489962.0
29	622262.0
30	789716.0
31	1022240.0
32	1396080.0
33	2162138.0
34	4792434.0
35	1.8225672E7
>>END_MODULE
>>Per base sequence content	fail
#Base	G	A	T	C
1	43.34743501964207	18.325622374931978	12.476615652320897	25.850326953105053
2	16.700557817645333	19.323753945420417	37.11408154743451	26.861606689499745
3	19.591905043799215	21.110495486981947	29.0048396770046	30.29275979221424
4	13.632907460667058	14.810497679212503	36.30565531427872	35.25093954584172
5	15.300661711406763	34.43683162984277	34.995374056945266	15.267132601805203
6	34.15751144470146	35.10412332777948	16.55883142723111	14.179533800287938
7	30.031380373703335	29.880149345170874	20.911698921854402	19.176771359271385
8	26.385052781568174	34.69121581180089	20.234575758002347	18.68915564862859
9	24.835751975433144	16.127138616315463	20.282634837832486	38.75447457041891
10	14.385847644724143	27.730130417338394	34.82129501935924	23.062726918578218
11	34.23272496105648	22.937858331193368	23.645802213159897	19.183614494590255
12	22.139269173997175	24.373627107950206	30.87399657957082	22.613107138481798
13	27.451519056870392	20.841129044921654	26.46629285240078	25.24105904580717
14	20.641817225252705	20.683221591948193	27.426165720564853	31.24879546223425
15	22.826187367995075	29.312321146066555	23.540529723180683	24.320961762757687
16	22.73823175264579	28.912609171588876	25.363268480202223	22.98589059556311
17	21.586290567280493	28.270626267432814	27.58247555586366	22.560607609423027
18	22.01195822257817	28.089177815690842	27.981069893123895	21.917794068607098
19	22.35412048398773	27.54353187210001	27.91948390790509	22.182863736007164
20	22.464914039270734	27.370036606861568	27.85478519427037	22.310264159597327
21	22.427010061743434	27.085999613041007	27.687291797035957	22.7996985281796
22	22.303226591778554	26.892585721154035	27.977038761774953	22.827148925292462
23	22.41027465811924	26.98004503033813	27.68990790238198	22.919772409160654
24	22.44206580681527	26.836197550641916	27.870906862559348	22.850829779983467
25	22.6128982178501	26.837287718668986	27.513439651055798	23.03637441242512
26	22.24450484643028	27.09891826986915	27.700448726991876	22.956128156708694
27	22.248435048704053	27.1407778832847	27.74609349560018	22.864693572411067
28	22.41305103919498	27.019600630981564	27.763697519340187	22.80365081048327
29	22.122299770076882	27.23074553398133	27.94121619140133	22.70573850454046
30	22.369512875405945	27.26825853205414	27.62078610578302	22.741442486756895
31	22.59564693185274	27.33708118117698	27.45794325094648	22.609328636023797
32	22.108221487052138	27.352577375413432	27.81358338501216	22.725617752522265
33	22.274301495464936	27.150014831290072	27.87421381936826	22.701469853876734
34	22.309515322510418	26.886256537631542	28.012522769842697	22.791705370015347
35	22.258988952169247	27.141648255774413	27.821925057143392	22.777437734912944
36	22.461709201697474	27.57454490632619	27.543089779654313	22.42065611232203
37	22.577550081380632	27.30729250469833	27.483772137866247	22.63138527605479
38	22.419696825417095	27.556600959011362	27.498309525691557	22.525392689879993
39	22.425463507241755	27.413959108581487	27.69258067892954	22.467996705247213
40	22.41561798075454	27.236666324319764	27.616276994734847	22.731438700190846
41	22.455549595698876	27.383416759720514	27.604196589267456	22.556837055313157
42	22.418935166805102	27.36806242049626	27.640737293078548	22.572265119620088
43	22.563416031504094	27.158799483519893	27.484169765364953	22.793614719611067
44	22.465295310787624	27.49937127401881	27.555234316159538	22.480099099034025
45	22.522969994484946	27.40815514299253	27.473685703155116	22.595189159367408
46	22.64090853560877	27.589844833259146	27.307645828160627	22.46160080297146
47	22.337532825408836	27.690400597288527	27.546163882692852	22.42590269460979
48	22.398541391245665	27.527338388764296	27.455069641049416	22.619050578940627
49	22.468591183899175	27.454921348469952	27.575376356261273	22.5011111113696
50	22.506158429578964	27.487266758289714	27.50859074350428	22.49798406862704
51	22.621037563263016	27.513449917665433	27.389425098934144	22.476087420137407
52	22.57081090484316	27.450314226698897	27.39374042081664	22.585134447641302
53	22.457856968518794	27.515286189837717	27.47443811979395	22.55241872184954
54	22.65200430660937	27.672641069951194	27.348590519629077	22.326764103810355
55	22.61486823775858	27.582410182115485	27.256697104552526	22.54602447557341
56	22.696822740121497	27.735067770454876	27.22551384632706	22.342595643096573
57	22.448611533436903	27.622061304373744	27.4336582512146	22.49566891097475
58	22.43194999930517	27.40626141575878	27.51072771897404	22.65106086596201
59	22.319701084666413	27.60341933094172	27.53019513251956	22.546684451872302
60	22.53269861581996	27.64626688868991	27.401389522293186	22.41964497319694
61	22.695942606418736	27.67691482557928	27.26556301984524	22.361579548156744
62	22.55428135766224	27.833201879706653	27.235274548120874	22.37724221451023
63	22.608325389723323	27.766027546997595	27.28362587881343	22.34202118446565
64	22.627795114887608	27.54027797346934	27.271598884534846	22.560328027108202
65	22.412836527729755	27.61912348505075	27.48036923400139	22.487670753218104
66	22.55302306467409	27.605649469984687	27.262446393855726	22.578881071485487
67	22.500162313310128	27.67487657215754	27.338963042662645	22.485998071869687
68	22.565152610340686	27.897065345280918	27.322616335274457	22.215165709103943
69	22.80326223853048	27.844055886266638	27.18391825882065	22.168763616382233
70	22.78989653495192	27.678209719672868	27.193972602504495	22.337921142870716
71	22.688946553803884	27.87369884777327	27.139187626394808	22.29816697202804
72	22.69432598899024	28.0384568612526	27.374577624842672	21.892639524914486
73	23.315865752007475	28.564375250994978	27.47429669470537	20.645462302292184
74	24.555277531278136	30.973138800093302	27.451418721815873	17.02016494681269
75	29.887845724982736	41.21276634180025	28.899387933217017	0.0
>>END_MODULE
>>Per base GC content	fail
#Base	%GC
1	69.19776197274713
2	43.56216450714508
3	49.88466483601346
4	48.88384700650878
5	30.567794313211966
6	48.337045244989405
7	49.20815173297473
8	45.07420843019676
9	63.59022654585205
10	37.44857456330236
11	53.416339455646735
12	44.75237631247897
13	52.692578102677565
14	51.89061268748695
15	47.147149130752766
16	45.7241223482089
17	44.14689817670352
18	43.92975229118527
19	44.53698421999489
20	44.77517819886806
21	45.226708589923035
22	45.130375517071016
23	45.33004706727989
24	45.292895586798736
25	45.64927263027522
26	45.20063300313898
27	45.113128621115116
28	45.216701849678245
29	44.82803827461734
30	45.11095536216284
31	45.20497556787654
32	44.8338392395744
33	44.97577134934167
34	45.101220692525764
35	45.03642668708219
36	44.88236531401951
37	45.20893535743542
38	44.945089515297084
39	44.893460212488975
40	45.14705668094539
41	45.01238665101203
42	44.99120028642519
43	45.357030751115154
44	44.94539440982165
45	45.118159153852346
46	45.102509338580234
47	44.763435520018625
48	45.01759197018629
49	44.969702295268775
50	45.00414249820601
51	45.09712498340042
52	45.15594535248446
53	45.01027569036833
54	44.978768410419725
55	45.16089271333199
56	45.03941838321807
57	44.94428044441165
58	45.083010865267184
59	44.866385536538715
60	44.952343589016905
61	45.05752215457548
62	44.93152357217247
63	44.95034657418898
64	45.18812314199581
65	44.90050728094786
66	45.13190413615958
67	44.986160385179815
68	44.78031831944463
69	44.972025854912715
70	45.127817677822634
71	44.98711352583192
72	44.58696551390472
73	43.961328054299656
74	41.57544247809083
75	29.887845724982736
>>END_MODULE
>>Per sequence GC content	warn
#GC Content	Count
0	86395.0
1	44145.0
2	3077.5
3	5172.5
4	6110.0
5	6166.0
6	5859.0
7	5193.5
8	4916.5
9	5104.5
10	5975.0
11	8000.0
12	9383.5
13	11077.5
14	15057.5
15	21127.0
16	26106.0
17	34445.0
18	52146.0
19	74651.5
20	90655.0
21	116006.0
22	162268.0
23	213739.0
24	249175.0
25	293599.0
26	368142.0
27	443739.0
28	495205.5
29	558359.5
30	654682.0
31	745930.0
32	807646.5
33	875347.0
34	984110.5
35	1084400.5
36	1147112.5
37	1212328.5
38	1285855.0
39	1342652.5
40	1380960.5
41	1399142.0
42	1403270.5
43	1393544.0
44	1387622.0
45	1371382.5
46	1333742.0
47	1289868.5
48	1265426.5
49	1233194.5
50	1178543.5
51	1132729.5
52	1107788.0
53	1090097.0
54	1058656.5
55	1025055.0
56	1004908.0
57	981950.5
58	934611.0
59	870573.0
60	811635.0
61	744183.5
62	660973.0
63	580403.0
64	515265.0
65	459211.5
66	387013.5
67	315309.5
68	263929.0
69	224173.0
70	179523.5
71	137097.5
72	107886.0
73	88021.5
74	67557.5
75	49613.0
76	37778.5
77	29923.5
78	21702.5
79	15008.5
80	11156.0
81	8645.0
82	6144.0
83	4178.0
84	3162.0
85	2689.0
86	2239.0
87	1847.0
88	1645.0
89	1540.0
90	1431.0
91	1320.0
92	1264.0
93	1287.5
94	1294.0
95	1278.0
96	1280.5
97	1417.5
98	1959.5
99	10717.0
100	19072.0
>>END_MODULE
>>Per base N content	pass
#Base	N-Count
1	0.4455042398879506
2	0.34125644132542365
3	0.27882003351492685
4	0.27721016592347136
5	0.27707789223359225
6	0.28015567516395
7	0.2988320749373684
8	0.3093042797507241
9	0.32286394605711166
10	0.3317262832790119
11	0.3484734228927301
12	0.3516092771991324
13	0.35563233308399206
14	0.36495278893913213
15	0.36309773109326654
16	0.36627552583792317
17	0.3631106358434987
18	0.3715277591823911
19	0.3736021977822025
20	0.370911557358808
21	0.36944041583234766
22	0.3723826988852683
23	0.3765348022724491
24	0.3866263169539576
25	0.3756701840068979
26	0.3831613915166366
27	0.3803707392789432
28	0.39532411861039846
29	0.3841098906586965
30	0.39776311640426687
31	0.37321182908768125
32	0.38628434107280674
33	0.38408085497067423
34	0.37819628886483303
35	0.38029653696510857
36	0.1207442781554483
37	0.11122920735925805
38	0.1045921968840113
39	0.11447512618347438
40	0.11936043978188658
41	0.1041624037407552
42	0.10379290313819838
43	0.10873482474204402
44	0.11747790828983988
45	0.10238895959565283
46	0.1114116432069224
47	0.1161450926229619
48	0.12127749557799697
49	0.11436512401168329
50	0.11566672697979163
51	0.12167112004215216
52	0.11039877768144093
53	0.10842856648507078
54	0.11012533679238588
55	0.10344250440686008
56	0.0892578556925041
57	0.09892703885275231
58	0.09910983635450171
59	0.09251173801075564
60	0.09125749740275049
61	0.09105675745987112
62	0.09944247053682607
63	0.09043273649092656
64	0.0881543133606906
65	0.09001619598853322
66	0.08334759519688538
67	0.09389636586744884
68	0.08373709209603104
69	0.08574818187991931
70	0.09264954759985775
71	0.09338268460627198
72	0.09731102322303238
73	0.10775835121623314
74	0.1293956360727037
75	0.20057781220091728
>>END_MODULE
>>Sequence Length Distribution	warn
#Length	Count
35	108746.0
36	33286.0
37	42256.0
38	45541.0
39	49464.0
40	50510.0
41	53652.0
42	56895.0
43	61744.0
44	68112.0
45	72931.0
46	74694.0
47	76696.0
48	78117.0
49	80482.0
50	81295.0
51	82963.0
52	85145.0
53	88565.0
54	94592.0
55	96163.0
56	97860.0
57	99660.0
58	100136.0
59	101417.0
60	101644.0
61	101578.0
62	105148.0
63	108507.0
64	113683.0
65	117328.0
66	116058.0
67	119059.0
68	122194.0
69	131667.0
70	153263.0
71	267258.0
72	765674.0
73	2031860.0
74	6178679.0
75	1.8581816E7
>>END_MODULE
>>Sequence Duplication Levels	warn
#Total Duplicate Percentage	38.25918418677596
#Duplication Level	Relative count
1	100.0
2	22.983465132997843
3	11.283648853742312
4	6.6323188753095295
5	4.280693346113907
6	2.8812205447719466
7	2.033708762680725
8	1.5105040338685198
9	1.1167026120297148
10++	7.034906941448997
>>END_MODULE
>>Overrepresented sequences	warn
#Sequence	Count	Percentage	Possible Source
NNNNNNNNNNNNNNNNNNNNNNNNNNNNNNNNNNN	85884	0.27707789223359225	No Hit
>>END_MODULE
>>Kmer Content	warn
#Sequence	Count	Obs/Exp Overall	Obs/Exp Max	Max Obs/Exp Position
AAAAA	12462660	4.0487347	8.549779	71
TTTTT	10285975	3.2198148	5.5540004	71
CCTGG	4843680	3.082719	11.597743	3
CCAGG	4596470	2.9471862	12.104641	3
CCCAG	4429640	2.8682601	10.940173	2
GGGGG	3840070	2.8475647	5.1961827	71
CTGGG	4411890	2.7804575	10.154084	4
CCAGC	4131750	2.675372	6.516707	3
GGAGG	4070260	2.5590065	5.872307	6
GCTGG	4034940	2.5428963	6.430606	3
TCCAG	4523600	2.4409425	9.263173	2
CAGCA	4452250	2.4203465	6.672114	4
CAGCC	3710220	2.4024248	5.6917424	9
CTCCA	4375190	2.38417	6.9570312	1
CAGGA	4413080	2.3755972	9.957036	4
TGCTG	4437135	2.3533387	7.137527	2
CTCCT	4312360	2.3325486	6.596044	1
GGCTG	3694635	2.3284297	8.039398	7
AGGAG	4360240	2.3242052	7.036387	5
TCCTG	4309410	2.3081634	9.292236	2
CTGGA	4293345	2.2940464	8.631233	4
CTGCA	4181320	2.2562475	6.7850776	4
CCTGC	3482295	2.2381594	6.3179417	3
GGCAG	3522225	2.2363164	6.204113	7
CTGCC	3454150	2.22007	5.6939726	9
GCAGG	3488675	2.215015	6.477224	3
TGCAG	4139115	2.2116373	7.004814	2
GCCTG	3439545	2.1890695	6.831162	7
CAGAG	4036765	2.173024	7.2029076	4
CTTCT	4805475	2.1660838	5.082757	1
CCCTG	3364035	2.162151	8.578277	2
CTGCT	4031300	2.159205	6.4606977	9
AGCAG	3978605	2.1417158	5.4339223	7
CTCTG	3997700	2.1412084	7.1978908	2
TGGAG	4029460	2.1319957	6.4991465	5
GCTGC	3325920	2.1167536	5.4928904	8
CAGGG	3270250	2.0763335	8.567229	4
AGCTG	3875630	2.0708504	5.6949654	7
CAGGC	3193255	2.0474663	5.8996162	4
CTGGC	3169095	2.0169437	5.2482185	4
GGAGA	3768895	2.0089915	5.6027813	6
CCCCA	3060075	2.0010097	6.462342	1
CAGAA	4382625	2.000231	5.469933	4
GGGAG	3179795	1.9991639	5.28462	7
CACAG	3660545	1.9899571	6.8862357	7
CTCAG	3670575	1.9806488	5.9479012	2
CTGTG	3701750	1.9633099	8.503773	9
CTGAG	3638695	1.9442497	5.731979	4
TTCTG	4299020	1.918852	5.4079084	2
CCAGA	3467110	1.8848015	6.61572	3
GGCCA	2919025	1.8716342	5.9606547	1
TGGGG	2949095	1.8404049	5.716222	5
CCTCT	3397045	1.8374561	5.3902774	1
TCTGG	3435120	1.8218964	6.210542	3
CACTG	3343390	1.8040991	7.320224	7
ACCTG	3312265	1.787304	5.250342	7
CAGTG	3342340	1.7858995	6.389467	9
TGGCC	2795900	1.779427	5.4726725	5
CCTGA	3235625	1.7459489	5.6508765	3
GCCCA	2640345	1.7096642	6.718317	1
TCAGG	3155915	1.6862878	5.747	3
ACAGA	3638895	1.6607924	5.657555	8
CCTGT	3022675	1.6189752	5.3392715	8
GAGAG	3036595	1.6186424	5.223311	7
TGGGC	2560435	1.6136351	6.080104	5
AGGTG	3031060	1.60374	5.138012	7
ACAGC	2657645	1.4447573	5.5965557	8
CTGTC	2671940	1.431118	5.6085596	9
GACAG	2643910	1.4232384	6.9024	7
GCCCT	2207560	1.4188551	5.443599	1
GGGCT	2236265	1.4093369	5.5527883	6
GTGTG	2677395	1.4061358	6.9719753	1
ACACA	3039615	1.4009783	5.578114	6
CACAC	2486505	1.365068	5.855054	5
AGACA	2971515	1.3562	5.2937083	6
AGGGC	2111635	1.3407105	5.1454625	5
ACTGC	2366470	1.2769513	5.2744446	8
GGACA	2325315	1.2517363	5.840018	6
GTGCT	2279805	1.209148	6.101346	1
GTCCT	2224190	1.1912987	6.714607	1
GTCCA	2191755	1.1826749	6.7099714	1
AGCAC	2134700	1.1604723	5.355439	5
GTCTT	2566195	1.1454118	5.486713	1
AGGAC	2095700	1.1281325	6.169751	5
TGGAC	2033010	1.0862904	5.9089084	5
TGCAC	2013030	1.0862346	5.4890924	5
GTGCA	2024465	1.0817245	5.9238267	1
ACAGT	2307115	1.0451785	5.410035	8
GCACT	1931885	1.0424485	5.0129976	6
GACTG	1945085	1.0393097	5.848794	7
ACTGT	2306385	1.0371186	6.0870757	8
AGACT	2205180	0.99899936	5.0583982	6
GGACT	1772735	0.9472186	5.0717793	6
GTGTA	1392525	0.6200585	5.4328766	1
>>END_MODULE
