##FastQC	0.10.1
>>Basic Statistics	pass
#Measure	Value	
Filename	KS29_S2_L004_R1_001.fastq.gz	
File type	Conventional base calls	
Encoding	Sanger / Illumina 1.9	
Total Sequences	19797994	
Filtered Sequences	0	
Sequence length	35-75	
%GC	45	
>>END_MODULE
>>Per base sequence quality	pass
#Base	Mean	Median	Lower Quartile	Upper Quartile	10th Percentile	90th Percentile
1	31.509927571449914	32.0	32.0	32.0	32.0	32.0
2	31.56120337242248	32.0	32.0	32.0	32.0	32.0
3	31.63057257215049	32.0	32.0	32.0	32.0	32.0
4	31.696811656776944	32.0	32.0	32.0	32.0	32.0
5	31.67478892053407	32.0	32.0	32.0	32.0	32.0
6	35.34843989749668	36.0	36.0	36.0	36.0	36.0
7	35.360086380468644	36.0	36.0	36.0	36.0	36.0
8	35.311786285014534	36.0	36.0	36.0	36.0	36.0
9	35.404019619361435	36.0	36.0	36.0	36.0	36.0
10	35.300990443779305	36.0	36.0	36.0	36.0	36.0
11	35.378801660410645	36.0	36.0	36.0	36.0	36.0
12	35.33075810609903	36.0	36.0	36.0	36.0	36.0
13	35.35584302126771	36.0	36.0	36.0	36.0	36.0
14	35.32580755403805	36.0	36.0	36.0	36.0	36.0
15	35.29904105436137	36.0	36.0	36.0	36.0	36.0
16	35.30708878889447	36.0	36.0	36.0	36.0	36.0
17	35.30467425134082	36.0	36.0	36.0	36.0	36.0
18	35.301026609059484	36.0	36.0	36.0	36.0	36.0
19	35.29944493366348	36.0	36.0	36.0	36.0	36.0
20	35.29002180725987	36.0	36.0	36.0	36.0	36.0
21	35.279163080865665	36.0	36.0	36.0	36.0	36.0
22	35.2610217984711	36.0	36.0	36.0	36.0	36.0
23	35.24403669381858	36.0	36.0	36.0	36.0	36.0
24	35.23693582289196	36.0	36.0	36.0	36.0	36.0
25	35.22184686994046	36.0	36.0	36.0	36.0	36.0
26	35.188880196650224	36.0	36.0	36.0	36.0	36.0
27	35.17266370522185	36.0	36.0	36.0	36.0	36.0
28	35.15933690049608	36.0	36.0	36.0	36.0	36.0
29	35.14546524258973	36.0	36.0	36.0	36.0	36.0
30	35.12374329439639	36.0	36.0	36.0	36.0	36.0
31	35.11163110767687	36.0	36.0	36.0	36.0	36.0
32	35.09682455707381	36.0	36.0	36.0	36.0	36.0
33	35.08487859931668	36.0	36.0	36.0	36.0	36.0
34	35.081355060517744	36.0	36.0	36.0	36.0	36.0
35	35.06288470437965	36.0	36.0	36.0	36.0	36.0
36	35.057925659897116	36.0	36.0	36.0	36.0	36.0
37	35.047060103508386	36.0	36.0	36.0	36.0	36.0
38	35.02750540132501	36.0	36.0	36.0	36.0	36.0
39	35.01465873356303	36.0	36.0	36.0	36.0	36.0
40	35.01294538195938	36.0	36.0	36.0	36.0	36.0
41	34.98712680167369	36.0	36.0	36.0	36.0	36.0
42	34.97812866368132	36.0	36.0	36.0	36.0	36.0
43	34.96654458199391	36.0	36.0	36.0	36.0	36.0
44	34.9489354947569	36.0	36.0	36.0	36.0	36.0
45	34.939142630045865	36.0	36.0	36.0	36.0	36.0
46	34.917569474290254	36.0	36.0	36.0	36.0	36.0
47	34.906722798677606	36.0	36.0	36.0	36.0	36.0
48	34.88551223542232	36.0	36.0	36.0	36.0	36.0
49	34.87062565443285	36.0	36.0	36.0	36.0	36.0
50	34.844705502196895	36.0	36.0	36.0	36.0	36.0
51	34.83176000534863	36.0	36.0	36.0	36.0	36.0
52	34.81754456072632	36.0	36.0	36.0	36.0	36.0
53	34.78439931717396	36.0	36.0	36.0	36.0	36.0
54	34.760807284194506	36.0	36.0	36.0	36.0	36.0
55	34.74251598143422	36.0	36.0	36.0	36.0	36.0
56	34.72468376955534	36.0	36.0	36.0	32.0	36.0
57	34.703599918545414	36.0	36.0	36.0	32.0	36.0
58	34.68279242798347	36.0	36.0	36.0	32.0	36.0
59	34.64554012856196	36.0	36.0	36.0	32.0	36.0
60	34.62389262031335	36.0	36.0	36.0	32.0	36.0
61	34.6055241967037	36.0	36.0	36.0	32.0	36.0
62	34.579517279538905	36.0	36.0	36.0	32.0	36.0
63	34.54491236439823	36.0	36.0	36.0	32.0	36.0
64	34.520364022156286	36.0	36.0	36.0	32.0	36.0
65	34.4959745028446	36.0	36.0	36.0	32.0	36.0
66	34.46828108000123	36.0	36.0	36.0	32.0	36.0
67	34.45109187999611	36.0	36.0	36.0	32.0	36.0
68	34.4070854888941	36.0	36.0	36.0	32.0	36.0
69	34.38051618485492	36.0	36.0	36.0	32.0	36.0
70	34.35603891480793	36.0	36.0	36.0	32.0	36.0
71	34.31968311434564	36.0	36.0	36.0	32.0	36.0
72	34.30691091298066	36.0	36.0	36.0	32.0	36.0
73	34.28180330650799	36.0	36.0	36.0	32.0	36.0
74	34.24891163854006	36.0	36.0	36.0	32.0	36.0
75	33.46271312249274	36.0	36.0	36.0	27.0	36.0
>>END_MODULE
>>Per sequence quality scores	pass
#Quality	Count
2	5210.0
3	0.0
4	0.0
5	0.0
6	0.0
7	0.0
8	0.0
9	0.0
10	3.0
11	20.0
12	103.0
13	340.0
14	44.0
15	75.0
16	64.0
17	103.0
18	237.0
19	660.0
20	2178.0
21	5567.0
22	10572.0
23	19161.0
24	33736.0
25	58112.0
26	93091.0
27	140939.0
28	199962.0
29	270923.0
30	357764.0
31	474650.0
32	656965.0
33	1043947.0
34	2442402.0
35	1.3981166E7
>>END_MODULE
>>Per base sequence content	fail
#Base	G	A	T	C
1	43.451023436408946	18.291990896093115	11.48151381136106	26.77547185613688
2	16.450813589437445	19.93190043401676	35.67387993523296	27.943406041312834
3	18.82209193006906	21.37057121423646	28.65002720183275	31.15730965386173
4	13.034622374149684	15.035958315909049	35.65941397112553	36.270005338815736
5	14.699144900484946	35.144030268809075	34.5437508942653	15.613073936440674
6	34.76823169494499	35.172055634012885	16.08210850984884	13.977604161193291
7	30.775690777002367	29.710656166408928	20.305718488111626	19.20793456847708
8	26.72864514663526	34.46465641215505	19.6259707578277	19.180727683381985
9	24.654884325519845	15.332719237475636	19.727952368903736	40.284444068100775
10	14.04324424497332	27.43916166619107	34.8483416986716	23.66925239016401
11	34.63221747885492	22.596406852113375	23.44870231494468	19.322673354087026
12	22.168276074755326	24.12081594989366	30.998438622883977	22.71246935246704
13	27.944785331866402	20.478892711606413	26.114881059683164	25.461440896844024
14	20.485405186051644	20.39396782180819	27.20148413684502	31.919142855295142
15	22.80519506502976	29.347690552274003	23.19976310558434	24.647351277111902
16	22.825793481098973	28.609224452709636	25.30274164564217	23.262240420549226
17	21.69391632829419	28.06987637514763	27.390103383131954	22.846103913426226
18	22.157383216024588	27.8377311650549	27.80844271326358	22.19644290565693
19	22.57102872766775	27.221710839196472	27.612667498992433	22.59459293414335
20	22.627475499204884	27.12912951602167	27.665038543202108	22.578356441571334
21	22.481670183189795	26.782512446097055	27.467313664482518	23.26850370623063
22	22.345034553536458	26.796088661743173	27.708835980140556	23.150040804579813
23	22.378684967878467	26.828586097803413	27.530584345435038	23.26214458888308
24	22.46676542167951	26.66414145662785	27.798475102555713	23.07061801913693
25	22.65182023104317	26.649015114636143	27.41510190398792	23.284062750332765
26	22.16000967672112	27.01077434585628	27.65291816400183	23.17629781342077
27	22.237552019108897	26.97366433299182	27.67598482759359	23.112798820305688
28	22.33303417054785	26.853910703698176	27.67418636126933	23.138868764484645
29	22.083244279456878	27.055765158485585	27.7481521004841	23.112838461573443
30	22.251132131681782	27.089759660257418	27.66365229742998	22.99545591063082
31	22.632606789616798	27.09330650973663	27.414693448423083	22.859393252223484
32	22.079041030463955	27.21765191806237	27.756058137422006	22.94724891405167
33	22.163020823121016	27.005817003227584	27.872106178855315	22.959055994796092
34	22.17298326265563	26.791463377847307	28.048064037955005	22.987489321542057
35	22.10626538836154	27.057870093600854	27.87247478256809	22.963389735469512
36	22.275973245449947	27.410425962301805	27.707711093997254	22.60588969825099
37	22.373648174508684	27.144199975456733	27.506779217959366	22.97537263207522
38	22.231192197122805	27.490886872860486	27.549089759032064	22.72883117098464
39	22.314763861578065	27.275002472383626	27.753896608051456	22.65633705798685
40	22.31882073172545	27.093422392677226	27.738235481236938	22.849521394360387
41	22.375083707713028	27.200993671325058	27.748439711500613	22.6754829094613
42	22.226535866099006	27.31581361941294	27.73497025997812	22.722680254509935
43	22.32907958756394	27.06567482069896	27.682698730964017	22.922546860773085
44	22.212257318165275	27.42684620104956	27.710640861498455	22.650255619286714
45	22.26720122685058	27.335827801165703	27.6308373371729	22.76613363481082
46	22.404266488663122	27.37879676065451	27.513429852402915	22.70350689827945
47	22.262965123609792	27.471787582245327	27.62339804014117	22.641849254003716
48	22.1507505381142	27.39588964593781	27.621661108741595	22.831698707206396
49	22.357366134344314	27.24350636983919	27.686777092448366	22.71235040336813
50	22.282939389286213	27.43450874320598	27.61658400060629	22.665967866901518
51	22.379577639956242	27.384741836696445	27.577924344327045	22.657756179020268
52	22.337669370238963	27.391113297502166	27.52812408359627	22.74309324866259
53	22.284786184361323	27.281957231778726	27.681693223369898	22.751563360490056
54	22.42189498427536	27.55226516448551	27.56046214234949	22.465377708889633
55	22.40648852488692	27.29833130730197	27.49809769379365	22.79708247401746
56	22.472815132687728	27.508627589317403	27.413918310898016	22.60463896709685
57	22.274632263566236	27.379258496927257	27.55235785114059	22.79375138836592
58	22.293523331323478	27.265483386256417	27.5866198693641	22.854373413056006
59	22.20714424290102	27.43663465240771	27.618803653382663	22.73741745130861
60	22.35343379159083	27.404692455965485	27.624452696347902	22.61742105609578
61	22.533634641982488	27.415859915823066	27.476588684675164	22.57391675751928
62	22.487053772287283	27.516684449357893	27.42349114936175	22.572770628993073
63	22.435951501123576	27.57675640155448	27.433462956000277	22.55382914132166
64	22.4807319405911	27.277017237225458	27.391493156475498	22.850757665707942
65	22.3327851225358	27.40266625197189	27.580439789178925	22.684108836313385
66	22.409141900974117	27.508059455760186	27.368657824297273	22.714140818968424
67	22.43634043483708	27.351299160476806	27.427456066699857	22.784904337986255
68	22.463719208412304	27.5863864994052	27.52149834975657	22.42839594242593
69	22.68058842844155	27.463011701817713	27.429111240391013	22.42728862934972
70	22.75952689306349	27.340736452858515	27.337642371372805	22.562094282705182
71	22.581968155369026	27.61686745477042	27.29281970036451	22.508344689496038
72	22.571330494389283	27.75665349239247	27.489722687997986	22.18229332522026
73	23.265364428516353	28.34299445265458	27.50599785946466	20.88564325936441
74	24.477201735498376	30.69542729183607	27.68201227929794	17.145358693367616
75	29.926023679712486	41.00491654123357	29.06905977905394	0.0
>>END_MODULE
>>Per base GC content	fail
#Base	%GC
1	70.22649529254582
2	44.39421963075028
3	49.97940158393079
4	49.30462771296542
5	30.31221883692562
6	48.74583585613828
7	49.983625345479446
8	45.90937283001724
9	64.93932839362063
10	37.712496635137335
11	53.95489083294195
12	44.880745427222365
13	53.406226228710416
14	52.404548041346786
15	47.45254634214166
16	46.088033901648195
17	44.54002024172042
18	44.353826121681514
19	45.165621661811095
20	45.20583194077622
21	45.750173889420424
22	45.495075358116274
23	45.640829556761545
24	45.537383440816434
25	45.93588298137593
26	45.33630749014189
27	45.35035083941459
28	45.471902935032496
29	45.19608274103032
30	45.2465880423126
31	45.492000041840285
32	45.026289944515625
33	45.122076817917105
34	45.160472584197684
35	45.06965512383105
36	44.88186294370094
37	45.3490208065839
38	44.96002336810745
39	44.97110091956492
40	45.16834212608584
41	45.05056661717433
42	44.949216120608945
43	45.25162644833702
44	44.86251293745199
45	45.0333348616614
46	45.107773386942576
47	44.904814377613505
48	44.982449245320595
49	45.069716537712445
50	44.94890725618773
51	45.03733381897651
52	45.08076261890155
53	45.036349544851376
54	44.887272693164995
55	45.20357099890438
56	45.07745409978458
57	45.06838365193216
58	45.14789674437949
59	44.944561694209625
60	44.97085484768662
61	45.10755139950177
62	45.05982440128035
63	44.98978064244524
64	45.331489606299044
65	45.01689395884919
66	45.123282719942544
67	45.22124477282334
68	44.89211515083823
69	45.10787705779127
70	45.32162117576867
71	45.09031284486507
72	44.753623819609544
73	44.151007687880764
74	41.622560428865995
75	29.926023679712486
>>END_MODULE
>>Per sequence GC content	warn
#GC Content	Count
0	5215.0
1	2612.0
2	14.0
3	31.5
4	44.0
5	69.0
6	124.5
7	226.5
8	304.5
9	418.5
10	763.0
11	1409.0
12	1851.5
13	2582.0
14	4535.0
15	7736.0
16	10277.5
17	15184.0
18	25537.5
19	38813.0
20	48364.5
21	63888.5
22	93255.5
23	126212.5
24	148368.0
25	177370.0
26	226681.5
27	276676.5
28	308911.5
29	349002.5
30	412759.5
31	473780.5
32	513649.5
33	558726.0
34	634053.0
35	703354.0
36	742470.5
37	782592.0
38	826873.5
39	854078.5
40	872134.5
41	876877.5
42	873628.5
43	865099.5
44	861004.5
45	850558.5
46	824844.0
47	795804.5
48	780818.5
49	762837.0
50	729307.5
51	699088.0
52	682159.0
53	668637.0
54	644069.5
55	620197.0
56	607925.0
57	594024.0
58	564640.5
59	526002.0
60	492917.5
61	453557.0
62	403445.0
63	356931.0
64	321648.5
65	291111.5
66	248376.0
67	204454.5
68	173420.5
69	149854.0
70	121520.5
71	93999.0
72	75574.5
73	63962.5
74	51115.0
75	38958.5
76	31027.5
77	25874.5
78	20347.0
79	15428.5
80	12258.0
81	10209.0
82	7817.0
83	5446.0
84	4088.0
85	3374.0
86	2436.5
87	1534.0
88	1202.5
89	998.5
90	690.0
91	467.0
92	365.5
93	320.0
94	230.5
95	164.5
96	146.5
97	123.0
98	74.0
99	71.5
100	96.0
>>END_MODULE
>>Per base N content	pass
#Base	N-Count
1	0.06829479794771126
2	0.02631579744897387
3	0.02631579744897387
4	0.026341052532898028
5	0.02631579744897387
6	0.02631579744897387
7	0.02631579744897387
8	0.02631579744897387
9	0.02631579744897387
10	0.02631579744897387
11	0.02631579744897387
12	0.02631579744897387
13	0.02631579744897387
14	0.02631579744897387
15	0.02631579744897387
16	0.02631579744897387
17	0.02631579744897387
18	0.02631579744897387
19	0.02658350133856996
20	0.026613807439278946
21	0.026482481002873322
22	0.030801100353904542
23	0.02703304183241999
24	0.028189724676146482
25	0.028230132810425138
26	0.031144569495273108
27	0.029033244479213398
28	0.03640772898506788
29	0.033356914847029455
30	0.03540762766167118
31	0.04269624488218352
32	0.039993950902298486
33	0.04948986245778234
34	0.03526114817491106
35	0.04798465945590245
36	0.017644179651501175
37	0.01748452467965925
38	0.023335361594240368
39	0.013957665455334082
40	0.014734737310074091
41	0.021369767176260164
42	0.017050379469602663
43	0.029101922270537036
44	0.02171111208437562
45	0.013920201885478175
46	0.020738896682587434
47	0.018377335998249894
48	0.02085436317421877
49	0.02558453867278949
50	0.04362798694462848
51	0.02711936103246773
52	0.02619318665759369
53	0.02890258180102803
54	0.022709849765374022
55	0.017741845637577046
56	0.02233932966896841
57	0.02254619593385413
58	0.022969600406729247
59	0.0339933207939848
60	0.032570971228308716
61	0.027978558637492972
62	0.021226741128710497
63	0.030555535251544225
64	0.024163818732804605
65	0.020916232142095755
66	0.015339634078121597
67	0.022618207708987346
68	0.015348142449434898
69	0.018965693191409675
70	0.028333547878853022
71	0.05121756749508702
72	0.016971240032814923
73	0.01565329014514501
74	0.016086070157312782
75	0.016835808659243542
>>END_MODULE
>>Sequence Length Distribution	warn
#Length	Count
35	6765.0
36	2301.0
37	3505.0
38	4178.0
39	4849.0
40	5474.0
41	5966.0
42	6811.0
43	7890.0
44	9162.0
45	10053.0
46	11098.0
47	11836.0
48	12617.0
49	13169.0
50	13715.0
51	14639.0
52	15582.0
53	16942.0
54	18070.0
55	19078.0
56	20018.0
57	21054.0
58	21740.0
59	22524.0
60	23330.0
61	23749.0
62	24957.0
63	26015.0
64	28393.0
65	30462.0
66	30177.0
67	32669.0
68	33930.0
69	41892.0
70	55657.0
71	133206.0
72	481676.0
73	1387576.0
74	4303593.0
75	1.2841676E7
>>END_MODULE
>>Sequence Duplication Levels	warn
#Total Duplicate Percentage	34.534857876670046
#Duplication Level	Relative count
1	100.0
2	22.873913568324483
3	10.022332206663448
4	5.345394736842105
5	3.2728754225012073
6	2.082327378078223
7	1.375392322549493
8	0.9875965717044906
9	0.7001448575567358
10++	4.233311202317721
>>END_MODULE
>>Overrepresented sequences	pass
>>END_MODULE
>>Kmer Content	warn
#Sequence	Count	Obs/Exp Overall	Obs/Exp Max	Max Obs/Exp Position
AAAAA	6938255	3.5387373	7.1417427	71
TTTTT	6582925	3.1805844	5.683623	71
CCTGG	3207650	3.0778453	12.2611	3
CCAGG	3046960	2.955484	13.479253	3
CCCAG	2921025	2.8185415	12.294756	2
CTGGG	2859475	2.7581558	10.8399935	4
CCAGC	2726595	2.630933	6.9628067	3
GGAGG	2588180	2.53689	5.8643594	6
GCTGG	2627775	2.5346656	6.260789	3
CAGCA	3041290	2.5054884	6.922745	4
TGCTG	3026135	2.4524012	6.6352735	2
TCCAG	2983870	2.4317138	9.357979	2
CAGCC	2451260	2.3652582	5.7520747	5
CAGGA	2830665	2.3442054	10.3917885	4
CTCCA	2877770	2.3330066	7.06931	1
AGGAG	2795735	2.327426	7.450704	5
GGCTG	2390195	2.3055036	8.573685	7
CTGGA	2798120	2.2923007	8.685088	4
CTCCT	2856460	2.2907941	6.431855	1
AGCAG	2730140	2.260956	5.7758894	7
CTGCT	2801365	2.2583969	6.695731	9
TCCTG	2796665	2.254608	8.927078	2
GGCAG	2310260	2.2526584	6.5722694	7
CCTGC	2329710	2.2237656	6.449509	3
GCTGC	2316300	2.2225661	5.774395	8
CAGAG	2666365	2.208141	8.246012	4
CTGCC	2300660	2.1960368	5.9149733	9
GCAGG	2250695	2.1945786	6.6203895	3
CTGCA	2677590	2.18211	6.6530986	4
CCCTG	2282325	2.1785357	9.249475	2
GCCTG	2256750	2.1654258	7.739717	7
TGCAG	2627930	2.152876	6.6957464	2
CTCTG	2658245	2.1430168	7.6344886	2
TGGAG	2559010	2.107414	6.5020185	5
CAGGG	2154025	2.1003187	9.664901	4
AGCTG	2534610	2.0764256	6.1847916	7
GCCAG	2113460	2.0500095	5.5972304	2
CTGGC	2121905	2.0360377	5.6390524	4
CAGGC	2097910	2.0349262	6.399453	4
GGAGA	2423845	2.0178306	5.6607985	6
CACAG	2443305	2.0128539	7.362463	7
CAGAA	2855850	2.008701	5.5035605	4
GGGAG	2025940	1.9857919	5.4461627	7
CCCCA	2062205	1.9794673	7.0741677	1
CTGTG	2436665	1.9746906	9.251319	9
CTCAG	2379225	1.9389566	6.3176627	2
CTGAG	2347275	1.9229553	6.010746	4
TTCTG	2819445	1.9197185	5.1263027	2
CCAGA	2293170	1.889169	7.098921	3
GGCCA	1937635	1.8794631	6.4173656	1
TGGGG	1903485	1.8456724	6.0625253	5
CCTCT	2277975	1.8268666	5.5883145	1
TCTGG	2245225	1.8195462	6.398432	3
AGAGG	2149410	1.7893659	5.287841	5
CACTG	2192635	1.7868944	7.6545568	7
CAGTG	2181110	1.786828	6.763702	9
TGGCC	1855895	1.7807922	5.9466796	5
ACCTG	2184255	1.7800651	5.5558004	7
GCCCA	1776705	1.7143697	8.02148	1
CCTGA	2101465	1.712595	5.7312193	3
GAGAG	2037270	1.6960102	5.4781075	7
ACAGA	2398980	1.6873553	5.9676065	8
TCAGG	2018930	1.6539656	5.921572	3
GGCCT	1692115	1.62364	5.4123616	6
TGGGC	1676965	1.6175454	6.6436267	5
GGGCC	1412530	1.6131947	5.527365	6
CCTGT	1982670	1.5983834	5.758103	8
AGGCC	1647125	1.5976747	5.2013803	5
AGGTG	1935705	1.5941054	5.272693	7
AGCCT	1933560	1.5757605	5.5729146	6
ACAGG	1901595	1.5747993	5.0758953	8
CTTGG	1935110	1.5682269	5.011982	3
ACACA	2151925	1.505686	6.527142	6
GTGTG	1829490	1.4904104	6.7589707	1
AGGCT	1812490	1.4848439	5.2331305	6
CACAC	1804990	1.4792334	7.035767	5
TGTGT	2137785	1.4632233	5.795941	10
CCTTG	1810550	1.4596242	5.047616	2
ACAGC	1762115	1.4516729	5.734209	8
GCTGT	1784435	1.4461188	5.373627	8
GACAG	1743845	1.4441593	7.3463097	7
GCCCT	1511770	1.4430219	5.9788995	1
CTGTC	1785105	1.4391111	5.992581	9
GGGCT	1487135	1.4344416	6.142291	6
AGAGC	1660405	1.3750588	5.2263293	5
AGGGC	1408735	1.373611	5.902688	5
AGACA	1943550	1.3670225	5.6116333	6
GGACA	1534620	1.2708904	6.381971	6
ACTGC	1525920	1.243553	5.365549	8
GTCCT	1538295	1.2401384	7.424502	1
GTGCT	1507430	1.2216319	5.7892723	1
AGGAC	1432360	1.1862041	7.899638	5
GTCCA	1439570	1.1731818	6.5785	1
TGTGC	1440065	1.1670388	5.8648973	10
AGCAC	1410300	1.1618392	5.7310376	5
TGGAC	1322920	1.0837742	6.112536	5
GTGCA	1320545	1.0818285	5.8881483	1
ACAGT	1533645	1.0670942	5.8295565	8
TGCAC	1304045	1.0627353	5.616555	5
GACTG	1286910	1.0542737	6.375755	7
ACTGT	1531080	1.0538379	6.5728493	8
GCACT	1245915	1.0153621	5.067479	6
AGACT	1454135	1.0117722	5.5032306	6
GGACC	1030500	0.9995622	5.2526445	6
GGACT	1170355	0.9587885	5.475132	6
ACACT	1364695	0.94458455	5.168052	6
GTGTA	922725	0.6384412	5.696455	1
>>END_MODULE
