##FastQC	0.10.1
>>Basic Statistics	pass
#Measure	Value	
Filename	018-F0_S3_L001_R2_001_trimmed.fq.gz	
File type	Conventional base calls	
Encoding	Sanger / Illumina 1.9	
Total Sequences	18592713	
Filtered Sequences	0	
Sequence length	20-50	
%GC	44	
>>END_MODULE
>>Per base sequence quality	pass
#Base	Mean	Median	Lower Quartile	Upper Quartile	10th Percentile	90th Percentile
1	35.03450959523766	36.0	36.0	36.0	36.0	36.0
2	35.02646015135069	36.0	36.0	36.0	36.0	36.0
3	35.01243110674596	36.0	36.0	36.0	36.0	36.0
4	35.00233123589871	36.0	36.0	36.0	36.0	36.0
5	34.986915411430275	36.0	36.0	36.0	36.0	36.0
6	34.97203124686537	36.0	36.0	36.0	36.0	36.0
7	34.962874541224835	36.0	36.0	36.0	36.0	36.0
8	34.953390503042776	36.0	36.0	36.0	36.0	36.0
9	34.934588997313085	36.0	36.0	36.0	36.0	36.0
10	34.92234366227242	36.0	36.0	36.0	36.0	36.0
11	34.91115250367174	36.0	36.0	36.0	36.0	36.0
12	34.89577459728443	36.0	36.0	36.0	36.0	36.0
13	34.88944873187684	36.0	36.0	36.0	36.0	36.0
14	34.88378602950522	36.0	36.0	36.0	36.0	36.0
15	34.87290811190384	36.0	36.0	36.0	36.0	36.0
16	34.847347291382384	36.0	36.0	36.0	36.0	36.0
17	34.838668837624716	36.0	36.0	36.0	36.0	36.0
18	34.8238359834845	36.0	36.0	36.0	36.0	36.0
19	34.79865552703363	36.0	36.0	36.0	36.0	36.0
20	34.805642780588286	36.0	36.0	36.0	36.0	36.0
21	34.79319270586465	36.0	36.0	36.0	36.0	36.0
22	34.7836442171135	36.0	36.0	36.0	36.0	36.0
23	34.77831987080632	36.0	36.0	36.0	36.0	36.0
24	34.76071914065768	36.0	36.0	36.0	36.0	36.0
25	34.752805321138105	36.0	36.0	36.0	36.0	36.0
26	34.73322970225349	36.0	36.0	36.0	36.0	36.0
27	34.725424278483295	36.0	36.0	36.0	36.0	36.0
28	34.714223214191385	36.0	36.0	36.0	36.0	36.0
29	34.706450387258634	36.0	36.0	36.0	36.0	36.0
30	34.68721558105488	36.0	36.0	36.0	36.0	36.0
31	34.67284167000651	36.0	36.0	36.0	36.0	36.0
32	34.65643559095268	36.0	36.0	36.0	36.0	36.0
33	34.63313806420884	36.0	36.0	36.0	32.0	36.0
34	34.61708340936134	36.0	36.0	36.0	32.0	36.0
35	34.58205535767179	36.0	36.0	36.0	32.0	36.0
36	34.57729599915969	36.0	36.0	36.0	32.0	36.0
37	34.57129388340542	36.0	36.0	36.0	32.0	36.0
38	34.55374947759141	36.0	36.0	36.0	32.0	36.0
39	34.53213038253384	36.0	36.0	36.0	32.0	36.0
40	34.52483649617995	36.0	36.0	36.0	32.0	36.0
41	34.50030239507063	36.0	36.0	36.0	32.0	36.0
42	34.48544692333222	36.0	36.0	36.0	32.0	36.0
43	34.46557869029181	36.0	36.0	36.0	32.0	36.0
44	34.44590840410694	36.0	36.0	36.0	32.0	36.0
45	34.44304714847414	36.0	36.0	36.0	32.0	36.0
46	34.43492476767508	36.0	36.0	36.0	32.0	36.0
47	34.438151219864665	36.0	36.0	36.0	32.0	36.0
48	34.46794217643787	36.0	36.0	36.0	32.0	36.0
49	34.540552201470945	36.0	36.0	36.0	32.0	36.0
50	34.6642506228389	36.0	36.0	36.0	32.0	36.0
>>END_MODULE
>>Per sequence quality scores	pass
#Quality	Count
2	1.0
3	0.0
4	3.0
5	2.0
6	3.0
7	9.0
8	20.0
9	49.0
10	94.0
11	59.0
12	97.0
13	75.0
14	860.0
15	1709.0
16	3050.0
17	5442.0
18	8959.0
19	14491.0
20	22425.0
21	32082.0
22	44855.0
23	60916.0
24	80825.0
25	106488.0
26	137278.0
27	174058.0
28	218393.0
29	271239.0
30	336864.0
31	428961.0
32	574053.0
33	843900.0
34	1621088.0
35	7605402.0
36	5998963.0
>>END_MODULE
>>Per base sequence content	pass
#Base	G	A	T	C
1	22.245531013107335	26.874752620867447	27.664370407434475	23.215345958590746
2	22.327822287530882	26.878863041229174	27.883173753519984	22.91014091771996
3	22.18010850633233	26.99167898666321	27.860495577441274	22.967716929563185
4	22.437775475083164	26.592823858115523	28.137993501954767	22.83140716484655
5	22.513466545685137	26.71605072403357	27.688578701908362	23.08190402837293
6	22.00475608305777	27.100841364443212	27.892655879893386	23.00174667260563
7	22.06409187171428	27.133495759992936	27.87226848956868	22.930143878724106
8	22.17976654060668	26.965545867869217	27.794369368266953	23.060318223257156
9	22.018479548760382	27.08048228576605	27.947252744415408	22.95378542105816
10	22.07058738481488	27.162641352860867	27.882036365467105	22.88473489685715
11	22.625664683720572	27.069034913581635	27.61077040029506	22.69453000240273
12	21.93150483924548	27.352941113189978	27.988253448059226	22.72730059950532
13	22.077765676931207	27.154900326507708	28.135515329683287	22.6318186668778
14	22.157198240318447	26.84706832425288	28.24708003911192	22.748653396316747
15	21.983376700217168	27.201748122449253	28.111196724287474	22.703678453046102
16	22.105522814529806	27.47446474312737	28.044326411083347	22.375686031259477
17	22.25837919922785	27.145213562836005	27.67283540625446	22.923571831681688
18	22.15944443243007	27.586860421566783	27.6658970653692	22.587798080633945
19	22.302703067315502	27.336569337839762	27.900606440204445	22.46012115464029
20	22.407742355804416	27.02183751586921	27.849989408873117	22.720430719453258
21	22.323727833456648	27.257764080989645	27.936053349208716	22.482454736344994
22	22.112203325482128	27.494813414111686	27.983753160809403	22.409230099596783
23	22.224150352455975	27.233970155563803	27.86936156719959	22.67251792478063
24	22.0843844024084	27.60885527674818	27.880321482484533	22.42643883835889
25	22.145231082011044	27.512644299635625	27.796567700285284	22.545556918068048
26	22.307624422967358	27.391378783021885	27.674860735651457	22.6261360583593
27	22.30623875828939	27.498823727595884	27.76168515393741	22.433252360177317
28	22.066030298914797	27.48560130075774	27.748542787795415	22.699825612532052
29	22.408943134192306	27.27310401427239	27.73769438957625	22.58025846195905
30	22.167280591866362	27.64498467182821	27.71203880461277	22.475695931692655
31	22.2276333303136	27.582612956911618	27.735988507763448	22.453765205011333
32	22.272465384936023	27.558601025466555	27.633335945198528	22.53559764439889
33	22.089565537649193	27.41353401006692	27.926935282865834	22.569965169418058
34	22.25426298005622	27.762347735110964	27.760485718716488	22.222903566116326
35	22.26181070904998	27.337966332947914	27.73197656797151	22.668246390030593
36	22.33692353135097	27.652114122541562	27.532254026505598	22.478708319601875
37	22.19581199418848	27.561761642181736	27.66065005002022	22.58177631360956
38	22.2633513198416	27.431676308353897	27.55785149717157	22.747120874632934
39	22.150418043176927	27.522910126757928	27.682143963703336	22.64452786636181
40	22.147499926240936	27.5443195457655	27.88219395572747	22.425986572266098
41	22.44612310708409	27.46840765753072	27.636312600357837	22.449156635027357
42	22.341383450058252	27.638362396594157	27.667372857418513	22.352881295929077
43	22.31825500281966	27.7560179649962	27.575910460205883	22.349816571978256
44	22.3561910159171	27.45720932756488	27.48866490516918	22.697934751348843
45	22.2377224515076	27.669025948212926	27.647116359801714	22.44613524047776
46	22.24303147451456	27.89805223700343	27.450785709502444	22.408130578979566
47	22.3897157233138	27.590472198253313	27.501534744620997	22.51827733381189
48	22.31999104427959	28.035744897819164	27.697061705373066	21.947202352528176
49	22.509175747819146	28.246999321206783	27.781396766100702	21.46242816487337
50	22.543197649419003	27.983788496976462	27.7297230329624	21.743290820642137
>>END_MODULE
>>Per base GC content	pass
#Base	%GC
1	45.46087697169808
2	45.23796320525085
3	45.14782543589552
4	45.26918263992971
5	45.595370574058066
6	45.006502755663405
7	44.994235750438385
8	45.240084763863834
9	44.97226496981854
10	44.955322281672025
11	45.3201946861233
12	44.6588054387508
13	44.709584343809006
14	44.90585163663519
15	44.68705515326327
16	44.48120884578928
17	45.18195103090953
18	44.747242513064016
19	44.762824221955796
20	45.12817307525768
21	44.80618256980164
22	44.52143342507891
23	44.89666827723661
24	44.51082324076729
25	44.69078800007909
26	44.93376048132666
27	44.73949111846671
28	44.76585591144685
29	44.989201596151354
30	44.642976523559014
31	44.68139853532493
32	44.80806302933491
33	44.65953070706725
34	44.47716654617255
35	44.93005709908057
36	44.81563185095284
37	44.77758830779804
38	45.01047219447454
39	44.79494590953873
40	44.57348649850703
41	44.89527974211144
42	44.694264745987326
43	44.66807157479792
44	45.05412576726594
45	44.68385769198536
46	44.651162053494126
47	44.90799305712569
48	44.26719339680777
49	43.971603912692515
50	44.28648847006114
>>END_MODULE
>>Per sequence GC content	warn
#GC Content	Count
0	5469.0
1	4535.0
2	3295.5
3	3330.0
4	3734.0
5	4381.0
6	5144.5
7	6078.0
8	7025.5
9	8791.0
10	10744.0
11	14359.5
12	18105.5
13	24156.5
14	31351.0
15	43528.5
16	56698.5
17	75957.0
18	96762.0
19	124590.0
20	152930.0
21	187894.0
22	224060.0
23	266765.5
24	311852.0
25	354324.5
26	403335.5
27	460782.0
28	521499.0
29	586820.0
30	652402.0
31	721319.0
32	794990.0
33	868315.0
34	940830.5
35	1003502.5
36	1060455.5
37	1100808.0
38	1132088.5
39	1151165.5
40	1168503.0
41	1177117.5
42	1183460.0
43	1177199.5
44	1164902.0
45	1138683.0
46	1112305.5
47	1085462.0
48	1057082.0
49	1026488.0
50	996452.5
51	969858.5
52	941076.0
53	911371.5
54	882450.0
55	851099.0
56	815836.0
57	775467.5
58	734697.5
59	685778.0
60	634668.5
61	581637.5
62	528434.5
63	482673.0
64	428778.5
65	379179.0
66	332227.5
67	288404.5
68	245684.5
69	208278.5
70	175071.0
71	147312.0
72	122653.5
73	101434.0
74	82157.5
75	67812.5
76	56648.0
77	46306.5
78	37194.5
79	30426.5
80	24352.0
81	19735.0
82	15807.0
83	12784.5
84	10060.5
85	8050.0
86	6214.0
87	4761.5
88	3754.5
89	2993.0
90	2287.5
91	1881.5
92	1568.5
93	1361.5
94	1169.0
95	1104.0
96	1051.0
97	1102.0
98	1717.5
99	5613.0
100	8950.0
>>END_MODULE
>>Per base N content	pass
#Base	N-Count
1	0.0016135353673237466
2	0.003539020905663418
3	0.005308531358495126
4	0.00520634078523129
5	0.0018448087699734837
6	0.0073362074700986345
7	0.0028344437952653816
8	0.006991986591736236
9	0.012499520645534622
10	0.006018486920117575
11	0.007271666055405685
12	0.007449154945811298
13	0.004351167040549704
14	0.00505574415094774
15	0.0071963677382639105
16	0.007309315213976573
17	0.008374248556410245
18	0.020798470884803095
19	0.011251719961470926
20	0.009030419605788568
21	0.02083586537630348
22	0.02533447650018563
23	0.01885413343582966
24	0.017711388552355715
25	0.016798977066533455
26	0.011932893559076068
27	0.015230218225104791
28	0.027637038616273455
29	0.00569517935611387
30	0.005625996055177554
31	0.007693742714392666
32	0.013246336895126143
33	0.016585317555945733
34	0.011673097790093678
35	0.017360889923045054
36	0.010328678144423946
37	0.01602716170594382
38	0.022168199330734644
39	0.011799822397262705
40	0.01182211097576583
41	0.006077737578761954
42	0.009364661180079111
43	0.005280342605951796
44	0.009253078264051211
45	0.008665608831280484
46	0.010482462110738834
47	0.006474534845137219
48	0.014073600148595364
49	0.006793203700662207
50	0.008584636181669738
>>END_MODULE
>>Sequence Length Distribution	warn
#Length	Count
20	14171.0
21	14906.0
22	15979.0
23	17207.0
24	17418.0
25	17937.0
26	18669.0
27	19311.0
28	20470.0
29	22128.0
30	22948.0
31	24227.0
32	25818.0
33	25906.0
34	27385.0
35	28394.0
36	28289.0
37	29801.0
38	31984.0
39	34256.0
40	36669.0
41	41593.0
42	47052.0
43	59412.0
44	98604.0
45	184574.0
46	492626.0
47	1066805.0
48	2153050.0
49	2912140.0
50	1.1042984E7
>>END_MODULE
>>Sequence Duplication Levels	warn
#Total Duplicate Percentage	38.15359838162438
#Duplication Level	Relative count
1	100.0
2	25.449161221686765
3	11.209380979223068
4	6.076676961185166
5	3.692529990393547
6	2.402407170701112
7	1.5949887660074469
8	1.133720237858952
9	0.8749017521852696
10++	6.35057995982756
>>END_MODULE
>>Overrepresented sequences	pass
>>END_MODULE
>>Kmer Content	warn
#Sequence	Count	Obs/Exp Overall	Obs/Exp Max	Max Obs/Exp Position
AAAAA	5365750	4.202182	5.202575	46
TTTTT	4548955	3.306513	4.0002	13
>>END_MODULE
