##FastQC	0.10.1
>>Basic Statistics	pass
#Measure	Value	
Filename	032-F0_S5_L002_R1_001_trimmed.fq.gz	
File type	Conventional base calls	
Encoding	Sanger / Illumina 1.9	
Total Sequences	31138577	
Filtered Sequences	0	
Sequence length	20-51	
%GC	44	
>>END_MODULE
>>Per base sequence quality	pass
#Base	Mean	Median	Lower Quartile	Upper Quartile	10th Percentile	90th Percentile
1	35.08198749737343	36.0	36.0	36.0	36.0	36.0
2	35.076560627674155	36.0	36.0	36.0	36.0	36.0
3	35.062049174565686	36.0	36.0	36.0	36.0	36.0
4	35.04045477094217	36.0	36.0	36.0	36.0	36.0
5	35.03286055750075	36.0	36.0	36.0	36.0	36.0
6	34.97584777236288	36.0	36.0	36.0	36.0	36.0
7	34.94880026148915	36.0	36.0	36.0	36.0	36.0
8	34.948044575061985	36.0	36.0	36.0	36.0	36.0
9	34.92579558147439	36.0	36.0	36.0	36.0	36.0
10	34.920205152598975	36.0	36.0	36.0	36.0	36.0
11	34.88435951970445	36.0	36.0	36.0	36.0	36.0
12	34.86267069943498	36.0	36.0	36.0	36.0	36.0
13	34.84188872856971	36.0	36.0	36.0	36.0	36.0
14	34.8272000355058	36.0	36.0	36.0	32.0	36.0
15	34.814249540048024	36.0	36.0	36.0	32.0	36.0
16	34.80321907452611	36.0	36.0	36.0	32.0	36.0
17	34.79987277517531	36.0	36.0	36.0	32.0	36.0
18	34.78272436791187	36.0	36.0	36.0	32.0	36.0
19	34.7848833939971	36.0	36.0	36.0	32.0	36.0
20	34.78480673667265	36.0	36.0	36.0	32.0	36.0
21	34.766907179218336	36.0	36.0	36.0	32.0	36.0
22	34.755353851571904	36.0	36.0	36.0	32.0	36.0
23	34.746245250691274	36.0	36.0	36.0	32.0	36.0
24	34.739714682258324	36.0	36.0	36.0	32.0	36.0
25	34.725958860059976	36.0	36.0	36.0	32.0	36.0
26	34.70965513914946	36.0	36.0	36.0	32.0	36.0
27	34.69266836895073	36.0	36.0	36.0	32.0	36.0
28	34.663328514780645	36.0	36.0	36.0	32.0	36.0
29	34.658865865843055	36.0	36.0	36.0	32.0	36.0
30	34.64589613472474	36.0	36.0	36.0	32.0	36.0
31	34.617058597259565	36.0	36.0	36.0	32.0	36.0
32	34.603275544442134	36.0	36.0	36.0	32.0	36.0
33	34.57512904176104	36.0	36.0	36.0	32.0	36.0
34	34.56370671552833	36.0	36.0	36.0	32.0	36.0
35	34.543505698437876	36.0	36.0	36.0	32.0	36.0
36	34.528461153858785	36.0	36.0	36.0	32.0	36.0
37	34.51370916152849	36.0	36.0	36.0	32.0	36.0
38	34.481263728869756	36.0	36.0	36.0	32.0	36.0
39	34.47373491424136	36.0	36.0	36.0	32.0	36.0
40	34.44745409407004	36.0	36.0	36.0	32.0	36.0
41	34.43053970339648	36.0	36.0	36.0	32.0	36.0
42	34.413736788585545	36.0	36.0	36.0	32.0	36.0
43	34.390510152629716	36.0	36.0	36.0	32.0	36.0
44	34.36139885665464	36.0	36.0	36.0	32.0	36.0
45	34.339875467610575	36.0	36.0	36.0	32.0	36.0
46	34.32652338501836	36.0	36.0	36.0	32.0	36.0
47	34.33379240201089	36.0	36.0	36.0	32.0	36.0
48	34.32856507677936	36.0	36.0	36.0	32.0	36.0
49	34.35764969804816	36.0	36.0	36.0	32.0	36.0
50	34.4284884379151	36.0	36.0	36.0	32.0	36.0
51	34.52805638155443	36.0	36.0	36.0	32.0	36.0
>>END_MODULE
>>Per sequence quality scores	pass
#Quality	Count
11	3.0
12	1.0
13	5.0
14	17.0
15	67.0
16	237.0
17	857.0
18	2087.0
19	5336.0
20	11709.0
21	22381.0
22	38232.0
23	60751.0
24	93257.0
25	139922.0
26	203594.0
27	284941.0
28	388391.0
29	512043.0
30	666966.0
31	872092.0
32	1178626.0
33	1762208.0
34	3435190.0
35	1.4230947E7
36	7228717.0
>>END_MODULE
>>Per base sequence content	pass
#Base	G	A	T	C
1	22.053036577536947	27.296893782008198	27.693855614799812	22.95621402565505
2	22.017122702790644	27.356794675871466	27.962526312246734	22.663556309091156
3	21.957642179533543	27.410397220861547	27.85470148903108	22.777259110573826
4	22.1647619058324	27.03028000490073	28.177205461907644	22.62775262735922
5	22.21721516865326	27.134330893839888	27.788197780257395	22.86025615724946
6	21.65874089061363	27.57722710089373	28.00243724116837	22.76159476732427
7	21.689719380289052	27.566408647000447	28.074194279068017	22.66967769364249
8	21.859614837800397	27.405320806534395	27.989156911978863	22.745907443686345
9	21.64955154975452	27.524847609262565	28.124409563071772	22.701191277911136
10	21.793057349123245	27.578723923695332	28.049148124082258	22.579070603099165
11	22.29487120691562	27.592391408373317	27.731681684401348	22.38105570030971
12	21.636367653645213	27.77841222539596	28.12150208563771	22.46371803532112
13	21.67626092617704	27.57968189672935	28.309595612623827	22.43446156446978
14	21.751967931796457	27.26766554095664	28.488108426574676	22.49225810067223
15	21.608179681483286	27.580823277969863	28.29374726604727	22.517249774499582
16	21.75032454852164	27.964374956784937	28.17973650157392	22.105563993119503
17	21.86933793030445	27.697483227684188	27.87070145175082	22.562477390260547
18	21.773241644063468	28.136684907875352	27.845997558860862	22.244075889200314
19	21.911459409023074	27.80945846593003	28.122690219306868	22.156391905740026
20	22.013418486540004	27.549681847661656	28.07133061011353	22.36556905568481
21	22.038996367668283	27.675726930906354	28.11375626283213	22.171520438593237
22	21.780240578217786	27.878072518982016	28.165531068083588	22.176155834716614
23	21.869474263158306	27.628863010147754	28.099208060005715	22.40245466668823
24	21.73801216809054	27.971995337673427	28.075498316709957	22.214494177526074
25	21.797894844925754	27.95453947371607	27.93935389107549	22.30821179028268
26	21.953424336991887	27.889766389760716	27.87739415442754	22.279415118819852
27	21.876053687335478	27.991533173569717	28.0153640097912	22.117049129303606
28	21.646130169894665	27.954300540936394	28.01163378246912	22.387935506699826
29	21.957498662325335	27.738434787215745	28.081130122615473	22.222936427843447
30	21.83543728599617	28.030772167183148	27.921298454221937	22.212492092598737
31	21.911894711886816	27.97798532165873	27.97093722691279	22.139182739541667
32	21.904312306181982	27.976252059450246	27.876139702220225	22.243295932147547
33	21.787537321816487	27.75996277223676	28.14037915667559	22.312120749271163
34	21.93925741232942	28.138570307134547	27.9583873246527	21.963784955883327
35	21.9182587825239	27.759951410227863	27.951934937570826	22.369854869677408
36	22.05596917601476	28.027652899924067	27.73689010409984	22.179487819961338
37	21.79686113829346	27.93733657387582	27.942539601959133	22.32326268587159
38	21.837154548389147	27.8192096667348	27.944428234102393	22.39920755077366
39	21.749693267603405	27.924894896736234	27.97304207695783	22.352369758702526
40	21.80989451020264	27.902978548521418	28.129939607345467	22.157187333930477
41	22.09295492549626	27.880750810748108	27.91938619463073	22.1069080691249
42	22.03498239276506	27.95815760229014	27.912995208793923	22.09386479615088
43	21.95637265579015	28.130361128668024	27.859242446307757	22.054023769234064
44	22.00446654662373	27.804541018119476	27.791625161389543	22.39936727386725
45	21.900971241329707	27.95956876716708	27.968139582816303	22.17132040868691
46	21.897804190868783	28.17683378347853	27.738157990842666	22.187204034810023
47	21.934767043430945	27.897653830666375	27.87104832268999	22.29653080321269
48	21.96464601602355	28.237918320800137	28.011063719325886	21.786371943850426
49	22.17047013729258	28.209370483642402	28.004156573003097	21.616002806061918
50	22.290856369090193	28.400151518660856	27.977209457004548	21.331782655244403
51	21.725970057517987	28.930838925662528	28.123244110345606	21.21994690647388
>>END_MODULE
>>Per base GC content	pass
#Base	%GC
1	45.009250603191994
2	44.6806790118818
3	44.73490129010737
4	44.79251453319162
5	45.07747132590272
6	44.4203356579379
7	44.35939707393154
8	44.60552228148674
9	44.350742827665655
10	44.37212795222241
11	44.675926907225325
12	44.10008568896633
13	44.11072249064682
14	44.24422603246869
15	44.12542945598287
16	43.85588854164114
17	44.431815320565
18	44.01731753326378
19	44.067851314763104
20	44.37898754222481
21	44.210516806261516
22	43.9563964129344
23	44.27192892984654
24	43.95250634561661
25	44.106106635208434
26	44.23283945581174
27	43.99310281663909
28	44.03406567659449
29	44.180435090168785
30	44.047929378594915
31	44.05107745142848
32	44.14760823832953
33	44.09965807108765
34	43.903042368212745
35	44.288113652201304
36	44.235456995976094
37	44.12012382416505
38	44.236362099162804
39	44.10206302630593
40	43.96708184413312
41	44.19986299462116
42	44.128847188915934
43	44.01039642502422
44	44.40383382049098
45	44.072291650016616
46	44.085008225678806
47	44.231297846643635
48	43.75101795987397
49	43.7864729433545
50	43.622639024334596
51	42.94591696399186
>>END_MODULE
>>Per sequence GC content	warn
#GC Content	Count
0	11082.0
1	10436.5
2	8068.0
3	6706.5
4	7216.0
5	8483.5
6	9842.5
7	11933.5
8	14127.0
9	17896.0
10	21895.0
11	29256.5
12	36664.0
13	49296.0
14	63018.5
15	85857.5
16	109482.5
17	144313.5
18	180044.5
19	227691.5
20	276077.0
21	337003.0
22	399295.0
23	472498.0
24	547257.0
25	623143.0
26	768274.0
27	862982.0
28	967064.0
29	1074580.5
30	1186063.0
31	1297939.5
32	1413356.5
33	1531895.5
34	1638230.0
35	1739174.0
36	1809017.0
37	1870824.5
38	1899676.5
39	1928270.0
40	1932116.0
41	1930026.0
42	1916709.0
43	1895872.5
44	1854321.0
45	1808184.5
46	1757792.5
47	1706104.0
48	1655067.0
49	1604241.0
50	1557425.5
51	1512167.5
52	1471060.5
53	1429870.5
54	1390855.0
55	1348172.0
56	1299009.0
57	1247635.0
58	1186112.5
59	1114709.5
60	1039411.5
61	959524.5
62	875410.5
63	796297.0
64	711037.5
65	627197.5
66	552109.5
67	479302.0
68	410684.5
69	344311.5
70	293171.0
71	245222.0
72	204549.0
73	166562.5
74	135382.0
75	100147.5
76	83220.0
77	68883.0
78	55105.5
79	44279.0
80	34660.0
81	28300.5
82	22573.5
83	18135.0
84	14069.5
85	11211.5
86	8586.5
87	6786.0
88	5105.0
89	3911.0
90	2825.0
91	2259.0
92	1791.5
93	1484.5
94	1179.0
95	1019.0
96	877.5
97	776.0
98	676.5
99	909.0
100	1159.0
>>END_MODULE
>>Per base N content	pass
#Base	N-Count
1	2.1516718634894587E-4
2	1.1240076898825531E-4
3	1.926870325512948E-5
4	0.001194659601818028
5	9.056290529910857E-4
6	2.922419993694638E-4
7	0.003301371157712184
8	6.904618666421397E-4
9	0.005388814010351212
10	9.57012261671431E-4
11	0.0023283016433281456
12	0.0012171397556156789
13	0.0016474741283135706
14	0.003828049046685724
15	1.734183292961653E-4
16	0.0022672840830202357
17	0.004987382692536014
18	0.0021035001053516353
19	0.0019589848309381637
20	6.165985041641434E-4
21	0.010267543773361556
22	0.010509862859483327
23	0.006146533751203133
24	0.0011223205202278118
25	0.0016693206820566624
26	0.0026993827109806816
27	0.014411030225841106
28	0.002385721663299212
29	0.004324003419468651
30	0.00413907177104931
31	0.0058817515856221985
32	0.00935651726938069
33	0.012624911620716411
34	0.005398976859507163
35	0.0012563221624643673
36	0.0027048346108664873
37	6.783648824594534E-4
38	0.0027323268118940166
39	3.075748034324157E-4
40	0.007041374073097089
41	0.007896629661296405
42	0.004492043368212762
43	1.6708489687202703E-5
44	0.0018704680118795502
45	0.0014974306445648146
46	7.784654786944999E-5
47	1.0261830256944942E-5
48	8.868577812338641E-4
49	0.003702514130887138
50	0.0013654814921082949
51	3.814188640071201E-5
>>END_MODULE
>>Sequence Length Distribution	warn
#Length	Count
20	30845.0
21	32160.0
22	33686.0
23	34701.0
24	36503.0
25	37684.0
26	39995.0
27	42799.0
28	45418.0
29	49098.0
30	50549.0
31	52708.0
32	54197.0
33	55410.0
34	57013.0
35	58812.0
36	59861.0
37	63296.0
38	67295.0
39	71980.0
40	75781.0
41	80171.0
42	83708.0
43	92801.0
44	114536.0
45	172265.0
46	310754.0
47	819623.0
48	1757366.0
49	3515542.0
50	4789493.0
51	1.8352527E7
>>END_MODULE
>>Sequence Duplication Levels	warn
#Total Duplicate Percentage	40.04270722373456
#Duplication Level	Relative count
1	100.0
2	24.328214576530485
3	12.000427705442553
4	7.0727675009664495
5	4.368353087293036
6	3.067964039842407
7	2.108916835966738
8	1.5759300537099334
9	1.26584360785991
10++	8.713675881525592
>>END_MODULE
>>Overrepresented sequences	pass
>>END_MODULE
>>Kmer Content	warn
#Sequence	Count	Obs/Exp Overall	Obs/Exp Max	Max Obs/Exp Position
AAAAA	10307275	4.37923	5.3686337	47
TTTTT	9380610	3.8510962	4.4865475	13
CCTGG	2906435	3.0709207	3.8331335	9
>>END_MODULE
