##FastQC	0.10.1
>>Basic Statistics	pass
#Measure	Value	
Filename	029-F0_S5_L002_R2_001.fastq.gz	
File type	Conventional base calls	
Encoding	Sanger / Illumina 1.9	
Total Sequences	20553818	
Filtered Sequences	0	
Sequence length	35-76	
%GC	45	
>>END_MODULE
>>Per base sequence quality	pass
#Base	Mean	Median	Lower Quartile	Upper Quartile	10th Percentile	90th Percentile
1	31.32901921190506	32.0	32.0	32.0	32.0	32.0
2	31.10665998891301	32.0	32.0	32.0	32.0	32.0
3	31.148796247976897	32.0	32.0	32.0	32.0	32.0
4	31.181468182699682	32.0	32.0	32.0	32.0	32.0
5	31.149261125110673	32.0	32.0	32.0	32.0	32.0
6	34.836115849619766	36.0	36.0	36.0	36.0	36.0
7	34.816518225470325	36.0	36.0	36.0	36.0	36.0
8	34.7271776465083	36.0	36.0	36.0	32.0	36.0
9	34.86421174888286	36.0	36.0	36.0	36.0	36.0
10-14	34.747927358313675	36.0	36.0	36.0	33.6	36.0
15-19	34.646616779422686	36.0	36.0	36.0	32.0	36.0
20-24	34.57552221198027	36.0	36.0	36.0	32.0	36.0
25-29	34.4886759822433	36.0	36.0	36.0	32.0	36.0
30-34	34.403218078509795	36.0	36.0	36.0	32.0	36.0
35-39	34.36652231570603	36.0	36.0	36.0	32.0	36.0
40-44	34.27509849920057	36.0	36.0	36.0	32.0	36.0
45-49	34.13678314113629	36.0	36.0	36.0	32.0	36.0
50-54	33.98212660696821	36.0	36.0	36.0	32.0	36.0
55-59	33.8102739120702	36.0	36.0	36.0	30.0	36.0
60-64	33.6504434273759	36.0	36.0	36.0	27.0	36.0
65-69	33.52308425303448	36.0	36.0	36.0	27.0	36.0
70-74	33.38338396126942	36.0	36.0	36.0	27.0	36.0
75-76	32.42385113306589	36.0	34.0	36.0	20.5	36.0
>>END_MODULE
>>Per sequence quality scores	pass
#Quality	Count
2	51053.0
3	97.0
4	1236.0
5	3590.0
6	1218.0
7	789.0
8	612.0
9	143.0
10	171.0
11	168.0
12	180.0
13	219.0
14	1884.0
15	6383.0
16	10245.0
17	15166.0
18	21621.0
19	29157.0
20	36572.0
21	46742.0
22	61518.0
23	82850.0
24	115351.0
25	157417.0
26	210804.0
27	273071.0
28	345109.0
29	432743.0
30	540638.0
31	693652.0
32	938214.0
33	1443855.0
34	3090420.0
35	1.194093E7
>>END_MODULE
>>Per base sequence content	fail
#Base	G	A	T	C
1	43.24336053935096	18.413993386552207	12.386068213453697	25.956577860643133
2	16.361558929486332	18.948686511081597	38.460173055457176	26.2295815039749
3	20.05326621248822	21.18878874166316	28.265186974863386	30.492758070985232
4	13.504571142003655	14.824745007426806	36.3031863914477	35.367497459121836
5	15.30866790380267	34.5311461190219	34.966141827642375	15.194044149533054
6	34.30086797374043	34.989304332396514	16.677974123790758	14.031853570072302
7	30.23285850823349	29.31035533963014	20.924410305661393	19.532375846474977
8	26.089556970900873	35.586702907961495	19.968275453351527	18.355464667786098
9	24.92383031211826	16.2300625832822	20.349907087885168	38.496200016714376
10-14	24.16246567859025	23.2081326128988	28.43003585788416	24.19936585062679
15-19	22.573258676247086	28.209855804335078	26.359456071361848	22.857429448055992
20-24	22.639058653306794	26.917419678886358	27.618564103895533	22.824957563911322
25-29	22.495051299804185	27.041996962316635	27.482422397286676	22.980529340592508
30-34	22.511014592205072	27.084302927860783	27.618146306103135	22.78653617383101
35-39	22.568046195167295	27.30205964924877	27.44816973291376	22.681724422670175
40-44	22.666097473544298	27.219295839848566	27.50704736394971	22.607559322657426
45-49	22.66368199646521	27.34408697945476	27.289988390961504	22.702242633118523
50-54	22.61283526089648	27.500833998017498	27.304121722574727	22.582209018511293
55-59	22.683024672349635	27.40553247950974	27.14057422974307	22.770868618397554
60-64	22.79188956680748	27.427356422529265	27.195412932615604	22.585341078047655
65-69	22.876528513650804	27.619567766643886	27.052738985310494	22.451164734394816
70-74	23.156192932952766	27.830704834277288	27.046096299266896	21.967005933503046
75-76	27.18126860294407	35.08020060408165	27.971039641237084	9.767491151737199
>>END_MODULE
>>Per base GC content	fail
#Base	%GC
1	69.1999383999941
2	42.59114043346123
3	50.54602428347346
4	48.87206860112549
5	30.502712053335724
6	48.33272154381273
7	49.76523435470847
8	44.445021638686974
9	63.42003032883263
10-14	48.361831529217035
15-19	45.430688124303074
20-24	45.464016217218116
25-29	45.47558064039669
30-34	45.29755076603608
35-39	45.24977061783747
40-44	45.27365679620172
45-49	45.36592462958374
50-54	45.195044279407774
55-59	45.453893290747196
60-64	45.37723064485513
65-69	45.32769324804562
70-74	45.12319886645581
75-76	36.94875975468127
>>END_MODULE
>>Per sequence GC content	warn
#GC Content	Count
0	51156.0
1	25801.0
2	765.5
3	1366.5
4	1656.5
5	1833.0
6	2037.5
7	2054.0
8	2037.0
9	2152.0
10	2656.0
11	3695.0
12	4408.5
13	5440.5
14	7909.5
15	11733.5
16	17593.5
17	22202.0
18	29513.0
19	43509.5
20	60902.5
21	73649.5
22	91945.5
23	123999.0
24	158528.5
25	182220.5
26	212606.0
27	262390.5
28	311661.5
29	345421.5
30	387415.5
31	454374.0
32	520944.5
33	566070.5
34	623443.0
35	708729.5
36	781205.0
37	825403.5
38	857665.5
39	887524.0
40	896376.0
41	895576.0
42	902601.5
43	908325.5
44	902967.5
45	890535.5
46	883669.5
47	872508.0
48	849005.5
49	823087.0
50	805045.0
51	783040.0
52	751770.0
53	723376.5
54	705904.0
55	687237.0
56	658154.5
57	627651.0
58	600849.5
59	564257.5
60	513769.5
61	460303.5
62	418143.0
63	376907.0
64	324539.5
65	277552.0
66	230475.0
67	197268.5
68	171683.5
69	140178.0
70	109903.0
71	89215.0
72	75018.0
73	59756.0
74	45952.5
75	37178.5
76	31413.5
77	24985.0
78	19096.5
79	15524.0
80	13375.0
81	10850.0
82	8143.0
83	6440.0
84	5500.5
85	4474.5
86	3543.0
87	2995.5
88	2701.0
89	2387.5
90	2045.5
91	1826.0
92	1777.0
93	1667.0
94	1471.5
95	1360.0
96	1330.5
97	1340.5
98	1466.0
99	11413.5
100	21246.0
>>END_MODULE
>>Per base N content	pass
#Base	N-Count
1	0.4514051841852448
2	0.33878377243585595
3	0.25246404342005946
4	0.24844046006440262
5	0.24855236141528547
6	0.24873237663192307
7	0.25242512121105676
8	0.25466314822871355
9	0.27484431359662714
10-14	0.28471887802061885
15-19	0.30499832196626436
20-24	0.3065318570009718
25-29	0.31134458814415894
30-34	0.30585169139864915
35-39	0.10804506354493892
40-44	0.0655160748390424
45-49	0.067563394177467
50-54	0.060214191730367385
55-59	0.06795015627874604
60-64	0.06494222337006986
65-69	0.05200958706068445
70-74	0.055854958129767776
75-76	0.06426301602215283
>>END_MODULE
>>Sequence Length Distribution	warn
#Length	Count
35	64852.0
36	19802.0
37	25592.0
38	27918.0
39	29590.0
40	29164.0
41	30836.0
42	32561.0
43	35172.0
44	37253.0
45	40854.0
46	41429.0
47	43533.0
48	44442.0
49	46146.0
50	45085.0
51	46979.0
52	46778.0
53	48951.0
54	51443.0
55	52819.0
56	54315.0
57	55597.0
58	56497.0
59	57790.0
60	58293.0
61	57441.0
62	58259.0
63	58605.0
64	61496.0
65	62483.0
66	65723.0
67	66785.0
68	66226.0
69	72048.0
70	74381.0
71	89356.0
72	164148.0
73	493972.0
74	1328724.0
75	4178635.0
76	1.2531845E7
>>END_MODULE
>>Sequence Duplication Levels	warn
#Total Duplicate Percentage	30.90991172241877
#Duplication Level	Relative count
1	100.0
2	20.093325189278257
3	7.831787383343514
4	4.011420616770125
5	2.3920794329464905
6	1.4297078083495505
7	0.9914913564113127
8	0.6761459679824997
9	0.5099504254321794
10++	4.111564084717113
>>END_MODULE
>>Overrepresented sequences	warn
#Sequence	Count	Percentage	Possible Source
NNNNNNNNNNNNNNNNNNNNNNNNNNNNNNNNNNN	51052	0.24838207675089854	No Hit
GGGGGGGGGGGGGGGGGGGGGGGGGGGGGGGGGGGGGGGGGGGGGGGGGG	21282	0.10354280649950293	No Hit
>>END_MODULE
>>Kmer Content	warn
#Sequence	Count	Obs/Exp Overall	Obs/Exp Max	Max Obs/Exp Position
GGGGG	3803635	4.013899	8.486298	72
AAAAA	7694625	3.7727056	7.7717676	72
TTTTT	6759705	3.2186275	5.592863	72
CCTGG	3205930	2.9751713	11.666272	3
CCAGG	3080555	2.8756192	12.069016	3
CCCAG	2911125	2.7594402	10.510188	2
CTGGG	2892990	2.6439133	9.62635	4
CAGCA	3253745	2.6055865	7.1021147	4
CCAGC	2707315	2.5662496	6.3795986	3
TGCTG	3258505	2.5397666	7.548001	2
GGAGG	2744825	2.4848595	5.7434807	6
GCTGG	2658380	2.4295025	6.049738	3
TCCAG	3008485	2.3951094	9.6363535	2
CAGCC	2452965	2.3251526	5.398544	9
CTCCT	2884960	2.3186247	6.8766785	1
CTCCA	2853455	2.30678	7.0722566	1
CTGCT	2909265	2.3025885	6.3278303	9
CAGGA	2894065	2.2822995	9.789003	4
AGCAG	2889220	2.2784789	5.2163796	7
AGGAG	2931300	2.2764966	6.9375854	5
TCCTG	2840035	2.247795	9.609911	2
CTGGA	2855485	2.2387197	8.9196005	4
GCTGC	2404555	2.2314782	5.3159647	8
GGCTG	2439120	2.22912	7.603776	7
CCTGC	2333270	2.1987739	6.2193503	3
CAGAG	2774835	2.1882732	7.163303	4
CTGCC	2315080	2.1816325	5.5673437	9
CCCTG	2314610	2.1811898	8.492315	2
CTCTG	2749320	2.175997	7.2218065	2
GGCAG	2365435	2.174482	5.726395	7
CTTCT	3206280	2.1642606	5.1136117	1
CTGCA	2704400	2.1530218	6.5242105	4
GCAGG	2329400	2.141356	6.2546525	3
CACAG	2630115	2.1061862	7.7576036	7
TGCAG	2682750	2.1032944	6.594641	2
GCCTG	2255000	2.0926878	6.277474	7
CAGGG	2251455	2.0697033	8.520466	4
CTGTG	2647480	2.063517	9.0125475	9
TGGAG	2654740	2.0496712	6.4168825	5
CCCCA	2111590	2.032485	6.418223	1
AGCTG	2544075	1.9945723	5.525796	7
CAGGC	2123940	1.982644	5.5303926	4
CTCAG	2460785	1.9590756	5.9005284	2
CAGAA	2868835	1.9408389	5.3151627	4
GGAGA	2497575	1.9396583	5.4689655	6
CTGAG	2449920	1.920754	5.555293	4
TTCTG	2807945	1.8665476	5.3281646	2
CCTCT	2320160	1.8646985	5.372256	1
CAGTG	2374950	1.8619771	6.571425	9
TGGGG	2060075	1.8540682	5.488009	5
CACTG	2321955	1.8485504	7.6411457	7
CCAGA	2303480	1.844618	6.404462	3
GGCCA	1937745	1.8088354	5.3305154	1
GTGTG	2345895	1.8006376	8.239203	1
TCTGG	2272900	1.7715594	6.029853	3
ACACA	2572545	1.7672768	6.9812007	6
CACAC	2148910	1.7474222	7.023714	5
TGTGT	2630550	1.7220246	6.799312	10
GAGAG	2214250	1.7196236	5.552865	7
ACAGA	2529410	1.7112094	6.1360483	8
CCTGA	2129095	1.6950111	5.4025464	3
GCCCA	1757275	1.6657116	6.289099	1
TCAGG	2079480	1.6303265	5.499819	3
CCTGT	2043550	1.6174031	5.2307987	8
TGGGC	1707885	1.560842	5.7211018	5
ACAGC	1898890	1.5206239	5.9423738	8
GCTGT	1925625	1.5008838	5.3384113	8
CTGTC	1879585	1.4876302	5.865324	9
GACAG	1828140	1.4416964	6.938749	7
GCCCT	1524505	1.4366283	5.4220943	1
GGGCT	1544555	1.411574	5.4310064	6
AGACA	2060565	1.394024	5.3898253	6
GTCCT	1708360	1.3521113	9.992482	1
AGGGC	1466665	1.3482666	5.0793734	5
GGACA	1655070	1.305211	6.284203	6
GCACA	1613545	1.2921206	5.014861	6
GTGCT	1650150	1.2861713	6.676126	1
AGGAC	1609265	1.2690886	9.201449	5
TGTGC	1625375	1.2668611	6.402612	10
ACTGC	1553685	1.2369169	5.284046	8
AGCAC	1542845	1.2355045	5.7416477	5
GTCCA	1508470	1.2009203	6.9259777	1
GTCTT	1701300	1.1309187	5.472746	1
ACAGT	1662250	1.1179844	5.75602	8
GTGCA	1423170	1.115775	5.867542	1
TGGAC	1400750	1.0981976	6.0007815	5
ACTGT	1637350	1.0948043	6.458089	8
TGCAC	1373755	1.0936712	5.3646865	5
GACTG	1335020	1.0466648	5.987191	7
ACACT	1502535	1.0261755	5.2308774	6
GGACC	1076665	1.0050392	5.470097	6
CTACA	1444975	0.9868641	5.8661866	4
TGTAG	1461060	0.96206707	5.958839	2
GGACT	1200250	0.9410042	5.1707635	6
TCCTA	1241650	0.84304696	6.1460238	2
TAGGA	1259190	0.83401346	6.0435886	4
GTGTA	1094220	0.7205133	6.129308	1
TACAC	1032200	0.70495415	5.3403716	5
>>END_MODULE
