##FastQC	0.10.1
>>Basic Statistics	pass
#Measure	Value	
Filename	008-F0_S1_L003_R1_001.fastq.gz	
File type	Conventional base calls	
Encoding	Sanger / Illumina 1.9	
Total Sequences	22658430	
Filtered Sequences	0	
Sequence length	35-75	
%GC	45	
>>END_MODULE
>>Per base sequence quality	pass
#Base	Mean	Median	Lower Quartile	Upper Quartile	10th Percentile	90th Percentile
1	31.420695564520578	32.0	32.0	32.0	32.0	32.0
2	31.479367105311358	32.0	32.0	32.0	32.0	32.0
3	31.604420429835606	32.0	32.0	32.0	32.0	32.0
4	31.690675611681833	32.0	32.0	32.0	32.0	32.0
5	31.671041506406226	32.0	32.0	32.0	32.0	32.0
6	35.35587880537177	36.0	36.0	36.0	36.0	36.0
7	35.374429693495976	36.0	36.0	36.0	36.0	36.0
8	35.33115255558307	36.0	36.0	36.0	36.0	36.0
9	35.421708873915804	36.0	36.0	36.0	36.0	36.0
10	35.325108977100356	36.0	36.0	36.0	36.0	36.0
11	35.39548018110699	36.0	36.0	36.0	36.0	36.0
12	35.346903823433486	36.0	36.0	36.0	36.0	36.0
13	35.36851485297084	36.0	36.0	36.0	36.0	36.0
14	35.34858505200934	36.0	36.0	36.0	36.0	36.0
15	35.31949927686958	36.0	36.0	36.0	36.0	36.0
16	35.33267971346647	36.0	36.0	36.0	36.0	36.0
17	35.33778059644909	36.0	36.0	36.0	36.0	36.0
18	35.32858243046849	36.0	36.0	36.0	36.0	36.0
19	35.320943948896726	36.0	36.0	36.0	36.0	36.0
20	35.31605711428374	36.0	36.0	36.0	36.0	36.0
21	35.30530588394694	36.0	36.0	36.0	36.0	36.0
22	35.29447203535285	36.0	36.0	36.0	36.0	36.0
23	35.2803374726316	36.0	36.0	36.0	36.0	36.0
24	35.275302966710406	36.0	36.0	36.0	36.0	36.0
25	35.251001503634626	36.0	36.0	36.0	36.0	36.0
26	35.21963719463352	36.0	36.0	36.0	36.0	36.0
27	35.209622070019854	36.0	36.0	36.0	36.0	36.0
28	35.19631947138438	36.0	36.0	36.0	36.0	36.0
29	35.17988920679853	36.0	36.0	36.0	36.0	36.0
30	35.15768828643467	36.0	36.0	36.0	36.0	36.0
31	35.13992677339074	36.0	36.0	36.0	36.0	36.0
32	35.13066787946032	36.0	36.0	36.0	36.0	36.0
33	35.11499702318298	36.0	36.0	36.0	36.0	36.0
34	35.102199578699846	36.0	36.0	36.0	36.0	36.0
35	35.09020744155707	36.0	36.0	36.0	36.0	36.0
36	35.090501439875624	36.0	36.0	36.0	36.0	36.0
37	35.07785188433488	36.0	36.0	36.0	36.0	36.0
38	35.06101602221672	36.0	36.0	36.0	36.0	36.0
39	35.04101548570721	36.0	36.0	36.0	36.0	36.0
40	35.04284357835845	36.0	36.0	36.0	36.0	36.0
41	35.0289434577433	36.0	36.0	36.0	36.0	36.0
42	35.01539771435547	36.0	36.0	36.0	36.0	36.0
43	35.002553229146386	36.0	36.0	36.0	36.0	36.0
44	34.9823924216176	36.0	36.0	36.0	36.0	36.0
45	34.973563948302996	36.0	36.0	36.0	36.0	36.0
46	34.959282874884615	36.0	36.0	36.0	36.0	36.0
47	34.9549314001733	36.0	36.0	36.0	36.0	36.0
48	34.94129872690134	36.0	36.0	36.0	36.0	36.0
49	34.91959446979406	36.0	36.0	36.0	36.0	36.0
50	34.90570430371439	36.0	36.0	36.0	36.0	36.0
51	34.89318202941823	36.0	36.0	36.0	36.0	36.0
52	34.88389560338549	36.0	36.0	36.0	36.0	36.0
53	34.856493407350136	36.0	36.0	36.0	36.0	36.0
54	34.848460277077514	36.0	36.0	36.0	36.0	36.0
55	34.81993933391249	36.0	36.0	36.0	36.0	36.0
56	34.809330914282775	36.0	36.0	36.0	36.0	36.0
57	34.79974268208061	36.0	36.0	36.0	36.0	36.0
58	34.78252603009635	36.0	36.0	36.0	36.0	36.0
59	34.764371688700635	36.0	36.0	36.0	36.0	36.0
60	34.74768975577361	36.0	36.0	36.0	36.0	36.0
61	34.725382333768145	36.0	36.0	36.0	36.0	36.0
62	34.69869312706502	36.0	36.0	36.0	36.0	36.0
63	34.6798891172327	36.0	36.0	36.0	36.0	36.0
64	34.6653238250372	36.0	36.0	36.0	36.0	36.0
65	34.64661339924814	36.0	36.0	36.0	32.0	36.0
66	34.61759617448731	36.0	36.0	36.0	32.0	36.0
67	34.599806504528935	36.0	36.0	36.0	32.0	36.0
68	34.58147341521412	36.0	36.0	36.0	32.0	36.0
69	34.56114289308418	36.0	36.0	36.0	32.0	36.0
70	34.5406909062014	36.0	36.0	36.0	32.0	36.0
71	34.50163858581635	36.0	36.0	36.0	32.0	36.0
72	34.48128515508929	36.0	36.0	36.0	32.0	36.0
73	34.45446558880161	36.0	36.0	36.0	32.0	36.0
74	34.41446202513803	36.0	36.0	36.0	32.0	36.0
75	33.78015340730392	36.0	36.0	36.0	32.0	36.0
>>END_MODULE
>>Per sequence quality scores	pass
#Quality	Count
2	10458.0
3	0.0
4	0.0
5	0.0
6	0.0
7	0.0
8	0.0
9	0.0
10	0.0
11	0.0
12	0.0
13	0.0
14	0.0
15	0.0
16	4.0
17	11.0
18	111.0
19	829.0
20	3603.0
21	9368.0
22	18146.0
23	29643.0
24	48512.0
25	75823.0
26	113693.0
27	161678.0
28	222645.0
29	294288.0
30	381377.0
31	492837.0
32	668264.0
33	1025450.0
34	2352132.0
35	1.6749558E7
>>END_MODULE
>>Per base sequence content	fail
#Base	G	A	T	C
1	43.245118157800526	18.19264102052034	11.667709069665703	26.894531752013428
2	16.47197145279688	20.023580045587323	35.608928714692794	27.895519786923
3	18.928997262977894	21.38222795400842	28.356265187894085	31.3325095951196
4	13.177126852682438	15.065975885169763	35.22221768907168	36.534679573076126
5	14.845488152316685	35.06968747577046	34.296527742086575	15.78829662982628
6	35.02514374575331	34.95420623357811	15.989047555564625	14.031602465103948
7	31.113344636563646	29.54310402647003	20.17580689835566	19.16774443861067
8	26.816754277160005	34.75554014284369	19.418069750351158	19.009635829645145
9	24.910128818597972	15.623292893509404	19.38646868690936	40.08010960098326
10	14.331844575521227	27.56930821684457	34.58017683178938	23.51867037584482
11	34.59769819567068	22.25847418038136	23.539900172960298	19.603927450987666
12	22.437176121448836	23.946972347218782	30.782145162144204	22.833706369188178
13	28.129402713639074	20.43404872950169	26.00229760167404	25.4342509551852
14	20.591643338967835	20.374551024862317	27.092248315952745	31.9415573202171
15	22.942686511226036	29.367675664610733	23.014252536403607	24.67538528775962
16	22.913031683366615	28.424814371900496	25.339010486236912	23.323143458495974
17	21.76169472767834	28.00368834500288	27.319009609690337	22.915607317628446
18	22.218494637709252	27.631023884259825	27.871486936798306	22.278994541232613
19	22.70801854241323	27.079456881983543	27.488747445742266	22.723777129860963
20	22.717124517815545	27.066926787087166	27.569903389142304	22.64604530595499
21	22.488201965397142	26.721925799546447	27.328407477269355	23.461464757787056
22	22.439407049303583	26.805849110222486	27.612231784936597	23.142512055537335
23	22.369723307198097	26.869252602738904	27.514069804669898	23.246954285393095
24	22.592848523329526	26.51501617588555	27.809484407170466	23.082650893614463
25	22.683578375313825	26.60486969606788	27.404125430173853	23.307426498444443
26	22.166604598923897	27.027475860475718	27.56218423937372	23.24373530122666
27	22.236771487756844	26.971671393730688	27.606969370965285	23.184587747547184
28	22.338860585894068	26.850446268905827	27.54699577618645	23.263697369013652
29	22.146571121976315	26.930194772294087	27.692863833185616	23.23037027254398
30	22.24451117048387	27.01506484358956	27.612128616243993	23.128295369682576
31	22.734849168920608	27.00317984153116	27.364074082823358	22.897896906724867
32	22.076010991113424	27.17691482920313	27.764721539017273	22.982352640666175
33	22.167201704881002	27.024372883773186	27.891777234239886	22.916648177105927
34	22.23014760897916	26.749686000582408	28.082566889216764	22.937599501221666
35	22.128740955536216	27.01421733983128	27.902666406918257	22.954375297714243
36	22.230180242460893	27.368554042246178	27.79573471998659	22.60553099530634
37	22.365737506402958	27.087965053075546	27.478966188228732	23.067331252292764
38	22.2517179903192	27.492474743193252	27.463380485086013	22.792426781401534
39	22.3814565509708	27.205451449847573	27.697216697429244	22.715875301752384
40	22.455440226222482	26.94870481370783	27.710649307548824	22.885205652520867
41	22.433221783910582	27.118841388146098	27.746831948346575	22.70110487959675
42	22.203049635518127	27.336580494853546	27.800048733518988	22.66032113610934
43	22.29071509139459	27.124627504021635	27.7008823444561	22.88377506012767
44	22.19195866425892	27.457733643447007	27.73475365183463	22.61555404045944
45	22.26366209229315	27.356492361458766	27.582757506475726	22.797088039772355
46	22.380962530570475	27.34479552704938	27.489891597584222	22.784350344795925
47	22.329302665087795	27.391302015396192	27.641650968594234	22.63774435092178
48	22.175598203354827	27.343213323200448	27.57830999320329	22.90287848024143
49	22.418527361949977	27.175118779283096	27.64379483423814	22.762559024528787
50	22.26166240975316	27.461292100699865	27.54849445453708	22.728551035009893
51	22.32222070842567	27.426456713703757	27.56566771652038	22.685654861350187
52	22.334547383960956	27.438186217436794	27.489501423133994	22.737764975468252
53	22.19821680303371	27.24093511271982	27.773333703697574	22.7875143805489
54	22.371574679195916	27.59665998186072	27.561578003853715	22.470187335089644
55	22.36744368785538	27.243675656742433	27.57171470950743	22.817165945894757
56	22.500059573443433	27.51212732348701	27.348989799509262	22.638823303560297
57	22.311294770885063	27.385546154649788	27.488280828296684	22.814878246168465
58	22.3256859105431	27.29323653169035	27.46223225652191	22.918845301244637
59	22.219391812599593	27.37873079638925	27.539310794461276	22.862566596549883
60	22.286227669599405	27.367969090060985	27.67299077242771	22.672812467911907
61	22.54346882192376	27.3671521320301	27.44992703600318	22.63945201004296
62	22.445656502779574	27.473691101368786	27.495821906866354	22.58483048898529
63	22.4225027887237	27.601986196986378	27.39897214584647	22.576538868443443
64	22.437856627651346	27.296002998196872	27.372280971512268	22.893859402639517
65	22.32704718479523	27.451640959028705	27.549513168885614	22.67179868729045
66	22.39088064248493	27.637234525073843	27.301580526753217	22.670304305688006
67	22.510449154975486	27.342398642123754	27.362168626309124	22.78498357659163
68	22.50166335202818	27.641248053578373	27.47554855551365	22.381540038879795
69	22.756508193656927	27.497230640255125	27.368932643778425	22.37732852230952
70	22.85251616640057	27.27275204005822	27.300913320921545	22.57381847261967
71	22.615991385362438	27.626909924916944	27.24081375763301	22.51628493208761
72	22.563556428244695	27.77821320565671	27.448630968914117	22.209599397184476
73	23.323158507392613	28.354663051374175	27.48982164864144	20.83235679259177
74	24.426777640774798	30.741455800656226	27.73869970071898	17.093066857849998
75	29.76839819015307	41.15295085769247	29.07865095215446	0.0
>>END_MODULE
>>Per base GC content	fail
#Base	%GC
1	70.13964990981395
2	44.36749123971988
3	50.26150685809749
4	49.71180642575857
5	30.633784782142964
6	49.05674621085726
7	50.281089075174314
8	45.82639010680515
9	64.99023841958123
10	37.85051495136605
11	54.201625646658336
12	45.270882490637014
13	53.56365366882427
14	52.53320065918493
15	47.61807179898566
16	46.23617514186259
17	44.67730204530679
18	44.49748917894187
19	45.43179567227419
20	45.363169823770534
21	45.949666723184194
22	45.58191910484092
23	45.616677592591195
24	45.67549941694399
25	45.99100487375827
26	45.41033990015056
27	45.421359235304024
28	45.602557954907724
29	45.3769413945203
30	45.37280654016645
31	45.63274607564548
32	45.0583636317796
33	45.08384988198693
34	45.16774711020082
35	45.08311625325046
36	44.83571123776723
37	45.43306875869572
38	45.04414477172073
39	45.09733185272318
40	45.340645878743345
41	45.13432666350734
42	44.86337077162747
43	45.17449015152226
44	44.80751270471836
45	45.0607501320655
46	45.1653128753664
47	44.96704701600957
48	45.07847668359626
49	45.18108638647876
50	44.99021344476306
51	45.007875569775855
52	45.072312359429205
53	44.98573118358261
54	44.84176201428556
55	45.18460963375014
56	45.13888287700373
57	45.12617301705353
58	45.24453121178774
59	45.08195840914947
60	44.95904013751131
61	45.18292083196672
62	45.03048699176486
63	44.99904165716714
64	45.331716030290856
65	44.99884587208568
66	45.06118494817294
67	45.29543273156712
68	44.88320339090797
69	45.13383671596644
70	45.42633463902024
71	45.13227631745005
72	44.77315582542917
73	44.15551529998438
74	41.5198444986248
75	29.76839819015307
>>END_MODULE
>>Per sequence GC content	warn
#GC Content	Count
0	10477.0
1	5250.0
2	41.0
3	98.0
4	137.5
5	159.0
6	275.5
7	513.0
8	661.0
9	896.0
10	1565.0
11	2693.0
12	3412.0
13	4549.0
14	7566.5
15	12205.0
16	15728.0
17	22198.0
18	35664.0
19	52314.0
20	63883.5
21	81881.5
22	115771.5
23	154217.5
24	179740.5
25	211202.5
26	265397.0
27	319663.5
28	354260.0
29	396559.5
30	464674.5
31	531483.5
32	575652.0
33	626229.5
34	710706.0
35	792286.5
36	840019.0
37	885156.5
38	932891.0
39	956574.5
40	972425.0
41	975967.0
42	969487.5
43	961352.0
44	960625.0
45	954263.0
46	929122.0
47	902761.5
48	892617.5
49	874937.5
50	837957.0
51	805098.0
52	789007.0
53	776386.5
54	752734.5
55	726381.5
56	711675.0
57	695393.0
58	659779.0
59	612659.5
60	573651.5
61	531019.5
62	473341.5
63	416243.5
64	372138.5
65	335141.5
66	286448.5
67	236653.5
68	201173.0
69	174565.0
70	142444.0
71	111165.0
72	90145.0
73	75972.0
74	60427.0
75	46484.0
76	37371.5
77	31337.5
78	24606.0
79	18667.5
80	15079.0
81	12575.0
82	9500.5
83	6416.5
84	4531.5
85	3566.5
86	2559.0
87	1575.0
88	1141.5
89	942.0
90	640.0
91	446.0
92	366.0
93	407.0
94	376.5
95	232.5
96	169.5
97	113.5
98	49.0
99	82.0
100	124.0
>>END_MODULE
>>Per base N content	pass
#Base	N-Count
1	0.06724208164466823
2	0.046194727525252194
3	0.046155007209237355
4	0.046155007209237355
5	0.046155007209237355
6	0.08913238913728798
7	0.04690086647662702
8	0.046155007209237355
9	0.046155007209237355
10	0.0461903141568061
11	0.046155007209237355
12	0.04622120773592875
13	0.0461903141568061
14	0.04616824731457563
15	0.047717339639154165
16	0.046155007209237355
17	0.04799096848281192
18	0.046163833946129544
19	0.04616824731457563
20	0.046155007209237355
21	0.04673757184412159
22	0.04742605732171205
23	0.04616824731457563
24	0.04642863605289511
25	0.046825839213043445
26	0.049129617541903835
27	0.04623003447282093
28	0.047002373950887154
29	0.04677729216013643
30	0.04825135722113138
31	0.04887805554047654
32	0.04713036163582384
33	0.04640656921066464
34	0.0489663229093984
35	0.04799096848281192
36	0.0021505180717262687
37	6.315690635566499E-4
38	0.0010425407424701281
39	0.003322866598129597
40	0.005060956010612361
41	0.0013618141132578352
42	0.0011986408916119023
43	6.902532698536309E-4
44	0.001584717024429077
45	0.0024756133265586852
46	0.005645063487246388
47	0.0022078563776126024
48	0.0023555692266306904
49	0.002459179288419161
50	0.003562416400370118
51	0.0027914320637666204
52	0.003518455231793918
53	0.0035521654187348683
54	0.0019912802417334026
55	0.0026884435049010593
56	0.0025881425409687345
57	0.0030505474370399167
58	0.00413094524163839
59	0.002877566611527478
60	0.0013529456089881463
61	0.0014889932230626212
62	0.001602875010006744
63	0.004067847013532805
64	0.004148989586036139
65	2.613283002103468E-4
66	0.0011775611526455827
67	0.0014456817823991406
68	8.596645181840536E-4
69	0.001545243739768991
70	4.7222821336542065E-4
71	8.923420299652096E-4
72	7.654305177697445E-4
73	0.001245632120462121
74	0.0027886333273784924
75	6.769482469003555E-4
>>END_MODULE
>>Sequence Length Distribution	warn
#Length	Count
35	12724.0
36	3685.0
37	5016.0
38	5943.0
39	6878.0
40	7294.0
41	7950.0
42	8540.0
43	9616.0
44	10521.0
45	11872.0
46	12576.0
47	13493.0
48	14481.0
49	15032.0
50	15396.0
51	15956.0
52	16287.0
53	17300.0
54	18535.0
55	19441.0
56	20470.0
57	21662.0
58	22493.0
59	23603.0
60	24721.0
61	24466.0
62	24838.0
63	25363.0
64	27973.0
65	29851.0
66	29569.0
67	33240.0
68	33929.0
69	44466.0
70	58578.0
71	146885.0
72	543448.0
73	1587276.0
74	4914885.0
75	1.4772178E7
>>END_MODULE
>>Sequence Duplication Levels	warn
#Total Duplicate Percentage	40.03143418467584
#Duplication Level	Relative count
1	100.0
2	26.471792687721138
3	12.124066308478573
4	6.741416590224086
5	4.098414362468877
6	2.8772441357620235
7	1.8772113746560084
8	1.4070895033416329
9	1.0508124754291706
10++	7.157482636613812
>>END_MODULE
>>Overrepresented sequences	pass
>>END_MODULE
>>Kmer Content	warn
#Sequence	Count	Obs/Exp Overall	Obs/Exp Max	Max Obs/Exp Position
AAAAA	8360930	3.739478	8.023771	71
TTTTT	8027240	3.4157882	6.23826	71
CCTGG	3728375	3.1119218	12.6545315	3
CCAGG	3516740	2.9646657	13.780956	3
CCCAG	3343175	2.805128	12.22351	2
CTGGG	3284075	2.7540004	10.88149	4
CCAGC	3165900	2.6563835	7.0202756	3
GGAGG	3043875	2.5902755	6.035093	6
CAGCA	3542765	2.5429459	7.047924	4
GCTGG	3025190	2.5369015	6.3741236	3
TGCTG	3508015	2.4799638	6.7506948	2
TCCAG	3475680	2.4700642	9.686603	2
CAGCC	2860410	2.4000587	5.8559127	5
AGGAG	3267895	2.367808	7.8072515	5
CAGGA	3265755	2.3551586	10.85099	4
CTCCA	3304665	2.3375127	7.161731	1
CTCCT	3307295	2.3161848	6.623945	1
CTGGA	3225820	2.3032994	8.926845	4
GGCTG	2746595	2.303274	8.681654	7
AGCAG	3190715	2.3010426	5.7115693	7
CTGCT	3228905	2.2719426	6.5690465	9
GGCAG	2671605	2.2628174	6.526228	7
TCCTG	3211265	2.2595303	9.186562	2
CCTGC	2707610	2.2493308	6.4879293	3
GCTGC	2691015	2.24608	5.768571	8
GCAGG	2637625	2.234037	6.957816	3
CTGCC	2652905	2.2038853	5.8494444	9
CAGAG	3050740	2.2000968	8.130411	4
CCCTG	2638960	2.1923003	9.346772	2
GCCTG	2617935	2.1850832	7.82311	7
CTGCA	3061000	2.175363	6.781372	4
TGCAG	3009155	2.1485965	6.706214	2
CTCTG	3025990	2.129166	7.434639	2
CAGGG	2493540	2.1119986	9.718331	4
TGGAG	2927185	2.0999177	6.534544	5
AGCTG	2898255	2.0694115	5.968007	7
CTGGC	2451460	2.0461333	5.60237	4
CAGGC	2418875	2.0391483	6.4039016	4
GCCAG	2411630	2.033041	5.5447097	2
GGAGA	2797495	2.026972	5.838686	6
GGGAG	2364715	2.0123239	5.6561165	7
CACAG	2801250	2.010697	7.498851	7
CAGAA	3239025	1.9888877	5.478524	4
CCCCA	2366425	1.9762619	6.99917	1
CTCAG	2757295	1.9595288	6.3035374	2
CTGTG	2766295	1.9556106	9.119937	9
CTGAG	2705425	1.9317272	6.0806413	4
TTCTG	3183745	1.8973837	5.001492	2
CCAGA	2600850	1.8668528	7.0089464	3
GGCCA	2208600	1.8618834	6.3350835	1
TGGGG	2190870	1.8459052	6.2069836	5
CCTCT	2627845	1.8403482	5.394772	1
CAGTG	2537540	1.8118538	6.871863	9
AGAGG	2487445	1.80232	5.3665333	5
TCTGG	2541685	1.7968243	6.233859	3
CACTG	2525020	1.7944576	7.6539774	7
ACCTG	2523735	1.7935444	5.3536777	7
TGGCC	2113685	1.7642062	5.745653	5
CCTGA	2415310	1.7164899	5.7685356	3
GCCCA	2037925	1.7099438	7.886781	1
GAGAG	2342465	1.6972724	5.592334	7
ACAGA	2732660	1.6779598	6.037784	8
TCAGG	2322745	1.6584859	5.9948397	3
GGGCC	1636070	1.6198618	5.4548693	6
GGCCT	1932655	1.6131078	5.320191	6
TGGGC	1917475	1.60798	6.4801826	5
AGGTG	2235900	1.6040004	5.330649	7
AGCCT	2235585	1.5887648	5.6744237	6
CCTGT	2255475	1.5870116	5.57531	8
AGGCC	1870960	1.5772479	5.1537194	5
ACAGG	2156265	1.55503	5.0796647	8
GTGTG	2123560	1.5083088	6.8747654	1
ACACA	2455935	1.5009663	6.5460916	6
AGGCT	2076190	1.482441	5.1183157	6
CACAC	2070720	1.4793613	7.06192	5
TGTGT	2460140	1.4730535	5.9540977	10
ACAGC	2043715	1.4669492	5.9516826	8
CTGTC	2067760	1.4549304	5.966103	9
GCCCT	1750405	1.4541386	6.012707	1
GCTGT	2050690	1.4497193	5.439183	8
GGGCT	1726980	1.4482323	6.2442684	6
GACAG	1996800	1.4400288	7.5271187	7
AGACA	2236815	1.3734914	5.844448	6
AGGGC	1620765	1.3727685	5.880969	5
GTCCT	1834060	1.2904929	8.372678	1
GGACA	1780215	1.2838345	6.5950327	6
ACTGC	1735430	1.2333192	5.4049067	8
AGGAC	1704655	1.2293432	9.033397	5
GTGCT	1720140	1.2160395	5.7822437	1
GTCCA	1659730	1.1795216	6.6615515	1
TGTGC	1653235	1.1687415	5.9897623	10
AGCAC	1618585	1.161797	5.7953568	5
TGGAC	1520100	1.0853815	6.242488	5
ACAGT	1756150	1.0676554	5.8904343	8
GTGCA	1491630	1.0650533	5.8101215	1
TGCAC	1479965	1.0517678	5.7336793	5
ACTGT	1744205	1.0498827	6.4842205	8
GACTG	1449390	1.0348932	6.4305854	7
GCACT	1422950	1.011249	5.0963	6
AGACT	1660315	1.0093924	5.51538	6
GGACC	1192520	1.0053126	5.689175	6
ACACT	1573535	0.9521473	5.1348495	6
GGACT	1319915	0.94244546	5.62637	6
TGTAG	1505805	0.9106547	5.3325815	2
TAGGA	1303815	0.7963928	5.3915744	4
GTGTA	1064105	0.643531	5.5415053	1
>>END_MODULE
