##FastQC	0.10.1
>>Basic Statistics	pass
#Measure	Value	
Filename	032-F5_S3_L001_R2_001.fastq.gz	
File type	Conventional base calls	
Encoding	Sanger / Illumina 1.9	
Total Sequences	44198442	
Filtered Sequences	0	
Sequence length	35-76	
%GC	45	
>>END_MODULE
>>Per base sequence quality	pass
#Base	Mean	Median	Lower Quartile	Upper Quartile	10th Percentile	90th Percentile
1	31.309366538304676	32.0	32.0	32.0	32.0	32.0
2	31.07441400309993	32.0	32.0	32.0	32.0	32.0
3	31.136093439673733	32.0	32.0	32.0	32.0	32.0
4	31.220742102176363	32.0	32.0	32.0	32.0	32.0
5	31.199125729363946	32.0	32.0	32.0	32.0	32.0
6	34.874482815480235	36.0	36.0	36.0	36.0	36.0
7	34.86703592402646	36.0	36.0	36.0	36.0	36.0
8	34.79873634459785	36.0	36.0	36.0	32.0	36.0
9	34.909043513343754	36.0	36.0	36.0	36.0	36.0
10-14	34.807031768223865	36.0	36.0	36.0	33.6	36.0
15-19	34.724035892486896	36.0	36.0	36.0	32.0	36.0
20-24	34.662493641744206	36.0	36.0	36.0	32.0	36.0
25-29	34.59926146265518	36.0	36.0	36.0	32.0	36.0
30-34	34.53551620213219	36.0	36.0	36.0	32.0	36.0
35-39	34.479366596277316	36.0	36.0	36.0	32.0	36.0
40-44	34.41994573556633	36.0	36.0	36.0	32.0	36.0
45-49	34.319192691511894	36.0	36.0	36.0	32.0	36.0
50-54	34.19491747638802	36.0	36.0	36.0	32.0	36.0
55-59	34.055829650615486	36.0	36.0	36.0	32.0	36.0
60-64	33.920107816025	36.0	36.0	36.0	32.0	36.0
65-69	33.7689916995585	36.0	36.0	36.0	28.0	36.0
70-74	33.65852326861664	36.0	36.0	36.0	27.0	36.0
75-76	33.03584699912901	36.0	34.0	36.0	20.5	36.0
>>END_MODULE
>>Per sequence quality scores	pass
#Quality	Count
2	27458.0
3	0.0
4	0.0
5	0.0
6	0.0
7	0.0
8	0.0
9	0.0
10	0.0
11	0.0
12	0.0
13	1.0
14	1544.0
15	5645.0
16	9988.0
17	15085.0
18	21061.0
19	28524.0
20	41285.0
21	61946.0
22	92659.0
23	138319.0
24	206276.0
25	300984.0
26	421864.0
27	567121.0
28	736627.0
29	938432.0
30	1191064.0
31	1536261.0
32	2073643.0
33	3180771.0
34	6744741.0
35	2.5857143E7
>>END_MODULE
>>Per base sequence content	fail
#Base	G	A	T	C
1	44.718904526211226	18.212979404899574	11.360729507694126	25.707386561195065
2	17.151603445749256	19.792018435855883	36.23906161863877	26.81731649975609
3	20.006378989715323	21.30471980655912	28.927920702019716	29.76098050170584
4	13.66598538520963	14.584917178937292	36.37946294056589	35.36963449528719
5	15.31486062837081	34.531040177765405	34.969035381586046	15.185063812277743
6	34.39125791659461	35.252579063163665	16.347841584048133	14.008321436193594
7	30.176486446396577	30.11489397655257	20.797963205890998	18.910656371159853
8	26.6361645916695	34.0371724569233	20.325417699546833	19.00124525186036
9	24.79579354627916	15.687986484521153	20.493770299525135	39.02244966967455
10-14	23.6803250749406	23.28891563746916	28.767565150914454	24.263194136675786
15-19	22.202977411596716	28.490206602596853	26.52207340456803	22.784742581238397
20-24	22.282910881043538	27.170523527390745	27.858305805458173	22.68825978610755
25-29	22.08408307136649	27.20714802278346	27.90172208977731	22.80704681607274
30-34	22.06867386065024	27.419428102394093	27.97845889056943	22.533439146386232
35-39	22.085607242811445	27.663264729287917	27.89099952093534	22.360128506965303
40-44	22.103613033462402	27.604537592652633	27.92884657747367	22.36300279641129
45-49	22.10527566771046	27.81940331551946	27.808203115125274	22.267117901644806
50-54	22.203604578211277	27.80971274980998	27.77368670183356	22.21299597014518
55-59	22.152844901219193	27.824197632745456	27.765011087866252	22.257946378169095
60-64	22.267149538607477	27.924937793853015	27.66104957344513	22.14686309409438
65-69	22.23881364966401	27.911159253350114	27.70690537434879	22.143121722637087
70-74	22.524736349448517	28.192253795879534	27.610982073813588	21.672027780858365
75-76	26.52982162879504	35.431786316754994	28.456768930912208	9.581623123537758
>>END_MODULE
>>Per base GC content	fail
#Base	%GC
1	70.4262910874063
2	43.96891994550534
3	49.76735949142117
4	49.03561988049682
5	30.499924440648552
6	48.3995793527882
7	49.087142817556426
8	45.637409843529866
9	63.81824321595372
10-14	47.94351921161638
15-19	44.98771999283512
20-24	44.97117066715109
25-29	44.89112988743923
30-34	44.60211300703648
35-39	44.44573574977675
40-44	44.466615829873696
45-49	44.37239356935527
50-54	44.41660054835646
55-59	44.410791279388285
60-64	44.414012632701855
65-69	44.3819353723011
70-74	44.19676413030688
75-76	36.1114447523328
>>END_MODULE
>>Per sequence GC content	warn
#GC Content	Count
0	27486.0
1	13773.5
2	108.0
3	240.5
4	326.0
5	458.0
6	798.5
7	1348.0
8	1693.0
9	2258.5
10	3807.5
11	6532.5
12	8297.5
13	10426.5
14	16080.5
15	25504.5
16	40433.0
17	51923.0
18	70715.5
19	107983.0
20	155564.0
21	190166.5
22	238291.0
23	325202.0
24	417980.5
25	478921.5
26	555855.5
27	681314.5
28	801179.5
29	879094.0
30	972263.0
31	1115912.0
32	1247792.0
33	1331586.5
34	1433672.0
35	1578184.5
36	1694425.0
37	1767376.5
38	1829598.0
39	1898291.5
40	1924781.5
41	1913385.5
42	1913259.0
43	1903164.5
44	1857844.5
45	1799514.5
46	1763298.0
47	1717272.0
48	1643233.5
49	1575384.0
50	1532195.0
51	1490168.0
52	1430959.5
53	1384908.0
54	1365715.5
55	1345643.0
56	1310324.0
57	1272744.0
58	1236157.0
59	1174361.0
60	1081019.5
61	971666.0
62	884701.5
63	805647.0
64	701575.5
65	604626.5
66	505580.0
67	434870.0
68	380664.5
69	311627.5
70	245156.5
71	200863.0
72	168712.0
73	132889.0
74	101558.5
75	81910.5
76	69248.5
77	55130.5
78	41433.5
79	33149.0
80	28409.5
81	22721.0
82	16702.0
83	12890.0
84	10638.5
85	8126.5
86	5731.5
87	4391.0
88	3742.0
89	3091.5
90	2574.0
91	2277.5
92	2148.0
93	2104.0
94	2093.5
95	2175.0
96	2230.0
97	2353.5
98	3145.0
99	16407.0
100	29007.0
>>END_MODULE
>>Per base N content	pass
#Base	N-Count
1	0.4095868356626688
2	0.29307820397832124
3	0.15655981719898635
4	0.07941230145623686
5	0.06304973374400843
6	0.06213114932874783
7	0.062124361759176946
8	0.062124361759176946
9	0.062124361759176946
10-14	0.062124361759176946
15-19	0.062124361759176946
20-24	0.062124361759176946
25-29	0.062124361759176946
30-34	0.062124361759176946
35-39	0.012438901507008389
40-44	0.0
45-49	0.0
50-54	0.0
55-59	0.0
60-64	0.0
65-69	0.0
70-74	0.0
75-76	0.0
>>END_MODULE
>>Sequence Length Distribution	warn
#Length	Count
35	36660.0
36	14281.0
37	19040.0
38	21682.0
39	24832.0
40	27197.0
41	28882.0
42	32231.0
43	36295.0
44	41141.0
45	44724.0
46	47247.0
47	48762.0
48	50693.0
49	53463.0
50	54100.0
51	55340.0
52	58503.0
53	61943.0
54	67423.0
55	68878.0
56	71611.0
57	72715.0
58	73624.0
59	76094.0
60	76768.0
61	77109.0
62	81232.0
63	83515.0
64	91017.0
65	92856.0
66	96521.0
67	95304.0
68	96964.0
69	104627.0
70	114912.0
71	150589.0
72	317585.0
73	1042017.0
74	2954840.0
75	9239589.0
76	2.8295636E7
>>END_MODULE
>>Sequence Duplication Levels	warn
#Total Duplicate Percentage	42.626894276174106
#Duplication Level	Relative count
1	100.0
2	24.138851342625674
3	12.548965588491042
4	7.973965373257686
5	5.301628025104819
6	3.877644141778516
7	2.7472385560424613
8	2.1196180899331054
9	1.6065017692181864
10++	11.872271917212641
>>END_MODULE
>>Overrepresented sequences	pass
>>END_MODULE
>>Kmer Content	warn
#Sequence	Count	Obs/Exp Overall	Obs/Exp Max	Max Obs/Exp Position
AAAAA	20158200	4.298371	8.278543	72
TTTTT	17046345	3.4905033	6.133007	72
CCTGG	7119300	3.1650672	12.339246	3
GGGGG	5825805	3.0732024	5.565311	72
CCAGG	6623430	2.9685729	12.4692545	3
CCCAG	6482650	2.9320433	11.505821	2
CTGGG	6548710	2.885017	11.352309	4
CCAGC	6095870	2.7571063	6.6898527	3
GGAGG	5966290	2.6258078	5.9674244	6
GCTGG	5889670	2.5946786	7.1805973	3
CAGCC	5486310	2.4814076	5.8400893	9
TCCAG	6480145	2.4035532	8.518146	2
CTCCA	6346960	2.3756793	6.4650054	1
GGCTG	5388170	2.373744	8.369218	7
CAGGA	6315455	2.3401282	9.777544	4
CAGCA	6247480	2.336108	6.461861	4
CTCCT	6257885	2.3234353	6.2251277	1
AGGAG	6289590	2.3094273	7.009648	5
GCCTG	5175970	2.30111	7.7535734	7
TGCTG	6297190	2.2958508	7.41661	2
TCCTG	6181895	2.2744248	8.819666	2
CCTGC	5061760	2.270912	6.4062977	3
GGCAG	5100960	2.2654972	6.4407973	7
CTGCC	5046980	2.264281	5.8653436	9
CTGGA	6097475	2.2411244	8.459978	4
CTGCA	6015385	2.231169	6.8544908	4
GCAGG	4994975	2.2184262	6.8480625	3
CCCTG	4878540	2.188712	9.039565	2
TGCAG	5884280	2.1627648	7.1067967	2
CAGAG	5831800	2.1609147	7.493339	4
CTCTG	5807600	2.1367152	7.346293	2
CTGCT	5790355	2.1303709	6.4225936	9
GCTGC	4740785	2.1076374	5.5136695	8
CAGGC	4692945	2.1033432	6.5100117	4
AGCAG	5644410	2.0914793	5.3462305	7
TGGAG	5725650	2.085392	6.4234295	5
GGGAG	4710545	2.0731454	5.5772724	7
CAGGG	4667240	2.0728686	9.153602	4
CTGGC	4638295	2.062073	5.8782096	4
GCCAG	4581025	2.0531816	5.5145903	2
CCCCA	4475500	2.042737	6.755924	1
AGCTG	5547095	2.0388324	5.791637	7
GGAGA	5431850	1.9944801	5.4336424	6
CTCAG	5318650	1.9727427	6.1426463	2
CAGAA	6364940	1.9676719	5.311076	4
CTGAG	5292130	1.9451202	5.8989477	4
CACAG	5144510	1.9236766	6.464554	7
CTGTG	5234560	1.9084338	8.670569	9
TTCTG	6304145	1.902074	5.210817	2
GGCCA	4240710	1.9006549	6.6991496	1
TGGGG	4297015	1.8758857	6.3015585	5
CCAGA	4919675	1.8396047	6.497775	3
CCTCT	4898740	1.8188106	5.5370574	1
TGGCC	4052945	1.8018404	6.069353	5
TCTGG	4908360	1.7895064	6.33552	3
CACTG	4812110	1.7848618	7.113348	7
ACCTG	4734480	1.756068	5.4490013	7
CAGTG	4746340	1.7445152	6.218681	9
GCCCA	3823745	1.7294449	7.1747794	1
CCTGA	4638685	1.7205366	5.605034	3
TCAGG	4508635	1.6571469	5.9097395	3
ACAGA	5355420	1.6555866	5.5323534	8
AGCCT	4457175	1.6532127	5.494047	6
TGGGC	3744265	1.649526	6.647073	5
GGCCT	3692920	1.641782	5.241823	6
GGGCC	3055910	1.6416551	5.4206085	6
CCTGT	4396665	1.6176083	5.6276603	8
GAGAG	4399890	1.6155624	5.048766	7
AGGTG	4340475	1.5808845	5.3656178	7
CTTGG	4241770	1.5464787	5.029894	3
AGGCT	4132650	1.5189538	5.0063214	6
CTGTC	3938145	1.448911	5.851463	9
GCCCT	3196645	1.4341452	5.960242	1
GGGCT	3249440	1.4315321	5.8769608	6
GACAG	3812155	1.4125557	6.7237344	7
GTGTG	3855665	1.3929744	7.337378	1
GCTGT	3812285	1.3898959	5.057564	8
ACAGC	3701165	1.3839694	5.1387453	8
ACACA	4401015	1.3729801	5.497693	6
TGTGT	4552200	1.3610356	5.1429396	10
CACAC	3570920	1.3474767	6.0262837	5
AGGGC	3021895	1.3421189	5.465256	5
AGACA	4309775	1.3323336	5.1697874	6
ACTGC	3461885	1.2840493	5.1116796	8
GGACA	3242180	1.201357	5.53029	6
GTGCT	3249035	1.1845441	6.36896	1
GTCCT	3153935	1.1603866	6.713957	1
GTCCA	3068565	1.1381627	6.4362555	1
GTCTT	3737250	1.1275955	5.405012	1
AGCAC	3013685	1.1269015	5.2207804	5
TGTGC	3049795	1.1119045	5.124109	10
TGCAC	2941355	1.0909792	5.6259704	5
AGGAC	2929345	1.0854392	6.1497726	5
GTGCA	2903275	1.0670975	6.219334	1
GCACT	2847810	1.0562824	5.120846	6
TGGAC	2827305	1.0391748	5.656744	5
GACTG	2755915	1.0129354	5.769058	7
AGACT	3297405	1.0111407	5.2316713	6
ACAGT	3277975	1.0051825	5.157405	8
ACTGT	3302215	1.0044438	5.953291	8
GGACT	2540525	0.9337689	5.046807	6
GTGTA	2008290	0.60533196	5.48643	1
>>END_MODULE
