##FastQC	0.10.1
>>Basic Statistics	pass
#Measure	Value	
Filename	004-primary_S1_L001_R1_001.fastq.gz	
File type	Conventional base calls	
Encoding	Sanger / Illumina 1.9	
Total Sequences	28053590	
Filtered Sequences	0	
Sequence length	35-75	
%GC	46	
>>END_MODULE
>>Per base sequence quality	pass
#Base	Mean	Median	Lower Quartile	Upper Quartile	10th Percentile	90th Percentile
1	31.31558620483154	32.0	32.0	32.0	32.0	32.0
2	31.38443015671078	32.0	32.0	32.0	32.0	32.0
3	31.463395736517146	32.0	32.0	32.0	32.0	32.0
4	31.550910168716374	32.0	32.0	32.0	32.0	32.0
5	31.503453675625828	32.0	32.0	32.0	32.0	32.0
6	35.08095238434724	36.0	36.0	36.0	36.0	36.0
7	35.09521897197471	36.0	36.0	36.0	36.0	36.0
8	35.03728660039589	36.0	36.0	36.0	36.0	36.0
9	35.17325679173325	36.0	36.0	36.0	36.0	36.0
10	35.05595440726125	36.0	36.0	36.0	36.0	36.0
11	35.15104961610974	36.0	36.0	36.0	36.0	36.0
12	35.08249717772306	36.0	36.0	36.0	36.0	36.0
13	35.119325120243076	36.0	36.0	36.0	36.0	36.0
14	35.0965394090382	36.0	36.0	36.0	36.0	36.0
15	35.05072598551558	36.0	36.0	36.0	36.0	36.0
16	35.06674240266575	36.0	36.0	36.0	36.0	36.0
17	35.0617812550907	36.0	36.0	36.0	36.0	36.0
18	35.06271810488426	36.0	36.0	36.0	36.0	36.0
19	35.05370392880198	36.0	36.0	36.0	36.0	36.0
20	35.054293585954596	36.0	36.0	36.0	36.0	36.0
21	35.04256446322913	36.0	36.0	36.0	36.0	36.0
22	35.030261688432745	36.0	36.0	36.0	36.0	36.0
23	35.004348284836276	36.0	36.0	36.0	36.0	36.0
24	34.99638976687119	36.0	36.0	36.0	36.0	36.0
25	34.981844498333366	36.0	36.0	36.0	36.0	36.0
26	34.93290356064946	36.0	36.0	36.0	36.0	36.0
27	34.920298329019566	36.0	36.0	36.0	36.0	36.0
28	34.90597763067044	36.0	36.0	36.0	36.0	36.0
29	34.89598810704798	36.0	36.0	36.0	36.0	36.0
30	34.873458548442464	36.0	36.0	36.0	36.0	36.0
31	34.85722387045651	36.0	36.0	36.0	36.0	36.0
32	34.839106581368014	36.0	36.0	36.0	36.0	36.0
33	34.82252973683582	36.0	36.0	36.0	36.0	36.0
34	34.82876573016145	36.0	36.0	36.0	36.0	36.0
35	34.81673710922559	36.0	36.0	36.0	36.0	36.0
36	34.85213199942286	36.0	36.0	36.0	36.0	36.0
37	34.83694384150422	36.0	36.0	36.0	36.0	36.0
38	34.823666520655124	36.0	36.0	36.0	36.0	36.0
39	34.82165460609129	36.0	36.0	36.0	36.0	36.0
40	34.809281333050265	36.0	36.0	36.0	36.0	36.0
41	34.79975340865696	36.0	36.0	36.0	36.0	36.0
42	34.78451515040353	36.0	36.0	36.0	32.0	36.0
43	34.77106034032239	36.0	36.0	36.0	32.0	36.0
44	34.757710991108254	36.0	36.0	36.0	32.0	36.0
45	34.75022672113138	36.0	36.0	36.0	32.0	36.0
46	34.743095936572956	36.0	36.0	36.0	32.0	36.0
47	34.73729822477359	36.0	36.0	36.0	32.0	36.0
48	34.715719700048176	36.0	36.0	36.0	32.0	36.0
49	34.69238098978432	36.0	36.0	36.0	32.0	36.0
50	34.677993312732106	36.0	36.0	36.0	32.0	36.0
51	34.6639029341112	36.0	36.0	36.0	32.0	36.0
52	34.65007787071573	36.0	36.0	36.0	32.0	36.0
53	34.62602458664634	36.0	36.0	36.0	32.0	36.0
54	34.60062709932411	36.0	36.0	36.0	32.0	36.0
55	34.58067996342386	36.0	36.0	36.0	32.0	36.0
56	34.56680084716643	36.0	36.0	36.0	32.0	36.0
57	34.540549759298514	36.0	36.0	36.0	32.0	36.0
58	34.51582328418079	36.0	36.0	36.0	32.0	36.0
59	34.498760449957565	36.0	36.0	36.0	32.0	36.0
60	34.47666575950435	36.0	36.0	36.0	32.0	36.0
61	34.445845259574035	36.0	36.0	36.0	32.0	36.0
62	34.42283040499157	36.0	36.0	36.0	32.0	36.0
63	34.39149693802055	36.0	36.0	36.0	32.0	36.0
64	34.37139583763309	36.0	36.0	36.0	32.0	36.0
65	34.33151849526774	36.0	36.0	36.0	32.0	36.0
66	34.298654726170795	36.0	36.0	36.0	32.0	36.0
67	34.280211874076656	36.0	36.0	36.0	32.0	36.0
68	34.2503461113457	36.0	36.0	36.0	32.0	36.0
69	34.22441088841001	36.0	36.0	36.0	32.0	36.0
70	34.2010521206923	36.0	36.0	36.0	32.0	36.0
71	34.150003361050786	36.0	36.0	36.0	32.0	36.0
72	34.13580124792749	36.0	36.0	36.0	32.0	36.0
73	34.109562781794125	36.0	36.0	36.0	32.0	36.0
74	34.05568534705769	36.0	36.0	36.0	32.0	36.0
75	33.26947929035043	36.0	36.0	36.0	27.0	36.0
>>END_MODULE
>>Per sequence quality scores	pass
#Quality	Count
2	43981.0
3	0.0
4	0.0
5	0.0
6	0.0
7	0.0
8	0.0
9	0.0
10	0.0
11	0.0
12	0.0
13	0.0
14	0.0
15	0.0
16	3.0
17	5.0
18	54.0
19	410.0
20	1941.0
21	6001.0
22	14532.0
23	29032.0
24	53270.0
25	94465.0
26	153383.0
27	235214.0
28	338980.0
29	465376.0
30	619390.0
31	816696.0
32	1123558.0
33	1752865.0
34	4053554.0
35	1.825088E7
>>END_MODULE
>>Per base sequence content	fail
#Base	G	A	T	C
1	41.72962788231029	18.570163877793462	12.749825574184223	26.950382665712024
2	15.963128755456438	19.77582454116231	36.30425278095943	27.956793922421824
3	18.629138776828118	21.48810815033301	28.479178070493248	31.403575002345622
4	13.176410281200285	15.357315412721398	35.210195186944595	36.25607911913372
5	14.972019066742417	34.92941297395476	33.96032768611658	16.13824027318625
6	34.50467284513751	34.926275657103616	16.199291695278358	14.369759802480514
7	30.452646203255583	29.56380101366667	20.42876582109235	19.554786961985393
8	26.414292323752182	34.8705760226785	19.63104875901695	19.084082894552363
9	24.701981921974177	16.144546515527075	19.65871770893613	39.49475385356262
10	14.449092413185232	27.645596741146704	34.328643025944636	23.576667819723426
11	34.61915695242733	22.53419099257861	23.230417318080928	19.616234736913132
12	22.37836877929838	24.044628380837732	30.438850957432535	23.13815188243136
13	27.68243462304808	20.480135205424926	26.10598886585982	25.731441305667175
14	20.780532580682994	20.282129630108965	27.01336494645649	31.923972842751546
15	23.015436175741648	28.909905973999695	23.2044285684551	24.87022928180356
16	22.989278472491602	28.53018088304572	24.967508385983557	23.51303225847912
17	21.83185612118501	27.928037028990797	27.202198690047148	23.037908159777047
18	22.342729239012826	27.71752188923203	27.532798413563086	22.40695045819205
19	22.66083266543716	27.14527840515212	27.52438066486721	22.66950826454351
20	22.731738250781174	26.956983910804972	27.45562824784396	22.8556495905699
21	22.667694933275907	26.686203303817617	27.33903668803232	23.30706507487416
22	22.55979010631673	26.500873325293473	27.5884786538791	23.350857914510694
23	22.645492845370345	26.62678765775509	27.31286065369976	23.41485884317481
24	22.657306640731758	26.511773156133668	27.504782376647956	23.32613782648662
25	22.87087524905408	26.467368421954586	27.164710918043138	23.4970454109482
26	22.485322804756038	26.757981519841994	27.34632604118108	23.410369634220885
27	22.489493605194333	26.757139907134725	27.41798814178335	23.335378345887598
28	22.653597199446804	26.616233736072502	27.433089123093435	23.29707994138726
29	22.358516365817437	26.827419884610993	27.56771606877642	23.246347680795157
30	22.601265660994617	26.872907220134273	27.302284561937718	23.223542556933392
31	22.831271939569024	26.938997970303692	27.138104641160826	23.09162544896646
32	22.377991781320475	26.91757675017884	27.49274365093779	23.211687817562897
33	22.498375468218782	26.77100205147455	27.54539343980132	23.18522904050535
34	22.52051786942117	26.496014278528484	27.678751245688577	23.304716606361765
35	22.48133336560798	26.738855482487757	27.501676032383465	23.278135119520798
36	22.689627685426128	27.166389045504403	27.22419954886874	22.919783720200737
37	22.77559395565774	26.90753184375923	27.19805632422066	23.11881787636237
38	22.649623085101894	27.14115514927667	27.191176363726893	23.01804540189454
39	22.641503279968024	27.022288528226536	27.372199095406668	22.964009096398776
40	22.616462170129658	26.818828767925933	27.326826986974684	23.237882074969722
41	22.66973265593441	26.998265478419697	27.320494125860932	23.011507739784957
42	22.654875297585285	26.968143438961476	27.329013130490125	23.04796813296311
43	22.752228976187414	26.748536393470573	27.228398342426864	23.27083628791515
44	22.663695189533357	27.08119598715483	27.29967491145246	22.95543391185936
45	22.71038805202985	27.010991278285847	27.18554863183652	23.093072037847787
46	22.837067908477458	27.16695691724251	27.03883360079047	22.95714157348956
47	22.557776592328526	27.240771772061766	27.250326790351554	22.95112484525815
48	22.6144351908024	27.09901808409593	27.164891941726623	23.12165478337505
49	22.66170785059618	27.012352895509572	27.299382126890038	23.026557127004203
50	22.733352261498162	27.05549321860404	27.218616787729278	22.99253773216852
51	22.83054742217845	27.071073598433692	27.112563001542956	22.9858159778449
52	22.774173746293993	27.032052369294252	27.12660611687606	23.067167767535693
53	22.691074517046964	27.059062136343886	27.19060452241047	23.059258824198675
54	22.8430119278075	27.22710961595488	27.09336742230303	22.836511033934592
55	22.839507800279428	27.121853314828652	26.996807478613633	23.041831406278284
56	22.937121482427266	27.26303926002302	26.95528790476198	22.844551352787736
57	22.688430170709946	27.14257731078884	27.176185985638472	22.992806532862737
58	22.65589309983915	26.948376236132276	27.26045805517401	23.135272608854567
59	22.5821739823893	27.10794603037033	27.25842842869954	23.05145155854083
60	22.76489108201565	27.18041873153041	27.128034825973934	22.92665536048001
61	22.91102106598435	27.211020111531592	27.001188217932164	22.87677060455189
62	22.76796469685254	27.37374691366353	26.976160835922343	22.882127553561585
63	22.8226433564145	27.304164660508444	27.00865245250721	22.864539530569846
64	22.845059814131087	27.085468376439238	27.00226988843738	23.067201920992293
65	22.645744649859022	27.138705456935874	27.196724520979526	23.018825372225578
66	22.774648737914617	27.140626968646934	27.011461540851094	23.07326275258735
67	22.736726196034276	27.17984770824269	27.090454856648687	22.992971239074347
68	22.791240008701273	27.378990007349234	27.101610696355056	22.728159287594433
69	23.021760535447736	27.32654877696017	26.95476564295276	22.696925044639336
70	23.00573204856658	27.166171307110503	26.955891636797812	22.872205007525103
71	22.928314806239865	27.356395602032485	26.872952951328234	22.84233664039942
72	22.935539741271974	27.506705252873857	27.107379137861788	22.450375867992385
73	23.51561445550107	28.08617842946502	27.245561106219096	21.152646008814813
74	24.84233943640557	30.458447980847442	27.165137443015507	17.534075139731485
75	30.45727954991709	40.838738282004925	28.703982168077992	0.0
>>END_MODULE
>>Per base GC content	fail
#Base	%GC
1	68.68001054802232
2	43.91992267787826
3	50.03271377917374
4	49.432489400334006
5	31.110259339928664
6	48.87443264761803
7	50.007433165240975
8	45.498375218304545
9	64.1967357755368
10	38.02576023290866
11	54.23539168934046
12	45.516520661729736
13	53.41387592871526
14	52.70450542343455
15	47.88566545754521
16	46.50231073097072
17	44.86976428096205
18	44.749679697204876
19	45.330340929980665
20	45.587387841351074
21	45.974760008150064
22	45.91064802082742
23	46.060351688545154
24	45.983444467218376
25	46.367920660002284
26	45.89569243897692
27	45.82487195108193
28	45.95067714083406
29	45.60486404661259
30	45.824808217928016
31	45.92289738853548
32	45.58967959888337
33	45.68360450872413
34	45.825234475782935
35	45.75946848512878
36	45.609411405626865
37	45.89441183202012
38	45.66766848699644
39	45.605512376366796
40	45.85434424509938
41	45.68124039571937
42	45.7028434305484
43	46.02306526410256
44	45.619129101392716
45	45.80346008987763
46	45.794209481967016
47	45.50890143758668
48	45.736089974177446
49	45.68826497760038
50	45.725889993666684
51	45.81636340002335
52	45.84134151382969
53	45.75033334124564
54	45.679522961742094
55	45.88133920655771
56	45.781672835215
57	45.68123670357269
58	45.79116570869372
59	45.633625540930126
60	45.691546442495664
61	45.787791670536244
62	45.650092250414126
63	45.687182886984345
64	45.91226173512338
65	45.6645700220846
66	45.84791149050197
67	45.729697435108626
68	45.51939929629571
69	45.71868558008707
70	45.87793705609168
71	45.770651446639285
72	45.38591560926435
73	44.668260464315885
74	42.37641457613706
75	30.45727954991709
>>END_MODULE
>>Per sequence GC content	warn
#GC Content	Count
0	43997.0
1	22006.5
2	30.5
3	55.5
4	65.5
5	103.5
6	221.0
7	411.0
8	533.5
9	742.5
10	1344.0
11	2392.0
12	3090.0
13	4379.0
14	7683.5
15	12629.5
16	16526.5
17	23545.5
18	38421.0
19	57068.0
20	70206.5
21	90328.5
22	128701.5
23	172328.0
24	202038.5
25	239811.5
26	303012.0
27	367135.0
28	410587.0
29	463926.0
30	545632.0
31	624966.0
32	679042.0
33	739764.5
34	837723.5
35	928313.0
36	985842.5
37	1046051.0
38	1115959.5
39	1170737.5
40	1207895.5
41	1228004.5
42	1239082.5
43	1238205.5
44	1238267.0
45	1228834.0
46	1199060.0
47	1164331.0
48	1146809.5
49	1123597.5
50	1083384.0
51	1051350.0
52	1035632.0
53	1025544.5
54	1003083.5
55	977297.5
56	964407.0
57	948587.0
58	910587.0
59	854410.0
60	799877.0
61	736076.0
62	657360.5
63	580713.5
64	518358.0
65	463779.5
66	392764.0
67	321348.5
68	269747.0
69	230106.0
70	184875.0
71	141232.0
72	111126.0
73	90224.0
74	68198.0
75	49731.5
76	37832.5
77	29493.0
78	21059.5
79	14283.0
80	10260.5
81	7684.0
82	5150.5
83	3174.0
84	2197.5
85	1704.0
86	1222.5
87	854.5
88	678.5
89	572.0
90	433.5
91	310.5
92	264.0
93	353.0
94	336.0
95	186.0
96	142.5
97	97.5
98	44.5
99	57.5
100	82.0
>>END_MODULE
>>Per base N content	pass
#Base	N-Count
1	0.1587960756537755
2	0.15688544674674437
3	0.15679276698632866
4	0.1567749439554795
5	0.1567749439554795
6	0.17055571140805864
7	0.15679989619866833
8	0.1567749439554795
9	0.1611986202122438
10	0.15678207316781917
11	0.15691396359610305
12	0.15737379779201163
13	0.1570672416614059
14	0.1572882472439356
15	0.15683197765419685
16	0.15703872481204723
17	0.15750212361412566
18	0.15739875003520049
19	0.15683197765419685
20	0.15701020796268855
21	0.1568177192295175
22	0.1567749439554795
23	0.1569638680824807
24	0.1567749439554795
25	0.15723834275755794
26	0.1567749439554795
27	0.15677850856164932
28	0.1567749439554795
29	0.156807025411008
30	0.15753420506965418
31	0.1567749439554795
32	0.1567749439554795
33	0.1567749439554795
34	0.1567749439554795
35	0.15679989619866833
36	0.0
37	0.0
38	0.0
39	0.0
40	0.0
41	0.0
42	0.0
43	0.0
44	0.0
45	0.0
46	0.0
47	0.0
48	0.0
49	0.0
50	0.0
51	0.0
52	0.0
53	0.0
54	0.0
55	0.0
56	0.0
57	0.0
58	0.0
59	0.0
60	0.0
61	0.0
62	0.0
63	0.0
64	0.0
65	0.0
66	0.0
67	0.0
68	0.0
69	4.298159410917716E-5
70	0.0
71	0.0
72	0.0
73	0.0
74	0.0
75	0.0
>>END_MODULE
>>Sequence Length Distribution	warn
#Length	Count
35	60407.0
36	25144.0
37	31892.0
38	35875.0
39	38757.0
40	40587.0
41	42757.0
42	45820.0
43	50047.0
44	55854.0
45	60039.0
46	62539.0
47	65066.0
48	66681.0
49	68897.0
50	69768.0
51	71131.0
52	73722.0
53	76937.0
54	81545.0
55	83452.0
56	85725.0
57	88135.0
58	88973.0
59	90970.0
60	90306.0
61	91029.0
62	94344.0
63	96524.0
64	101633.0
65	104979.0
66	104385.0
67	107681.0
68	109639.0
69	119607.0
70	138404.0
71	242817.0
72	708251.0
73	1883510.0
74	5771110.0
75	1.6728651E7
>>END_MODULE
>>Sequence Duplication Levels	warn
#Total Duplicate Percentage	40.3757419202177
#Duplication Level	Relative count
1	100.0
2	26.11596623370181
3	12.510231585213603
4	7.156735483550918
5	4.571348254222854
6	3.055006655697856
7	2.043836658426279
8	1.5527205681733622
9	1.1227872905108764
10++	7.230320217612382
>>END_MODULE
>>Overrepresented sequences	warn
#Sequence	Count	Percentage	Possible Source
NNNNNNNNNNNNNNNNNNNNNNNNNNNNNNNNNNN	43981	0.1567749439554795	No Hit
>>END_MODULE
>>Kmer Content	warn
#Sequence	Count	Obs/Exp Overall	Obs/Exp Max	Max Obs/Exp Position
AAAAA	9550350	3.63998	6.9211683	71
TTTTT	8988750	3.2976036	5.837065	71
CCTGG	4617960	3.0860274	11.74953	3
CCAGG	4415760	2.973522	12.934395	3
CCCAG	4234225	2.8330128	11.319242	2
CTGGG	4143905	2.787087	9.972507	4
CCAGC	3957880	2.6481173	6.758687	3
GGAGG	3775440	2.575227	5.9328356	6
GCTGG	3781475	2.5433257	5.89414	3
TCCAG	4280700	2.4732747	9.856287	2
CAGCA	4189670	2.4392338	6.9259915	4
CAGGA	4116705	2.4122066	10.731311	4
AGGAG	4054020	2.390792	7.5253344	5
CAGCC	3560735	2.3823977	5.600931	9
CTCCA	4148095	2.3813057	7.494423	1
TGCTG	4121370	2.378341	6.5034533	2
CTGGA	4022270	2.3389442	8.819047	4
CTCCT	4095980	2.3335018	6.7996264	1
TCCTG	4046880	2.320394	9.470774	2
GGCTG	3446180	2.3178144	8.082673	7
CTGCA	3924340	2.2673793	6.839534	4
TGCAG	3860150	2.2446716	6.809051	2
GGCAG	3297335	2.2347035	6.1848445	7
CCTGC	3363420	2.2332616	6.3296275	3
GCAGG	3287150	2.2278008	6.450865	3
CAGAG	3782440	2.2163422	7.673051	4
AGCAG	3751480	2.198201	5.61025	7
CTGCC	3286830	2.182407	5.6345816	9
TGGAG	3721075	2.1777508	6.5801406	5
CTGCT	3796920	2.1770725	6.4933724	9
GCCTG	3256275	2.1760592	7.1418915	7
CCCTG	3236080	2.1487098	8.500546	2
CTCTG	3738000	2.1432889	7.1295996	2
AGCTG	3627190	2.1092057	5.9110756	7
GCTGC	3156185	2.1091723	5.480413	8
CAGGG	3110280	2.1079307	8.920044	4
CAGGC	3055745	2.0577037	6.0811887	4
GGAGA	3479785	2.0521462	5.7670503	6
CACAG	3480520	2.0263655	7.14475	7
GCCAG	3007580	2.0252697	5.0919743	2
CTGGC	3006580	2.0091963	5.1589456	4
CAGAA	3957220	2.0047624	5.5464296	4
GGGAG	2921940	1.9930547	5.238044	7
CTCAG	3436670	1.9856167	6.1904535	2
CTGTG	3428620	1.9785722	8.490492	9
CTGAG	3380720	1.9658839	5.6818705	4
CCCCA	2916915	1.9391314	6.6064625	1
TTCTG	3897065	1.9295766	5.190971	2
CCAGA	3259345	1.8975968	6.9297967	3
TCCCA	3282315	1.8842856	5.091907	2
GGCCA	2785320	1.8756024	5.8660574	1
TCTGG	3189080	1.8403397	6.1208596	3
CCTCT	3205205	1.8260225	5.285073	1
TGGGG	2684740	1.8173311	5.5061812	5
AGAGG	3065785	1.8079965	5.05745	5
ACCTG	3121855	1.8037248	5.2611346	7
CACTG	3115175	1.7998652	7.388792	7
CAGTG	3086425	1.7947518	6.416377	9
TGGCC	2662220	1.779072	5.371284	5
CCTGA	3022095	1.7460861	5.6234193	3
GCCCA	2553210	1.7082882	6.956861	1
TCAGG	2925975	1.7014505	5.94282	3
ACAGA	3317590	1.6807202	5.8401566	8
GAGAG	2809830	1.6570513	5.408164	7
AGGTG	2802630	1.6402328	5.167003	7
TGGGC	2414635	1.6240232	6.0683265	5
CCTGT	2802505	1.6068963	5.306116	8
ACAGG	2735360	1.6027997	5.1660285	8
AGCCT	2770085	1.6004813	5.1780076	6
ACAGC	2505740	1.4588467	5.8207684	8
GCTGT	2500440	1.4429424	5.0105505	8
GACAG	2450795	1.4360572	7.2172084	7
CTGTC	2490300	1.4278847	5.676772	9
GCCCT	2141870	1.4221702	5.255179	1
GGGCT	2104670	1.4155483	5.595572	6
ACACA	2811470	1.4151909	5.868071	6
CACAC	2381625	1.3777039	6.242967	5
GTGTG	2372080	1.3776946	5.824891	1
AGACA	2713845	1.3748578	5.6125264	6
AGGGC	2012825	1.3641523	5.3538933	5
GGACA	2183720	1.2795631	6.163535	6
ACTGC	2212280	1.2781966	5.3877115	8
GTGCT	2102860	1.2135087	5.3042355	1
GTCCT	2083650	1.1947201	6.339369	1
GTCCA	2058625	1.1894187	6.6499853	1
AGCAC	2004420	1.1669773	5.522618	5
AGGAC	1980545	1.1605116	6.6777678	5
TGTGC	1986065	1.1461092	5.020871	10
GTCTT	2299835	1.1387308	5.0122676	1
TGGAC	1901575	1.1057632	6.1346493	5
TGCAC	1881725	1.0872105	5.5058427	5
GTGCA	1866055	1.0851083	5.6359987	1
ACAGT	2109330	1.0604765	5.6055784	8
ACTGT	2103960	1.0497309	6.2253046	8
GACTG	1804995	1.049602	6.0982213	7
GCACT	1792245	1.0355114	5.028594	6
AGACT	2026170	1.0186675	5.303064	6
GGACT	1644750	0.95641977	5.366568	6
GTGTA	1226975	0.61612284	5.205316	1
>>END_MODULE
