##FastQC	0.10.1
>>Basic Statistics	pass
#Measure	Value	
Filename	KS26_S5_L002_R1_001.fastq.gz	
File type	Conventional base calls	
Encoding	Sanger / Illumina 1.9	
Total Sequences	20435296	
Filtered Sequences	0	
Sequence length	35-75	
%GC	46	
>>END_MODULE
>>Per base sequence quality	pass
#Base	Mean	Median	Lower Quartile	Upper Quartile	10th Percentile	90th Percentile
1	31.51647306699154	32.0	32.0	32.0	32.0	32.0
2	31.570938585866337	32.0	32.0	32.0	32.0	32.0
3	31.623066727293796	32.0	32.0	32.0	32.0	32.0
4	31.68523984188925	32.0	32.0	32.0	32.0	32.0
5	31.667111110110664	32.0	32.0	32.0	32.0	32.0
6	35.351174751762834	36.0	36.0	36.0	36.0	36.0
7	35.36333156123601	36.0	36.0	36.0	36.0	36.0
8	35.315653710129766	36.0	36.0	36.0	36.0	36.0
9	35.404649827435826	36.0	36.0	36.0	36.0	36.0
10	35.312917953329375	36.0	36.0	36.0	36.0	36.0
11	35.3848691499257	36.0	36.0	36.0	36.0	36.0
12	35.34439677311256	36.0	36.0	36.0	36.0	36.0
13	35.36713889537005	36.0	36.0	36.0	36.0	36.0
14	35.33690620385435	36.0	36.0	36.0	36.0	36.0
15	35.31232970640601	36.0	36.0	36.0	36.0	36.0
16	35.32605786576324	36.0	36.0	36.0	36.0	36.0
17	35.31778120561601	36.0	36.0	36.0	36.0	36.0
18	35.31023470372047	36.0	36.0	36.0	36.0	36.0
19	35.309573250125666	36.0	36.0	36.0	36.0	36.0
20	35.29402896831051	36.0	36.0	36.0	36.0	36.0
21	35.28863550594031	36.0	36.0	36.0	36.0	36.0
22	35.274633849198956	36.0	36.0	36.0	36.0	36.0
23	35.25866265896026	36.0	36.0	36.0	36.0	36.0
24	35.247368376753634	36.0	36.0	36.0	36.0	36.0
25	35.22994876120219	36.0	36.0	36.0	36.0	36.0
26	35.199893312042065	36.0	36.0	36.0	36.0	36.0
27	35.18097134487311	36.0	36.0	36.0	36.0	36.0
28	35.17089921281297	36.0	36.0	36.0	36.0	36.0
29	35.1566122164318	36.0	36.0	36.0	36.0	36.0
30	35.13700525796152	36.0	36.0	36.0	36.0	36.0
31	35.124229910836625	36.0	36.0	36.0	36.0	36.0
32	35.10820459855341	36.0	36.0	36.0	36.0	36.0
33	35.09490853472345	36.0	36.0	36.0	36.0	36.0
34	35.091875693897464	36.0	36.0	36.0	36.0	36.0
35	35.066030509173935	36.0	36.0	36.0	36.0	36.0
36	35.06768343674232	36.0	36.0	36.0	36.0	36.0
37	35.05827461073171	36.0	36.0	36.0	36.0	36.0
38	35.04122648092634	36.0	36.0	36.0	36.0	36.0
39	35.03360860532673	36.0	36.0	36.0	36.0	36.0
40	35.02193127942983	36.0	36.0	36.0	36.0	36.0
41	35.00312474600991	36.0	36.0	36.0	36.0	36.0
42	34.993425868177425	36.0	36.0	36.0	36.0	36.0
43	34.98477702403137	36.0	36.0	36.0	36.0	36.0
44	34.97027403816633	36.0	36.0	36.0	36.0	36.0
45	34.96269863806058	36.0	36.0	36.0	36.0	36.0
46	34.942686274840305	36.0	36.0	36.0	36.0	36.0
47	34.931933486043526	36.0	36.0	36.0	36.0	36.0
48	34.91672606116364	36.0	36.0	36.0	36.0	36.0
49	34.895978082413045	36.0	36.0	36.0	36.0	36.0
50	34.88005821852458	36.0	36.0	36.0	36.0	36.0
51	34.86732818008185	36.0	36.0	36.0	36.0	36.0
52	34.845849085550356	36.0	36.0	36.0	36.0	36.0
53	34.81959319141662	36.0	36.0	36.0	36.0	36.0
54	34.80065065902331	36.0	36.0	36.0	36.0	36.0
55	34.78025830290266	36.0	36.0	36.0	36.0	36.0
56	34.75815092198722	36.0	36.0	36.0	36.0	36.0
57	34.74234237451742	36.0	36.0	36.0	36.0	36.0
58	34.7270938919164	36.0	36.0	36.0	36.0	36.0
59	34.69449924810625	36.0	36.0	36.0	32.0	36.0
60	34.661243692502765	36.0	36.0	36.0	32.0	36.0
61	34.65331263347043	36.0	36.0	36.0	32.0	36.0
62	34.63065340174721	36.0	36.0	36.0	32.0	36.0
63	34.59649578570171	36.0	36.0	36.0	32.0	36.0
64	34.57236171513191	36.0	36.0	36.0	32.0	36.0
65	34.55288263142015	36.0	36.0	36.0	32.0	36.0
66	34.52598120215863	36.0	36.0	36.0	32.0	36.0
67	34.50184726405101	36.0	36.0	36.0	32.0	36.0
68	34.47159365826848	36.0	36.0	36.0	32.0	36.0
69	34.44672639672257	36.0	36.0	36.0	32.0	36.0
70	34.414145133635245	36.0	36.0	36.0	32.0	36.0
71	34.36496753652537	36.0	36.0	36.0	32.0	36.0
72	34.34410011970075	36.0	36.0	36.0	32.0	36.0
73	34.325729912086416	36.0	36.0	36.0	32.0	36.0
74	34.302030316813436	36.0	36.0	36.0	32.0	36.0
75	33.5472143364223	36.0	36.0	36.0	27.0	36.0
>>END_MODULE
>>Per sequence quality scores	pass
#Quality	Count
2	7566.0
3	0.0
4	0.0
5	0.0
6	0.0
7	0.0
8	0.0
9	0.0
10	4.0
11	34.0
12	285.0
13	757.0
14	366.0
15	191.0
16	152.0
17	237.0
18	329.0
19	784.0
20	2330.0
21	5669.0
22	11438.0
23	20392.0
24	35445.0
25	60320.0
26	96162.0
27	143308.0
28	202294.0
29	272525.0
30	359324.0
31	473344.0
32	653914.0
33	1034480.0
34	2421678.0
35	1.4631968E7
>>END_MODULE
>>Per base sequence content	fail
#Base	G	A	T	C
1	43.694687145066254	17.95832512214912	11.467952090825428	26.8790356419592
2	16.507433125951565	19.803977404428913	35.518485997067785	28.170103472551737
3	18.86962458687854	21.230838955068336	28.37774417092	31.521792287133128
4	13.143100089926781	14.974165019803962	35.24789097956552	36.63484391070374
5	14.884003264190394	35.02783226525904	34.340869005024054	15.747295465526518
6	35.18694930861138	34.79664651921677	15.959198599159082	14.057205573012762
7	31.11953212618338	29.502255022951644	20.105890375484698	19.272322475380278
8	26.978758775448863	34.36267759560167	19.431635330993704	19.22692829795577
9	24.813603861026166	15.3876226090711	19.442507806790083	40.35626572311265
10	14.234117055590612	27.374054777500977	34.594519312718546	23.79730885418987
11	34.715384430869214	22.406777453980446	23.309662894506634	19.568175220643703
12	22.308357316255893	24.02418673048841	30.802928176552168	22.86452777670353
13	28.129748141374495	20.293561741808805	25.960965804815316	25.61572431200138
14	20.664809451550095	20.176433804304526	27.04951184464168	32.1092448995037
15	23.014466120317824	29.085825982622644	23.061681351770364	24.838026545289175
16	23.058406391703826	28.358633093349088	25.099827538351054	23.48313297659603
17	21.912467636489705	27.873051672499997	27.175788107068076	23.038692583942215
18	22.375251679946818	27.604809736568868	27.594084119968297	22.425854463516014
19	22.753562223771652	27.037962672007932	27.401328564038717	22.8071465401817
20	22.786555334342093	26.899420542566403	27.459634526205313	22.854389596886193
21	22.62977128571198	26.58767740031046	27.289103456243417	23.493447857734143
22	22.55755217419379	26.54446388675512	27.51711684049783	23.38086709855326
23	22.611310577562627	26.615760254374106	27.315384012503507	23.457545155559764
24	22.68386693137901	26.434507315122165	27.56118127761483	23.320444475884
25	22.840229792212817	26.420905510558253	27.229226788856987	23.509637908371946
26	22.41456416839177	26.769959995192472	27.399594493274478	23.41588134314128
27	22.454380211064912	26.73628566898066	27.43270578417649	23.376628335777937
28	22.573736659208983	26.634550455294644	27.430708965512917	23.361003919983457
29	22.330432579004036	26.802474532230843	27.541978881599793	23.325114007165325
30	22.47837363762069	26.89448364106853	27.370028110525567	23.25711461078521
31	22.82221917553335	26.87097327020159	27.193136136395907	23.113671417869156
32	22.298384932934685	26.931102301290384	27.550403277138415	23.22010948863652
33	22.433856718317	26.753878671732195	27.63301423054533	23.179250379405474
34	22.467171018966898	26.538082665787826	27.77744129918839	23.217305016056883
35	22.38687328354382	26.76169785513614	27.640754548308944	23.210674313011094
36	22.506449383450256	27.139427690338902	27.493063353197517	22.86105957301333
37	22.60095632952525	26.878127813063422	27.293869169258333	23.22704668815299
38	22.493086664449592	27.191185891563073	27.313730900508133	23.0019965434792
39	22.558057589804882	27.018098839551364	27.493415167070488	22.930428403573266
40	22.58252562429684	26.79003195479499	27.460316534465644	23.167125886442523
41	22.56420451057147	26.978786242441206	27.476476506124413	22.980532740862905
42	22.457117694325774	27.054512515863145	27.50828273142534	22.980087058385745
43	22.577228917200078	26.789077277505825	27.43443235236666	23.199261452927438
44	22.48083467121814	27.140164796246584	27.474769386105553	22.904231146429723
45	22.527989631706802	27.041521754518456	27.385518686550558	23.044969927224184
46	22.632066966261405	27.107593724289703	27.246209665816085	23.014129643632813
47	22.490287857189937	27.181570096142586	27.409880463664436	22.918261583003037
48	22.441481171406828	27.09863143043083	27.35771696001127	23.10217043815107
49	22.629349298341157	26.97880404810094	27.396506152030643	22.995340501527263
50	22.55046037403594	27.105556564489913	27.383688784222706	22.960294277251446
51	22.64050819231463	27.112157285177968	27.30985023748614	22.937484285021263
52	22.62934087793497	27.05977466240668	27.281568686940368	23.029315772717986
53	22.531968169280923	27.006701302865814	27.403789553013517	23.057540974839743
54	22.678611398907343	27.25086732537309	27.31165120893792	22.758870066781643
55	22.659740416639536	27.03126937981378	27.232159678401235	23.07683052514545
56	22.749082217017904	27.240900287805957	27.136348567988904	22.873668927187236
57	22.581425975528788	27.097569253885094	27.300892289156863	23.02011248142925
58	22.5601394902929	26.971945254292677	27.292806113440882	23.17510914197354
59	22.459837267863765	27.128776019075485	27.356704075346883	23.05468263771387
60	22.610673237918704	27.141166709330665	27.3489520094744	22.899208043276236
61	22.791059945089845	27.135133000536353	27.193281142276415	22.880525912097383
62	22.719009593739464	27.26359326083008	27.151757321352783	22.865639824077668
63	22.694937183572097	27.252338788298154	27.15999300545556	22.89273102267418
64	22.731470080028192	27.006120745061057	27.12701897491035	23.1353902000004
65	22.582111617833554	27.109615010301845	27.316539159518015	22.991734212346586
66	22.674987445485193	27.241758412227764	27.07950232161256	23.003751820674488
67	22.726171910907677	27.078666330619004	27.159401245133026	23.035760513340296
68	22.726120461487096	27.338911239924848	27.192669869790027	22.74229842879803
69	22.953548898843792	27.238425573183516	27.10579031660701	22.70223521136568
70	22.99298668883382	27.04211349803845	27.06460330871794	22.900296504409788
71	22.834324839998136	27.306716067725002	27.000991718060853	22.85796737421601
72	22.82418411213836	27.463477057848195	27.200910071496715	22.511428758516725
73	23.53935322653513	28.027468806454554	27.28507430000613	21.148103667004186
74	24.806902194333468	30.421186009195544	27.323657152866392	17.448254643604596
75	30.387274986225105	40.850435023396585	28.762289990378314	0.0
>>END_MODULE
>>Per base GC content	fail
#Base	%GC
1	70.57372278702545
2	44.6775365985033
3	50.39141687401166
4	49.77794400063051
5	30.63129872971691
6	49.24415488162415
7	50.39185460156366
8	46.20568707340463
9	65.16986958413882
10	38.03142590978048
11	54.28355965151292
12	45.172885092959426
13	53.745472453375875
14	52.7740543510538
15	47.852492665606995
16	46.54153936829986
17	44.951160220431916
18	44.80110614346283
19	45.56070876395335
20	45.64094493122829
21	46.12321914344612
22	45.93841927274705
23	46.06885573312239
24	46.00431140726301
25	46.34986770058476
26	45.83044551153305
27	45.83100854684285
28	45.93474057919244
29	45.655546586169365
30	45.7354882484059
31	45.935890593402505
32	45.518494421571205
33	45.61310709772247
34	45.68447603502378
35	45.59754759655492
36	45.36750895646358
37	45.82800301767824
38	45.49508320792879
39	45.48848599337815
40	45.74965151073936
41	45.544737251434384
42	45.437204752711516
43	45.77649037012752
44	45.38506581764786
45	45.57295955893099
46	45.64619660989422
47	45.40854944019298
48	45.5436516095579
49	45.62468979986842
50	45.510754651287385
51	45.5779924773359
52	45.65865665065296
53	45.58950914412067
54	45.43748146568899
55	45.73657094178499
56	45.62275114420514
57	45.60153845695804
58	45.73524863226644
59	45.514519905577636
60	45.509881281194936
61	45.671585857187225
62	45.58464941781713
63	45.58766820624628
64	45.86686028002859
65	45.57384583018014
66	45.67873926615968
67	45.761932424247966
68	45.46841889028513
69	45.655784110209474
70	45.89328319324361
71	45.69229221421415
72	45.33561287065509
73	44.68745689353932
74	42.25515683793806
75	30.387274986225105
>>END_MODULE
>>Per sequence GC content	warn
#GC Content	Count
0	7566.0
1	3784.5
2	5.5
3	11.0
4	14.0
5	32.0
6	74.0
7	143.0
8	193.5
9	278.0
10	548.5
11	1059.0
12	1394.0
13	1996.5
14	3601.0
15	6121.0
16	8179.5
17	12437.5
18	21546.0
19	33240.0
20	41709.5
21	56073.0
22	82802.0
23	113371.0
24	134462.0
25	161956.0
26	208967.5
27	257457.0
28	290075.5
29	329288.0
30	393035.0
31	455991.5
32	496812.0
33	542632.5
34	620050.5
35	693926.0
36	737329.0
37	781324.0
38	830683.0
39	864346.0
40	888593.5
41	900593.0
42	905088.0
43	902974.0
44	903443.0
45	898366.5
46	877962.5
47	852135.0
48	839337.5
49	821536.5
50	786668.0
51	755201.5
52	738871.5
53	725959.5
54	701547.0
55	672778.5
56	655121.5
57	637827.0
58	603869.0
59	559531.0
60	521811.0
61	482750.5
62	430537.0
63	377468.5
64	336917.5
65	303641.0
66	259399.5
67	213854.5
68	181704.0
69	158076.5
70	128867.0
71	100156.5
72	80979.5
73	68331.0
74	54541.5
75	42096.5
76	33790.0
77	28210.5
78	22230.5
79	16798.5
80	13349.0
81	11201.5
82	8643.5
83	5964.0
84	4323.0
85	3461.5
86	2544.0
87	1652.5
88	1231.5
89	1034.5
90	737.0
91	487.5
92	363.5
93	321.5
94	246.0
95	163.5
96	118.0
97	102.5
98	71.0
99	106.0
100	157.0
>>END_MODULE
>>Per base N content	pass
#Base	N-Count
1	0.07825675732810526
2	0.037939259602601305
3	0.037126939585313566
4	0.03702417620963259
5	0.03702417620963259
6	0.03702417620963259
7	0.03702417620963259
8	0.03702417620963259
9	0.03702417620963259
10	0.03702417620963259
11	0.03702417620963259
12	0.03702417620963259
13	0.03702417620963259
14	0.03708289813859315
15	0.03702417620963259
16	0.03702417620963259
17	0.03710736560899338
18	0.03702417620963259
19	0.03756735405251776
20	0.03702417620963259
21	0.03731778585443539
22	0.04151151028103532
23	0.037900111649960926
24	0.03959326060165705
25	0.03986240277605962
26	0.04404634021449946
27	0.042519570061524924
28	0.052458256538099574
29	0.05022682323759832
30	0.053427168365948796
31	0.06065975261625768
32	0.0568819751864617
33	0.06788254987840646
34	0.05551669033812869
35	0.0678238279494459
36	0.026241670411571712
37	0.02580024081530524
38	0.03242253756214646
39	0.023397245797326063
40	0.023257433374142468
41	0.03242249362212197
42	0.02772200629058567
43	0.03890974034285609
44	0.032773120916520425
45	0.023754700233559238
46	0.030870475162068766
47	0.02902716510910167
48	0.03173447480994253
49	0.03735168892666462
50	0.05526058274903879
51	0.039146298006557265
52	0.03827031031480872
53	0.041662518776664346
54	0.0345944774139748
55	0.03182691700871528
56	0.035903369099616236
57	0.03625997459321616
58	0.03759276026009224
59	0.04724257396157571
60	0.046851995879095165
61	0.04101894242799543
62	0.03392415321860269
63	0.04267789313617456
64	0.03665196668448811
65	0.03174034771966849
66	0.025998392215258258
67	0.03450974273125034
68	0.025590096703072045
69	0.030477743932674148
70	0.03903722139913102
71	0.0643717580573074
72	0.028574582775858337
73	0.02787920541486606
74	0.02965187205157668
75	0.03379121276289769
>>END_MODULE
>>Sequence Length Distribution	warn
#Length	Count
35	9767.0
36	3239.0
37	4394.0
38	5237.0
39	6280.0
40	6961.0
41	7676.0
42	8671.0
43	9668.0
44	11117.0
45	12745.0
46	13418.0
47	14375.0
48	14768.0
49	15844.0
50	15911.0
51	16701.0
52	17309.0
53	18334.0
54	19856.0
55	21075.0
56	21980.0
57	23114.0
58	23642.0
59	24422.0
60	24891.0
61	25081.0
62	26117.0
63	27418.0
64	29612.0
65	31364.0
66	31376.0
67	33688.0
68	34943.0
69	43181.0
70	58186.0
71	139097.0
72	505102.0
73	1444099.0
74	4492167.0
75	1.314247E7
>>END_MODULE
>>Sequence Duplication Levels	warn
#Total Duplicate Percentage	36.36959112713375
#Duplication Level	Relative count
1	100.0
2	23.66736584648488
3	10.590639246433796
4	5.794936493316512
5	3.561173074095001
6	2.2693674099644734
7	1.5634795934953056
8	1.0890177168553936
9	0.7948977933265737
10++	5.46908257803853
>>END_MODULE
>>Overrepresented sequences	pass
>>END_MODULE
>>Kmer Content	warn
#Sequence	Count	Obs/Exp Overall	Obs/Exp Max	Max Obs/Exp Position
AAAAA	6142505	3.1786306	6.4150167	71
CCTGG	3332835	3.0015144	12.025296	3
CCAGG	3199875	2.9144273	13.471901	3
TTTTT	5915755	2.89359	5.068733	71
CCCAG	3061775	2.7718842	11.98821	2
CTGGG	2972890	2.6935427	10.681724	4
CCAGC	2853810	2.5836096	6.785216	3
CAGCA	3228920	2.5455806	7.0569587	4
GCTGG	2774385	2.5136902	6.260501	3
GGAGG	2717620	2.5052185	5.6972604	6
TGCTG	3184825	2.4697127	6.753293	2
TCCAG	3125745	2.43663	9.67078	2
CAGGA	2978500	2.3623571	10.639604	4
AGGAG	2932830	2.3402011	7.4975038	5
CAGCC	2571425	2.327961	5.478951	9
CTCCA	2990230	2.3169801	7.1546564	1
CTGGA	2937035	2.303369	8.844973	4
CTCCT	3002885	2.3007152	6.4912276	1
AGCAG	2890905	2.2928822	5.750822	7
GGCTG	2527390	2.2899039	8.62066	7
TCCTG	2948835	2.2729664	9.101756	2
CTGCT	2941800	2.2675438	6.6668124	9
GGCAG	2428455	2.2251978	6.401614	7
CCTGC	2478070	2.2183082	6.3839364	3
GCTGC	2456705	2.2124815	5.8329735	8
GCAGG	2402450	2.2013693	6.7057085	3
CTGCA	2818745	2.1973126	6.6736608	4
CAGAG	2769655	2.1967144	8.226555	4
CTGCC	2437685	2.1821566	5.779443	9
TGCAG	2781785	2.1816142	6.728069	2
CCCTG	2419865	2.1662045	9.175133	2
CTCTG	2789915	2.1504705	7.5493956	2
TGGAG	2690960	2.1231468	6.475119	5
GCCTG	2352860	2.1189597	7.401681	7
CAGGG	2290790	2.099055	9.770648	4
AGCTG	2663590	2.0889199	6.11532	7
CACAG	2592885	2.0441506	7.439072	7
CAGAA	2950700	2.0257337	5.5465713	4
CTGGC	2249265	2.0256634	5.449064	4
GCCAG	2223445	2.0251007	5.536343	2
GGAGA	2537345	2.0246308	5.683749	6
CAGGC	2218595	2.020683	6.323321	4
CTGTG	2576610	1.9980648	9.329451	9
CTCAG	2530385	1.9725256	6.4578185	2
GGGAG	2136360	1.9693884	5.4467783	7
CCCCA	2174375	1.9566715	6.960096	1
CTGAG	2481460	1.9460845	6.0884438	4
TTCTG	2910105	1.9314587	5.198864	2
CCAGA	2407035	1.8976321	7.136638	3
GGCCA	2049195	1.8663948	6.311972	1
CCTCT	2402855	1.8409914	5.53833	1
TGGGG	2003555	1.8262683	6.137064	5
TCTGG	2353585	1.8251173	6.4321537	3
CACTG	2312805	1.8029144	7.6869364	7
CAGTG	2296950	1.8013825	6.795745	9
AGAGG	2255195	1.799494	5.4002457	5
ACCTG	2286130	1.7821202	5.458112	7
TGGCC	1951915	1.7578732	5.6525135	5
CCTGA	2228050	1.7368448	5.729085	3
GAGAG	2131590	1.7008655	5.5140934	7
ACAGA	2463695	1.6913922	6.0152087	8
GCCCA	1867225	1.690435	7.8231406	1
TCAGG	2131560	1.6716754	5.9924574	3
AGGTG	2035240	1.6057886	5.248135	7
CCTGT	2071760	1.5969156	5.657073	8
GGCCT	1772315	1.5961274	5.327497	6
TGGGC	1748770	1.5844469	6.477535	5
ACAGG	1991565	1.5795829	5.0457683	8
GGGCC	1500555	1.5789292	5.4153805	6
AGGCC	1720120	1.5666751	5.0782766	5
AGCCT	1990940	1.552009	5.3324404	6
ACACA	2264105	1.5450252	6.646758	6
GTGTG	1939710	1.5132686	6.905019	1
TGTGT	2255985	1.5063686	5.9725666	10
CACAC	1915710	1.5012085	7.0981226	5
AGGCT	1887150	1.4799969	5.1973915	6
ACAGC	1874570	1.4778531	5.8819475	8
CCTTG	1894390	1.4601986	5.017476	2
GCTGT	1880380	1.4581645	5.446406	8
GCCCT	1617605	1.4480407	6.062804	1
CTGTC	1876145	1.4461352	5.8932	9
GACAG	1821645	1.4448131	7.4349637	7
GGGCT	1591180	1.4416648	6.186673	6
AGACA	2040675	1.4009776	5.9256587	6
AGAGC	1730815	1.3727726	5.1844497	5
AGGGC	1494735	1.3696283	5.9946637	5
GGACA	1628720	1.2917973	6.392083	6
ACTGC	1596340	1.2444041	5.3354387	8
GTCCT	1613655	1.2438076	7.339746	1
GTGCT	1584060	1.2283794	5.8369308	1
AGGAC	1500570	1.1901568	7.831314	5
GTCCA	1523635	1.1877279	6.7798405	1
AGCAC	1497825	1.1808388	5.847761	5
TGTGC	1519315	1.178172	5.776439	10
TGGAC	1392275	1.0918913	6.2362666	5
ACAGT	1599135	1.0855478	5.8943977	8
GTGCA	1382605	1.0843077	5.910754	1
ACTGT	1605460	1.0776302	6.647562	8
GACTG	1358640	1.0655131	6.541237	7
TGCAC	1351345	1.0534217	5.603138	5
GCACT	1304960	1.017263	5.1029067	6
AGACT	1492620	1.0132419	5.499381	6
GGACC	1088135	0.9910669	5.21842	6
ACACT	1432700	0.9667201	5.230598	6
GGACT	1221625	0.95805913	5.639489	6
GTGTA	960945	0.648914	5.6947947	1
>>END_MODULE
