##FastQC	0.10.1
>>Basic Statistics	pass
#Measure	Value	
Filename	001-F5_S2_L004_R2_001.fastq.gz	
File type	Conventional base calls	
Encoding	Sanger / Illumina 1.9	
Total Sequences	19172348	
Filtered Sequences	0	
Sequence length	35-76	
%GC	45	
>>END_MODULE
>>Per base sequence quality	pass
#Base	Mean	Median	Lower Quartile	Upper Quartile	10th Percentile	90th Percentile
1	31.426784606663723	32.0	32.0	32.0	32.0	32.0
2	31.192051698623455	32.0	32.0	32.0	32.0	32.0
3	31.21991536978152	32.0	32.0	32.0	32.0	32.0
4	31.25480561900921	32.0	32.0	32.0	32.0	32.0
5	31.23092648850313	32.0	32.0	32.0	32.0	32.0
6	34.91112663926192	36.0	36.0	36.0	36.0	36.0
7	34.89317766399817	36.0	36.0	36.0	36.0	36.0
8	34.82912416361314	36.0	36.0	36.0	36.0	36.0
9	34.942787654386414	36.0	36.0	36.0	36.0	36.0
10-14	34.84076594061405	36.0	36.0	36.0	36.0	36.0
15-19	34.760696999658045	36.0	36.0	36.0	33.6	36.0
20-24	34.69511737425171	36.0	36.0	36.0	32.0	36.0
25-29	34.62855641885908	36.0	36.0	36.0	32.0	36.0
30-34	34.5491802047407	36.0	36.0	36.0	32.0	36.0
35-39	34.51766070847259	36.0	36.0	36.0	32.0	36.0
40-44	34.4321717809516	36.0	36.0	36.0	32.0	36.0
45-49	34.30761262027505	36.0	36.0	36.0	32.0	36.0
50-54	34.15127003355644	36.0	36.0	36.0	32.0	36.0
55-59	33.99743263576501	36.0	36.0	36.0	32.0	36.0
60-64	33.849458390498555	36.0	36.0	36.0	30.0	36.0
65-69	33.72047959110615	36.0	36.0	36.0	27.0	36.0
70-74	33.59382798574573	36.0	36.0	36.0	27.0	36.0
75-76	32.67211203611818	36.0	34.0	36.0	20.5	36.0
>>END_MODULE
>>Per sequence quality scores	pass
#Quality	Count
2	40369.0
3	65.0
4	217.0
5	109.0
6	57.0
7	80.0
8	27.0
9	16.0
10	24.0
11	51.0
12	62.0
13	86.0
14	1783.0
15	6108.0
16	9115.0
17	11927.0
18	15421.0
19	19448.0
20	24848.0
21	33328.0
22	45991.0
23	65796.0
24	94591.0
25	132662.0
26	181454.0
27	237607.0
28	304592.0
29	379558.0
30	475729.0
31	607675.0
32	816428.0
33	1250505.0
34	2712820.0
35	1.1703799E7
>>END_MODULE
>>Per base sequence content	fail
#Base	G	A	T	C
1	43.156979171426066	18.449122156946654	12.378527518009738	26.01537115361754
2	16.549692345737622	19.14672407942912	37.68743017066459	26.616153404168664
3	19.899910007974665	20.994497606555033	28.642962493983454	30.46262989148685
4	13.719274540576777	14.723177824850081	36.07457402976532	35.482973604807825
5	15.35575792769903	34.404287692276334	34.91263053412691	15.32732384589773
6	34.30370948500329	34.86589014970159	16.59264032354711	14.237760041748015
7	30.219349313672257	29.568909697195373	20.765159309618248	19.44658167951412
8	26.223793768785008	35.02368906251193	20.130335056937696	18.622182111765373
9	24.852002589712928	16.13698924859331	20.425686414534507	38.585321747159256
10-14	24.060607727575903	23.147161474864856	28.4188783338747	24.373352463684537
15-19	22.481649299664504	28.19026122028296	26.397267238016088	22.930822242036452
20-24	22.575200950676873	26.883077328977368	27.674139915880914	22.867581804464844
25-29	22.427243050021886	26.986412718387527	27.56688191860219	23.019462312988402
30-34	22.447351996599775	27.05870793649008	27.6680488647023	22.82589120220785
35-39	22.510976622760175	27.282356989874003	27.50241483657826	22.704251550787564
40-44	22.5969595610336	27.217915650933218	27.510689911738677	22.674434876294505
45-49	22.578339634983013	27.380622234312884	27.344249916906044	22.696788213798058
50-54	22.59796721474278	27.488125444249533	27.321367536438807	22.59253980456888
55-59	22.616828654384218	27.447973026885414	27.217857928671773	22.7173403900586
60-64	22.724298251702855	27.503317683507067	27.20346300236338	22.568921062426693
65-69	22.741419030392585	27.637847405996723	27.12885307073941	22.49188049287128
70-74	23.017270075151327	27.889294329161128	27.092586539337766	22.00084905634978
75-76	26.99755428456223	35.20227029715803	27.969367654153277	9.830807764126467
>>END_MODULE
>>Per base GC content	fail
#Base	%GC
1	69.17235032504361
2	43.16584574990628
3	50.36253989946151
4	49.202248145384594
5	30.68308177359676
6	48.5414695267513
7	49.66593099318638
8	44.845975880550384
9	63.43732433687218
10-14	48.43396019126044
15-19	45.41247154170095
20-24	45.44278275514172
25-29	45.446705363010295
30-34	45.27324319880762
35-39	45.215228173547736
40-44	45.271394437328105
45-49	45.27512784878107
50-54	45.19050701931166
55-59	45.33416904444282
60-64	45.293219314129544
65-69	45.23329952326387
70-74	45.01811913150111
75-76	36.828362048688696
>>END_MODULE
>>Per sequence GC content	warn
#GC Content	Count
0	40398.0
1	20242.5
2	148.5
3	283.5
4	361.0
5	434.0
6	637.5
7	966.5
8	1169.5
9	1462.5
10	2204.5
11	3514.5
12	4392.0
13	5324.5
14	7687.5
15	11393.5
16	17088.0
17	21543.5
18	28247.0
19	41309.0
20	58111.5
21	70684.0
22	88229.5
23	118994.5
24	151599.5
25	173915.0
26	202603.5
27	248747.0
28	294881.5
29	327309.5
30	367292.5
31	428840.5
32	488124.5
33	528811.5
34	581213.5
35	656428.0
36	719276.0
37	759124.0
38	793816.5
39	829109.5
40	842557.0
41	844400.0
42	851384.5
43	855326.5
44	847444.0
45	831671.5
46	821261.0
47	807573.0
48	782848.5
49	757486.0
50	741128.5
51	723243.0
52	695391.0
53	670607.0
54	658084.0
55	643386.0
56	620497.5
57	596159.5
58	573014.5
59	542564.5
60	497725.5
61	445946.0
62	404953.0
63	365920.5
64	315883.5
65	270036.5
66	224497.0
67	191655.5
68	165902.0
69	134631.0
70	105144.0
71	85435.5
72	71319.5
73	56472.5
74	43405.0
75	34651.5
76	29145.5
77	23450.5
78	17815.5
79	14154.0
80	12045.5
81	9619.0
82	7137.5
83	5594.5
84	4592.5
85	3577.5
86	2826.0
87	2434.0
88	2134.5
89	1794.5
90	1528.0
91	1373.0
92	1297.5
93	1250.5
94	1154.5
95	1089.5
96	1078.5
97	1106.0
98	1303.0
99	10965.0
100	20460.0
>>END_MODULE
>>Per base N content	pass
#Base	N-Count
1	0.22704574317136328
2	0.23658030826479887
3	0.2178345604826284
4	0.2139696191619305
5	0.21060539898399505
6	0.21082446448395367
7	0.21213885748370517
8	0.21246223988840596
9	0.21525793293549647
10-14	0.21532365258548403
15-19	0.2190039529847883
20-24	0.22026931703931096
25-29	0.22030374161787591
30-34	0.22081176494397034
35-39	0.05408762549240592
40-44	0.011853312549589367
45-49	0.0123100837418659
50-54	0.011634528984541967
55-59	0.01203525318185852
60-64	0.011929840545106903
65-69	0.009451834026707491
70-74	0.009857148812241194
75-76	0.010263181034901378
>>END_MODULE
>>Sequence Length Distribution	warn
#Length	Count
35	54036.0
36	20318.0
37	26015.0
38	28327.0
39	30629.0
40	31337.0
41	32629.0
42	35192.0
43	38484.0
44	42002.0
45	44892.0
46	46161.0
47	47934.0
48	49308.0
49	50936.0
50	50619.0
51	52387.0
52	53154.0
53	55844.0
54	58609.0
55	60487.0
56	61843.0
57	63516.0
58	63834.0
59	64336.0
60	65458.0
61	65093.0
62	66868.0
63	67456.0
64	71316.0
65	73115.0
66	75104.0
67	75405.0
68	74852.0
69	79402.0
70	81546.0
71	95728.0
72	166318.0
73	466080.0
74	1230244.0
75	3842923.0
76	1.1412611E7
>>END_MODULE
>>Sequence Duplication Levels	warn
#Total Duplicate Percentage	32.72382673252743
#Duplication Level	Relative count
1	100.0
2	21.640538331289775
3	8.700443743796345
4	4.503123722776902
5	2.569772873241081
6	1.6779062299293512
7	1.0816255035908215
8	0.810854206807964
9	0.5794943656215332
10++	4.404595083785836
>>END_MODULE
>>Overrepresented sequences	warn
#Sequence	Count	Percentage	Possible Source
NNNNNNNNNNNNNNNNNNNNNNNNNNNNNNNNNNN	40369	0.2105584563768611	No Hit
GGGGGGGGGGGGGGGGGGGGGGGGGGGGGGGGGGGGGGGGGGGGGGGGGG	20460	0.10671619355125411	No Hit
>>END_MODULE
>>Kmer Content	warn
#Sequence	Count	Obs/Exp Overall	Obs/Exp Max	Max Obs/Exp Position
AAAAA	7771470	4.105995	8.344995	72
GGGGG	3242190	3.7329464	6.8055363	72
TTTTT	6863140	3.4942331	6.08346	72
CCTGG	3037495	3.0353842	11.85318	3
CCAGG	2895165	2.9146655	12.076033	3
CCCAG	2747985	2.7964728	10.575964	2
CTGGG	2726685	2.69558	9.918265	4
CCAGC	2576070	2.6215243	6.5563726	3
CAGCA	2931755	2.5257099	6.908626	4
GGAGG	2540700	2.503266	5.811619	6
GCTGG	2493230	2.4647882	6.1870823	3
TGCTG	2928600	2.4592373	7.2215457	2
TCCAG	2844310	2.4322906	9.547103	2
CTCCA	2716550	2.3482108	7.1076436	1
CAGCC	2306225	2.346918	5.400446	9
CTCCT	2720190	2.3340027	6.817426	1
CAGGA	2719985	2.3181493	9.865434	4
AGGAG	2729230	2.301093	6.962878	5
CTGGA	2690345	2.2759655	8.945231	4
TCCTG	2676685	2.2720532	9.447425	2
CTGCT	2670135	2.2664936	6.450335	9
GGCTG	2286280	2.2601988	7.765545	7
AGCAG	2636435	2.2469425	5.32523	7
CCTGC	2193675	2.2159057	6.2379866	3
GCTGC	2216045	2.2145052	5.450339	8
CTGCA	2580100	2.2063534	6.6801987	4
CTTCT	3055805	2.2032819	5.1416955	1
GGCAG	2200660	2.1917322	5.831117	7
CTGCC	2167875	2.1898444	5.6140814	9
CAGAG	2549170	2.1725698	7.2593365	4
GCAGG	2177850	2.169015	6.346283	3
TGCAG	2549915	2.157165	6.857631	2
CCCTG	2128940	2.1505148	8.538087	2
CTCTG	2528030	2.1458702	7.2874064	2
GCCTG	2134455	2.1329718	6.616668	7
TGGAG	2492480	2.085972	6.4565587	5
CAGGG	2068525	2.0601332	8.548906	4
AGCTG	2415755	2.043669	5.717575	7
CACAG	2341375	2.017097	7.0522847	7
CCCCA	1949140	2.0050266	6.355353	1
CAGGC	1990085	2.0034893	5.736654	4
CTGGC	1992465	1.9910805	5.164998	4
CTGTG	2361785	1.983265	8.605538	9
GGAGA	2348685	1.9802446	5.4998155	6
CAGAA	2712830	1.9785085	5.3753395	4
GGGAG	1984780	1.955537	5.0337048	7
CTCAG	2265800	1.937582	5.9208984	2
CTGAG	2252830	1.9058385	5.599774	4
TTCTG	2666205	1.9017661	5.3867707	2
CCAGA	2166540	1.8664764	6.5034976	3
CCTCT	2151195	1.8457882	5.362537	1
GGCCA	1821390	1.8336579	5.640191	1
TGGGG	1855110	1.8142874	5.471903	5
CAGTG	2141275	1.8114657	6.2075143	9
CACTG	2112530	1.8065144	7.27487	7
TCTGG	2151055	1.8063085	6.2337923	3
ACCTG	2081905	1.7803257	5.184192	7
TGGCC	1752730	1.7515122	5.1736593	5
CCTGA	1993635	1.7048422	5.518932	3
GCCCA	1651535	1.6806761	6.479695	1
ACAGA	2297805	1.6758245	5.814068	8
GAGAG	1965040	1.6567823	5.293345	7
TCAGG	1936550	1.6382734	5.635605	3
CCTGT	1893100	1.6069221	5.322663	8
TGGGC	1604275	1.5859741	5.9493537	5
GTGTG	1907325	1.5844709	7.4207788	1
ACACA	2133220	1.5726492	6.215916	6
CACAC	1773105	1.5440845	6.338173	5
TGTGT	2173115	1.5334351	5.8208566	10
ACAGC	1704640	1.4685491	5.5919523	8
GCTGT	1732440	1.4547844	5.0823092	8
CTGTC	1711360	1.4526556	5.710094	9
GACAG	1669455	1.4228189	6.8033915	7
GCCCT	1395195	1.409334	5.3691406	1
GGGCT	1415205	1.399061	5.458775	6
AGACA	1863695	1.3592215	5.24282	6
AGGGC	1336895	1.3314713	5.085292	5
GTCCT	1504395	1.2769772	8.536892	1
GGACA	1492365	1.2718912	6.0369163	6
ACTGC	1457225	1.2461351	5.166665	8
GTGCT	1456290	1.2228925	6.2136726	1
AGGAC	1408285	1.2002327	8.04279	5
GTCCA	1391315	1.1897727	6.776354	1
TGTGC	1412885	1.1864439	5.6103578	10
AGCAC	1362625	1.1739028	5.4243555	5
GTCTT	1586250	1.1314496	5.440957	1
TGGAC	1297750	1.0978644	5.981692	5
GTGCA	1290960	1.0921203	5.829275	1
TGCAC	1274895	1.090217	5.391156	5
ACAGT	1475245	1.0679778	5.3914614	8
ACTGT	1465570	1.0531431	6.145665	8
GACTG	1217835	1.0302583	5.802552	7
GGACC	989825	0.996492	5.0911326	6
GGACT	1109935	0.93897754	5.1714244	6
TGTAG	1287790	0.91547185	5.072339	2
TCCTA	1080295	0.7847007	5.028832	2
TAGGA	1085705	0.77755135	5.071122	4
GTGTA	926335	0.65851855	5.636443	1
>>END_MODULE
