##FastQC	0.10.1
>>Basic Statistics	pass
#Measure	Value	
Filename	005-F5_S2_L002_R1_001.fastq.gz	
File type	Conventional base calls	
Encoding	Sanger / Illumina 1.9	
Total Sequences	17961962	
Filtered Sequences	0	
Sequence length	35-75	
%GC	46	
>>END_MODULE
>>Per base sequence quality	pass
#Base	Mean	Median	Lower Quartile	Upper Quartile	10th Percentile	90th Percentile
1	31.304210809487294	32.0	32.0	32.0	32.0	32.0
2	31.357950206107773	32.0	32.0	32.0	32.0	32.0
3	31.45353770373192	32.0	32.0	32.0	32.0	32.0
4	31.5443365819391	32.0	32.0	32.0	32.0	32.0
5	31.488856172839025	32.0	32.0	32.0	32.0	32.0
6	35.08479725099073	36.0	36.0	36.0	36.0	36.0
7	35.0940239713234	36.0	36.0	36.0	36.0	36.0
8	35.02366283816879	36.0	36.0	36.0	36.0	36.0
9	35.18135902970956	36.0	36.0	36.0	36.0	36.0
10	35.03897564197052	36.0	36.0	36.0	36.0	36.0
11	35.14278946809931	36.0	36.0	36.0	36.0	36.0
12	35.07889466640671	36.0	36.0	36.0	36.0	36.0
13	35.11680383245438	36.0	36.0	36.0	36.0	36.0
14	35.08961003257885	36.0	36.0	36.0	36.0	36.0
15	35.04177778574523	36.0	36.0	36.0	36.0	36.0
16	35.05787569308965	36.0	36.0	36.0	36.0	36.0
17	35.050804305231246	36.0	36.0	36.0	36.0	36.0
18	35.05120804731688	36.0	36.0	36.0	36.0	36.0
19	35.04977011976754	36.0	36.0	36.0	36.0	36.0
20	35.03688633791787	36.0	36.0	36.0	36.0	36.0
21	35.03146315530564	36.0	36.0	36.0	36.0	36.0
22	35.020770949186954	36.0	36.0	36.0	36.0	36.0
23	34.99678776739423	36.0	36.0	36.0	36.0	36.0
24	34.98430344079338	36.0	36.0	36.0	36.0	36.0
25	34.96835902447628	36.0	36.0	36.0	36.0	36.0
26	34.91377912947372	36.0	36.0	36.0	36.0	36.0
27	34.89831550695854	36.0	36.0	36.0	36.0	36.0
28	34.87826374423908	36.0	36.0	36.0	36.0	36.0
29	34.87389439973206	36.0	36.0	36.0	36.0	36.0
30	34.84604354468627	36.0	36.0	36.0	36.0	36.0
31	34.827075850622556	36.0	36.0	36.0	36.0	36.0
32	34.8054415213661	36.0	36.0	36.0	36.0	36.0
33	34.795659126770225	36.0	36.0	36.0	36.0	36.0
34	34.7968854404658	36.0	36.0	36.0	36.0	36.0
35	34.7905293419505	36.0	36.0	36.0	36.0	36.0
36	34.80896095528308	36.0	36.0	36.0	36.0	36.0
37	34.7965596291868	36.0	36.0	36.0	32.0	36.0
38	34.78305382701736	36.0	36.0	36.0	32.0	36.0
39	34.77570514437578	36.0	36.0	36.0	32.0	36.0
40	34.76634388503466	36.0	36.0	36.0	32.0	36.0
41	34.74960321058425	36.0	36.0	36.0	32.0	36.0
42	34.737710612084854	36.0	36.0	36.0	32.0	36.0
43	34.72186430289934	36.0	36.0	36.0	32.0	36.0
44	34.71006218739105	36.0	36.0	36.0	32.0	36.0
45	34.6974039486344	36.0	36.0	36.0	32.0	36.0
46	34.67947924275445	36.0	36.0	36.0	32.0	36.0
47	34.6772112191926	36.0	36.0	36.0	32.0	36.0
48	34.65622048981647	36.0	36.0	36.0	32.0	36.0
49	34.63609553845706	36.0	36.0	36.0	32.0	36.0
50	34.61762488053206	36.0	36.0	36.0	32.0	36.0
51	34.60711338702908	36.0	36.0	36.0	32.0	36.0
52	34.59677977637935	36.0	36.0	36.0	32.0	36.0
53	34.572111570265406	36.0	36.0	36.0	32.0	36.0
54	34.55182146121689	36.0	36.0	36.0	32.0	36.0
55	34.52269948352219	36.0	36.0	36.0	32.0	36.0
56	34.5106178261788	36.0	36.0	36.0	32.0	36.0
57	34.4899953404764	36.0	36.0	36.0	32.0	36.0
58	34.45733283051525	36.0	36.0	36.0	32.0	36.0
59	34.43825073290943	36.0	36.0	36.0	32.0	36.0
60	34.4129429083245	36.0	36.0	36.0	32.0	36.0
61	34.389847115319284	36.0	36.0	36.0	32.0	36.0
62	34.366975540719295	36.0	36.0	36.0	32.0	36.0
63	34.3416122270082	36.0	36.0	36.0	32.0	36.0
64	34.310239249556766	36.0	36.0	36.0	32.0	36.0
65	34.28239933606832	36.0	36.0	36.0	32.0	36.0
66	34.24914340131492	36.0	36.0	36.0	32.0	36.0
67	34.22595681538546	36.0	36.0	36.0	32.0	36.0
68	34.18058815729503	36.0	36.0	36.0	32.0	36.0
69	34.17254111411906	36.0	36.0	36.0	32.0	36.0
70	34.13947071849078	36.0	36.0	36.0	32.0	36.0
71	34.1044001749735	36.0	36.0	36.0	32.0	36.0
72	34.07564624531081	36.0	36.0	36.0	32.0	36.0
73	34.04031038747987	36.0	36.0	36.0	32.0	36.0
74	34.00104127323513	36.0	36.0	36.0	32.0	36.0
75	33.25747407275691	36.0	36.0	36.0	21.0	36.0
>>END_MODULE
>>Per sequence quality scores	pass
#Quality	Count
2	26194.0
3	0.0
4	0.0
5	0.0
6	0.0
7	0.0
8	0.0
9	0.0
10	0.0
11	0.0
12	0.0
13	0.0
14	0.0
15	0.0
16	2.0
17	10.0
18	67.0
19	589.0
20	2495.0
21	6661.0
22	13340.0
23	23704.0
24	39454.0
25	64930.0
26	102153.0
27	153400.0
28	219571.0
29	302127.0
30	401338.0
31	532428.0
32	737425.0
33	1157421.0
34	2670307.0
35	1.1508346E7
>>END_MODULE
>>Per base sequence content	fail
#Base	G	A	T	C
1	43.05764227691686	18.261114452405256	11.6512899919874	27.02995327869049
2	16.13454188301276	19.80986819187224	35.9426315059383	28.1129584191767
3	18.900411735923438	21.407090011422987	28.054990452597288	31.63750780005629
4	13.02514060172946	15.242497561297627	35.23275390270436	36.49960793426855
5	14.861538128726911	35.075593083050585	33.97260713898619	16.09026164923632
6	34.833077680308975	34.9448933549988	16.04799972881005	14.174029235882177
7	30.76751996346072	29.304738999746206	20.205546815725985	19.722194221067088
8	26.61238592276382	34.669131759922145	19.530296031421017	19.188186285893018
9	24.722583650869236	15.383161478402346	19.674748227940295	40.21950664278812
10	14.197751062413372	27.271997894687544	34.70618736611807	23.824063676781012
11	34.787328962475826	22.623528130711577	23.291383828518583	19.297759078294018
12	22.412014812278176	24.09883304551753	30.721772674004043	22.767379468200254
13	27.886852728966517	20.43734654365403	25.911326346797235	25.764474380582218
14	20.455537257430827	20.502142742805574	26.99763381960304	32.04468618016056
15	22.79559137231026	29.349265767679505	23.053523300404667	24.80161955960557
16	22.837977896312015	28.443691105473768	25.36254933565215	23.355781662562062
17	21.809622882747906	28.058149568113915	27.249440614352967	22.882786934785212
18	22.23974844313002	27.704903737614206	27.77437983066812	22.280967988587655
19	22.759785268917874	27.072711150520952	27.363359942407715	22.80414363815346
20	22.766665837782636	27.000921399380744	27.544048588512716	22.6883641743239
21	22.569937233218038	26.63361203352342	27.26550604683013	23.530944686428416
22	22.469401221525818	26.734047864699388	27.540793492778253	23.255757420996538
23	22.460961805482764	26.77464382902366	27.367515012460018	23.396879353033558
24	22.62674247574357	26.50841818291604	27.68173903317947	23.18310030816092
25	22.757876886007892	26.53319891292082	27.296885196106462	23.41203900496483
26	22.28561759144369	26.975253076743588	27.488713194000923	23.250416137811797
27	22.345733486636128	26.915390081906825	27.45092398163979	23.287952449817254
28	22.37304809027414	26.817558077245423	27.428237251953753	23.38115658052669
29	22.296349771116372	26.89743368440866	27.504868488368928	23.30134805610604
30	22.364026422292355	26.956799833004048	27.47647660841211	23.20269713629149
31	22.870528878384246	26.823752403577032	27.185448652101208	23.120270065937518
32	22.201842708937804	27.073476864776573	27.575423589332782	23.14925683695284
33	22.31795148108517	26.888834645943234	27.67268176082563	23.120532112145963
34	22.36071457504427	26.66121826250213	27.8400740608291	23.137993101624502
35	22.299206814004286	26.948045938149956	27.631144649061028	23.12160259878473
36	22.41527349809808	27.26197228948573	27.537505538304202	22.785248674111987
37	22.542095491989492	26.905993897925896	27.26702770046921	23.2848829096154
38	22.386876802334296	27.371653629792398	27.290254057729555	22.951215510143744
39	22.575189200829943	27.029185297169157	27.487512854270808	22.908112647730096
40	22.647464350431353	26.819335772948925	27.490420394245913	23.042779482373803
41	22.68546045448906	26.94748481855283	27.46146454942532	22.90559017753279
42	22.438839960034063	27.17703856093456	27.50647308916725	22.877648389864127
43	22.543975886356705	26.91741043467808	27.415686787770394	23.122926891194822
44	22.386763295860852	27.25821205091494	27.41429645135093	22.940728201873284
45	22.489933505933994	27.186226196994586	27.284243542684866	23.039596754386558
46	22.582579353127695	27.114139657983994	27.243324088732372	23.05995690015594
47	22.57047090884543	27.236139265540828	27.323459834092617	22.86992999152113
48	22.355716307773584	27.23505788715903	27.31529246900541	23.09393333606198
49	22.671711868210178	26.980195198351698	27.342559139617865	23.00553379382026
50	22.48553190224999	27.327759232855485	27.27616283215041	22.910546032744115
51	22.628355903616296	27.181739317415087	27.246537792166563	22.943366986802054
52	22.570140057721947	27.242616022687333	27.207301075859903	22.979942843730818
53	22.49163620673165	27.048816533394092	27.452399483357148	23.00714777651711
54	22.615731271168173	27.36462174474265	27.2985897856867	22.721057198402477
55	22.60783509158273	26.993905654791945	27.286948814764646	23.11131043886068
56	22.68668232478348	27.318151527851132	27.083228015157996	22.911938132207393
57	22.503187389690837	27.21115666231459	27.207928488101324	23.07772745989325
58	22.52714974956562	27.115129777686757	27.201416319736825	23.156304153010794
59	22.486447496783157	27.25560557183213	27.239965227459557	23.01798170392515
60	22.569444504936467	27.193286419010192	27.38332235475686	22.85394672129648
61	22.773938836463	27.128584392759453	27.18586818835033	22.911608582427213
62	22.686325196116577	27.23272057008031	27.22106979131681	22.859884442486305
63	22.646419963547835	27.39019373304144	27.136952900014293	22.826433403396436
64	22.689487327408678	27.08771896877437	27.09780140649419	23.124992297322756
65	22.58052820238144	27.300334908797687	27.21079242129055	22.908344467530327
66	22.616596370746823	27.49386583476602	26.98367922389526	22.905858570591903
67	22.673124726642364	27.1403081312742	27.104908576415603	23.08165856566783
68	22.66210873358025	27.46776883385129	27.224137005090544	22.645985427477918
69	22.939409708491127	27.275909448003016	27.145108119105384	22.63957272440048
70	23.04629708620097	27.127594722188885	27.04927251640776	22.776835675202385
71	22.810968531208015	27.461249858795423	26.995184623482498	22.73259698651406
72	22.746150163326405	27.58829625409831	27.237232359839282	22.428321222736006
73	23.525030424649636	28.182019748306868	27.20101942817852	21.091930398864978
74	24.679335940743755	30.574901415992638	27.383941308238803	17.361821335024807
75	30.198831582106173	41.038262265256705	28.762906152637118	0.0
>>END_MODULE
>>Per base GC content	fail
#Base	%GC
1	70.08759555560735
2	44.24750030218946
3	50.537919535979725
4	49.524748535998015
5	30.95179977796323
6	49.007106916191155
7	50.48971418452781
8	45.80057220865684
9	64.94209029365736
10	38.02181473919438
11	54.08508804076983
12	45.17939428047843
13	53.65132710954873
14	52.50022343759139
15	47.59721093191583
16	46.19375955887408
17	44.69240981753312
18	44.52071643171767
19	45.563928907071336
20	45.45503001210654
21	46.100881919646454
22	45.72515864252236
23	45.85784115851632
24	45.80984278390449
25	46.16991589097272
26	45.536033729255486
27	45.63368593645338
28	45.754204670800824
29	45.59769782722241
30	45.566723558583845
31	45.99079894432176
32	45.35109954589065
33	45.43848359323113
34	45.49870767666877
35	45.42080941278901
36	45.200522172210064
37	45.82697840160489
38	45.33809231247804
39	45.48330184856004
40	45.69024383280516
41	45.591050632021854
42	45.316488349898194
43	45.66690277755153
44	45.32749149773414
45	45.52953026032055
46	45.64253625328363
47	45.440400900366555
48	45.44964964383556
49	45.67724566203044
50	45.3960779349941
51	45.57172289041836
52	45.55008290145277
53	45.49878398324876
54	45.33678846957065
55	45.71914553044341
56	45.59862045699087
57	45.58091484958409
58	45.68345390257642
59	45.504429200708316
60	45.42339122623295
61	45.685547418890216
62	45.54620963860288
63	45.47285336694427
64	45.81447962473143
65	45.488872669911764
66	45.52245494133872
67	45.754783292310194
68	45.308094161058165
69	45.57898243289161
70	45.82313276140335
71	45.54356551772207
72	45.17447138606241
73	44.61696082351461
74	42.04115727576856
75	30.198831582106173
>>END_MODULE
>>Per sequence GC content	warn
#GC Content	Count
0	26198.0
1	13103.0
2	13.5
3	29.0
4	39.5
5	62.5
6	120.0
7	233.5
8	316.0
9	420.0
10	747.5
11	1357.5
12	1774.0
13	2500.5
14	4312.0
15	7193.5
16	9518.0
17	13451.0
18	21846.0
19	32543.5
20	40140.0
21	52551.0
22	75783.0
23	101808.0
24	119542.5
25	142505.5
26	182096.5
27	222725.0
28	249902.0
29	284053.5
30	338021.5
31	391668.0
32	428354.0
33	471426.0
34	542191.5
35	611650.0
36	655317.5
37	697048.5
38	743069.0
39	770284.5
40	787336.5
41	795438.5
42	796627.5
43	796105.5
44	799204.5
45	795837.5
46	781361.0
47	763124.0
48	753984.0
49	739383.5
50	713676.5
51	688874.5
52	673130.0
53	661570.5
54	639378.0
55	615162.5
56	601173.0
57	585167.0
58	553466.5
59	514658.5
60	480624.5
61	441591.5
62	393037.0
63	344945.0
64	306857.5
65	275014.5
66	232638.0
67	189265.0
68	157734.0
69	134044.5
70	107688.5
71	82092.0
72	64471.5
73	53479.5
74	41347.0
75	30550.0
76	23647.5
77	18741.0
78	13577.5
79	9372.5
80	6925.0
81	5178.0
82	3535.0
83	2268.5
84	1515.5
85	1155.5
86	825.5
87	559.5
88	434.5
89	370.0
90	276.0
91	194.0
92	161.5
93	147.0
94	101.0
95	62.0
96	56.0
97	43.5
98	29.0
99	88.5
100	151.0
>>END_MODULE
>>Per base N content	pass
#Base	N-Count
1	0.1473280034775711
2	0.14583039425203104
3	0.14583039425203104
4	0.14583039425203104
5	0.14583039425203104
6	0.14583039425203104
7	0.14583039425203104
8	0.14584709621365416
9	0.1458359615725721
10	0.14687705051374678
11	0.1467044635769745
12	0.14642609754992245
13	0.1497275186307598
14	0.1464483668320866
15	0.1459862792271802
16	0.14699396424510863
17	0.14594174066285187
18	0.14639826094721722
19	0.14600854850934436
20	0.14586379817527728
21	0.14586936549581833
22	0.14584709621365416
23	0.14583039425203104
24	0.1458805001369004
25	0.14583039425203104
26	0.14584709621365416
27	0.14595287530393394
28	0.14583039425203104
29	0.1459194713806877
30	0.1458526635341952
31	0.14583039425203104
32	0.14583039425203104
33	0.14583039425203104
34	0.14717211850242196
35	0.14583039425203104
36	0.0
37	0.0
38	0.0
39	0.0
40	0.0
41	0.0
42	0.0
43	3.314154489817092E-4
44	0.0
45	0.0
46	0.0
47	0.0
48	0.0
49	0.0
50	0.0
51	0.0
52	0.0
53	0.0
54	0.0
55	0.0
56	0.0
57	0.0
58	0.0
59	0.0
60	0.0
61	0.0
62	0.0
63	0.0
64	0.0
65	0.0
66	0.0
67	0.0
68	0.0
69	0.0
70	0.0
71	0.0
72	0.0
73	0.0
74	0.0
75	0.004334592536989956
>>END_MODULE
>>Sequence Length Distribution	warn
#Length	Count
35	34543.0
36	12199.0
37	15863.0
38	17168.0
39	18719.0
40	18992.0
41	20299.0
42	21750.0
43	24227.0
44	26242.0
45	28462.0
46	28927.0
47	30118.0
48	30800.0
49	31650.0
50	32145.0
51	33374.0
52	34258.0
53	36441.0
54	38318.0
55	39680.0
56	40520.0
57	42135.0
58	42085.0
59	43146.0
60	44014.0
61	43985.0
62	45400.0
63	46972.0
64	49830.0
65	51780.0
66	50702.0
67	54442.0
68	54659.0
69	62551.0
70	73046.0
71	141820.0
72	444640.0
73	1231901.0
74	3773524.0
75	1.1050635E7
>>END_MODULE
>>Sequence Duplication Levels	warn
#Total Duplicate Percentage	32.327823691460054
#Duplication Level	Relative count
1	100.0
2	21.568869762437846
3	8.69849669971795
4	4.562967055334244
5	2.475938472274723
6	1.6137943066499956
7	1.0293390712686459
8	0.7690965659620249
9	0.5691896135616876
10++	4.0991829257654615
>>END_MODULE
>>Overrepresented sequences	warn
#Sequence	Count	Percentage	Possible Source
NNNNNNNNNNNNNNNNNNNNNNNNNNNNNNNNNNN	26194	0.14583039425203104	No Hit
>>END_MODULE
>>Kmer Content	warn
#Sequence	Count	Obs/Exp Overall	Obs/Exp Max	Max Obs/Exp Position
AAAAA	5555310	3.255095	7.0580826	71
TTTTT	5405010	3.0408072	5.382252	71
CCTGG	2859715	2.9864159	11.783676	3
CCAGG	2768385	2.9146516	13.223067	3
CCCAG	2639300	2.7543771	11.574907	2
CAGCA	2965705	2.6850305	7.280697	4
CTGGG	2529190	2.6646154	9.960819	4
TGCTG	2888515	2.5957096	6.6826096	2
CCAGC	2450785	2.5576427	6.7424574	3
GGAGG	2343120	2.510763	5.708463	6
GCTGG	2362160	2.4886417	5.9654794	3
TCCAG	2705320	2.429446	9.693291	2
AGCAG	2628585	2.4008706	5.6119065	7
AGGAG	2571185	2.3692207	7.4241295	5
CTGCT	2649460	2.3600075	6.8420854	9
CAGGA	2576050	2.3528867	10.44596	4
CTCCA	2606745	2.3203938	7.110427	1
CTCCT	2627930	2.3203008	6.484418	1
CTGGA	2551600	2.3116746	8.858748	4
GCTGC	2197605	2.294971	5.765818	8
CAGCC	2197410	2.2932203	5.413591	9
TCCTG	2542495	2.2647283	9.070317	2
GGCTG	2146545	2.2614815	8.449538	7
CAGAG	2442885	2.231258	7.9495387	4
GGCAG	2088025	2.2177947	6.3521485	7
CCTGC	2127370	2.2021406	6.32849	3
GCAGG	2063240	2.1914694	6.575919	3
CTGCA	2422520	2.1754844	6.427279	4
CTGCC	2091075	2.16457	5.751674	9
TGCAG	2383905	2.1597476	6.618975	2
CTCTG	2423120	2.158395	7.3904233	2
CCCTG	2081990	2.1551657	9.007995	2
TGGAG	2337905	2.1368127	6.5231647	5
CACAG	2310380	2.0917253	7.520224	7
CAGGG	1968200	2.0905228	9.502145	4
AGCTG	2299630	2.083397	6.0493364	7
GCCTG	1984260	2.0721736	7.0283265	7
CTGTG	2258160	2.029253	9.157666	9
GGAGA	2197640	2.0250175	5.6784163	6
GCCAG	1913015	2.0140886	5.404667	2
CAGGC	1896815	1.9970325	6.1534925	4
CTGGC	1909285	1.9938768	5.293655	4
CAGAA	2536310	1.9920956	5.5107846	4
CTCAG	2170695	1.9493392	6.189508	2
CCCCA	1875345	1.9399489	6.9043345	1
GGGAG	1809825	1.9393122	5.2686505	7
CTGAG	2123595	1.9239146	5.7598166	4
TTCTG	2498240	1.9148914	5.0770984	2
CCAGA	2096965	1.8985078	7.0654244	3
CCTCT	2104475	1.8581221	5.4518123	1
GGCCA	1745635	1.8378651	6.058842	1
CAGTG	2021670	1.8315736	6.61437	9
AGAGG	1986295	1.8302734	5.239849	5
TCTGG	2033905	1.8277305	6.207058	3
CACTG	2013470	1.8081471	7.704225	7
TGGGG	1686870	1.7929168	5.569464	5
ACCTG	1993640	1.7903392	5.385218	7
TGGCC	1673355	1.7474936	5.4563026	5
GAGAG	1891195	1.7426434	5.636043	7
CCTGA	1899595	1.7058843	5.611087	3
ACAGA	2169880	1.7042903	5.9958787	8
GCCCA	1607260	1.6773388	7.3316793	1
TCAGG	1831945	1.6596884	5.861411	3
ACACA	2109520	1.6423509	6.854809	6
AGGTG	1759170	1.607857	5.212673	7
CACAC	1791025	1.6073016	7.2497697	5
CCTGT	1803770	1.6067086	5.5956535	8
GGCCT	1530985	1.598816	5.13503	6
GTGTG	1750195	1.5866948	6.515915	1
ACAGG	1733040	1.5829067	5.05491	8
TGGGC	1491900	1.5717837	6.2145276	5
TGTGT	2017905	1.5604008	6.09744	10
AGCCT	1704775	1.5309312	5.021523	6
ACAGC	1689860	1.5299314	5.824681	8
GGGCC	1247310	1.5271212	5.155371	6
GCTGT	1665495	1.4966658	5.4824934	8
AGGCT	1625280	1.4724557	5.18291	6
GACAG	1592190	1.4542584	7.1188893	7
CTGTC	1632585	1.4542257	5.869974	9
GCCCT	1378975	1.4274418	5.7155757	1
GGGCT	1342295	1.4141681	6.0034575	6
AGACA	1785905	1.4027044	5.608427	6
AGGGC	1278710	1.3581811	5.73371	5
GGACA	1429565	1.3057218	6.4094477	6
GTCCT	1456560	1.2974312	8.327762	1
AGGAC	1372685	1.2537692	8.772089	5
GTGCT	1386985	1.246388	5.649481	1
ACTGC	1363620	1.2245654	5.378403	8
AGCAC	1347710	1.2201625	5.910415	5
TGTGC	1345540	1.2091442	6.024286	10
GTCCA	1341410	1.2046201	6.8410726	1
TGGAC	1230555	1.1148466	6.1539636	5
GTGCA	1211320	1.0974203	5.716944	1
ACAGT	1403450	1.0933826	5.701927	8
ACTGT	1384985	1.0702561	6.43592	8
TGCAC	1177365	1.0573035	5.400667	5
GACTG	1159685	1.0506405	6.2415533	7
GGACC	963905	1.0148325	5.422207	6
AGACT	1265475	0.9858906	5.236725	6
ACACT	1261405	0.97410154	5.2600245	6
GGACT	1060925	0.9611669	5.4666867	6
CTACA	1222980	0.9444284	5.0055304	4
TGTAG	1205840	0.9400646	5.397246	2
TAGGA	1021780	0.80307865	5.3931785	4
GTGTA	862455	0.67236406	5.6957545	1
TACAC	837020	0.6463764	5.078496	5
>>END_MODULE
