##FastQC	0.10.1
>>Basic Statistics	pass
#Measure	Value	
Filename	KS29_S2_L001_R2_001.fastq.gz	
File type	Conventional base calls	
Encoding	Sanger / Illumina 1.9	
Total Sequences	19903245	
Filtered Sequences	0	
Sequence length	35-75	
%GC	45	
>>END_MODULE
>>Per base sequence quality	pass
#Base	Mean	Median	Lower Quartile	Upper Quartile	10th Percentile	90th Percentile
1	31.47902178765322	32.0	32.0	32.0	32.0	32.0
2	31.319374905951264	32.0	32.0	32.0	32.0	32.0
3	31.387909057040698	32.0	32.0	32.0	32.0	32.0
4	31.417398117744117	32.0	32.0	32.0	32.0	32.0
5	31.40579423104122	32.0	32.0	32.0	32.0	32.0
6	35.1490491625863	36.0	36.0	36.0	36.0	36.0
7	35.143642104591486	36.0	36.0	36.0	36.0	36.0
8	35.09258811816867	36.0	36.0	36.0	36.0	36.0
9	35.17112274907936	36.0	36.0	36.0	36.0	36.0
10	35.04754998493964	36.0	36.0	36.0	36.0	36.0
11	35.15150288307258	36.0	36.0	36.0	36.0	36.0
12	35.07549532752071	36.0	36.0	36.0	36.0	36.0
13	35.10599708740961	36.0	36.0	36.0	36.0	36.0
14	35.053429428216354	36.0	36.0	36.0	36.0	36.0
15	35.03414418101169	36.0	36.0	36.0	36.0	36.0
16	35.04015043778037	36.0	36.0	36.0	36.0	36.0
17	35.03074448412809	36.0	36.0	36.0	36.0	36.0
18	35.01866549901787	36.0	36.0	36.0	36.0	36.0
19	35.011296449398074	36.0	36.0	36.0	36.0	36.0
20	34.9938716525873	36.0	36.0	36.0	36.0	36.0
21	34.982253446611345	36.0	36.0	36.0	36.0	36.0
22	34.977917721456976	36.0	36.0	36.0	36.0	36.0
23	34.95894222273805	36.0	36.0	36.0	36.0	36.0
24	34.955350346137024	36.0	36.0	36.0	36.0	36.0
25	34.93478324765635	36.0	36.0	36.0	36.0	36.0
26	34.926182388851664	36.0	36.0	36.0	36.0	36.0
27	34.91115182474014	36.0	36.0	36.0	36.0	36.0
28	34.90494404304424	36.0	36.0	36.0	36.0	36.0
29	34.887163223886354	36.0	36.0	36.0	36.0	36.0
30	34.86646162472501	36.0	36.0	36.0	36.0	36.0
31	34.85233905325489	36.0	36.0	36.0	36.0	36.0
32	34.84386078752485	36.0	36.0	36.0	36.0	36.0
33	34.82919187298353	36.0	36.0	36.0	36.0	36.0
34	34.82133631978102	36.0	36.0	36.0	36.0	36.0
35	34.80168203727583	36.0	36.0	36.0	36.0	36.0
36	34.79238123000606	36.0	36.0	36.0	36.0	36.0
37	34.782897320578314	36.0	36.0	36.0	36.0	36.0
38	34.77033963147095	36.0	36.0	36.0	36.0	36.0
39	34.75487646391975	36.0	36.0	36.0	36.0	36.0
40	34.746228830040614	36.0	36.0	36.0	36.0	36.0
41	34.7300510547414	36.0	36.0	36.0	36.0	36.0
42	34.717178122157044	36.0	36.0	36.0	36.0	36.0
43	34.70346874761953	36.0	36.0	36.0	32.0	36.0
44	34.6862473448015	36.0	36.0	36.0	32.0	36.0
45	34.66570626418721	36.0	36.0	36.0	32.0	36.0
46	34.65384710017557	36.0	36.0	36.0	32.0	36.0
47	34.63158979641822	36.0	36.0	36.0	32.0	36.0
48	34.6078667045537	36.0	36.0	36.0	32.0	36.0
49	34.59604648169574	36.0	36.0	36.0	32.0	36.0
50	34.570006952547075	36.0	36.0	36.0	32.0	36.0
51	34.546731320189224	36.0	36.0	36.0	32.0	36.0
52	34.53279423285506	36.0	36.0	36.0	32.0	36.0
53	34.49980240484451	36.0	36.0	36.0	32.0	36.0
54	34.46493260901138	36.0	36.0	36.0	32.0	36.0
55	34.439579824237974	36.0	36.0	36.0	32.0	36.0
56	34.418415544354	36.0	36.0	36.0	32.0	36.0
57	34.40334828182844	36.0	36.0	36.0	32.0	36.0
58	34.38082402425376	36.0	36.0	36.0	32.0	36.0
59	34.342357306706866	36.0	36.0	36.0	32.0	36.0
60	34.325749664618755	36.0	36.0	36.0	32.0	36.0
61	34.286554628419104	36.0	36.0	36.0	32.0	36.0
62	34.26331294232502	36.0	36.0	36.0	32.0	36.0
63	34.235936278714995	36.0	36.0	36.0	32.0	36.0
64	34.210132495230646	36.0	36.0	36.0	32.0	36.0
65	34.169460104266825	36.0	36.0	36.0	32.0	36.0
66	34.14951138841443	36.0	36.0	36.0	32.0	36.0
67	34.12419885519337	36.0	36.0	36.0	32.0	36.0
68	34.08875807470108	36.0	36.0	36.0	32.0	36.0
69	34.05968955495504	36.0	36.0	36.0	32.0	36.0
70	34.04141361983638	36.0	36.0	36.0	32.0	36.0
71	34.00049888304993	36.0	36.0	36.0	32.0	36.0
72	33.98346872233241	36.0	36.0	36.0	32.0	36.0
73	33.95442889625971	36.0	36.0	36.0	32.0	36.0
74	33.92507624111768	36.0	36.0	36.0	32.0	36.0
75	32.960108501022695	36.0	32.0	36.0	21.0	36.0
>>END_MODULE
>>Per sequence quality scores	pass
#Quality	Count
2	5023.0
3	0.0
4	0.0
5	0.0
6	0.0
7	0.0
8	0.0
9	0.0
10	0.0
11	0.0
12	0.0
13	1.0
14	771.0
15	2776.0
16	4821.0
17	6838.0
18	9349.0
19	12170.0
20	16448.0
21	22994.0
22	33869.0
23	49732.0
24	73250.0
25	105774.0
26	146367.0
27	195351.0
28	254058.0
29	325636.0
30	412857.0
31	534443.0
32	737621.0
33	1156225.0
34	2611165.0
35	1.3185706E7
>>END_MODULE
>>Per base sequence content	fail
#Base	G	A	T	C
1	44.926009973840195	17.73459973043566	11.29119825846029	26.048192037263853
2	17.139315905420478	19.397601279103014	36.300961743704164	27.16212107177234
3	20.06271860387131	20.896652309678572	28.757603530944277	30.283025555505837
4	13.681815289515024	14.48083254247347	36.10795722129188	35.729394946719616
5	15.242684276366314	34.4450330717111	35.112131316472166	15.200151335450416
6	34.811607790887045	34.83226290268547	16.368698670665147	13.98743063576233
7	30.689093729077904	29.71713251565894	20.49185600602908	19.101917749234076
8	26.9341401457879	34.18607954017198	19.90494929647483	18.97483101756529
9	25.046463950397175	15.488021995131021	19.96139152533327	39.504122529138535
10	14.370927211486533	27.34597593694552	34.82780521797375	23.455291633594197
11	34.633441118507974	22.586646183764557	23.549757360230476	19.23015533749699
12	22.308063504367375	24.118697640422347	30.979144769819133	22.59409408539115
13	28.045098702788625	20.53750330054615	26.114056823770486	25.303341172894743
14	20.631727799599382	20.476442568587284	27.24448445695299	31.647345174860348
15	22.966418808675467	29.267569735627635	23.212094025285275	24.55391743041162
16	22.93785846795759	28.525940659421735	25.377729728816977	23.158471143803702
17	21.843137542640743	28.02299622549191	27.403925838198006	22.72994039366934
18	22.254817540984316	27.770104283689268	27.85799153311286	22.11708664221356
19	22.668995249927356	27.200837341145355	27.60672285192114	22.523444557006147
20	22.69885721447876	27.06920748999584	27.753097739084424	22.478837556440972
21	22.598757818663394	26.764888842832292	27.452955344452384	23.18339799405193
22	22.458202546941127	26.768070031583726	27.72619081242535	23.047536609049793
23	22.46953521776971	26.830683666108456	27.532655932776308	23.167125183345526
24	22.55729682782713	26.603562871094717	27.846694041306808	22.992446259771352
25	22.733086403398254	26.632238800029466	27.439346088308795	23.19532870826348
26	22.242881801198116	26.970736380366045	27.670949695907503	23.115432122528333
27	22.32920609690655	26.987768052844118	27.643183395983822	23.03984245426551
28	22.416832016448502	26.875230359777873	27.654445708767344	23.053491915006276
29	22.18789698898726	27.069554254646473	27.786623347553363	22.95592540881291
30	22.35787197469201	27.10446692171793	27.667074977854806	22.870586125735255
31	22.74459496933947	27.092842767559834	27.394502885735218	22.768059377365475
32	22.158286303168193	27.21533109842678	27.776300817228794	22.850081781176225
33	22.282789889468514	27.05212053619665	27.870897208805896	22.79419236552894
34	22.29877624242005	26.80814396381747	28.027438833479696	22.865640960282782
35	22.233051777188937	27.04471283916724	27.87414373002774	22.848091653616088
36	22.360362171521338	27.388866970067827	27.732176019581185	22.518594838829653
37	22.4905413296481	27.111369902586084	27.513628231290344	22.884460536475466
38	22.309957739310786	27.501523459159504	27.552954816973994	22.635563984555713
39	22.417307039366126	27.28573026222628	27.74418575649129	22.5527769419163
40	22.42299383184105	27.104438910600248	27.74796835437849	22.72459890318021
41	22.44572713699752	27.220747922402833	27.75495233507205	22.578572605527597
42	22.310354240822075	27.33697620470728	27.78436470963156	22.568304844839084
43	22.454832990588038	27.087810226614668	27.67052086040531	22.78683592239198
44	22.315942040227004	27.42261663746261	27.727840119891344	22.533601202419042
45	22.368088863903463	27.391506485085156	27.59430869817659	22.64609595283479
46	22.49526286498578	27.39500985140557	27.498525490782917	22.61120179282573
47	22.366496647328972	27.496160250183443	27.637955419300177	22.499387683187408
48	22.247331606946048	27.415261631773696	27.630135414501805	22.70727134677845
49	22.49302610900324	27.27731940723846	27.65109895105729	22.57855553270101
50	22.40259887968656	27.442644519614586	27.61838412372683	22.536372476972026
51	22.474685289838078	27.4568011449414	27.574150353888953	22.49436321133157
52	22.451720031235325	27.42754809012683	27.535747869657058	22.584984008980786
53	22.36707748557226	27.326381496662723	27.693381565466364	22.613159452298657
54	22.50623524858642	27.612876457697265	27.542790762582666	22.338097531133645
55	22.49229792483538	27.36819776923052	27.494768842319324	22.644735463614776
56	22.57215244618976	27.563066703032675	27.403962038442014	22.460818812335557
57	22.37801264515831	27.49237252388369	27.514839264130586	22.614775566827415
58	22.402483426054953	27.324117897049828	27.566342881893256	22.707055795001967
59	22.298416937912478	27.478991480972315	27.61824025942942	22.604351321685783
60	22.449137502125797	27.442612598983658	27.63030564353082	22.47794425535972
61	22.646599664346205	27.492479320078512	27.456017430571784	22.4049035850035
62	22.561858026698566	27.574111307735542	27.430459208304242	22.433571457261646
63	22.51676573911682	27.6472233140708	27.422163606234452	22.413847340577924
64	22.597005024460483	27.36504281706341	27.367982538159296	22.669969620316806
65	22.44275965410452	27.488467975607566	27.535814811035518	22.532957559252395
66	22.505862875863478	27.597921734659902	27.337062998961997	22.55915239051462
67	22.527684510008875	27.444113089794968	27.40400140591916	22.624200994276997
68	22.551561655322114	27.699971963470933	27.49832064805172	22.250145733155236
69	22.795956457789494	27.577433328498802	27.374248622107483	22.252361591604224
70	22.86439534095416	27.429743331136596	27.306285075459297	22.399576252449947
71	22.670891749292654	27.741089678907205	27.259149728809025	22.328868842991117
72	22.67427046034738	27.874069775982914	27.44884844440561	22.0028113192641
73	23.369987805117123	28.473152861957203	27.466813187875584	20.69004614505009
74	24.596214764698846	30.791775160555098	27.6105686207189	17.001441454027155
75	29.92570475089626	41.10535609909019	28.96893915001355	0.0
>>END_MODULE
>>Per base GC content	fail
#Base	%GC
1	70.97420201110405
2	44.30143697719282
3	50.34574415937715
4	49.411210236234645
5	30.442835611816733
6	48.799038426649375
7	49.79101147831198
8	45.90897116335319
9	64.55058647953571
10	37.82621884508073
11	53.863596456004956
12	44.902157589758524
13	53.34843987568336
14	52.27907297445973
15	47.520336239087094
16	46.09632961176129
17	44.57307793631009
18	44.37190418319788
19	45.19243980693351
20	45.177694770919736
21	45.782155812715324
22	45.50573915599092
23	45.636660401115236
24	45.54974308759848
25	45.928415111661735
26	45.35831392372645
27	45.36904855117206
28	45.47032393145478
29	45.143822397800164
30	45.22845810042727
31	45.51265434670494
32	45.00836808434442
33	45.07698225499745
34	45.164417202702836
35	45.08114343080503
36	44.87895701035099
37	45.37500186612357
38	44.9455217238665
39	44.97008398128242
40	45.14759273502126
41	45.024299742525116
42	44.87865908566116
43	45.24166891298002
44	44.84954324264604
45	45.01418481673826
46	45.106464657811514
47	44.86588433051638
48	44.954602953724496
49	45.07158164170425
50	44.938971356658584
51	44.969048501169645
52	45.036704040216115
53	44.98023693787091
54	44.84433277972007
55	45.137033388450156
56	45.032971258525315
57	44.992788211985726
58	45.10953922105691
59	44.90276825959826
60	44.927081757485524
61	45.05150324934971
62	44.995429483960216
63	44.93061307969475
64	45.266974644777285
65	44.975717213356916
66	45.0650152663781
67	45.15188550428587
68	44.80170738847735
69	45.048318049393714
70	45.26397159340411
71	44.99976059228377
72	44.677081779611484
73	44.06003395016722
74	41.597656218726
75	29.92570475089626
>>END_MODULE
>>Per sequence GC content	warn
#GC Content	Count
0	5046.0
1	2548.5
2	72.5
3	121.5
4	149.0
5	222.5
6	389.0
7	605.5
8	733.5
9	898.5
10	1417.5
11	2439.0
12	3123.5
13	3854.0
14	5747.5
15	8987.5
16	11620.5
17	16380.0
18	26813.0
19	40502.0
20	50328.5
21	65882.5
22	95194.5
23	128576.5
24	151074.5
25	179977.0
26	228824.5
27	278911.0
28	312298.5
29	353672.0
30	418209.5
31	479766.0
32	520647.5
33	566311.5
34	641374.0
35	710326.0
36	749153.5
37	787898.5
38	831018.0
39	857178.0
40	874562.0
41	880116.5
42	876979.0
43	867829.5
44	863410.5
45	852728.5
46	827167.5
47	797911.5
48	781913.0
49	764713.0
50	732307.0
51	700531.5
52	682383.0
53	668683.0
54	645064.0
55	621742.5
56	608432.5
57	592076.5
58	560880.5
59	522779.0
60	489938.5
61	451404.0
62	402169.0
63	355901.0
64	320390.0
65	289963.0
66	247645.5
67	203875.0
68	172950.0
69	149681.5
70	122367.0
71	95464.5
72	77211.0
73	65465.0
74	51951.5
75	39858.0
76	32359.5
77	27085.0
78	21408.5
79	16384.5
80	13013.5
81	10911.0
82	8603.5
83	6156.0
84	4577.0
85	3781.0
86	3002.0
87	2222.0
88	1819.5
89	1608.0
90	1341.5
91	1200.5
92	1142.0
93	1104.0
94	1030.5
95	954.5
96	912.5
97	947.5
98	1195.5
99	7114.5
100	12822.0
>>END_MODULE
>>Per base N content	pass
#Base	N-Count
1	0.3505006344442828
2	0.1975808467413228
3	0.06438648572129821
4	0.03606949520040576
5	0.02876917809131124
6	0.025237090735706662
7	0.025237090735706662
8	0.025237090735706662
9	0.025237090735706662
10	0.025237090735706662
11	0.025237090735706662
12	0.025237090735706662
13	0.025237090735706662
14	0.025237090735706662
15	0.025237090735706662
16	0.025237090735706662
17	0.025237090735706662
18	0.025237090735706662
19	0.025237090735706662
20	0.025237090735706662
21	0.025237090735706662
22	0.025237090735706662
23	0.025237090735706662
24	0.025237090735706662
25	0.025237090735706662
26	0.025237090735706662
27	0.025237090735706662
28	0.025237090735706662
29	0.025237090735706662
30	0.025237090735706662
31	0.025237090735706662
32	0.025237090735706662
33	0.025237090735706662
34	0.025237090735706662
35	0.025237090735706662
36	0.0
37	0.0
38	0.0
39	0.0
40	0.0
41	0.0
42	0.0
43	4.531223984795629E-5
44	0.0
45	0.0
46	0.0
47	0.0
48	0.0
49	0.0
50	0.0
51	0.0
52	0.0
53	0.0
54	0.0
55	0.0
56	0.0
57	0.0
58	0.0
59	0.0
60	0.0
61	0.0
62	0.0
63	0.0
64	0.0
65	0.0
66	0.0
67	0.0
68	0.0
69	0.0
70	0.0
71	0.0
72	0.0
73	0.0
74	0.0
75	0.0
>>END_MODULE
>>Sequence Length Distribution	warn
#Length	Count
35	6595.0
36	2469.0
37	3592.0
38	4253.0
39	5039.0
40	5572.0
41	6417.0
42	7125.0
43	8206.0
44	9519.0
45	10740.0
46	11463.0
47	12486.0
48	13073.0
49	14018.0
50	14330.0
51	15073.0
52	15949.0
53	17182.0
54	18960.0
55	19800.0
56	21211.0
57	21819.0
58	22383.0
59	23343.0
60	24251.0
61	24632.0
62	25369.0
63	26731.0
64	28887.0
65	31168.0
66	30759.0
67	33241.0
68	34442.0
69	42417.0
70	55762.0
71	134328.0
72	482176.0
73	1381703.0
74	4285732.0
75	1.295103E7
>>END_MODULE
>>Sequence Duplication Levels	warn
#Total Duplicate Percentage	33.55269333570479
#Duplication Level	Relative count
1	100.0
2	22.05451544306809
3	9.650244620577869
4	5.08721578657784
5	3.055898404389787
6	2.0030633336803128
7	1.2900203726560293
8	0.918256576501554
9	0.6513301708626407
10++	3.9949737534759917
>>END_MODULE
>>Overrepresented sequences	pass
>>END_MODULE
>>Kmer Content	warn
#Sequence	Count	Obs/Exp Overall	Obs/Exp Max	Max Obs/Exp Position
AAAAA	7461840	3.8000407	8.240282	71
TTTTT	6523745	3.114464	5.409349	71
CCTGG	3177320	3.0324974	12.050658	3
CCAGG	3006110	2.9064012	12.371904	3
CCCAG	2871815	2.8029075	11.401979	2
CTGGG	2876885	2.7199466	11.015708	4
CCAGC	2681515	2.6171734	6.429036	3
GCTGG	2653870	2.5090973	6.8928733	3
GGAGG	2637300	2.5021133	5.7718377	6
CAGCA	3007570	2.488944	6.717987	4
TGCTG	3061020	2.4453533	7.4948316	2
TCCAG	2943555	2.4046967	8.779744	2
CAGCC	2406845	2.349094	5.622735	9
CTCCA	2821995	2.3272662	6.4328346	1
CAGGA	2826550	2.3171515	9.834756	4
CTCCT	2817725	2.2939143	6.1487007	1
GGCTG	2420915	2.2888505	8.321113	7
AGGAG	2813635	2.284883	6.9536557	5
CTGGA	2805980	2.2707596	8.826069	4
CTGCT	2808550	2.264953	6.5267096	9
TCCTG	2786285	2.246997	8.814359	2
GCTGC	2341705	2.2349696	5.651048	8
CCTGC	2308015	2.223718	6.186586	3
AGCAG	2709785	2.22143	5.586417	7
GGCAG	2319285	2.2212796	6.31537	7
CTGCC	2302130	2.2180479	5.7765026	9
CTGCA	2678250	2.1879594	6.7424192	4
GCAGG	2273740	2.177659	6.7453985	3
CCCTG	2252755	2.1704762	9.053675	2
CAGAG	2640040	2.1642542	7.713472	4
GCCTG	2247995	2.1455312	7.070492	7
CTCTG	2658400	2.1438644	7.598185	2
TGCAG	2644845	2.1403599	7.054021	2
TGGAG	2585480	2.0726511	6.4241242	5
CAGGG	2159235	2.0679927	9.268398	4
AGCTG	2536690	2.0528347	5.842996	7
GCCAG	2091730	2.02235	5.2884	2
CTGGC	2118445	2.0218859	5.491293	4
CCCCA	2048710	2.0185263	6.8041325	1
CAGGC	2077875	2.0089545	6.163106	4
CAGAA	2847605	1.9981414	5.3668203	4
CACAG	2402925	1.9885641	7.185062	7
GGAGA	2440495	1.981865	5.443516	6
GGGAG	2072325	1.9660987	5.511157	7
CTGTG	2456875	1.9627205	8.946702	9
CTCAG	2361090	1.9288601	6.175124	2
TTCTG	2831360	1.9112082	5.257614	2
CTGAG	2345125	1.8978093	5.8875394	4
CCAGA	2262455	1.8723168	6.6819425	3
GGCCA	1926435	1.8625376	6.2782125	1
TGGGG	1972615	1.8474753	6.2470546	5
CCTCT	2260670	1.8404151	5.633236	1
TCTGG	2264155	1.8087626	6.4530797	3
CACTG	2172095	1.7744633	7.5203114	7
ACCTG	2161605	1.7658936	5.4758162	7
TGGCC	1841805	1.7578553	5.658599	5
CAGTG	2170795	1.7567315	6.5885243	9
AGAGG	2153730	1.7489905	5.072192	5
CCTGA	2087115	1.70504	5.6026497	3
GCCCA	1738515	1.6968002	7.1562734	1
ACAGA	2384535	1.673209	5.8960094	8
GAGAG	2041735	1.6580422	5.256769	7
TCAGG	2025020	1.638762	5.807294	3
GGGCC	1430715	1.6160511	5.4097247	6
GGCCT	1691880	1.614764	5.056366	1
TGGGC	1692115	1.5998077	6.5545363	5
CCTGT	1981040	1.5976081	5.52944	8
AGGTG	1958750	1.5702327	5.2512984	7
AGCCT	1902525	1.5542418	5.012302	6
GTGTG	1932190	1.5290568	7.852248	1
ACACA	2113270	1.4969356	6.33006	6
TGTGT	2233135	1.4932286	5.818176	10
AGGCT	1816970	1.4703962	5.060644	6
CACAC	1747670	1.4600254	6.589703	5
ACAGC	1741510	1.4412037	5.567011	8
GCTGT	1800605	1.4384469	5.264673	8
CTGTC	1783600	1.4383827	5.8458676	9
GCCCT	1491695	1.437213	6.063229	1
GGGCT	1512115	1.4296268	5.9775	6
GACAG	1732550	1.4203115	6.976924	7
AGGGC	1412520	1.3528314	5.621646	5
AGACA	1926255	1.3516376	5.331608	6
GGACA	1536325	1.2594498	6.0217037	6
GTCCT	1538165	1.2404519	7.8784986	1
ACTGC	1514330	1.2371111	5.2499204	8
GTGCT	1529160	1.221598	6.5389094	1
GTCCA	1433380	1.1709802	6.75106	1
AGGAC	1427110	1.1699176	7.5479126	5
TGTGC	1451415	1.15949	5.6608944	10
AGCAC	1395725	1.1550459	5.5063767	5
GTCTT	1681415	1.1349791	5.2717295	1
GTGCA	1331965	1.0779023	6.261882	1
TGGAC	1327515	1.0743011	6.004948	5
TGCAC	1297115	1.0596603	5.604975	5
ACAGT	1529580	1.059516	5.645756	8
ACTGT	1526200	1.0436035	6.3856015	8
GACTG	1285890	1.0406158	6.0330606	7
GCACT	1241885	1.0145409	5.076353	6
GGACC	1025465	0.9914517	5.119121	6
ACACT	1361870	0.95229733	5.0955215	6
GGACT	1172550	0.94889456	5.322939	6
GTGTA	953585	0.6459247	5.795806	1
TACAC	882250	0.61691964	5.049687	5
>>END_MODULE
