##FastQC	0.10.1
>>Basic Statistics	pass
#Measure	Value	
Filename	040-F5_S4_L002_R1_001_trimmed.fq.gz	
File type	Conventional base calls	
Encoding	Sanger / Illumina 1.9	
Total Sequences	18113995	
Filtered Sequences	0	
Sequence length	20-51	
%GC	43	
>>END_MODULE
>>Per base sequence quality	pass
#Base	Mean	Median	Lower Quartile	Upper Quartile	10th Percentile	90th Percentile
1	35.112674702626336	36.0	36.0	36.0	36.0	36.0
2	35.099254140237974	36.0	36.0	36.0	36.0	36.0
3	35.08921709429643	36.0	36.0	36.0	36.0	36.0
4	35.07112997436513	36.0	36.0	36.0	36.0	36.0
5	35.056512547342535	36.0	36.0	36.0	36.0	36.0
6	35.00155465428802	36.0	36.0	36.0	36.0	36.0
7	34.981469521218266	36.0	36.0	36.0	36.0	36.0
8	34.96893153608577	36.0	36.0	36.0	36.0	36.0
9	34.95332040226355	36.0	36.0	36.0	36.0	36.0
10	34.94179655012602	36.0	36.0	36.0	36.0	36.0
11	34.918779153908346	36.0	36.0	36.0	36.0	36.0
12	34.90221273661608	36.0	36.0	36.0	36.0	36.0
13	34.886702243210294	36.0	36.0	36.0	36.0	36.0
14	34.87442687270257	36.0	36.0	36.0	36.0	36.0
15	34.85934659913509	36.0	36.0	36.0	36.0	36.0
16	34.844781010483885	36.0	36.0	36.0	36.0	36.0
17	34.83839683073778	36.0	36.0	36.0	36.0	36.0
18	34.81596389973609	36.0	36.0	36.0	36.0	36.0
19	34.808794470794545	36.0	36.0	36.0	36.0	36.0
20	34.80725681993398	36.0	36.0	36.0	36.0	36.0
21	34.780753275566646	36.0	36.0	36.0	36.0	36.0
22	34.771765278129635	36.0	36.0	36.0	36.0	36.0
23	34.76355956739789	36.0	36.0	36.0	32.0	36.0
24	34.756371382943755	36.0	36.0	36.0	32.0	36.0
25	34.74181502936851	36.0	36.0	36.0	32.0	36.0
26	34.71873096082209	36.0	36.0	36.0	32.0	36.0
27	34.705968146389694	36.0	36.0	36.0	32.0	36.0
28	34.67734337465987	36.0	36.0	36.0	32.0	36.0
29	34.66934065800497	36.0	36.0	36.0	32.0	36.0
30	34.65633913214851	36.0	36.0	36.0	32.0	36.0
31	34.62719846521884	36.0	36.0	36.0	32.0	36.0
32	34.61578490829756	36.0	36.0	36.0	32.0	36.0
33	34.5803784452912	36.0	36.0	36.0	32.0	36.0
34	34.573268728387035	36.0	36.0	36.0	32.0	36.0
35	34.54415098324294	36.0	36.0	36.0	32.0	36.0
36	34.53043120508559	36.0	36.0	36.0	32.0	36.0
37	34.52189008108054	36.0	36.0	36.0	32.0	36.0
38	34.48559756725101	36.0	36.0	36.0	32.0	36.0
39	34.4795797224412	36.0	36.0	36.0	32.0	36.0
40	34.4528414934913	36.0	36.0	36.0	32.0	36.0
41	34.43635261279294	36.0	36.0	36.0	32.0	36.0
42	34.415454586349966	36.0	36.0	36.0	32.0	36.0
43	34.3942668464257	36.0	36.0	36.0	32.0	36.0
44	34.36133404721609	36.0	36.0	36.0	32.0	36.0
45	34.34365475127037	36.0	36.0	36.0	32.0	36.0
46	34.32831631431887	36.0	36.0	36.0	32.0	36.0
47	34.338233009461014	36.0	36.0	36.0	32.0	36.0
48	34.326352376481765	36.0	36.0	36.0	32.0	36.0
49	34.36152795397732	36.0	36.0	36.0	32.0	36.0
50	34.431118769087675	36.0	36.0	36.0	32.0	36.0
51	34.53136206298386	36.0	36.0	36.0	32.0	36.0
>>END_MODULE
>>Per sequence quality scores	pass
#Quality	Count
12	1.0
13	4.0
14	8.0
15	47.0
16	200.0
17	546.0
18	1408.0
19	3137.0
20	6722.0
21	12986.0
22	21834.0
23	35237.0
24	54023.0
25	81387.0
26	117613.0
27	164562.0
28	222181.0
29	293715.0
30	381686.0
31	498920.0
32	674769.0
33	1002810.0
34	1952118.0
35	8238827.0
36	4349254.0
>>END_MODULE
>>Per base sequence content	pass
#Base	G	A	T	C
1	21.737060686507586	27.47440866550101	27.832050270222762	22.95648037776864
2	21.820665385850514	27.84307206851551	28.070526335721745	22.265736209912227
3	21.57499886551801	27.823206742808903	28.171964725173254	22.429829666499835
4	22.043000008170583	27.183058142967965	28.587824154052132	22.18611769480932
5	21.835831788475783	27.472780511718653	28.181674143445957	22.509713556359607
6	21.21796017675225	28.014112002787687	28.376749798580565	22.3911780218795
7	21.29857541040018	27.98234474150761	28.39575237213069	22.323327475961523
8	21.415780517765754	27.829805750478346	28.154584551161825	22.59982918059407
9	21.419518748551457	27.787582262621385	28.27601528314485	22.516883705682307
10	21.35819340512091	27.827615744272933	28.460298693615677	22.353892156990476
11	22.18008566054075	27.71088294971439	27.98157471922602	22.12745667051884
12	21.285423401990318	28.149821072557685	28.380242497322616	22.184513028129377
13	21.311069956244154	27.929708871089463	28.730705067668694	22.02851610499769
14	21.411383601833744	27.619666369242786	28.88180950613245	22.08714052279102
15	21.24530238056147	27.995603612285375	28.6024669809951	22.156627026158056
16	21.317140394270066	28.266100328957723	28.67033860904535	21.746420667726866
17	21.499748496624843	27.93460768703186	28.049839350873405	22.515804465469895
18	21.44510119943879	28.63447972185378	28.02830110660266	21.892117972104774
19	21.74562590411894	28.011416155205566	28.401073026283136	21.841884914392363
20	21.97085651006733	27.706404990512528	28.38350965013536	21.939228849284785
21	21.944293428906494	27.77314425923824	28.434797805936668	21.847764505918597
22	21.51296324000772	28.255886691507676	28.46382098349626	21.767329084988347
23	21.509899909969818	28.033547761934628	28.467031138177894	21.989521189917664
24	21.332201746200937	28.326650720498346	28.382695157134318	21.95845237616639
25	21.427905231963344	28.357448763343246	28.16228771835766	22.052358286335753
26	21.58578123945044	28.03197239060045	28.246890923218267	22.13535544673084
27	21.822543799981737	28.136391449870306	28.228270898319035	21.812793851828914
28	21.276437426764584	28.30332544701557	28.26197818367219	22.158258942547654
29	21.838912929353448	27.893788298969525	28.258122143086485	22.009176628590545
30	21.464938773583313	28.56008866060481	28.07219262608766	21.902779939724216
31	21.54684539298288	28.272794586814097	28.30641378459118	21.873946235611843
32	21.58703980920001	28.412791041872815	28.03403276414719	21.96613638477998
33	21.438944157002034	27.87658171191097	28.59406563030666	22.090408500780345
34	21.61659499005703	28.495278292720368	28.264298931392656	21.62382778582995
35	21.54664651049723	27.84086231889735	28.394027224680997	22.218463945924423
36	21.765804979576643	28.247632262356888	27.940954675915464	22.045608082151006
37	21.47153992625926	28.190099913707645	28.097292131706375	22.241068028326712
38	21.62411180331078	28.139728854788075	28.006354556546185	22.229804785354958
39	21.52855370973611	28.21636766104753	28.090374155856136	22.164704473360224
40	21.427961176599663	28.06923927912418	28.557382502475754	21.945417041800404
41	21.816538065812452	28.01738507883839	28.232378676351566	21.93369817899759
42	21.835503812801566	27.974077569626537	28.310246314733778	21.88017230283812
43	21.707052429884435	28.405831434508073	28.109935360161803	21.777180775445693
44	21.698285778662388	28.03742290616476	27.994464305904888	22.269827009267967
45	21.747741017183543	28.28350109137967	28.080548933249084	21.888208958187708
46	21.625077398267443	28.81132709163678	27.803833483202357	21.759762026893416
47	21.78834364752183	28.066303078804346	27.974734450979305	22.17061882269452
48	21.76986871432623	28.500074565899787	28.314466514573905	21.41559020520008
49	22.030749469312926	28.326864036305594	28.349685703888046	21.29270079049343
50	22.360672507866695	28.434506568064027	28.2260124552681	20.97880846880118
51	21.55767284932681	29.253800704650924	28.30796478651848	20.880561659503787
>>END_MODULE
>>Per base GC content	pass
#Base	%GC
1	44.693541064276225
2	44.086401595762744
3	44.00482853201784
4	44.2291177029799
5	44.345545344835394
6	43.609138198631754
7	43.62190288636171
8	44.015609698359825
9	43.936402454233765
10	43.71208556211138
11	44.307542331059594
12	43.4699364301197
13	43.33958606124184
14	43.498524124624765
15	43.401929406719525
16	43.06356106199693
17	44.01555296209473
18	43.33721917154356
19	43.5875108185113
20	43.91008535935212
21	43.79205793482509
22	43.28029232499607
23	43.49942109988748
24	43.290654122367336
25	43.4802635182991
26	43.72113668618128
27	43.63533765181066
28	43.434696369312235
29	43.84808955794399
30	43.36771871330753
31	43.42079162859472
32	43.55317619397999
33	43.529352657782376
34	43.240422775886984
35	43.76511045642165
36	43.81141306172765
37	43.71260795458598
38	43.85391658866574
39	43.69325818309633
40	43.37337821840006
41	43.75023624481004
42	43.71567611563968
43	43.48423320533013
44	43.96811278793035
45	43.63594997537125
46	43.38483942516086
47	43.95896247021635
48	43.18545891952631
49	43.32345025980636
50	43.33948097666787
51	42.4382345088306
>>END_MODULE
>>Per sequence GC content	warn
#GC Content	Count
0	9111.0
1	8409.0
2	6295.0
3	5190.0
4	5581.5
5	6527.0
6	7567.5
7	9060.5
8	10580.0
9	13019.0
10	15561.5
11	20420.5
12	25383.5
13	33151.5
14	41498.0
15	55416.5
16	69869.0
17	90610.0
18	111969.0
19	140420.0
20	169391.5
21	204187.5
22	239808.5
23	283448.0
24	328069.5
25	372717.5
26	459104.0
27	517539.0
28	584894.5
29	653800.0
30	726654.5
31	801119.5
32	879031.5
33	957712.0
34	1024471.5
35	1086097.0
36	1118805.5
37	1147209.5
38	1152972.5
39	1156102.5
40	1148255.5
41	1138964.5
42	1127082.5
43	1109785.0
44	1081112.5
45	1051280.0
46	1020787.5
47	988664.0
48	955556.0
49	923290.5
50	896019.0
51	868598.0
52	840724.0
53	813520.5
54	786617.0
55	757444.0
56	728871.0
57	698715.5
58	661358.0
59	619136.5
60	574115.5
61	526817.0
62	479424.5
63	434406.0
64	386231.5
65	339882.5
66	298259.0
67	257937.5
68	220917.0
69	184575.0
70	155565.0
71	129037.5
72	107606.5
73	87524.5
74	71172.0
75	52988.0
76	44066.0
77	36519.5
78	29438.0
79	23962.5
80	18963.0
81	15371.5
82	12253.5
83	9862.0
84	7584.0
85	6025.0
86	4634.0
87	3696.0
88	2800.0
89	2122.5
90	1525.0
91	1216.5
92	977.0
93	841.5
94	704.0
95	601.5
96	509.0
97	453.0
98	377.5
99	535.0
100	721.0
>>END_MODULE
>>Per base N content	pass
#Base	N-Count
1	2.815502598957325E-4
2	1.3249423995093297E-4
3	5.5205933312888736E-6
4	0.0012752570595277299
5	7.452800997239979E-4
6	2.925914465583103E-4
7	0.0035221385453623015
8	7.066359464049758E-4
9	0.005349454938018919
10	0.001010268579625864
11	0.002230319705840705
12	0.0012586952795338633
13	0.001661698592717951
14	0.0037374416852825674
15	1.8217957993253283E-4
16	0.002324169792472616
17	0.005067904678123186
18	0.001970851819270128
19	0.002020537159251728
20	5.741417064540429E-4
21	0.010056042952073862
22	0.010795582381255237
23	0.006071137766701756
24	0.0010883374645735049
25	0.001596145048318703
26	0.0026905873061878883
27	0.014296391539437897
28	0.002359131083944704
29	0.004363391048282014
30	0.00415375844132123
31	0.005895388579799766
32	0.009798401000181084
33	0.013205561660451615
34	0.005414391838631187
35	0.0012035422747062533
36	0.0027829853624644937
37	7.4738603161751E-4
38	0.002785703973134602
39	3.212061198025408E-4
40	0.007098966087939852
41	0.007992010067278298
42	0.004376915153673434
43	2.3236689617545E-5
44	0.001976744619989215
45	0.0013999736406636696
46	4.126726828841529E-5
47	1.192299699313939E-5
48	8.52700262484452E-4
49	0.0036847827748687887
50	0.0013294055033782673
51	2.8313628935169716E-5
>>END_MODULE
>>Sequence Length Distribution	warn
#Length	Count
20	25369.0
21	25682.0
22	26786.0
23	27038.0
24	28298.0
25	29351.0
26	30865.0
27	32664.0
28	34855.0
29	37896.0
30	38585.0
31	39018.0
32	40499.0
33	40443.0
34	41976.0
35	43611.0
36	43303.0
37	45640.0
38	47828.0
39	51475.0
40	53005.0
41	57369.0
42	58283.0
43	64748.0
44	77658.0
45	109154.0
46	188290.0
47	473150.0
48	994962.0
49	1991972.0
50	2718618.0
51	1.0595604E7
>>END_MODULE
>>Sequence Duplication Levels	warn
#Total Duplicate Percentage	32.71886911077056
#Duplication Level	Relative count
1	100.0
2	21.360208499113003
3	8.720314792778455
4	4.505800159148483
5	2.607698990356186
6	1.6695989896261472
7	1.1520014016747093
8	0.7928222574263208
9	0.6103125296578308
10++	4.589024595010914
>>END_MODULE
>>Overrepresented sequences	pass
>>END_MODULE
>>Kmer Content	warn
#Sequence	Count	Obs/Exp Overall	Obs/Exp Max	Max Obs/Exp Position
AAAAA	6302325	4.402673	5.3936133	47
TTTTT	5967345	4.0227385	5.1389284	13
CCTGG	1601580	3.0434382	3.716811	19
CCAGG	1572770	3.0100663	4.11344	35
AGAAA	3133105	2.8440669	5.050841	28
GAAAA	3039505	2.7591019	5.104134	4
GGAAA	1869930	2.2056649	5.0220337	20
GAGAA	1841035	2.171582	5.1221747	27
>>END_MODULE
