##FastQC	0.10.1
>>Basic Statistics	pass
#Measure	Value	
Filename	KS28_S3_L001_R2_001.fastq.gz	
File type	Conventional base calls	
Encoding	Sanger / Illumina 1.9	
Total Sequences	23603567	
Filtered Sequences	0	
Sequence length	35-75	
%GC	45	
>>END_MODULE
>>Per base sequence quality	pass
#Base	Mean	Median	Lower Quartile	Upper Quartile	10th Percentile	90th Percentile
1	31.450543174258364	32.0	32.0	32.0	32.0	32.0
2	31.277051303305132	32.0	32.0	32.0	32.0	32.0
3	31.348678951787246	32.0	32.0	32.0	32.0	32.0
4	31.380157710908694	32.0	32.0	32.0	32.0	32.0
5	31.362879983351668	32.0	32.0	32.0	32.0	32.0
6	35.10182702470351	36.0	36.0	36.0	36.0	36.0
7	35.09325882821016	36.0	36.0	36.0	36.0	36.0
8	35.03748662225502	36.0	36.0	36.0	36.0	36.0
9	35.127350243291616	36.0	36.0	36.0	36.0	36.0
10	34.99134431672976	36.0	36.0	36.0	36.0	36.0
11	35.10643658223353	36.0	36.0	36.0	36.0	36.0
12	35.02589193404539	36.0	36.0	36.0	36.0	36.0
13	35.061219645318864	36.0	36.0	36.0	36.0	36.0
14	35.001734610705235	36.0	36.0	36.0	36.0	36.0
15	34.97943560818583	36.0	36.0	36.0	36.0	36.0
16	34.988606764392856	36.0	36.0	36.0	36.0	36.0
17	34.97812983097004	36.0	36.0	36.0	36.0	36.0
18	34.9678957845651	36.0	36.0	36.0	36.0	36.0
19	34.96188656570424	36.0	36.0	36.0	36.0	36.0
20	34.942642228608925	36.0	36.0	36.0	36.0	36.0
21	34.933075327131704	36.0	36.0	36.0	36.0	36.0
22	34.92785882743909	36.0	36.0	36.0	36.0	36.0
23	34.908495143975486	36.0	36.0	36.0	36.0	36.0
24	34.904536038980886	36.0	36.0	36.0	36.0	36.0
25	34.88242514362342	36.0	36.0	36.0	36.0	36.0
26	34.87338828915138	36.0	36.0	36.0	36.0	36.0
27	34.85784813795305	36.0	36.0	36.0	36.0	36.0
28	34.85202414533363	36.0	36.0	36.0	36.0	36.0
29	34.83518584288553	36.0	36.0	36.0	36.0	36.0
30	34.815653498473345	36.0	36.0	36.0	36.0	36.0
31	34.80144429017869	36.0	36.0	36.0	36.0	36.0
32	34.79287105207446	36.0	36.0	36.0	36.0	36.0
33	34.77793958006432	36.0	36.0	36.0	36.0	36.0
34	34.76766859009064	36.0	36.0	36.0	36.0	36.0
35	34.74610087534651	36.0	36.0	36.0	32.0	36.0
36	34.74099464111673	36.0	36.0	36.0	32.0	36.0
37	34.73070022375139	36.0	36.0	36.0	32.0	36.0
38	34.71692923630538	36.0	36.0	36.0	32.0	36.0
39	34.7048275124973	36.0	36.0	36.0	32.0	36.0
40	34.693582535501	36.0	36.0	36.0	32.0	36.0
41	34.67994865725236	36.0	36.0	36.0	32.0	36.0
42	34.666333483359935	36.0	36.0	36.0	32.0	36.0
43	34.65222462774918	36.0	36.0	36.0	32.0	36.0
44	34.635426356915275	36.0	36.0	36.0	32.0	36.0
45	34.614197240056946	36.0	36.0	36.0	32.0	36.0
46	34.60499214900598	36.0	36.0	36.0	32.0	36.0
47	34.579119346271305	36.0	36.0	36.0	32.0	36.0
48	34.55414456363373	36.0	36.0	36.0	32.0	36.0
49	34.54236964064716	36.0	36.0	36.0	32.0	36.0
50	34.51349921925405	36.0	36.0	36.0	32.0	36.0
51	34.49117218367207	36.0	36.0	36.0	32.0	36.0
52	34.47523778779849	36.0	36.0	36.0	32.0	36.0
53	34.445519827527036	36.0	36.0	36.0	32.0	36.0
54	34.41134709306374	36.0	36.0	36.0	32.0	36.0
55	34.38606739173937	36.0	36.0	36.0	32.0	36.0
56	34.36155650938194	36.0	36.0	36.0	32.0	36.0
57	34.345430292785515	36.0	36.0	36.0	32.0	36.0
58	34.32604124134668	36.0	36.0	36.0	32.0	36.0
59	34.285098867249516	36.0	36.0	36.0	32.0	36.0
60	34.26543733789543	36.0	36.0	36.0	32.0	36.0
61	34.22887596461418	36.0	36.0	36.0	32.0	36.0
62	34.20352580709917	36.0	36.0	36.0	32.0	36.0
63	34.17706344890259	36.0	36.0	36.0	32.0	36.0
64	34.151012494381376	36.0	36.0	36.0	32.0	36.0
65	34.1069248628488	36.0	36.0	36.0	32.0	36.0
66	34.08642731646722	36.0	36.0	36.0	32.0	36.0
67	34.062726573571126	36.0	36.0	36.0	32.0	36.0
68	34.02484209775201	36.0	36.0	36.0	32.0	36.0
69	33.997234588473994	36.0	36.0	36.0	32.0	36.0
70	33.97770959964812	36.0	36.0	36.0	32.0	36.0
71	33.936724699694665	36.0	36.0	36.0	32.0	36.0
72	33.91666086398851	36.0	36.0	36.0	32.0	36.0
73	33.891488636432946	36.0	36.0	36.0	32.0	36.0
74	33.86387554027445	36.0	36.0	36.0	32.0	36.0
75	32.89973066789246	36.0	32.0	36.0	21.0	36.0
>>END_MODULE
>>Per sequence quality scores	pass
#Quality	Count
2	7653.0
3	0.0
4	0.0
5	0.0
6	0.0
7	0.0
8	0.0
9	0.0
10	0.0
11	0.0
12	0.0
13	3.0
14	1009.0
15	3567.0
16	5688.0
17	8252.0
18	11028.0
19	14480.0
20	19738.0
21	27940.0
22	41247.0
23	60924.0
24	89441.0
25	130323.0
26	180550.0
27	242034.0
28	313318.0
29	400651.0
30	509768.0
31	665226.0
32	917038.0
33	1448344.0
34	3253954.0
35	1.5251391E7
>>END_MODULE
>>Per base sequence content	fail
#Base	G	A	T	C
1	44.74775916429153	18.059659387445027	11.423375780755567	25.769205667507876
2	16.988987838727397	19.657742445382613	36.57537143830888	26.777898277581112
3	19.884752224829995	21.36085664381174	28.97004953544673	29.784341595911535
4	13.593058690500945	14.704032380638651	36.53318446657742	35.169724462282986
5	15.092931351651115	34.69221688142519	35.294651157517634	14.920200609406061
6	34.32747296841309	35.303908973392595	16.554069488471608	13.814548569722707
7	30.342609317867492	29.994210014496574	20.888557230713758	18.774623436922173
8	26.664197030045116	34.47238788885228	20.194343817323627	18.669071263778974
9	24.934876436657635	15.762004387708823	20.319051849400704	38.98406732623284
10	14.29753897221358	27.538585705982825	35.042562877623645	23.121312444179953
11	34.1133935307613	22.929503811549743	23.8496419337687	19.10746072392025
12	21.97001141807857	24.421215469763112	31.311641498608616	22.297131613549702
13	27.714166952803776	20.86067528471243	26.461204257652405	24.963953504831387
14	20.450820425943235	20.728703283119273	27.603215539775235	31.217260751162257
15	22.70074810409972	29.52792589428831	23.56274056601495	24.208585435597026
16	22.62685819248197	28.937310925950992	25.54504139996442	22.89078948160262
17	21.492348209100946	28.317084898682033	27.736543708372558	22.454023183844456
18	21.920583368798514	28.13258685380867	28.147958159196545	21.79887161819627
19	22.2873629730978	27.59462930743009	27.977123496890183	22.140884222581928
20	22.340969711959453	27.45018480742047	28.041706712441822	22.167138768178255
21	22.269546329080537	27.13760950306905	27.800580219100645	22.79226394874977
22	22.131246960808554	27.036901388943868	28.1082606081714	22.723591042076183
23	22.203903608056883	27.134210609514852	27.83564985022407	22.826235932204195
24	22.207794112150093	26.990194149715922	28.12281821335677	22.679193524777215
25	22.41647430991654	26.982887799980965	27.71304811502534	22.88758977507716
26	21.979953817427884	27.269780691690944	27.928127725842707	22.822137765038473
27	21.987921298577373	27.312436381993933	27.99937734982421	22.700264969604483
28	22.16334997661036	27.185143156565157	27.979072986958677	22.67243387986581
29	21.85918290768478	27.394628578490327	28.162880234264286	22.583308279560605
30	22.052220566662516	27.47157410388934	27.933454919355956	22.54275041009219
31	22.356641916901378	27.49911277011774	27.74245574890636	22.401789564074527
32	21.84707487915069	27.55082935121733	28.086439033469944	22.515656736162033
33	21.98088194422136	27.349158841653686	28.181336819586644	22.488622394538307
34	21.986662606076628	27.11806798414336	28.338673382179643	22.556596027600374
35	21.92503329178094	27.348913036384182	28.185600269606	22.540453402228877
36	22.05174849805254	27.731189921306832	28.01327990909374	22.20378167154689
37	22.159124196138514	27.493853852553674	27.862270848977605	22.484751102330208
38	22.018952197953187	27.79073249757052	27.89602295732289	22.294292347153398
39	22.066783625557377	27.64834379043082	28.075647364915348	22.209225219096464
40	22.06082014728259	27.44194900610257	28.066659929500737	22.430570917114107
41	22.07961809714719	27.592287587291498	28.058079912973326	22.270014402587986
42	21.977081126575932	27.629202006096648	28.12519410513917	22.268522762188255
43	22.116717093979993	27.403310932489187	27.977678555121344	22.50229341840948
44	22.023592266762503	27.738665843278394	28.04503546293684	22.192706427022262
45	22.06475214375283	27.66633377320397	27.969598753962533	22.299315329080667
46	22.193843460960327	27.766523984364465	27.82128332215896	22.21834923251625
47	21.971910135080915	27.86796771545117	27.97659185018852	22.183530299279393
48	21.934926342157507	27.735347244114617	27.970017125767892	22.35970928795999
49	22.08535743655702	27.63191113570469	28.023915361328804	22.258816066409487
50	22.067816982620517	27.737311166499424	27.968115547925976	22.226756302954087
51	22.138306903160114	27.76569211793773	27.90008196085442	22.195919018047743
52	22.137670701847075	27.708236438228155	27.869001307269414	22.285091552655356
53	22.018107266191095	27.687721821280604	28.008604832210686	22.28556608031761
54	22.17553725107878	27.911525550084832	27.869127294876183	22.043809903960206
55	22.164971397840958	27.75165356667062	27.803932453604574	22.279442581883846
56	22.246178661155202	27.90494502038003	27.75378060065333	22.095095717811436
57	22.04505373253942	27.803710486660925	27.90538711874214	22.245848662057515
58	22.034829093232318	27.630446670534596	27.9541661212974	22.38055811493568
59	21.929948175972847	27.804470676210723	27.989332189450295	22.276248958366132
60	22.10245441865595	27.816338534790187	27.919032128276598	22.162174918277266
61	22.273294864594025	27.83700341845351	27.78785549683289	22.101846220119572
62	22.181494897080768	27.935612048395885	27.76415444555575	22.118738608967597
63	22.16464897423615	27.944801414426486	27.80538110371676	22.085168507620605
64	22.223986991835588	27.701710246356694	27.748813875075395	22.325488886732323
65	22.023568820809462	27.79928161062707	27.93478435105161	22.242365217511857
66	22.113109969488917	27.837273240118066	27.75394878978026	22.295668000612764
67	22.137566787639138	27.7946408966659	27.798855107523636	22.26893720817133
68	22.185167402597486	28.016041167165906	27.81956428051332	21.979227149723286
69	22.429840646755935	27.94653160046994	27.698180563157365	21.925447189616765
70	22.43067645583831	27.751335805920885	27.701806046106164	22.116181692134646
71	22.28883367937534	28.014921277704886	27.643828652908688	22.052416390011086
72	22.287986887298885	28.16971661306461	27.860219388830792	21.682077110805707
73	22.95097861378239	28.701255957150305	27.9192323704833	20.428533058584
74	24.141543676121852	31.103670513359795	28.038444984972905	16.716340825545455
75	29.31002429117996	41.24567940758564	29.444296301234402	0.0
>>END_MODULE
>>Per base GC content	fail
#Base	%GC
1	70.5169648317994
2	43.766886116308505
3	49.66909382074153
4	48.76278315278393
5	30.013131961057177
6	48.1420215381358
7	49.11723275478966
8	45.33326829382409
9	63.91894376289048
10	37.41885141639354
11	53.22085425468155
12	44.26714303162827
13	52.67812045763517
14	51.6680811771055
15	46.909333539696746
16	45.517647674084586
17	43.9463713929454
18	43.71945498699478
19	44.428247195679724
20	44.5081084801377
21	45.061810277830304
22	44.85483800288474
23	45.03013954026108
24	44.88698763692731
25	45.3040640849937
26	44.80209158246635
27	44.68818626818186
28	44.83578385647617
29	44.44249118724539
30	44.5949709767547
31	44.7584314809759
32	44.36273161531272
33	44.46950433875967
34	44.543258633677
35	44.46548669400982
36	44.255530169599425
37	44.64387529846872
38	44.313244545106585
39	44.27600884465384
40	44.4913910643967
41	44.34963249973517
42	44.24560388876419
43	44.61901051238947
44	44.216298693784765
45	44.3640674728335
46	44.41219269347658
47	44.1554404343603
48	44.2946356301175
49	44.344173502966505
50	44.2945732855746
51	44.33422592120785
52	44.42276225450243
53	44.30367334650871
54	44.21934715503898
55	44.44441397972481
56	44.34127437896664
57	44.290902394596934
58	44.415387208168
59	44.20619713433898
60	44.26462933693321
61	44.3751410847136
62	44.300233506048365
63	44.24981748185676
64	44.549475878567904
65	44.26593403832132
66	44.40877797010168
67	44.40650399581047
68	44.16439455232077
69	44.355287836372696
70	44.54685814797295
71	44.341250069386426
72	43.9700639981046
73	43.37951167236639
74	40.85788450166731
75	29.31002429117996
>>END_MODULE
>>Per sequence GC content	warn
#GC Content	Count
0	7670.0
1	3860.0
2	87.5
3	168.0
4	211.5
5	292.0
6	499.0
7	803.5
8	985.5
9	1248.0
10	2086.5
11	3518.5
12	4409.5
13	5614.0
14	8706.5
15	13499.5
16	17312.5
17	24332.5
18	39268.5
19	58513.0
20	72064.0
21	92911.5
22	132728.5
23	177723.0
24	207257.5
25	245244.0
26	308932.0
27	372337.0
28	414126.5
29	464989.5
30	542763.0
31	614726.0
32	661561.5
33	713618.5
34	798924.5
35	873574.5
36	915189.0
37	958683.0
38	1005513.5
39	1035745.5
40	1056559.0
41	1060919.5
42	1052074.5
43	1036366.0
44	1028208.0
45	1011854.5
46	974855.0
47	934593.5
48	913023.0
49	886118.5
50	841369.5
51	801569.5
52	778616.0
53	761232.0
54	731370.5
55	699739.0
56	681091.0
57	663578.5
58	627546.0
59	580562.5
60	540575.5
61	496229.0
62	440113.5
63	387568.0
64	347570.0
65	313677.0
66	268504.5
67	222157.5
68	189066.5
69	164805.0
70	135119.0
71	105642.0
72	85664.0
73	72049.0
74	57200.0
75	43944.0
76	35470.5
77	29803.0
78	23645.5
79	17912.5
80	14141.0
81	11897.5
82	9292.0
83	6691.0
84	5069.0
85	4152.0
86	3187.0
87	2325.0
88	1962.0
89	1779.0
90	1486.5
91	1272.0
92	1190.5
93	1167.0
94	1124.0
95	1076.0
96	1050.0
97	1164.0
98	1467.0
99	8761.0
100	15868.0
>>END_MODULE
>>Per base N content	pass
#Base	N-Count
1	0.35537849003923855
2	0.2032447044974177
3	0.0712646524993447
4	0.0432519373025272
5	0.03585051361093008
6	0.032423065547677606
7	0.032423065547677606
8	0.032423065547677606
9	0.032423065547677606
10	0.032423065547677606
11	0.032423065547677606
12	0.032423065547677606
13	0.032423065547677606
14	0.032423065547677606
15	0.032423065547677606
16	0.032423065547677606
17	0.032423065547677606
18	0.032423065547677606
19	0.032423065547677606
20	0.032423065547677606
21	0.032423065547677606
22	0.032423065547677606
23	0.032423065547677606
24	0.032423065547677606
25	0.032423065547677606
26	0.032423065547677606
27	0.032423065547677606
28	0.032423065547677606
29	0.032423065547677606
30	0.032423065547677606
31	0.032423065547677606
32	0.032423065547677606
33	0.032423065547677606
34	0.032423065547677606
35	0.032423065547677606
36	0.0
37	0.0
38	0.0
39	0.0
40	0.0
41	0.0
42	0.0
43	3.822716509849633E-5
44	0.0
45	0.0
46	0.0
47	0.0
48	0.0
49	0.0
50	0.0
51	0.0
52	0.0
53	0.0
54	0.0
55	0.0
56	0.0
57	0.0
58	0.0
59	0.0
60	0.0
61	0.0
62	0.0
63	0.0
64	0.0
65	0.0
66	0.0
67	0.0
68	0.0
69	0.0
70	0.0
71	0.0
72	0.0
73	0.0
74	0.0
75	0.0
>>END_MODULE
>>Sequence Length Distribution	warn
#Length	Count
35	10032.0
36	3961.0
37	5291.0
38	6198.0
39	7343.0
40	8310.0
41	8831.0
42	10134.0
43	11434.0
44	12997.0
45	14369.0
46	15412.0
47	15855.0
48	16510.0
49	17127.0
50	17606.0
51	18412.0
52	19210.0
53	20366.0
54	22050.0
55	22478.0
56	23236.0
57	24711.0
58	24562.0
59	25625.0
60	26223.0
61	26291.0
62	27458.0
63	28666.0
64	30679.0
65	32533.0
66	32299.0
67	33993.0
68	35605.0
69	44358.0
70	60318.0
71	152412.0
72	556557.0
73	1629490.0
74	5024109.0
75	1.5480516E7
>>END_MODULE
>>Sequence Duplication Levels	warn
#Total Duplicate Percentage	35.27352730329024
#Duplication Level	Relative count
1	100.0
2	22.332129026344532
3	10.213949083020799
4	5.670681871997189
5	3.5288995485758368
6	2.306006003712219
7	1.5505770743742313
8	1.1434551134671056
9	0.8363950228767406
10++	5.184121479693551
>>END_MODULE
>>Overrepresented sequences	pass
>>END_MODULE
>>Kmer Content	warn
#Sequence	Count	Obs/Exp Overall	Obs/Exp Max	Max Obs/Exp Position
AAAAA	9390045	3.798842	7.83873	71
TTTTT	8135330	3.0828257	5.512636	71
CCTGG	3649115	3.0733452	11.9917145	3
GGGGG	3034055	3.044128	5.1282496	71
CCAGG	3424515	2.9221656	12.350744	3
CCCAG	3320475	2.8614402	11.389709	2
CTGGG	3340225	2.7856128	11.097152	4
CCAGC	3090750	2.6634734	6.4696417	3
GGAGG	3060180	2.5603259	5.9498897	6
GCTGG	3040935	2.5360172	7.0749006	3
CAGCA	3392400	2.4139128	6.588838	4
CAGCC	2796145	2.4095955	5.724761	9
TCCAG	3400710	2.3883731	8.53697	2
TGCTG	3453110	2.3701854	7.4810457	2
CTCCA	3286330	2.3308938	6.26622	1
GGCTG	2788535	2.3255255	8.426341	7
CAGGA	3289960	2.3180692	9.792531	4
CTCCT	3263605	2.2846882	6.0770917	1
AGGAG	3262170	2.2759552	7.0322847	5
CTGCC	2644940	2.2496674	5.738776	9
GGCAG	2661130	2.2485008	6.402464	7
TCCTG	3235155	2.2425685	8.725218	2
CCTGC	2633755	2.240154	6.1410055	3
CTGGA	3218885	2.2385113	8.565309	4
CTGCA	3137005	2.2031689	6.722265	4
GCCTG	2613180	2.2008636	7.271556	7
CCCTG	2586645	2.2000844	9.116388	2
GCAGG	2598970	2.1959794	6.868624	3
CTGCT	3162965	2.1925273	6.5116467	9
GCTGC	2600285	2.1900032	5.615003	8
CAGAG	3064480	2.1591985	7.604875	4
AGCAG	3055540	2.1528995	5.5226955	7
TGCAG	3084420	2.1450005	7.02749	2
CTCTG	3082920	2.137041	7.4224024	2
CAGGG	2474205	2.0905602	9.415555	4
TGGAG	2990990	2.0596342	6.421169	5
CTGGC	2434575	2.0504394	5.742383	4
CCCCA	2352885	2.0476885	6.766996	1
GCCAG	2397600	2.0458908	5.326501	2
CAGGC	2397005	2.0453832	6.112849	4
AGCTG	2922885	2.032664	5.782952	7
GGGAG	2418800	2.0237095	5.640329	7
CAGAA	3388945	1.9911735	5.300426	4
GGAGA	2831580	1.9755406	5.5193505	6
CACAG	2770515	1.9714013	7.0392194	7
CTCAG	2783460	1.9548686	6.112999	2
CTGTG	2835100	1.9459885	8.912468	9
CTGAG	2761635	1.9205258	5.9211206	4
TTCTG	3368845	1.9031798	5.173561	2
GGCCA	2208895	1.8848674	6.432387	1
TGGGG	2268785	1.8735259	6.4792247	5
CCAGA	2632435	1.8731484	6.520984	3
CCTCT	2631320	1.8420568	5.631125	1
TCTGG	2624345	1.8013281	6.362399	3
CACTG	2558940	1.7971845	7.422935	7
TGGCC	2110860	1.7778013	5.8274684	5
CAGTG	2538340	1.7652396	6.609888	9
ACCTG	2512485	1.7645584	5.3876143	7
AGAGG	2506500	1.7487383	5.1036205	5
CCTGA	2465330	1.7314409	5.5950813	3
GCCCA	2004040	1.7269942	7.228451	1
ACAGA	2826340	1.6606152	5.7907925	8
GGGCC	1618160	1.65584	5.4309506	6
TCAGG	2374125	1.6510394	5.8295507	3
GAGAG	2354695	1.6428268	5.34278	7
TGGGC	1943150	1.6205088	6.5635176	5
GGCCT	1922255	1.618955	5.163645	6
CCTGT	2321605	1.6093073	5.4575934	8
AGCCT	2252515	1.5819774	5.090637	6
AGGTG	2277970	1.5686395	5.3150353	7
GTGTG	2182625	1.4834479	7.686675	1
ACACA	2461700	1.4606912	6.143897	6
TGTGT	2601680	1.4553716	5.690338	10
GCCCT	1710665	1.455015	6.089935	1
CTGTC	2087000	1.4466819	5.8108854	9
GGGCT	1729545	1.4423708	6.011267	6
ACAGC	2007385	1.4283848	5.5661664	8
CACAC	1985120	1.4265271	6.442289	5
GCTGT	2071735	1.4220213	5.13595	8
GACAG	2010645	1.4166781	7.0072036	7
AGGGC	1607875	1.3585615	5.6703405	5
AGACA	2297255	1.3497515	5.352308	6
ACTGC	1802260	1.265756	5.2005286	8
GGACA	1762155	1.2415948	5.897831	6
GTGCT	1771770	1.2161279	6.483526	1
GTCCT	1737955	1.2047285	7.2714567	1
GTCCA	1652460	1.1605493	6.6297536	1
TGTGC	1671665	1.1474166	5.457668	10
AGCAC	1606485	1.1431184	5.4470444	5
AGGAC	1611060	1.1351349	6.814321	5
GTCTT	2004580	1.1324581	5.348971	1
TGCAC	1527600	1.072858	5.556452	5
GTGCA	1540905	1.0715927	6.187918	1
TGGAC	1516605	1.0546937	5.9557495	5
ACAGT	1808535	1.0487925	5.5921025	8
GACTG	1506975	1.0479966	6.0694704	7
ACTGT	1830450	1.047704	6.34729	8
GCACT	1479520	1.0390908	5.04737	6
AGACT	1737695	1.0077115	5.14795	6
GGACT	1358100	0.94446445	5.220139	6
GTGTA	1122685	0.63629705	5.7402763	1
>>END_MODULE
