##FastQC	0.10.1
>>Basic Statistics	pass
#Measure	Value	
Filename	032-F5_S3_L003_R1_001.fastq.gz	
File type	Conventional base calls	
Encoding	Sanger / Illumina 1.9	
Total Sequences	44220892	
Filtered Sequences	0	
Sequence length	35-76	
%GC	45	
>>END_MODULE
>>Per base sequence quality	pass
#Base	Mean	Median	Lower Quartile	Upper Quartile	10th Percentile	90th Percentile
1	31.31167555371791	32.0	32.0	32.0	32.0	32.0
2	31.381208275943415	32.0	32.0	32.0	32.0	32.0
3	31.47441365497557	32.0	32.0	32.0	32.0	32.0
4	31.56829170248307	32.0	32.0	32.0	32.0	32.0
5	31.522901301945694	32.0	32.0	32.0	32.0	32.0
6	35.107108061049516	36.0	36.0	36.0	36.0	36.0
7	35.12502832371631	36.0	36.0	36.0	36.0	36.0
8	35.05294271314111	36.0	36.0	36.0	36.0	36.0
9	35.187619349695616	36.0	36.0	36.0	36.0	36.0
10-14	35.11394368978355	36.0	36.0	36.0	36.0	36.0
15-19	35.07935020849421	36.0	36.0	36.0	36.0	36.0
20-24	35.0411230646365	36.0	36.0	36.0	36.0	36.0
25-29	34.94223946002717	36.0	36.0	36.0	36.0	36.0
30-34	34.857467795991084	36.0	36.0	36.0	36.0	36.0
35-39	34.800447928501185	36.0	36.0	36.0	34.4	36.0
40-44	34.73705091772788	36.0	36.0	36.0	32.0	36.0
45-49	34.66666334987719	36.0	36.0	36.0	32.0	36.0
50-54	34.57052877565895	36.0	36.0	36.0	32.0	36.0
55-59	34.46026238071227	36.0	36.0	36.0	32.0	36.0
60-64	34.32663312490331	36.0	36.0	36.0	32.0	36.0
65-69	34.17850770911882	36.0	36.0	36.0	32.0	36.0
70-74	34.04583210047158	36.0	36.0	36.0	32.0	36.0
75-76	33.52942102903896	36.0	36.0	36.0	26.5	36.0
>>END_MODULE
>>Per sequence quality scores	pass
#Quality	Count
2	26384.0
3	0.0
4	0.0
5	0.0
6	0.0
7	0.0
8	0.0
9	0.0
10	0.0
11	0.0
12	0.0
13	3.0
14	13.0
15	23.0
16	36.0
17	99.0
18	273.0
19	1042.0
20	4101.0
21	11967.0
22	26884.0
23	51387.0
24	92778.0
25	162278.0
26	263349.0
27	397809.0
28	569730.0
29	777631.0
30	1032131.0
31	1361930.0
32	1869848.0
33	2905973.0
34	6476318.0
35	2.8188905E7
>>END_MODULE
>>Per base sequence content	fail
#Base	G	A	T	C
1	42.973027327286914	18.903075015565282	11.440373993981334	26.683523663166476
2	16.374459921581206	20.631923314996513	35.17129775491561	27.822319008506668
3	18.463194567071547	22.069443560724785	28.66846939443245	30.798892477771222
4	12.942854799967455	15.406038686978935	35.61408580450765	36.03702070854596
5	14.723053371246944	35.3780134852955	34.06263058749291	15.836302555964647
6	34.352515641086526	35.70798519413976	15.993775339564994	13.945723825208725
7	30.39878846484726	30.09664911305269	20.500524635323465	19.004037786776586
8	26.520102905094	34.35168460298279	19.883984227180445	19.24422826474276
9	24.423328089920336	15.525740682148731	20.136823822205738	39.9141074057252
10-14	23.602054252906196	23.263905449448274	28.66228463686901	24.471755660776513
15-19	22.13689018728175	28.565306075772085	26.397143869578905	22.900659867367256
20-24	22.232630102879085	27.20654156093926	27.74049683826627	22.820331497915383
25-29	22.022755673567875	27.210556654780817	27.83240551110312	22.934282160548186
30-34	22.009443887726917	27.38535692575443	27.926678427315316	22.678520759203337
35-39	22.00267140682545	27.662049139528094	27.821485975073408	22.51379347857305
40-44	22.030378916250342	27.588883159522666	27.868905921228404	22.51183200299859
45-49	22.01509589884388	27.802771498951884	27.761303439706957	22.420829162497274
50-54	22.12769235992377	27.752865510552315	27.74082661351241	22.378615516011504
55-59	22.083807680164362	27.75500951513681	27.744514884048332	22.416667920650493
60-64	22.198382555448447	27.8471002959039	27.63020819828139	22.324308950366266
65-69	22.168573421279326	27.80748406074341	27.694528246398807	22.32941427157846
70-74	22.43779668962615	28.075492287691855	27.607679570425635	21.87903145225636
75-76	26.474868914287413	35.364825698755794	28.46246136698622	9.697844019970578
>>END_MODULE
>>Per base GC content	fail
#Base	%GC
1	69.65655099045338
2	44.19677893008787
3	49.262087044842765
4	48.97987550851341
5	30.55935592721159
6	48.29823946629525
7	49.40282625162384
8	45.76433116983676
9	64.33743549564554
10-14	48.07380991368271
15-19	45.03755005464901
20-24	45.05296160079447
25-29	44.95703783411606
30-34	44.687964646930254
35-39	44.5164648853985
40-44	44.54221091924894
45-49	44.43592506134115
50-54	44.50630787593528
55-59	44.50047560081485
60-64	44.52269150581471
65-69	44.497987692857784
70-74	44.31682814188251
75-76	36.172712934257994
>>END_MODULE
>>Per sequence GC content	warn
#GC Content	Count
0	26398.0
1	13211.0
2	40.0
3	87.5
4	120.0
5	184.0
6	373.5
7	673.5
8	846.0
9	1214.0
10	2256.5
11	4204.0
12	5501.5
13	7454.5
14	12916.0
15	22418.5
16	37670.0
17	49280.0
18	67380.0
19	104338.5
20	151689.0
21	185624.0
22	234673.0
23	322003.0
24	414169.5
25	475277.0
26	552094.0
27	675396.0
28	794376.0
29	873190.0
30	967175.5
31	1109763.0
32	1238130.0
33	1320412.5
34	1422480.0
35	1566973.0
36	1682623.5
37	1754832.0
38	1819057.5
39	1889862.5
40	1916877.5
41	1908653.5
42	1909294.5
43	1897922.0
44	1854190.5
45	1796354.5
46	1760086.5
47	1715917.5
48	1642804.0
49	1574740.0
50	1532389.0
51	1491704.0
52	1434957.0
53	1391885.0
54	1375144.0
55	1358462.5
56	1326573.5
57	1291599.5
58	1256062.0
59	1195416.5
60	1103752.0
61	993909.5
62	905284.5
63	825741.5
64	721204.5
65	622617.0
66	520517.5
67	446907.0
68	391041.0
69	319640.0
70	250691.5
71	204198.5
72	170908.5
73	134874.0
74	102781.5
75	82149.5
76	69139.5
77	54648.0
78	40926.5
79	32684.0
80	27456.0
81	21590.5
82	15731.5
83	11893.0
84	9518.0
85	7041.0
86	4597.0
87	3149.0
88	2458.5
89	1782.0
90	1217.5
91	857.0
92	712.5
93	856.0
94	855.0
95	526.5
96	347.5
97	251.5
98	125.0
99	120.0
100	149.0
>>END_MODULE
>>Per base N content	pass
#Base	N-Count
1	0.05966410627809136
2	0.05966410627809136
3	0.05966410627809136
4	0.05966410627809136
5	0.05966410627809136
6	0.07703146286601364
7	0.05966410627809136
8	0.05966410627809136
9	0.05968898139820426
10-14	0.06113535656404217
15-19	0.059916475678509606
20-24	0.06064147236107313
25-29	0.06091600323213743
30-34	0.06224343009634451
35-39	0.020093011563827437
40-44	0.00993880005656898
45-49	0.010691772162079604
50-54	0.010950218856184192
55-59	0.009453566389469295
60-64	0.009074200656023811
65-69	0.007396140682766079
70-74	0.004692863494550698
75-76	3.7739224454676575E-4
>>END_MODULE
>>Sequence Length Distribution	warn
#Length	Count
35	35287.0
36	13874.0
37	18693.0
38	21444.0
39	24277.0
40	26469.0
41	28136.0
42	31204.0
43	35977.0
44	40670.0
45	44264.0
46	46140.0
47	48494.0
48	49780.0
49	53356.0
50	53382.0
51	54951.0
52	57440.0
53	61760.0
54	67093.0
55	68827.0
56	71476.0
57	73135.0
58	73943.0
59	76214.0
60	76308.0
61	76649.0
62	80468.0
63	83784.0
64	90465.0
65	93676.0
66	96551.0
67	95827.0
68	96342.0
69	104887.0
70	115380.0
71	150106.0
72	319871.0
73	1050828.0
74	2985988.0
75	9340830.0
76	2.8186646E7
>>END_MODULE
>>Sequence Duplication Levels	warn
#Total Duplicate Percentage	43.168259083697045
#Duplication Level	Relative count
1	100.0
2	24.838664788046408
3	12.823322722607804
4	8.06067247647376
5	5.498443180434518
6	3.872914818487015
7	2.8135817286785296
8	2.168240880864165
9	1.5924785611160397
10++	12.278001008888657
>>END_MODULE
>>Overrepresented sequences	pass
>>END_MODULE
>>Kmer Content	warn
#Sequence	Count	Obs/Exp Overall	Obs/Exp Max	Max Obs/Exp Position
AAAAA	19183400	4.0624943	7.431038	72
TTTTT	17182600	3.589885	6.3749804	72
CCTGG	7255575	3.214556	12.603995	3
CCAGG	6799785	3.0207825	13.84856	3
CTGGG	6609075	2.9466853	11.219859	4
CCCAG	6674280	2.9463525	12.541555	2
CCAGC	6263280	2.7649174	7.210206	3
CCTCC	6121755	2.6781645	5.1086245	1
GGAGG	5910530	2.659124	6.140737	6
GCTGG	5887615	2.6250193	6.4116855	3
CAGCC	5669445	2.50277	6.9129424	5
TCCAG	6626020	2.431592	9.302675	2
GGCTG	5372110	2.395179	8.754422	7
CTCCA	6525590	2.3796537	7.1710744	1
CAGGA	6382105	2.3633113	10.547498	4
AGGAG	6311575	2.3520074	7.634524	5
CAGCA	6356965	2.339176	6.626371	4
GCCTG	5273855	2.3365622	8.886377	7
CTCCT	6383190	2.3214357	6.6880484	1
TGCTG	6250195	2.3019736	6.154561	2
TCCTG	6270670	2.2949688	9.013769	2
GGCAG	5132530	2.2945614	6.6826963	7
CCTGC	5181785	2.2813118	6.4637847	3
CTGGA	6104450	2.2543867	8.354244	4
CTGCC	5109075	2.2493007	5.9655585	9
GCAGG	5010400	2.2399616	6.7511024	3
CTGCA	6061630	2.2244742	6.680644	4
CAGAG	5967075	2.2096245	8.148705	4
CCCTG	4974350	2.1899872	9.1043005	2
TGCAG	5899595	2.1787333	6.562456	2
CTCTG	5846065	2.1395698	7.3503823	2
CAGGC	4807665	2.1357896	6.871729	4
AGCAG	5743590	2.1268673	5.546536	7
CTGCT	5803765	2.1240888	6.5010476	9
CAGGG	4725305	2.1125066	9.607041	4
TGGAG	5675175	2.1091383	6.3699336	5
GCTGC	4741580	2.1007397	5.7069182	8
GGGAG	4657410	2.09535	5.6936426	7
CTGGC	4698915	2.0818372	5.892263	4
GCCAG	4660735	2.0705163	5.8348117	2
AGCTG	5593920	2.065847	6.038388	7
GGAGA	5429650	2.023358	5.5519786	6
CCCCA	4574905	2.0068665	7.236345	1
CTCAG	5409680	1.9852241	6.364586	2
CAGAA	6419410	1.968978	5.442085	4
CTGAG	5322280	1.9655296	5.9353304	4
CACAG	5285110	1.9447646	6.6888366	7
TCCCA	5284265	1.9269861	5.030756	2
CTGTG	5211140	1.9192852	8.92292	9
GGCCA	4307700	1.9136817	6.8561087	1
TGGGG	4196080	1.8826984	6.08824	5
CCAGA	5028990	1.85052	6.9861646	3
TGGCC	4111740	1.8216914	6.2173634	5
CCTCT	4977125	1.8100786	5.4388537	1
TCTGG	4903695	1.8060519	6.232854	3
CACTG	4880005	1.7908458	7.27431	7
CAGTG	4805825	1.7748016	6.513688	9
AGAGG	4741005	1.7667345	5.261976	5
ACCTG	4807045	1.7640712	5.3732276	7
GCCCA	3970085	1.7525891	8.083152	1
CCTGA	4709350	1.7282195	5.7196393	3
GGCCC	3172035	1.6905559	5.008228	6
AGCCT	4583395	1.681997	6.428391	6
TGGGC	3767065	1.6795626	6.78104	5
TCAGG	4527755	1.6721097	6.0688667	3
ACAGA	5439575	1.6684406	5.6390657	8
GGCCT	3746825	1.6600171	5.624183	6
GAGAG	4441155	1.6549957	5.277094	7
GGGCC	3071010	1.6470877	5.6151824	6
CCTGT	4419980	1.6176447	5.7621408	8
AGGCC	3637775	1.6160698	5.2548637	5
AGGTG	4323080	1.6066418	5.453759	7
CCAAG	4269600	1.5710869	5.022954	3
AGGCT	4178995	1.543312	5.313131	6
GGGCT	3238845	1.4440534	6.071087	6
CTGTC	3945510	1.443996	5.9957886	9
GCCCT	3274430	1.4415871	5.8455887	1
GACAG	3862330	1.4302316	7.0455465	7
GCTGT	3782640	1.3931625	5.218549	8
ACAGC	3777570	1.3900343	5.3408847	8
AGAGC	3731215	1.3816792	5.0968976	5
ACACA	4498050	1.370964	5.6279664	6
AGGGC	3050700	1.3638536	5.7898655	5
GTGTG	3670970	1.3606032	5.9441314	1
CACAC	3705175	1.3548083	6.4021964	5
TGTGT	4411180	1.3505763	5.1544766	10
AGACA	4377095	1.3425539	5.5730844	6
ACTGC	3506735	1.2868884	5.3005385	8
GAGAC	3461310	1.2817327	5.11612	5
GGACA	3278080	1.2138821	5.7934566	6
GTGCT	3223120	1.187089	5.332994	1
GTCCT	3156205	1.1551225	6.0540085	1
GTCCA	3095675	1.1360391	6.3413277	1
TGTGC	3056135	1.1255876	5.286313	10
AGCAC	3057100	1.1249226	5.4864407	5
AGGAC	2970290	1.0999067	6.5499043	5
TGCAC	2979405	1.0933708	5.6611996	5
GTGCA	2891215	1.067732	5.717474	1
GCACT	2874840	1.0549979	5.233662	6
TGGAC	2836155	1.0473981	5.743375	5
AGACT	3364955	1.0293188	5.857359	6
GACTG	2773725	1.0243427	6.208551	7
ACAGT	3303515	1.0105246	5.295924	8
ACTGT	3308275	1.0092462	6.189745	8
GGACT	2547245	0.9407031	5.3136525	6
GTGTA	1952040	0.59927773	5.1998186	1
>>END_MODULE
