##FastQC	0.10.1
>>Basic Statistics	pass
#Measure	Value	
Filename	KS29_S2_L002_R1_001.fastq.gz	
File type	Conventional base calls	
Encoding	Sanger / Illumina 1.9	
Total Sequences	19494884	
Filtered Sequences	0	
Sequence length	35-75	
%GC	45	
>>END_MODULE
>>Per base sequence quality	pass
#Base	Mean	Median	Lower Quartile	Upper Quartile	10th Percentile	90th Percentile
1	31.49384997622966	32.0	32.0	32.0	32.0	32.0
2	31.570153431023236	32.0	32.0	32.0	32.0	32.0
3	31.62802163890793	32.0	32.0	32.0	32.0	32.0
4	31.690290385928943	32.0	32.0	32.0	32.0	32.0
5	31.67245565554532	32.0	32.0	32.0	32.0	32.0
6	35.36178671286272	36.0	36.0	36.0	36.0	36.0
7	35.374843317867395	36.0	36.0	36.0	36.0	36.0
8	35.32642440960408	36.0	36.0	36.0	36.0	36.0
9	35.41378045645206	36.0	36.0	36.0	36.0	36.0
10	35.322114868700936	36.0	36.0	36.0	36.0	36.0
11	35.39462107084095	36.0	36.0	36.0	36.0	36.0
12	35.35553933021607	36.0	36.0	36.0	36.0	36.0
13	35.37582003565653	36.0	36.0	36.0	36.0	36.0
14	35.34802033189836	36.0	36.0	36.0	36.0	36.0
15	35.32531350276308	36.0	36.0	36.0	36.0	36.0
16	35.334587166561235	36.0	36.0	36.0	36.0	36.0
17	35.3292049339714	36.0	36.0	36.0	36.0	36.0
18	35.3215172760197	36.0	36.0	36.0	36.0	36.0
19	35.321413248727204	36.0	36.0	36.0	36.0	36.0
20	35.3048599827524	36.0	36.0	36.0	36.0	36.0
21	35.29820356971604	36.0	36.0	36.0	36.0	36.0
22	35.286606424536814	36.0	36.0	36.0	36.0	36.0
23	35.269082031983366	36.0	36.0	36.0	36.0	36.0
24	35.258656835301	36.0	36.0	36.0	36.0	36.0
25	35.240430668887285	36.0	36.0	36.0	36.0	36.0
26	35.20984577287046	36.0	36.0	36.0	36.0	36.0
27	35.19302392360991	36.0	36.0	36.0	36.0	36.0
28	35.18188925874091	36.0	36.0	36.0	36.0	36.0
29	35.16628916591655	36.0	36.0	36.0	36.0	36.0
30	35.147220368174544	36.0	36.0	36.0	36.0	36.0
31	35.13425265828717	36.0	36.0	36.0	36.0	36.0
32	35.11781029320308	36.0	36.0	36.0	36.0	36.0
33	35.10423088436946	36.0	36.0	36.0	36.0	36.0
34	35.103178864772936	36.0	36.0	36.0	36.0	36.0
35	35.076193528517535	36.0	36.0	36.0	36.0	36.0
36	35.07728932945001	36.0	36.0	36.0	36.0	36.0
37	35.0651171966861	36.0	36.0	36.0	36.0	36.0
38	35.04708763388415	36.0	36.0	36.0	36.0	36.0
39	35.03899232962777	36.0	36.0	36.0	36.0	36.0
40	35.02816427183014	36.0	36.0	36.0	36.0	36.0
41	35.007529313154954	36.0	36.0	36.0	36.0	36.0
42	34.997009385463834	36.0	36.0	36.0	36.0	36.0
43	34.986605299564566	36.0	36.0	36.0	36.0	36.0
44	34.97346504238509	36.0	36.0	36.0	36.0	36.0
45	34.96567957328316	36.0	36.0	36.0	36.0	36.0
46	34.94680874723047	36.0	36.0	36.0	36.0	36.0
47	34.9344973925829	36.0	36.0	36.0	36.0	36.0
48	34.91793677613914	36.0	36.0	36.0	36.0	36.0
49	34.89858165959676	36.0	36.0	36.0	36.0	36.0
50	34.88247455786748	36.0	36.0	36.0	36.0	36.0
51	34.8670350665243	36.0	36.0	36.0	36.0	36.0
52	34.84543403880796	36.0	36.0	36.0	36.0	36.0
53	34.81690421781927	36.0	36.0	36.0	36.0	36.0
54	34.80029738483586	36.0	36.0	36.0	36.0	36.0
55	34.77855606575428	36.0	36.0	36.0	36.0	36.0
56	34.75263360501737	36.0	36.0	36.0	36.0	36.0
57	34.74038421144762	36.0	36.0	36.0	36.0	36.0
58	34.72164703213386	36.0	36.0	36.0	36.0	36.0
59	34.68912301789445	36.0	36.0	36.0	32.0	36.0
60	34.657253800982865	36.0	36.0	36.0	32.0	36.0
61	34.64664748309526	36.0	36.0	36.0	32.0	36.0
62	34.62403608736595	36.0	36.0	36.0	32.0	36.0
63	34.58748453583985	36.0	36.0	36.0	32.0	36.0
64	34.56481636118022	36.0	36.0	36.0	32.0	36.0
65	34.542088348758654	36.0	36.0	36.0	32.0	36.0
66	34.516166898291246	36.0	36.0	36.0	32.0	36.0
67	34.49107775868302	36.0	36.0	36.0	32.0	36.0
68	34.459177904677624	36.0	36.0	36.0	32.0	36.0
69	34.437054977830826	36.0	36.0	36.0	32.0	36.0
70	34.399335842553654	36.0	36.0	36.0	32.0	36.0
71	34.3493843537285	36.0	36.0	36.0	32.0	36.0
72	34.33169794858182	36.0	36.0	36.0	32.0	36.0
73	34.30968323756371	36.0	36.0	36.0	32.0	36.0
74	34.28497284018265	36.0	36.0	36.0	32.0	36.0
75	33.53630339074322	36.0	36.0	36.0	27.0	36.0
>>END_MODULE
>>Per sequence quality scores	pass
#Quality	Count
2	6346.0
3	0.0
4	0.0
5	0.0
6	0.0
7	0.0
8	0.0
9	0.0
10	9.0
11	33.0
12	248.0
13	768.0
14	326.0
15	197.0
16	154.0
17	217.0
18	313.0
19	744.0
20	2143.0
21	5224.0
22	10484.0
23	18721.0
24	32890.0
25	56437.0
26	91180.0
27	136099.0
28	192240.0
29	261387.0
30	344590.0
31	453835.0
32	625242.0
33	987369.0
34	2304394.0
35	1.3963294E7
>>END_MODULE
>>Per base sequence content	fail
#Base	G	A	T	C
1	43.50190445043211	18.24189341268411	11.464135044706165	26.792067092177618
2	16.418563037776085	19.937165576049953	35.70559188093899	27.93867950523497
3	18.820465829018143	21.358241393755627	28.637992287153196	31.18330049007303
4	13.027453009941178	15.030250859774647	35.65135238217215	36.29094374811203
5	14.686006718410585	35.136812212388634	34.54469493812209	15.632486131078688
6	34.77006843715008	35.15354512483184	16.090673399923585	13.985713038094493
7	30.777413882970595	29.670891680022383	20.304216765772782	19.24747767123424
8	26.718499868999924	34.43639538276294	19.646271054298687	19.198833693938457
9	24.64698993839353	15.338359398739914	19.74009543455748	40.27455522830907
10	14.06401547412125	27.400644419812302	34.84996668298053	23.685373423085917
11	34.64435351692364	22.57703476782096	23.468107253607222	19.310504461648176
12	22.174208244866804	24.106179745243075	30.988445618650307	22.731166391239814
13	27.976475197882984	20.455197819354126	26.091197810733675	25.477129172029223
14	20.471340883210882	20.3985339477666	27.203660533006907	31.926464636015613
15	22.811726564609415	29.332072010737797	23.16769990647836	24.688501518174427
16	22.826468563213925	28.628083851133418	25.296304935752488	23.24914264990016
17	21.715829098619363	28.093248304155992	27.350980777099306	22.83994182012534
18	22.17282794635493	27.832395636861012	27.79301864511335	22.201757771670714
19	22.57597671891286	27.214419504242436	27.60715495039443	22.60244882645027
20	22.630491830633986	27.11790386739118	27.66236235883882	22.589241943136013
21	22.511937566391794	26.78095231449064	27.447428167556236	23.25968195156133
22	22.361145684184834	26.763464089083023	27.693876176004068	23.181514050728076
23	22.411417237481846	26.830912426327163	27.497700293565025	23.259970042625962
24	22.45898803640162	26.65458335379461	27.793518206788754	23.09291040301502
25	22.646251780967592	26.63434147841323	27.41198918185661	23.307417558762566
26	22.174247042668096	26.99224001855581	27.638470664786453	23.195042273989642
27	22.232423660604507	26.967774333509446	27.648499690672683	23.151302315213364
28	22.33558599395008	26.859456014356486	27.649528617384235	23.1554293743092
29	22.095484661347548	27.040363880903644	27.760996443794127	23.10315501395468
30	22.268637137994148	27.0664147509758	27.648836780238284	23.016111330791766
31	22.636785814992184	27.07291633626367	27.415098362320006	22.875199486424144
32	22.103554343027458	27.191544802836848	27.75257912274466	22.95232173139104
33	22.173486904932084	26.998185792411434	27.873666067234755	22.95466123542173
34	22.16919270119909	26.763250249397565	28.04499820733475	23.0225588420686
35	22.13531771266122	27.026565627256684	27.8576785412457	22.980438118836403
36	22.26382196494134	27.392391143048105	27.71094665242355	22.632840239587004
37	22.385209451015292	27.114767550216374	27.508503383899136	22.991519614869198
38	22.235399069947906	27.477565026031876	27.53464511063323	22.752390793386986
39	22.333434163271573	27.271202918282043	27.71554453559083	22.679818382855554
40	22.316557416494557	27.080719031269705	27.740699523019796	22.862024029215934
41	22.377108639040216	27.189416202956384	27.74154165108747	22.69193350691593
42	22.221908667750743	27.303968700067415	27.75299926417504	22.721123368006804
43	22.34236750922192	27.062897891979915	27.67065384909706	22.924080749701105
44	22.233135998785897	27.391266435078304	27.69058388818938	22.685013677946415
45	22.29107841081177	27.33727984231119	27.58791961679149	22.78372213008555
46	22.393538486114256	27.354990395613388	27.51166386722181	22.739807251050546
47	22.266204930669783	27.454031345511744	27.646368100541093	22.633395623277387
48	22.16592023670173	27.36597194018668	27.6049381468446	22.863169676266992
49	22.371646392242162	27.199502112061108	27.692782461730182	22.73606903396655
50	22.313439067457804	27.40093564686914	27.60901381853268	22.676611467140376
51	22.403977035753805	27.373587314027265	27.55100880896844	22.67142684125049
52	22.35931399282129	27.352007512430017	27.535769592063076	22.752908902685622
53	22.278498712677653	27.269291502554694	27.68909764165734	22.763112143110316
54	22.42620761313165	27.49641330977097	27.58109757667096	22.496281500426427
55	22.412250028653464	27.269601911495812	27.483843256140823	22.8343048037099
56	22.472911636128668	27.486773140232636	27.42790118603247	22.612414037606232
57	22.309760219455423	27.384583753169583	27.531701543658908	22.773954483716086
58	22.309369297527994	27.248052959035785	27.59070117396849	22.85187656946773
59	22.238272595459208	27.393845942208138	27.620114376569177	22.747767085763474
60	22.36048581142107	27.370247975759682	27.626007611016405	22.64325860180284
61	22.57269373841501	27.36678522801423	27.461263067942788	22.599257965627977
62	22.47566654926231	27.505949506303445	27.41133110364328	22.607052840790967
63	22.428150828805627	27.571715750679022	27.429002888841925	22.57113053167343
64	22.49021507195871	27.27306065633803	27.398573870640398	22.838150401062865
65	22.361633830317057	27.378059350122747	27.544476076913487	22.71583074264671
66	22.41802602069646	27.503183412144917	27.358990631620284	22.719799935538333
67	22.442603686578945	27.32691736531938	27.423150043345235	22.80732890475644
68	22.497120903699383	27.563808502219405	27.51697541326089	22.42209518082032
69	22.723804333015394	27.470860254919295	27.39188850898513	22.413446903080178
70	22.758626494185926	27.31431446220211	27.354496965191448	22.572562078420514
71	22.58513550298554	27.60327624018525	27.28456407587067	22.52702418095854
72	22.58171743493809	27.74432583670808	27.487580793137813	22.18637593521602
73	23.29988303254499	28.315426222583046	27.50957607277848	20.875114672093485
74	24.483576731168174	30.66471187067182	27.68189881321802	17.169812584941987
75	29.938029871748657	40.99883174703294	29.063138381218405	0.0
>>END_MODULE
>>Per base GC content	fail
#Base	%GC
1	70.29397154260973
2	44.357242543011054
3	50.00376631909117
4	49.318396758053204
5	30.318492849489274
6	48.755781475244575
7	50.02489155420483
8	45.91733356293838
9	64.9215451667026
10	37.74938889720717
11	53.954857978571816
12	44.90537463610662
13	53.4536043699122
14	52.397805519226495
15	47.50022808278384
16	46.07561121311409
17	44.555770918744706
18	44.37458571802564
19	45.17842554536313
20	45.21973377377
21	45.77161951795312
22	45.54265973491292
23	45.67138728010781
24	45.55189843941665
25	45.953669339730155
26	45.36928931665774
27	45.38372597581787
28	45.49101536825928
29	45.198639675302225
30	45.28474846878592
31	45.511985301416324
32	45.05587607441849
33	45.128148140353815
34	45.19175154326769
35	45.115755831497616
36	44.89666220452834
37	45.37672906588449
38	44.987789863334896
39	45.01325254612713
40	45.1785814457105
41	45.069042145956146
42	44.94303203575755
43	45.26644825892303
44	44.91814967673232
45	45.07480054089732
46	45.1333457371648
47	44.89960055394717
48	45.02908991296872
49	45.10771542620871
50	44.99005053459818
51	45.0754038770043
52	45.11222289550691
53	45.041610855787965
54	44.92248911355807
55	45.246554832363366
56	45.0853256737349
57	45.08371470317151
58	45.16124586699573
59	44.986039681222685
60	45.00374441322391
61	45.17195170404298
62	45.08271939005328
63	44.99928136047905
64	45.32836547302158
65	45.07746457296376
66	45.13782595623479
67	45.24993259133539
68	44.919216084519704
69	45.13725123609558
70	45.33118857260644
71	45.11215968394408
72	44.76809337015411
73	44.17499770463847
74	41.653389316110164
75	29.938029871748657
>>END_MODULE
>>Per sequence GC content	warn
#GC Content	Count
0	6354.0
1	3180.0
2	15.5
3	29.0
4	34.5
5	56.0
6	126.5
7	252.0
8	330.0
9	455.5
10	790.0
11	1428.5
12	1876.0
13	2635.0
14	4552.5
15	7717.5
16	10332.5
17	15185.0
18	25464.5
19	38740.0
20	48193.5
21	63336.5
22	91586.5
23	124159.5
24	146363.5
25	174488.0
26	222913.5
27	271825.0
28	303666.0
29	343003.5
30	405705.0
31	465979.5
32	505304.0
33	549546.5
34	624118.5
35	693133.5
36	731588.5
37	769715.0
38	812437.5
39	839929.0
40	858586.0
41	863660.0
42	859642.0
43	850071.0
44	846064.5
45	836808.5
46	811817.5
47	782668.0
48	767141.0
49	749935.0
50	717754.0
51	687315.5
52	670685.5
53	658038.0
54	634290.5
55	611359.0
56	599628.5
57	585294.5
58	556173.5
59	518297.0
60	485221.0
61	447586.0
62	399362.5
63	353569.0
64	318712.5
65	288557.5
66	246078.0
67	202368.5
68	171711.5
69	148875.5
70	121311.5
71	94137.0
72	75786.5
73	64061.0
74	50976.5
75	38894.0
76	31188.5
77	26119.0
78	20459.5
79	15385.5
80	12259.0
81	10210.0
82	7857.5
83	5494.0
84	4002.5
85	3211.5
86	2360.5
87	1539.0
88	1181.0
89	1000.0
90	670.5
91	413.5
92	322.5
93	302.0
94	235.5
95	152.0
96	119.0
97	96.0
98	63.5
99	152.0
100	252.0
>>END_MODULE
>>Per base N content	pass
#Base	N-Count
1	0.07417843573729395
2	0.03345493104755073
3	0.032623943799819484
4	0.032557259637964506
5	0.03255213008705258
6	0.03255213008705258
7	0.03255213008705258
8	0.03255213008705258
9	0.03255213008705258
10	0.03255213008705258
11	0.03255213008705258
12	0.03255213008705258
13	0.03255213008705258
14	0.0326034255961718
15	0.03255213008705258
16	0.03255213008705258
17	0.03261368469799564
18	0.03255213008705258
19	0.03307021472915664
20	0.03255213008705258
21	0.032859903141767864
22	0.03680452779303534
23	0.03348057880211034
24	0.035142553297572834
25	0.035301569375842404
26	0.03962065124368013
27	0.0381433405810468
28	0.04787409866096151
29	0.04589922155987181
30	0.04887949063969809
31	0.05694827422415029
32	0.05210597816329659
33	0.06437073439370042
34	0.050936440555378534
35	0.06387829750615598
36	0.026038185404298766
37	0.025405129701142264
38	0.03258602945339707
39	0.023818608078333286
40	0.024138045792029883
41	0.031907047388823516
42	0.028391747533900516
43	0.04005599614409631
44	0.032662064732087756
45	0.023678592283505915
46	0.03100682767977396
47	0.029083194781220043
48	0.03162151739369011
49	0.038357779519359536
50	0.056185101781691206
51	0.039557740433356366
52	0.03867750332813636
53	0.04269154656684028
54	0.035459414011050454
55	0.03210334260314113
56	0.036451513858292886
57	0.036411649588450216
58	0.037923002632620564
59	0.04767711833480547
60	0.046690826125416425
61	0.04211447751025344
62	0.03423252113534345
63	0.043523226639017934
64	0.036266123696023375
65	0.031526342275587226
66	0.026717023124775956
67	0.03470413801597874
68	0.025692553992177555
69	0.030986528383718074
70	0.039817275480304816
71	0.06469146998124743
72	0.028276883869226867
73	0.027931435399426104
74	0.030467696328589245
75	0.03455751230226072
>>END_MODULE
>>Sequence Length Distribution	warn
#Length	Count
35	8119.0
36	2511.0
37	3513.0
38	4372.0
39	5033.0
40	5417.0
41	6039.0
42	7112.0
43	8192.0
44	9299.0
45	10523.0
46	11481.0
47	11927.0
48	12841.0
49	13262.0
50	13672.0
51	14407.0
52	15468.0
53	16656.0
54	17984.0
55	19393.0
56	20090.0
57	21227.0
58	21678.0
59	22461.0
60	23027.0
61	23643.0
62	24712.0
63	25870.0
64	28360.0
65	30043.0
66	30173.0
67	32010.0
68	33880.0
69	41657.0
70	55544.0
71	131891.0
72	473881.0
73	1367189.0
74	4233422.0
75	1.2636905E7
>>END_MODULE
>>Sequence Duplication Levels	warn
#Total Duplicate Percentage	34.28602472355158
#Duplication Level	Relative count
1	100.0
2	22.641424351969455
3	10.019765964962385
4	5.272176585974432
5	3.1610512787752616
6	1.9938823211105015
7	1.4024064874452302
8	0.9582359439939274
9	0.72074374140406
10++	4.141833950863164
>>END_MODULE
>>Overrepresented sequences	pass
>>END_MODULE
>>Kmer Content	warn
#Sequence	Count	Obs/Exp Overall	Obs/Exp Max	Max Obs/Exp Position
AAAAA	6772315	3.5217648	7.1138825	71
TTTTT	6383405	3.1315634	5.6295695	71
CCTGG	3141175	3.0568676	12.260124	3
CCAGG	2998075	2.9518197	13.50946	3
CCCAG	2884650	2.8244042	12.177992	2
CTGGG	2814810	2.7545283	10.848467	4
CCAGC	2688095	2.631954	6.904019	3
GCTGG	2592230	2.536715	6.2195277	3
GGAGG	2536080	2.524862	5.7631555	6
CAGCA	3007890	2.5176566	6.9429784	4
TGCTG	2973715	2.4452415	6.576553	2
TCCAG	2934150	2.4274702	9.444909	2
CAGCC	2416010	2.3655517	5.7542014	9
CAGGA	2776335	2.3367918	10.461168	4
CTCCA	2819965	2.320073	7.119216	1
AGGAG	2740485	2.3194726	7.442321	5
GGCTG	2347360	2.2970893	8.472359	7
CTGGA	2752065	2.2895176	8.645374	4
CTCCT	2814960	2.289113	6.502076	1
AGCAG	2695740	2.2689564	5.777072	7
TCCTG	2757715	2.25506	9.02097	2
CTGCT	2750100	2.2488334	6.686829	9
GGCAG	2263995	2.2414885	6.563025	7
CCTGC	2301040	2.2268708	6.320439	3
GCTGC	2277170	2.216052	5.7726707	8
CAGAG	2618295	2.2037723	8.195991	4
CTGCC	2271890	2.1986604	5.914401	9
GCAGG	2216495	2.1944604	6.571691	3
CTGCA	2637960	2.1824276	6.672889	4
CCCTG	2245940	2.1735468	9.116363	2
GCCTG	2209940	2.1506264	7.721185	7
TGCAG	2584875	2.1504276	6.652796	2
CTCTG	2620545	2.1428921	7.5207186	2
TGGAG	2514545	2.1035767	6.520021	5
CAGGG	2116845	2.095801	9.634938	4
AGCTG	2500305	2.0800714	6.195978	7
GCCAG	2084165	2.05201	5.6281905	2
CAGGC	2073580	2.041588	6.466359	4
CTGGC	2089250	2.0331757	5.6085353	4
CACAG	2415200	2.0215645	7.354783	7
GGAGA	2371920	2.0075293	5.687249	6
CAGAA	2802850	2.0055578	5.464882	4
GGGAG	1991140	1.9823326	5.5708528	7
CCCCA	2032960	1.9794698	6.969643	1
CTGTG	2403245	1.9761524	9.301344	9
CTCAG	2344835	1.9399203	6.2777886	2
TTCTG	2781450	1.9218429	5.1165714	2
CTGAG	2302015	1.9151087	6.07575	4
CCAGA	2260925	1.8924336	7.1444926	3
GGCCA	1906725	1.8773075	6.4398856	1
TGGGG	1874890	1.8449628	6.052404	5
CCTCT	2246940	1.827202	5.5296125	1
TCTGG	2217340	1.8232853	6.400397	3
CAGTG	2152025	1.790328	6.811966	9
AGAGG	2109650	1.7855508	5.280023	5
CACTG	2157785	1.7851709	7.6244636	7
ACCTG	2148595	1.7775679	5.5007186	7
TGGCC	1824835	1.7758574	5.9088826	5
GCCCA	1755880	1.7192085	7.9661674	1
CCTGA	2066010	1.7092439	5.6541557	3
GAGAG	2004490	1.6965463	5.595142	7
ACAGA	2351745	1.682773	5.990939	8
TCAGG	1987055	1.653085	5.9823084	3
GGCCT	1668605	1.6238205	5.3132954	6
TGGGC	1657170	1.6216801	6.652694	5
GGGCC	1390700	1.6106223	5.560545	6
AGGCC	1621615	1.5965964	5.1878333	5
CCTGT	1952125	1.5963069	5.7016454	8
AGGTG	1906290	1.5947328	5.328309	7
ACAGG	1870445	1.5743203	5.100552	8
AGCCT	1895450	1.5681368	5.5869884	6
CTTGG	1905130	1.5665597	5.0227175	3
ACACA	2117675	1.5068879	6.5025396	6
GTGTG	1800015	1.4883744	6.6429462	1
AGGCT	1784715	1.4847529	5.173601	6
CACAC	1768480	1.4720448	6.8750806	5
TGTGT	2113845	1.4687012	5.7504206	10
ACAGC	1746555	1.4618969	5.77903	8
GCTGT	1756645	1.4444629	5.360804	8
GCCCT	1491480	1.4434053	6.0382705	1
CTGTC	1759950	1.43916	5.934278	9
GACAG	1706705	1.4365032	7.3616066	7
GGGCT	1467400	1.4359742	6.0513906	6
AGAGC	1633510	1.3748964	5.1376624	5
AGGGC	1387735	1.3739394	5.895082	5
AGACA	1905500	1.3634659	5.6644382	6
GGACA	1510455	1.2713232	6.3260636	6
ACTGC	1499660	1.2406932	5.3519173	8
GTCCT	1508470	1.2335179	7.4469223	1
GTGCT	1487835	1.2234244	5.824586	1
AGGAC	1411675	1.1881818	7.936222	5
GTCCA	1417295	1.1725514	6.588626	1
TGTGC	1418280	1.1662303	5.8231964	10
AGCAC	1392050	1.1651701	5.68589	5
GTCTT	1641945	1.1345019	5.0123253	1
TGGAC	1301720	1.0829362	6.1386294	5
GTGCA	1296200	1.078344	5.8602657	1
ACAGT	1505530	1.0647846	5.7151036	8
TGCAC	1281085	1.0598625	5.6191225	5
ACTGT	1508030	1.0541915	6.555649	8
GACTG	1265510	1.0528121	6.4434214	7
GCACT	1227260	1.0153323	5.0957136	6
AGACT	1420340	1.0045341	5.474798	6
GGACC	1015385	0.9997194	5.3287435	6
GGACT	1149295	0.9561297	5.50372	6
ACACT	1345400	0.9462594	5.111469	6
GTGTA	912875	0.6417036	5.7007914	1
TACAC	861085	0.60562634	5.0063787	5
>>END_MODULE
