##FastQC	0.10.1
>>Basic Statistics	pass
#Measure	Value	
Filename	030-F0_S1_L003_R1_001.fastq.gz	
File type	Conventional base calls	
Encoding	Sanger / Illumina 1.9	
Total Sequences	17808848	
Filtered Sequences	0	
Sequence length	35-76	
%GC	44	
>>END_MODULE
>>Per base sequence quality	pass
#Base	Mean	Median	Lower Quartile	Upper Quartile	10th Percentile	90th Percentile
1	31.276892138110224	32.0	32.0	32.0	32.0	32.0
2	31.353134520548437	32.0	32.0	32.0	32.0	32.0
3	31.450265564622708	32.0	32.0	32.0	32.0	32.0
4	31.536833544763816	32.0	32.0	32.0	32.0	32.0
5	31.506462012590596	32.0	32.0	32.0	32.0	32.0
6	35.07953232011414	36.0	36.0	36.0	36.0	36.0
7	35.103930866275014	36.0	36.0	36.0	36.0	36.0
8	35.02464875886413	36.0	36.0	36.0	36.0	36.0
9	35.15211803705664	36.0	36.0	36.0	36.0	36.0
10-14	35.080470157306074	36.0	36.0	36.0	36.0	36.0
15-19	35.044534110235546	36.0	36.0	36.0	36.0	36.0
20-24	34.99291344392405	36.0	36.0	36.0	36.0	36.0
25-29	34.87268138848734	36.0	36.0	36.0	36.0	36.0
30-34	34.767002402401324	36.0	36.0	36.0	33.6	36.0
35-39	34.71851692097114	36.0	36.0	36.0	32.0	36.0
40-44	34.64429709643728	36.0	36.0	36.0	32.0	36.0
45-49	34.55599947009811	36.0	36.0	36.0	32.0	36.0
50-54	34.44530457966588	36.0	36.0	36.0	32.0	36.0
55-59	34.30463755517614	36.0	36.0	36.0	32.0	36.0
60-64	34.16246134324554	36.0	36.0	36.0	32.0	36.0
65-69	33.99777426618765	36.0	36.0	36.0	32.0	36.0
70-74	33.841014103975525	36.0	36.0	36.0	31.0	36.0
75-76	33.35831166113488	36.0	36.0	36.0	24.0	36.0
>>END_MODULE
>>Per sequence quality scores	pass
#Quality	Count
2	27971.0
3	0.0
4	0.0
5	0.0
6	0.0
7	0.0
8	0.0
9	0.0
10	0.0
11	0.0
12	1.0
13	2.0
14	5.0
15	11.0
16	16.0
17	37.0
18	204.0
19	1181.0
20	4640.0
21	11999.0
22	21862.0
23	34273.0
24	52205.0
25	80163.0
26	119650.0
27	173630.0
28	242653.0
29	328272.0
30	432111.0
31	569283.0
32	775381.0
33	1187031.0
34	2557472.0
35	1.1188795E7
>>END_MODULE
>>Per base sequence content	fail
#Base	G	A	T	C
1	43.04379924567275	18.747714187551043	11.346639426165538	26.861847140610667
2	15.560537312079713	20.593258701469	37.501985981906294	26.344218004544995
3	19.242954101757746	22.316739494907928	27.993658580507585	30.44664782282674
4	12.787344516246302	15.948454061067965	36.0645371991494	35.19966422353633
5	14.353577722853602	35.82319364787237	34.47610036332854	15.347128265945486
6	33.87480718132866	35.83537995016569	16.681577658498593	13.608235210007047
7	30.3133135671542	29.486217130909797	20.771753834189393	19.428715467746613
8	25.638111101044114	36.40784984902601	19.845117875794315	18.10892117413556
9	24.745002649195307	15.815170134241455	20.172155795967477	39.26767142059576
10-14	23.77152095836834	23.69789810713471	28.87932686804726	23.65125406644969
15-19	21.69554549675945	29.133312727625015	27.13983023990315	22.03131153571238
20-24	21.882832509406267	27.935328755335842	28.176595972037095	22.005242763220796
25-29	21.241130255289892	28.263293134071084	28.207148927709664	22.288427682929367
30-34	21.392038386313537	28.135093722136133	28.563419922698568	21.90944796885176
35-39	21.28731170200112	28.43942769592576	28.391170553542626	21.882090048530493
40-44	21.654777043828087	28.25910438222054	28.53800865847893	21.548109915472445
45-49	21.56292367281565	28.23248177403318	28.180101676519726	22.024492876631445
50-54	21.277062048069777	28.71586689380445	28.27699141790673	21.73007964021905
55-59	21.514064622521982	28.21290788070401	27.89091175801029	22.38211573876372
60-64	21.647682772800707	28.04030430312821	28.325652518725214	21.986360405345863
65-69	22.011228744468337	28.5332987244044	27.830743267471362	21.624729263655905
70-74	22.287698353045617	28.70286677803502	27.88593379342974	21.123501075489624
75-76	25.502854628730244	35.8867331673335	29.536895704824673	9.073516499111578
>>END_MODULE
>>Per base GC content	fail
#Base	%GC
1	69.90564638628342
2	41.90475531662471
3	49.68960192458449
4	47.98700873978263
5	29.700705988799093
6	47.48304239133571
7	49.74202903490081
8	43.74703227517968
9	64.01267406979106
10-14	47.42277502481803
15-19	43.72685703247183
20-24	43.88807527262706
25-29	43.52955793821926
30-34	43.301486355165295
35-39	43.16940175053161
40-44	43.202886959300535
45-49	43.58741654944709
50-54	43.007141688288826
55-59	43.8961803612857
60-64	43.63404317814657
65-69	43.635958008124234
70-74	43.41119942853524
75-76	34.576371127841824
>>END_MODULE
>>Per sequence GC content	fail
#GC Content	Count
0	27988.0
1	14012.5
2	67.5
3	143.0
4	188.0
5	303.0
6	553.5
7	965.5
8	1243.5
9	1586.0
10	2481.0
11	3746.5
12	4479.5
13	5578.5
14	8226.5
15	12242.0
16	18200.0
17	22671.5
18	29145.5
19	42209.0
20	59327.5
21	71689.0
22	88266.0
23	117770.5
24	149899.0
25	171791.0
26	199298.5
27	245417.0
28	292702.5
29	325713.5
30	368793.0
31	440112.5
32	517765.0
33	573032.0
34	643827.5
35	756686.5
36	854127.0
37	903995.5
38	918107.5
39	903990.0
40	854940.0
41	803304.0
42	783568.0
43	776430.0
44	760001.5
45	743472.5
46	735036.5
47	722102.5
48	698919.0
49	673578.5
50	656030.0
51	636884.5
52	605783.0
53	574090.5
54	553798.0
55	531192.0
56	497413.5
57	464539.5
58	438210.0
59	406951.5
60	365012.0
61	322169.0
62	288583.5
63	256781.5
64	217770.0
65	183681.5
66	150151.0
67	126751.0
68	108836.0
69	87639.0
70	68243.0
71	55345.5
72	46474.0
73	36939.0
74	28358.0
75	23054.5
76	19687.5
77	15783.5
78	11929.5
79	9530.5
80	8251.0
81	6536.5
82	4731.0
83	3666.5
84	2958.5
85	2212.5
86	1507.5
87	1078.0
88	827.0
89	590.5
90	411.5
91	284.0
92	233.0
93	301.5
94	315.5
95	193.0
96	130.5
97	84.0
98	46.5
99	66.0
100	79.0
>>END_MODULE
>>Per base N content	pass
#Base	N-Count
1	0.15706237708357104
2	0.15706237708357104
3	0.15706237708357104
4	0.15706237708357104
5	0.15706237708357104
6	0.1748288266596469
7	0.15706237708357104
8	0.15706237708357104
9	0.15709606820160404
10-14	0.15850098782358074
15-19	0.15730719920794428
20-24	0.15805626506554493
25-29	0.1583853149850007
30-34	0.1596251481286156
35-39	0.03968944218956293
40-44	0.010045252516127564
45-49	0.010686790261448491
50-54	0.01109188690962065
55-59	0.009502992670892342
60-64	0.009151754534670877
65-69	0.007342614846612287
70-74	0.004598684771270993
75-76	3.1143614278724275E-4
>>END_MODULE
>>Sequence Length Distribution	warn
#Length	Count
35	35973.0
36	11063.0
37	14643.0
38	15763.0
39	17310.0
40	17381.0
41	19022.0
42	20365.0
43	23102.0
44	24305.0
45	26265.0
46	26640.0
47	27639.0
48	28079.0
49	29098.0
50	28961.0
51	30748.0
52	31975.0
53	34342.0
54	36163.0
55	37726.0
56	39168.0
57	39573.0
58	40170.0
59	41221.0
60	44790.0
61	43361.0
62	43497.0
63	44238.0
64	49354.0
65	50214.0
66	51236.0
67	60465.0
68	51633.0
69	66895.0
70	60916.0
71	72738.0
72	136797.0
73	403898.0
74	1164121.0
75	3527458.0
76	1.1240542E7
>>END_MODULE
>>Sequence Duplication Levels	warn
#Total Duplicate Percentage	28.150619730349305
#Duplication Level	Relative count
1	100.0
2	17.44617568526718
3	6.266941562172576
4	2.9357488085983707
5	1.6074627370128773
6	1.0322100922702537
7	0.7530334268428702
8	0.5353702639672829
9	0.398147835197891
10++	4.219420691519924
>>END_MODULE
>>Overrepresented sequences	warn
#Sequence	Count	Percentage	Possible Source
NNNNNNNNNNNNNNNNNNNNNNNNNNNNNNNNNNN	27971	0.15706237708357104	No Hit
CTGTAGGACGTGGAATATGGCAAGAAAACTGAAAATCATGGAAAATGAGA	22967	0.1289639846440376	No Hit
>>END_MODULE
>>Kmer Content	warn
#Sequence	Count	Obs/Exp Overall	Obs/Exp Max	Max Obs/Exp Position
AAAAA	7814335	3.712117	7.7979794	71
TTTTT	7634860	3.6686585	6.8029127	33
CCTGG	2510890	3.0058765	12.432661	3
CCAGG	2471415	2.9518468	14.059772	3
CAGCA	3054985	2.9008412	7.4053326	4
GAAAA	4775195	2.8533435	8.682115	24
AGAAA	4726875	2.8244705	7.9243627	48
TGCTG	2945875	2.803994	7.0171885	2
TTTCT	4578215	2.7668335	8.746416	16
TTTTC	4539690	2.7435513	6.7478137	24
CCCAG	2203235	2.6372526	11.253181	2
GCTGC	2174095	2.602687	5.822733	8
AGCAG	2707290	2.5651155	5.329243	7
CTGGG	2137475	2.5532997	9.964824	4
CTGCT	2672945	2.549738	6.589005	9
CCAGC	2110730	2.5265248	6.8072977	3
GGAGG	2107945	2.506813	5.664161	6
GCTGG	2036470	2.4326448	6.1097445	3
TCCAG	2544515	2.4216714	10.142584	2
AAGAA	4034510	2.4107583	5.5717072	22
CTGGA	2384090	2.2640712	8.9843	4
CAGCC	1890835	2.2633123	5.4077077	9
AGGAG	2392635	2.262069	7.1193266	5
CTCCT	2349580	2.2461488	6.3642235	1
GAGAA	2963595	2.2274861	8.487193	47
CAGAG	2332625	2.2101262	8.049596	4
GGCAG	1842145	2.1954787	6.246992	7
CAGGA	2302950	2.1820097	9.669961	4
GGCTG	1826440	2.1817555	8.235627	7
CTCCA	2281535	2.176106	6.780888	1
CTGCC	1806905	2.1678116	5.8804607	9
CCCTG	1797600	2.156648	8.8190775	2
CCTGC	1795805	2.1544943	6.0904155	3
TGGAA	2852850	2.149168	7.679054	11
CCACC	1787520	2.144295	6.096972	28
CTCTG	2244305	2.1408558	7.2384076	2
TCCTG	2243865	2.140436	8.399205	2
TCCTC	2225925	2.127937	5.5968595	44
TTCTC	2771835	2.106856	6.8384347	17
GGAAA	2787550	2.0951679	8.210088	40
GCAGG	1755930	2.092727	6.219197	3
CACAG	2195435	2.0846612	8.154907	7
TTCCA	2735345	2.074361	5.510109	2
AAAAT	4345190	2.0688725	6.388614	72
CAGGG	1733060	2.0654705	9.498471	4
ATTTT	4288620	2.0560255	5.3171663	22
GCCTG	1691150	2.0245364	7.069227	7
CAGTG	2127045	2.0199664	11.057665	7
GCCAG	1690475	2.0190957	5.756757	2
TTCCT	2655925	2.018754	5.0380726	43
GTGTG	2107010	2.001182	12.034291	9
CACAC	2097980	1.9964525	8.515616	5
CTGTG	2092835	1.9920387	9.04007	9
CTGGC	1657975	1.9848214	5.40556	4
TGAAA	3291940	1.9715605	6.823855	30
CTGCA	2062760	1.9631746	5.921018	4
CATTT	3250090	1.9596881	7.660394	14
TGGAG	2064080	1.9559208	5.9792104	5
CCCCA	1612485	1.9343244	6.7993875	1
AGCTG	2036700	1.9341694	5.6681867	7
TGCAG	2035725	1.9332435	5.886506	2
GGGAG	1621785	1.9286612	5.449413	7
GGAGA	2039550	1.9282519	5.3591228	6
CTGAA	2550090	1.9252615	7.869801	29
CAGGC	1599255	1.9101428	5.6917586	4
GTGGA	2012250	1.9068067	6.177187	9
TTCAG	2510765	1.8999211	5.3784328	35
ACACA	2504195	1.8903829	7.9738917	6
CAGAA	2499805	1.8829768	5.143234	4
CTCAG	1973685	1.8783998	5.843497	2
TCCAC	1967500	1.8765825	5.6924043	55
CACTG	1960855	1.8661892	7.780707	7
GAGAG	1969860	1.8623649	5.9522786	7
CCTCT	1927595	1.8427399	5.3655453	1
CTGAG	1938485	1.8408988	5.511411	4
CCAGA	1916635	1.8199284	6.8209205	3
TGGGG	1514925	1.8057146	5.9454274	5
AGAGG	1897215	1.7936841	5.1496286	5
TGTTT	2971535	1.7919463	5.2663155	72
GGCCA	1489575	1.7791414	5.894079	1
AAATG	2950080	1.7668186	6.9534807	43
TCTGG	1844005	1.7551929	5.9337654	3
TGTGT	2313790	1.7510802	8.320046	10
ACCTG	1838905	1.7501267	6.704215	8
TCTCA	2251170	1.7071849	6.2462754	18
GTCCT	1786670	1.7043148	16.443794	1
TGGCA	1792770	1.7025192	6.7881775	18
TGGCC	1411810	1.6901284	5.3454585	5
ACAGA	2242445	1.6891205	6.3249745	8
AAAAC	2810330	1.6829178	6.6816297	25
CCACT	1744915	1.664283	5.8224535	56
ATTTC	2727090	1.6443379	7.740462	15
TGAGA	2162915	1.6294119	7.8294125	46
CCTGA	1704475	1.6221867	5.0719604	3
GCCCA	1353880	1.6205822	7.2073445	1
AGTGG	1688650	1.6001637	7.646542	8
AGGAC	1688815	1.6001263	17.954422	5
CATGG	1683345	1.5986028	6.14101	37
TCAGG	1657065	1.573646	5.436725	3
CCTGT	1641795	1.5661178	5.469844	8
ATGGC	1647895	1.5649375	11.83059	17
ACAGC	1619020	1.5373299	5.9871798	8
GGCCT	1283130	1.5360808	5.052859	6
TGGGC	1285085	1.5350856	6.075359	5
CAAGA	2022440	1.5234019	5.657662	21
GGGCC	1009935	1.5173117	5.1485434	6
CTGTC	1564840	1.4927101	6.1114736	9
GCTGT	1562725	1.4874601	5.56324	8
GACAG	1543100	1.4620634	7.070843	7
CATCC	1523525	1.4531235	5.226118	53
ATGGA	1913615	1.4416041	5.246789	38
ACTGA	1888635	1.4258775	7.142477	28
TCATT	2352305	1.418356	5.0360246	20
GGACA	1492650	1.4142629	7.499913	6
CCCCT	1170820	1.4077291	5.000556	1
GGGCT	1172415	1.4004967	6.0506186	6
GCCCT	1165530	1.39833	5.6534357	1
CACTT	1838630	1.3943331	6.9147944	57
AGGGG	1169135	1.3903602	5.001983	5
AATGA	2316785	1.3875349	6.394094	44
AGACA	1822605	1.3728764	5.41945	6
TGTGC	1440520	1.3711408	8.736325	10
CTCAT	1791545	1.358626	5.822462	19
ATGAG	1788640	1.3474554	7.507041	45
AACTG	1775550	1.340501	7.1473413	27
GCACA	1404365	1.3335056	5.267082	6
TGTCC	1397715	1.3332886	5.3208313	10
AGGGC	1114450	1.3282079	5.780681	5
AAGTG	1746950	1.3160485	5.5159454	7
GCAAG	1378670	1.3062685	6.403439	20
GGCAA	1354160	1.2830458	6.430721	19
AAACT	2126455	1.2763128	6.0777707	26
GTGCT	1320600	1.2569965	6.169257	1
GGAAT	1634450	1.2312977	7.0424986	12
AGCAC	1296430	1.2310168	6.015148	5
GTCCA	1283800	1.221821	6.9499307	1
TACAG	1585050	1.1966777	8.0919895	5
CTGTA	1548165	1.1715121	8.447767	1
GTGCA	1232955	1.1708862	6.9816155	11
TGGAC	1222430	1.1608909	6.186587	5
AAATC	1926465	1.1562774	6.2735295	33
AGTGT	1507300	1.1381159	8.054475	8
ACAGT	1499180	1.1318475	7.1949725	6
GGACC	928020	1.1084229	8.860949	6
AATAT	2318100	1.1062478	6.431604	14
AATCA	1817885	1.0911071	6.0861616	34
GTCCC	908785	1.0903033	5.004452	1
ACTGT	1420665	1.0750315	6.1505456	8
GACCT	1126650	1.0722578	6.015949	7
ACACT	1416740	1.0719316	5.260115	6
CTACA	1394365	1.0550023	9.135485	4
TAGGA	1398630	1.0536449	11.5030575	4
TGCAC	1106395	1.0529805	5.342953	5
TCCTA	1375360	1.0430105	10.6019335	2
TGTAG	1378960	1.0412103	9.759116	2
TATGG	1355020	1.0231339	9.249398	16
GACTG	1076580	1.0223833	6.0515776	7
ATATG	1631110	0.9791219	7.818941	15
GGACT	973675	0.9246587	5.4787893	6
GTAGG	961015	0.9106571	9.916993	3
CCTAC	944470	0.9008264	8.878391	3
GAATA	1479285	0.88595176	5.713777	13
TGGCG	699830	0.835975	7.1690326	18
CGTGG	666050	0.79562336	5.313603	9
GTGTA	1026690	0.775222	6.0217166	1
GGACG	644675	0.76832724	9.958198	6
TACAC	994635	0.75255924	5.600037	5
ACGTG	787780	0.7481219	7.424122	8
GCGAG	617340	0.73574924	7.0605774	20
GGCGA	596555	0.71097755	7.1304545	19
GACGT	587795	0.5582045	7.277096	7
>>END_MODULE
