##FastQC	0.10.1
>>Basic Statistics	pass
#Measure	Value	
Filename	008-F5_S2_L003_R1_001.fastq.gz	
File type	Conventional base calls	
Encoding	Sanger / Illumina 1.9	
Total Sequences	12689527	
Filtered Sequences	0	
Sequence length	35-75	
%GC	46	
>>END_MODULE
>>Per base sequence quality	pass
#Base	Mean	Median	Lower Quartile	Upper Quartile	10th Percentile	90th Percentile
1	31.503313322868536	32.0	32.0	32.0	32.0	32.0
2	31.57261890060993	32.0	32.0	32.0	32.0	32.0
3	31.65376676372571	32.0	32.0	32.0	32.0	32.0
4	31.72122577933756	32.0	32.0	32.0	32.0	32.0
5	31.7026901002693	32.0	32.0	32.0	32.0	32.0
6	35.39851840025243	36.0	36.0	36.0	36.0	36.0
7	35.41759767720263	36.0	36.0	36.0	36.0	36.0
8	35.3789914312803	36.0	36.0	36.0	36.0	36.0
9	35.461581586137925	36.0	36.0	36.0	36.0	36.0
10	35.37392165996416	36.0	36.0	36.0	36.0	36.0
11	35.43687223329916	36.0	36.0	36.0	36.0	36.0
12	35.391391657072795	36.0	36.0	36.0	36.0	36.0
13	35.412808531003556	36.0	36.0	36.0	36.0	36.0
14	35.39583918297349	36.0	36.0	36.0	36.0	36.0
15	35.36705292482533	36.0	36.0	36.0	36.0	36.0
16	35.38128481857519	36.0	36.0	36.0	36.0	36.0
17	35.3846159908088	36.0	36.0	36.0	36.0	36.0
18	35.37926898299676	36.0	36.0	36.0	36.0	36.0
19	35.37111840338887	36.0	36.0	36.0	36.0	36.0
20	35.365924986802106	36.0	36.0	36.0	36.0	36.0
21	35.35489935913293	36.0	36.0	36.0	36.0	36.0
22	35.34741736236504	36.0	36.0	36.0	36.0	36.0
23	35.33430599895489	36.0	36.0	36.0	36.0	36.0
24	35.327127086770055	36.0	36.0	36.0	36.0	36.0
25	35.3067519380352	36.0	36.0	36.0	36.0	36.0
26	35.27804535188743	36.0	36.0	36.0	36.0	36.0
27	35.269623446169426	36.0	36.0	36.0	36.0	36.0
28	35.25848433909317	36.0	36.0	36.0	36.0	36.0
29	35.24477720879588	36.0	36.0	36.0	36.0	36.0
30	35.225922605310664	36.0	36.0	36.0	36.0	36.0
31	35.20981845895438	36.0	36.0	36.0	36.0	36.0
32	35.202535129954015	36.0	36.0	36.0	36.0	36.0
33	35.18558067609612	36.0	36.0	36.0	36.0	36.0
34	35.17429577950384	36.0	36.0	36.0	36.0	36.0
35	35.16358316586584	36.0	36.0	36.0	36.0	36.0
36	35.16180223167935	36.0	36.0	36.0	36.0	36.0
37	35.14773940362572	36.0	36.0	36.0	36.0	36.0
38	35.13280306607688	36.0	36.0	36.0	36.0	36.0
39	35.1185307073403	36.0	36.0	36.0	36.0	36.0
40	35.116282903493605	36.0	36.0	36.0	36.0	36.0
41	35.105773833121305	36.0	36.0	36.0	36.0	36.0
42	35.09495839513589	36.0	36.0	36.0	36.0	36.0
43	35.081040883390024	36.0	36.0	36.0	36.0	36.0
44	35.06588725108385	36.0	36.0	36.0	36.0	36.0
45	35.05780398737861	36.0	36.0	36.0	36.0	36.0
46	35.047517537458106	36.0	36.0	36.0	36.0	36.0
47	35.04144857388134	36.0	36.0	36.0	36.0	36.0
48	35.02994874868486	36.0	36.0	36.0	36.0	36.0
49	35.01051934152991	36.0	36.0	36.0	36.0	36.0
50	34.99679410054303	36.0	36.0	36.0	36.0	36.0
51	34.98589808326255	36.0	36.0	36.0	36.0	36.0
52	34.98008619307166	36.0	36.0	36.0	36.0	36.0
53	34.95647604896881	36.0	36.0	36.0	36.0	36.0
54	34.94738579187851	36.0	36.0	36.0	36.0	36.0
55	34.92315478098075	36.0	36.0	36.0	36.0	36.0
56	34.91492211102963	36.0	36.0	36.0	36.0	36.0
57	34.90555218787364	36.0	36.0	36.0	36.0	36.0
58	34.888043046982844	36.0	36.0	36.0	36.0	36.0
59	34.87430024246899	36.0	36.0	36.0	36.0	36.0
60	34.85917629580285	36.0	36.0	36.0	36.0	36.0
61	34.8378292834552	36.0	36.0	36.0	36.0	36.0
62	34.81395674468921	36.0	36.0	36.0	36.0	36.0
63	34.79431300709266	36.0	36.0	36.0	36.0	36.0
64	34.78305469855274	36.0	36.0	36.0	36.0	36.0
65	34.767527070747185	36.0	36.0	36.0	36.0	36.0
66	34.74050900714874	36.0	36.0	36.0	36.0	36.0
67	34.72548774104692	36.0	36.0	36.0	36.0	36.0
68	34.70981984413536	36.0	36.0	36.0	36.0	36.0
69	34.68823398938414	36.0	36.0	36.0	32.0	36.0
70	34.67018014620938	36.0	36.0	36.0	32.0	36.0
71	34.63419188838936	36.0	36.0	36.0	32.0	36.0
72	34.615950288288374	36.0	36.0	36.0	32.0	36.0
73	34.59150633836776	36.0	36.0	36.0	32.0	36.0
74	34.55576730462285	36.0	36.0	36.0	32.0	36.0
75	33.95346655175906	36.0	36.0	36.0	32.0	36.0
>>END_MODULE
>>Per sequence quality scores	pass
#Quality	Count
2	3000.0
3	0.0
4	0.0
5	0.0
6	0.0
7	0.0
8	0.0
9	0.0
10	0.0
11	0.0
12	0.0
13	0.0
14	0.0
15	0.0
16	0.0
17	9.0
18	51.0
19	339.0
20	1437.0
21	4029.0
22	8042.0
23	13960.0
24	23079.0
25	37356.0
26	57366.0
27	83051.0
28	114911.0
29	153463.0
30	198451.0
31	256249.0
32	347180.0
33	531345.0
34	1208996.0
35	9647213.0
>>END_MODULE
>>Per base sequence content	fail
#Base	G	A	T	C
1	43.430987459877116	18.036452189938903	11.491884126322242	27.040676223861738
2	16.444087950654406	19.820016879329348	35.52084365432515	28.215051515691098
3	18.939470195428584	21.076114842147106	28.288159556985136	31.69625540543917
4	13.266412470489364	14.907957079191176	34.94389756944513	36.88173288087434
5	14.95592134868747	34.94928911592589	34.14371009496925	15.95107944041738
6	35.193608871509895	34.62391194100317	15.942532079410752	14.239947108076183
7	31.25951309656328	29.421939520077235	19.940412051969115	19.37813533139037
8	26.921804525383504	34.39721525047793	19.418860654298847	19.26211956983972
9	24.78166010287922	15.573671186763722	19.60240970598179	40.04225900437527
10	14.616618996638794	27.17000835059707	34.289755471122966	23.92361718164117
11	34.61543100014685	22.45438802912728	23.35584829480913	19.574332675916743
12	22.406032355127145	23.974247943939872	30.58621035664545	23.03350934428753
13	28.066206314669014	20.286305374111933	25.92679444739946	25.720693863819594
14	20.644122748812404	20.295398440834	26.945682371990564	32.11479643836303
15	22.951775394945603	29.161629738653588	23.030829152446607	24.8557657139542
16	23.019932878399267	28.320280246910755	25.240178025081256	23.41960884960872
17	21.879308298086578	27.955828480450606	27.217518713532435	22.94734450793038
18	22.359345841355296	27.546093197309744	27.7093609164054	22.38520004492956
19	22.78781800278784	26.983955573646494	27.441992779109547	22.786233644456118
20	22.778385290158607	26.88053239472079	27.49962223703934	22.84146007808126
21	22.556479402927803	26.579877931072698	27.305345495296194	23.558297170703298
22	22.585563061596638	26.550833201039165	27.51712191363742	23.34648182372678
23	22.540392654348977	26.623937347076943	27.425102236411902	23.410567762162174
24	22.65463035225563	26.364700988775702	27.684923584500908	23.295745074467757
25	22.768082214369922	26.39207645578225	27.354796978570196	23.485044351277633
26	22.285703565355014	26.843456426705615	27.52044711465472	23.350392893284656
27	22.332526545108752	26.79675384530255	27.541473554839868	23.32924605474883
28	22.483576133716568	26.660524138574676	27.479549779859024	23.376349947849732
29	22.249416621027372	26.82599746690087	27.62057050538071	23.30401540669105
30	22.38309275535552	26.843258853243835	27.524744499045976	23.24890389235467
31	22.85345153084752	26.775323562542024	27.268957939037264	23.102266967573197
32	22.239909585038966	26.97000787300034	27.64823831764356	23.141844224317136
33	22.32950606046179	26.812597209693585	27.754015846145645	23.103880883698977
34	22.386797189091375	26.52572920682694	27.925965228055453	23.161508376026227
35	22.255260523056155	26.853611845105807	27.758675785805238	23.132451846032794
36	22.360425202640364	27.173098352705537	27.691444928425526	22.775031516228573
37	22.49679154928889	26.890344894950687	27.412353262504997	23.20051029325543
38	22.398288497973727	27.255928389160605	27.388085197578015	22.95769791528765
39	22.50910132754819	27.056401614694547	27.612792543516147	22.821704514241116
40	22.607181091311578	26.738842214831358	27.557543607123037	23.096433086734024
41	22.535132595593204	26.964255776735584	27.61196967778405	22.888641949887162
42	22.36439734401963	27.141719758417242	27.647893600430745	22.84598929713238
43	22.488041299009478	26.900858996221384	27.530070709058474	23.08102899571066
44	22.337896482872516	27.266206956238015	27.578195808973433	22.817700751916036
45	22.437878367164117	27.14857251871914	27.465315726131195	22.948233387985546
46	22.52654289768387	27.134158992061852	27.359301282764125	22.979996827490154
47	22.438636782000376	27.23463673898508	27.532723254132474	22.794003224882072
48	22.306688104516876	27.192870794019818	27.48160613622729	23.018834965236014
49	22.57843276018151	27.0045510806798	27.50170115361805	22.915315005520636
50	22.43731036670589	27.265276507670087	27.447878938857535	22.849534186766494
51	22.507740050957285	27.229571393538894	27.418826359242672	22.843862196261156
52	22.546901592751393	27.191550059430547	27.347435285898776	22.914113061919288
53	22.405945188330286	27.074082605326737	27.55123245057093	22.96873975577205
54	22.53728094737653	27.358364968420517	27.43797497313103	22.666379111071926
55	22.56293114674958	27.025295532746046	27.377702322044705	23.034070998459665
56	22.59615633302931	27.336674155411334	27.257436334595447	22.80973317696391
57	22.464075552066156	27.233221662558403	27.369971628783148	22.932731156592293
58	22.47129834490724	27.10211803837243	27.355224636591362	23.071358980128966
59	22.376114863055257	27.23525617133633	27.41512384422527	22.973505121383138
60	22.467428329218254	27.251255621206443	27.4958508240174	22.785465225557903
61	22.706151325856453	27.154108184765803	27.313214959365204	22.826525530012542
62	22.613413643673972	27.34325340990116	27.287724435944742	22.755608510480133
63	22.633057193414672	27.398712559053962	27.202319183909573	22.765911063621797
64	22.609944427641004	27.153716033068097	27.195198131835813	23.041141407455086
65	22.501210412280095	27.285676600358055	27.351915507593024	22.861197479768826
66	22.5578591240071	27.445753584898704	27.16443754069332	22.83194975040088
67	22.665771921019605	27.199366793733347	27.220778085035096	22.91408320021195
68	22.623166700781823	27.478811092229478	27.328860624531252	22.569161582457443
69	22.863563264114646	27.36909235651001	27.232737058187055	22.53460732118829
70	22.991544463808545	27.111786916528978	27.162199195512837	22.73446942414964
71	22.74932686487902	27.483684106167765	27.07452665336818	22.69246237558503
72	22.726458712806448	27.60656555321056	27.28348671188039	22.3834890221026
73	23.500690918870397	28.165799343574534	27.32937431258049	21.004135424974585
74	24.66077369261475	30.601707892788294	27.48639217534742	17.251126239249533
75	30.07821845731903	41.026322443858746	28.895459098822222	0.0
>>END_MODULE
>>Per base GC content	fail
#Base	%GC
1	70.47166368373885
2	44.65913946634551
3	50.63572560086775
4	50.148145351363695
5	30.90700078910485
6	49.433555979586075
7	50.63764842795365
8	46.18392409522322
9	64.8239191072545
10	38.54023617827997
11	54.1897636760636
12	45.439541699414676
13	53.78690017848861
14	52.75891918717544
15	47.807541108899805
16	46.43954172800799
17	44.82665280601696
18	44.74454588628486
19	45.574051647243955
20	45.619845368239865
21	46.114776573631104
22	45.93204488532342
23	45.95096041651116
24	45.95037542672339
25	46.25312656564755
26	45.63609645863967
27	45.66177259985758
28	45.8599260815663
29	45.55343202771842
30	45.631996647710196
31	45.95571849842071
32	45.3817538093561
33	45.433386944160766
34	45.5483055651176
35	45.38771236908895
36	45.13545671886893
37	45.69730184254432
38	45.35598641326138
39	45.3308058417893
40	45.703614178045605
41	45.42377454548037
42	45.210386641152006
43	45.56907029472014
44	45.155597234788544
45	45.38611175514966
46	45.50653972517402
47	45.23264000688245
48	45.32552306975289
49	45.493747765702146
50	45.286844553472385
51	45.351602247218445
52	45.46101465467068
53	45.374684944102334
54	45.203660058448456
55	45.597002145209245
56	45.405889509993216
57	45.39680670865845
58	45.54265732503621
59	45.3496199844384
60	45.25289355477616
61	45.53267685586899
62	45.3690221541541
63	45.398968257036465
64	45.65108583509609
65	45.362407892048914
66	45.38980887440798
67	45.57985512123155
68	45.19232828323927
69	45.398170585302935
70	45.72601388795818
71	45.441789240464054
72	45.10994773490904
73	44.504826343844975
74	41.91189993186429
75	30.07821845731903
>>END_MODULE
>>Per sequence GC content	warn
#GC Content	Count
0	3002.0
1	1502.5
2	8.0
3	19.0
4	25.0
5	43.5
6	88.5
7	149.0
8	183.5
9	248.5
10	478.0
11	868.5
12	1106.0
13	1546.0
14	2680.5
15	4579.0
16	6112.0
17	8894.5
18	15046.5
19	22950.5
20	28399.5
21	37296.0
22	54305.0
23	74017.0
24	87468.0
25	104338.5
26	132881.0
27	162462.5
28	182144.0
29	206177.0
30	244904.5
31	282866.0
32	308642.0
33	338447.0
34	388153.0
35	435909.0
36	463583.5
37	490391.0
38	520444.5
39	539684.0
40	553130.5
41	556928.0
42	555888.0
43	553212.0
44	553100.0
45	549302.0
46	535505.5
47	520576.0
48	514328.0
49	503781.0
50	482308.0
51	462845.0
52	453256.0
53	444410.5
54	428739.0
55	413263.0
56	404154.0
57	394088.0
58	372938.0
59	346539.5
60	324322.0
61	300387.0
62	269481.0
63	236767.0
64	210689.5
65	189764.0
66	162161.5
67	133795.5
68	113438.0
69	98275.0
70	80042.0
71	62434.5
72	50737.0
73	42867.5
74	34117.0
75	26204.0
76	21160.5
77	17570.5
78	13728.5
79	10461.5
80	8307.5
81	6866.0
82	5128.5
83	3504.5
84	2573.0
85	2019.0
86	1429.0
87	909.0
88	666.0
89	535.0
90	350.5
91	237.0
92	194.5
93	223.5
94	199.0
95	112.0
96	80.5
97	61.5
98	35.0
99	45.5
100	64.0
>>END_MODULE
>>Per base N content	pass
#Base	N-Count
1	0.04476132167889316
2	0.023673065197780816
3	0.023641543140260467
4	0.023641543140260467
5	0.023641543140260467
6	0.06756753029486443
7	0.02418529863248646
8	0.023641543140260467
9	0.023641543140260467
10	0.02371246776968125
11	0.023641543140260467
12	0.02368882622654099
13	0.02366518468340073
14	0.023649423654640556
15	0.02539889784701983
16	0.023641543140260467
17	0.025635313278422434
18	0.023657304169020642
19	0.02366518468340073
20	0.023641543140260467
21	0.024335028405708108
22	0.024847261840413755
23	0.023641543140260467
24	0.023877958571663076
25	0.024295625833807673
26	0.026675541176593896
27	0.02371246776968125
28	0.024516280236450107
29	0.024358669948848367
30	0.02579292356602417
31	0.026927717636756672
32	0.024673890524051844
33	0.02391736114356351
34	0.026636138604693462
35	0.02554074710586139
36	0.0020101242469621307
37	6.306884650469693E-4
38	9.93472491495757E-4
39	0.003320002327944625
40	0.00519790900504213
41	0.0014200763291026893
42	0.0011442481879054387
43	6.235954302295384E-4
44	0.0015003035350941527
45	0.0024409233357326533
46	0.005998481649150942
47	0.0022535079409270963
48	0.0024683034630376697
49	0.0025014011012497507
50	0.003698962437076055
51	0.0030038310337910383
52	0.003521451269380077
53	0.003825688306410647
54	0.0023512280321031595
55	0.0027587542547026626
56	0.0025146652332013798
57	0.00320217429227567
58	0.004162318293277266
59	0.003097217094562907
60	0.0013505417390518415
61	0.0016401666409307186
62	0.0016982029088133124
63	0.004395117185212965
64	0.0040958381144881525
65	2.3323504486839067E-4
66	0.001063260880964803
67	0.0014763407917317171
68	7.030393928325538E-4
69	0.0015218716430790054
70	5.678853377846891E-4
71	8.543025278893163E-4
72	6.799543955406133E-4
73	0.0012357950819727257
74	0.0030635132661033073
75	7.17260783499209E-4
>>END_MODULE
>>Sequence Length Distribution	warn
#Length	Count
35	3744.0
36	1232.0
37	1764.0
38	2073.0
39	2539.0
40	2800.0
41	3299.0
42	3606.0
43	4366.0
44	4960.0
45	5942.0
46	6253.0
47	6688.0
48	7341.0
49	7758.0
50	7941.0
51	8783.0
52	9398.0
53	9874.0
54	11025.0
55	11856.0
56	12315.0
57	12882.0
58	13713.0
59	13878.0
60	14767.0
61	14945.0
62	15403.0
63	16718.0
64	17855.0
65	19170.0
66	19127.0
67	20672.0
68	21630.0
69	26778.0
70	35704.0
71	84027.0
72	311525.0
73	894734.0
74	2774703.0
75	8225739.0
>>END_MODULE
>>Sequence Duplication Levels	warn
#Total Duplicate Percentage	35.02600213501523
#Duplication Level	Relative count
1	100.0
2	24.77654010219616
3	9.884237975370423
4	4.902551889423149
5	2.7455797898798666
6	1.6588034909485552
7	1.0950665480909818
8	0.8041541684880092
9	0.5946369624527079
10++	4.270231976244668
>>END_MODULE
>>Overrepresented sequences	pass
>>END_MODULE
>>Kmer Content	warn
#Sequence	Count	Obs/Exp Overall	Obs/Exp Max	Max Obs/Exp Position
AAAAA	4197615	3.4598649	7.5005417	71
TTTTT	4149875	3.2295825	5.7943654	71
CCTGG	2074350	3.0245817	12.401401	3
CCAGG	1981870	2.9231253	13.678626	3
CCCAG	1855500	2.7201037	12.096956	2
CTGGG	1816255	2.6644516	10.5829315	4
CAGCA	2079195	2.6434107	7.254137	4
CCAGC	1777220	2.6053476	7.093632	3
TGCTG	2053455	2.5669913	6.8155365	2
GGAGG	1694630	2.5301292	5.8925643	6
GCTGG	1715570	2.5167463	6.24119	3
TCCAG	1978785	2.4870186	9.730913	2
AGCAG	1865585	2.3863397	5.755863	7
AGGAG	1849090	2.3797047	7.879786	5
CAGGA	1854935	2.372717	10.868189	4
CTGCT	1898485	2.3588405	6.718921	9
CTGGA	1851755	2.3415947	9.092587	4
CTCCA	1869355	2.335202	7.2691736	1
CAGCC	1591330	2.3328388	5.64096	9
GCTGC	1595305	2.3260927	5.82564	8
AGAAG	2096635	2.3258674	5.0211787	5
CTCCT	1875345	2.3159268	6.530264	1
TCCTG	1828770	2.2722204	9.146072	2
GGCTG	1543780	2.2647297	8.544539	7
GGCAG	1511310	2.2427125	6.444634	7
CCTGC	1544300	2.2380366	6.5286484	3
GCAGG	1490605	2.2119873	6.904538	3
CTGCA	1743160	2.1908753	6.7123685	4
CAGAG	1698975	2.1732225	8.301186	4
CTGCC	1499390	2.172952	5.7526684	9
TGCAG	1711790	2.1646051	6.7152667	2
CCCTG	1474985	2.1375837	9.210435	2
TGGAG	1666720	2.1205015	6.5450583	5
GCCTG	1445975	2.1083565	7.302139	7
AGCTG	1664140	2.1043503	6.0196486	7
CTCTG	1691475	2.1016333	7.552138	2
CAGGG	1402755	2.0816221	9.629849	4
CAGAA	1859245	2.0499864	5.5972505	4
GGAGA	1591205	2.047817	5.7633934	6
GCCAG	1377765	2.032111	5.6376295	2
CTGGC	1392925	2.0310051	5.5850244	4
CACAG	1584410	2.0143597	7.295934	7
CAGGC	1355400	1.999124	6.333846	4
TTCTG	1829595	1.9489572	5.224702	2
GGGAG	1302765	1.9450641	5.244656	7
CTGTG	1551300	1.9392552	8.945333	9
CTCAG	1541815	1.9378166	6.485073	2
CCCCA	1320175	1.923571	7.0514584	1
CTGAG	1507120	1.9057943	6.027162	4
CCAGA	1495710	1.90159	7.140089	3
GGCCA	1253420	1.8487104	6.5297875	1
CCTCT	1479955	1.8276463	5.488035	1
TCTGG	1456565	1.8208286	6.4463058	3
AGAGG	1395770	1.7962998	5.4156895	5
ACCTG	1426510	1.7928965	5.332412	7
TGGGG	1214250	1.7922018	6.011963	5
CAGTG	1399450	1.7696427	6.636146	9
CACTG	1400450	1.7601433	7.4855385	7
TGGCC	1194305	1.7413999	5.643271	5
CCTGA	1368025	1.7193902	5.6390767	3
GAGAG	1311705	1.6881117	5.46245	7
ACAGA	1525765	1.6822945	6.018417	8
GCCCA	1145350	1.6790465	7.9861536	1
TCAGG	1316040	1.6641685	6.051533	3
AGGTG	1248375	1.588258	5.157194	7
GGCCT	1085035	1.5820746	5.117014	6
GGGCC	920035	1.574271	5.4215326	6
TGGGC	1065805	1.5635391	6.383584	5
CCTGT	1251605	1.5551014	5.402032	8
AGGCC	1049710	1.5482517	5.0960197	5
AGCCT	1222655	1.5366832	5.33872	6
ACAGC	1171180	1.4889944	5.987582	8
ACACA	1329190	1.4566447	6.2625284	6
GCTGT	1164740	1.4560227	5.3737674	8
AGGCT	1149860	1.4540293	5.0284014	6
GTGTG	1141505	1.4357035	6.560034	1
GACAG	1121520	1.4345783	7.4355345	7
TGTGT	1334140	1.4298698	5.7157087	10
CTGTC	1149880	1.4287095	5.714064	9
GCCCT	981520	1.4224422	5.9478574	1
GGGCT	965555	1.4164724	6.137358	6
CACAC	1117110	1.4116193	6.724298	5
AGACA	1256390	1.3852841	5.7622347	6
AGAGC	1072280	1.3715934	5.0690117	5
AGGGC	908700	1.3484678	5.8453016	5
GGACA	1007000	1.2880914	6.5526557	6
GTCCT	1016300	1.2627382	7.957454	1
ACTGC	968980	1.217854	5.29188	8
AGGAC	945600	1.2095524	8.371109	5
GTGCT	963645	1.204637	5.726162	1
GTCCA	946935	1.1901469	6.7707195	1
AGCAC	913070	1.160843	5.7314053	5
TGTGC	917690	1.1471895	5.7770324	10
TGGAC	867890	1.0974705	6.2615666	5
ACAGT	966840	1.0538528	5.683192	8
GTGCA	826890	1.045625	5.709036	1
ACTGT	961795	1.0363797	6.2383814	8
GACTG	817050	1.033182	6.3376613	7
TGCAC	815555	1.0250231	5.5126777	5
AGACT	914550	0.9968568	5.440511	6
GGACC	675665	0.9965605	5.4541945	6
GGACT	742900	0.9394173	5.491894	6
ACACT	862900	0.93484163	5.033888	6
TGTAG	828530	0.89823985	5.1266794	2
TAGGA	699180	0.76676476	5.0341525	4
GTGTA	574060	0.6223596	5.5232034	1
>>END_MODULE
