##FastQC	0.10.1
>>Basic Statistics	pass
#Measure	Value	
Filename	005-F5_S2_L004_R1_001_trimmed.fq.gz	
File type	Conventional base calls	
Encoding	Sanger / Illumina 1.9	
Total Sequences	17881261	
Filtered Sequences	0	
Sequence length	20-50	
%GC	45	
>>END_MODULE
>>Per base sequence quality	pass
#Base	Mean	Median	Lower Quartile	Upper Quartile	10th Percentile	90th Percentile
1	35.08295796364697	36.0	36.0	36.0	36.0	36.0
2	35.06986526285814	36.0	36.0	36.0	36.0	36.0
3	35.05448849496688	36.0	36.0	36.0	36.0	36.0
4	35.047631987475604	36.0	36.0	36.0	36.0	36.0
5	35.03092349023931	36.0	36.0	36.0	36.0	36.0
6	34.98000124264167	36.0	36.0	36.0	36.0	36.0
7	34.960271537896574	36.0	36.0	36.0	36.0	36.0
8	34.93860556031255	36.0	36.0	36.0	36.0	36.0
9	34.935613377602394	36.0	36.0	36.0	36.0	36.0
10	34.910737727054034	36.0	36.0	36.0	36.0	36.0
11	34.89115208373727	36.0	36.0	36.0	36.0	36.0
12	34.88171494169231	36.0	36.0	36.0	36.0	36.0
13	34.8680924124982	36.0	36.0	36.0	36.0	36.0
14	34.865304913339166	36.0	36.0	36.0	36.0	36.0
15	34.85010850185566	36.0	36.0	36.0	36.0	36.0
16	34.823451153696595	36.0	36.0	36.0	36.0	36.0
17	34.8239757811264	36.0	36.0	36.0	36.0	36.0
18	34.7964612227292	36.0	36.0	36.0	32.0	36.0
19	34.786646702377425	36.0	36.0	36.0	32.0	36.0
20	34.77375762257483	36.0	36.0	36.0	32.0	36.0
21	34.76607773000378	36.0	36.0	36.0	32.0	36.0
22	34.760693494145784	36.0	36.0	36.0	32.0	36.0
23	34.746642134056	36.0	36.0	36.0	32.0	36.0
24	34.72846412600134	36.0	36.0	36.0	32.0	36.0
25	34.72492654138912	36.0	36.0	36.0	32.0	36.0
26	34.699571773023244	36.0	36.0	36.0	32.0	36.0
27	34.695899979999126	36.0	36.0	36.0	32.0	36.0
28	34.68153176075431	36.0	36.0	36.0	32.0	36.0
29	34.67244899022254	36.0	36.0	36.0	32.0	36.0
30	34.666941179934916	36.0	36.0	36.0	32.0	36.0
31	34.640439776609234	36.0	36.0	36.0	32.0	36.0
32	34.630664272890485	36.0	36.0	36.0	32.0	36.0
33	34.596974347672756	36.0	36.0	36.0	32.0	36.0
34	34.58351391065254	36.0	36.0	36.0	32.0	36.0
35	34.56181788502747	36.0	36.0	36.0	32.0	36.0
36	34.546551412710464	36.0	36.0	36.0	32.0	36.0
37	34.52627844076873	36.0	36.0	36.0	32.0	36.0
38	34.50437530372713	36.0	36.0	36.0	32.0	36.0
39	34.48391990976474	36.0	36.0	36.0	32.0	36.0
40	34.47073915284183	36.0	36.0	36.0	32.0	36.0
41	34.444586767103104	36.0	36.0	36.0	32.0	36.0
42	34.43507833278177	36.0	36.0	36.0	32.0	36.0
43	34.397327263533725	36.0	36.0	36.0	32.0	36.0
44	34.38777554865194	36.0	36.0	36.0	32.0	36.0
45	34.37346089974671	36.0	36.0	36.0	32.0	36.0
46	34.36192919941854	36.0	36.0	36.0	32.0	36.0
47	34.36455400148304	36.0	36.0	36.0	32.0	36.0
48	34.38481466428539	36.0	36.0	36.0	32.0	36.0
49	34.45529662944977	36.0	36.0	36.0	32.0	36.0
50	34.557104362850545	36.0	36.0	36.0	32.0	36.0
>>END_MODULE
>>Per sequence quality scores	pass
#Quality	Count
14	6.0
15	60.0
16	229.0
17	722.0
18	1574.0
19	3285.0
20	6676.0
21	12370.0
22	20504.0
23	32388.0
24	49605.0
25	74828.0
26	108471.0
27	153230.0
28	211312.0
29	279613.0
30	368105.0
31	487687.0
32	665273.0
33	1011618.0
34	2035915.0
35	8489933.0
36	3867857.0
>>END_MODULE
>>Per base sequence content	pass
#Base	G	A	T	C
1	22.58688652483261	26.634288198934918	27.27970818554098	23.49911709069149
2	22.4744300465499	26.732635615167872	27.530393444168666	23.262540894113556
3	22.438690971221988	26.78207130516607	27.4065576038642	23.37268011974773
4	22.633446683263237	26.511613730730115	27.665724988891967	23.18921459711468
5	22.743842149649577	26.537443711957337	27.31220541752138	23.406508720871706
6	22.25564646464816	26.97447653637755	27.518381981824184	23.251495017150102
7	22.32549784636564	26.94468689379313	27.472773172715947	23.25704208712529
8	22.3432833358546	26.83877819401177	27.460603252515835	23.3573352176178
9	22.2787469867875	26.934814616966335	27.50670423004032	23.27973416620585
10	22.36225787473352	26.973733365247597	27.49685704123428	23.167151718784602
11	22.85393071551274	26.84721172628709	27.21673823786812	23.08211932033205
12	22.20876928086895	27.06087115444487	27.59383132990453	23.136528234781654
13	22.30207925492503	26.883182343795553	27.706054958875665	23.108683442403755
14	22.34522965923337	26.666630501898563	27.868249661947964	23.119890176920098
15	22.28744941422196	26.959754124723084	27.6286722731691	23.124124187885855
16	22.391088637428872	27.285133861644322	27.574207434251978	22.749570066674828
17	22.533416407265687	26.935091434547036	27.29413210846819	23.23736004971909
18	22.390266547756337	27.378376726339376	27.313129650084523	22.918227075819765
19	22.581438747524572	27.021092080698335	27.535317559539006	22.862151612238087
20	22.649241571945065	26.787411693168618	27.49689745035319	23.06644928453312
21	22.67220347053963	26.92516351311606	27.503945322894634	22.89868769344967
22	22.430127618335998	27.1682537512513	27.53675796100024	22.86486066941246
23	22.527373300058777	26.89891498604333	27.44409826241912	23.12961345147877
24	22.344270242494087	27.237820456560858	27.48699888429083	22.93091041665423
25	22.454223122275994	27.180052896972818	27.327455515632604	23.038268465118588
26	22.565113354848464	27.120498921161207	27.278075951766787	23.036311772223538
27	22.551937797685827	27.230430161563856	27.369733483992587	22.84789855675773
28	22.326140659266006	27.23190036311086	27.38637598409621	23.055582993526915
29	22.63495309554702	26.945679006863582	27.410445289011715	23.008922608577684
30	22.455603256312855	27.312834258168	27.33112436749321	22.90043811802593
31	22.55926576733211	27.17783237235961	27.32540251108378	22.9374993492245
32	22.531280651137713	27.212657951944752	27.269374386977248	22.98668700994029
33	22.438292685115044	27.02334913652202	27.534199920727175	23.00415825763576
34	22.583888155200423	27.33584244408331	27.38124770710342	22.69902169361285
35	22.58677628557305	26.99422814617034	27.359676541654647	23.05931902660197
36	22.65889531669179	27.286449513043916	27.167281468473174	22.887373701791116
37	22.463310192245505	27.191486681774098	27.302608796482193	23.042594329498208
38	22.491310167133616	27.09863633956407	27.295739643065364	23.11431385023695
39	22.432536230959784	27.232978233047156	27.31724321851756	23.0172423174755
40	22.47492063663516	27.188244788276204	27.492026092975465	22.844808482113166
41	22.698555425014575	27.120937501030895	27.300990980419325	22.879516093535205
42	22.64851179266619	27.22269688392639	27.305966014747558	22.82282530865986
43	22.579899115542467	27.39673008225311	27.24053690277568	22.782833899428738
44	22.65148186436777	27.08610959302983	27.197934346481862	23.06447419612054
45	22.53696059904553	27.277396286320858	27.31350565446158	22.872137460172034
46	22.523770121539357	27.519626803468107	27.105939444935213	22.850663630057326
47	22.583426371061055	27.21522918493811	27.23956012025574	22.961784323745093
48	22.578456235889448	27.67696006331235	27.391493998964012	22.35308970183419
49	22.748115225687595	27.854629425055144	27.54678159403674	21.850473755220523
50	22.732189005990737	27.629302918576204	27.601776053793557	22.0367320216395
>>END_MODULE
>>Per base GC content	pass
#Base	%GC
1	46.0860036155241
2	45.736970940663454
3	45.81137109096972
4	45.82266128037792
5	46.15035087052129
6	45.507141481798264
7	45.58253993349092
8	45.7006185534724
9	45.558481152993345
10	45.529409593518125
11	45.93605003584479
12	45.3452975156506
13	45.410762697328785
14	45.46511983615347
15	45.411573602107815
16	45.1406587041037
17	45.77077645698478
18	45.308493623576105
19	45.44359035976266
20	45.71569085647818
21	45.5708911639893
22	45.29498828774846
23	45.656986751537545
24	45.27518065914831
25	45.49249158739458
26	45.601425127072005
27	45.39983635444356
28	45.38172365279292
29	45.6438757041247
30	45.35604137433879
31	45.49676511655661
32	45.517967661078
33	45.4424509427508
34	45.282909848813276
35	45.646095312175014
36	45.5462690184829
37	45.50590452174371
38	45.605624017370566
39	45.44977854843528
40	45.31972911874833
41	45.57807151854978
42	45.47133710132605
43	45.3627330149712
44	45.71595606048831
45	45.40909805921756
46	45.37443375159668
47	45.54521069480615
48	44.93154593772364
49	44.59858898090812
50	44.768921027630235
>>END_MODULE
>>Per sequence GC content	pass
#GC Content	Count
0	2567.0
1	2625.0
2	2389.5
3	2223.5
4	2414.5
5	2970.5
6	3610.0
7	4618.0
8	5667.0
9	7344.0
10	9254.5
11	12841.5
12	16556.5
13	22156.0
14	28797.5
15	39320.5
16	50682.0
17	67349.0
18	85164.5
19	108085.0
20	131876.0
21	161247.0
22	191403.0
23	228620.0
24	268407.5
25	306431.5
26	350254.5
27	400868.5
28	454538.0
29	515137.0
30	577833.0
31	643710.5
32	712828.5
33	783813.5
34	855741.0
35	918788.5
36	977294.0
37	1022548.0
38	1058755.5
39	1083815.5
40	1107384.5
41	1123922.0
42	1137169.0
43	1138368.0
44	1135751.0
45	1122978.0
46	1109370.0
47	1090357.5
48	1069375.5
49	1048940.0
50	1028610.5
51	1007309.5
52	982705.5
53	956177.5
54	929430.5
55	899074.0
56	866400.5
57	829023.0
58	789221.5
59	740444.5
60	688884.5
61	631693.0
62	574011.0
63	523381.0
64	464328.0
65	409579.5
66	356940.0
67	308816.0
68	261338.5
69	218740.0
70	181323.5
71	150096.0
72	123400.0
73	100205.5
74	78378.5
75	62353.0
76	50396.0
77	39934.5
78	30725.0
79	23975.5
80	17973.0
81	13392.0
82	9883.5
83	7540.5
84	5498.5
85	4153.0
86	3100.0
87	2403.0
88	1881.5
89	1472.0
90	1136.0
91	947.0
92	816.0
93	713.5
94	624.0
95	582.5
96	539.0
97	468.5
98	386.5
99	464.0
100	570.0
>>END_MODULE
>>Per base N content	pass
#Base	N-Count
1	2.013280830697567E-4
2	1.1184893503875369E-4
3	2.236978700775074E-5
4	3.1317701810851034E-4
5	1.1744138179069139E-4
6	1.5658850905425517E-4
7	5.14505101178267E-4
8	1.454036155503798E-4
9	7.27018077751899E-5
10	1.1744138179069139E-4
11	0.0
12	0.0
13	0.0
14	7.717576517674006E-4
15	0.0
16	0.0
17	0.0
18	0.0
19	0.0
20	0.0
21	0.0
22	0.0
23	4.947753410716946E-4
24	0.0
25	0.0
26	0.0
27	0.0
28	8.520056525463013E-4
29	0.0
30	2.2826964305932453E-5
31	5.721102980597394E-6
32	0.0
33	0.0
34	0.0
35	0.0
36	0.0
37	0.0
38	0.0
39	0.0
40	0.0
41	0.0
42	1.241674058076407E-4
43	0.0
44	0.0
45	0.0
46	0.0
47	0.0
48	0.0
49	0.0
50	0.0
>>END_MODULE
>>Sequence Length Distribution	warn
#Length	Count
20	31011.0
21	31729.0
22	32671.0
23	33912.0
24	34478.0
25	35949.0
26	37280.0
27	38714.0
28	39914.0
29	42467.0
30	43989.0
31	45047.0
32	46048.0
33	46450.0
34	47505.0
35	48702.0
36	48998.0
37	51073.0
38	54002.0
39	56699.0
40	59111.0
41	62861.0
42	66845.0
43	79393.0
44	116994.0
45	201249.0
46	493173.0
47	1039739.0
48	2047537.0
49	2710371.0
50	1.015735E7
>>END_MODULE
>>Sequence Duplication Levels	warn
#Total Duplicate Percentage	32.81650694270119
#Duplication Level	Relative count
1	100.0
2	21.54192187087888
3	8.75948773554494
4	4.528470533071535
5	2.6367845734548543
6	1.69020894997509
7	1.1333997596928758
8	0.7971163145092752
9	0.6029657415819242
10++	4.838378806083873
>>END_MODULE
>>Overrepresented sequences	pass
>>END_MODULE
>>Kmer Content	warn
#Sequence	Count	Obs/Exp Overall	Obs/Exp Max	Max Obs/Exp Position
AAAAA	4203395	3.6496966	4.505984	46
TTTTT	4088630	3.3391747	3.9875736	13
>>END_MODULE
