##FastQC	0.10.1
>>Basic Statistics	pass
#Measure	Value	
Filename	006-F5_S1_L002_R1_001.fastq.gz	
File type	Conventional base calls	
Encoding	Sanger / Illumina 1.9	
Total Sequences	20799231	
Filtered Sequences	0	
Sequence length	35-76	
%GC	46	
>>END_MODULE
>>Per base sequence quality	pass
#Base	Mean	Median	Lower Quartile	Upper Quartile	10th Percentile	90th Percentile
1	31.33440423831054	32.0	32.0	32.0	32.0	32.0
2	31.339209560199606	32.0	32.0	32.0	32.0	32.0
3	31.491239219373064	32.0	32.0	32.0	32.0	32.0
4	31.594167592061456	32.0	32.0	32.0	32.0	32.0
5	31.545734936065664	32.0	32.0	32.0	32.0	32.0
6	35.178115046657254	36.0	36.0	36.0	36.0	36.0
7	35.188666734842265	36.0	36.0	36.0	36.0	36.0
8	35.11052687476763	36.0	36.0	36.0	36.0	36.0
9	35.2652410562679	36.0	36.0	36.0	36.0	36.0
10-14	35.190214830538686	36.0	36.0	36.0	36.0	36.0
15-19	35.13470857648535	36.0	36.0	36.0	36.0	36.0
20-24	35.08571528437758	36.0	36.0	36.0	36.0	36.0
25-29	34.97286141011656	36.0	36.0	36.0	36.0	36.0
30-34	34.87889090707248	36.0	36.0	36.0	36.0	36.0
35-39	34.826569041927016	36.0	36.0	36.0	36.0	36.0
40-44	34.75998835672659	36.0	36.0	36.0	35.2	36.0
45-49	34.667047543421816	36.0	36.0	36.0	32.0	36.0
50-54	34.54441945158352	36.0	36.0	36.0	32.0	36.0
55-59	34.39931122861786	36.0	36.0	36.0	32.0	36.0
60-64	34.23840556303417	36.0	36.0	36.0	32.0	36.0
65-69	34.08615789142738	36.0	36.0	36.0	32.0	36.0
70-74	33.9622769307059	36.0	36.0	36.0	32.0	36.0
75-76	33.28977033815728	36.0	34.0	36.0	23.0	36.0
>>END_MODULE
>>Per sequence quality scores	pass
#Quality	Count
2	24160.0
3	0.0
4	0.0
5	0.0
6	0.0
7	0.0
8	0.0
9	0.0
10	0.0
11	0.0
12	0.0
13	0.0
14	0.0
15	0.0
16	1.0
17	24.0
18	178.0
19	1279.0
20	4742.0
21	10841.0
22	19416.0
23	30815.0
24	50377.0
25	80908.0
26	125945.0
27	185183.0
28	258120.0
29	345969.0
30	454373.0
31	600526.0
32	833474.0
33	1336100.0
34	3122141.0
35	1.3314659E7
>>END_MODULE
>>Per base sequence content	fail
#Base	G	A	T	C
1	43.022042861866666	18.5533090728806	11.700605153403231	26.724042911849498
2	15.975185643177134	19.29573281822877	37.466819606384	27.262261932210098
3	19.49396935730553	21.438925873929833	27.604971266998625	31.46213350176601
4	12.83986915630442	15.040045454595777	35.427889180547965	36.69219620855184
5	14.703906427082728	35.31835823810181	34.13490620561537	15.842829129200087
6	35.16382687693342	34.92658581046486	15.993639684793376	13.915947627808348
7	30.92955975938662	28.9060720899582	20.154891408072682	20.009476742582493
8	26.280600730636554	35.60743459637974	19.117411835888603	18.9945528370951
9	24.6687206035775	15.57908226699877	19.722246797626887	40.02995033179684
10-14	24.32742409092995	22.850867118064958	27.982086906299315	24.839621884705778
15-19	22.797634321321443	27.951379425676354	25.79235115557085	23.45863509743136
20-24	22.861451045210494	26.607156914267428	27.15628331449989	23.37510872602219
25-29	22.725949609241447	26.713029266269857	27.05934705285663	23.50167407163206
30-34	22.716588618669782	26.735038292718155	27.245993917877552	23.30237917073451
35-39	22.744344238873637	26.95801506219065	27.116299018900435	23.181341680035278
40-44	22.788013712746903	26.848879206918912	27.211873127901846	23.151233952432335
45-49	22.788055552272564	26.97198255082694	27.03364718912275	23.206314707777747
50-54	22.77389639718061	27.03935527594518	27.062977669880766	23.123770656993443
55-59	22.797943892669373	26.94654218412348	26.973821537968952	23.281692385238195
60-64	22.91797646994563	26.954639000022308	26.9867173542507	23.140667175781363
65-69	22.947418264057127	27.05014570810643	26.92895908039939	23.073476947437047
70-74	23.252180446016506	27.26423944969204	26.881724091547177	22.601856012744275
75-76	27.48940152840073	34.559078941799605	27.825528246262003	10.125991283537664
>>END_MODULE
>>Per base GC content	fail
#Base	%GC
1	69.74608577371617
2	43.237447575387236
3	50.95610285907154
4	49.53206536485626
5	30.546735556282815
6	49.07977450474176
7	50.93903650196911
8	45.27515356773166
9	64.69867093537435
10-14	49.16704597563573
15-19	46.25626941875281
20-24	46.236559771232685
25-29	46.227623680873506
30-34	46.01896778940429
35-39	45.92568591890892
40-44	45.93924766517924
45-49	45.99437026005031
50-54	45.89766705417405
55-59	46.07963627790757
60-64	46.05864364572699
65-69	46.02089521149417
70-74	45.85403645876078
75-76	37.6153928119384
>>END_MODULE
>>Per sequence GC content	warn
#GC Content	Count
0	24170.0
1	12090.0
2	17.5
3	40.0
4	55.5
5	73.5
6	138.5
7	273.5
8	363.5
9	511.5
10	942.0
11	1646.0
12	2073.0
13	2804.0
14	4833.5
15	8307.0
16	13609.0
17	17658.0
18	24025.5
19	37029.5
20	54077.0
21	66287.0
22	84104.0
23	115729.0
24	149442.5
25	172472.5
26	201007.0
27	249144.5
28	298265.0
29	330837.0
30	369965.0
31	433137.5
32	494633.0
33	534463.5
34	586429.5
35	664868.5
36	731035.0
37	770657.0
38	803347.5
39	838305.5
40	853221.0
41	858864.5
42	868709.5
43	876329.5
44	874010.5
45	864420.0
46	860026.5
47	852498.5
48	834708.5
49	814072.5
50	801208.5
51	787583.5
52	763438.0
53	740447.5
54	730312.5
55	718954.0
56	697519.5
57	674907.5
58	654391.5
59	619040.0
60	568474.0
61	513079.5
62	468905.0
63	427012.0
64	371410.5
65	320140.5
66	268290.5
67	230704.5
68	201701.5
69	165408.5
70	130059.0
71	106294.5
72	89468.0
73	71104.0
74	54066.0
75	42895.0
76	36215.0
77	28838.0
78	21421.0
79	16905.5
80	14418.0
81	11223.5
82	7818.5
83	5778.5
84	4641.0
85	3450.5
86	2317.5
87	1660.0
88	1354.0
89	1034.5
90	726.0
91	513.0
92	426.0
93	379.5
94	293.0
95	211.0
96	169.5
97	129.5
98	85.5
99	71.0
100	63.0
>>END_MODULE
>>Per base N content	pass
#Base	N-Count
1	0.1543326289322908
2	0.11616294852439496
3	0.11618218000463575
4	0.11641776563758535
5	0.11615814065433477
6	0.11615814065433477
7	0.11615814065433477
8	0.11633122397650184
9	0.11620141148487653
10-14	0.11621006565098488
15-19	0.11701682624708576
20-24	0.1168581665350993
25-29	0.11833225949555538
30-34	0.11878708400324993
35-39	0.027481501023882207
40-44	0.004192523260017498
45-49	0.0029060116712037705
50-54	0.004515223710317717
55-59	9.776638948664552E-4
60-64	8.058227241611257E-4
65-69	0.001223505793049622
70-74	0.0025262637639576584
75-76	0.010014145590075484
>>END_MODULE
>>Sequence Length Distribution	warn
#Length	Count
35	31445.0
36	10536.0
37	13527.0
38	14617.0
39	16126.0
40	15608.0
41	16560.0
42	17598.0
43	19239.0
44	20444.0
45	22140.0
46	22688.0
47	23398.0
48	24077.0
49	25080.0
50	24553.0
51	25732.0
52	25827.0
53	27461.0
54	28277.0
55	29575.0
56	30018.0
57	31538.0
58	31412.0
59	32449.0
60	33248.0
61	32303.0
62	33219.0
63	33611.0
64	35750.0
65	36961.0
66	38251.0
67	38614.0
68	39122.0
69	43331.0
70	47650.0
71	63970.0
72	146468.0
73	509514.0
74	1427131.0
75	4553847.0
76	1.3106316E7
>>END_MODULE
>>Sequence Duplication Levels	warn
#Total Duplicate Percentage	32.51341945378398
#Duplication Level	Relative count
1	100.0
2	21.21172391690703
3	8.602103545727354
4	4.308335518457011
5	2.6024823004982083
6	1.5776592955161262
7	1.0976604609154212
8	0.812866008216065
9	0.5776010255513795
10++	4.8844797948897245
>>END_MODULE
>>Overrepresented sequences	warn
#Sequence	Count	Percentage	Possible Source
NNNNNNNNNNNNNNNNNNNNNNNNNNNNNNNNNNN	24160	0.11615814065433477	No Hit
>>END_MODULE
>>Kmer Content	warn
#Sequence	Count	Obs/Exp Overall	Obs/Exp Max	Max Obs/Exp Position
AAAAA	6786870	3.459044	6.4317827	72
TTTTT	6173175	3.0708666	5.5018177	72
CCTGG	3532610	3.0492578	12.198102	3
CCAGG	3383775	2.9349904	13.18843	3
CCCAG	3280275	2.8356	11.337554	2
CTGGG	3210690	2.7807841	10.319059	4
CCAGC	2978750	2.5749497	6.773302	3
GGAGG	2913655	2.5443945	5.8715296	6
CAGCA	3333655	2.5273242	7.554394	4
GCTGG	2869995	2.485708	5.960924	3
TGCTG	3284560	2.4744253	7.0632834	2
TCCAG	3165270	2.3880546	10.08226	2
CAGCC	2720370	2.3515959	5.4588575	9
AGGAG	3062555	2.3375733	7.600596	5
CAGGA	3066705	2.3328285	10.871822	4
CTCCT	3101870	2.3210244	7.0053835	1
CTCCA	3073910	2.311288	7.450709	1
GGCTG	2663195	2.3065982	8.305988	7
TCCTG	3034030	2.2779622	9.809801	2
CAGAG	2975750	2.2636395	7.862746	4
AGCAG	2949595	2.2437434	5.3181705	7
CTGCT	2984915	2.2410865	6.571405	9
CTGGA	2957720	2.2390356	9.102715	4
CCTGC	2599710	2.236417	6.5331364	3
CCCTG	2593840	2.2313673	8.992931	2
GGCAG	2549505	2.218869	5.876872	7
CTCTG	2939980	2.207349	7.410154	2
GCAGG	2531670	2.203347	6.8862944	3
CTGCC	2551120	2.1946173	5.736385	9
GCCTG	2534885	2.1880474	7.037292	7
CTGCA	2898575	2.186845	6.9373074	4
CACAG	2857860	2.1666124	8.048899	7
CAGGG	2482005	2.1601226	9.515555	4
TGCAG	2853005	2.1597652	7.104846	2
GCTGC	2474100	2.1355793	5.4822507	8
CTGTG	2816385	2.1217256	9.744425	9
TGGAG	2758775	2.0955153	6.5554667	5
CAGGC	2354030	2.0418189	6.243375	4
AGCTG	2693375	2.038923	5.828972	7
GGGAG	2320520	2.0264301	5.235953	7
CTCAG	2671025	2.015169	6.2901945	2
CCCCA	2325260	2.0032527	6.5978775	1
GCCAG	2309140	2.0028827	5.2535744	2
CTGGC	2308345	1.9925038	5.281476	4
CTGAG	2626525	1.9883167	5.828976	4
GGAGA	2595980	1.981448	5.7373605	6
CAGAA	2866385	1.9058133	5.429826	4
CAGTG	2508285	1.898807	6.8512745	9
CACTG	2499260	1.8855798	8.289557	7
TCCCA	2506295	1.8844956	5.284576	2
TGGGG	2164330	1.8808881	5.59281	5
CCTCT	2495400	1.8672234	5.294066	1
GGCCA	2141225	1.857238	5.87979	1
CCAGA	2433910	1.8452058	6.7898717	3
TTCTG	2810955	1.8419563	5.1568522	2
AGAGG	2394590	1.8277321	5.1112475	5
ACACA	2721165	1.8031431	7.6111856	6
TCTGG	2381425	1.7940483	6.203607	3
CACAC	2348860	1.7747079	7.8312693	5
TGGCC	2055915	1.7746128	5.4798093	5
ACCTG	2337830	1.7637881	5.0212955	7
GAGAG	2296725	1.753034	5.752986	7
ACAGA	2622790	1.7438512	6.33405	8
GTGTG	2294275	1.7342559	7.1807356	1
GCCCA	1990180	1.7203908	6.954489	1
CCTGA	2257670	1.703311	5.6127353	3
TGTGT	2584055	1.6990167	6.661247	10
CCTGT	2211130	1.6601255	5.667201	8
GGCCT	1918070	1.6556286	5.062414	6
TCAGG	2171690	1.6440003	5.8864145	3
TGGGC	1890660	1.6375041	6.2064066	5
AGGTG	2138695	1.6245137	5.1564913	7
GGGCC	1628290	1.6158533	5.107987	6
ACAGG	2122505	1.6145799	5.2617855	8
AGCCT	2126660	1.6044698	5.0343437	6
AGGCT	2019400	1.5287144	5.081613	6
ACAGC	2009645	1.5235603	6.0604224	8
CCATG	2012530	1.5183638	5.0135694	9
GCTGT	1999780	1.5065358	5.5957494	8
CTGTC	1986955	1.491814	6.1818433	9
GACAG	1944175	1.4789251	7.3832006	7
GCCCT	1715930	1.4761398	5.616191	1
GGGCT	1696320	1.469186	5.8952036	6
AGACA	2145580	1.4265618	5.767764	6
AGGGC	1620735	1.4105477	5.764128	5
GGACA	1737230	1.321503	6.6582522	6
GCACA	1741920	1.3205914	5.3363185	6
GTCCT	1753680	1.3166702	8.626436	1
GTGCT	1735850	1.3077039	6.154138	1
TGTCC	1731535	1.3000436	5.0796733	10
TGTGC	1713500	1.2908664	6.5054107	10
ACTGC	1674995	1.2637087	5.499831	8
AGCAC	1660725	1.2590356	6.331756	5
AGGAC	1650120	1.2552388	9.211139	5
ACTGA	1814850	1.2008251	5.048556	8
GTCCA	1581880	1.1934576	6.9287944	1
ACAGT	1736650	1.1490828	6.1396813	8
GTGCA	1515400	1.1471792	6.2340508	1
GTCCC	1317390	1.1332932	5.1064844	1
ACTGT	1721000	1.133217	7.1404986	8
TGCAC	1497800	1.130023	5.985819	5
GTCTT	1715155	1.1239029	5.122292	1
TGGAC	1457975	1.1037078	6.3190126	5
GACTG	1413640	1.0701455	6.3631053	7
GCACT	1396625	1.053691	5.2215505	6
ACACT	1571450	1.0362608	5.775612	6
AGACT	1552915	1.0275116	5.355435	6
GGACC	1154740	1.001589	5.530035	6
TGTAG	1479700	0.9776344	5.952287	2
CTACA	1481865	0.9771859	5.5328517	4
GGACT	1283180	0.9713856	5.616281	6
TAGGA	1249335	0.82944673	5.857278	4
TCCTA	1246120	0.8177519	5.465995	2
GTGTA	1107770	0.731901	6.430512	1
TACAC	1071665	0.7066878	5.728359	5
GTATA	940720	0.543248	5.152599	1
>>END_MODULE
