##FastQC	0.10.1
>>Basic Statistics	pass
#Measure	Value	
Filename	019-F5_S6_L003_R2_001.fastq.gz	
File type	Conventional base calls	
Encoding	Sanger / Illumina 1.9	
Total Sequences	21049170	
Filtered Sequences	0	
Sequence length	35-75	
%GC	45	
>>END_MODULE
>>Per base sequence quality	pass
#Base	Mean	Median	Lower Quartile	Upper Quartile	10th Percentile	90th Percentile
1	31.539171235730436	32.0	32.0	32.0	32.0	32.0
2	31.34730414548412	32.0	32.0	32.0	32.0	32.0
3	31.38348761495109	32.0	32.0	32.0	32.0	32.0
4	31.41086840953824	32.0	32.0	32.0	32.0	32.0
5	31.395384046021768	32.0	32.0	32.0	32.0	32.0
6	35.14122666119377	36.0	36.0	36.0	36.0	36.0
7	35.11934062008146	36.0	36.0	36.0	36.0	36.0
8	35.07831040368813	36.0	36.0	36.0	36.0	36.0
9	35.154140757093984	36.0	36.0	36.0	36.0	36.0
10	35.03304790640201	36.0	36.0	36.0	36.0	36.0
11	35.14062145918343	36.0	36.0	36.0	36.0	36.0
12	35.055755785144974	36.0	36.0	36.0	36.0	36.0
13	35.09031995085792	36.0	36.0	36.0	36.0	36.0
14	35.03673227970509	36.0	36.0	36.0	36.0	36.0
15	35.01503403697153	36.0	36.0	36.0	36.0	36.0
16	35.02127480560991	36.0	36.0	36.0	36.0	36.0
17	35.01206251837959	36.0	36.0	36.0	36.0	36.0
18	35.00048377204422	36.0	36.0	36.0	36.0	36.0
19	34.99771216632295	36.0	36.0	36.0	36.0	36.0
20	34.98353564534849	36.0	36.0	36.0	36.0	36.0
21	34.97333320031146	36.0	36.0	36.0	36.0	36.0
22	34.96016688544014	36.0	36.0	36.0	36.0	36.0
23	34.94511227758624	36.0	36.0	36.0	36.0	36.0
24	34.93901617023379	36.0	36.0	36.0	36.0	36.0
25	34.91604243777783	36.0	36.0	36.0	36.0	36.0
26	34.902491547172644	36.0	36.0	36.0	36.0	36.0
27	34.88918631946058	36.0	36.0	36.0	36.0	36.0
28	34.88217278876079	36.0	36.0	36.0	36.0	36.0
29	34.86333679665279	36.0	36.0	36.0	36.0	36.0
30	34.842296632123734	36.0	36.0	36.0	36.0	36.0
31	34.83248394117203	36.0	36.0	36.0	36.0	36.0
32	34.81713820544943	36.0	36.0	36.0	36.0	36.0
33	34.812045463075265	36.0	36.0	36.0	36.0	36.0
34	34.8004990220517	36.0	36.0	36.0	36.0	36.0
35	34.78403728032982	36.0	36.0	36.0	36.0	36.0
36	34.799489189269664	36.0	36.0	36.0	36.0	36.0
37	34.78961211100585	36.0	36.0	36.0	36.0	36.0
38	34.7685405552117	36.0	36.0	36.0	36.0	36.0
39	34.75087399953014	36.0	36.0	36.0	36.0	36.0
40	34.75075811637196	36.0	36.0	36.0	36.0	36.0
41	34.74244427316218	36.0	36.0	36.0	36.0	36.0
42	34.72452024847852	36.0	36.0	36.0	36.0	36.0
43	34.71629330391306	36.0	36.0	36.0	36.0	36.0
44	34.697487133488046	36.0	36.0	36.0	36.0	36.0
45	34.68426024281097	36.0	36.0	36.0	36.0	36.0
46	34.66691749038641	36.0	36.0	36.0	36.0	36.0
47	34.659634605694066	36.0	36.0	36.0	36.0	36.0
48	34.63648239684512	36.0	36.0	36.0	36.0	36.0
49	34.62603307183663	36.0	36.0	36.0	36.0	36.0
50	34.602749782147626	36.0	36.0	36.0	36.0	36.0
51	34.58720686406499	36.0	36.0	36.0	32.0	36.0
52	34.576423480657276	36.0	36.0	36.0	32.0	36.0
53	34.54740907772297	36.0	36.0	36.0	32.0	36.0
54	34.53502967634519	36.0	36.0	36.0	32.0	36.0
55	34.501185798041355	36.0	36.0	36.0	32.0	36.0
56	34.48123719364299	36.0	36.0	36.0	32.0	36.0
57	34.46925978011514	36.0	36.0	36.0	32.0	36.0
58	34.44952238837135	36.0	36.0	36.0	32.0	36.0
59	34.43109573889289	36.0	36.0	36.0	32.0	36.0
60	34.41130767004618	36.0	36.0	36.0	32.0	36.0
61	34.383921353595184	36.0	36.0	36.0	32.0	36.0
62	34.35542429226465	36.0	36.0	36.0	32.0	36.0
63	34.33153069644637	36.0	36.0	36.0	32.0	36.0
64	34.29992095463229	36.0	36.0	36.0	32.0	36.0
65	34.283635603631076	36.0	36.0	36.0	32.0	36.0
66	34.258605107744664	36.0	36.0	36.0	32.0	36.0
67	34.23027825354707	36.0	36.0	36.0	32.0	36.0
68	34.198272148067545	36.0	36.0	36.0	32.0	36.0
69	34.19839729137856	36.0	36.0	36.0	32.0	36.0
70	34.175337430226115	36.0	36.0	36.0	32.0	36.0
71	34.144115179274515	36.0	36.0	36.0	32.0	36.0
72	34.12442755282746	36.0	36.0	36.0	32.0	36.0
73	34.075565517356736	36.0	36.0	36.0	32.0	36.0
74	34.02615035928417	36.0	36.0	36.0	32.0	36.0
75	33.07904587139195	36.0	36.0	36.0	21.0	36.0
>>END_MODULE
>>Per sequence quality scores	pass
#Quality	Count
2	21289.0
3	1420.0
4	2367.0
5	478.0
6	272.0
7	185.0
8	181.0
9	177.0
10	247.0
11	297.0
12	349.0
13	375.0
14	3016.0
15	6339.0
16	9262.0
17	12452.0
18	16229.0
19	20959.0
20	27487.0
21	36924.0
22	49304.0
23	67017.0
24	89917.0
25	119345.0
26	155459.0
27	199624.0
28	251357.0
29	311805.0
30	389002.0
31	497254.0
32	668386.0
33	1022870.0
34	2257976.0
35	1.4809549E7
>>END_MODULE
>>Per base sequence content	fail
#Base	G	A	T	C
1	46.28568830480273	17.558790067318146	10.111547250112787	26.04397437776634
2	17.39655734654243	19.762725904248317	35.78480041709533	27.05591633211392
3	19.76538304436879	20.908935139427314	29.10169139525568	30.223990420948212
4	13.584974824136092	14.221693982270153	36.164127315107315	36.02920387848644
5	14.923423721629767	34.64362501317378	35.40863636830577	15.024314896890683
6	34.91306319769224	35.02031448836996	16.14392561982685	13.922696694110947
7	30.367613956473832	29.958436319004168	20.62652546224345	19.04742426227855
8	26.68407679069089	33.52637254681381	20.466049187897244	19.323501474598057
9	24.677734472090094	14.41739277941599	20.769162671661086	40.13571007683283
10	14.172008273600376	26.079659755700085	35.862239911198266	23.886092059501273
11	34.33133903438828	22.66973957571498	24.052891138867185	18.946030251029555
12	21.776106846971167	24.278145761519422	31.949073872567663	21.996673518941748
13	28.027763516247784	20.459493414915258	26.175811152300284	25.33693191653668
14	20.2131584678408	20.76412443743863	27.641066459282985	31.381650635437587
15	22.821010795785806	29.760356236575667	23.35678039892042	24.061852568718102
16	22.81130882882835	28.532037054287123	25.748517323275998	22.908136793608527
17	21.66760637727005	28.246444830266	27.632353623978247	22.453595168485702
18	22.039061929520315	27.761732362537217	28.272187623610122	21.927018084332342
19	22.597648798282076	27.22417954838888	27.68056214957228	22.497609503756767
20	22.612410016540604	27.21519785240912	27.897639963024474	22.2747521680258
21	22.311796947746842	26.919688376678437	27.566234226477516	23.202280449097206
22	22.373180977027623	26.944388679837683	27.81094054012911	22.87148980300558
23	22.251542740733445	27.04837576316367	27.736801365975545	22.963280130127345
24	22.470964323142155	26.68797545702317	28.089150209227377	22.751910010607297
25	22.604211204113707	26.728761738620154	27.617398569740242	23.0496284875259
26	22.062739756722227	27.164251388141913	27.830706986035448	22.94230186910041
27	22.099039787516762	27.187327729857962	27.84062463191157	22.8730078507137
28	22.215641371748628	27.004342314719487	27.718232974095013	23.06178333943687
29	22.06960445844867	27.139741560388526	27.87485237649579	22.915801604667017
30	22.101084912136876	27.235142509790244	27.836211103667193	22.827561474405687
31	22.686550846206934	27.125137269615173	27.506747037683404	22.681564846494485
32	21.944318564324345	27.429445481220867	27.909261644704053	22.716974309750736
33	22.06961659596652	27.239067167186228	28.082150137028215	22.609166099819035
34	22.18061982804876	26.91651222953244	28.19855174066987	22.70431620174893
35	22.021460551659924	27.271642949934975	28.02993448886734	22.67696200953776
36	22.137449949711787	27.562000877093475	27.960138119380645	22.340411053814098
37	22.292846013938902	27.234263188400497	27.557444145413484	22.915446652247113
38	22.208637751604215	27.709214857445215	27.532746916645056	22.549400474305514
39	22.347001150069406	27.435656840101757	27.80571646007712	22.411625549751708
40	22.465323748305494	27.13046401600564	27.759274094128866	22.644938141559997
41	22.386912290585272	27.333351301083763	27.807967043647565	22.4717693646834
42	22.150502957715577	27.638492136912035	27.874156605698452	22.336848299673935
43	22.28220561414744	27.346701479174968	27.75044544140444	22.620647465273148
44	22.116784392573326	27.724212022879307	27.7722070624837	22.386796522063666
45	22.19094809079417	27.620811521611994	27.66058031437582	22.527660073218016
46	22.34757613616418	27.469211964762568	27.556767392514423	22.62644450655883
47	22.354249430632166	27.592438310117128	27.654269699211692	22.399042560039018
48	22.118230025723207	27.62288021520114	27.6177176294961	22.641172129579555
49	22.472927633877724	27.36777088636078	27.594839434146547	22.564462045614953
50	22.25241604980911	27.761131263925666	27.55126930997076	22.435183376294464
51	22.273657799781745	27.68316696140905	27.608874455050696	22.434300783758506
52	22.320119547911023	27.703269715949368	27.465328657472643	22.511282078666966
53	22.156885309616918	27.507380619964838	27.80211808171674	22.533615988701506
54	22.311955158523865	27.90506234727313	27.617399719409857	22.165582774793148
55	22.316468892979003	27.500557167461732	27.565230679906843	22.61774325965242
56	22.44692104805158	27.759275020657874	27.385299576825417	22.40850435446513
57	22.258058694757242	27.688277959636352	27.49166112746971	22.562002218136698
58	22.295717944463703	27.57332048115036	27.41809344764586	22.71286812674008
59	22.236428932045108	27.695315282561822	27.46960116589523	22.598654619497836
60	22.263315757882587	27.657342262002814	27.685160690902944	22.394181289211655
61	22.529482215726077	27.593567303559492	27.43692598552499	22.44002449518944
62	22.438848598986315	27.763832579053876	27.47345678725603	22.323862034703783
63	22.41532102747795	27.914373735689306	27.39824479822085	22.27206043861189
64	22.434136478728863	27.606083908783948	27.31215474925318	22.647624863234004
65	22.335497678601484	27.802066222822315	27.472831835901268	22.389604262674933
66	22.342401112287522	28.02927632137685	27.25815857629954	22.370163990036083
67	22.51154555537859	27.645807630027676	27.271660065624538	22.570986748969197
68	22.484077616976784	27.979765194715217	27.435743232548504	22.1004139557595
69	22.74478399988429	27.829898069965786	27.352394827286787	22.072923102863136
70	22.881604221635886	27.5686729784262	27.23876455067515	22.310958249262764
71	22.57278230190154	28.05094357559257	27.174500749252296	22.201773373253598
72	22.539312021186554	28.15515660924025	27.454555473130842	21.850975896442353
73	23.33925851064799	28.743292083300275	27.374030855580124	20.54341855047161
74	24.403121470228342	31.175332649213168	27.635736659086614	16.78580922147188
75	29.574684852601834	41.496779430594714	28.928535716803445	0.0
>>END_MODULE
>>Per base GC content	fail
#Base	%GC
1	72.32966268256908
2	44.452473678656354
3	49.98937346531701
4	49.61417870262254
5	29.947738618520454
6	48.835759891803185
7	49.415038218752386
8	46.00757826528895
9	64.81344454892293
10	38.05810033310165
11	53.277369285417834
12	43.772780365912915
13	53.36469543278446
14	51.59480910327838
15	46.882863364503905
16	45.71944562243688
17	44.12120154575575
18	43.96608001385266
19	45.09525830203884
20	44.88716218456641
21	45.51407739684405
22	45.2446707800332
23	45.214822870860786
24	45.22287433374945
25	45.653839691639604
26	45.00504162582264
27	44.972047638230464
28	45.2774247111855
29	44.98540606311568
30	44.92864638654257
31	45.36811569270142
32	44.66129287407507
33	44.67878269578556
34	44.88493602979769
35	44.69842256119768
36	44.47786100352589
37	45.20829266618602
38	44.75803822590973
39	44.75862669982112
40	45.11026188986549
41	44.858681655268676
42	44.48735125738952
43	44.90285307942059
44	44.50358091463699
45	44.71860816401219
46	44.974020642723005
47	44.75329199067118
48	44.759402155302766
49	45.03738967949268
50	44.687599426103574
51	44.70795858354025
52	44.83140162657799
53	44.69050129831842
54	44.47753793331701
55	44.934212152631424
56	44.85542540251671
57	44.820060912893936
58	45.00858607120378
59	44.83508355154295
60	44.65749704709424
61	44.96950671091552
62	44.7627106336901
63	44.687381466089846
64	45.08176134196287
65	44.72510194127642
66	44.71256510232361
67	45.08253230434779
68	44.584491572736276
69	44.81770710274743
70	45.19256247089865
71	44.774555675155135
72	44.3902879176289
73	43.8826770611196
74	41.18893069170022
75	29.574684852601834
>>END_MODULE
>>Per sequence GC content	warn
#GC Content	Count
0	21506.0
1	11365.0
2	1489.5
3	1827.5
4	1900.0
5	1896.0
6	1993.5
7	2300.0
8	2515.0
9	2871.0
10	3975.0
11	5719.5
12	6760.0
13	7868.5
14	10474.0
15	14511.0
16	17769.5
17	23408.5
18	35766.5
19	51255.0
20	61922.5
21	79068.0
22	110512.0
23	144908.5
24	167930.0
25	197793.0
26	248015.5
27	298673.5
28	332512.5
29	372767.5
30	437782.5
31	503336.0
32	547571.0
33	596531.5
34	677913.0
35	756403.5
36	802192.5
37	846427.0
38	891082.0
39	912648.5
40	927513.0
41	930588.5
42	924553.5
43	917113.5
44	915436.5
45	906529.5
46	882120.5
47	854586.5
48	840973.5
49	821542.0
50	785247.5
51	751614.0
52	732440.0
53	717822.5
54	691409.5
55	661447.0
56	642463.5
57	624763.5
58	590852.5
59	546956.0
60	509672.5
61	470903.0
62	419602.0
63	367424.5
64	327576.0
65	294609.0
66	249760.5
67	204370.5
68	172974.5
69	149979.0
70	121940.0
71	94886.5
72	77356.5
73	65233.5
74	51922.5
75	40343.5
76	32826.5
77	27517.5
78	21690.5
79	16540.0
80	13237.5
81	10887.0
82	8403.0
83	6039.5
84	4518.5
85	3710.0
86	2854.5
87	2060.5
88	1715.5
89	1550.5
90	1317.5
91	1178.5
92	1132.0
93	1097.5
94	1067.5
95	1103.5
96	1137.5
97	1195.0
98	1537.5
99	6918.5
100	12015.0
>>END_MODULE
>>Per base N content	pass
#Base	N-Count
1	0.10805176641169226
2	0.10377131259807393
3	0.10270713762110335
4	0.10303969230140665
5	0.10714911799372612
6	0.1129830772424756
7	0.11784312635605108
8	0.12424717934246339
9	0.12968207297484888
10	0.12427093324819934
11	0.12705964178159995
12	0.12805730582250988
13	0.1291879917355411
14	0.13258480025578206
15	0.13128308622145196
16	0.13974897822574475
17	0.13546377363097928
18	0.1327130713467562
19	0.13506470801461531
20	0.13672273063498463
21	0.12824733706839747
22	0.13430458303106488
23	0.14138324694037818
24	0.13652319782680267
25	0.13080800810673296
26	0.13855653215780003
27	0.13495068926708273
28	0.13579632831128258
29	0.14006252978145933
30	0.14144025631414445
31	0.14402468125821588
32	0.14487507108356293
33	0.139729975101156
34	0.13402428694338067
35	0.14539765700975382
36	0.04266586199263179
37	0.03999547231840849
38	0.053769196390895016
39	0.05038572942796624
40	0.045839594583570634
41	0.04930430909458293
42	0.05596582263438011
43	0.050002363105760686
44	0.04950964525572379
45	0.052839252770438855
46	0.04285682904547289
47	0.04796209250964044
48	0.052797452141699154
49	0.04746891729246859
50	0.04344791712175236
51	0.04032618936035283
52	0.048928192229748334
53	0.04687815369523557
54	0.04496540314946144
55	0.05198171148878503
56	0.046585956730641906
57	0.054240302430777196
58	0.05273479182746692
59	0.04700471053828102
60	0.04837616872337234
61	0.0449722252473692
62	0.05175040908187668
63	0.0473458356297679
64	0.04625240081733332
65	0.049045347175729705
66	0.04710428939867575
67	0.04496882601831884
68	0.05226213318434986
69	0.04396103207769027
70	0.05043551514095511
71	0.046095773631105924
72	0.044453442367832524
73	0.04186358308318033
74	0.04600647659996626
75	0.05672633827396131
>>END_MODULE
>>Sequence Length Distribution	warn
#Length	Count
35	25336.0
36	6455.0
37	9068.0
38	10302.0
39	11785.0
40	12398.0
41	12819.0
42	13997.0
43	15735.0
44	16899.0
45	19223.0
46	20334.0
47	21540.0
48	22806.0
49	23952.0
50	23501.0
51	24027.0
52	24388.0
53	25350.0
54	26981.0
55	27981.0
56	29408.0
57	31270.0
58	31846.0
59	33066.0
60	33831.0
61	33198.0
62	33267.0
63	33790.0
64	35907.0
65	37843.0
66	37927.0
67	42664.0
68	42843.0
69	52898.0
70	64603.0
71	144468.0
72	505689.0
73	1443177.0
74	4417945.0
75	1.3568653E7
>>END_MODULE
>>Sequence Duplication Levels	warn
#Total Duplicate Percentage	39.70638812188627
#Duplication Level	Relative count
1	100.0
2	26.88440163627178
3	12.091135774702977
4	6.801773171009958
5	4.148535667139295
6	2.5945664042764713
7	1.8082106944376537
8	1.3274336283185841
9	0.9990384458677619
10++	6.320181228507636
>>END_MODULE
>>Overrepresented sequences	warn
#Sequence	Count	Percentage	Possible Source
NNNNNNNNNNNNNNNNNNNNNNNNNNNNNNNNNNN	21079	0.10014171580162068	No Hit
>>END_MODULE
>>Kmer Content	fail
#Sequence	Count	Obs/Exp Overall	Obs/Exp Max	Max Obs/Exp Position
AAAAA	9323655	4.410729	10.358303	71
TTTTT	6965725	3.10965	5.4241347	71
CCTGG	3314200	3.0514126	12.511208	3
GGGGG	2784295	3.0154266	5.1332855	71
CCAGG	3111265	2.8979776	12.584057	3
CCCAG	2920050	2.740195	11.503155	2
CTGGG	2929820	2.677503	11.211465	4
CCAGC	2797570	2.6252592	6.578369	3
CAGCA	3312350	2.6142814	6.6274753	4
TGCTG	3382970	2.5894616	7.561613	2
GGAGG	2741980	2.5162625	5.469841	6
GCTGG	2744225	2.5078917	7.0067043	3
TCCAG	3157810	2.4635782	8.865079	2
CTGCT	3113535	2.4010339	6.8071113	9
GCTGC	2606305	2.3996475	5.9204893	8
CTCCA	2983570	2.3450372	6.4030538	1
AGCAG	2993245	2.344905	5.450791	7
CAGCC	2496950	2.343155	5.403494	9
CTCCT	3004950	2.3346133	6.2523117	1
CTTCT	3582965	2.3142455	5.1193323	1
CAGGA	2950910	2.3117394	9.459134	4
AGGAG	2972180	2.311133	6.728383	5
CTGGA	2970560	2.3003054	8.715335	4
GGCTG	2489285	2.274907	8.768093	7
TCCTG	2926855	2.2570736	8.793527	2
CCTGC	2421805	2.2464387	6.344067	3
GGCAG	2396580	2.2157297	6.443136	7
CTGCC	2383325	2.210745	5.949619	9
CTGCA	2807845	2.1905515	6.4561405	4
GCAGG	2366805	2.1882017	6.496297	3
CCCTG	2343070	2.173405	9.255281	2
TGCAG	2770310	2.1452382	6.582081	2
GCCTG	2322560	2.138401	7.435773	7
CAGAG	2722440	2.1327565	7.700108	4
CTCTG	2764940	2.1322112	7.839649	2
TGGAG	2700445	2.0756269	6.365926	5
AGCTG	2666300	2.0646963	6.207188	7
CAGGG	2214740	2.0476115	9.180218	4
CTGGC	2201815	2.02723	6.051458	4
GCCAG	2163820	2.015483	5.5976977	2
CAGAA	3009710	1.9978632	5.4694667	4
GGAGA	2565600	1.9949809	5.2901583	6
CCCCA	2099865	1.9852525	7.0482936	1
CAGGC	2122175	1.9766929	6.1843886	4
CTGTG	2551770	1.9532278	9.367026	9
CACAG	2471085	1.9503108	6.426407	7
GGGAG	2116410	1.9421889	5.356015	7
TTCTG	3017790	1.9347404	5.414099	2
CTCAG	2459350	1.9186718	6.336162	2
CTGAG	2444195	1.8927053	6.050786	4
CCTCT	2396250	1.8617007	6.037789	1
CCAGA	2357830	1.860924	6.8744903	3
GGCCA	1970840	1.8357326	6.848655	1
TGGGG	1998505	1.8128467	6.1901045	5
TCTGG	2366230	1.8112079	6.6758866	3
ACCTG	2297760	1.7926068	5.9513392	7
CAGTG	2305680	1.7854437	6.459548	9
CACTG	2275320	1.7751001	7.0296917	7
AGAGG	2261390	1.7584307	5.1851063	5
TGGCC	1888455	1.7387167	6.0409007	5
CCTGA	2197705	1.7145483	5.60499	3
GCCCA	1773850	1.664593	7.3912263	1
GAGAG	2124315	1.6518428	5.1096663	7
ACAGA	2466110	1.6370183	5.490434	8
TCAGG	2111020	1.6347055	5.8269157	3
GGCCT	1733885	1.5964029	5.488304	1
GGGCC	1451975	1.5960962	5.472763	6
CCTGT	2065740	1.5930161	6.097104	8
TGGGC	1718440	1.5704474	6.734733	5
AGGTG	2022855	1.554815	5.3300323	7
CTTGG	2030295	1.5540696	5.087241	3
AGCCT	1961400	1.5301942	5.1348724	6
GTGTG	1995775	1.516316	7.364188	1
TGTGT	2319625	1.4761086	6.3595123	10
CCATG	1884325	1.4700638	5.081767	9
GCTGT	1913040	1.464318	5.663797	8
CTGTC	1897820	1.463523	6.253163	9
CCTTG	1887655	1.4556842	5.0750704	2
ACAGC	1833370	1.4469924	5.197925	8
ACACA	2160860	1.44511	5.755877	6
GCCCT	1551095	1.4387779	6.450005	1
AGGCT	1852620	1.4346089	5.186162	6
GGGCT	1562085	1.4275578	6.3327427	6
CCCCT	1515235	1.4160173	5.051298	1
CACAC	1767350	1.4053092	5.900251	5
GACAG	1787145	1.4000475	6.4866433	7
AGACA	2012325	1.3357933	5.055139	6
GCTCT	1731960	1.3356184	5.2765126	1
AGGGC	1435705	1.3273641	5.7033615	5
GTCCT	1701545	1.3121635	9.408248	1
GGACA	1615835	1.2658434	5.88503	6
ACTGC	1569630	1.2245532	5.034355	8
AGGAC	1553260	1.2168223	8.67191	5
GTGCT	1585035	1.2132497	6.5412498	1
GTCCA	1523305	1.1884123	6.886483	1
TGTGC	1520895	1.1641544	6.1697493	10
GTCTT	1800135	1.1540874	5.6636157	1
AGCAC	1435435	1.1329211	5.151982	5
GTTCT	1766245	1.1323603	5.0516357	1
TGGAC	1390865	1.0770408	5.9004803	5
GTGCA	1368555	1.0597645	5.8103247	1
ACAGT	1586820	1.0411971	5.1585264	8
ACTGT	1600910	1.0383325	6.1807923	8
TGCAC	1330515	1.0380064	5.2351284	5
GACTG	1326460	1.0271676	5.8491435	7
GGACC	1077375	1.0035174	5.465175	6
AGACT	1497630	0.9826749	5.07671	6
GGACT	1204535	0.9327529	5.163211	6
TGTAG	1410900	0.9083068	5.2507815	2
TAGGA	1212270	0.7895352	5.289334	4
TCCTA	1205125	0.78747135	5.1611977	2
GTGTA	989420	0.636967	5.51682	1
>>END_MODULE
