##FastQC	0.10.1
>>Basic Statistics	pass
#Measure	Value	
Filename	KS30_S4_L001_R1_001_trimmed.fq.gz	
File type	Conventional base calls	
Encoding	Sanger / Illumina 1.9	
Total Sequences	25205233	
Filtered Sequences	0	
Sequence length	20-50	
%GC	44	
>>END_MODULE
>>Per base sequence quality	pass
#Base	Mean	Median	Lower Quartile	Upper Quartile	10th Percentile	90th Percentile
1	35.27303496857181	36.0	36.0	36.0	36.0	36.0
2	35.26384874125147	36.0	36.0	36.0	36.0	36.0
3	35.244726362973914	36.0	36.0	36.0	36.0	36.0
4	35.235610914606504	36.0	36.0	36.0	36.0	36.0
5	35.19933650286034	36.0	36.0	36.0	36.0	36.0
6	35.1772748539956	36.0	36.0	36.0	36.0	36.0
7	35.16686895931492	36.0	36.0	36.0	36.0	36.0
8	35.16450611664649	36.0	36.0	36.0	36.0	36.0
9	35.15028065798876	36.0	36.0	36.0	36.0	36.0
10	35.12885316315069	36.0	36.0	36.0	36.0	36.0
11	35.114795447437444	36.0	36.0	36.0	36.0	36.0
12	35.10530226005052	36.0	36.0	36.0	36.0	36.0
13	35.097377596152356	36.0	36.0	36.0	36.0	36.0
14	35.085975360751476	36.0	36.0	36.0	36.0	36.0
15	35.06258751902829	36.0	36.0	36.0	36.0	36.0
16	35.04696469181618	36.0	36.0	36.0	36.0	36.0
17	35.042672329194495	36.0	36.0	36.0	36.0	36.0
18	35.0177219151277	36.0	36.0	36.0	36.0	36.0
19	35.00942217038819	36.0	36.0	36.0	36.0	36.0
20	34.99594227119424	36.0	36.0	36.0	36.0	36.0
21	34.986278345340764	36.0	36.0	36.0	36.0	36.0
22	34.973472730086556	36.0	36.0	36.0	36.0	36.0
23	34.966431969593685	36.0	36.0	36.0	36.0	36.0
24	34.952463703597815	36.0	36.0	36.0	36.0	36.0
25	34.93438882654353	36.0	36.0	36.0	36.0	36.0
26	34.92696252542607	36.0	36.0	36.0	36.0	36.0
27	34.92373384137309	36.0	36.0	36.0	36.0	36.0
28	34.88711443696659	36.0	36.0	36.0	36.0	36.0
29	34.88023640935476	36.0	36.0	36.0	36.0	36.0
30	34.87062532472114	36.0	36.0	36.0	36.0	36.0
31	34.847512786934786	36.0	36.0	36.0	36.0	36.0
32	34.82927216360239	36.0	36.0	36.0	36.0	36.0
33	34.815534262387295	36.0	36.0	36.0	36.0	36.0
34	34.790462881266464	36.0	36.0	36.0	36.0	36.0
35	34.774004965124966	36.0	36.0	36.0	36.0	36.0
36	34.75524462373745	36.0	36.0	36.0	36.0	36.0
37	34.73911902963234	36.0	36.0	36.0	36.0	36.0
38	34.71939338423251	36.0	36.0	36.0	32.0	36.0
39	34.69635777089576	36.0	36.0	36.0	32.0	36.0
40	34.68197652963108	36.0	36.0	36.0	32.0	36.0
41	34.66603567364783	36.0	36.0	36.0	32.0	36.0
42	34.63931361705981	36.0	36.0	36.0	32.0	36.0
43	34.622179802737506	36.0	36.0	36.0	32.0	36.0
44	34.60078639629193	36.0	36.0	36.0	32.0	36.0
45	34.581379797888495	36.0	36.0	36.0	32.0	36.0
46	34.55732167294885	36.0	36.0	36.0	32.0	36.0
47	34.57627426844902	36.0	36.0	36.0	32.0	36.0
48	34.58954671951811	36.0	36.0	36.0	32.0	36.0
49	34.66126674583096	36.0	36.0	36.0	32.0	36.0
50	34.75695225446055	36.0	36.0	36.0	32.0	36.0
>>END_MODULE
>>Per sequence quality scores	pass
#Quality	Count
7	1.0
8	4.0
9	1.0
10	19.0
11	15.0
12	30.0
13	88.0
14	103.0
15	193.0
16	288.0
17	710.0
18	1533.0
19	3676.0
20	7910.0
21	14911.0
22	25242.0
23	40755.0
24	62582.0
25	92955.0
26	134099.0
27	185578.0
28	249548.0
29	327736.0
30	425775.0
31	558605.0
32	764008.0
33	1163787.0
34	2351701.0
35	1.1513986E7
36	7279394.0
>>END_MODULE
>>Per base sequence content	pass
#Base	G	A	T	C
1	22.40962475899281	26.931988254310298	27.510056372978536	23.148330613718358
2	22.285770691570423	26.83373825827116	27.76300716803829	23.117483882120126
3	22.364257598514403	26.92243587767504	27.561398683122146	23.151907840688416
4	22.383032960779243	26.76583112872864	27.82901257792093	23.02212333257119
5	22.683600760678935	26.708242524098136	27.422466118825056	23.18569059639787
6	22.16125048057104	27.04426490781963	27.6456204653237	23.14886414628563
7	22.13223025928771	27.061236313094106	27.7635243553793	23.043009072238885
8	22.309354045326753	26.915451864044098	27.74933109101348	23.025862999615672
9	21.978504579196496	27.098139616245987	27.899626460020222	23.023729344537298
10	22.184284538631225	27.194176144783498	27.723750622812915	22.897788693772362
11	22.553262382949562	27.238453978028648	27.47084878122172	22.737434857800075
12	22.00875356787943	27.316579700380462	27.843777719449758	22.83088901229035
13	22.065600122899156	27.12323211451459	27.942565116794665	22.868602645791587
14	22.108904725168358	26.833374781760938	28.134389874120043	22.923330618950665
15	22.001215634775917	27.088008679998964	27.958278417665266	22.95249726755985
16	22.22955175477897	27.513540326104156	27.748336651064363	22.508571268052513
17	22.29110359303649	27.279097946373206	27.62259708024546	22.807201380344846
18	22.196534466043953	27.58124653873918	27.59706151008139	22.625157485135475
19	22.192878492875163	27.42019072811251	27.835565618404186	22.551365160608146
20	22.149991454449516	27.200949482681697	27.823125874668936	22.825933188199844
21	22.217932562229663	27.34312495659102	27.840714484921193	22.59822799625812
22	22.107084627675615	27.3922822147085	27.85959892345914	22.64103423415674
23	22.238495197222065	27.152400911495274	27.747526791188882	22.861577100093783
24	22.14875359670372	27.504315725872676	27.796229560137654	22.550701117285954
25	22.15201780147963	27.46102757005633	27.72709139260412	22.659863235859916
26	22.315173859008173	27.518188770557828	27.57869929116418	22.58793807926982
27	22.080661092972694	27.595026621696256	27.766951543618934	22.557360741712117
28	22.03093118067136	27.505328340852515	27.74967031416048	22.714070164315647
29	22.21460068750781	27.35738273241069	27.82656761287686	22.60144896720463
30	22.164088254641506	27.485422580959977	27.76938484185787	22.58110432254065
31	22.271040910749875	27.493626436604142	27.708164622148452	22.527168030497535
32	22.235848716319513	27.4422444613147	27.669916557360498	22.651990265005285
33	22.142804569547806	27.401229534401338	27.78771985968149	22.668246036369364
34	22.295148509815867	27.6607535605544	27.685215438562754	22.35888249106698
35	22.27906714497018	27.45549589012945	27.601340820174375	22.664096144725992
36	22.364536523003807	27.621765087896815	27.55036681062144	22.463331578477934
37	22.13485650973875	27.528574752304063	27.716243509734777	22.620325228222406
38	22.1179801692938	27.32662499094959	27.81764422457225	22.737750615184364
39	22.0294265384452	27.515453923230147	27.835641689744133	22.61947784858052
40	22.203999174443663	27.51994575148253	27.781078654444187	22.494976419629616
41	22.379198579484964	27.556500874595198	27.632840167890926	22.431460378028913
42	22.300559512920334	27.65842273966807	27.586561397122612	22.454456350288986
43	22.263312835920722	27.67117481783089	27.638700610074622	22.426811736173764
44	22.295786808627014	27.41428567078412	27.616806150598205	22.67312136999066
45	22.141726126526855	27.500629725812566	27.783941208111656	22.57370293954893
46	22.18730180241112	27.580874642330507	27.62103321794723	22.610790337311148
47	22.15136475552814	27.5969897727631	27.703363310926953	22.54828216078181
48	22.16895153161602	27.983821900097755	27.8214037157062	22.025822852580024
49	22.241145595063262	28.31908750420789	27.96428173944009	21.475485161288756
50	21.922003795734895	28.30463342415358	28.148822200718467	21.624540579393063
>>END_MODULE
>>Per base GC content	pass
#Base	%GC
1	45.55795537271117
2	45.40325457369055
3	45.51616543920282
4	45.40515629335043
5	45.869291357076804
6	45.31011462685667
7	45.17523933152659
8	45.335217044942425
9	45.00223392373379
10	45.08207323240359
11	45.29069724074964
12	44.83964258016978
13	44.93420276869074
14	45.03223534411902
15	44.953712902335766
16	44.73812302283148
17	45.09830497338134
18	44.82169195117943
19	44.74424365348331
20	44.97592464264936
21	44.81616055848779
22	44.74811886183235
23	45.10007229731585
24	44.699454713989674
25	44.81188103733955
26	44.90311193827799
27	44.63802183468481
28	44.74500134498701
29	44.816049654712444
30	44.74519257718215
31	44.79820894124741
32	44.887838981324805
33	44.81105060591717
34	44.654031000882846
35	44.94316328969617
36	44.82786810148174
37	44.75518173796116
38	44.85573078447816
39	44.648904387025716
40	44.69897559407328
41	44.81065895751388
42	44.755015863209316
43	44.69012457209448
44	44.968908178617674
45	44.715429066075785
46	44.798092139722264
47	44.69964691630995
48	44.194774384196045
49	43.71663075635202
50	43.54654437512796
>>END_MODULE
>>Per sequence GC content	warn
#GC Content	Count
0	6756.0
1	6418.5
2	5073.5
3	4374.5
4	4817.5
5	5754.0
6	6739.5
7	8205.0
8	9801.5
9	12952.5
10	16389.5
11	22254.5
12	28265.5
13	38231.5
14	49724.0
15	68308.5
16	88309.5
17	117067.5
18	147700.5
19	187644.5
20	228183.0
21	277439.5
22	328547.0
23	389582.0
24	453189.5
25	511854.5
26	578368.5
27	653562.0
28	732794.0
29	816280.0
30	900564.5
31	986878.5
32	1076155.0
33	1162362.5
34	1250928.0
35	1327242.5
36	1397448.0
37	1454081.5
38	1499448.0
39	1526050.0
40	1548306.5
41	1554802.5
42	1557459.0
43	1542107.0
44	1521373.0
45	1486825.0
46	1451155.0
47	1414104.0
48	1375690.5
49	1339102.5
50	1305004.5
51	1274123.5
52	1240878.0
53	1208615.0
54	1177006.5
55	1145028.5
56	1109063.5
57	1066400.0
58	1020661.5
59	960496.5
60	897563.0
61	830235.5
62	761408.0
63	699585.5
64	624881.0
65	554474.5
66	488007.0
67	427186.0
68	365999.5
69	311888.5
70	264452.5
71	222521.5
72	185373.0
73	153758.5
74	124037.0
75	101789.0
76	85190.5
77	69881.0
78	55914.0
79	45127.0
80	35770.5
81	28795.5
82	23036.0
83	18723.0
84	14724.0
85	11583.5
86	8942.5
87	6978.5
88	5573.5
89	4332.0
90	3167.5
91	2482.5
92	2008.0
93	1664.5
94	1326.0
95	1141.5
96	976.0
97	865.5
98	773.0
99	1123.5
100	1481.0
>>END_MODULE
>>Per base N content	pass
#Base	N-Count
1	2.856549669665819E-4
2	5.951145145137123E-4
3	3.967430096758082E-5
4	1.3489262328977478E-4
5	0.0015115908668648292
6	0.003344543571567063
7	0.0030152468735361424
8	0.0015234931571551035
9	0.0027851359279241735
10	0.004106290150144615
11	0.004526837740400972
12	0.011656309624275244
13	0.0032889995502124497
14	0.004844232148141618
15	0.02074965940604477
16	0.005002929352011942
17	0.006649412842166545
18	0.0050267339325924905
19	0.0126164277076907
20	0.01977367160224228
21	0.007893904337394684
22	0.016783600764756712
23	0.022300955814351663
24	0.012833624973445786
25	0.018087791956114187
26	0.010992360807984405
27	0.016121229730279765
28	0.04202417775831303
29	0.015682418415491204
30	0.016813339063391983
31	0.03097028642878436
32	0.030949609099884548
33	0.015394591892750581
34	0.036491947741885855
35	0.024078203161161594
36	0.019675048277674988
37	0.0319837326911743
38	0.02466946968105946
39	0.019523352172982022
40	0.01034485974712031
41	0.02536923335613408
42	0.010557585308029926
43	0.0170790572130784
44	0.03342743695723608
45	0.014108168385538035
46	0.018515552249422407
47	0.013884833359881867
48	0.006060217691807721
49	0.004960300969955193
50	0.006353012219733848
>>END_MODULE
>>Sequence Length Distribution	warn
#Length	Count
20	21244.0
21	22523.0
22	23530.0
23	24221.0
24	24970.0
25	25885.0
26	27549.0
27	28278.0
28	30018.0
29	32535.0
30	33506.0
31	35054.0
32	36028.0
33	37160.0
34	37595.0
35	38387.0
36	39200.0
37	41702.0
38	44540.0
39	48051.0
40	51137.0
41	55242.0
42	60286.0
43	77220.0
44	124801.0
45	242536.0
46	657636.0
47	1436999.0
48	2896937.0
49	3871002.0
50	1.5079461E7
>>END_MODULE
>>Sequence Duplication Levels	warn
#Total Duplicate Percentage	39.50772086410489
#Duplication Level	Relative count
1	100.0
2	25.565946889944343
3	12.07462174998776
4	6.88357897142111
5	4.330085361275686
6	2.9125658979255413
7	2.009988738187338
8	1.4738285266611173
9	1.0943544043480389
10++	6.869705723938696
>>END_MODULE
>>Overrepresented sequences	pass
>>END_MODULE
>>Kmer Content	warn
#Sequence	Count	Obs/Exp Overall	Obs/Exp Max	Max Obs/Exp Position
AAAAA	7392170	4.2789974	5.2865047	46
TTTTT	6761305	3.6565676	4.299111	46
CCTGG	2428785	3.0633578	3.7449458	9
>>END_MODULE
