##FastQC	0.10.1
>>Basic Statistics	pass
#Measure	Value	
Filename	008-F5_S2_L002_R2_001_trimmed.fq.gz	
File type	Conventional base calls	
Encoding	Sanger / Illumina 1.9	
Total Sequences	12673705	
Filtered Sequences	0	
Sequence length	20-50	
%GC	45	
>>END_MODULE
>>Per base sequence quality	pass
#Base	Mean	Median	Lower Quartile	Upper Quartile	10th Percentile	90th Percentile
1	35.015248500734394	36.0	36.0	36.0	36.0	36.0
2	35.00544315967588	36.0	36.0	36.0	36.0	36.0
3	34.9968037760071	36.0	36.0	36.0	36.0	36.0
4	34.98691795335303	36.0	36.0	36.0	36.0	36.0
5	34.97402298696395	36.0	36.0	36.0	36.0	36.0
6	34.95509032283772	36.0	36.0	36.0	36.0	36.0
7	34.941801943472726	36.0	36.0	36.0	36.0	36.0
8	34.938387393426	36.0	36.0	36.0	36.0	36.0
9	34.921170959873216	36.0	36.0	36.0	36.0	36.0
10	34.906036790346626	36.0	36.0	36.0	36.0	36.0
11	34.900524432279276	36.0	36.0	36.0	36.0	36.0
12	34.8823304629546	36.0	36.0	36.0	36.0	36.0
13	34.87342162374775	36.0	36.0	36.0	36.0	36.0
14	34.86003816563507	36.0	36.0	36.0	36.0	36.0
15	34.85519325248615	36.0	36.0	36.0	36.0	36.0
16	34.83192736457097	36.0	36.0	36.0	36.0	36.0
17	34.82295216749956	36.0	36.0	36.0	36.0	36.0
18	34.81004938966151	36.0	36.0	36.0	36.0	36.0
19	34.79110567904176	36.0	36.0	36.0	36.0	36.0
20	34.78346568742132	36.0	36.0	36.0	36.0	36.0
21	34.780135784153885	36.0	36.0	36.0	36.0	36.0
22	34.771675067765386	36.0	36.0	36.0	36.0	36.0
23	34.75941335328638	36.0	36.0	36.0	36.0	36.0
24	34.74738739089437	36.0	36.0	36.0	36.0	36.0
25	34.73274711226816	36.0	36.0	36.0	36.0	36.0
26	34.715504557716564	36.0	36.0	36.0	36.0	36.0
27	34.70466358110282	36.0	36.0	36.0	36.0	36.0
28	34.70434694027598	36.0	36.0	36.0	36.0	36.0
29	34.69151319527081	36.0	36.0	36.0	36.0	36.0
30	34.667910394321126	36.0	36.0	36.0	36.0	36.0
31	34.650817380892185	36.0	36.0	36.0	36.0	36.0
32	34.64919324834332	36.0	36.0	36.0	36.0	36.0
33	34.62209145395439	36.0	36.0	36.0	32.0	36.0
34	34.60538635206711	36.0	36.0	36.0	32.0	36.0
35	34.58165236128828	36.0	36.0	36.0	32.0	36.0
36	34.56335249058583	36.0	36.0	36.0	32.0	36.0
37	34.5582896666086	36.0	36.0	36.0	32.0	36.0
38	34.55203531753412	36.0	36.0	36.0	32.0	36.0
39	34.530674263778025	36.0	36.0	36.0	32.0	36.0
40	34.524496332874634	36.0	36.0	36.0	32.0	36.0
41	34.4985697955776	36.0	36.0	36.0	32.0	36.0
42	34.479083874099054	36.0	36.0	36.0	32.0	36.0
43	34.46764838214476	36.0	36.0	36.0	32.0	36.0
44	34.45039534039138	36.0	36.0	36.0	32.0	36.0
45	34.44811258280047	36.0	36.0	36.0	32.0	36.0
46	34.44391315561859	36.0	36.0	36.0	32.0	36.0
47	34.44759011245184	36.0	36.0	36.0	32.0	36.0
48	34.47593170010664	36.0	36.0	36.0	32.0	36.0
49	34.54444032579347	36.0	36.0	36.0	32.0	36.0
50	34.67993687653268	36.0	36.0	36.0	32.0	36.0
>>END_MODULE
>>Per sequence quality scores	pass
#Quality	Count
2	1.0
3	0.0
4	1.0
5	0.0
6	8.0
7	12.0
8	16.0
9	19.0
10	28.0
11	28.0
12	50.0
13	59.0
14	1007.0
15	1887.0
16	3151.0
17	5422.0
18	9036.0
19	13232.0
20	19462.0
21	26587.0
22	35173.0
23	45712.0
24	59361.0
25	75975.0
26	96691.0
27	120651.0
28	149668.0
29	182228.0
30	224715.0
31	282938.0
32	372193.0
33	541726.0
34	1035573.0
35	5102439.0
36	4268656.0
>>END_MODULE
>>Per base sequence content	pass
#Base	G	A	T	C
1	22.62223152274554	26.585722129085475	27.3463081946185	23.445738153550483
2	22.682855312667822	26.570740593389402	27.55590120287265	23.19050289107012
3	22.574823295937634	26.665654017095363	27.46863515222293	23.290887534744073
4	22.730537633203802	26.346773696569247	27.737874687049818	23.18481398317713
5	22.824425963009322	26.426233187076477	27.349619328693493	23.399721521220712
6	22.352035382001155	26.856520549990382	27.539707928676048	23.25173613933241
7	22.439953241861318	26.846175539976176	27.52767051893675	23.186200699225765
8	22.539446238397804	26.755154220631905	27.489671200201883	23.215728340768408
9	22.312949272700514	26.886143412955466	27.65762101042685	23.14328630391716
10	22.42402483063476	26.94007877342914	27.50227155172924	23.133624844206864
11	22.880092629634696	26.895805706279656	27.268708792192953	22.95539287189269
12	22.269919945258263	27.051276507638722	27.63676597023292	23.0420375768701
13	22.421104960604758	26.862860366847237	27.770825031464902	22.945209641083103
14	22.46674827734606	26.63390350865426	27.88203558728521	23.017312626714467
15	22.331679221378508	26.925098776428495	27.776187352955844	22.967034649237153
16	22.44830322985168	27.235800777757664	27.66106450313197	22.654831489258683
17	22.559656403106136	26.985454892649642	27.37282204120732	23.082066663036898
18	22.432546092572856	27.36445474243566	27.386077683018268	22.816921481973214
19	22.547722004821363	27.173472837448937	27.572464877494607	22.70634028023509
20	22.66581386114671	26.820454736128962	27.564097150691413	22.94963425203292
21	22.595835379431723	27.056475947792652	27.614870312697526	22.7328183600781
22	22.43085790001713	27.23024324035576	27.628005102882636	22.710893756744472
23	22.554341788499116	26.986185658681165	27.51986029497868	22.939612257841034
24	22.398117414399493	27.36058906526941	27.581858867326194	22.659434653004908
25	22.509470887889204	27.23436610545116	27.439195141630123	22.816967865029515
26	22.57492709872915	27.250119362159058	27.351862525227737	22.823091013884053
27	22.50733672979412	27.320285427113987	27.531905689976316	22.640472153115574
28	22.37080764981275	27.31293823710506	27.422384854741637	22.893869258340548
29	22.6197813867972	27.12681266846897	27.494119732500486	22.75928621223334
30	22.482575341872778	27.391573716059398	27.43880760529274	22.687043336775083
31	22.53053044950608	27.361235604558548	27.431845995256367	22.676387950679004
32	22.552582195272755	27.347295804718314	27.3126323607576	22.787489639251334
33	22.401334220982466	27.237757501838445	27.5551085719689	22.805799705210188
34	22.55180683020597	27.531809135033207	27.396526492597562	22.519857542163262
35	22.579490490193425	27.197676845150077	27.36263723944065	22.860195425215846
36	22.606962211908833	27.468377861022024	27.261910452300285	22.662749474768855
37	22.475471893310637	27.411230017009775	27.33219324394628	22.78110484573331
38	22.490546220768945	27.27915781059909	27.332066956898714	22.89822901173325
39	22.368949778460696	27.409317497116014	27.42155136022344	22.800181364199847
40	22.492094866925786	27.38351984331111	27.467861717113674	22.65652357264943
41	22.69332151022898	27.35209927524155	27.315343552335847	22.639235662193627
42	22.623742617237465	27.499224360890402	27.329297360978146	22.547735660893984
43	22.6569816959386	27.552383052824105	27.231765464006568	22.55886978723072
44	22.645395954164783	27.28229785810403	27.186229437226967	22.88607675050422
45	22.468986964929805	27.5151928196397	27.35633456516141	22.659485650269083
46	22.52863490241416	27.644061056955472	27.176152696932537	22.651151343697826
47	22.597194103666887	27.517901483499724	27.209777273747697	22.675127139085692
48	22.56992743220523	27.885793735322036	27.380557527800313	22.16372130467242
49	22.778295949944848	28.106401257854756	27.43604229910888	21.679260493091512
50	22.764925238573472	27.82652991022614	27.478521966936846	21.93002288426354
>>END_MODULE
>>Per base GC content	pass
#Base	%GC
1	46.06796967629602
2	45.87335820373794
3	45.86571083068171
4	45.91535161638093
5	46.22414748423003
6	45.60377152133357
7	45.62615394108708
8	45.755174579166216
9	45.45623557661768
10	45.55764967484162
11	45.83548550152739
12	45.31195752212837
13	45.36631460168786
14	45.48406090406053
15	45.298713870615664
16	45.10313471911036
17	45.64172306614303
18	45.249467574546074
19	45.254062285056456
20	45.615448113179625
21	45.328653739509825
22	45.141751656761606
23	45.49395404634014
24	45.0575520674044
25	45.32643875291872
26	45.3980181126132
27	45.14780888290969
28	45.2646769081533
29	45.37906759903054
30	45.16961867864786
31	45.20691840018509
32	45.34007183452409
33	45.207133926192654
34	45.07166437236923
35	45.43968591540927
36	45.26971168667769
37	45.25657673904394
38	45.38877523250219
39	45.16913114266055
40	45.148618439575216
41	45.33255717242261
42	45.17147827813145
43	45.215851483169324
44	45.531472704669
45	45.12847261519889
46	45.179786246111995
47	45.272321242752575
48	44.733648736877655
49	44.45755644303636
50	44.694948122837005
>>END_MODULE
>>Per sequence GC content	warn
#GC Content	Count
0	4436.0
1	3516.5
2	2434.5
3	2550.5
4	2858.5
5	3186.0
6	3588.5
7	4249.0
8	4885.5
9	5999.5
10	7269.0
11	9434.5
12	11665.5
13	15475.0
14	19981.0
15	27438.5
16	35453.0
17	47392.0
18	60411.5
19	77673.5
20	95240.0
21	116674.0
22	138730.5
23	165647.0
24	194394.0
25	222023.5
26	253857.5
27	291606.5
28	331119.5
29	373402.5
30	416731.0
31	462920.5
32	512222.5
33	562523.0
34	612543.5
35	656291.5
36	697071.5
37	727345.5
38	751260.5
39	767542.0
40	782191.0
41	791598.5
42	800158.5
43	799405.0
44	794042.5
45	780087.0
46	766269.5
47	749944.0
48	732014.5
49	711796.5
50	692785.5
51	677163.0
52	659011.5
53	639715.5
54	621498.5
55	601549.0
56	579087.0
57	551984.5
58	523511.5
59	489205.5
60	453618.5
61	416482.0
62	379006.5
63	346280.5
64	308280.5
65	273446.0
66	239730.0
67	208450.5
68	177649.5
69	150589.5
70	127458.0
71	107572.0
72	89580.5
73	74153.5
74	59827.0
75	49434.5
76	41662.5
77	34253.5
78	27433.5
79	22223.0
80	17606.5
81	14097.5
82	11211.0
83	9228.0
84	7315.5
85	5749.0
86	4463.5
87	3574.0
88	2923.5
89	2372.5
90	1831.5
91	1513.5
92	1285.0
93	1208.0
94	1152.5
95	1141.0
96	1131.0
97	1342.5
98	1956.5
99	6690.5
100	11025.0
>>END_MODULE
>>Per base N content	pass
#Base	N-Count
1	0.004600075510673477
2	0.004284461410455743
3	0.005365439703701483
4	0.0028563076069704953
5	0.004473829870586384
6	0.008261199073199194
7	0.006556882932023429
8	0.006998742672328257
9	0.008995001856205427
10	0.005128729128538182
11	0.0034638647498896336
12	0.0029746628945521458
13	0.00674625139215407
14	0.004158215770368649
15	0.005057715955989191
16	0.006809374212197618
17	0.005641602041392
18	0.01560711725576696
19	0.01398959499215107
20	0.026574707238333228
21	0.010603449160685285
22	0.01947496905534075
23	0.009036743255767032
24	0.010958233858679767
25	0.012408261415699484
26	0.007822127204906685
27	0.023447916118015045
28	0.010671157021788056
29	0.013686292375447587
30	0.007033662599979057
31	0.015142731194297092
32	0.006292622247346631
33	0.0061650331458375325
34	0.012210414468005757
35	0.0037154747119506164
36	0.012052638032175492
37	0.014455856272167151
38	0.007472848382743689
39	0.014488339223753786
40	0.008864557553220648
41	0.009626920429053236
42	0.012300050197502157
43	0.005495070490943092
44	0.0033111883341126044
45	0.002960564380342804
46	0.01608702008714341
47	0.02166848345942583
48	0.005638276037081305
49	0.0022707480138313783
50	0.008768626678712994
>>END_MODULE
>>Sequence Length Distribution	warn
#Length	Count
20	8015.0
21	8417.0
22	8911.0
23	9464.0
24	10215.0
25	10632.0
26	11387.0
27	11966.0
28	12766.0
29	13800.0
30	14254.0
31	15385.0
32	16257.0
33	16518.0
34	17408.0
35	18011.0
36	18598.0
37	20029.0
38	21692.0
39	23575.0
40	25235.0
41	27887.0
42	31348.0
43	40476.0
44	67838.0
45	127993.0
46	338919.0
47	730440.0
48	1483985.0
49	1996854.0
50	7515430.0
>>END_MODULE
>>Sequence Duplication Levels	warn
#Total Duplicate Percentage	34.038040503557745
#Duplication Level	Relative count
1	100.0
2	23.354127461585193
3	9.08767614503534
4	4.505312134188807
5	2.6360632418095338
6	1.6010490909360322
7	1.132069880125061
8	0.7927452694593032
9	0.5786299583623513
10++	4.48901269874198
>>END_MODULE
>>Overrepresented sequences	pass
>>END_MODULE
>>Kmer Content	warn
#Sequence	Count	Obs/Exp Overall	Obs/Exp Max	Max Obs/Exp Position
AAAAA	3665090	4.3660793	5.5799556	46
TTTTT	2898140	3.2699733	3.8141003	13
GGGGG	1057480	3.2101345	4.1636424	46
>>END_MODULE
