##FastQC	0.10.1
>>Basic Statistics	pass
#Measure	Value	
Filename	001-F0_S3_L001_R2_001.fastq.gz	
File type	Conventional base calls	
Encoding	Sanger / Illumina 1.9	
Total Sequences	22236452	
Filtered Sequences	0	
Sequence length	35-76	
%GC	45	
>>END_MODULE
>>Per base sequence quality	pass
#Base	Mean	Median	Lower Quartile	Upper Quartile	10th Percentile	90th Percentile
1	31.324375714255133	32.0	32.0	32.0	32.0	32.0
2	31.14505452578496	32.0	32.0	32.0	32.0	32.0
3	31.19267534227133	32.0	32.0	32.0	32.0	32.0
4	31.21999341441701	32.0	32.0	32.0	32.0	32.0
5	31.200395953455164	32.0	32.0	32.0	32.0	32.0
6	34.879583487509606	36.0	36.0	36.0	36.0	36.0
7	34.860883247021604	36.0	36.0	36.0	36.0	36.0
8	34.78268475564357	36.0	36.0	36.0	36.0	36.0
9	34.896703664775295	36.0	36.0	36.0	36.0	36.0
10-14	34.78835521961867	36.0	36.0	36.0	33.6	36.0
15-19	34.700027792203535	36.0	36.0	36.0	32.0	36.0
20-24	34.62537599973233	36.0	36.0	36.0	32.0	36.0
25-29	34.5472816886435	36.0	36.0	36.0	32.0	36.0
30-34	34.467494994255375	36.0	36.0	36.0	32.0	36.0
35-39	34.45615772012224	36.0	36.0	36.0	32.0	36.0
40-44	34.37415695909353	36.0	36.0	36.0	32.0	36.0
45-49	34.23003021671779	36.0	36.0	36.0	32.0	36.0
50-54	34.060363032441984	36.0	36.0	36.0	32.0	36.0
55-59	33.88220705571342	36.0	36.0	36.0	32.0	36.0
60-64	33.74087875909375	36.0	36.0	36.0	27.0	36.0
65-69	33.61938489654041	36.0	36.0	36.0	27.0	36.0
70-74	33.48189759772579	36.0	36.0	36.0	27.0	36.0
75-76	32.47906969752185	36.0	34.0	36.0	20.5	36.0
>>END_MODULE
>>Per sequence quality scores	pass
#Quality	Count
2	72423.0
3	168.0
4	2624.0
5	4108.0
6	1685.0
7	741.0
8	267.0
9	229.0
10	185.0
11	117.0
12	191.0
13	277.0
14	2318.0
15	7718.0
16	10435.0
17	12035.0
18	14688.0
19	19375.0
20	26420.0
21	38383.0
22	55251.0
23	79542.0
24	113531.0
25	159882.0
26	217480.0
27	284894.0
28	364646.0
29	456167.0
30	568752.0
31	726872.0
32	981744.0
33	1501175.0
34	3268665.0
35	1.3243464E7
>>END_MODULE
>>Per base sequence content	fail
#Base	G	A	T	C
1	42.53141947112356	18.76790073459357	12.821449985678282	25.87922980860458
2	16.265266432380905	19.04205228620129	38.64445905255097	26.048222228866834
3	19.84728025891977	21.25366125890673	28.412903407475852	30.486155074697646
4	13.649927837792134	14.993898201205596	36.26481662389151	35.09135733711076
5	15.351229966202373	34.40896882117262	34.882399070600265	15.357402142024743
6	33.85188985492939	34.95651509299109	16.89312578920575	14.29846926287376
7	29.814072246576295	29.3481801326179	21.136488711334273	19.701258909471527
8	25.727332331882902	35.52289836421239	20.32968446189036	18.42008484201435
9	24.705961730920464	16.53548729949013	20.715917694061737	38.04263327552767
10-14	24.136045796032253	23.249055160539832	28.36895510567201	24.245943937755897
15-19	22.518850230921892	28.206815478994045	26.40854661239572	22.865787677688335
20-24	22.62158785576057	26.90260704902437	27.639621978826025	22.836183116389037
25-29	22.49132273377161	27.01061622068633	27.4949839587718	23.00307708677026
30-34	22.533625927771922	27.019293422861008	27.589020224777293	22.85806042458977
35-39	22.602632462371083	27.228910387097784	27.40588410821691	22.762573042314227
40-44	22.701568767520424	27.14974973655951	27.438602853709238	22.710078642210828
45-49	22.70399279981863	27.285975309724375	27.220101065636136	22.789930824820857
50-54	22.665068294785325	27.42461460527404	27.22102734382874	22.689289756111897
55-59	22.717205589814107	27.34000848602751	27.087075907289094	22.855710016869292
60-64	22.82578617169488	27.366729201561846	27.10367227793672	22.703812348806558
65-69	22.87029687042662	27.55199653670011	27.000417612543366	22.577288980329907
70-74	23.15082231195793	27.776764957850908	26.975407444673195	22.09700528551797
75-76	27.11957968125422	35.09281852207858	27.91135048803241	9.87625130863479
>>END_MODULE
>>Per base GC content	fail
#Base	%GC
1	68.41064927972815
2	42.31348866124773
3	50.333435333617416
4	48.74128517490289
5	30.708632108227118
6	48.150359117803156
7	49.51533115604783
8	44.14741717389725
9	62.74859500644814
10-14	48.38198973378815
15-19	45.38463790861022
20-24	45.45777097214961
25-29	45.49439982054187
30-34	45.391686352361695
35-39	45.365205504685306
40-44	45.41164740973125
45-49	45.493923624639486
50-54	45.35435805089722
55-59	45.5729156066834
60-64	45.52959852050144
65-69	45.447585850756525
70-74	45.2478275974759
75-76	36.995830989889015
>>END_MODULE
>>Per sequence GC content	warn
#GC Content	Count
0	72553.0
1	36587.5
2	1021.5
3	1850.5
4	2287.0
5	2489.5
6	2667.0
7	2592.5
8	2566.0
9	2591.5
10	3091.5
11	4355.5
12	5185.0
13	6286.0
14	8960.0
15	13186.0
16	19634.0
17	24676.0
18	32220.5
19	46754.5
20	65180.5
21	79189.5
22	98685.0
23	132429.5
24	168514.0
25	193578.0
26	226599.0
27	279119.0
28	331594.5
29	369094.0
30	415258.0
31	487515.5
32	560017.0
33	610001.0
34	672673.5
35	764982.5
36	844420.5
37	893660.0
38	933546.0
39	972220.5
40	984506.5
41	986933.0
42	995862.5
43	999592.5
44	991798.0
45	979105.0
46	970554.0
47	955708.5
48	930744.5
49	903740.5
50	884061.5
51	863030.0
52	830053.5
53	796771.0
54	777292.5
55	756147.5
56	725549.5
57	695018.5
58	665745.5
59	627112.0
60	573323.5
61	512246.0
62	463968.0
63	418506.0
64	360691.5
65	307985.5
66	255867.5
67	217906.0
68	187734.5
69	152237.5
70	119386.5
71	96889.5
72	80569.5
73	64316.5
74	49831.5
75	39807.0
76	33468.0
77	26802.5
78	20426.5
79	16375.0
80	14023.5
81	11185.5
82	8181.0
83	6385.5
84	5289.0
85	4178.0
86	3217.5
87	2650.0
88	2347.0
89	2030.5
90	1720.0
91	1528.5
92	1463.0
93	1404.0
94	1280.5
95	1195.0
96	1182.5
97	1201.0
98	1410.5
99	13074.0
100	24549.0
>>END_MODULE
>>Per base N content	pass
#Base	N-Count
1	0.5696727157731818
2	0.43414300087082236
3	0.34350354094259283
4	0.32602323428215974
5	0.32590181203368235
6	0.3262885643806845
7	0.3300031857600304
8	0.3384622690706233
9	0.3547193590056543
10-14	0.37257382607621037
15-19	0.3854724665607625
20-24	0.3909859360656997
25-29	0.38772102671775155
30-34	0.392168678708276
35-39	0.14172208870284672
40-44	0.07139537568706313
45-49	0.06710244528739619
50-54	0.07445913848811357
55-59	0.0753573927924979
60-64	0.07061768688396682
65-69	0.05926412022285273
70-74	0.06025074609224524
75-76	0.07255358484035165
>>END_MODULE
>>Sequence Length Distribution	warn
#Length	Count
35	93520.0
36	30121.0
37	38346.0
38	40864.0
39	44059.0
40	43849.0
41	46407.0
42	49270.0
43	54073.0
44	57631.0
45	61715.0
46	62267.0
47	64570.0
48	65633.0
49	67869.0
50	67062.0
51	69569.0
52	70588.0
53	73263.0
54	76645.0
55	78853.0
56	80727.0
57	81535.0
58	82258.0
59	82774.0
60	84953.0
61	82746.0
62	85435.0
63	85483.0
64	90521.0
65	91302.0
66	93211.0
67	95083.0
68	93754.0
69	99440.0
70	101217.0
71	117363.0
72	198997.0
73	540950.0
74	1412270.0
75	4396753.0
76	1.2983506E7
>>END_MODULE
>>Sequence Duplication Levels	warn
#Total Duplicate Percentage	31.660857184937903
#Duplication Level	Relative count
1	100.0
2	20.477011494252874
3	8.288793103448276
4	4.163793103448276
5	2.4389367816091956
6	1.5416666666666667
7	1.055316091954023
8	0.7341954022988506
9	0.5567528735632183
10++	4.421695402298851
>>END_MODULE
>>Overrepresented sequences	warn
#Sequence	Count	Percentage	Possible Source
NNNNNNNNNNNNNNNNNNNNNNNNNNNNNNNNNNN	72422	0.3256904473789254	No Hit
GGGGGGGGGGGGGGGGGGGGGGGGGGGGGGGGGGGGGGGGGGGGGGGGGG	24506	0.11020643041434848	No Hit
>>END_MODULE
>>Kmer Content	warn
#Sequence	Count	Obs/Exp Overall	Obs/Exp Max	Max Obs/Exp Position
GGGGG	3816005	3.7785618	6.977215	72
AAAAA	8186370	3.7759583	7.7218113	72
TTTTT	7418225	3.3023036	5.7471786	72
CCTGG	3452870	2.979229	11.376449	3
CCAGG	3336925	2.8997054	11.701222	3
CCCAG	3154330	2.7716455	9.898405	2
CTGGG	3103390	2.6481156	9.360137	4
CAGCA	3449020	2.5724492	6.915444	4
CCAGC	2918285	2.5642376	6.3834324	3
TGCTG	3458530	2.5150814	7.0272274	2
GGAGG	2928680	2.4890473	5.6219397	6
GCTGG	2842645	2.4256225	5.675861	3
TCCAG	3258010	2.4127913	9.691136	2
CTCCA	3114495	2.3322659	7.3577003	1
CTCCT	3119235	2.3192883	6.9770684	1
CAGCC	2630000	2.3109274	5.2110333	9
AGGAG	3143280	2.2929149	6.739436	5
CAGGA	3107960	2.2924688	9.526847	4
CTGCT	3114940	2.2905154	6.336455	9
AGCAG	3082665	2.2738109	5.0866523	7
CTGGA	3083700	2.2584805	8.698926	4
TCCTG	3053100	2.2450426	9.461206	2
GGCTG	2620965	2.2364635	7.4590664	7
GCTGC	2567320	2.2151525	5.2741895	8
CCTGC	2515145	2.1943696	6.136424	3
CAGAG	2962865	2.1854448	6.837283	4
CTGCC	2498605	2.179939	5.6265965	9
GGCAG	2532995	2.1768007	5.511101	7
CTTCT	3467030	2.1727061	5.1463075	1
CTCTG	2948510	2.1681342	7.066509	2
CTGCA	2922950	2.164655	6.3791943	4
CCCTG	2476795	2.1609108	8.248136	2
GCAGG	2504395	2.1522224	5.9195795	3
TGCAG	2900840	2.124555	6.410106	2
CACAG	2803380	2.090899	7.3355603	7
GCCTG	2417275	2.0856898	5.9937205	7
TGGAG	2867210	2.0767329	6.3277807	5
CAGGG	2409075	2.0703065	8.032557	4
CTGTG	2814910	2.0470335	8.661214	9
AGCTG	2760260	2.0215952	5.4957643	7
CCCCA	2256745	2.0051005	5.92725	1
CAGGC	2289080	1.989154	5.4458895	4
GGAGA	2688095	1.960873	5.397592	6
CAGAA	3069745	1.9434524	5.231015	4
CTCAG	2619170	1.9396842	5.630179	2
CTGAG	2607150	1.9094584	5.251164	4
TTCTG	3020775	1.8721417	5.319376	2
CCAGA	2490885	1.8578248	6.2770724	3
CAGTG	2536325	1.8575869	6.2333446	9
CCTCT	2498040	1.8574024	5.206902	1
CACTG	2498450	1.8502822	7.5462217	7
GGCCA	2089020	1.8153069	5.1739154	1
TGGGG	2143780	1.8090796	5.2661114	5
TCTGG	2457570	1.7871717	5.9927125	3
GTGTG	2407025	1.7310833	7.6634755	1
ACACA	2667020	1.707344	6.5292544	6
GAGAG	2325085	1.6960697	5.3044925	7
ACAGA	2674390	1.6931537	5.861295	8
CCTGA	2285375	1.6924849	5.3340106	3
CACAC	2232220	1.6834924	6.5399976	5
GCCCA	1905225	1.6740824	5.9376183	1
TGTGT	2720785	1.6675982	6.340301	10
TCAGG	2220660	1.6263958	5.3660245	3
CCTGT	2196855	1.6154181	5.137376	8
TGGGC	1834200	1.5651187	5.5955343	5
ACAGC	2029400	1.5136267	5.7118926	8
GCTGT	2059290	1.4975383	5.2149677	8
CTGTC	2005970	1.4750541	5.737126	9
GACAG	1955260	1.4422233	6.6085405	7
GCCCT	1623880	1.4167744	5.1553674	1
GGGCT	1633695	1.3940283	5.264659	6
AGACA	2188850	1.3857586	5.1310287	6
GTCCT	1804005	1.326543	9.267895	1
GGACA	1767710	1.3038841	6.0349603	6
AGGAC	1709550	1.2609847	8.639928	5
GTGCT	1729745	1.2578897	6.1488376	1
ACTGC	1679440	1.2437465	5.2049823	8
TGTGC	1707370	1.2416183	5.9745736	10
AGCAC	1626975	1.2134782	5.533226	5
GTCCA	1624735	1.2032334	6.7076526	1
GTCTT	1818785	1.1272019	5.5029616	1
GTGCA	1532155	1.1221397	5.60984	1
ACAGT	1774420	1.1154351	5.516264	8
TGGAC	1513810	1.108704	5.765213	5
TGCAC	1487260	1.1014231	5.2323194	5
ACTGT	1749960	1.0922756	6.372401	8
GACTG	1425155	1.0437737	5.7483354	7
GGACC	1166650	1.01379	5.175039	6
ACACT	1585560	1.0078449	5.059501	6
CTACA	1534665	0.9754938	5.402567	4
TGTAG	1552440	0.95828754	5.537404	2
GGACT	1290615	0.94523746	5.027368	6
TCCTA	1313580	0.8290557	5.818182	2
TAGGA	1319450	0.82027155	5.6155868	4
GTGTA	1151435	0.7107558	5.9011474	1
TACAC	1090550	0.6931967	5.038108	5
>>END_MODULE
