##FastQC	0.10.1
>>Basic Statistics	pass
#Measure	Value	
Filename	029-F5_S4_L003_R1_001_trimmed.fq.gz	
File type	Conventional base calls	
Encoding	Sanger / Illumina 1.9	
Total Sequences	25336595	
Filtered Sequences	0	
Sequence length	20-51	
%GC	45	
>>END_MODULE
>>Per base sequence quality	pass
#Base	Mean	Median	Lower Quartile	Upper Quartile	10th Percentile	90th Percentile
1	35.13442788977761	36.0	36.0	36.0	36.0	36.0
2	35.124285406148694	36.0	36.0	36.0	36.0	36.0
3	35.10915472264525	36.0	36.0	36.0	36.0	36.0
4	35.09287104285323	36.0	36.0	36.0	36.0	36.0
5	35.07249340331643	36.0	36.0	36.0	36.0	36.0
6	35.02692109969789	36.0	36.0	36.0	36.0	36.0
7	35.007633267216846	36.0	36.0	36.0	36.0	36.0
8	35.00585050990475	36.0	36.0	36.0	36.0	36.0
9	34.98280960799981	36.0	36.0	36.0	36.0	36.0
10	34.96380219994044	36.0	36.0	36.0	36.0	36.0
11	34.95302375871738	36.0	36.0	36.0	36.0	36.0
12	34.93855926575769	36.0	36.0	36.0	36.0	36.0
13	34.93318198439846	36.0	36.0	36.0	36.0	36.0
14	34.92111694566693	36.0	36.0	36.0	36.0	36.0
15	34.8929201417949	36.0	36.0	36.0	36.0	36.0
16	34.876321976177145	36.0	36.0	36.0	36.0	36.0
17	34.878056502856836	36.0	36.0	36.0	36.0	36.0
18	34.863664513720174	36.0	36.0	36.0	36.0	36.0
19	34.84838002107229	36.0	36.0	36.0	36.0	36.0
20	34.84782801319593	36.0	36.0	36.0	36.0	36.0
21	34.83425776513619	36.0	36.0	36.0	36.0	36.0
22	34.817215805384414	36.0	36.0	36.0	36.0	36.0
23	34.80881962435028	36.0	36.0	36.0	36.0	36.0
24	34.78848333910521	36.0	36.0	36.0	36.0	36.0
25	34.77248813707627	36.0	36.0	36.0	36.0	36.0
26	34.75655817051531	36.0	36.0	36.0	36.0	36.0
27	34.7434828460725	36.0	36.0	36.0	36.0	36.0
28	34.72114513845052	36.0	36.0	36.0	32.0	36.0
29	34.70162461035974	36.0	36.0	36.0	32.0	36.0
30	34.6791315537901	36.0	36.0	36.0	32.0	36.0
31	34.66512642229685	36.0	36.0	36.0	32.0	36.0
32	34.64967838992496	36.0	36.0	36.0	32.0	36.0
33	34.60732627617613	36.0	36.0	36.0	32.0	36.0
34	34.57950317424386	36.0	36.0	36.0	32.0	36.0
35	34.5506234824842	36.0	36.0	36.0	32.0	36.0
36	34.51995858895945	36.0	36.0	36.0	32.0	36.0
37	34.50685815027502	36.0	36.0	36.0	32.0	36.0
38	34.48062263251763	36.0	36.0	36.0	32.0	36.0
39	34.45184968033408	36.0	36.0	36.0	32.0	36.0
40	34.4282265690506	36.0	36.0	36.0	32.0	36.0
41	34.40222889521407	36.0	36.0	36.0	32.0	36.0
42	34.36565740428157	36.0	36.0	36.0	32.0	36.0
43	34.32896353807139	36.0	36.0	36.0	32.0	36.0
44	34.30860506837537	36.0	36.0	36.0	32.0	36.0
45	34.29817788366809	36.0	36.0	36.0	32.0	36.0
46	34.28291005153844	36.0	36.0	36.0	32.0	36.0
47	34.28225546746117	36.0	36.0	36.0	32.0	36.0
48	34.29699351343276	36.0	36.0	36.0	32.0	36.0
49	34.32234111647784	36.0	36.0	36.0	32.0	36.0
50	34.425020223374915	36.0	36.0	36.0	32.0	36.0
51	34.527411859958185	36.0	36.0	36.0	32.0	36.0
>>END_MODULE
>>Per sequence quality scores	pass
#Quality	Count
14	4.0
15	51.0
16	196.0
17	641.0
18	1606.0
19	3939.0
20	8564.0
21	16854.0
22	29408.0
23	47248.0
24	74374.0
25	110741.0
26	160126.0
27	222324.0
28	298282.0
29	390838.0
30	505223.0
31	658597.0
32	902903.0
33	1390828.0
34	2873237.0
35	1.2575598E7
36	5065013.0
>>END_MODULE
>>Per base sequence content	pass
#Base	G	A	T	C
1	22.72722016165188	26.620263411026478	27.19382789047666	23.458688536844985
2	22.592328766734006	26.52351868511999	27.46682286771323	23.417329680432772
3	22.640640005506675	26.607177335872173	27.2915132978736	23.46066936074756
4	22.760209268357624	26.49195746067634	27.456405418546385	23.291427852419652
5	22.94367532459331	26.499669249520057	27.062769968172173	23.49388545771446
6	22.530119678276638	26.814499282981803	27.23882533659281	23.41655570214875
7	22.567282064462837	26.78273828600731	27.26962999403537	23.380349655494484
8	22.711979348820666	26.595821477638566	27.291065692090438	23.401133481450334
9	22.4519422272624	26.77042405017626	27.4585565404182	23.31907718214314
10	22.63818071245251	26.824670442718855	27.28139951171086	23.255749333117777
11	22.94772833749535	26.839616218475555	27.056775084276346	23.15588035975275
12	22.417023415678567	26.906560880847163	27.449338535370245	23.227077168104024
13	22.59312837403841	26.73954525171178	27.48098611022416	23.18634026402565
14	22.598154951241582	26.460330086061308	27.640232819067357	23.301282143629752
15	22.520736165708534	26.769366073826966	27.439594476092694	23.270303284371803
16	22.71673735510607	27.162127575186005	27.213939974983525	22.907195094724404
17	22.838461787125965	26.836966011401696	27.087244781984253	23.237327419488082
18	22.722161377202163	27.09469835772125	27.131938193949644	23.05120207112694
19	22.75310868328126	26.933879531891165	27.30820286274235	23.00480892208523
20	22.744371370525606	26.682299407790634	27.2931343411769	23.280194880506862
21	22.74209622209878	26.88596000903053	27.31705737196698	23.054886396903708
22	22.668819596682244	26.89217089641468	27.34950078109754	23.08950872580554
23	22.78324201911857	26.663826150567843	27.220152782760792	23.332779047552794
24	22.67830644538137	27.03244451507505	27.296813243121747	22.992435796421834
25	22.73188045997838	26.976023506447543	27.175262724139138	23.11683330943494
26	22.82318766563025	27.054542417428895	27.03876139992691	23.083508517013946
27	22.655829955622487	27.103502138771844	27.23972268059405	23.000945225011616
28	22.61593641027823	26.992753805000056	27.186360349116423	23.20494943560529
29	22.76627440789469	26.84204560238094	27.28768110871233	23.10399888101204
30	22.734907634166802	26.98001158783611	27.21643587949715	23.068644898499933
31	22.82374953171928	26.970109877202255	27.14302286196836	23.063117729110107
32	22.78015579613025	26.930168594396676	27.12581111624448	23.1638644932286
33	22.659901673931422	26.921341951502846	27.28106502269556	23.13769135187017
34	22.847869987302683	27.172662712673944	27.109955178021444	22.869512122001925
35	22.834936223758305	26.961917182226703	27.053041292225533	23.150105301789456
36	22.949287359486746	27.135285807337766	26.97269085841026	22.94273597476523
37	22.715605583696053	26.97581530862909	27.188944282143858	23.119634825530994
38	22.700557421992304	26.80650230606077	27.200606096395784	23.292334175551137
39	22.585487050376983	26.979069819426382	27.265440985931466	23.17000214426517
40	22.752154091658042	27.015771927402	27.210616642804414	23.021457338135544
41	22.93502916852362	26.994820110248458	27.077290805773824	22.992859915454098
42	22.807274687086277	27.17779424193838	27.046306308966074	22.968624762009267
43	22.819262290781257	27.134540112282913	27.05683614040611	22.98936145652972
44	22.82128958646616	26.930060100975638	27.042522640329626	23.206127672228572
45	22.663241250029483	27.005146128529518	27.25979104913343	23.071821572307567
46	22.78998411919701	27.05389828389602	27.033057021744412	23.123060575162555
47	22.74542098003295	27.026459762593724	27.13965852318531	23.08846073418801
48	22.774923158545047	27.349877709839294	27.179501264835764	22.69569786677989
49	23.020191949895903	27.3558967146454	27.12354118164918	22.500370153809516
50	22.94951401503526	27.560547758224185	27.255413782864846	22.23452444387571
51	22.47413088190745	27.9517586217107	27.511412762477878	22.062697733903978
>>END_MODULE
>>Per base GC content	pass
#Base	%GC
1	46.18590869849687
2	46.00965844716678
3	46.10130936625423
4	46.05163712077728
5	46.43756078230777
6	45.94667538042539
7	45.94763171995732
8	46.113112830271
9	45.77101940940554
10	45.893930045570286
11	46.1036086972481
12	45.644100583782595
13	45.77946863806406
14	45.89943709487134
15	45.79103945008034
16	45.62393244983048
17	46.07578920661405
18	45.77336344832911
19	45.75791760536649
20	46.02456625103247
21	45.79698261900249
22	45.758328322487785
23	46.11602106667137
24	45.670742241803204
25	45.84871376941332
26	45.9066961826442
27	45.6567751806341
28	45.820885845883524
29	45.87027328890673
30	45.80355253266673
31	45.88686726082939
32	45.944020289358846
33	45.79759302580159
34	45.71738210930461
35	45.98504152554776
36	45.892023334251974
37	45.83524040922705
38	45.99289159754345
39	45.75548919464215
40	45.77361142979359
41	45.92788908397772
42	45.77589944909554
43	45.80862374731098
44	46.02741725869473
45	45.73506282233705
46	45.91304469435957
47	45.833881714220965
48	45.47062102532494
49	45.52056210370542
50	45.18403845891097
51	44.53682861581142
>>END_MODULE
>>Per sequence GC content	pass
#GC Content	Count
0	6692.0
1	6342.5
2	4896.0
3	4003.0
4	4340.5
5	5177.5
6	6136.5
7	7626.0
8	9132.5
9	11617.0
10	14262.0
11	18966.0
12	23769.5
13	31974.0
14	40859.5
15	55275.5
16	70294.5
17	92641.5
18	116057.5
19	147492.5
20	179638.5
21	220831.0
22	263110.0
23	314419.0
24	367169.0
25	420399.0
26	519366.5
27	585713.5
28	658245.5
29	733138.0
30	813564.5
31	895359.0
32	980227.5
33	1067730.0
34	1153825.0
35	1237820.5
36	1310812.0
37	1380611.0
38	1431324.0
39	1480963.5
40	1509624.0
41	1534147.5
42	1546030.5
43	1551677.5
44	1542207.0
45	1528697.0
46	1506520.5
47	1482470.0
48	1458099.0
49	1432033.5
50	1406347.0
51	1381523.0
52	1354295.5
53	1326494.0
54	1301285.0
55	1272360.5
56	1234845.0
57	1193310.0
58	1139451.0
59	1077387.0
60	1008396.0
61	932945.5
62	854970.0
63	780658.5
64	697488.5
65	616439.0
66	542705.0
67	470937.5
68	405312.0
69	341554.0
70	289846.0
71	242196.5
72	202851.5
73	165665.0
74	134452.5
75	99235.0
76	81748.5
77	66801.0
78	52746.5
79	42284.5
80	32762.0
81	26391.5
82	20904.0
83	16799.0
84	13073.0
85	10423.5
86	7977.5
87	6395.5
88	4975.0
89	3917.5
90	2947.0
91	2354.0
92	1880.0
93	1676.5
94	1466.0
95	1279.5
96	1103.5
97	982.5
98	887.5
99	1079.0
100	1283.0
>>END_MODULE
>>Per base N content	pass
#Base	N-Count
1	0.0011761643583125514
2	6.709662446749454E-5
3	2.486521965560092E-4
4	5.209855546887812E-4
5	0.0010853865722682942
6	0.001649787589847807
7	0.002253657210055258
8	0.0012551015635684274
9	0.002490468825822886
10	0.003106179026818718
11	0.0012037923801521081
12	0.0024549470834577414
13	4.617826507468743E-4
14	0.001397188533029004
15	0.01357719930401066
16	0.011410373019736866
17	0.004917787887441071
18	0.003248265996279295
19	0.014536286347869553
20	0.0017918745593083838
21	0.0016094611958905672
22	0.003684940736841542
23	0.0017946466801259874
24	0.004066311271592033
25	0.0014793390759601538
26	0.001266781255090103
27	9.572314207889598E-4
28	8.430171584099492E-4
29	4.064201834218551E-4
30	8.431406934352137E-4
31	5.986191474158703E-4
32	0.0010585682705963315
33	7.076869402841964E-4
34	0.002691938256725257
35	0.0022947188865058625
36	0.0022480138510470944
37	5.965469231055953E-4
38	0.005628499320350454
39	0.0017261450581936484
40	8.098218516514344E-4
41	0.0011792699510598803
42	0.0015974171687971905
43	0.003928698157868692
44	0.0019048941154912859
45	0.0014482447506526947
46	3.837369876919346E-4
47	9.9678470050266E-4
48	7.834771088020893E-4
49	0.0012346252805018583
50	0.001538448294391245
51	0.001359491080564082
>>END_MODULE
>>Sequence Length Distribution	warn
#Length	Count
20	48629.0
21	50111.0
22	51839.0
23	52672.0
24	54577.0
25	54715.0
26	56213.0
27	57314.0
28	59397.0
29	62857.0
30	64705.0
31	67622.0
32	68801.0
33	69493.0
34	70211.0
35	70365.0
36	70520.0
37	72741.0
38	75936.0
39	78507.0
40	81472.0
41	84295.0
42	88917.0
43	96333.0
44	113560.0
45	161229.0
46	279051.0
47	710551.0
48	1485937.0
49	2972870.0
50	3955780.0
51	1.4049375E7
>>END_MODULE
>>Sequence Duplication Levels	warn
#Total Duplicate Percentage	37.120051242886355
#Duplication Level	Relative count
1	100.0
2	23.45280446332022
3	10.663072607312449
4	5.9333322885486375
5	3.7337993073077467
6	2.420504944443574
7	1.6886332648999358
8	1.1863530223009293
9	0.9450077575263678
10++	6.694196743406103
>>END_MODULE
>>Overrepresented sequences	pass
>>END_MODULE
>>Kmer Content	warn
#Sequence	Count	Obs/Exp Overall	Obs/Exp Max	Max Obs/Exp Position
AAAAA	6476480	4.0179224	4.9689884	47
TTTTT	6006155	3.5165792	3.9778132	47
CCTGG	2593415	3.0214703	3.718505	9
>>END_MODULE
