##FastQC	0.10.1
>>Basic Statistics	pass
#Measure	Value	
Filename	004-F0_S5_L003_R2_001_trimmed.fq.gz	
File type	Conventional base calls	
Encoding	Sanger / Illumina 1.9	
Total Sequences	15491752	
Filtered Sequences	0	
Sequence length	20-50	
%GC	44	
>>END_MODULE
>>Per base sequence quality	pass
#Base	Mean	Median	Lower Quartile	Upper Quartile	10th Percentile	90th Percentile
1	34.6465253897687	36.0	36.0	36.0	32.0	36.0
2	34.64120165362833	36.0	36.0	36.0	32.0	36.0
3	34.61415067837389	36.0	36.0	36.0	32.0	36.0
4	34.60758796035464	36.0	36.0	36.0	32.0	36.0
5	34.593330760781605	36.0	36.0	36.0	32.0	36.0
6	34.5717159040501	36.0	36.0	36.0	32.0	36.0
7	34.56221349270244	36.0	36.0	36.0	32.0	36.0
8	34.54892971434089	36.0	36.0	36.0	32.0	36.0
9	34.53171590921414	36.0	36.0	36.0	32.0	36.0
10	34.51203472660807	36.0	36.0	36.0	32.0	36.0
11	34.50054073935601	36.0	36.0	36.0	32.0	36.0
12	34.48397469827815	36.0	36.0	36.0	32.0	36.0
13	34.47544499808672	36.0	36.0	36.0	32.0	36.0
14	34.473723630484145	36.0	36.0	36.0	32.0	36.0
15	34.442019146704645	36.0	36.0	36.0	32.0	36.0
16	34.41869486420903	36.0	36.0	36.0	32.0	36.0
17	34.41123153791773	36.0	36.0	36.0	32.0	36.0
18	34.39511799569216	36.0	36.0	36.0	32.0	36.0
19	34.37789573445276	36.0	36.0	36.0	32.0	36.0
20	34.37753986766636	36.0	36.0	36.0	32.0	36.0
21	34.356700432277606	36.0	36.0	36.0	32.0	36.0
22	34.34386122682981	36.0	36.0	36.0	32.0	36.0
23	34.327831644422645	36.0	36.0	36.0	32.0	36.0
24	34.30488532543584	36.0	36.0	36.0	32.0	36.0
25	34.28956398168501	36.0	36.0	36.0	32.0	36.0
26	34.248742369246834	36.0	36.0	36.0	32.0	36.0
27	34.23771941590483	36.0	36.0	36.0	32.0	36.0
28	34.214760781244244	36.0	36.0	36.0	32.0	36.0
29	34.188283386390474	36.0	36.0	36.0	32.0	36.0
30	34.16384607039428	36.0	36.0	36.0	32.0	36.0
31	34.13709873284824	36.0	36.0	36.0	32.0	36.0
32	34.12415862896113	36.0	36.0	36.0	32.0	36.0
33	34.08995907324686	36.0	36.0	36.0	32.0	36.0
34	34.067889979830305	36.0	36.0	36.0	32.0	36.0
35	34.03561534603563	36.0	36.0	36.0	32.0	36.0
36	34.0225781312899	36.0	36.0	36.0	32.0	36.0
37	33.98695555891867	36.0	36.0	36.0	32.0	36.0
38	33.947274762676884	36.0	36.0	36.0	32.0	36.0
39	33.920232165200815	36.0	36.0	36.0	32.0	36.0
40	33.90382292189338	36.0	36.0	36.0	32.0	36.0
41	33.86267289171412	36.0	36.0	36.0	32.0	36.0
42	33.83961072559307	36.0	36.0	36.0	32.0	36.0
43	33.81819568439837	36.0	36.0	36.0	32.0	36.0
44	33.79545717506137	36.0	36.0	36.0	32.0	36.0
45	33.788951224430164	36.0	36.0	36.0	27.0	36.0
46	33.7787248659591	36.0	36.0	36.0	27.0	36.0
47	33.78061609263137	36.0	36.0	36.0	27.0	36.0
48	33.796639533628344	36.0	36.0	36.0	27.0	36.0
49	33.88993544558435	36.0	36.0	36.0	32.0	36.0
50	34.025928465992216	36.0	36.0	36.0	32.0	36.0
>>END_MODULE
>>Per sequence quality scores	pass
#Quality	Count
2	12.0
3	2.0
4	3.0
5	6.0
6	15.0
7	30.0
8	39.0
9	49.0
10	52.0
11	84.0
12	96.0
13	105.0
14	881.0
15	2080.0
16	3933.0
17	6584.0
18	10613.0
19	16425.0
20	24344.0
21	35078.0
22	48374.0
23	66683.0
24	90055.0
25	120680.0
26	159059.0
27	204880.0
28	259622.0
29	324586.0
30	405206.0
31	516625.0
32	690525.0
33	1007894.0
34	1885139.0
35	6797983.0
36	2814010.0
>>END_MODULE
>>Per base sequence content	pass
#Base	G	A	T	C
1	22.36964265725517	26.939387800869703	27.54435168856541	23.146617853309717
2	22.2899856837727	27.17898666777528	27.820986542152436	22.710041106299585
3	22.18085083719923	27.167733831494218	27.75555566745153	22.895859663855024
4	22.44847641094294	26.786223395683812	28.1233859738285	22.641914219544745
5	22.523278223559	26.912555941781168	27.649141824704927	22.915024009954905
6	21.994967910000295	27.380152488827765	27.893658332270295	22.731221268901646
7	22.15495988209616	27.349823344365838	27.699558247942786	22.795658525595215
8	22.08799814074796	27.297809568692262	27.676522423999845	22.937669866559933
9	22.124928268501527	27.34205561670948	27.736573209511107	22.796442905277882
10	22.141612619986663	27.357950296055712	27.83289054683041	22.66754653712722
11	22.758295645781317	27.173098882836317	27.45197504032569	22.61663043105668
12	21.978181528023832	27.53554326747964	27.87990750674274	22.606367697753786
13	22.121689953533863	27.33661399213352	27.969496006236373	22.572200048096246
14	22.131681986862944	27.143693430464676	28.126655075703212	22.597969506969168
15	22.0446400125501	27.432358408680745	27.944569095440485	22.57843248332867
16	22.15870243437193	27.63838751078816	27.944390708518675	22.258519346321236
17	22.32365193981107	27.31590150115968	27.473892826065388	22.886553732963865
18	22.176549327984628	27.816572193840745	27.55994136993075	22.446937108243876
19	22.480896139281352	27.42132594637162	27.715076067815325	22.3827018465317
20	22.564961390360192	27.155291731050497	27.79648107941728	22.48326579917203
21	22.547980820221074	27.284423163478465	27.78905477502779	22.37854124127267
22	22.247939526072198	27.62392335392187	27.77956241131387	22.348574708692066
23	22.263930110186028	27.38501328409186	27.7600075602899	22.59104904543221
24	22.09474089742921	27.710909637766495	27.742620503404787	22.451728961399507
25	22.221850397386163	27.633897874329598	27.576428105808827	22.567823622475416
26	22.296281083946607	27.479865267400744	27.58214325574316	22.64171039290949
27	22.43419636247814	27.599847035727382	27.59189079635468	22.3740658054398
28	22.086444177460958	27.631975990144724	27.613698709874978	22.667881122519336
29	22.506273557743636	27.364362819861544	27.557030082846328	22.57233353954849
30	22.196751954164874	27.828099002831415	27.53991903725953	22.435230005744184
31	22.313335110266426	27.663172951325834	27.584912844742952	22.438579093664792
32	22.26246530318197	27.756677425333898	27.48707210024853	22.493785171235608
33	22.204906126097203	27.43008160892057	27.829314606285077	22.53569765869715
34	22.31942433394424	27.833674503014947	27.644764205479895	22.202136957560914
35	22.302055696897323	27.377615417328066	27.639286967471694	22.68104191830292
36	22.401066073519445	27.742610291335453	27.37179246783143	22.484531167313673
37	22.243803318829578	27.64495103465665	27.478861237219327	22.63238440929445
38	22.304312847825855	27.59804328066634	27.416161616434902	22.6814822550729
39	22.268987974462682	27.675376321449768	27.47689163769172	22.57874406639583
40	22.22143285725544	27.620641550284336	27.741734525754257	22.416191066705967
41	22.500375354946303	27.535334642950616	27.523315080189214	22.440974921913863
42	22.461454177352145	27.609158385168858	27.601675259103242	22.327712178375755
43	22.360262752502095	27.851785908842036	27.454436879131368	22.333514459524505
44	22.429800088032618	27.521576761385504	27.37458766341202	22.67403548716986
45	22.34603747822774	27.76896449593963	27.48991204317554	22.395085982657093
46	22.30447673110516	28.0927128181435	27.252535470103563	22.35027498064778
47	22.436398355574344	27.664052505863683	27.36324436076077	22.536304777801202
48	22.407830714491002	28.117450069808047	27.622620515665886	21.852098700035068
49	22.633081715867316	28.20534404923645	27.754466030093333	21.407108204802896
50	22.784225931713525	27.906725873965655	27.750859387980448	21.558188806340375
>>END_MODULE
>>Per base GC content	pass
#Base	%GC
1	45.51626051056489
2	45.00002679007228
3	45.07671050105425
4	45.09039063048769
5	45.4383022335139
6	44.72618917890194
7	44.95061840769138
8	45.02566800730789
9	44.92137117377941
10	44.80915915711388
11	45.374926076838
12	44.58454922577762
13	44.69389000163011
14	44.729651493832115
15	44.623072495878766
16	44.41722178069317
17	45.21020567277494
18	44.623486436228504
19	44.86359798581305
20	45.04822718953222
21	44.92652206149374
22	44.596514234764264
23	44.85497915561824
24	44.54646985882872
25	44.78967401986158
26	44.9379914768561
27	44.80826216791794
28	44.754325299980295
29	45.07860709729213
30	44.63198195990906
31	44.751914203931214
32	44.756250474417584
33	44.74060378479435
34	44.52156129150516
35	44.98309761520024
36	44.88559724083312
37	44.87618772812403
38	44.985795102898756
39	44.84773204085851
40	44.63762392396141
41	44.94135027686017
42	44.78916635572791
43	44.693777212026596
44	45.10383557520248
45	44.74112346088483
46	44.65475171175294
47	44.972703133375546
48	44.25992941452607
49	44.040189920670215
50	44.3424147380539
>>END_MODULE
>>Per sequence GC content	pass
#GC Content	Count
0	7275.0
1	6044.5
2	4585.0
3	4717.0
4	5131.5
5	5818.0
6	6654.0
7	7670.0
8	8700.5
9	10550.0
10	12623.5
11	15969.5
12	19426.0
13	24710.5
14	31027.0
15	40869.0
16	51497.0
17	66709.0
18	83185.0
19	104714.0
20	126977.5
21	152711.5
22	179668.0
23	213388.0
24	248875.0
25	281902.0
26	321184.5
27	368811.5
28	419661.0
29	476310.5
30	534397.5
31	594061.0
32	655860.5
33	719994.5
34	784835.0
35	841760.0
36	893451.0
37	926606.5
38	951186.5
39	970347.0
40	987602.0
41	996867.0
42	1004302.0
43	1003416.5
44	998839.0
45	986300.5
46	971710.5
47	952519.5
48	932955.0
49	912407.5
50	889490.0
51	865556.0
52	839901.5
53	810896.0
54	781808.0
55	751926.5
56	720050.5
57	683082.5
58	643771.0
59	599014.0
60	553160.5
61	503618.0
62	454708.0
63	412882.0
64	363880.0
65	318703.5
66	276280.5
67	237884.5
68	199504.0
69	164644.0
70	134930.0
71	111248.5
72	91029.5
73	73177.5
74	56598.0
75	44999.0
76	36576.0
77	28835.5
78	21827.0
79	16759.0
80	12467.5
81	9333.5
82	6910.5
83	5348.0
84	4036.0
85	3203.0
86	2565.0
87	2103.5
88	1719.5
89	1450.5
90	1249.5
91	1147.0
92	1090.0
93	1059.0
94	1023.5
95	1043.5
96	1077.0
97	1185.0
98	1749.0
99	6517.5
100	10836.0
>>END_MODULE
>>Per base N content	pass
#Base	N-Count
1	0.005874093517634417
2	0.0060612899044601275
3	0.007578226142530555
4	0.016370001275517448
5	0.007061822316804451
6	0.01012151498423161
7	0.007500765568671639
8	0.010663739001244017
9	0.010941306057571798
10	0.010282891179771016
11	0.006487323060684163
12	0.011347974070331102
13	0.01276162954325631
14	0.009837492880082253
15	0.01185792284823563
16	0.008978971519812607
17	0.010721834431638204
18	0.009082252284957829
19	0.0066809744953314504
20	0.008520663124480691
21	0.010995480340145832
22	0.012281350642671088
23	0.009488432555104348
24	0.006853294970501544
25	0.011023065013450422
26	0.014565119715412729
27	0.017547833736961903
28	0.018300210018885474
29	0.015429178096967939
30	0.015431231611033125
31	0.010640599867624846
32	0.011348208317778519
33	0.008764215044001555
34	0.009384514135649846
35	0.008743061325641047
36	0.00499999395162022
37	0.008055744403027207
38	0.008116038794124366
39	0.0038817257175322484
40	0.0062524694018927275
41	0.005291609380779151
42	0.004022876575057437
43	0.002475483234669122
44	0.004866584526299349
45	0.0034863747026974757
46	0.0012176848045538013
47	0.002711160686620809
48	8.298762333546205E-4
49	4.372926447103852E-4
50	5.862693605196597E-4
>>END_MODULE
>>Sequence Length Distribution	warn
#Length	Count
20	30854.0
21	30999.0
22	32203.0
23	32824.0
24	33383.0
25	34670.0
26	35676.0
27	37274.0
28	38355.0
29	40903.0
30	42079.0
31	42886.0
32	44040.0
33	44133.0
34	45351.0
35	46104.0
36	45883.0
37	48597.0
38	49824.0
39	53515.0
40	55269.0
41	60239.0
42	64472.0
43	77318.0
44	112039.0
45	187696.0
46	440990.0
47	911187.0
48	1796358.0
49	2448128.0
50	8528503.0
>>END_MODULE
>>Sequence Duplication Levels	warn
#Total Duplicate Percentage	27.545959138684402
#Duplication Level	Relative count
1	100.0
2	18.150824481812503
3	6.6698812854853164
4	3.1193121621254516
5	1.727744424221021
6	1.078481975496455
7	0.7137812067045177
8	0.5426367118524354
9	0.41020347178832417
10++	3.416098448833229
>>END_MODULE
>>Overrepresented sequences	pass
>>END_MODULE
>>Kmer Content	warn
#Sequence	Count	Obs/Exp Overall	Obs/Exp Max	Max Obs/Exp Position
AAAAA	4516860	4.2023616	5.2738056	46
TTTTT	3676075	3.3326583	4.1603694	13
>>END_MODULE
