##FastQC	0.10.1
>>Basic Statistics	pass
#Measure	Value	
Filename	001-F0_S3_L003_R2_001_trimmed.fq.gz	
File type	Conventional base calls	
Encoding	Sanger / Illumina 1.9	
Total Sequences	21804986	
Filtered Sequences	0	
Sequence length	20-51	
%GC	45	
>>END_MODULE
>>Per base sequence quality	pass
#Base	Mean	Median	Lower Quartile	Upper Quartile	10th Percentile	90th Percentile
1	34.81709444803129	36.0	36.0	36.0	36.0	36.0
2	34.81222070034808	36.0	36.0	36.0	36.0	36.0
3	34.79215097867983	36.0	36.0	36.0	32.0	36.0
4	34.78316101647577	36.0	36.0	36.0	32.0	36.0
5	34.76840778526526	36.0	36.0	36.0	32.0	36.0
6	34.74865505531625	36.0	36.0	36.0	32.0	36.0
7	34.73905069235082	36.0	36.0	36.0	32.0	36.0
8	34.72859849577523	36.0	36.0	36.0	32.0	36.0
9	34.706496715934605	36.0	36.0	36.0	32.0	36.0
10	34.692329818510316	36.0	36.0	36.0	32.0	36.0
11	34.681093718656825	36.0	36.0	36.0	32.0	36.0
12	34.66615814383004	36.0	36.0	36.0	32.0	36.0
13	34.656713331528856	36.0	36.0	36.0	32.0	36.0
14	34.648532083441836	36.0	36.0	36.0	32.0	36.0
15	34.63156142361201	36.0	36.0	36.0	32.0	36.0
16	34.60549669694812	36.0	36.0	36.0	32.0	36.0
17	34.58942633579311	36.0	36.0	36.0	32.0	36.0
18	34.578631235993456	36.0	36.0	36.0	32.0	36.0
19	34.54962461337971	36.0	36.0	36.0	32.0	36.0
20	34.54947290495853	36.0	36.0	36.0	32.0	36.0
21	34.5295236743214	36.0	36.0	36.0	32.0	36.0
22	34.51497235919006	36.0	36.0	36.0	32.0	36.0
23	34.48682047001732	36.0	36.0	36.0	32.0	36.0
24	34.45782372344287	36.0	36.0	36.0	32.0	36.0
25	34.43809643516999	36.0	36.0	36.0	32.0	36.0
26	34.40664106181566	36.0	36.0	36.0	32.0	36.0
27	34.39123353028806	36.0	36.0	36.0	32.0	36.0
28	34.363072361440985	36.0	36.0	36.0	32.0	36.0
29	34.33861967136365	36.0	36.0	36.0	32.0	36.0
30	34.314878843950176	36.0	36.0	36.0	32.0	36.0
31	34.27843407043844	36.0	36.0	36.0	32.0	36.0
32	34.245806501360605	36.0	36.0	36.0	32.0	36.0
33	34.212342079735734	36.0	36.0	36.0	32.0	36.0
34	34.17817499148737	36.0	36.0	36.0	32.0	36.0
35	34.14051339237547	36.0	36.0	36.0	32.0	36.0
36	34.122004091150956	36.0	36.0	36.0	32.0	36.0
37	34.081518776372405	36.0	36.0	36.0	32.0	36.0
38	34.05634431844948	36.0	36.0	36.0	32.0	36.0
39	34.036510622724556	36.0	36.0	36.0	32.0	36.0
40	34.02483571197203	36.0	36.0	36.0	32.0	36.0
41	33.98951238894579	36.0	36.0	36.0	32.0	36.0
42	33.96092030248086	36.0	36.0	36.0	32.0	36.0
43	33.94859860004492	36.0	36.0	36.0	32.0	36.0
44	33.92204958727667	36.0	36.0	36.0	32.0	36.0
45	33.90582900794133	36.0	36.0	36.0	32.0	36.0
46	33.91466133881499	36.0	36.0	36.0	32.0	36.0
47	33.909580457947	36.0	36.0	36.0	32.0	36.0
48	33.91903359227266	36.0	36.0	36.0	32.0	36.0
49	33.97085278816568	36.0	36.0	36.0	32.0	36.0
50	34.06556408127362	36.0	36.0	36.0	32.0	36.0
51	34.2126788248072	36.0	36.0	36.0	32.0	36.0
>>END_MODULE
>>Per sequence quality scores	pass
#Quality	Count
2	3.0
3	1.0
4	2.0
5	5.0
6	7.0
7	9.0
8	24.0
9	27.0
10	53.0
11	36.0
12	66.0
13	52.0
14	1371.0
15	2555.0
16	4574.0
17	7583.0
18	11692.0
19	18194.0
20	27880.0
21	41169.0
22	58535.0
23	82494.0
24	113401.0
25	153891.0
26	203479.0
27	263979.0
28	333585.0
29	418340.0
30	520252.0
31	661554.0
32	879533.0
33	1292025.0
34	2463795.0
35	1.0121095E7
36	4123725.0
>>END_MODULE
>>Per base sequence content	pass
#Base	G	A	T	C
1	22.556351770138384	26.813171209841148	27.412580940516097	23.217896079504378
2	22.505283492914746	26.960166584182677	27.678930754310944	22.855619168591637
3	22.428827861656856	26.97105261021645	27.61187324955296	22.988246278573733
4	22.692064919487677	26.626324855095422	27.870458031963324	22.811152193453577
5	22.782509103602496	26.792561328150672	27.427856269186222	22.997073299060606
6	22.289615228028808	27.145438504274583	27.679090211849516	22.885856055847086
7	22.355920798334704	27.140327353625825	27.531270598107117	22.972481249932354
8	22.370271339383482	27.03830855753851	27.483032259174117	23.108387843903895
9	22.35860037717573	27.102672150635478	27.58976727376794	22.94896019842085
10	22.393763408765633	27.092592981582964	27.616207314731895	22.89743629491951
11	22.980144584391535	26.979823540540387	27.26025075817945	22.779781116888625
12	22.260671322109545	27.258056046469125	27.661393234496323	22.819879396925007
13	22.40643595050656	27.047777104966098	27.784246768061728	22.761540176465616
14	22.43511370520785	26.847360194584468	27.921607211498838	22.795918888708844
15	22.373191396931	27.154009839123578	27.68497339518009	22.787825368765333
16	22.49277628405934	27.435861414911322	27.557071151188417	22.514291149840925
17	22.663926676475583	27.040996339611716	27.222174346131723	23.07290263778098
18	22.513561304664584	27.516504603677394	27.304848497495733	22.665085594162292
19	22.76276255616662	27.106432336563557	27.48850983537911	22.64229527189071
20	22.834910192347706	26.84018697122313	27.55542495896779	22.769477877461377
21	22.805058130649485	27.007374523651812	27.555074301438037	22.632493044260666
22	22.560587867100235	27.266878835710944	27.547012675639753	22.625520621549065
23	22.623822034748546	27.036678498539956	27.44862806861965	22.890871398091846
24	22.420808096366667	27.372333704039626	27.493086533551182	22.713771666042526
25	22.56832926871442	27.30900975145002	27.28669885736716	22.8359621224684
26	22.69205303913479	27.218233747106158	27.233017193929687	22.856696019829368
27	22.722913071789105	27.301097886519404	27.363781694019103	22.612207347672385
28	22.438815196068916	27.299127738876	27.325247713454125	22.936809351600953
29	22.79536837490358	27.06177287458777	27.320160299878072	22.822698450630583
30	22.51622477749202	27.460998441418766	27.277250866258235	22.74552591483098
31	22.648706224293605	27.288512592653607	27.302121299480397	22.76065988357239
32	22.6093556449577	27.389529035501337	27.207114455814533	22.79400086372643
33	22.515856150398054	27.121241292547566	27.555534083121874	22.807368473932506
34	22.70381570376805	27.50475220620126	27.31100423673106	22.48042785329963
35	22.64712797372813	27.08677213410853	27.32799820912396	22.938101683039385
36	22.78738660992978	27.414348367380757	27.05941970432532	22.738845318364138
37	22.55295868276667	27.297741152732808	27.22472658314078	22.924573581359745
38	22.630999813789305	27.209369249122577	27.169674123418563	22.989956813669558
39	22.548636389185152	27.326289931289736	27.239588380510455	22.88548529901465
40	22.54180114592936	27.25723755764133	27.448129817259765	22.75283147916955
41	22.866111844786907	27.17723849973583	27.20975250540445	22.74689715007282
42	22.723266157802932	27.282544770102184	27.296318449884193	22.697870622210687
43	22.71011391790598	27.474926082598362	27.180134028482627	22.634825971013033
44	22.765349834378654	27.17429645175975	27.09005494598051	22.970298767881086
45	22.628122218650333	27.40168769417885	27.25195616218738	22.718233924983437
46	22.66711833284461	27.63256839590657	26.991593473224423	22.708719798024397
47	22.72984287620076	27.27395839640466	27.111298438382835	22.88490028901175
48	22.712685233223155	27.633439522623377	27.32615929885552	22.327715945297946
49	22.998951535217195	27.541146470773796	27.249340982396536	22.21056101161247
50	23.1794310707221	27.674398046494357	27.32585695371984	21.8203139290637
51	22.72096794201563	28.12910028531429	27.496508887274274	21.653422885395806
>>END_MODULE
>>Per base GC content	pass
#Base	%GC
1	45.774247849642755
2	45.36090266150639
3	45.41707414023059
4	45.50321711294125
5	45.7795824026631
6	45.17547128387589
7	45.32840204826706
8	45.47865918328738
9	45.30756057559658
10	45.291199703685145
11	45.75992570128016
12	45.08055071903455
13	45.16797612697218
14	45.231032593916694
15	45.16101676569633
16	45.00706743390027
17	45.73682931425657
18	45.17864689882688
19	45.40505782805732
20	45.60438806980908
21	45.437551174910155
22	45.186108488649296
23	45.514693432840396
24	45.134579762409196
25	45.404291391182824
26	45.54874905896416
27	45.3351204194615
28	45.37562454766987
29	45.61806682553416
30	45.261750692323
31	45.40936610786599
32	45.403356508684126
33	45.323224624330564
34	45.18424355706768
35	45.58522965676751
36	45.52623192829392
37	45.47753226412642
38	45.62095662745886
39	45.43412168819981
40	45.294632625098906
41	45.61300899485972
42	45.42113678001362
43	45.344939888919015
44	45.735648602259744
45	45.34635614363377
46	45.375838130869006
47	45.61474316521251
48	45.0404011785211
49	45.209512546829664
50	44.999744999785804
51	44.37439082741144
>>END_MODULE
>>Per sequence GC content	pass
#GC Content	Count
0	11271.0
1	9900.5
2	7307.0
3	6471.5
4	7021.5
5	8049.0
6	9134.0
7	10616.0
8	12151.0
9	14609.0
10	17305.5
11	21564.5
12	25870.0
13	32919.5
14	40631.5
15	52980.5
16	66027.5
17	85291.5
18	105794.5
19	132745.5
20	160926.5
21	196070.5
22	231597.5
23	275276.5
24	320760.0
25	367609.0
26	453299.0
27	514274.5
28	585749.5
29	659116.0
30	737825.0
31	819589.0
32	903939.5
33	989787.0
34	1070598.5
35	1147977.5
36	1208602.5
37	1263678.5
38	1301436.0
39	1338882.5
40	1362341.0
41	1382275.5
42	1391169.0
43	1392234.0
44	1381914.0
45	1370606.5
46	1353950.5
47	1332025.5
48	1305806.5
49	1279508.0
50	1250336.5
51	1220874.5
52	1189108.0
53	1154432.5
54	1120790.0
55	1085234.5
56	1044261.0
57	999707.5
58	946336.5
59	887501.5
60	824254.5
61	756523.0
62	689619.5
63	625406.5
64	555692.5
65	489902.5
66	429774.5
67	371365.5
68	317314.0
69	264248.5
70	222407.0
71	185117.5
72	155017.5
73	126642.0
74	103008.5
75	77680.5
76	64964.5
77	53386.5
78	42302.0
79	34040.5
80	26675.0
81	21421.5
82	16984.5
83	13939.0
84	11147.5
85	8955.0
86	6973.5
87	5889.0
88	4864.5
89	3903.0
90	3110.0
91	2735.0
92	2427.5
93	2220.0
94	1975.0
95	1875.0
96	1840.5
97	2021.0
98	2667.5
99	15138.0
100	27146.0
>>END_MODULE
>>Per base N content	pass
#Base	N-Count
1	0.0032194471484641176
2	0.003462510822066109
3	0.00418711573582299
4	0.003710160602717195
5	0.005755564346613201
6	0.0040220158820556
7	0.003659713425177159
8	0.005095164931543638
9	0.003788124422551796
10	0.0052831953205565
11	0.005095164931543638
12	0.001839028926686768
13	0.004425593302375888
14	0.008287095437713192
15	0.006503099795615553
16	0.006681957970530226
17	0.004654898654830597
18	0.005599636706943999
19	0.007135982568390551
20	0.003554232963047993
21	0.006463297143622881
22	0.007203463273781627
23	0.006249897860465521
24	0.004742375447036236
25	0.005508674344509697
26	0.006664032853822266
27	0.006302713954260317
28	0.007588112898496626
29	0.007125171196776757
30	0.004310217969811386
31	0.00762601416455871
32	0.007873631705205102
33	0.006513414750216552
34	0.006662373458958018
35	0.00821946863826584
36	0.006088602117352789
37	0.007285268306793069
38	0.00898528418861311
39	0.004588244561831287
40	0.006546803090329304
41	0.004654619500321358
42	0.006760985083551582
43	0.004559030084504951
44	0.006311499064234014
45	0.003831133249726087
46	0.003515202814059018
47	0.001186903218395264
48	0.00656781110910383
49	0.003120816916173465
50	0.002400344398422355
51	0.0021796827693241726
>>END_MODULE
>>Sequence Length Distribution	warn
#Length	Count
20	66855.0
21	67999.0
22	69779.0
23	71058.0
24	72227.0
25	73620.0
26	75167.0
27	77706.0
28	80206.0
29	84149.0
30	85404.0
31	88297.0
32	89299.0
33	89881.0
34	91568.0
35	91607.0
36	91658.0
37	94130.0
38	96981.0
39	100157.0
40	102635.0
41	106680.0
42	109144.0
43	118723.0
44	133603.0
45	175012.0
46	276040.0
47	626087.0
48	1260238.0
49	2532853.0
50	3420177.0
51	1.1286046E7
>>END_MODULE
>>Sequence Duplication Levels	warn
#Total Duplicate Percentage	30.06503768838036
#Duplication Level	Relative count
1	100.0
2	19.366829288897335
3	7.496110442318388
4	3.853654072243694
5	2.246439558737601
6	1.4255844896407528
7	0.9637655142312052
8	0.6772406316219279
9	0.5174343703140509
10++	4.251409744661978
>>END_MODULE
>>Overrepresented sequences	pass
>>END_MODULE
>>Kmer Content	warn
#Sequence	Count	Obs/Exp Overall	Obs/Exp Max	Max Obs/Exp Position
AAAAA	6077425	4.214367	5.1291738	47
GGGGG	2114400	3.6990662	5.556719	47
TTTTT	5475275	3.656891	4.4925437	13
>>END_MODULE
