##FastQC	0.10.1
>>Basic Statistics	pass
#Measure	Value	
Filename	019-F0_S5_L001_R1_001_trimmed.fq.gz	
File type	Conventional base calls	
Encoding	Sanger / Illumina 1.9	
Total Sequences	14274363	
Filtered Sequences	0	
Sequence length	20-50	
%GC	45	
>>END_MODULE
>>Per base sequence quality	pass
#Base	Mean	Median	Lower Quartile	Upper Quartile	10th Percentile	90th Percentile
1	35.38810390348067	36.0	36.0	36.0	36.0	36.0
2	35.378709859066916	36.0	36.0	36.0	36.0	36.0
3	35.363067830067095	36.0	36.0	36.0	36.0	36.0
4	35.36410213191299	36.0	36.0	36.0	36.0	36.0
5	35.3512369693835	36.0	36.0	36.0	36.0	36.0
6	35.31806028752386	36.0	36.0	36.0	36.0	36.0
7	35.297808595732086	36.0	36.0	36.0	36.0	36.0
8	35.293745857520925	36.0	36.0	36.0	36.0	36.0
9	35.282030098295806	36.0	36.0	36.0	36.0	36.0
10	35.25767258405857	36.0	36.0	36.0	36.0	36.0
11	35.24640321953421	36.0	36.0	36.0	36.0	36.0
12	35.23041357432202	36.0	36.0	36.0	36.0	36.0
13	35.228231620563385	36.0	36.0	36.0	36.0	36.0
14	35.21673597623936	36.0	36.0	36.0	36.0	36.0
15	35.20254837291163	36.0	36.0	36.0	36.0	36.0
16	35.18581837942611	36.0	36.0	36.0	36.0	36.0
17	35.17332290064362	36.0	36.0	36.0	36.0	36.0
18	35.15191557059324	36.0	36.0	36.0	36.0	36.0
19	35.12876182285682	36.0	36.0	36.0	36.0	36.0
20	35.14170972112731	36.0	36.0	36.0	36.0	36.0
21	35.12295882283845	36.0	36.0	36.0	36.0	36.0
22	35.120679394585736	36.0	36.0	36.0	36.0	36.0
23	35.101223614516094	36.0	36.0	36.0	36.0	36.0
24	35.09091392745152	36.0	36.0	36.0	36.0	36.0
25	35.079275813675935	36.0	36.0	36.0	36.0	36.0
26	35.06461224587997	36.0	36.0	36.0	36.0	36.0
27	35.07310124592434	36.0	36.0	36.0	36.0	36.0
28	35.05414395504663	36.0	36.0	36.0	36.0	36.0
29	35.03816452068807	36.0	36.0	36.0	36.0	36.0
30	35.03757873301193	36.0	36.0	36.0	36.0	36.0
31	35.015047240634296	36.0	36.0	36.0	36.0	36.0
32	35.003488624301966	36.0	36.0	36.0	36.0	36.0
33	34.98105176795826	36.0	36.0	36.0	36.0	36.0
34	34.97873923844835	36.0	36.0	36.0	36.0	36.0
35	34.95048730497164	36.0	36.0	36.0	36.0	36.0
36	34.94009159493472	36.0	36.0	36.0	36.0	36.0
37	34.94785945751618	36.0	36.0	36.0	36.0	36.0
38	34.92927702711275	36.0	36.0	36.0	36.0	36.0
39	34.917001736923304	36.0	36.0	36.0	36.0	36.0
40	34.90153098316592	36.0	36.0	36.0	36.0	36.0
41	34.886425663966584	36.0	36.0	36.0	36.0	36.0
42	34.86942747529404	36.0	36.0	36.0	36.0	36.0
43	34.868929925073196	36.0	36.0	36.0	36.0	36.0
44	34.853160047185185	36.0	36.0	36.0	36.0	36.0
45	34.846968140661396	36.0	36.0	36.0	36.0	36.0
46	34.83363945963703	36.0	36.0	36.0	36.0	36.0
47	34.84467120929585	36.0	36.0	36.0	36.0	36.0
48	34.85681149005938	36.0	36.0	36.0	36.0	36.0
49	34.938084991790014	36.0	36.0	36.0	36.0	36.0
50	35.03408516671764	36.0	36.0	36.0	36.0	36.0
>>END_MODULE
>>Per sequence quality scores	pass
#Quality	Count
14	11.0
15	76.0
16	310.0
17	788.0
18	1706.0
19	3539.0
20	6553.0
21	10980.0
22	16511.0
23	24481.0
24	34535.0
25	48223.0
26	67310.0
27	91657.0
28	122259.0
29	158207.0
30	201348.0
31	261629.0
32	351152.0
33	512378.0
34	986780.0
35	5691013.0
36	5682917.0
>>END_MODULE
>>Per base sequence content	pass
#Base	G	A	T	C
1	22.21858240550116	26.658950192945703	27.274269149361054	23.84819825219208
2	22.520405797060835	27.23087151371047	27.441980702151376	22.80674198707732
3	21.995538434884978	27.209249197319696	27.803769597284305	22.99144277051102
4	22.72534237295355	26.35263990378263	28.235374146037934	22.686643577225883
5	22.546257521893576	26.67270554880093	27.743142943913007	23.03789398539249
6	21.824486469195577	27.307552139123786	27.927720722302375	22.94024066937826
7	21.97658106203822	27.223848099509993	27.809332056917498	22.990238781534284
8	21.97249479992706	27.035965778822796	27.472434937176338	23.51910448407381
9	22.18574870825404	26.974871245740157	27.522422313972296	23.316957732033515
10	21.902476533578774	27.043630947135068	27.9378440554325	23.116048463853662
11	23.028517424590586	26.637338448432402	27.409430239987447	22.924713886989565
12	21.89399606482626	27.42308610038518	27.84653130674081	22.836386528047743
13	21.90054295242457	27.274358932864462	28.222989705390006	22.602108409320962
14	22.107440896970097	26.867587229148405	28.32671960590998	22.69825226797152
15	21.914372258712973	27.334290825845347	28.063367126266343	22.687969789175337
16	21.96124855613139	27.367370054627415	28.282758933770637	22.38862245547056
17	22.197789141273766	26.8333725294782	27.44539984025907	23.523438488988965
18	22.137895827724478	27.78828967899435	27.382357253740764	22.691457239540412
19	22.583123822123387	27.045304512082268	27.722650336480132	22.648921329314213
20	22.852449001609923	26.643907305460708	27.795443177025607	22.708200515903762
21	22.761888739384325	26.824487290783512	27.864187239400913	22.549436730431253
22	22.155211994164667	27.591457892512494	27.935027863855332	22.318302249467507
23	22.159668934432254	27.27352789812753	27.916760440369277	22.65004272707094
24	21.878380130109456	27.63245324626904	27.8171345828206	22.6720320408009
25	22.035561961160923	27.56811234593764	27.643909973810814	22.752415719090624
26	22.27571754235776	26.974489915074574	27.661750649325356	23.08804189324231
27	22.743402640180317	27.113250293607322	27.59609947895696	22.547247587255402
28	21.96437286239509	27.404018877639892	27.63114570033919	23.00046255962583
29	22.775017548473784	26.850585488788496	27.474664269195966	22.899732693541758
30	22.122508881517785	27.842419236026245	27.368054638898702	22.667017243557265
31	22.19213293374354	27.455387353779138	27.712308142874203	22.640171569603122
32	22.241455527556532	27.656902043586758	27.38517908977261	22.716463339084097
33	22.059715422535316	26.979040337435535	28.135632567848496	22.825611672180653
34	22.223107815211993	27.761455465009828	27.773779107009172	22.241657612769007
35	22.216556277444198	26.75179766603188	27.91280777147003	23.118838285053897
36	22.462606613280613	27.34001143525353	27.275613657841852	22.921768293624005
37	22.222733728495907	27.291616240340172	27.380918042668494	23.104731988495423
38	22.45366961502778	27.306157492493945	27.096983370228394	23.14318952224988
39	22.42156356927821	27.32452947243728	27.22595884407174	23.027948114212766
40	22.133633133715826	27.141823529164714	28.01026178128755	22.71428155583191
41	22.608945057357385	26.982717868336735	27.546230290204615	22.862106784101265
42	22.560896539065112	27.026175534905946	27.765779780849858	22.647148145179088
43	22.41065694952402	27.584247949596268	27.481294040207544	22.52380106067217
44	22.491827372097227	27.11834698585416	27.27419070357388	23.115634938474734
45	22.540499962986097	27.58540266144354	27.280323962800697	22.59377341276967
46	22.349989073673584	28.265328360169917	26.992226677888688	22.39245588826781
47	22.71570365352674	27.18966292762481	27.09941089871899	22.995222520129456
48	22.63545843845466	27.803743242375507	27.609880481524705	21.950917837645125
49	22.965829168329858	27.644125986435863	27.78161326654336	21.608431578690922
50	23.355818091894157	27.262222685317035	27.563317377588586	21.81864184520023
>>END_MODULE
>>Per base GC content	pass
#Base	%GC
1	46.06678065769324
2	45.327147784138155
3	44.986981205396
4	45.411985950179435
5	45.584151507286066
6	44.76472713857384
7	44.96681984357251
8	45.49159928400087
9	45.502706440287554
10	45.018524997432436
11	45.95323131158015
12	44.73038259287401
13	44.502651361745535
14	44.805693164941616
15	44.602342047888314
16	44.34987101160195
17	45.72122763026273
18	44.82935306726489
19	45.2320451514376
20	45.56064951751368
21	45.31132546981558
22	44.473514243632174
23	44.8097116615032
24	44.550412170910356
25	44.787977680251544
26	45.36375943560007
27	45.29065022743573
28	44.96483542202092
29	45.67475024201554
30	44.78952612507505
31	44.83230450334666
32	44.95791886664063
33	44.88532709471597
34	44.464765427981
35	45.335394562498095
36	45.38437490690462
37	45.327465716991334
38	45.59685913727766
39	45.449511683490975
40	44.847914689547736
41	45.471051841458646
42	45.2080446842442
43	44.934458010196195
44	45.60746231057196
45	45.13427337575577
46	44.74244496194139
47	45.7109261736562
48	44.586376276099784
49	44.57426074702078
50	45.17445993709438
>>END_MODULE
>>Per sequence GC content	warn
#GC Content	Count
0	2292.0
1	2219.5
2	1821.5
3	1635.0
4	1811.5
5	2213.0
6	2682.5
7	3338.0
8	4015.5
9	5053.5
10	6135.5
11	8447.0
12	10951.5
13	14819.0
14	19292.5
15	26963.0
16	35293.5
17	48030.0
18	61771.5
19	80514.0
20	99690.5
21	122252.0
22	145746.0
23	175701.5
24	207695.0
25	239441.5
26	275917.5
27	320975.5
28	369685.5
29	426481.0
30	485492.0
31	548735.0
32	615183.5
33	686473.0
34	756084.0
35	810401.5
36	857204.5
37	874106.0
38	884549.5
39	892282.0
40	900063.5
41	902869.5
42	904780.0
43	901124.0
44	893820.5
45	880563.0
46	867257.0
47	849449.5
48	831275.0
49	814315.5
50	795195.0
51	775225.0
52	753350.0
53	727804.5
54	702371.0
55	675108.0
56	646239.0
57	614135.5
58	580167.5
59	540672.0
60	500170.0
61	457274.5
62	414257.5
63	377820.0
64	335397.0
65	296478.0
66	260167.0
67	226791.0
68	191725.0
69	159714.5
70	132901.0
71	111001.5
72	91562.5
73	75504.5
74	60995.5
75	50353.0
76	42137.5
77	34471.0
78	27706.5
79	22838.5
80	18440.5
81	14838.5
82	11726.5
83	9534.5
84	7605.0
85	6074.5
86	4732.0
87	3720.0
88	2929.5
89	2262.5
90	1679.5
91	1349.0
92	1074.5
93	884.5
94	709.5
95	621.0
96	536.0
97	486.0
98	470.5
99	718.0
100	943.0
>>END_MODULE
>>Per base N content	pass
#Base	N-Count
1	9.80779317437843E-4
2	0.0016322970068786957
3	0.0
4	1.1909463140316666E-4
5	0.001387102177519235
6	0.0023888981946164605
7	1.261001979562941E-4
8	3.0824492833760774E-4
9	5.464341911439411E-4
10	9.597626177784606E-4
11	0.0019825753345350684
12	1.7513916382818622E-4
13	0.0
14	0.0018494695700256468
15	0.0019195252355569212
16	0.0014781745427098919
17	0.0
18	4.623673925064117E-4
19	0.0018634807031319015
20	0.002683131989847813
21	2.384337706372318E-4
22	4.8440330183331204E-4
23	4.217179100784957E-5
24	8.374383647122896E-4
25	0.0017333729895251425
26	0.003428989196779036
27	2.8966769463372935E-4
28	5.235428740579411E-4
29	0.0
30	5.322495313542877E-4
31	1.4216902446885298E-5
32	7.12080401282941E-5
33	6.706202345387256E-4
34	1.0722414836505333E-4
35	4.297790462945095E-4
36	5.599151168682828E-4
37	6.617568623287497E-4
38	0.0014199909351238578
39	1.44478730852595E-5
40	1.4482175338593259E-5
41	5.8074572396923445E-5
42	0.0
43	0.0010226621195212977
44	0.0013200705357689613
45	0.0
46	7.609947514490422E-4
47	0.0
48	1.2254268222893373E-4
49	0.0010494386814852406
50	0.0
>>END_MODULE
>>Sequence Length Distribution	warn
#Length	Count
20	14638.0
21	15396.0
22	16809.0
23	17519.0
24	18018.0
25	18710.0
26	19123.0
27	19682.0
28	20705.0
29	22628.0
30	23373.0
31	24404.0
32	26483.0
33	27489.0
34	28724.0
35	29979.0
36	28296.0
37	29059.0
38	30460.0
39	32788.0
40	34688.0
41	41155.0
42	44476.0
43	54126.0
44	86672.0
45	145454.0
46	371115.0
47	791761.0
48	1568261.0
49	2111610.0
50	8560762.0
>>END_MODULE
>>Sequence Duplication Levels	warn
#Total Duplicate Percentage	34.48484228274587
#Duplication Level	Relative count
1	100.0
2	24.16340010264573
3	9.298364362592325
4	4.391452139568441
5	2.418868963054975
6	1.5322478671258453
7	1.0197630222473464
8	0.7051315427355831
9	0.5385181824267533
10++	4.694182664772431
>>END_MODULE
>>Overrepresented sequences	pass
>>END_MODULE
>>Kmer Content	warn
#Sequence	Count	Obs/Exp Overall	Obs/Exp Max	Max Obs/Exp Position
AAAAA	3408990	3.5824718	4.3047576	13
TTTTT	3681320	3.5748527	5.2346935	13
GCAGC	1356000	3.0260777	3.3313804	46
AGAAA	2350610	3.0145323	6.385597	28
CAGCA	1644275	3.0068552	3.2803707	23
GAAAA	2339095	2.999765	6.616359	4
TTTTC	2492895	2.93676	5.1156764	4
GAGAA	1477415	2.3121936	6.487009	27
GGAAA	1459080	2.283499	6.275351	20
TGAAA	1572615	1.9851866	5.2469087	10
CTGAA	1294735	1.9516822	5.806391	9
AAATG	1483690	1.8729321	5.310764	23
CATTT	1518560	1.8174266	5.3117905	1
AAAAC	1416155	1.7771218	5.014394	5
TGAGA	1072380	1.6519995	5.7015886	26
ATGAG	895425	1.3794006	5.4287214	25
AACTG	891875	1.3444115	5.0508437	7
ACTGA	871505	1.3137058	5.073341	8
>>END_MODULE
