##FastQC	0.10.1
>>Basic Statistics	pass
#Measure	Value	
Filename	KS27_S1_L003_R1_001_trimmed.fq.gz	
File type	Conventional base calls	
Encoding	Sanger / Illumina 1.9	
Total Sequences	19809919	
Filtered Sequences	0	
Sequence length	20-50	
%GC	44	
>>END_MODULE
>>Per base sequence quality	pass
#Base	Mean	Median	Lower Quartile	Upper Quartile	10th Percentile	90th Percentile
1	35.241033999179905	36.0	36.0	36.0	36.0	36.0
2	35.23351958178123	36.0	36.0	36.0	36.0	36.0
3	35.21516059707261	36.0	36.0	36.0	36.0	36.0
4	35.20316529310392	36.0	36.0	36.0	36.0	36.0
5	35.18894918247773	36.0	36.0	36.0	36.0	36.0
6	35.15312586588567	36.0	36.0	36.0	36.0	36.0
7	35.12975398839339	36.0	36.0	36.0	36.0	36.0
8	35.12327430515995	36.0	36.0	36.0	36.0	36.0
9	35.10717888346742	36.0	36.0	36.0	36.0	36.0
10	35.09446267801499	36.0	36.0	36.0	36.0	36.0
11	35.081035162233626	36.0	36.0	36.0	36.0	36.0
12	35.055209362542065	36.0	36.0	36.0	36.0	36.0
13	35.05130863987884	36.0	36.0	36.0	36.0	36.0
14	35.033227546261045	36.0	36.0	36.0	36.0	36.0
15	35.00531349976747	36.0	36.0	36.0	36.0	36.0
16	35.011495604802825	36.0	36.0	36.0	36.0	36.0
17	34.994788469352144	36.0	36.0	36.0	36.0	36.0
18	34.9907662923811	36.0	36.0	36.0	36.0	36.0
19	34.98070375754691	36.0	36.0	36.0	36.0	36.0
20	34.96611399572103	36.0	36.0	36.0	36.0	36.0
21	34.95762665023521	36.0	36.0	36.0	36.0	36.0
22	34.95381487782275	36.0	36.0	36.0	36.0	36.0
23	34.93905475532679	36.0	36.0	36.0	36.0	36.0
24	34.929451015251594	36.0	36.0	36.0	36.0	36.0
25	34.91486717611896	36.0	36.0	36.0	36.0	36.0
26	34.9003619372123	36.0	36.0	36.0	36.0	36.0
27	34.88363788233008	36.0	36.0	36.0	36.0	36.0
28	34.85373713805037	36.0	36.0	36.0	36.0	36.0
29	34.858183433259924	36.0	36.0	36.0	36.0	36.0
30	34.83478839109126	36.0	36.0	36.0	36.0	36.0
31	34.81576734652929	36.0	36.0	36.0	36.0	36.0
32	34.7978948286486	36.0	36.0	36.0	36.0	36.0
33	34.785500294335506	36.0	36.0	36.0	36.0	36.0
34	34.76463556959818	36.0	36.0	36.0	36.0	36.0
35	34.73231192383429	36.0	36.0	36.0	36.0	36.0
36	34.71854810546197	36.0	36.0	36.0	32.0	36.0
37	34.69735902558988	36.0	36.0	36.0	32.0	36.0
38	34.67685016973135	36.0	36.0	36.0	32.0	36.0
39	34.657539960953436	36.0	36.0	36.0	32.0	36.0
40	34.641891825459474	36.0	36.0	36.0	32.0	36.0
41	34.62162699549424	36.0	36.0	36.0	32.0	36.0
42	34.6023918595661	36.0	36.0	36.0	32.0	36.0
43	34.57166297240374	36.0	36.0	36.0	32.0	36.0
44	34.550681032362824	36.0	36.0	36.0	32.0	36.0
45	34.529380961432	36.0	36.0	36.0	32.0	36.0
46	34.52423666846344	36.0	36.0	36.0	32.0	36.0
47	34.53218944190577	36.0	36.0	36.0	32.0	36.0
48	34.557534099212965	36.0	36.0	36.0	32.0	36.0
49	34.61916917652122	36.0	36.0	36.0	32.0	36.0
50	34.71693035302161	36.0	36.0	36.0	32.0	36.0
>>END_MODULE
>>Per sequence quality scores	pass
#Quality	Count
8	2.0
9	0.0
10	4.0
11	9.0
12	8.0
13	21.0
14	37.0
15	90.0
16	195.0
17	539.0
18	1184.0
19	2894.0
20	6154.0
21	11383.0
22	19625.0
23	31497.0
24	49346.0
25	73512.0
26	106588.0
27	149508.0
28	201566.0
29	265456.0
30	346667.0
31	457630.0
32	629729.0
33	963124.0
34	1938862.0
35	9157277.0
36	5397012.0
>>END_MODULE
>>Per base sequence content	pass
#Base	G	A	T	C
1	22.196451181854908	27.163412429904433	27.738104330461926	22.902032057778733
2	22.149862340722613	27.095944528409703	27.972486317364453	22.78170681350323
3	22.145380806453574	27.19582043722642	27.813243456472485	22.84555529984752
4	22.201973066064664	27.00930177312037	28.051509047581764	22.7372161132332
5	22.35685917147863	26.991226297160598	27.71980042859915	22.932114102761624
6	21.932294715765533	27.322912628720612	27.890131150889275	22.85466150462458
7	21.918560515998916	27.305292661850633	27.994537410900765	22.781609411249686
8	22.089463739831537	27.1789107706408	27.96389155046955	22.767733939058107
9	21.791743353098024	27.347321624950204	28.130700686188646	22.730234335763118
10	21.998416427157792	27.42289295082923	27.948303944015123	22.63038667799785
11	22.341399064807803	27.437382770324643	27.744050250073148	22.477167914794407
12	21.817080578031838	27.525299734882193	28.07929916772103	22.57832051936494
13	21.880242265053766	27.33853577540885	28.207672433432712	22.573549526104667
14	21.924821915462527	27.080551452620682	28.380062366629378	22.614564265287417
15	21.86508856141286	27.34292536161967	28.161782043145443	22.630204033822025
16	21.96442072454606	27.723244301766524	28.032699320992048	22.27963565269536
17	22.068784684233886	27.493145440248718	27.837473733779362	22.600596141738038
18	21.95800542794953	27.815373994122567	27.84369904229938	22.382921535628526
19	21.981344888740935	27.631887105069204	28.084909083354702	22.301858922835162
20	22.01968920984104	27.41389271381497	28.035088309216732	22.531329767127257
21	22.023279782107366	27.55655558983468	28.068541230732013	22.35162339732594
22	21.915239896199317	27.652791678952244	28.09364112093002	22.33832730391842
23	22.028131546630615	27.415591843503844	28.01363324197729	22.542643367888253
24	21.938486606771903	27.731997624746413	28.018451788634856	22.311063979846825
25	21.95922103124547	27.681334634228282	27.94964041365376	22.40980392087249
26	22.100813814753035	27.719989162741577	27.81420853518878	22.364988487316605
27	21.932546827206828	27.79988510581466	27.989439167167586	22.278128899810927
28	21.84159297178338	27.72074649255306	27.943818357264895	22.493842178398666
29	22.01705908539424	27.564246618183525	28.040807948274686	22.377886348147552
30	21.971898618226422	27.738031995526118	27.957646233509237	22.332423152738222
31	22.048839732575253	27.72818374793184	27.927535848498124	22.29544067099478
32	22.033899518500817	27.678867519891327	27.888937576823487	22.398295384784372
33	21.918551997279117	27.59800033760162	28.070258613385068	22.413189051734197
34	22.05403929685954	27.87313204951497	27.93511781012225	22.137710843503235
35	22.081985172247645	27.62605417399709	27.853098740639204	22.43886191311606
36	22.15119293772435	27.812006166817188	27.782550025695073	22.254250869763393
37	21.94588746093556	27.75378915745947	27.92145630125498	22.37886708034999
38	21.956848199168125	27.56775620002059	27.965053894879045	22.510341705932245
39	21.8720678004733	27.73320967952659	27.994976977382503	22.39974554261761
40	21.972058806101565	27.750725041787483	28.01184410441057	22.265372047700378
41	22.168462632576468	27.74506487070767	27.854121338829685	22.23235115788618
42	22.083009493179897	27.834504146037283	27.834239150484528	22.248247210298288
43	22.05966136136168	27.89077994821689	27.830161630964493	22.219397059456938
44	22.113221103997223	27.64313430628156	27.794590251530877	22.44905433819034
45	21.95805247236574	27.73044948849434	27.986992417265732	22.32450562187419
46	22.00909644682968	27.873956053102724	27.805841384220702	22.311106115846894
47	22.002116761220204	27.799567646289898	27.889407944371374	22.308907648118527
48	21.96698413162619	28.21386198087435	27.996450909911285	21.822702977588175
49	22.025909738447584	28.534307773756577	28.142264738940266	21.297517748855572
50	21.760151223236033	28.486003782763685	28.342032424912038	21.411812569088244
>>END_MODULE
>>Per base GC content	pass
#Base	%GC
1	45.098483239633644
2	44.93156915422584
3	44.990936106301085
4	44.93918917929787
5	45.28897327424025
6	44.78695622039011
7	44.7001699272486
8	44.85719767888964
9	44.52197768886115
10	44.62880310515565
11	44.81856697960222
12	44.39540109739678
13	44.45379179115843
14	44.53938618074994
15	44.495292595234886
16	44.24405637724143
17	44.66938082597193
18	44.340926963578056
19	44.283203811576094
20	44.5510189769683
21	44.3749031794333
22	44.253567200117736
23	44.57077491451887
24	44.24955058661873
25	44.36902495211796
26	44.46580230206965
27	44.21067572701776
28	44.33543515018204
29	44.39494543354179
30	44.30432177096464
31	44.34428040357004
32	44.432194903285186
33	44.33174104901331
34	44.19175014036277
35	44.520847085363705
36	44.40544380748774
37	44.32475454128555
38	44.46718990510037
39	44.27181334309091
40	44.237430853801946
41	44.40081379046264
42	44.33125670347818
43	44.279058420818615
44	44.56227544218756
45	44.28255809423993
46	44.32020256267658
47	44.31102440933873
48	43.78968710921436
49	43.32342748730316
50	43.17196379232428
>>END_MODULE
>>Per sequence GC content	warn
#GC Content	Count
0	6702.0
1	6266.0
2	4824.5
3	4101.5
4	4437.5
5	5296.0
6	6280.0
7	7724.0
8	9165.5
9	11863.0
10	14867.5
11	20148.5
12	25613.0
13	34300.0
14	44276.5
15	59875.0
16	76473.5
17	100418.5
18	125908.0
19	158115.0
20	191091.0
21	231787.5
22	273887.0
23	323613.0
24	375280.0
25	422796.0
26	476364.5
27	535965.0
28	598735.0
29	665543.5
30	733408.0
31	801968.0
32	872766.0
33	942144.0
34	1012289.0
35	1071224.0
36	1125071.0
37	1167209.5
38	1200841.0
39	1218196.0
40	1231872.0
41	1234096.0
42	1234267.0
43	1221399.0
44	1202943.0
45	1173294.0
46	1143376.5
47	1112222.5
48	1080294.0
49	1049018.5
50	1017978.5
51	989344.0
52	960333.0
53	933185.0
54	906390.0
55	877573.0
56	845791.0
57	808894.0
58	769326.5
59	721632.0
60	672718.5
61	618282.0
62	562075.0
63	514279.0
64	458717.0
65	407037.5
66	356577.0
67	310326.5
68	264922.0
69	224951.5
70	190342.5
71	160229.5
72	132807.0
73	109618.5
74	88327.5
75	72293.0
76	60429.0
77	49414.5
78	39436.0
79	31720.0
80	25031.5
81	20373.5
82	16519.5
83	13386.5
84	10390.0
85	8126.5
86	6294.0
87	4927.0
88	3947.0
89	3114.0
90	2327.5
91	1778.5
92	1387.5
93	1184.5
94	997.0
95	881.0
96	758.0
97	646.0
98	575.0
99	709.5
100	823.0
>>END_MODULE
>>Per base N content	pass
#Base	N-Count
1	0.0
2	7.016686943545807E-4
3	0.0
4	2.019190487351311E-4
5	0.0013478096503070002
6	0.002251397393396712
7	0.0013377136978702437
8	0.001322569769215109
9	0.0017768876288691538
10	0.001433625246019431
11	0.0025997077524648133
12	0.012609844593508938
13	0.0018980390581102326
14	0.004684521930655042
15	0.019631579513273125
16	0.002917730254222645
17	0.006092907295582582
18	0.003013641802371832
19	0.01034835124767547
20	0.017344846286347766
21	0.005911199834122638
22	0.014037723651632647
23	0.01845409919903338
24	0.009190089658595768
25	0.01483802239689438
26	0.007071029378426569
27	0.011971792911153849
28	0.03747078032009793
29	0.012599683408763369
30	0.011829945150357329
31	0.02614548602344823
32	0.026645408960761056
33	0.009900771640749836
34	0.02926647419521297
35	0.018019015143262464
36	0.011659755382650499
37	0.023858473225556946
38	0.02024503401072894
39	0.013904986688764508
40	0.006670234474524724
41	0.02036032117149358
42	0.007414129751842791
43	0.011878508221844082
44	0.028691486447777734
45	0.012666209885239308
46	0.01617249730869184
47	0.011702715716518384
48	0.004926147818552046
49	0.004782902007088715
50	0.006170180115532635
>>END_MODULE
>>Sequence Length Distribution	warn
#Length	Count
20	16983.0
21	17650.0
22	18158.0
23	18474.0
24	19045.0
25	19507.0
26	20510.0
27	21608.0
28	22570.0
29	24165.0
30	24694.0
31	25962.0
32	26762.0
33	26869.0
34	27540.0
35	27899.0
36	28654.0
37	30459.0
38	32449.0
39	35303.0
40	37143.0
41	40482.0
42	44285.0
43	57696.0
44	94365.0
45	185326.0
46	510647.0
47	1120152.0
48	2264571.0
49	3057859.0
50	1.1912132E7
>>END_MODULE
>>Sequence Duplication Levels	warn
#Total Duplicate Percentage	36.02545445576302
#Duplication Level	Relative count
1	100.0
2	23.7458168190861
3	10.685039248646731
4	5.7076322810480695
5	3.264808845981833
6	2.1806517280199866
7	1.5229091806363062
8	1.0671930663294418
9	0.8127322918433756
10++	5.231867742084728
>>END_MODULE
>>Overrepresented sequences	pass
>>END_MODULE
>>Kmer Content	warn
#Sequence	Count	Obs/Exp Overall	Obs/Exp Max	Max Obs/Exp Position
AAAAA	6131065	4.330107	5.2896004	46
TTTTT	5505850	3.6345708	4.2378163	46
CCTGG	1849490	3.0630689	3.7951012	9
>>END_MODULE
