##FastQC	0.10.1
>>Basic Statistics	pass
#Measure	Value	
Filename	KS25_S6_L004_R1_001.fastq.gz	
File type	Conventional base calls	
Encoding	Sanger / Illumina 1.9	
Total Sequences	14601136	
Filtered Sequences	0	
Sequence length	35-75	
%GC	46	
>>END_MODULE
>>Per base sequence quality	pass
#Base	Mean	Median	Lower Quartile	Upper Quartile	10th Percentile	90th Percentile
1	31.417839474955922	32.0	32.0	32.0	32.0	32.0
2	31.454779682895907	32.0	32.0	32.0	32.0	32.0
3	31.56402967549922	32.0	32.0	32.0	32.0	32.0
4	31.64555819492401	32.0	32.0	32.0	32.0	32.0
5	31.63027500052051	32.0	32.0	32.0	32.0	32.0
6	35.27917697636677	36.0	36.0	36.0	36.0	36.0
7	35.29075080185542	36.0	36.0	36.0	36.0	36.0
8	35.247862152643464	36.0	36.0	36.0	36.0	36.0
9	35.33513755368075	36.0	36.0	36.0	36.0	36.0
10	35.23427471670698	36.0	36.0	36.0	36.0	36.0
11	35.31920660145896	36.0	36.0	36.0	36.0	36.0
12	35.26773341471513	36.0	36.0	36.0	36.0	36.0
13	35.29458748963094	36.0	36.0	36.0	36.0	36.0
14	35.26480693009092	36.0	36.0	36.0	36.0	36.0
15	35.23253135920383	36.0	36.0	36.0	36.0	36.0
16	35.24034876464407	36.0	36.0	36.0	36.0	36.0
17	35.23534011326242	36.0	36.0	36.0	36.0	36.0
18	35.23042707087996	36.0	36.0	36.0	36.0	36.0
19	35.22581510096201	36.0	36.0	36.0	36.0	36.0
20	35.213925546615	36.0	36.0	36.0	36.0	36.0
21	35.20098518361859	36.0	36.0	36.0	36.0	36.0
22	35.18237122097897	36.0	36.0	36.0	36.0	36.0
23	35.16497990293358	36.0	36.0	36.0	36.0	36.0
24	35.15466673278024	36.0	36.0	36.0	36.0	36.0
25	35.13847429405493	36.0	36.0	36.0	36.0	36.0
26	35.1017692732949	36.0	36.0	36.0	36.0	36.0
27	35.0818315095483	36.0	36.0	36.0	36.0	36.0
28	35.064292668734815	36.0	36.0	36.0	36.0	36.0
29	35.049755443686024	36.0	36.0	36.0	36.0	36.0
30	35.020663323730425	36.0	36.0	36.0	36.0	36.0
31	35.00819429392343	36.0	36.0	36.0	36.0	36.0
32	34.99364802848217	36.0	36.0	36.0	36.0	36.0
33	34.978630840778415	36.0	36.0	36.0	36.0	36.0
34	34.97286279642899	36.0	36.0	36.0	36.0	36.0
35	34.95644215628154	36.0	36.0	36.0	36.0	36.0
36	34.971185497837	36.0	36.0	36.0	36.0	36.0
37	34.9584434840811	36.0	36.0	36.0	36.0	36.0
38	34.936067184958084	36.0	36.0	36.0	36.0	36.0
39	34.91386535048893	36.0	36.0	36.0	36.0	36.0
40	34.91623919962932	36.0	36.0	36.0	36.0	36.0
41	34.88531854102473	36.0	36.0	36.0	36.0	36.0
42	34.87774388032198	36.0	36.0	36.0	36.0	36.0
43	34.86379060811935	36.0	36.0	36.0	36.0	36.0
44	34.842422102209085	36.0	36.0	36.0	36.0	36.0
45	34.8329932058369	36.0	36.0	36.0	36.0	36.0
46	34.80323922977348	36.0	36.0	36.0	36.0	36.0
47	34.79091884063475	36.0	36.0	36.0	36.0	36.0
48	34.76660309129297	36.0	36.0	36.0	36.0	36.0
49	34.74799741086969	36.0	36.0	36.0	36.0	36.0
50	34.72127779605185	36.0	36.0	36.0	36.0	36.0
51	34.70711625125049	36.0	36.0	36.0	32.0	36.0
52	34.694037471659854	36.0	36.0	36.0	32.0	36.0
53	34.65264246856901	36.0	36.0	36.0	32.0	36.0
54	34.62905130529937	36.0	36.0	36.0	32.0	36.0
55	34.60204307184515	36.0	36.0	36.0	32.0	36.0
56	34.57749923097445	36.0	36.0	36.0	32.0	36.0
57	34.56079828239316	36.0	36.0	36.0	32.0	36.0
58	34.53384497663194	36.0	36.0	36.0	32.0	36.0
59	34.498356029210285	36.0	36.0	36.0	32.0	36.0
60	34.468174822886986	36.0	36.0	36.0	32.0	36.0
61	34.445827623827626	36.0	36.0	36.0	32.0	36.0
62	34.41414858890665	36.0	36.0	36.0	32.0	36.0
63	34.3859302586031	36.0	36.0	36.0	32.0	36.0
64	34.35395631485746	36.0	36.0	36.0	32.0	36.0
65	34.32875072885795	36.0	36.0	36.0	32.0	36.0
66	34.298156174215556	36.0	36.0	36.0	32.0	36.0
67	34.27759394657687	36.0	36.0	36.0	32.0	36.0
68	34.224601196851744	36.0	36.0	36.0	32.0	36.0
69	34.19970444367194	36.0	36.0	36.0	32.0	36.0
70	34.16827994641175	36.0	36.0	36.0	32.0	36.0
71	34.13047388626905	36.0	36.0	36.0	32.0	36.0
72	34.11411417470803	36.0	36.0	36.0	32.0	36.0
73	34.087418150838225	36.0	36.0	36.0	32.0	36.0
74	34.04714070647356	36.0	36.0	36.0	32.0	36.0
75	33.22025026558894	36.0	36.0	36.0	21.0	36.0
>>END_MODULE
>>Per sequence quality scores	pass
#Quality	Count
2	16023.0
3	0.0
4	0.0
5	0.0
6	0.0
7	0.0
8	0.0
9	0.0
10	3.0
11	6.0
12	94.0
13	257.0
14	42.0
15	41.0
16	44.0
17	82.0
18	216.0
19	805.0
20	2748.0
21	6291.0
22	11379.0
23	18840.0
24	30997.0
25	50144.0
26	78170.0
27	115493.0
28	161732.0
29	218086.0
30	285636.0
31	379893.0
32	524375.0
33	831284.0
34	1923043.0
35	9945412.0
>>END_MODULE
>>Per base sequence content	fail
#Base	G	A	T	C
1	49.82431765245089	16.728837626655153	7.007621978614123	26.43922274227983
2	17.791140870831786	21.087454036180592	34.88252027941093	26.23888481357669
3	18.909932339913993	21.648628982168326	29.578694385158343	29.862744292759334
4	13.319619346005574	15.118070080929801	35.55411893047902	36.008191642585594
5	13.89976889448851	34.7327716967294	34.521912857308685	16.845546551473408
6	34.158686326256095	35.0401673267804	16.502175883039097	14.298970463924412
7	30.07677074562261	30.140767507252086	20.728046467655066	19.054415279470238
8	26.181182140995414	32.55235663926636	21.04969635819757	20.216764861540668
9	24.66059741875157	12.121743588822383	20.36870746219107	42.84895153023498
10	13.935661657197992	23.098127522220775	37.874660278600516	25.091550541980716
11	33.772943685797976	21.41778401031243	25.567062798896384	19.24220950499321
12	21.381994092195242	23.909550786476593	33.51810849871372	21.19034662261444
13	28.947468559208282	20.276339305701644	25.453920034764216	25.32227210032586
14	20.437621596597953	20.932331544660062	27.771757940562953	30.858288918179035
15	23.195089403832526	29.95358349297671	23.060616671259247	23.79071043193152
16	23.145004087386916	27.980427714204204	25.726444491722482	23.1481237066864
17	21.941023014357175	27.914593462525794	27.23655277816497	22.90783074495206
18	22.216907061330275	27.046386270713157	28.326499767262685	22.41020690069388
19	23.085630082208024	26.41473923373575	27.046611285387463	23.45301939866876
20	23.12548962767522	26.8358475267366	27.285163408972824	22.753499436615353
21	22.72847133613848	26.402888154958248	26.767472809561	24.101167699342273
22	22.820447981486026	26.816027654674755	27.17201659137868	23.191507772460543
23	22.400014425775954	26.963029972429215	27.241782038592515	23.395173563202317
24	22.843206451199745	26.38876909159399	27.699035339615392	23.068989117590878
25	23.04216680570353	26.41739266490096	27.242645644685954	23.297794884709564
26	22.33543914617764	26.91979891928303	27.53124710306744	23.21351483147189
27	22.34627747395905	26.90596048467163	27.302533061999135	23.44522897937019
28	22.44763757979315	26.75149959070592	27.12638526744272	23.674477562058215
29	22.561875439606727	26.801600761598728	27.044715538021038	23.59180826077351
30	22.37206777375679	26.853203876065677	27.383574753748295	23.39115359642923
31	23.31408584511409	26.500811030508654	26.934805271074282	23.25029785330298
32	22.278632704627466	27.099205495864275	27.514574320669617	23.10758747883864
33	22.24215052893298	26.88914164074665	27.82551983768713	23.04318799263324
34	22.45280882874369	26.544864551596532	27.840937960077532	23.16138865958224
35	22.261575188621414	26.96146965430706	27.635177565307117	23.141777591764416
36	22.33191712018276	27.207700424068243	27.608151395284803	22.85223106046419
37	22.55050326554729	26.82652075957515	26.952407487597647	23.67056848727991
38	22.56613536971413	27.498584835659983	26.96895661991663	22.96632317470926
39	22.872183802237792	26.91263962323364	27.196749527073315	23.018427047455255
40	22.92845834440357	26.601770499456695	27.400773837824737	23.068997318315
41	22.909411239559	26.563847161912356	27.474681789255445	23.052059809273196
42	22.42208050151262	27.296235520204622	27.49960638452907	22.782077593753694
43	22.462237633537214	27.023776708477538	27.412692592000887	23.10129306598436
44	22.308466191698745	27.341557262526916	27.33795954382584	23.0120170019485
45	22.386929653490366	27.32530896757785	27.2715036387556	23.016257740176187
46	22.677280291147568	26.94508543792796	27.135865127986943	23.241769142937525
47	22.946129488926196	27.008097927679735	27.101958412180068	22.943814171214
48	22.365153138647678	27.108632140253203	27.153161419121872	23.373053301977244
49	22.950750592133563	26.713946954901612	27.085401159275897	23.24990129368893
50	22.436364652139723	27.55647077009006	26.999848906473666	23.007315671296556
51	22.632915210743942	27.113550531610613	27.242086114724756	23.011448142920685
52	22.582235216989112	27.321040076395885	26.940017964158052	23.156706742456947
53	22.408672093701934	26.83795243600934	27.61945755454131	23.133917915747414
54	22.61803418978424	27.44852557361866	27.29148043443078	22.64195980216632
55	22.637254605115583	26.74587427770486	27.20833705956707	23.408534057612478
56	22.927854920755255	27.226453324773754	26.751741568268457	23.093950186202537
57	22.54091980517371	27.136905524797072	26.947696812082896	23.374477857946324
58	22.6840447754336	27.162945395036814	26.69496647497729	23.4580433545523
59	22.741681377832332	27.06152814553724	26.837374759068943	23.35941571756149
60	22.554531479978444	26.986992444100633	27.466043622911272	22.99243245300965
61	22.95283677135542	26.860270634913686	27.014517627876888	23.172374965854004
62	22.822045577754928	26.943269324154727	27.177244390553394	23.057440707536948
63	22.80103162565598	27.225172501562017	27.057009679145022	22.91678619363698
64	22.837710692381325	26.864046339219318	26.898200703896862	23.4000422645025
65	22.71593133334172	27.269880241350613	26.850964018484134	23.16322440682353
66	22.692133492433115	27.78582543799596	26.534734858890975	22.98730621067995
67	23.09467992438618	26.922712700013374	26.663963075010212	23.318644300590236
68	22.99222059109236	27.270253690692186	27.0805855910115	22.656940127203956
69	23.2128822308286	26.913673658851987	27.02924951488182	22.844194595437585
70	23.592677445779543	26.707858589486932	26.768909078431115	22.930554886302406
71	23.098564881434406	27.228203746753344	26.805719237473134	22.86751213433912
72	22.918630887283886	27.48911876604981	26.984846627789576	22.60740371887673
73	23.804925985667982	28.260678386235433	26.68221225846236	21.252183369634224
74	24.78196036031299	30.44023648415497	27.311742706816826	17.466060448715208
75	30.43886433362456	40.88591999931243	28.675215667063007	0.0
>>END_MODULE
>>Per base GC content	fail
#Base	%GC
1	76.26354039473073
2	44.03002568440848
3	48.77267663267333
4	49.32781098859117
5	30.745315445961918
6	48.45765679018051
7	49.13118602509285
8	46.39794700253608
9	67.50954894898655
10	39.02721219917871
11	53.01515319079119
12	42.572340714809684
13	54.269740659534136
14	51.295910514776985
15	46.98579983576404
16	46.293127794073314
17	44.848853759309236
18	44.627113962024154
19	46.538649480876785
20	45.87898906429058
21	46.82963903548075
22	46.01195575394657
23	45.79518798897827
24	45.91219556879062
25	46.3399616904131
26	45.54895397764953
27	45.79150645332924
28	46.12211514185136
29	46.153683700380235
30	45.763221370186024
31	46.56438369841707
32	45.38622018346611
33	45.28533852156622
34	45.61419748832593
35	45.40335278038583
36	45.18414818064696
37	46.2210717528272
38	45.532458544423385
39	45.89061084969305
40	45.997455662718565
41	45.961471048832195
42	45.20415809526631
43	45.56353069952158
44	45.32048319364724
45	45.403187393666556
46	45.919049434085096
47	45.8899436601402
48	45.73820644062492
49	46.20065188582249
50	45.443680323436276
51	45.64436335366463
52	45.73894195944606
53	45.54259000944935
54	45.25999399195056
55	46.045788662728064
56	46.02180510695779
57	45.91539766312004
58	46.1420881299859
59	46.101097095393825
60	45.546963932988085
61	46.125211737209426
62	45.879486285291875
63	45.71781781929296
64	46.237752956883824
65	45.87915574016525
66	45.67943970311306
67	46.413324224976414
68	45.649160718296315
69	46.05707682626619
70	46.52323233208195
71	45.96607701577352
72	45.526034606160614
73	45.05710935530221
74	42.2480208090282
75	30.43886433362456
>>END_MODULE
>>Per sequence GC content	warn
#GC Content	Count
0	16032.0
1	8025.5
2	32.5
3	76.5
4	108.0
5	149.5
6	272.5
7	487.0
8	627.5
9	790.0
10	1307.5
11	2180.0
12	2697.5
13	3372.0
14	4963.5
15	7462.0
16	9537.0
17	13078.0
18	20286.5
19	29075.5
20	35202.5
21	44944.5
22	62996.0
23	83203.5
24	97025.5
25	114616.0
26	143694.0
27	173878.5
28	195130.0
29	222728.0
30	267504.0
31	314394.0
32	348761.5
33	389097.5
34	456734.5
35	527483.5
36	568622.5
37	599143.0
38	627351.5
39	631469.0
40	631300.5
41	621891.0
42	606338.5
43	601805.0
44	604248.0
45	603183.0
46	594460.5
47	584395.5
48	581089.0
49	574761.5
50	559151.5
51	544449.5
52	537478.5
53	531471.5
54	517564.5
55	501430.5
56	491880.0
57	479332.0
58	454846.0
59	424044.0
60	397078.5
61	366519.0
62	327592.5
63	288306.5
64	256987.5
65	231739.0
66	197529.5
67	162924.5
68	139008.0
69	120291.5
70	98055.0
71	76609.0
72	62117.0
73	52083.5
74	41115.5
75	31454.0
76	25145.0
77	20733.5
78	16239.5
79	12216.5
80	9516.0
81	7858.5
82	6100.0
83	4290.5
84	3132.5
85	2525.5
86	1905.5
87	1296.0
88	1003.0
89	840.0
90	581.5
91	385.0
92	306.0
93	269.0
94	184.0
95	120.0
96	110.0
97	87.5
98	57.0
99	65.5
100	81.0
>>END_MODULE
>>Per base N content	pass
#Base	N-Count
1	0.15054992981368026
2	0.1097380368212446
3	0.1097380368212446
4	0.10976543194995238
5	0.1097380368212446
6	0.1097380368212446
7	0.1097380368212446
8	0.1097380368212446
9	0.1097380368212446
10	0.1097380368212446
11	0.1097380368212446
12	0.1097380368212446
13	0.1097380368212446
14	0.10974488560342155
15	0.1097380368212446
16	0.1097380368212446
17	0.1097380368212446
18	0.1097380368212446
19	0.11001198810832254
20	0.11008732471226895
21	0.10989555881131441
22	0.11433356966197698
23	0.11048455407853197
24	0.11173103243473659
25	0.1114639299298356
26	0.1146760087708244
27	0.11242960821678531
28	0.11978520027482793
29	0.11696350201792517
30	0.11902498545318665
31	0.1263874262934062
32	0.1229493376405781
33	0.13301019865851535
34	0.11860036095821586
35	0.13114732990638536
36	0.017646388727928553
37	0.017256350113847314
38	0.022327244490536153
39	0.013748355487813089
40	0.014599230827524014
41	0.021226524180067
42	0.01689246560898613
43	0.0288189267318613
44	0.02158165352332921
45	0.01392121889602937
46	0.020175282019643317
47	0.018796291585928788
48	0.02110078637910922
49	0.025770341694431594
50	0.04334483718077659
51	0.02678124576312323
52	0.026406794007026998
53	0.02912566802014948
54	0.02335217000267593
55	0.017770361831959947
56	0.022773430894073216
57	0.022975706610522634
58	0.02325886937865602
59	0.034478694603191876
60	0.033142129468436594
61	0.02915219703013416
62	0.02225222161928539
63	0.0304513232237038
64	0.02469002512231563
65	0.021211635045445085
66	0.016216839176596838
67	0.023249818760543994
68	0.015698056689344375
69	0.01933770364950976
70	0.02850205809675591
71	0.05179649627889046
72	0.017154802468842895
73	0.015831669489411577
74	0.016256464080237766
75	0.017076132117263013
>>END_MODULE
>>Sequence Length Distribution	warn
#Length	Count
35	20249.0
36	6542.0
37	9180.0
38	10697.0
39	12606.0
40	12870.0
41	13645.0
42	14460.0
43	16362.0
44	17401.0
45	18751.0
46	19995.0
47	21332.0
48	22293.0
49	23181.0
50	23180.0
51	23894.0
52	24697.0
53	25602.0
54	27010.0
55	27648.0
56	29346.0
57	30754.0
58	30577.0
59	34072.0
60	34393.0
61	33821.0
62	33606.0
63	34019.0
64	36777.0
65	37709.0
66	37800.0
67	45151.0
68	41176.0
69	49575.0
70	56985.0
71	114041.0
72	359934.0
73	996186.0
74	3096622.0
75	9076997.0
>>END_MODULE
>>Sequence Duplication Levels	warn
#Total Duplicate Percentage	30.935269481094053
#Duplication Level	Relative count
1	100.0
2	21.399745190288762
3	8.31334476892745
4	4.0435027082428805
5	2.2875933293949338
6	1.3573243556801924
7	0.9217278660754322
8	0.6213655807597315
9	0.4227848281457967
10++	2.9844053609685615
>>END_MODULE
>>Overrepresented sequences	warn
#Sequence	Count	Percentage	Possible Source
NNNNNNNNNNNNNNNNNNNNNNNNNNNNNNNNNNN	16023	0.1097380368212446	No Hit
>>END_MODULE
>>Kmer Content	warn
#Sequence	Count	Obs/Exp Overall	Obs/Exp Max	Max Obs/Exp Position
AAAAA	5185550	3.8884978	8.76267	71
TTTTT	5008630	3.4562023	6.073875	71
CCTGG	2381450	2.9931123	10.996808	3
CCAGG	2269420	2.900132	11.874471	3
CCCAG	2118400	2.6993928	10.816357	2
CTGGG	2086010	2.6293156	10.006158	4
GAAAA	2996675	2.5711534	5.3778353	24
AGAAA	2990380	2.5657525	5.348108	48
CCAGC	1989100	2.534631	6.0325127	3
TTTCT	3152510	2.5235658	5.594528	16
CAGCA	2242035	2.5040555	5.694564	4
TGCTG	2252340	2.440268	5.552674	2
GCTGG	1930715	2.4335737	5.6820774	3
TCCAG	2186425	2.401678	8.334118	2
CAGCC	1809735	2.3060734	5.338562	5
CTGGA	2057520	2.2665691	7.8223114	4
AGGAG	2001325	2.2480638	6.638665	5
GGCTG	1781395	2.245363	9.038595	7
CTCCA	2049655	2.244999	6.3345923	1
CTCCT	2081545	2.2423317	5.8746276	1
CAGGA	1991020	2.2300878	8.656306	4
AGCAG	1984830	2.2231543	5.1129713	7
CTGCT	2050285	2.2149966	6.6610017	9
GCTGC	1741515	2.1888137	5.8624353	8
TCCTG	2015615	2.1775413	7.774729	2
CCTGC	1729050	2.1669273	6.4020953	8
GGCAG	1690810	2.166918	6.152546	7
CAGAG	1923425	2.1543763	7.75804	4
CCCTG	1703565	2.1349883	8.09228	2
CTCTG	1965070	2.1229355	7.1339235	2
CTGCC	1692840	2.1215472	6.0260644	9
GCAGG	1652510	2.1178334	5.641761	3
TGCAG	1906625	2.100343	5.121128	2
GCCTG	1667870	2.0962534	8.29033	7
GAGAA	2106255	2.0677624	5.1361704	47
CAGGG	1596825	2.0464683	8.922971	4
CACAG	1831485	2.0455256	5.3834724	7
TGGAG	1849585	2.0433557	5.8761964	5
CTGTG	1884140	2.0413465	10.938486	9
AGCTG	1831670	2.0177722	6.7833357	7
CAGTG	1797270	1.9798771	6.6125298	7
GCCAG	1537965	1.9653928	5.5329685	2
CAGGC	1534430	1.9608754	5.604336	4
CTGGC	1548835	1.9466448	5.320966	4
CCCCA	1520510	1.9319801	7.1103654	1
CACTG	1751275	1.9236876	6.7189617	7
CTCAG	1745955	1.9178438	5.91043	2
GTGTG	1750645	1.9021573	10.158807	9
CTGAG	1721495	1.8964032	6.075656	9
CAGAA	1922780	1.8822381	5.2781157	4
GGCCA	1424795	1.8207709	7.4075623	1
CCTCT	1684390	1.8144989	5.571457	1
CACAC	1623630	1.8081894	5.8115406	5
ACCTG	1642655	1.804374	6.660284	7
CCAGA	1612385	1.8008199	6.849825	3
CATTT	2207740	1.7969146	5.003943	14
ACACA	1821505	1.7779951	5.7380476	6
TGGGG	1406185	1.7775161	6.298217	5
TGTGT	1873590	1.7498474	8.587961	10
AGAGG	1548410	1.7393101	5.4007835	5
TCTGG	1601705	1.7353458	6.2351546	3
TGGCC	1367790	1.7190994	6.1575847	5
GCCCA	1324655	1.6879554	7.9859724	1
CCTGA	1519260	1.6688308	5.2905054	3
AGGTG	1465635	1.6191815	5.978131	7
CCTGT	1477335	1.5960182	7.379378	8
GGCCT	1268245	1.5939867	6.254805	6
TCAGG	1445830	1.5927299	5.490635	3
TGGGC	1253280	1.5796993	6.632588	5
TCTGT	1692705	1.5763843	5.648298	8
GCCCC	1081235	1.5719359	5.110649	1
GGGCC	1066705	1.5597271	5.482276	6
AGGCC	1200885	1.5346321	5.2333136	5
AGCCT	1396400	1.5338752	5.756878	6
CCATG	1377660	1.5132902	5.3202252	9
GTCCT	1393860	1.5058371	10.831868	1
GCTGT	1371635	1.4860798	6.4418535	8
CTGTC	1354740	1.4635744	6.9769073	9
AGGCT	1310600	1.4437603	5.477261	6
GCCCT	1148400	1.4392292	6.2481976	1
GGGCT	1134120	1.4295038	6.840266	6
AGGAC	1273920	1.4268833	11.037955	5
GACAG	1271045	1.4236631	5.7921104	7
ATGGC	1249310	1.3762431	6.0741696	17
GGACA	1224940	1.3720222	5.671279	6
GGGTG	1084460	1.3708333	5.3642707	7
GAGCT	1234800	1.3602588	5.3049264	6
AGGGC	1056670	1.3542131	6.124984	5
AGAGC	1203995	1.3485622	5.344143	5
TGTCC	1242405	1.3422146	5.450217	10
GCTCT	1231845	1.3308065	5.3145247	1
TGTGC	1218650	1.3203303	7.63394	10
AAGTG	1316105	1.2707464	5.0934443	7
GTGCT	1166825	1.2641811	5.5049815	1
GTCCA	1131170	1.2425334	6.947799	1
GTGCA	1071070	1.1798934	5.811613	11
ACTGT	1211105	1.1467903	6.8610563	8
TGGAC	1037645	1.1430724	5.8494425	5
GTCTT	1204075	1.1213325	5.705266	1
GTTCT	1189315	1.1075867	5.19013	1
AGTGT	1146380	1.0886183	6.4594526	8
ACACT	1113060	1.0685563	5.125603	6
AAGAC	1090245	1.0672572	5.1857553	5
GGACC	831120	1.0621029	6.5870776	6
GACTG	945260	1.0413008	6.0389724	7
AGACT	1027070	0.98883456	5.619882	6
TGTAG	1039995	0.9875936	5.5055223	2
GGACT	865545	0.95348656	5.4780254	6
TAGGA	949905	0.9171673	6.593881	4
TCCTA	952935	0.89974767	6.081589	2
GTGTA	805900	0.7652938	5.737499	1
>>END_MODULE
