##FastQC	0.10.1
>>Basic Statistics	pass
#Measure	Value	
Filename	KS27_S1_L003_R1_001.fastq.gz	
File type	Conventional base calls	
Encoding	Sanger / Illumina 1.9	
Total Sequences	19938679	
Filtered Sequences	0	
Sequence length	35-75	
%GC	45	
>>END_MODULE
>>Per base sequence quality	pass
#Base	Mean	Median	Lower Quartile	Upper Quartile	10th Percentile	90th Percentile
1	31.424443013501545	32.0	32.0	32.0	32.0	32.0
2	31.489966261054708	32.0	32.0	32.0	32.0	32.0
3	31.584689487202237	32.0	32.0	32.0	32.0	32.0
4	31.665058853698383	32.0	32.0	32.0	32.0	32.0
5	31.644188764962813	32.0	32.0	32.0	32.0	32.0
6	35.3055641248851	36.0	36.0	36.0	36.0	36.0
7	35.316238653523634	36.0	36.0	36.0	36.0	36.0
8	35.25948499396575	36.0	36.0	36.0	36.0	36.0
9	35.357226825307734	36.0	36.0	36.0	36.0	36.0
10	35.255886410529	36.0	36.0	36.0	36.0	36.0
11	35.3307455824932	36.0	36.0	36.0	36.0	36.0
12	35.28223890860573	36.0	36.0	36.0	36.0	36.0
13	35.298197488409336	36.0	36.0	36.0	36.0	36.0
14	35.2645688312651	36.0	36.0	36.0	36.0	36.0
15	35.23872333768952	36.0	36.0	36.0	36.0	36.0
16	35.25305688506245	36.0	36.0	36.0	36.0	36.0
17	35.253118774819534	36.0	36.0	36.0	36.0	36.0
18	35.2521728746423	36.0	36.0	36.0	36.0	36.0
19	35.22817800517276	36.0	36.0	36.0	36.0	36.0
20	35.231565842451246	36.0	36.0	36.0	36.0	36.0
21	35.22305635192783	36.0	36.0	36.0	36.0	36.0
22	35.21482942776701	36.0	36.0	36.0	36.0	36.0
23	35.196331662694405	36.0	36.0	36.0	36.0	36.0
24	35.183949498359446	36.0	36.0	36.0	36.0	36.0
25	35.16889092802989	36.0	36.0	36.0	36.0	36.0
26	35.132230726017504	36.0	36.0	36.0	36.0	36.0
27	35.10834654592714	36.0	36.0	36.0	36.0	36.0
28	35.10140190330563	36.0	36.0	36.0	36.0	36.0
29	35.08459662748972	36.0	36.0	36.0	36.0	36.0
30	35.071211638444055	36.0	36.0	36.0	36.0	36.0
31	35.05723849609094	36.0	36.0	36.0	36.0	36.0
32	35.0303500046317	36.0	36.0	36.0	36.0	36.0
33	35.026463488378546	36.0	36.0	36.0	36.0	36.0
34	35.00752216332887	36.0	36.0	36.0	36.0	36.0
35	34.97864241658136	36.0	36.0	36.0	36.0	36.0
36	34.9992171813611	36.0	36.0	36.0	36.0	36.0
37	34.98195998284121	36.0	36.0	36.0	36.0	36.0
38	34.97705278231625	36.0	36.0	36.0	36.0	36.0
39	34.96603706942848	36.0	36.0	36.0	36.0	36.0
40	34.95019821164826	36.0	36.0	36.0	36.0	36.0
41	34.94016043953602	36.0	36.0	36.0	36.0	36.0
42	34.935066175386346	36.0	36.0	36.0	36.0	36.0
43	34.91861498745769	36.0	36.0	36.0	36.0	36.0
44	34.90797335414927	36.0	36.0	36.0	36.0	36.0
45	34.89134932092979	36.0	36.0	36.0	36.0	36.0
46	34.875211043657586	36.0	36.0	36.0	36.0	36.0
47	34.85708702133663	36.0	36.0	36.0	36.0	36.0
48	34.82456539379664	36.0	36.0	36.0	36.0	36.0
49	34.8279470479561	36.0	36.0	36.0	36.0	36.0
50	34.80294194801284	36.0	36.0	36.0	36.0	36.0
51	34.78164602878318	36.0	36.0	36.0	36.0	36.0
52	34.76123894468975	36.0	36.0	36.0	36.0	36.0
53	34.74695902828482	36.0	36.0	36.0	36.0	36.0
54	34.72299434518841	36.0	36.0	36.0	36.0	36.0
55	34.688134261492166	36.0	36.0	36.0	32.0	36.0
56	34.67175463421623	36.0	36.0	36.0	32.0	36.0
57	34.64708534601237	36.0	36.0	36.0	32.0	36.0
58	34.62262031672421	36.0	36.0	36.0	32.0	36.0
59	34.600506383115814	36.0	36.0	36.0	32.0	36.0
60	34.57993198843703	36.0	36.0	36.0	32.0	36.0
61	34.55516758972396	36.0	36.0	36.0	32.0	36.0
62	34.531302697178305	36.0	36.0	36.0	32.0	36.0
63	34.49392743501098	36.0	36.0	36.0	32.0	36.0
64	34.46555322443183	36.0	36.0	36.0	32.0	36.0
65	34.432360530359006	36.0	36.0	36.0	32.0	36.0
66	34.409681910741966	36.0	36.0	36.0	32.0	36.0
67	34.38801942750908	36.0	36.0	36.0	32.0	36.0
68	34.36651246460625	36.0	36.0	36.0	32.0	36.0
69	34.33949005509588	36.0	36.0	36.0	32.0	36.0
70	34.30190228217834	36.0	36.0	36.0	32.0	36.0
71	34.273057498626365	36.0	36.0	36.0	32.0	36.0
72	34.24042124509608	36.0	36.0	36.0	32.0	36.0
73	34.19934863274412	36.0	36.0	36.0	32.0	36.0
74	34.16583841579941	36.0	36.0	36.0	32.0	36.0
75	33.4170244210738	36.0	36.0	36.0	27.0	36.0
>>END_MODULE
>>Per sequence quality scores	pass
#Quality	Count
2	9017.0
3	0.0
4	0.0
5	0.0
6	0.0
7	0.0
8	0.0
9	0.0
10	0.0
11	0.0
12	3.0
13	15.0
14	31.0
15	27.0
16	36.0
17	56.0
18	153.0
19	479.0
20	1708.0
21	4875.0
22	10337.0
23	19749.0
24	35518.0
25	61547.0
26	99319.0
27	149362.0
28	211413.0
29	287593.0
30	381552.0
31	505298.0
32	702862.0
33	1116652.0
34	2608102.0
35	1.3732975E7
>>END_MODULE
>>Per base sequence content	fail
#Base	G	A	T	C
1	43.31277617326237	18.61455595901832	11.534211078159737	26.53845678955958
2	16.32191722912583	20.377152671692524	35.68925008260329	27.61168001657836
3	18.58137213924407	21.914543234915286	28.87984762371165	30.624237002128996
4	13.019011561761559	15.32386750964467	35.83351288145278	35.82360804714099
5	14.614932293596109	35.375416257916406	34.567178321386564	15.442473127100923
6	34.331239536325306	35.55962464391017	16.216451638768383	13.892684180996145
7	30.371448346690478	30.004171671350978	20.661183315602642	18.96319666635591
8	26.431140678652753	34.684707648328406	19.890974568459814	18.993177104559024
9	24.516431839135052	15.597269035470848	20.176373287213803	39.7099258381803
10	14.146085367629416	27.47435957518999	35.028105343683194	23.3514497134974
11	34.07799891438199	22.91561191554578	23.751255791493104	19.255133378579124
12	21.86749077831827	24.38887824590302	31.302733583740654	22.44089739203806
13	27.73716884912549	20.804989066046378	26.334882147022864	25.122959937805266
14	20.348021958425587	20.744114977966007	27.49755615524237	31.41030690836603
15	22.605468951686163	29.678544507066434	23.456247287644484	24.259739253602913
16	22.610542053568704	28.936746634895606	25.534119501147256	22.91859181038843
17	21.417126893572004	28.405855553395735	27.665717562094127	22.51129999093813
18	21.851062500642886	28.176883319739677	28.12935108947053	21.84270309014691
19	22.375202406990386	27.555872960292778	27.878489718811284	22.190434913905555
20	22.404912558450583	27.460519137911866	27.91192181139504	22.222646492242514
21	22.20527874481765	27.156471594952286	27.73064089094938	22.90760876928068
22	22.155831521697134	27.088675289262177	27.969229330312285	22.786263858728404
23	22.150679984652005	27.18887911729067	27.806431636174477	22.85400926188284
24	22.207872268811762	27.004972100800394	28.04695968871233	22.74019594167551
25	22.369587748231805	26.980659790493398	27.71109033200271	22.938662129272092
26	21.9408213714848	27.31488833977245	27.882443586564996	22.861846702177758
27	21.92969951325106	27.296788400316824	27.983299852251715	22.79021223418041
28	22.09880878924558	27.167873462577735	27.954672985429085	22.778644762747604
29	21.802873397688398	27.334705871136666	28.121357698471876	22.741063032703064
30	22.011149525066358	27.410098800246875	27.936163700317625	22.64258797436914
31	22.351552288631186	27.426000443178424	27.729215373474165	22.49323189471622
32	21.818899279275065	27.51848986110134	28.067296500117482	22.595314359506112
33	21.88260046856646	27.330746800997748	28.197208371573502	22.58944435886229
34	21.928028066780794	27.07193354537807	28.371906422988346	22.628131964852795
35	21.872829340055137	27.33275428992669	28.15164767393586	22.642768696082314
36	21.974905423958976	27.71448005247145	28.018622969630723	22.291991553938846
37	22.073001129896763	27.479367386324093	27.827959714070055	22.619671769709086
38	21.95779212529818	27.807830152174795	27.834744724819082	22.399632997707943
39	21.983920673675758	27.623927162031205	28.072817271966027	22.31933489232701
40	22.02821098501327	27.41350586659183	28.01979607853859	22.53848706985631
41	22.033885949549088	27.559588935623268	28.047425106326262	22.359100008501375
42	21.925610018891152	27.65694456656481	28.071200879025188	22.34624453551885
43	22.044081610302594	27.417937410171046	27.984221257917667	22.553759721608692
44	21.954945856243093	27.733967542901016	27.99114730402103	22.31993929683486
45	21.977557260832846	27.683453367922645	27.91737467925266	22.42161469199185
46	22.11973903109262	27.718774052852137	27.7814072764063	22.38007963964894
47	21.94806635388334	27.804245103054182	27.953963440605822	22.29372510245666
48	21.860096758957372	27.72150544897491	27.909817673006742	22.508580119060976
49	22.038183442565657	27.562905514066244	28.004642057775403	22.394268985592696
50	21.990123337869026	27.739637457735917	27.92282398147301	22.34741522292205
51	22.07315599608354	27.728868736923566	27.88687217309317	22.31110309389972
52	22.056386911706205	27.681579780791232	27.84813148633179	22.41390182117077
53	21.94267235639873	27.59936846510389	28.029725256957345	22.428233921540034
54	22.082557231756645	27.875472847228473	27.891445185272012	22.15052473574287
55	22.109704461176214	27.626155341713858	27.805988553729925	22.458151643380003
56	22.180145654199208	27.81617523284256	27.7323342022757	22.271344910682537
57	21.97642531764446	27.75349524309035	27.869188984174613	22.40089045509058
58	21.987243954298673	27.568240937237498	27.911223275789425	22.533291832674404
59	21.905081469688287	27.732911311154734	27.9387870392607	22.42322017989628
60	22.00449693285908	27.75328502468804	27.956711372203554	22.285506670249326
61	22.208637373459847	27.74695035844394	27.78950688944317	22.254905378653046
62	22.118140219411302	27.84224779407691	27.769762906668582	22.2698490798432
63	22.10212536541577	27.894454414313834	27.76024219983231	22.243178020438087
64	22.152499056424578	27.638886490549037	27.724245119104296	22.484369333922093
65	22.004172404567733	27.71313975013224	27.91585247692331	22.366835368376723
66	22.078124419378998	27.836137588359406	27.719576593319378	22.366161398942218
67	22.096276295084174	27.679379349996243	27.787735848813135	22.436608506106452
68	22.107029999975705	27.94825747655148	27.830337050714622	22.114375472758194
69	22.32259610488169	27.85001670079054	27.73369366240337	22.093693531924398
70	22.38202221304108	27.657959351332455	27.706388675186865	22.2536297604396
71	22.23610750496642	27.95085740522701	27.630369912151803	22.18266517765477
72	22.21380491175555	28.09404989669212	27.834377847421944	21.857767344130387
73	22.89290765607264	28.648855571853176	27.874045450600594	20.58419132147359
74	24.080331011813083	31.040512591299873	28.0730020810043	16.80615431588274
75	29.27651859768414	41.2248446990682	29.498636703247655	0.0
>>END_MODULE
>>Per base GC content	fail
#Base	%GC
1	69.85123296282194
2	43.93359724570419
3	49.20560914137306
4	48.84261960890255
5	30.05740542069703
6	48.22392371732145
7	49.334645013046384
8	45.42431778321178
9	64.22635767731535
10	37.49753508112681
11	53.33313229296112
12	44.30838817035633
13	52.86012878693076
14	51.758328866791615
15	46.86520820528908
16	45.529133863957135
17	43.92842688451014
18	43.693765590789795
19	44.56563732089594
20	44.6275590506931
21	45.11288751409833
22	44.94209538042554
23	45.004689246534845
24	44.94806821048727
25	45.30824987750389
26	44.80266807366255
27	44.71991174743147
28	44.87745355199318
29	44.54393643039146
30	44.6537374994355
31	44.84478418334741
32	44.41421363878118
33	44.47204482742875
34	44.55616003163359
35	44.51559803613745
36	44.266896977897815
37	44.69267289960585
38	44.357425123006124
39	44.30325556600276
40	44.56669805486958
41	44.39298595805046
42	44.271854554410005
43	44.59784133191128
44	44.27488515307795
45	44.399171952824695
46	44.49981867074156
47	44.24179145634
48	44.36867687801835
49	44.432452428158356
50	44.337538560791074
51	44.38425908998326
52	44.47028873287698
53	44.37090627793876
54	44.233081967499515
55	44.56785610455622
56	44.45149056488174
57	44.377315772735045
58	44.52053578697308
59	44.32830164958457
60	44.29000360310841
61	44.463542752112886
62	44.38798929925451
63	44.34530338585386
64	44.63686839034667
65	44.37100777294445
66	44.44428581832122
67	44.532884801190626
68	44.2214054727339
69	44.41628963680609
70	44.63565197348068
71	44.418772682621196
72	44.07157225588594
73	43.47709897754623
74	40.88648532769582
75	29.27651859768414
>>END_MODULE
>>Per sequence GC content	warn
#GC Content	Count
0	9036.0
1	4530.5
2	40.5
3	79.0
4	102.0
5	139.0
6	285.5
7	501.5
8	610.5
9	879.0
10	1565.5
11	2648.0
12	3352.0
13	4567.5
14	7525.0
15	12224.5
16	15957.5
17	22308.0
18	35642.0
19	52365.0
20	64005.0
21	82185.5
22	116079.5
23	154303.5
24	179824.0
25	211221.0
26	263869.0
27	316211.5
28	349965.5
29	391370.0
30	455284.0
31	515004.5
32	554559.5
33	598283.5
34	669320.5
35	734405.5
36	772229.0
37	808367.5
38	847094.0
39	870723.5
40	886161.0
41	886993.5
42	877274.0
43	863435.5
44	855959.5
45	841628.0
46	811644.5
47	779737.0
48	761816.5
49	741869.5
50	707641.5
51	675785.5
52	657835.5
53	644616.5
54	621819.0
55	598425.5
56	584809.5
57	571531.5
58	542319.0
59	503161.5
60	470379.5
61	433450.0
62	385959.0
63	341197.0
64	307158.5
65	278185.0
66	237630.5
67	195929.0
68	166805.0
69	144676.0
70	117979.0
71	91995.5
72	74478.0
73	62589.0
74	49409.0
75	37547.0
76	30006.0
77	25002.5
78	19800.5
79	15007.5
80	11775.0
81	9851.5
82	7679.0
83	5406.0
84	3935.5
85	3226.5
86	2428.5
87	1590.5
88	1219.0
89	970.5
90	657.0
91	454.0
92	344.5
93	343.0
94	278.5
95	179.5
96	143.5
97	112.0
98	66.0
99	40.5
100	29.0
>>END_MODULE
>>Per base N content	pass
#Base	N-Count
1	0.07545635295096531
2	0.045559688282257815
3	0.045484457621289755
4	0.045223657996600476
5	0.045278827147977055
6	0.045223657996600476
7	0.045223657996600476
8	0.045223657996600476
9	0.045223657996600476
10	0.045223657996600476
11	0.045223657996600476
12	0.045223657996600476
13	0.045223657996600476
14	0.045223657996600476
15	0.04536910394113873
16	0.047300024239318963
17	0.045223657996600476
18	0.04535907318634298
19	0.052109771163877
20	0.045253750260987706
21	0.045223657996600476
22	0.046046179889851276
23	0.04532898092195577
24	0.04551454988567698
25	0.047515685467427404
26	0.048619068494958964
27	0.04771630056334224
28	0.04744547018385722
29	0.048443530286033494
30	0.048042300094203835
31	0.04970740539029692
32	0.06195495699589727
33	0.0491958368957141
34	0.05263137041325556
35	0.06952817686668208
36	0.00606723337670895
37	0.00878419070548295
38	0.006416906087223729
39	0.014088938420339184
40	0.022018491714223494
41	0.01044589756475363
42	0.018225866769718588
43	0.02270860467423895
44	0.012300052402351781
45	0.019220988210707377
46	0.011324232334525284
47	0.01566228243858508
48	0.04415611448815948
49	0.01742641559555028
50	0.01631813339168609
51	0.03090240177071167
52	0.032693416624186844
53	0.014449662124397543
54	0.035111575203957836
55	0.023729139169444552
56	0.016260764870561054
57	0.029563040535288663
58	0.027011997314608686
59	0.01826745027799659
60	0.011531888739356006
61	0.026705242042485287
62	0.01210326514016242
63	0.017429052162274788
64	0.03451903486648573
65	0.01956091256338968
66	0.022259966835741076
67	0.021044386781379733
68	0.010818023478367208
69	0.01016286469566802
70	0.02561692273213974
71	0.010351330934078615
72	0.006431286806744074
73	0.016022949330966693
74	0.007214957837155154
75	0.024829353053305966
>>END_MODULE
>>Sequence Length Distribution	warn
#Length	Count
35	11969.0
36	4556.0
37	6014.0
38	6904.0
39	7782.0
40	8477.0
41	9149.0
42	10304.0
43	11820.0
44	13609.0
45	14521.0
46	15262.0
47	15845.0
48	16413.0
49	16636.0
50	16908.0
51	17650.0
52	18136.0
53	19516.0
54	20978.0
55	21558.0
56	22050.0
57	22817.0
58	23054.0
59	23607.0
60	23909.0
61	23840.0
62	24949.0
63	25823.0
64	27902.0
65	29684.0
66	28948.0
67	30747.0
68	31922.0
69	39100.0
70	51739.0
71	130424.0
72	470869.0
73	1381330.0
74	4253299.0
75	1.2988659E7
>>END_MODULE
>>Sequence Duplication Levels	warn
#Total Duplicate Percentage	35.76321373932784
#Duplication Level	Relative count
1	100.0
2	23.871607138741425
3	10.727318823321527
4	5.689788956923242
5	3.2720511973448674
6	2.1319422570162025
7	1.4666226193311462
8	1.0894032866482795
9	0.7605848052057804
10++	4.6441769166352955
>>END_MODULE
>>Overrepresented sequences	pass
>>END_MODULE
>>Kmer Content	warn
#Sequence	Count	Obs/Exp Overall	Obs/Exp Max	Max Obs/Exp Position
AAAAA	8063895	3.8592312	7.6014266	71
TTTTT	7278585	3.3145602	6.0625734	71
CCTGG	3148480	3.1350317	12.434097	3
CCAGG	2962885	2.9796906	13.586155	3
CCCAG	2855540	2.8624766	12.39308	2
CTGGG	2822580	2.8196158	10.955315	4
CCAGC	2679905	2.686415	7.170281	3
GGAGG	2550625	2.5817156	5.9419246	6
GCTGG	2552530	2.5498495	6.28919	3
TCCAG	2966635	2.449507	9.463919	2
CAGCA	2921550	2.4363701	6.728736	4
CAGCC	2425640	2.4315324	6.2245193	5
TGCTG	2917575	2.3928962	6.465783	2
CTCCA	2848150	2.3440924	7.1700654	1
CAGGA	2799570	2.3421998	10.418346	4
GGCTG	2333430	2.3309796	8.640919	7
AGGAG	2768170	2.323422	7.433645	5
CTCCT	2799210	2.2810352	6.530726	1
CTGGA	2744340	2.2732916	8.606683	4
GGCAG	2246715	2.2667682	6.512784	7
CCTGC	2277825	2.2607818	6.429449	3
TCCTG	2752315	2.2500765	8.930547	2
GCCTG	2232985	2.223447	8.271957	7
GCAGG	2203685	2.2233539	6.6972604	3
CTGCC	2230725	2.2140343	5.962097	9
CCCTG	2228865	2.2121882	9.14601	2
CAGAG	2640700	2.2092848	8.227643	4
AGCAG	2635905	2.2052732	5.671381	7
GCTGC	2212810	2.2033582	5.8070073	8
CTGCT	2693750	2.2021983	6.611193	9
CTGCA	2667055	2.202148	6.5909176	4
TGCAG	2612045	2.163704	6.5839186	2
CTCTG	2613045	2.1362202	7.4939895	2
CAGGG	2098010	2.116736	9.649094	4
TGGAG	2515195	2.0902178	6.3477874	5
AGCTG	2490345	2.0628932	6.030236	7
CTGGC	2071520	2.062672	5.6608243	4
GCCAG	2050445	2.0620754	5.6970134	2
CAGGC	2048780	2.0604007	6.466122	4
GGAGA	2396080	2.0111136	5.47878	6
GGGAG	1986360	2.0105727	5.5095663	7
CCCCA	2006965	2.005353	7.184007	1
CAGAA	2874165	1.9939663	5.455837	4
CACAG	2382575	1.9869025	7.0607557	7
CTGTG	2376170	1.9488542	8.980575	9
CTCAG	2349910	1.9402862	6.263965	2
CTGAG	2326190	1.9269142	6.031106	4
TTCTG	2840635	1.9128257	5.046846	2
GGCCA	1878675	1.889331	6.601115	1
CCAGA	2261090	1.8855921	7.154359	3
TGGGG	1853865	1.8579092	6.120689	5
CCTCT	2242780	1.8276082	5.5026774	1
TCTGG	2209625	1.8122596	6.2920203	3
CAGTG	2169990	1.797525	6.684916	9
CACTG	2173625	1.7947302	7.452446	7
TGGCC	1795475	1.7878057	5.9444914	5
ACCTG	2158035	1.7818578	5.4742475	7
AGAGG	2121890	1.7809765	5.2959995	5
GCCCA	1738390	1.742613	8.1992	1
CCTGA	2089960	1.7256491	5.702282	3
GGCCC	1424715	1.7222974	5.019624	6
GGGCC	1380225	1.6739125	5.7094884	6
ACAGA	2409445	1.6715645	5.8516	8
GAGAG	1981075	1.6627855	5.321522	7
TCAGG	2001525	1.6579759	5.912414	3
TGGGC	1651640	1.6499056	6.63695	5
GGCCT	1652140	1.6450831	5.5219474	6
AGGCC	1593935	1.602976	5.2811	5
AGCCT	1938050	1.6002194	5.91699	6
CCTGT	1956230	1.59926	5.70703	8
AGGTG	1919355	1.5950533	5.2619348	7
AGGCT	1797155	1.4886848	5.205588	6
GCCCT	1477760	1.4667032	6.1656423	1
GGGCT	1457675	1.4561443	6.201865	6
CTGTC	1771020	1.4478468	5.944787	9
ACAGC	1727310	1.4404567	5.644348	8
GACAG	1720365	1.4393063	7.325156	7
ACACA	2074005	1.4342117	6.100075	6
GCTGT	1746965	1.4328016	5.2536	8
GTGTG	1740525	1.4321376	6.3414145	1
TGTGT	2090915	1.4125344	5.487239	10
CACAC	1694920	1.408888	6.613478	5
AGAGC	1654645	1.384323	5.122171	5
AGGGC	1368445	1.3806591	5.8910255	5
AGACA	1939150	1.345295	5.6782107	6
GGACA	1503180	1.257603	6.127302	6
ACTGC	1520285	1.2552769	5.3654375	8
GTCCT	1502920	1.2286692	7.2421975	1
GTGCT	1475020	1.2097614	5.6562047	1
AGGAC	1400255	1.171493	7.631932	5
GTCCA	1409350	1.1636795	6.5422144	1
TGTGC	1402250	1.1500779	5.593328	10
AGCAC	1369660	1.1422014	5.5933366	5
TGCAC	1299540	1.0730109	5.586232	5
TGGAC	1295060	1.0727712	5.9633503	5
GTGCA	1287705	1.0666785	5.762797	1
ACAGT	1541090	1.058568	5.5906143	8
GACTG	1273490	1.0549036	6.3388996	7
ACTGT	1543030	1.049421	6.340059	8
GCACT	1247885	1.0303602	5.0297728	6
AGACT	1484485	1.0196863	5.71787	6
GGACC	998970	1.0046362	5.3475385	6
GGACT	1148705	0.9515371	5.4352036	6
GTGTA	925495	0.6314691	5.451243	1
>>END_MODULE
