##FastQC	0.10.1
>>Basic Statistics	pass
#Measure	Value	
Filename	004-primary_S1_L004_R1_001.fastq.gz	
File type	Conventional base calls	
Encoding	Sanger / Illumina 1.9	
Total Sequences	27952566	
Filtered Sequences	0	
Sequence length	35-75	
%GC	46	
>>END_MODULE
>>Per base sequence quality	pass
#Base	Mean	Median	Lower Quartile	Upper Quartile	10th Percentile	90th Percentile
1	31.313764467991955	32.0	32.0	32.0	32.0	32.0
2	31.38317763027552	32.0	32.0	32.0	32.0	32.0
3	31.469157858351895	32.0	32.0	32.0	32.0	32.0
4	31.56393810142511	32.0	32.0	32.0	32.0	32.0
5	31.501517356224113	32.0	32.0	32.0	32.0	32.0
6	35.073204370575496	36.0	36.0	36.0	36.0	36.0
7	35.08470564026215	36.0	36.0	36.0	36.0	36.0
8	35.01807851915992	36.0	36.0	36.0	36.0	36.0
9	35.17761535738794	36.0	36.0	36.0	36.0	36.0
10	35.02971848809873	36.0	36.0	36.0	36.0	36.0
11	35.140874723272276	36.0	36.0	36.0	36.0	36.0
12	35.082530956192	36.0	36.0	36.0	36.0	36.0
13	35.116841867040044	36.0	36.0	36.0	36.0	36.0
14	35.09134009378602	36.0	36.0	36.0	36.0	36.0
15	35.04786247530907	36.0	36.0	36.0	36.0	36.0
16	35.05950183607473	36.0	36.0	36.0	36.0	36.0
17	35.056225392688454	36.0	36.0	36.0	36.0	36.0
18	35.06243011822242	36.0	36.0	36.0	36.0	36.0
19	35.05519933304155	36.0	36.0	36.0	36.0	36.0
20	35.034211242001895	36.0	36.0	36.0	36.0	36.0
21	35.031615165491424	36.0	36.0	36.0	36.0	36.0
22	35.01841855949826	36.0	36.0	36.0	36.0	36.0
23	35.00381900538219	36.0	36.0	36.0	36.0	36.0
24	34.99870970700865	36.0	36.0	36.0	36.0	36.0
25	34.9810701457605	36.0	36.0	36.0	36.0	36.0
26	34.93080062846467	36.0	36.0	36.0	36.0	36.0
27	34.915176624571785	36.0	36.0	36.0	36.0	36.0
28	34.89526796931631	36.0	36.0	36.0	36.0	36.0
29	34.889219508505946	36.0	36.0	36.0	36.0	36.0
30	34.867207325438386	36.0	36.0	36.0	36.0	36.0
31	34.845647265442466	36.0	36.0	36.0	36.0	36.0
32	34.83927475567002	36.0	36.0	36.0	36.0	36.0
33	34.82370323354214	36.0	36.0	36.0	36.0	36.0
34	34.82178398219326	36.0	36.0	36.0	36.0	36.0
35	34.8039857950787	36.0	36.0	36.0	36.0	36.0
36	34.829486478878856	36.0	36.0	36.0	36.0	36.0
37	34.83177965367389	36.0	36.0	36.0	36.0	36.0
38	34.80321011439403	36.0	36.0	36.0	32.0	36.0
39	34.797461040801444	36.0	36.0	36.0	32.0	36.0
40	34.78270290892066	36.0	36.0	36.0	32.0	36.0
41	34.773192771660014	36.0	36.0	36.0	32.0	36.0
42	34.770565093325814	36.0	36.0	36.0	32.0	36.0
43	34.75070809642852	36.0	36.0	36.0	32.0	36.0
44	34.73217469645419	36.0	36.0	36.0	32.0	36.0
45	34.72750799917537	36.0	36.0	36.0	32.0	36.0
46	34.7034265798613	36.0	36.0	36.0	32.0	36.0
47	34.6974107782521	36.0	36.0	36.0	32.0	36.0
48	34.681296360554185	36.0	36.0	36.0	32.0	36.0
49	34.67036516958386	36.0	36.0	36.0	32.0	36.0
50	34.66362760803309	36.0	36.0	36.0	32.0	36.0
51	34.639499679697714	36.0	36.0	36.0	32.0	36.0
52	34.622877297469955	36.0	36.0	36.0	32.0	36.0
53	34.59267335479887	36.0	36.0	36.0	32.0	36.0
54	34.570716410659244	36.0	36.0	36.0	32.0	36.0
55	34.55680675248781	36.0	36.0	36.0	32.0	36.0
56	34.53725696441717	36.0	36.0	36.0	32.0	36.0
57	34.51342770424249	36.0	36.0	36.0	32.0	36.0
58	34.486979655111	36.0	36.0	36.0	32.0	36.0
59	34.458640371591166	36.0	36.0	36.0	32.0	36.0
60	34.44250093415078	36.0	36.0	36.0	32.0	36.0
61	34.409914689228025	36.0	36.0	36.0	32.0	36.0
62	34.40120284923957	36.0	36.0	36.0	32.0	36.0
63	34.35699140131828	36.0	36.0	36.0	32.0	36.0
64	34.34218391635795	36.0	36.0	36.0	32.0	36.0
65	34.310772331814576	36.0	36.0	36.0	32.0	36.0
66	34.28345245130933	36.0	36.0	36.0	32.0	36.0
67	34.25406040521038	36.0	36.0	36.0	32.0	36.0
68	34.227448832960846	36.0	36.0	36.0	32.0	36.0
69	34.20832633347826	36.0	36.0	36.0	32.0	36.0
70	34.17869296025301	36.0	36.0	36.0	32.0	36.0
71	34.1434775665616	36.0	36.0	36.0	32.0	36.0
72	34.111739416016	36.0	36.0	36.0	32.0	36.0
73	34.07382422784509	36.0	36.0	36.0	32.0	36.0
74	34.05038484874249	36.0	36.0	36.0	32.0	36.0
75	33.252668777954455	36.0	36.0	36.0	27.0	36.0
>>END_MODULE
>>Per sequence quality scores	pass
#Quality	Count
2	41566.0
3	0.0
4	0.0
5	0.0
6	0.0
7	0.0
8	0.0
9	0.0
10	0.0
11	0.0
12	0.0
13	0.0
14	0.0
15	1.0
16	2.0
17	7.0
18	68.0
19	390.0
20	1829.0
21	6068.0
22	14250.0
23	28813.0
24	54222.0
25	93948.0
26	153710.0
27	234688.0
28	340232.0
29	468827.0
30	622809.0
31	823229.0
32	1138473.0
33	1785533.0
34	4153729.0
35	1.7990172E7
>>END_MODULE
>>Per base sequence content	fail
#Base	G	A	T	C
1	41.75615915971765	18.569051783417738	12.755531714301993	26.91925734256262
2	15.962620472215255	19.77744616817742	36.292988427501705	27.96694493210562
3	18.646401060513774	21.482422700727312	28.463440937264878	31.407735301494032
4	13.182083850892399	15.354751694719685	35.20118816238798	36.26197629199994
5	14.96762925011644	34.92378632080542	33.97070330693992	16.137881122138225
6	34.51846988694844	34.921933969100344	16.200138592808973	14.35945755114224
7	30.44746284280156	29.580398248579893	20.42379012309585	19.548348785522695
8	26.392766744462833	34.8859067005654	19.636466990957285	19.084859564014483
9	24.707174993272353	16.135966407166393	19.659264232217367	39.497594367343886
10	14.450671197747836	27.64983604090513	34.32134907746698	23.578143683880057
11	34.61558759667515	22.5399379331444	23.233316509542107	19.611157960638348
12	22.389497112541466	24.05917950912112	30.41913731338503	23.132186064952386
13	27.659163587383244	20.478653834681936	26.13749747635205	25.72468510158276
14	20.79219403640094	20.286650708903945	26.990380019349523	31.930775235345592
15	22.99714083786542	28.925343128476992	23.202203549041318	24.875312484616266
16	22.987443044051904	28.53483908125252	24.975234519223278	23.502483355472297
17	21.83571483337382	27.92440824363745	27.19848604384368	23.041390879145055
18	22.346776019068216	27.71736416036521	27.538468880547857	22.39739094001872
19	22.624653670883518	27.154506487435704	27.540745566139975	22.680094275540807
20	22.72454229515245	26.94896635735015	27.468965640786784	22.857525706710614
21	22.648996457732046	26.70117572569773	27.345844273491117	23.303983543079106
22	22.554397771371537	26.523817975851653	27.56911993553218	23.352664317244635
23	22.652725207395864	26.645008535166877	27.299116351817627	23.40314990561963
24	22.67129056758822	26.532607075201852	27.502023311950186	23.29407904525974
25	22.883105805227075	26.467737576002335	27.17199436608899	23.477162252681598
26	22.475966873938923	26.754652429485127	27.34365771432758	23.425722982248367
27	22.486386744193037	26.757102713507763	27.409143119160806	23.347367423138397
28	22.657101059952527	26.638618432675585	27.425531333256924	23.278749174114964
29	22.340267392326307	26.841020554890722	27.581768647047884	23.236943405735087
30	22.591062847652275	26.892876639798736	27.30545633829794	23.210604174251053
31	22.82959048403855	26.940482247142704	27.13845795564473	23.091469313174017
32	22.39494822829709	26.937153810325675	27.48787574791301	23.180022213464223
33	22.50715488517072	26.757923399376587	27.55725341263301	23.177668302819676
34	22.526893956059627	26.491813256635478	27.684268545876904	23.297024241427994
35	22.484984414746876	26.742778832718283	27.504191895668374	23.268044856866467
36	22.70085303650395	27.175476817278632	27.21594618595648	22.907723960260938
37	22.76898856858838	26.925732116203438	27.18270557365318	23.122573741554998
38	22.649264963887454	27.137262953318604	27.201592823386996	23.01187925940695
39	22.6377156408709	27.030951043225688	27.372970674470672	22.958362641432746
40	22.625672703725296	26.823389323750785	27.32585074696523	23.225087225558685
41	22.66265966512421	27.005043298775306	27.32256777123179	23.009729264868696
42	22.6209489796906	26.98764915611884	27.345016389639316	23.04638547455124
43	22.752885684164774	26.74296423218822	27.23932983427157	23.264820249375433
44	22.672267058566543	27.079604252243172	27.28577058753528	22.962358101655
45	22.717458371356784	27.029504599739152	27.160703202727277	23.09233382617679
46	22.84714520566367	27.173759555910166	27.03841254942072	22.940682689005442
47	22.585321475133043	27.236210779987825	27.240127097258092	22.93834064762104
48	22.611482206680073	27.121716036909604	27.159123873739944	23.107677882670384
49	22.67628756132507	27.02641867524403	27.26989632700413	23.027397436426774
50	22.7295980174725	27.045817411923263	27.223526075267422	23.001058495336814
51	22.827179144427852	27.07874414112284	27.113994144611393	22.98008256983792
52	22.767435223743828	27.033845965984344	27.14328001447308	23.055438795798747
53	22.674293044711394	27.080010533521374	27.194309973849407	23.051386447917828
54	22.855347039394022	27.232549676536742	27.078141692883513	22.833961591185723
55	22.827366402519623	27.121667049649417	27.003340083582682	23.047626464248278
56	22.92937071984703	27.26420640659355	26.955121509156665	22.851301364402758
57	22.704088350175454	27.13904112382967	27.170194603806735	22.986675922188144
58	22.665960510231972	26.93981036069484	27.26084271500338	23.133386414069804
59	22.575771754694753	27.121590656560723	27.242917913941838	23.059719674802682
60	22.75590917281398	27.191291494046915	27.140726102527747	22.912073230611362
61	22.905145692529334	27.21152122277267	27.012696459406143	22.870636625291848
62	22.768539314544313	27.376077954375628	26.966751816457347	22.888630914622716
63	22.825030279834326	27.29424476548843	27.009616042871055	22.871108911806186
64	22.831203452514973	27.074402510933933	27.018104834138608	23.076289202412497
65	22.66061603385602	27.138913589584707	27.19359187997734	23.006878496581933
66	22.787594563124212	27.145624746380108	26.984549171857957	23.082231518637712
67	22.733890430616047	27.19145541765391	27.080930861168046	22.993723290562002
68	22.780407395233432	27.370784402433706	27.094566407010213	22.754241795322645
69	23.02847940289057	27.318716018084753	26.946548141180333	22.706256437844342
70	22.99513678339852	27.186749664577615	26.961152820361654	22.85696073166221
71	22.915302220730528	27.36250803248046	26.88030023615977	22.841889510629247
72	22.93690873960183	27.524451752832174	27.090871605070838	22.447767902495162
73	23.539939849058282	28.077318054327087	27.235786483297563	21.146955613317065
74	24.827932037283432	30.468197396178088	27.162980804970648	17.54088976156783
75	30.43628450446424	40.88325178269236	28.6804637128434	0.0
>>END_MODULE
>>Per base GC content	fail
#Base	%GC
1	68.67541650228027
2	43.929565404320876
3	50.0541363620078
4	49.44406014289234
5	31.10551037225467
6	48.87792743809068
7	49.995811628324255
8	45.47762630847731
9	64.20476936061624
10	38.028814881627895
11	54.22674555731349
12	45.52168317749385
13	53.383848688966005
14	52.722969271746535
15	47.87245332248169
16	46.4899263995242
17	44.87710571251887
18	44.74416695908693
19	45.30474794642433
20	45.582068001863064
21	45.95298000081115
22	45.90706208861617
23	46.055875113015496
24	45.965369612847965
25	46.36026805790867
26	45.901689856187296
27	45.83375416733143
28	45.93585023406749
29	45.577210798061394
30	45.80166702190333
31	45.92105979721257
32	45.574970441761316
33	45.684823187990396
34	45.823918197487615
35	45.75302927161334
36	45.60857699676489
37	45.89156231014337
38	45.6611442232944
39	45.596078282303644
40	45.85075992928398
41	45.672388929992906
42	45.66733445424184
43	46.017705933540206
44	45.634625160221546
45	45.809792197533575
46	45.78782789466911
47	45.52366212275408
48	45.71916008935045
49	45.70368499775185
50	45.73065651280931
51	45.80726171426577
52	45.822874019542574
53	45.72567949262922
54	45.689308630579745
55	45.8749928667679
56	45.78067208424979
57	45.6907642723636
58	45.79934692430177
59	45.635491429497435
60	45.66798240342534
61	45.77578231782118
62	45.65717022916703
63	45.69613919164052
64	45.907492654927466
65	45.66749453043795
66	45.86982608176193
67	45.72761372117805
68	45.534649190556074
69	45.73473584073491
70	45.85209751506073
71	45.75719173135977
72	45.38467664209699
73	44.68689546237535
74	42.368821798851265
75	30.43628450446424
>>END_MODULE
>>Per sequence GC content	warn
#GC Content	Count
0	41578.0
1	20798.0
2	31.0
3	61.5
4	81.0
5	124.0
6	224.5
7	396.0
8	520.0
9	716.5
10	1311.0
11	2375.5
12	3073.5
13	4396.0
14	7597.5
15	12492.5
16	16425.0
17	23306.5
18	38027.5
19	56353.0
20	69126.0
21	89926.5
22	128137.0
23	171065.5
24	200989.0
25	238501.5
26	301701.5
27	366222.0
28	409465.0
29	461503.0
30	543104.0
31	622218.0
32	675850.0
33	736580.0
34	833984.5
35	924965.0
36	982203.0
37	1042629.5
38	1112745.5
39	1166663.0
40	1202878.0
41	1222890.5
42	1233872.0
43	1233100.5
44	1233759.0
45	1224409.5
46	1196006.0
47	1161866.5
48	1143727.0
49	1121297.0
50	1082142.5
51	1049493.0
52	1032990.5
53	1023278.5
54	1000987.5
55	974695.5
56	962202.0
57	947165.5
58	907109.0
59	849061.5
60	795189.5
61	731102.5
62	652746.5
63	576921.0
64	514112.5
65	459629.5
66	388973.0
67	317920.0
68	266872.5
69	226935.5
70	181367.0
71	138198.0
72	108719.0
73	88203.5
74	66596.0
75	48346.5
76	36616.0
77	28809.0
78	20736.5
79	13967.0
80	9904.5
81	7437.0
82	5003.0
83	3083.5
84	2150.5
85	1649.5
86	1187.0
87	822.5
88	634.5
89	531.0
90	408.0
91	286.0
92	231.0
93	207.5
94	157.5
95	108.0
96	88.5
97	71.0
98	52.5
99	111.5
100	174.0
>>END_MODULE
>>Per base N content	pass
#Base	N-Count
1	0.16369159096163122
2	0.14870191165991703
3	0.14870191165991703
4	0.14990752548442243
5	0.14870191165991703
6	0.15035113413201492
7	0.15010428738456427
8	0.1487985038654412
9	0.14887005364731096
10	0.1489702233419286
11	0.14916340775297696
12	0.14914194281841603
13	0.14875557399631933
14	0.14954977657507365
15	0.14879492637634772
16	0.1493279722512774
17	0.14877346144178677
18	0.14962490384603688
19	0.14887720862549791
20	0.14870191165991703
21	0.1489451809182742
22	0.14878061641997375
23	0.14871979910538446
24	0.14898453329830255
25	0.14875915148541283
26	0.14886289866912397
27	0.14924926749122067
28	0.14881996880000212
29	0.1487985038654412
30	0.14880565884362817
31	0.14870191165991703
32	0.14870191165991703
33	0.14870191165991703
34	0.14966067873697178
35	0.14870191165991703
36	0.0
37	0.0
38	0.0
39	0.0
40	0.0
41	0.0
42	0.0
43	5.389783928626529E-4
44	0.0
45	0.0
46	0.0
47	0.0
48	8.66202299390654E-4
49	0.0
50	1.83632618999997E-5
51	0.0
52	0.0
53	0.0
54	0.0
55	0.0
56	0.0
57	0.0
58	0.0
59	0.0
60	0.0
61	0.0
62	1.4093003079168815E-4
63	0.0
64	0.0
65	0.0
66	0.0
67	0.0
68	0.0
69	0.0
70	0.0
71	0.0
72	0.0
73	0.0
74	0.0
75	0.003915187461151193
>>END_MODULE
>>Sequence Length Distribution	warn
#Length	Count
35	57394.0
36	23811.0
37	30484.0
38	34286.0
39	37494.0
40	38636.0
41	41017.0
42	44551.0
43	48729.0
44	53950.0
45	58045.0
46	60446.0
47	62909.0
48	65085.0
49	67451.0
50	67997.0
51	69992.0
52	71784.0
53	74950.0
54	79856.0
55	82384.0
56	84458.0
57	87078.0
58	87297.0
59	89383.0
60	89298.0
61	89638.0
62	92362.0
63	95006.0
64	100365.0
65	103415.0
66	102224.0
67	104968.0
68	107675.0
69	118271.0
70	137254.0
71	240738.0
72	705799.0
73	1881416.0
74	5760489.0
75	1.6704181E7
>>END_MODULE
>>Sequence Duplication Levels	warn
#Total Duplicate Percentage	38.84202472913941
#Duplication Level	Relative count
1	100.0
2	24.906580147373347
3	11.679297514991566
4	6.763355205281551
5	4.232343042541343
6	2.748117478995666
7	1.878889131013777
8	1.3922181060991259
9	1.0354874377537266
10++	6.780303947442758
>>END_MODULE
>>Overrepresented sequences	warn
#Sequence	Count	Percentage	Possible Source
NNNNNNNNNNNNNNNNNNNNNNNNNNNNNNNNNNN	41566	0.14870191165991703	No Hit
>>END_MODULE
>>Kmer Content	warn
#Sequence	Count	Obs/Exp Overall	Obs/Exp Max	Max Obs/Exp Position
AAAAA	9390710	3.5874853	6.8889775	71
TTTTT	8827210	3.2492216	5.788451	71
CCTGG	4601475	3.0845423	11.74514	3
CCAGG	4401535	2.9725218	12.85135	3
CCCAG	4220640	2.8324177	11.46211	2
CTGGG	4126655	2.7837727	9.896693	4
CCAGC	3935670	2.6411777	6.840885	3
GGAGG	3772685	2.580211	5.942929	6
GCTGG	3769980	2.5431657	5.9542084	3
TCCAG	4266080	2.4722614	9.81215	2
CAGCA	4167795	2.4333186	6.937359	4
CAGGA	4101285	2.409653	10.685505	4
AGGAG	4038690	2.3879044	7.5390725	5
CTCCA	4134325	2.3808284	7.44815	1
CAGCC	3547255	2.3805172	5.6830716	9
TGCTG	4108315	2.3781757	6.5167365	2
CTCCT	4085395	2.335234	6.76324	1
CTGGA	4004170	2.3351772	8.874847	4
GGCTG	3448450	2.3262668	8.09438	7
TCCTG	4037865	2.3226836	9.4881735	2
CTGCA	3904715	2.2628448	6.811232	4
GGCAG	3295645	2.239769	6.128748	7
TGCAG	3840520	2.239739	6.8731227	2
CCTGC	3361690	2.2392852	6.397205	3
GCAGG	3288645	2.2350116	6.509512	3
CAGAG	3763755	2.2113419	7.702531	4
AGCAG	3737795	2.1960895	5.619377	7
AGAAG	4284235	2.1898859	5.015983	5
CTGCC	3277515	2.1832147	5.6302266	9
CTGCT	3791215	2.1808043	6.583886	9
TGGAG	3706190	2.1750886	6.6390657	5
GCCTG	3238950	2.1711905	7.0054026	7
CCCTG	3230255	2.1517339	8.581122	2
CTCTG	3719080	2.1393104	7.134535	2
CAGGG	3111265	2.1144617	8.93773	4
GCTGC	3142195	2.1063318	5.5796356	8
AGCTG	3608070	2.1041772	5.905218	7
CAGGC	3045135	2.056494	6.1088777	4
GGAGA	3476750	2.0556536	5.795597	6
CACAG	3465300	2.023175	7.22346	7
GCCAG	2995115	2.0227134	5.045344	2
CTGGC	3007260	2.0158799	5.188191	4
CAGAA	3960530	2.0116832	5.667396	4
GGGAG	2930440	2.0041838	5.2696767	7
CTCAG	3428925	1.9871168	6.189666	2
CTGTG	3414155	1.9763479	8.547999	9
CTGAG	3381215	1.9718784	5.761668	4
CCCCA	2918335	1.9461316	6.698995	1
TTCTG	3892945	1.9337622	5.2557716	2
CCAGA	3257480	1.9018418	6.924294	3
TCCCA	3272870	1.8847435	5.1381063	2
GGCCA	2774235	1.8735449	5.793051	1
TCTGG	3181420	1.841625	6.132257	3
CCTCT	3199365	1.8287746	5.20632	1
TGGGG	2674455	1.8155693	5.5719347	5
AGAGG	3060915	1.809788	5.05412	5
ACCTG	3118465	1.8072004	5.286472	7
CACTG	3105050	1.7994262	7.4381447	7
CAGTG	3071180	1.7910703	6.3764544	9
TGGCC	2662455	1.784744	5.404004	5
CCTGA	3011600	1.7452705	5.613746	3
GCCCA	2549675	1.7110542	7.0328317	1
TCAGG	2912945	1.6987897	5.943443	3
ACAGA	3306735	1.6795993	5.9034925	8
GAGAG	2801520	1.6564188	5.362658	7
AGGTG	2798075	1.6421342	5.1828313	7
TGGGC	2406600	1.6234521	6.0168195	5
CCTGT	2792905	1.6065507	5.3541474	8
ACAGG	2727910	1.6027455	5.1228805	8
AGCCT	2758625	1.5986673	5.0775857	6
ACAGC	2500075	1.4596397	5.89288	8
GCTGT	2495355	1.4444833	5.0305796	8
GACAG	2445295	1.436699	7.289222	7
CTGTC	2480050	1.4265884	5.674543	9
GCCCT	2137020	1.4235095	5.3401465	1
GGGCT	2104470	1.4196404	5.5800533	6
ACACA	2802325	1.4144348	5.831043	6
CACAC	2370910	1.3755164	6.264487	5
AGACA	2707915	1.3754389	5.6343307	6
GTGTG	2356795	1.3729159	5.7811155	1
AGGGC	2009740	1.3658489	5.2571335	5
GGACA	2180635	1.2812017	6.202007	6
ACTGC	2203700	1.2770793	5.397869	8
GTGCT	2096950	1.2138591	5.3196826	1
GTCCT	2080545	1.196783	6.283947	1
GTCCA	2050320	1.1881933	6.6095796	1
AGCAC	2002945	1.169396	5.5842605	5
AGGAC	1976465	1.1612445	6.6887345	5
GTCTT	2301145	1.1430594	5.0210714	1
TGTGC	1970480	1.1406494	5.061289	10
TGGAC	1899370	1.1076866	6.08665	5
TGCAC	1866225	1.0815073	5.501249	5
GTGCA	1850830	1.0793787	5.6637683	1
ACAGT	2094580	1.0560296	5.6289196	8
GACTG	1802250	1.0510476	6.209388	7
ACTGT	2090640	1.0462396	6.288666	8
GCACT	1782930	1.0332364	5.0327253	6
AGACT	2011680	1.0142337	5.3270545	6
GGACT	1643700	0.95858335	5.356133	6
GTGTA	1220820	0.6148165	5.234038	1
>>END_MODULE
