##FastQC	0.10.1
>>Basic Statistics	pass
#Measure	Value	
Filename	032-F0_S5_L001_R2_001.fastq.gz	
File type	Conventional base calls	
Encoding	Sanger / Illumina 1.9	
Total Sequences	32357517	
Filtered Sequences	0	
Sequence length	35-76	
%GC	45	
>>END_MODULE
>>Per base sequence quality	pass
#Base	Mean	Median	Lower Quartile	Upper Quartile	10th Percentile	90th Percentile
1	31.323410291339723	32.0	32.0	32.0	32.0	32.0
2	31.075077454181667	32.0	32.0	32.0	32.0	32.0
3	31.130559121702696	32.0	32.0	32.0	32.0	32.0
4	31.21898089399134	32.0	32.0	32.0	32.0	32.0
5	31.199930606541905	32.0	32.0	32.0	32.0	32.0
6	34.87371407391983	36.0	36.0	36.0	36.0	36.0
7	34.866852391671465	36.0	36.0	36.0	36.0	36.0
8	34.798586337758856	36.0	36.0	36.0	32.0	36.0
9	34.90600341800021	36.0	36.0	36.0	36.0	36.0
10-14	34.80393949263784	36.0	36.0	36.0	33.6	36.0
15-19	34.72039036864294	36.0	36.0	36.0	32.0	36.0
20-24	34.657300317573814	36.0	36.0	36.0	32.0	36.0
25-29	34.591525103734014	36.0	36.0	36.0	32.0	36.0
30-34	34.52730347016429	36.0	36.0	36.0	32.0	36.0
35-39	34.46667988906296	36.0	36.0	36.0	32.0	36.0
40-44	34.405961641733356	36.0	36.0	36.0	32.0	36.0
45-49	34.30538172425779	36.0	36.0	36.0	32.0	36.0
50-54	34.18216039868526	36.0	36.0	36.0	32.0	36.0
55-59	34.04000931085999	36.0	36.0	36.0	32.0	36.0
60-64	33.90683042503459	36.0	36.0	36.0	32.0	36.0
65-69	33.756986953175456	36.0	36.0	36.0	28.0	36.0
70-74	33.64402861489407	36.0	36.0	36.0	27.0	36.0
75-76	33.033091547348704	36.0	34.0	36.0	20.5	36.0
>>END_MODULE
>>Per sequence quality scores	pass
#Quality	Count
2	16233.0
3	0.0
4	0.0
5	0.0
6	0.0
7	0.0
8	0.0
9	0.0
10	0.0
11	0.0
12	0.0
13	0.0
14	1199.0
15	4460.0
16	7631.0
17	11576.0
18	16329.0
19	22486.0
20	31849.0
21	47247.0
22	70241.0
23	104305.0
24	154292.0
25	225287.0
26	314153.0
27	419121.0
28	544274.0
29	691402.0
30	876002.0
31	1127756.0
32	1523089.0
33	2327657.0
34	4896891.0
35	1.8924037E7
>>END_MODULE
>>Per base sequence content	fail
#Base	G	A	T	C
1	44.67050209399761	17.973109230555945	11.484087219223547	25.872301456222896
2	16.838826470510845	19.645522759852003	36.668595525904024	26.847055243733127
3	20.182141910853442	21.21087534293513	28.90641966764211	29.70056307856932
4	13.69077626092134	14.629557131985024	36.433836933161814	35.24582967393182
5	15.183100536492327	34.574258565821225	35.19185536700887	15.050785530677574
6	34.29848990830017	35.161532408070045	16.55112857156153	13.988849112068259
7	30.236928750262358	29.977965624370384	20.77748057250912	19.00762505285814
8	26.489167838852655	34.51252275574464	20.223958949805457	18.77435045559725
9	24.949572193856	15.843165039458546	20.270382585923304	38.93688018076215
10-14	23.744487695664773	23.28617008526934	28.811031745059967	24.158310474005916
15-19	22.117483028812337	28.55480258606925	26.705298404355247	22.622415980763165
20-24	22.168709813747654	27.2465972594038	28.0307442339024	22.553948692946143
25-29	21.89090018813106	27.38117262134676	28.041666496605394	22.68626069391679
30-34	21.911256213575196	27.523859596916438	28.170925433881973	22.3939587556264
35-39	21.880262208081458	27.785624294523448	28.092387689209335	22.24172580818576
40-44	21.988523467386802	27.71565017005784	28.13299345326606	22.1628329092893
45-49	21.95448034741047	27.895846119974927	27.974341843726545	22.175331688888058
50-54	21.978957109476802	28.000374724682526	27.956812417275877	22.06385574856479
55-59	21.983923236858306	27.920903196595376	27.871887054028484	22.223286512517834
60-64	22.11945701089664	27.974023397474834	27.85794912540992	22.04857046621861
65-69	22.16213557504105	28.07936186939119	27.79811431278606	21.960388242781697
70-74	22.445396020725997	28.3447271540958	27.721398852475954	21.488477972702245
75-76	26.253245397288076	35.57351997794873	28.75325482716357	9.419979797599625
>>END_MODULE
>>Per base GC content	fail
#Base	%GC
1	70.54280355022051
2	43.685881714243976
3	49.88270498942276
4	48.93660593485317
5	30.2338860671699
6	48.28733902036843
7	49.244553803120496
8	45.26351829444991
9	63.88645237461815
10-14	47.90279816967069
15-19	44.7398990095755
20-24	44.7226585066938
25-29	44.57716088204785
30-34	44.30521496920159
35-39	44.12198801626722
40-44	44.151356376676105
45-49	44.129812036298524
50-54	44.0428128580416
55-59	44.20720974937613
60-64	44.168027477115245
65-69	44.12252381782275
70-74	43.93387399342824
75-76	35.673225194887706
>>END_MODULE
>>Per sequence GC content	warn
#GC Content	Count
0	16266.0
1	8171.0
2	103.5
3	249.0
4	367.0
5	459.5
6	760.0
7	1300.0
8	1637.0
9	2008.0
10	3267.0
11	5434.5
12	6724.0
13	8141.5
14	12105.0
15	18898.0
16	29683.0
17	37993.0
18	51244.0
19	77753.5
20	111966.0
21	136574.5
22	170858.5
23	232909.5
24	299537.0
25	343138.0
26	396987.0
27	487659.0
28	577229.5
29	634970.5
30	705034.5
31	815969.0
32	922707.0
33	992587.5
34	1078350.0
35	1205033.5
36	1308197.5
37	1368966.0
38	1410055.0
39	1444528.5
40	1443765.0
41	1420118.5
42	1413711.5
43	1404389.5
44	1368536.5
45	1322579.0
46	1295398.5
47	1263816.5
48	1210184.5
49	1160053.0
50	1128421.0
51	1094148.0
52	1045152.5
53	1002835.0
54	980780.0
55	961013.0
56	926206.5
57	891545.5
58	862275.5
59	817822.5
60	751139.5
61	674114.5
62	613756.0
63	558448.5
64	486430.0
65	419445.5
66	350542.5
67	301606.0
68	263077.5
69	213784.0
70	168455.5
71	138558.0
72	116131.0
73	91779.0
74	70349.0
75	56578.5
76	47984.5
77	38134.5
78	28533.0
79	22882.0
80	19708.0
81	15650.5
82	11368.0
83	8796.5
84	7250.0
85	5614.5
86	4044.5
87	3106.5
88	2631.5
89	2209.0
90	1846.0
91	1643.5
92	1572.0
93	1545.0
94	1506.5
95	1581.5
96	1678.5
97	1774.5
98	2306.5
99	11758.0
100	20775.0
>>END_MODULE
>>Per base N content	pass
#Base	N-Count
1	0.3993167955378035
2	0.28267929211008375
3	0.1455797736272533
4	0.0675453558442077
5	0.05103605446610752
6	0.050176903252496165
7	0.050167631836521946
8	0.050167631836521946
9	0.050167631836521946
10-14	0.050167631836521946
15-19	0.050167631836521946
20-24	0.050167631836521946
25-29	0.050167631836521946
30-34	0.050167631836521946
35-39	0.010042293627200551
40-44	0.0
45-49	0.0
50-54	0.0
55-59	0.0
60-64	0.0
65-69	0.0
70-74	0.0
75-76	0.0
>>END_MODULE
>>Sequence Length Distribution	warn
#Length	Count
35	21179.0
36	7682.0
37	10521.0
38	12442.0
39	14257.0
40	15907.0
41	17269.0
42	19432.0
43	22461.0
44	25143.0
45	27502.0
46	28891.0
47	30278.0
48	31532.0
49	33197.0
50	34027.0
51	35595.0
52	37660.0
53	40889.0
54	44621.0
55	46016.0
56	47893.0
57	48983.0
58	49508.0
59	51233.0
60	53051.0
61	53505.0
62	55906.0
63	58291.0
64	63818.0
65	65830.0
66	68146.0
67	69753.0
68	69077.0
69	76163.0
70	82202.0
71	106942.0
72	229588.0
73	759464.0
74	2168467.0
75	6730375.0
76	2.0892821E7
>>END_MODULE
>>Sequence Duplication Levels	warn
#Total Duplicate Percentage	41.205386608347865
#Duplication Level	Relative count
1	100.0
2	24.89653670224352
3	12.374545515473418
4	7.488732134778748
5	4.800361912102273
6	3.2798284268552185
7	2.3708593736910006
8	1.7215957642879882
9	1.3169579277181107
10++	9.302481443627164
>>END_MODULE
>>Overrepresented sequences	pass
>>END_MODULE
>>Kmer Content	warn
#Sequence	Count	Obs/Exp Overall	Obs/Exp Max	Max Obs/Exp Position
AAAAA	15024285	4.292223	8.3826275	72
TTTTT	12617290	3.4299662	5.924851	72
GGGGG	4304140	3.1795115	5.7393703	72
CCTGG	5056270	3.1157007	12.225614	3
CCAGG	4729815	2.9436255	12.436178	3
CCCAG	4480325	2.8144188	11.235792	2
CTGGG	4525465	2.7627904	11.075767	4
CCAGC	4281595	2.6895819	6.5071015	3
GGAGG	4165880	2.5448585	5.972361	6
GCTGG	4159415	2.5393174	7.15309	3
TCCAG	4794415	2.4431155	8.758901	2
CAGCA	4745775	2.4424653	6.651521	4
CAGCC	3839010	2.411562	5.8255677	9
TGCTG	4820955	2.4098375	7.6405106	2
CTCCA	4565385	2.3481538	6.322068	1
CAGGA	4528750	2.3091857	9.660289	4
GGCTG	3779020	2.3070867	8.301667	7
CTCCT	4508810	2.296139	6.065344	1
CTGGA	4511465	2.2776406	8.78728	4
AGGAG	4498780	2.2726603	7.021131	5
GCTGC	3662775	2.2570217	5.6816835	8
CTGCT	4449190	2.2447934	6.5097337	9
TCCTG	4446435	2.2434037	8.669664	2
CCTGC	3604555	2.2419086	6.3672953	3
GGCAG	3626910	2.2363226	6.406448	7
CTGCC	3589250	2.2323895	5.835296	9
GCCTG	3571990	2.2010794	7.3526125	7
GCAGG	3559245	2.1946008	6.901283	3
CTTCT	5307465	2.1925652	5.015207	1
CTGCA	4296975	2.1896324	6.8672824	4
AGCAG	4291195	2.188058	5.4067516	7
CCCTG	3486250	2.168327	9.082019	2
CAGAG	4211710	2.147529	7.432573	4
TGCAG	4206250	2.123551	7.107341	2
CTCTG	4195085	2.1165874	7.44961	2
TGGAG	4122235	2.0618618	6.507483	5
CAGGG	3334560	2.0560617	9.213985	4
CTGGC	3321855	2.046945	5.731298	4
GCCAG	3280770	2.0418046	5.264128	2
AGCTG	4030755	2.0349512	5.832265	7
CAGGC	3253290	2.0247023	6.154516	4
CCCCA	3177970	2.0149753	6.7124357	1
GGGAG	3267980	1.996348	5.5403624	7
CAGAA	4717180	1.9890507	5.397538	4
GGAGA	3932675	1.9866796	5.520656	6
CACAG	3745900	1.9278688	6.901458	7
CTCAG	3767920	1.920039	6.0701337	2
TTCTG	4684530	1.9173024	5.2608585	2
CTGTG	3801925	1.9004577	8.595669	9
CTGAG	3739250	1.8877833	5.818313	4
GGCCA	2995425	1.8642188	6.349966	1
CCAGA	3613520	1.8597379	6.526729	3
TGGGG	3066410	1.8547021	6.369352	5
CCTCT	3563825	1.8148994	5.5545073	1
TCTGG	3611505	1.8052729	6.374503	3
CAGTG	3511090	1.7725952	6.359939	9
CACTG	3477120	1.7718545	7.233976	7
ACCTG	3470270	1.768364	5.375978	7
TGGCC	2865920	1.7659953	5.756245	5
AGAGG	3417775	1.7265662	5.023055	5
CCTGA	3349015	1.7065753	5.5464005	3
GCCCA	2688015	1.6885382	7.156687	1
ACAGA	3903810	1.6460844	5.719954	8
TCAGG	3246195	1.6388613	5.7989745	3
GAGAG	3239505	1.6365091	5.228251	7
GGGCC	2165760	1.6299185	5.4524484	6
TGGGC	2641490	1.6126261	6.567259	5
GGCCT	2599905	1.6020756	5.0639925	6
CCTGT	3133840	1.5811468	5.4577217	8
AGCCT	3085655	1.5723735	5.131838	6
AGGTG	3120290	1.5607084	5.2147875	7
GTGTG	2988000	1.4797709	7.68006	1
CTGTC	2861055	1.4435163	5.7797303	9
GCCCT	2292810	1.4260485	6.0851297	1
GGGCT	2319265	1.4159082	5.895226	6
ACACA	3320815	1.4133474	5.8843327	6
TGTGT	3481825	1.4118571	5.67914	10
GCTGT	2823870	1.41156	5.110245	8
ACAGC	2738705	1.4095048	5.384502	8
GACAG	2752765	1.4036204	6.833576	7
CACAC	2688385	1.3965405	6.235534	5
AGGGC	2158315	1.330799	5.5416164	5
AGACA	3136150	1.3223921	5.169206	6
GTCCT	2513000	1.2679085	8.852276	1
GGACA	2442625	1.2454816	6.030922	6
ACTGC	2433615	1.2401102	5.120125	8
GTGCT	2370315	1.1848428	6.5157757	1
AGGAC	2323395	1.1846869	8.449954	5
GTCCA	2287035	1.1654165	6.6994567	1
TGTGC	2281825	1.1406095	5.8174043	10
GTCTT	2768280	1.1330123	5.307282	1
AGCAC	2180730	1.1223367	5.343964	5
TGGAC	2117330	1.068947	5.914427	5
TGCAC	2088650	1.0643245	5.657642	5
GTGCA	2108155	1.0643148	6.144963	1
ACAGT	2456290	1.025487	5.2704678	8
GCACT	1993650	1.0159148	5.0183253	6
GACTG	2003525	1.0114918	5.8065596	7
ACTGT	2440500	1.0088264	5.9643917	8
GGACC	1600355	0.9959894	5.3869615	6
AGACT	2372765	0.9906157	5.0469723	6
GGACT	1837160	0.9275014	5.1221557	6
TGTAG	2176625	0.89141595	5.2686563	2
TAGGA	1890300	0.78188056	5.257846	4
GTGTA	1533025	0.6278357	5.6449833	1
>>END_MODULE
