##FastQC	0.10.1
>>Basic Statistics	pass
#Measure	Value	
Filename	040-F0_S2_L001_R2_001_trimmed.fq.gz	
File type	Conventional base calls	
Encoding	Sanger / Illumina 1.9	
Total Sequences	13421425	
Filtered Sequences	0	
Sequence length	20-51	
%GC	43	
>>END_MODULE
>>Per base sequence quality	pass
#Base	Mean	Median	Lower Quartile	Upper Quartile	10th Percentile	90th Percentile
1	34.7614220546626	36.0	36.0	36.0	32.0	36.0
2	34.75399743320847	36.0	36.0	36.0	32.0	36.0
3	34.731729529465014	36.0	36.0	36.0	32.0	36.0
4	34.73867312897103	36.0	36.0	36.0	32.0	36.0
5	34.71027815600802	36.0	36.0	36.0	32.0	36.0
6	34.7092239460415	36.0	36.0	36.0	32.0	36.0
7	34.68424045881864	36.0	36.0	36.0	32.0	36.0
8	34.66192069769045	36.0	36.0	36.0	32.0	36.0
9	34.65602527302429	36.0	36.0	36.0	32.0	36.0
10	34.63390452206081	36.0	36.0	36.0	32.0	36.0
11	34.62714324298649	36.0	36.0	36.0	32.0	36.0
12	34.604559128408496	36.0	36.0	36.0	32.0	36.0
13	34.60592448268347	36.0	36.0	36.0	32.0	36.0
14	34.59610369241716	36.0	36.0	36.0	32.0	36.0
15	34.58331093754948	36.0	36.0	36.0	32.0	36.0
16	34.558276636050195	36.0	36.0	36.0	32.0	36.0
17	34.53218678344513	36.0	36.0	36.0	32.0	36.0
18	34.527825249554354	36.0	36.0	36.0	32.0	36.0
19	34.50169777054225	36.0	36.0	36.0	32.0	36.0
20	34.51172375511542	36.0	36.0	36.0	32.0	36.0
21	34.489531769204376	36.0	36.0	36.0	32.0	36.0
22	34.48297800340937	36.0	36.0	36.0	32.0	36.0
23	34.46721337289095	36.0	36.0	36.0	32.0	36.0
24	34.44349863506047	36.0	36.0	36.0	32.0	36.0
25	34.424444558314896	36.0	36.0	36.0	32.0	36.0
26	34.386293071551954	36.0	36.0	36.0	32.0	36.0
27	34.39261189257734	36.0	36.0	36.0	32.0	36.0
28	34.36901688396858	36.0	36.0	36.0	32.0	36.0
29	34.34068933438638	36.0	36.0	36.0	32.0	36.0
30	34.32999229818614	36.0	36.0	36.0	32.0	36.0
31	34.30065990991879	36.0	36.0	36.0	32.0	36.0
32	34.27504876697287	36.0	36.0	36.0	32.0	36.0
33	34.23035034854794	36.0	36.0	36.0	32.0	36.0
34	34.21322241370426	36.0	36.0	36.0	32.0	36.0
35	34.16955736789452	36.0	36.0	36.0	32.0	36.0
36	34.14350963056048	36.0	36.0	36.0	32.0	36.0
37	34.1420541930638	36.0	36.0	36.0	32.0	36.0
38	34.100092410405196	36.0	36.0	36.0	32.0	36.0
39	34.095657295730035	36.0	36.0	36.0	32.0	36.0
40	34.07743416102449	36.0	36.0	36.0	32.0	36.0
41	34.04069373501714	36.0	36.0	36.0	32.0	36.0
42	34.01708891599892	36.0	36.0	36.0	32.0	36.0
43	33.99909135891252	36.0	36.0	36.0	32.0	36.0
44	33.96492924776405	36.0	36.0	36.0	32.0	36.0
45	33.94378759559031	36.0	36.0	36.0	32.0	36.0
46	33.923560522544676	36.0	36.0	36.0	32.0	36.0
47	33.92342960006337	36.0	36.0	36.0	32.0	36.0
48	33.92597163191714	36.0	36.0	36.0	32.0	36.0
49	33.99002983316443	36.0	36.0	36.0	32.0	36.0
50	34.0611411023528	36.0	36.0	36.0	32.0	36.0
51	34.18267236901094	36.0	36.0	36.0	32.0	36.0
>>END_MODULE
>>Per sequence quality scores	pass
#Quality	Count
14	669.0
15	1509.0
16	2891.0
17	4778.0
18	7606.0
19	11546.0
20	16967.0
21	25057.0
22	35156.0
23	49363.0
24	68112.0
25	94003.0
26	125195.0
27	164956.0
28	211199.0
29	266911.0
30	335431.0
31	427710.0
32	569429.0
33	826602.0
34	1535012.0
35	5860344.0
36	2780979.0
>>END_MODULE
>>Per base sequence content	pass
#Base	G	A	T	C
1	21.80144060708904	27.369254754990624	27.61212762430219	23.21717701361815
2	22.01146301529085	28.209880843502088	27.91950929204611	21.85914684916095
3	21.45728937128509	28.093186826287074	28.272146959059864	22.177376843367973
4	22.345689820566744	26.966808665994858	28.880949675611937	21.80655183782646
5	21.899462985487755	27.547887053721944	28.337758471995333	22.21489148879497
6	21.139320154156508	28.220758973059866	28.590369502493214	22.049551370290413
7	21.383139271724126	28.17916875443554	28.31986171364069	22.117830260199646
8	21.270081232059933	28.129822280421042	27.948336335374226	22.6517601521448
9	21.63394721499394	27.865737058471808	27.97085257340409	22.529463153130163
10	21.32331700993002	27.896344836706984	28.572100205455087	22.208237947907918
11	22.547896367189026	27.54823724008442	27.871980806807027	22.03188558591953
12	21.29361822608255	28.34198306066606	28.38844608527038	21.97595262798101
13	21.30038352857465	28.174169285303165	28.84264524817596	21.68280193794623
14	21.441687451220716	27.85181156248312	28.99113171663963	21.715369269656538
15	21.23568101002688	28.300877142330265	28.676671813909476	21.786770033733376
16	21.23330421322624	28.290319396040285	29.003500000931346	21.472876389802124
17	21.465723647079205	27.87478229770684	27.985262369681312	22.674231685532646
18	21.433446895542016	28.92014819588829	27.928271401881695	21.718133506688
19	22.03831560359649	27.969816915863998	28.311814878077403	21.68005260246211
20	22.39760681149729	27.57272048236309	28.45001927887687	21.579653427262755
21	22.314176659102138	27.591431446641852	28.510716361552625	21.583675532703385
22	21.55592673878843	28.55304027454279	28.53581411887392	21.35521886779486
23	21.432724681499252	28.298850576432287	28.64126071322055	21.627164028847908
24	21.152581144439676	28.590001470528414	28.481505988901144	21.775911396130766
25	21.37295204804386	28.640796183535926	28.111626187346424	21.87462558107379
26	21.508950418854415	27.918492983726427	28.377953929771436	22.194602667647715
27	22.240213407419585	27.977682901936273	28.20003498383578	21.58206870680836
28	21.19043838422862	28.453823136859114	28.226991036946526	22.12874744196574
29	22.161151963376174	27.818869234548266	28.09739412972187	21.92258467235369
30	21.361059459577284	28.990002779192263	27.903650429684923	21.745287331545526
31	21.48704070157407	28.496357647938225	28.333716078861553	21.682885571626148
32	21.499510981280338	28.837763356283407	27.931819033357925	21.73090662907833
33	21.34336951535228	27.83802020839984	28.889037670110447	21.929572606137437
34	21.5505159518534	28.774154886704338	28.400379401621805	21.27494975982045
35	21.420699831643365	27.65144100944808	28.696320349268472	22.23153880964008
36	21.757020667198976	28.26881879704618	27.86271308928227	22.111447446472575
37	21.444425553877448	28.316572889227125	27.898501829373274	22.340499727522154
38	21.67957202734645	28.500788999993294	27.62429708307061	22.19534188958965
39	21.698030878137374	28.33149300242676	27.791189369084062	22.1792867503518
40	21.375807797743462	28.026180391327532	28.761785850668915	21.836225960260094
41	21.90116581509471	27.929844259917747	28.263726300549045	21.905263624438494
42	21.995687450574806	27.77741408550271	28.508066230834146	21.718832233088342
43	21.713264538981715	28.61907775122137	28.047739520382525	21.619918189414395
44	21.784630039655088	28.09699749370517	27.86580323533588	22.252569231303855
45	21.933142362073987	28.519280654908485	27.898679365639172	21.648897617378353
46	21.66984682877671	29.438593331539735	27.501141946812886	21.390417892870673
47	22.00064431122454	28.106032504712392	27.68748780445396	22.205835379609113
48	21.92970449257345	28.628019295635514	28.286436637333	21.155839574458028
49	22.280160936814745	28.265601956611548	28.368560578541015	21.085676528032693
50	22.949276176759827	28.21379627913413	28.111368990841562	20.725558553264484
51	21.913511282529335	29.41487142231483	27.994866078793013	20.67675121636282
>>END_MODULE
>>Per base GC content	pass
#Base	%GC
1	45.01861762070719
2	43.8706098644518
3	43.63466621465306
4	44.1522416583932
5	44.11435447428273
6	43.18887152444692
7	43.50096953192377
8	43.92184138420473
9	44.163410368124104
10	43.53155495783794
11	44.57978195310856
12	43.26957085406356
13	42.98318546652088
14	43.15705672087725
15	43.022451043760256
16	42.706180603028365
17	44.139955332611855
18	43.15158040223002
19	43.71836820605859
20	43.97726023876004
21	43.897852191805526
22	42.91114560658329
23	43.05988871034716
24	42.92849254057044
25	43.24757762911765
26	43.703553086502126
27	43.822282114227946
28	43.319185826194364
29	44.08373663572986
30	43.10634679112281
31	43.16992627320022
32	43.23041761035867
33	43.27294212148971
34	42.82546571167386
35	43.652238641283446
36	43.86846811367155
37	43.7849252813996
38	43.874913916936094
39	43.87731762848917
40	43.21203375800356
41	43.806429439533204
42	43.71451968366314
43	43.33318272839611
44	44.03719927095895
45	43.58203997945234
46	43.060264721647385
47	44.20647969083365
48	43.085544067031485
49	43.36583746484744
50	43.67483473002431
51	42.59026249889216
>>END_MODULE
>>Per sequence GC content	warn
#GC Content	Count
0	7427.0
1	6186.5
2	4491.5
3	4393.0
4	4822.0
5	5552.5
6	6377.5
7	7281.0
8	8130.0
9	9979.5
10	11963.5
11	15024.0
12	18076.0
13	23025.5
14	28548.0
15	37918.0
16	47524.0
17	61905.0
18	76708.5
19	96741.0
20	117426.5
21	141564.0
22	165999.0
23	196791.5
24	229035.0
25	261890.5
26	325804.0
27	370168.5
28	423984.0
29	480340.0
30	542325.0
31	605877.5
32	673304.5
33	740407.5
34	795585.0
35	845888.0
36	864154.5
37	877342.5
38	872858.5
39	867988.5
40	858324.5
41	846569.0
42	838782.5
43	828599.0
44	809585.5
45	788898.0
46	767582.0
47	746326.0
48	724840.5
49	702703.0
50	681404.5
51	659619.0
52	635280.5
53	609692.5
54	584879.0
55	558903.0
56	531219.5
57	502758.5
58	472240.0
59	439007.0
60	403958.5
61	367640.5
62	332297.0
63	299609.0
64	266035.0
65	233273.0
66	204704.0
67	177813.0
68	151464.5
69	124705.0
70	104094.0
71	85629.0
72	71430.0
73	58663.5
74	48335.5
75	36532.5
76	30592.0
77	25510.0
78	20778.5
79	17102.0
80	13723.0
81	11297.0
82	9070.5
83	7346.5
84	5773.5
85	4649.0
86	3635.0
87	2997.5
88	2405.5
89	1978.5
90	1573.5
91	1321.5
92	1123.5
93	1022.5
94	928.5
95	918.5
96	918.0
97	1060.5
98	1743.0
99	6487.5
100	10688.0
>>END_MODULE
>>Per base N content	pass
#Base	N-Count
1	0.0
2	0.0
3	0.0
4	0.0
5	0.0
6	0.0
7	0.0
8	0.0
9	0.0
10	0.0
11	0.0
12	0.0
13	0.0
14	0.0
15	0.0
16	0.0
17	0.0
18	0.0
19	0.0
20	0.0
21	0.0
22	0.0
23	0.0
24	0.0
25	0.0
26	0.0
27	0.0
28	0.0
29	0.0
30	0.0
31	0.0
32	0.0
33	0.0
34	0.0
35	0.0
36	0.0
37	0.0
38	0.0
39	0.0
40	0.0
41	0.0
42	0.0
43	0.0
44	0.0
45	0.0
46	0.0
47	0.0
48	0.0
49	0.0
50	0.0
51	0.0
>>END_MODULE
>>Sequence Length Distribution	warn
#Length	Count
20	17202.0
21	17603.0
22	18441.0
23	19236.0
24	19956.0
25	20783.0
26	22068.0
27	23022.0
28	24082.0
29	26560.0
30	27036.0
31	27453.0
32	29086.0
33	29322.0
34	30889.0
35	32425.0
36	31534.0
37	33244.0
38	34498.0
39	37407.0
40	39048.0
41	44445.0
42	45366.0
43	51545.0
44	61772.0
45	86764.0
46	148070.0
47	360773.0
48	747541.0
49	1500463.0
50	2084806.0
51	7728985.0
>>END_MODULE
>>Sequence Duplication Levels	warn
#Total Duplicate Percentage	25.90154312684943
#Duplication Level	Relative count
1	100.0
2	17.064251673289416
3	5.699085136437445
4	2.6165361918969228
5	1.3709751943920052
6	0.8105717567228611
7	0.606608668101229
8	0.41056647612509733
9	0.30495452085176045
10++	3.1313944738544404
>>END_MODULE
>>Overrepresented sequences	pass
>>END_MODULE
>>Kmer Content	warn
#Sequence	Count	Obs/Exp Overall	Obs/Exp Max	Max Obs/Exp Position
AAAAA	4923535	4.5460677	5.714124	47
TTTTT	4090665	3.7344537	5.6069593	13
GGGGG	1043365	3.57983	4.834458	47
TTTTC	2591740	3.057256	5.7241173	4
GAAAA	2526935	3.0336566	7.2556167	4
AGAAA	2485920	2.984417	6.904959	28
GGAAA	1480470	2.3109226	7.215245	20
GAGAA	1461455	2.2812414	7.4502196	27
AAAAT	2421665	2.2309396	5.2978687	22
CCACC	845715	2.157104	5.467373	8
TGGAA	1329545	2.0706358	5.1041937	19
TGAAA	1644850	1.9702146	5.8026304	10
CTGAA	1264190	1.9521877	6.7909136	9
AAATG	1577030	1.8889791	5.98659	23
CATTT	1583675	1.8723695	5.759079	1
AAAAC	1515015	1.8034241	5.5298147	5
GTGGA	835605	1.6920576	5.388536	47
TGAGA	1076360	1.676325	6.78226	26
CCACT	805750	1.5905238	5.054063	36
CATGG	775065	1.5561836	5.435037	17
AATGA	1206045	1.4446102	5.4776697	24
CTTGA	899300	1.3855706	5.4858255	47
CACTT	905035	1.382605	5.735512	37
ATGAG	883475	1.3759255	6.484848	25
AACTG	889520	1.3736147	6.035979	7
ACTGA	875625	1.352158	6.0349298	8
AAATC	1084760	1.288337	5.1637444	13
>>END_MODULE
