##FastQC	0.10.1
>>Basic Statistics	pass
#Measure	Value	
Filename	030-F0_S1_L002_R2_001_trimmed.fq.gz	
File type	Conventional base calls	
Encoding	Sanger / Illumina 1.9	
Total Sequences	17015485	
Filtered Sequences	0	
Sequence length	20-51	
%GC	43	
>>END_MODULE
>>Per base sequence quality	pass
#Base	Mean	Median	Lower Quartile	Upper Quartile	10th Percentile	90th Percentile
1	34.64851339823696	36.0	36.0	36.0	32.0	36.0
2	34.64242376870245	36.0	36.0	36.0	32.0	36.0
3	34.62060411442871	36.0	36.0	36.0	32.0	36.0
4	34.618787004895836	36.0	36.0	36.0	32.0	36.0
5	34.59376062451349	36.0	36.0	36.0	32.0	36.0
6	34.59238052867726	36.0	36.0	36.0	32.0	36.0
7	34.56991640261797	36.0	36.0	36.0	32.0	36.0
8	34.54500197907964	36.0	36.0	36.0	32.0	36.0
9	34.537849141531964	36.0	36.0	36.0	32.0	36.0
10	34.51991271480067	36.0	36.0	36.0	32.0	36.0
11	34.50119658652104	36.0	36.0	36.0	32.0	36.0
12	34.477480189368684	36.0	36.0	36.0	32.0	36.0
13	34.48711206292386	36.0	36.0	36.0	32.0	36.0
14	34.475932011341435	36.0	36.0	36.0	32.0	36.0
15	34.4605294530247	36.0	36.0	36.0	32.0	36.0
16	34.44617159017213	36.0	36.0	36.0	32.0	36.0
17	34.40588293545556	36.0	36.0	36.0	32.0	36.0
18	34.40825154263896	36.0	36.0	36.0	32.0	36.0
19	34.36238261795065	36.0	36.0	36.0	32.0	36.0
20	34.37964842024779	36.0	36.0	36.0	32.0	36.0
21	34.35528372621545	36.0	36.0	36.0	32.0	36.0
22	34.35445584995693	36.0	36.0	36.0	32.0	36.0
23	34.3380397498784	36.0	36.0	36.0	32.0	36.0
24	34.31111474812096	36.0	36.0	36.0	32.0	36.0
25	34.29526350064247	36.0	36.0	36.0	32.0	36.0
26	34.2391300059195	36.0	36.0	36.0	32.0	36.0
27	34.252668505799306	36.0	36.0	36.0	32.0	36.0
28	34.21757725574458	36.0	36.0	36.0	32.0	36.0
29	34.18825282659374	36.0	36.0	36.0	32.0	36.0
30	34.18003496644158	36.0	36.0	36.0	32.0	36.0
31	34.15641599674183	36.0	36.0	36.0	32.0	36.0
32	34.14232322941988	36.0	36.0	36.0	32.0	36.0
33	34.08276001820495	36.0	36.0	36.0	32.0	36.0
34	34.069384827202505	36.0	36.0	36.0	32.0	36.0
35	34.01612079659246	36.0	36.0	36.0	32.0	36.0
36	34.0038001637303	36.0	36.0	36.0	32.0	36.0
37	33.98913353664133	36.0	36.0	36.0	32.0	36.0
38	33.94810815866383	36.0	36.0	36.0	32.0	36.0
39	33.9450387059896	36.0	36.0	36.0	32.0	36.0
40	33.92941517955052	36.0	36.0	36.0	32.0	36.0
41	33.90425115415922	36.0	36.0	36.0	32.0	36.0
42	33.877029736943854	36.0	36.0	36.0	32.0	36.0
43	33.85951427832235	36.0	36.0	36.0	32.0	36.0
44	33.80671527657756	36.0	36.0	36.0	32.0	36.0
45	33.81256990640133	36.0	36.0	36.0	32.0	36.0
46	33.79097774219579	36.0	36.0	36.0	27.0	36.0
47	33.79424161573864	36.0	36.0	36.0	27.0	36.0
48	33.76861963457092	36.0	36.0	36.0	27.0	36.0
49	33.83663640258147	36.0	36.0	36.0	27.0	36.0
50	33.924316094738856	36.0	36.0	36.0	32.0	36.0
51	34.06401312118426	36.0	36.0	36.0	32.0	36.0
>>END_MODULE
>>Per sequence quality scores	pass
#Quality	Count
14	1167.0
15	2774.0
16	5589.0
17	9726.0
18	15837.0
19	23215.0
20	33570.0
21	45821.0
22	60819.0
23	81211.0
24	105868.0
25	138349.0
26	179289.0
27	226547.0
28	285980.0
29	353210.0
30	439300.0
31	555485.0
32	730304.0
33	1048063.0
34	1912371.0
35	7227204.0
36	3533786.0
>>END_MODULE
>>Per base sequence content	pass
#Base	G	A	T	C
1	21.706269318799905	27.452817242646923	27.528565891598156	23.312347546955024
2	21.995541120338327	28.542653941395145	27.887074626435858	21.574730311830663
3	21.28823833114366	28.378738543156423	28.365156796882367	21.967866328817546
4	22.384522098547293	27.007205495464863	29.082080234562813	21.52619217142503
5	21.84055288462245	27.72565107606395	28.49805339077905	21.935742648534557
6	20.976622176799545	28.50903162619226	28.737259031993506	21.77708716501469
7	21.23266542211403	28.46561235251302	28.36821871371871	21.933503511654237
8	21.045371319124904	28.445930280565022	27.869367226382323	22.639331173927747
9	21.613201151774398	28.051595355642228	27.871435930271748	22.463767562311624
10	21.17570554115854	28.03411715857644	28.69258208038149	22.097595219883537
11	22.64716521450902	27.58780604843177	27.899904116750125	21.86512462030909
12	21.17815037302786	28.614235797569098	28.372632340482802	21.83498148892024
13	21.130558429571654	28.442944764724604	28.97114011149256	21.455356694211183
14	21.335442392620603	28.116436293176477	29.090607761107012	21.4575135530959
15	21.135030826332603	28.591944337760577	28.76177199768329	21.511252838223534
16	21.05575597756984	28.490084179205	29.201536130177896	21.25262371304726
17	21.289913276054133	28.009280957903933	27.931075723084003	22.769730042957928
18	21.31209894986831	29.250279965572535	27.867280891493834	21.570340193065316
19	22.128490607232177	28.062379650065804	28.305328940080166	21.503800802621846
20	22.547244465849783	27.600177132770533	28.510806480097393	21.34177192128229
21	22.454107826187702	27.63206997506769	28.548215033056163	21.365607165688445
22	21.470646273014307	28.794874041946585	28.61647656671022	21.118003118328893
23	21.251568695557232	28.61587243105701	28.729516267197898	21.40304260618786
24	20.957842386330945	28.857360683121208	28.518889892519457	21.66590703802839
25	21.226995633245263	28.921867096773195	28.085765190845148	21.76537207913639
26	21.362541346472778	27.996688598088816	28.43633709795743	22.204432957480975
27	22.336577706847198	28.05226064635046	28.18464913923365	21.42651250756869
28	21.052681201052426	28.651995353210207	28.228675142180837	22.066648303556534
29	22.240543637066853	27.86366634576447	28.031286259610695	21.864503757557983
30	21.231390466131888	29.345047409019777	27.769597038170566	21.65396508667777
31	21.36788903519103	28.68320318306233	28.34565374748694	21.603254034259706
32	21.346272937206802	29.184839785208457	27.878231202621617	21.590656074963125
33	21.24540896277767	27.92330600234673	29.043811806548792	21.78747322832681
34	21.44373000346582	29.024300894842725	28.45593330749771	21.076035794193746
35	21.28362630350916	27.67106039410442	28.816263354641304	22.229049947745118
36	21.69934620609726	28.415286328459306	27.79349508732943	22.091872378114005
37	21.36094836544745	28.475834086887954	27.83907177551238	22.324145772152214
38	21.658841198149837	28.69529067129134	27.454419465215523	22.191448665343298
39	21.692268276680732	28.498622493834286	27.65254246093817	22.15656676854681
40	21.227933857326303	28.078667423835586	28.912560870921105	21.78083784791701
41	21.853806416241213	27.96164449642553	28.313785946831537	21.87076314050172
42	21.96919138736351	27.76167304653554	28.67318204818034	21.595953517920616
43	21.67787101121225	28.77933552895003	28.07877505685395	21.464018402983776
44	21.693746775107506	28.200949588957116	27.84102838356912	22.264275252366257
45	21.981375613569867	28.74550592134059	27.777547607295862	21.495570857793677
46	21.609811733160505	29.893590794431418	27.321578569477005	21.17501890293107
47	22.040026278430254	28.19676338234981	27.607467846471827	22.15574249274811
48	21.93068567560025	28.792170301538945	28.325435935309777	20.951708087551026
49	22.359810611548248	28.258654507836763	28.437376913917838	20.944157966697148
50	23.2557492401506	28.14631019938794	28.047472247115774	20.550468313345686
51	22.022766866185474	29.630152640922837	27.91653228929819	20.4305482035935
>>END_MODULE
>>Per base GC content	pass
#Base	%GC
1	45.01861686575493
2	43.570271432168994
3	43.25610465996121
4	43.910714269972324
5	43.776295533157004
6	42.753709341814236
7	43.166168933768276
8	43.684702493052654
9	44.07696871408602
10	43.27330076104207
11	44.512289834818105
12	43.013131861948104
13	42.58591512378283
14	42.79295594571651
15	42.64628366455614
16	42.3083796906171
17	44.05964331901207
18	42.88243914293363
19	43.63229140985403
20	43.889016387132074
21	43.81971499187615
22	42.588649391343196
23	42.65461130174509
24	42.62374942435934
25	42.99236771238166
26	43.56697430395376
27	43.76309021441589
28	43.119329504608956
29	44.10504739462483
30	42.885355552809656
31	42.97114306945073
32	42.93692901216993
33	43.03288219110448
34	42.519765797659566
35	43.51267625125428
36	43.791218584211265
37	43.68509413759967
38	43.85028986349314
39	43.84883504522754
40	43.00877170524331
41	43.724569556742935
42	43.56514490528413
43	43.14188941419603
44	43.95802202747377
45	43.47694647136354
46	42.78483063609158
47	44.195768771178365
48	42.88239376315128
49	43.3039685782454
50	43.80621755349628
51	42.453315069778974
>>END_MODULE
>>Per sequence GC content	warn
#GC Content	Count
0	12039.0
1	9860.0
2	7068.0
3	7117.0
4	7910.0
5	8946.5
6	10036.0
7	11364.0
8	12745.5
9	15369.0
10	18030.5
11	22163.0
12	26472.5
13	33130.5
14	40361.5
15	51841.5
16	63616.0
17	81194.0
18	99579.5
19	124645.0
20	150365.5
21	180453.5
22	211338.0
23	249643.0
24	289693.5
25	330531.0
26	410505.0
27	468101.0
28	539712.0
29	614887.0
30	699802.0
31	785791.0
32	875008.5
33	965268.5
34	1039147.5
35	1104700.5
36	1124452.0
37	1137318.5
38	1125767.0
39	1113563.5
40	1098889.5
41	1081393.5
42	1072311.5
43	1060968.5
44	1037117.0
45	1013514.5
46	990716.5
47	964492.5
48	936570.0
49	909066.0
50	882761.5
51	855041.5
52	822251.5
53	786571.0
54	749803.5
55	712052.0
56	672072.0
57	630709.5
58	587218.5
59	541333.5
60	494767.0
61	446962.5
62	401775.0
63	359795.0
64	316525.5
65	275631.0
66	241799.0
67	209307.5
68	176127.0
69	142875.0
70	118894.5
71	97856.5
72	81381.0
73	66420.0
74	54352.5
75	40975.0
76	34385.0
77	28880.5
78	23669.0
79	19520.5
80	15777.0
81	13105.0
82	10788.0
83	8967.5
84	7206.5
85	5985.0
86	4892.5
87	4213.0
88	3580.0
89	3081.0
90	2633.0
91	2414.5
92	2238.5
93	2218.5
94	2201.0
95	2311.0
96	2432.5
97	2886.5
98	4100.0
99	14842.0
100	24824.0
>>END_MODULE
>>Per base N content	pass
#Base	N-Count
1	0.0
2	0.0
3	0.0
4	0.0
5	0.0
6	0.0
7	0.0
8	0.0
9	0.0
10	0.0
11	0.0
12	0.0
13	0.0
14	0.0
15	0.0
16	0.0
17	0.0
18	0.0
19	0.0
20	0.0
21	0.0
22	0.0
23	0.0
24	0.0
25	0.0
26	0.0
27	0.0
28	0.0
29	0.0
30	0.0
31	0.0
32	0.0
33	0.0
34	0.0
35	0.0
36	0.0
37	0.0
38	0.0
39	0.0
40	0.0
41	0.0
42	0.0
43	0.0
44	0.0
45	0.0
46	0.0
47	0.0
48	0.0
49	0.0
50	0.0
51	0.0
>>END_MODULE
>>Sequence Length Distribution	warn
#Length	Count
20	29092.0
21	29875.0
22	30831.0
23	31467.0
24	32041.0
25	33053.0
26	34615.0
27	36275.0
28	37669.0
29	41146.0
30	41858.0
31	42310.0
32	43710.0
33	44620.0
34	46260.0
35	49528.0
36	46473.0
37	48706.0
38	51419.0
39	55032.0
40	56621.0
41	65824.0
42	65745.0
43	75047.0
44	88457.0
45	119511.0
46	198559.0
47	461357.0
48	941936.0
49	1882046.0
50	2623564.0
51	9630838.0
>>END_MODULE
>>Sequence Duplication Levels	warn
#Total Duplicate Percentage	26.10588687432805
#Duplication Level	Relative count
1	100.0
2	15.883235898246168
3	5.444514667930689
4	2.5339706114710063
5	1.451651129720335
6	0.8933744140727866
7	0.6346447569389583
8	0.4628166640332859
9	0.364723231684837
10++	4.000105335229367
>>END_MODULE
>>Overrepresented sequences	warn
#Sequence	Count	Percentage	Possible Source
GGGGGGGGGGGGGGGGGGGGGGGGGGGGGGGGGGGGGGGGGGGGGGGGGGG	17976	0.1056449463532776	No Hit
>>END_MODULE
>>Kmer Content	warn
#Sequence	Count	Obs/Exp Overall	Obs/Exp Max	Max Obs/Exp Position
GGGGG	2023535	5.584484	7.931947	47
AAAAA	6517595	4.6273685	5.9430766	47
TTTTT	5200425	3.7504115	6.1203938	13
TTTTC	3444695	3.2301908	6.7172174	4
GAAAA	3376940	3.1455395	8.414311	4
AGAAA	3251250	3.0284624	7.7612333	28
CCAGG	1390215	2.890486	5.473831	35
AAGAA	2703655	2.5183907	5.35588	2
GGAAA	1922895	2.3499172	8.275939	20
GAGAA	1906805	2.330254	8.632282	27
TTTCC	1886700	2.3004751	5.1565733	22
AAAAT	3158405	2.2494338	5.918886	22
TCCTC	1409995	2.2354732	5.93191	24
ATTTT	3092405	2.2231963	5.2291102	2
GGTGG	1042830	2.20049	5.302146	18
CCACC	1064810	2.188279	6.6647773	8
TTCCT	1786615	2.1784403	5.1431236	23
GAGGA	1331470	2.1347818	5.0181937	2
TGGAA	1709275	2.0954032	5.7317295	19
TTCAG	1645070	2.0112662	5.6025724	15
TGAAA	2129680	1.9899625	6.7000775	10
CTGAA	1625620	1.9812783	7.938156	9
TCCAC	1248785	1.973699	5.564879	35
AAATG	2063615	1.9282316	6.8339734	23
CATTT	2058395	1.9241875	6.929372	1
AAAAC	2006430	1.8580897	6.4179688	5
GTGGA	1082750	1.7414417	6.447204	47
TGAGA	1407850	1.7258859	8.016142	26
CACCT	1053770	1.6654786	5.1498775	9
CCACT	1044480	1.6507958	5.779942	36
CATGG	997790	1.5954777	6.1926184	17
CAAGA	1252155	1.5213386	5.6881733	1
CATCC	938075	1.4826232	5.1353383	33
AGTGG	919145	1.4783076	5.7483892	46
AATGA	1577725	1.4742184	6.3381844	24
ATGGA	1183260	1.4505603	5.158992	18
ATGAG	1169875	1.4341516	7.6924305	25
CACTT	1174195	1.4272373	6.7785363	37
ACTGA	1166460	1.4216619	7.194744	8
CTTGA	1160080	1.4183161	6.301504	47
AACTG	1159315	1.4129536	7.163139	7
AAACT	1449350	1.3464017	5.850914	6
AAATC	1425165	1.3239344	6.059134	13
AAGTG	1059150	1.2984138	5.3109856	47
ACTTG	1049185	1.2827358	5.3243628	46
AATCA	1279100	1.1882446	5.8611774	14
CGCCA	474545	0.98092794	5.0725636	28
CCTCG	425640	0.8825937	5.351058	25
>>END_MODULE
