##FastQC	0.10.1
>>Basic Statistics	pass
#Measure	Value	
Filename	005-primary_S6_L002_R1_001.fastq.gz	
File type	Conventional base calls	
Encoding	Sanger / Illumina 1.9	
Total Sequences	30560658	
Filtered Sequences	0	
Sequence length	35-75	
%GC	45	
>>END_MODULE
>>Per base sequence quality	pass
#Base	Mean	Median	Lower Quartile	Upper Quartile	10th Percentile	90th Percentile
1	31.300801540333328	32.0	32.0	32.0	32.0	32.0
2	31.365084776643226	32.0	32.0	32.0	32.0	32.0
3	31.447751517653842	32.0	32.0	32.0	32.0	32.0
4	31.531196448715207	32.0	32.0	32.0	32.0	32.0
5	31.483335404623816	32.0	32.0	32.0	32.0	32.0
6	35.06986724565944	36.0	36.0	36.0	36.0	36.0
7	35.0743220908398	36.0	36.0	36.0	36.0	36.0
8	35.01074809973005	36.0	36.0	36.0	36.0	36.0
9	35.15853277766467	36.0	36.0	36.0	36.0	36.0
10	35.021648617644296	36.0	36.0	36.0	36.0	36.0
11	35.12251470501715	36.0	36.0	36.0	36.0	36.0
12	35.05958206135483	36.0	36.0	36.0	36.0	36.0
13	35.09415778940362	36.0	36.0	36.0	36.0	36.0
14	35.06872554903759	36.0	36.0	36.0	36.0	36.0
15	35.028496735901435	36.0	36.0	36.0	36.0	36.0
16	35.04342704270307	36.0	36.0	36.0	36.0	36.0
17	35.035793241101025	36.0	36.0	36.0	36.0	36.0
18	35.04002315656947	36.0	36.0	36.0	36.0	36.0
19	35.03710250610442	36.0	36.0	36.0	36.0	36.0
20	35.02615876268109	36.0	36.0	36.0	36.0	36.0
21	35.02235688119019	36.0	36.0	36.0	36.0	36.0
22	35.0130316893046	36.0	36.0	36.0	36.0	36.0
23	34.98967374982568	36.0	36.0	36.0	36.0	36.0
24	34.98065188910527	36.0	36.0	36.0	36.0	36.0
25	34.963716029936265	36.0	36.0	36.0	36.0	36.0
26	34.91360316914643	36.0	36.0	36.0	36.0	36.0
27	34.90087242231499	36.0	36.0	36.0	36.0	36.0
28	34.88538741541494	36.0	36.0	36.0	36.0	36.0
29	34.879326682036755	36.0	36.0	36.0	36.0	36.0
30	34.8573801977693	36.0	36.0	36.0	36.0	36.0
31	34.83820970085134	36.0	36.0	36.0	36.0	36.0
32	34.82079325648028	36.0	36.0	36.0	36.0	36.0
33	34.80839411245661	36.0	36.0	36.0	36.0	36.0
34	34.80926140399202	36.0	36.0	36.0	36.0	36.0
35	34.80542657163992	36.0	36.0	36.0	36.0	36.0
36	34.85017304922443	36.0	36.0	36.0	36.0	36.0
37	34.836306255170335	36.0	36.0	36.0	36.0	36.0
38	34.82537346714487	36.0	36.0	36.0	36.0	36.0
39	34.82473026555162	36.0	36.0	36.0	36.0	36.0
40	34.81133145674189	36.0	36.0	36.0	36.0	36.0
41	34.79453485891139	36.0	36.0	36.0	36.0	36.0
42	34.78224782231766	36.0	36.0	36.0	32.0	36.0
43	34.7690470663554	36.0	36.0	36.0	32.0	36.0
44	34.75872068475168	36.0	36.0	36.0	32.0	36.0
45	34.745908379952276	36.0	36.0	36.0	32.0	36.0
46	34.73370420542428	36.0	36.0	36.0	32.0	36.0
47	34.72920891140536	36.0	36.0	36.0	32.0	36.0
48	34.70857545759039	36.0	36.0	36.0	32.0	36.0
49	34.69070559356641	36.0	36.0	36.0	32.0	36.0
50	34.67058836545229	36.0	36.0	36.0	32.0	36.0
51	34.66208422771957	36.0	36.0	36.0	32.0	36.0
52	34.64948756602766	36.0	36.0	36.0	32.0	36.0
53	34.63115482768268	36.0	36.0	36.0	32.0	36.0
54	34.608098477442034	36.0	36.0	36.0	32.0	36.0
55	34.58544902170468	36.0	36.0	36.0	32.0	36.0
56	34.57272724463901	36.0	36.0	36.0	32.0	36.0
57	34.54561181151773	36.0	36.0	36.0	32.0	36.0
58	34.5201558724768	36.0	36.0	36.0	32.0	36.0
59	34.49879345874685	36.0	36.0	36.0	32.0	36.0
60	34.47433086358366	36.0	36.0	36.0	32.0	36.0
61	34.44990448989846	36.0	36.0	36.0	32.0	36.0
62	34.42972089260929	36.0	36.0	36.0	32.0	36.0
63	34.400248054716954	36.0	36.0	36.0	32.0	36.0
64	34.37390209928767	36.0	36.0	36.0	32.0	36.0
65	34.34268361394171	36.0	36.0	36.0	32.0	36.0
66	34.31267830911553	36.0	36.0	36.0	32.0	36.0
67	34.28891689272412	36.0	36.0	36.0	32.0	36.0
68	34.25018876999842	36.0	36.0	36.0	32.0	36.0
69	34.238672688517234	36.0	36.0	36.0	32.0	36.0
70	34.20532515569907	36.0	36.0	36.0	32.0	36.0
71	34.17229443906857	36.0	36.0	36.0	32.0	36.0
72	34.14246326817493	36.0	36.0	36.0	32.0	36.0
73	34.111315129513024	36.0	36.0	36.0	32.0	36.0
74	34.06928579959075	36.0	36.0	36.0	32.0	36.0
75	33.332283020436144	36.0	36.0	36.0	27.0	36.0
>>END_MODULE
>>Per sequence quality scores	pass
#Quality	Count
2	64680.0
3	0.0
4	0.0
5	0.0
6	0.0
7	0.0
8	0.0
9	0.0
10	0.0
11	0.0
12	0.0
13	0.0
14	0.0
15	0.0
16	0.0
17	3.0
18	59.0
19	447.0
20	2127.0
21	6859.0
22	16357.0
23	32448.0
24	58156.0
25	101302.0
26	165718.0
27	253774.0
28	368006.0
29	505081.0
30	675118.0
31	891395.0
32	1224920.0
33	1912461.0
34	4397022.0
35	1.9884725E7
>>END_MODULE
>>Per base sequence content	fail
#Base	G	A	T	C
1	41.75563088834847	18.88669537757031	12.617045551541887	26.740628182539332
2	15.894512384551168	20.06355395455755	36.21477232177961	27.827161339111665
3	18.37909904053577	21.78042625817739	28.775345391448013	31.065129309838824
4	12.983823637333423	15.504116641217408	35.712210967623335	35.79984875382583
5	14.685120116495362	35.16894916437833	34.30333665639449	15.842594062731813
6	34.12312168661203	35.388118091383596	16.316342851266672	14.1724173707377
7	30.06250529168141	29.836918166716934	20.760354037506193	19.340222504095458
8	26.19460280870527	34.909409186583424	19.98249080296602	18.913497201745294
9	24.511209314224978	15.957317387886363	20.024286481318946	39.507186816569714
10	14.101045348953658	27.754233439295973	34.84226309755482	23.302458114195552
11	34.27427052902161	22.87537304402944	23.534793231708175	19.315563195240777
12	21.9751508952356	24.35135797432219	30.882979497489938	22.790511632952274
13	27.387573796072047	20.754433666959088	26.403453462040538	25.454539074928327
14	20.467810848757566	20.57625533651583	27.357923243627063	31.598010571099543
15	22.658661489670163	29.3846930141371	23.459906062224956	24.496739433967782
16	22.634518898055	28.942622623441917	25.286983289894394	23.135875188608694
17	21.472966565385427	28.306977912469662	27.533802860315177	22.68625266182974
18	21.92731224987322	28.11951881218995	27.921524236874045	22.031644701062785
19	22.27518959913326	27.523885162343024	27.899909233759796	22.301016004763916
20	22.377316662584708	27.3480519770956	27.81674667778245	22.457884682537244
21	22.341589934379183	27.043763136779774	27.666258645447595	22.948388283393445
22	22.21239505950507	26.860959642114057	27.93188464588423	22.994760652496645
23	22.318008623956903	26.96860222026655	27.64177295773233	23.071616198044214
24	22.33619504535092	26.85765565567955	27.838726462295142	22.967422836674388
25	22.515818315451302	26.809735369037845	27.52631838860849	23.148127926902358
26	22.163534695972174	27.098687613693283	27.66067325278172	23.077104437552826
27	22.122121770904318	27.11021493299989	27.786147931516876	22.98151536457891
28	22.30079651815069	26.98039066004048	27.769747210599377	22.949065611209452
29	21.994910011305766	27.184298815888358	27.918344020984826	22.90244715182105
30	22.236834714296904	27.24090131626214	27.64290844002145	22.879355529419502
31	22.496281312899686	27.29887528119282	27.467707380953645	22.73713602495385
32	22.022536873550997	27.272688221377916	27.841714077836755	22.86306082723433
33	22.166398467365106	27.08866723342993	27.879361665331736	22.865572633873228
34	22.191349993777788	26.812904228595713	28.048286333907026	22.947459443719474
35	22.131387293104684	27.07815765082202	27.833093268889424	22.95736178718387
36	22.34865161854373	27.519904738018887	27.5600992929217	22.57134435051568
37	22.43303128178102	27.255144938788433	27.522744859988663	22.789078919441884
38	22.321781151833598	27.481824778220965	27.519751328144686	22.67664274180075
39	22.295708840141458	27.356074507897798	27.70942848827317	22.638788163687572
40	22.27243095271231	27.16657787864396	27.653262281798735	22.907728886844993
41	22.345873705550904	27.325923564049848	27.635430679289662	22.69277205110959
42	22.296678333213215	27.319489625859973	27.668886809779586	22.714945231147226
43	22.416301795278336	27.086731848508684	27.531608782252416	22.965357573960564
44	22.3497322621493	27.410365969711115	27.609538856542514	22.630362911597075
45	22.36689786287835	27.343692753291084	27.52912379477983	22.76028558905073
46	22.503048737125376	27.494407170787305	27.366628309414747	22.63591578267257
47	22.22426943775083	27.58533115072267	27.577827296964948	22.612572114561555
48	22.264449298869355	27.43757600697636	27.511204396778872	22.786770297375412
49	22.343824303619915	27.328193546876527	27.651630854704738	22.676351294798817
50	22.399549151140345	27.373144284250113	27.546752666509395	22.680553898100143
51	22.486316554401302	27.40987449748957	27.44260660688733	22.661202341221788
52	22.454466988290957	27.351222200554503	27.4543092849936	22.740001526160942
53	22.358846711651317	27.389217438103366	27.518720797803546	22.733215052441768
54	22.520789598821633	27.57759301166565	27.400742415011493	22.50087497450123
55	22.48609676322238	27.46651114656008	27.332207037613326	22.715185052604213
56	22.60425020323417	27.57327759041174	27.288179873225822	22.534292333128267
57	22.314101339541867	27.475250815776015	27.5242349217236	22.686412922958517
58	22.29701248912512	27.281502521700336	27.614139411091276	22.807345578083265
59	22.234817297634052	27.45655152715443	27.60095985063657	22.707671324574942
60	22.407901704837567	27.51937279032876	27.484648297579366	22.588077207254308
61	22.583512713430128	27.540462363250867	27.33672005191095	22.539304871408053
62	22.453146899611628	27.68878737781951	27.286194607485715	22.571871115083148
63	22.464646117889515	27.639371268310757	27.363153456262822	22.532829157536906
64	22.496802263498573	27.38229824726722	27.36078287975533	22.760116609478885
65	22.296871524519226	27.459250417168462	27.563918716175678	22.67995934213663
66	22.419242554711836	27.465847670167783	27.362130070483477	22.752779704636904
67	22.37002363882348	27.514637743893307	27.43985509069554	22.675483526587673
68	22.44797658911069	27.73950138592835	27.43419626258552	22.37832576237544
69	22.676793819813994	27.680161980239713	27.294257193660048	22.348787006286237
70	22.636574345850946	27.506788238466513	27.323031932334395	22.533605483348147
71	22.557182058042113	27.699115708072604	27.229004029466253	22.514698204419034
72	22.545608672842228	27.855598668165833	27.49396919606794	22.104823462924
73	23.15529649630857	28.398144999975415	27.580096342910267	20.86646216080575
74	24.437200523348604	30.803969402911846	27.56385404006563	17.19497603367392
75	29.793882685262833	41.10387778638881	29.102239528348363	0.0
>>END_MODULE
>>Per base GC content	fail
#Base	%GC
1	68.49625907088782
2	43.72167372366284
3	49.444228350374594
4	48.78367239115926
5	30.52771417922718
6	48.29553905734973
7	49.402727795776876
8	45.108100010450556
9	64.01839613079468
10	37.40350346314921
11	53.589833724262384
12	44.765662528187875
13	52.84211287100037
14	52.06582141985711
15	47.15540092363795
16	45.77039408666369
17	44.15921922721516
18	43.958956950936006
19	44.57620560389718
20	44.83520134512195
21	45.28997821777263
22	45.207155712001715
23	45.38962482200112
24	45.30361788202531
25	45.66394624235367
26	45.240639133524994
27	45.10363713548323
28	45.24986212936014
29	44.89735716312681
30	45.11619024371641
31	45.23341733785354
32	44.885597700785326
33	45.031971101238334
34	45.138809437497265
35	45.08874908028855
36	44.919995969059414
37	45.22211020122291
38	44.998423893634346
39	44.93449700382903
40	45.180159839557305
41	45.038645756660486
42	45.01162356436044
43	45.3816593692389
44	44.98009517374638
45	45.127183451929085
46	45.138964519797945
47	44.836841552312386
48	45.05121959624477
49	45.02017559841873
50	45.08010304924049
51	45.147518895623094
52	45.1944685144519
53	45.09206176409308
54	45.02166457332286
55	45.2012818158266
56	45.138542536362436
57	45.00051426250039
58	45.10435806720838
59	44.94248862220899
60	44.99597891209187
61	45.12281758483818
62	45.02501801469478
63	44.99747527542642
64	45.25691887297746
65	44.97683086665585
66	45.17202225934874
67	45.04550716541115
68	44.82630235148613
69	45.02558082610023
70	45.17017982919909
71	45.07188026246114
72	44.65043213576622
73	44.02175865711432
74	41.632176557022525
75	29.793882685262833
>>END_MODULE
>>Per sequence GC content	warn
#GC Content	Count
0	64688.0
1	32357.0
2	50.5
3	120.0
4	167.0
5	214.5
6	351.5
7	631.0
8	825.0
9	1143.5
10	2002.5
11	3463.0
12	4479.0
13	6107.5
14	10031.0
15	16146.5
16	21107.5
17	29722.5
18	47389.5
19	69488.5
20	85396.5
21	110355.5
22	156019.0
23	207233.5
24	242549.0
25	287334.5
26	361089.0
27	435612.0
28	486859.5
29	548647.5
30	643274.5
31	732045.0
32	791900.5
33	860520.0
34	968710.0
35	1068257.0
36	1131333.0
37	1195328.5
38	1268873.0
39	1326328.5
40	1365295.0
41	1384385.0
42	1388821.0
43	1379898.5
44	1375315.5
45	1358033.0
46	1317818.5
47	1275375.0
48	1252385.0
49	1219426.0
50	1165659.0
51	1121209.5
52	1097161.5
53	1079761.0
54	1048040.0
55	1016701.0
56	1000631.5
57	980402.5
58	934092.0
59	869884.5
60	811902.5
61	744106.0
62	660995.0
63	580854.5
64	515033.5
65	459262.5
66	386825.0
67	314215.0
68	262278.0
69	223110.5
70	178778.5
71	136211.5
72	106863.0
73	86812.0
74	66362.5
75	48574.5
76	36758.0
77	28713.5
78	20422.5
79	13733.5
80	9873.5
81	7427.0
82	5070.0
83	3200.0
84	2170.0
85	1679.5
86	1264.5
87	932.5
88	729.5
89	575.5
90	418.5
91	304.0
92	249.0
93	214.0
94	153.0
95	96.0
96	73.0
97	65.5
98	49.0
99	146.5
100	254.0
>>END_MODULE
>>Per base N content	pass
#Base	N-Count
1	0.213212032280195
2	0.21164465765102308
3	0.21164465765102308
4	0.21164465765102308
5	0.21164465765102308
6	0.21165120201273152
7	0.21164465765102308
8	0.2116610185552942
9	0.21164465765102308
10	0.21270484424779074
11	0.21245615850286992
12	0.21213875696001047
13	0.215342222016293
14	0.21226964419417935
15	0.21179517797031724
16	0.21262631190728942
17	0.2117690005234835
18	0.21227618855588778
19	0.21183444414056793
20	0.21166756291700264
21	0.21169374036383642
22	0.2116610185552942
23	0.21164465765102308
24	0.2116904681829822
25	0.21164465765102308
26	0.21165447419358574
27	0.21182789977885946
28	0.21164465765102308
29	0.21176245616177503
30	0.2116479298318773
31	0.21164465765102308
32	0.21164465765102308
33	0.21164465765102308
34	0.212930624726732
35	0.21164465765102308
36	0.0
37	0.0
38	0.0
39	0.0
40	0.0
41	0.0
42	0.0
43	2.586969177555734E-4
44	0.0
45	0.0
46	0.0
47	0.0
48	0.0
49	0.0
50	0.0
51	0.0
52	0.0
53	0.0
54	0.0
55	0.0
56	0.0
57	0.0
58	0.0
59	0.0
60	0.0
61	0.0
62	0.0
63	0.0
64	0.0
65	0.0
66	0.0
67	0.0
68	0.0
69	0.0
70	0.0
71	0.0
72	0.0
73	0.0
74	0.0
75	0.004161265428206822
>>END_MODULE
>>Sequence Length Distribution	warn
#Length	Count
35	86381.0
36	32564.0
37	40846.0
38	44622.0
39	48103.0
40	49710.0
41	52121.0
42	55198.0
43	60672.0
44	66881.0
45	71814.0
46	73765.0
47	75618.0
48	76355.0
49	78822.0
50	79889.0
51	81547.0
52	83424.0
53	87186.0
54	91909.0
55	94271.0
56	97094.0
57	98214.0
58	98749.0
59	100142.0
60	99570.0
61	100153.0
62	104214.0
63	106883.0
64	112916.0
65	115504.0
66	114433.0
67	117815.0
68	119642.0
69	130429.0
70	151004.0
71	263917.0
72	757311.0
73	2032765.0
74	6168561.0
75	1.8239644E7
>>END_MODULE
>>Sequence Duplication Levels	warn
#Total Duplicate Percentage	39.46227489974993
#Duplication Level	Relative count
1	100.0
2	24.33923217311954
3	11.836787902489897
4	7.030537087733021
5	4.389095293964281
6	2.9893429800547517
7	2.1240711771607352
8	1.54070525355234
9	1.2074696910441924
10++	7.494133750488854
>>END_MODULE
>>Overrepresented sequences	warn
#Sequence	Count	Percentage	Possible Source
NNNNNNNNNNNNNNNNNNNNNNNNNNNNNNNNNNN	64680	0.21164465765102308	No Hit
>>END_MODULE
>>Kmer Content	warn
#Sequence	Count	Obs/Exp Overall	Obs/Exp Max	Max Obs/Exp Position
AAAAA	10840415	3.5797594	6.844225	71
TTTTT	10273205	3.2639635	5.807063	71
CCTGG	4853980	3.1191413	11.833303	3
CCAGG	4628170	2.997092	13.02924	3
CCCAG	4471970	2.8753195	11.7299795	2
CTGGG	4378650	2.833876	10.075634	4
CCAGC	4153660	2.6706574	6.823929	3
GGAGG	3957980	2.5999887	5.957766	6
GCTGG	3975195	2.572759	5.9142046	3
TCCAG	4538115	2.4555006	9.520609	2
CAGCA	4453375	2.4283292	6.8359866	4
CAGCC	3761955	2.418805	5.712056	9
CAGGA	4390680	2.4113133	10.68526	4
CTCCA	4419795	2.3744504	7.3084035	1
TGCTG	4390710	2.3743744	6.343975	2
AGGAG	4292230	2.3741515	7.500627	5
GGCTG	3620980	2.3435097	8.328793	7
CTCCT	4360780	2.3247242	6.6535544	1
CTGGA	4261765	2.32251	8.662835	4
TCCTG	4318345	2.3186123	9.292726	2
GGCAG	3467005	2.2612512	6.2225842	7
CTGCA	4169820	2.256222	6.7232175	4
CCTGC	3522940	2.2477021	6.3651404	3
GCAGG	3430025	2.237132	6.4781613	3
TGCAG	4088505	2.2280898	6.7413144	2
CAGAG	4031525	2.2140694	7.700981	4
CTGCC	3457110	2.2057014	5.7955976	9
GCCTG	3431640	2.2051535	7.349134	7
AGCAG	3957485	2.1734076	5.6240273	7
TGGAG	3946430	2.166088	6.557713	5
CTGCT	4026295	2.1618044	6.581227	9
CCCTG	3384995	2.1596906	8.7060995	2
CTCTG	3991535	2.143141	7.2279625	2
CAGGG	3241685	2.1142929	8.974671	4
GCTGC	3281335	2.1085682	5.6242747	8
AGCTG	3844220	2.094963	5.900868	7
CAGGC	3210950	2.0793343	6.233957	4
GGAGA	3702675	2.0480518	5.7224255	6
GCCAG	3151895	2.0410917	5.233126	2
CTGGC	3155250	2.0275464	5.276478	4
GGGAG	3082140	2.0246513	5.348249	7
CACAG	3698880	2.0169194	7.104926	7
CAGAA	4338720	2.0063698	5.5878367	4
CTCAG	3684975	1.9938804	6.2525263	2
CTGTG	3652755	1.9753085	8.6619005	9
CTGAG	3610400	1.9675393	5.7857	4
CCCCA	3071180	1.9605998	6.785738	1
TTCTG	4262785	1.9261124	5.188577	2
TCCCA	3552340	1.9084268	5.000374	2
CCAGA	3476965	1.895914	6.9445558	3
GGCCA	2913095	1.8864504	6.0688705	1
TCTGG	3392060	1.8343319	6.1158195	3
TGGGG	2805520	1.8287636	5.5442066	5
CCTCT	3413275	1.8196111	5.27786	1
CACTG	3357210	1.8165321	7.4843774	7
CAGTG	3315830	1.8070093	6.509368	9
ACCTG	3335775	1.804934	5.366231	7
AGAGG	3256285	1.8011416	5.0919423	5
TGGCC	2789605	1.7925851	5.535019	5
CCTGA	3237270	1.7516346	5.7080936	3
GCCCA	2675645	1.7203459	7.225534	1
TCAGG	3135065	1.7084987	6.03377	3
ACAGA	3624175	1.6759402	5.829435	8
GAGAG	2989605	1.6536335	5.3307285	7
AGGTG	2985635	1.6387339	5.239412	7
TGGGC	2529315	1.6369805	6.156159	5
GGCCT	2518670	1.6184835	5.0052013	6
AGCCT	2989845	1.6177568	5.384582	6
CCTGT	3012820	1.6176481	5.4324393	8
ACAGG	2935575	1.6121857	5.121227	8
GGGCC	2048730	1.5756073	5.0717726	6
AGGCT	2796690	1.5240964	5.0621266	6
ACAGC	2669940	1.4558607	5.728147	8
GCTGT	2663790	1.4405038	5.08284	8
GACAG	2618690	1.4381559	7.1494718	7
CTGTC	2672145	1.4347323	5.724264	9
GGGCT	2194275	1.4201416	5.7598577	6
GCCCT	2224305	1.4191486	5.44728	1
ACACA	3066890	1.4081341	5.785333	6
GTGTG	2535985	1.3812257	5.8230267	1
CACAC	2549460	1.3802664	6.2947884	5
AGACA	2954070	1.3660611	5.592824	6
AGGGC	2090415	1.3634112	5.436793	5
ACTGC	2374660	1.28489	5.39765	8
GGACA	2301435	1.2639227	6.0783544	6
GTGCT	2240050	1.211357	5.2929435	1
GTCCT	2200570	1.1815336	6.308848	1
GTCCA	2178605	1.178808	6.5620823	1
AGCAC	2142075	1.1680273	5.553362	5
TGTGC	2125920	1.1496387	5.1443424	10
AGGAC	2086300	1.1457732	6.571861	5
GTCTT	2521390	1.1392741	5.07061	1
TGGAC	2008245	1.0944221	6.0515437	5
TGCAC	2004810	1.0847703	5.492253	5
GTGCA	1989965	1.0844601	5.662683	1
ACAGT	2294060	1.0526898	5.581691	8
GACTG	1927840	1.0506042	6.2196617	7
ACTGT	2294580	1.0448287	6.227814	8
GCACT	1919485	1.0386024	5.08645	6
AGACT	2199595	1.0093421	5.3708467	6
GGACT	1763995	0.9613143	5.34032	6
GTGTA	1343255	0.61603296	5.222609	1
>>END_MODULE
