##FastQC	0.10.1
>>Basic Statistics	pass
#Measure	Value	
Filename	001-F0_S3_L002_R1_001.fastq.gz	
File type	Conventional base calls	
Encoding	Sanger / Illumina 1.9	
Total Sequences	21270767	
Filtered Sequences	0	
Sequence length	35-76	
%GC	45	
>>END_MODULE
>>Per base sequence quality	pass
#Base	Mean	Median	Lower Quartile	Upper Quartile	10th Percentile	90th Percentile
1	31.356372762674706	32.0	32.0	32.0	32.0	32.0
2	31.415100687248373	32.0	32.0	32.0	32.0	32.0
3	31.492181875717034	32.0	32.0	32.0	32.0	32.0
4	31.567648971003255	32.0	32.0	32.0	32.0	32.0
5	31.5351223112923	32.0	32.0	32.0	32.0	32.0
6	35.158745098378446	36.0	36.0	36.0	36.0	36.0
7	35.159889062768634	36.0	36.0	36.0	36.0	36.0
8	35.096647619712066	36.0	36.0	36.0	36.0	36.0
9	35.22182039791983	36.0	36.0	36.0	36.0	36.0
10-14	35.15447243627839	36.0	36.0	36.0	36.0	36.0
15-19	35.10793085176478	36.0	36.0	36.0	36.0	36.0
20-24	35.059761521528586	36.0	36.0	36.0	36.0	36.0
25-29	34.953489396973794	36.0	36.0	36.0	36.0	36.0
30-34	34.865548336832425	36.0	36.0	36.0	36.0	36.0
35-39	34.86671853086948	36.0	36.0	36.0	36.0	36.0
40-44	34.81349917859144	36.0	36.0	36.0	36.0	36.0
45-49	34.72473995695005	36.0	36.0	36.0	35.2	36.0
50-54	34.60532110758587	36.0	36.0	36.0	32.0	36.0
55-59	34.46371163064045	36.0	36.0	36.0	32.0	36.0
60-64	34.307490478977016	36.0	36.0	36.0	32.0	36.0
65-69	34.157954948712046	36.0	36.0	36.0	32.0	36.0
70-74	34.033791680219075	36.0	36.0	36.0	32.0	36.0
75-76	33.38778011720058	36.0	34.0	36.0	26.5	36.0
>>END_MODULE
>>Per sequence quality scores	pass
#Quality	Count
2	61149.0
3	0.0
4	0.0
5	0.0
6	0.0
7	0.0
8	0.0
9	0.0
10	0.0
11	0.0
12	0.0
13	0.0
14	0.0
15	0.0
16	5.0
17	16.0
18	181.0
19	1181.0
20	4542.0
21	10935.0
22	19310.0
23	31400.0
24	50824.0
25	82057.0
26	126801.0
27	185641.0
28	258833.0
29	344978.0
30	447932.0
31	583414.0
32	795137.0
33	1235983.0
34	2843347.0
35	1.4187101E7
>>END_MODULE
>>Per base sequence content	fail
#Base	G	A	T	C
1	41.159115506854974	19.427611209486447	12.973992781700055	26.439280501958528
2	15.529500703289589	19.827740374140728	37.924487353918245	26.718271568651442
3	18.83884826946874	22.018425229238023	28.282961679547775	30.85976482174546
4	13.049300904545358	15.720564557003803	35.83242925946095	35.39770527898989
5	14.744890737777549	35.16372147768055	34.29442717921653	15.796960605325378
6	33.778151968602174	35.2899613750705	16.705048624638124	14.226838031689207
7	29.78421393539478	29.436692353440787	21.031694205902244	19.74739950526219
8	25.552803496119747	35.90990595707947	20.07455502046694	18.462735526333844
9	24.47630915109538	16.55742448361716	20.557824679698154	38.40844168558931
10-14	24.01168779701102	23.325983488445893	28.316366007810252	24.345962706732834
15-19	22.38207781001312	28.345852950310586	26.354265696886937	22.917803542789365
20-24	22.527706084914087	26.980294506746528	27.58808943354154	22.903909974797845
25-29	22.39023315235472	27.065681506309357	27.474478922668045	23.069606418667878
30-34	22.442015833204472	27.04423363001991	27.57382646172848	22.939924075047138
35-39	22.510954492160142	27.2379352705251	27.391624652486772	22.859485584827986
40-44	22.626100291544375	27.117600384916056	27.43577724270966	22.820522080829907
45-49	22.6230752554967	27.231577330086438	27.22739870678573	22.91794870763113
50-54	22.602772012435157	27.33670552444539	27.224834703233768	22.835687759885687
55-59	22.67127653719335	27.21963864886096	27.104421572993232	23.00466324095246
60-64	22.766874629017348	27.233056951789326	27.129727630952345	22.870340788240984
65-69	22.816117709978222	27.36611945677709	27.04687917416278	22.77088365908191
70-74	23.10429195554048	27.588045546403077	27.019886494129864	22.287776003926577
75-76	27.151286029717063	34.88047873629409	28.026078222278755	9.94215701171009
>>END_MODULE
>>Per base GC content	fail
#Base	%GC
1	67.5983960088135
2	42.24777227194103
3	49.6986130912142
4	48.447006183535244
5	30.541851343102927
6	48.00499000029138
7	49.53161344065697
8	44.01553902245359
9	62.88475083668469
10-14	48.357650503743855
15-19	45.29988135280248
20-24	45.431616059711935
25-29	45.459839571022606
30-34	45.38193990825161
35-39	45.370440076988125
40-44	45.446622372374286
45-49	45.54102396312783
50-54	45.43845977232085
55-59	45.67593977814581
60-64	45.63721541725833
65-69	45.58700136906014
70-74	45.392067959467056
75-76	37.09344304142716
>>END_MODULE
>>Per sequence GC content	warn
#GC Content	Count
0	61161.0
1	30591.0
2	36.5
3	75.0
4	101.5
5	158.0
6	290.0
7	514.5
8	684.5
9	902.5
10	1465.5
11	2427.5
12	3082.0
13	4124.0
14	6634.0
15	10536.0
16	16460.0
17	21155.0
18	28519.0
19	42442.0
20	59919.5
21	73224.0
22	92066.5
23	124733.0
24	159553.0
25	183787.5
26	214329.0
27	263730.0
28	314558.5
29	350916.0
30	395124.5
31	463857.5
32	532007.5
33	579131.0
34	640802.0
35	731169.5
36	808681.0
37	857039.5
38	895161.0
39	932819.0
40	944822.0
41	944519.5
42	950939.0
43	955879.0
44	949024.5
45	936730.5
46	929868.5
47	915272.5
48	890587.0
49	863593.0
50	844597.5
51	827063.5
52	797545.5
53	767630.0
54	751031.0
55	731624.0
56	702225.0
57	673901.0
58	648124.5
59	610512.0
60	558925.5
61	501403.5
62	453686.5
63	409200.5
64	353056.5
65	301107.5
66	249981.5
67	213124.5
68	183811.5
69	148545.5
70	115905.0
71	94054.5
72	78214.5
73	61618.0
74	46960.0
75	37482.0
76	31630.0
77	25187.5
78	18962.5
79	15066.5
80	12686.5
81	9982.5
82	7048.5
83	5185.5
84	4138.5
85	3108.5
86	2139.5
87	1537.0
88	1233.0
89	936.5
90	662.0
91	457.0
92	382.0
93	341.0
94	256.0
95	187.5
96	163.5
97	129.5
98	80.0
99	67.0
100	72.0
>>END_MODULE
>>Per base N content	pass
#Base	N-Count
1	0.3274588076678194
2	0.2875025616142568
3	0.2874978603263343
4	0.287798742753376
5	0.2874790551746441
6	0.2874790551746441
7	0.2874790551746441
8	0.28770001570700293
9	0.28754957449348206
10-14	0.28752324728111595
15-19	0.2883403311220512
20-24	0.2882387833029246
25-29	0.28974507595330246
30-34	0.2901569087753159
35-39	0.06201857809445084
40-44	0.00434643207758136
45-49	0.002921081885160239
50-54	0.004455177704058267
55-59	9.646611401590194E-4
60-64	8.639125000010212E-4
65-69	0.0012821527202175082
70-74	0.002593138834981971
75-76	0.010047868196327732
>>END_MODULE
>>Sequence Length Distribution	warn
#Length	Count
35	81386.0
36	29280.0
37	37143.0
38	39811.0
39	42298.0
40	42706.0
41	44724.0
42	47344.0
43	51975.0
44	55309.0
45	59312.0
46	60604.0
47	62348.0
48	63847.0
49	65280.0
50	64728.0
51	67168.0
52	68101.0
53	71153.0
54	74643.0
55	76159.0
56	77977.0
57	79320.0
58	79364.0
59	80601.0
60	81728.0
61	80163.0
62	82265.0
63	82415.0
64	86639.0
65	88346.0
66	90190.0
67	91901.0
68	90702.0
69	96353.0
70	98966.0
71	113543.0
72	192070.0
73	522042.0
74	1377814.0
75	4244445.0
76	1.2328604E7
>>END_MODULE
>>Sequence Duplication Levels	warn
#Total Duplicate Percentage	32.00500638068126
#Duplication Level	Relative count
1	100.0
2	21.08234139158179
3	8.307045974605328
4	4.300058469823075
5	2.437686327445446
6	1.5671356283340432
7	1.0069802862855781
8	0.7485581052889925
9	0.5060166169793479
10++	4.414110717302015
>>END_MODULE
>>Overrepresented sequences	warn
#Sequence	Count	Percentage	Possible Source
NNNNNNNNNNNNNNNNNNNNNNNNNNNNNNNNNNN	61149	0.2874790551746441	No Hit
>>END_MODULE
>>Kmer Content	warn
#Sequence	Count	Obs/Exp Overall	Obs/Exp Max	Max Obs/Exp Position
AAAAA	7258175	3.4769866	6.582129	72
TTTTT	6970745	3.2670188	5.726594	72
CCTGG	3359415	3.029174	11.37946	3
CCAGG	3240040	2.9343479	12.286455	3
CCCAG	3059610	2.7694292	10.387115	2
CTGGG	3006795	2.7126977	9.289871	4
CAGCA	3376000	2.606746	7.1425657	4
GGAGG	2828620	2.5645425	5.888236	6
CCAGC	2832260	2.5636415	6.459385	3
TGCTG	3306090	2.5319011	6.5408635	2
GCTGG	2735970	2.4683626	5.469866	3
TCCAG	3148100	2.4201605	9.838844	2
AGGAG	3054055	2.360735	7.1300216	5
CAGGA	3013275	2.3279417	10.004731	4
CTCCA	3017080	2.3181708	7.317703	1
CAGCC	2560995	2.3181038	5.305944	9
CTCCT	3029835	2.3178053	6.743876	1
AGCAG	2993720	2.3128345	5.180728	7
CTGCT	2999485	2.2958405	6.331036	9
CTGGA	2974420	2.2878892	8.727851	4
GGCTG	2517440	2.2712073	7.612503	7
TCCTG	2963630	2.2683966	9.3344145	2
CAGAG	2882830	2.2271647	7.025144	4
GGCAG	2452880	2.222668	5.6543365	7
GCTGC	2456510	2.2150273	5.3346395	8
CCTGC	2447605	2.2057936	6.150938	3
GCAGG	2425430	2.1977942	6.134201	3
CTGCC	2410205	2.1720884	5.567689	9
CTGCA	2824705	2.1715446	6.3450074	4
CCCTG	2408285	2.1703582	8.273155	2
CTCTG	2831685	2.1674044	6.971225	2
TGCAG	2793605	2.1488082	6.4333277	2
CACAG	2762125	2.1327481	7.5287476	7
CAGGG	2334730	2.1156068	8.465225	4
TGGAG	2747900	2.1148067	6.3324823	5
GCCTG	2343480	2.1131086	6.328335	7
CTGTG	2700380	2.0680306	8.8401575	9
AGCTG	2664270	2.0493255	5.5516076	7
CAGGC	2215695	2.0066478	5.602708	4
GGAGA	2591105	2.002882	5.5113554	6
CTCAG	2534770	1.9486517	5.7886972	2
CAGAA	2957550	1.9480518	5.4251547	4
CCCCA	2146420	1.9417882	6.1187882	1
CTGAG	2507445	1.9286973	5.290614	4
CAGTG	2460420	1.8925264	6.397129	9
TTCTG	2895610	1.882377	5.1274953	2
CACTG	2425690	1.8647943	7.6793523	7
CCAGA	2412465	1.8627619	6.431044	3
CCTCT	2420000	1.8512852	5.138645	1
TCCCA	2408545	1.8506033	5.0676947	2
TGGGG	2035220	1.837156	5.1543684	5
GGCCA	2018040	1.8276414	5.221035	1
TCTGG	2362860	1.8095479	5.8942475	3
GAGAG	2256930	1.7445701	5.470447	7
ACACA	2640450	1.7382385	6.7854695	6
CACAC	2236160	1.7256871	6.9104133	5
ACAGA	2595620	1.7096591	6.015683	8
GTGTG	2212515	1.6953342	6.6294975	9
CCTGA	2199800	1.6911372	5.2121944	3
GCCCA	1850910	1.6753651	6.125574	1
TGTGT	2527660	1.6440771	6.2738676	10
TCAGG	2136530	1.6433939	5.4677963	3
CCTGT	2126840	1.6279079	5.276539	8
ACAGG	2064560	1.5950006	5.1836677	8
TGGGC	1764360	1.5917866	5.554743	5
ACAGC	1994850	1.5403044	5.867237	8
GCTGT	1968025	1.5071714	5.155977	8
CTGTC	1920100	1.4696667	5.801795	9
GACAG	1897240	1.4657356	6.8725414	7
GCCCT	1573735	1.4182575	5.001117	1
GGGCT	1571115	1.4174429	5.2851253	6
AGACA	2122930	1.3983121	5.3349204	6
AGGGC	1513285	1.3712574	5.06727	5
GTCCT	1736345	1.3290185	8.733475	1
GGACA	1708260	1.3197367	6.248299	6
AGGAC	1655990	1.2793549	8.941936	5
GTGCT	1646730	1.2611144	5.4977736	1
TGTGC	1643200	1.2584109	6.0282693	10
ACTGC	1630040	1.2531235	5.2544756	8
AGCAC	1603115	1.2378299	5.7152615	5
GTCCA	1562755	1.2013971	6.6082296	1
GTGCA	1467060	1.1284455	5.4444323	1
ACAGT	1715375	1.1249335	5.672295	8
GTCTT	1729555	1.1243483	5.052162	1
TGGAC	1459120	1.1223382	5.869542	5
TGCAC	1439770	1.1068499	5.2871766	5
ACTGT	1684820	1.1000708	6.4653163	8
GACTG	1372985	1.0560842	5.850925	7
GGACC	1130265	1.0236264	5.275649	6
ACACT	1534220	1.005584	5.1622686	6
CTACA	1483215	0.97215337	5.2919602	4
TGTAG	1473270	0.96246845	5.5256457	2
GGACT	1242000	0.9553319	5.1615634	6
TAGGA	1266150	0.8307875	5.7596083	4
TCCTA	1257565	0.82065487	5.5248094	2
GTGTA	1083230	0.7076604	5.6797686	1
TACAC	1051490	0.689185	5.1457114	5
>>END_MODULE
