##FastQC	0.10.1
>>Basic Statistics	pass
#Measure	Value	
Filename	004-F5_S4_L004_R1_001_trimmed.fq.gz	
File type	Conventional base calls	
Encoding	Sanger / Illumina 1.9	
Total Sequences	15407604	
Filtered Sequences	0	
Sequence length	20-50	
%GC	45	
>>END_MODULE
>>Per base sequence quality	pass
#Base	Mean	Median	Lower Quartile	Upper Quartile	10th Percentile	90th Percentile
1	35.062064809038446	36.0	36.0	36.0	36.0	36.0
2	35.0589751657688	36.0	36.0	36.0	36.0	36.0
3	35.03835534713898	36.0	36.0	36.0	36.0	36.0
4	35.025171791798385	36.0	36.0	36.0	36.0	36.0
5	35.01864767552437	36.0	36.0	36.0	36.0	36.0
6	34.96939141218842	36.0	36.0	36.0	36.0	36.0
7	34.935273842707794	36.0	36.0	36.0	36.0	36.0
8	34.92878010104621	36.0	36.0	36.0	36.0	36.0
9	34.91698339339459	36.0	36.0	36.0	36.0	36.0
10	34.89857436626746	36.0	36.0	36.0	36.0	36.0
11	34.86152434862682	36.0	36.0	36.0	36.0	36.0
12	34.841221516337	36.0	36.0	36.0	32.0	36.0
13	34.823456067536526	36.0	36.0	36.0	32.0	36.0
14	34.81937587440591	36.0	36.0	36.0	32.0	36.0
15	34.800488901454116	36.0	36.0	36.0	32.0	36.0
16	34.78194331837708	36.0	36.0	36.0	32.0	36.0
17	34.78278030769742	36.0	36.0	36.0	32.0	36.0
18	34.7618297432878	36.0	36.0	36.0	32.0	36.0
19	34.75294166438857	36.0	36.0	36.0	32.0	36.0
20	34.75318836076005	36.0	36.0	36.0	32.0	36.0
21	34.75406072205995	36.0	36.0	36.0	32.0	36.0
22	34.75224258810158	36.0	36.0	36.0	32.0	36.0
23	34.73506588889821	36.0	36.0	36.0	32.0	36.0
24	34.716571635590356	36.0	36.0	36.0	32.0	36.0
25	34.71336994905629	36.0	36.0	36.0	32.0	36.0
26	34.68512867243417	36.0	36.0	36.0	32.0	36.0
27	34.683878897729066	36.0	36.0	36.0	32.0	36.0
28	34.67095702037901	36.0	36.0	36.0	32.0	36.0
29	34.65792871971983	36.0	36.0	36.0	32.0	36.0
30	34.65491078438593	36.0	36.0	36.0	32.0	36.0
31	34.631458130650785	36.0	36.0	36.0	32.0	36.0
32	34.619622993683365	36.0	36.0	36.0	32.0	36.0
33	34.58303723249142	36.0	36.0	36.0	32.0	36.0
34	34.569600984828206	36.0	36.0	36.0	32.0	36.0
35	34.5514762075665	36.0	36.0	36.0	32.0	36.0
36	34.53489789073032	36.0	36.0	36.0	32.0	36.0
37	34.51823751001777	36.0	36.0	36.0	32.0	36.0
38	34.48936524519191	36.0	36.0	36.0	32.0	36.0
39	34.47167874825795	36.0	36.0	36.0	32.0	36.0
40	34.45600039279145	36.0	36.0	36.0	32.0	36.0
41	34.430543867686985	36.0	36.0	36.0	32.0	36.0
42	34.42063551578181	36.0	36.0	36.0	32.0	36.0
43	34.38549976264615	36.0	36.0	36.0	32.0	36.0
44	34.37679541935697	36.0	36.0	36.0	32.0	36.0
45	34.361344309833505	36.0	36.0	36.0	32.0	36.0
46	34.34533325258796	36.0	36.0	36.0	32.0	36.0
47	34.34692960613493	36.0	36.0	36.0	32.0	36.0
48	34.36469605149913	36.0	36.0	36.0	32.0	36.0
49	34.4356638445256	36.0	36.0	36.0	32.0	36.0
50	34.5380467571117	36.0	36.0	36.0	32.0	36.0
>>END_MODULE
>>Per sequence quality scores	pass
#Quality	Count
14	6.0
15	61.0
16	228.0
17	639.0
18	1527.0
19	3135.0
20	6240.0
21	11193.0
22	18563.0
23	28943.0
24	44515.0
25	66772.0
26	96841.0
27	135596.0
28	185369.0
29	246551.0
30	323132.0
31	425984.0
32	581995.0
33	876343.0
34	1738250.0
35	7201498.0
36	3414223.0
>>END_MODULE
>>Per base sequence content	pass
#Base	G	A	T	C
1	22.50529869202008	26.686047175753018	27.344703670454066	23.463950461772832
2	22.48459509141891	26.842726658921134	27.541148715740015	23.131529533919938
3	22.39372128040707	26.848529297229938	27.473818115735092	23.2839313066279
4	22.60953566888361	26.556675647755025	27.747616900559407	23.086171782801962
5	22.715417002512982	26.59728875237034	27.38969026505308	23.2976039800636
6	22.20150154625151	27.051048366830255	27.594916892875617	23.152533194042622
7	22.356815141687214	26.976828862251118	27.49500406619361	23.17135192986806
8	22.324040746938508	26.93264688364245	27.460555634052238	23.282756735366803
9	22.30780633745044	26.97409924878553	27.522608346642798	23.195486067121234
10	22.351104647627082	26.99257242359168	27.534227789004934	23.122095139776302
11	22.84009895373739	26.883219480459132	27.233286888733645	23.04339467706984
12	22.16829430455248	27.187523770730348	27.61400150211545	23.030180422601724
13	22.32696920299873	26.977562507447622	27.709363506486795	22.986104783066853
14	22.37150183641358	26.7539390128572	27.84664874073802	23.0279104099912
15	22.25025383570346	27.05784105043198	27.66640419886181	23.02550091500275
16	22.39372844733029	27.277232722232476	27.62104996987202	22.707988860565212
17	22.549106272461312	26.97477167767292	27.231177540648112	23.244944509217657
18	22.401010565951722	27.426879610872657	27.296067578060807	22.876042245114814
19	22.657072442931426	27.071749767192877	27.46452336132211	22.80665442855359
20	22.70419852431306	26.80947667138901	27.500596458735572	22.985728345562357
21	22.693071962973313	26.907224086080596	27.543704833525094	22.855999117420996
22	22.48141108577619	27.14315296046927	27.533715104465905	22.841720849288638
23	22.519573555650698	26.936646308909623	27.50734275882518	23.036437376614497
24	22.376708274631568	27.263566864000687	27.463438394345502	22.896286467022247
25	22.489694029071476	27.196972930941293	27.29895886214988	23.01437417783735
26	22.55130618051045	27.077857925195474	27.320576100121247	23.050259794172828
27	22.606394513929366	27.168937246775805	27.39556945584042	22.82909878345441
28	22.35926167502238	27.19708439629179	27.365348316841136	23.078305611844698
29	22.68806075788418	26.935292914428306	27.387255229679408	22.98939109800811
30	22.48474438301088	27.33306589888474	27.307028331803046	22.875161386301336
31	22.587836081176516	27.214649469300156	27.303106123134974	22.89440832638835
32	22.551285790415573	27.252190609864503	27.223280028135882	22.97324357158405
33	22.459246337544403	27.029449787987424	27.514829920281553	22.99647395418662
34	22.60686827005276	27.399661991503105	27.33826538982963	22.655204348614504
35	22.575901346897844	26.973860117519337	27.36935710940822	23.080881426174592
36	22.68716455308591	27.242769181820293	27.157059425838376	22.91300683925542
37	22.49651111912283	27.19523424972991	27.254654119033468	23.053600512113796
38	22.520074901601	27.116993044167177	27.244526908270167	23.118405145961656
39	22.45954862365461	27.216965361770562	27.30573325923303	23.017752755341803
40	22.484979657733557	27.145054379135054	27.53543225747369	22.8345337056577
41	22.741645259169676	27.105132093074275	27.28250915624084	22.870713491515207
42	22.668091589926785	27.188000482208945	27.342617594602377	22.801290333261893
43	22.616054569578786	27.380506735090183	27.235760027151713	22.767678668179318
44	22.652796451083983	27.094831033617574	27.170390278151636	23.08198223714681
45	22.569177657133146	27.310293015433324	27.270278312916673	22.85025101451686
46	22.54977751015727	27.581012765039013	27.08552656503465	22.783683159769062
47	22.639277443075603	27.227024710429916	27.213639749248152	22.920058097246333
48	22.651773406285844	27.662331787084288	27.41669979076556	22.26919501586431
49	22.821190791498474	27.794607106182006	27.55011930949372	21.8340827928258
50	22.768585281041624	27.60090044383943	27.599514464730206	22.030999810388742
>>END_MODULE
>>Per base GC content	pass
#Base	%GC
1	45.969249153792916
2	45.61612462533885
3	45.67765258703497
4	45.69570745168557
5	46.01302098257658
6	45.35403474029413
7	45.52816707155527
8	45.6067974823053
9	45.503292404571674
10	45.47319978740339
11	45.88349363080723
12	45.198474727154206
13	45.31307398606558
14	45.39941224640478
15	45.27575475070621
16	45.101717307895505
17	45.79405078167897
18	45.27705281106654
19	45.463726871485015
20	45.68992686987542
21	45.54907108039431
22	45.32313193506483
23	45.556010932265195
24	45.27299474165381
25	45.504068206908826
26	45.601565974683275
27	45.43549329738377
28	45.43756728686708
29	45.67745185589229
30	45.35990576931221
31	45.48224440756487
32	45.52452936199962
33	45.45572029173102
34	45.26207261866727
35	45.65678277307244
36	45.60017139234133
37	45.550111631236625
38	45.63848004756265
39	45.47730137899641
40	45.31951336339126
41	45.61235875068488
42	45.46938192318868
43	45.38373323775811
44	45.73477868823079
45	45.41942867165
46	45.33346066992633
47	45.55933554032194
48	44.92096842215015
49	44.65527358432427
50	44.79958509143036
>>END_MODULE
>>Per sequence GC content	pass
#GC Content	Count
0	3146.0
1	3113.0
2	2683.5
3	2487.5
4	2778.0
5	3345.5
6	3963.0
7	4864.0
8	5829.5
9	7466.5
10	9186.0
11	12072.0
12	15188.5
13	20229.5
14	26082.0
15	35119.0
16	44835.0
17	58512.0
18	73402.5
19	93026.5
20	113388.5
21	138420.0
22	164537.5
23	195274.0
24	227632.5
25	259643.0
26	296651.5
27	340428.5
28	387700.0
29	440949.5
30	495904.0
31	553425.5
32	613951.0
33	677608.0
34	740898.5
35	795550.5
36	847595.5
37	886444.0
38	917731.5
39	941475.5
40	962822.5
41	979074.5
42	992722.5
43	993225.5
44	990007.0
45	981007.0
46	971074.5
47	955505.0
48	938992.0
49	923089.5
50	906352.5
51	886506.0
52	863685.0
53	839837.0
54	815930.5
55	789566.5
56	760995.5
57	727480.0
58	690922.5
59	647953.5
60	603378.0
61	551874.5
62	500350.5
63	455567.0
64	403075.5
65	354584.5
66	308391.5
67	266231.5
68	223657.5
69	184706.0
70	151713.5
71	124500.0
72	100660.5
73	80449.0
74	62117.0
75	49087.0
76	39334.0
77	30548.0
78	22755.5
79	17213.5
80	12613.5
81	9455.5
82	6935.0
83	5137.5
84	3675.0
85	2764.5
86	2045.0
87	1601.5
88	1251.5
89	969.5
90	781.5
91	664.5
92	581.0
93	496.5
94	414.0
95	381.5
96	359.5
97	319.5
98	290.5
99	407.0
100	522.0
>>END_MODULE
>>Per base N content	pass
#Base	N-Count
1	1.817284504456371E-4
2	9.735452702444843E-5
3	2.5961207206519583E-5
4	2.7908297747008555E-4
5	7.139331981792887E-5
6	1.2980603603259794E-4
7	4.802823333206124E-4
8	1.1033513062770823E-4
9	1.2980603603259794E-4
10	1.3629633783422782E-4
11	0.0
12	0.0
13	0.0
14	8.242683288069969E-4
15	0.0
16	0.0
17	0.0
18	0.0
19	0.0
20	0.0
21	0.0
22	0.0
23	5.424406903191721E-4
24	0.0
25	0.0
26	0.0
27	0.0
28	6.950817866329285E-4
29	0.0
30	1.3318446861328199E-5
31	0.0
32	0.0
33	0.0
34	0.0
35	0.0
36	0.0
37	0.0
38	0.0
39	0.0
40	0.0
41	0.0
42	1.7390655903195542E-4
43	0.0
44	0.0
45	0.0
46	0.0
47	0.0
48	0.0
49	0.0
50	0.0
>>END_MODULE
>>Sequence Length Distribution	warn
#Length	Count
20	34476.0
21	35492.0
22	36424.0
23	36907.0
24	37695.0
25	38625.0
26	40094.0
27	41755.0
28	43597.0
29	45773.0
30	46722.0
31	48172.0
32	49405.0
33	49171.0
34	50238.0
35	51280.0
36	51601.0
37	53667.0
38	56066.0
39	59110.0
40	60910.0
41	64888.0
42	67784.0
43	79182.0
44	111259.0
45	180495.0
46	429119.0
47	885970.0
48	1733658.0
49	2302081.0
50	8585988.0
>>END_MODULE
>>Sequence Duplication Levels	warn
#Total Duplicate Percentage	30.32039427087432
#Duplication Level	Relative count
1	100.0
2	20.478304756929983
3	7.94468718897132
4	3.8329321578066877
5	2.0901127291465196
6	1.3157616099726823
7	0.883762626440879
8	0.6049397530829339
9	0.4503518815249846
10++	3.5752857052101055
>>END_MODULE
>>Overrepresented sequences	pass
>>END_MODULE
>>Kmer Content	warn
#Sequence	Count	Obs/Exp Overall	Obs/Exp Max	Max Obs/Exp Position
AAAAA	3724575	3.7582994	4.6082635	46
TTTTT	3648885	3.4786935	4.180736	13
>>END_MODULE
