##FastQC	0.10.1
>>Basic Statistics	pass
#Measure	Value	
Filename	006-F5_S1_L004_R1_001_trimmed.fq.gz	
File type	Conventional base calls	
Encoding	Sanger / Illumina 1.9	
Total Sequences	20419942	
Filtered Sequences	0	
Sequence length	20-51	
%GC	45	
>>END_MODULE
>>Per base sequence quality	pass
#Base	Mean	Median	Lower Quartile	Upper Quartile	10th Percentile	90th Percentile
1	35.123088400544916	36.0	36.0	36.0	36.0	36.0
2	35.11579763546831	36.0	36.0	36.0	36.0	36.0
3	35.10174926060025	36.0	36.0	36.0	36.0	36.0
4	35.0880702795336	36.0	36.0	36.0	36.0	36.0
5	35.06138861706855	36.0	36.0	36.0	36.0	36.0
6	35.01575900656329	36.0	36.0	36.0	36.0	36.0
7	34.995396509941116	36.0	36.0	36.0	36.0	36.0
8	34.99069879826299	36.0	36.0	36.0	36.0	36.0
9	34.96791195587137	36.0	36.0	36.0	36.0	36.0
10	34.95051827277472	36.0	36.0	36.0	36.0	36.0
11	34.93430025413392	36.0	36.0	36.0	36.0	36.0
12	34.91829702552534	36.0	36.0	36.0	36.0	36.0
13	34.90929146615598	36.0	36.0	36.0	36.0	36.0
14	34.90014276240354	36.0	36.0	36.0	36.0	36.0
15	34.876556946146074	36.0	36.0	36.0	36.0	36.0
16	34.86402659713725	36.0	36.0	36.0	36.0	36.0
17	34.85804881326303	36.0	36.0	36.0	36.0	36.0
18	34.83473185183386	36.0	36.0	36.0	36.0	36.0
19	34.81277459064281	36.0	36.0	36.0	36.0	36.0
20	34.8123240996473	36.0	36.0	36.0	36.0	36.0
21	34.80232778098118	36.0	36.0	36.0	36.0	36.0
22	34.79228720944322	36.0	36.0	36.0	36.0	36.0
23	34.7760147697436	36.0	36.0	36.0	36.0	36.0
24	34.75231633179621	36.0	36.0	36.0	32.0	36.0
25	34.738422064515944	36.0	36.0	36.0	32.0	36.0
26	34.71808226939376	36.0	36.0	36.0	32.0	36.0
27	34.710066642658866	36.0	36.0	36.0	32.0	36.0
28	34.690032851875465	36.0	36.0	36.0	32.0	36.0
29	34.67152055029996	36.0	36.0	36.0	32.0	36.0
30	34.65070970705635	36.0	36.0	36.0	32.0	36.0
31	34.62860064003419	36.0	36.0	36.0	32.0	36.0
32	34.60234841665373	36.0	36.0	36.0	32.0	36.0
33	34.56895717575318	36.0	36.0	36.0	32.0	36.0
34	34.558385579486604	36.0	36.0	36.0	32.0	36.0
35	34.53168461505781	36.0	36.0	36.0	32.0	36.0
36	34.50681865500729	36.0	36.0	36.0	32.0	36.0
37	34.48030642281511	36.0	36.0	36.0	32.0	36.0
38	34.458312544937954	36.0	36.0	36.0	32.0	36.0
39	34.42333706650138	36.0	36.0	36.0	32.0	36.0
40	34.40994499508725	36.0	36.0	36.0	32.0	36.0
41	34.386264951792946	36.0	36.0	36.0	32.0	36.0
42	34.34463209260934	36.0	36.0	36.0	32.0	36.0
43	34.32367080750406	36.0	36.0	36.0	32.0	36.0
44	34.29829657519033	36.0	36.0	36.0	32.0	36.0
45	34.27583822636312	36.0	36.0	36.0	32.0	36.0
46	34.25425111592309	36.0	36.0	36.0	32.0	36.0
47	34.25422978568029	36.0	36.0	36.0	32.0	36.0
48	34.26070396469737	36.0	36.0	36.0	32.0	36.0
49	34.30021563759998	36.0	36.0	36.0	32.0	36.0
50	34.38928747709485	36.0	36.0	36.0	32.0	36.0
51	34.49992552972759	36.0	36.0	36.0	32.0	36.0
>>END_MODULE
>>Per sequence quality scores	pass
#Quality	Count
14	10.0
15	87.0
16	310.0
17	841.0
18	1988.0
19	4292.0
20	8536.0
21	15353.0
22	25726.0
23	40265.0
24	61742.0
25	91211.0
26	130608.0
27	180379.0
28	242178.0
29	317028.0
30	413124.0
31	540584.0
32	747249.0
33	1157808.0
34	2389686.0
35	1.0095284E7
36	3955653.0
>>END_MODULE
>>Per base sequence content	pass
#Base	G	A	T	C
1	22.85418436204189	26.491382221671987	26.9375015671181	23.716931849168017
2	22.72590062008382	26.62162545996977	27.21127806219644	23.441195857749968
3	22.699614448251694	26.64889374430058	27.136674566341824	23.514817241105913
4	22.916830621200898	26.4021608060848	27.3685273994288	23.312481173285498
5	23.09533681222924	26.514465215497513	26.887747671031104	23.50245030124214
6	22.584120286915965	26.873163208393507	27.131065143365667	23.411651361324857
7	22.661859123786183	26.791383837378678	27.10421660172334	23.4425404371118
8	22.699460232540076	26.66984466932497	27.069604036997124	23.56109106113783
9	22.558570454797103	26.7428701218508	27.223932407986773	23.474627015365325
10	22.72922648065468	26.770572808303744	27.160075148251195	23.34012556279038
11	23.18718260538422	26.714729186631363	26.855845154132034	23.24224305385238
12	22.481608537530963	26.936275725727988	27.292975848988267	23.289139887752786
13	22.628770289239053	26.75894267673071	27.37179533954206	23.240491694488174
14	22.61707513691596	26.54867668352478	27.544374796366423	23.28987338319284
15	22.578771684707473	26.8328376308715	27.317891602945092	23.270499081475933
16	22.710026404826436	27.127664497827624	27.235655081084026	22.92665401626191
17	22.831773966767326	26.771381766540124	26.95636958444539	23.44047468224716
18	22.721945453704915	27.205100815914285	26.979344353752477	23.093609376628322
19	22.90765046758987	26.845631897788667	27.19799611126562	23.048721523355837
20	22.93488675611581	26.632615756809997	27.21496810022809	23.217529386846103
21	22.912929909238134	26.75896928427684	27.24989346548598	23.078207340999047
22	22.690376316167892	26.93349505861862	27.3326663949098	23.043462230303685
23	22.782680212084053	26.712576753391453	27.18215843281379	23.3225846017107
24	22.618048885906795	27.088707545549017	27.266542055338654	23.026701513205534
25	22.74574074483037	27.016220306873016	27.057174304314422	23.180864643982186
26	22.827417655569235	26.990411946630484	26.99074267639657	23.19142772140371
27	22.811613249639347	27.022482266043234	27.14226331157145	23.02364117274596
28	22.621949360029973	26.98907943961137	27.106061398151738	23.282909802206923
29	22.918302476805792	26.776130337781943	27.125741680201042	23.17982550521122
30	22.7037658316345	27.088214857951765	27.075451566013708	23.13256774440003
31	22.823731423231944	26.961902503008577	27.09276166659238	23.121604407167098
32	22.748754683686442	27.028871585430448	27.02318585805624	23.199187872826872
33	22.661697186732177	26.79238642124805	27.31465110421654	23.231265287803232
34	22.85154044534816	27.17280382707165	27.11682400261246	22.858831724967732
35	22.833485161678777	26.821643302235703	27.079363213732876	23.265508322352645
36	22.964431337381836	27.07283759149459	26.918777627318942	23.04395344380463
37	22.727569658320963	26.942434341127676	27.05529191222777	23.2747040883236
38	22.727949503881064	26.81788804445745	27.073698151027525	23.380464300633964
39	22.67372352523095	26.948654229901802	27.112396142838126	23.26522610202912
40	22.758394569429665	26.899609232495784	27.24598720784146	23.096008990233088
41	23.032641764242832	26.880822298558186	27.033067128854288	23.053468808344693
42	22.903657816005527	27.007527867321823	27.074367350490817	23.014446966181833
43	22.883434985654315	27.10606929053137	27.00521962869039	23.005276095123925
44	22.902409657150983	26.80184050290097	26.96198445408203	23.333765385866016
45	22.7622509328085	26.996196333790856	27.16190812116515	23.079644612235494
46	22.830915205838075	27.20525648050034	26.845876935982382	23.1179513776792
47	22.845058604578668	26.946025512446774	26.98970581415904	23.219210068815517
48	22.857927728900997	27.29392614087964	27.153934048731397	22.694212081487965
49	23.142748823256934	27.194463108297406	27.127583849144965	22.5352042193007
50	23.216154634326998	27.414277487927652	27.205909589042747	22.163658288702607
51	22.618262560689168	27.981764145969006	27.43766734460491	21.962305948736912
>>END_MODULE
>>Per base GC content	pass
#Base	%GC
1	46.57111621120991
2	46.167096477833795
3	46.2144316893576
4	46.2293117944864
5	46.597787113471384
6	45.99577164824082
7	46.10439956089798
8	46.260551293677906
9	46.03319747016243
10	46.069352043445065
11	46.4294256592366
12	45.77074842528375
13	45.86926198372723
14	45.9069485201088
15	45.84927076618341
16	45.63668042108834
17	46.272248649014486
18	45.81555483033324
19	45.95637199094571
20	46.15241614296191
21	45.99113725023718
22	45.73383854647158
23	46.105264813794754
24	45.644750399112326
25	45.92660538881256
26	46.01884537697295
27	45.835254422385304
28	45.9048591622369
29	46.09812798201701
30	45.836333576034534
31	45.945335830399046
32	45.94794255651332
33	45.89296247453541
34	45.710372170315885
35	46.09899348403142
36	46.008384781186464
37	46.002273746644555
38	46.108413804515024
39	45.93894962726007
40	45.85440355966276
41	46.08611057258752
42	45.91810478218736
43	45.888711080778236
44	46.236175043017
45	45.84189554504399
46	45.94886658351728
47	46.06426867339418
48	45.55213981038896
49	45.677953042557625
50	45.379812923029604
51	44.58056850942608
>>END_MODULE
>>Per sequence GC content	pass
#GC Content	Count
0	4403.0
1	4204.0
2	3318.0
3	2794.0
4	3049.5
5	3746.0
6	4456.5
7	5444.0
8	6477.5
9	8407.5
10	10417.0
11	13880.0
12	17407.5
13	23785.0
14	30649.0
15	41653.0
16	53132.0
17	70830.5
18	89380.0
19	114437.5
20	139868.5
21	172137.0
22	205116.0
23	245608.5
24	287166.0
25	329412.0
26	410491.5
27	464387.0
28	524170.0
29	586240.5
30	652456.5
31	719996.5
32	790978.5
33	862927.0
34	931011.5
35	997712.5
36	1051161.0
37	1100403.5
38	1131457.0
39	1164052.0
40	1183755.0
41	1199632.0
42	1209222.0
43	1215302.0
44	1210837.5
45	1203003.5
46	1190206.5
47	1176329.0
48	1160275.0
49	1142640.0
50	1124060.0
51	1106287.5
52	1086387.0
53	1064464.5
54	1040855.0
55	1015624.0
56	986757.5
57	953934.0
58	908396.0
59	856589.5
60	802274.5
61	743374.5
62	680956.0
63	621924.5
64	555934.5
65	491573.0
66	434003.5
67	377863.5
68	325634.5
69	274488.0
70	233245.0
71	195029.5
72	163705.5
73	134151.5
74	109841.5
75	81401.5
76	67343.5
77	55343.0
78	43781.0
79	35359.0
80	27817.0
81	22422.0
82	17466.5
83	13910.0
84	10697.5
85	8566.0
86	6621.5
87	5434.5
88	4361.5
89	3462.0
90	2629.5
91	2199.5
92	1835.0
93	1561.5
94	1293.0
95	1138.0
96	1008.5
97	914.5
98	851.0
99	987.0
100	1100.0
>>END_MODULE
>>Per base N content	pass
#Base	N-Count
1	0.001439769025788614
2	5.974551739667038E-4
3	5.631749590669749E-4
4	7.5906190135114E-4
5	0.004015682316825386
6	8.080336369221812E-4
7	4.211569259109551E-4
8	0.0019980468112984844
9	6.513240830948491E-4
10	1.9098976872706103E-4
11	0.002771800233320937
12	0.0026885482828501667
13	9.255658022926804E-4
14	0.0014642548935741345
15	0.003775720812527283
16	0.002786491753992249
17	0.0010724810090058043
18	7.345760335656194E-4
19	0.0021792422329113374
20	0.002531838729022835
21	7.894107171575723E-4
22	0.001467917220858603
23	9.438541013926419E-4
24	0.004632097501862069
25	0.0030709625505729123
26	0.0017770238808809558
27	6.12965152189608E-4
28	3.1683544754987185E-4
29	0.0033566242732127553
30	0.0012614144975758741
31	7.362203917528194E-4
32	0.003099397735197324
33	0.012704158827443577
34	0.0017852814496205325
35	7.56505749042895E-4
36	4.1158782350551957E-4
37	0.001780183092333923
38	2.8719980692111226E-4
39	3.28179501464034E-4
40	0.0010170072451899733
41	3.6511850504256544E-4
42	3.507421220396539E-4
43	8.306816073841989E-4
44	6.133200229259024E-4
45	7.181613305313415E-4
46	4.282486426065916E-4
47	6.259413571191049E-5
48	0.0019406383979981643
49	7.247549307349987E-4
50	9.109481838606909E-4
51	2.9103324849428814E-4
>>END_MODULE
>>Sequence Length Distribution	warn
#Length	Count
20	24982.0
21	25964.0
22	26869.0
23	27356.0
24	27972.0
25	28208.0
26	29056.0
27	29775.0
28	30687.0
29	32948.0
30	33449.0
31	34261.0
32	35605.0
33	35963.0
34	36655.0
35	37348.0
36	37249.0
37	38785.0
38	40576.0
39	42363.0
40	44246.0
41	47052.0
42	50133.0
43	56798.0
44	71415.0
45	112963.0
46	210139.0
47	568999.0
48	1216939.0
49	2455688.0
50	3246985.0
51	1.1682514E7
>>END_MODULE
>>Sequence Duplication Levels	warn
#Total Duplicate Percentage	30.672285474887875
#Duplication Level	Relative count
1	100.0
2	19.835204288385388
3	7.875073759944263
4	4.008986271763627
5	2.2472788801285377
6	1.4169018690592141
7	1.0216196617351183
8	0.6967204373698093
9	0.5708841951101601
10++	4.5151749976894475
>>END_MODULE
>>Overrepresented sequences	pass
>>END_MODULE
>>Kmer Content	warn
#Sequence	Count	Obs/Exp Overall	Obs/Exp Max	Max Obs/Exp Position
AAAAA	5089380	3.9007928	4.924477	47
TTTTT	4679995	3.4303143	4.108835	13
>>END_MODULE
