##FastQC	0.10.1
>>Basic Statistics	pass
#Measure	Value	
Filename	029-F5_S4_L002_R2_001_trimmed.fq.gz	
File type	Conventional base calls	
Encoding	Sanger / Illumina 1.9	
Total Sequences	23981817	
Filtered Sequences	0	
Sequence length	20-51	
%GC	45	
>>END_MODULE
>>Per base sequence quality	pass
#Base	Mean	Median	Lower Quartile	Upper Quartile	10th Percentile	90th Percentile
1	34.680371883414836	36.0	36.0	36.0	32.0	36.0
2	34.66601346345025	36.0	36.0	36.0	32.0	36.0
3	34.64677284460973	36.0	36.0	36.0	32.0	36.0
4	34.63438675226318	36.0	36.0	36.0	32.0	36.0
5	34.61670789998939	36.0	36.0	36.0	32.0	36.0
6	34.59595171625236	36.0	36.0	36.0	32.0	36.0
7	34.58454269749452	36.0	36.0	36.0	32.0	36.0
8	34.57605405795566	36.0	36.0	36.0	32.0	36.0
9	34.56082806402868	36.0	36.0	36.0	32.0	36.0
10	34.544161895656195	36.0	36.0	36.0	32.0	36.0
11	34.532702130118	36.0	36.0	36.0	32.0	36.0
12	34.508189642177655	36.0	36.0	36.0	32.0	36.0
13	34.501113531139026	36.0	36.0	36.0	32.0	36.0
14	34.4856158313609	36.0	36.0	36.0	32.0	36.0
15	34.461927050815206	36.0	36.0	36.0	32.0	36.0
16	34.43590045741738	36.0	36.0	36.0	32.0	36.0
17	34.422299027634146	36.0	36.0	36.0	32.0	36.0
18	34.406734568944465	36.0	36.0	36.0	32.0	36.0
19	34.393287547811745	36.0	36.0	36.0	32.0	36.0
20	34.373933801596436	36.0	36.0	36.0	32.0	36.0
21	34.35128124420058	36.0	36.0	36.0	32.0	36.0
22	34.338661777483736	36.0	36.0	36.0	32.0	36.0
23	34.31545077538758	36.0	36.0	36.0	32.0	36.0
24	34.27611627141285	36.0	36.0	36.0	32.0	36.0
25	34.259391734165064	36.0	36.0	36.0	32.0	36.0
26	34.23087904339271	36.0	36.0	36.0	32.0	36.0
27	34.217465541393956	36.0	36.0	36.0	32.0	36.0
28	34.181705106727975	36.0	36.0	36.0	32.0	36.0
29	34.15229350315984	36.0	36.0	36.0	32.0	36.0
30	34.13242489795022	36.0	36.0	36.0	32.0	36.0
31	34.101421090667124	36.0	36.0	36.0	32.0	36.0
32	34.06842952935798	36.0	36.0	36.0	32.0	36.0
33	34.04464674940914	36.0	36.0	36.0	32.0	36.0
34	33.98926111599055	36.0	36.0	36.0	32.0	36.0
35	33.978276174262454	36.0	36.0	36.0	32.0	36.0
36	33.953602997682836	36.0	36.0	36.0	32.0	36.0
37	33.9269901410027	36.0	36.0	36.0	32.0	36.0
38	33.87927372778656	36.0	36.0	36.0	32.0	36.0
39	33.85595366450148	36.0	36.0	36.0	32.0	36.0
40	33.825765841807474	36.0	36.0	36.0	32.0	36.0
41	33.80613954463631	36.0	36.0	36.0	27.0	36.0
42	33.78319784336088	36.0	36.0	36.0	27.0	36.0
43	33.758907389618514	36.0	36.0	36.0	27.0	36.0
44	33.75730232603751	36.0	36.0	36.0	27.0	36.0
45	33.745550504913375	36.0	36.0	36.0	27.0	36.0
46	33.73613204610168	36.0	36.0	36.0	27.0	36.0
47	33.72398003437785	36.0	36.0	36.0	27.0	36.0
48	33.75055047868513	36.0	36.0	36.0	27.0	36.0
49	33.785297767760014	36.0	36.0	36.0	27.0	36.0
50	33.885464006059124	36.0	36.0	36.0	32.0	36.0
51	34.035963798068266	36.0	36.0	36.0	32.0	36.0
>>END_MODULE
>>Per sequence quality scores	pass
#Quality	Count
2	39.0
3	25.0
4	19.0
5	19.0
6	32.0
7	57.0
8	100.0
9	129.0
10	182.0
11	276.0
12	247.0
13	275.0
14	1619.0
15	3427.0
16	7173.0
17	13310.0
18	21594.0
19	31543.0
20	44199.0
21	60214.0
22	80825.0
23	107952.0
24	144639.0
25	191513.0
26	249394.0
27	316443.0
28	398192.0
29	493347.0
30	618289.0
31	790427.0
32	1057105.0
33	1563529.0
34	2942315.0
35	1.0614727E7
36	4228641.0
>>END_MODULE
>>Per base sequence content	pass
#Base	G	A	T	C
1	22.882959937563843	26.58414963159456	27.169590772526508	23.363299658315086
2	22.795983476149623	26.458273499590756	27.452838013713382	23.29290501054624
3	22.800921905173382	26.57014033969032	27.30160908026134	23.327328674874956
4	22.93178599493149	26.417855770460267	27.450583375615388	23.19977485899285
5	23.122741880235235	26.464269131720187	27.017502479401845	23.39548650864273
6	22.696764720429876	26.74508676754216	27.22386320311036	23.334285308917607
7	22.724082421603832	26.740529004701525	27.23981904604446	23.295569527650184
8	22.893560331870862	26.581635285111	27.248011050629266	23.27679333238887
9	22.62338283440119	26.770519684062144	27.437107226420824	23.16899025511584
10	22.814371719457345	26.79657648599603	27.233621448027073	23.15543034651955
11	23.15043667616901	26.781378742733793	27.008922027191673	23.059262553905523
12	22.572824299785836	26.891133104726585	27.404234676868533	23.131807918619042
13	22.762896675423583	26.732462729592736	27.431215750186254	23.073424844797426
14	22.76333048487809	26.477263784818422	27.561504760045203	23.19790097025828
15	22.6815003911956	26.773071480345784	27.39982684053453	23.145601287924087
16	22.886944277501794	27.148935591683376	27.170967712204707	22.793152418610124
17	23.03612079702575	26.821758725580903	27.00818732727589	23.13393315011746
18	22.90265534998929	27.098112003010694	27.081201044233982	22.91803160276604
19	22.939520672956508	26.929340684481495	27.25303786172701	22.87810078083499
20	22.92606770255707	26.6936838135444	27.207401112746197	23.172847371152333
21	22.914083099268865	26.907011713648576	27.239680553342737	22.939224633739823
22	22.837080839113057	26.91163824323159	27.303700782324803	22.947580135330554
23	22.97029990457494	26.69375286008736	27.136278080256915	23.199669155080787
24	22.826774276480062	27.08637751294881	27.242938925953304	22.843909284617826
25	22.909454296913516	26.995780242229433	27.087478014193962	23.00728744666309
26	22.99892841652603	27.11777750267706	26.934255475451124	22.949038605345788
27	22.829167178626175	27.152169490051932	27.163144434630155	22.85551889669174
28	22.80255752631032	27.02925160110566	27.08991436020475	23.07827651237927
29	22.953459726790275	26.912005762277314	27.146570358789035	22.987964152143377
30	22.879168774382624	27.03585110263122	27.150660069489074	22.934320053497082
31	22.994653640830453	27.023464792466463	27.064279892411943	22.91760167429114
32	22.93969880158772	26.992858704792898	27.030719954031508	23.036722539587874
33	22.819609558268063	26.99563608775966	27.191314729305265	22.993439624667012
34	23.01758748368835	27.228129455122968	27.03384244508141	22.72044061610727
35	23.009713342414333	27.009934004886826	26.953851842010685	23.02650081068816
36	23.088391382642236	27.20979540597964	26.899773588682045	22.80203962269608
37	22.864875063961634	27.061828065819725	27.0850579836927	22.988238886525938
38	22.86712656755393	26.89763210008439	27.098621889621604	23.136619442740074
39	22.75850973029869	27.063120462984614	27.157541110052946	23.02082869666375
40	22.926676432720498	27.085684826959927	27.113503150254953	22.874135590064622
41	23.126897167695173	27.081280197834147	26.945962707305004	22.84585992716568
42	22.985910943806598	27.241866686076712	26.963027139008783	22.80919523110791
43	22.98719102390568	27.227631127414533	26.964974533431057	22.820203315248733
44	23.01183497869135	26.997439342351896	26.91582264252933	23.07490303642742
45	22.8224462778842	27.103632857855526	27.146583846144956	22.927337018115317
46	22.93837716649052	27.150424048259183	26.91960679900129	22.991591986249016
47	22.937332672185804	27.11736658389517	26.983046980898344	22.962253763020687
48	22.969729449750094	27.42035384010465	27.049301885080418	22.56061482506484
49	23.233238168070123	27.422182995954213	26.967807734530584	22.37677110144508
50	23.218189896043643	27.57316539072904	27.12042558067006	22.088219132557253
51	22.870625794676464	27.904128438041848	27.29974348106989	21.925502286211806
>>END_MODULE
>>Per base GC content	pass
#Base	%GC
1	46.24625959587893
2	46.088888486695865
3	46.12825058004834
4	46.13156085392434
5	46.51822838887797
6	46.03105002934748
7	46.01965194925401
8	46.170353664259736
9	45.792373089517035
10	45.96980206597689
11	46.20969923007453
12	45.70463221840488
13	45.836321520221006
14	45.96123145513637
15	45.827101679119686
16	45.68009669611192
17	46.17005394714321
18	45.82068695275533
19	45.817621453791496
20	46.098915073709406
21	45.853307733008684
22	45.78466097444361
23	46.16996905965573
24	45.67068356109789
25	45.91674174357661
26	45.94796702187182
27	45.68468607531791
28	45.880834038689585
29	45.941423878933655
30	45.81348882787971
31	45.9122553151216
32	45.976421341175595
33	45.813049182935075
34	45.73802809979562
35	46.03621415310249
36	45.890431005338314
37	45.853113950487575
38	46.00374601029401
39	45.77933842696243
40	45.80081202278512
41	45.97275709486085
42	45.79510617491451
43	45.80739433915441
44	46.08673801511877
45	45.74978329599952
46	45.92996915273954
47	45.899586435206494
48	45.53034427481493
49	45.6100092695152
50	45.306409028600896
51	44.79612808088827
>>END_MODULE
>>Per sequence GC content	pass
#GC Content	Count
0	8992.0
1	8163.0
2	6282.5
3	5546.0
4	5957.0
5	6870.0
6	7945.5
7	9509.0
8	11046.0
9	13460.0
10	16060.5
11	20669.5
12	25433.5
13	33225.0
14	41706.5
15	55376.5
16	69713.0
17	90742.5
18	112819.0
19	142684.5
20	173447.5
21	211945.5
22	251108.5
23	299290.0
24	349097.0
25	398740.5
26	491655.0
27	555810.0
28	624472.5
29	694391.5
30	769365.0
31	847702.5
32	929254.0
33	1011258.0
34	1091341.5
35	1170200.5
36	1240701.0
37	1307657.5
38	1354899.5
39	1400110.0
40	1426921.0
41	1451228.0
42	1465627.5
43	1473091.0
44	1463329.0
45	1448526.0
46	1427239.5
47	1404198.0
48	1379676.5
49	1354382.5
50	1329762.5
51	1305228.5
52	1278637.5
53	1251613.0
54	1226416.5
55	1198074.0
56	1161799.0
57	1120555.5
58	1068521.0
59	1009274.5
60	942855.5
61	871878.0
62	799176.0
63	729501.5
64	651810.0
65	576826.5
66	508170.5
67	440927.0
68	379435.5
69	320575.5
70	273148.0
71	228571.0
72	191080.0
73	156106.5
74	127540.0
75	95410.0
76	79257.5
77	65335.5
78	52166.0
79	42264.5
80	33423.5
81	27313.5
82	21915.5
83	17964.5
84	14418.5
85	12025.5
86	9828.5
87	8349.0
88	6936.0
89	5878.0
90	4920.0
91	4392.5
92	4009.5
93	3724.0
94	3447.5
95	3325.5
96	3237.5
97	3413.0
98	4153.5
99	17853.5
100	30996.0
>>END_MODULE
>>Per base N content	pass
#Base	N-Count
1	0.008848370413301044
2	0.009073541008172984
3	0.01339348056904946
4	0.016491661161454115
5	0.009352919338847429
6	0.015057241075603238
7	0.024072404522142755
8	0.014402578420142228
9	0.011137604794499099
10	0.009849128612731888
11	0.014686126576647631
12	0.012255118117196874
13	0.011141774620330062
14	0.011416983125173542
15	0.011525398596778551
16	0.0133017444007683
17	0.017817665775699983
18	0.01368953820304775
19	0.010904094547965235
20	0.025765353809513267
21	0.012755079659295237
22	0.010951180341325183
23	0.023911387920151402
24	0.024643107933954116
25	0.019599027160240836
26	0.03176446247841342
27	0.014401217844509675
28	0.022019236524225126
29	0.02007853846609151
30	0.010358976916746436
31	0.013219984821593889
32	0.022869273515268348
33	0.011251846100016878
34	0.021791538590375366
35	0.017575547079967228
36	0.019612078803621574
37	0.015195849059261725
38	0.02727513506839652
39	0.036427939118001976
40	0.03306366748942463
41	0.018514443843154513
42	0.019603720126432942
43	0.0226047096710653
44	0.006155755319201098
45	0.0036381111679528646
46	0.009817684914064113
47	0.009022733676111849
48	0.003941273326170991
49	0.007328587311769117
50	0.010358955397451112
51	0.00869414014953921
>>END_MODULE
>>Sequence Length Distribution	warn
#Length	Count
20	46255.0
21	47726.0
22	49822.0
23	50430.0
24	51712.0
25	52172.0
26	53754.0
27	55105.0
28	57193.0
29	59733.0
30	61519.0
31	63779.0
32	65324.0
33	65627.0
34	67251.0
35	66998.0
36	67715.0
37	70393.0
38	73226.0
39	75791.0
40	79097.0
41	83039.0
42	87453.0
43	96413.0
44	115016.0
45	165375.0
46	286912.0
47	706313.0
48	1457013.0
49	2935561.0
50	3943370.0
51	1.282473E7
>>END_MODULE
>>Sequence Duplication Levels	warn
#Total Duplicate Percentage	35.225645139856184
#Duplication Level	Relative count
1	100.0
2	22.244764596820765
3	9.834807452661014
4	5.4709583295340565
5	3.277256010455609
6	2.1595088295188596
7	1.4505638126500715
8	1.0645573082885018
9	0.7188231360748913
10++	5.749825233275584
>>END_MODULE
>>Overrepresented sequences	warn
#Sequence	Count	Percentage	Possible Source
GGGGGGGGGGGGGGGGGGGGGGGGGGGGGGGGGGGGGGGGGGGGGGGGGGG	24492	0.10212737425191762	No Hit
>>END_MODULE
>>Kmer Content	warn
#Sequence	Count	Obs/Exp Overall	Obs/Exp Max	Max Obs/Exp Position
AAAAA	6489415	4.231631	5.180501	47
GGGGG	2729910	4.0204644	6.2642846	47
TTTTT	5606140	3.524922	3.9693096	47
>>END_MODULE
