##FastQC	0.10.1
>>Basic Statistics	pass
#Measure	Value	
Filename	KS27_S1_L001_R2_001_trimmed.fq.gz	
File type	Conventional base calls	
Encoding	Sanger / Illumina 1.9	
Total Sequences	19912943	
Filtered Sequences	0	
Sequence length	20-50	
%GC	44	
>>END_MODULE
>>Per base sequence quality	pass
#Base	Mean	Median	Lower Quartile	Upper Quartile	10th Percentile	90th Percentile
1	34.91994357639652	36.0	36.0	36.0	36.0	36.0
2	34.91849195771815	36.0	36.0	36.0	36.0	36.0
3	34.900703125600266	36.0	36.0	36.0	36.0	36.0
4	34.894090592234406	36.0	36.0	36.0	36.0	36.0
5	34.87346661917327	36.0	36.0	36.0	36.0	36.0
6	34.86404440569132	36.0	36.0	36.0	36.0	36.0
7	34.850968940151134	36.0	36.0	36.0	36.0	36.0
8	34.84385798723976	36.0	36.0	36.0	36.0	36.0
9	34.82771034899261	36.0	36.0	36.0	36.0	36.0
10	34.80716526934266	36.0	36.0	36.0	36.0	36.0
11	34.79372581943312	36.0	36.0	36.0	36.0	36.0
12	34.78179860204491	36.0	36.0	36.0	36.0	36.0
13	34.76861421237433	36.0	36.0	36.0	36.0	36.0
14	34.76102256708112	36.0	36.0	36.0	32.0	36.0
15	34.73739150461085	36.0	36.0	36.0	32.0	36.0
16	34.72353800239372	36.0	36.0	36.0	32.0	36.0
17	34.712935702171194	36.0	36.0	36.0	32.0	36.0
18	34.70255064758635	36.0	36.0	36.0	32.0	36.0
19	34.68812766651318	36.0	36.0	36.0	32.0	36.0
20	34.67709499294002	36.0	36.0	36.0	32.0	36.0
21	34.6615307650709	36.0	36.0	36.0	32.0	36.0
22	34.653375515719055	36.0	36.0	36.0	32.0	36.0
23	34.639028540704594	36.0	36.0	36.0	32.0	36.0
24	34.61971771207119	36.0	36.0	36.0	32.0	36.0
25	34.601965197675526	36.0	36.0	36.0	32.0	36.0
26	34.59134572207394	36.0	36.0	36.0	32.0	36.0
27	34.570483841721085	36.0	36.0	36.0	32.0	36.0
28	34.54463025686413	36.0	36.0	36.0	32.0	36.0
29	34.534273076569654	36.0	36.0	36.0	32.0	36.0
30	34.507299537885224	36.0	36.0	36.0	32.0	36.0
31	34.48624476873966	36.0	36.0	36.0	32.0	36.0
32	34.47331802587173	36.0	36.0	36.0	32.0	36.0
33	34.44426856278476	36.0	36.0	36.0	32.0	36.0
34	34.41188658056355	36.0	36.0	36.0	32.0	36.0
35	34.38524959812462	36.0	36.0	36.0	32.0	36.0
36	34.364216256012	36.0	36.0	36.0	32.0	36.0
37	34.35261929003997	36.0	36.0	36.0	32.0	36.0
38	34.33618267959979	36.0	36.0	36.0	32.0	36.0
39	34.296409353056774	36.0	36.0	36.0	32.0	36.0
40	34.28305551187618	36.0	36.0	36.0	32.0	36.0
41	34.24726694704491	36.0	36.0	36.0	32.0	36.0
42	34.22648412447819	36.0	36.0	36.0	32.0	36.0
43	34.208339669251586	36.0	36.0	36.0	32.0	36.0
44	34.189930851512976	36.0	36.0	36.0	32.0	36.0
45	34.15830167061079	36.0	36.0	36.0	32.0	36.0
46	34.155120824938564	36.0	36.0	36.0	32.0	36.0
47	34.1649350233498	36.0	36.0	36.0	32.0	36.0
48	34.178588544889955	36.0	36.0	36.0	32.0	36.0
49	34.2494799901608	36.0	36.0	36.0	32.0	36.0
50	34.3905148795594	36.0	36.0	36.0	32.0	36.0
>>END_MODULE
>>Per sequence quality scores	pass
#Quality	Count
14	954.0
15	1954.0
16	3376.0
17	5757.0
18	9078.0
19	13865.0
20	21309.0
21	31541.0
22	45668.0
23	64551.0
24	89390.0
25	121752.0
26	160872.0
27	208026.0
28	265276.0
29	334759.0
30	424004.0
31	545546.0
32	740404.0
33	1104222.0
34	2124830.0
35	8880715.0
36	4715094.0
>>END_MODULE
>>Per base sequence content	pass
#Base	G	A	T	C
1	22.19552880757003	27.148759477692476	27.841374326235957	22.81433738850154
2	22.146726377914103	27.06351341436572	28.087430371291678	22.702329836428497
3	22.130691580847692	27.160570891002898	27.895851457014665	22.812886071134738
4	22.18602744958392	26.977383503784445	28.161412403982677	22.675176642648953
5	22.362761747472483	27.004632112892608	27.77141982478431	22.8611863148506
6	21.91211515043256	27.315671018593285	27.96836710676066	22.803846724213493
7	21.929751920647792	27.350989755758352	28.016004465035632	22.703253858558227
8	22.06865152981154	27.22045656435616	28.02549075744354	22.685401148388763
9	21.824714709422913	27.366678044526115	28.176533222638163	22.632074023412812
10	21.987001117815684	27.444009657437373	28.016145077098848	22.55284414764809
11	22.33586969038178	27.463042504565998	27.776019847995347	22.425067957056875
12	21.797164788750713	27.575637614188924	28.124752830357625	22.50244476670274
13	21.930148647540445	27.37628988341904	28.239899044556093	22.453662424484417
14	21.955795283499782	27.11985365498209	28.389851766260772	22.53449929525736
15	21.87294966896656	27.39428320565172	28.199066305769065	22.53370081961265
16	21.990913146288822	27.728131396750342	28.081404140010847	22.199551316949986
17	22.089883951357667	27.481116176549094	27.889162340292945	22.5398375318003
18	21.95729179760119	27.83764308470124	27.90488076021711	22.30018435748046
19	22.034889569060688	27.632836592762803	28.10769357397347	22.224580264203038
20	22.035341536406747	27.439771208103192	28.073926591363215	22.450960664126846
21	22.046664325403245	27.584099132048717	28.11333624960864	22.2559002929394
22	21.936448812158904	27.672812892620506	28.157497117628093	22.233241177592497
23	22.059922513504944	27.450584935616597	28.022513142368645	22.46697940850982
24	21.96092758905873	27.764874349474912	28.073367016498356	22.200831044967998
25	21.999414779142704	27.71534934198479	27.95888356733842	22.326352311534084
26	22.125641755331213	27.76059729097195	27.84658222635874	22.267178727338095
27	21.973699872644755	27.82046662403625	28.025860204130442	22.17997329918855
28	21.86234934637219	27.76917993934596	27.97284332893432	22.395627385347524
29	22.058588820038718	27.632741000217788	28.043079767279565	22.265590412463926
30	21.987761382688504	27.799587262313747	27.993594070770317	22.219057284227432
31	22.055474797646347	27.797080123504976	27.960966142943143	22.186478935905534
32	22.059531184606715	27.75236004167361	27.897805520608465	22.29030325311121
33	21.932074384133085	27.67701992230498	28.07816259088309	22.312743102678848
34	22.096417889914903	27.93372405430224	27.928958085807437	22.04089996997542
35	22.073760287828474	27.72753898959046	27.863499780799888	22.335200941781178
36	22.17385779534739	27.918374653658134	27.76513240352517	22.14263514746931
37	21.970022862007628	27.821774236329244	27.923893424757445	22.28430947690568
38	21.959303228159346	27.662316634125787	27.953680377643963	22.4246997600709
39	21.88614091707523	27.804664042202475	28.002380808756044	22.306814231966246
40	21.999970323211144	27.79769168165791	28.028243235083238	22.174094760047705
41	22.194323323887986	27.813417734183265	27.859523362482285	22.13273557944646
42	22.10241144278625	27.936295209216915	27.840686183083317	22.120607164913515
43	22.09595218323123	27.97083686606156	27.824847974266042	22.10836297644117
44	22.15172918562073	27.704522977724512	27.7930884394004	22.35065939725436
45	21.958201597457073	27.84642458140588	27.95487639051292	22.24049743062413
46	22.024246685099484	27.96583971226455	27.782200263862478	22.227713338773484
47	22.03784884913471	27.908012323548657	27.85231595503343	22.2018228722832
48	22.010253755696322	28.279694940737617	27.994709272641526	21.715342030924536
49	22.09024049072682	28.605561293600296	28.12175810711995	21.18244010855293
50	21.8643539464586	28.551234606952313	28.250144810381627	21.33426663620746
>>END_MODULE
>>Per base GC content	pass
#Base	%GC
1	45.00986619607157
2	44.8490562143426
3	44.94357765198243
4	44.861204092232875
5	45.22394806232308
6	44.715961874646055
7	44.633005779206016
8	44.75405267820031
9	44.456788732835726
10	44.539845265463775
11	44.76093764743865
12	44.29960955545346
13	44.38381107202486
14	44.490294578757144
15	44.40665048857922
16	44.19046446323881
17	44.629721483157965
18	44.25747615508165
19	44.25946983326372
20	44.48630220053359
21	44.30256461834265
22	44.1696899897514
23	44.52690192201476
24	44.16175863402673
25	44.325767090676784
26	44.39282048266931
27	44.153673171833304
28	44.257976731719715
29	44.324179232502644
30	44.206818666915936
31	44.24195373355188
32	44.349834437717924
33	44.24481748681193
34	44.137317859890324
35	44.40896122960965
36	44.3164929428167
37	44.25433233891331
38	44.38400298823025
39	44.19295514904148
40	44.17406508325885
41	44.327058903334446
42	44.223018607699764
43	44.204315159672404
44	44.50238858287509
45	44.19869902808121
46	44.25196002387297
47	44.23967172141791
48	43.72559578662086
49	43.27268059927975
50	43.19862058266606
>>END_MODULE
>>Per sequence GC content	warn
#GC Content	Count
0	9986.0
1	8227.0
2	5910.5
3	5902.5
4	6521.0
5	7452.5
6	8543.5
7	10001.5
8	11460.0
9	14214.0
10	17207.0
11	22413.0
12	27756.0
13	36106.0
14	45926.5
15	61799.5
16	78782.5
17	103149.0
18	128815.5
19	161027.0
20	194212.5
21	235069.0
22	277607.0
23	326899.0
24	378028.5
25	426203.5
26	481408.5
27	541918.5
28	605331.5
29	673329.5
30	742334.0
31	811106.0
32	882227.0
33	952391.0
34	1022930.0
35	1082681.5
36	1138031.0
37	1180051.0
38	1211669.0
39	1229195.5
40	1243711.0
41	1246146.0
42	1245322.0
43	1229757.0
44	1209089.0
45	1180049.5
46	1150684.5
47	1118509.0
48	1085380.0
49	1053298.0
50	1021687.5
51	992978.5
52	963748.0
53	935199.5
54	905805.5
55	875254.0
56	842412.0
57	803563.0
58	763106.5
59	715164.5
60	665211.0
61	610936.0
62	555903.5
63	508923.5
64	453936.5
65	402441.5
66	352067.0
67	306463.0
68	262430.5
69	223473.5
70	189337.5
71	159174.5
72	131989.0
73	108867.5
74	87783.0
75	72539.5
76	60941.0
77	49823.0
78	40081.5
79	32553.0
80	25844.5
81	20947.0
82	16682.0
83	13476.5
84	10744.5
85	8552.5
86	6667.0
87	5285.0
88	4269.5
89	3437.5
90	2660.5
91	2163.0
92	1812.5
93	1607.0
94	1422.0
95	1361.0
96	1302.0
97	1365.0
98	2165.0
99	9504.0
100	16117.0
>>END_MODULE
>>Per base N content	pass
#Base	N-Count
1	0.0
2	0.0
3	0.0
4	0.0
5	0.0
6	0.0
7	0.0
8	0.0
9	0.0
10	0.0
11	0.0
12	0.0
13	0.0
14	0.0
15	0.0
16	0.0
17	0.0
18	0.0
19	0.0
20	0.0
21	0.0
22	0.0
23	3.5250420751539976E-5
24	0.0
25	0.0
26	0.0
27	0.0
28	0.0
29	0.0
30	0.0
31	0.0
32	0.0
33	0.0
34	0.0
35	0.0
36	0.0
37	0.0
38	0.0
39	0.0
40	0.0
41	0.0
42	0.0
43	0.0
44	0.0
45	0.0
46	0.0
47	0.0
48	0.0
49	0.0
50	0.0
>>END_MODULE
>>Sequence Length Distribution	warn
#Length	Count
20	17702.0
21	18382.0
22	18940.0
23	19522.0
24	20238.0
25	20505.0
26	21476.0
27	22505.0
28	23390.0
29	24789.0
30	25963.0
31	26806.0
32	27787.0
33	27662.0
34	28399.0
35	28574.0
36	29768.0
37	31447.0
38	33595.0
39	36385.0
40	38371.0
41	42018.0
42	47115.0
43	60793.0
44	100798.0
45	196519.0
46	529117.0
47	1146843.0
48	2327624.0
49	3175241.0
50	1.1744669E7
>>END_MODULE
>>Sequence Duplication Levels	warn
#Total Duplicate Percentage	35.01648113058582
#Duplication Level	Relative count
1	100.0
2	23.1120864434708
3	9.952693005702656
4	5.423219153637627
5	3.271244485280159
6	2.031239321755902
7	1.3668152445460275
8	0.9863850014807165
9	0.7441549664750594
10++	4.980522882765219
>>END_MODULE
>>Overrepresented sequences	pass
>>END_MODULE
>>Kmer Content	warn
#Sequence	Count	Obs/Exp Overall	Obs/Exp Max	Max Obs/Exp Position
AAAAA	6585345	4.5939484	5.91889	46
TTTTT	5327290	3.4887846	4.009477	46
GGGGG	1420155	3.074545	3.8097503	46
CCTGG	1842045	3.0512319	3.781409	9
>>END_MODULE
