##FastQC	0.10.1
>>Basic Statistics	pass
#Measure	Value	
Filename	001-F0_S3_L002_R2_001.fastq.gz	
File type	Conventional base calls	
Encoding	Sanger / Illumina 1.9	
Total Sequences	21270767	
Filtered Sequences	0	
Sequence length	35-76	
%GC	46	
>>END_MODULE
>>Per base sequence quality	pass
#Base	Mean	Median	Lower Quartile	Upper Quartile	10th Percentile	90th Percentile
1	31.292383861851338	32.0	32.0	32.0	32.0	32.0
2	31.085851629139654	32.0	32.0	32.0	32.0	32.0
3	31.12311455435528	32.0	32.0	32.0	32.0	32.0
4	31.14636430364735	32.0	32.0	32.0	32.0	32.0
5	31.1337292632654	32.0	32.0	32.0	32.0	32.0
6	34.81467640541594	36.0	36.0	36.0	36.0	36.0
7	34.79202179216198	36.0	36.0	36.0	36.0	36.0
8	34.7130424586946	36.0	36.0	36.0	32.0	36.0
9	34.828448969423626	36.0	36.0	36.0	36.0	36.0
10-14	34.71809672871693	36.0	36.0	36.0	33.6	36.0
15-19	34.62538415281405	36.0	36.0	36.0	32.0	36.0
20-24	34.557444750346804	36.0	36.0	36.0	32.0	36.0
25-29	34.47634326491377	36.0	36.0	36.0	32.0	36.0
30-34	34.39529798807912	36.0	36.0	36.0	32.0	36.0
35-39	34.38076480339099	36.0	36.0	36.0	32.0	36.0
40-44	34.295427111698984	36.0	36.0	36.0	32.0	36.0
45-49	34.157453008096255	36.0	36.0	36.0	32.0	36.0
50-54	34.00097319899659	36.0	36.0	36.0	32.0	36.0
55-59	33.8303166017305	36.0	36.0	36.0	30.0	36.0
60-64	33.66882461792208	36.0	36.0	36.0	27.0	36.0
65-69	33.54094492250065	36.0	36.0	36.0	27.0	36.0
70-74	33.39610645456376	36.0	36.0	36.0	27.0	36.0
75-76	32.408883887704604	36.0	34.0	36.0	20.5	36.0
>>END_MODULE
>>Per sequence quality scores	pass
#Quality	Count
2	68090.0
3	71.0
4	1296.0
5	3565.0
6	1365.0
7	808.0
8	593.0
9	151.0
10	185.0
11	156.0
12	219.0
13	258.0
14	2007.0
15	6799.0
16	11194.0
17	16311.0
18	23177.0
19	31085.0
20	39047.0
21	49458.0
22	64787.0
23	87158.0
24	119546.0
25	162933.0
26	218020.0
27	281625.0
28	354892.0
29	442692.0
30	550180.0
31	700007.0
32	940367.0
33	1432411.0
34	3078961.0
35	1.2581353E7
>>END_MODULE
>>Per base sequence content	fail
#Base	G	A	T	C
1	42.556685418529305	18.750681136197088	12.805124204742476	25.88750924053113
2	16.294739018556257	19.053748426265678	38.59632103755295	26.055191517625115
3	19.875053238328956	21.250825990020672	28.402387907081604	30.471732864568768
4	13.67508560715095	14.996438184100228	36.202929744501965	35.12554646424686
5	15.398423903146737	34.38814739548125	34.835940879223905	15.377487822148108
6	33.900204913287396	34.92779456055139	16.8736685317343	14.298331994426917
7	29.85047995750167	29.355733598317464	21.106003729027755	19.687782715153116
8	25.782169496152573	35.4775002442065	20.322273345351768	18.418056914289153
9	24.739438107094575	16.521558466457623	20.716788103469092	38.02221532297872
10-14	24.163167615705625	23.238130876354656	28.346055179127937	24.25264632881178
15-19	22.553320799062416	28.182893642223757	26.38943703148437	22.87434852722946
20-24	22.671684202016	26.875091208853046	27.613144139784357	22.840080449346605
25-29	22.548035127495815	26.986591104503415	27.46176834018415	23.003605427816616
30-34	22.588159207086704	26.995607069898895	27.561825259606685	22.854408463407708
35-39	22.65801803982937	27.214097025922364	27.367621025477636	22.760263908770632
40-44	22.77418356681402	27.125916115185962	27.39791265618779	22.701987661812225
45-49	22.77797879952839	27.267595200662758	27.173235541451703	22.781190458357145
50-54	22.747046611206283	27.3990726070108	27.17406524189201	22.679815539890903
55-59	22.816771520679342	27.316941633350122	27.029619545541948	22.836667300428587
60-64	22.91775807219846	27.351276487076326	27.042070238420106	22.68889520230511
65-69	22.982824070933162	27.522609163070083	26.93267194455607	22.56189482144069
70-74	23.280829927232364	27.7633148219853	26.895458826525765	22.060396424256567
75-76	27.329164460044918	34.9996701466851	27.805567627999515	9.865597765270461
>>END_MODULE
>>Per base GC content	fail
#Base	%GC
1	68.44419465906044
2	42.349930536181375
3	50.346786102897724
4	48.80063207139781
5	30.775911725294847
6	48.19853690771431
7	49.53826267265478
8	44.20022641044173
9	62.76165343007328
10-14	48.4158139445174
15-19	45.42766932629188
20-24	45.511764651362604
25-29	45.55164055531243
30-34	45.44256767049441
35-39	45.418281948600004
40-44	45.47617122862625
45-49	45.559169257885536
50-54	45.42686215109719
55-59	45.653438821107926
60-64	45.606653274503564
65-69	45.54471889237385
70-74	45.341226351488935
75-76	37.19476222531538
>>END_MODULE
>>Per sequence GC content	warn
#GC Content	Count
0	68211.0
1	34331.0
2	774.5
3	1481.0
4	1875.5
5	2017.0
6	2175.0
7	2238.5
8	2305.5
9	2450.0
10	3003.0
11	4203.0
12	5033.0
13	6091.0
14	8655.0
15	12672.5
16	18723.5
17	23507.0
18	30860.5
19	44903.5
20	62399.5
21	75360.5
22	93755.0
23	126270.5
24	161306.5
25	185574.5
26	215838.5
27	265107.0
28	316060.0
29	352361.0
30	395748.5
31	463703.5
32	532850.0
33	580824.0
34	641544.0
35	729863.5
36	804037.5
37	850653.5
38	889154.5
39	927487.0
40	939575.0
41	941041.0
42	950344.0
43	955112.5
44	948061.0
45	935456.5
46	927961.0
47	914407.0
48	889424.5
49	861344.0
50	841916.5
51	823961.0
52	793178.5
53	761110.5
54	743844.5
55	724705.0
56	694241.5
57	663606.0
58	637338.5
59	601880.0
60	551168.0
61	494079.5
62	447387.0
63	403578.5
64	347347.0
65	296055.5
66	246936.0
67	210490.5
68	181871.5
69	147885.0
70	115752.0
71	94171.5
72	78542.0
73	62368.0
74	48327.5
75	39249.5
76	33391.5
77	26812.0
78	20526.0
79	16515.5
80	14275.5
81	11588.0
82	8493.5
83	6681.5
84	5672.5
85	4633.5
86	3626.5
87	3000.5
88	2731.5
89	2410.0
90	2061.5
91	1860.5
92	1802.0
93	1726.5
94	1593.0
95	1517.0
96	1501.5
97	1564.5
98	1885.0
99	13621.5
100	25102.0
>>END_MODULE
>>Per base N content	pass
#Base	N-Count
1	0.5231076058517307
2	0.4093740484299414
3	0.3240926855152896
4	0.32015300623621146
5	0.32032695388934496
6	0.32034575904103507
7	0.32436065892687366
8	0.32649504364370124
9	0.345995985946346
10-14	0.356272061087407
15-19	0.376158508999699
20-24	0.37793559583441444
25-29	0.3823369415874849
30-34	0.3769144760976414
35-39	0.12194316602352512
40-44	0.06520349249112879
45-49	0.06731721303739399
50-54	0.059885858645970236
55-59	0.06758292796297914
60-64	0.06511790679670448
65-69	0.05236561894848206
70-74	0.05653741248892674
75-76	0.06532916133706329
>>END_MODULE
>>Sequence Length Distribution	warn
#Length	Count
35	88092.0
36	28966.0
37	36710.0
38	39402.0
39	41852.0
40	42222.0
41	44234.0
42	46836.0
43	51343.0
44	54715.0
45	58753.0
46	59872.0
47	61717.0
48	63222.0
49	64612.0
50	64113.0
51	66455.0
52	67341.0
53	70307.0
54	73763.0
55	75418.0
56	77074.0
57	78381.0
58	78429.0
59	79438.0
60	80918.0
61	79189.0
62	81326.0
63	81344.0
64	85711.0
65	87148.0
66	89158.0
67	90504.0
68	89289.0
69	94428.0
70	97130.0
71	112158.0
72	189395.0
73	517394.0
74	1345880.0
75	4195689.0
76	1.2440839E7
>>END_MODULE
>>Sequence Duplication Levels	warn
#Total Duplicate Percentage	30.649775034468544
#Duplication Level	Relative count
1	100.0
2	19.656577662690495
3	7.859659549178588
4	3.9549461589619503
5	2.2526920519024776
6	1.4334026687042776
7	0.9897977954182055
8	0.7011362510789433
9	0.4860551003947871
10++	4.16648979072038
>>END_MODULE
>>Overrepresented sequences	warn
#Sequence	Count	Percentage	Possible Source
NNNNNNNNNNNNNNNNNNNNNNNNNNNNNNNNNNN	68088	0.3201012920690636	No Hit
GGGGGGGGGGGGGGGGGGGGGGGGGGGGGGGGGGGGGGGGGGGGGGGGGG	25254	0.11872632519551363	No Hit
>>END_MODULE
>>Kmer Content	warn
#Sequence	Count	Obs/Exp Overall	Obs/Exp Max	Max Obs/Exp Position
GGGGG	4229460	4.3107862	8.920994	72
AAAAA	7903740	3.8245587	7.99873	72
TTTTT	7029135	3.2969522	5.5843782	72
CCTGG	3311500	2.974538	11.405366	3
CCAGG	3193355	2.8863537	11.578285	3
CCCAG	3020215	2.769542	10.069483	2
CTGGG	2979635	2.6380932	9.372546	4
CAGCA	3303240	2.5723968	7.0079184	4
CCAGC	2787095	2.5557704	6.481557	3
TGCTG	3295110	2.4979563	7.0429	2
GGAGG	2820155	2.476509	5.619606	6
GCTGG	2725210	2.4128318	5.748197	3
TCCAG	3102150	2.4007835	9.694213	2
CTCCA	2973625	2.33477	7.297934	1
CTCCT	2991240	2.334004	7.0333014	1
CAGCC	2523210	2.3137877	5.257657	9
CAGGA	2979890	2.287338	9.505818	4
CTGCT	2967935	2.2826378	6.3736725	9
AGGAG	3014465	2.2807236	6.7813873	5
AGCAG	2948780	2.263458	5.096447	7
TCCTG	2924790	2.249455	9.572205	2
CTGGA	2947320	2.248277	8.656103	4
GGCTG	2515370	2.2270448	7.3327756	7
GCTGC	2451090	2.2016792	5.1882043	8
CCTGC	2408410	2.1947896	6.21877	3
CAGAG	2840440	2.1802974	6.86636	4
CTGCC	2387055	2.175329	5.51347	9
CTTCT	3302970	2.1750793	5.159969	1
GGCAG	2439140	2.1730585	5.496682	7
CTCTG	2813145	2.163589	6.983698	2
CTGCA	2792740	2.1613283	6.4309487	4
CCCTG	2371610	2.161254	8.20745	2
GCAGG	2413550	2.15026	6.0010552	3
TGCAG	2777725	2.1189063	6.4580398	2
CACAG	2670045	2.0792964	7.222365	7
GCCTG	2313440	2.0780358	6.012092	7
TGGAG	2747175	2.0655756	6.220117	5
CAGGG	2313825	2.061414	8.014177	4
CTGTG	2697195	2.044689	8.643901	9
AGCTG	2637930	2.0122676	5.379077	7
CCCCA	2159845	2.009372	6.055743	1
CAGGC	2190515	1.9799243	5.3399076	4
GGAGA	2578010	1.9505047	5.380349	6
CAGAA	2943735	1.9468131	5.239152	4
CTCAG	2508230	1.9411432	5.669846	2
CTGAG	2491740	1.9007511	5.309685	4
TTCTG	2883320	1.871525	5.308252	2
CCTCT	2387805	1.8631558	5.169867	1
CCAGA	2381890	1.8548957	6.3729205	3
CAGTG	2422195	1.8477007	6.2160707	9
CACTG	2385690	1.8463084	7.4037147	7
TGGGG	2098890	1.8316777	5.1664414	5
GGCCA	1996215	1.804304	5.214456	1
TCTGG	2350505	1.7818704	5.930062	3
GTGTG	2312130	1.7276646	7.629338	1
ACACA	2563470	1.7199724	6.534322	6
ACAGA	2559225	1.6925206	5.847971	8
GAGAG	2233755	1.6900437	5.242505	7
CACAC	2136825	1.688241	6.580504	5
CCTGA	2173525	1.6821119	5.2439923	3
GCCCA	1821360	1.67019	5.996937	1
TGTGT	2603310	1.6655624	6.333717	10
TCAGG	2127165	1.6226455	5.3231845	3
CCTGT	2098075	1.6136287	5.1069465	8
TGGGC	1763045	1.5609553	5.548716	5
ACAGC	1945455	1.5150222	5.7198367	8
GCTGT	1968600	1.492356	5.144451	8
CTGTC	1915870	1.4734949	5.706051	9
GACAG	1868270	1.434068	6.6318607	7
GCCCT	1559730	1.4213856	5.124119	1
GGGCT	1569185	1.3893166	5.1740036	6
AGACA	2088290	1.3810719	5.1298633	6
GTCCT	1731750	1.3318883	9.260958	1
GGACA	1690885	1.2979088	5.9635797	6
GTGCT	1655770	1.2552058	6.10057	1
AGGAC	1628360	1.2499151	8.518444	5
TGTGC	1633485	1.238312	5.89514	10
ACTGC	1598335	1.2369667	5.154414	8
AGCAC	1557760	1.2131048	5.510011	5
GTCCA	1550025	1.1995792	6.722998	1
GTCTT	1740685	1.1298558	5.4632206	1
GTGCA	1464280	1.1169832	5.5809937	1
ACAGT	1686685	1.1085414	5.453955	8
TGGAC	1450390	1.1063876	5.8300424	5
TGCAC	1418710	1.0979532	5.2086034	5
ACTGT	1670605	1.0911491	6.264047	8
GACTG	1356655	1.0348845	5.640602	7
GGACC	1119465	1.0118424	5.2148223	6
ACACT	1512405	1.0084486	5.057225	6
CTACA	1469240	0.9796667	5.404953	4
TGTAG	1477725	0.9513411	5.5204954	2
TCCTA	1253090	0.8303484	5.7587633	2
TAGGA	1259470	0.8159021	5.6118736	4
GTGTA	1097575	0.70660526	5.8172636	1
TACAC	1048790	0.69931716	5.0134935	5
>>END_MODULE
