##FastQC	0.10.1
>>Basic Statistics	pass
#Measure	Value	
Filename	004-F5_S4_L003_R2_001.fastq.gz	
File type	Conventional base calls	
Encoding	Sanger / Illumina 1.9	
Total Sequences	15844928	
Filtered Sequences	0	
Sequence length	35-75	
%GC	46	
>>END_MODULE
>>Per base sequence quality	pass
#Base	Mean	Median	Lower Quartile	Upper Quartile	10th Percentile	90th Percentile
1	31.338696647911558	32.0	32.0	32.0	32.0	32.0
2	31.046273924375043	32.0	32.0	32.0	32.0	32.0
3	31.089117350359686	32.0	32.0	32.0	32.0	32.0
4	31.161368483340535	32.0	32.0	32.0	32.0	32.0
5	31.09564606415378	32.0	32.0	32.0	32.0	32.0
6	34.74825401541742	36.0	36.0	36.0	32.0	36.0
7	34.73986028841532	36.0	36.0	36.0	32.0	36.0
8	34.65982003831132	36.0	36.0	36.0	32.0	36.0
9	34.82389058505031	36.0	36.0	36.0	36.0	36.0
10	34.621318948246405	36.0	36.0	36.0	32.0	36.0
11	34.78423745440812	36.0	36.0	36.0	36.0	36.0
12	34.66560876767632	36.0	36.0	36.0	32.0	36.0
13	34.71801285559644	36.0	36.0	36.0	32.0	36.0
14	34.66120401430666	36.0	36.0	36.0	32.0	36.0
15	34.60608442020058	36.0	36.0	36.0	32.0	36.0
16	34.60945672962351	36.0	36.0	36.0	32.0	36.0
17	34.595946349519544	36.0	36.0	36.0	32.0	36.0
18	34.58543604615938	36.0	36.0	36.0	32.0	36.0
19	34.56613087796928	36.0	36.0	36.0	32.0	36.0
20	34.554581567047826	36.0	36.0	36.0	32.0	36.0
21	34.53150446628726	36.0	36.0	36.0	32.0	36.0
22	34.5256566012796	36.0	36.0	36.0	32.0	36.0
23	34.50050703922416	36.0	36.0	36.0	32.0	36.0
24	34.49043782338424	36.0	36.0	36.0	32.0	36.0
25	34.47401976203363	36.0	36.0	36.0	32.0	36.0
26	34.452197763221136	36.0	36.0	36.0	32.0	36.0
27	34.44521912627182	36.0	36.0	36.0	32.0	36.0
28	34.428546093740536	36.0	36.0	36.0	32.0	36.0
29	34.41152323317594	36.0	36.0	36.0	32.0	36.0
30	34.38971732784144	36.0	36.0	36.0	32.0	36.0
31	34.377335068988636	36.0	36.0	36.0	32.0	36.0
32	34.361762577905054	36.0	36.0	36.0	32.0	36.0
33	34.35001459142004	36.0	36.0	36.0	32.0	36.0
34	34.34865705921794	36.0	36.0	36.0	32.0	36.0
35	34.31634072429991	36.0	36.0	36.0	32.0	36.0
36	34.35139334634052	36.0	36.0	36.0	32.0	36.0
37	34.34667693531115	36.0	36.0	36.0	32.0	36.0
38	34.32511987821606	36.0	36.0	36.0	32.0	36.0
39	34.313387263828744	36.0	36.0	36.0	32.0	36.0
40	34.30799297488804	36.0	36.0	36.0	32.0	36.0
41	34.283690218889866	36.0	36.0	36.0	32.0	36.0
42	34.26974374299475	36.0	36.0	36.0	32.0	36.0
43	34.25384832613336	36.0	36.0	36.0	32.0	36.0
44	34.22797371367286	36.0	36.0	36.0	32.0	36.0
45	34.20864355962622	36.0	36.0	36.0	32.0	36.0
46	34.1714542952387	36.0	36.0	36.0	32.0	36.0
47	34.1558376735734	36.0	36.0	36.0	32.0	36.0
48	34.131926334089336	36.0	36.0	36.0	32.0	36.0
49	34.10643273447613	36.0	36.0	36.0	32.0	36.0
50	34.07600207405313	36.0	36.0	36.0	32.0	36.0
51	34.04523390288233	36.0	36.0	36.0	32.0	36.0
52	34.03126587447832	36.0	36.0	36.0	32.0	36.0
53	33.99634125353623	36.0	36.0	36.0	32.0	36.0
54	33.969386023024924	36.0	36.0	36.0	32.0	36.0
55	33.93736808701132	36.0	36.0	36.0	32.0	36.0
56	33.92348207619407	36.0	36.0	36.0	32.0	36.0
57	33.88056253036352	36.0	36.0	36.0	32.0	36.0
58	33.83670659968356	36.0	36.0	36.0	32.0	36.0
59	33.80575734268767	36.0	36.0	36.0	32.0	36.0
60	33.780839405408734	36.0	36.0	36.0	27.0	36.0
61	33.7397168159337	36.0	36.0	36.0	27.0	36.0
62	33.70673695661415	36.0	36.0	36.0	27.0	36.0
63	33.679453016710966	36.0	36.0	36.0	27.0	36.0
64	33.64736866192838	36.0	36.0	36.0	27.0	36.0
65	33.6221534994549	36.0	36.0	36.0	27.0	36.0
66	33.589957223994254	36.0	36.0	36.0	27.0	36.0
67	33.5553172463224	36.0	36.0	36.0	27.0	36.0
68	33.51327057834035	36.0	36.0	36.0	27.0	36.0
69	33.50650587088997	36.0	36.0	36.0	27.0	36.0
70	33.46867163831323	36.0	36.0	36.0	27.0	36.0
71	33.43143593344133	36.0	36.0	36.0	27.0	36.0
72	33.41743999068715	36.0	36.0	36.0	27.0	36.0
73	33.38369519975576	36.0	36.0	36.0	27.0	36.0
74	33.313057152641136	36.0	36.0	36.0	27.0	36.0
75	32.09074701421134	36.0	32.0	36.0	14.0	36.0
>>END_MODULE
>>Per sequence quality scores	pass
#Quality	Count
2	29507.0
3	115.0
4	830.0
5	563.0
6	235.0
7	133.0
8	41.0
9	61.0
10	37.0
11	58.0
12	74.0
13	86.0
14	1062.0
15	3348.0
16	5431.0
17	7574.0
18	10832.0
19	14630.0
20	20887.0
21	30384.0
22	43301.0
23	61597.0
24	86037.0
25	118660.0
26	160142.0
27	210952.0
28	270414.0
29	344833.0
30	439599.0
31	568989.0
32	780169.0
33	1202708.0
34	2578395.0
35	8853244.0
>>END_MODULE
>>Per base sequence content	fail
#Base	G	A	T	C
1	43.84676641291349	17.838038895610573	12.158462230852173	26.15673246062376
2	16.639326934817994	19.071124468911403	37.20539439120358	27.084154205067023
3	19.972700828548255	20.719833384887334	28.493439068355546	30.814026718208865
4	13.686061568459804	14.696306538622508	35.8605128093584	35.75711908355929
5	15.458333130462842	34.271244192186664	34.806961402397654	15.463461274952833
6	34.62708618635529	34.59128496294238	16.5222898973399	14.259338953362425
7	30.51212855513447	29.41323690635943	20.57171376789463	19.502920770611475
8	26.55314744691781	34.72011059195428	19.964985369152878	18.761756591975026
9	25.057874092003257	15.907655909727483	19.938129783279713	39.09634021498955
10	14.605429549622606	27.434342596317613	34.64702944520867	23.313198408851104
11	34.635627672456756	22.580875876211053	23.567943868361255	19.215552582970936
12	22.663784274648073	24.05046272889421	30.664110583178477	22.62164241327924
13	27.92883588223859	20.57540684064206	26.012594293094743	25.483162984024606
14	20.663044059802104	20.660704146844335	27.13348520422444	31.54276658912912
15	22.991372325622045	29.311136851099956	23.15212147903134	24.545369344246662
16	22.927246317933538	28.314523846444366	25.654080154368152	23.104149681253947
17	21.964458282658995	28.024262718028243	27.352107718332746	22.659171280980015
18	22.33041195340178	27.59785741579746	27.965959129351287	22.105771501449475
19	22.894072100826158	27.046720624002436	27.430100695372435	22.629106579798975
20	22.828083545894774	27.00726289441549	27.700565338697597	22.46408822099214
21	22.63973183559341	26.632714167911125	27.338465228918807	23.38908876757666
22	22.61227818711589	26.794608086933604	27.58295357898342	23.010160146967085
23	22.542598384954527	26.7983418092347	27.49380189633101	23.165257909479763
24	22.77956516544445	26.473597595720257	27.77349545456357	22.973341784271728
25	22.880835081709137	26.550128517795997	27.342150029806817	23.226886370688053
26	22.34097772610132	26.993882879329124	27.59761958566451	23.067519808905043
27	22.521027057691832	26.98474617326207	27.401846852060206	23.09237991698589
28	22.49927915345958	26.897938818454254	27.378539018147247	23.22424300993892
29	22.449805028712206	26.98641822938217	27.471193240472513	23.09258350143311
30	22.517267161951896	26.980886871138267	27.48709050139439	23.014755465515453
31	23.01958119159307	26.83789963867738	27.169839338807183	22.972679830922367
32	22.34698796582815	27.157930780711474	27.540509091626653	22.954572161833724
33	22.509767039428038	26.940761490699728	27.636208851780708	22.913262618091522
34	22.52570526218058	26.73662230318795	27.782130486737564	22.9555419478939
35	22.432572858502223	27.024458674381147	27.616029518773534	22.926938948343096
36	22.55195251964721	27.249430062620966	27.543796453756723	22.654820963975098
37	22.717021325920616	26.928973940503592	27.181551241154317	23.17245349242148
38	22.5372582633574	27.419395648168127	27.25100825392469	22.792337834549777
39	22.824653954650262	27.06611534830177	27.388566372259003	22.720664324788963
40	22.879301115260542	26.851928850166505	27.4101630993842	22.858606935188753
41	22.87161956103333	26.982282750438763	27.431558450471883	22.71453923805602
42	22.639653088463003	27.226304329584323	27.406524077291984	22.727518504660694
43	22.70481726503292	27.000766997031	27.364499852156694	22.92991588577939
44	22.54858960160007	27.329507767990023	27.350587230976153	22.771315399433753
45	22.672274781202255	27.269181292712453	27.18530444251798	22.873239483567318
46	22.756509740843708	27.17562425164317	27.166785290323908	22.90108071718921
47	22.77153135628911	27.275617763553218	27.267242421538622	22.68560845861905
48	22.51290355880152	27.29702056827273	27.221547652842652	22.968528220083098
49	22.881592321598994	27.01445519510246	27.22719666462344	22.87675581867511
50	22.646588765967373	27.465822850439732	27.178724424656025	22.70886395893687
51	22.76292370895427	27.30014824295943	27.167339544584063	22.769588503502234
52	22.748733443600795	27.377375200239634	27.081365666879385	22.79252568928018
53	22.637729161279786	27.128078992347405	27.41872089492874	22.815470951444073
54	22.78726693337449	27.494940156990292	27.196690539988438	22.52110236964678
55	22.768540509929743	27.0992769241493	27.176319426695617	22.955863139225347
56	22.84383648423033	27.424204565590642	26.969375350676234	22.762583599502793
57	22.701701871351386	27.32879066984359	27.064416343315443	22.905091115489583
58	22.74401359873867	27.259483038132416	27.05177088763716	22.944732475491755
59	22.662171828775556	27.371894164196824	27.11077137005871	22.855162636968906
60	22.713037007105456	27.317282047974206	27.27504860377753	22.69463234114281
61	22.982196133326113	27.237288849403473	27.048915343225634	22.73159967404478
62	22.85436756341541	27.388085020598325	27.145313883296694	22.61223353268957
63	22.84654509262581	27.546210632583517	27.004923374550298	22.602320900240368
64	22.911218727829596	27.23491858845058	26.933738660432915	22.92012402328691
65	22.80764331693577	27.446939216090975	27.048603031626616	22.696814435346635
66	22.82882054066179	27.700491396330218	26.8314829651154	22.639205097892596
67	22.93842216094064	27.316872876964965	26.9030412761741	22.841663685920295
68	22.926680471957233	27.60870295387977	27.08850946046265	22.376107113700346
69	23.14299515890855	27.43366132841069	26.9936528248601	22.42969068782066
70	23.30410958714704	27.24016554630592	26.90122631886226	22.55449854768478
71	22.99751045418141	27.68919071519283	26.841153773321036	22.472145057304722
72	22.976305274856063	27.791669741213415	27.075431280583555	22.156593703346967
73	23.77042462795384	28.43132162489182	26.999242215029135	20.799011532125206
74	24.898726024928546	30.73406687861584	27.26049446686475	17.106712629590863
75	30.331581770488754	41.14379491742461	28.52462331208664	0.0
>>END_MODULE
>>Per base GC content	fail
#Base	%GC
1	70.00349887353725
2	43.72348113988502
3	50.78672754675711
4	49.443180652019095
5	30.921794405415675
6	48.88642513971772
7	50.01504932574594
8	45.314904038892834
9	64.15421430699281
10	37.918627958473714
11	53.851180255427685
12	45.28542668792731
13	53.4119988662632
14	52.20581064893123
15	47.536741669868704
16	46.03139599918749
17	44.623629563639014
18	44.43618345485125
19	45.52317868062513
20	45.29217176688691
21	46.02882060317007
22	45.62243833408298
23	45.70785629443429
24	45.75290694971618
25	46.107721452397186
26	45.40849753500636
27	45.61340697467772
28	45.7235221633985
29	45.54238853014532
30	45.53202262746734
31	45.992261022515436
32	45.30156012766187
33	45.42302965751956
34	45.481247210074486
35	45.35951180684531
36	45.20677348362231
37	45.889474818342094
38	45.329596097907185
39	45.54531827943923
40	45.73790805044929
41	45.58615879908935
42	45.36717159312369
43	45.63473315081231
44	45.319905001033824
45	45.54551426476957
46	45.65759045803292
47	45.45713981490816
48	45.48143177888462
49	45.7583481402741
50	45.35545272490425
51	45.5325122124565
52	45.541259132880974
53	45.453200112723856
54	45.30836930302127
55	45.724403649155086
56	45.60642008373313
57	45.606792986840965
58	45.68874607423042
59	45.51733446574446
60	45.40766934824826
61	45.71379580737089
62	45.46660109610498
63	45.448865992866175
64	45.8313427511165
65	45.504457752282406
66	45.46802563855439
67	45.780085846860935
68	45.302787585657576
69	45.57268584672921
70	45.85860813483182
71	45.46965551148613
72	45.13289897820303
73	44.56943616007904
74	42.00543865451941
75	30.331581770488754
>>END_MODULE
>>Per sequence GC content	pass
#GC Content	Count
0	29599.0
1	14949.0
2	448.5
3	703.5
4	811.5
5	918.5
6	1081.0
7	1295.5
8	1461.5
9	1673.5
10	2283.5
11	3290.5
12	3930.5
13	4532.5
14	6187.5
15	8730.5
16	10666.0
17	14100.5
18	21770.0
19	31470.0
20	38096.5
21	48729.5
22	68435.5
23	90775.0
24	106215.5
25	125749.5
26	159137.5
27	193473.5
28	217624.0
29	247706.0
30	294690.5
31	343054.0
32	377550.0
33	416380.5
34	480019.0
35	543188.5
36	582136.0
37	618739.5
38	658114.0
39	681758.0
40	697816.5
41	704939.0
42	706691.0
43	706985.5
44	709335.0
45	707661.0
46	695090.5
47	679477.5
48	671822.5
49	661338.5
50	639927.5
51	618196.5
52	605573.0
53	593970.0
54	574425.5
55	552391.5
56	537925.0
57	522375.0
58	493626.0
59	457847.5
60	426856.5
61	390870.5
62	345751.0
63	303016.0
64	268858.0
65	239475.0
66	200166.5
67	161179.5
68	134104.5
69	113395.0
70	90266.0
71	68264.5
72	53101.0
73	42811.0
74	32217.0
75	23124.0
76	17261.5
77	13545.5
78	9689.5
79	6496.5
80	4773.0
81	3818.5
82	2753.0
83	1925.5
84	1564.0
85	1378.5
86	1239.5
87	1092.5
88	980.5
89	956.5
90	906.5
91	836.0
92	810.0
93	823.5
94	806.0
95	756.5
96	740.5
97	803.0
98	1058.5
99	5160.5
100	9070.0
>>END_MODULE
>>Per base N content	pass
#Base	N-Count
1	0.1973312848124018
2	0.19531171110402015
3	0.18804755692168498
4	0.18715768225642931
5	0.1908560266099032
6	0.18823689195684576
7	0.1910138058058705
8	0.19183425762490053
9	0.19474370599853782
10	0.19530539993618146
11	0.19898481078613928
12	0.199893618954911
13	0.20027860019307125
14	0.2043177476098345
15	0.2025379982793232
16	0.20410316790331895
17	0.20419783542089937
18	0.20823067166982392
19	0.20626158730415184
20	0.20597758475141068
21	0.2072398183191492
22	0.20796560262059885
23	0.20976428545462625
24	0.21745128788215384
25	0.2089627671391123
26	0.21288200236694038
27	0.20926570319536952
28	0.21241497594687714
29	0.21383498871058296
30	0.21269897849961833
31	0.20839476203362994
32	0.21322911659806845
33	0.21519820096374057
34	0.21189114901626563
35	0.214409304983904
36	0.024560887147848313
37	0.026095883024586933
38	0.0248454560646877
39	0.021404113664984105
40	0.023155588712251162
41	0.026211382130380684
42	0.027162035213497356
43	0.024638736678306274
44	0.02087678399282821
45	0.026165805848182573
46	0.02934752803266887
47	0.03341938196731851
48	0.03395708379273215
49	0.030677808929608197
50	0.029887564317707983
51	0.025223715981997127
52	0.026958334887620332
53	0.023560183967836497
54	0.024434172872492877
55	0.022743958152166923
56	0.019341869685551478
57	0.022660424983630106
58	0.023073802600407624
59	0.017639332630195178
60	0.021185531694221625
61	0.019315599518780913
62	0.01925032489533013
63	0.01727579077779539
64	0.019926606366631735
65	0.019443448560493785
66	0.01598124250964264
67	0.01857401276494078
68	0.01585917382614014
69	0.01595709543705514
70	0.014764666356212368
71	0.01556375354657297
72	0.021220389807200205
73	0.026361138071274888
74	0.03251110041371448
75	0.04986873219020405
>>END_MODULE
>>Sequence Length Distribution	warn
#Length	Count
35	39310.0
36	13855.0
37	18255.0
38	19527.0
39	21278.0
40	21971.0
41	23395.0
42	25008.0
43	27737.0
44	30257.0
45	32325.0
46	33123.0
47	34022.0
48	34399.0
49	35953.0
50	36306.0
51	37466.0
52	38280.0
53	40585.0
54	42664.0
55	44197.0
56	45255.0
57	46051.0
58	46450.0
59	47015.0
60	48244.0
61	47966.0
62	49302.0
63	50368.0
64	53608.0
65	56017.0
66	55239.0
67	58576.0
68	58204.0
69	65749.0
70	74556.0
71	132545.0
72	394763.0
73	1054098.0
74	3221834.0
75	9589175.0
>>END_MODULE
>>Sequence Duplication Levels	warn
#Total Duplicate Percentage	28.485409455913263
#Duplication Level	Relative count
1	100.0
2	19.2669392925496
3	7.356768144078648
4	3.5365635369766064
5	1.9138887741473556
6	1.1875748688504275
7	0.7366406432869319
8	0.5411210706761947
9	0.3807124072314704
10++	2.769631128918997
>>END_MODULE
>>Overrepresented sequences	warn
#Sequence	Count	Percentage	Possible Source
NNNNNNNNNNNNNNNNNNNNNNNNNNNNNNNNNNN	29506	0.1862173182484641	No Hit
>>END_MODULE
>>Kmer Content	warn
#Sequence	Count	Obs/Exp Overall	Obs/Exp Max	Max Obs/Exp Position
AAAAA	5768700	3.8380337	9.121023	71
TTTTT	4831710	3.0803893	5.186425	71
CCTGG	2483950	2.9686365	11.457777	3
CCAGG	2390025	2.8808582	11.989188	3
GGGGG	2093640	2.8487341	5.1346283	71
CCCAG	2232235	2.720295	10.573921	2
CAGCA	2590165	2.705846	7.054319	4
TGCTG	2626520	2.6680207	7.766464	2
CTGGG	2209340	2.6116805	9.746306	4
CCAGC	2095350	2.553481	6.463589	3
GGAGG	2097895	2.473944	5.405749	6
GCTGG	2081905	2.4610386	6.2791824	3
TCCAG	2359220	2.443649	9.503697	2
CTGCT	2362020	2.425765	6.6128345	9
AGCAG	2314630	2.391666	5.4639235	7
GCTGC	1974015	2.3591995	5.639642	8
CTCCT	2257050	2.3434896	6.538142	1
CTCCA	2230340	2.3355982	6.833208	1
AGGAG	2283945	2.3342528	6.912849	5
CAGGA	2250830	2.3257427	9.809521	4
CTGGA	2263545	2.3190114	8.874725	4
CAGCC	1883270	2.2950318	5.3890333	9
CTTCT	2588865	2.284681	5.1183467	1
TCCTG	2206790	2.2663457	9.160248	2
GGCTG	1885655	2.2290497	7.8756013	7
CCTGC	1810210	2.187257	6.1823826	3
CAGAG	2115690	2.186105	7.475157	4
GGCAG	1821505	2.1716666	5.871418	7
CTGCA	2092610	2.1674979	6.5133343	4
CTGCC	1790595	2.1635566	5.6070027	9
CTCTG	2103660	2.1604326	7.3035893	2
CCCTG	1780395	2.151232	8.701521	2
GCAGG	1803060	2.1496758	6.363767	3
TGCAG	2091295	2.1425405	6.7430816	2
TGGAG	2081020	2.10879	6.4194174	5
CACAG	1988845	2.0776699	7.4227695	7
AGCTG	2018440	2.0679002	5.8224344	7
CTGTG	2020000	2.0519173	8.915873	9
CAGGG	1719060	2.049528	8.593493	4
GCCTG	1707390	2.0405483	6.192194	7
GGAGA	1959225	2.0023806	5.604087	6
CAGAA	2227185	1.9944879	5.486387	4
CCCCA	1598565	1.969532	6.494147	1
CTGGC	1647810	1.969343	5.1897435	4
CTCAG	1878700	1.9459327	5.954699	2
CAGGC	1607825	1.93802	5.527605	4
TTCTG	2186430	1.9085128	5.369828	2
CTGAG	1860265	1.9058492	5.6713448	4
GGGAG	1608445	1.8967597	5.071785	7
CCAGA	1808765	1.8895472	6.724787	3
CCTCT	1805935	1.8750979	5.4563756	1
GGCCA	1512570	1.8232027	5.689417	1
TCTGG	1788895	1.8171608	6.29455	3
TGGGG	1545810	1.8074113	5.7029486	5
CAGTG	1761450	1.804613	6.2479897	9
CACTG	1727595	1.7894201	7.3379583	7
ACCTG	1727485	1.7893063	5.2396665	7
TGGCC	1449155	1.7319249	5.1470394	5
GAGAG	1674205	1.7110823	5.4086285	7
CCTGA	1649540	1.7085718	5.5914474	3
ACAGA	1885800	1.688771	6.0066905	8
GCCCA	1363850	1.6620445	6.60173	1
GTGTG	1642350	1.6501278	7.7811136	1
TCAGG	1610550	1.6500151	5.631769	3
ACACA	1793695	1.6239791	6.514896	6
CCTGT	1554430	1.5963801	5.3256717	8
TGTGT	1848925	1.5963279	6.2635093	10
CACAC	1494920	1.5788841	6.52633	5
TGGGC	1312540	1.5515653	5.898024	5
ACAGC	1466315	1.531803	5.9848814	8
GCTGT	1505280	1.5290645	5.4470725	8
CTGTC	1427140	1.465655	5.765987	9
GACAG	1389390	1.4356319	6.9203534	7
GCCCT	1167315	1.410454	5.5821457	1
GGGCT	1183605	1.3991503	5.555596	6
AGACA	1549445	1.3875585	5.3118258	6
GTCCT	1299680	1.3347552	9.154962	1
AGGGC	1113400	1.327437	5.150191	5
GGACA	1272325	1.3146708	6.228578	6
GTGCT	1255070	1.274901	6.5968833	1
AGGAC	1223315	1.2640296	8.795456	5
TGTGC	1215295	1.2344977	6.045445	10
GTCCA	1174900	1.216946	6.8864474	1
AGCAC	1164350	1.2163517	5.6290927	5
ACTGC	1172530	1.2144911	5.135582	8
GTCTT	1311820	1.1450744	5.4025035	1
TGGAC	1091915	1.1186715	6.042507	5
GTGCA	1061560	1.0875727	5.7288713	1
ACAGT	1223835	1.0866578	5.525847	8
ACTGT	1204875	1.0607344	6.2587886	8
TGCAC	1016800	1.0531881	5.2724495	5
GACTG	1023750	1.0488361	5.989979	7
GGACC	837610	1.0096278	5.2109146	6
CTACA	1068905	0.9595458	5.312396	4
GGACT	926175	0.9488702	5.2564926	6
TGTAG	1079525	0.94002783	5.6155715	2
TCCTA	904375	0.8049518	5.448514	2
TAGGA	913675	0.802426	5.452183	4
GTGTA	778590	0.67798	5.772601	1
>>END_MODULE
