##FastQC	0.10.1
>>Basic Statistics	pass
#Measure	Value	
Filename	004-F0_S5_L002_R2_001.fastq.gz	
File type	Conventional base calls	
Encoding	Sanger / Illumina 1.9	
Total Sequences	15530751	
Filtered Sequences	0	
Sequence length	35-75	
%GC	45	
>>END_MODULE
>>Per base sequence quality	pass
#Base	Mean	Median	Lower Quartile	Upper Quartile	10th Percentile	90th Percentile
1	31.23850965094991	32.0	32.0	32.0	32.0	32.0
2	30.979564027521914	32.0	32.0	32.0	32.0	32.0
3	31.02287725815706	32.0	32.0	32.0	32.0	32.0
4	31.08520701928709	32.0	32.0	32.0	32.0	32.0
5	31.044645233189303	32.0	32.0	32.0	32.0	32.0
6	34.695465402799904	36.0	36.0	36.0	32.0	36.0
7	34.67501326883677	36.0	36.0	36.0	32.0	36.0
8	34.58466039407882	36.0	36.0	36.0	32.0	36.0
9	34.72920401595518	36.0	36.0	36.0	32.0	36.0
10	34.532009945945305	36.0	36.0	36.0	32.0	36.0
11	34.6971496742173	36.0	36.0	36.0	32.0	36.0
12	34.58163517012152	36.0	36.0	36.0	32.0	36.0
13	34.633460931799114	36.0	36.0	36.0	32.0	36.0
14	34.569521911722106	36.0	36.0	36.0	32.0	36.0
15	34.52344210527875	36.0	36.0	36.0	32.0	36.0
16	34.52737559181781	36.0	36.0	36.0	32.0	36.0
17	34.512221463083144	36.0	36.0	36.0	32.0	36.0
18	34.498173011723644	36.0	36.0	36.0	32.0	36.0
19	34.4872496507091	36.0	36.0	36.0	32.0	36.0
20	34.47412755506801	36.0	36.0	36.0	32.0	36.0
21	34.442884313836466	36.0	36.0	36.0	32.0	36.0
22	34.436128619923146	36.0	36.0	36.0	32.0	36.0
23	34.41875586055046	36.0	36.0	36.0	32.0	36.0
24	34.406082358799004	36.0	36.0	36.0	32.0	36.0
25	34.39035877917301	36.0	36.0	36.0	32.0	36.0
26	34.37109184224253	36.0	36.0	36.0	32.0	36.0
27	34.34940673506387	36.0	36.0	36.0	32.0	36.0
28	34.34333677746813	36.0	36.0	36.0	32.0	36.0
29	34.32266276112469	36.0	36.0	36.0	32.0	36.0
30	34.30335403613129	36.0	36.0	36.0	32.0	36.0
31	34.27845575529477	36.0	36.0	36.0	32.0	36.0
32	34.2700160475176	36.0	36.0	36.0	32.0	36.0
33	34.25647001873895	36.0	36.0	36.0	32.0	36.0
34	34.24555515699144	36.0	36.0	36.0	32.0	36.0
35	34.21943839032639	36.0	36.0	36.0	32.0	36.0
36	34.28320412141634	36.0	36.0	36.0	32.0	36.0
37	34.25269074365567	36.0	36.0	36.0	32.0	36.0
38	34.25326250082337	36.0	36.0	36.0	32.0	36.0
39	34.22413927122485	36.0	36.0	36.0	32.0	36.0
40	34.228095473020865	36.0	36.0	36.0	32.0	36.0
41	34.20218067655906	36.0	36.0	36.0	32.0	36.0
42	34.19162506754392	36.0	36.0	36.0	32.0	36.0
43	34.16311146045286	36.0	36.0	36.0	32.0	36.0
44	34.13174127570272	36.0	36.0	36.0	32.0	36.0
45	34.118644270378624	36.0	36.0	36.0	32.0	36.0
46	34.08735579869946	36.0	36.0	36.0	32.0	36.0
47	34.070965423581804	36.0	36.0	36.0	32.0	36.0
48	34.046441838404945	36.0	36.0	36.0	32.0	36.0
49	34.01924206538121	36.0	36.0	36.0	32.0	36.0
50	33.98503194785702	36.0	36.0	36.0	32.0	36.0
51	33.946590777115226	36.0	36.0	36.0	32.0	36.0
52	33.91595730377379	36.0	36.0	36.0	32.0	36.0
53	33.890406309414644	36.0	36.0	36.0	32.0	36.0
54	33.86249098607142	36.0	36.0	36.0	32.0	36.0
55	33.815400061998716	36.0	36.0	36.0	27.0	36.0
56	33.797867219112455	36.0	36.0	36.0	27.0	36.0
57	33.763389275236385	36.0	36.0	36.0	27.0	36.0
58	33.745881022087175	36.0	36.0	36.0	27.0	36.0
59	33.70774742961446	36.0	36.0	36.0	27.0	36.0
60	33.67794825579476	36.0	36.0	36.0	27.0	36.0
61	33.64360039259688	36.0	36.0	36.0	27.0	36.0
62	33.60705455992606	36.0	36.0	36.0	27.0	36.0
63	33.597782931860856	36.0	36.0	36.0	27.0	36.0
64	33.559734823685865	36.0	36.0	36.0	27.0	36.0
65	33.5257376118325	36.0	36.0	36.0	27.0	36.0
66	33.50106879720241	36.0	36.0	36.0	27.0	36.0
67	33.467569546705384	36.0	36.0	36.0	27.0	36.0
68	33.440369542151316	36.0	36.0	36.0	27.0	36.0
69	33.42482803960922	36.0	36.0	36.0	27.0	36.0
70	33.386046938691344	36.0	36.0	36.0	27.0	36.0
71	33.329544374577914	36.0	36.0	36.0	27.0	36.0
72	33.29208920882912	36.0	36.0	36.0	27.0	36.0
73	33.264500484600326	36.0	36.0	36.0	27.0	36.0
74	33.1738006380359	36.0	36.0	36.0	21.0	36.0
75	31.959409100615307	36.0	32.0	36.0	14.0	36.0
>>END_MODULE
>>Per sequence quality scores	pass
#Quality	Count
2	38631.0
3	750.0
4	6700.0
5	2442.0
6	859.0
7	401.0
8	238.0
9	187.0
10	163.0
11	135.0
12	168.0
13	187.0
14	1713.0
15	4418.0
16	7102.0
17	10612.0
18	15485.0
19	20968.0
20	27542.0
21	37447.0
22	50798.0
23	69393.0
24	94303.0
25	127086.0
26	167806.0
27	217430.0
28	275649.0
29	344778.0
30	432732.0
31	552083.0
32	746652.0
33	1138286.0
34	2411391.0
35	8726216.0
>>END_MODULE
>>Per base sequence content	fail
#Base	G	A	T	C
1	44.03288651472697	17.991517702713953	11.920143239110864	26.055452543448215
2	16.575812829128324	19.265774269945275	37.55371296781742	26.60469993310899
3	20.1196987669035	20.97380102421525	28.495740010234922	30.410760198646326
4	13.602171786718277	14.856589433253491	36.21513221326778	35.32610656676045
5	15.31565068443633	34.50966416453738	34.981092020383336	15.19359313064296
6	34.35176187843492	34.960948141828254	16.65026056521516	14.037029414521673
7	30.403854400036057	29.497959591379775	20.702781801315254	19.395404207268918
8	26.360701384037327	35.007915556377014	20.080004143445354	18.551378916140308
9	25.02561682194342	15.917743554848931	20.175696588328858	38.88094303487879
10	14.481795344215382	27.53897454301365	34.870056435866886	23.109173676904078
11	34.44449554849947	22.827804556446157	23.746411429473582	18.981288465580796
12	22.507640431713057	24.27752546719054	30.979302794173496	22.235531306922905
13	27.860129827543478	20.783137200079693	26.119705067543038	25.23702790483379
14	20.408354563981586	20.994752637780323	27.36243544482162	31.234457353416474
15	22.776191668214373	29.723004869225367	23.250381543778616	24.250421918781644
16	22.675636017279075	28.632089176969664	25.95248092886625	22.73979387688501
17	21.750371657265134	28.31583211493497	27.57464318641269	22.359153041387213
18	22.06522596549209	27.895794695592585	28.274824915999154	21.764154422916167
19	22.73157162079057	27.314798813046103	27.583343546350054	22.370286019813275
20	22.6217196232989	27.291156424611323	27.976402298289155	22.11072165380062
21	22.435954756505833	26.939047504841866	27.511381686029836	23.113616052622465
22	22.364980331520496	27.184063075583335	27.77648528887407	22.6744713040221
23	22.255996241858625	27.172841871484614	27.707614533332343	22.863547353324414
24	22.552412774378315	26.765734815812852	28.089808585387953	22.59204382442088
25	22.61542989845014	26.897067984124252	27.606843261146835	22.880658856278778
26	22.071445480544146	27.366158443138595	27.865418540114216	22.696977536203043
27	22.25089911247595	27.342013462731696	27.651570097432575	22.755517327359776
28	22.177063374206522	27.279611181780165	27.61431717754278	22.929008266470525
29	22.18427270976254	27.34277449144046	27.67175928878392	22.801193510013082
30	22.20954064022039	27.333169696775084	27.770413989077873	22.686875673926654
31	22.829391495145934	27.162903229037177	27.406855169051163	22.600850106765723
32	22.029397999031623	27.525899641928643	27.84042448770491	22.604277871334823
33	22.1924098253613	27.329617176386282	27.913876398849418	22.564096599402998
34	22.209400254355735	27.13388027807372	28.079110177544337	22.577609290026217
35	22.136099819415442	27.436439178803916	27.895083246929108	22.532377754851534
36	22.22678811126971	27.631377674552482	27.866414643383735	22.275419570794075
37	22.391184222124796	27.293992455993404	27.416494220580585	22.89832910130122
38	22.20619721535336	27.84646640179098	27.52802363091596	22.419312751939692
39	22.542552566460884	27.435625937140863	27.661888591176957	22.359932905221296
40	22.63468961558353	27.210583450790693	27.732911406456175	22.421815527169603
41	22.611379070599696	27.32246550755182	27.718981987249975	22.347173434598506
42	22.312604656598808	27.660792752017255	27.70076171392531	22.325840877458624
43	22.359213400019918	27.41983037777883	27.67354161333495	22.547414608866298
44	22.17211884415965	27.762909083028546	27.658135210450833	22.406836862360972
45	22.309841448509243	27.700900735032114	27.469018640401778	22.52023917605687
46	22.39944136346715	27.510838580920694	27.493410661511685	22.59630939410047
47	22.539137673099727	27.6307036971605	27.527716037829215	22.302442591910562
48	22.18460126655805	27.69318139756094	27.544235285810526	22.57798205007048
49	22.593113770759114	27.415145942011023	27.47680397330387	22.514936313925997
50	22.269251119859536	27.888299097189044	27.462491445666377	22.379958337285043
51	22.413776341070445	27.717542521471632	27.46285449661037	22.405826640847557
52	22.366114322750335	27.81530464966106	27.37692324159798	22.441657785990632
53	22.27277605491851	27.51511257794706	27.748030636375276	22.464080730759157
54	22.432015764398695	27.91486702914987	27.532084661763985	22.12103254468745
55	22.424413130631102	27.447126167549367	27.499189594466333	22.629271107353198
56	22.516577771274505	27.81450952561453	27.274255682211834	22.394657020899132
57	22.36852701265884	27.729238360770957	27.331800208491924	22.570434418078275
58	22.41084146492942	27.683964422620384	27.299565364912265	22.60562874753794
59	22.34774375626628	27.769860234525968	27.3472325810735	22.53516342813426
60	22.34446690659077	27.668741195865447	27.64812317560762	22.338668721936163
61	22.62924628813397	27.601226949796136	27.404738518929232	22.36478824314066
62	22.549859143981614	27.68587025346881	27.48500069067385	22.279269911875723
63	22.495571454882942	27.934970280692458	27.31959040361171	22.249867860812888
64	22.544444961469452	27.637779021826496	27.235613283789128	22.582162732914927
65	22.478791707745028	27.85123463335734	27.347059806140066	22.322913852757562
66	22.462263613079937	28.21640024018582	27.09527634332707	22.226059803407182
67	22.596118425681798	27.68156162520057	27.19623376641295	22.526086182704685
68	22.55907289579283	28.033054188037692	27.41503408935492	21.99283882681456
69	22.821715978283326	27.801959500870716	27.335540651048767	22.040783869797192
70	23.015210272569238	27.60992476960994	27.211807003975043	22.163057953845783
71	22.658937333152988	28.10821832763771	27.130106330287163	22.102738008922138
72	22.61620864508551	28.21089671014664	27.375757913187392	21.797136731580455
73	23.413076883376355	28.845771218673242	27.26420335124272	20.476948546707682
74	24.435946276682056	31.171997035946212	27.643567824386405	16.74848886298533
75	29.62960494991477	41.54313032945186	28.827264720633362	0.0
>>END_MODULE
>>Per base GC content	fail
#Base	%GC
1	70.08833905817518
2	43.18051276223731
3	50.530458965549826
4	48.928278353478724
5	30.50924381507929
6	48.38879129295659
7	49.79925860730498
8	44.91208030017763
9	63.90655985682221
10	37.59096902111946
11	53.42578401408026
12	44.743171738635965
13	53.097157732377276
14	51.642811917398056
15	47.02661358699602
16	45.415429894164085
17	44.10952469865234
18	43.82938038840826
19	45.101857640603846
20	44.732441277099525
21	45.5495708091283
22	45.03945163554259
23	45.11954359518304
24	45.144456598799195
25	45.496088754728916
26	44.768423016747185
27	45.006416439835725
28	45.10607164067705
29	44.985466219775624
30	44.89641631414704
31	45.43024160191166
32	44.633675870366446
33	44.7565064247643
34	44.78700954438195
35	44.66847757426697
36	44.50220768206378
37	45.289513323426014
38	44.625509967293056
39	44.90248547168218
40	45.05650514275313
41	44.958552505198206
42	44.63844553405744
43	44.906628008886216
44	44.578955706520624
45	44.83008062456611
46	44.99575075756762
47	44.841580265010286
48	44.762583316628536
49	45.10805008468511
50	44.64920945714458
51	44.819602981918
52	44.80777210874096
53	44.736856785677666
54	44.553048309086144
55	45.0536842379843
56	44.91123479217364
57	44.938961430737116
58	45.016470212467354
59	44.88290718440054
60	44.683135628526934
61	44.99403453127463
62	44.82912905585734
63	44.74543931569583
64	45.12660769438438
65	44.80170556050259
66	44.688323416487115
67	45.12220460838648
68	44.55191172260739
69	44.86249984808052
70	45.17826822641502
71	44.76167534207512
72	44.41334537666597
73	43.89002543008404
74	41.18443513966738
75	29.62960494991477
>>END_MODULE
>>Per sequence GC content	warn
#GC Content	Count
0	38949.0
1	20120.0
2	1990.5
3	3038.5
4	3398.5
5	3259.5
6	2898.5
7	2503.0
8	2334.0
9	2474.0
10	2981.5
11	4002.0
12	4672.5
13	5424.0
14	7235.5
15	9951.5
16	12123.5
17	15962.5
18	24150.0
19	34471.5
20	41614.5
21	52658.0
22	73687.5
23	97677.0
24	113953.0
25	134357.0
26	169030.5
27	204690.0
28	229198.5
29	260023.0
30	308903.0
31	358334.5
32	392931.0
33	433327.0
34	499548.0
35	563201.0
36	601970.0
37	638344.0
38	674782.5
39	693167.5
40	704502.5
41	707136.0
42	704941.0
43	701728.0
44	701886.5
45	698791.5
46	683742.5
47	664557.5
48	655073.5
49	642072.0
50	616613.5
51	591790.0
52	576087.5
53	560901.5
54	535741.5
55	510070.5
56	493579.0
57	474657.0
58	444227.5
59	408336.5
60	377134.5
61	343770.0
62	302318.5
63	262455.5
64	231828.5
65	206490.0
66	172328.0
67	138816.5
68	115398.0
69	97521.5
70	77880.0
71	59505.0
72	46838.5
73	38164.5
74	29149.5
75	21300.5
76	16330.0
77	13125.5
78	9622.5
79	6693.5
80	5027.0
81	4000.5
82	2999.0
83	2274.5
84	1913.5
85	1663.5
86	1496.5
87	1410.0
88	1343.5
89	1249.0
90	1183.0
91	1187.5
92	1178.5
93	1202.0
94	1244.0
95	1301.0
96	1342.0
97	1421.5
98	1780.5
99	7082.5
100	12105.0
>>END_MODULE
>>Per base N content	pass
#Base	N-Count
1	0.37988504226228337
2	0.2760394523098078
3	0.24915086205425607
4	0.24868082683187695
5	0.250335608368198
6	0.26128163409483546
7	0.2795228640263436
8	0.296527836934608
9	0.3012410668357248
10	0.316192050210579
11	0.32421484318433796
12	0.32794293077005743
13	0.32927577037324207
14	0.32943674133981027
15	0.32758235580494466
16	0.34320297840072256
17	0.3398483434574413
18	0.33506428633103447
19	0.33570817019730725
20	0.3399899979080213
21	0.34290035298357435
22	0.3376011887641493
23	0.35423914786863814
24	0.341181183060626
25	0.33513511355632447
26	0.3415610745417269
27	0.34834117165357936
28	0.3431063958207816
29	0.34800635204311753
30	0.3435893087204862
31	0.34989937060995957
32	0.35635108695001294
33	0.3546898665750291
34	0.35783201984244034
35	0.36061359814473876
36	0.10247867675595408
37	0.1267547878534655
38	0.09324573716672462
39	0.11189383390742026
40	0.09329885785102496
41	0.11694254653595852
42	0.08978115672380503
43	0.100685684813376
44	0.10575202187654478
45	0.10429885131493036
46	0.09743843947745987
47	0.1166395792427434
48	0.1093660068410726
49	0.10106277453144384
50	0.10347211787725111
51	0.11243247214159978
52	0.11709494123770968
53	0.10242090973492236
54	0.09293696982391048
55	0.09416446268636522
56	0.09020718521176774
57	0.10004218719082208
58	0.08242421897965223
59	0.08697570322923137
60	0.09198345675099766
61	0.0932475137550746
62	0.08395182118628688
63	0.08758446471493214
64	0.07883081327577533
65	0.08510135286221956
66	0.0948316607475321
67	0.08210590338136813
68	0.07949150884898037
69	0.07987877800389243
70	0.08111110863412878
71	0.09078916520576802
72	0.09317027770022804
73	0.10545477380266449
74	0.12060253146978428
75	0.19853205155848075
>>END_MODULE
>>Sequence Length Distribution	warn
#Length	Count
35	47530.0
36	12405.0
37	15954.0
38	17014.0
39	18581.0
40	18542.0
41	19992.0
42	21052.0
43	23804.0
44	25066.0
45	27315.0
46	27954.0
47	28690.0
48	29367.0
49	30114.0
50	30285.0
51	31395.0
52	32597.0
53	33869.0
54	35688.0
55	36880.0
56	37955.0
57	38661.0
58	38767.0
59	39915.0
60	40992.0
61	40490.0
62	41199.0
63	42121.0
64	45144.0
65	47202.0
66	46119.0
67	48686.0
68	48820.0
69	56202.0
70	65234.0
71	122615.0
72	375789.0
73	1030649.0
74	3136462.0
75	9623635.0
>>END_MODULE
>>Sequence Duplication Levels	warn
#Total Duplicate Percentage	26.568338346567945
#Duplication Level	Relative count
1	100.0
2	17.832409275883105
3	6.483598259598689
4	3.0457022948357815
5	1.6230784186214895
6	0.984171465731659
7	0.6657236140814288
8	0.49074489980624963
9	0.34660534590140857
10++	2.6112723835318885
>>END_MODULE
>>Overrepresented sequences	warn
#Sequence	Count	Percentage	Possible Source
NNNNNNNNNNNNNNNNNNNNNNNNNNNNNNNNNNN	38622	0.24868082683187695	No Hit
>>END_MODULE
>>Kmer Content	warn
#Sequence	Count	Obs/Exp Overall	Obs/Exp Max	Max Obs/Exp Position
AAAAA	6068555	3.8518226	9.56334	71
GGGGG	2519225	3.705154	6.5566206	71
TTTTT	4876450	3.0161924	5.2014933	71
CCTGG	2318815	2.9480505	11.540429	3
CCAGG	2237745	2.859727	12.162343	3
CAGCA	2515365	2.7172108	7.110372	4
CCCAG	2089545	2.707378	10.536763	2
TGCTG	2533660	2.6717587	7.7031226	2
CTGGG	2064315	2.5885801	9.837312	4
CCAGC	1966250	2.547627	6.389641	3
GGAGG	1996955	2.4826524	5.6200724	6
CTGCT	2288530	2.4467444	6.686762	9
GCTGG	1934240	2.4254708	6.3644676	3
TCCAG	2247990	2.415859	9.417436	2
AGCAG	2253660	2.4011958	5.4117117	7
GCTGC	1882545	2.393394	5.566025	8
CTCCT	2168755	2.3508542	6.665187	1
CTCCA	2124370	2.3146775	6.888012	1
AGGAG	2198250	2.3101122	6.944726	5
CTTCT	2555550	2.2976274	5.097653	1
CAGGA	2141930	2.2821512	9.695513	4
CAGCC	1760120	2.2805488	5.3979607	9
CTGGA	2142825	2.2713323	8.838828	4
TCCTG	2096530	2.241471	9.085743	2
GGCTG	1765500	2.2138765	7.9591575	7
CAGAG	2056745	2.1913896	7.378052	4
CTGCC	1694670	2.1844249	5.6773734	9
CTCTG	2039195	2.1801722	7.3496585	2
CCTGC	1690455	2.178992	6.0972466	3
GGCAG	1722040	2.1705713	5.9685254	7
CCCTG	1675520	2.159741	8.748045	2
CTGCA	1975615	2.1231441	6.3589907	4
GCAGG	1681905	2.1199825	6.3622046	3
CACAG	1928660	2.0834258	7.581126	7
TGCAG	1960225	2.077782	6.6000915	2
TGGAG	1967830	2.057304	6.3583555	5
GCCTG	1607610	2.0438523	6.4645243	7
CTGTG	1936685	2.0422451	8.935036	9
CAGGG	1620045	2.04201	8.807589	4
AGCTG	1901120	2.0151322	5.841824	7
GCCAG	1559260	1.9926568	5.0160503	2
CCCCA	1512060	1.9863206	6.5529876	1
GGAGA	1888320	1.9844108	5.5211573	6
CTGGC	1550010	1.9706218	5.2333894	4
CAGAA	2187065	1.9697415	5.318895	4
CTCAG	1803865	1.9385688	5.9844127	2
CAGGC	1513560	1.9342544	5.5252833	4
GGGAG	1542125	1.9171991	5.2633505	7
TTCTG	2148520	1.9052477	5.2962904	2
CCTCT	1751625	1.8986999	5.59041	1
CTGAG	1790840	1.8982384	5.6944175	4
CCAGA	1735625	1.8749006	6.58184	3
TGGGG	1475060	1.8243668	5.771378	5
CAGTG	1719640	1.8227687	6.427697	9
GGCCA	1416745	1.8105297	5.6647086	1
TCTGG	1713815	1.8072274	6.1759906	3
CACTG	1678100	1.8034123	7.4243655	7
GTGTG	1699680	1.7677991	8.357205	1
GAGAG	1676450	1.7617595	5.5873995	7
ACCTG	1628865	1.7505007	5.1155033	7
ACACA	1888300	1.7242557	6.9415784	6
TGGCC	1353695	1.7210348	5.2042603	5
CACAC	1547210	1.6945513	7.0028996	5
ACAGA	1881005	1.694094	6.0158806	8
CCTGA	1573025	1.6904908	5.4344473	3
TGTGT	1928115	1.686405	6.7225037	10
GCCCA	1275040	1.6520416	6.594977	1
TCAGG	1533345	1.6253012	5.5781984	3
CCTGT	1499190	1.6028347	5.4071116	8
TGGGC	1229300	1.5415	5.9527664	5
ACAGC	1403990	1.5166534	5.834966	8
GCTGT	1435525	1.5137691	5.5280094	8
CTGTC	1390140	1.4862456	5.8830953	9
GACAG	1347925	1.4361668	6.7800045	7
GCCCT	1102145	1.4206619	5.6392813	1
GGGCT	1116765	1.4003851	5.689442	6
AGACA	1548835	1.3949307	5.3367476	6
GTCCT	1276155	1.3643805	9.986615	1
AGGGC	1047215	1.319978	5.2327843	5
GGACA	1229045	1.3095043	6.274834	6
GTGCT	1210745	1.2767373	6.659703	1
AGGAC	1193800	1.271952	9.492209	5
TGTGC	1188130	1.2528899	6.396469	10
AGCAC	1121690	1.2117002	5.728672	5
ACTGC	1126955	1.2111105	5.1433525	8
GTCCA	1126620	1.2107505	6.888849	1
GTCTT	1292735	1.1463616	5.4030223	1
TGGAC	1044005	1.1066151	5.949853	5
GTGCA	1033800	1.0957981	5.8524055	1
ACAGT	1222210	1.095086	5.525249	8
ACTGT	1198135	1.0679797	6.2058687	8
TGCAC	984065	1.0575502	5.2820063	5
GACTG	991390	1.0508447	5.9154143	7
GGACC	791895	1.0120025	5.6146545	6
ACACT	1103345	1.0022981	5.085452	6
CTACA	1079545	0.9806776	5.9128714	4
TGTAG	1084155	0.9531592	6.048644	2
GGACT	891170	0.94461435	5.210486	6
TCCTA	928870	0.83945096	5.9461517	2
TAGGA	938940	0.8297686	6.004538	4
GTAGG	726225	0.7592452	5.0322876	3
GTGTA	801570	0.70471823	6.1208773	1
TACAC	753415	0.6844154	5.203924	5
>>END_MODULE
