##FastQC	0.10.1
>>Basic Statistics	pass
#Measure	Value	
Filename	018-F0_S3_L002_R2_001.fastq.gz	
File type	Conventional base calls	
Encoding	Sanger / Illumina 1.9	
Total Sequences	18504565	
Filtered Sequences	0	
Sequence length	35-75	
%GC	45	
>>END_MODULE
>>Per base sequence quality	pass
#Base	Mean	Median	Lower Quartile	Upper Quartile	10th Percentile	90th Percentile
1	31.50001618519538	32.0	32.0	32.0	32.0	32.0
2	31.2947012264271	32.0	32.0	32.0	32.0	32.0
3	31.311865477518655	32.0	32.0	32.0	32.0	32.0
4	31.34451488051732	32.0	32.0	32.0	32.0	32.0
5	31.32070194570907	32.0	32.0	32.0	32.0	32.0
6	35.07466692678266	36.0	36.0	36.0	36.0	36.0
7	35.057071214589484	36.0	36.0	36.0	36.0	36.0
8	35.00692223783699	36.0	36.0	36.0	36.0	36.0
9	35.09203658664767	36.0	36.0	36.0	36.0	36.0
10	34.94009483605802	36.0	36.0	36.0	36.0	36.0
11	35.07961278743921	36.0	36.0	36.0	36.0	36.0
12	34.98108618062624	36.0	36.0	36.0	36.0	36.0
13	35.01712123467912	36.0	36.0	36.0	36.0	36.0
14	34.95920990306986	36.0	36.0	36.0	36.0	36.0
15	34.929049399431975	36.0	36.0	36.0	36.0	36.0
16	34.939202515703556	36.0	36.0	36.0	36.0	36.0
17	34.930047207270206	36.0	36.0	36.0	36.0	36.0
18	34.91378246394876	36.0	36.0	36.0	36.0	36.0
19	34.908132290599646	36.0	36.0	36.0	36.0	36.0
20	34.89446220432634	36.0	36.0	36.0	36.0	36.0
21	34.88336061939311	36.0	36.0	36.0	36.0	36.0
22	34.87281954479881	36.0	36.0	36.0	36.0	36.0
23	34.8647555346478	36.0	36.0	36.0	36.0	36.0
24	34.85537865926597	36.0	36.0	36.0	36.0	36.0
25	34.83525827275594	36.0	36.0	36.0	36.0	36.0
26	34.81386144445979	36.0	36.0	36.0	36.0	36.0
27	34.800447619276646	36.0	36.0	36.0	36.0	36.0
28	34.79532196514752	36.0	36.0	36.0	36.0	36.0
29	34.77615907209923	36.0	36.0	36.0	36.0	36.0
30	34.75930895970805	36.0	36.0	36.0	36.0	36.0
31	34.75311313721776	36.0	36.0	36.0	36.0	36.0
32	34.73375040159009	36.0	36.0	36.0	36.0	36.0
33	34.720137706560514	36.0	36.0	36.0	36.0	36.0
34	34.7061762327296	36.0	36.0	36.0	36.0	36.0
35	34.69913748310214	36.0	36.0	36.0	36.0	36.0
36	34.69984625796295	36.0	36.0	36.0	36.0	36.0
37	34.687008687930785	36.0	36.0	36.0	36.0	36.0
38	34.67033554451163	36.0	36.0	36.0	36.0	36.0
39	34.646485231794145	36.0	36.0	36.0	32.0	36.0
40	34.63977118449711	36.0	36.0	36.0	32.0	36.0
41	34.63684567350348	36.0	36.0	36.0	32.0	36.0
42	34.620705841635775	36.0	36.0	36.0	32.0	36.0
43	34.61082618698382	36.0	36.0	36.0	32.0	36.0
44	34.593280731327134	36.0	36.0	36.0	32.0	36.0
45	34.57354123704321	36.0	36.0	36.0	32.0	36.0
46	34.55297724820788	36.0	36.0	36.0	32.0	36.0
47	34.53852990529975	36.0	36.0	36.0	32.0	36.0
48	34.53719016800266	36.0	36.0	36.0	32.0	36.0
49	34.52181186339282	36.0	36.0	36.0	32.0	36.0
50	34.4928308950328	36.0	36.0	36.0	32.0	36.0
51	34.469991184262	36.0	36.0	36.0	32.0	36.0
52	34.468288012239135	36.0	36.0	36.0	32.0	36.0
53	34.43752918784323	36.0	36.0	36.0	32.0	36.0
54	34.415656682327835	36.0	36.0	36.0	32.0	36.0
55	34.386730662807985	36.0	36.0	36.0	32.0	36.0
56	34.358787588660675	36.0	36.0	36.0	32.0	36.0
57	34.35013754659999	36.0	36.0	36.0	32.0	36.0
58	34.33654284471414	36.0	36.0	36.0	32.0	36.0
59	34.31179360889238	36.0	36.0	36.0	32.0	36.0
60	34.30112577877556	36.0	36.0	36.0	32.0	36.0
61	34.26643039289434	36.0	36.0	36.0	32.0	36.0
62	34.23932195264135	36.0	36.0	36.0	32.0	36.0
63	34.21947777328678	36.0	36.0	36.0	32.0	36.0
64	34.19054095638594	36.0	36.0	36.0	32.0	36.0
65	34.1777592727406	36.0	36.0	36.0	32.0	36.0
66	34.14088684616856	36.0	36.0	36.0	32.0	36.0
67	34.1152497585808	36.0	36.0	36.0	32.0	36.0
68	34.08743107150608	36.0	36.0	36.0	32.0	36.0
69	34.07527776825904	36.0	36.0	36.0	32.0	36.0
70	34.051510414511476	36.0	36.0	36.0	32.0	36.0
71	34.02434700532333	36.0	36.0	36.0	32.0	36.0
72	34.00746008251913	36.0	36.0	36.0	32.0	36.0
73	33.96731907251941	36.0	36.0	36.0	32.0	36.0
74	33.90459939287957	36.0	36.0	36.0	32.0	36.0
75	32.86885939490611	36.0	32.0	36.0	14.0	36.0
>>END_MODULE
>>Per sequence quality scores	pass
#Quality	Count
2	14561.0
3	95.0
4	2832.0
5	2099.0
6	483.0
7	338.0
8	182.0
9	99.0
10	84.0
11	147.0
12	184.0
13	232.0
14	1528.0
15	3443.0
16	6137.0
17	9989.0
18	14706.0
19	20876.0
20	27454.0
21	36935.0
22	49211.0
23	65586.0
24	88286.0
25	116989.0
26	151712.0
27	191733.0
28	240500.0
29	296245.0
30	370920.0
31	473278.0
32	639082.0
33	985300.0
34	2172214.0
35	1.2521105E7
>>END_MODULE
>>Per base sequence content	fail
#Base	G	A	T	C
1	45.62750126992757	17.669144063399983	10.6682472616679	26.035107405004542
2	16.985838124191886	19.434203405509056	36.347555803270126	27.232402667028932
3	19.962243315579023	20.866987838974975	28.67260851842331	30.49816032702269
4	13.684607668591328	14.319545713186589	36.05106827244337	35.944778345778715
5	15.195208165471911	34.392183993535085	35.16133679943174	15.251271041561271
6	34.83718688391668	34.746374593370135	16.345049494347908	14.07138902836528
7	30.657570603699526	29.608999282530274	20.59021823465668	19.143211879113515
8	26.77679948334774	33.86046699820936	20.219953697545627	19.142779820897275
9	24.69784520861354	15.168773427981211	20.6409125872346	39.492468776170654
10	14.608591410796535	26.43627498504641	35.04029137643141	23.914842227725643
11	34.23466964422567	22.9150076104456	23.81015269638307	19.040170048945665
12	22.11550504546368	24.25776918630114	31.339840240734475	22.286885527500704
13	27.90618235222535	20.548133548404795	26.17772700934063	25.367957090029225
14	20.38748091148746	20.68442986045266	27.393999072119072	31.534090155940802
15	22.776612654255025	29.531381559960746	23.336827802149728	24.3551779836345
16	22.812281241109645	28.438961447358867	25.6863422382709	23.06241507326059
17	21.700934920266732	28.192692191506584	27.569729445094364	22.536643443132316
18	22.124243821501025	27.73397017370017	28.17071760004476	21.971068404754053
19	22.683299716837972	27.162117429078826	27.648904626004178	22.50567822807902
20	22.603748888690745	27.13603485723734	27.854474107251843	22.405742146820078
21	22.31521929455287	26.841449169276014	27.58955852360274	23.253773012568377
22	22.393498406915764	26.852884336305806	27.816104554634425	22.937512702144
23	22.258033867110086	26.95909681069311	27.78441310420518	22.998456217991627
24	22.504043081474652	26.5891920816743	28.064677400243156	22.84208743660789
25	22.587268993839835	26.686188526122518	27.63854742258374	23.087995057453906
26	22.080716699641272	27.09482621515351	27.819785876934244	23.004671208270974
27	22.136916031036613	27.120042460287763	27.79811278110827	22.944928727567355
28	22.257806487613312	26.940578930456894	27.713952289595316	23.08766229233448
29	22.088909771455842	27.07617685894002	27.88342527657241	22.951488093031728
30	22.159136932636184	27.138588160597987	27.803800985793476	22.898473920972354
31	22.688062941142064	27.060607177154466	27.509669665809145	22.741660215894324
32	21.993990128262467	27.346128378902623	27.896818667935484	22.763062824899425
33	22.116829363622838	27.17622770008955	28.05764244418431	22.6493004921033
34	22.21788208629246	26.867482513623003	28.16628036510962	22.748355034974917
35	22.05131396320957	27.22360236683829	28.023073156082003	22.70201051387014
36	22.170611293927	27.4894640791583	27.96249680840367	22.37742781851103
37	22.32541467176569	27.14086627210019	27.58624328950951	22.94747576662461
38	22.227681828580092	27.623151799165896	27.56295354777404	22.586212824479972
39	22.365415769604553	27.340568466943417	27.816549371597972	22.477466391854062
40	22.471625864807727	27.033653751594134	27.77131705976507	22.72340332383307
41	22.393999041074274	27.27251199524179	27.857112046916267	22.476376916767673
42	22.184065446253463	27.52162604360716	27.88539044043452	22.408918069704857
43	22.30184493768263	27.27262965525522	27.736193337260453	22.689332069801697
44	22.137334044477626	27.650494644985805	27.78865232911512	22.423518981421445
45	22.224106550896987	27.538237320423825	27.68004873583291	22.557607392846286
46	22.35549025412336	27.424503064852107	27.55806923822741	22.66193744279712
47	22.38414977389476	27.51505488253862	27.659032698484577	22.441762645082044
48	22.146108948347557	27.53701338975852	27.62966958534136	22.687208076552565
49	22.49344434642853	27.312387248582915	27.608884487789183	22.585283917199376
50	22.26993256168845	27.679241410504794	27.56189652602929	22.48892950177747
51	22.302122187245505	27.624156641854142	27.624287493320445	22.449433677579915
52	22.34817188672987	27.59350612790028	27.50570671624854	22.55261526912132
53	22.163539738118924	27.45106240292023	27.81538097970039	22.57001687926046
54	22.326369555715313	27.80063521790202	27.633678584376533	22.239316642006138
55	22.344881421984347	27.393810956780417	27.59183758315614	22.669470038079098
56	22.42137993285294	27.703001671145895	27.416979571798233	22.458638824202932
57	22.289999752726573	27.621456074233347	27.491108436854176	22.5974357361859
58	22.314662168136483	27.51342393804305	27.42689755808999	22.74501633573048
59	22.23203796974168	27.58671173349606	27.52218792480968	22.659062371952583
60	22.251243306152798	27.582402974360924	27.71422484415825	22.45212887532803
61	22.514390106306085	27.55975309839042	27.449160834229502	22.476695961073993
62	22.425215090275774	27.699100725903303	27.51202157194262	22.363662611878304
63	22.416396745950802	27.855552770710418	27.410748321517133	22.317302161821644
64	22.4429182645792	27.529521459934188	27.321969109374777	22.705591166111837
65	22.344099474167937	27.724229064398852	27.47538857269921	22.456282888734002
66	22.37448442366685	27.968506362339273	27.25427509631914	22.402734117674733
67	22.52476313528808	27.606584327471705	27.305357330504314	22.5632952067359
68	22.490468796208376	27.91394719557831	27.45561574976818	22.13996825844513
69	22.70404825699156	27.764476804808307	27.400564860104726	22.130910078095408
70	22.88175748125614	27.500808245320364	27.24615369657828	22.371280576845216
71	22.58323076676536	27.95075975463813	27.1975776695912	22.268431809005307
72	22.541648591784217	28.094794163012942	27.42824854727599	21.935308697926846
73	23.32978074574704	28.68264252550949	27.399086244297134	20.58849048444634
74	24.417587270990353	31.10213946461895	27.63865678334459	16.841616481046106
75	29.61966769743504	41.47033917840806	28.909993124156898	0.0
>>END_MODULE
>>Per base GC content	fail
#Base	%GC
1	71.66260867493212
2	44.21824079122082
3	50.46040364260171
4	49.62938601437004
5	30.446479207033185
6	48.90857591228196
7	49.80078248281304
8	45.91957930424501
9	64.19031398478418
10	38.52343363852218
11	53.27483969317133
12	44.402390572964386
13	53.27413944225457
14	51.921571067428275
15	47.13179063788952
16	45.87469631437023
17	44.23757836339905
18	44.09531222625508
19	45.188977944917
20	45.00949103551083
21	45.56899230712124
22	45.33101110905977
23	45.25649008510172
24	45.346130518082546
25	45.67526405129374
26	45.08538790791224
27	45.081844758603964
28	45.34546877994779
29	45.040397864487566
30	45.05761085360854
31	45.42972315703639
32	44.75705295316189
33	44.76612985572614
34	44.966237121267376
35	44.75332447707971
36	44.54803911243803
37	45.2728904383903
38	44.81389465306007
39	44.84288216145861
40	45.1950291886408
41	44.87037595784195
42	44.592983515958316
43	44.99117700748433
44	44.56085302589907
45	44.78171394374327
46	45.01742769692048
47	44.825912418976806
48	44.83331702490012
49	45.0787282636279
50	44.75886206346591
51	44.75155586482542
52	44.900787155851184
53	44.73355661737939
54	44.56568619772145
55	45.014351460063445
56	44.88001875705587
57	44.88743548891247
58	45.059678503866955
59	44.89110034169426
60	44.70337218148083
61	44.991086067380074
62	44.78887770215408
63	44.73369890777244
64	45.148509430691036
65	44.800382362901935
66	44.77721854134158
67	45.08805834202398
68	44.63043705465351
69	44.83495833508697
70	45.25303805810136
71	44.85166257577067
72	44.47695728971106
73	43.918271230193376
74	41.25920375203646
75	29.61966769743504
>>END_MODULE
>>Per sequence GC content	warn
#GC Content	Count
0	14652.0
1	7567.0
2	765.5
3	1310.5
4	1572.5
5	1657.5
6	1647.5
7	1522.0
8	1496.5
9	1552.0
10	2028.0
11	3006.0
12	3576.5
13	4318.0
14	6104.0
15	8927.5
16	11246.0
17	15668.5
18	25488.5
19	38478.0
20	47536.0
21	62093.0
22	89443.5
23	120316.0
24	141323.0
25	167706.0
26	212979.0
27	258917.0
28	288442.5
29	324585.5
30	383922.0
31	442167.5
32	480370.5
33	524197.5
34	598402.5
35	670620.0
36	711938.0
37	749382.0
38	788561.0
39	809673.0
40	824599.5
41	826513.5
42	820091.0
43	812475.5
44	810298.5
45	801628.0
46	778045.0
47	752105.5
48	739231.0
49	722097.0
50	689711.5
51	658289.0
52	639900.5
53	625192.0
54	600377.5
55	574208.5
56	558375.0
57	542950.0
58	511474.0
59	472559.0
60	440934.0
61	407879.5
62	364332.5
63	317996.0
64	282003.5
65	253794.5
66	216323.0
67	178326.5
68	151513.0
69	131609.5
70	107601.5
71	83989.5
72	67909.0
73	57489.5
74	45978.5
75	35837.5
76	29399.0
77	24621.0
78	19360.5
79	14887.5
80	12033.0
81	10059.0
82	7938.5
83	5771.0
84	4329.0
85	3660.5
86	2870.0
87	2141.5
88	1870.5
89	1671.0
90	1443.5
91	1313.5
92	1230.5
93	1203.5
94	1164.0
95	1215.0
96	1283.0
97	1320.0
98	1665.5
99	6854.5
100	11737.0
>>END_MODULE
>>Per base N content	pass
#Base	N-Count
1	0.21046158069643897
2	0.11308560887543155
3	0.07886702551505534
4	0.07874813593294411
5	0.07895889473759583
6	0.07985597067534417
7	0.0863570691880625
8	0.09649510809900151
9	0.10226665690331008
10	0.11191292527006173
11	0.11573360411336338
12	0.11418803954591746
13	0.12573113715453457
14	0.11667391262642487
15	0.11901387576525035
16	0.12137005111981829
17	0.12365597353950228
18	0.12152136513341437
19	0.1219536908865461
20	0.11813841611515861
21	0.12741180351983414
22	0.12663361716419705
23	0.12256975508475883
24	0.12091610907902996
25	0.1264660909348585
26	0.13613937966118092
27	0.12589325931195897
28	0.13232950896170756
29	0.13242137818424807
30	0.12652013165399997
31	0.12041353039101432
32	0.120548632188868
33	0.13241057004041976
34	0.12602836110981264
35	0.13085960140105968
36	0.053537105357215495
37	0.04645911789671978
38	0.06477482267412069
39	0.06475989504404674
40	0.07726478231049583
41	0.05458170580233103
42	0.07168974162165424
43	0.05649942281048205
44	0.057507742939033386
45	0.056479847138731484
46	0.05500941533400617
47	0.07287350864622587
48	0.05896384750221489
49	0.06063981175818299
50	0.05089815452949749
51	0.06610713791453857
52	0.05057105374829444
53	0.04875805846437221
54	0.05936644726172262
55	0.0461539025144937
56	0.06135215127714171
57	0.06368577985245588
58	0.05372011671083459
59	0.06354914651315867
60	0.05912474915148396
61	0.058484806338867636
62	0.06126116967486098
63	0.051558701237419874
64	0.04758221488687644
65	0.047639737741195544
66	0.06639703497542544
67	0.07625020885238716
68	0.05306363509039229
69	0.04518844724750259
70	0.059053901217984615
71	0.05136614800596636
72	0.06211942267282237
73	0.07334020502520375
74	0.056537754798511565
75	0.07261126705128072
>>END_MODULE
>>Sequence Length Distribution	warn
#Length	Count
35	16453.0
36	3043.0
37	4123.0
38	5005.0
39	5689.0
40	6190.0
41	6749.0
42	7567.0
43	8751.0
44	9642.0
45	10870.0
46	11873.0
47	12592.0
48	13705.0
49	14260.0
50	14513.0
51	14986.0
52	15429.0
53	16488.0
54	17826.0
55	18873.0
56	19396.0
57	20872.0
58	21715.0
59	22677.0
60	23296.0
61	23249.0
62	23459.0
63	24481.0
64	26042.0
65	27801.0
66	27819.0
67	30717.0
68	31349.0
69	39696.0
70	51251.0
71	122534.0
72	444295.0
73	1276980.0
74	3943934.0
75	1.2068375E7
>>END_MODULE
>>Sequence Duplication Levels	warn
#Total Duplicate Percentage	38.90778283252114
#Duplication Level	Relative count
1	100.0
2	26.410789881674393
3	11.921726766650332
4	6.412717793825862
5	3.7345264967426317
6	2.4693341473406862
7	1.6732670881296843
8	1.168796741828464
9	0.9117417882991798
10++	5.956445251311382
>>END_MODULE
>>Overrepresented sequences	pass
>>END_MODULE
>>Kmer Content	warn
#Sequence	Count	Obs/Exp Overall	Obs/Exp Max	Max Obs/Exp Position
AAAAA	7268485	3.9342732	9.205545	71
GGGGG	2597120	3.1721401	5.4409213	71
CCTGG	2904160	3.0152724	12.310451	3
TTTTT	5884105	2.988653	5.172039	71
CCAGG	2740150	2.8814123	12.608899	3
CCCAG	2565850	2.715762	11.343782	2
CTGGG	2559360	2.640025	10.894293	4
CCAGC	2457085	2.6006422	6.5525517	3
CAGCA	2885255	2.578264	6.685041	4
TGCTG	2938115	2.542918	7.5882764	2
GGAGG	2411790	2.5032942	5.5968823	6
GCTGG	2405120	2.4809237	6.9277496	3
TCCAG	2784295	2.4565935	8.967952	2
CTGCT	2715720	2.3657997	6.603012	9
GCTGC	2264160	2.350786	5.8308697	8
CTCCA	2636490	2.3413887	6.5264187	1
CTCCT	2660290	2.332659	6.3201947	1
CAGCC	2197375	2.3257585	5.3515406	9
AGCAG	2610025	2.317173	5.3801565	7
CAGGA	2607605	2.3150246	9.68844	4
AGGAG	2617915	2.3090851	6.856936	5
CTGGA	2626125	2.3019936	8.809982	4
CTTCT	3142765	2.2971628	5.028721	1
GGCTG	2183285	2.252097	8.495878	7
TCCTG	2579800	2.2473927	8.899071	2
CCTGC	2131390	2.2274003	6.3147726	3
GGCAG	2109775	2.2041335	6.2434444	7
CTGCC	2100660	2.195286	5.743835	9
CTGCA	2475920	2.1845133	6.545608	4
GCAGG	2088510	2.1819174	6.7084775	3
CCCTG	2058275	2.1509917	9.13218	2
TGCAG	2442440	2.14098	6.8934636	2
CAGAG	2397195	2.128223	7.6209064	4
CTCTG	2433130	2.119621	7.601918	2
GCCTG	2035965	2.1138604	7.081924	7
TGGAG	2382490	2.0748677	6.3042226	5
AGCTG	2351575	2.0613298	6.0078983	7
CAGGG	1951610	2.0388947	9.25589	4
CAGAA	2681025	2.022678	5.367219	4
CTGGC	1938990	2.013175	5.9146657	4
GCCAG	1909455	2.0078926	5.4513383	2
GGAGA	2267580	2.0000784	5.386182	6
CCCCA	1857175	1.9785298	6.7691426	1
CAGGC	1871320	1.9677918	6.106972	4
TTCTG	2682860	1.9482676	5.2721624	2
CACAG	2178450	1.9466628	6.482194	7
CTGTG	2235180	1.9345326	8.996452	9
GGGAG	1854915	1.9252912	5.3068147	7
CTCAG	2174855	1.9188824	6.224392	2
CTGAG	2145815	1.8809662	5.943627	4
CCAGA	2089845	1.8674855	6.757685	3
CCTCT	2117470	1.8566906	5.699442	1
GGCCA	1740410	1.830133	6.494854	1
TGGGG	1764365	1.8081553	6.1063223	5
TCTGG	2086240	1.8056262	6.4791536	3
ACCTG	2023295	1.7851604	5.5450106	7
CAGTG	2025750	1.7757201	6.373944	9
CACTG	2003120	1.76736	7.0662932	7
AGAGG	1989485	1.7547897	5.0454483	5
TGGCC	1666945	1.7307218	5.8577676	5
CCTGA	1944100	1.7152865	5.610917	3
GCCCA	1568415	1.660051	7.3840675	1
ACAGA	2180350	1.6449475	5.474727	8
GAGAG	1856130	1.6371663	5.098693	7
TCAGG	1866305	1.6359549	5.813878	3
GGGCC	1283410	1.5881243	5.4857354	6
GGCCT	1524620	1.5829515	5.281494	1
CCTGT	1808615	1.575575	5.6057906	8
CTTGG	1792945	1.5517813	5.006151	3
AGGTG	1781250	1.5512584	5.145433	7
TGGGC	1502180	1.5495251	6.516754	5
GTGTG	1728035	1.4858903	7.5484123	1
TGTGT	2016975	1.4551967	6.0973663	10
CTGTC	1668085	1.4531522	5.8639255	9
GCTGT	1678945	1.4531151	5.395297	8
ACAGC	1619885	1.4475293	5.249784	8
CCTTG	1659890	1.4460131	5.028638	2
ACACA	1893235	1.4376718	5.7405334	6
GCCCT	1371700	1.4334893	6.3701434	1
AGGCT	1633840	1.432182	5.024469	6
GGGCT	1369725	1.4128954	6.1741824	6
GACAG	1577350	1.4003669	6.6770587	7
CACAC	1547035	1.391466	6.0098224	5
AGACA	1787835	1.3488178	5.2306237	6
GCTCT	1527110	1.3303419	5.066451	1
AGGGC	1266505	1.3231486	5.62348	5
GTCCT	1491370	1.299207	9.190129	1
GGACA	1430205	1.2697321	5.9738345	6
AGGAC	1369630	1.2159537	8.704587	5
GTGCT	1379975	1.1943588	6.423224	1
GTCCA	1352040	1.1929098	6.8976703	1
GTCTT	1593720	1.1573442	5.4684677	1
TGTGC	1325795	1.1474664	5.9721766	10
AGCAC	1260100	1.1260253	5.1503744	5
GTCCC	1058485	1.1061654	5.01196	1
TGGAC	1233235	1.081022	5.969859	5
ACAGT	1416100	1.0548596	5.3448033	8
GTGCA	1197635	1.049816	5.971142	1
ACTGT	1414665	1.0404693	6.1373515	8
GACTG	1177390	1.0320697	5.918054	7
TGCAC	1167500	1.0300895	5.226293	5
GGACC	949625	0.9985808	5.4462833	6
AGACT	1325955	0.9877101	5.003476	6
GGACT	1063840	0.93253475	5.2246876	6
TGTAG	1242300	0.9077637	5.38141	2
TAGGA	1068395	0.7906846	5.33691	4
TCCTA	1055865	0.781652	5.1135516	2
GTGTA	874130	0.6387373	5.6537156	1
>>END_MODULE
