##FastQC	0.10.1
>>Basic Statistics	pass
#Measure	Value	
Filename	004-F0_S5_L002_R2_001_trimmed.fq.gz	
File type	Conventional base calls	
Encoding	Sanger / Illumina 1.9	
Total Sequences	15208280	
Filtered Sequences	0	
Sequence length	20-50	
%GC	44	
>>END_MODULE
>>Per base sequence quality	pass
#Base	Mean	Median	Lower Quartile	Upper Quartile	10th Percentile	90th Percentile
1	34.589897674161705	36.0	36.0	36.0	32.0	36.0
2	34.583302385279595	36.0	36.0	36.0	32.0	36.0
3	34.568851967480875	36.0	36.0	36.0	32.0	36.0
4	34.55581584505283	36.0	36.0	36.0	32.0	36.0
5	34.54171089695876	36.0	36.0	36.0	32.0	36.0
6	34.52428900572583	36.0	36.0	36.0	32.0	36.0
7	34.505040083428234	36.0	36.0	36.0	32.0	36.0
8	34.49934647442051	36.0	36.0	36.0	32.0	36.0
9	34.48038292298669	36.0	36.0	36.0	32.0	36.0
10	34.46078544056264	36.0	36.0	36.0	32.0	36.0
11	34.43933127217542	36.0	36.0	36.0	32.0	36.0
12	34.431710160517824	36.0	36.0	36.0	32.0	36.0
13	34.41892804445999	36.0	36.0	36.0	32.0	36.0
14	34.410202731669855	36.0	36.0	36.0	32.0	36.0
15	34.38424805434934	36.0	36.0	36.0	32.0	36.0
16	34.37024410386974	36.0	36.0	36.0	32.0	36.0
17	34.34158399240414	36.0	36.0	36.0	32.0	36.0
18	34.341968980055604	36.0	36.0	36.0	32.0	36.0
19	34.314998934790786	36.0	36.0	36.0	32.0	36.0
20	34.320425715465525	36.0	36.0	36.0	32.0	36.0
21	34.29711510941907	36.0	36.0	36.0	32.0	36.0
22	34.28911695093732	36.0	36.0	36.0	32.0	36.0
23	34.263889787553126	36.0	36.0	36.0	32.0	36.0
24	34.234086504239606	36.0	36.0	36.0	32.0	36.0
25	34.223910979550276	36.0	36.0	36.0	32.0	36.0
26	34.19464238702266	36.0	36.0	36.0	32.0	36.0
27	34.18079489562138	36.0	36.0	36.0	32.0	36.0
28	34.158874160547676	36.0	36.0	36.0	32.0	36.0
29	34.13470414539008	36.0	36.0	36.0	32.0	36.0
30	34.103538579415385	36.0	36.0	36.0	32.0	36.0
31	34.06880748797726	36.0	36.0	36.0	32.0	36.0
32	34.041031713104005	36.0	36.0	36.0	32.0	36.0
33	34.01877058267195	36.0	36.0	36.0	32.0	36.0
34	33.994573146202036	36.0	36.0	36.0	32.0	36.0
35	33.95133450012357	36.0	36.0	36.0	32.0	36.0
36	33.93664402389917	36.0	36.0	36.0	32.0	36.0
37	33.907806219124666	36.0	36.0	36.0	32.0	36.0
38	33.894625326063384	36.0	36.0	36.0	32.0	36.0
39	33.86139316681568	36.0	36.0	36.0	32.0	36.0
40	33.837216766048215	36.0	36.0	36.0	32.0	36.0
41	33.80946922741064	36.0	36.0	36.0	32.0	36.0
42	33.77923382802779	36.0	36.0	36.0	27.0	36.0
43	33.78078088289609	36.0	36.0	36.0	27.0	36.0
44	33.752911756994095	36.0	36.0	36.0	27.0	36.0
45	33.73559022491434	36.0	36.0	36.0	27.0	36.0
46	33.73739763689142	36.0	36.0	36.0	27.0	36.0
47	33.74031989915032	36.0	36.0	36.0	27.0	36.0
48	33.7722239755364	36.0	36.0	36.0	27.0	36.0
49	33.8626512691062	36.0	36.0	36.0	32.0	36.0
50	34.00578866789265	36.0	36.0	36.0	32.0	36.0
>>END_MODULE
>>Per sequence quality scores	pass
#Quality	Count
2	48.0
3	21.0
4	27.0
5	34.0
6	71.0
7	39.0
8	49.0
9	73.0
10	81.0
11	81.0
12	115.0
13	155.0
14	1119.0
15	2334.0
16	4640.0
17	8319.0
18	13301.0
19	20162.0
20	28833.0
21	40115.0
22	53725.0
23	71500.0
24	95604.0
25	126120.0
26	163918.0
27	207961.0
28	261920.0
29	324277.0
30	402505.0
31	511145.0
32	680477.0
33	988368.0
34	1833935.0
35	6584834.0
36	2782374.0
>>END_MODULE
>>Per base sequence content	pass
#Base	G	A	T	C
1	22.37700780433938	26.989581763271968	27.540882096315684	23.092528336072967
2	22.331291837383183	27.216059505095718	27.78771651273245	22.66493214478865
3	22.204842523509452	27.21422078665604	27.7488202605999	22.83211642923461
4	22.518592006742484	26.789193349636264	28.1138841054076	22.578330538213653
5	22.552986432700823	26.942890665000068	27.644876315561394	22.85924658673772
6	22.025246215806593	27.4018498827835	27.89148334620833	22.681420555201576
7	22.187419151309555	27.38658100152612	27.70357692034013	22.722422926824198
8	22.131852442742794	27.314539859326793	27.648167700403093	22.905439997527317
9	22.124534102772778	27.39217572155499	27.710158080347234	22.773132095324996
10	22.1490759213708	27.381004600647525	27.808595122565233	22.661324355416447
11	22.77290375302938	27.217570190790102	27.4538505818523	22.555675474328215
12	21.99584001595279	27.56068353381082	27.879305217158766	22.56417123307762
13	22.14769360202484	27.36472843877452	27.965290842044865	22.522287117155773
14	22.173077770491975	27.163011744464345	28.10637037056524	22.55754011447844
15	22.076596015611738	27.476818290613547	27.935075493848892	22.511510199925823
16	22.167232685776955	27.670274812422523	27.91013169932597	22.252360802474556
17	22.34787173369487	27.33312020081819	27.45830266264346	22.860705402843475
18	22.173064939171233	27.87532292553635	27.55947998368044	22.392132151611975
19	22.50319325122304	27.46101997245451	27.702628397639035	22.33315837868342
20	22.58890340698764	27.21264275408881	27.773140447578758	22.42531339134479
21	22.556271499406293	27.31887771780968	27.777120888090252	22.34772989469377
22	22.257641797129075	27.653245472245974	27.76032072527786	22.328792005347093
23	22.291360070301003	27.420679770462993	27.740534774645052	22.54742538459095
24	22.106079081720456	27.758555434790033	27.721417218218917	22.41394826527059
25	22.23902410818075	27.700786857309584	27.539833031258286	22.520356003251376
26	22.32723037162791	27.50384119021542	27.570060338626913	22.59886809952976
27	22.479462754087816	27.61617827990916	27.60281578102437	22.301543184978655
28	22.11916274955658	27.67668296835112	27.61458354460994	22.58957073748237
29	22.520518588540405	27.403033065075743	27.553769005810473	22.522679340573372
30	22.196140867039613	27.876254967099744	27.536160405403216	22.391443760457427
31	22.331444809289483	27.704230710421264	27.555178969378975	22.409145510910285
32	22.295798464228852	27.789588700836738	27.46153415645636	22.453078678478057
33	22.187676417554815	27.496182645605575	27.829489038097265	22.486651898742338
34	22.344638091681713	27.88695799706286	27.62868757588608	22.139716335369346
35	22.334985705599863	27.422865156033577	27.605199733532533	22.636949404834027
36	22.426590746944967	27.788534075986966	27.377560173014686	22.407315004053384
37	22.275858539612845	27.695699496796028	27.441669245482547	22.586772718108577
38	22.315107922691553	27.65504457280169	27.403723278938042	22.626124225568716
39	22.24695375931656	27.73522072660612	27.462119745414597	22.55570576866272
40	22.247846704860024	27.63266169813886	27.761095645814343	22.358395951186772
41	22.52821420699122	27.55748246704987	27.5352449429836	22.37905838297531
42	22.44826355119477	27.635646248149172	27.601469582627793	22.31462061802827
43	22.390317009523354	27.879532446435523	27.452091638924763	22.27805890511636
44	22.439477328522482	27.592093882234686	27.35351032377532	22.61491846546751
45	22.371543995217387	27.81689205780571	27.469665657806107	22.341898289170796
46	22.318421079404715	28.18995465735642	27.234830388814196	22.256793874424666
47	22.442557434370883	27.73420324789093	27.350338971964582	22.472900345773606
48	22.42369908063911	28.184730381627915	27.602050239749637	21.78952029798333
49	22.64852584037742	28.25569511434438	27.743702300781987	21.352076744496213
50	22.80217139512352	27.93567063810496	27.720699842857677	21.54145812391385
>>END_MODULE
>>Per base GC content	pass
#Base	%GC
1	45.469536140412345
2	44.99622398217183
3	45.036958952744065
4	45.096922544956136
5	45.41223301943854
6	44.706666771008166
7	44.90984207813376
8	45.037292440270114
9	44.897666198097774
10	44.81040027678724
11	45.328579227357594
12	44.56001124903041
13	44.669980719180614
14	44.730617884970414
15	44.58810621553756
16	44.419593488251515
17	45.208577136538345
18	44.56519709078321
19	44.83635162990646
20	45.01421679833243
21	44.90400139410007
22	44.586433802476165
23	44.838785454891955
24	44.52002734699104
25	44.75938011143213
26	44.926098471157665
27	44.78100593906647
28	44.70873348703895
29	45.043197929113774
30	44.58758462749704
31	44.74059032019977
32	44.7488771427069
33	44.67432831629715
34	44.48435442705106
35	44.97193511043389
36	44.83390575099835
37	44.86263125772142
38	44.94123214826027
39	44.80265952797928
40	44.606242656046796
41	44.90727258996653
42	44.762884169223035
43	44.66837591463972
44	45.05439579398999
45	44.71344228438818
46	44.57521495382938
47	44.915457780144486
48	44.21321937862244
49	44.00060258487363
50	44.34362951903737
>>END_MODULE
>>Per sequence GC content	pass
#GC Content	Count
0	7512.0
1	6192.0
2	4683.5
3	4895.5
4	5354.0
5	6016.5
6	6807.5
7	7757.0
8	8742.0
9	10528.0
10	12484.5
11	15790.0
12	19247.0
13	24596.5
14	30806.0
15	40473.5
16	51108.0
17	66055.0
18	82305.5
19	103172.5
20	124597.5
21	151153.0
22	178918.5
23	211934.5
24	246816.5
25	279678.0
26	318271.5
27	364737.0
28	414512.5
29	469006.5
30	525510.0
31	585664.0
32	647113.0
33	710054.5
34	774523.5
35	829326.5
36	878277.5
37	910934.0
38	935746.5
39	954479.0
40	970443.5
41	979086.0
42	985956.0
43	984601.0
44	979805.5
45	966862.0
46	952913.0
47	934172.0
48	914199.5
49	894430.5
50	872866.0
51	848289.0
52	821380.0
53	793351.0
54	764524.0
55	733316.5
56	701650.0
57	666622.0
58	629154.0
59	584451.0
60	538711.5
61	491054.5
62	443800.0
63	402831.5
64	354705.5
65	310898.0
66	269731.5
67	232125.5
68	194546.5
69	160730.5
70	132295.0
71	109096.0
72	88813.0
73	71538.0
74	56021.0
75	44910.0
76	36549.5
77	28642.0
78	21553.0
79	16719.5
80	12671.5
81	9710.5
82	7340.0
83	5712.5
84	4353.5
85	3491.5
86	2811.5
87	2388.0
88	2077.5
89	1877.0
90	1735.0
91	1659.5
92	1634.0
93	1618.5
94	1602.0
95	1658.0
96	1720.5
97	1972.0
98	2672.0
99	8409.0
100	13700.0
>>END_MODULE
>>Per base N content	pass
#Base	N-Count
1	0.012282782799895845
2	0.011730452095832008
3	0.02261268203899455
4	0.013242786166482994
5	0.008377015678301557
6	0.011855384040798828
7	0.015820329452114243
8	0.013906898084464514
9	0.015813754086589672
10	0.015629643851901725
11	0.01720773157779841
12	0.022448297900880307
13	0.023224191032779513
14	0.024131591475170105
15	0.030187503123298626
16	0.019482808049299458
17	0.04254261494396474
18	0.013071826662844186
19	0.02853708637663168
20	0.012973196179975643
21	0.035999529845086066
22	0.010081237476851775
23	0.018961264108973416
24	0.024776987224436407
25	0.023030824625785644
26	0.019200598435301076
27	0.03562063753998644
28	0.02962517032632657
29	0.02312543431470959
30	0.023725965435566883
31	0.031825900049674845
32	0.03678736571140156
33	0.022721505847615973
34	0.014228369204338164
35	0.01466052389805312
36	0.012645753087802606
37	0.01960774887246859
38	0.005498556835543333
39	0.008545559586195796
40	0.012678000303938924
41	0.01192547026893886
42	0.004679312187272089
43	0.007538578305629702
44	0.0014339107025399575
45	0.002861967520085922
46	0.007784870338980238
47	0.0023019258030461853
48	0.0013409261681262808
49	3.6221832533093985E-4
50	6.45589678025299E-4
>>END_MODULE
>>Sequence Length Distribution	warn
#Length	Count
20	30304.0
21	31026.0
22	31924.0
23	32482.0
24	33148.0
25	34239.0
26	35077.0
27	36706.0
28	37708.0
29	40096.0
30	41166.0
31	42155.0
32	42909.0
33	43348.0
34	44401.0
35	45897.0
36	45124.0
37	47671.0
38	49247.0
39	52862.0
40	54962.0
41	58855.0
42	63520.0
43	76365.0
44	110807.0
45	186063.0
46	436675.0
47	894889.0
48	1761667.0
49	2402541.0
50	8364446.0
>>END_MODULE
>>Sequence Duplication Levels	warn
#Total Duplicate Percentage	26.983533302493136
#Duplication Level	Relative count
1	100.0
2	17.809096301089184
3	6.452873935080341
4	3.0599590208131136
5	1.6755634638196917
6	1.0676156583629892
7	0.6773697832416694
8	0.5034778388870915
9	0.3956378733958805
10++	3.1583629893238436
>>END_MODULE
>>Overrepresented sequences	pass
>>END_MODULE
>>Kmer Content	warn
#Sequence	Count	Obs/Exp Overall	Obs/Exp Max	Max Obs/Exp Position
AAAAA	4530330	4.26749	5.3713174	46
GGGGG	1326290	3.5753984	4.7833858	46
TTTTT	3589285	3.3172832	4.173031	13
>>END_MODULE
