##FastQC	0.10.1
>>Basic Statistics	pass
#Measure	Value	
Filename	004-F5_S4_L001_R1_001.fastq.gz	
File type	Conventional base calls	
Encoding	Sanger / Illumina 1.9	
Total Sequences	15788274	
Filtered Sequences	0	
Sequence length	35-75	
%GC	46	
>>END_MODULE
>>Per base sequence quality	pass
#Base	Mean	Median	Lower Quartile	Upper Quartile	10th Percentile	90th Percentile
1	31.31290171427225	32.0	32.0	32.0	32.0	32.0
2	31.360022254490897	32.0	32.0	32.0	32.0	32.0
3	31.44276961496868	32.0	32.0	32.0	32.0	32.0
4	31.538519156685524	32.0	32.0	32.0	32.0	32.0
5	31.497729454150594	32.0	32.0	32.0	32.0	32.0
6	35.067193538698405	36.0	36.0	36.0	36.0	36.0
7	35.07678071713222	36.0	36.0	36.0	36.0	36.0
8	35.021157537549705	36.0	36.0	36.0	36.0	36.0
9	35.160080449579226	36.0	36.0	36.0	36.0	36.0
10	35.04574249218122	36.0	36.0	36.0	36.0	36.0
11	35.112169322625135	36.0	36.0	36.0	36.0	36.0
12	35.066802108957575	36.0	36.0	36.0	36.0	36.0
13	35.09312715246771	36.0	36.0	36.0	36.0	36.0
14	35.052972351505936	36.0	36.0	36.0	36.0	36.0
15	35.025106290909314	36.0	36.0	36.0	36.0	36.0
16	35.04498838821774	36.0	36.0	36.0	36.0	36.0
17	35.02905795782364	36.0	36.0	36.0	36.0	36.0
18	35.02318948860401	36.0	36.0	36.0	36.0	36.0
19	35.03280960287363	36.0	36.0	36.0	36.0	36.0
20	35.033521966999054	36.0	36.0	36.0	36.0	36.0
21	35.008126157425444	36.0	36.0	36.0	36.0	36.0
22	35.006311076182236	36.0	36.0	36.0	36.0	36.0
23	34.96936834260667	36.0	36.0	36.0	36.0	36.0
24	34.954543542885055	36.0	36.0	36.0	36.0	36.0
25	34.94928254982147	36.0	36.0	36.0	36.0	36.0
26	34.899101320384986	36.0	36.0	36.0	36.0	36.0
27	34.868663857746576	36.0	36.0	36.0	36.0	36.0
28	34.86478008932452	36.0	36.0	36.0	36.0	36.0
29	34.846149363761995	36.0	36.0	36.0	36.0	36.0
30	34.82871332230489	36.0	36.0	36.0	36.0	36.0
31	34.79371392971771	36.0	36.0	36.0	32.0	36.0
32	34.75982225796183	36.0	36.0	36.0	32.0	36.0
33	34.740723906869114	36.0	36.0	36.0	32.0	36.0
34	34.74320701553571	36.0	36.0	36.0	32.0	36.0
35	34.73334437950596	36.0	36.0	36.0	32.0	36.0
36	34.775291108384586	36.0	36.0	36.0	32.0	36.0
37	34.75925109421066	36.0	36.0	36.0	32.0	36.0
38	34.753326512654205	36.0	36.0	36.0	32.0	36.0
39	34.748498598267005	36.0	36.0	36.0	32.0	36.0
40	34.75056535600954	36.0	36.0	36.0	32.0	36.0
41	34.74989695658429	36.0	36.0	36.0	32.0	36.0
42	34.736077332187456	36.0	36.0	36.0	32.0	36.0
43	34.71950912289276	36.0	36.0	36.0	32.0	36.0
44	34.70780782292311	36.0	36.0	36.0	32.0	36.0
45	34.69780226318949	36.0	36.0	36.0	32.0	36.0
46	34.68433048304492	36.0	36.0	36.0	32.0	36.0
47	34.680156491904235	36.0	36.0	36.0	32.0	36.0
48	34.656239282382835	36.0	36.0	36.0	32.0	36.0
49	34.63588198777031	36.0	36.0	36.0	32.0	36.0
50	34.61613351959032	36.0	36.0	36.0	32.0	36.0
51	34.60235573235618	36.0	36.0	36.0	32.0	36.0
52	34.58965587293553	36.0	36.0	36.0	32.0	36.0
53	34.55806441677387	36.0	36.0	36.0	32.0	36.0
54	34.53613167614541	36.0	36.0	36.0	32.0	36.0
55	34.511256455840666	36.0	36.0	36.0	32.0	36.0
56	34.49508802693224	36.0	36.0	36.0	32.0	36.0
57	34.474614916238124	36.0	36.0	36.0	32.0	36.0
58	34.44235318835733	36.0	36.0	36.0	32.0	36.0
59	34.429191704069375	36.0	36.0	36.0	32.0	36.0
60	34.406998522962525	36.0	36.0	36.0	32.0	36.0
61	34.377009432209555	36.0	36.0	36.0	32.0	36.0
62	34.34431496938077	36.0	36.0	36.0	32.0	36.0
63	34.3173293495158	36.0	36.0	36.0	32.0	36.0
64	34.29637499575396	36.0	36.0	36.0	32.0	36.0
65	34.258608982145496	36.0	36.0	36.0	32.0	36.0
66	34.22215416587174	36.0	36.0	36.0	32.0	36.0
67	34.202742593540435	36.0	36.0	36.0	32.0	36.0
68	34.16542309226384	36.0	36.0	36.0	32.0	36.0
69	34.14489106560848	36.0	36.0	36.0	32.0	36.0
70	34.119815193696056	36.0	36.0	36.0	32.0	36.0
71	34.06542226909979	36.0	36.0	36.0	32.0	36.0
72	34.05176336634096	36.0	36.0	36.0	32.0	36.0
73	34.025432445040686	36.0	36.0	36.0	32.0	36.0
74	33.968597196387165	36.0	36.0	36.0	32.0	36.0
75	33.19183731870924	36.0	36.0	36.0	21.0	36.0
>>END_MODULE
>>Per sequence quality scores	pass
#Quality	Count
2	28433.0
3	0.0
4	0.0
5	0.0
6	0.0
7	0.0
8	0.0
9	0.0
10	0.0
11	0.0
12	0.0
13	0.0
14	0.0
15	0.0
16	0.0
17	5.0
18	64.0
19	602.0
20	2563.0
21	6954.0
22	13265.0
23	22160.0
24	36667.0
25	58800.0
26	92228.0
27	137951.0
28	197056.0
29	269615.0
30	357042.0
31	472439.0
32	648359.0
33	1010250.0
34	2298015.0
35	1.0135806E7
>>END_MODULE
>>Per base sequence content	fail
#Base	G	A	T	C
1	42.251384702794546	18.393987786048545	12.335776237840761	27.018851273316148
2	15.906799986243502	19.864185048743558	36.299924884957484	27.929090080055452
3	18.75349979825299	21.43053256198018	28.29389034924663	31.5220772905202
4	13.045423491264918	15.412782400533102	35.270387562920206	36.27140654528177
5	14.82403915115641	35.07869146649386	34.06783101428498	16.029438368064756
6	34.56152072267555	34.95812133598973	16.242868709109583	14.237489232225128
7	30.530933189913906	29.377964339222817	20.396373414038067	19.69472905682521
8	26.378413335515248	34.99482006195367	19.690934699150837	18.935831903380244
9	24.73831550168096	15.757659249239916	19.724047281994732	39.77997796708439
10	14.301045296078813	27.588533412234302	34.614543382766364	23.49587790892053
11	34.63156134764272	22.547257058537806	23.465104127174083	19.356077466645388
12	22.49887260074305	24.062434346085908	30.65742970228601	22.781263350885038
13	27.80508988757343	20.530409082654486	26.018544146314564	25.645956883457515
14	20.482540220779953	20.608125857722236	27.050785785878517	31.85854813561929
15	22.788612213632735	29.447731422517702	23.092384487347328	24.67127187650224
16	22.806941845970616	28.404448410939615	25.559599956471484	23.22900978661828
17	21.780773771803304	28.091587466293007	27.323521351375035	22.804117410528658
18	22.217558441769402	27.71057809494023	27.879032575840206	22.19283088745016
19	22.75192890686088	27.07189854105688	27.427968303978854	22.74820424810339
20	22.73346772174834	27.060111393609215	27.62385617931101	22.582564705331436
21	22.53864208027157	26.650451175637908	27.315306189592054	23.495600554498473
22	22.503945312646238	26.8314572463009	27.538977074705258	23.125620366347604
23	22.417890169460208	26.816637209874283	27.446156380351383	23.319316240314127
24	22.626687667724564	26.55371967267944	27.72854116992678	23.09105148966922
25	22.747721523477225	26.571744765451104	27.347441709624693	23.333092001446975
26	22.240617782882456	27.054682848640415	27.548323615701452	23.15637575277568
27	22.379337456513678	26.981185914248755	27.431222180477583	23.208254448759984
28	22.33188773922275	26.924770370462493	27.411221978698897	23.33211991161586
29	22.32284016153468	26.966511580450458	27.47177064532905	23.23887761268582
30	22.378917748607353	26.980744138808042	27.505156975811946	23.135181136772662
31	22.865782719508402	26.845879980641936	27.19769825088971	23.09063904895995
32	22.18309182180201	27.155362798393718	27.58723898293136	23.074306396872913
33	22.3296605593927	26.971376170609844	27.66314076392014	23.035822506077313
34	22.36087914846349	26.759508550879413	27.820642352927294	23.0589699477298
35	22.283790117880027	27.032582887754486	27.607563453860596	23.076063540504894
36	22.40874870569818	27.283844294189315	27.581416251275254	22.725990748837255
37	22.552172330362392	26.943123161169385	27.211826931436246	23.292877577031973
38	22.393014911964247	27.428928459856294	27.288220139963897	22.889836488215558
39	22.663919559650832	27.01192291672586	27.45829489180033	22.865862631822978
40	22.736960385559115	26.801322903398233	27.465332731205557	22.9963839798371
41	22.738557964572486	26.943202060408357	27.458470245431144	22.859769729588013
42	22.49612973085858	27.17488139662907	27.47438098087425	22.854607891638096
43	22.55703622413938	26.96243594665902	27.433616805756117	23.04691102344548
44	22.41424096402869	27.284930220709235	27.399452798054032	22.901376017208047
45	22.54310436604404	27.224614220000625	27.24057373724742	22.99170767670791
46	22.596272170849705	27.08703962147998	27.26030664505046	23.05638156261986
47	22.625561270320965	27.206547801125303	27.31842555862164	22.849465369932094
48	22.405095934995774	27.222114706579525	27.302167638375707	23.070621720048994
49	22.750335412455758	26.94109940525859	27.304098943332328	23.004466238953324
50	22.512530877950176	27.3553903672179	27.23298765207238	22.89909110275954
51	22.616049101535047	27.21670660286178	27.269299927812956	22.89794436779022
52	22.597405755247653	27.27367029693949	27.165355617401516	22.963568330411345
53	22.514107429443193	27.03816394697402	27.43792305086145	23.009805572721334
54	22.64500870732653	27.405018256046983	27.26438949527732	22.68558354134917
55	22.623143636936305	27.004536055845414	27.252707861925728	23.119612445292557
56	22.706060169695775	27.3345593082377	27.03968562314998	22.91969489891655
57	22.56991667626689	27.21092651436142	27.137635619971235	23.081521189400455
58	22.591297051433525	27.115156125022356	27.13746302407084	23.15608379947328
59	22.525152118561774	27.21602356423768	27.20455864808163	23.054265669118916
60	22.564572469672626	27.185658532780003	27.38390148908687	22.8658675084605
61	22.81800952778813	27.12164978290776	27.154451223244706	22.905889466059403
62	22.73577913237753	27.22001639427387	27.21443401809808	22.829770455250518
63	22.71021930004735	27.388175731919045	27.102274078574407	22.7993308894592
64	22.750565782931773	27.125876947441498	27.034921819609707	23.088635450017023
65	22.635543942596556	27.325094586271774	27.153535867251712	22.885825603879955
66	22.65062658860291	27.60082785119963	26.913804799222724	22.834740760974736
67	22.786735583471348	27.13032495962388	27.034457602417874	23.048481854486898
68	22.74961886649733	27.47175729495651	27.222025874810328	22.556597963735832
69	22.998703058439087	27.29039430410083	27.128271425367455	22.582631212092625
70	23.134420951750243	27.101110436152958	27.02161750785747	22.742851104239328
71	22.854311763656078	27.512975105650767	26.95367112032284	22.679042010370313
72	22.795233758883196	27.656335574530356	27.178058709790232	22.370371956796216
73	23.576154803868445	28.263208487935422	27.144146124751295	21.01649058344484
74	24.698905675459002	30.58440401045564	27.414835921986292	17.301854392099067
75	30.16964849088744	41.08230706617956	28.748044442933	0.0
>>END_MODULE
>>Per base GC content	fail
#Base	%GC
1	69.2702359761107
2	43.83589006629896
3	50.27557708877319
4	49.31683003654669
5	30.85347751922117
6	48.79900995490068
7	50.22566224673911
8	45.314245238895495
9	64.51829346876535
10	37.79692320499934
11	53.98763881428811
12	45.28013595162809
13	53.45104677103095
14	52.34108835639925
15	47.45988409013497
16	46.0359516325889
17	44.58489118233196
18	44.41038932921956
19	45.50013315496427
20	45.316032427079776
21	46.03424263477004
22	45.62956567899384
23	45.73720640977433
24	45.71773915739378
25	46.0808135249242
26	45.39699353565813
27	45.58759190527366
28	45.66400765083861
29	45.5617177742205
30	45.514098885380015
31	45.956421768468346
32	45.25739821867492
33	45.365483065470016
34	45.419849096193296
35	45.35985365838492
36	45.134739454535435
37	45.84504990739437
38	45.28285140017981
39	45.529782191473814
40	45.73334436539621
41	45.5983276941605
42	45.35073762249667
43	45.60394724758486
44	45.31561698123674
45	45.53481204275195
46	45.65265373346956
47	45.475026640253056
48	45.47571765504477
49	45.75480165140908
50	45.41162198070972
51	45.513993469325264
52	45.560974085659
53	45.52391300216453
54	45.3305922486757
55	45.742756082228865
56	45.62575506861232
57	45.65143786566735
58	45.74738085090681
59	45.57941778768069
60	45.43043997813313
61	45.723898993847534
62	45.56554958762805
63	45.50955018950655
64	45.839201232948795
65	45.52136954647651
66	45.48536734957765
67	45.83521743795825
68	45.30621683023316
69	45.58133427053171
70	45.87727205598957
71	45.533353774026395
72	45.16560571567941
73	44.59264538731328
74	42.00076006755807
75	30.16964849088744
>>END_MODULE
>>Per sequence GC content	warn
#GC Content	Count
0	28441.0
1	14225.0
2	17.5
3	40.0
4	53.0
5	82.5
6	155.5
7	271.0
8	353.5
9	474.5
10	844.0
11	1486.5
12	1897.0
13	2566.5
14	4219.0
15	6756.0
16	8758.5
17	12320.5
18	19894.0
19	29425.0
20	36060.5
21	46842.0
22	66725.0
23	88874.5
24	104380.0
25	124371.5
26	157972.0
27	192691.5
28	216750.5
29	246626.5
30	293311.0
31	340747.0
32	374739.0
33	413814.0
34	477882.5
35	541580.0
36	581035.5
37	618990.5
38	659871.0
39	684498.0
40	700732.5
41	706897.5
42	707226.5
43	705682.5
44	708095.5
45	706361.0
46	694104.0
47	678819.0
48	672061.0
49	661600.5
50	639114.5
51	618266.5
52	605993.0
53	594452.5
54	574492.5
55	552316.5
56	537738.5
57	522435.5
58	495246.5
59	460249.0
60	428138.0
61	391513.5
62	346606.5
63	303706.5
64	269503.0
65	240015.5
66	200801.0
67	161821.0
68	134590.0
69	113946.0
70	90474.5
71	68190.5
72	53114.5
73	42793.0
74	32005.0
75	22722.5
76	16700.0
77	12892.5
78	9166.5
79	6072.5
80	4194.5
81	3105.0
82	2098.0
83	1301.5
84	943.0
85	771.0
86	561.0
87	401.0
88	333.0
89	268.0
90	195.0
91	152.0
92	133.5
93	189.0
94	193.0
95	101.5
96	63.0
97	46.5
98	25.0
99	35.5
100	52.0
>>END_MODULE
>>Per base N content	pass
#Base	N-Count
1	0.18212883814912256
2	0.18018435707411715
3	0.18011468511377496
4	0.1800893498554687
5	0.1800893498554687
6	0.19386539655949725
7	0.1801210189283515
8	0.1800893498554687
9	0.18447234954245156
10	0.1800893498554687
11	0.18025402903445936
12	0.18083673997550334
13	0.18036170388226097
14	0.1805770535778642
15	0.18014635418665778
16	0.18044404347175633
17	0.18091274575042213
18	0.18068472842566577
19	0.1801400203720812
20	0.18040604058429693
21	0.18017802325954058
22	0.1800893498554687
23	0.18031103336564847
24	0.1800893498554687
25	0.18058338739244073
26	0.1800893498554687
27	0.1800893498554687
28	0.1800893498554687
29	0.1801210189283515
30	0.18084940760465648
31	0.1800893498554687
32	0.1800893498554687
33	0.1800893498554687
34	0.1800893498554687
35	0.18011468511377496
36	0.0
37	0.0
38	0.0
39	0.0
40	0.0
41	0.0
42	0.0
43	0.0
44	0.0
45	0.0
46	0.0
47	0.0
48	0.0
49	0.0
50	0.0
51	0.0
52	0.0
53	0.0
54	0.0
55	0.0
56	0.0
57	0.0
58	0.0
59	0.0
60	0.0
61	0.0
62	0.0
63	0.0
64	0.0
65	0.0
66	0.0
67	0.0
68	0.0
69	5.529190914184677E-5
70	0.0
71	0.0
72	0.0
73	0.0
74	0.0
75	0.0
>>END_MODULE
>>Sequence Length Distribution	warn
#Length	Count
35	38470.0
36	14260.0
37	18634.0
38	19912.0
39	21477.0
40	21925.0
41	24192.0
42	25417.0
43	28019.0
44	30385.0
45	32533.0
46	33655.0
47	34614.0
48	35395.0
49	36361.0
50	36478.0
51	37605.0
52	39252.0
53	40897.0
54	42613.0
55	44277.0
56	45445.0
57	46268.0
58	46622.0
59	46757.0
60	48075.0
61	48429.0
62	49763.0
63	51513.0
64	53188.0
65	56014.0
66	55094.0
67	58329.0
68	57743.0
69	66124.0
70	74910.0
71	133131.0
72	394016.0
73	1064772.0
74	3237777.0
75	9497933.0
>>END_MODULE
>>Sequence Duplication Levels	warn
#Total Duplicate Percentage	30.204348874875084
#Duplication Level	Relative count
1	100.0
2	20.900280720563135
3	8.017463922470341
4	3.8517964705384475
5	2.070137821100594
6	1.337301979150503
7	0.8083059430941331
8	0.6044661372004119
9	0.41614354836434425
10++	3.059713072550043
>>END_MODULE
>>Overrepresented sequences	warn
#Sequence	Count	Percentage	Possible Source
NNNNNNNNNNNNNNNNNNNNNNNNNNNNNNNNNNN	28433	0.1800893498554687	No Hit
>>END_MODULE
>>Kmer Content	warn
#Sequence	Count	Obs/Exp Overall	Obs/Exp Max	Max Obs/Exp Position
AAAAA	5086530	3.3792317	7.525179	71
TTTTT	4965045	3.183159	5.6940184	71
CCTGG	2488750	2.9901597	11.638877	3
CCAGG	2415290	2.9226356	12.972606	3
CAGCA	2654340	2.7558014	7.3271356	4
CCCAG	2270365	2.7294655	11.267798	2
TGCTG	2577180	2.6550648	6.82874	2
CTGGG	2185235	2.64262	9.709793	4
CCAGC	2133350	2.5647442	6.6849394	3
GGAGG	2053765	2.5176945	5.6157413	6
GCTGG	2048430	2.477181	5.7951555	3
TCCAG	2391255	2.4650464	9.90273	2
AGCAG	2336945	2.4420993	5.617004	7
CTGCT	2348040	2.4033244	6.6877155	9
AGGAG	2265665	2.3830547	7.3013096	5
CAGGA	2253000	2.3543773	10.384616	4
CTGGA	2250675	2.3352609	8.906785	4
GCTGC	1941565	2.3327332	5.71944	8
CTCCT	2292985	2.3317647	6.5650516	1
CTCCA	2276180	2.3312151	7.2504196	1
AGAAG	2560055	2.3103278	5.039753	5
CAGCC	1919035	2.3070915	5.4933276	9
TCCTG	2214855	2.2670038	9.186228	2
GGCTG	1858900	2.2479808	8.144082	7
CAGAG	2135250	2.2313287	7.923548	4
GGCAG	1816595	2.2125187	6.2003407	7
CCTGC	1831585	2.1863353	6.3662906	3
GCAGG	1785580	2.174744	6.330912	3
CTGCA	2107565	2.172602	6.527407	4
CTCTG	2112720	2.162464	7.273928	2
TGCAG	2084000	2.1623218	6.562842	2
CCCTG	1799795	2.148388	8.757553	2
CTGCC	1799450	2.1479762	5.7062383	9
TGGAG	2053215	2.144275	6.506687	5
CACAG	2051975	2.1304114	7.8128476	7
CAGGG	1718700	2.0932877	9.093212	4
AGCTG	2010325	2.0858777	6.0521836	7
CTGTG	1993850	2.054106	9.112003	9
GCCTG	1708005	2.0521178	6.6214395	7
GGAGA	1932890	2.0330377	5.6844697	6
GCCAG	1664700	2.0143797	5.2276173	2
CAGAA	2238635	2.00717	5.610327	4
CTGGC	1653270	1.9863552	5.142958	4
CAGGC	1634745	1.9781326	5.864558	4
CTCAG	1898320	1.9569	6.1881413	2
CCCCA	1615455	1.9295381	6.6770115	1
GGGAG	1569475	1.9240072	5.1904535	7
CTGAG	1853070	1.9227129	5.7669964	4
TTCTG	2184500	1.9172387	5.1998916	2
CCAGA	1840545	1.9108994	7.0036745	3
CCTCT	1818275	1.8490262	5.329751	1
GGCCA	1518330	1.837264	5.772229	1
TCTGG	1782775	1.8366522	6.163387	3
CAGTG	1769785	1.8362978	6.4736977	9
AGAGG	1745790	1.8362435	5.1945286	5
TGGGG	1481110	1.8027991	5.5230975	5
CACTG	1747840	1.8017762	7.600572	7
ACCTG	1742355	1.796122	5.267066	7
GAGAG	1666885	1.7532504	5.6297445	7
TGGCC	1451065	1.7434119	5.252789	5
ACAGA	1915270	1.7172394	6.1530213	8
CCTGA	1664240	1.7155966	5.640198	3
ACACA	1873635	1.6690233	6.9429164	6
TCAGG	1607510	1.6679242	5.790932	3
GCCCA	1385025	1.665097	7.0379677	1
CACAC	1590505	1.6406012	7.173071	5
GTGTG	1562565	1.6202868	6.502531	9
AGGTG	1536715	1.6048683	5.0699706	7
CCTGT	1555960	1.5925952	5.298423	8
ACAGG	1512180	1.5802228	5.09723	8
TGTGT	1786745	1.5783747	6.180058	10
TGGGC	1301655	1.5741006	5.9631796	5
ACAGC	1507540	1.5651654	6.1964073	8
GCTGT	1479555	1.5242686	5.50817	8
GACAG	1405310	1.468544	7.218111	7
CTGTC	1427475	1.4610848	5.785732	9
AGACA	1574845	1.4120129	5.6963763	6
GGGCT	1163170	1.4066296	5.8332825	6
GCCCT	1178105	1.4062861	5.4911556	1
AGGGC	1107475	1.348847	5.5193887	5
GTCCT	1296255	1.3267752	8.653475	1
GGACA	1267495	1.324528	6.4772577	6
AGGAC	1231145	1.2865423	9.271214	5
GCACA	1230500	1.2775356	5.0341334	6
GTGCT	1232280	1.2695206	5.749517	1
TGTGC	1206500	1.2429615	6.1133356	10
AGCAC	1192685	1.238275	5.981697	5
ACTGC	1189005	1.2256962	5.1985993	8
GTCCA	1175720	1.2120012	6.7540894	1
TGGAC	1087175	1.1280336	6.038008	5
GTGCA	1055320	1.0949816	5.621308	1
ACAGT	1225480	1.0909752	5.6490808	8
ACTGT	1208700	1.0684026	6.4113746	8
GACTG	1023745	1.0622197	6.254697	7
TGCAC	1027565	1.0592744	5.3579316	5
GGACC	843710	1.0209361	5.4744577	6
AGACT	1115205	0.99280363	5.203583	6
ACACT	1103140	0.9756989	5.207012	6
GGACT	924055	0.95878327	5.432886	6
CTACA	1072980	0.9490231	5.138282	4
TGTAG	1062780	0.9455471	5.583925	2
TAGGA	906965	0.8126857	5.677497	4
TCCTA	904435	0.794274	5.253298	2
GTGTA	760035	0.6761973	5.595511	1
>>END_MODULE
