##FastQC	0.10.1
>>Basic Statistics	pass
#Measure	Value	
Filename	005-F0_S3_L003_R2_001.fastq.gz	
File type	Conventional base calls	
Encoding	Sanger / Illumina 1.9	
Total Sequences	21471740	
Filtered Sequences	0	
Sequence length	35-75	
%GC	46	
>>END_MODULE
>>Per base sequence quality	pass
#Base	Mean	Median	Lower Quartile	Upper Quartile	10th Percentile	90th Percentile
1	31.37403754888984	32.0	32.0	32.0	32.0	32.0
2	31.13475046735849	32.0	32.0	32.0	32.0	32.0
3	31.185589430572463	32.0	32.0	32.0	32.0	32.0
4	31.240858495864796	32.0	32.0	32.0	32.0	32.0
5	31.19079171040633	32.0	32.0	32.0	32.0	32.0
6	34.85485982971105	36.0	36.0	36.0	36.0	36.0
7	34.84695390313035	36.0	36.0	36.0	36.0	36.0
8	34.78017771265859	36.0	36.0	36.0	32.0	36.0
9	34.924875766938314	36.0	36.0	36.0	36.0	36.0
10	34.75283214122377	36.0	36.0	36.0	32.0	36.0
11	34.882631449523885	36.0	36.0	36.0	36.0	36.0
12	34.78404889403467	36.0	36.0	36.0	32.0	36.0
13	34.82475844994397	36.0	36.0	36.0	36.0	36.0
14	34.77956961103292	36.0	36.0	36.0	32.0	36.0
15	34.73129588007306	36.0	36.0	36.0	32.0	36.0
16	34.73610997525119	36.0	36.0	36.0	32.0	36.0
17	34.72336694650736	36.0	36.0	36.0	32.0	36.0
18	34.71424546869513	36.0	36.0	36.0	32.0	36.0
19	34.69819865553514	36.0	36.0	36.0	32.0	36.0
20	34.68475284257354	36.0	36.0	36.0	32.0	36.0
21	34.665430095558165	36.0	36.0	36.0	32.0	36.0
22	34.663932266318426	36.0	36.0	36.0	32.0	36.0
23	34.63680256001609	36.0	36.0	36.0	32.0	36.0
24	34.63021231628177	36.0	36.0	36.0	32.0	36.0
25	34.61848648502637	36.0	36.0	36.0	32.0	36.0
26	34.59704602421601	36.0	36.0	36.0	32.0	36.0
27	34.592064266799056	36.0	36.0	36.0	32.0	36.0
28	34.57830473915947	36.0	36.0	36.0	32.0	36.0
29	34.561729603655785	36.0	36.0	36.0	32.0	36.0
30	34.54476809983728	36.0	36.0	36.0	32.0	36.0
31	34.53476606926127	36.0	36.0	36.0	32.0	36.0
32	34.520096973976024	36.0	36.0	36.0	32.0	36.0
33	34.50898874520649	36.0	36.0	36.0	32.0	36.0
34	34.51035728823095	36.0	36.0	36.0	32.0	36.0
35	34.47764149528636	36.0	36.0	36.0	32.0	36.0
36	34.51892133443559	36.0	36.0	36.0	32.0	36.0
37	34.514934245913416	36.0	36.0	36.0	32.0	36.0
38	34.49529183722261	36.0	36.0	36.0	32.0	36.0
39	34.487223694498226	36.0	36.0	36.0	32.0	36.0
40	34.480765716852225	36.0	36.0	36.0	32.0	36.0
41	34.458852699709176	36.0	36.0	36.0	32.0	36.0
42	34.44702619840501	36.0	36.0	36.0	32.0	36.0
43	34.43317038844481	36.0	36.0	36.0	32.0	36.0
44	34.40793777142002	36.0	36.0	36.0	32.0	36.0
45	34.39270377462775	36.0	36.0	36.0	32.0	36.0
46	34.35893865742739	36.0	36.0	36.0	32.0	36.0
47	34.342653762122964	36.0	36.0	36.0	32.0	36.0
48	34.32129760029468	36.0	36.0	36.0	32.0	36.0
49	34.300225841219266	36.0	36.0	36.0	32.0	36.0
50	34.26801319224063	36.0	36.0	36.0	32.0	36.0
51	34.24358111719175	36.0	36.0	36.0	32.0	36.0
52	34.228976729534146	36.0	36.0	36.0	32.0	36.0
53	34.19877146157737	36.0	36.0	36.0	32.0	36.0
54	34.172985924311966	36.0	36.0	36.0	32.0	36.0
55	34.14335626059355	36.0	36.0	36.0	32.0	36.0
56	34.13233188185156	36.0	36.0	36.0	32.0	36.0
57	34.09371027534674	36.0	36.0	36.0	32.0	36.0
58	34.0539606458927	36.0	36.0	36.0	32.0	36.0
59	34.02518351723958	36.0	36.0	36.0	32.0	36.0
60	34.00174901883316	36.0	36.0	36.0	32.0	36.0
61	33.96033608471785	36.0	36.0	36.0	32.0	36.0
62	33.93622888521995	36.0	36.0	36.0	32.0	36.0
63	33.90589519815155	36.0	36.0	36.0	32.0	36.0
64	33.876673801910805	36.0	36.0	36.0	32.0	36.0
65	33.854408566702034	36.0	36.0	36.0	32.0	36.0
66	33.82577391547256	36.0	36.0	36.0	32.0	36.0
67	33.793583584278934	36.0	36.0	36.0	27.0	36.0
68	33.758181441158264	36.0	36.0	36.0	27.0	36.0
69	33.75241235773662	36.0	36.0	36.0	27.0	36.0
70	33.71647480552753	36.0	36.0	36.0	27.0	36.0
71	33.68662370479358	36.0	36.0	36.0	27.0	36.0
72	33.66903812611231	36.0	36.0	36.0	27.0	36.0
73	33.64014481466208	36.0	36.0	36.0	27.0	36.0
74	33.572030536994895	36.0	36.0	36.0	27.0	36.0
75	32.36751715690718	36.0	32.0	36.0	14.0	36.0
>>END_MODULE
>>Per sequence quality scores	pass
#Quality	Count
2	40678.0
3	137.0
4	1088.0
5	739.0
6	329.0
7	191.0
8	80.0
9	68.0
10	79.0
11	66.0
12	98.0
13	126.0
14	1092.0
15	3494.0
16	5823.0
17	8410.0
18	11293.0
19	15773.0
20	22461.0
21	31443.0
22	45585.0
23	65993.0
24	96703.0
25	137131.0
26	190173.0
27	253905.0
28	331291.0
29	425265.0
30	542502.0
31	701438.0
32	964140.0
33	1498711.0
34	3336203.0
35	1.2739232E7
>>END_MODULE
>>Per base sequence content	fail
#Base	G	A	T	C
1	44.05240967805237	17.7570276200114	11.989979692918094	26.200583009018136
2	16.870550977626454	18.94381605314556	37.049633242500654	27.135999726727327
3	20.06263087567504	20.61485413130842	28.351140544353214	30.971374448663326
4	13.756239944998988	14.516470113823615	35.733426320657514	35.99386362051989
5	15.594014394113003	34.14199834055148	34.64311800866551	15.620869256670003
6	34.86649903463117	34.43161293751492	16.33990054160232	14.361987486251596
7	30.686922257405914	29.292694231893908	20.438050893634628	19.582332617065546
8	26.799039622478976	34.32563819925295	19.879881880956454	18.995440297311617
9	25.09768887916594	15.66472023107102	19.89705102221001	39.340539867553034
10	14.620006827153778	27.159934360392988	34.617659555553686	23.60239925689954
11	34.810886578147404	22.512415922639985	23.388979757686215	19.287717741526393
12	22.69888761844281	23.964203381072828	30.577400243576573	22.75950875690779
13	27.940432668314163	20.426535232737418	25.950872627071035	25.68215947187738
14	20.806979168295246	20.428791542710094	26.997313460767963	31.7669158282267
15	23.133921258992928	29.04388133420268	23.101897049399838	24.720300357404554
16	23.092170382551817	28.252410097968284	25.295230496544097	23.360189022935803
17	22.060408242965863	27.84694291007172	27.21720423563721	22.875444611325207
18	22.48980109986171	27.500981269307434	27.712132689079276	22.297084941751574
19	22.98341579658851	26.926927436146887	27.338283073256914	22.75137369400769
20	22.97886095295149	26.83494034421593	27.479827754357256	22.706370948475328
21	22.848678952944656	26.51913749038513	27.188161025827373	23.444022530842833
22	22.752509807389888	26.536931348154113	27.44711500204537	23.263443842410627
23	22.740130938124796	26.61991287407009	27.288861877052355	23.35109431075276
24	22.93125571867812	26.324092632515217	27.527491780016472	23.21715986879019
25	23.065165357248617	26.340032068238	27.144879034695162	23.44992353981822
26	22.595716436243503	26.75077785407909	27.352846689456868	23.300659020220543
27	22.658093946613256	26.73276827496178	27.28929033065039	23.31984744777457
28	22.719023395938695	26.658319264380626	27.266050414488802	23.35660692519188
29	22.615930902971346	26.765063680223676	27.368601312773343	23.25040410403163
30	22.711854091114688	26.781725273275313	27.298355767095	23.208064868514995
31	23.16923621905575	26.70958290152236	26.99908313336431	23.12209774605758
32	22.50259378428051	26.90959301822209	27.400042165184562	23.187771032312842
33	22.69040986862713	26.71293186574047	27.46569235392929	23.130965911703118
34	22.703473722870882	26.462754096680413	27.62538507346658	23.20838710698213
35	22.654721334549485	26.759825395994145	27.41530920649572	23.17014406296065
36	22.81027771281091	27.056646583809624	27.272220350014088	22.860855353365377
37	22.935080110561415	26.718262055568932	27.05993928760893	23.286718546260722
38	22.77950338463543	27.14466007822418	27.101296835203954	22.974539701936436
39	22.95454582726641	26.856536402111814	27.25394852595783	22.934969244663943
40	23.005285410228478	26.657764350163976	27.218044393053887	23.118905846553663
41	22.99313587516041	26.81941977590513	27.223232460128134	22.964211888806325
42	22.843962803096044	26.95942933382257	27.265525267163838	22.93108259591755
43	22.9356506243061	26.737645292305373	27.13854951665484	23.18815456673369
44	22.77432327919567	27.04307752253768	27.184621833359902	22.99797736490675
45	22.888334886200536	26.992504682502787	27.031953472861364	23.087206958435317
46	22.995863611210382	26.984299254414047	26.948462441834554	23.07137469254102
47	22.945700551591315	27.077961897229187	27.088640189383266	22.887697361796228
48	22.76075559772976	27.065372707333594	27.05445479440774	23.119416900528904
49	23.02214992595163	26.850643180866907	27.099272012945303	23.02793488023616
50	22.891068559041575	27.11691224870812	27.028527137500003	22.963492054750304
51	22.993836754726036	27.036847689122677	26.99521977507868	22.974095781072602
52	22.970139047404313	27.08091428498812	26.933588404241114	23.015358263366455
53	22.852697277690755	26.942344215993046	27.156000535190618	23.048957971125578
54	23.020169533541928	27.221906790292316	26.98941283076402	22.76851084540173
55	23.01412111481913	26.915636516475733	26.93945366140168	23.13078870730346
56	23.084094277149163	27.18615232281242	26.815490559854354	22.91426284018407
57	22.885893763497844	27.08017759499616	26.94326080415254	23.090667837353447
58	22.907738569829462	26.946641388004128	26.969702675619327	23.17591736654708
59	22.846464906969395	27.085456360708505	26.98332473257665	23.08475399974545
60	22.952791944811672	27.05837343497688	27.08439718773632	22.904437432475124
61	23.1794710047592	27.037739318182393	26.87597793695453	22.906811740103876
62	23.050640095154346	27.177356233038253	26.91779194742128	22.854211724386126
63	23.024814039175208	27.29820272551914	26.819019688607625	22.857963546698027
64	23.101804356948772	26.983133756777377	26.789958471972575	23.12510341430127
65	22.938995181801143	27.159223167469715	26.936245862680604	22.965535788048538
66	23.026600107098798	27.320481107233697	26.68069129279097	22.972227492876534
67	23.04797051900338	27.081484283893293	26.816397726699314	23.05414747040401
68	23.065145230519335	27.347508986073287	26.921538578525517	22.66580720488186
69	23.323306542933462	27.198882194130885	26.79304630950953	22.68476495342612
70	23.434320546906154	27.03839937608763	26.721328564891543	22.80595151211467
71	23.206294976272215	27.402017157525698	26.643677078435324	22.74801078776676
72	23.160386586804243	27.528504074516174	26.903713260295696	22.407396078383883
73	23.90284040442097	28.149184271424193	26.879043321783602	21.068932002371234
74	25.11517261048992	30.45891515282038	26.969069224635195	17.456843012054506
75	30.7285008843049	40.96035887519419	28.311140240500915	0.0
>>END_MODULE
>>Per base GC content	fail
#Base	%GC
1	70.2529926870705
2	44.00655070435378
3	51.03400532433836
4	49.75010356551887
5	31.21488365078301
6	49.22848652088276
7	50.26925487447146
8	45.79447991979059
9	64.43822874671898
10	38.222406084053326
11	54.098604319673804
12	45.458396375350596
13	53.62259214019155
14	52.57389499652194
15	47.85422161639748
16	46.45235940548762
17	44.93585285429107
18	44.786886041613286
19	45.7347894905962
20	45.68523190142682
21	46.29270148378749
22	46.015953649800515
23	46.09122524887756
24	46.148415587468314
25	46.51508889706684
26	45.89637545646404
27	45.97794139438783
28	46.075630321130575
29	45.86633500700298
30	45.91991895962968
31	46.29133396511333
32	45.69036481659335
33	45.82137578033025
34	45.91186082985301
35	45.82486539751013
36	45.67113306617629
37	46.22179865682214
38	45.75404308657187
39	45.889515071930354
40	46.12419125678214
41	45.95734776396674
42	45.77504539901359
43	46.123805191039786
44	45.77230064410242
45	45.97554184463585
46	46.0672383037514
47	45.83339791338755
48	45.880172498258666
49	46.05008480618779
50	45.854560613791875
51	45.96793253579864
52	45.985497310770775
53	45.90165524881634
54	45.78868037894367
55	46.144909822122585
56	45.998357117333235
57	45.97656160085129
58	46.08365593637654
59	45.93121890671485
60	45.8572293772868
61	46.08628274486308
62	45.90485181954047
63	45.882777585873235
64	46.22690777125005
65	45.90453096984968
66	45.998827599975336
67	46.10211798940739
68	45.73095243540119
69	46.008071496359584
70	46.240272059020825
71	45.95430576403898
72	45.56778266518812
73	44.971772406792205
74	42.57201562254443
75	30.7285008843049
>>END_MODULE
>>Per sequence GC content	warn
#GC Content	Count
0	40754.0
1	20526.0
2	459.0
3	697.0
4	780.0
5	865.0
6	1023.5
7	1200.5
8	1312.0
9	1522.5
10	2138.5
11	3105.0
12	3700.0
13	4497.5
14	6448.0
15	9491.5
16	11976.5
17	16384.5
18	25476.5
19	37135.0
20	45602.5
21	58939.0
22	84102.0
23	113194.5
24	133431.0
25	159211.5
26	203300.0
27	249881.5
28	282378.0
29	322337.5
30	386584.5
31	451757.0
32	496760.5
33	548546.0
34	633883.5
35	716033.0
36	766608.5
37	817394.5
38	874302.0
39	913626.0
40	940252.0
41	951978.0
42	956684.5
43	958348.0
44	961366.0
45	958149.5
46	941543.0
47	921267.0
48	911729.5
49	894559.0
50	863581.0
51	835651.0
52	820502.0
53	807537.0
54	782968.0
55	758051.5
56	744381.0
57	727557.5
58	691944.5
59	645734.5
60	604844.0
61	556861.5
62	496797.5
63	437857.0
64	389674.0
65	347990.5
66	293239.5
67	238270.5
68	198621.0
69	168191.0
70	134334.5
71	102098.0
72	79818.0
73	65280.5
74	49866.5
75	35972.5
76	27088.0
77	21243.0
78	15226.5
79	10328.5
80	7435.5
81	5726.0
82	4082.0
83	2796.0
84	2179.5
85	1874.0
86	1603.5
87	1378.0
88	1247.0
89	1164.5
90	1050.5
91	926.5
92	858.5
93	860.5
94	879.0
95	901.0
96	911.0
97	949.5
98	1196.5
99	5569.5
100	9738.0
>>END_MODULE
>>Per base N content	pass
#Base	N-Count
1	0.20145083724001875
2	0.19837237224370266
3	0.19139576019456273
4	0.19030595564216032
5	0.19434382122734348
6	0.19127932808426332
7	0.1940830133002728
8	0.19483283609060095
9	0.19786007095838531
10	0.1984236023722344
11	0.20216805903946306
12	0.20292253911420316
13	0.20345812682158035
14	0.20745873413146768
15	0.20585662829374798
16	0.2072444990485168
17	0.20770557020530242
18	0.2114872851478269
19	0.2096942306492161
20	0.20910741281330714
21	0.21092375373397776
22	0.21095169744044964
23	0.21303350357260287
24	0.2208810278067823
25	0.21216259138756338
26	0.21632620365186986
27	0.21253517414052142
28	0.21568815568742916
29	0.2168617913592471
30	0.2159536208989118
31	0.21192972716696457
32	0.2164752367530531
33	0.21887839550963267
34	0.21555309443948184
35	0.21797022504929736
36	0.02432552236608053
37	0.02651099344024652
38	0.02527401628073341
39	0.021385348998120994
40	0.023606305003875196
41	0.026478054221943596
42	0.027620309858469676
43	0.02467386081350214
44	0.020795872784223127
45	0.026426307296646488
46	0.029675740608420022
47	0.033340714392414074
48	0.03396694792061777
49	0.03017679187416693
50	0.03058254335211964
51	0.024958035702758053
52	0.0266988747107662
53	0.02326437327848584
54	0.024440067171951744
55	0.023287306476147986
56	0.019290212703206515
57	0.02249511364014473
58	0.02275209118485155
59	0.01750184180076342
60	0.020800850514890154
61	0.019111033768721124
62	0.019079336035129044
63	0.016779543984583378
64	0.019863622160049207
65	0.01883188412472671
66	0.015542717300241114
67	0.018279014322533083
68	0.01564897729630282
69	0.01593746784119735
70	0.014663203484918718
71	0.015431751837171763
72	0.020906376486578535
73	0.026578791209682543
74	0.03225329127002964
75	0.049818945326051564
>>END_MODULE
>>Sequence Length Distribution	warn
#Length	Count
35	53906.0
36	19164.0
37	24940.0
38	27340.0
39	30051.0
40	30787.0
41	33075.0
42	35692.0
43	39506.0
44	43036.0
45	46311.0
46	47591.0
47	49347.0
48	51061.0
49	52200.0
50	52760.0
51	55071.0
52	57229.0
53	59882.0
54	63586.0
55	65476.0
56	67062.0
57	68542.0
58	68836.0
59	70502.0
60	71496.0
61	71287.0
62	73743.0
63	76114.0
64	79661.0
65	82999.0
66	81417.0
67	85004.0
68	85654.0
69	94545.0
70	107152.0
71	188097.0
72	545271.0
73	1430504.0
74	4387499.0
75	1.2798344E7
>>END_MODULE
>>Sequence Duplication Levels	warn
#Total Duplicate Percentage	34.07175227701043
#Duplication Level	Relative count
1	100.0
2	22.058604012419394
3	9.460084786243133
4	5.078218294721758
5	3.005582756149988
6	1.9465010747551947
7	1.3210532600907572
8	0.9232445665154049
9	0.714264389777884
10++	4.764001671841414
>>END_MODULE
>>Overrepresented sequences	warn
#Sequence	Count	Percentage	Possible Source
NNNNNNNNNNNNNNNNNNNNNNNNNNNNNNNNNNN	40677	0.18944435802594478	No Hit
>>END_MODULE
>>Kmer Content	warn
#Sequence	Count	Obs/Exp Overall	Obs/Exp Max	Max Obs/Exp Position
AAAAA	6775110	3.469681	7.8570495	71
CCTGG	3464865	2.9802866	11.626074	3
CCAGG	3331310	2.8954532	12.004856	3
CCCAG	3136190	2.750096	10.546402	2
CTGGG	3102730	2.6452804	9.8878565	4
CAGCA	3357940	2.5684102	6.835772	4
CCAGC	2907390	2.5494633	6.329425	3
TGCTG	3390670	2.5175223	7.4557467	2
GGAGG	2898190	2.474802	5.5616593	6
GCTGG	2901995	2.4741406	6.4216447	3
TCCAG	3216305	2.4345505	9.3625965	2
CAGGA	3105655	2.3545105	9.873703	4
CTCCA	3082130	2.3537292	6.9599953	1
CTCCT	3098290	2.3415196	6.597637	1
AGGAG	3105820	2.3338866	6.962067	5
CTGGA	3095535	2.3224874	8.985861	4
TCCTG	3069955	2.299661	9.413995	2
CTGCT	3062785	2.29429	6.4962697	9
CAGCC	2611660	2.2901404	5.2804112	9
AGCAG	3010025	2.28201	5.3898454	7
GGCTG	2644620	2.2547116	8.036048	7
CTGCA	2925935	2.214758	6.5510106	4
CTTCT	3390355	2.2117553	5.0162096	1
GCTGC	2568630	2.2093945	5.521794	8
CCTGC	2538145	2.202582	6.2044024	3
CAGAG	2884725	2.1870155	7.4180446	4
TGCAG	2912360	2.1850564	6.9266777	2
GGCAG	2533220	2.1823804	5.971353	7
GCAGG	2530210	2.1797872	6.422655	3
CTGCC	2502630	2.1717622	5.5805373	9
CTCTG	2877850	2.1557577	7.311441	2
TGGAG	2878185	2.1403875	6.6115055	5
CCCTG	2464920	2.1390378	8.56789	2
AGCTG	2780915	2.0864375	5.88005	7
CAGGG	2397785	2.0657024	8.6974	4
GCCTG	2397535	2.062228	6.216748	7
CACAG	2687140	2.0553308	7.027874	7
CTGTG	2727220	2.0249207	8.743069	9
GGAGA	2666590	2.003825	5.535575	6
CAGAA	3000055	2.0015504	5.395088	4
CAGGC	2267205	1.9705719	5.632359	4
CCCCA	2224235	1.9677509	6.3942127	1
CTGGC	2286085	1.9663649	5.189632	4
CTCAG	2589120	1.9598091	5.961989	2
CTGAG	2563865	1.9235914	5.668699	4
GGGAG	2248605	1.920113	5.113154	7
TTCTG	2961750	1.9151213	5.304606	2
CCAGA	2472885	1.8914522	6.569726	3
CCTCT	2463785	1.8619951	5.4973383	1
GGCCA	2111650	1.8353692	5.7822404	1
TCTGG	2454880	1.8227122	6.2278714	3
CAGTG	2407885	1.806564	6.317269	9
CACTG	2383495	1.8041632	7.239549	7
ACCTG	2378275	1.800212	5.325929	7
TGGGG	2119250	1.7908777	5.6376886	5
TGGCC	2022275	1.7394499	5.349945	5
CCTGA	2270945	1.7189696	5.4849496	3
ACAGA	2520570	1.681652	5.7584834	8
GAGAG	2220610	1.6686904	5.268746	7
GCCCA	1896590	1.6631023	6.5642085	1
TCAGG	2212015	1.6596087	5.6449537	3
AGGTG	2168710	1.6127801	5.129992	7
CCTGT	2143745	1.6058497	5.4071445	8
TGGGC	1831245	1.5612562	5.954737	5
ACACA	2314015	1.5575696	6.1101403	6
GTGTG	2115020	1.556533	7.505075	1
TGTGT	2383895	1.5278863	5.8047013	10
CACAC	1952595	1.506772	6.2856345	5
ACAGC	1957760	1.497445	5.590261	8
GCTGT	2010920	1.4930785	5.3031025	8
CTGTC	1930895	1.4464066	5.7638206	9
GACAG	1888770	1.4319456	6.792414	7
GCCCT	1629840	1.4143622	5.481716	1
GGGCT	1646415	1.4036765	5.590093	6
AGACA	2088155	1.3931572	5.3485003	6
AGGGC	1555335	1.3399282	5.228719	5
GGACA	1717300	1.301948	6.022243	6
GTCCT	1720670	1.2889302	8.365925	1
GTGCT	1683315	1.2498366	6.3218675	1
ACTGC	1625725	1.2305768	5.0803833	8
AGGAC	1612340	1.2223738	7.8272443	5
GTCCA	1602690	1.2131405	6.8419485	1
TGTGC	1610245	1.1955831	5.6035013	10
AGCAC	1556590	1.1905994	5.3814435	5
GTCTT	1755905	1.1354	5.392934	1
TGGAC	1495840	1.1222839	6.125708	5
GTGCA	1466795	1.1004924	5.846114	1
ACAGT	1638770	1.0819956	5.4861135	8
ACTGT	1628725	1.0642054	6.199206	8
TGCAC	1403405	1.0622936	5.231434	5
GACTG	1389405	1.0424291	5.81404	7
GGACC	1152955	1.0021065	5.0788198	6
ACACT	1466170	0.97664297	5.0188823	6
GGACT	1277435	0.9584213	5.198349	6
TGTAG	1436480	0.9303221	5.086404	2
GTGTA	1026905	0.66506493	5.7389092	1
>>END_MODULE
