##FastQC	0.10.1
>>Basic Statistics	pass
#Measure	Value	
Filename	032-F0_S5_L003_R2_001_trimmed.fq.gz	
File type	Conventional base calls	
Encoding	Sanger / Illumina 1.9	
Total Sequences	32075764	
Filtered Sequences	0	
Sequence length	20-51	
%GC	44	
>>END_MODULE
>>Per base sequence quality	pass
#Base	Mean	Median	Lower Quartile	Upper Quartile	10th Percentile	90th Percentile
1	34.72225765222615	36.0	36.0	36.0	32.0	36.0
2	34.72340917585003	36.0	36.0	36.0	32.0	36.0
3	34.69595545721062	36.0	36.0	36.0	32.0	36.0
4	34.6982019508561	36.0	36.0	36.0	32.0	36.0
5	34.676124160285006	36.0	36.0	36.0	32.0	36.0
6	34.66439530481643	36.0	36.0	36.0	32.0	36.0
7	34.65528858486426	36.0	36.0	36.0	32.0	36.0
8	34.64447231872638	36.0	36.0	36.0	32.0	36.0
9	34.62555719639289	36.0	36.0	36.0	32.0	36.0
10	34.61333968537741	36.0	36.0	36.0	32.0	36.0
11	34.59710930034277	36.0	36.0	36.0	32.0	36.0
12	34.57950763074575	36.0	36.0	36.0	32.0	36.0
13	34.576327628548455	36.0	36.0	36.0	32.0	36.0
14	34.56494470404508	36.0	36.0	36.0	32.0	36.0
15	34.54601648771328	36.0	36.0	36.0	32.0	36.0
16	34.53389534229021	36.0	36.0	36.0	32.0	36.0
17	34.51801515935833	36.0	36.0	36.0	32.0	36.0
18	34.50062180903937	36.0	36.0	36.0	32.0	36.0
19	34.49406502055571	36.0	36.0	36.0	32.0	36.0
20	34.49746356782024	36.0	36.0	36.0	32.0	36.0
21	34.47657313488283	36.0	36.0	36.0	32.0	36.0
22	34.46625926503757	36.0	36.0	36.0	32.0	36.0
23	34.44811413251422	36.0	36.0	36.0	32.0	36.0
24	34.42128557541103	36.0	36.0	36.0	32.0	36.0
25	34.40794127362055	36.0	36.0	36.0	32.0	36.0
26	34.39245288135517	36.0	36.0	36.0	32.0	36.0
27	34.377844911995425	36.0	36.0	36.0	32.0	36.0
28	34.35250371330684	36.0	36.0	36.0	32.0	36.0
29	34.341918392712174	36.0	36.0	36.0	32.0	36.0
30	34.31637822492789	36.0	36.0	36.0	32.0	36.0
31	34.29768481128963	36.0	36.0	36.0	32.0	36.0
32	34.2779502567935	36.0	36.0	36.0	32.0	36.0
33	34.24750015875861	36.0	36.0	36.0	32.0	36.0
34	34.219565502776874	36.0	36.0	36.0	32.0	36.0
35	34.189063871963334	36.0	36.0	36.0	32.0	36.0
36	34.16788459947534	36.0	36.0	36.0	32.0	36.0
37	34.15456809392628	36.0	36.0	36.0	32.0	36.0
38	34.1255346986565	36.0	36.0	36.0	32.0	36.0
39	34.107365189129986	36.0	36.0	36.0	32.0	36.0
40	34.077578732753246	36.0	36.0	36.0	32.0	36.0
41	34.0566202042504	36.0	36.0	36.0	32.0	36.0
42	34.03510726247022	36.0	36.0	36.0	32.0	36.0
43	34.01338524242066	36.0	36.0	36.0	32.0	36.0
44	33.99452688534806	36.0	36.0	36.0	32.0	36.0
45	33.96839407252285	36.0	36.0	36.0	32.0	36.0
46	33.94989136045378	36.0	36.0	36.0	32.0	36.0
47	33.93536844896177	36.0	36.0	36.0	32.0	36.0
48	33.95910276120354	36.0	36.0	36.0	32.0	36.0
49	33.998578085458654	36.0	36.0	36.0	32.0	36.0
50	34.06785507553847	36.0	36.0	36.0	32.0	36.0
51	34.190234080617465	36.0	36.0	36.0	32.0	36.0
>>END_MODULE
>>Per sequence quality scores	pass
#Quality	Count
14	1100.0
15	2320.0
16	4792.0
17	8088.0
18	13500.0
19	21993.0
20	34671.0
21	53699.0
22	79095.0
23	113826.0
24	162065.0
25	221486.0
26	299221.0
27	392550.0
28	505434.0
29	641049.0
30	810029.0
31	1040278.0
32	1396020.0
33	2058647.0
34	3877876.0
35	1.4172104E7
36	6165921.0
>>END_MODULE
>>Per base sequence content	pass
#Base	G	A	T	C
1	22.112804546136452	27.219809947473113	27.745505921542506	22.92187958484792
2	22.092091087838156	27.27429968620545	28.024086971085083	22.60952225487131
3	22.033024684930343	27.328561838776466	27.91535066787497	22.723062808418216
4	22.238308095741946	26.914546039013942	28.27206323977391	22.575082625470202
5	22.281399127391012	27.065562647237336	27.80959169047384	22.84344653489781
6	21.71714132826267	27.46602076259197	28.084447185731882	22.732390723413477
7	21.787234748328988	27.50285230930119	28.08477141807129	22.625141524298535
8	21.919992303223083	27.38451997589208	27.998054855373045	22.697432865511793
9	21.72603277664719	27.490126189979453	28.17184962453271	22.61199140884064
10	21.84405334819149	27.551424807839343	28.0755837959152	22.528938048053977
11	22.3668561721554	27.533158680179838	27.745864447687048	22.354120699977713
12	21.679374495959006	27.749449709132417	28.141515195086235	22.429660599822345
13	21.785875466598394	27.52890313072512	28.336943120045404	22.348278282631085
14	21.849481122257913	27.232997474354782	28.491567652137604	22.425953751249697
15	21.717842792458505	27.536273181209342	28.30970448591653	22.436179540415623
16	21.840287264864525	27.87519885730547	28.20844423222468	22.076069645605322
17	21.963960079017916	27.62474184558784	27.871744535843323	22.539553539550923
18	21.861886126858895	28.077657012316216	27.894219448677827	22.166237412147066
19	22.016535599900287	27.75137327983832	28.140498851406935	22.091592268854455
20	22.12927804307327	27.49820082227815	28.10249508008601	22.270026054562567
21	22.1038603378309	27.62657361547615	28.146166781364112	22.123399265328835
22	21.87159616535583	27.842035768110655	28.1906221752839	22.095745891249614
23	21.957657544786613	27.616395277479743	28.091644054462943	22.3343031232707
24	21.823881207145565	27.938392062308036	28.113028499404102	22.124698231142297
25	21.885378119217442	27.898939287466728	27.952330552872635	22.263352040443195
26	22.029687253564173	27.867233617828983	27.895635579821082	22.20744354878576
27	21.978451854211297	27.961876913488894	28.025233107201892	22.034438125097918
28	21.741553969736984	27.93764791776913	27.979682859645028	22.341115252848862
29	22.064334708067467	27.71639958933227	28.044853711284144	22.174411991316116
30	21.89309403935131	28.048974726550018	27.94002315355103	22.117908080547636
31	21.98235151586296	27.97448801174238	27.957543857940315	22.08561661445434
32	21.98158932977787	27.99478300035642	27.866078170792274	22.157549499073443
33	21.84069800347514	27.771986513150182	28.15356256712728	22.233752916247397
34	22.03315788247106	28.12248479778597	27.950854512604423	21.89350280713855
35	21.990991996832435	27.745799686842957	27.938159846425314	22.32504846989929
36	22.078882647957148	28.041979727497278	27.76611362161229	22.113024002933276
37	21.84237164000359	27.972590838396812	27.91427340523887	22.270764116360724
38	21.899031432927178	27.84648202120587	27.91768062852714	22.33680591733981
39	21.833297350853208	27.945056246543025	27.966295600084173	22.255350802519594
40	21.900248978106536	27.890870687911622	28.114284753788404	22.094595580193435
41	22.164430497092592	27.910266320992445	27.901456051233218	22.02384713068174
42	22.098070764011172	27.960930862175427	27.92359273222721	22.017405641586198
43	22.016065355635178	28.154772260826604	27.850441936394056	21.978720447144163
44	22.06386291668021	27.812159247419622	27.77349760092595	22.350480234974217
45	21.962329512006697	27.97122668617233	27.93961294273916	22.12683085908181
46	21.96323716702033	28.22129037032421	27.702272430158846	22.113200032496614
47	22.0154448780331	27.916898055000328	27.834698004574893	22.23295906239168
48	22.021471739303152	28.273656365934308	27.989671184686475	21.71520071007606
49	22.28332549522129	28.230073283907352	27.936070874493186	21.550530346378178
50	22.384113232127355	28.406398927434402	27.92980571949129	21.279682120946955
51	21.88970332365898	28.91493426356512	28.041397896161495	21.1539645166144
>>END_MODULE
>>Per base GC content	pass
#Base	%GC
1	45.034684130984374
2	44.701613342709464
3	44.75608749334856
4	44.81339072121215
5	45.12484566228883
6	44.44953205167615
7	44.41237627262752
8	44.617425168734876
9	44.33802418548783
10	44.37299139624547
11	44.720976872133114
12	44.10903509578135
13	44.13415374922948
14	44.27543487350761
15	44.15402233287413
16	43.91635691046985
17	44.50351361856883
18	44.02812353900596
19	44.108127868754735
20	44.399304097635834
21	44.22725960315974
22	43.967342056605446
23	44.291960668057314
24	43.94857943828786
25	44.14873015966064
26	44.23713080234993
27	44.012889979309215
28	44.08266922258585
29	44.23874669938358
30	44.011002119898954
31	44.067968130317304
32	44.13913882885131
33	44.07445091972254
34	43.92666068960961
35	44.31604046673172
36	44.19190665089043
37	44.113135756364315
38	44.23583735026699
39	44.0886481533728
40	43.994844558299974
41	44.18827762777433
42	44.11547640559736
43	43.99478580277934
44	44.41434315165443
45	44.08916037108851
46	44.076437199516945
47	44.24840394042478
48	43.73667244937921
49	43.833855841599465
50	43.663795353074306
51	43.043667840273386
>>END_MODULE
>>Per sequence GC content	warn
#GC Content	Count
0	15263.0
1	13064.0
2	9858.0
3	9288.5
4	9936.0
5	11563.5
6	13364.0
7	15644.5
8	17920.5
9	22185.5
10	26719.5
11	34056.5
12	41460.0
13	53877.0
14	67314.5
15	90326.5
16	114388.5
17	149665.0
18	185873.0
19	234373.5
20	283702.5
21	345907.0
22	409623.5
23	485328.5
24	562689.5
25	640444.5
26	788247.0
27	886595.5
28	994882.0
29	1105027.5
30	1218699.5
31	1334847.0
32	1456694.5
33	1579555.0
34	1686951.0
35	1789016.5
36	1862123.0
37	1927410.5
38	1957190.5
39	1985662.0
40	1989585.5
41	1987576.5
42	1976067.0
43	1956988.0
44	1914868.0
45	1867504.5
46	1815892.5
47	1762472.0
48	1709329.0
49	1656396.5
50	1609025.5
51	1562554.5
52	1518331.5
53	1474704.0
54	1431792.0
55	1385849.0
56	1337022.5
57	1284705.0
58	1218908.0
59	1142999.0
60	1064027.5
61	982188.5
62	896414.0
63	815374.0
64	727667.5
65	641720.0
66	564218.5
67	488955.5
68	419118.0
69	351626.0
70	298836.5
71	249158.5
72	207843.5
73	170002.0
74	139085.0
75	103346.0
76	85836.0
77	70999.0
78	56824.0
79	45772.0
80	35893.0
81	29360.0
82	23476.5
83	18989.5
84	14904.0
85	12030.0
86	9319.0
87	7376.0
88	5649.0
89	4553.5
90	3554.0
91	2991.0
92	2483.0
93	2236.0
94	2049.0
95	1976.5
96	1915.0
97	2180.5
98	3584.5
99	13797.0
100	22863.0
>>END_MODULE
>>Per base N content	pass
#Base	N-Count
1	0.0
2	0.0
3	0.0
4	3.1176186481481786E-6
5	0.0
6	0.0
7	0.0
8	0.0
9	0.0
10	0.0
11	0.0
12	0.0
13	0.0
14	0.0
15	0.0
16	0.0
17	0.0
18	0.0
19	0.0
20	0.0
21	0.0
22	0.0
23	0.0
24	0.0
25	0.0
26	6.277369921360562E-6
27	0.0
28	0.0
29	0.0
30	0.0
31	0.0
32	0.0
33	0.0
34	0.0
35	0.0
36	0.0
37	0.0
38	0.0
39	0.0
40	0.0
41	0.0
42	0.0
43	0.0
44	0.0
45	0.0
46	3.2904622299850805E-5
47	3.959748721666667E-4
48	0.0
49	0.0
50	0.0
51	0.0
>>END_MODULE
>>Sequence Length Distribution	warn
#Length	Count
20	32040.0
21	33870.0
22	35232.0
23	36270.0
24	38003.0
25	39872.0
26	41962.0
27	44949.0
28	47674.0
29	51269.0
30	53097.0
31	54723.0
32	56702.0
33	57610.0
34	59296.0
35	61691.0
36	62981.0
37	67070.0
38	70562.0
39	75550.0
40	80126.0
41	84541.0
42	88617.0
43	99795.0
44	123789.0
45	187606.0
46	338455.0
47	876946.0
48	1855962.0
49	3714048.0
50	5116014.0
51	1.8489442E7
>>END_MODULE
>>Sequence Duplication Levels	warn
#Total Duplicate Percentage	39.06646872857657
#Duplication Level	Relative count
1	100.0
2	23.351437104907443
3	11.25158846430913
4	6.739945122099282
5	4.329526415048524
6	2.954341262839243
7	2.049422486988757
8	1.4893117598970433
9	1.1817365051356974
10++	8.534403911062187
>>END_MODULE
>>Overrepresented sequences	pass
>>END_MODULE
>>Kmer Content	warn
#Sequence	Count	Obs/Exp Overall	Obs/Exp Max	Max Obs/Exp Position
AAAAA	11349720	4.709118	5.8554416	47
TTTTT	9445100	3.7589164	4.4197726	13
CCTGG	2990985	3.0641513	3.7650325	9
>>END_MODULE
