##FastQC	0.10.1
>>Basic Statistics	pass
#Measure	Value	
Filename	006-F0_S6_L003_R1_001_trimmed.fq.gz	
File type	Conventional base calls	
Encoding	Sanger / Illumina 1.9	
Total Sequences	23121510	
Filtered Sequences	0	
Sequence length	20-51	
%GC	45	
>>END_MODULE
>>Per base sequence quality	pass
#Base	Mean	Median	Lower Quartile	Upper Quartile	10th Percentile	90th Percentile
1	35.119170677001634	36.0	36.0	36.0	36.0	36.0
2	35.109566330226706	36.0	36.0	36.0	36.0	36.0
3	35.0886587856935	36.0	36.0	36.0	36.0	36.0
4	35.07463630186783	36.0	36.0	36.0	36.0	36.0
5	35.05349412732992	36.0	36.0	36.0	36.0	36.0
6	35.00935354135608	36.0	36.0	36.0	36.0	36.0
7	34.98363740084449	36.0	36.0	36.0	36.0	36.0
8	34.98223031281262	36.0	36.0	36.0	36.0	36.0
9	34.95703719177511	36.0	36.0	36.0	36.0	36.0
10	34.93704745062065	36.0	36.0	36.0	36.0	36.0
11	34.924056344070955	36.0	36.0	36.0	36.0	36.0
12	34.896140001236944	36.0	36.0	36.0	36.0	36.0
13	34.88730199714465	36.0	36.0	36.0	36.0	36.0
14	34.87301845770454	36.0	36.0	36.0	36.0	36.0
15	34.845903100619296	36.0	36.0	36.0	36.0	36.0
16	34.828380110122566	36.0	36.0	36.0	36.0	36.0
17	34.83567046442901	36.0	36.0	36.0	36.0	36.0
18	34.82766212068329	36.0	36.0	36.0	36.0	36.0
19	34.81020975706171	36.0	36.0	36.0	36.0	36.0
20	34.81664424166069	36.0	36.0	36.0	36.0	36.0
21	34.806149166096674	36.0	36.0	36.0	36.0	36.0
22	34.789311702093926	36.0	36.0	36.0	36.0	36.0
23	34.78233422140573	36.0	36.0	36.0	36.0	36.0
24	34.76044084967199	36.0	36.0	36.0	36.0	36.0
25	34.741562288013675	36.0	36.0	36.0	36.0	36.0
26	34.724390508252974	36.0	36.0	36.0	32.0	36.0
27	34.7132135999301	36.0	36.0	36.0	32.0	36.0
28	34.68860814551485	36.0	36.0	36.0	32.0	36.0
29	34.6685967314497	36.0	36.0	36.0	32.0	36.0
30	34.6479792383316	36.0	36.0	36.0	32.0	36.0
31	34.63164490232029	36.0	36.0	36.0	32.0	36.0
32	34.6168624681059	36.0	36.0	36.0	32.0	36.0
33	34.56987498593151	36.0	36.0	36.0	32.0	36.0
34	34.54441180084404	36.0	36.0	36.0	32.0	36.0
35	34.51111082596936	36.0	36.0	36.0	32.0	36.0
36	34.48282570249292	36.0	36.0	36.0	32.0	36.0
37	34.46924578686456	36.0	36.0	36.0	32.0	36.0
38	34.441276916867345	36.0	36.0	36.0	32.0	36.0
39	34.415994630524146	36.0	36.0	36.0	32.0	36.0
40	34.38937908320167	36.0	36.0	36.0	32.0	36.0
41	34.36453374519464	36.0	36.0	36.0	32.0	36.0
42	34.32586574760569	36.0	36.0	36.0	32.0	36.0
43	34.29331851422521	36.0	36.0	36.0	32.0	36.0
44	34.270956122622046	36.0	36.0	36.0	32.0	36.0
45	34.26165135060406	36.0	36.0	36.0	32.0	36.0
46	34.245382616215096	36.0	36.0	36.0	32.0	36.0
47	34.2441919232887	36.0	36.0	36.0	32.0	36.0
48	34.25380243196285	36.0	36.0	36.0	32.0	36.0
49	34.2850902003911	36.0	36.0	36.0	32.0	36.0
50	34.38476745573747	36.0	36.0	36.0	32.0	36.0
51	34.49083287419999	36.0	36.0	36.0	32.0	36.0
>>END_MODULE
>>Per sequence quality scores	pass
#Quality	Count
14	15.0
15	74.0
16	310.0
17	850.0
18	2016.0
19	4809.0
20	9730.0
21	17610.0
22	30124.0
23	47640.0
24	72885.0
25	107343.0
26	154549.0
27	212624.0
28	282449.0
29	368006.0
30	474005.0
31	617370.0
32	839336.0
33	1277341.0
34	2594946.0
35	1.1300811E7
36	4706667.0
>>END_MODULE
>>Per base sequence content	pass
#Base	G	A	T	C
1	22.744723033885723	26.582497305507836	27.11616245495484	23.5566172056516
2	22.66032497644724	26.64220486472953	27.347630825365027	23.34983933345821
3	22.596003615171664	26.71134726126786	27.319094691608186	23.37355443195229
4	22.8611312475853	26.465749706343384	27.498200476069933	23.174918570001385
5	23.009664727660343	26.502925247303427	27.081573681887082	23.405836343149147
6	22.542855395537398	26.91071360451909	27.25867243662787	23.287758563315645
7	22.62166031927204	26.82903252384679	27.20832350281897	23.3409836540622
8	22.669306777218917	26.691311812066942	27.155322111854314	23.484059298859826
9	22.546816787177708	26.782082766387934	27.310689252791185	23.360411193643177
10	22.661106376809474	26.807107539309637	27.2700661571498	23.26171992673109
11	23.128255502581652	26.684431863034323	26.988057473393077	23.199255160990948
12	22.474307910624702	26.938479550779316	27.369993335043187	23.217219203552798
13	22.59593025632047	26.79427337618338	27.44414299700706	23.16565337048909
14	22.637635257565957	26.540734430985637	27.575042174561702	23.2465881368867
15	22.57462022401088	26.868302611020617	27.377454810839026	23.17962235412948
16	22.736889011462814	27.140778326745945	27.236154721360784	22.886177940430454
17	22.86484949988136	26.77762075376658	26.961368258233865	23.396161488118196
18	22.775690859882065	27.159432357563457	27.000475590067314	23.064401192487168
19	22.935254832079515	26.857008442351315	27.19967779503979	23.00805893052938
20	22.976811986842833	26.57888358521599	27.212664423519247	23.231640004421937
21	22.912265524023844	26.764693134347507	27.273889265011707	23.04915207661694
22	22.766122948393377	26.932803733437733	27.28036343918815	23.020709878980743
23	22.806966133445336	26.706240188297603	27.18199590546071	23.304797772796352
24	22.670778106430493	27.097716618023476	27.233491551920107	22.998013723625927
25	22.79397361167852	26.969785844014165	27.063586367954716	23.172654176352598
26	22.886439335615137	26.91244086414667	26.975984930840614	23.225134869397575
27	22.878539245538185	26.970227416612346	27.11179306060543	23.03944027724404
28	22.686692054769882	26.9530881462129	27.071915226425258	23.288304572591958
29	22.96067989640297	26.73602604866797	27.110373981037274	23.19292007389179
30	22.76624150464252	27.05593214193164	27.062532586648235	23.115293766777608
31	22.86815750267364	26.93013257763689	27.082313047109036	23.119396872580435
32	22.807294171021116	27.00609033733572	26.99629792357574	23.19031756806742
33	22.70872693918003	26.810303584317335	27.273475944368858	23.207493532133782
34	22.88173582725486	27.165517389628096	27.081215981285222	22.871530801831824
35	22.9161049042919	26.796651707897944	27.029225270610567	23.25801811719959
36	23.01032944224174	27.072376110496915	26.866505482046282	23.050788965215062
37	22.80315700547258	26.928697287056618	27.018946256387554	23.249199451083246
38	22.816293407525755	26.810617208850978	26.983565023990568	23.389524359632695
39	22.758686830707205	26.945206806337787	27.01426992725628	23.28183643569873
40	22.796142711452767	26.912892141772986	27.19875882221261	23.092206324561637
41	23.050599356374	26.866215296967688	26.982581031608593	23.100604315049715
42	22.92728128757913	27.00461520468538	27.037062582655345	23.03104092508014
43	22.937313337144012	27.080394314780577	26.95383498173159	23.028457366343822
44	22.937245492620566	26.835328816368285	26.91325614214555	23.314169548865603
45	22.816606842186633	27.010931659760363	27.084255336665603	23.0882061613874
46	22.885333538168783	27.213847504875645	26.810483459576535	23.09033549737904
47	22.94805793238251	26.92287743347447	26.910671679582833	23.218392954560194
48	22.911136790458578	27.256013436432657	27.084039508548834	22.748810264559932
49	23.17641106014536	27.217553912224634	27.035286136303448	22.570748891326556
50	23.229057343667943	27.39291744064455	27.13155368480286	22.246471530884644
51	22.643033647917647	27.910841068956078	27.367225993995998	22.078899289130277
>>END_MODULE
>>Per base GC content	pass
#Base	%GC
1	46.301340239537325
2	46.01016430990545
3	45.969558047123954
4	46.03604981758668
5	46.41550107080949
6	45.83061395885304
7	45.96264397333424
8	46.15336607607875
9	45.90722798082088
10	45.92282630354057
11	46.3275106635726
12	45.6915271141775
13	45.76158362680956
14	45.88422339445266
15	45.75424257814036
16	45.62306695189327
17	46.261010987999555
18	45.84009205236923
19	45.943313762608895
20	46.20845199126477
21	45.961417600640786
22	45.78683282737412
23	46.111763906241684
24	45.66879183005641
25	45.96662778803112
26	46.111574205012715
27	45.917979522782225
28	45.97499662736183
29	46.153599970294756
30	45.88153527142013
31	45.98755437525407
32	45.99761173908854
33	45.91622047131381
34	45.75326662908668
35	46.17412302149149
36	46.0611184074568
37	46.05235645655583
38	46.20581776715845
39	46.040523266405934
40	45.888349036014404
41	46.151203671423715
42	45.958322212659276
43	45.965770703487834
44	46.25141504148617
45	45.90481300357403
46	45.97566903554783
47	46.1664508869427
48	45.659947055018506
49	45.747159951471914
50	45.47552887455259
51	44.721932937047924
>>END_MODULE
>>Per sequence GC content	pass
#GC Content	Count
0	6515.0
1	6192.0
2	4781.0
3	3895.0
4	4185.5
5	4882.0
6	5674.5
7	6909.5
8	8196.0
9	10405.5
10	12861.0
11	17217.0
12	21493.5
13	28677.0
14	36552.5
15	49110.5
16	62141.0
17	81731.0
18	102445.0
19	130222.0
20	158571.0
21	194556.0
22	231372.5
23	276064.5
24	322546.0
25	370842.0
26	460441.0
27	521162.5
28	589518.0
29	660302.5
30	737310.0
31	816362.0
32	897654.0
33	981422.5
34	1063594.5
35	1142459.0
36	1205196.0
37	1263833.0
38	1304256.0
39	1344966.0
40	1370565.0
41	1392960.0
42	1407445.5
43	1415931.5
44	1409733.5
45	1400638.5
46	1387400.5
47	1371369.0
48	1349374.0
49	1326606.5
50	1306213.5
51	1286230.0
52	1262304.5
53	1235856.0
54	1209951.5
55	1181597.0
56	1145777.0
57	1105734.5
58	1053441.0
59	993230.0
60	928012.0
61	857940.0
62	786220.5
63	717355.5
64	640183.0
65	566053.5
66	497968.0
67	430940.5
68	370226.0
69	311191.0
70	263407.5
71	220047.0
72	184597.5
73	151313.5
74	123411.0
75	91560.0
76	75653.0
77	62505.0
78	49898.5
79	40063.0
80	31304.0
81	25015.0
82	19498.0
83	15718.5
84	12303.0
85	9836.0
86	7537.0
87	6061.0
88	4753.0
89	3748.5
90	2820.5
91	2326.5
92	1940.5
93	1628.0
94	1324.0
95	1183.5
96	1047.5
97	909.0
98	788.5
99	1000.0
100	1228.0
>>END_MODULE
>>Per base N content	pass
#Base	N-Count
1	0.0011677438021997699
2	8.217456385850232E-5
3	2.7247355384661296E-4
4	5.060223142865669E-4
5	9.385200188050003E-4
6	0.0016607911853507838
7	0.002054364096462558
8	0.0011071941235671892
9	0.0022922378339476964
10	0.0028242100105053693
11	0.0011763937562901386
12	0.0025084866862069128
13	4.4547263565398624E-4
14	0.0014921170805885949
15	0.01331660432212256
16	0.011167090730665947
17	0.005172672546040462
18	0.003278332600249724
19	0.014298374111379405
20	0.0018424402212485257
21	0.001642680995814891
22	0.0033361699465821854
23	0.0017329516311428998
24	0.004172547040994183
25	0.0015970073919127897
26	0.0012062129881768757
27	9.85008911912104E-4
28	7.75921190390075E-4
29	5.039256693724233E-4
30	7.978983004145614E-4
31	5.957191267895692E-4
32	0.0011460025024770599
33	8.007184457437654E-4
34	0.002795757736059109
35	0.0025572712834868033
36	0.002339794856001662
37	6.570933750984903E-4
38	0.005165204942464573
39	0.001537551291251087
40	8.745384405889866E-4
41	0.0010753638911922918
42	0.0016700916617352058
43	0.0033862276608569316
44	0.0017635358941208415
45	0.0013378176106474565
46	3.0630974512672974E-4
47	0.0010067975535296603
48	8.076371349387812E-4
49	0.0013502697242891634
50	0.0014018561436130296
51	0.0013805555923703714
>>END_MODULE
>>Sequence Length Distribution	warn
#Length	Count
20	49471.0
21	51629.0
22	53814.0
23	54931.0
24	56417.0
25	56621.0
26	57716.0
27	58195.0
28	60332.0
29	63118.0
30	65444.0
31	68042.0
32	70856.0
33	71162.0
34	72587.0
35	72482.0
36	71814.0
37	73560.0
38	75351.0
39	77876.0
40	80016.0
41	84619.0
42	88013.0
43	96529.0
44	112814.0
45	157751.0
46	262810.0
47	651391.0
48	1346974.0
49	2695024.0
50	3588095.0
51	1.2676056E7
>>END_MODULE
>>Sequence Duplication Levels	warn
#Total Duplicate Percentage	33.92889708165549
#Duplication Level	Relative count
1	100.0
2	22.32210128980761
3	9.362108451261086
4	4.91902335678212
5	2.7564136037776668
6	1.8388523770803649
7	1.1741799762776854
8	0.8914517608969721
9	0.6691483092255932
10++	5.263668305346473
>>END_MODULE
>>Overrepresented sequences	pass
>>END_MODULE
>>Kmer Content	warn
#Sequence	Count	Obs/Exp Overall	Obs/Exp Max	Max Obs/Exp Position
AAAAA	5779215	3.95797	5.0053287	47
TTTTT	5466945	3.5739872	4.2671576	13
>>END_MODULE
