##FastQC	0.10.1
>>Basic Statistics	pass
#Measure	Value	
Filename	001-F5_S2_L002_R1_001.fastq.gz	
File type	Conventional base calls	
Encoding	Sanger / Illumina 1.9	
Total Sequences	19379817	
Filtered Sequences	0	
Sequence length	35-76	
%GC	45	
>>END_MODULE
>>Per base sequence quality	pass
#Base	Mean	Median	Lower Quartile	Upper Quartile	10th Percentile	90th Percentile
1	31.418121130865167	32.0	32.0	32.0	32.0	32.0
2	31.478887494138878	32.0	32.0	32.0	32.0	32.0
3	31.534667123017726	32.0	32.0	32.0	32.0	32.0
4	31.605228676823934	32.0	32.0	32.0	32.0	32.0
5	31.576349869557593	32.0	32.0	32.0	32.0	32.0
6	35.21107763814282	36.0	36.0	36.0	36.0	36.0
7	35.20814241950788	36.0	36.0	36.0	36.0	36.0
8	35.152451439556934	36.0	36.0	36.0	36.0	36.0
9	35.26509223487508	36.0	36.0	36.0	36.0	36.0
10-14	35.20394703417478	36.0	36.0	36.0	36.0	36.0
15-19	35.16211661854186	36.0	36.0	36.0	36.0	36.0
20-24	35.116247413481766	36.0	36.0	36.0	36.0	36.0
25-29	35.01966169236789	36.0	36.0	36.0	36.0	36.0
30-34	34.93914517355866	36.0	36.0	36.0	36.0	36.0
35-39	34.928448397439766	36.0	36.0	36.0	36.0	36.0
40-44	34.87498227912882	36.0	36.0	36.0	36.0	36.0
45-49	34.79095238110877	36.0	36.0	36.0	36.0	36.0
50-54	34.674109195862584	36.0	36.0	36.0	32.8	36.0
55-59	34.53835619612455	36.0	36.0	36.0	32.0	36.0
60-64	34.384996325939284	36.0	36.0	36.0	32.0	36.0
65-69	34.24144120164384	36.0	36.0	36.0	32.0	36.0
70-74	34.12225539369026	36.0	36.0	36.0	32.0	36.0
75-76	33.49462490921165	36.0	34.0	36.0	26.5	36.0
>>END_MODULE
>>Per sequence quality scores	pass
#Quality	Count
2	42044.0
3	0.0
4	0.0
5	0.0
6	0.0
7	0.0
8	0.0
9	0.0
10	0.0
11	0.0
12	0.0
13	0.0
14	0.0
15	0.0
16	1.0
17	23.0
18	99.0
19	649.0
20	2463.0
21	6699.0
22	13358.0
23	24036.0
24	41764.0
25	71093.0
26	111641.0
27	164859.0
28	230157.0
29	307099.0
30	396157.0
31	513577.0
32	696736.0
33	1071930.0
34	2450739.0
35	1.3234693E7
>>END_MODULE
>>Per base sequence content	fail
#Base	G	A	T	C
1	41.80297812598261	19.10838115137222	12.49367688584002	26.594963836805146
2	15.80754058986426	19.924979978302567	36.9722394582085	27.295239973624675
3	18.742057641599832	21.72830683165639	28.524338638839946	31.005296887903828
4	13.0524438465109	15.43450435087667	35.62294236257112	35.8901094400413
5	14.681013165269857	35.2029212464124	34.33740793213365	15.778657656184091
6	34.13621620235174	35.24785403158885	16.42223745205821	14.193692314001204
7	30.17333485091587	29.651739111840854	20.667715977429253	19.507210059814025
8	25.99913588639	35.449668743521414	19.86847994348873	18.68271542659986
9	24.563792526321173	16.115543688387056	20.284966836126152	39.03569694916562
10-14	23.900671604115164	23.238652879838025	28.402348871698756	24.458326644348055
15-19	22.342421323977497	28.35525106460209	26.357497527381962	22.94483008403845
20-24	22.4608674637054	26.98230472899011	27.66384844123968	22.89297936606481
25-29	22.30924550729104	27.052052811446814	27.59236874258469	23.04633293867746
30-34	22.338729939175188	27.094094003318197	27.678203190188334	22.888972867318277
35-39	22.389391492032747	27.315531563459004	27.521242762224514	22.773834182283732
40-44	22.48081079404112	27.219440806412763	27.543784249144824	22.755964150401287
45-49	22.478977056487544	27.366534026636252	27.37555017213981	22.778938744736386
50-54	22.50437532432449	27.425960019496188	27.36400743448159	22.705657221697738
55-59	22.518897199877134	27.35953184481034	27.289943756477854	22.831627198834667
60-64	22.61992121332578	27.403690221872544	27.265218877050874	22.711169687750797
65-69	22.646360549166133	27.50112167764512	27.22539939756351	22.627118375625237
70-74	22.90890420688207	27.734499928696284	27.195647376671385	22.160948487750264
75-76	26.942287402397696	35.02500086001436	28.16777242251457	9.86493931507337
>>END_MODULE
>>Per base GC content	fail
#Base	%GC
1	68.39794196278775
2	43.102780563488935
3	49.74735452950366
4	48.942553286552204
5	30.459670821453948
6	48.329908516352944
7	49.68054491072989
8	44.68185131298986
9	63.59948947548679
10-14	48.35899824846322
15-19	45.28725140801594
20-24	45.35384682977021
25-29	45.3555784459685
30-34	45.22770280649347
35-39	45.16322567431648
40-44	45.23677494444241
45-49	45.25791580122393
50-54	45.21003254602222
55-59	45.3505243987118
60-64	45.33109090107658
65-69	45.27347892479137
70-74	45.06985269463233
75-76	36.80722671747107
>>END_MODULE
>>Per sequence GC content	warn
#GC Content	Count
0	42058.0
1	21034.5
2	27.0
3	64.0
4	86.5
5	122.0
6	235.5
7	455.5
8	606.0
9	823.0
10	1358.5
11	2257.5
12	2870.0
13	3818.5
14	6140.0
15	9856.0
16	15627.0
17	20129.0
18	26956.0
19	40324.0
20	57448.5
21	70263.5
22	87892.0
23	119088.0
24	152806.0
25	175909.5
26	205975.0
27	253194.5
28	299386.5
29	332080.5
30	372908.0
31	434776.5
32	494253.0
33	535569.0
34	588559.5
35	665887.0
36	730827.5
37	771206.0
38	805935.0
39	841053.0
40	854181.0
41	855414.0
42	861046.0
43	863568.0
44	854436.5
45	840485.0
46	831796.0
47	816520.0
48	791018.5
49	764690.0
50	747181.5
51	729583.0
52	702805.5
53	678739.5
54	666480.0
55	652875.5
56	631200.0
57	608538.5
58	585978.0
59	554548.5
60	509436.0
61	456346.5
62	413958.0
63	374903.5
64	324135.5
65	276944.5
66	230164.5
67	195935.0
68	169633.5
69	137915.5
70	107949.0
71	87885.5
72	72781.5
73	57338.5
74	43907.5
75	34811.5
76	29270.5
77	23435.5
78	17486.5
79	13656.5
80	11597.5
81	9028.0
82	6282.0
83	4671.0
84	3769.5
85	2845.5
86	1944.5
87	1422.5
88	1141.0
89	839.5
90	577.0
91	403.0
92	341.5
93	297.0
94	216.5
95	153.5
96	128.5
97	107.0
98	77.5
99	65.5
100	62.0
>>END_MODULE
>>Per base N content	pass
#Base	N-Count
1	0.25770625181858015
2	0.21695767302653066
3	0.21696283303397548
4	0.2172621134657773
5	0.21694735301164095
6	0.21694735301164095
7	0.21694735301164095
8	0.21714343329454552
9	0.21701959311586894
10-14	0.21700824109949024
15-19	0.2178369382951346
20-24	0.2176862660777447
25-29	0.21911352413699262
30-34	0.21969350897379478
35-39	0.04786476348858188
40-44	0.004098396449892313
45-49	0.002962329866100894
50-54	0.004715179739234707
55-59	9.677770415003588E-4
60-64	8.99084504708703E-4
65-69	0.0013054958183747157
70-74	0.002430749491702301
75-76	0.010240770780473205
>>END_MODULE
>>Sequence Length Distribution	warn
#Length	Count
35	56224.0
36	21267.0
37	27341.0
38	29584.0
39	32042.0
40	32704.0
41	34077.0
42	36768.0
43	39848.0
44	43169.0
45	46018.0
46	48122.0
47	49713.0
48	50876.0
49	52618.0
50	52423.0
51	54168.0
52	54781.0
53	57419.0
54	61016.0
55	62793.0
56	63868.0
57	64981.0
58	65456.0
59	66723.0
60	67371.0
61	66815.0
62	68417.0
63	69460.0
64	72859.0
65	74735.0
66	76352.0
67	77174.0
68	76602.0
69	81418.0
70	84284.0
71	98779.0
72	169945.0
73	473699.0
74	1265294.0
75	3900605.0
76	1.1452009E7
>>END_MODULE
>>Sequence Duplication Levels	warn
#Total Duplicate Percentage	33.38639467814364
#Duplication Level	Relative count
1	100.0
2	22.049799386358274
3	8.917718904885533
4	4.680493273542601
5	2.7385237196129335
6	1.7715954684918573
7	1.1837679962237433
8	0.828268822279915
9	0.6446188340807175
10++	4.69524427661081
>>END_MODULE
>>Overrepresented sequences	warn
#Sequence	Count	Percentage	Possible Source
NNNNNNNNNNNNNNNNNNNNNNNNNNNNNNNNNNN	42044	0.21694735301164095	No Hit
>>END_MODULE
>>Kmer Content	warn
#Sequence	Count	Obs/Exp Overall	Obs/Exp Max	Max Obs/Exp Position
AAAAA	7299425	3.7886324	7.154263	72
TTTTT	6807475	3.4362204	6.066049	72
CCTGG	3102680	3.0787685	11.960569	3
CCAGG	2975225	2.968791	12.848469	3
CCCAG	2817930	2.80502	11.100326	2
CTGGG	2776650	2.7619467	9.906621	4
CCAGC	2639560	2.6274674	6.7528563	3
GGAGG	2573065	2.5799944	5.9367533	6
CAGCA	3009070	2.546822	7.0518084	4
GCTGG	2525770	2.5123951	5.807209	3
TGCTG	2958875	2.482604	6.5490727	2
TCCAG	2916015	2.4543488	9.879691	2
AGGAG	2788325	2.3714714	7.38507	5
CAGGA	2786680	2.3643265	10.441184	4
CAGCC	2369290	2.3584354	5.5437775	9
CTCCA	2797100	2.3485534	7.3509817	1
CTCCT	2775845	2.317757	6.773374	1
CTGGA	2729085	2.3025956	8.794485	4
GGCTG	2306665	2.2944503	8.038833	7
AGCAG	2697260	2.2884595	5.4587126	7
CTGCT	2721200	2.277651	6.6157765	9
TCCTG	2719870	2.276538	9.366903	2
GGCAG	2241425	2.242013	5.993238	7
CCTGC	2244035	2.221343	6.3701305	3
CAGAG	2617890	2.2211187	7.5811315	4
GCTGC	2236545	2.2193086	5.6866455	8
GCAGG	2217925	2.218507	6.495957	3
CTGCA	2619930	2.20514	6.655666	4
CTGCC	2210465	2.1881125	5.6821394	9
TGCAG	2582805	2.1791756	6.6562924	2
GCCTG	2177365	2.1605847	6.9905176	7
CCCTG	2180405	2.1583564	8.585424	2
CTCTG	2573280	2.1538417	7.26321	2
TGGAG	2510450	2.123275	6.472411	5
CAGGG	2108150	2.1087031	8.880063	4
AGCTG	2454360	2.0708034	5.773023	7
CACAG	2417110	2.0457978	7.285824	7
CAGGC	2038015	2.0336077	6.0133653	4
GCCAG	2029135	2.024747	5.166976	2
GGAGA	2369615	2.0153582	5.671678	6
CTGGC	2018315	2.0027604	5.2309947	4
CTGTG	2378690	1.9958075	8.769516	9
GGGAG	1989230	1.9945872	5.2025824	7
CAGAA	2747140	1.9770044	5.548798	4
CTCAG	2317825	1.9508648	6.0978456	2
CTGAG	2298635	1.9394145	5.655795	4
CCCCA	1948565	1.9349359	6.430818	1
TTCTG	2697065	1.9087936	5.2045918	2
CCAGA	2215905	1.8755016	6.8113127	3
GGCCA	1854205	1.8501954	5.7360463	1
TGGGG	1840340	1.8350432	5.426493	5
CAGTG	2174015	1.8342694	6.5053787	9
CCTCT	2192945	1.8310509	5.2962594	1
CACTG	2171220	1.8274704	7.5619583	7
TCTGG	2162215	1.8141772	6.153016	3
ACCTG	2126245	1.7896159	5.2292876	7
TGGCC	1772780	1.7591176	5.310947	5
CCTGA	2029915	1.708537	5.4842024	3
GCCCA	1709215	1.7013847	7.005412	1
GAGAG	1998765	1.6999502	5.500042	7
ACAGA	2345295	1.687813	5.965249	8
TCAGG	1972570	1.6643056	5.788832	3
TGGGC	1626275	1.6176633	5.9412665	5
CCTGT	1922315	1.6089824	5.335711	8
ACAGG	1862520	1.5802337	5.0570374	8
ACACA	2188265	1.5709875	6.4046283	6
CACAC	1846950	1.5594352	6.7308717	5
GTGTG	1831130	1.5401182	6.2360096	1
TGTGT	2121010	1.5047498	5.73646	10
ACAGC	1750330	1.4814475	5.8203096	8
GCTGT	1740325	1.4601961	5.085222	8
CTGTC	1733320	1.4507933	5.8502936	9
GACAG	1707615	1.4488064	7.1632524	7
GGGCT	1428575	1.4210103	5.560536	6
GCCCT	1424990	1.4105804	5.392123	1
AGACA	1905740	1.3714833	5.5020576	6
AGGGC	1361410	1.3617673	5.256318	5
GGACA	1525815	1.2945602	6.2832804	6
GTCCT	1520355	1.2725409	7.8525906	1
ACTGC	1499345	1.2619673	5.282788	8
AGGAC	1448120	1.2286408	8.366195	5
GTGCT	1460480	1.2253959	5.490841	1
TGTGC	1420415	1.1917799	5.6820707	10
GTCCA	1410705	1.1873609	6.7423687	1
AGCAC	1396980	1.1823785	5.5624723	5
GTCTT	1596075	1.12959	5.0938845	1
TGGAC	1311025	1.1061437	5.9772725	5
GTGCA	1303470	1.0997695	5.5622725	1
TGCAC	1299350	1.0936357	5.4464917	5
ACAGT	1504580	1.0767685	5.6323175	8
ACTGT	1491875	1.0617439	6.398238	8
GACTG	1242510	1.048336	6.192981	7
GGACC	1009635	1.0074518	5.214128	6
AGACT	1398745	1.0010266	5.2303643	6
ACACT	1339020	0.9559607	5.053276	6
GGACT	1126875	0.950772	5.3331375	6
TGTAG	1291980	0.92171603	5.018662	2
TAGGA	1096825	0.78686184	5.1117516	4
GTGTA	916565	0.65388995	5.458553	1
>>END_MODULE
