##FastQC	0.10.1
>>Basic Statistics	pass
#Measure	Value	
Filename	008-F0_S1_L002_R1_001_trimmed.fq.gz	
File type	Conventional base calls	
Encoding	Sanger / Illumina 1.9	
Total Sequences	22716076	
Filtered Sequences	0	
Sequence length	20-50	
%GC	45	
>>END_MODULE
>>Per base sequence quality	pass
#Base	Mean	Median	Lower Quartile	Upper Quartile	10th Percentile	90th Percentile
1	35.334707763788074	36.0	36.0	36.0	36.0	36.0
2	35.326402324063366	36.0	36.0	36.0	36.0	36.0
3	35.30984942117644	36.0	36.0	36.0	36.0	36.0
4	35.311509963252455	36.0	36.0	36.0	36.0	36.0
5	35.2953704680333	36.0	36.0	36.0	36.0	36.0
6	35.26100661047269	36.0	36.0	36.0	36.0	36.0
7	35.25380602706207	36.0	36.0	36.0	36.0	36.0
8	35.24014724197964	36.0	36.0	36.0	36.0	36.0
9	35.23268384909436	36.0	36.0	36.0	36.0	36.0
10	35.20568257475455	36.0	36.0	36.0	36.0	36.0
11	35.1978227225512	36.0	36.0	36.0	36.0	36.0
12	35.183126302271575	36.0	36.0	36.0	36.0	36.0
13	35.17670177719074	36.0	36.0	36.0	36.0	36.0
14	35.160012803267605	36.0	36.0	36.0	36.0	36.0
15	35.14725633071487	36.0	36.0	36.0	36.0	36.0
16	35.137183684365205	36.0	36.0	36.0	36.0	36.0
17	35.121008003318885	36.0	36.0	36.0	36.0	36.0
18	35.10070819449627	36.0	36.0	36.0	36.0	36.0
19	35.08609576759648	36.0	36.0	36.0	36.0	36.0
20	35.088404749130085	36.0	36.0	36.0	36.0	36.0
21	35.065557858518176	36.0	36.0	36.0	36.0	36.0
22	35.06098474089839	36.0	36.0	36.0	36.0	36.0
23	35.05361662141028	36.0	36.0	36.0	36.0	36.0
24	35.03642845272346	36.0	36.0	36.0	36.0	36.0
25	35.02510720721095	36.0	36.0	36.0	36.0	36.0
26	35.01593228031243	36.0	36.0	36.0	36.0	36.0
27	35.017775115396184	36.0	36.0	36.0	36.0	36.0
28	35.001542891670695	36.0	36.0	36.0	36.0	36.0
29	34.989808910870146	36.0	36.0	36.0	36.0	36.0
30	34.97781000506894	36.0	36.0	36.0	36.0	36.0
31	34.96482542507113	36.0	36.0	36.0	36.0	36.0
32	34.9598906195175	36.0	36.0	36.0	36.0	36.0
33	34.939991764791465	36.0	36.0	36.0	36.0	36.0
34	34.92604147928193	36.0	36.0	36.0	36.0	36.0
35	34.91653516825923	36.0	36.0	36.0	36.0	36.0
36	34.89942196671394	36.0	36.0	36.0	36.0	36.0
37	34.90355036046585	36.0	36.0	36.0	36.0	36.0
38	34.89319624464935	36.0	36.0	36.0	36.0	36.0
39	34.87183165919232	36.0	36.0	36.0	36.0	36.0
40	34.861262250404195	36.0	36.0	36.0	36.0	36.0
41	34.849834480914	36.0	36.0	36.0	36.0	36.0
42	34.83174916753893	36.0	36.0	36.0	36.0	36.0
43	34.82923528040907	36.0	36.0	36.0	36.0	36.0
44	34.81459378610759	36.0	36.0	36.0	36.0	36.0
45	34.804371317245554	36.0	36.0	36.0	36.0	36.0
46	34.798709667728936	36.0	36.0	36.0	36.0	36.0
47	34.81207513313061	36.0	36.0	36.0	36.0	36.0
48	34.82578895796559	36.0	36.0	36.0	36.0	36.0
49	34.90639669518414	36.0	36.0	36.0	36.0	36.0
50	34.99770761372576	36.0	36.0	36.0	36.0	36.0
>>END_MODULE
>>Per sequence quality scores	pass
#Quality	Count
14	5.0
15	59.0
16	253.0
17	753.0
18	2143.0
19	5017.0
20	10364.0
21	18237.0
22	28658.0
23	41493.0
24	58199.0
25	81343.0
26	112170.0
27	151542.0
28	202007.0
29	261709.0
30	335749.0
31	434348.0
32	584803.0
33	862265.0
34	1703944.0
35	9434880.0
36	8386135.0
>>END_MODULE
>>Per base sequence content	pass
#Base	G	A	T	C
1	22.44850693849535	26.750432164711587	27.366802847488692	23.434258049304372
2	22.416646013152803	26.82349103520107	27.66674869376613	23.093114257879993
3	22.35024191720774	26.915188900035197	27.5464301958317	23.18813898692536
4	22.54646004882181	26.550342585576843	27.86347870996734	23.039718655634008
5	22.62869700480127	26.65755262128588	27.45371459713931	23.260035776773535
6	22.140960110371886	27.049163296417976	27.62150614128499	23.18837045192515
7	22.204707805857485	27.019971482517303	27.633691658130054	23.14162905349515
8	22.32287075741992	26.883125435925987	27.59752460070896	23.196479205945128
9	22.098544528900057	26.956718153557695	27.7421620690736	23.20257524846865
10	22.217130856044477	27.040313759243702	27.64015045596023	23.10240492875159
11	22.68726566616731	27.05051375704955	27.403507397212273	22.858713179570866
12	22.043453507003203	27.1949252633154	27.816161944238065	22.945459285443327
13	22.17157739084422	27.039628137610922	27.951948258336774	22.836846213208087
14	22.1904834058763	26.78247450922508	28.14095092512697	22.886091159771656
15	22.09915779682308	27.054525188506872	27.936132283765442	22.910184730904607
16	22.21357880767601	27.389209068433217	27.827145659060626	22.570066464830145
17	22.323163786693307	27.120087244644093	27.498258598066123	23.05849037059648
18	22.232893568413843	27.512484990805632	27.518736070437516	22.735885370343013
19	22.358004368998134	27.22779571352533	27.763247369261872	22.65095254821466
20	22.4269419978261	26.958752668459574	27.76058149075924	22.85372384295509
21	22.398557591665476	27.13451605718462	27.817927885574367	22.648998465575538
22	22.17208289938448	27.3589173045026	27.858482529081463	22.61051726703146
23	22.266704636470376	27.13358790160292	27.78138481109324	22.818322650833466
24	22.13625141064834	27.483231166188943	27.793494328266476	22.587023094896235
25	22.229345955553796	27.372048538445004	27.648043247095554	22.750562258905642
26	22.32418213508716	27.359376290146827	27.564110360301093	22.75233121446492
27	22.28924294334397	27.407618961534077	27.701689362166814	22.601448732955134
28	22.130535900434165	27.36285169651177	27.64370293153236	22.862909471521707
29	22.3835433847335	27.199229024114686	27.715365289339474	22.701862301812348
30	22.248143354332807	27.458564676440773	27.618825433687167	22.67446653553925
31	22.27912801256243	27.451083046746422	27.63177935016084	22.6380095905303
32	22.288025582538236	27.44634467949635	27.57689589251561	22.688733845449807
33	22.144123478252812	27.25556621166163	27.866211875463975	22.734098434621583
34	22.331352896834424	27.612003943031226	27.655698438399057	22.400944721735293
35	22.314452363900767	27.239252514682335	27.665482879525932	22.78081224189097
36	22.45188959388343	27.51223702319171	27.456765440045338	22.57910794287952
37	22.272669498983404	27.406072656439427	27.572765582541614	22.748492262035548
38	22.257485706448517	27.299386054183255	27.563821073470727	22.879307165897497
39	22.16604237319769	27.385644557758425	27.640331497743286	22.807981571300598
40	22.231078106469365	27.364337367135118	27.781812769409182	22.62277175698634
41	22.46499132502081	27.365128548894052	27.585419652456338	22.584460473628802
42	22.391772748346757	27.475933879736132	27.591509069438835	22.54078430247828
43	22.366865635737167	27.607582116332736	27.496337375322167	22.52921487260793
44	22.36991460765251	27.339258685889906	27.472124623645644	22.818702082811942
45	22.272857176559068	27.47590864681346	27.639200024202808	22.612034152424666
46	22.304598078480293	27.693644195183648	27.41264295924632	22.58911476708974
47	22.390585358890345	27.506515390145754	27.472544693954802	22.630354557009102
48	22.380446270480913	27.888921103046822	27.65619285375279	22.074439772719483
49	22.55405435317593	28.11617894876276	27.75928364125926	21.57048305680205
50	22.46240094834637	27.916158584394747	27.828096611196635	21.79334385606225
>>END_MODULE
>>Per base GC content	pass
#Base	%GC
1	45.882764987799725
2	45.509760271032796
3	45.5383809041331
4	45.58617870445582
5	45.88873278157481
6	45.32933056229703
7	45.34633685935264
8	45.519349963365045
9	45.301119777368704
10	45.31953578479607
11	45.545978845738176
12	44.988912792446534
13	45.00842360405231
14	45.07657456564795
15	45.00934252772769
16	44.783645272506156
17	45.38165415728979
18	44.968778938756856
19	45.0089569172128
20	45.28066584078119
21	45.04755605724101
22	44.78260016641594
23	45.085027287303845
24	44.72327450554457
25	44.97990821445944
26	45.07651334955208
27	44.89069167629911
28	44.99344537195587
29	45.08540568654585
30	44.922609889872064
31	44.91713760309273
32	44.97675942798804
33	44.878221912874395
34	44.73229761856972
35	45.09526460579173
36	45.03099753676295
37	45.02116176101895
38	45.136792872346014
39	44.97402394449829
40	44.8538498634557
41	45.04945179864961
42	44.93255705082503
43	44.8960805083451
44	45.18861669046446
45	44.884891328983734
46	44.893712845570036
47	45.02093991589945
48	44.454886043200396
49	44.12453740997798
50	44.25574480440862
>>END_MODULE
>>Per sequence GC content	pass
#GC Content	Count
0	5369.0
1	5261.0
2	4492.0
3	4151.0
4	4542.0
5	5523.0
6	6664.5
7	8291.5
8	9913.0
9	12727.5
10	15827.0
11	21362.0
12	27015.5
13	35614.0
14	45609.5
15	61575.5
16	78721.5
17	103393.0
18	129697.0
19	163370.5
20	197459.0
21	239041.0
22	282351.5
23	333612.5
24	386876.0
25	436616.5
26	493298.5
27	559173.5
28	628916.5
29	704535.5
30	781438.0
31	860719.5
32	943799.5
33	1027479.0
34	1110972.5
35	1183516.0
36	1250963.5
37	1298635.5
38	1335336.0
39	1355740.5
40	1374401.0
41	1385687.0
42	1394863.0
43	1389139.0
44	1376214.5
45	1350561.0
46	1326304.5
47	1297695.0
48	1266954.0
49	1236663.5
50	1207934.5
51	1183615.5
52	1155948.0
53	1125154.5
54	1095444.0
55	1064033.5
56	1028175.0
57	984065.0
58	937145.5
59	878274.5
60	817639.5
61	750624.5
62	681346.5
63	621846.5
64	553526.0
65	490546.5
66	429959.5
67	375167.5
68	321198.0
69	272570.5
70	229643.0
71	193509.5
72	161402.5
73	133697.0
74	107933.0
75	88789.0
76	74124.0
77	60827.0
78	48716.5
79	39322.0
80	31146.5
81	25216.5
82	20103.5
83	16232.5
84	12667.0
85	9857.0
86	7423.0
87	5648.0
88	4333.0
89	3320.0
90	2389.5
91	1845.5
92	1445.5
93	1225.0
94	985.5
95	829.5
96	701.5
97	631.0
98	576.5
99	819.0
100	1059.0
>>END_MODULE
>>Per base N content	pass
#Base	N-Count
1	8.80433750970018E-4
2	2.6413012529100535E-5
3	1.760867501940036E-4
4	0.0
5	9.728792948218698E-4
6	6.427166382081131E-4
7	8.188033884021166E-4
8	2.8173880031040575E-4
9	5.810862756402118E-4
10	2.641301252910054E-4
11	3.785865129171077E-4
12	0.001131357369996473
13	6.427166382081131E-4
14	4.974450692980601E-4
15	2.6853229404585546E-4
16	8.80433750970018E-6
17	8.055968821375663E-4
18	0.0
19	4.974450692980601E-4
20	0.001122553032486773
21	0.0015109658900111101
22	0.0010491808828839496
23	6.617505950240766E-5
24	1.766069599743284E-5
25	0.001458210729479197
26	1.945927366403573E-4
27	5.00192507718236E-4
28	0.0013025791155097917
29	1.1973864512884787E-4
30	0.0011409331199211275
31	9.021845309573734E-4
32	0.0010545077268719982
33	0.001314176412992456
34	1.6503610253951756E-4
35	0.0
36	3.1306931095144175E-4
37	5.553414306293909E-4
38	8.969972255427315E-5
39	5.794533392278861E-4
40	2.7446466679112067E-4
41	6.761124382196625E-5
42	4.968231546689521E-4
43	2.3087282058320828E-4
44	0.0
45	0.0
46	9.214816115810335E-6
47	1.4203755236155187E-4
48	6.0485517246941196E-5
49	1.1589013707717194E-5
50	0.0
>>END_MODULE
>>Sequence Length Distribution	warn
#Length	Count
20	15365.0
21	16348.0
22	17213.0
23	17986.0
24	18690.0
25	19147.0
26	20025.0
27	20696.0
28	21495.0
29	23689.0
30	24482.0
31	25998.0
32	27423.0
33	28182.0
34	29332.0
35	30739.0
36	30660.0
37	31993.0
38	34251.0
39	37279.0
40	39424.0
41	44984.0
42	50591.0
43	65628.0
44	109643.0
45	210636.0
46	583002.0
47	1281715.0
48	2581736.0
49	3419742.0
50	1.3837982E7
>>END_MODULE
>>Sequence Duplication Levels	warn
#Total Duplicate Percentage	40.31601182103772
#Duplication Level	Relative count
1	100.0
2	26.43023131687209
3	12.04539295949286
4	6.545356007915849
5	4.108194217488771
6	2.726205237270182
7	1.998669743227597
8	1.4156559726065643
9	1.0617419794549232
10++	7.897783726525485
>>END_MODULE
>>Overrepresented sequences	pass
>>END_MODULE
>>Kmer Content	warn
#Sequence	Count	Obs/Exp Overall	Obs/Exp Max	Max Obs/Exp Position
AAAAA	6284110	4.104631	5.019257	46
TTTTT	6074800	3.6806126	4.2750797	13
CCTGG	2198545	3.0283165	3.8125265	9
>>END_MODULE
