##FastQC	0.10.1
>>Basic Statistics	pass
#Measure	Value	
Filename	030-F5_S6_L002_R2_001_trimmed.fq.gz	
File type	Conventional base calls	
Encoding	Sanger / Illumina 1.9	
Total Sequences	9582474	
Filtered Sequences	0	
Sequence length	20-51	
%GC	42	
>>END_MODULE
>>Per base sequence quality	pass
#Base	Mean	Median	Lower Quartile	Upper Quartile	10th Percentile	90th Percentile
1	34.711690321309504	36.0	36.0	36.0	32.0	36.0
2	34.71159441705764	36.0	36.0	36.0	32.0	36.0
3	34.68986819061549	36.0	36.0	36.0	32.0	36.0
4	34.68634164830502	36.0	36.0	36.0	32.0	36.0
5	34.66557488181027	36.0	36.0	36.0	32.0	36.0
6	34.664029143204566	36.0	36.0	36.0	32.0	36.0
7	34.64458771294344	36.0	36.0	36.0	32.0	36.0
8	34.61884227392634	36.0	36.0	36.0	32.0	36.0
9	34.61282190799579	36.0	36.0	36.0	32.0	36.0
10	34.59345947612276	36.0	36.0	36.0	32.0	36.0
11	34.57769914116125	36.0	36.0	36.0	32.0	36.0
12	34.55642801639743	36.0	36.0	36.0	32.0	36.0
13	34.56753047281944	36.0	36.0	36.0	32.0	36.0
14	34.55744048979418	36.0	36.0	36.0	32.0	36.0
15	34.542825161852775	36.0	36.0	36.0	32.0	36.0
16	34.52869885167442	36.0	36.0	36.0	32.0	36.0
17	34.49346024836592	36.0	36.0	36.0	32.0	36.0
18	34.49432192563215	36.0	36.0	36.0	32.0	36.0
19	34.45441344270801	36.0	36.0	36.0	32.0	36.0
20	34.46375643701199	36.0	36.0	36.0	32.0	36.0
21	34.439732768120386	36.0	36.0	36.0	32.0	36.0
22	34.44097144410692	36.0	36.0	36.0	32.0	36.0
23	34.42187328087455	36.0	36.0	36.0	32.0	36.0
24	34.3962616086946	36.0	36.0	36.0	32.0	36.0
25	34.38719105831687	36.0	36.0	36.0	32.0	36.0
26	34.33076990715357	36.0	36.0	36.0	32.0	36.0
27	34.341152949073475	36.0	36.0	36.0	32.0	36.0
28	34.30940515031251	36.0	36.0	36.0	32.0	36.0
29	34.277489755088006	36.0	36.0	36.0	32.0	36.0
30	34.271847393512935	36.0	36.0	36.0	32.0	36.0
31	34.24585606684754	36.0	36.0	36.0	32.0	36.0
32	34.232874595820974	36.0	36.0	36.0	32.0	36.0
33	34.1808371211125	36.0	36.0	36.0	32.0	36.0
34	34.16588238486973	36.0	36.0	36.0	32.0	36.0
35	34.11593183755157	36.0	36.0	36.0	32.0	36.0
36	34.10024868623727	36.0	36.0	36.0	32.0	36.0
37	34.08944696643557	36.0	36.0	36.0	32.0	36.0
38	34.04441605780205	36.0	36.0	36.0	32.0	36.0
39	34.04317158941451	36.0	36.0	36.0	32.0	36.0
40	34.02638099215665	36.0	36.0	36.0	32.0	36.0
41	34.00284211368078	36.0	36.0	36.0	32.0	36.0
42	33.97597771887735	36.0	36.0	36.0	32.0	36.0
43	33.95741680937578	36.0	36.0	36.0	32.0	36.0
44	33.91115037413699	36.0	36.0	36.0	32.0	36.0
45	33.91296196403857	36.0	36.0	36.0	32.0	36.0
46	33.88911980863126	36.0	36.0	36.0	32.0	36.0
47	33.89513308567288	36.0	36.0	36.0	32.0	36.0
48	33.87269175120271	36.0	36.0	36.0	32.0	36.0
49	33.93219936264787	36.0	36.0	36.0	32.0	36.0
50	34.01350849110788	36.0	36.0	36.0	32.0	36.0
51	34.15022053239532	36.0	36.0	36.0	32.0	36.0
>>END_MODULE
>>Per sequence quality scores	pass
#Quality	Count
14	643.0
15	1483.0
16	2970.0
17	5284.0
18	8181.0
19	12204.0
20	16899.0
21	22895.0
22	31253.0
23	41547.0
24	55636.0
25	73531.0
26	95969.0
27	122191.0
28	153629.0
29	191632.0
30	237450.0
31	298986.0
32	392676.0
33	558795.0
34	1020216.0
35	4063781.0
36	2174623.0
>>END_MODULE
>>Per base sequence content	pass
#Base	G	A	T	C
1	21.445797817974775	27.579099092781256	27.68056558254163	23.29453750670234
2	21.898238388123985	28.80748750270546	27.970866396298078	21.32340771287248
3	21.030038797913775	28.63448416348429	28.660489973674856	21.674987064927073
4	22.355051524272334	27.019588052104286	29.355112260153277	21.2702481634701
5	21.572341338990327	27.852713192856044	28.782180885646024	21.79276458250761
6	20.64199704585684	28.724617463089388	29.02950741113412	21.603878079919653
7	20.933675374438792	28.665165175506868	28.647727090102197	21.75343235995214
8	20.788107538825567	28.65764102255848	28.05478000775165	22.499471430864304
9	21.387942195303637	28.19433686958086	28.06898302046006	22.34873791465544
10	20.861251488916118	28.18033213552158	28.98752451611139	21.970891859450912
11	22.52904625673913	27.734914803838755	28.063316425382425	21.672722514039695
12	20.932976181307666	28.856618864815076	28.60890621774711	21.601498736130146
13	20.86459091879613	28.68091267453478	29.326831463356957	21.127664943312137
14	21.10795187130171	28.31291793747627	29.35707417520778	21.222056016014236
15	20.812861062811127	28.830185190171136	29.088844905814508	21.26810884120322
16	20.80790409658299	28.642509230914687	29.56505804242203	20.98452863008029
17	21.050263220124574	28.143441871065868	28.104047034200146	22.702247874609416
18	21.08884407095704	29.564463206474656	28.051899749480146	21.29479297308816
19	21.985209665061443	28.21883993632542	28.549443494446216	21.24650690416692
20	22.478850451355257	27.702198826733053	28.74979885152832	21.06915187038337
21	22.322513294622897	27.748258568822177	28.80894252709872	21.120285609456214
22	21.286625985532687	29.06455916810591	28.816868369868303	20.831946476493105
23	21.023345251203335	28.86809000805443	29.033115552946338	21.0754491877959
24	20.66890784134436	29.06760000197794	28.80070431507663	21.46278784160107
25	21.009009776539113	29.187958158297878	28.309165164053134	21.493866901109875
26	21.18117630845493	28.07427249580325	28.710295711004648	22.034255484737177
27	22.289464495175846	28.154176300284096	28.380520401798126	21.175838802741936
28	20.81940980452927	28.903705720947947	28.397456091362848	21.879428383159937
29	22.088031325187526	28.00413321404675	28.22005882471337	21.687776636052355
30	20.99200026657946	29.71832291615713	27.936395166453025	21.353281650810388
31	21.139064351703716	28.918058439963435	28.609354340523396	21.33352286780945
32	21.169386335520112	29.42366385885758	28.07076675987828	21.336183045744033
33	20.952892860206916	28.059241541680375	29.326216490387452	21.66164910772526
34	21.21120313595944	29.26468026636279	28.69416080658358	20.829955791094186
35	21.037739820068772	27.726534822403398	29.141718407454142	22.094006950073684
36	21.454539040973895	28.569826592465077	27.953717925659344	22.02191644090169
37	21.136730103449032	28.693793331114353	27.938951077207662	22.23052548822895
38	21.488408150272008	28.968761003082065	27.5696403288417	21.97319051780422
39	21.52988031327024	28.648227166033625	27.78213718852921	22.039755332166926
40	20.95643647452096	28.199807205163026	29.255152931903126	21.588603388412892
41	21.671834969522006	28.057568080129748	28.56651993411398	21.704077016234262
42	21.844584890167937	27.840994698069927	28.887773733202454	21.42664667855968
43	21.44993580609207	29.063380314808807	28.261465941173615	21.22521793792551
44	21.49533215281585	28.361058232983723	28.00788237452874	22.13572723967169
45	21.86611847239934	28.967432539187183	27.903557923673432	21.262891064740042
46	21.394748391698812	30.252130782800794	27.459623591683645	20.893497233816746
47	21.911366161418055	28.26144307222998	27.71901762434339	22.108173142008578
48	21.77329207949122	28.948272622531157	28.5719616621585	20.70647363581912
49	22.228830087774977	28.403416922620924	28.649580021675153	20.718172967928954
50	23.21345305637972	28.25452309266785	28.215911548604765	20.316112302347666
51	21.855312331674508	29.907291890291678	28.04268230557822	20.194713472455593
>>END_MODULE
>>Per base GC content	pass
#Base	%GC
1	44.74033532467712
2	43.221646100996466
3	42.70502586284085
4	43.625299687742434
5	43.365105921497936
6	42.24587512577649
7	42.687107734390935
8	43.287578969689875
9	43.736680109959075
10	42.83214334836703
11	44.20176877077882
12	42.53447491743781
13	41.992255862108266
14	42.33000788731594
15	42.080969904014346
16	41.79243272666328
17	43.75251109473399
18	42.3836370440452
19	43.23171656922836
20	43.54800232173862
21	43.44279890407911
22	42.11857246202579
23	42.098794438999235
24	42.13169568294543
25	42.502876677648985
26	43.2154317931921
27	43.465303297917785
28	42.698838187689205
29	43.775807961239884
30	42.34528191738984
31	42.47258721951317
32	42.50556938126414
33	42.614541967932176
34	42.04115892705363
35	43.131746770142456
36	43.47645548187558
37	43.367255591677974
38	43.46159866807623
39	43.56963564543717
40	42.54503986293385
41	43.37591198575627
42	43.27123156872762
43	42.67515374401758
44	43.63105939248754
45	43.12900953713938
46	42.28824562551556
47	44.01953930342663
48	42.479765715310336
49	42.947003055703924
50	43.52956535872738
51	42.0500258041301
>>END_MODULE
>>Per sequence GC content	warn
#GC Content	Count
0	8382.0
1	6696.0
2	4613.0
3	4630.0
4	5113.0
5	5758.0
6	6492.5
7	7263.5
8	8000.5
9	9615.5
10	11316.5
11	13858.0
12	16440.0
13	20427.0
14	24670.0
15	31680.0
16	39049.0
17	49619.0
18	60705.0
19	76034.5
20	91563.5
21	108548.5
22	126075.0
23	148106.0
24	171213.5
25	194820.5
26	241089.5
27	274517.0
28	317588.5
29	362883.5
30	413374.5
31	465031.0
32	518598.5
33	571711.5
34	612363.0
35	648608.0
36	656683.0
37	659560.5
38	648514.5
39	637048.5
40	623355.5
41	609002.0
42	602153.0
43	593495.0
44	576540.0
45	559390.0
46	543636.5
47	527193.0
48	511157.5
49	494585.0
50	478726.0
51	463206.0
52	446091.5
53	427237.0
54	407646.5
55	387116.5
56	365630.0
57	343882.0
58	320999.5
59	297035.5
60	272526.0
61	246750.0
62	222648.5
63	200129.0
64	176634.0
65	154721.0
66	136040.0
67	117772.0
68	99625.5
69	81256.0
70	67359.0
71	55534.0
72	46296.0
73	37668.0
74	30892.0
75	23441.0
76	19600.5
77	16422.5
78	13474.5
79	11073.5
80	8848.0
81	7334.0
82	6031.0
83	5020.0
84	4051.5
85	3327.0
86	2680.0
87	2275.5
88	1916.0
89	1665.5
90	1431.0
91	1282.5
92	1165.5
93	1132.0
94	1101.0
95	1194.5
96	1302.0
97	1517.5
98	2102.0
99	7255.5
100	12031.0
>>END_MODULE
>>Per base N content	pass
#Base	N-Count
1	0.0
2	0.0
3	0.0
4	0.0
5	0.0
6	0.0
7	0.0
8	0.0
9	0.0
10	0.0
11	0.0
12	0.0
13	0.0
14	0.0
15	0.0
16	0.0
17	0.0
18	0.0
19	0.0
20	0.0
21	0.0
22	0.0
23	0.0
24	0.0
25	0.0
26	0.0
27	0.0
28	0.0
29	0.0
30	0.0
31	0.0
32	0.0
33	0.0
34	0.0
35	0.0
36	0.0
37	0.0
38	0.0
39	0.0
40	0.0
41	0.0
42	0.0
43	0.0
44	0.0
45	0.0
46	0.0
47	0.0
48	0.0
49	0.0
50	0.0
51	0.0
>>END_MODULE
>>Sequence Length Distribution	warn
#Length	Count
20	18645.0
21	18864.0
22	19773.0
23	20355.0
24	20806.0
25	21955.0
26	22908.0
27	24050.0
28	24847.0
29	27209.0
30	27909.0
31	28015.0
32	29054.0
33	29495.0
34	30845.0
35	32676.0
36	30705.0
37	31919.0
38	33550.0
39	35747.0
40	36970.0
41	42841.0
42	42582.0
43	47644.0
44	55096.0
45	71725.0
46	113811.0
47	254734.0
48	513290.0
49	1026761.0
50	1439644.0
51	5408049.0
>>END_MODULE
>>Sequence Duplication Levels	warn
#Total Duplicate Percentage	23.950388136461626
#Duplication Level	Relative count
1	100.0
2	14.954619413230285
3	4.510728631718107
4	1.9385264656531245
5	1.0264656531245233
6	0.6610057456653277
7	0.45126353790613716
8	0.3406721919967458
9	0.27711394722123356
10++	2.9560939645090762
>>END_MODULE
>>Overrepresented sequences	warn
#Sequence	Count	Percentage	Possible Source
CAAGAAAACTGAAAATCATGGAAAATGAGAAACATCCACTTGACGACTTGA	12595	0.13143787293344078	No Hit
>>END_MODULE
>>Kmer Content	warn
#Sequence	Count	Obs/Exp Overall	Obs/Exp Max	Max Obs/Exp Position
GGGGG	1014185	5.2377863	7.335199	47
AAAAA	4084115	5.002906	6.3389106	47
TTTTT	3243170	4.0054045	6.59993	13
TTTTC	2142010	3.4994552	7.261877	4
GAAAA	2087265	3.409441	9.252806	4
AGAAA	1977115	3.2295167	8.677488	28
GCTGC	828125	3.1718948	3.5714412	22
GCAGC	826350	3.1599224	3.502243	19
TTTCT	1885935	3.0810995	5.0898485	21
CCAGG	768215	2.9376168	6.228023	35
AAGAA	1659735	2.7110925	6.0994163	2
GGAAA	1138930	2.4807546	9.338627	20
GAGAA	1107635	2.4125898	9.8163805	27
TCCAG	835615	2.4002025	5.032596	34
TTTCC	1105915	2.3900285	5.411038	22
AAAAT	1897585	2.3282845	6.4917603	22
TTTCA	1427370	2.3281186	5.242815	14
ATTTT	1874330	2.3110657	5.606755	2
GGTGG	579750	2.2490575	5.7515483	18
TCCTC	781485	2.2341084	6.200688	24
CCACC	585480	2.2104847	7.1189957	8
TTCCT	1013385	2.1900587	5.3850946	23
TGGAA	993095	2.1666467	6.557648	19
GAGGA	745420	2.165056	5.449195	2
TTCCA	1002020	2.1619577	5.227915	6
TTCAG	964630	2.094595	6.142955	15
TGAAA	1268895	2.0760686	7.402673	10
TCCAC	722310	2.0615637	6.7276897	35
CTGAA	947785	2.0546536	8.923922	9
AAACA	1245145	2.020957	5.0666203	30
AAATG	1227755	2.0087585	7.685062	23
CATTT	1231365	2.0084238	7.5629787	1
AAAAC	1192935	1.9362164	7.1083903	5
GTGGA	615575	1.7908514	7.3079615	47
TGAGA	815690	1.7796001	9.103352	26
CCACT	598515	1.7082374	6.913245	36
CACCT	579580	1.6541945	5.4432254	9
CATGG	562995	1.6274762	7.313244	17
GCCAT	563845	1.619576	5.040887	29
CAAGA	718395	1.5548255	6.5483932	1
AATGA	926830	1.5164081	7.053679	24
CATCC	531270	1.5163116	6.282432	33
AGTGG	515335	1.4992297	6.5591063	46
CTTGA	682565	1.4821198	7.564116	47
ATGAG	677210	1.4774767	8.711441	25
TCAGT	678870	1.4740965	5.3540454	16
CACTT	676230	1.4590335	7.6863685	37
ATGGA	668445	1.458354	5.9338136	18
ACTGA	671090	1.4548212	8.062753	8
AACTG	668995	1.4502796	8.086619	7
GAAAC	652035	1.4112023	5.395084	29
AAATC	847745	1.3782018	6.72845	13
AAACT	842610	1.3698537	6.430747	6
ACTTG	618965	1.3440189	6.4039783	46
AAGTG	599890	1.3087869	5.4439793	47
ATCCA	587455	1.2654207	5.1520605	34
TCATG	572220	1.242517	5.585303	16
AATCA	754765	1.2270417	6.563708	14
GACTT	494275	1.0732673	5.5559134	45
CGCCA	281000	1.0677024	5.665241	28
CTCGC	245400	0.93396145	5.560027	26
CCTCG	242535	0.92305756	5.901703	25
TCGCC	240075	0.9136952	5.5471134	27
CGTCC	193100	0.73491424	5.370781	40
GACGA	243650	0.7031793	5.7815437	42
TGACG	242265	0.7003268	5.705257	41
CGACT	170190	0.48885006	5.710047	44
ACGAC	169120	0.48498258	5.8035088	43
>>END_MODULE
