##FastQC	0.10.1
>>Basic Statistics	pass
#Measure	Value	
Filename	005-F0_S3_L001_R2_001_trimmed.fq.gz	
File type	Conventional base calls	
Encoding	Sanger / Illumina 1.9	
Total Sequences	20842672	
Filtered Sequences	0	
Sequence length	20-50	
%GC	45	
>>END_MODULE
>>Per base sequence quality	pass
#Base	Mean	Median	Lower Quartile	Upper Quartile	10th Percentile	90th Percentile
1	34.78846287078739	36.0	36.0	36.0	32.0	36.0
2	34.77231609267756	36.0	36.0	36.0	32.0	36.0
3	34.76021893929914	36.0	36.0	36.0	32.0	36.0
4	34.745685629942265	36.0	36.0	36.0	32.0	36.0
5	34.73620061765593	36.0	36.0	36.0	32.0	36.0
6	34.721754341285994	36.0	36.0	36.0	32.0	36.0
7	34.709465849676086	36.0	36.0	36.0	32.0	36.0
8	34.69583938182206	36.0	36.0	36.0	32.0	36.0
9	34.68809210258646	36.0	36.0	36.0	32.0	36.0
10	34.66184589960443	36.0	36.0	36.0	32.0	36.0
11	34.65641387054404	36.0	36.0	36.0	32.0	36.0
12	34.6451072588006	36.0	36.0	36.0	32.0	36.0
13	34.63372661624191	36.0	36.0	36.0	32.0	36.0
14	34.631183852051215	36.0	36.0	36.0	32.0	36.0
15	34.60813167332864	36.0	36.0	36.0	32.0	36.0
16	34.587480722241374	36.0	36.0	36.0	32.0	36.0
17	34.58120580700977	36.0	36.0	36.0	32.0	36.0
18	34.566108990248466	36.0	36.0	36.0	32.0	36.0
19	34.56145071035038	36.0	36.0	36.0	32.0	36.0
20	34.55369388339461	36.0	36.0	36.0	32.0	36.0
21	34.53763780731828	36.0	36.0	36.0	32.0	36.0
22	34.52583747654534	36.0	36.0	36.0	32.0	36.0
23	34.50932073520979	36.0	36.0	36.0	32.0	36.0
24	34.4803302790622	36.0	36.0	36.0	32.0	36.0
25	34.46875247090546	36.0	36.0	36.0	32.0	36.0
26	34.45094389699245	36.0	36.0	36.0	32.0	36.0
27	34.43697302912048	36.0	36.0	36.0	32.0	36.0
28	34.4096718466421	36.0	36.0	36.0	32.0	36.0
29	34.38412767861112	36.0	36.0	36.0	32.0	36.0
30	34.35845937759112	36.0	36.0	36.0	32.0	36.0
31	34.33227998055455	36.0	36.0	36.0	32.0	36.0
32	34.314481829099535	36.0	36.0	36.0	32.0	36.0
33	34.286308571437694	36.0	36.0	36.0	32.0	36.0
34	34.25905112448598	36.0	36.0	36.0	32.0	36.0
35	34.231082570946455	36.0	36.0	36.0	32.0	36.0
36	34.213191603444834	36.0	36.0	36.0	32.0	36.0
37	34.19021441821723	36.0	36.0	36.0	32.0	36.0
38	34.162976581515366	36.0	36.0	36.0	32.0	36.0
39	34.134211189332106	36.0	36.0	36.0	32.0	36.0
40	34.10930826214287	36.0	36.0	36.0	32.0	36.0
41	34.096974644943195	36.0	36.0	36.0	32.0	36.0
42	34.06403684863469	36.0	36.0	36.0	32.0	36.0
43	34.05304867294505	36.0	36.0	36.0	32.0	36.0
44	34.03672182906138	36.0	36.0	36.0	32.0	36.0
45	34.02720825231113	36.0	36.0	36.0	32.0	36.0
46	34.013540986857926	36.0	36.0	36.0	32.0	36.0
47	34.01266867103273	36.0	36.0	36.0	32.0	36.0
48	34.043962203235665	36.0	36.0	36.0	32.0	36.0
49	34.11771582804155	36.0	36.0	36.0	32.0	36.0
50	34.25427937599989	36.0	36.0	36.0	32.0	36.0
>>END_MODULE
>>Per sequence quality scores	pass
#Quality	Count
2	88.0
3	27.0
4	18.0
5	33.0
6	36.0
7	52.0
8	82.0
9	120.0
10	178.0
11	194.0
12	221.0
13	268.0
14	999.0
15	2037.0
16	3859.0
17	6492.0
18	10309.0
19	16196.0
20	24891.0
21	36700.0
22	53230.0
23	72872.0
24	100909.0
25	137078.0
26	183420.0
27	239260.0
28	306191.0
29	388482.0
30	488864.0
31	626072.0
32	840505.0
33	1249036.0
34	2408930.0
35	9421951.0
36	4223072.0
>>END_MODULE
>>Per base sequence content	pass
#Base	G	A	T	C
1	22.760954616137873	26.571453029051984	27.2601770995156	23.40741525529454
2	22.714620763132938	26.582741127858128	27.4835706585719	23.21906745043703
3	22.68837190733334	26.642595584709827	27.35198808595647	23.317044422000365
4	22.882669349619814	26.368801599598036	27.565275208653915	23.183253842128234
5	22.997754939078842	26.396891473303057	27.200467524687777	23.404886062930323
6	22.54065151254713	26.8154630026056	27.403952232919178	23.239933251928097
7	22.59840489559344	26.787119488970035	27.362254211793207	23.25222140364332
8	22.666490821977455	26.70915734735407	27.320913534277164	23.30343829639131
9	22.54310828216571	26.83617881034861	27.427300369247625	23.193412538238054
10	22.63719794227143	26.863715676427947	27.37569057724202	23.123395804058607
11	23.12163996117723	26.767980398790865	27.07268261896023	23.037697021071672
12	22.472724672636087	26.95851366921596	27.445589710933117	23.123171947214832
13	22.616596926740325	26.769905272232858	27.540487668402186	23.07301013262463
14	22.68049360175465	26.511297514893666	27.66795738940246	23.140251493949222
15	22.59518965711257	26.8209858844367	27.494922394513573	23.088902063937162
16	22.749174984018016	27.10504819552351	27.347902376468376	22.7978744439901
17	22.883689641134684	26.78748929416162	27.109934965226152	23.218886099477544
18	22.72432766004004	27.212234082371843	27.13844511966893	22.924993137919188
19	22.904975464612654	26.894983743056304	27.314640847520664	22.885399944810374
20	22.933061281650808	26.68202516606046	27.30357213732979	23.08134141495895
21	22.944840268075804	26.79685817488001	27.307202960665517	22.951098596378664
22	22.74913220339179	27.008933113860913	27.322589832416472	22.919344850330823
23	22.855318136059502	26.76201986663871	27.23110469649072	23.151557300811074
24	22.70196817285224	27.088180849703257	27.257743930126534	22.952107047317966
25	22.79423941503474	27.0182173155174	27.117978562219953	23.06956470722791
26	22.89243003844777	27.029113031844947	27.04890458390382	23.02955234580346
27	22.84824806462306	27.092588119909767	27.20099074089466	22.858173074572516
28	22.66707444291926	27.083686545154116	27.1340291914765	23.11520982045012
29	22.919223310580772	26.882869389939195	27.186038469831736	23.011868829648296
30	22.783196506257056	27.14932374630577	27.12338822377212	22.94409152366505
31	22.891542630049212	27.06439329389842	27.101621122064078	22.942442953988287
32	22.86777047170406	27.10376546807422	27.0376459317471	22.99081812847462
33	22.750100755644887	26.989226754432927	27.252578411540235	23.008094078381955
34	22.91936685427582	27.27116083709901	27.081717268493342	22.72775504013182
35	22.88935880177876	26.94172838357008	27.067173446156655	23.101739368494506
36	22.959626126491287	27.212874650242703	26.929633474881616	22.897865748384397
37	22.759442956933913	27.107106532192066	27.087931473018322	23.045519037855698
38	22.8024945978113	26.971053869732753	27.095258950098888	23.13119258235706
39	22.734134109055343	27.104004922089135	27.11637346861997	23.04548750023555
40	22.817716435020607	27.07405759070453	27.202330351758526	22.905895622516336
41	23.02095600374539	27.048418406206228	27.02218172225097	22.908443867797416
42	22.908212044967936	27.164514361419474	27.054590899721255	22.872682693891335
43	22.88604717314311	27.270802028393508	27.00068759807956	22.842463200383822
44	22.9446351609435	26.975612730001586	26.955694343534397	23.124057765520526
45	22.794614882306576	27.186741514308466	27.095583272261887	22.92306033112307
46	22.84684268277455	27.34228835219271	26.881570270042772	22.92929869498997
47	22.879077155318214	27.15710768024034	26.994634090081238	22.969181074360208
48	22.87319727884698	27.54323065479228	27.143612928277555	22.439959138083182
49	23.059551721371466	27.72786497856181	27.24132911295583	21.971254187110894
50	23.076052895217085	27.496462995492145	27.253287260304308	22.174196848986462
>>END_MODULE
>>Per base GC content	pass
#Base	%GC
1	46.16836987143241
2	45.93368821356997
3	46.005416329333706
4	46.06592319174805
5	46.40264100200917
6	45.78058476447522
7	45.85062629923676
8	45.96992911836877
9	45.73652082040376
10	45.76059374633004
11	46.1593369822489
12	45.59589661985092
13	45.68960705936496
14	45.82074509570388
15	45.68409172104973
16	45.547049428008116
17	46.10257574061223
18	45.64932079795923
19	45.79037540942303
20	46.01440269660976
21	45.89593886445447
22	45.66847705372262
23	46.00687543687057
24	45.654075220170206
25	45.86380412226265
26	45.92198238425123
27	45.70642113919558
28	45.782284263369384
29	45.93109214022907
30	45.72728802992211
31	45.8339855840375
32	45.85858860017868
33	45.75819483402684
34	45.64712189440765
35	45.99109817027326
36	45.857491874875684
37	45.804961994789615
38	45.933687180168356
39	45.77962160929089
40	45.72361205753695
41	45.929399871542806
42	45.78089473885927
43	45.72851037352693
44	46.068692926464024
45	45.71767521342965
46	45.77614137776452
47	45.84825822967842
48	45.31315641693016
49	45.03080590848236
50	45.25024974420354
>>END_MODULE
>>Per sequence GC content	pass
#GC Content	Count
0	6054.0
1	5107.5
2	3988.0
3	4170.5
4	4599.0
5	5208.0
6	6007.5
7	7059.5
8	8090.0
9	10020.0
10	12275.0
11	16070.5
12	19941.5
13	25741.0
14	32601.0
15	43780.5
16	56052.0
17	73865.0
18	93197.5
19	117207.5
20	142205.0
21	174926.0
22	209190.5
23	250890.0
24	295286.5
25	338696.0
26	389555.0
27	448788.0
28	512188.5
29	582241.5
30	654323.0
31	731658.0
32	812575.5
33	895208.5
34	979694.0
35	1056989.5
36	1130303.5
37	1188174.0
38	1234232.0
39	1269676.5
40	1301990.5
41	1323172.5
42	1341166.5
43	1346068.5
44	1345069.0
45	1331318.0
46	1316023.5
47	1294052.5
48	1270464.0
49	1245418.0
50	1218903.5
51	1195007.0
52	1169214.0
53	1140687.5
54	1111965.5
55	1081598.0
56	1047806.5
57	1004994.5
58	958769.5
59	902011.5
60	841578.5
61	773717.5
62	705529.5
63	644010.5
64	571515.0
65	503772.5
66	438666.0
67	379301.5
68	321589.0
69	269629.5
70	224103.5
71	185444.5
72	151652.0
73	122405.0
74	95442.0
75	75916.5
76	61382.0
77	48186.5
78	36424.5
79	27919.0
80	20476.5
81	15061.0
82	11150.5
83	8502.0
84	6219.0
85	4799.0
86	3723.0
87	3075.5
88	2522.5
89	2012.0
90	1669.5
91	1473.5
92	1334.0
93	1261.5
94	1200.5
95	1189.5
96	1190.5
97	1267.5
98	1839.5
99	6755.5
100	11188.0
>>END_MODULE
>>Per base N content	pass
#Base	N-Count
1	0.009403784697086822
2	0.01062243842823991
3	0.013088532986557577
4	0.02368698216812125
5	0.012968586753176367
6	0.017838403828453475
7	0.014551877033808332
8	0.029281274493020853
9	0.01828460381663157
10	0.030221652962729537
11	0.011154999704452481
12	0.02035247688012362
13	0.021767842434021894
14	0.016518995261260168
15	0.017353821045593385
16	0.032203164738187115
17	0.022756199397083062
18	0.016850046865392307
19	0.02601393909571671
20	0.03087416047232332
21	0.01859354232712178
22	0.017111406538813746
23	0.021699511125337904
24	0.0305968320913417
25	0.0187199564017464
26	0.027793066753166472
27	0.030508872549062732
28	0.033994860373244354
29	0.027596142382913864
30	0.029530326668382033
31	0.0367387607692628
32	0.02484395496480274
33	0.02381746058783887
34	0.02446063817234277
35	0.019401795558039055
36	0.008302633513635662
37	0.017272802263785313
38	0.014333603615912101
39	0.00825693160983205
40	0.00851454263364857
41	0.007358716887126714
42	0.011144408541588425
43	0.003685656403952939
44	0.00404322183188954
45	0.0027198851543017255
46	9.852429876936726E-4
47	0.002870807998037894
48	7.179740410255115E-4
49	1.7997509836850496E-4
50	7.031237831619655E-4
>>END_MODULE
>>Sequence Length Distribution	warn
#Length	Count
20	50507.0
21	51614.0
22	53449.0
23	54247.0
24	55884.0
25	57465.0
26	59884.0
27	62421.0
28	64649.0
29	68638.0
30	69983.0
31	72336.0
32	73278.0
33	73368.0
34	74729.0
35	75185.0
36	77226.0
37	80738.0
38	83525.0
39	87490.0
40	90499.0
41	95425.0
42	100528.0
43	115920.0
44	159061.0
45	259027.0
46	597062.0
47	1225557.0
48	2406534.0
49	3210868.0
50	1.1235575E7
>>END_MODULE
>>Sequence Duplication Levels	warn
#Total Duplicate Percentage	34.01193176215364
#Duplication Level	Relative count
1	100.0
2	21.900520782743186
3	9.428633337567339
4	4.926888678018784
5	3.040265397461091
6	1.9075442515896202
7	1.282156653242377
8	0.9093150623519655
9	0.7202791455277688
10++	5.319904062404268
>>END_MODULE
>>Overrepresented sequences	pass
>>END_MODULE
>>Kmer Content	warn
#Sequence	Count	Obs/Exp Overall	Obs/Exp Max	Max Obs/Exp Position
AAAAA	4983430	3.843767	4.6936903	46
TTTTT	4438990	3.2573392	3.8947654	13
>>END_MODULE
