##FastQC	0.10.1
>>Basic Statistics	pass
#Measure	Value	
Filename	001-F5_S2_L003_R1_001.fastq.gz	
File type	Conventional base calls	
Encoding	Sanger / Illumina 1.9	
Total Sequences	20476413	
Filtered Sequences	0	
Sequence length	35-76	
%GC	45	
>>END_MODULE
>>Per base sequence quality	pass
#Base	Mean	Median	Lower Quartile	Upper Quartile	10th Percentile	90th Percentile
1	31.412217608621198	32.0	32.0	32.0	32.0	32.0
2	31.465399970199858	32.0	32.0	32.0	32.0	32.0
3	31.520268418106237	32.0	32.0	32.0	32.0	32.0
4	31.592269603079405	32.0	32.0	32.0	32.0	32.0
5	31.5603020411827	32.0	32.0	32.0	32.0	32.0
6	35.156356682198194	36.0	36.0	36.0	36.0	36.0
7	35.16833993336626	36.0	36.0	36.0	36.0	36.0
8	35.11046006934906	36.0	36.0	36.0	36.0	36.0
9	35.23856111907882	36.0	36.0	36.0	36.0	36.0
10-14	35.17017863431452	36.0	36.0	36.0	36.0	36.0
15-19	35.128703909224726	36.0	36.0	36.0	36.0	36.0
20-24	35.08376151623821	36.0	36.0	36.0	36.0	36.0
25-29	34.98032463986735	36.0	36.0	36.0	36.0	36.0
30-34	34.90212127485414	36.0	36.0	36.0	36.0	36.0
35-39	34.88462921332683	36.0	36.0	36.0	36.0	36.0
40-44	34.83879269256939	36.0	36.0	36.0	36.0	36.0
45-49	34.74864569268115	36.0	36.0	36.0	35.2	36.0
50-54	34.63452929924619	36.0	36.0	36.0	32.0	36.0
55-59	34.48410684288723	36.0	36.0	36.0	32.0	36.0
60-64	34.329886813452774	36.0	36.0	36.0	32.0	36.0
65-69	34.19585757451334	36.0	36.0	36.0	32.0	36.0
70-74	34.091255591290725	36.0	36.0	36.0	32.0	36.0
75-76	33.43035963552178	36.0	34.0	36.0	26.5	36.0
>>END_MODULE
>>Per sequence quality scores	pass
#Quality	Count
2	42888.0
3	0.0
4	0.0
5	0.0
6	0.0
7	0.0
8	0.0
9	0.0
10	0.0
11	0.0
12	0.0
13	0.0
14	0.0
15	0.0
16	3.0
17	13.0
18	110.0
19	626.0
20	2645.0
21	6859.0
22	14269.0
23	25665.0
24	44703.0
25	76821.0
26	121709.0
27	180802.0
28	252325.0
29	335609.0
30	435111.0
31	564613.0
32	761563.0
33	1177586.0
34	2713757.0
35	1.3718736E7
>>END_MODULE
>>Per base sequence content	fail
#Base	G	A	T	C
1	41.72221279605415	19.152246016524764	12.487180438624566	26.638360748796515
2	15.786679492747306	19.95056516875389	36.956138308294385	27.30661703020442
3	18.705541805274688	21.76344831791602	28.52170076211042	31.009309114698873
4	13.033413580686762	15.448737875785085	35.61358687268664	35.904261670841514
5	14.67539252282707	35.23353900024592	34.314402434234914	15.776666042692094
6	34.13461863259654	35.28923884154661	16.39203520457593	14.18410732128092
7	30.16097613329869	29.670921526123216	20.670165935750397	19.497936404827694
8	26.00274304115418	35.46244713038988	19.854919794798008	18.679890033657923
9	24.57621482343355	16.158053982364766	20.256294496421933	39.009436697779755
10-14	23.898133475030495	23.239651980620312	28.405588628145022	24.45662591620417
15-19	22.341874573897346	28.364994578205575	26.357622002707288	22.935508845189794
20-24	22.454617889295864	26.99766661868975	27.650877334048108	22.89683815796628
25-29	22.295624685095245	27.061556560623234	27.596542765206035	23.046275989075486
30-34	22.328708530685194	27.113194637900268	27.68876158871564	22.8693352426989
35-39	22.384548083922798	27.316638538694505	27.53099345159621	22.76781992578649
40-44	22.486772003005807	27.22114260639775	27.546733094134957	22.74535229646149
45-49	22.47786325707837	27.361499766956403	27.389869161782226	22.770767814183003
50-54	22.50051277635023	27.43599312583347	27.36487260376154	22.69862149405476
55-59	22.521958655034233	27.35873211725713	27.29465824274424	22.824650984964403
60-64	22.621012442744828	27.40132721591072	27.271288879049848	22.7063714622946
65-69	22.643004995175666	27.47727816035523	27.2454046840353	22.634312160433804
70-74	22.9184769842942	27.714376480543052	27.20103278761937	22.166113747543378
75-76	26.92530841804448	35.03129058770735	28.16576793539441	9.87763305885375
>>END_MODULE
>>Per base GC content	fail
#Base	%GC
1	68.36057354485067
2	43.093296522951725
3	49.714850919973564
4	48.937675251528276
5	30.452058565519163
6	48.31872595387746
7	49.65891253812638
8	44.6826330748121
9	63.58565152121331
10-14	48.354759391234666
15-19	45.277383419087144
20-24	45.35145604726214
25-29	45.34190067417073
30-34	45.19804377338409
35-39	45.152368009709285
40-44	45.232124299467294
45-49	45.24863107126137
50-54	45.19913427040499
55-59	45.34660963999863
60-64	45.32738390503943
65-69	45.27731715560947
70-74	45.08459073183758
75-76	36.80294147689823
>>END_MODULE
>>Per sequence GC content	warn
#GC Content	Count
0	42902.0
1	21460.0
2	29.5
3	62.0
4	84.5
5	130.5
6	256.5
7	495.0
8	660.0
9	853.5
10	1398.0
11	2314.0
12	2916.0
13	3969.0
14	6489.0
15	10486.5
16	16379.5
17	20940.5
18	28454.0
19	42639.0
20	60379.0
21	73581.0
22	92398.0
23	125702.0
24	161561.5
25	186268.5
26	217106.5
27	266236.5
28	315813.5
29	350701.0
30	393653.5
31	459238.0
32	523012.5
33	567842.5
34	624562.0
35	705398.5
36	773385.5
37	816425.0
38	851741.5
39	889766.5
40	904439.0
41	904417.5
42	911179.5
43	914775.0
44	905694.5
45	888081.0
46	876801.5
47	861805.0
48	834735.5
49	808433.0
50	791432.5
51	771639.5
52	742151.5
53	717845.5
54	705962.5
55	691018.5
56	666856.5
57	641170.5
58	616964.0
59	584453.5
60	537603.5
61	482363.5
62	437015.5
63	394458.5
64	340696.0
65	291452.0
66	241785.0
67	205284.5
68	177303.0
69	143603.5
70	112165.0
71	91187.0
72	75743.5
73	59706.0
74	45602.0
75	36270.5
76	30344.5
77	24177.0
78	18079.5
79	14099.5
80	11934.5
81	9382.5
82	6620.5
83	4913.5
84	3928.0
85	2969.5
86	2054.5
87	1482.5
88	1197.0
89	875.5
90	613.5
91	425.5
92	329.0
93	400.0
94	355.0
95	201.5
96	163.0
97	125.0
98	70.0
99	45.0
100	40.0
>>END_MODULE
>>Per base N content	pass
#Base	N-Count
1	0.23757579025193523
2	0.21022725025130135
3	0.2094653980655694
4	0.20963144277271611
5	0.20945074706199765
6	0.24185388329489155
7	0.21187304631919662
8	0.20945074706199765
9	0.20945074706199765
10-14	0.2098814865670076
15-19	0.20978576667700538
20-24	0.20988050983343615
25-29	0.21122156502703868
30-34	0.21116198427918015
35-39	0.0516007891657029
40-44	0.002620320242473029
45-49	0.0010823547542132758
50-54	0.0012522274781442489
55-59	0.0025850848346909284
60-64	0.0018723928619897067
65-69	0.0010869937348077648
70-74	0.003051126380587823
75-76	0.01467374733204594
>>END_MODULE
>>Sequence Length Distribution	warn
#Length	Count
35	57384.0
36	21736.0
37	28249.0
38	30445.0
39	33042.0
40	33352.0
41	35294.0
42	38059.0
43	41537.0
44	45168.0
45	48769.0
46	49951.0
47	51660.0
48	52871.0
49	54894.0
50	54898.0
51	56540.0
52	58236.0
53	60215.0
54	63544.0
55	65188.0
56	67193.0
57	68600.0
58	69171.0
59	70330.0
60	71081.0
61	70537.0
62	72420.0
63	73695.0
64	77666.0
65	79073.0
66	80674.0
67	82516.0
68	81294.0
69	86689.0
70	89583.0
71	104929.0
72	180064.0
73	501143.0
74	1337978.0
75	4125170.0
76	1.2105575E7
>>END_MODULE
>>Sequence Duplication Levels	warn
#Total Duplicate Percentage	34.126578546508775
#Duplication Level	Relative count
1	100.0
2	22.431914306387487
3	9.344393140333734
4	4.887400323738055
5	2.7681841577216
6	1.8618667899954497
7	1.270336195257312
8	0.9070633079465011
9	0.6922325244854878
10++	5.024653324282592
>>END_MODULE
>>Overrepresented sequences	warn
#Sequence	Count	Percentage	Possible Source
NNNNNNNNNNNNNNNNNNNNNNNNNNNNNNNNNNN	42888	0.20945074706199765	No Hit
>>END_MODULE
>>Kmer Content	warn
#Sequence	Count	Obs/Exp Overall	Obs/Exp Max	Max Obs/Exp Position
AAAAA	7701580	3.7714286	7.003764	72
TTTTT	7180470	3.4291193	6.135386	72
CCTGG	3278850	3.0827293	11.920284	3
CCAGG	3144880	2.971647	12.975621	3
CCCAG	2972500	2.8034766	11.183941	2
CTGGG	2928625	2.7586443	9.9386015	4
CCAGC	2785730	2.627327	6.7506084	3
GGAGG	2719435	2.579336	5.92655	6
CAGCA	3173235	2.5416725	6.9976783	4
GCTGG	2666990	2.5121946	5.826518	3
TGCTG	3108810	2.4698527	6.463075	2
TCCAG	3086080	2.459491	10.00285	2
AGGAG	2952660	2.3739243	7.4107976	5
CAGGA	2944315	2.3627605	10.472522	4
CAGCC	2496385	2.3544347	5.5035734	9
CTCCA	2957110	2.3522718	7.4674716	1
CTCCT	2934800	2.3228397	6.7388773	1
CTGGA	2888515	2.3063796	8.853064	4
GGCTG	2439340	2.2977576	8.090039	7
TCCTG	2878740	2.2827654	9.303501	2
AGCAG	2839250	2.2784476	5.409717	7
CTGCT	2857920	2.2662556	6.5368037	9
GGCAG	2366555	2.2404115	6.0013523	7
CCTGC	2370380	2.2244046	6.310124	3
CAGAG	2765260	2.219072	7.58456	4
GCAGG	2338475	2.213828	6.42404	3
GCTGC	2348545	2.2080696	5.5297685	8
CTGCA	2766745	2.204993	6.7100496	4
CTGCC	2324625	2.1814673	5.669037	9
TGCAG	2730250	2.1800103	6.6149106	2
CCCTG	2301950	2.1601887	8.691752	2
GCCTG	2291800	2.1547186	6.9498286	7
CTCTG	2715465	2.1532924	7.1958213	2
TGGAG	2655235	2.1241107	6.442886	5
CAGGG	2229425	2.110591	9.001222	4
AGCTG	2594535	2.0716465	5.8178997	7
CACAG	2547165	2.0402079	7.213668	7
CAGGC	2152710	2.0341299	5.968286	4
GGAGA	2521400	2.0271935	5.67087	6
GCCAG	2143570	2.0254931	5.119943	2
CTGGC	2132865	2.0052903	5.183285	4
CTGTG	2515640	1.9985975	8.762533	9
GGGAG	2105545	1.9970721	5.1318245	7
CAGAA	2904820	1.9759632	5.546175	4
CTCAG	2450305	1.952802	6.0418706	2
CCCCA	2063025	1.9420549	6.425417	1
CTGAG	2425265	1.9364903	5.6065974	4
TTCTG	2848360	1.9086077	5.1907477	2
CCAGA	2343475	1.8770579	6.8526487	3
GGCCA	1964720	1.856495	5.6382475	1
CCTCT	2318485	1.835038	5.303359	1
CAGTG	2296300	1.8335162	6.4711103	9
TGGGG	1936265	1.8273207	5.4104567	5
CACTG	2287430	1.8229966	7.5297656	7
TCTGG	2293150	1.821836	6.1440096	3
ACCTG	2243875	1.788285	5.1053104	7
TGGCC	1874680	1.7625482	5.241766	5
CCTGA	2144115	1.7087799	5.5641956	3
GAGAG	2113375	1.6991433	5.5232697	7
GCCCA	1794315	1.6922861	6.883941	1
ACAGA	2485465	1.6907028	5.9404263	8
TCAGG	2082305	1.6626487	5.7550616	3
TGGGC	1717600	1.6179085	5.994449	5
CCTGT	2023425	1.6045228	5.333943	8
ACAGG	1975660	1.585432	5.056647	8
ACACA	2309775	1.5682354	6.391837	6
AGCCT	1965150	1.5661514	5.004715	6
CACAC	1943290	1.5535918	6.670533	5
GTGTG	1936600	1.5414692	6.2263255	1
TGTGT	2233725	1.4995798	5.765237	10
ACAGC	1843975	1.4769723	5.755349	8
GCTGT	1841960	1.4633796	5.1968813	8
CTGTC	1829120	1.4504441	5.8568683	9
GACAG	1806435	1.4496319	7.1057076	7
GCCCT	1510310	1.4173005	5.323898	1
GGGCT	1504240	1.4169321	5.6500816	6
AGACA	2018980	1.3733828	5.513329	6
AGGGC	1441590	1.3647494	5.319195	5
GGACA	1612745	1.2941991	6.295802	6
GTCCT	1608915	1.2758274	7.9858828	1
ACTGC	1576135	1.256121	5.313152	8
AGGAC	1530790	1.2284317	8.335334	5
GTGCT	1536610	1.2207886	5.3672743	1
TGTGC	1500895	1.1924142	5.6600695	10
GTCCA	1490045	1.1875105	6.761729	1
AGCAC	1479930	1.1853825	5.640335	5
GTCTT	1689615	1.1321646	5.030097	1
TGGAC	1391575	1.1111245	6.0583577	5
GTGCA	1374875	1.0977902	5.577414	1
TGCAC	1362960	1.0862285	5.4711223	5
ACAGT	1591845	1.0774103	5.606175	8
ACTGT	1582565	1.065768	6.3319697	8
GACTG	1310295	1.0462252	6.128047	7
GGACC	1066975	1.0082016	5.2277656	6
AGACT	1476425	0.9992904	5.2427435	6
ACACT	1419245	0.9587815	5.064302	6
GGACT	1190360	0.9504613	5.313019	6
TGTAG	1372370	0.92595595	5.057866	2
TAGGA	1164870	0.7899068	5.139962	4
GTGTA	967655	0.6528895	5.46284	1
>>END_MODULE
