##FastQC	0.10.1
>>Basic Statistics	pass
#Measure	Value	
Filename	KS25_S6_L004_R2_001_trimmed.fq.gz	
File type	Conventional base calls	
Encoding	Sanger / Illumina 1.9	
Total Sequences	14388073	
Filtered Sequences	0	
Sequence length	20-50	
%GC	45	
>>END_MODULE
>>Per base sequence quality	pass
#Base	Mean	Median	Lower Quartile	Upper Quartile	10th Percentile	90th Percentile
1	34.841592060312735	36.0	36.0	36.0	36.0	36.0
2	34.83390506845496	36.0	36.0	36.0	36.0	36.0
3	34.82304322475984	36.0	36.0	36.0	36.0	36.0
4	34.810223231422306	36.0	36.0	36.0	36.0	36.0
5	34.78953373394756	36.0	36.0	36.0	32.0	36.0
6	34.77042617173266	36.0	36.0	36.0	32.0	36.0
7	34.76037270592108	36.0	36.0	36.0	32.0	36.0
8	34.75321205278844	36.0	36.0	36.0	32.0	36.0
9	34.73355632821713	36.0	36.0	36.0	32.0	36.0
10	34.70501470210778	36.0	36.0	36.0	32.0	36.0
11	34.695554435955394	36.0	36.0	36.0	32.0	36.0
12	34.681685587778155	36.0	36.0	36.0	32.0	36.0
13	34.65984576252845	36.0	36.0	36.0	32.0	36.0
14	34.64679474450818	36.0	36.0	36.0	32.0	36.0
15	34.631207389620556	36.0	36.0	36.0	32.0	36.0
16	34.6134549081034	36.0	36.0	36.0	32.0	36.0
17	34.59636332120361	36.0	36.0	36.0	32.0	36.0
18	34.57634062601712	36.0	36.0	36.0	32.0	36.0
19	34.54571234104803	36.0	36.0	36.0	32.0	36.0
20	34.54267002954461	36.0	36.0	36.0	32.0	36.0
21	34.52815957195184	36.0	36.0	36.0	32.0	36.0
22	34.518535462821674	36.0	36.0	36.0	32.0	36.0
23	34.5018924836316	36.0	36.0	36.0	32.0	36.0
24	34.474483724744516	36.0	36.0	36.0	32.0	36.0
25	34.4562363162599	36.0	36.0	36.0	32.0	36.0
26	34.41952099303076	36.0	36.0	36.0	32.0	36.0
27	34.40582906091495	36.0	36.0	36.0	32.0	36.0
28	34.38260548449894	36.0	36.0	36.0	32.0	36.0
29	34.355464721939235	36.0	36.0	36.0	32.0	36.0
30	34.34702374147799	36.0	36.0	36.0	32.0	36.0
31	34.319533849654334	36.0	36.0	36.0	32.0	36.0
32	34.30651263018508	36.0	36.0	36.0	32.0	36.0
33	34.265569443282075	36.0	36.0	36.0	32.0	36.0
34	34.2286695603381	36.0	36.0	36.0	32.0	36.0
35	34.19512425487314	36.0	36.0	36.0	32.0	36.0
36	34.175597791972095	36.0	36.0	36.0	32.0	36.0
37	34.16885083888513	36.0	36.0	36.0	32.0	36.0
38	34.135549827030246	36.0	36.0	36.0	32.0	36.0
39	34.10356310607284	36.0	36.0	36.0	32.0	36.0
40	34.08990411285435	36.0	36.0	36.0	32.0	36.0
41	34.05807146935734	36.0	36.0	36.0	32.0	36.0
42	34.04176320450169	36.0	36.0	36.0	32.0	36.0
43	34.02879940664794	36.0	36.0	36.0	32.0	36.0
44	33.999561363398975	36.0	36.0	36.0	32.0	36.0
45	33.97760602593043	36.0	36.0	36.0	32.0	36.0
46	33.984637349578016	36.0	36.0	36.0	32.0	36.0
47	33.98122015426277	36.0	36.0	36.0	32.0	36.0
48	33.99932581233624	36.0	36.0	36.0	32.0	36.0
49	34.08615079209901	36.0	36.0	36.0	32.0	36.0
50	34.252669424876736	36.0	36.0	36.0	32.0	36.0
>>END_MODULE
>>Per sequence quality scores	pass
#Quality	Count
14	1092.0
15	2222.0
16	4085.0
17	6688.0
18	10323.0
19	15486.0
20	22395.0
21	31503.0
22	42755.0
23	57968.0
24	77497.0
25	101338.0
26	132173.0
27	166640.0
28	209939.0
29	261025.0
30	327494.0
31	417702.0
32	559151.0
33	824264.0
34	1553310.0
35	6384140.0
36	3178883.0
>>END_MODULE
>>Per base sequence content	pass
#Base	G	A	T	C
1	22.784364521920345	26.4002274661798	26.764383249932077	24.051024761967778
2	22.87453643027805	26.80713393655982	27.211128272701977	23.107201360460152
3	22.434755508955227	26.95058608612842	27.275118773723207	23.339539631193144
4	22.851600766829584	26.327027948773964	27.81083332007003	23.010537964326424
5	23.057083460724726	26.44923333374803	27.285968037554436	23.207715167972808
6	22.36868689782155	26.858975486154403	27.641839181661087	23.130498434362963
7	22.393172456103052	26.904978866871193	27.36627066042826	23.3355780165975
8	22.50015690078859	26.774127431797158	27.128365278658233	23.59735038875602
9	22.61022028453706	26.838604446891534	27.08014478380809	23.471030484763318
10	22.380738546433562	26.867058569969725	27.435564164846816	23.3166387187499
11	23.380622269570082	26.54090648553145	26.930117744050925	23.148353500847545
12	22.307872638677885	27.160760165728938	27.531442188262456	22.999925007330724
13	22.290399833250778	26.92253507471084	27.916816935805095	22.87024815623329
14	22.49792588625315	26.578326367957683	27.8837895804393	23.03995816534987
15	22.279911979873887	27.02437637062308	27.715122101479466	22.980589548023563
16	22.359755889478734	27.2478670354258	27.68412420481881	22.708252870276652
17	22.57964635014015	26.90522212390777	26.945651443386474	23.569480082565608
18	22.590558165780784	27.56328105924956	26.958488464716574	22.88767231025308
19	22.94028533216366	26.976691041253403	27.19676915734303	22.886254469239905
20	22.982563405120338	26.628479018698336	27.42711967057715	22.961837905604177
21	22.932544465028204	26.63139831914195	27.523559758249792	22.912497457580045
22	22.450213476142046	27.34918051222422	27.552418416724368	22.64818759490937
23	22.481250109122655	27.098790048013967	27.460295067656045	22.959664775207333
24	22.312595805882477	27.445534895815882	27.356084007159147	22.885785291142493
25	22.392291500958454	27.388814212874507	27.304690683958704	22.914203602208335
26	22.68242807445821	27.035601979399672	27.156818372990088	23.125151573152028
27	22.979072061609212	27.056766798098096	27.15711138439018	22.807049755902508
28	22.360742952369097	27.22066155653013	27.182979080939507	23.23561641016127
29	22.977368769885597	26.82059694509753	27.10457500829185	23.09745927672503
30	22.443686499660057	27.653695287556758	27.03013331908205	22.872484893701134
31	22.626887607104162	27.228982555153287	27.294116244871457	22.850013592871093
32	22.57461626525177	27.40290888109078	27.019346578741317	23.003128274916136
33	22.370121986949716	26.98509840465005	27.676043175119514	22.96873643328072
34	22.61611415867555	27.549337702976835	27.322588712165647	22.511959426181967
35	22.621013446340584	26.901724841078178	27.22079747304508	23.256464239536157
36	22.866721018196504	27.36482152924221	26.792060844010514	22.976396608550772
37	22.516334723939114	27.296843232407227	26.970015445704227	23.216806597949436
38	22.663737772438648	27.34139622266581	26.71220904500827	23.282656959887277
39	22.716768736243655	27.20803062000347	26.878334822804177	23.196865820948695
40	22.54269334396234	27.113309349249313	27.512485945292358	22.831511361495984
41	22.924174494767584	27.030558821999932	27.039974642197006	23.00529204103547
42	22.825072857270033	27.072025033851688	27.253509330884455	22.849392777993824
43	22.777934389463738	27.359528199843208	27.112359430802485	22.75017797989057
44	22.802093045622787	26.993155702992343	26.944032540364837	23.260718711020033
45	22.684154999263427	27.459945924952645	26.877448741051353	22.978450334732578
46	22.62118805681783	27.94883129084561	26.62087528817352	22.80910536416304
47	22.9984446924138	27.206275057754915	26.723304580317908	23.071975669513375
48	22.886167106696686	27.633075526987806	27.27411884737203	22.206638518943475
49	23.048911401799003	27.59010568338959	27.498582565797037	21.862400349014365
50	23.417588109627115	27.295290813342305	27.410336944180962	21.87678413284962
>>END_MODULE
>>Per base GC content	pass
#Base	%GC
1	46.83538928388812
2	45.9817377907382
3	45.77429514014837
4	45.862138731156
5	46.264798628697534
6	45.49918533218451
7	45.72875047270055
8	46.09750728954461
9	46.08125076930038
10	45.69737726518346
11	46.528975770417624
12	45.30779764600861
13	45.16064798948406
14	45.537884051603015
15	45.260501527897446
16	45.068008759755394
17	46.149126432705756
18	45.478230476033865
19	45.82653980140356
20	45.944401310724515
21	45.845041922608246
22	45.09840107105141
23	45.440914884329985
24	45.19838109702497
25	45.30649510316679
26	45.80757964761023
27	45.78612181751172
28	45.59635936253037
29	46.07482804661063
30	45.316171393361195
31	45.47690119997526
32	45.577744540167906
33	45.33885842023044
34	45.12807358485752
35	45.87747768587674
36	45.84311762674728
37	45.733141321888546
38	45.94639473232592
39	45.913634557192346
40	45.374204705458325
41	45.92946653580305
42	45.67446563526386
43	45.528112369354304
44	46.062811756642816
45	45.662605333996005
46	45.430293420980874
47	46.07042036192718
48	45.09280562564017
49	44.91131175081337
50	45.29437224247673
>>END_MODULE
>>Per sequence GC content	pass
#GC Content	Count
0	9524.0
1	7696.5
2	5329.5
3	5193.0
4	5687.0
5	6316.0
6	7032.5
7	7882.0
8	8666.0
9	10347.5
10	12243.5
11	15122.5
12	18082.0
13	22651.0
14	27991.5
15	36097.0
16	44796.0
17	57856.5
18	72062.0
19	89711.0
20	107847.0
21	129904.5
22	152984.5
23	181412.5
24	211952.5
25	241248.5
26	275826.5
27	318385.5
28	364506.5
29	419097.5
30	475416.0
31	534267.5
32	594874.0
33	655280.0
34	714439.5
35	763478.0
36	807252.0
37	830561.5
38	846131.5
39	855968.5
40	865744.5
41	868422.5
42	869469.0
43	867775.0
44	863062.0
45	853353.5
46	843232.0
47	832200.5
48	821686.0
49	811550.0
50	800770.0
51	788589.0
52	774189.5
53	757721.0
54	740795.0
55	719504.5
56	694849.0
57	666341.0
58	636640.5
59	597711.5
60	556678.5
61	512156.5
62	466582.5
63	426521.5
64	379974.0
65	337113.5
66	295410.0
67	257267.0
68	220216.0
69	186443.0
70	157025.5
71	132135.5
72	109640.5
73	90457.0
74	73266.5
75	60572.0
76	50692.5
77	41302.5
78	33103.5
79	26654.5
80	20923.0
81	17047.0
82	13881.5
83	11147.5
84	8682.5
85	6842.5
86	5265.5
87	4215.5
88	3529.0
89	2888.0
90	2315.0
91	1946.5
92	1670.0
93	1531.5
94	1387.5
95	1332.0
96	1302.0
97	1429.0
98	2095.5
99	8340.5
100	14056.0
>>END_MODULE
>>Per base N content	pass
#Base	N-Count
1	0.0
2	0.0
3	0.0
4	0.0
5	0.0
6	0.0
7	0.0
8	0.0
9	0.0
10	0.0
11	0.0
12	0.0
13	0.0
14	0.0
15	0.0
16	0.0
17	0.0
18	0.0
19	0.0
20	0.0
21	0.0
22	0.0
23	0.0
24	0.0
25	0.0
26	0.0
27	0.0
28	0.0
29	0.0
30	0.0
31	0.0
32	0.0
33	0.0
34	0.0
35	0.0
36	0.0
37	0.0
38	0.0
39	0.0
40	0.0
41	0.0
42	0.0
43	0.0
44	0.0
45	0.0
46	0.0
47	0.0
48	0.0
49	0.0
50	0.0
>>END_MODULE
>>Sequence Length Distribution	warn
#Length	Count
20	21839.0
21	22945.0
22	24539.0
23	24873.0
24	25574.0
25	26005.0
26	27281.0
27	28051.0
28	28478.0
29	31103.0
30	31761.0
31	33241.0
32	34489.0
33	36211.0
34	37180.0
35	38918.0
36	37940.0
37	38520.0
38	40041.0
39	43017.0
40	45100.0
41	51383.0
42	55519.0
43	66663.0
44	96822.0
45	165592.0
46	404222.0
47	850374.0
48	1714799.0
49	2297501.0
50	8008092.0
>>END_MODULE
>>Sequence Duplication Levels	warn
#Total Duplicate Percentage	30.753617943237785
#Duplication Level	Relative count
1	100.0
2	20.537341262554207
3	7.928750017657113
4	3.8965716949415903
5	2.116028420889071
6	1.2932069554899495
7	0.901925331600582
8	0.6102298249826961
9	0.45979122229598973
10++	3.5130592007684376
>>END_MODULE
>>Overrepresented sequences	pass
>>END_MODULE
>>Kmer Content	warn
#Sequence	Count	Obs/Exp Overall	Obs/Exp Max	Max Obs/Exp Position
AAAAA	4404555	4.7510614	6.238417	46
TTTTT	3569970	3.7349665	5.2453027	13
GGGGG	1203065	3.1622803	4.2020845	46
GAAAA	2152270	2.7742772	5.0702763	4
AGAAA	2120400	2.7331967	5.143075	28
GAGAA	1396370	2.1508899	5.0788245	27
>>END_MODULE
