##FastQC	0.10.1
>>Basic Statistics	pass
#Measure	Value	
Filename	040-F0_S2_L004_R1_001_trimmed.fq.gz	
File type	Conventional base calls	
Encoding	Sanger / Illumina 1.9	
Total Sequences	13217881	
Filtered Sequences	0	
Sequence length	20-51	
%GC	43	
>>END_MODULE
>>Per base sequence quality	pass
#Base	Mean	Median	Lower Quartile	Upper Quartile	10th Percentile	90th Percentile
1	35.146521972773094	36.0	36.0	36.0	36.0	36.0
2	35.12888722481311	36.0	36.0	36.0	36.0	36.0
3	35.11256115863049	36.0	36.0	36.0	36.0	36.0
4	35.10398837756218	36.0	36.0	36.0	36.0	36.0
5	35.07937641441922	36.0	36.0	36.0	36.0	36.0
6	35.04282804482806	36.0	36.0	36.0	36.0	36.0
7	35.020039747672115	36.0	36.0	36.0	36.0	36.0
8	35.00585456927627	36.0	36.0	36.0	36.0	36.0
9	34.99342209239136	36.0	36.0	36.0	36.0	36.0
10	34.95973968898646	36.0	36.0	36.0	36.0	36.0
11	34.9633334571555	36.0	36.0	36.0	36.0	36.0
12	34.937882554699954	36.0	36.0	36.0	36.0	36.0
13	34.93212777448972	36.0	36.0	36.0	36.0	36.0
14	34.917929507763006	36.0	36.0	36.0	36.0	36.0
15	34.90731472011285	36.0	36.0	36.0	36.0	36.0
16	34.88840858833576	36.0	36.0	36.0	36.0	36.0
17	34.870016608562295	36.0	36.0	36.0	36.0	36.0
18	34.86236205334274	36.0	36.0	36.0	36.0	36.0
19	34.82911648243769	36.0	36.0	36.0	36.0	36.0
20	34.837200758578476	36.0	36.0	36.0	36.0	36.0
21	34.81432924376676	36.0	36.0	36.0	36.0	36.0
22	34.80654338775639	36.0	36.0	36.0	36.0	36.0
23	34.794259912139516	36.0	36.0	36.0	36.0	36.0
24	34.777270368511516	36.0	36.0	36.0	36.0	36.0
25	34.77213894963511	36.0	36.0	36.0	36.0	36.0
26	34.748720447987566	36.0	36.0	36.0	36.0	36.0
27	34.74124473573223	36.0	36.0	36.0	36.0	36.0
28	34.727367095458966	36.0	36.0	36.0	32.0	36.0
29	34.713116607408644	36.0	36.0	36.0	32.0	36.0
30	34.70217145290858	36.0	36.0	36.0	32.0	36.0
31	34.68428377546929	36.0	36.0	36.0	32.0	36.0
32	34.666941138864985	36.0	36.0	36.0	32.0	36.0
33	34.61943693391276	36.0	36.0	36.0	32.0	36.0
34	34.61465882798637	36.0	36.0	36.0	32.0	36.0
35	34.58183816091968	36.0	36.0	36.0	32.0	36.0
36	34.560851719425266	36.0	36.0	36.0	32.0	36.0
37	34.55391303662553	36.0	36.0	36.0	32.0	36.0
38	34.530148592654754	36.0	36.0	36.0	32.0	36.0
39	34.50651968264828	36.0	36.0	36.0	32.0	36.0
40	34.49536084882325	36.0	36.0	36.0	32.0	36.0
41	34.47941790696876	36.0	36.0	36.0	32.0	36.0
42	34.43998508278587	36.0	36.0	36.0	32.0	36.0
43	34.42621511811674	36.0	36.0	36.0	32.0	36.0
44	34.4038827051938	36.0	36.0	36.0	32.0	36.0
45	34.39010268307129	36.0	36.0	36.0	32.0	36.0
46	34.36099209905028	36.0	36.0	36.0	32.0	36.0
47	34.37397275641	36.0	36.0	36.0	32.0	36.0
48	34.351105395288414	36.0	36.0	36.0	32.0	36.0
49	34.40395171083419	36.0	36.0	36.0	32.0	36.0
50	34.45521964677807	36.0	36.0	36.0	32.0	36.0
51	34.55564322152771	36.0	36.0	36.0	32.0	36.0
>>END_MODULE
>>Per sequence quality scores	pass
#Quality	Count
8	1.0
9	2.0
10	9.0
11	16.0
12	26.0
13	35.0
14	61.0
15	112.0
16	256.0
17	659.0
18	1382.0
19	2887.0
20	5357.0
21	9350.0
22	15621.0
23	24544.0
24	37836.0
25	56872.0
26	82763.0
27	115876.0
28	157989.0
29	208024.0
30	269673.0
31	355138.0
32	480329.0
33	711468.0
34	1376347.0
35	6011892.0
36	3293356.0
>>END_MODULE
>>Per base sequence content	pass
#Base	G	A	T	C
1	21.718072895676226	27.38085195736877	27.595236764062697	23.305838382892308
2	21.948173929753406	28.209540648206044	27.84555599561654	21.99672942642401
3	21.380289948270807	28.093418949717712	28.194327756920078	22.331963345091403
4	22.251078327441736	27.021434604468013	28.761920008425072	21.96556705966518
5	21.83342902586316	27.553040506878627	28.275799665614564	22.337730801643644
6	21.069355041637415	28.264055157746004	28.47450623208902	22.19208356852756
7	21.292186053401753	28.19407946975475	28.290081484064487	22.223652992779005
8	21.204699357778846	28.08316199139019	27.929966141666934	22.782172509164024
9	21.53488636019732	27.81549042157189	27.968503162545773	22.681120055685017
10	21.23514137637514	27.851773471872214	28.541706433536163	22.371378718216484
11	22.43250941832415	27.52884887821792	27.883331183419664	22.155310520038267
12	21.207989256870498	28.29785704828734	28.34806226475762	22.146091430084542
13	21.175967607621217	28.123035537939078	28.824316103351595	21.876680751088106
14	21.382580639742958	27.801762865485287	28.954918434350525	21.860738060421237
15	21.177594461875422	28.250013070394075	28.634188080360488	21.93820438737001
16	21.154008682886253	28.315191842847614	28.916747177956044	21.614052296310096
17	21.403815906510832	27.86003833339033	27.932734372848362	22.80341138725047
18	21.350063016630067	28.872382888106102	27.93445725726265	21.843096838001184
19	21.954738781317445	27.89084742664361	28.32840109088411	21.826012701154834
20	22.288470712318805	27.55030773089464	28.418915018304208	21.742306538482346
21	22.20626661623163	27.56008245264575	28.482784498787446	21.75086643233517
22	21.479682646216922	28.44093491201103	28.532992753706736	21.54638968806531
23	21.34604008632332	28.21867460343744	28.62405574374261	21.811229566496635
24	21.09802011933715	28.49974222165834	28.467902146763425	21.934335512241088
25	21.308601527739988	28.565556900560402	28.11204432036411	22.0137972513355
26	21.446419520417837	27.86088662981861	28.352867096462347	22.339826753301207
27	22.103777204631527	27.96480344378859	28.193443813806958	21.737975537772925
28	21.15557458620458	28.367905650709652	28.23838480207062	22.238134961015152
29	22.054869046035268	27.72185380190723	28.136157004435486	22.08712014762202
30	21.345047907368205	28.868895954407815	27.9050172995095	21.88103883871449
31	21.422054135849105	28.383498267616492	28.358709239948393	21.835738356586006
32	21.472772358384024	28.68933114762648	27.966038997262622	21.87185749672688
33	21.305959096837615	27.754222889320783	28.833193735922833	22.10662427791877
34	21.51380450655697	28.653338177577183	28.396745120636936	21.436112195228915
35	21.37672234157688	27.568966663394594	28.687828579096937	22.36648241593159
36	21.712597053640835	28.155148810717034	27.888663169420518	22.243590966221618
37	21.421692060908722	28.14572714682089	27.962484693379082	22.470096098891307
38	21.66542894941	28.30235233034401	27.696325908098927	22.335892812147065
39	21.643638840481223	28.236057062637975	27.81617709691735	22.30412699996345
40	21.324478380755934	27.92548354943978	28.786836468481347	21.96320160132294
41	21.836184497434203	27.794968630463003	28.332228357354595	22.036618514748195
42	21.913718614315663	27.670984820134453	28.51548475459756	21.899811810952325
43	21.658704198799622	28.4565689744361	28.11723448907262	21.767492337691664
44	21.710125831709707	27.95719028602769	27.918585194349372	22.414098687913235
45	21.866150596118512	28.365903331448877	27.95900196385979	21.80894410857282
46	21.598018480561517	29.29868243501727	27.55512979453797	21.548169289883244
47	21.9494168883826	27.932726413393734	27.791026062999258	22.326830635224407
48	21.897771651194958	28.46713669440291	28.31503913188901	21.320052522513123
49	22.185319931138604	28.13433310856276	28.42984109259033	21.25050586770831
50	22.864940538650774	28.0946993560981	28.173489039929507	20.86687106532162
51	21.750724024814005	29.298883668073433	28.167979930255942	20.78241237685662
>>END_MODULE
>>Per base GC content	pass
#Base	%GC
1	45.023911278568534
2	43.94490335617742
3	43.71225329336221
4	44.216645387106915
5	44.171159827506806
6	43.26143861016497
7	43.51583904618076
8	43.98687186694287
9	44.21600641588233
10	43.60652009459162
11	44.587819938362415
12	43.354080686955044
13	43.05264835870933
14	43.24331870016419
15	43.11579884924543
16	42.76806097919635
17	44.207227293761306
18	43.19315985463125
19	43.78075148247228
20	44.03077725080115
21	43.9571330485668
22	43.02607233428223
23	43.157269652819956
24	43.032355631578234
25	43.322398779075485
26	43.786246273719044
27	43.84175274240445
28	43.39370954721973
29	44.14198919365728
30	43.226086746082686
31	43.25779249243511
32	43.3446298551109
33	43.41258337475638
34	42.94991670178588
35	43.74320475750847
36	43.956188019862445
37	43.89178815980003
38	44.00132176155706
39	43.94776584044467
40	43.28767998207888
41	43.8728030121824
42	43.813530425267984
43	43.42619653649128
44	44.12422451962294
45	43.67509470469133
46	43.14618777044476
47	44.27624752360701
48	43.21782417370808
49	43.43582579884691
50	43.73181160397239
51	42.53313640167063
>>END_MODULE
>>Per sequence GC content	warn
#GC Content	Count
0	5939.0
1	5384.5
2	3930.5
3	3353.0
4	3734.0
5	4331.5
6	5002.0
7	6019.5
8	7013.5
9	8614.0
10	10283.0
11	13399.5
12	16613.0
13	21725.5
14	27184.0
15	36007.5
16	45230.5
17	59347.5
18	73830.0
19	93110.0
20	112782.5
21	136725.5
22	161210.5
23	190865.5
24	221356.5
25	253776.5
26	317472.0
27	360555.0
28	412833.0
29	467379.5
30	528116.5
31	590601.0
32	657976.5
33	725805.5
34	780729.5
35	831149.5
36	849229.5
37	862051.0
38	858167.0
39	853321.0
40	842054.5
41	829725.5
42	823893.0
43	815455.5
44	796205.5
45	775741.0
46	756162.0
47	735778.0
48	714911.5
49	694510.0
50	673553.5
51	651442.0
52	629165.0
53	605802.0
54	581221.0
55	555815.5
56	530400.5
57	503531.0
58	472148.5
59	438111.5
60	403828.0
61	368389.5
62	333489.0
63	300678.5
64	266506.0
65	233999.0
66	205974.5
67	178765.0
68	151733.5
69	124387.5
70	104058.0
71	86025.0
72	71628.0
73	58440.5
74	47713.0
75	35704.5
76	29833.5
77	24949.5
78	20334.5
79	16472.0
80	12949.0
81	10617.5
82	8551.5
83	6964.0
84	5467.0
85	4373.0
86	3362.5
87	2697.5
88	2097.0
89	1619.5
90	1185.5
91	990.0
92	825.0
93	713.0
94	585.0
95	511.0
96	453.0
97	392.5
98	340.5
99	457.0
100	576.0
>>END_MODULE
>>Per base N content	pass
#Base	N-Count
1	4.539305505927917E-4
2	1.2104814682474446E-4
3	4.539305505927917E-5
4	0.0014298812343672938
5	0.0015131018353093057
6	6.203717524768153E-4
7	0.0034044791294459377
8	0.0012104814682474445
9	0.005152111749228186
10	0.001664412018840236
11	0.0022393907162577722
12	9.910817021275952E-4
13	0.0015433638720154918
14	0.008352322130907367
15	0.007474723066427971
16	0.009895686002922859
17	0.009116438557738566
18	0.005560649244761698
19	0.010932160760109734
20	0.007383936956309411
21	0.013202983101545104
22	0.013462481126928747
23	0.012326259923379726
24	0.010031735726813705
25	0.006793962574101414
26	0.00935964540445606
27	0.016709656913381783
28	0.011771149265213943
29	0.009691260514806812
30	0.006698861662130466
31	0.010553469023797958
32	0.01449367477211994
33	0.020546866683997772
34	0.013526720502394484
35	0.010451931906828403
36	0.009232064282567799
37	0.01175853447618694
38	0.009941950274291447
39	0.011105208201478593
40	0.010523148330932723
41	0.010751454069086178
42	0.007621645377899461
43	0.009950936245709504
44	0.008641946076967054
45	0.007264423825868477
46	0.006401055126064105
47	0.006187796946994793
48	0.006264668402379567
49	0.007873641093907632
50	0.0063458320595536355
51	0.005671495411297233
>>END_MODULE
>>Sequence Length Distribution	warn
#Length	Count
20	16319.0
21	16771.0
22	17780.0
23	18738.0
24	18969.0
25	19833.0
26	21231.0
27	22396.0
28	23165.0
29	25542.0
30	26148.0
31	26713.0
32	27997.0
33	28494.0
34	29783.0
35	31471.0
36	30308.0
37	32011.0
38	33438.0
39	35948.0
40	37471.0
41	42288.0
42	43287.0
43	48309.0
44	57966.0
45	81300.0
46	138127.0
47	342063.0
48	722082.0
49	1447499.0
50	1978707.0
51	7775727.0
>>END_MODULE
>>Sequence Duplication Levels	warn
#Total Duplicate Percentage	26.589699868573415
#Duplication Level	Relative count
1	100.0
2	17.325994649060924
3	5.886698523832976
4	2.6914424907157213
5	1.4774981032118946
6	0.9543839099125481
7	0.6296005430803839
8	0.4532325262555406
9	0.3420873986715828
10++	3.346999081555233
>>END_MODULE
>>Overrepresented sequences	pass
>>END_MODULE
>>Kmer Content	warn
#Sequence	Count	Obs/Exp Overall	Obs/Exp Max	Max Obs/Exp Position
AAAAA	4335825	4.1095085	4.99725	47
TTTTT	4297450	3.994244	5.814072	13
GAAAA	2495925	3.0786972	7.3285046	4
TTTTC	2553015	3.042241	5.6277866	4
AGAAA	2461210	3.0358765	6.8689613	28
CCAGG	1134255	2.969605	5.1283507	35
GGAAA	1463570	2.3494496	7.268171	20
GAGAA	1451850	2.3306355	7.47424	27
AAAAT	2376725	2.2438726	5.18552	22
CCACC	850665	2.1446052	5.2917075	8
TGGAA	1317100	2.1060686	5.2518616	19
TGAAA	1626180	1.9980443	5.809195	10
CTGAA	1245280	1.9539849	6.7265434	9
AAATG	1553870	1.9091991	5.875786	23
CATTT	1555940	1.8613671	5.661615	1
AAAAC	1504030	1.8205067	5.449025	5
GTGGA	825045	1.7169144	5.288259	47
TGAGA	1065095	1.7031077	6.77503	26
CATGG	770020	1.5724376	5.509857	17
AATGA	1182720	1.4531767	5.3606696	24
ATGAG	872020	1.394377	6.419757	25
CTTGA	888625	1.3889091	5.419552	47
CACTT	900955	1.3818433	5.636949	37
AACTG	879260	1.379658	6.0092864	7
ACTGA	867735	1.3615742	5.9886193	8
AAATC	1071625	1.2920513	5.1390004	13
>>END_MODULE
