##FastQC	0.10.1
>>Basic Statistics	pass
#Measure	Value	
Filename	KS30_S4_L001_R2_001.fastq.gz	
File type	Conventional base calls	
Encoding	Sanger / Illumina 1.9	
Total Sequences	25364427	
Filtered Sequences	0	
Sequence length	35-75	
%GC	45	
>>END_MODULE
>>Per base sequence quality	pass
#Base	Mean	Median	Lower Quartile	Upper Quartile	10th Percentile	90th Percentile
1	31.44881057238155	32.0	32.0	32.0	32.0	32.0
2	31.27494072702687	32.0	32.0	32.0	32.0	32.0
3	31.346633180398673	32.0	32.0	32.0	32.0	32.0
4	31.380195736335775	32.0	32.0	32.0	32.0	32.0
5	31.362294917996767	32.0	32.0	32.0	32.0	32.0
6	35.09757054634035	36.0	36.0	36.0	36.0	36.0
7	35.09026992803741	36.0	36.0	36.0	36.0	36.0
8	35.03807312501087	36.0	36.0	36.0	36.0	36.0
9	35.125915282848695	36.0	36.0	36.0	36.0	36.0
10	34.9890683909398	36.0	36.0	36.0	36.0	36.0
11	35.106656578522355	36.0	36.0	36.0	36.0	36.0
12	35.02294958210568	36.0	36.0	36.0	36.0	36.0
13	35.0583645354969	36.0	36.0	36.0	36.0	36.0
14	35.00196263057707	36.0	36.0	36.0	36.0	36.0
15	34.976800264401795	36.0	36.0	36.0	36.0	36.0
16	34.98605547052177	36.0	36.0	36.0	36.0	36.0
17	34.974426309728976	36.0	36.0	36.0	36.0	36.0
18	34.96440018140366	36.0	36.0	36.0	36.0	36.0
19	34.959806661510626	36.0	36.0	36.0	36.0	36.0
20	34.93908082370637	36.0	36.0	36.0	36.0	36.0
21	34.92950903247292	36.0	36.0	36.0	36.0	36.0
22	34.92576217077563	36.0	36.0	36.0	36.0	36.0
23	34.90469222900245	36.0	36.0	36.0	36.0	36.0
24	34.90127744655931	36.0	36.0	36.0	36.0	36.0
25	34.879378114869304	36.0	36.0	36.0	36.0	36.0
26	34.870053244254244	36.0	36.0	36.0	36.0	36.0
27	34.85405761383847	36.0	36.0	36.0	36.0	36.0
28	34.84843391100458	36.0	36.0	36.0	36.0	36.0
29	34.83221091491639	36.0	36.0	36.0	36.0	36.0
30	34.81181826027452	36.0	36.0	36.0	36.0	36.0
31	34.79912643009834	36.0	36.0	36.0	36.0	36.0
32	34.78734496939355	36.0	36.0	36.0	36.0	36.0
33	34.77403830175229	36.0	36.0	36.0	36.0	36.0
34	34.76247151177513	36.0	36.0	36.0	36.0	36.0
35	34.741469775761146	36.0	36.0	36.0	32.0	36.0
36	34.73567931391613	36.0	36.0	36.0	32.0	36.0
37	34.725256416421935	36.0	36.0	36.0	32.0	36.0
38	34.711864915767094	36.0	36.0	36.0	32.0	36.0
39	34.69800509510432	36.0	36.0	36.0	32.0	36.0
40	34.68714699773339	36.0	36.0	36.0	32.0	36.0
41	34.67314541604924	36.0	36.0	36.0	32.0	36.0
42	34.66112432322628	36.0	36.0	36.0	32.0	36.0
43	34.64490993093766	36.0	36.0	36.0	32.0	36.0
44	34.626755743416865	36.0	36.0	36.0	32.0	36.0
45	34.60668516914902	36.0	36.0	36.0	32.0	36.0
46	34.59365876083381	36.0	36.0	36.0	32.0	36.0
47	34.569610259271705	36.0	36.0	36.0	32.0	36.0
48	34.542390956346274	36.0	36.0	36.0	32.0	36.0
49	34.53162803880009	36.0	36.0	36.0	32.0	36.0
50	34.50212988282803	36.0	36.0	36.0	32.0	36.0
51	34.479428762993585	36.0	36.0	36.0	32.0	36.0
52	34.46467271297505	36.0	36.0	36.0	32.0	36.0
53	34.43337060244836	36.0	36.0	36.0	32.0	36.0
54	34.3963610445878	36.0	36.0	36.0	32.0	36.0
55	34.3694590949587	36.0	36.0	36.0	32.0	36.0
56	34.34428243235408	36.0	36.0	36.0	32.0	36.0
57	34.329592725107815	36.0	36.0	36.0	32.0	36.0
58	34.308907598166954	36.0	36.0	36.0	32.0	36.0
59	34.26525319608302	36.0	36.0	36.0	32.0	36.0
60	34.24873901776196	36.0	36.0	36.0	32.0	36.0
61	34.207251594816825	36.0	36.0	36.0	32.0	36.0
62	34.18318601598398	36.0	36.0	36.0	32.0	36.0
63	34.15524202831301	36.0	36.0	36.0	32.0	36.0
64	34.12746643673936	36.0	36.0	36.0	32.0	36.0
65	34.083532523953465	36.0	36.0	36.0	32.0	36.0
66	34.06276995428884	36.0	36.0	36.0	32.0	36.0
67	34.03693806465105	36.0	36.0	36.0	32.0	36.0
68	33.99929324306772	36.0	36.0	36.0	32.0	36.0
69	33.969231463268734	36.0	36.0	36.0	32.0	36.0
70	33.94717180978305	36.0	36.0	36.0	32.0	36.0
71	33.907366103428274	36.0	36.0	36.0	32.0	36.0
72	33.8840309044809	36.0	36.0	36.0	32.0	36.0
73	33.85762541353256	36.0	36.0	36.0	32.0	36.0
74	33.82715123605019	36.0	36.0	36.0	27.0	36.0
75	32.840565962070734	36.0	32.0	36.0	14.0	36.0
>>END_MODULE
>>Per sequence quality scores	pass
#Quality	Count
2	9153.0
3	0.0
4	0.0
5	0.0
6	0.0
7	0.0
8	0.0
9	0.0
10	0.0
11	0.0
12	0.0
13	0.0
14	1079.0
15	3623.0
16	6266.0
17	9129.0
18	12474.0
19	16709.0
20	22476.0
21	31959.0
22	46507.0
23	68146.0
24	99533.0
25	141853.0
26	196730.0
27	261989.0
28	339406.0
29	432169.0
30	549012.0
31	714939.0
32	983803.0
33	1551817.0
34	3463934.0
35	1.6401721E7
>>END_MODULE
>>Per base sequence content	fail
#Base	G	A	T	C
1	44.89990590453495	17.963097690290876	11.205099743923116	25.931896661251063
2	17.27563701919848	19.734818501223696	35.99545445135541	26.994090028222416
3	20.094287534407844	21.245442635022798	28.802862297051618	29.857407533517737
4	13.743465983036868	14.59070743795694	36.1207821883377	35.54504439066849
5	15.220965588528676	34.65363814431904	35.01525946774651	15.110136799405769
6	34.66444890321438	35.108656289811734	16.285937197917878	13.94095760905601
7	30.392643360903925	30.01905639039831	20.60410784754288	18.984192401154885
8	26.847053595240183	34.19105626703146	20.00046617520284	18.961423962525508
9	25.05484263352863	15.630065760677642	20.144097042690213	39.17099456310352
10	14.465290337623642	27.21511114413514	34.7998408536228	23.519757664618414
11	34.384167964424286	22.799587967379097	23.6102556020495	19.205988466147122
12	22.14907636178572	24.26823705395572	31.139698983335773	22.44298760092279
13	27.961314872795302	20.6246164013057	26.225687799705895	25.188380926193105
14	20.638230925842095	20.53644145198352	27.347324268710327	31.478003353464057
15	22.928989053717185	29.245844474013573	23.365462349174376	24.459704123094863
16	22.924469283984074	28.616409351364137	25.329160315916916	23.12996104873487
17	21.74873361652491	28.063475078202664	27.488707083189084	22.699084222083343
18	22.1846665904695	27.876370020690764	27.911621069446934	22.0273423193928
19	22.56728521253606	27.3165022787764	27.69341005741054	22.422802451277
20	22.641151501656026	27.193096000461285	27.750597370787634	22.41515512709506
21	22.528015276032907	26.890030847231234	27.532989783506185	23.048964093229678
22	22.4121774428468	26.798262957047907	27.785327817794435	23.004231782310853
23	22.438964769223162	26.902619944079486	27.584280887676467	23.074134399020892
24	22.490823802574564	26.718196774367335	27.87002814483488	22.92095127822322
25	22.68927561185101	26.71911965928666	27.439032999603945	23.15257172925838
26	22.20572335365021	27.027509148589758	27.677196468079973	23.08957102968006
27	22.236726765405887	27.071338294352486	27.739822492156858	22.952112448084765
28	22.411309773264527	26.9215154212098	27.728629554545535	22.93854525098013
29	22.08251427296743	27.140740029076397	27.90644265962182	22.870303038334352
30	22.292490311877522	27.199911150634776	27.711236723373606	22.796361814114096
31	22.630159705629683	27.243444499949003	27.455893397168573	22.670502397252736
32	22.094290915570465	27.343096351473072	27.819352297277483	22.743260435678984
33	22.219972854562723	27.141154144104302	27.93836895629682	22.70050404503615
34	22.24529697450716	26.83064675222993	28.09880500601177	22.825251267251147
35	22.152412945724823	27.119470292452764	27.938353180486235	22.789763581336175
36	22.316781059864425	27.500670644740755	27.74867015910758	22.433878136287237
37	22.433327666817384	27.262327561995388	27.577570743703195	22.726774027484037
38	22.28619294334695	27.580365766973003	27.595972819971916	22.53746846970813
39	22.313230100194456	27.4184396860769	27.808589614207175	22.459740599521467
40	22.2872430323564	27.20553067816555	27.80429786528301	22.702928424195036
41	22.33635784616531	27.340106966363475	27.832847349438584	22.490687838032635
42	22.234343775262612	27.429938519038586	27.84575951702084	22.489958188677964
43	22.38117491910887	27.184588441663387	27.69828780980095	22.735948829426796
44	22.26022923422823	27.527251780618467	27.771907551452284	22.440611433701015
45	22.300872595816777	27.470398495900678	27.68084556022371	22.547883348058832
46	22.45584132311345	27.55076273952206	27.530479115830502	22.46291682153398
47	22.228966507908122	27.64656573946659	27.719852028698096	22.404615723927197
48	22.18139007831278	27.556915945146176	27.655642635884405	22.60605134065664
49	22.372464978622762	27.398934408336594	27.753588907115095	22.475011705925546
50	22.308625733318493	27.556713938218415	27.68120717340498	22.45345315505811
51	22.401974085768217	27.56144482780116	27.63290833023601	22.403672756194606
52	22.3626951232929	27.518254020049408	27.59856362514428	22.52048723151341
53	22.265090384512522	27.481979973683107	27.736503902455784	22.516425739348588
54	22.440098698143338	27.712467367403693	27.596060883750873	22.251373050702096
55	22.410280037681595	27.526093825734403	27.514969886477903	22.5486562501061
56	22.48050449773164	27.71523630336245	27.46960557122891	22.334653627676996
57	22.280846695532045	27.600925896824926	27.617036805860145	22.501190601782888
58	22.294159981204047	27.409030452549654	27.68670452769331	22.610105038552994
59	22.19314853562783	27.598676090517454	27.702781839513303	22.50539353434141
60	22.343874987696534	27.585792790773468	27.68310321379609	22.38722900773391
61	22.532949218392364	27.628813288869154	27.529390648476674	22.308846844261808
62	22.45332398432833	27.756732442155553	27.466792394665024	22.3231511788511
63	22.416829280861297	27.76838686436453	27.5125986404045	22.302185214369675
64	22.471442152122194	27.49877834952475	27.457251123975013	22.57252837437804
65	22.30494443358817	27.5847047183892	27.66627384398339	22.444077004039237
66	22.375390977367402	27.61587221146732	27.477161651277584	22.531575159887698
67	22.37440597110083	27.578433134249263	27.52506926318589	22.522091631464015
68	22.44728601717573	27.79204277282866	27.58238321089836	22.17828799909725
69	22.688571846454114	27.71386029830222	27.465142672152048	22.13242518309162
70	22.700045330047384	27.564381307749198	27.40066383054706	22.334909531656354
71	22.56118260566393	27.843961233854337	27.357610861703463	22.237245298778273
72	22.562019824154206	27.988649522028155	27.569094281763658	21.880236372053986
73	23.203813383648225	28.55162917022735	27.613123894778703	20.631433551345726
74	24.41986862505551	30.894317819627815	27.746046387668695	16.939767167647982
75	29.74099850451944	41.115673062485655	29.1433284329949	0.0
>>END_MODULE
>>Per base GC content	fail
#Base	%GC
1	70.831802565786
2	44.26972704742089
3	49.95169506792558
4	49.28851037370536
5	30.331102387934443
6	48.60540651227039
7	49.37683576205881
8	45.80847755776569
9	64.22583719663216
10	37.98504800224205
11	53.59015643057141
12	44.59206396270851
13	53.149695798988404
14	52.11623427930615
15	47.388693176812055
16	46.054430332718944
17	44.44781783860825
18	44.212008909862305
19	44.990087663813064
20	45.05630662875109
21	45.57697936926258
22	45.41640922515766
23	45.51309916824405
24	45.41177508079778
25	45.841847341109386
26	45.29529438333027
27	45.18883921349065
28	45.34985502424466
29	44.952817311301786
30	45.08885212599162
31	45.30066210288242
32	44.83755135124945
33	44.920476899598874
34	45.0705482417583
35	44.942176527060994
36	44.750659196151666
37	45.16010169430142
38	44.823661413055085
39	44.77297069971593
40	44.990171456551444
41	44.82704568419794
42	44.724301963940576
43	45.11712374853566
44	44.70084066792924
45	44.84875594387561
46	44.91875814464743
47	44.63358223183532
48	44.78744141896942
49	44.84747668454831
50	44.76207888837661
51	44.805646841962826
52	44.883182354806316
53	44.78151612386111
54	44.69147174884543
55	44.958936287787694
56	44.81515812540863
57	44.782037297314936
58	44.90426501975704
59	44.69854206996924
60	44.731103995430445
61	44.84179606265417
62	44.77647516317943
63	44.71901449523097
64	45.04397052650024
65	44.749021437627405
66	44.9069661372551
67	44.89649760256484
68	44.625574016272985
69	44.82099702954574
70	45.03495486170374
71	44.7984279044422
72	44.44225619620819
73	43.83524693499395
74	41.35963579270349
75	29.74099850451944
>>END_MODULE
>>Per sequence GC content	warn
#GC Content	Count
0	9183.0
1	4630.0
2	127.0
3	220.0
4	263.0
5	343.0
6	566.0
7	908.5
8	1111.5
9	1432.0
10	2392.5
11	3969.5
12	4943.5
13	6239.5
14	9434.0
15	14465.5
16	18484.5
17	25827.5
18	41392.0
19	61397.5
20	75459.0
21	96841.0
22	137609.0
23	183511.5
24	213908.5
25	252706.5
26	318627.0
27	383769.0
28	425646.0
29	477719.5
30	558705.5
31	633935.0
32	682816.0
33	737532.0
34	826942.0
35	908024.0
36	954293.0
37	1000024.5
38	1050445.5
39	1083083.0
40	1104951.0
41	1110372.5
42	1103047.0
43	1089097.5
44	1082006.5
45	1064497.0
46	1027824.0
47	989118.5
48	968236.5
49	945430.5
50	903783.5
51	865816.5
52	845088.5
53	829986.0
54	803888.0
55	779372.5
56	766995.0
57	750347.0
58	714991.5
59	668687.0
60	627638.0
61	579122.5
62	517771.0
63	459562.5
64	414797.5
65	376016.5
66	321902.5
67	265908.5
68	226210.5
69	196649.0
70	161411.0
71	126231.5
72	102004.0
73	86495.5
74	68904.5
75	52693.5
76	42486.5
77	35686.0
78	28151.0
79	21499.0
80	17301.0
81	14434.5
82	11350.5
83	8335.5
84	6335.0
85	5253.0
86	4078.0
87	2997.5
88	2503.0
89	2216.5
90	1817.5
91	1539.5
92	1426.0
93	1379.5
94	1282.5
95	1212.0
96	1196.5
97	1318.0
98	1662.5
99	9705.5
100	17525.0
>>END_MODULE
>>Per base N content	pass
#Base	N-Count
1	0.3593930980581584
2	0.2074992665909622
3	0.07565319729083571
4	0.04697129566538207
5	0.03944106444825266
6	0.03608597190072538
7	0.03608597190072538
8	0.03608597190072538
9	0.03608597190072538
10	0.03608597190072538
11	0.03608597190072538
12	0.03608597190072538
13	0.03608597190072538
14	0.03608597190072538
15	0.03608597190072538
16	0.03608597190072538
17	0.03608597190072538
18	0.03608597190072538
19	0.03608597190072538
20	0.03608597190072538
21	0.03608597190072538
22	0.03608597190072538
23	0.03608597190072538
24	0.03608597190072538
25	0.03608597190072538
26	0.03608597190072538
27	0.03608597190072538
28	0.03608597190072538
29	0.03608597190072538
30	0.03608597190072538
31	0.03608597190072538
32	0.03608597190072538
33	0.03608597190072538
34	0.03608597190072538
35	0.03608597190072538
36	0.0
37	0.0
38	0.0
39	0.0
40	0.0
41	0.0
42	0.0
43	3.558651037176753E-5
44	0.0
45	0.0
46	0.0
47	0.0
48	0.0
49	0.0
50	0.0
51	0.0
52	0.0
53	0.0
54	0.0
55	0.0
56	0.0
57	0.0
58	0.0
59	0.0
60	0.0
61	0.0
62	0.0
63	0.0
64	0.0
65	0.0
66	0.0
67	0.0
68	0.0
69	0.0
70	0.0
71	0.0
72	0.0
73	0.0
74	0.0
75	0.0
>>END_MODULE
>>Sequence Length Distribution	warn
#Length	Count
35	11958.0
36	4736.0
37	6626.0
38	7769.0
39	9138.0
40	10261.0
41	10984.0
42	12473.0
43	14152.0
44	16296.0
45	17996.0
46	19039.0
47	20088.0
48	21220.0
49	22091.0
50	22293.0
51	23250.0
52	24471.0
53	25690.0
54	27801.0
55	29045.0
56	30185.0
57	31072.0
58	31703.0
59	32891.0
60	32734.0
61	32990.0
62	34428.0
63	35835.0
64	38560.0
65	40902.0
66	40475.0
67	42566.0
68	44038.0
69	53808.0
70	70571.0
71	168617.0
72	607875.0
73	1747629.0
74	5419880.0
75	1.6470291E7
>>END_MODULE
>>Sequence Duplication Levels	warn
#Total Duplicate Percentage	37.572348617776875
#Duplication Level	Relative count
1	100.0
2	24.049309992636754
3	11.446283936248545
4	6.444819204611133
5	3.9935710157320097
6	2.623057251213352
7	1.7988488001076777
8	1.3800147264910572
9	0.9881000451295694
10++	5.625361234491659
>>END_MODULE
>>Overrepresented sequences	pass
>>END_MODULE
>>Kmer Content	warn
#Sequence	Count	Obs/Exp Overall	Obs/Exp Max	Max Obs/Exp Position
AAAAA	10478460	4.1073384	8.637315	71
TTTTT	8816045	3.2691061	5.8298435	71
CCTGG	4096280	3.1123083	12.258896	3
GGGGG	3377015	2.9936864	5.1631207	71
CCAGG	3813655	2.9299214	12.217889	3
CCCAG	3676560	2.8531058	11.354532	2
CTGGG	3713885	2.7935717	11.338231	4
CCAGC	3454805	2.6810179	6.5521803	3
GGAGG	3395095	2.5564845	5.8310933	6
GCTGG	3380275	2.5426314	7.2314353	3
CAGCA	3699375	2.4141312	6.7181396	4
TCCAG	3735265	2.41064	8.535531	2
CAGCC	3099615	2.4053814	5.69912	9
TGCTG	3758575	2.3749306	7.5843053	2
CTCCA	3597870	2.3454063	6.2780514	1
CAGGA	3593135	2.3213701	9.702425	4
GGCTG	3084080	2.3198345	8.300508	7
CTCCT	3573725	2.3039453	6.0486636	1
AGGAG	3578330	2.288704	6.96077	5
CTGGA	3537870	2.2604306	8.732872	4
TCCTG	3533285	2.2551117	8.699651	2
CCTGC	2927755	2.2469292	6.2380176	3
GGCAG	2950765	2.2443342	6.444302	7
CTGCC	2919360	2.2404864	5.728216	9
GCCTG	2928305	2.2248938	7.2818065	7
CTGCA	3442220	2.2215164	6.8553767	4
CTGCT	3450165	2.2020602	6.4168153	9
GCAGG	2894500	2.2015395	6.9240823	3
GCTGC	2885740	2.1925533	5.5511923	8
CCCTG	2848080	2.185782	9.08035	2
AGCAG	3337530	2.1562347	5.445181	7
TGCAG	3372530	2.1547906	7.163125	2
CAGAG	3334630	2.1543612	7.6287704	4
CTCTG	3331020	2.1260164	7.4510007	2
TGGAG	3280075	2.074777	6.5287986	5
CAGGG	2722405	2.070645	9.336762	4
AGCTG	3215190	2.0542624	5.8880343	7
CAGGC	2666455	2.0485609	6.3148227	4
CTGGC	2693375	2.0463967	5.756353	4
GCCAG	2657420	2.0416193	5.415943	2
CCCCA	2598095	2.0365398	6.8359237	1
GGGAG	2658085	2.001521	5.4583755	7
CAGAA	3615095	1.9838486	5.406172	4
GGAGA	3091180	1.9771221	5.523128	6
CACAG	2998465	1.9567326	6.8565297	7
CTGTG	3069470	1.9395059	8.862318	9
CTCAG	2998755	1.9353162	6.1556616	2
CTGAG	2990415	1.9106485	5.8431344	4
TTCTG	3598960	1.9102978	5.1841354	2
GGCCA	2452490	1.8841774	6.508419	1
TGGGG	2500965	1.8624185	6.484098	5
CCAGA	2852770	1.8616552	6.631574	3
CCTCT	2838345	1.8298529	5.589695	1
TCTGG	2843165	1.7965106	6.423788	3
TGGCC	2351130	1.7863625	5.861872	5
CACTG	2767480	1.7860576	7.320913	7
ACCTG	2743145	1.7703524	5.4971704	7
CAGTG	2752855	1.7588655	6.4236145	9
AGAGG	2718745	1.7389125	5.083741	5
GCCCA	2210500	1.7154051	7.15788	1
CCTGA	2655165	1.7135723	5.566411	3
GGGCC	1839715	1.6639763	5.476724	6
ACAGA	3015815	1.6549828	5.7115264	8
GGCCT	2158155	1.6397423	5.1575627	1
TCAGG	2566100	1.6395433	5.8300877	3
TGGGC	2170085	1.6323305	6.618965	5
GAGAG	2539095	1.624008	5.1895456	7
CCTGT	2510225	1.6021457	5.5411158	8
AGCCT	2475170	1.5974083	5.107561	6
AGGTG	2489845	1.5749253	5.281058	7
GTGTG	2318500	1.4503512	7.4346538	1
GCCCT	1888135	1.4490644	6.0730476	1
CTGTC	2258970	1.4417828	5.832719	9
GGGCT	1913760	1.4395237	5.940616	6
GCTGT	2250575	1.4220707	5.1727595	8
TGTGT	2697935	1.4177313	5.458939	10
ACACA	2552080	1.4146361	5.886405	6
ACAGC	2167760	1.4146328	5.3249483	8
GACAG	2184050	1.4110209	6.788917	7
CACAC	2096775	1.3821207	6.2146425	5
AGGGC	1785135	1.3577632	5.605921	5
AGACA	2422750	1.3295277	5.134887	6
ACTGC	1954455	1.261353	5.1411753	8
GGACA	1908315	1.2328802	5.71596	6
GTGCT	1913110	1.2088368	6.52758	1
GTCCT	1892510	1.2078904	7.308391	1
GTCCA	1794865	1.1583577	6.5769954	1
AGCAC	1748430	1.1409872	5.411133	5
AGGAC	1760510	1.1373899	6.871583	5
TGTGC	1798905	1.136674	5.438256	10
GTCTT	2126740	1.128856	5.2149563	1
TGCAC	1669975	1.0777571	5.7340198	5
GTGCA	1678080	1.0721657	6.293028	1
TGGAC	1654240	1.0569339	5.8143053	5
ACAGT	1923685	1.0440017	5.471846	8
ACTGT	1935735	1.0389427	6.2695932	8
GCACT	1609640	1.0388185	5.1145544	6
GACTG	1614060	1.0312618	5.892501	7
AGACT	1848835	1.00338	5.0546703	6
GGACT	1464055	0.93542004	5.106775	6
GTGTA	1175770	0.6247502	5.6010003	1
>>END_MODULE
