##FastQC	0.10.1
>>Basic Statistics	pass
#Measure	Value	
Filename	KS28_S3_L002_R2_001_trimmed.fq.gz	
File type	Conventional base calls	
Encoding	Sanger / Illumina 1.9	
Total Sequences	22990761	
Filtered Sequences	0	
Sequence length	20-50	
%GC	44	
>>END_MODULE
>>Per base sequence quality	pass
#Base	Mean	Median	Lower Quartile	Upper Quartile	10th Percentile	90th Percentile
1	34.89959997409394	36.0	36.0	36.0	36.0	36.0
2	34.896403385690455	36.0	36.0	36.0	36.0	36.0
3	34.877929008091556	36.0	36.0	36.0	36.0	36.0
4	34.872975670531304	36.0	36.0	36.0	36.0	36.0
5	34.85412749060372	36.0	36.0	36.0	36.0	36.0
6	34.83899589056665	36.0	36.0	36.0	36.0	36.0
7	34.83036207457422	36.0	36.0	36.0	36.0	36.0
8	34.82544553440402	36.0	36.0	36.0	36.0	36.0
9	34.80627574702725	36.0	36.0	36.0	36.0	36.0
10	34.78808356974351	36.0	36.0	36.0	36.0	36.0
11	34.7804387162304	36.0	36.0	36.0	36.0	36.0
12	34.764909478203	36.0	36.0	36.0	36.0	36.0
13	34.752706706837586	36.0	36.0	36.0	36.0	36.0
14	34.741071815761124	36.0	36.0	36.0	32.0	36.0
15	34.72765908009744	36.0	36.0	36.0	32.0	36.0
16	34.70261523748605	36.0	36.0	36.0	32.0	36.0
17	34.69624763617003	36.0	36.0	36.0	32.0	36.0
18	34.68011202413004	36.0	36.0	36.0	32.0	36.0
19	34.66894327682324	36.0	36.0	36.0	32.0	36.0
20	34.66049440468717	36.0	36.0	36.0	32.0	36.0
21	34.64796281553453	36.0	36.0	36.0	32.0	36.0
22	34.64431016507453	36.0	36.0	36.0	32.0	36.0
23	34.62673768196074	36.0	36.0	36.0	32.0	36.0
24	34.603544637736704	36.0	36.0	36.0	32.0	36.0
25	34.58699488116288	36.0	36.0	36.0	32.0	36.0
26	34.56880572144288	36.0	36.0	36.0	32.0	36.0
27	34.55748958710759	36.0	36.0	36.0	32.0	36.0
28	34.53334593968814	36.0	36.0	36.0	32.0	36.0
29	34.51212631414487	36.0	36.0	36.0	32.0	36.0
30	34.489582721663616	36.0	36.0	36.0	32.0	36.0
31	34.48016280440589	36.0	36.0	36.0	32.0	36.0
32	34.45340357453441	36.0	36.0	36.0	32.0	36.0
33	34.429747593546615	36.0	36.0	36.0	32.0	36.0
34	34.3980123505715	36.0	36.0	36.0	32.0	36.0
35	34.376907064934485	36.0	36.0	36.0	32.0	36.0
36	34.364492358700126	36.0	36.0	36.0	32.0	36.0
37	34.334930918655985	36.0	36.0	36.0	32.0	36.0
38	34.316319111361494	36.0	36.0	36.0	32.0	36.0
39	34.28329933414656	36.0	36.0	36.0	32.0	36.0
40	34.257977544567424	36.0	36.0	36.0	32.0	36.0
41	34.23260783988669	36.0	36.0	36.0	32.0	36.0
42	34.212043942681	36.0	36.0	36.0	32.0	36.0
43	34.208965364368694	36.0	36.0	36.0	32.0	36.0
44	34.180114429495525	36.0	36.0	36.0	32.0	36.0
45	34.15684345040424	36.0	36.0	36.0	32.0	36.0
46	34.141091096011976	36.0	36.0	36.0	32.0	36.0
47	34.15315489092002	36.0	36.0	36.0	32.0	36.0
48	34.17847012766891	36.0	36.0	36.0	32.0	36.0
49	34.257376532204425	36.0	36.0	36.0	32.0	36.0
50	34.39469005438056	36.0	36.0	36.0	32.0	36.0
>>END_MODULE
>>Per sequence quality scores	pass
#Quality	Count
14	1079.0
15	2381.0
16	4727.0
17	8123.0
18	12594.0
19	19257.0
20	28493.0
21	40649.0
22	56355.0
23	77749.0
24	105825.0
25	141554.0
26	186600.0
27	240867.0
28	305695.0
29	384074.0
30	485286.0
31	622460.0
32	846439.0
33	1272725.0
34	2475598.0
35	1.0439413E7
36	5232818.0
>>END_MODULE
>>Per base sequence content	pass
#Base	G	A	T	C
1	22.283220638064133	27.147635521938575	27.787540395030856	22.781603444966436
2	22.13530469913545	27.048839314192342	28.08069728531387	22.73515870135834
3	22.192249312669553	27.152241720054416	27.82055800588767	22.83495096138836
4	22.200670086562162	27.001289778968168	28.095429290052643	22.702610844417027
5	22.397958031924215	26.997431707458485	27.72230549480289	22.882304765814407
6	21.981416796077347	27.265691640220176	27.91360842731565	22.83928313638683
7	21.98831521931788	27.3089481466055	27.982344734043384	22.720391900033235
8	22.151763484471	27.190892028323898	27.975037450913437	22.682307036291665
9	21.844270400618754	27.407966182589604	28.137189543225645	22.610573873565993
10	22.05059675928083	27.474284126567188	27.921189733562972	22.55392938058901
11	22.36086487089314	27.49006437846925	27.757885004328475	22.391185746309137
12	21.866000868783768	27.555325376136963	28.077474251504768	22.5011995035745
13	21.988463104809796	27.344275380880173	28.17646184047583	22.490799673834196
14	21.985061738495737	27.132481608590513	28.33353363118341	22.54892302173034
15	21.911510454134163	27.382629918165826	28.16313909748355	22.542720530216464
16	22.039866361970358	27.76835877681474	27.97957405585661	22.212200805358293
17	22.15777024518675	27.508036815310287	27.839448202693244	22.494744736809714
18	22.05297597587135	27.785335161372	27.869525502004915	22.292163360751736
19	22.06602469574626	27.66792712951085	28.06370785203674	22.202340322706153
20	22.05235833646394	27.45292337213196	28.0364229787783	22.458295312625797
21	22.06486344846438	27.578408913337665	28.071207110960987	22.28552052723696
22	21.977975833023983	27.64549926901776	28.10107270261137	22.275452195346894
23	22.117504201336676	27.41544544282758	27.971771342134215	22.49527901370153
24	22.00363692655883	27.739968390031272	28.045771102080025	22.210623581329873
25	22.06250720265654	27.69243762439389	27.939381481817733	22.305673691131833
26	22.188489663701848	27.777055134965785	27.802252932210624	22.23220226912174
27	21.976700040362726	27.86200654640913	27.981909133377332	22.179384279850808
28	21.90528732942227	27.762525879083043	27.940265847528035	22.39192094396665
29	22.082359574051814	27.640273831974362	28.012384276058572	22.26498231791525
30	22.043466182509516	27.753812759507046	27.968062831590817	22.23465822639262
31	22.119152347145473	27.752869147338373	27.91767969802556	22.21029880749059
32	22.10870793203061	27.704794983857273	27.89759361112823	22.288903472983886
33	22.009456020080993	27.68101116738838	28.019417676710173	22.29011513582045
34	22.14885972911582	27.90889934239244	27.88647398707294	22.055766941418796
35	22.135236213483527	27.739312991189607	27.825612575584447	22.299838219742423
36	22.210273874322432	27.902039072851636	27.771704849030076	22.115982203795852
37	21.99830178147339	27.799751377832106	27.934782599069614	22.267164241624897
38	21.979734878585944	27.62038080959733	28.00607017068353	22.3938141411332
39	21.902528103961117	27.789538223412503	28.00771990592275	22.30021376670363
40	22.059397362630595	27.80892014931609	27.952660332416862	22.179022155636456
41	22.233147345224086	27.83232389862435	27.799957144473986	22.134571611677583
42	22.131536185245963	27.94449467806291	27.787019244878163	22.13694989181297
43	22.10410912832044	27.95629927952704	27.830485926262476	22.109105665890038
44	22.15883740185828	27.704914874419778	27.80009090516748	22.33615681855446
45	21.980783440861863	27.812001637641558	27.980189412114665	22.227025509381907
46	22.06189956146679	27.873659350848275	27.787712059106855	22.276729028578078
47	22.030958904173847	27.914117034199183	27.863567289305113	22.191356772321857
48	22.037874010519797	28.270414048438543	27.95459297795232	21.737118963089344
49	22.12768317601174	28.605261715084733	28.058024449270203	21.209030659633324
50	21.902671612406365	28.501538058291597	28.23417802601373	21.361612303288307
>>END_MODULE
>>Per base GC content	pass
#Base	%GC
1	45.06482408303057
2	44.87046340049379
3	45.02720027405792
4	44.903280930979186
5	45.28026279773862
6	44.82069993246417
7	44.70870711935112
8	44.834070520762666
9	44.454844274184744
10	44.60452613986984
11	44.75205061720228
12	44.367200372358276
13	44.479262778644
14	44.533984760226076
15	44.45423098435063
16	44.252067167328654
17	44.65251498199647
18	44.34513933662309
19	44.26836501845241
20	44.51065364908974
21	44.35038397570135
22	44.25342802837088
23	44.612783215038206
24	44.2142605078887
25	44.36818089378838
26	44.420691932823594
27	44.15608432021354
28	44.29720827338892
29	44.34734189196707
30	44.27812440890214
31	44.32945115463607
32	44.397611405014494
33	44.29957115590145
34	44.20462667053462
35	44.43507443322595
36	44.326256078118284
37	44.265466023098284
38	44.37354901971914
39	44.202741870664745
40	44.23841951826705
41	44.36771895690167
42	44.26848607705893
43	44.21321479421048
44	44.49499422041274
45	44.20780895024377
46	44.33862859004487
47	44.222315676495704
48	43.77499297360914
49	43.336713835645064
50	43.264283915694676
>>END_MODULE
>>Per sequence GC content	warn
#GC Content	Count
0	8456.0
1	7199.5
2	5549.0
3	5573.0
4	6102.5
5	6978.5
6	7939.0
7	9467.0
8	11048.0
9	13817.0
10	16872.5
11	22560.5
12	28378.0
13	37607.5
14	48291.5
15	65548.0
16	84179.5
17	111116.0
18	139782.5
19	177161.5
20	215561.0
21	262796.0
22	312138.5
23	370335.5
24	430796.5
25	487183.5
26	552003.0
27	623585.0
28	697753.0
29	776239.0
30	855917.5
31	934547.5
32	1015412.0
33	1094370.0
34	1174648.0
35	1245341.5
36	1311319.5
37	1362725.0
38	1401761.0
39	1423487.5
40	1441917.5
41	1446879.5
42	1447614.0
43	1431469.0
44	1410129.0
45	1375989.5
46	1340829.0
47	1302891.5
48	1263640.5
49	1225349.5
50	1187390.0
51	1152452.0
52	1115842.0
53	1080345.0
54	1046205.0
55	1011179.0
56	972545.0
57	926927.5
58	878764.0
59	821583.0
60	763689.0
61	701100.5
62	636307.5
63	581349.5
64	516854.5
65	457017.0
66	399988.0
67	347778.0
68	297047.0
69	253106.5
70	214616.5
71	180491.0
72	149889.0
73	123932.0
74	99920.0
75	82323.5
76	69342.0
77	56849.5
78	45411.0
79	36715.5
80	29266.0
81	23717.5
82	19010.5
83	15420.5
84	12091.5
85	9630.5
86	7595.0
87	6080.0
88	4947.5
89	3946.0
90	3081.5
91	2569.0
92	2192.0
93	2039.5
94	1919.5
95	1860.0
96	1802.0
97	1939.0
98	2799.5
99	11079.5
100	18646.0
>>END_MODULE
>>Per base N content	pass
#Base	N-Count
1	0.0
2	0.0
3	0.0
4	0.0
5	0.0
6	0.0
7	0.0
8	0.0
9	0.0
10	0.0
11	0.0
12	0.0
13	0.0
14	0.0
15	0.0
16	0.0
17	0.0
18	0.0
19	0.0
20	0.0
21	0.0
22	0.0
23	0.0
24	0.0
25	0.0
26	0.0
27	0.0
28	0.0
29	0.0
30	0.0
31	0.0
32	0.0
33	0.0
34	0.0
35	0.0
36	0.0
37	0.0
38	0.0
39	0.0
40	0.0
41	0.0
42	0.0
43	0.0
44	0.0
45	0.0
46	0.0
47	0.0
48	0.0
49	0.0
50	0.0
>>END_MODULE
>>Sequence Length Distribution	warn
#Length	Count
20	16651.0
21	17328.0
22	18249.0
23	19181.0
24	19815.0
25	20553.0
26	21262.0
27	22678.0
28	23537.0
29	25517.0
30	25918.0
31	27545.0
32	28472.0
33	28829.0
34	29694.0
35	30597.0
36	31269.0
37	33394.0
38	36008.0
39	38990.0
40	41761.0
41	45894.0
42	52152.0
43	68306.0
44	113351.0
45	225254.0
46	610941.0
47	1332248.0
48	2712786.0
49	3690521.0
50	1.358206E7
>>END_MODULE
>>Sequence Duplication Levels	warn
#Total Duplicate Percentage	35.08616945672773
#Duplication Level	Relative count
1	100.0
2	22.21073359132068
3	9.884361861462317
4	5.471713892542443
5	3.376390356645962
6	2.269426979191217
7	1.5159924276406322
8	1.0469014909032852
9	0.8340239183158343
10++	5.445864473013966
>>END_MODULE
>>Overrepresented sequences	pass
>>END_MODULE
>>Kmer Content	warn
#Sequence	Count	Obs/Exp Overall	Obs/Exp Max	Max Obs/Exp Position
AAAAA	7012235	4.234594	5.28284	46
TTTTT	5882405	3.3477	3.7877917	46
GGGGG	1685715	3.1278417	3.9385712	46
CCTGG	2128140	3.0430062	3.7461798	9
>>END_MODULE
