##FastQC	0.10.1
>>Basic Statistics	pass
#Measure	Value	
Filename	030-F0_S1_L002_R2_001.fastq.gz	
File type	Conventional base calls	
Encoding	Sanger / Illumina 1.9	
Total Sequences	17316627	
Filtered Sequences	0	
Sequence length	35-76	
%GC	44	
>>END_MODULE
>>Per base sequence quality	pass
#Base	Mean	Median	Lower Quartile	Upper Quartile	10th Percentile	90th Percentile
1	31.243830106174833	32.0	32.0	32.0	32.0	32.0
2	31.008628470198037	32.0	32.0	32.0	32.0	32.0
3	31.081670870429907	32.0	32.0	32.0	32.0	32.0
4	31.136966685255736	32.0	32.0	32.0	32.0	32.0
5	31.131735008209162	32.0	32.0	32.0	32.0	32.0
6	34.818080738240766	36.0	36.0	36.0	36.0	36.0
7	34.80333491043031	36.0	36.0	36.0	36.0	36.0
8	34.72861285283791	36.0	36.0	36.0	32.0	36.0
9	34.812166422479386	36.0	36.0	36.0	36.0	36.0
10-14	34.714084954304326	36.0	36.0	36.0	32.8	36.0
15-19	34.62644396047799	36.0	36.0	36.0	32.0	36.0
20-24	34.54289149959747	36.0	36.0	36.0	32.0	36.0
25-29	34.462326629776115	36.0	36.0	36.0	32.0	36.0
30-34	34.378542853640035	36.0	36.0	36.0	32.0	36.0
35-39	34.335428012135736	36.0	36.0	36.0	32.0	36.0
40-44	34.264923586540355	36.0	36.0	36.0	32.0	36.0
45-49	34.13973623976723	36.0	36.0	36.0	32.0	36.0
50-54	34.00891757799589	36.0	36.0	36.0	32.0	36.0
55-59	33.84105197489381	36.0	36.0	36.0	30.0	36.0
60-64	33.70491745682542	36.0	36.0	36.0	27.0	36.0
65-69	33.54302099234809	36.0	36.0	36.0	27.0	36.0
70-74	33.39277165113031	36.0	36.0	36.0	27.0	36.0
75-76	32.766149810574014	36.0	34.0	36.0	17.5	36.0
>>END_MODULE
>>Per sequence quality scores	pass
#Quality	Count
2	27427.0
3	0.0
4	0.0
5	0.0
6	0.0
7	0.0
8	0.0
9	0.0
10	0.0
11	0.0
12	0.0
13	1.0
14	1548.0
15	4563.0
16	7640.0
17	11977.0
18	17241.0
19	23309.0
20	31337.0
21	42776.0
22	58143.0
23	79079.0
24	106679.0
25	142526.0
26	186516.0
27	240389.0
28	303017.0
29	380177.0
30	473362.0
31	603765.0
32	803322.0
33	1198439.0
34	2444760.0
35	1.0128634E7
>>END_MODULE
>>Per base sequence content	fail
#Base	G	A	T	C
1	44.63205524102625	18.05709261982507	11.273446885672508	26.037405253476177
2	16.32614329501947	19.66676690042245	38.56926928085342	25.437820523704662
3	20.708617580944193	21.456450523595922	28.228786527176908	29.60614536828298
4	13.549364496550249	15.03128131783271	36.70702632975608	34.71232785586096
5	15.063697404518676	34.8838154922587	35.32868772293426	14.723799380288366
6	34.010713064883966	35.29692865533742	17.042183054478613	13.650175225299998
7	30.3645454966106	29.354828447817134	20.985383939106494	19.295242116465772
8	25.80466996737848	35.943785715938276	20.286994192906555	17.964550123776693
9	25.223388011012656	15.871682900307707	20.46670175600953	38.4382273326701
10-14	23.98153529370937	23.58081923975661	28.96650741503366	23.471138051500358
15-19	21.862204150567983	28.934931633620987	27.265241885107468	21.93762233070356
20-24	22.03236471323138	27.79664183420864	28.265859611780762	21.905133840779214
25-29	21.406053490040026	28.181174374754182	28.234365962566226	22.178406172639566
30-34	21.547709552784397	28.10871526733452	28.563925456354255	21.779649723526827
35-39	21.43790819998454	28.437074302152325	28.372901765010006	21.75211573285313
40-44	21.796274571678982	28.289077723364592	28.52650326621283	21.388144438743602
45-49	21.713644219232844	28.29205578892207	28.12195526809796	21.872344723747123
50-54	21.411783172101867	28.83158250674847	28.21401253619224	21.542621784957426
55-59	21.64189243559503	28.359126094626124	27.80472822135064	22.194253248428208
60-64	21.79589271399012	28.18219685540572	28.251788228592474	21.77012220201168
65-69	22.137139236974733	28.75717867397909	27.719822942529166	21.385859146517014
70-74	22.4292067803453	28.937504163406576	27.787659257006474	20.84562979924165
75-76	25.608238565110252	36.10214673268284	29.349842939471515	8.939771762735397
>>END_MODULE
>>Per base GC content	fail
#Base	%GC
1	70.66946049450242
2	41.76396381872413
3	50.31476294922717
4	48.26169235241121
5	29.787496784807043
6	47.66088829018397
7	49.659787613076375
8	43.76922009115517
9	63.66161534368276
10-14	47.45267334520973
15-19	43.799826481271545
20-24	43.937498554010595
25-29	43.58445966267959
30-34	43.32735927631122
35-39	43.190023932837676
40-44	43.18441901042258
45-49	43.58598894297997
50-54	42.954404957059296
55-59	43.836145684023236
60-64	43.566014916001805
65-69	43.522998383491746
70-74	43.27483657958695
75-76	34.548010327845645
>>END_MODULE
>>Per sequence GC content	fail
#GC Content	Count
0	27490.0
1	13844.5
2	286.0
3	532.5
4	692.5
5	879.0
6	1360.0
7	1978.0
8	2305.0
9	2676.0
10	3733.0
11	5135.0
12	5864.5
13	6968.5
14	9534.0
15	13271.5
16	18853.5
17	23105.0
18	29529.5
19	42543.0
20	59336.0
21	71251.0
22	87273.5
23	116062.0
24	147061.5
25	168074.5
26	195594.0
27	240645.0
28	287103.0
29	320557.5
30	363283.0
31	434132.0
32	511451.5
33	565852.0
34	635353.5
35	743121.0
36	831284.5
37	875844.0
38	887585.5
39	869388.0
40	821988.5
41	777254.0
42	760630.0
43	755026.5
44	740388.5
45	723578.5
46	714265.0
47	702274.5
48	680133.5
49	654594.0
50	636464.5
51	615350.0
52	583183.5
53	552141.5
54	532144.0
55	509348.5
56	475985.5
57	443618.5
58	416989.0
59	386604.0
60	346706.5
61	305037.0
62	272351.0
63	242702.0
64	206215.0
65	174159.0
66	142320.5
67	119863.5
68	103268.0
69	83574.0
70	65250.5
71	53074.0
72	44640.5
73	35748.5
74	28164.5
75	23283.5
76	19779.5
77	16019.5
78	12494.0
79	10300.5
80	8944.5
81	7265.5
82	5601.5
83	4552.5
84	3857.5
85	3208.0
86	2571.5
87	2141.0
88	1950.5
89	1814.0
90	1673.5
91	1591.5
92	1586.5
93	1580.5
94	1651.0
95	1769.0
96	1808.5
97	2058.0
98	2832.5
99	12792.0
100	22230.0
>>END_MODULE
>>Per base N content	pass
#Base	N-Count
1	0.4595756436862676
2	0.3482086898331875
3	0.22350773046044126
4	0.16834687263287476
5	0.15948833453535727
6	0.1585585922708851
7	0.1583853483706729
8	0.1583853483706729
9	0.1583853483706729
10-14	0.1583853483706729
15-19	0.1583853483706729
20-24	0.1583853483706729
25-29	0.1583853483706729
30-34	0.1583853483706729
35-39	0.031756510892337345
40-44	0.0
45-49	0.0
50-54	0.0
55-59	0.0
60-64	0.0
65-69	0.0
70-74	0.0
75-76	0.0
>>END_MODULE
>>Sequence Length Distribution	warn
#Length	Count
35	35192.0
36	10776.0
37	14099.0
38	15300.0
39	16458.0
40	17081.0
41	18391.0
42	19895.0
43	22202.0
44	23372.0
45	25516.0
46	25766.0
47	26638.0
48	27140.0
49	28184.0
50	28306.0
51	29417.0
52	30788.0
53	33068.0
54	35067.0
55	36228.0
56	37587.0
57	38337.0
58	38289.0
59	39335.0
60	43431.0
61	41832.0
62	41519.0
63	42535.0
64	47631.0
65	48372.0
66	49359.0
67	58488.0
68	49283.0
69	63574.0
70	57714.0
71	69872.0
72	131341.0
73	390344.0
74	1117908.0
75	3376492.0
76	1.10145E7
>>END_MODULE
>>Sequence Duplication Levels	warn
#Total Duplicate Percentage	26.97042839728615
#Duplication Level	Relative count
1	100.0
2	16.530228165960644
3	5.777632952724225
4	2.731873408125129
5	1.512904577284486
6	0.9908693714962128
7	0.6417375459690237
8	0.46816915270693543
9	0.37174226756133083
10++	3.9774427590059385
>>END_MODULE
>>Overrepresented sequences	warn
#Sequence	Count	Percentage	Possible Source
NNNNNNNNNNNNNNNNNNNNNNNNNNNNNNNNNNN	27427	0.1583853483706729	No Hit
GGGGGGGGGGGGGGGGGGGGGGGGGGGGGGGGGGGGGGGGGGGGGGGGGG	23745	0.1371225470179614	No Hit
CTGTAGGACGTGGAATATGGCAAGAAAACTGAAAATCATGGAAAATGAGA	20714	0.11961913829985481	No Hit
>>END_MODULE
>>Kmer Content	warn
#Sequence	Count	Obs/Exp Overall	Obs/Exp Max	Max Obs/Exp Position
GGGGG	3698610	5.4142375	9.3926325	72
AAAAA	8576555	4.221382	9.227471	71
TTTTT	6863055	3.3692827	6.630269	33
CCTGG	2410585	2.9612927	12.325864	3
CCAGG	2345490	2.8828151	12.776187	3
GAAAA	4623635	2.8300672	8.698589	24
CAGCA	2849320	2.8161323	7.0742583	4
TGCTG	2889265	2.7917244	8.079042	2
AGAAA	4542250	2.7802525	8.059919	48
TTTCT	4452590	2.779114	9.115582	16
TTTTC	4406685	2.750462	7.0074177	24
GCTGC	2133175	2.620507	5.59215	8
CCCAG	2081685	2.614425	10.22763	2
CTGCT	2602505	2.5695357	6.469276	9
CCAGC	2007780	2.5216064	6.280854	3
CTGGG	2073340	2.4925935	10.11514	4
AGCAG	2553440	2.4697874	5.1658773	7
GGAGG	2058695	2.423368	5.548285	6
TCCAG	2424715	2.3952348	9.425262	2
GCTGG	1985350	2.3868108	6.6691294	3
AAGAA	3875505	2.3721464	5.566005	22
CTCCT	2249655	2.26964	6.1766744	1
CTTCT	2844820	2.2574706	5.028748	1
CAGCC	1787915	2.245474	5.3123293	9
CTGGA	2316130	2.2390947	9.03291	4
CTGCC	1744460	2.1897666	5.803254	9
CTCCA	2168845	2.1892426	6.201197	1
CCACC	1700225	2.1819534	6.4250817	28
GAGAA	2848265	2.1680288	8.527873	47
CCCTG	1722990	2.162816	8.815383	2
AGGAG	2283025	2.1610591	6.614806	5
TCCTC	2140115	2.1591265	5.8463655	44
CTCTG	2180860	2.153232	7.2803903	2
CCTGC	1709900	2.1463845	6.0301757	3
GGCTG	1782430	2.142858	7.8797626	7
CAGAG	2213460	2.1409454	7.386787	4
CAGGA	2212545	2.1400604	8.9669285	4
TCCTG	2161405	2.1340234	8.530492	2
GGCAG	1773220	2.1328874	6.0710506	7
TTCTC	2687355	2.1325166	7.366488	17
TGGAA	2756750	2.0972857	7.695275	11
TTCCA	2638280	2.0946555	5.4214764	2
AAAAT	4257030	2.094229	6.5125895	72
GTGTG	2188965	2.0698843	12.467707	9
ATTTT	4189565	2.057848	5.499872	22
GGAAA	2693875	2.0505106	8.226666	40
GCAGG	1701155	2.0462053	6.417727	3
TTCCT	2571970	2.040954	5.244202	43
TTTCC	2570760	2.039994	5.2314982	42
CACAG	2042145	2.0183592	7.8311973	7
CAGGG	1664155	2.0017004	8.844709	4
TTTCA	3204155	2.0009284	5.0790133	34
GCCTG	1625290	1.9965937	6.5269074	7
CCCCA	1549115	1.9880291	6.465253	1
GCCAG	1617050	1.9874978	5.315035	2
CAGTG	2048150	1.9800279	11.258579	7
CTGTG	2046965	1.9778602	8.894387	9
CTGCA	1997040	1.97276	5.987222	4
CATTT	3156470	1.9711498	7.9749928	14
CTGGC	1594245	1.9584564	5.416671	4
TGAAA	3189220	1.9510721	6.9315186	30
CTGAA	2466315	1.9172852	8.052966	29
TGCAG	1979625	1.9137821	6.413314	2
TGGAG	2022265	1.9132409	5.958921	5
CACAC	1886180	1.9049033	7.764988	5
AGCTG	1969595	1.9040856	5.5376353	7
TCCAC	1883880	1.9015975	5.7535496	55
TTCAG	2443165	1.8983076	5.5759454	35
GGGAG	1593855	1.8761872	5.2233877	7
CAGGC	1525005	1.8743664	5.455726	4
CCTCT	1851260	1.8677057	5.504038	1
GTGGA	1973895	1.8674786	6.2066774	9
CTCAG	1888585	1.8656232	5.695957	2
GGAGA	1969300	1.8640941	5.223719	6
CACTG	1880880	1.8580121	7.6603065	7
TTCTG	2362825	1.8349363	5.1217875	2
ACACA	2304190	1.8312968	7.565468	6
TGGGG	1535630	1.8067147	6.123035	5
CTGAG	1866335	1.8042601	5.436993	4
TGTGT	2370850	1.8018372	8.545834	10
CCAGA	1819385	1.7981936	6.2113523	3
TGTTT	2926455	1.7875473	5.3536305	72
GAGAG	1876870	1.7766021	5.574039	7
GGCCA	1423260	1.7493128	5.7201376	1
AAATG	2848830	1.7428313	7.0815663	43
TCTCA	2189165	1.7380816	6.6855927	18
TCTGG	1797645	1.7369571	6.0958138	3
ACCTG	1755815	1.7344676	6.7112665	8
AAAAC	2751355	1.7208291	6.8679595	25
GTCCT	1739485	1.7174488	17.89668	1
CCACT	1659565	1.675173	5.9305577	56
TGGCA	1730010	1.6724693	6.804505	18
TGGCC	1357295	1.6673743	5.2026954	5
ATTTC	2660315	1.6613115	8.121692	15
ACAGA	2131460	1.6578289	6.2892623	8
CACCT	1641020	1.6564536	5.0954723	29
CCTGA	1637225	1.6173196	5.117919	3
GCCCA	1268480	1.5931064	6.351029	1
TGAGA	2090225	1.5902056	7.850052	46
AGGAC	1619570	1.5665116	17.544838	5
CCTGT	1586495	1.566397	5.3990374	8
CATGG	1615740	1.5619999	5.996941	37
TCAGG	1600820	1.5475761	5.213077	3
AGTGG	1633815	1.545733	7.5680733	8
ATGGC	1584640	1.5319345	11.861125	17
CAAGA	1938475	1.507727	5.702887	21
CTGTC	1525670	1.5063424	6.061913	9
TGGGC	1252215	1.5054275	6.061657	5
GGGCC	984095	1.5041516	5.0493298	6
ACAGC	1510605	1.4930102	5.6007023	8
GCTGT	1534215	1.4824204	5.5429177	8
CATCC	1452585	1.4662462	5.2442274	53
CCCCT	1120705	1.4374939	5.081349	1
TCATT	2292350	1.4315249	5.312057	20
ACTGA	1819255	1.414268	7.3123903	28
GACAG	1455060	1.4073911	6.5451427	7
CACTT	1769670	1.4050248	7.0996604	57
ATGGA	1843970	1.4028593	5.0855417	38
GCCCT	1112220	1.3961352	5.727474	1
CTCAT	1742890	1.3837627	6.238139	19
GGGCT	1150175	1.3827537	5.794377	6
GGACA	1429565	1.3827312	7.092312	6
AATGA	2236955	1.3685042	6.543405	44
TGTGC	1405205	1.3577657	8.824493	10
TGTCC	1351775	1.3346503	5.3088975	10
AACTG	1713280	1.3318844	7.267624	27
ATGAG	1726680	1.3136271	7.5171995	45
AGGGC	1074780	1.2927809	5.3560553	5
AAGTG	1696550	1.2907048	5.532232	7
GCAAG	1327685	1.284189	6.465328	20
AAACT	2053915	1.2839533	6.2289405	26
GGCAA	1306895	1.26408	6.544463	19
GTGCT	1299265	1.2554022	7.066528	1
GTCCA	1239935	1.2248598	7.0832553	1
GGAAT	1591675	1.2109176	7.0739036	12
TACAG	1538260	1.1958258	8.338051	5
AGCAC	1205900	1.1918542	5.5868883	5
CTGTA	1513270	1.1757911	8.816604	1
AAATC	1872515	1.1705556	6.486727	33
GTGCA	1204780	1.1647086	7.0828633	11
TGGAC	1178395	1.1392012	5.9701815	5
ACAGT	1440015	1.1194513	7.3694577	6
AGTGT	1469570	1.117445	8.218632	8
AATAT	2269640	1.1159637	6.596034	14
AATCA	1768005	1.1052239	6.278634	34
GGACC	894095	1.0989219	8.53241	6
GTCTT	1414880	1.0987756	5.2954903	1
ACACT	1369260	1.0876821	5.2282963	6
CTACA	1353305	1.0750082	9.710796	4
GACCT	1084315	1.0711318	5.9158907	7
TCCTA	1342810	1.0661203	11.25075	2
ACTGT	1371460	1.0656065	5.988381	8
TGCAC	1061365	1.0484608	5.234352	5
TAGGA	1357420	1.0327008	11.506074	4
TGTAG	1351465	1.027639	9.82288	2
GACTG	1034100	0.9997055	5.6700253	7
TATGG	1310805	0.99672186	9.236183	16
ATATG	1584350	0.96875864	7.9087186	15
CCTAC	913130	0.9217178	9.400573	3
GGACT	938100	0.90689844	5.2036157	6
GAATA	1458760	0.892427	5.786971	13
GTAGG	936750	0.88624805	9.832778	3
TGGCG	680070	0.81758803	7.0405383	18
CGTGG	650865	0.78247744	5.3646216	9
CCTCG	623145	0.7822146	5.007387	45
GTGTA	1021590	0.7768059	6.2059326	1
TACAC	958405	0.7613164	5.6453567	5
GGACG	620380	0.74621344	9.931895	6
ACGTG	755970	0.7308262	7.5211086	8
GCGAG	586050	0.7049202	6.915355	20
GGCGA	568880	0.6842676	6.965194	19
GACGT	568045	0.54915166	7.368351	7
>>END_MODULE
