##FastQC	0.10.1
>>Basic Statistics	pass
#Measure	Value	
Filename	032-F0_S5_L001_R1_001.fastq.gz	
File type	Conventional base calls	
Encoding	Sanger / Illumina 1.9	
Total Sequences	32357517	
Filtered Sequences	0	
Sequence length	35-76	
%GC	45	
>>END_MODULE
>>Per base sequence quality	pass
#Base	Mean	Median	Lower Quartile	Upper Quartile	10th Percentile	90th Percentile
1	31.321171707952747	32.0	32.0	32.0	32.0	32.0
2	31.387810226600514	32.0	32.0	32.0	32.0	32.0
3	31.474166265600665	32.0	32.0	32.0	32.0	32.0
4	31.559319492901757	32.0	32.0	32.0	32.0	32.0
5	31.528054578477082	32.0	32.0	32.0	32.0	32.0
6	35.08999636776827	36.0	36.0	36.0	36.0	36.0
7	35.1140687649179	36.0	36.0	36.0	36.0	36.0
8	35.05902359566094	36.0	36.0	36.0	36.0	36.0
9	35.17939000078405	36.0	36.0	36.0	36.0	36.0
10-14	35.10314860686004	36.0	36.0	36.0	36.0	36.0
15-19	35.06819893504189	36.0	36.0	36.0	36.0	36.0
20-24	35.028470843421026	36.0	36.0	36.0	36.0	36.0
25-29	34.92275021596991	36.0	36.0	36.0	36.0	36.0
30-34	34.822334426958655	36.0	36.0	36.0	34.4	36.0
35-39	34.76104793116148	36.0	36.0	36.0	32.0	36.0
40-44	34.717423790136806	36.0	36.0	36.0	32.0	36.0
45-49	34.63584980350337	36.0	36.0	36.0	32.0	36.0
50-54	34.53397477230719	36.0	36.0	36.0	32.0	36.0
55-59	34.4141396586637	36.0	36.0	36.0	32.0	36.0
60-64	34.2969670624356	36.0	36.0	36.0	32.0	36.0
65-69	34.15171229997583	36.0	36.0	36.0	32.0	36.0
70-74	34.016079756799556	36.0	36.0	36.0	32.0	36.0
75-76	33.515288762590444	36.0	36.0	36.0	26.5	36.0
>>END_MODULE
>>Per sequence quality scores	pass
#Quality	Count
2	15921.0
3	0.0
4	0.0
5	0.0
6	0.0
7	0.0
8	0.0
9	0.0
10	0.0
11	0.0
12	0.0
13	0.0
14	0.0
15	0.0
16	3.0
17	7.0
18	116.0
19	791.0
20	3481.0
21	10173.0
22	21676.0
23	40468.0
24	72581.0
25	125251.0
26	201822.0
27	303498.0
28	433537.0
29	590291.0
30	779233.0
31	1020744.0
32	1391439.0
33	2136775.0
34	4674919.0
35	2.0534791E7
>>END_MODULE
>>Per base sequence content	fail
#Base	G	A	T	C
1	42.88612411088185	18.781321119712214	11.632314002067183	26.700240767338755
2	16.169226775326734	20.582088775087044	35.62553622894801	27.623148220638218
3	18.591454175607165	22.052517136136384	28.611769808762684	30.744258879493763
4	12.941130054311481	15.516414217777008	35.710464010495954	35.83199171741555
5	14.568007095258997	35.55599111435317	34.21427006879932	15.661731721588506
6	34.22215258982072	35.70847929154406	16.17319289511578	13.89617522351944
7	30.426377226405275	30.031211199348355	20.48193601824721	19.060475555999155
8	26.324294570991487	34.924742118478015	19.785677862032536	18.965285448497966
9	24.528480288975228	15.755737595633809	19.9082970426073	39.80748507278366
10-14	23.610839770435646	23.33671677084582	28.7444473143754	24.307996144343136
15-19	22.001286212765713	28.72107540225224	26.59937038713248	22.67826799784957
20-24	22.08205691141903	27.364229909401217	27.946294071592426	22.60741910758733
25-29	21.80415544530348	27.448618443766335	28.011849519583308	22.735376591346874
30-34	21.81066791200155	27.57771321053833	28.14792440641157	22.463694471048562
35-39	21.761117040047353	27.854597809932745	28.063818790029522	22.32046635999038
40-44	21.87587455801057	27.771612470512462	28.102119016372328	22.250393955104634
45-49	21.848120101286387	27.927835960733056	27.967688456704128	22.256355481276433
50-54	21.88445078078243	27.99381912574773	27.950581235208478	22.17114885826136
55-59	21.893052677643997	27.914964113904084	27.873859320567636	22.318123887884287
60-64	22.008226555125056	27.955743892640346	27.8651683138435	22.1708612383911
65-69	22.05247180227629	28.03896035571673	27.819885582575537	22.08868225943144
70-74	22.32977865349623	28.287002841164938	27.742404549964387	21.640813955374444
75-76	26.13562274524718	35.557363055084515	28.809069689500046	9.497944510168258
>>END_MODULE
>>Per base GC content	fail
#Base	%GC
1	69.5863648782206
2	43.79237499596495
3	49.335713055100925
4	48.773121771727034
5	30.229738816847508
6	48.11832781334016
7	49.486852782404426
8	45.28958001948945
9	64.3359653617589
10-14	47.91883591477878
15-19	44.67955421061529
20-24	44.689476019006364
25-29	44.53953203665036
30-34	44.27436238305011
35-39	44.08158340003773
40-44	44.1262685131152
45-49	44.10447558256282
50-54	44.05559963904379
55-59	44.211176565528284
60-64	44.17908779351616
65-69	44.14115406170773
70-74	43.970592608870675
75-76	35.633567255415436
>>END_MODULE
>>Per sequence GC content	warn
#GC Content	Count
0	15934.0
1	7982.0
2	45.0
3	87.5
4	115.0
5	183.0
6	364.0
7	659.5
8	845.0
9	1133.5
10	1999.5
11	3470.5
12	4381.0
13	5979.5
14	10031.5
15	16979.0
16	28077.0
17	36460.0
18	49781.5
19	76552.5
20	110431.5
21	134819.5
22	170096.5
23	233598.5
24	300866.5
25	344677.5
26	400162.5
27	490950.5
28	578388.5
29	636271.0
30	708157.5
31	819131.5
32	923445.0
33	991329.0
34	1077486.0
35	1205901.0
36	1310463.5
37	1369953.0
38	1409988.5
39	1444919.0
40	1444238.5
41	1419447.0
42	1411870.0
43	1401672.5
44	1365423.5
45	1320642.0
46	1293093.5
47	1261149.0
48	1206920.5
49	1154859.0
50	1123101.0
51	1091393.0
52	1043010.5
53	1001256.5
54	981848.5
55	962390.5
56	929012.0
57	896827.0
58	868708.5
59	824338.0
60	758469.5
61	682383.0
62	622035.0
63	566543.5
64	493254.0
65	425213.0
66	354748.5
67	303767.0
68	265443.5
69	217318.5
70	170940.5
71	139456.0
72	116580.0
73	92342.5
74	70791.5
75	56704.5
76	47881.0
77	37918.5
78	28390.5
79	22544.0
80	18935.5
81	14822.0
82	10655.5
83	7991.5
84	6295.5
85	4619.0
86	3083.5
87	2148.0
88	1678.5
89	1191.5
90	783.0
91	584.5
92	533.5
93	665.5
94	667.0
95	377.5
96	230.5
97	162.5
98	86.5
99	111.5
100	148.0
>>END_MODULE
>>Per base N content	pass
#Base	N-Count
1	0.04920340457520273
2	0.04920340457520273
3	0.04920340457520273
4	0.04920340457520273
5	0.04920340457520273
6	0.06994974305352293
7	0.04920340457520273
8	0.04920340457520273
9	0.04920340457520273
10-14	0.04960145736769604
15-19	0.04962061829404277
20-24	0.049861675109372575
25-29	0.04992719311559043
30-34	0.051480464338471955
35-39	0.010365747442955818
40-44	0.00236542630903405
45-49	0.002960155872497074
50-54	0.002143423257029488
55-59	0.0027104718731222007
60-64	1.1431085396418801E-4
65-69	5.426439785209455E-4
70-74	2.137846568464674E-4
75-76	0.0
>>END_MODULE
>>Sequence Length Distribution	warn
#Length	Count
35	20843.0
36	7645.0
37	10544.0
38	12416.0
39	14280.0
40	15974.0
41	17286.0
42	19494.0
43	22493.0
44	25183.0
45	27582.0
46	28997.0
47	30335.0
48	31591.0
49	33284.0
50	34109.0
51	35698.0
52	37783.0
53	40981.0
54	44713.0
55	46185.0
56	48058.0
57	49113.0
58	49645.0
59	51388.0
60	53116.0
61	53641.0
62	56104.0
63	58528.0
64	64003.0
65	66185.0
66	68309.0
67	70023.0
68	69488.0
69	76724.0
70	82797.0
71	107603.0
72	229248.0
73	758731.0
74	2182605.0
75	6780495.0
76	2.0824297E7
>>END_MODULE
>>Sequence Duplication Levels	warn
#Total Duplicate Percentage	42.816346627277206
#Duplication Level	Relative count
1	100.0
2	26.443946960564837
3	13.178060960909248
4	7.933528500086103
5	5.113655932495265
6	3.634406750473566
7	2.591699672808679
8	1.8632684690890304
9	1.4353366626485276
10++	10.012054417082831
>>END_MODULE
>>Overrepresented sequences	pass
>>END_MODULE
>>Kmer Content	warn
#Sequence	Count	Obs/Exp Overall	Obs/Exp Max	Max Obs/Exp Position
AAAAA	14105480	3.9563394	7.280826	72
TTTTT	12958935	3.5732694	6.230849	72
CCTGG	5099460	3.1574497	12.599267	3
CCAGG	4832480	3.0023696	13.986585	3
CCCAG	4606185	2.848283	12.478414	2
CTGGG	4523015	2.813796	10.911628	4
CCAGC	4394000	2.7170763	7.234335	3
CCTCC	4250675	2.6071463	5.1664476	1
GGAGG	4138020	2.5953228	6.037426	6
GCTGG	4107405	2.5552425	6.320014	3
TCCAG	4884045	2.4729688	9.640646	2
CAGCA	4862470	2.4704597	6.803932	4
CAGCC	3945890	2.439983	6.490805	5
TGCTG	4736110	2.4012163	6.2994547	2
CTCCA	4670265	2.3535752	7.1488404	1
CAGGA	4584605	2.3403192	10.57622	4
AGGAG	4546130	2.331672	7.6446953	5
GGCTG	3732400	2.3219495	8.654796	7
CTGGA	4507340	2.29304	8.675005	4
CTCCT	4550780	2.2855492	6.5143256	1
GGCAG	3627270	2.2642603	6.5438523	7
TCCTG	4470600	2.2559159	8.941267	2
CCTGC	3657860	2.2541718	6.5026937	3
AGCAG	4387050	2.2394729	5.6244006	7
GCTGC	3598080	2.2278352	5.79879	8
GCCTG	3597850	2.2276928	8.52029	7
CTGCT	4395910	2.2182267	6.623436	9
GCAGG	3548380	2.2150145	6.7367787	3
CTGCC	3585870	2.2098076	5.890457	9
CAGAG	4308270	2.1992579	8.226792	4
CCCTG	3531780	2.176474	9.103815	2
CTGCA	4290270	2.172319	6.6090302	4
TGCAG	4201940	2.1376724	6.50378	2
CTCTG	4200630	2.119686	7.3308644	2
CAGGG	3357625	2.0959392	9.694773	4
TGGAG	4073160	2.0819733	6.3608704	5
GCCAG	3330525	2.0692205	5.723742	2
CTGGC	3326110	2.0594387	5.662203	4
CAGGC	3310575	2.0568259	6.4923277	4
AGCTG	4030075	2.050239	6.1236563	7
GGAGA	3935935	2.0187078	5.6349716	6
GGGAG	3216465	2.0173333	5.599755	7
CAGAA	4767950	1.9903599	5.4499536	4
CCCCA	3225970	1.9854076	7.202432	1
CACAG	3851460	1.956799	7.1250362	7
CTCAG	3809130	1.9287004	6.2499995	2
TTCTG	4647095	1.920153	5.0047274	2
CTGTG	3766465	1.9096044	8.863938	9
CTGAG	3746045	1.9057429	5.930028	4
GGCCA	3026610	1.8804014	6.5718207	1
CCAGA	3700635	1.8801699	7.0725536	3
TGGGG	2957885	1.8488356	6.092868	5
TCTGG	3592375	1.8213403	6.247456	3
CCTCT	3592345	1.804192	5.419548	1
CAGTG	3529320	1.7954875	6.593732	9
TGGCC	2890975	1.7900147	6.0121217	5
CACTG	3520000	1.7823035	7.4763746	7
ACCTG	3504780	1.774597	5.455283	7
AGAGG	3441215	1.7649703	5.282324	5
GCCCA	2779700	1.7188568	8.174297	1
CCTGA	3372080	1.7074062	5.6311417	3
GAGAG	3272045	1.6782044	5.4098473	7
ACAGA	3983955	1.6630846	5.8215714	8
TCAGG	3254455	1.6556542	5.979326	3
GGGCC	2149250	1.6328802	5.6462092	6
TGGGC	2624025	1.6324227	6.6557493	5
GGCCT	2620075	1.6222806	5.6221642	6
AGCCT	3154990	1.5974857	6.101052	6
AGGCC	2552900	1.5860902	5.219921	5
CCTGT	3139750	1.5843539	5.6122785	8
AGGTG	3094515	1.5817443	5.3227415	7
AGGCT	2898495	1.474565	5.1756725	6
CTGTC	2852570	1.4394394	5.9848576	9
GTGTG	2822390	1.4377352	6.23198	1
GCCCT	2324765	1.4326462	5.8846993	1
GACAG	2804100	1.4314188	7.212755	7
ACACA	3439250	1.4289311	6.1151853	6
GGGCT	2296835	1.4288756	6.0674787	6
ACAGC	2803600	1.4244162	5.604181	8
CACAC	2811085	1.4214855	6.835519	5
GCTGT	2781510	1.4102304	5.2819405	8
TGTGT	3349920	1.3907247	5.575905	10
AGAGC	2695525	1.3759941	5.1808743	5
AGGGC	2170535	1.3549187	5.7965536	5
AGACA	3203265	1.3371888	5.6114955	6
GTCCT	2498315	1.2606784	8.096195	1
GGACA	2454680	1.2530489	6.325117	6
ACTGC	2454385	1.242744	5.294343	8
AGGAC	2355810	1.2025785	8.927431	5
GTGCT	2328570	1.1805891	5.4835625	1
GTCCA	2301145	1.165153	6.6500883	1
TGTGC	2259210	1.1454234	5.8734007	10
AGCAC	2231170	1.1335834	5.625413	5
TGGAC	2119155	1.0780876	6.0262833	5
GTGCA	2099290	1.0679816	5.7507176	1
TGCAC	2090025	1.0582553	5.5856586	5
ACAGT	2479790	1.0316514	5.4948926	8
GACTG	2024820	1.0300962	6.367394	7
ACTGT	2452520	1.016831	6.2387786	8
GCACT	2008150	1.0167991	5.158076	6
AGACT	2425205	1.0089426	5.747455	6
GGACC	1621315	1.0073062	5.701145	6
GGACT	1848005	0.9401442	5.4867487	6
TGTAG	2152515	0.8966743	5.1091175	2
TAGGA	1891980	0.79083693	5.3363442	4
GTGTA	1489120	0.6203236	5.406322	1
>>END_MODULE
