##FastQC	0.10.1
>>Basic Statistics	pass
#Measure	Value	
Filename	032-F0_S5_L003_R2_001.fastq.gz	
File type	Conventional base calls	
Encoding	Sanger / Illumina 1.9	
Total Sequences	32345184	
Filtered Sequences	0	
Sequence length	35-76	
%GC	45	
>>END_MODULE
>>Per base sequence quality	pass
#Base	Mean	Median	Lower Quartile	Upper Quartile	10th Percentile	90th Percentile
1	31.40684504994623	32.0	32.0	32.0	32.0	32.0
2	31.133401899955185	32.0	32.0	32.0	32.0	32.0
3	31.178410486086584	32.0	32.0	32.0	32.0	32.0
4	31.232278752843083	32.0	32.0	32.0	32.0	32.0
5	31.200611812874524	32.0	32.0	32.0	32.0	32.0
6	34.873642208991605	36.0	36.0	36.0	36.0	36.0
7	34.86689316715589	36.0	36.0	36.0	36.0	36.0
8	34.802704384059155	36.0	36.0	36.0	32.0	36.0
9	34.91851995647946	36.0	36.0	36.0	36.0	36.0
10-14	34.815399423914236	36.0	36.0	36.0	33.6	36.0
15-19	34.739990757202065	36.0	36.0	36.0	32.0	36.0
20-24	34.67945980458791	36.0	36.0	36.0	32.0	36.0
25-29	34.61270454358832	36.0	36.0	36.0	32.0	36.0
30-34	34.54196481924481	36.0	36.0	36.0	32.0	36.0
35-39	34.48183253839245	36.0	36.0	36.0	32.0	36.0
40-44	34.420957402660385	36.0	36.0	36.0	32.0	36.0
45-49	34.323390337802074	36.0	36.0	36.0	32.0	36.0
50-54	34.208082703967065	36.0	36.0	36.0	32.0	36.0
55-59	34.0685502080352	36.0	36.0	36.0	32.0	36.0
60-64	33.93072279623406	36.0	36.0	36.0	32.0	36.0
65-69	33.78493722758334	36.0	36.0	36.0	29.0	36.0
70-74	33.66374388103621	36.0	36.0	36.0	27.0	36.0
75-76	33.054062269811794	36.0	34.0	36.0	20.5	36.0
>>END_MODULE
>>Per sequence quality scores	pass
#Quality	Count
2	15570.0
3	0.0
4	0.0
5	0.0
6	0.0
7	0.0
8	0.0
9	0.0
10	0.0
11	0.0
12	0.0
13	1.0
14	1190.0
15	4193.0
16	7462.0
17	11205.0
18	15197.0
19	21169.0
20	29959.0
21	44556.0
22	66333.0
23	99712.0
24	148612.0
25	217246.0
26	303560.0
27	408835.0
28	532604.0
29	682144.0
30	865833.0
31	1122491.0
32	1524459.0
33	2336511.0
34	4928430.0
35	1.8957912E7
>>END_MODULE
>>Per base sequence content	fail
#Base	G	A	T	C
1	44.732421079519156	17.930213718949997	11.46921755343144	25.868147648099406
2	16.87115431032882	19.61175167257716	36.6174641192744	26.899629897819615
3	20.141697714903597	21.166663124130977	28.914665141736545	29.776974019228884
4	13.703939732170479	14.616869770308098	36.39157136387148	35.28761913364995
5	15.208725948038074	34.5651521096239	35.14946363124229	15.076658311095736
6	34.327843437117984	35.12935962346513	16.535039692555912	14.007757246860972
7	30.289813489565393	29.93709368182664	20.73413862031967	19.0389542082883
8	26.531148179489715	34.45431769227186	20.20098509221993	18.81354903601849
9	24.947201619321493	15.838502746245778	20.22847799801977	38.98581763641295
10-14	23.763553131194204	23.258518954170007	28.78362853326984	24.19429938136595
15-19	22.14512551866533	28.515215183206333	26.68070951914242	22.658949778985917
20-24	22.19438080636769	27.21816986257968	27.99831899012663	22.589130340926005
25-29	21.920722591986404	27.34986752393641	28.01271614316212	22.716693740915066
30-34	21.93633614060471	27.49038451247825	28.136686692269198	22.436592654647843
35-39	21.911737525567858	27.745338286267014	28.06498544714647	22.27793874101866
40-44	22.01930765572183	27.691501119172706	28.09680664809581	22.192384577009655
45-49	21.994137717946487	27.862471454185805	27.93654029064811	22.206850537219598
50-54	22.015492636312057	27.966613368559806	27.922538983426982	22.095355011701162
55-59	22.015310436016104	27.89372057771113	27.833551653063047	22.257417333209727
60-64	22.151593926513982	27.9360035257946	27.827743469230743	22.084659078460678
65-69	22.18755375727458	28.041579300172465	27.76313657992863	22.00773036262433
70-74	22.488181954814895	28.303746131848584	27.687903522819425	21.520168390517096
75-76	26.311301038888697	35.526320320669946	28.712597374742966	9.44978126569839
>>END_MODULE
>>Per base GC content	fail
#Base	%GC
1	70.60056872761857
2	43.77078420814844
3	49.91867173413248
4	48.99155886582043
5	30.285384259133806
6	48.33560068397896
7	49.328767697853685
8	45.344697215508205
9	63.93301925573446
10-14	47.95785251256016
15-19	44.804075297651245
20-24	44.783511147293694
25-29	44.637416332901466
30-34	44.372928795252555
35-39	44.18967626658652
40-44	44.21169223273148
45-49	44.20098825516609
50-54	44.11084764801322
55-59	44.27272776922583
60-64	44.23625300497466
65-69	44.1952841198989
70-74	44.00835034533199
75-76	35.761082304587084
>>END_MODULE
>>Per sequence GC content	warn
#GC Content	Count
0	15597.0
1	7834.5
2	105.5
3	249.0
4	358.5
5	476.5
6	824.5
7	1374.5
8	1701.5
9	2068.5
10	3326.0
11	5461.5
12	6708.5
13	8232.5
14	12128.5
15	18634.5
16	29336.5
17	37577.0
18	50665.5
19	77035.0
20	110671.5
21	134758.5
22	169024.5
23	230750.5
24	296608.0
25	340014.5
26	394305.5
27	483704.0
28	570937.0
29	628207.0
30	698175.5
31	809671.0
32	916805.0
33	986242.5
34	1072214.5
35	1198483.5
36	1300786.5
37	1359841.5
38	1400152.5
39	1437131.0
40	1437181.0
41	1414191.5
42	1409369.0
43	1400576.0
44	1367433.5
45	1324577.5
46	1297698.5
47	1265804.0
48	1213083.5
49	1162822.5
50	1130600.0
51	1096901.0
52	1048240.5
53	1007616.5
54	987033.0
55	966716.5
56	932958.5
57	898605.5
58	868625.5
59	823385.5
60	757131.0
61	680933.5
62	620359.0
63	564929.5
64	492181.0
65	423998.5
66	353587.5
67	303289.0
68	264539.5
69	215774.0
70	169853.0
71	139021.0
72	116661.0
73	92237.0
74	70390.5
75	56416.0
76	47590.0
77	37904.0
78	28513.0
79	22688.5
80	19383.0
81	15465.5
82	11380.0
83	8797.5
84	7119.5
85	5442.5
86	3947.5
87	3059.0
88	2579.5
89	2161.5
90	1855.0
91	1643.5
92	1543.5
93	1519.5
94	1539.5
95	1581.5
96	1585.5
97	1729.0
98	2348.5
99	11885.0
100	20951.0
>>END_MODULE
>>Per base N content	pass
#Base	N-Count
1	0.09675938155120713
2	0.09208171454520092
3	0.07328138866051898
4	0.06227820500263657
5	0.05271882206637007
6	0.051642927738484966
7	0.04897174182097711
8	0.04829776204086519
9	0.04821119583057558
10-14	0.04813699622175592
15-19	0.04813699622175592
20-24	0.04813761455182942
25-29	0.04813699622175592
30-34	0.04813699622175592
35-39	0.00963555466946684
40-44	0.0
45-49	1.2450740977835128E-6
50-54	0.0
55-59	0.0
60-64	0.0
65-69	8.658236712382092E-5
70-74	0.0
75-76	0.0
>>END_MODULE
>>Sequence Length Distribution	warn
#Length	Count
35	20468.0
36	7484.0
37	10274.0
38	12011.0
39	13930.0
40	15502.0
41	16976.0
42	18833.0
43	21548.0
44	24535.0
45	26965.0
46	28617.0
47	30188.0
48	31018.0
49	32673.0
50	33406.0
51	35280.0
52	37368.0
53	40427.0
54	43731.0
55	45570.0
56	47580.0
57	48699.0
58	49273.0
59	50838.0
60	53170.0
61	53339.0
62	55596.0
63	58011.0
64	63315.0
65	65290.0
66	67908.0
67	69330.0
68	68358.0
69	75964.0
70	81896.0
71	106716.0
72	229186.0
73	761403.0
74	2170891.0
75	6749011.0
76	2.0872606E7
>>END_MODULE
>>Sequence Duplication Levels	warn
#Total Duplicate Percentage	40.98568108406208
#Duplication Level	Relative count
1	100.0
2	24.805800535665117
3	12.047458928169144
4	7.358303226506245
5	4.810973625585102
6	3.2081501197320006
7	2.3545902829346437
8	1.6820885933367264
9	1.2982786960475925
10++	9.308224378603432
>>END_MODULE
>>Overrepresented sequences	pass
>>END_MODULE
>>Kmer Content	warn
#Sequence	Count	Obs/Exp Overall	Obs/Exp Max	Max Obs/Exp Position
AAAAA	14933355	4.2928677	8.4343405	72
TTTTT	12636480	3.4611628	5.9408894	72
GGGGG	4260860	3.123676	5.6285563	72
CCTGG	5076670	3.112835	12.261734	3
CCAGG	4758315	2.945976	12.421594	3
CCCAG	4514505	2.8206398	11.317883	2
CTGGG	4548930	2.7639163	11.151944	4
CCAGC	4309815	2.6927505	6.578464	3
GGAGG	4197630	2.5518615	5.907995	6
GCTGG	4183620	2.541955	7.161919	3
CAGCA	4768295	2.4480674	6.6132607	4
TCCAG	4798545	2.4398942	8.774355	2
TGCTG	4827380	2.4088657	7.58629	2
CAGCC	3853990	2.4079533	5.901768	9
CTCCA	4568780	2.344354	6.3695235	1
CAGGA	4547850	2.3136885	9.735434	4
GGCTG	3797230	2.3071856	8.317338	7
CTCCT	4538215	2.3062649	6.053406	1
CTGGA	4533315	2.2841039	8.769031	4
AGGAG	4530005	2.2836835	7.0035195	5
GCTGC	3671830	2.2514367	5.696067	8
TCCTG	4459520	2.2456949	8.676034	2
CTGCT	4450175	2.240989	6.4338303	9
CCTGC	3621075	2.2406611	6.280296	3
CTGCC	3609215	2.2333224	5.72134	9
GGCAG	3630825	2.2275107	6.386806	7
GCCTG	3596255	2.2050967	7.3574257	7
AGCAG	4316325	2.1959016	5.3633556	7
GCAGG	3576070	2.1939182	6.8896823	3
CTGCA	4307490	2.1902099	6.7739058	4
CCCTG	3489615	2.1593158	9.067112	2
CAGAG	4223670	2.1487641	7.471672	4
TGCAG	4222570	2.1275353	7.091125	2
CTCTG	4212495	2.1212995	7.4302373	2
TGGAG	4131100	2.0625484	6.433217	5
CAGGG	3350590	2.0555863	9.258215	4
CTGGC	3339160	2.047455	5.719677	4
GCCAG	3297035	2.0412657	5.2740417	2
AGCTG	4043695	2.0374093	5.8336787	7
CAGGC	3271805	2.0256453	6.1834435	4
CCCCA	3197770	2.0162585	6.6984024	1
GGGAG	3274435	1.9906245	5.5199733	7
CAGAA	4712735	1.9881816	5.3503723	4
GGAGA	3940810	1.9866563	5.4839997	6
CACAG	3750900	1.9257317	6.891594	7
CTCAG	3783305	1.9236798	6.1040163	2
TTCTG	4680710	1.9182192	5.2045054	2
CTGTG	3813735	1.9030561	8.591431	9
CTGAG	3744560	1.8866907	5.853921	4
GGCCA	3015285	1.8668281	6.346161	1
CCAGA	3626125	1.8616714	6.5066032	3
TGGGG	3072795	1.8500683	6.3843827	5
CCTCT	3589015	1.8238931	5.5530915	1
TCTGG	3629365	1.8110553	6.421487	3
CACTG	3483825	1.7714046	7.2502146	7
ACCTG	3479100	1.7690021	5.4244437	7
CAGTG	3510095	1.7685558	6.3095827	9
TGGCC	2882895	1.7676895	5.83679	5
AGAGG	3433675	1.7309974	5.086061	5
CCTGA	3349725	1.7032194	5.504182	3
GCCCA	2710915	1.693766	7.2460613	1
ACAGA	3901115	1.64578	5.736314	8
TCAGG	3257770	1.6414223	5.8835726	3
GAGAG	3249585	1.6381932	5.2041154	7
GGGCC	2182610	1.6295507	5.429755	6
TGGGC	2653350	1.6121676	6.586653	5
GGCCT	2616945	1.6046183	5.10293	6
CCTGT	3144975	1.5837251	5.492429	8
AGCCT	3101360	1.5769343	5.129667	6
AGGTG	3121880	1.5586715	5.239682	7
GTGTG	2987360	1.4771588	7.6354766	1
CTGTC	2873610	1.4470729	5.820117	9
GCCCT	2298605	1.4223386	6.096344	1
GGGCT	2338370	1.4207866	5.9213142	6
ACAGC	2750950	1.4123521	5.3770585	8
GCTGT	2830195	1.4122691	5.089425	8
TGTGT	3476640	1.4118378	5.681854	10
ACACA	3311570	1.4098681	5.903358	6
GACAG	2758800	1.4035212	6.79789	7
CACAC	2684990	1.3911195	6.235946	5
AGGGC	2172765	1.3329909	5.5246983	5
AGACA	3137620	1.3236811	5.155053	6
GTCCT	2524365	1.2712026	8.787732	1
GGACA	2436810	1.2397109	5.912282	6
ACTGC	2437460	1.2393641	5.058643	8
AGGAC	2333325	1.1870636	8.484149	5
GTGCT	2360950	1.1781156	6.471266	1
GTCCA	2298295	1.1686035	6.723565	1
TGTGC	2279780	1.1376117	5.7944427	10
GTCTT	2762405	1.1320716	5.340755	1
AGCAC	2193740	1.1262776	5.3709083	5
TGGAC	2118890	1.0675995	5.847245	5
GTGCA	2118750	1.067529	6.1441836	1
TGCAC	2089280	1.0623267	5.567407	5
ACAGT	2447950	1.0227907	5.3015137	8
GCACT	1997465	1.0156419	5.016194	6
GACTG	2013085	1.0142897	5.8327875	7
ACTGT	2445415	1.0119008	6.0090013	8
GGACC	1614430	0.9995285	5.44176	6
AGACT	2367835	0.98931736	5.076638	6
GGACT	1844090	0.9291418	5.1508026	6
TGTAG	2180240	0.8939808	5.2755384	2
TAGGA	1888480	0.78187096	5.2452135	4
GTGTA	1532515	0.62838906	5.704698	1
>>END_MODULE
