##FastQC	0.10.1
>>Basic Statistics	pass
#Measure	Value	
Filename	005-F5_S2_L002_R1_001_trimmed.fq.gz	
File type	Conventional base calls	
Encoding	Sanger / Illumina 1.9	
Total Sequences	17696028	
Filtered Sequences	0	
Sequence length	20-50	
%GC	45	
>>END_MODULE
>>Per base sequence quality	pass
#Base	Mean	Median	Lower Quartile	Upper Quartile	10th Percentile	90th Percentile
1	35.085575135844046	36.0	36.0	36.0	36.0	36.0
2	35.07623919898861	36.0	36.0	36.0	36.0	36.0
3	35.05275630214871	36.0	36.0	36.0	36.0	36.0
4	35.04106435636291	36.0	36.0	36.0	36.0	36.0
5	35.02613275702321	36.0	36.0	36.0	36.0	36.0
6	34.9728391026506	36.0	36.0	36.0	36.0	36.0
7	34.95887060079245	36.0	36.0	36.0	36.0	36.0
8	34.9400726535921	36.0	36.0	36.0	36.0	36.0
9	34.93632226395663	36.0	36.0	36.0	36.0	36.0
10	34.909929561594275	36.0	36.0	36.0	36.0	36.0
11	34.89179063233851	36.0	36.0	36.0	36.0	36.0
12	34.87105535773338	36.0	36.0	36.0	36.0	36.0
13	34.861980157355084	36.0	36.0	36.0	36.0	36.0
14	34.86473970316955	36.0	36.0	36.0	36.0	36.0
15	34.8590571850361	36.0	36.0	36.0	36.0	36.0
16	34.8312585174481	36.0	36.0	36.0	36.0	36.0
17	34.819475760323165	36.0	36.0	36.0	36.0	36.0
18	34.807128752282715	36.0	36.0	36.0	36.0	36.0
19	34.80056394576229	36.0	36.0	36.0	32.0	36.0
20	34.79270608070919	36.0	36.0	36.0	32.0	36.0
21	34.77763131683122	36.0	36.0	36.0	32.0	36.0
22	34.76806514545593	36.0	36.0	36.0	32.0	36.0
23	34.754156352240514	36.0	36.0	36.0	32.0	36.0
24	34.74401983766903	36.0	36.0	36.0	32.0	36.0
25	34.73361592621025	36.0	36.0	36.0	32.0	36.0
26	34.71768838625223	36.0	36.0	36.0	32.0	36.0
27	34.71720266429724	36.0	36.0	36.0	32.0	36.0
28	34.69903433839759	36.0	36.0	36.0	32.0	36.0
29	34.680687710390444	36.0	36.0	36.0	32.0	36.0
30	34.66451978537608	36.0	36.0	36.0	32.0	36.0
31	34.65622301482794	36.0	36.0	36.0	32.0	36.0
32	34.64809050905576	36.0	36.0	36.0	32.0	36.0
33	34.62610693109082	36.0	36.0	36.0	32.0	36.0
34	34.609023093140756	36.0	36.0	36.0	32.0	36.0
35	34.58270187650945	36.0	36.0	36.0	32.0	36.0
36	34.5739197061514	36.0	36.0	36.0	32.0	36.0
37	34.55702415986313	36.0	36.0	36.0	32.0	36.0
38	34.52806388666598	36.0	36.0	36.0	32.0	36.0
39	34.51335963062686	36.0	36.0	36.0	32.0	36.0
40	34.49250079829867	36.0	36.0	36.0	32.0	36.0
41	34.473553504526876	36.0	36.0	36.0	32.0	36.0
42	34.4563946697754	36.0	36.0	36.0	32.0	36.0
43	34.437328295704006	36.0	36.0	36.0	32.0	36.0
44	34.4139916677337	36.0	36.0	36.0	32.0	36.0
45	34.39849180930977	36.0	36.0	36.0	32.0	36.0
46	34.38459392559118	36.0	36.0	36.0	32.0	36.0
47	34.39205405482441	36.0	36.0	36.0	32.0	36.0
48	34.39944808739283	36.0	36.0	36.0	32.0	36.0
49	34.47898976903611	36.0	36.0	36.0	32.0	36.0
50	34.57591337933018	36.0	36.0	36.0	32.0	36.0
>>END_MODULE
>>Per sequence quality scores	pass
#Quality	Count
14	4.0
15	61.0
16	249.0
17	671.0
18	1513.0
19	3384.0
20	6925.0
21	12285.0
22	20490.0
23	32051.0
24	49283.0
25	72874.0
26	107035.0
27	149927.0
28	206370.0
29	275144.0
30	362640.0
31	478933.0
32	654880.0
33	990671.0
34	1977637.0
35	8289255.0
36	4003746.0
>>END_MODULE
>>Per base sequence content	pass
#Base	G	A	T	C
1	22.544141420266172	26.657727180590484	27.28643348694037	23.511697912202976
2	22.460416958045663	26.744051277052332	27.54842401047693	23.247107754425077
3	22.442895094876658	26.79262261565138	27.39468992702769	23.369792362444272
4	22.615222101648964	26.511533469759495	27.698009365835336	23.175235062756204
5	22.72089533312221	26.559073030399816	27.32549360794411	23.39453802853386
6	22.266565514006675	26.991773576269246	27.512088166692806	23.229572743031273
7	22.31711494672866	26.937536074524388	27.487857994623194	23.257490984123763
8	22.351897273218597	26.8335131476962	27.456766004212923	23.357823574872285
9	22.268056780250827	26.923512484055728	27.53605727663385	23.27237345905959
10	22.331767859266012	26.986276691306475	27.506591311132944	23.17536413829457
11	22.842205041718966	26.856614376966405	27.222634367441103	23.078546213873533
12	22.19408219742871	27.093142031646877	27.606652747158854	23.10612302376556
13	22.30628251718408	26.910033144160938	27.705505438847634	23.078178899807348
14	22.34690597629086	26.676929746913842	27.865217900391237	23.110946376404062
15	22.271884967632285	26.969487164012172	27.665892029556012	23.092735838799534
16	22.383684067407668	27.285213382347724	27.573583179230955	22.757519371013654
17	22.526365803670746	26.936151999759495	27.2982049983194	23.239277198250363
18	22.382570823237845	27.389067196322248	27.315497014358247	22.912864966081653
19	22.56157144416815	27.047397302942784	27.51961061544432	22.871420637444743
20	22.628767314337434	26.81602334716017	27.524300933520223	23.03090840498218
21	22.658415439994126	26.941240465783928	27.508692505925158	22.89165158829679
22	22.413647512751314	27.16584930119917	27.558152967465666	22.86235021858385
23	22.508032538100224	26.91401675767843	27.472609826315363	23.105340877905988
24	22.349973643133723	27.255680957818768	27.47091921136613	22.923426187681383
25	22.44968988000336	27.18707705108603	27.34584589554646	23.01738717336416
26	22.545075897688662	27.110150752895745	27.30810223086486	23.036671118550732
27	22.539929922966582	27.225170321509236	27.390723847943672	22.844175907580514
28	22.317599325627985	27.228567961658236	27.38306371578016	23.07076899693362
29	22.623099984995946	26.986811850073593	27.41575637465217	22.974331790278292
30	22.443912896893526	27.321406347482075	27.35026493498225	22.884415820642147
31	22.578642336245824	27.1792224755292	27.33185419323268	22.91028099499229
32	22.527395325181928	27.233758177326177	27.287689200567645	22.95115729692425
33	22.438102380762384	27.046481036530086	27.537966722948106	22.977449859759428
34	22.5628086644762	27.35790725936773	27.38859523768731	22.690688838468763
35	22.549937686546645	26.99288369668872	27.382138983865588	23.07503963289905
36	22.63115331942147	27.310116809272078	27.1822436779831	22.87648619332336
37	22.441666613775755	27.211498296089903	27.310210367135795	23.036624722998546
38	22.465091231298327	27.11831656998801	27.30464953534355	23.111942663370115
39	22.423942032420317	27.25397643674511	27.345524983788895	22.976556547045675
40	22.50645728992345	27.189999355665286	27.494094488422565	22.809448865988703
41	22.70691886686735	27.122289861065873	27.305890552959106	22.864900719107673
42	22.62687979613156	27.22265643651291	27.337196183872898	22.813267583482634
43	22.568624569878658	27.390267496461142	27.263292790185023	22.777815143475177
44	22.62252861157108	27.092223772736556	27.21527022715879	23.069977388533573
45	22.512874076731773	27.313981163856	27.322814305804588	22.85033045360764
46	22.523231095294495	27.525692643889986	27.117312760702326	22.833763500113186
47	22.555626461781106	27.26243097859565	27.25420937535134	22.927733184271908
48	22.542158109040507	27.689605216851117	27.43124887586844	22.336987798239935
49	22.745807552644877	27.871092397956037	27.55265115500781	21.83044889439128
50	22.712774506494743	27.668488514925798	27.615305194184682	22.003431784394778
>>END_MODULE
>>Per base GC content	pass
#Base	%GC
1	46.05583933246915
2	45.707524712470736
3	45.81268745732093
4	45.79045716440517
5	46.11543336165607
6	45.49613825703795
7	45.57460593085242
8	45.70972084809088
9	45.54043023931042
10	45.50713199756058
11	45.92075125559249
12	45.300205221194275
13	45.38446141699143
14	45.45785235269492
15	45.364620806431816
16	45.14120343842132
17	45.765643001921106
18	45.2954357893195
19	45.43299208161289
20	45.659675719319615
21	45.55006702829091
22	45.27599773133517
23	45.61337341600621
24	45.2733998308151
25	45.46707705336752
26	45.58174701623939
27	45.38410583054709
28	45.388368322561604
29	45.59743177527424
30	45.328328717535676
31	45.48892333123812
32	45.47855262210618
33	45.41555224052181
34	45.25349750294496
35	45.6249773194457
36	45.50763951274483
37	45.4782913367743
38	45.57703389466844
39	45.400498579465996
40	45.31590615591215
41	45.57181958597502
42	45.440147379614196
43	45.34643971335384
44	45.69250600010466
45	45.36320453033941
46	45.35699459540768
47	45.48335964605301
48	44.879145907280446
49	44.57625644703616
50	44.716206290889524
>>END_MODULE
>>Per sequence GC content	pass
#GC Content	Count
0	2721.0
1	2718.5
2	2393.0
3	2236.0
4	2468.5
5	3057.0
6	3731.0
7	4738.5
8	5784.5
9	7432.5
10	9269.5
11	12825.5
12	16525.5
13	22086.0
14	28672.0
15	39111.0
16	50358.5
17	66624.0
18	84243.5
19	107155.5
20	130688.5
21	159973.5
22	190400.5
23	227803.0
24	267206.0
25	303891.0
26	346351.0
27	397092.5
28	451720.0
29	512139.5
30	573737.5
31	638606.5
32	706565.0
33	776177.5
34	846866.5
35	910408.0
36	969866.0
37	1014164.0
38	1049165.5
39	1074405.0
40	1097877.5
41	1113731.0
42	1126965.0
43	1127661.5
44	1123858.5
45	1111173.5
46	1098251.0
47	1080013.0
48	1060355.5
49	1038331.0
50	1015402.5
51	994394.5
52	970513.5
53	943273.0
54	915997.5
55	887255.0
56	856008.0
57	818965.0
58	779275.0
59	730761.5
60	679482.0
61	622644.0
62	565364.5
63	516006.0
64	458800.5
65	404887.0
66	353593.0
67	306316.0
68	258536.5
69	216042.5
70	179610.5
71	149212.0
72	122583.5
73	99463.5
74	77899.0
75	62233.0
76	50577.0
77	40035.0
78	30610.5
79	23695.5
80	17641.5
81	13167.5
82	9776.0
83	7514.0
84	5469.0
85	4100.5
86	3041.0
87	2354.0
88	1851.0
89	1446.5
90	1142.5
91	949.0
92	796.0
93	676.5
94	571.0
95	513.5
96	469.5
97	439.0
98	393.5
99	488.0
100	604.0
>>END_MODULE
>>Per base N content	pass
#Base	N-Count
1	3.95568994352857E-5
2	1.695295690083673E-5
3	0.0
4	5.0858870702510193E-5
5	0.0
6	1.695295690083673E-5
7	1.2432168393946937E-4
8	0.0
9	9.04157701377959E-5
10	2.2603942534448974E-5
11	0.0
12	0.0
13	0.0
14	0.0013336326095324893
15	0.0
16	0.0
17	0.0
18	0.0
19	0.0
20	0.0
21	0.0
22	0.0
23	3.35220625454643E-4
24	0.0
25	0.0
26	0.0
27	0.0
28	0.0
29	0.0
30	0.0
31	0.0
32	0.0
33	0.0
34	0.0
35	0.0
36	0.0
37	0.0
38	0.0
39	0.0
40	0.0
41	0.0
42	0.0
43	0.0
44	0.0
45	0.0
46	0.0
47	0.0
48	0.0
49	0.0
50	0.0
>>END_MODULE
>>Sequence Length Distribution	warn
#Length	Count
20	31099.0
21	31650.0
22	32930.0
23	33769.0
24	34173.0
25	35695.0
26	36498.0
27	38376.0
28	39870.0
29	42242.0
30	43190.0
31	44870.0
32	45875.0
33	45977.0
34	47137.0
35	48107.0
36	48414.0
37	51364.0
38	53546.0
39	56652.0
40	58361.0
41	62304.0
42	66830.0
43	79055.0
44	115989.0
45	197747.0
46	486633.0
47	1026280.0
48	2020269.0
49	2674060.0
50	1.0067066E7
>>END_MODULE
>>Sequence Duplication Levels	warn
#Total Duplicate Percentage	32.76040975101184
#Duplication Level	Relative count
1	100.0
2	21.593394135759578
3	8.691041272023813
4	4.534583513132008
5	2.5759359892340212
6	1.6017319183482415
7	1.0809861987756624
8	0.8045228813621303
9	0.6129001587104229
10++	4.781791453041462
>>END_MODULE
>>Overrepresented sequences	pass
>>END_MODULE
>>Kmer Content	warn
#Sequence	Count	Obs/Exp Overall	Obs/Exp Max	Max Obs/Exp Position
AAAAA	4136585	3.6292412	4.4036956	46
TTTTT	4054040	3.342306	3.983086	13
>>END_MODULE
