##FastQC	0.10.1
>>Basic Statistics	pass
#Measure	Value	
Filename	KS26_S5_L001_R2_001.fastq.gz	
File type	Conventional base calls	
Encoding	Sanger / Illumina 1.9	
Total Sequences	20759249	
Filtered Sequences	0	
Sequence length	35-75	
%GC	46	
>>END_MODULE
>>Per base sequence quality	pass
#Base	Mean	Median	Lower Quartile	Upper Quartile	10th Percentile	90th Percentile
1	31.470298227069776	32.0	32.0	32.0	32.0	32.0
2	31.318743900610276	32.0	32.0	32.0	32.0	32.0
3	31.387505106759882	32.0	32.0	32.0	32.0	32.0
4	31.41455897561612	32.0	32.0	32.0	32.0	32.0
5	31.406421879712507	32.0	32.0	32.0	32.0	32.0
6	35.15086441710873	36.0	36.0	36.0	36.0	36.0
7	35.142626739531856	36.0	36.0	36.0	36.0	36.0
8	35.094642007521564	36.0	36.0	36.0	36.0	36.0
9	35.168313025196625	36.0	36.0	36.0	36.0	36.0
10	35.04877840234008	36.0	36.0	36.0	36.0	36.0
11	35.145684027394246	36.0	36.0	36.0	36.0	36.0
12	35.071814495794136	36.0	36.0	36.0	36.0	36.0
13	35.10009355348067	36.0	36.0	36.0	36.0	36.0
14	35.04906569597002	36.0	36.0	36.0	36.0	36.0
15	35.03149246873044	36.0	36.0	36.0	36.0	36.0
16	35.038858390301115	36.0	36.0	36.0	36.0	36.0
17	35.0280087685253	36.0	36.0	36.0	36.0	36.0
18	35.01636292334082	36.0	36.0	36.0	36.0	36.0
19	35.00899497857557	36.0	36.0	36.0	36.0	36.0
20	34.991300937716964	36.0	36.0	36.0	36.0	36.0
21	34.98156060462495	36.0	36.0	36.0	36.0	36.0
22	34.976545394296295	36.0	36.0	36.0	36.0	36.0
23	34.957343447250906	36.0	36.0	36.0	36.0	36.0
24	34.95183438476026	36.0	36.0	36.0	36.0	36.0
25	34.93143716326154	36.0	36.0	36.0	36.0	36.0
26	34.92290212425315	36.0	36.0	36.0	36.0	36.0
27	34.90730050012888	36.0	36.0	36.0	36.0	36.0
28	34.9022077340081	36.0	36.0	36.0	36.0	36.0
29	34.88515393789053	36.0	36.0	36.0	36.0	36.0
30	34.86566349293272	36.0	36.0	36.0	36.0	36.0
31	34.85226223742487	36.0	36.0	36.0	36.0	36.0
32	34.842742239856555	36.0	36.0	36.0	36.0	36.0
33	34.82991952165514	36.0	36.0	36.0	36.0	36.0
34	34.82024137771072	36.0	36.0	36.0	36.0	36.0
35	34.800894483225285	36.0	36.0	36.0	36.0	36.0
36	34.79631665187427	36.0	36.0	36.0	36.0	36.0
37	34.78437503358863	36.0	36.0	36.0	36.0	36.0
38	34.77341388417267	36.0	36.0	36.0	36.0	36.0
39	34.75958972195644	36.0	36.0	36.0	36.0	36.0
40	34.75143072861616	36.0	36.0	36.0	36.0	36.0
41	34.73723589516744	36.0	36.0	36.0	36.0	36.0
42	34.72521050519219	36.0	36.0	36.0	36.0	36.0
43	34.710462704956015	36.0	36.0	36.0	32.0	36.0
44	34.694064367330455	36.0	36.0	36.0	32.0	36.0
45	34.67248406310534	36.0	36.0	36.0	32.0	36.0
46	34.66154371393037	36.0	36.0	36.0	32.0	36.0
47	34.639067126245365	36.0	36.0	36.0	32.0	36.0
48	34.61378058347869	36.0	36.0	36.0	32.0	36.0
49	34.60427219060794	36.0	36.0	36.0	32.0	36.0
50	34.578172478787096	36.0	36.0	36.0	32.0	36.0
51	34.55634799181515	36.0	36.0	36.0	32.0	36.0
52	34.54112352198184	36.0	36.0	36.0	32.0	36.0
53	34.51115402557389	36.0	36.0	36.0	32.0	36.0
54	34.47735684081453	36.0	36.0	36.0	32.0	36.0
55	34.452740664504304	36.0	36.0	36.0	32.0	36.0
56	34.431337455033166	36.0	36.0	36.0	32.0	36.0
57	34.4157632509747	36.0	36.0	36.0	32.0	36.0
58	34.395983507586735	36.0	36.0	36.0	32.0	36.0
59	34.35716192095676	36.0	36.0	36.0	32.0	36.0
60	34.34149345424817	36.0	36.0	36.0	32.0	36.0
61	34.30368881618749	36.0	36.0	36.0	32.0	36.0
62	34.279417835991445	36.0	36.0	36.0	32.0	36.0
63	34.253595860705566	36.0	36.0	36.0	32.0	36.0
64	34.229150486493126	36.0	36.0	36.0	32.0	36.0
65	34.18675780723269	36.0	36.0	36.0	32.0	36.0
66	34.16562940307236	36.0	36.0	36.0	32.0	36.0
67	34.14394714345239	36.0	36.0	36.0	32.0	36.0
68	34.10863792454034	36.0	36.0	36.0	32.0	36.0
69	34.08134104498663	36.0	36.0	36.0	32.0	36.0
70	34.062529044098824	36.0	36.0	36.0	32.0	36.0
71	34.023979690245476	36.0	36.0	36.0	32.0	36.0
72	34.00367524187899	36.0	36.0	36.0	32.0	36.0
73	33.977980261651005	36.0	36.0	36.0	32.0	36.0
74	33.95079525794632	36.0	36.0	36.0	32.0	36.0
75	32.99504004377917	36.0	32.0	36.0	21.0	36.0
>>END_MODULE
>>Per sequence quality scores	pass
#Quality	Count
2	6706.0
3	0.0
4	0.0
5	0.0
6	0.0
7	0.0
8	0.0
9	0.0
10	0.0
11	0.0
12	0.0
13	0.0
14	666.0
15	2515.0
16	4317.0
17	6354.0
18	8941.0
19	11874.0
20	16911.0
21	24307.0
22	35778.0
23	53127.0
24	78671.0
25	112663.0
26	155335.0
27	206885.0
28	267813.0
29	338817.0
30	426846.0
31	551685.0
32	755156.0
33	1181972.0
34	2662362.0
35	1.3849548E7
>>END_MODULE
>>Per base sequence content	fail
#Base	G	A	T	C
1	45.16591490429986	17.420805106289254	11.277445876904538	26.135834112506345
2	17.30444657236723	19.230316985087605	36.107339406054685	27.357897036490485
3	20.255542010838944	20.703117015939103	28.504396548166895	30.53694442505506
4	13.851690437280043	14.377122766319841	35.73512840102242	36.036058395377694
5	15.500423359661417	34.269994799020175	34.91475149286625	15.314830348452155
6	35.281531521221275	34.42261509830386	16.22856051906506	14.067292861409806
7	31.06870324277849	29.489210069339457	20.29175894250647	19.15032774537559
8	27.243398556022747	34.05134493637719	19.73647277829999	18.968783729300068
9	25.303872397710485	15.510846068358946	19.687852230929	39.49742930300156
10	14.58513783106003	27.25397075433117	34.607382815686734	23.55350859892207
11	34.7329577873902	22.386625099391434	23.44044293752337	19.439974175695
12	22.476474328953326	23.99133445958888	30.790245802646933	22.741945408810864
13	28.20417237540479	20.32813038864683	25.994852775392395	25.472844460555994
14	20.817217436918455	20.236580162729936	27.1148215425936	31.831380857758013
15	23.221298710235175	28.97647772612735	23.097834323244143	24.704389240393336
16	23.16846181212587	28.23705991116366	25.201475308351366	23.393002968359106
17	22.063421335881582	27.78599711852181	27.218558226815865	22.93202331878074
18	22.485215426369674	27.49958402688287	27.66473487128782	22.35046567545963
19	22.915654240542953	26.960440462645952	27.409320390276985	22.714584906534103
20	22.88207281391972	26.82257302153283	27.52358590462865	22.771768259918794
21	22.747221870591954	26.533673487629926	27.31021928252359	23.408885359254526
22	22.671573310316717	26.486999689628398	27.570886131882727	23.27054086817216
23	22.725417313916658	26.559872686446184	27.36377898361661	23.350931016020542
24	22.792710271700194	26.36689392716835	27.617159978899934	23.223235822231523
25	22.9360276473105	26.37109582184699	27.25248659887128	23.44038993197123
26	22.51711031269758	26.698607491139757	27.453218624821062	23.331063571341595
27	22.58691862486443	26.71541506985433	27.43004074247672	23.26762556280452
28	22.67416576368496	26.603958849766023	27.456567611978926	23.265307774570086
29	22.454732415203285	26.759433771562357	27.58009946058177	23.205734352652588
30	22.570327887044975	26.854332984637114	27.432859674113192	23.14247945420472
31	22.923971293542195	26.839168578038848	27.215695927000365	23.021164201418593
32	22.37398086586304	26.912017481423845	27.590257251846197	23.12374440086692
33	22.545256260883303	26.764050073284995	27.64748879209647	23.043204873735235
34	22.549193127801253	26.550259406762823	27.801286810970588	23.099260654465333
35	22.49001483818152	26.759462683681708	27.66704302214914	23.083479455987636
36	22.608485578893603	27.096319451803698	27.528641085335536	22.766553883967166
37	22.710889252490933	26.82543459652938	27.327224054236908	23.13645209674278
38	22.580719652591483	27.15849158953243	27.35340702108226	22.90738173679383
39	22.67751554762265	26.993921181656933	27.518238432147285	22.81032483857313
40	22.67126004838429	26.785482745007695	27.506095309101052	23.037161897506962
41	22.64877073780245	26.944156539208947	27.53577626347586	22.871296459512745
42	22.56799197264458	27.028651375518788	27.570824197112398	22.832532454724234
43	22.684572710789645	26.796968484765415	27.463193059082496	23.055265745362437
44	22.57888540270339	27.140674075822872	27.508070051808946	22.77237046966479
45	22.65954372139	27.025141359653748	27.41686402756635	22.898450891389896
46	22.757309037893542	27.09127664264073	27.267117152245845	22.884297167219888
47	22.622595199597225	27.155044876698003	27.426769168207738	22.795590755497035
48	22.561429047162694	27.107126700592033	27.354571422176633	22.976872830068647
49	22.725363843365812	26.980750455031465	27.419419116974726	22.874466584628
50	22.64039419574959	27.119400411317653	27.42382748608409	22.816377906848672
51	22.71398765435576	27.14853475234075	27.339918557479287	22.7975590358242
52	22.733904752767806	27.102565594235823	27.299787774742327	22.863741878254036
53	22.615118721996488	27.033776654867353	27.45825528062735	22.892849342508814
54	22.7781122214077	27.272972934021272	27.314383460796282	22.634531383774746
55	22.758344418413003	27.070032618695812	27.2457448598406	22.925878103050593
56	22.80983790079816	27.28209625088997	27.158032474487566	22.750033373824305
57	22.67559669055775	27.152436050996155	27.305878197523466	22.866089060922633
58	22.642087148055648	27.016958469184804	27.32372400686809	23.017230375891458
59	22.57404994201642	27.152933930052974	27.373920289895874	22.899095838034732
60	22.72263998100231	27.163075806240023	27.33700233764945	22.777281875108223
61	22.88668684907737	27.171933768641836	27.20539059345859	22.7359887888222
62	22.779028334111516	27.303673850539408	27.21622392057602	22.701073894773057
63	22.795780683538716	27.313353909723244	27.16732601176068	22.72353939497736
64	22.84345546262618	27.049785577740554	27.124616647241833	22.982142312391428
65	22.67051492919351	27.168314892590395	27.30559630794234	22.85557387027375
66	22.78155352788846	27.288065100449803	27.07266138136904	22.857719990292694
67	22.804044109182133	27.152221539186744	27.15227105444475	22.89146329718637
68	22.8259662997509	27.379009606180997	27.20879320150184	22.58623089256626
69	23.05272116913622	27.32085106306861	27.101418648793807	22.525009119001364
70	23.101016396557792	27.096916709342693	27.06133675458625	22.74073013951326
71	22.926465339778954	27.418822861698832	26.989490025667873	22.66522177285434
72	22.948534392058896	27.518696712978617	27.21961368265885	22.313155212303638
73	23.622089923825836	28.12907540752204	27.261957484099476	20.98687718455265
74	24.876545176900617	30.488585155017585	27.3381579218326	17.296711746249198
75	30.43396667155558	40.86130045275712	28.7047328756873	0.0
>>END_MODULE
>>Per base GC content	fail
#Base	%GC
1	71.3017490168062
2	44.66234360885771
3	50.792486435894006
4	49.887748832657735
5	30.81525370811357
6	49.348824382631086
7	50.21903098815408
8	46.21218228532282
9	64.80130170071206
10	38.138646429982096
11	54.172931963085205
12	45.21841973776419
13	53.67701683596078
14	52.64859829467646
15	47.92568795062851
16	46.561464780484975
17	44.99544465466232
18	44.83568110182931
19	45.63023914707706
20	45.65384107383852
21	46.156107229846484
22	45.94211417848887
23	46.076348329937204
24	46.01594609393172
25	46.37641757928173
26	45.84817388403917
27	45.85454418766895
28	45.93947353825505
29	45.66046676785587
30	45.71280734124969
31	45.94513549496079
32	45.49772526672996
33	45.588461134618534
34	45.64845378226659
35	45.57349429416915
36	45.37503946286077
37	45.84734134923371
38	45.488101389385314
39	45.487840386195785
40	45.70842194589125
41	45.52006719731519
42	45.400524427368815
43	45.739838456152086
44	45.35125587236818
45	45.55799461277989
46	45.641606205113426
47	45.41818595509425
48	45.53830187723133
49	45.59983042799381
50	45.45677210259826
51	45.51154669017996
52	45.597646631021846
53	45.5079680645053
54	45.412643605182446
55	45.68422252146359
56	45.559871274622466
57	45.54168575148039
58	45.65931752394711
59	45.47314578005115
60	45.49992185611053
61	45.622675637899576
62	45.480102228884576
63	45.51932007851608
64	45.82559777501761
65	45.52608879946726
66	45.63927351818115
67	45.6955074063685
68	45.41219719231716
69	45.57773028813759
70	45.84174653607106
71	45.591687112633295
72	45.26168960436253
73	44.608967108378486
74	42.173256923149815
75	30.43396667155558
>>END_MODULE
>>Per sequence GC content	warn
#GC Content	Count
0	6711.0
1	3367.0
2	38.5
3	90.0
4	126.5
5	169.0
6	258.0
7	387.0
8	469.5
9	609.5
10	980.0
11	1663.5
12	2143.0
13	2746.0
14	4360.5
15	7063.0
16	9262.0
17	13465.0
18	22680.5
19	34777.5
20	43377.0
21	57722.5
22	85050.5
23	116456.0
24	138081.5
25	165417.0
26	212723.5
27	262122.0
28	295195.0
29	336914.0
30	401713.5
31	464652.5
32	506880.5
33	553416.5
34	631723.5
35	706383.0
36	750090.0
37	794021.0
38	843699.5
39	878376.0
40	902648.0
41	912753.5
42	917499.0
43	918670.0
44	920790.0
45	913752.0
46	891633.0
47	866478.0
48	853966.5
49	835767.0
50	800236.0
51	766361.0
52	748697.5
53	735592.0
54	710058.5
55	679887.5
56	661688.5
57	644025.0
58	607329.5
59	561616.0
60	524221.0
61	484533.0
62	431815.5
63	378579.0
64	338316.0
65	305267.0
66	260201.5
67	214970.0
68	183778.5
69	160252.0
70	130879.5
71	101703.5
72	82606.0
73	70125.5
74	56013.5
75	43031.0
76	34554.5
77	29188.0
78	23356.0
79	17956.5
80	14497.0
81	12106.0
82	9449.0
83	6701.5
84	4955.5
85	4135.5
86	3246.5
87	2364.0
88	1941.5
89	1733.0
90	1475.5
91	1275.5
92	1149.0
93	1115.5
94	1028.0
95	959.0
96	953.5
97	1025.5
98	1312.0
99	7227.0
100	12927.0
>>END_MODULE
>>Per base N content	pass
#Base	N-Count
1	0.3557739492406493
2	0.20291196468619843
3	0.07125980328093758
4	0.04291099355280145
5	0.03559859029582429
6	0.032303673413233785
7	0.032303673413233785
8	0.032303673413233785
9	0.032303673413233785
10	0.032303673413233785
11	0.032303673413233785
12	0.032303673413233785
13	0.032303673413233785
14	0.032303673413233785
15	0.032303673413233785
16	0.032303673413233785
17	0.032303673413233785
18	0.032303673413233785
19	0.032303673413233785
20	0.032303673413233785
21	0.032303673413233785
22	0.032303673413233785
23	0.032303673413233785
24	0.032303673413233785
25	0.032303673413233785
26	0.032303673413233785
27	0.032303673413233785
28	0.032303673413233785
29	0.032303673413233785
30	0.032303673413233785
31	0.032303673413233785
32	0.032303673413233785
33	0.032303673413233785
34	0.032303673413233785
35	0.032303673413233785
36	0.0
37	0.0
38	0.0
39	0.0
40	0.0
41	0.0
42	0.0
43	3.8635978044912296E-5
44	0.0
45	0.0
46	0.0
47	0.0
48	0.0
49	0.0
50	0.0
51	0.0
52	0.0
53	0.0
54	0.0
55	0.0
56	0.0
57	0.0
58	0.0
59	0.0
60	0.0
61	0.0
62	0.0
63	0.0
64	0.0
65	0.0
66	0.0
67	0.0
68	0.0
69	0.0
70	0.0
71	0.0
72	0.0
73	0.0
74	0.0
75	0.0
>>END_MODULE
>>Sequence Length Distribution	warn
#Length	Count
35	8726.0
36	3176.0
37	4505.0
38	5588.0
39	6558.0
40	7249.0
41	8281.0
42	9077.0
43	10435.0
44	11888.0
45	13330.0
46	13836.0
47	14818.0
48	15736.0
49	16184.0
50	16688.0
51	17395.0
52	18089.0
53	19434.0
54	21188.0
55	21964.0
56	22893.0
57	24021.0
58	24305.0
59	25617.0
60	25743.0
61	26025.0
62	27095.0
63	28368.0
64	30465.0
65	32509.0
66	32268.0
67	34401.0
68	35835.0
69	44027.0
70	58838.0
71	139921.0
72	511244.0
73	1452626.0
74	4528059.0
75	1.3390844E7
>>END_MODULE
>>Sequence Duplication Levels	warn
#Total Duplicate Percentage	35.736779077159625
#Duplication Level	Relative count
1	100.0
2	23.192306807463133
3	10.397926396269968
4	5.555938988197943
5	3.3949126157008
6	2.1978359061663637
7	1.5621045850875377
8	1.0705439375464911
9	0.8205458547097031
10++	5.180941863942762
>>END_MODULE
>>Overrepresented sequences	pass
>>END_MODULE
>>Kmer Content	warn
#Sequence	Count	Obs/Exp Overall	Obs/Exp Max	Max Obs/Exp Position
AAAAA	6532285	3.3630872	7.1547995	71
CCTGG	3356585	2.96967	11.807979	3
TTTTT	6080910	2.893957	5.0443435	71
CCAGG	3185925	2.8633604	12.169989	3
CCCAG	3028665	2.7477527	11.036841	2
CTGGG	3024400	2.6507201	10.723918	4
CCAGC	2838975	2.5756567	6.255206	3
CAGCA	3221805	2.5309923	6.837399	4
GCTGG	2838140	2.4874732	6.993482	3
GGAGG	2803560	2.4727397	5.6463223	6
TGCTG	3274670	2.4695246	7.7971015	2
TCCAG	3116440	2.410019	8.720559	2
CAGGA	3005165	2.338697	10.027085	4
CAGCC	2556935	2.3197763	5.465269	9
CTCCA	2970415	2.3188078	6.2675023	1
CTCCT	3006515	2.3103676	6.113354	1
AGGAG	2975965	2.2942858	7.074022	5
CTGGA	2984280	2.2862058	9.0067215	4
CTGCT	2991370	2.277204	6.4793596	9
GGCTG	2583485	2.2642825	8.311001	7
TCCTG	2969615	2.2606425	8.918929	2
AGCAG	2896845	2.2543995	5.5483956	7
GCTGC	2518880	2.2285278	5.646469	8
CCTGC	2479870	2.2147536	6.2207265	3
CTGCA	2859425	2.211263	6.878673	4
GGCAG	2479455	2.207551	6.23155	7
CTGCC	2461300	2.198169	5.67017	9
GCAGG	2456640	2.187238	6.8663287	3
TGCAG	2836685	2.1731358	7.2014084	2
CAGAG	2776420	2.1606817	7.7623076	4
CCCTG	2409740	2.152121	9.03738	2
CTCTG	2812835	2.1412926	7.513161	2
GCCTG	2371620	2.0982425	6.5459805	7
TGGAG	2757340	2.0925705	6.600265	5
CAGGG	2322595	2.0678926	9.301281	4
AGCTG	2697965	2.0668647	5.8471103	7
CAGAA	2973685	2.022794	5.4636383	4
CACAG	2567060	2.0166364	7.1172056	7
GCCAG	2237010	2.01052	5.218	2
CTGGC	2270315	2.008615	5.529775	4
CCCCA	2178600	1.9952157	6.644354	1
GGAGA	2586510	1.9940398	5.622358	6
CAGGC	2218090	1.9935155	5.911988	4
CTGTG	2629070	1.9826587	9.079951	9
CTCAG	2546635	1.9693748	6.2629914	2
GGGAG	2212965	1.951835	5.420211	7
TTCTG	2961035	1.921368	5.304733	2
CTGAG	2500580	1.9156514	5.9452615	4
CCAGA	2402590	1.8874316	6.6359572	3
GGCCA	2063250	1.8543526	6.242676	1
CCTCT	2411475	1.8531067	5.607795	1
TGGGG	2092920	1.8171523	6.3601003	5
TCTGG	2397185	1.8077875	6.4660535	3
CACTG	2322115	1.795748	7.5508714	7
ACCTG	2299145	1.7779847	5.3912	7
CAGTG	2318970	1.7765231	6.5997353	9
AGAGG	2288015	1.7639185	5.2164674	5
TGGCC	1967640	1.7408295	5.561253	5
CCTGA	2229280	1.7239563	5.63489	3
ACAGA	2465100	1.6768384	5.8544235	8
GCCCA	1845675	1.6744864	6.940576	1
GAGAG	2166970	1.6706004	5.3594675	7
TCAGG	2167625	1.6605803	5.8560705	3
CCTGT	2092545	1.5929662	5.4441953	8
GGGCC	1535390	1.5787308	5.183882	6
AGGTG	2079470	1.5781288	5.1688757	7
TGGGC	1780085	1.5601466	6.299443	5
GTGTG	2083760	1.5567095	8.1091795	1
ACACA	2243850	1.5407653	6.42706	6
TGTGT	2387200	1.5345107	6.034131	10
CACAC	1875975	1.487663	6.603377	5
ACAGC	1861410	1.4622903	5.640682	8
GCTGT	1936205	1.4601488	5.351806	8
CTGTC	1896960	1.4440757	5.750112	9
GCCCT	1607040	1.4352356	6.0096984	1
GGGCT	1628605	1.4273826	5.966031	6
GACAG	1825330	1.4205189	7.054097	7
AGACA	2045910	1.3916923	5.480433	6
AGGGC	1517295	1.3509042	5.521454	5
GGACA	1650890	1.2847651	6.1365776	6
GTCCT	1638785	1.247538	7.815807	1
ACTGC	1600250	1.2375122	5.1407485	8
GTGCT	1632785	1.2313311	6.5677705	1
GTCCA	1541020	1.1917082	6.8266544	1
AGGAC	1515140	1.179121	7.3869495	5
AGCAC	1490270	1.1707294	5.5246468	5
TGTGC	1547580	1.1670756	5.634022	10
GTCTT	1772025	1.1498386	5.2472806	1
TGGAC	1413320	1.0827202	6.1332006	5
ACAGT	1615795	1.0819647	5.72373	8
GTGCA	1412255	1.0819043	6.286685	1
ACTGT	1616780	1.0657315	6.4811964	8
TGCAC	1359745	1.0515239	5.568001	5
GACTG	1369945	1.0494913	6.05851	7
ACACT	1439165	0.9727995	5.092957	6
GGACT	1238670	0.94892377	5.312583	6
GTGTA	1001790	0.65416557	5.8049955	1
TACAC	916555	0.6195427	5.0274043	5
>>END_MODULE
