##FastQC	0.10.1
>>Basic Statistics	pass
#Measure	Value	
Filename	001-F0_S3_L003_R1_001_trimmed.fq.gz	
File type	Conventional base calls	
Encoding	Sanger / Illumina 1.9	
Total Sequences	21838035	
Filtered Sequences	0	
Sequence length	20-51	
%GC	45	
>>END_MODULE
>>Per base sequence quality	pass
#Base	Mean	Median	Lower Quartile	Upper Quartile	10th Percentile	90th Percentile
1	35.1399828327045	36.0	36.0	36.0	36.0	36.0
2	35.12874619900554	36.0	36.0	36.0	36.0	36.0
3	35.11452463557275	36.0	36.0	36.0	36.0	36.0
4	35.097658420274534	36.0	36.0	36.0	36.0	36.0
5	35.077197971337625	36.0	36.0	36.0	36.0	36.0
6	35.0317659533012	36.0	36.0	36.0	36.0	36.0
7	35.009662453604456	36.0	36.0	36.0	36.0	36.0
8	35.00693079757405	36.0	36.0	36.0	36.0	36.0
9	34.98535353570044	36.0	36.0	36.0	36.0	36.0
10	34.96332307371062	36.0	36.0	36.0	36.0	36.0
11	34.954648758462014	36.0	36.0	36.0	36.0	36.0
12	34.93661160447815	36.0	36.0	36.0	36.0	36.0
13	34.93354287599594	36.0	36.0	36.0	36.0	36.0
14	34.92125518619235	36.0	36.0	36.0	36.0	36.0
15	34.89487790453674	36.0	36.0	36.0	36.0	36.0
16	34.87681240551176	36.0	36.0	36.0	36.0	36.0
17	34.87531355270747	36.0	36.0	36.0	36.0	36.0
18	34.86063205778359	36.0	36.0	36.0	36.0	36.0
19	34.84142011861415	36.0	36.0	36.0	36.0	36.0
20	34.84208125868467	36.0	36.0	36.0	36.0	36.0
21	34.82804477761535	36.0	36.0	36.0	36.0	36.0
22	34.81199821326854	36.0	36.0	36.0	36.0	36.0
23	34.80442903810296	36.0	36.0	36.0	36.0	36.0
24	34.782208481823254	36.0	36.0	36.0	36.0	36.0
25	34.7671900605257	36.0	36.0	36.0	36.0	36.0
26	34.747814843675975	36.0	36.0	36.0	36.0	36.0
27	34.736945030345204	36.0	36.0	36.0	36.0	36.0
28	34.713646706586545	36.0	36.0	36.0	32.0	36.0
29	34.69271968838527	36.0	36.0	36.0	32.0	36.0
30	34.6741322685402	36.0	36.0	36.0	32.0	36.0
31	34.6577560303865	36.0	36.0	36.0	32.0	36.0
32	34.64216380643057	36.0	36.0	36.0	32.0	36.0
33	34.596749209323896	36.0	36.0	36.0	32.0	36.0
34	34.57126160868691	36.0	36.0	36.0	32.0	36.0
35	34.53905765337334	36.0	36.0	36.0	32.0	36.0
36	34.50915993438092	36.0	36.0	36.0	32.0	36.0
37	34.49783432860571	36.0	36.0	36.0	32.0	36.0
38	34.46997702189754	36.0	36.0	36.0	32.0	36.0
39	34.442752691154325	36.0	36.0	36.0	32.0	36.0
40	34.41516632172779	36.0	36.0	36.0	32.0	36.0
41	34.390240913792596	36.0	36.0	36.0	32.0	36.0
42	34.35290382775098	36.0	36.0	36.0	32.0	36.0
43	34.322351774250485	36.0	36.0	36.0	32.0	36.0
44	34.29831423064809	36.0	36.0	36.0	32.0	36.0
45	34.29169134667947	36.0	36.0	36.0	32.0	36.0
46	34.27420040574142	36.0	36.0	36.0	32.0	36.0
47	34.272319691960035	36.0	36.0	36.0	32.0	36.0
48	34.28197083493427	36.0	36.0	36.0	32.0	36.0
49	34.31202897251307	36.0	36.0	36.0	32.0	36.0
50	34.41105021951297	36.0	36.0	36.0	32.0	36.0
51	34.51783414247073	36.0	36.0	36.0	32.0	36.0
>>END_MODULE
>>Per sequence quality scores	pass
#Quality	Count
14	14.0
15	91.0
16	338.0
17	866.0
18	2062.0
19	4418.0
20	9029.0
21	16639.0
22	27857.0
23	43650.0
24	66953.0
25	99049.0
26	142760.0
27	196864.0
28	263635.0
29	342011.0
30	439554.0
31	569585.0
32	770158.0
33	1160296.0
34	2350062.0
35	1.0583962E7
36	4748182.0
>>END_MODULE
>>Per base sequence content	pass
#Base	G	A	T	C
1	22.48604805024387	26.867692032094066	27.365654098616492	23.280605819045576
2	22.424401307628305	27.062401748144634	27.61195731662363	22.90123962760343
3	22.340159452462228	27.063146219279787	27.572758325380065	23.02393600287792
4	22.633247024810405	26.723963290303626	27.788253432009324	22.854536252876645
5	22.70363629261695	26.84968219582734	27.40826819747888	23.03841331407683
6	22.195322745335332	27.251779744754963	27.617074925809433	22.935822584100272
7	22.286272982841794	27.18629354834411	27.50404452589236	23.023388942921734
8	22.293147719855433	27.114786657362917	27.446349633859334	23.14571598892232
9	22.2718727386976	27.11597916357375	27.561185273460005	23.050962824268648
10	22.32589564213687	27.141780810030436	27.588487390220905	22.943836157611784
11	22.882050033684763	27.010342815254745	27.236364082629688	22.8712430684308
12	22.19006498411974	27.305772197526924	27.616847339911654	22.887315478441682
13	22.330718967836287	27.08420042173409	27.749707607373608	22.835373003056013
14	22.35308884358593	26.87977577828698	27.90210091543187	22.86503446269522
15	22.306021429411164	27.183335881978447	27.637530546530726	22.87311214207966
16	22.41850314420073	27.45943241212961	27.540854504687918	22.581209938981747
17	22.560216770298403	27.08407405066827	27.22601243580831	23.12969674322501
18	22.45982798271218	27.512233632850887	27.28133096796588	22.746607416471054
19	22.69011801699932	27.10973533763927	27.453312321187234	22.74683432417418
20	22.740256781586826	26.87283530145792	27.52818129260851	22.85872662434674
21	22.740067442361152	27.00542861811143	27.51874517943204	22.735758760095372
22	22.50882880461817	27.254267222925478	27.525724251360824	22.71117972109553
23	22.53957229441504	27.026762272031863	27.454362454766034	22.979302978787064
24	22.368066399387548	27.35997821815106	27.48827126751019	22.783684114951203
25	22.503906450697745	27.2915656778888	27.283570345152654	22.920957526260803
26	22.616033274494544	27.192411052663555	27.244601503538895	22.946954169303
27	22.67432664733082	27.233081458699935	27.382648473556493	22.709943420412753
28	22.39793146354965	27.24653883404658	27.3271869957873	23.028342706616463
29	22.716849465767073	27.00525498231814	27.34705074150492	22.93084481040987
30	22.473416326888366	27.43933468253915	27.243732547416915	22.84351644315557
31	22.592471554426844	27.253870088696612	27.32308131960272	22.830577037273827
32	22.554327525119163	27.34847377900815	27.20126212283137	22.895936573041315
33	22.459521314242945	27.040485982327706	27.56653032320352	22.933462380225833
34	22.666650917231816	27.438392188408883	27.313299891497643	22.581657002861657
35	22.60571973818484	27.016086718245653	27.357571069369452	23.020622474200056
36	22.75634432607774	27.345925733127558	27.082568960848548	22.815160979946157
37	22.52398403045065	27.218962549968357	27.229667612451525	23.027385807129463
38	22.574977221917184	27.121689692467164	27.208683758139713	23.09464932747594
39	22.494267920257663	27.25246124841866	27.26186594261864	22.991404888705034
40	22.52676592459208	27.170562342249287	27.466803741398778	22.835867991759855
41	22.805479770301776	27.095958443756867	27.22564736369264	22.872914422248712
42	22.69401966739693	27.198779233937646	27.328205713943493	22.778995384721927
43	22.677563494793382	27.358479451845135	27.198045796644276	22.76591125671721
44	22.698048428577405	27.107104345482558	27.13296615339055	23.061881072549486
45	22.59861103464869	27.28788814873266	27.292618623798777	22.820882192819873
46	22.62934124972422	27.54913077186919	27.004488138293336	22.817039840113253
47	22.676565102150917	27.165779247687627	27.16146855461471	22.99618709554675
48	22.663253957132103	27.556260258815147	27.353599450096016	22.426886333956737
49	22.92574135483874	27.471793989452415	27.312347403395655	22.290117252313195
50	23.04625173683507	27.653862522627826	27.36303489019231	21.93685085034479
51	22.462819203750893	28.20481917885711	27.55998435983706	21.772377257554943
>>END_MODULE
>>Per base GC content	pass
#Base	%GC
1	45.76665386928945
2	45.32564093523174
3	45.36409545534015
4	45.48778327768705
5	45.74204960669378
6	45.131145329435604
7	45.30966192576353
8	45.43886370877775
9	45.32283556296625
10	45.269731799748655
11	45.75329310211556
12	45.07738046256142
13	45.166091970892296
14	45.21812330628115
15	45.17913357149082
16	44.99971308318248
17	45.689913513523415
18	45.206435399183235
19	45.4369523411735
20	45.598983405933566
21	45.475826202456524
22	45.2200085257137
23	45.518875273202106
24	45.15175051433875
25	45.42486397695855
26	45.562987443797546
27	45.38427006774357
28	45.42627417016612
29	45.64769427617694
30	45.316932770043934
31	45.42304859170067
32	45.450264098160474
33	45.392983694468775
34	45.248307920093474
35	45.6263422123849
36	45.571505306023894
37	45.55136983758011
38	45.66962654939312
39	45.4856728089627
40	45.36263391635194
41	45.678394192550485
42	45.47301505211886
43	45.44347475151059
44	45.75992950112689
45	45.419493227468564
46	45.44638108983747
47	45.67275219769766
48	45.090140291088844
49	45.21585860715193
50	44.983102587179864
51	44.23519646130583
>>END_MODULE
>>Per sequence GC content	pass
#GC Content	Count
0	7835.0
1	7340.5
2	5588.5
3	4567.0
4	4872.0
5	5704.0
6	6671.0
7	8010.5
8	9447.0
9	11848.0
10	14440.5
11	18644.0
12	22920.5
13	30260.5
14	38246.0
15	50389.5
16	63132.5
17	82553.0
18	103134.0
19	130350.5
20	158593.0
21	193379.5
22	228847.5
23	272496.0
24	317950.5
25	364610.0
26	451884.0
27	513719.5
28	583564.0
29	655122.5
30	734238.5
31	816975.5
32	901110.0
33	986662.0
34	1071566.0
35	1153448.5
36	1214246.0
37	1269324.0
38	1304366.5
39	1339297.5
40	1361932.0
41	1380623.5
42	1390566.5
43	1395079.0
44	1384753.0
45	1371481.5
46	1354877.5
47	1333756.5
48	1307074.0
49	1280229.5
50	1252369.5
51	1224776.0
52	1194552.0
53	1161673.0
54	1128806.5
55	1094088.0
56	1054946.5
57	1011017.0
58	957845.5
59	899150.0
60	835638.0
61	768612.0
62	701607.0
63	636229.0
64	565368.5
65	497919.0
66	437161.5
67	378350.0
68	322906.0
69	268184.0
70	225408.5
71	187776.0
72	157477.5
73	128772.0
74	104302.0
75	77873.5
76	65010.0
77	53589.5
78	42521.0
79	34053.0
80	26504.5
81	21161.5
82	16645.0
83	13513.5
84	10689.5
85	8492.5
86	6465.5
87	5287.5
88	4206.5
89	3273.0
90	2478.0
91	2060.0
92	1707.0
93	1440.5
94	1176.0
95	1040.0
96	921.5
97	836.5
98	769.0
99	1023.0
100	1283.0
>>END_MODULE
>>Per base N content	pass
#Base	N-Count
1	0.0010394708131935863
2	1.1447916444863287E-4
3	2.4269582863110163E-4
4	4.533374912165861E-4
5	9.890999808361879E-4
6	0.001616445802014696
7	0.002262108289504985
8	0.0011585291442201646
9	0.002330795788174165
10	0.003013091608288017
11	0.001222637476311399
12	0.002500224951558142
13	4.7623332410631265E-4
14	0.0016668166343720944
15	0.013297899742353193
16	0.011164008117030676
17	0.005014187402850119
18	0.003182520771671993
19	0.013943562229843482
20	0.0018774582969575788
21	0.0015847247599509462
22	0.0036355764517492653
23	0.0016780862050912583
24	0.004035230811723784
25	0.0016800154989573897
26	0.0012328300973800353
27	9.513337042441292E-4
28	7.996079475197549E-4
29	4.7214353163361664E-4
30	8.532604004265734E-4
31	6.044820295822081E-4
32	0.0011423482550463114
33	7.248514354578601E-4
34	0.0025310951060191367
35	0.0024115476523510967
36	0.0022374342893517144
37	6.937965888073803E-4
38	0.005354931064465566
39	0.0016915341085030856
40	8.425029454150766E-4
41	0.0012253450367399287
42	0.0017525621582472498
43	0.0036852164621640035
44	0.0019951730989899562
45	0.0014476675323446648
46	3.3934325665563954E-4
47	0.001005992011589445
48	8.183028066009689E-4
49	0.0012857965322125185
50	0.0014221853944780029
51	0.0013219282400697223
>>END_MODULE
>>Sequence Length Distribution	warn
#Length	Count
20	67693.0
21	68144.0
22	70413.0
23	71680.0
24	72208.0
25	73754.0
26	75679.0
27	78045.0
28	80419.0
29	84447.0
30	85830.0
31	87907.0
32	89961.0
33	89845.0
34	91371.0
35	91376.0
36	92169.0
37	93349.0
38	96294.0
39	99480.0
40	101993.0
41	105217.0
42	107613.0
43	115488.0
44	129896.0
45	168431.0
46	264290.0
47	610012.0
48	1231696.0
49	2436699.0
50	3256987.0
51	1.1649649E7
>>END_MODULE
>>Sequence Duplication Levels	warn
#Total Duplicate Percentage	31.145626475211515
#Duplication Level	Relative count
1	100.0
2	20.173762443552253
3	8.122750141343008
4	4.1114713270498315
5	2.3874444468299805
6	1.4184397163120568
7	1.0097973964259899
8	0.7149451445992657
9	0.5718129835183317
10++	4.621737481303361
>>END_MODULE
>>Overrepresented sequences	pass
>>END_MODULE
>>Kmer Content	warn
#Sequence	Count	Obs/Exp Overall	Obs/Exp Max	Max Obs/Exp Position
AAAAA	5697950	3.9482353	4.9488807	47
TTTTT	5475780	3.650409	4.4396696	13
>>END_MODULE
