##FastQC	0.10.1
>>Basic Statistics	pass
#Measure	Value	
Filename	008-F0_S1_L001_R1_001_trimmed.fq.gz	
File type	Conventional base calls	
Encoding	Sanger / Illumina 1.9	
Total Sequences	23010445	
Filtered Sequences	0	
Sequence length	20-50	
%GC	45	
>>END_MODULE
>>Per base sequence quality	pass
#Base	Mean	Median	Lower Quartile	Upper Quartile	10th Percentile	90th Percentile
1	35.33393400258013	36.0	36.0	36.0	36.0	36.0
2	35.32547049828893	36.0	36.0	36.0	36.0	36.0
3	35.31004528595601	36.0	36.0	36.0	36.0	36.0
4	35.31235632340009	36.0	36.0	36.0	36.0	36.0
5	35.29825737833406	36.0	36.0	36.0	36.0	36.0
6	35.26248949118541	36.0	36.0	36.0	36.0	36.0
7	35.247064974188895	36.0	36.0	36.0	36.0	36.0
8	35.242614125889354	36.0	36.0	36.0	36.0	36.0
9	35.23072565524048	36.0	36.0	36.0	36.0	36.0
10	35.205595719682954	36.0	36.0	36.0	36.0	36.0
11	35.193979603610444	36.0	36.0	36.0	36.0	36.0
12	35.18030820351367	36.0	36.0	36.0	36.0	36.0
13	35.17395886954816	36.0	36.0	36.0	36.0	36.0
14	35.161488793458794	36.0	36.0	36.0	36.0	36.0
15	35.146114253766065	36.0	36.0	36.0	36.0	36.0
16	35.13367399022487	36.0	36.0	36.0	36.0	36.0
17	35.12350452153359	36.0	36.0	36.0	36.0	36.0
18	35.09921855053216	36.0	36.0	36.0	36.0	36.0
19	35.09129914697434	36.0	36.0	36.0	36.0	36.0
20	35.09206288709323	36.0	36.0	36.0	36.0	36.0
21	35.07548073956259	36.0	36.0	36.0	36.0	36.0
22	35.069539582468835	36.0	36.0	36.0	36.0	36.0
23	35.05302416442258	36.0	36.0	36.0	36.0	36.0
24	35.04170305077299	36.0	36.0	36.0	36.0	36.0
25	35.02677392271201	36.0	36.0	36.0	36.0	36.0
26	35.023409698028416	36.0	36.0	36.0	36.0	36.0
27	35.02430686525966	36.0	36.0	36.0	36.0	36.0
28	35.00337639615798	36.0	36.0	36.0	36.0	36.0
29	34.98825677045953	36.0	36.0	36.0	36.0	36.0
30	34.983862778243	36.0	36.0	36.0	36.0	36.0
31	34.96654174971187	36.0	36.0	36.0	36.0	36.0
32	34.951884386967286	36.0	36.0	36.0	36.0	36.0
33	34.93737766859949	36.0	36.0	36.0	36.0	36.0
34	34.92748376221527	36.0	36.0	36.0	36.0	36.0
35	34.90995032386	36.0	36.0	36.0	36.0	36.0
36	34.898411945780865	36.0	36.0	36.0	36.0	36.0
37	34.89742404264005	36.0	36.0	36.0	36.0	36.0
38	34.88585137413122	36.0	36.0	36.0	36.0	36.0
39	34.867222925132346	36.0	36.0	36.0	36.0	36.0
40	34.85186387642113	36.0	36.0	36.0	36.0	36.0
41	34.838500648847294	36.0	36.0	36.0	36.0	36.0
42	34.82579585944438	36.0	36.0	36.0	36.0	36.0
43	34.815839017055005	36.0	36.0	36.0	36.0	36.0
44	34.80710678439451	36.0	36.0	36.0	36.0	36.0
45	34.7906556817302	36.0	36.0	36.0	36.0	36.0
46	34.783175623447676	36.0	36.0	36.0	36.0	36.0
47	34.793500485608206	36.0	36.0	36.0	36.0	36.0
48	34.81185824314675	36.0	36.0	36.0	36.0	36.0
49	34.886885764669394	36.0	36.0	36.0	36.0	36.0
50	34.9849758340071	36.0	36.0	36.0	36.0	36.0
>>END_MODULE
>>Per sequence quality scores	pass
#Quality	Count
14	10.0
15	55.0
16	278.0
17	738.0
18	1950.0
19	4787.0
20	9927.0
21	17681.0
22	27588.0
23	40940.0
24	58205.0
25	82346.0
26	114087.0
27	155469.0
28	206489.0
29	268263.0
30	343996.0
31	443680.0
32	594172.0
33	880544.0
34	1731660.0
35	9563005.0
36	8464575.0
>>END_MODULE
>>Per base sequence content	pass
#Base	G	A	T	C
1	22.440215165214596	26.781854588557913	27.385394971148695	23.392535275078796
2	22.392779959238705	26.852745824609613	27.68908421984398	23.065389996307704
3	22.333031803600495	26.913030147830693	27.560718621478202	23.19321942709061
4	22.521447882547175	26.591793373700533	27.877910147702583	23.008848596049706
5	22.625390371375403	26.691875842563324	27.461149736594386	23.221584049466887
6	22.109949067908037	27.09142787259754	27.63808497003067	23.16053808946376
7	22.207107322912307	27.031137387915937	27.653490542192905	23.108264746978847
8	22.299285500810655	26.908865445655554	27.632769085156035	23.159079968377753
9	22.088495605988538	26.982657110654166	27.75630212476633	23.17254515859097
10	22.2073872488667	27.05508298714613	27.67721605080184	23.06031371318533
11	22.672032789871828	27.073434752285436	27.431369934644156	22.823162523198576
12	22.043505456510733	27.221646419808152	27.834947335337617	22.899900788343498
13	22.134430690062707	27.071406050600068	27.96894193050156	22.825221328835667
14	22.18838472495582	26.777620280872956	28.140550863677564	22.893444130493663
15	22.084554088536702	27.08571771279493	27.93130205751802	22.89842614115034
16	22.19208956067118	27.428907305922184	27.8412697033042	22.53773343010243
17	22.304393604921312	27.146129818268612	27.529673047595253	23.019803529214823
18	22.23371947891207	27.552224393228776	27.518835027066118	22.695221100793038
19	22.336569025146435	27.272579511013028	27.769819409109598	22.62103205473094
20	22.411783915083856	26.98600761779565	27.763276231012117	22.838932236108377
21	22.3685000755175	27.1615323393842	27.818980319396612	22.65098726570169
22	22.177732381757707	27.36563143141514	27.870613799355297	22.58602238747186
23	22.251572348409475	27.1702162288559	27.78587203649851	22.79233938623612
24	22.129722809487795	27.524469011381854	27.810981093244987	22.534827085885368
25	22.201560551358344	27.41411652097615	27.67378527340621	22.710537654259298
26	22.299603875945166	27.393287337163358	27.59769761843554	22.709411168455937
27	22.292204627549104	27.432193496065764	27.713080576619053	22.562521299766075
28	22.107832721691487	27.404461887407223	27.668694139916212	22.81901125098508
29	22.35964927564885	27.230204510986688	27.728162273010128	22.681983940354343
30	22.227521591289072	27.50787856902135	27.63064882771363	22.63395101197595
31	22.253800990409847	27.47357219482003	27.655630505774464	22.616996308995656
32	22.269776337440824	27.47643220743663	27.605001372130605	22.64879008299194
33	22.140631625904177	27.277136438321126	27.862303753402458	22.719928182372236
34	22.295429866329407	27.630594401022	27.67682207896246	22.397153653686136
35	22.279188115584247	27.29365292215017	27.67221963985526	22.754939322410326
36	22.4281975988517	27.545498341404972	27.458908626106908	22.56739543363642
37	22.24063978895573	27.438314966828266	27.588904879368698	22.73214036484731
38	22.232130512100532	27.324274287496337	27.599793811940927	22.84380138846221
39	22.152752473256182	27.41552787821006	27.66457166658789	22.767147981945865
40	22.20888975426313	27.39551834841116	27.798749384205497	22.596842513120222
41	22.450783028868454	27.39291375281004	27.598553518374118	22.557749699947387
42	22.379687059738277	27.49042792993619	27.59929183623245	22.530593174093084
43	22.35706618086319	27.62973610241553	27.510713118637664	22.502484598083612
44	22.353810266093355	27.350553605423418	27.498661862713096	22.79697426577013
45	22.27544760766588	27.49573958456395	27.64361834874914	22.585194459021036
46	22.28772712948171	27.72863924446379	27.41971086224279	22.563922763811714
47	22.369309703946687	27.519785898695247	27.507500830725736	22.603403566632334
48	22.350518757909594	27.9222944440808	27.664342971307317	22.062843826702288
49	22.53194946286102	28.135808151774306	27.775711819528258	21.556530565836415
50	22.429536167544985	27.96608288209989	27.84992651091258	21.754454439442544
>>END_MODULE
>>Per base GC content	pass
#Base	%GC
1	45.83275044029339
2	45.45816995554641
3	45.52625123069111
4	45.53029647859688
5	45.84697442084229
6	45.27048715737179
7	45.315372069891154
8	45.45836546918841
9	45.261040764579505
10	45.26770096205203
11	45.495195313070404
12	44.94340624485423
13	44.959652018898375
14	45.08182885544948
15	44.982980229687044
16	44.72982299077361
17	45.324197134136135
18	44.928940579705106
19	44.95760107987737
20	45.250716151192236
21	45.01948734121919
22	44.763754769229564
23	45.04391173464559
24	44.66454989537316
25	44.91209820561764
26	45.0090150444011
27	44.85472592731518
28	44.926843972676565
29	45.04163321600319
30	44.86147260326502
31	44.87079729940551
32	44.91856642043277
33	44.86055980827642
34	44.69258352001554
35	45.03412743799457
36	44.99559303248812
37	44.972780153803036
38	45.075931900562736
39	44.91990045520205
40	44.80573226738335
41	45.008532728815844
42	44.910280233831365
43	44.8595507789468
44	45.150784531863486
45	44.860642066686914
46	44.85164989329343
47	44.97271327057902
48	44.41336258461188
49	44.08848002869743
50	44.18399060698753
>>END_MODULE
>>Per sequence GC content	warn
#GC Content	Count
0	6474.0
1	6200.5
2	4964.0
3	4385.0
4	4869.5
5	5847.5
6	6882.5
7	8519.0
8	10248.5
9	12988.0
10	16052.5
11	21759.0
12	27556.0
13	36501.0
14	46812.5
15	62904.5
16	80008.5
17	104710.5
18	131227.0
19	165926.5
20	201174.0
21	243391.0
22	287354.0
23	339343.5
24	393427.0
25	444138.0
26	501563.5
27	568704.0
28	640051.5
29	715961.0
30	792548.5
31	873850.5
32	960115.5
33	1045329.0
34	1130162.5
35	1203868.5
36	1271827.5
37	1318025.0
38	1353039.0
39	1374187.0
40	1393697.5
41	1404045.0
42	1412633.5
43	1408215.5
44	1396146.5
45	1369068.5
46	1343205.5
47	1314634.5
48	1283910.0
49	1253164.5
50	1224615.0
51	1198681.0
52	1168243.5
53	1137085.0
54	1108712.0
55	1076662.5
56	1038549.0
57	992545.5
58	945277.0
59	885483.5
60	822840.5
61	756344.5
62	687881.0
63	627328.0
64	557333.0
65	493646.5
66	432547.5
67	376704.5
68	321990.5
69	273615.5
70	231427.5
71	195122.5
72	162089.0
73	133900.0
74	108108.0
75	89237.0
76	74772.5
77	61049.0
78	48457.0
79	39309.5
80	31385.0
81	25324.0
82	20129.0
83	16146.5
84	12448.0
85	9737.5
86	7455.0
87	5785.0
88	4532.0
89	3398.0
90	2355.0
91	1842.5
92	1471.0
93	1228.5
94	992.5
95	847.0
96	722.0
97	651.0
98	604.0
99	1009.0
100	1400.0
>>END_MODULE
>>Per base N content	pass
#Base	N-Count
1	9.560875506753563E-4
2	0.0016557698036695945
3	0.0
4	6.518778754604702E-5
5	0.0013254850134362894
6	0.0025683988293142526
7	1.6079654261358267E-4
8	2.6944285519032773E-4
9	6.518778754604703E-4
10	0.0011081923882827994
11	0.0017948370837678283
12	1.9121751013507127E-4
13	0.0
14	0.002038204823939737
15	0.0019121751013507127
16	0.0014993191135590817
17	4.345852503069802E-6
18	5.432315628837252E-4
19	0.0018469873138046654
20	0.002776999749461603
21	2.4353409370765741E-4
22	5.875142771409293E-4
23	8.710521033316915E-5
24	9.676276255071874E-4
25	0.0016925338623461337
26	0.0035014589557846067
27	3.801661964258435E-4
28	5.642124750702281E-4
29	0.0
30	5.872463074039839E-4
31	6.142018381306154E-5
32	1.0980546556265616E-4
33	6.596314480788036E-4
34	1.408975721322919E-4
35	4.893810053331948E-4
36	7.902634248206731E-4
37	6.763966995024108E-4
38	0.0015982285429627738
39	1.3301961396377832E-5
40	4.4413593775239406E-6
41	7.563878511297008E-5
42	0.0
43	0.0010947706781626227
44	0.0013982851735386184
45	0.0
46	7.639704965508096E-4
47	2.3364520918909786E-5
48	1.1937117651634717E-4
49	0.0011381387610770498
50	0.0
>>END_MODULE
>>Sequence Length Distribution	warn
#Length	Count
20	15718.0
21	16562.0
22	17426.0
23	18029.0
24	18501.0
25	19471.0
26	20010.0
27	21001.0
28	21629.0
29	23734.0
30	24554.0
31	26273.0
32	27566.0
33	28437.0
34	29820.0
35	31039.0
36	30813.0
37	32354.0
38	34443.0
39	37436.0
40	40387.0
41	45402.0
42	50724.0
43	66071.0
44	110398.0
45	212269.0
46	590410.0
47	1294612.0
48	2620669.0
49	3475124.0
50	1.4009563E7
>>END_MODULE
>>Sequence Duplication Levels	warn
#Total Duplicate Percentage	41.5022241382689
#Duplication Level	Relative count
1	100.0
2	27.165684041270268
3	12.852572691946937
4	7.094164545089106
5	4.311268926705078
6	2.882553932734825
7	2.058488543481174
8	1.5174862655768457
9	1.0954039930322927
10++	8.515342355621064
>>END_MODULE
>>Overrepresented sequences	pass
>>END_MODULE
>>Kmer Content	warn
#Sequence	Count	Obs/Exp Overall	Obs/Exp Max	Max Obs/Exp Position
AAAAA	6526500	4.1810207	5.0806847	46
TTTTT	6209160	3.7101817	4.296065	13
CCTGG	2217155	3.0252192	3.8421593	9
>>END_MODULE
