##FastQC	0.10.1
>>Basic Statistics	pass
#Measure	Value	
Filename	019-F5_S6_L002_R1_001_trimmed.fq.gz	
File type	Conventional base calls	
Encoding	Sanger / Illumina 1.9	
Total Sequences	21012845	
Filtered Sequences	0	
Sequence length	20-50	
%GC	44	
>>END_MODULE
>>Per base sequence quality	pass
#Base	Mean	Median	Lower Quartile	Upper Quartile	10th Percentile	90th Percentile
1	35.364039614816555	36.0	36.0	36.0	36.0	36.0
2	35.3587191072889	36.0	36.0	36.0	36.0	36.0
3	35.33966128813114	36.0	36.0	36.0	36.0	36.0
4	35.34269486116706	36.0	36.0	36.0	36.0	36.0
5	35.32846642137226	36.0	36.0	36.0	36.0	36.0
6	35.29432939709021	36.0	36.0	36.0	36.0	36.0
7	35.28589960093457	36.0	36.0	36.0	36.0	36.0
8	35.27580339549452	36.0	36.0	36.0	36.0	36.0
9	35.26802910315095	36.0	36.0	36.0	36.0	36.0
10	35.24289628558151	36.0	36.0	36.0	36.0	36.0
11	35.234050410594094	36.0	36.0	36.0	36.0	36.0
12	35.220114363381064	36.0	36.0	36.0	36.0	36.0
13	35.21414748930952	36.0	36.0	36.0	36.0	36.0
14	35.19982163291073	36.0	36.0	36.0	36.0	36.0
15	35.188546767465326	36.0	36.0	36.0	36.0	36.0
16	35.177407961653934	36.0	36.0	36.0	36.0	36.0
17	35.161845052395336	36.0	36.0	36.0	36.0	36.0
18	35.1416784828518	36.0	36.0	36.0	36.0	36.0
19	35.12769532159972	36.0	36.0	36.0	36.0	36.0
20	35.12985757045274	36.0	36.0	36.0	36.0	36.0
21	35.10836906241868	36.0	36.0	36.0	36.0	36.0
22	35.103620095105	36.0	36.0	36.0	36.0	36.0
23	35.09465817557385	36.0	36.0	36.0	36.0	36.0
24	35.07987664032796	36.0	36.0	36.0	36.0	36.0
25	35.06899591014175	36.0	36.0	36.0	36.0	36.0
26	35.0612095605668	36.0	36.0	36.0	36.0	36.0
27	35.06368358032951	36.0	36.0	36.0	36.0	36.0
28	35.04678609755032	36.0	36.0	36.0	36.0	36.0
29	35.03560643016615	36.0	36.0	36.0	36.0	36.0
30	35.024897356294595	36.0	36.0	36.0	36.0	36.0
31	35.010596828237375	36.0	36.0	36.0	36.0	36.0
32	35.00724694386083	36.0	36.0	36.0	36.0	36.0
33	34.98763904841114	36.0	36.0	36.0	36.0	36.0
34	34.97364360183933	36.0	36.0	36.0	36.0	36.0
35	34.963958374899484	36.0	36.0	36.0	36.0	36.0
36	34.94823280667445	36.0	36.0	36.0	36.0	36.0
37	34.95231939647159	36.0	36.0	36.0	36.0	36.0
38	34.94076413642906	36.0	36.0	36.0	36.0	36.0
39	34.92303526891875	36.0	36.0	36.0	36.0	36.0
40	34.912076444742695	36.0	36.0	36.0	36.0	36.0
41	34.90251110787976	36.0	36.0	36.0	36.0	36.0
42	34.88433302068813	36.0	36.0	36.0	36.0	36.0
43	34.88008228550026	36.0	36.0	36.0	36.0	36.0
44	34.86573500620323	36.0	36.0	36.0	36.0	36.0
45	34.857325985865074	36.0	36.0	36.0	36.0	36.0
46	34.849784564645994	36.0	36.0	36.0	36.0	36.0
47	34.86273604938953	36.0	36.0	36.0	36.0	36.0
48	34.87928361727135	36.0	36.0	36.0	36.0	36.0
49	34.95668828680896	36.0	36.0	36.0	36.0	36.0
50	35.04593962910973	36.0	36.0	36.0	36.0	36.0
>>END_MODULE
>>Per sequence quality scores	pass
#Quality	Count
14	7.0
15	65.0
16	264.0
17	750.0
18	1969.0
19	4742.0
20	9495.0
21	16196.0
22	25270.0
23	36399.0
24	50932.0
25	71524.0
26	98226.0
27	134381.0
28	177292.0
29	230748.0
30	295373.0
31	381832.0
32	513277.0
33	758445.0
34	1489817.0
35	8560752.0
36	8155089.0
>>END_MODULE
>>Per base sequence content	pass
#Base	G	A	T	C
1	22.167005264015273	26.9394075487895	27.664389294324227	23.229197892871
2	22.202554352603187	26.972024103929982	27.88933946526693	22.936082078199902
3	22.109493658988573	27.081126445933112	27.828836831238462	22.980543063839853
4	22.332054512370885	26.721188872806135	28.13638990817283	22.810366706650147
5	22.448034291716112	26.751969229971177	27.734710344789843	23.065286133522868
6	21.954075972326077	27.17055358510737	27.904114577543186	22.97125586502337
7	21.9644730671645	27.157661674537632	27.970804102171083	22.907061156126794
8	22.098943348413673	26.973083824367556	27.841373959253012	23.086598867965762
9	21.92353442973246	27.119262256561207	27.968642810487452	22.98856050321888
10	21.94474517399856	27.234366651661517	27.930352320198903	22.89053585414102
11	22.534845963148875	27.085342033061426	27.66163937309723	22.718172630692468
12	21.84735381378941	27.360631597642904	28.046900200631832	22.745114387935857
13	21.953899423439406	27.165478758593192	28.205911003669254	22.674710814298145
14	22.040491237127334	26.873015727979173	28.31554983965921	22.770943195234285
15	21.89535887926549	27.202968896421233	28.148426356118044	22.753245868195236
16	22.01271384362411	27.501985333445838	28.089111977850877	22.396188845079173
17	22.18132625341306	27.158386279970376	27.710814991300964	22.949472475315602
18	22.1008208122613	27.615138626641876	27.680570036116958	22.603470524979866
19	22.23283006745904	27.338454033860394	27.94490963819586	22.483806260484705
20	22.32042730163287	27.023452209921246	27.9412251808486	22.71489530759729
21	22.281818992177023	27.231179815469382	27.97365778513233	22.51334340722127
22	22.032047129124265	27.515981901987395	28.029659746736378	22.422311222151954
23	22.151906138892528	27.239447871905824	27.920895480693403	22.687750508508245
24	22.011758589275285	27.582577443830758	27.908064864542325	22.497599102351632
25	22.071774887526345	27.48480543464081	27.866436712549774	22.576982965283072
26	22.210901610284747	27.34827040543098	27.75634451193031	22.684483472353964
27	22.224857358262202	27.44681861081868	27.835810769201007	22.492513261718113
28	21.98957550219464	27.469423140970083	27.815252954922297	22.72574840191298
29	22.336537219820773	27.21100825317681	27.819341252392594	22.63311327460983
30	22.122952329481688	27.601371974257187	27.747114471613425	22.528561224647696
31	22.149524678157697	27.513349038178802	27.820670235423005	22.516456048240496
32	22.179163944154606	27.51095574319864	27.69809690966064	22.611783402986113
33	22.038698376832563	27.318263475287846	28.02489805723214	22.618140090647447
34	22.185328279028678	27.715850681214782	27.850239529386638	22.2485815103699
35	22.234235308414053	27.26452253339487	27.78713878905854	22.714103369132534
36	22.317571893078018	27.573880837704294	27.591346814371505	22.517200454846186
37	22.116959123129952	27.504112756723615	27.732288201997896	22.64663991814854
38	22.18880396002087	27.359174090572818	27.632468192184607	22.8195537572217
39	22.110183378256355	27.50092154187064	27.70479767292178	22.684097406951224
40	22.12043110687635	27.482574703119344	27.93205731583513	22.46493687416918
41	22.381698867409913	27.387007298896393	27.69804574505391	22.53324808863978
42	22.300849090223814	27.56126326100452	27.69969131663889	22.438196332132776
43	22.24541040308634	27.69854104505977	27.67423601740816	22.381812534445732
44	22.291198361432475	27.391567575514063	27.574719414184294	22.742514648869165
45	22.196583644859697	27.590817562220156	27.724197213482114	22.488401579438037
46	22.190270365188027	27.815471886430576	27.531139604834188	22.46311814354721
47	22.314754324545188	27.52805809578668	27.579611078159644	22.577576501508492
48	22.28404099560761	27.947961592565846	27.780067089342776	21.987930322483763
49	22.420425000655783	28.168043684403475	27.89582717942694	21.5157041355138
50	22.3884465950697	27.94173963127186	27.905172829430075	21.76464094422837
>>END_MODULE
>>Per base GC content	pass
#Base	%GC
1	45.39620315688627
2	45.13863643080309
3	45.09003672282842
4	45.14242121902103
5	45.51332042523898
6	44.92533183734944
7	44.87153422329129
8	45.18554221637943
9	44.91209493295134
10	44.835281028139576
11	45.25301859384135
12	44.59246820172527
13	44.628610237737554
14	44.81143443236162
15	44.64860474746072
16	44.408902688703286
17	45.130798728728664
18	44.704291337241166
19	44.716636327943746
20	45.03532260923016
21	44.79516239939829
22	44.45435835127623
23	44.83965664740078
24	44.50935769162692
25	44.64875785280942
26	44.89538508263871
27	44.717370619980315
28	44.71532390410762
29	44.9696504944306
30	44.65151355412939
31	44.66598072639819
32	44.79094734714072
33	44.656838467480014
34	44.43390978939858
35	44.94833867754659
36	44.83477234792421
37	44.763599041278496
38	45.008357717242575
39	44.79428078520758
40	44.58536798104553
41	44.91494695604969
42	44.73904542235659
43	44.62722293753207
44	45.03371301030164
45	44.68498522429773
46	44.65338850873523
47	44.89233082605368
48	44.271971318091374
49	43.93612913616959
50	44.15308753929807
>>END_MODULE
>>Per sequence GC content	warn
#GC Content	Count
0	5976.0
1	5722.0
2	4627.5
3	4193.0
4	4712.5
5	5696.5
6	6707.0
7	8141.5
8	9680.0
9	12324.0
10	15208.0
11	20256.5
12	25471.0
13	33666.5
14	43122.5
15	57975.0
16	73798.5
17	96480.0
18	121084.0
19	153076.5
20	185425.5
21	223290.5
22	262616.0
23	310102.5
24	359838.5
25	407490.0
26	461774.5
27	524669.0
28	591449.0
29	663180.0
30	736501.0
31	813882.0
32	894251.5
33	976048.5
34	1057482.5
35	1125981.5
36	1189326.5
37	1233362.0
38	1267624.0
39	1288860.5
40	1308345.0
41	1318303.5
42	1325521.5
43	1318594.5
44	1304274.5
45	1278262.0
46	1252882.5
47	1222124.0
48	1190649.0
49	1159782.5
50	1129522.5
51	1102361.0
52	1071047.5
53	1037861.0
54	1007116.0
55	974974.0
56	938118.5
57	893405.0
58	847040.5
59	792189.0
60	734938.0
61	672942.5
62	610600.5
63	556911.0
64	494786.0
65	437671.5
66	382841.5
67	332718.5
68	282890.0
69	238550.0
70	200367.5
71	168528.5
72	139980.5
73	115375.0
74	92604.0
75	76166.0
76	63859.0
77	52273.0
78	41678.5
79	33849.5
80	26946.5
81	21525.0
82	17042.0
83	13863.5
84	10806.0
85	8427.5
86	6372.0
87	4782.5
88	3608.5
89	2743.0
90	1995.0
91	1569.5
92	1215.5
93	1030.5
94	846.5
95	691.5
96	576.5
97	526.5
98	479.5
99	737.0
100	995.0
>>END_MODULE
>>Per base N content	pass
#Base	N-Count
1	8.471009042326253E-4
2	2.8553963064021078E-5
3	1.427698153201054E-4
4	0.0
5	9.042088303606675E-4
6	6.710181320044953E-4
7	7.947519719485867E-4
8	2.522266737321862E-4
9	5.710792612804216E-4
10	2.6650365526419676E-4
11	3.854785013642846E-4
12	0.0010802916025887974
13	6.472231627844778E-4
14	4.8065837824435486E-4
15	2.569856675761897E-4
16	9.517987688007027E-6
17	8.518598980766289E-4
18	4.758993844003513E-6
19	4.5210441518033374E-4
20	0.0011469175164048465
21	0.0015388351979918724
22	0.001149463663116525
23	2.387642327359134E-5
24	3.3468640672593454E-5
25	0.0013117266108972215
26	1.9173900180292184E-4
27	4.175881204531494E-4
28	0.0012112308205564904
29	6.738500688410043E-5
30	0.0010123247647754944
31	7.532088871309723E-4
32	0.001005969169559876
33	0.0011240444047928091
34	1.407566856149434E-4
35	0.0
36	3.0693253910235287E-4
37	5.954999048420439E-4
38	4.8905545248168495E-5
39	5.292528331933263E-4
40	2.7011512994404E-4
41	2.9535032930084967E-5
42	3.6520513053985953E-4
43	2.5240343749726254E-4
44	0.0
45	4.9947440308563305E-6
46	0.0
47	1.7116867957575895E-4
48	3.864591984383515E-5
49	6.336067959144273E-6
50	0.0
>>END_MODULE
>>Sequence Length Distribution	warn
#Length	Count
20	22943.0
21	23602.0
22	25140.0
23	26059.0
24	26602.0
25	26807.0
26	27766.0
27	28643.0
28	29148.0
29	31804.0
30	32945.0
31	34808.0
32	36824.0
33	36825.0
34	38318.0
35	38928.0
36	38694.0
37	39410.0
38	41453.0
39	44438.0
40	46830.0
41	52273.0
42	56838.0
43	71087.0
44	113614.0
45	203036.0
46	538782.0
47	1166061.0
48	2330508.0
49	3109962.0
50	1.2672697E7
>>END_MODULE
>>Sequence Duplication Levels	warn
#Total Duplicate Percentage	41.02824409885189
#Duplication Level	Relative count
1	100.0
2	27.415920960713215
3	12.734107315125911
4	7.043178869631749
5	4.3619640065200755
6	2.814277635474535
7	1.979308738897575
8	1.37470476697382
9	1.0836299524300588
10++	7.521373207810785
>>END_MODULE
>>Overrepresented sequences	pass
>>END_MODULE
>>Kmer Content	warn
#Sequence	Count	Obs/Exp Overall	Obs/Exp Max	Max Obs/Exp Position
AAAAA	5695750	3.9663582	4.847702	46
TTTTT	5816485	3.7060533	4.316595	13
>>END_MODULE
