##FastQC	0.10.1
>>Basic Statistics	pass
#Measure	Value	
Filename	KS29_S2_L004_R2_001.fastq.gz	
File type	Conventional base calls	
Encoding	Sanger / Illumina 1.9	
Total Sequences	19797994	
Filtered Sequences	0	
Sequence length	35-75	
%GC	45	
>>END_MODULE
>>Per base sequence quality	pass
#Base	Mean	Median	Lower Quartile	Upper Quartile	10th Percentile	90th Percentile
1	31.53584802581514	32.0	32.0	32.0	32.0	32.0
2	31.30043442785163	32.0	32.0	32.0	32.0	32.0
3	31.334393777470588	32.0	32.0	32.0	32.0	32.0
4	31.368655329423778	32.0	32.0	32.0	32.0	32.0
5	31.34718431574431	32.0	32.0	32.0	32.0	32.0
6	35.072762624334565	36.0	36.0	36.0	36.0	36.0
7	35.0635425488057	36.0	36.0	36.0	36.0	36.0
8	35.014521168154715	36.0	36.0	36.0	36.0	36.0
9	35.10243593366075	36.0	36.0	36.0	36.0	36.0
10	34.948988064144274	36.0	36.0	36.0	36.0	36.0
11	35.07012043745442	36.0	36.0	36.0	36.0	36.0
12	34.97892756205503	36.0	36.0	36.0	36.0	36.0
13	35.02250692671187	36.0	36.0	36.0	36.0	36.0
14	34.973430692018596	36.0	36.0	36.0	36.0	36.0
15	34.93902862077845	36.0	36.0	36.0	36.0	36.0
16	34.941500386352274	36.0	36.0	36.0	36.0	36.0
17	34.932616809561615	36.0	36.0	36.0	36.0	36.0
18	34.91842734167916	36.0	36.0	36.0	36.0	36.0
19	34.91429778188639	36.0	36.0	36.0	36.0	36.0
20	34.89366119617978	36.0	36.0	36.0	36.0	36.0
21	34.88382651292853	36.0	36.0	36.0	36.0	36.0
22	34.87404385515018	36.0	36.0	36.0	36.0	36.0
23	34.86330913121804	36.0	36.0	36.0	36.0	36.0
24	34.849553747718076	36.0	36.0	36.0	36.0	36.0
25	34.831487927514274	36.0	36.0	36.0	36.0	36.0
26	34.81372410760403	36.0	36.0	36.0	36.0	36.0
27	34.80658631374472	36.0	36.0	36.0	36.0	36.0
28	34.80201908334754	36.0	36.0	36.0	36.0	36.0
29	34.78003569452542	36.0	36.0	36.0	36.0	36.0
30	34.75605321428019	36.0	36.0	36.0	32.0	36.0
31	34.7454895177764	36.0	36.0	36.0	32.0	36.0
32	34.73430161661833	36.0	36.0	36.0	32.0	36.0
33	34.70976574697416	36.0	36.0	36.0	32.0	36.0
34	34.700814840129766	36.0	36.0	36.0	32.0	36.0
35	34.68039964048883	36.0	36.0	36.0	32.0	36.0
36	34.67535694061183	36.0	36.0	36.0	32.0	36.0
37	34.65742560278842	36.0	36.0	36.0	32.0	36.0
38	34.64207601818563	36.0	36.0	36.0	32.0	36.0
39	34.62476300213256	36.0	36.0	36.0	32.0	36.0
40	34.610746704336115	36.0	36.0	36.0	32.0	36.0
41	34.5987298859411	36.0	36.0	36.0	32.0	36.0
42	34.583462487722215	36.0	36.0	36.0	32.0	36.0
43	34.56216705582587	36.0	36.0	36.0	32.0	36.0
44	34.542680245705824	36.0	36.0	36.0	32.0	36.0
45	34.51861660192166	36.0	36.0	36.0	32.0	36.0
46	34.49306254754752	36.0	36.0	36.0	32.0	36.0
47	34.47765602560681	36.0	36.0	36.0	32.0	36.0
48	34.456036521127224	36.0	36.0	36.0	32.0	36.0
49	34.43114305326307	36.0	36.0	36.0	32.0	36.0
50	34.417497374119804	36.0	36.0	36.0	32.0	36.0
51	34.38689745943691	36.0	36.0	36.0	32.0	36.0
52	34.36779835304588	36.0	36.0	36.0	32.0	36.0
53	34.33506158619114	36.0	36.0	36.0	32.0	36.0
54	34.296924543998394	36.0	36.0	36.0	32.0	36.0
55	34.268497055698546	36.0	36.0	36.0	32.0	36.0
56	34.25294017764766	36.0	36.0	36.0	32.0	36.0
57	34.23235765838011	36.0	36.0	36.0	32.0	36.0
58	34.2052086450286	36.0	36.0	36.0	32.0	36.0
59	34.16786218500169	36.0	36.0	36.0	32.0	36.0
60	34.151542263078326	36.0	36.0	36.0	32.0	36.0
61	34.12019994180659	36.0	36.0	36.0	32.0	36.0
62	34.104160342659505	36.0	36.0	36.0	32.0	36.0
63	34.07598286476434	36.0	36.0	36.0	32.0	36.0
64	34.042721538882354	36.0	36.0	36.0	32.0	36.0
65	34.00566042214874	36.0	36.0	36.0	32.0	36.0
66	33.99002967013042	36.0	36.0	36.0	32.0	36.0
67	33.953094461832514	36.0	36.0	36.0	32.0	36.0
68	33.92243432552727	36.0	36.0	36.0	32.0	36.0
69	33.89280750191813	36.0	36.0	36.0	32.0	36.0
70	33.879892629847774	36.0	36.0	36.0	32.0	36.0
71	33.83919275064647	36.0	36.0	36.0	27.0	36.0
72	33.821459727306696	36.0	36.0	36.0	27.0	36.0
73	33.783664205285376	36.0	36.0	36.0	27.0	36.0
74	33.73507263742736	36.0	36.0	36.0	27.0	36.0
75	32.59388272654465	36.0	32.0	36.0	14.0	36.0
>>END_MODULE
>>Per sequence quality scores	pass
#Quality	Count
2	4461.0
3	0.0
4	0.0
5	0.0
6	0.0
7	0.0
8	0.0
9	0.0
10	0.0
11	0.0
12	0.0
13	0.0
14	1524.0
15	4572.0
16	7520.0
17	10714.0
18	13877.0
19	17526.0
20	22622.0
21	30705.0
22	41581.0
23	58493.0
24	83099.0
25	116539.0
26	158872.0
27	210696.0
28	272316.0
29	345317.0
30	440594.0
31	571219.0
32	789355.0
33	1245376.0
34	2781222.0
35	1.2569794E7
>>END_MODULE
>>Per base sequence content	fail
#Base	G	A	T	C
1	44.90248322843757	17.761802871439485	11.2863400701291	26.04937382999385
2	17.11754323474402	19.42880893101605	36.264538938560456	27.189108895679475
3	20.04082434409246	20.88685914878635	28.742053405280615	30.330263101840576
4	13.656890635101199	14.500316367379018	36.08766619896972	35.755126798550066
5	15.213293329519276	34.492038425244395	35.09140348780096	15.203264757435363
6	34.76974019746753	34.876785261125434	16.341675839275382	14.01179870213165
7	30.655936966887115	29.724132624529435	20.492506315067654	19.127424093515796
8	26.919004303072118	34.18480167234419	19.905855109343037	18.99033891524065
9	25.013791120564477	15.51575456488743	19.951748886871282	39.51870542767681
10	14.363459014618563	27.35160519347405	34.80675733836905	23.478178453538334
11	34.59131323346873	22.611966241701268	23.53486868665639	19.26185183817361
12	22.2849149770281	24.132644738056616	30.982427442336846	22.600012842578433
13	28.013937683585844	20.55949284041409	26.08873312308621	25.33783635291385
14	20.591058705891466	20.49868510083571	27.262768097034524	31.647488096238302
15	22.930262121471696	29.27412705958052	23.225338296099036	24.57027252284875
16	22.903293717195407	28.542559835073405	25.373630872265203	23.18051557546599
17	21.8044903858245	28.02072272797383	27.41411045718821	22.760676429013458
18	22.238091602949307	27.791324570504923	27.843083900180932	22.127499926364838
19	22.6521207709609	27.219880351830067	27.587995533692748	22.540003343516286
20	22.66531194809941	27.099634006723306	27.741368860223186	22.493685184954096
21	22.57621213959125	26.785005991603416	27.45363346705209	23.18514840175324
22	22.44501272208453	26.77268378515346	27.702820916306354	23.079482576455653
23	22.45501093715811	26.840903036360412	27.51663889412769	23.187447132353782
24	22.51766271337209	26.628586215507866	27.83767809415328	23.01607297696677
25	22.70412260408488	26.672398505107704	27.406537276594328	23.216941614213088
26	22.239218233551334	27.003865353395977	27.62131449701274	23.135601916039953
27	22.296105500720866	27.017395024930618	27.633995406479478	23.052504067869037
28	22.38364924543789	26.90229177378288	27.632020013809562	23.082038966969666
29	22.146930515133402	27.08993892095969	27.772975142941892	22.99015542096502
30	22.328939457144916	27.143143167013186	27.654330331022763	22.873587044819132
31	22.703935674343736	27.1316141489243	27.384196646450132	22.780253530281836
32	22.16231937976914	27.24994067506796	27.735467942989256	22.852272002173642
33	22.26908657489292	27.075065376150885	27.8303120519212	22.82553599703499
34	22.265029694294597	26.81954757647359	28.024840234434144	22.89058249479767
35	22.19075796119874	27.10672218042125	27.851419956204886	22.85109990217512
36	22.33980063144424	27.420361105912626	27.707026161160965	22.53281210148217
37	22.444427364956965	27.159558441685753	27.497373523489678	22.898640669867607
38	22.29668190727195	27.5391573311705	27.528902811360755	22.635257950196795
39	22.414348021627966	27.32276866384587	27.694675926031238	22.568207388494926
40	22.401696379155993	27.140964241764976	27.708842514890797	22.74849686418824
41	22.417207155082075	27.26658689152064	27.71076519402961	22.605440759367678
42	22.275877821929594	27.373802860865627	27.752926115257736	22.597393201947042
43	22.406187059374503	27.129438340492516	27.647118421975563	22.817256178157415
44	22.287395656309343	27.483611334254054	27.686052485144096	22.542940524292508
45	22.35005256337299	27.430832502019086	27.557222658245383	22.66189227636254
46	22.457843482850866	27.465497708090638	27.472009678054288	22.604649131004216
47	22.33743852468056	27.54198763113505	27.597225607482105	22.523348236702283
48	22.2251992429314	27.489281583908053	27.57429832774698	22.711220845413564
49	22.44876605957275	27.34455382422562	27.613822049747505	22.59285806645412
50	22.357858549741962	27.522617926862253	27.56729192655379	22.552231596841995
51	22.44985313352179	27.504117807549683	27.524192770685	22.52183628824353
52	22.42188709427403	27.46707991867026	27.485846988806045	22.625185998249663
53	22.334912106133284	27.397892290454006	27.640446085964477	22.626749517448232
54	22.477159027225113	27.66374574118752	27.49994624094797	22.3591489906394
55	22.463431865698073	27.406097348006963	27.451382915870337	22.67908787042462
56	22.523629805181418	27.631809085693405	27.378686753494353	22.465874355630827
57	22.36134502566547	27.516127924454324	27.474023304669416	22.648503745210785
58	22.349502887987484	27.394803182871563	27.501377065323005	22.754316863817948
59	22.270781138558746	27.575081347793663	27.550528741453068	22.603608772194526
60	22.40445432370809	27.529114966147823	27.569313852187467	22.49711685795662
61	22.607129576032033	27.543749269758912	27.40299369585051	22.446127458358546
62	22.515689277118824	27.66061367737166	27.379542504575127	22.444154540934388
63	22.480684623075916	27.71908596637662	27.364137241008034	22.436092169539428
64	22.545758280518868	27.423091026807217	27.33112820439884	22.700022488275078
65	22.41472984430936	27.559312254967484	27.49195072849842	22.534007172224737
66	22.47002750343147	27.647026960309507	27.305317033747784	22.577628502511242
67	22.494722021095143	27.50609847730509	27.35839841197064	22.640781089629122
68	22.516927263130707	27.775012575634644	27.43364392035409	22.27441624088056
69	22.758925219705166	27.654170724507495	27.32073217170135	22.26617188408599
70	22.829894589708065	27.486043738563904	27.255482962931882	22.42857870879615
71	22.633092702697834	27.822017376878104	27.197484432354184	22.347405488069874
72	22.626638469533155	27.946974362489456	27.408348627923363	22.018038540054025
73	23.329997466423368	28.519381375963416	27.42032996020953	20.730291197403687
74	24.522553115094574	30.843123193698506	27.559692248458717	17.0746314427482
75	29.855964733145555	41.258544777074064	28.88549048978038	0.0
>>END_MODULE
>>Per base GC content	fail
#Base	%GC
1	70.95185705843141
2	44.306652130423494
3	50.371087445933036
4	49.412017433651265
5	30.41655808695464
6	48.78153889959918
7	49.78336106040291
8	45.90934321831277
9	64.5324965482413
10	37.8416374681569
11	53.85316507164234
12	44.88492781960653
13	53.3517740364997
14	52.23854680212977
15	47.500534644320446
16	46.0838092926614
17	44.56516681483796
18	44.365591529314145
19	45.19212411447719
20	45.15899713305351
21	45.76136054134449
22	45.52449529854019
23	45.642458069511896
24	45.53373569033886
25	45.92106421829797
26	45.37482014959128
27	45.34860956858991
28	45.46568821240756
29	45.13708593609842
30	45.20252650196405
31	45.48418920462557
32	45.01459138194278
33	45.094622571927914
34	45.15561218909227
35	45.04185786337386
36	44.872612732926406
37	45.34306803482457
38	44.93193985746874
39	44.98255541012289
40	45.15019324334423
41	45.022647914449756
42	44.87327102387664
43	45.22344323753192
44	44.83033618060185
45	45.01194483973553
46	45.062492613855085
47	44.86078676138284
48	44.93642008834497
49	45.04162412602687
50	44.91009014658396
51	44.97168942176531
52	45.04707309252369
53	44.96166162358152
54	44.83630801786452
55	45.14251973612269
56	44.989504160812245
57	45.00984877087625
58	45.10381975180543
59	44.87438991075327
60	44.901571181664714
61	45.05325703439058
62	44.959843818053216
63	44.91677679261535
64	45.24578076879394
65	44.9487370165341
66	45.04765600594271
67	45.135503110724265
68	44.791343504011266
69	45.025097103791154
70	45.258473298504214
71	44.98049819076771
72	44.64467700958718
73	44.06028866382706
74	41.59718455784277
75	29.855964733145555
>>END_MODULE
>>Per sequence GC content	warn
#GC Content	Count
0	4510.0
1	2301.5
2	118.5
3	193.0
4	242.0
5	305.5
6	502.5
7	779.5
8	924.0
9	1089.0
10	1700.5
11	2738.0
12	3350.0
13	4069.5
14	6101.5
15	9442.0
16	11992.0
17	16676.5
18	27249.5
19	40974.5
20	50485.5
21	65890.5
22	95215.0
23	128506.5
24	150898.5
25	179736.0
26	228543.5
27	277982.0
28	310633.0
29	351117.5
30	414802.0
31	476388.5
32	516533.0
33	561915.5
34	637571.5
35	705444.5
36	743679.5
37	782597.0
38	825169.5
39	851080.0
40	869006.0
41	874322.0
42	871263.5
43	862871.0
44	858767.5
45	848326.0
46	822561.0
47	794798.0
48	780149.0
49	761752.0
50	728892.0
51	697765.5
52	680206.5
53	666329.5
54	641293.5
55	618043.0
56	605545.0
57	590118.0
58	558732.0
59	520326.0
60	487510.5
61	448640.0
62	399310.0
63	352418.0
64	317353.0
65	287380.5
66	245035.5
67	201055.5
68	170209.5
69	147678.0
70	120473.5
71	93562.0
72	75307.5
73	63855.0
74	50862.5
75	38825.5
76	31314.0
77	26256.5
78	20858.5
79	15908.5
80	12612.5
81	10637.5
82	8475.0
83	6130.5
84	4678.5
85	4001.5
86	3172.0
87	2308.5
88	1945.0
89	1738.5
90	1459.0
91	1267.5
92	1157.5
93	1140.5
94	1110.5
95	1079.0
96	1066.0
97	1073.5
98	1287.0
99	7326.0
100	13161.0
>>END_MODULE
>>Per base N content	pass
#Base	N-Count
1	0.07025964347701086
2	0.05621781681517835
3	0.04950501550813684
4	0.02298212637098486
5	0.022972024337415197
6	0.022532585877134824
7	0.022532585877134824
8	0.022532585877134824
9	0.022532585877134824
10	0.022532585877134824
11	0.022532585877134824
12	0.022532585877134824
13	0.022532585877134824
14	0.022532585877134824
15	0.022532585877134824
16	0.022532585877134824
17	0.022532585877134824
18	0.022532585877134824
19	0.022532585877134824
20	0.022532585877134824
21	0.022532585877134824
22	0.022532585877134824
23	0.022532585877134824
24	0.022532585877134824
25	0.022532585877134824
26	0.022532585877134824
27	0.022532585877134824
28	0.022532585877134824
29	0.022532585877134824
30	0.022532585877134824
31	0.022532585877134824
32	0.022532585877134824
33	0.022532585877134824
34	0.022532585877134824
35	0.022532585877134824
36	0.0
37	0.0
38	0.0
39	0.0
40	0.0
41	0.0
42	0.0
43	0.0
44	0.0
45	0.0
46	0.0
47	0.0
48	0.0
49	0.0
50	0.0
51	0.0
52	0.0
53	0.0
54	0.0
55	0.0
56	0.0
57	0.0
58	0.0
59	0.0
60	0.0
61	0.0
62	0.0
63	0.0
64	0.0
65	0.0
66	0.0
67	0.0
68	0.0
69	0.0
70	0.0
71	0.0
72	0.0
73	0.0
74	0.0
75	0.0
>>END_MODULE
>>Sequence Length Distribution	warn
#Length	Count
35	5906.0
36	2267.0
37	3424.0
38	4046.0
39	4697.0
40	5414.0
41	5845.0
42	6701.0
43	7781.0
44	9078.0
45	9943.0
46	10953.0
47	11704.0
48	12404.0
49	13003.0
50	13559.0
51	14498.0
52	15355.0
53	16814.0
54	17914.0
55	18926.0
56	19838.0
57	20921.0
58	21581.0
59	22394.0
60	23160.0
61	23586.0
62	24743.0
63	25871.0
64	28138.0
65	30126.0
66	29877.0
67	32218.0
68	33486.0
69	41270.0
70	54638.0
71	131759.0
72	477253.0
73	1368500.0
74	4280173.0
75	1.289823E7
>>END_MODULE
>>Sequence Duplication Levels	warn
#Total Duplicate Percentage	33.68712050155502
#Duplication Level	Relative count
1	100.0
2	22.394104072061342
3	9.549616615796918
4	5.11948187299933
5	3.000074443534579
6	1.9370207697461475
7	1.337750316385022
8	0.9119332985930172
9	0.6647807637906648
10++	3.972307005136604
>>END_MODULE
>>Overrepresented sequences	pass
>>END_MODULE
>>Kmer Content	warn
#Sequence	Count	Obs/Exp Overall	Obs/Exp Max	Max Obs/Exp Position
AAAAA	7577585	3.8528688	8.393989	71
TTTTT	6495185	3.1309755	5.4293957	71
CCTGG	3165210	3.0410297	12.0647545	3
GGGGG	2627000	2.94451	5.0309134	71
CCAGG	2991555	2.9050138	12.427468	3
CCCAG	2864015	2.8015964	11.336203	2
CTGGG	2856595	2.7245061	10.899932	4
CCAGC	2679520	2.6211221	6.4397726	3
GCTGG	2637145	2.5152035	6.9165444	3
GGAGG	2622745	2.509858	5.7138104	6
CAGCA	2993865	2.4821239	6.6732087	4
TGCTG	3031730	2.4425116	7.489395	2
TCCAG	2928930	2.4025214	8.803413	2
CAGCC	2404120	2.3517244	5.6187205	9
CTCCA	2806195	2.3187566	6.4392133	1
CAGGA	2796870	2.3018894	9.779314	4
GGCTG	2409170	2.29777	8.366072	7
CTCCT	2800025	2.2891076	6.0884857	1
AGGAG	2795065	2.2836263	6.9501047	5
CTGGA	2789060	2.271104	8.750587	4
CTGCT	2789895	2.264191	6.5499005	9
TCCTG	2767380	2.2459185	8.729613	2
GCTGC	2320155	2.2291286	5.6796975	8
AGCAG	2694850	2.2179246	5.580392	7
CCTGC	2288760	2.2151213	6.170763	3
CTGCC	2288170	2.2145503	5.7915754	9
GGCAG	2293270	2.2106872	6.36438	7
CTGCA	2667005	2.1876714	6.6339927	4
CCCTG	2244265	2.1720576	9.080741	2
GCAGG	2251020	2.1699586	6.8077264	3
CAGAG	2627800	2.162741	7.645006	4
CTCTG	2649570	2.1503077	7.516275	2
GCCTG	2234365	2.1467044	7.0515985	7
TGCAG	2631380	2.1427066	7.094223	2
TGGAG	2570775	2.078089	6.497354	5
CAGGG	2141930	2.0647972	9.45467	4
AGCTG	2519940	2.0519624	5.9072375	7
GCCAG	2092810	2.032268	5.297997	2
CTGGC	2106210	2.0235775	5.6080894	4
CCCCA	2053260	2.0232673	6.713431	1
CAGGC	2066115	2.0063453	6.1422324	4
CAGAA	2838820	1.9947577	5.3807445	4
CACAG	2395150	1.9857472	7.1492453	7
GGAGA	2422555	1.979278	5.4598756	6
GGGAG	2056565	1.9680471	5.5043845	7
CTGTG	2439810	1.9656316	8.995615	9
CTCAG	2346985	1.9251677	6.0303297	2
TTCTG	2820230	1.9192772	5.2319164	2
CTGAG	2331155	1.8982366	5.881057	4
CCAGA	2260020	1.873715	6.642433	3
GGCCA	1926095	1.8703759	6.30696	1
TGGGG	1947060	1.8434838	6.3537188	5
CCTCT	2252260	1.8412926	5.6242166	1
TCTGG	2251600	1.8140005	6.4054084	3
CACTG	2160345	1.772072	7.41575	7
ACCTG	2151420	1.7647511	5.44398	7
CAGTG	2164630	1.7626369	6.4854727	9
TGGCC	1831195	1.7593518	5.6982226	5
AGAGG	2143820	1.7515455	5.100577	5
CCTGA	2075085	1.7021356	5.537675	3
GCCCA	1733560	1.6957786	7.119915	1
ACAGA	2372355	1.6669859	5.8622026	8
GAGAG	2030590	1.6590344	5.3311386	7
TCAGG	2003595	1.6315076	5.809584	3
GGGCC	1422840	1.6183302	5.4231296	6
GGCCT	1671840	1.606249	5.132992	1
CCTGT	1970770	1.5994148	5.585986	8
TGGGC	1675255	1.5977911	6.5172863	5
AGGTG	1941410	1.5693412	5.2326775	7
AGCCT	1894925	1.5543551	5.0099893	6
CTTGG	1924045	1.5501059	5.0244365	3
GTGTG	1909850	1.5274476	7.8514304	1
ACACA	2120375	1.5008732	6.289439	6
TGTGT	2210080	1.4930763	5.8771996	10
AGGCT	1805025	1.4698141	5.072389	6
CACAC	1748910	1.4606218	6.54265	5
CCTTG	1791350	1.4538032	5.045249	2
CTGTC	1783600	1.4475136	5.8812413	9
GCTGT	1792425	1.4440663	5.1974163	8
ACAGC	1737230	1.4402853	5.5453315	8
GCCCT	1485685	1.4378843	6.049215	1
GGGCT	1502025	1.4325713	5.9518633	6
GACAG	1719200	1.4149419	6.8858643	7
AGACA	1923000	1.351237	5.3733172	6
AGGGC	1401035	1.3505825	5.6663632	5
GGACA	1522680	1.2532012	5.9720335	6
GTCCT	1528415	1.2404134	7.8384247	1
ACTGC	1510060	1.2386609	5.212767	8
GTGCT	1516980	1.222154	6.5619507	1
GTCCA	1430015	1.1730021	6.845431	1
AGGAC	1417035	1.1662531	7.438632	5
TGTGC	1438885	1.1592367	5.7807984	10
AGCAC	1392085	1.1541361	5.4890356	5
GTCTT	1669160	1.1359288	5.3271713	1
GTGCA	1321165	1.0758115	6.1721816	1
TGGAC	1319195	1.0742074	6.026444	5
TGCAC	1289250	1.0575364	5.511786	5
ACAGT	1520750	1.0572484	5.5667896	8
ACTGT	1521840	1.0467794	6.370438	8
GACTG	1278740	1.0412654	6.0118785	7
GGACC	1021915	0.9923525	5.0197635	6
GGACT	1163255	0.94722706	5.253729	6
ACACT	1351625	0.9465739	5.048342	6
GTGTA	943330	0.64412594	5.821315	1
>>END_MODULE
