##FastQC	0.10.1
>>Basic Statistics	pass
#Measure	Value	
Filename	019-F0_S5_L002_R2_001.fastq.gz	
File type	Conventional base calls	
Encoding	Sanger / Illumina 1.9	
Total Sequences	14222640	
Filtered Sequences	0	
Sequence length	35-75	
%GC	45	
>>END_MODULE
>>Per base sequence quality	pass
#Base	Mean	Median	Lower Quartile	Upper Quartile	10th Percentile	90th Percentile
1	31.52968640139946	32.0	32.0	32.0	32.0	32.0
2	31.37600536890479	32.0	32.0	32.0	32.0	32.0
3	31.40168449739289	32.0	32.0	32.0	32.0	32.0
4	31.41521363122458	32.0	32.0	32.0	32.0	32.0
5	31.418521596553102	32.0	32.0	32.0	32.0	32.0
6	35.18143263135396	36.0	36.0	36.0	36.0	36.0
7	35.16744570628238	36.0	36.0	36.0	36.0	36.0
8	35.12801329429698	36.0	36.0	36.0	36.0	36.0
9	35.1828709719152	36.0	36.0	36.0	36.0	36.0
10	35.069720741015736	36.0	36.0	36.0	36.0	36.0
11	35.16940125040077	36.0	36.0	36.0	36.0	36.0
12	35.09155086538083	36.0	36.0	36.0	36.0	36.0
13	35.113006867923254	36.0	36.0	36.0	36.0	36.0
14	35.06936054065912	36.0	36.0	36.0	36.0	36.0
15	35.05041230038868	36.0	36.0	36.0	36.0	36.0
16	35.05428211640033	36.0	36.0	36.0	36.0	36.0
17	35.04778325261695	36.0	36.0	36.0	36.0	36.0
18	35.026435528143864	36.0	36.0	36.0	36.0	36.0
19	35.01537379839467	36.0	36.0	36.0	36.0	36.0
20	35.00233536108627	36.0	36.0	36.0	36.0	36.0
21	34.98945294263231	36.0	36.0	36.0	36.0	36.0
22	34.97537897324266	36.0	36.0	36.0	36.0	36.0
23	34.969576815556046	36.0	36.0	36.0	36.0	36.0
24	34.956385242121016	36.0	36.0	36.0	36.0	36.0
25	34.936331792128605	36.0	36.0	36.0	36.0	36.0
26	34.91901742573812	36.0	36.0	36.0	36.0	36.0
27	34.898816253522554	36.0	36.0	36.0	36.0	36.0
28	34.88878506381375	36.0	36.0	36.0	36.0	36.0
29	34.8684456612837	36.0	36.0	36.0	36.0	36.0
30	34.84976572563181	36.0	36.0	36.0	36.0	36.0
31	34.84169057221444	36.0	36.0	36.0	36.0	36.0
32	34.82226436160938	36.0	36.0	36.0	36.0	36.0
33	34.81049798068432	36.0	36.0	36.0	36.0	36.0
34	34.79700561920993	36.0	36.0	36.0	36.0	36.0
35	34.790695398322676	36.0	36.0	36.0	36.0	36.0
36	34.79401173139805	36.0	36.0	36.0	36.0	36.0
37	34.78007143778021	36.0	36.0	36.0	36.0	36.0
38	34.76566877464058	36.0	36.0	36.0	36.0	36.0
39	34.725754797185196	36.0	36.0	36.0	36.0	36.0
40	34.72759437254402	36.0	36.0	36.0	36.0	36.0
41	34.725062382924015	36.0	36.0	36.0	36.0	36.0
42	34.71197687531669	36.0	36.0	36.0	36.0	36.0
43	34.69597089021919	36.0	36.0	36.0	36.0	36.0
44	34.67894718917221	36.0	36.0	36.0	36.0	36.0
45	34.662969734017	36.0	36.0	36.0	36.0	36.0
46	34.6262125513144	36.0	36.0	36.0	36.0	36.0
47	34.62256410590587	36.0	36.0	36.0	36.0	36.0
48	34.62183334904928	36.0	36.0	36.0	36.0	36.0
49	34.595044778170134	36.0	36.0	36.0	36.0	36.0
50	34.57709762126555	36.0	36.0	36.0	32.0	36.0
51	34.55193673549096	36.0	36.0	36.0	32.0	36.0
52	34.5517956326819	36.0	36.0	36.0	32.0	36.0
53	34.508453144586895	36.0	36.0	36.0	32.0	36.0
54	34.49617478350185	36.0	36.0	36.0	32.0	36.0
55	34.44953894270178	36.0	36.0	36.0	32.0	36.0
56	34.423848377098324	36.0	36.0	36.0	32.0	36.0
57	34.42548354426895	36.0	36.0	36.0	32.0	36.0
58	34.401447704964454	36.0	36.0	36.0	32.0	36.0
59	34.38349991201033	36.0	36.0	36.0	32.0	36.0
60	34.37178220532275	36.0	36.0	36.0	32.0	36.0
61	34.337237070125944	36.0	36.0	36.0	32.0	36.0
62	34.30694362174863	36.0	36.0	36.0	32.0	36.0
63	34.29498967650439	36.0	36.0	36.0	32.0	36.0
64	34.25453760930795	36.0	36.0	36.0	32.0	36.0
65	34.248637892470015	36.0	36.0	36.0	32.0	36.0
66	34.21561272606482	36.0	36.0	36.0	32.0	36.0
67	34.185251183596705	36.0	36.0	36.0	32.0	36.0
68	34.15364766082888	36.0	36.0	36.0	32.0	36.0
69	34.13892038790615	36.0	36.0	36.0	32.0	36.0
70	34.11486109956943	36.0	36.0	36.0	32.0	36.0
71	34.08817038441444	36.0	36.0	36.0	32.0	36.0
72	34.073633174490396	36.0	36.0	36.0	32.0	36.0
73	34.028406908117354	36.0	36.0	36.0	32.0	36.0
74	33.96903505981126	36.0	36.0	36.0	32.0	36.0
75	32.96098981892286	36.0	36.0	36.0	21.0	36.0
>>END_MODULE
>>Per sequence quality scores	pass
#Quality	Count
2	14610.0
3	56.0
4	2141.0
5	1596.0
6	381.0
7	284.0
8	158.0
9	78.0
10	85.0
11	103.0
12	143.0
13	191.0
14	1237.0
15	2990.0
16	5197.0
17	7797.0
18	10906.0
19	15080.0
20	20605.0
21	27744.0
22	36798.0
23	49107.0
24	65052.0
25	85166.0
26	108473.0
27	137410.0
28	171830.0
29	212174.0
30	262689.0
31	335520.0
32	446749.0
33	673604.0
34	1475201.0
35	1.0051485E7
>>END_MODULE
>>Per base sequence content	fail
#Base	G	A	T	C
1	46.30794469664395	17.353915500358983	10.008546928430416	26.329592874566654
2	16.87802089892278	19.40798425226677	37.04983329851658	26.664161550293876
3	20.411525553328644	21.086475715251364	27.950081967836176	30.551916763583815
4	13.7200963933979	14.493440926034276	35.944286986504174	35.84217569406364
5	15.336422062470294	34.275075008792584	34.94312113294474	15.445381795792384
6	34.6773605505455	34.56286768349264	16.629281288570166	14.130490477391689
7	30.702240927274037	28.979277504234542	20.788597094835666	19.52988447365576
8	26.511489735845363	33.943967497107636	20.404533312965643	19.14000945408136
9	24.873257541998157	14.849807705710539	20.878555754784127	39.39837899750718
10	15.000605492237026	25.77312909939366	34.98532737416322	24.240938034206085
11	34.09020932546381	22.949287996580395	24.18714154543069	18.773361132525103
12	22.765815133552678	24.09830733062921	31.372525964566666	21.763351571251448
13	28.329883297311987	20.644376173704085	25.818226090694086	25.207514438289845
14	20.26155976743202	21.081308598688288	27.249977345765853	31.407154288113837
15	22.604512357342966	30.045054851895237	23.157263035334417	24.193169755427384
16	22.702725196763517	27.868446488358252	26.469462250492835	22.959366064385396
17	21.82183684216938	28.114779557237927	27.704615169688708	22.35876843090399
18	22.18386978820946	27.214784998270304	28.707563187455996	21.893782026064244
19	23.18124872903721	26.703878767190037	27.177923242578846	22.93694926119391
20	22.996695778104545	27.022350250337336	27.77750239465962	22.203451576898498
21	22.38430740062804	26.605569254867145	27.175569842148157	23.83455350235666
22	22.644973549630752	27.173621808131397	27.4442130465016	22.737191595736252
23	22.139784187585526	27.212289897786036	27.739688650252102	22.908237264376332
24	22.86383689262527	26.294815751773235	28.223701452374744	22.617645903226745
25	22.67069319021458	26.668927983172086	27.667303680042632	22.993075146570703
26	21.952513757570696	27.275420008904337	27.914808485573552	22.85725774795142
27	22.104399633977042	27.264098098095985	27.683390845694	22.948111422232973
28	22.096354825029827	27.103556782508768	27.348516292536228	23.451572099925173
29	22.33743924094276	27.00239402516219	27.40809523594908	23.252071497945966
30	22.03689016668055	27.042799158974674	27.88097262231452	23.039338052030256
31	23.166835245437902	26.70856667674736	27.2555998018598	22.86899827595494
32	21.984230574215434	27.509218922719477	27.73383455713648	22.77271594592861
33	22.03626599475858	27.330443499475894	28.105790312988653	22.52750019277687
34	22.22924194462209	26.969448762919455	28.188953401170515	22.61235589128794
35	22.016719863971886	27.405093054558137	27.99851189323489	22.579675188235086
36	22.074912349267823	27.439322394461858	28.180519481708586	22.305245774561733
37	22.28052741090186	26.943074165669938	27.281904244910628	23.494494178517574
38	22.21613960391371	27.889763503148334	27.269456255507745	22.624640637430204
39	22.720998229544875	27.160074766808517	27.58330160935915	22.535625394287457
40	23.014506299835244	26.740610640662453	27.672978072633658	22.571904986868642
41	22.873813704291273	26.954296916901434	27.737139171329044	22.43475020747825
42	22.239773331972685	27.749269681350487	27.78659335172563	22.2243636349512
43	22.252634054004254	27.437612725528776	27.780459419940073	22.529293800526894
44	21.96231344763497	27.76551595125808	27.69577919408374	22.57639140702321
45	22.15557805065586	27.74177901403353	27.487074829161912	22.6155681061487
46	22.37458348146933	27.137504167929112	27.49825617881993	22.98965617178163
47	22.886428054037115	27.22862483953093	27.43298611079116	22.4519609956408
48	22.082710946553814	27.576688361291552	27.430968982437342	22.909631709717292
49	22.910063674908223	27.016085077886633	27.26637472717221	22.80747652003294
50	22.21404578474832	28.03448055496337	27.16348855445269	22.587985105835617
51	22.316658169400633	27.64734440803618	27.48015835591817	22.55583906664502
52	22.35050380895357	27.870045303905506	27.158646884597726	22.620804002543196
53	22.145361027329866	27.20130930562079	27.973832432989564	22.679497234059777
54	22.351271685717915	27.993434921722393	27.550094291397453	22.105199101162246
55	22.318702616240696	26.99262969754343	27.694841474781317	22.99382621143456
56	22.55197745227689	27.556966634503656	27.08127539712916	22.809780516090292
57	22.321393346444783	27.56063805475046	27.142798528484114	22.975170070320647
58	22.521032912381752	27.625022044913077	26.838833097648816	23.015111945056354
59	22.55520727203329	27.550736228892074	26.996716917267204	22.897339581807426
60	22.217578331062406	27.363923616752782	27.805892622119238	22.61260543006557
61	22.72234048906938	27.232800599303214	27.291543638372247	22.753315273255158
62	22.689153332826386	27.2703837204162	27.584319752567183	22.456143194190236
63	22.536929041665864	27.877156738293106	27.213077209355585	22.372837010685444
64	22.631293314151772	27.388959131733102	26.99830727450867	22.981440279606453
65	22.66652632029191	27.80006111905187	27.059452717517303	22.47395984313892
66	22.517804079444733	28.509822100652432	26.73846238198299	22.233911437919836
67	22.893076411820307	27.34607769724624	26.821005461452714	22.939840429480736
68	22.771999721696336	27.857874712083873	27.276871866795076	22.093253699424718
69	23.121805311340335	27.425364835151605	27.263300702737915	22.189529150770145
70	23.5558404953927	27.15664371149768	26.93160916090578	22.35590663220384
71	22.911046033608322	28.02121813999464	26.859238593217366	22.20849723317967
72	22.65838403665087	28.109683902939782	27.19175885711205	22.040173203297304
73	23.7494878020439	28.869602045122345	26.81729363773691	20.563616515096843
74	24.49939752310651	31.12986382833108	27.637339298206903	16.73339935035551
75	29.69223393635838	41.782017828059054	28.525748235582565	0.0
>>END_MODULE
>>Per base GC content	fail
#Base	%GC
1	72.6375375712106
2	43.54218244921665
3	50.963442316912456
4	49.562272087461544
5	30.78180385826268
6	48.80785102793719
7	50.232125400929796
8	45.65149918992672
9	64.27163653950534
10	39.24154352644311
11	52.86357045798892
12	44.529166704804126
13	53.537397735601836
14	51.66871405554586
15	46.79768211277035
16	45.662091261148916
17	44.18060527307336
18	44.0776518142737
19	46.11819799023112
20	45.20014735500305
21	46.2188609029847
22	45.382165145367004
23	45.04802145196186
24	45.48148279585201
25	45.66376833678528
26	44.809771505522114
27	45.052511056210015
28	45.54792692495499
29	45.58951073888873
30	45.07622821871081
31	46.03583352139284
32	44.75694652014404
33	44.56376618753545
34	44.84159783591003
35	44.59639505220697
36	44.38015812382955
37	45.77502158941943
38	44.840780241343914
39	45.25662362383233
40	45.586411286703886
41	45.308563911769525
42	44.46413696692388
43	44.78192785453115
44	44.53870485465818
45	44.77114615680456
46	45.364239653250955
47	45.338389049677914
48	44.992342656271106
49	45.71754019494116
50	44.802030890583936
51	44.872497236045646
52	44.97130781149677
53	44.82485826138964
54	44.45647078688016
55	45.31252882767525
56	45.361757968367186
57	45.29656341676543
58	45.5361448574381
59	45.452546853840715
60	44.83018376112798
61	45.475655762324536
62	45.14529652701662
63	44.90976605235131
64	45.61273359375823
65	45.14048616343083
66	44.75171551736457
67	45.83291684130105
68	44.86525342112105
69	45.31133446211048
70	45.91174712759654
71	45.11954326678799
72	44.69855723994817
73	44.31310431714074
74	41.232796873462014
75	29.69223393635838
>>END_MODULE
>>Per sequence GC content	warn
#GC Content	Count
0	14683.0
1	7512.5
2	572.0
3	1015.5
4	1230.5
5	1311.5
6	1353.0
7	1265.5
8	1223.0
9	1277.5
10	1575.5
11	2143.5
12	2492.5
13	2985.5
14	4118.0
15	5838.0
16	7237.5
17	9976.0
18	16158.5
19	24159.0
20	29690.5
21	39045.5
22	56595.5
23	76720.5
24	90608.5
25	108609.0
26	139903.0
27	172700.5
28	194947.5
29	223517.0
30	270621.0
31	320284.0
32	355648.0
33	397858.0
34	469227.5
35	542398.5
36	584454.0
37	617647.5
38	647451.0
39	647201.0
40	643957.5
41	635702.0
42	622167.0
43	616604.5
44	616929.5
45	615080.5
46	604453.5
47	589398.5
48	581540.5
49	571193.5
50	550208.5
51	527837.5
52	513770.0
53	501122.0
54	479380.0
55	455996.5
56	441071.0
57	424807.0
58	397755.0
59	367497.0
60	342499.0
61	314873.0
62	279274.5
63	243949.0
64	215559.5
65	192941.0
66	163795.5
67	134052.5
68	112714.0
69	97032.5
70	78704.5
71	61315.0
72	49970.5
73	42192.5
74	33894.5
75	26732.5
76	21681.0
77	18126.5
78	14450.0
79	11276.0
80	9169.5
81	7656.5
82	6089.5
83	4425.0
84	3363.5
85	2914.0
86	2314.5
87	1699.5
88	1433.0
89	1317.5
90	1141.0
91	1022.5
92	986.5
93	965.5
94	931.0
95	948.0
96	983.0
97	995.0
98	1136.0
99	4436.5
100	7608.0
>>END_MODULE
>>Per base N content	pass
#Base	N-Count
1	0.2384719011379041
2	0.13856077352727764
3	0.10285010377820152
4	0.10274463812625503
5	0.1029274452562956
6	0.10383444986303528
7	0.11013426480597133
8	0.12047692974018888
9	0.12550412581630416
10	0.1358397597070586
11	0.1394185608297756
12	0.13801938318061907
13	0.150035436459054
14	0.14059977613157612
15	0.14340516247335233
16	0.14549338238189252
17	0.14777144046393637
18	0.14576056203349028
19	0.14630195238014884
20	0.14205520212843747
21	0.15188460088984887
22	0.15127290010855932
23	0.14668162872715615
24	0.14524729586068408
25	0.1509775962831092
26	0.16046247391482876
27	0.1500776227198326
28	0.1570313247048368
29	0.15670789670553426
30	0.1504854232406923
31	0.14466371925324692
32	0.1448465263832875
33	0.156686803575145
34	0.15033777132796725
35	0.15500638418746449
36	0.05417502093685759
37	0.04702058942752116
38	0.0661531393052554
39	0.06458843545683846
40	0.07780191952760501
41	0.053590983849491576
42	0.07215877895348953
43	0.05641923032871863
44	0.05657606488349725
45	0.056630943235062965
46	0.05530575768675725
47	0.07269380445926164
48	0.05883199558724583
49	0.06148180300443964
50	0.05077206433771195
51	0.06632078475896584
52	0.05065160985314451
53	0.04842284608699985
54	0.05899060254860247
55	0.04641737093269038
56	0.06200758707170082
57	0.06390004467411693
58	0.054071029415903644
59	0.06440110460659555
60	0.05989576954609179
61	0.059062008974422826
62	0.06207577336941369
63	0.05195250358984411
64	0.047706063307121606
65	0.0477114812131862
66	0.0678921251109495
67	0.0762329517207612
68	0.05306191554759509
69	0.0452778756275234
70	0.059708404819157214
71	0.05123428004719522
72	0.06293580027380348
73	0.07358764320389889
74	0.0565905454917588
75	0.07310635509038545
>>END_MODULE
>>Sequence Length Distribution	warn
#Length	Count
35	16831.0
36	3520.0
37	4928.0
38	5966.0
39	6655.0
40	6982.0
41	7618.0
42	8302.0
43	9210.0
44	10183.0
45	11909.0
46	12414.0
47	13552.0
48	14222.0
49	15679.0
50	15728.0
51	15952.0
52	16552.0
53	17426.0
54	18559.0
55	19581.0
56	20959.0
57	21936.0
58	22935.0
59	24261.0
60	25850.0
61	25058.0
62	24955.0
63	24698.0
64	26716.0
65	28789.0
66	28537.0
67	34778.0
68	32226.0
69	43146.0
70	48216.0
71	101897.0
72	345401.0
73	973648.0
74	2974021.0
75	9142844.0
>>END_MODULE
>>Sequence Duplication Levels	warn
#Total Duplicate Percentage	31.600999705968835
#Duplication Level	Relative count
1	100.0
2	22.33207952713595
3	8.389754612215654
4	3.8423786494716103
5	2.1629948056600394
6	1.2287300734372202
7	0.8060182697474476
8	0.5624216371126635
9	0.4234282643739925
10++	3.5443310048361094
>>END_MODULE
>>Overrepresented sequences	warn
#Sequence	Count	Percentage	Possible Source
NNNNNNNNNNNNNNNNNNNNNNNNNNNNNNNNNNN	14609	0.10271651395240265	No Hit
>>END_MODULE
>>Kmer Content	fail
#Sequence	Count	Obs/Exp Overall	Obs/Exp Max	Max Obs/Exp Position
AAAAA	5262365	3.7540884	10.67542	71
GGGGG	1942670	3.003891	5.2917414	71
TTTTT	4398140	2.9932642	5.5583177	33
CCTGG	2189240	2.9332674	11.968291	3
CAGCA	2488100	2.8828583	6.676893	4
TGCTG	2537590	2.855423	7.774341	2
CCAGG	2095505	2.8342392	12.283776	3
AGAAA	3263145	2.717392	6.6934085	48
GAAAA	3202255	2.6666856	6.7851233	24
TTTCT	3281160	2.6589653	7.068754	16
CTGCT	2336065	2.6562035	6.651844	9
GCTGC	1980015	2.652936	5.7252073	8
CCCAG	1905740	2.604587	10.729686	2
AGCAG	2265780	2.5980394	5.2988844	7
TTTTC	3142965	2.5469756	5.529549	24
CCAGC	1837720	2.5116239	6.253176	3
CTGGG	1881495	2.4947891	10.261949	4
GGAGG	1851715	2.4528275	5.3085628	6
GCTGG	1835040	2.4331918	6.678696	3
TCCAG	2113370	2.4257245	8.772974	2
CTCCT	2027305	2.3292868	6.1026382	1
CTGGA	2022095	2.296889	8.533195	4
AGGAG	2020760	2.2930593	6.4331565	5
CTCCA	1944645	2.2554526	6.261982	1
CAGGA	1940020	2.2245092	8.801403	4
TCCTG	1930330	2.194866	8.379135	2
GGCTG	1652540	2.1912038	8.314019	7
CCTGC	1614610	2.186016	6.100656	3
CTGCC	1601170	2.1678197	5.570539	9
GGCAG	1612660	2.158555	5.993703	7
GAGAA	2191905	2.1307378	6.5689864	47
GCAGG	1583770	2.1198857	6.400823	3
CCCTG	1565245	2.1191812	8.8838825	2
CAGAG	1840385	2.1102633	7.423511	4
CTCTG	1855270	2.1095195	7.351913	2
CTGCA	1811530	2.0792727	6.039714	4
TTCTC	2143505	2.0683262	5.5626373	17
TGCAG	1802235	2.047151	6.5052557	2
AAAAT	2888020	2.0409586	5.4921565	42
AGCTG	1789945	2.033191	5.7728367	7
TGGAG	1795955	2.018861	5.9319634	5
TGGAA	2078905	2.0019503	5.5849175	11
GCCTG	1493505	2.0010824	6.528618	7
CAGGG	1494515	2.0004172	8.982497	4
CTGGC	1471295	1.9713241	5.761138	4
CACAG	1699545	1.9691924	6.3119297	7
GCCAG	1455630	1.9687873	5.4153147	2
GGAAA	2024330	1.9678388	6.1844816	40
CAGAA	1998145	1.9627396	5.0560946	4
CTGTG	1735665	1.9530568	8.886763	9
CCCCA	1405805	1.9414572	6.7862635	1
TGAAA	2315645	1.9102858	5.467836	30
CTGAA	1952935	1.9003514	5.9546924	29
TTCTG	1988425	1.8987873	5.083581	2
CAGGC	1396870	1.8893123	5.904288	4
CTCAG	1631765	1.8729386	5.896274	2
CCTCT	1626590	1.8688827	5.7321014	1
CAGTG	1644010	1.8674239	8.3093195	7
CTGAG	1614335	1.8337163	5.660285	4
CATTT	2234765	1.8281283	6.3036065	14
CCAGA	1574695	1.8245338	6.3990183	3
CACTG	1558735	1.789115	6.6814175	7
ACCTG	1558445	1.7887821	5.622979	8
GTGTG	1600825	1.7826469	9.664118	9
GGCCA	1315600	1.779392	6.414451	1
TCTGG	1564790	1.7607796	6.16901	3
TGGGG	1339005	1.7570556	6.008189	5
GAGAG	1510305	1.7138201	5.0191855	7
AAATG	2042265	1.6847614	5.5507474	43
TGGCC	1254185	1.6804279	5.445295	5
TGTGT	1761780	1.6649121	7.7310586	10
CCTGA	1446115	1.6598499	5.272802	3
ACACA	1656225	1.6439267	6.312838	6
ACAGA	1670535	1.6409346	5.4050255	8
AAAAC	1949875	1.640779	5.300181	25
CACAC	1385115	1.6216935	6.3277164	5
GCCCA	1173885	1.6043562	6.912892	1
TCAGG	1394785	1.5843303	5.327399	3
ATTTC	1905385	1.5586818	6.117703	15
CCTGT	1366900	1.5542226	5.517546	8
TGAGA	1599505	1.5402964	5.8369927	46
GGCCT	1143845	1.5325881	5.178211	1
GTCCT	1338225	1.5216178	13.59072	1
GGGCC	958890	1.5139407	5.0981293	6
TGGGC	1125720	1.492661	6.153438	5
GCTGT	1321900	1.4874679	5.4925	8
CCATG	1287625	1.4779351	5.0239744	9
CTGTC	1284875	1.4609566	5.7644024	9
AGTGG	1283635	1.4429543	5.657476	8
GCCCT	1037780	1.4050475	6.1600795	1
AGGAC	1224835	1.4044479	12.970364	5
GGGCT	1046920	1.3881752	5.9879823	6
GACAG	1210630	1.3881596	6.070147	7
ATGGC	1221400	1.3873831	7.856781	17
AATGA	1641855	1.3544441	5.090437	44
GGACA	1157230	1.326929	6.1389017	6
ACTGA	1354385	1.3179176	5.216298	28
TGTCC	1158615	1.3173937	5.1355624	10
AGGGC	971710	1.3006396	5.483206	5
ATGAG	1332235	1.28292	5.516225	45
AACTG	1306640	1.2714581	5.222444	27
TGTGC	1100925	1.2388157	7.469427	10
GTGCT	1087440	1.2236416	6.547761	1
GTCCA	1061770	1.2186987	6.8720694	1
AGCAC	985515	1.1418753	5.0009494	5
GTCTT	1193675	1.1398644	5.3806467	1
TACAG	1161695	1.1304159	6.349102	5
GGAAT	1170410	1.127085	5.00367	12
TGGAC	983130	1.1167332	5.7236466	5
CTGTA	1155115	1.1134785	6.764207	1
GTGCA	972675	1.1048573	5.883016	11
ACAGT	1120205	1.0900432	5.5825233	6
AATAT	1524465	1.0672395	5.162902	14
ACTGT	1100320	1.0606587	5.816117	8
GGACC	768965	1.0400503	6.917691	6
AGTGT	1075245	1.0257384	6.4986014	8
GACTG	887880	1.0085391	5.420723	7
CTACA	1002040	0.9852777	7.075391	4
TGTAG	1027990	0.9806591	7.6921935	2
TCCTA	953850	0.9291037	8.236001	2
TAGGA	953305	0.91801673	8.603586	4
ATATG	1077960	0.8809261	5.7997475	15
TATGG	913210	0.87116385	6.308448	16
CCTAC	715105	0.8293985	6.577295	3
GTAGG	721305	0.8108303	7.2195735	3
GTGTA	744170	0.7099068	5.7461348	1
GGACG	477040	0.6385209	6.331185	6
>>END_MODULE
