##FastQC	0.10.1
>>Basic Statistics	pass
#Measure	Value	
Filename	005-F5_S2_L003_R1_001_trimmed.fq.gz	
File type	Conventional base calls	
Encoding	Sanger / Illumina 1.9	
Total Sequences	18002844	
Filtered Sequences	0	
Sequence length	20-50	
%GC	45	
>>END_MODULE
>>Per base sequence quality	pass
#Base	Mean	Median	Lower Quartile	Upper Quartile	10th Percentile	90th Percentile
1	35.07047525379879	36.0	36.0	36.0	36.0	36.0
2	35.06015905042559	36.0	36.0	36.0	36.0	36.0
3	35.035202826842244	36.0	36.0	36.0	36.0	36.0
4	35.02857015258256	36.0	36.0	36.0	36.0	36.0
5	35.01480632726696	36.0	36.0	36.0	36.0	36.0
6	34.95656391845644	36.0	36.0	36.0	36.0	36.0
7	34.94413949262683	36.0	36.0	36.0	36.0	36.0
8	34.92163182661584	36.0	36.0	36.0	36.0	36.0
9	34.90381225321955	36.0	36.0	36.0	36.0	36.0
10	34.882302374002684	36.0	36.0	36.0	36.0	36.0
11	34.87263212412439	36.0	36.0	36.0	36.0	36.0
12	34.859954571622126	36.0	36.0	36.0	36.0	36.0
13	34.84211844528564	36.0	36.0	36.0	36.0	36.0
14	34.8335120273219	36.0	36.0	36.0	36.0	36.0
15	34.82516317977315	36.0	36.0	36.0	36.0	36.0
16	34.80658567057516	36.0	36.0	36.0	32.0	36.0
17	34.7919574262822	36.0	36.0	36.0	32.0	36.0
18	34.78091439330363	36.0	36.0	36.0	32.0	36.0
19	34.76525020157926	36.0	36.0	36.0	32.0	36.0
20	34.76059582585951	36.0	36.0	36.0	32.0	36.0
21	34.74180420160441	36.0	36.0	36.0	32.0	36.0
22	34.73360626585674	36.0	36.0	36.0	32.0	36.0
23	34.729175023219625	36.0	36.0	36.0	32.0	36.0
24	34.71543309912689	36.0	36.0	36.0	32.0	36.0
25	34.70737013920322	36.0	36.0	36.0	32.0	36.0
26	34.68834557989287	36.0	36.0	36.0	32.0	36.0
27	34.68253136176073	36.0	36.0	36.0	32.0	36.0
28	34.66601704583252	36.0	36.0	36.0	32.0	36.0
29	34.652270412699075	36.0	36.0	36.0	32.0	36.0
30	34.641085231193244	36.0	36.0	36.0	32.0	36.0
31	34.63037054151083	36.0	36.0	36.0	32.0	36.0
32	34.62613023243144	36.0	36.0	36.0	32.0	36.0
33	34.59745376250895	36.0	36.0	36.0	32.0	36.0
34	34.57643628303566	36.0	36.0	36.0	32.0	36.0
35	34.543396501094264	36.0	36.0	36.0	32.0	36.0
36	34.527799439013215	36.0	36.0	36.0	32.0	36.0
37	34.50615607769379	36.0	36.0	36.0	32.0	36.0
38	34.49880199909844	36.0	36.0	36.0	32.0	36.0
39	34.47777408397203	36.0	36.0	36.0	32.0	36.0
40	34.452912604198254	36.0	36.0	36.0	32.0	36.0
41	34.43292256007051	36.0	36.0	36.0	32.0	36.0
42	34.40422084790206	36.0	36.0	36.0	32.0	36.0
43	34.39536567866899	36.0	36.0	36.0	32.0	36.0
44	34.37084762940088	36.0	36.0	36.0	32.0	36.0
45	34.366067899853356	36.0	36.0	36.0	32.0	36.0
46	34.33120119966588	36.0	36.0	36.0	32.0	36.0
47	34.34421618989174	36.0	36.0	36.0	32.0	36.0
48	34.35978059044614	36.0	36.0	36.0	32.0	36.0
49	34.428141627673085	36.0	36.0	36.0	32.0	36.0
50	34.52763765755868	36.0	36.0	36.0	32.0	36.0
>>END_MODULE
>>Per sequence quality scores	pass
#Quality	Count
14	6.0
15	54.0
16	246.0
17	700.0
18	1504.0
19	3303.0
20	6736.0
21	12380.0
22	21100.0
23	33391.0
24	50774.0
25	75772.0
26	111543.0
27	156811.0
28	215384.0
29	287769.0
30	377885.0
31	498141.0
32	684885.0
33	1037437.0
34	2073406.0
35	8462602.0
36	3891015.0
>>END_MODULE
>>Per base sequence content	pass
#Base	G	A	T	C
1	22.59185826417204	26.61232303073892	27.2629091270246	23.53290957806444
2	22.486258282302508	26.724144251874872	27.497149894761076	23.29244757106155
3	22.470927117727918	26.761016205670092	27.367611645161556	23.400445031440434
4	22.650346198290013	26.479015830452905	27.640838528025007	23.229799443232075
5	22.741396855586267	26.534245936169647	27.297913870792854	23.426443337451232
6	22.295168729470603	26.96282064798436	27.48561588220349	23.256394740341552
7	22.345934610758405	26.912113230524753	27.45209655976428	23.28985559895256
8	22.36435532074821	26.798749130970638	27.412607696872783	23.424287851408366
9	22.289599260916447	26.906260769136598	27.48679152551298	23.31734844443398
10	22.37480963296497	26.95301149720517	27.483364599899694	23.188814269930166
11	22.876636001273802	26.830407003616603	27.187895580540662	23.105061414568933
12	22.205685946064964	27.065357006926238	27.584263908524676	23.14469313848412
13	22.34603043830186	26.862177998098524	27.67529397021937	23.116497593380245
14	22.366710504184784	26.65083916741155	27.822992856017635	23.15945747238603
15	22.287609447333217	26.94418663014057	27.633150264038942	23.13505365848727
16	22.41800815049815	27.240995385946626	27.551713269905516	22.78928319364971
17	22.5682342189934	26.886285300255892	27.27346856974376	23.27201191100695
18	22.41942995228976	27.3471513723054	27.265930871811143	22.9674878035937
19	22.604139657045298	27.02096957569593	27.47348696683702	22.901403800421754
20	22.677839867367585	26.767867001421276	27.469139728461716	23.085153402749423
21	22.699784818889466	26.909268423731454	27.459899697146124	22.93104706023296
22	22.441303582904133	27.158055212784127	27.50161326790772	22.89902793640402
23	22.543028219318394	26.888687084301633	27.42679045255796	23.141494243822013
24	22.383072717740617	27.197489343031368	27.462022894345328	22.95741504488268
25	22.478216154350804	27.157767067724574	27.304557928845487	23.059458849079135
26	22.574355636358447	27.08611884485873	27.257183592997926	23.0823419257849
27	22.5782157265312	27.19753302514351	27.363792483469062	22.860458764856226
28	22.356714172682196	27.21013787666183	27.35669188545902	23.076456065196954
29	22.64687805246611	26.947363099086413	27.38588894825732	23.019869900190155
30	22.47710580372574	27.298370036293164	27.31136407405944	22.913160085921657
31	22.58369360452212	27.157692638873144	27.307052789853124	22.951560966751607
32	22.55695732075257	27.207483859805905	27.236084968143015	22.999473851298514
33	22.470387012968313	27.004908328387977	27.483942026163355	23.040762632480355
34	22.60863940621485	27.33582157020175	27.341224221247668	22.714314802335732
35	22.5892125365142	26.979896062573417	27.339646317683048	23.09124508322934
36	22.664196180136955	27.286005195050617	27.13997685647297	22.90982176833946
37	22.498492528279108	27.176034562414873	27.25946841312283	23.06600449618319
38	22.513178821296005	27.060134417660052	27.26959187295105	23.15709488809289
39	22.442015292355812	27.222431718760376	27.309757472776397	23.025795516107415
40	22.51974410109577	27.175403781174307	27.42819104470507	22.876661073024852
41	22.744456592319022	27.101130236273168	27.271484078179654	22.88292909322816
42	22.660944241315413	27.22637633892014	27.277022141952568	22.835657277811887
43	22.593972675151946	27.365880163821654	27.22145657793977	22.818690583086628
44	22.644342610507483	27.06650325706696	27.176018672989006	23.113135459436553
45	22.55698340258178	27.25944394123669	27.29383135219658	22.88974130398495
46	22.545205935430815	27.486932288665795	27.07653840747425	22.891323368429145
47	22.591493263802086	27.24984760910319	27.211907992598007	22.946751134496722
48	22.620673821347285	27.643845192296347	27.379102854594773	22.356378131761595
49	22.775850065469037	27.875400262494583	27.497103793277088	21.85164587875929
50	22.74729502119241	27.59855120261846	27.58106605494786	22.07308772124127
>>END_MODULE
>>Per base GC content	pass
#Base	%GC
1	46.12476784223648
2	45.77870585336406
3	45.87137214916835
4	45.880145641522084
5	46.1678401930375
6	45.55156346981216
7	45.63579020971097
8	45.788643172156576
9	45.60694770535043
10	45.56362390289513
11	45.98169741584274
12	45.35037908454909
13	45.462528031682105
14	45.52616797657081
15	45.42266310582049
16	45.20729134414786
17	45.84024613000035
18	45.38691775588346
19	45.50554345746705
20	45.76299327011701
21	45.630831879122425
22	45.34033151930815
23	45.68452246314041
24	45.3404877626233
25	45.53767500342994
26	45.65669756214334
27	45.438674491387424
28	45.43317023787915
29	45.666747952656266
30	45.390265889647395
31	45.53525457127373
32	45.556431172051084
33	45.51114964544867
34	45.322954208550584
35	45.680457619743535
36	45.57401794847642
37	45.5644970244623
38	45.670273709388894
39	45.46781080846323
40	45.39640517412062
41	45.627385685547175
42	45.496601519127296
43	45.412663258238574
44	45.757478069944035
45	45.446724706566734
46	45.436529303859956
47	45.53824439829881
48	44.977051953108884
49	44.62749594422833
50	44.82038274243368
>>END_MODULE
>>Per sequence GC content	pass
#GC Content	Count
0	2721.0
1	2726.0
2	2418.5
3	2263.5
4	2493.0
5	3027.5
6	3652.5
7	4645.5
8	5684.0
9	7452.5
10	9342.0
11	12792.0
12	16487.5
13	22261.0
14	29045.0
15	39545.5
16	50934.5
17	67700.5
18	85549.0
19	108732.5
20	132734.0
21	161588.5
22	191725.0
23	229373.0
24	269059.0
25	306971.0
26	350789.0
27	401857.5
28	456739.0
29	517768.0
30	580029.5
31	645791.5
32	714788.0
33	786225.5
34	859359.0
35	923464.0
36	982957.0
37	1027304.5
38	1062148.0
39	1089184.5
40	1114063.5
41	1130657.5
42	1144334.0
43	1143998.5
44	1139443.5
45	1127074.0
46	1114669.5
47	1096181.0
48	1076563.0
49	1056986.5
50	1035483.0
51	1013906.5
52	990264.0
53	962853.5
54	934859.5
55	906498.5
56	875634.0
57	837595.5
58	797383.5
59	748211.0
60	696438.0
61	639642.0
62	582113.5
63	530905.0
64	471152.0
65	416217.0
66	363541.5
67	314993.0
68	266586.5
69	222612.5
70	184878.0
71	153770.0
72	126067.5
73	101904.0
74	79803.0
75	63799.5
76	51811.0
77	41001.0
78	31273.5
79	24310.0
80	18267.5
81	13664.5
82	10147.5
83	7785.5
84	5749.0
85	4395.0
86	3204.5
87	2481.0
88	1987.0
89	1494.0
90	1128.0
91	967.0
92	846.0
93	713.5
94	587.0
95	520.0
96	471.5
97	434.5
98	399.5
99	580.5
100	766.0
>>END_MODULE
>>Per base N content	pass
#Base	N-Count
1	0.0
2	0.0
3	3.943821320675778E-4
4	6.110145708089234E-5
5	6.887800616391499E-4
6	1.1109355832889516E-5
7	3.66608742485354E-4
8	0.0
9	4.443742333155806E-5
10	6.721160278898156E-4
11	1.7219501540978747E-4
12	0.0
13	0.0
14	0.0
15	3.88827454151133E-5
16	9.998420249600562E-5
17	0.0
18	0.0
19	0.0
20	2.7773389582223784E-5
21	0.0
22	0.0
23	0.0
24	0.0
25	0.0
26	0.0
27	0.0
28	0.0
29	0.0
30	0.0
31	0.0
32	0.0
33	0.0
34	0.0
35	0.0
36	5.7613925055230156E-5
37	0.0
38	0.0
39	0.0
40	0.0
41	0.0
42	0.0
43	5.8996559379653535E-6
44	0.0
45	0.0
46	0.0
47	0.0
48	0.0
49	3.0921722432704666E-5
50	0.0
>>END_MODULE
>>Sequence Length Distribution	warn
#Length	Count
20	31471.0
21	32629.0
22	33634.0
23	34409.0
24	35122.0
25	35886.0
26	37696.0
27	38838.0
28	40735.0
29	43565.0
30	44474.0
31	46114.0
32	46997.0
33	46880.0
34	48152.0
35	49327.0
36	49791.0
37	52546.0
38	54612.0
39	57884.0
40	59990.0
41	63900.0
42	68051.0
43	81283.0
44	118542.0
45	203042.0
46	498087.0
47	1048564.0
48	2064733.0
49	2732945.0
50	1.0202945E7
>>END_MODULE
>>Sequence Duplication Levels	warn
#Total Duplicate Percentage	32.921136639760746
#Duplication Level	Relative count
1	100.0
2	21.794796585809404
3	8.747396826327986
4	4.522922594080897
5	2.6141729973894936
6	1.6762971871058574
7	1.12999736016191
8	0.7897515619042033
9	0.6115624908338955
10++	4.770774059191036
>>END_MODULE
>>Overrepresented sequences	pass
>>END_MODULE
>>Kmer Content	warn
#Sequence	Count	Obs/Exp Overall	Obs/Exp Max	Max Obs/Exp Position
AAAAA	4207960	3.6481574	4.3499627	46
TTTTT	4100565	3.3426626	3.9641643	13
>>END_MODULE
