##FastQC	0.10.1
>>Basic Statistics	pass
#Measure	Value	
Filename	006-F0_S6_L001_R2_001_trimmed.fq.gz	
File type	Conventional base calls	
Encoding	Sanger / Illumina 1.9	
Total Sequences	22869452	
Filtered Sequences	0	
Sequence length	20-51	
%GC	45	
>>END_MODULE
>>Per base sequence quality	pass
#Base	Mean	Median	Lower Quartile	Upper Quartile	10th Percentile	90th Percentile
1	34.71503510447037	36.0	36.0	36.0	32.0	36.0
2	34.70419374281465	36.0	36.0	36.0	32.0	36.0
3	34.676819147218744	36.0	36.0	36.0	32.0	36.0
4	34.6709757190509	36.0	36.0	36.0	32.0	36.0
5	34.659634476593496	36.0	36.0	36.0	32.0	36.0
6	34.63639181209939	36.0	36.0	36.0	32.0	36.0
7	34.62146989792322	36.0	36.0	36.0	32.0	36.0
8	34.61209464048373	36.0	36.0	36.0	32.0	36.0
9	34.58748032091018	36.0	36.0	36.0	32.0	36.0
10	34.576896114519926	36.0	36.0	36.0	32.0	36.0
11	34.5674775241663	36.0	36.0	36.0	32.0	36.0
12	34.544897359149665	36.0	36.0	36.0	32.0	36.0
13	34.52718351099974	36.0	36.0	36.0	32.0	36.0
14	34.51339118226357	36.0	36.0	36.0	32.0	36.0
15	34.49676411135693	36.0	36.0	36.0	32.0	36.0
16	34.46399288448188	36.0	36.0	36.0	32.0	36.0
17	34.45911707897505	36.0	36.0	36.0	32.0	36.0
18	34.43807722196404	36.0	36.0	36.0	32.0	36.0
19	34.41820626047358	36.0	36.0	36.0	32.0	36.0
20	34.41227542312776	36.0	36.0	36.0	32.0	36.0
21	34.38617663447332	36.0	36.0	36.0	32.0	36.0
22	34.362757129679416	36.0	36.0	36.0	32.0	36.0
23	34.33719202039603	36.0	36.0	36.0	32.0	36.0
24	34.30486103664873	36.0	36.0	36.0	32.0	36.0
25	34.28320541499111	36.0	36.0	36.0	32.0	36.0
26	34.256659675064554	36.0	36.0	36.0	32.0	36.0
27	34.234606992010164	36.0	36.0	36.0	32.0	36.0
28	34.19868921399729	36.0	36.0	36.0	32.0	36.0
29	34.185052964573984	36.0	36.0	36.0	32.0	36.0
30	34.15340935369753	36.0	36.0	36.0	32.0	36.0
31	34.099991590671465	36.0	36.0	36.0	32.0	36.0
32	34.084179897755426	36.0	36.0	36.0	32.0	36.0
33	34.04626122402501	36.0	36.0	36.0	32.0	36.0
34	33.99592378815857	36.0	36.0	36.0	32.0	36.0
35	33.96763097859994	36.0	36.0	36.0	32.0	36.0
36	33.94970078392807	36.0	36.0	36.0	32.0	36.0
37	33.91458132823326	36.0	36.0	36.0	32.0	36.0
38	33.894846458389594	36.0	36.0	36.0	32.0	36.0
39	33.86008007955092	36.0	36.0	36.0	32.0	36.0
40	33.84438567908457	36.0	36.0	36.0	32.0	36.0
41	33.82363299600606	36.0	36.0	36.0	27.0	36.0
42	33.788388267339975	36.0	36.0	36.0	27.0	36.0
43	33.7939969914729	36.0	36.0	36.0	27.0	36.0
44	33.77636539023831	36.0	36.0	36.0	27.0	36.0
45	33.757342047458025	36.0	36.0	36.0	27.0	36.0
46	33.762530305097556	36.0	36.0	36.0	27.0	36.0
47	33.75235279882819	36.0	36.0	36.0	27.0	36.0
48	33.772224356081566	36.0	36.0	36.0	27.0	36.0
49	33.81330649212686	36.0	36.0	36.0	27.0	36.0
50	33.921126283669494	36.0	36.0	36.0	32.0	36.0
51	34.07196274936182	36.0	36.0	36.0	32.0	36.0
>>END_MODULE
>>Per sequence quality scores	pass
#Quality	Count
2	27.0
3	30.0
4	33.0
5	21.0
6	31.0
7	50.0
8	104.0
9	144.0
10	150.0
11	207.0
12	288.0
13	214.0
14	1786.0
15	2935.0
16	5150.0
17	8188.0
18	13518.0
19	20696.0
20	32082.0
21	47912.0
22	68749.0
23	97791.0
24	134920.0
25	181906.0
26	238612.0
27	305168.0
28	384930.0
29	478207.0
30	596206.0
31	760122.0
32	1013895.0
33	1499937.0
34	2818778.0
35	1.0277216E7
36	3879449.0
>>END_MODULE
>>Per base sequence content	pass
#Base	G	A	T	C
1	22.812617763517277	26.510916449822535	27.148895418933854	23.527570367726334
2	22.75407923644401	26.5457165994764	27.398280711571687	23.301923452507907
3	22.665707425116548	26.656037682465065	27.349930766395598	23.328324126022785
4	22.935217768667666	26.383144232518063	27.55628516900605	23.125352829808214
5	23.12440376652934	26.43488966504744	27.09782125455175	23.342885313871466
6	22.61259177932572	26.822220136739816	27.32939031388269	23.235797770051775
7	22.70658960637712	26.751113387537234	27.232272258698103	23.310024747387548
8	22.74357358469262	26.652526628129507	27.18614967744768	23.417750109730193
9	22.650161120488633	26.742030279963853	27.32914506651539	23.278663533032127
10	22.727816603194466	26.747583264680262	27.3088532766604	23.215746855464868
11	23.224699147375595	26.634081614901735	26.99581364824403	23.14540558947864
12	22.53600098338646	26.899957700563633	27.416274949747283	23.147766366302626
13	22.711808941002097	26.739554085335033	27.486591226112246	23.062045747550624
14	22.729053887983596	26.517166850786207	27.587880998426456	23.16589826280374
15	22.658399830379615	26.841245394306174	27.40763071318585	23.092724062128365
16	22.809458157917746	27.087778092764125	27.28474978261641	22.81801396670172
17	22.96439266361498	26.75814703272634	26.964430977739273	23.313029325919405
18	22.853414122459835	27.145875157391707	27.00572551777931	22.994985202369143
19	23.016698313680724	26.840978685422236	27.200170144703904	22.942152856193132
20	23.057804075181025	26.54843098213795	27.22860163905196	23.16516330362907
21	22.979841794251886	26.787227753124704	27.259640573754957	22.973289878868453
22	22.812794551703703	26.920455691186472	27.30991468585508	22.95683507125474
23	22.88824683217815	26.714199314355056	27.17426085991615	23.22329299355064
24	22.690207186144672	27.085239583610065	27.26938258806027	22.955170642184992
25	22.830686447144526	27.00416357060226	27.083283004312058	23.081866977941154
26	22.940041203344876	26.94114836805412	26.970091473696368	23.148718954904638
27	22.919586793113005	27.02679989653954	27.11851723035973	22.935096079987723
28	22.73205653960398	26.978072558890965	27.06948333408376	23.220387567421298
29	23.02043702166031	26.77582568336987	27.072538987480936	23.131198307488884
30	22.83513712986268	27.085459606172364	27.041291400521178	23.038111863443778
31	22.908775234074405	26.974823793351582	27.074480435661936	23.041920536912073
32	22.888772864038167	27.02817536932715	26.977014903862067	23.106036862772612
33	22.743475132250623	26.872117350728274	27.28609885219648	23.098308664824618
34	22.95698149400415	27.19250749895381	27.069414932309073	22.78109607473297
35	22.948626796883435	26.856714103407448	26.999835149248657	23.19482395046046
36	23.0358235011193	27.139107767399608	26.866091114260747	22.95897761722035
37	22.867660441165626	27.009818504760524	27.00083996758927	23.12168108648458
38	22.889237180843626	26.865195839735062	26.960018186468133	23.285548792953183
39	22.791553534890728	27.035521820388613	27.008307903917068	23.164616740803595
40	22.836433021252887	26.98319177832508	27.15972339536414	23.020651805057895
41	23.101895295156	26.9509028435237	26.942462577692506	23.00473928362779
42	22.983115689918314	27.084473075057318	27.010070361948525	22.922340873075843
43	22.98214886242558	27.167890996854037	26.945486853232055	22.90447328748833
44	23.016392124583707	26.91236550056753	26.87321502769977	23.19802734714899
45	22.850767007177446	27.13501631474452	27.050057048947075	22.964159629130958
46	22.926477203566357	27.287912423024284	26.792684909055147	22.992925464354215
47	23.017140301708807	26.98536214742728	26.86656472148273	23.13093282938118
48	22.959848187584058	27.340787608644995	27.051522545972485	22.647841657798462
49	23.257398146358955	27.27602821954584	26.993697422803713	22.472876211291492
50	23.34724770253588	27.445660179771135	27.08763903041887	22.119453087274113
51	22.849191110300122	27.92192690341015	27.285240925132605	21.94364106115712
>>END_MODULE
>>Per base GC content	pass
#Base	%GC
1	46.340188131243615
2	46.05600268895192
3	45.99403155113934
4	46.060570598475884
5	46.46728908040081
6	45.848389549377494
7	46.016614353764666
8	46.16132369442281
9	45.92882465352076
10	45.943563458659334
11	46.37010473685423
12	45.683767349689084
13	45.77385468855272
14	45.89495215078734
15	45.75112389250798
16	45.627472124619466
17	46.27742198953438
18	45.84839932482898
19	45.95885116987385
20	46.22296737881009
21	45.95313167312034
22	45.76962962295844
23	46.11153982572879
24	45.645377828329664
25	45.91255342508568
26	46.088760158249514
27	45.85468287310073
28	45.95244410702527
29	46.1516353291492
30	45.87324899330646
31	45.950695770986485
32	45.99480972681078
33	45.841783797075244
34	45.73807756873712
35	46.14345074734389
36	45.994801118339645
37	45.989341527650204
38	46.17478597379681
39	45.956170275694326
40	45.85708482631078
41	46.1066345787838
42	45.905456562994154
43	45.88662214991391
44	46.21441947173269
45	45.81492663630841
46	45.91940266792057
47	46.14807313108999
48	45.607689845382524
49	45.730274357650444
50	45.46670078980999
51	44.79283217145725
>>END_MODULE
>>Per sequence GC content	pass
#GC Content	Count
0	9021.0
1	8148.5
2	6133.0
3	5409.5
4	5952.0
5	6832.0
6	7808.5
7	9085.0
8	10349.5
9	12664.5
10	15204.5
11	19315.0
12	23480.0
13	30646.0
14	38476.0
15	50707.0
16	63494.5
17	83281.5
18	104287.5
19	131641.0
20	159786.0
21	194949.5
22	230850.0
23	275407.5
24	321429.5
25	368142.0
26	455717.5
27	517190.5
28	587115.5
29	659246.0
30	733698.0
31	809349.0
32	890833.0
33	975685.5
34	1056058.0
35	1132247.5
36	1195904.0
37	1255645.0
38	1294557.5
39	1333645.5
40	1360175.5
41	1383295.0
42	1397989.0
43	1405529.0
44	1399644.0
45	1391098.5
46	1376672.0
47	1359657.0
48	1337784.5
49	1314645.5
50	1293011.0
51	1271722.0
52	1246303.5
53	1217612.5
54	1188875.5
55	1158571.5
56	1121983.5
57	1081060.5
58	1028724.0
59	968524.0
60	902790.0
61	833469.0
62	762995.0
63	695663.5
64	621333.0
65	550024.0
66	484505.0
67	419663.5
68	359996.0
69	302549.5
70	256283.5
71	213804.5
72	179575.0
73	148098.0
74	121251.0
75	90485.0
76	75321.5
77	62440.0
78	49861.0
79	40379.5
80	31914.0
81	25747.0
82	20356.0
83	16505.0
84	13004.5
85	10546.0
86	8326.5
87	6927.5
88	5655.5
89	4701.0
90	3843.5
91	3376.0
92	2978.0
93	2740.0
94	2513.0
95	2369.5
96	2257.0
97	2369.5
98	2951.0
99	15854.5
100	28297.0
>>END_MODULE
>>Per base N content	pass
#Base	N-Count
1	0.013909384448739744
2	0.011150245314142201
3	0.02429004420394507
4	0.011145872668920968
5	0.013074209211484385
6	0.010380659755205328
7	0.013992464707943155
8	0.00874091779724324
9	0.011867359130424289
10	0.01431604045431434
11	0.011040929183611395
12	0.006712010414591483
13	0.026515720621552274
14	0.01693088229661122
15	0.01869743096598904
16	0.03406727891862035
17	0.025453167832792844
18	0.023258099931734263
19	0.01840446373616648
20	0.018194576765547334
21	0.01364102364555108
22	0.03374172398909654
23	0.030646696805960057
24	0.010343100591507098
25	0.02475353730967622
26	0.011986490520096175
27	0.017569361523089373
28	0.01913888052435719
29	0.01673654528120368
30	0.013346393497931085
31	0.03926900237452291
32	0.029686351189489486
33	0.022652574404707394
34	0.02250246052610208
35	0.02207538374868509
36	0.0223079173013311
37	0.03635008661207618
38	0.026832001195189362
39	0.02748320666748683
40	0.031151103405969705
41	0.01832261586545224
42	0.03600294947060455
43	0.015624513930038907
44	0.008241773241753472
45	0.009532099344542747
46	0.005490935424500354
47	0.013315608199107506
48	0.011881742026336378
49	0.008672716230819269
50	0.00696660404730615
51	0.009371542688620955
>>END_MODULE
>>Sequence Length Distribution	warn
#Length	Count
20	48584.0
21	50840.0
22	53061.0
23	54517.0
24	55580.0
25	56483.0
26	56684.0
27	57699.0
28	59821.0
29	63039.0
30	64043.0
31	67190.0
32	69634.0
33	70243.0
34	71861.0
35	72118.0
36	71422.0
37	72758.0
38	75182.0
39	77532.0
40	81308.0
41	85498.0
42	89691.0
43	99236.0
44	116819.0
45	166789.0
46	279325.0
47	677011.0
48	1383867.0
49	2803293.0
50	3760544.0
51	1.205778E7
>>END_MODULE
>>Sequence Duplication Levels	warn
#Total Duplicate Percentage	32.237250401426415
#Duplication Level	Relative count
1	100.0
2	20.968046752340523
3	8.57635052625458
4	4.408472407978135
5	2.575303832063732
6	1.6078385764959005
7	1.141914287375705
8	0.7762981915450369
9	0.5756818049659824
10++	4.744286794208292
>>END_MODULE
>>Overrepresented sequences	pass
>>END_MODULE
>>Kmer Content	warn
#Sequence	Count	Obs/Exp Overall	Obs/Exp Max	Max Obs/Exp Position
AAAAA	5971190	4.1320105	5.096258	47
GGGGG	2329505	3.6216125	5.381385	47
TTTTT	5397945	3.5706296	4.2955313	13
>>END_MODULE
