##FastQC	0.10.1
>>Basic Statistics	pass
#Measure	Value	
Filename	004-F5_S4_L003_R2_001_trimmed.fq.gz	
File type	Conventional base calls	
Encoding	Sanger / Illumina 1.9	
Total Sequences	15519007	
Filtered Sequences	0	
Sequence length	20-50	
%GC	45	
>>END_MODULE
>>Per base sequence quality	pass
#Base	Mean	Median	Lower Quartile	Upper Quartile	10th Percentile	90th Percentile
1	34.626698409247446	36.0	36.0	36.0	32.0	36.0
2	34.622676824619	36.0	36.0	36.0	32.0	36.0
3	34.59859751335894	36.0	36.0	36.0	32.0	36.0
4	34.58889953461584	36.0	36.0	36.0	32.0	36.0
5	34.574599843920424	36.0	36.0	36.0	32.0	36.0
6	34.553493081097265	36.0	36.0	36.0	32.0	36.0
7	34.547963410287785	36.0	36.0	36.0	32.0	36.0
8	34.532936289029315	36.0	36.0	36.0	32.0	36.0
9	34.516640787648335	36.0	36.0	36.0	32.0	36.0
10	34.49601762535451	36.0	36.0	36.0	32.0	36.0
11	34.48483611097024	36.0	36.0	36.0	32.0	36.0
12	34.47029175255865	36.0	36.0	36.0	32.0	36.0
13	34.46035554981063	36.0	36.0	36.0	32.0	36.0
14	34.46000417423615	36.0	36.0	36.0	32.0	36.0
15	34.42876016487395	36.0	36.0	36.0	32.0	36.0
16	34.40528578922608	36.0	36.0	36.0	32.0	36.0
17	34.401714555576916	36.0	36.0	36.0	32.0	36.0
18	34.38119520147133	36.0	36.0	36.0	32.0	36.0
19	34.37079524482462	36.0	36.0	36.0	32.0	36.0
20	34.36783577712156	36.0	36.0	36.0	32.0	36.0
21	34.34610381092848	36.0	36.0	36.0	32.0	36.0
22	34.334243985047465	36.0	36.0	36.0	32.0	36.0
23	34.320897850677134	36.0	36.0	36.0	32.0	36.0
24	34.29606343241591	36.0	36.0	36.0	32.0	36.0
25	34.2793303514337	36.0	36.0	36.0	32.0	36.0
26	34.24454641344969	36.0	36.0	36.0	32.0	36.0
27	34.2310663413724	36.0	36.0	36.0	32.0	36.0
28	34.20991023288799	36.0	36.0	36.0	32.0	36.0
29	34.1866322803655	36.0	36.0	36.0	32.0	36.0
30	34.15898292623141	36.0	36.0	36.0	32.0	36.0
31	34.130739351814036	36.0	36.0	36.0	32.0	36.0
32	34.119473670161014	36.0	36.0	36.0	32.0	36.0
33	34.08776586223148	36.0	36.0	36.0	32.0	36.0
34	34.06471268959831	36.0	36.0	36.0	32.0	36.0
35	34.03552968791392	36.0	36.0	36.0	32.0	36.0
36	34.0247281836773	36.0	36.0	36.0	32.0	36.0
37	33.98582575065733	36.0	36.0	36.0	32.0	36.0
38	33.94666058142189	36.0	36.0	36.0	32.0	36.0
39	33.92027780678566	36.0	36.0	36.0	32.0	36.0
40	33.90071257344462	36.0	36.0	36.0	32.0	36.0
41	33.86410365490585	36.0	36.0	36.0	32.0	36.0
42	33.83816832907142	36.0	36.0	36.0	32.0	36.0
43	33.819615231409756	36.0	36.0	36.0	32.0	36.0
44	33.79764440337806	36.0	36.0	36.0	32.0	36.0
45	33.78675710978252	36.0	36.0	36.0	27.0	36.0
46	33.77760842370131	36.0	36.0	36.0	27.0	36.0
47	33.78025859213837	36.0	36.0	36.0	27.0	36.0
48	33.797084983465375	36.0	36.0	36.0	27.0	36.0
49	33.88811786572377	36.0	36.0	36.0	32.0	36.0
50	34.01875799026929	36.0	36.0	36.0	32.0	36.0
>>END_MODULE
>>Per sequence quality scores	pass
#Quality	Count
2	9.0
3	3.0
4	1.0
5	8.0
6	14.0
7	28.0
8	42.0
9	35.0
10	52.0
11	66.0
12	86.0
13	103.0
14	809.0
15	1790.0
16	3362.0
17	6057.0
18	9846.0
19	15199.0
20	23082.0
21	33282.0
22	47176.0
23	64908.0
24	88530.0
25	118529.0
26	156142.0
27	202706.0
28	257073.0
29	325431.0
30	410332.0
31	527048.0
32	709420.0
33	1043073.0
34	1953245.0
35	6749863.0
36	2771657.0
>>END_MODULE
>>Per base sequence content	pass
#Base	G	A	T	C
1	22.578206804574705	26.68412969381147	27.370617534251412	23.367045967362408
2	22.578289319746318	26.826477993464255	27.596549024945084	22.998683661844346
3	22.492568687163626	26.8428808419347	27.530762609581537	23.133787861320137
4	22.742949519697238	26.499366773591092	27.79735362854425	22.960330078167416
5	22.813178731777832	26.600067070879124	27.38175728796503	23.204996909378014
6	22.295496181966428	27.03410852273562	27.627570886176123	23.04282440912183
7	22.458038017623053	27.031053774438945	27.454121239428954	23.05678696850905
8	22.449321275220623	26.93863389177923	27.41598806862666	23.196056764373484
9	22.387578101508083	27.03800517950732	27.51453763945881	23.05987907952579
10	22.45420861826912	27.038537743311775	27.52460546670718	22.982648171711922
11	22.958716802388764	26.89755318732124	27.217059896440155	22.92667011384984
12	22.308460480290897	27.199077728884824	27.585368013318774	22.90709377750551
13	22.470118392196465	26.984972034024462	27.682771296385205	22.862138277393864
14	22.489115866417503	26.770689584729336	27.809642790075902	22.93055175877726
15	22.36975590328416	27.069428073732325	27.65454614585998	22.906269877123528
16	22.486549494149624	27.296535966312383	27.58694110029159	22.629973439246402
17	22.673183983840623	26.979181085937697	27.218756871306248	23.128878058915433
18	22.508127085742565	27.45160561699314	27.280025751479535	22.76024154578476
19	22.783886579534563	27.09877261608839	27.423845759962305	22.693495044414743
20	22.827458242639114	26.85196480455384	27.454479219770995	22.866097733036046
21	22.8090529484684	26.984340338941713	27.488762486054842	22.717844226535053
22	22.58104385137057	27.219247400400228	27.469478159775157	22.73023058845405
23	22.63310257141752	27.000578354135996	27.429658456962585	22.936660617483895
24	22.477557974554756	27.3285028522954	27.415610242892356	22.77832893025749
25	22.596361394173428	27.271007801708418	27.2569004313803	22.875730372737856
26	22.68239341802392	27.16981188832906	27.24174576723073	22.906048926416283
27	22.704485771869397	27.265298532125687	27.344850794263635	22.685364901741284
28	22.439470509029473	27.28695880549623	27.292160156637607	22.981410528836694
29	22.80091214885919	27.00987018187384	27.304441057566684	22.884776611700282
30	22.56198163960236	27.463020386292712	27.25273082386951	22.722267150235417
31	22.672002045957193	27.292386805619934	27.26170275636858	22.77390839205429
32	22.666474925900182	27.35519577531178	27.170352350289072	22.80797694849896
33	22.542659165942567	27.11532336585642	27.505790135767594	22.836227332433417
34	22.69205288958048	27.47433968455855	27.29279918624815	22.540808239612815
35	22.66413567336546	27.08723546443274	27.276905266794117	22.971723595407678
36	22.73451758618248	27.407405257601013	27.076239581553885	22.78183757466262
37	22.596535554678727	27.302491223732584	27.177183228819686	22.923789992769
38	22.63040747934808	27.243677958975198	27.15810990677468	22.96780465490204
39	22.550634744814758	27.346366144977424	27.226924035664858	22.87607507454296
40	22.60032171822868	27.294243864830086	27.39120624046724	22.71422817647399
41	22.862397768017075	27.20119733371444	27.18017336308356	22.756231535184927
42	22.735035192272473	27.352046385965807	27.266673103321594	22.64624531844013
43	22.719614331265134	27.507923438433778	27.13658285478995	22.635879375511138
44	22.78331175544667	27.20379884538671	27.059397022230662	22.95349237693595
45	22.67808353619879	27.427927297832067	27.17297533125918	22.72101383470996
46	22.669464021832123	27.687932913801543	26.977592564633973	22.66501049973236
47	22.765770954675173	27.370486039180662	27.059162856179462	22.8045801499647
48	22.765344489525923	27.772634557802068	27.283093409059855	22.178927543612147
49	22.939461487135993	27.907512207514273	27.395029449589536	21.757996855760197
50	22.986580330386424	27.653786798051982	27.386990572769665	21.97264229879193
>>END_MODULE
>>Per base GC content	pass
#Base	%GC
1	45.94525277193711
2	45.576972981590664
3	45.62635654848376
4	45.70327959786466
5	46.01817564115584
6	45.338320591088255
7	45.514824986132105
8	45.64537803959411
9	45.447457181033876
10	45.43685678998104
11	45.8853869162386
12	45.215554257796406
13	45.33225666959033
14	45.41966762519476
15	45.27602578040769
16	45.11652293339603
17	45.802062042756056
18	45.26836863152732
19	45.477381623949306
20	45.69355597567517
21	45.52689717500345
22	45.311274439824615
23	45.56976318890141
24	45.25588690481224
25	45.472091766911284
26	45.5884423444402
27	45.38985067361068
28	45.42088103786617
29	45.68568876055947
30	45.284248789837775
31	45.44591043801148
32	45.47445187439914
33	45.378886498375984
34	45.23286112919329
35	45.63585926877314
36	45.5163551608451
37	45.520325547447726
38	45.59821213425012
39	45.42670981935772
40	45.31454989470267
41	45.618629303202
42	45.3812805107126
43	45.355493706776265
44	45.73680413238262
45	45.399097370908756
46	45.33447452156448
47	45.57035110463987
48	44.94427203313807
49	44.69745834289619
50	44.959222629178356
>>END_MODULE
>>Per sequence GC content	pass
#GC Content	Count
0	6928.0
1	5715.5
2	4261.5
3	4364.5
4	4773.5
5	5437.5
6	6247.5
7	7227.0
8	8179.5
9	9738.0
10	11474.0
11	14504.0
12	17719.0
13	22563.0
14	28269.5
15	37147.5
16	46852.5
17	61080.0
18	76459.0
19	96142.0
20	116619.5
21	141000.0
22	166352.5
23	197693.0
24	231051.0
25	262722.5
26	299941.0
27	344629.5
28	393079.5
29	446938.0
30	501775.5
31	559676.0
32	620331.5
33	683027.5
34	746441.0
35	802577.0
36	854821.5
37	892362.0
38	922266.5
39	947159.5
40	969029.0
41	982234.5
42	993713.5
43	997739.0
44	997775.0
45	986621.0
46	974240.5
47	959742.5
48	943969.0
49	926662.5
50	908693.5
51	889387.5
52	866755.0
53	843542.0
54	820700.0
55	794092.0
56	764519.0
57	730227.0
58	694224.0
59	650540.0
60	604379.5
61	553198.5
62	502455.0
63	458370.0
64	405576.0
65	355658.5
66	309135.0
67	267198.5
68	225106.0
69	186428.0
70	153209.0
71	126163.5
72	102524.5
73	82089.5
74	63492.5
75	50183.0
76	40311.5
77	31397.5
78	23604.5
79	18016.0
80	13311.5
81	10001.5
82	7472.5
83	5699.0
84	4192.5
85	3264.0
86	2535.0
87	2093.0
88	1768.5
89	1504.0
90	1305.5
91	1196.5
92	1129.0
93	1077.5
94	1033.5
95	1005.0
96	984.5
97	1108.5
98	1653.5
99	6142.0
100	10217.0
>>END_MODULE
>>Per base N content	pass
#Base	N-Count
1	0.005722015590301621
2	0.006173075377825399
3	0.007887102570415748
4	0.015722655450828783
5	0.0070558638191219325
6	0.010277719444291764
7	0.007416711649140953
8	0.010297050578042784
9	0.01096075283682777
10	0.010451699648050936
11	0.006591916609097476
12	0.010703004386814182
13	0.01248146869190793
14	0.00944003698174761
15	0.011579349116860376
16	0.008860102969217038
17	0.01017462006428633
18	0.009356268735493192
19	0.006192406511576417
20	0.007758228345408955
21	0.010559486820565643
22	0.011665284030569259
23	0.009538818253326874
24	0.0065310013755433775
25	0.010838607589777354
26	0.014064364705257732
27	0.017760369541562838
28	0.018224421921928337
29	0.015587378100801939
30	0.014597543670598985
31	0.010642728577975538
32	0.011869208643313504
33	0.009190695169221004
34	0.009496712441892955
35	0.008440266351940007
36	0.005061787895024458
37	0.008141410199263385
38	0.00823316486052604
39	0.003945072038517008
40	0.006243970644427805
41	0.005327991574338906
42	0.004280929978439743
43	0.0023562282027170854
44	0.004733230381494174
45	0.0034334599342369042
46	0.0012295287044913538
47	0.0028147510389645025
48	9.436122682916463E-4
49	3.425489493190497E-4
50	6.096932621243483E-4
>>END_MODULE
>>Sequence Length Distribution	warn
#Length	Count
20	35300.0
21	36162.0
22	36831.0
23	37880.0
24	38761.0
25	40101.0
26	40911.0
27	42702.0
28	44242.0
29	47135.0
30	47659.0
31	49260.0
32	50399.0
33	50711.0
34	51754.0
35	52300.0
36	52872.0
37	55224.0
38	57613.0
39	61115.0
40	63025.0
41	67575.0
42	72074.0
43	84273.0
44	119185.0
45	194843.0
46	453267.0
47	924721.0
48	1809736.0
49	2436514.0
50	8364862.0
>>END_MODULE
>>Sequence Duplication Levels	warn
#Total Duplicate Percentage	28.595141461108046
#Duplication Level	Relative count
1	100.0
2	19.052349122915935
3	7.2518952327739035
4	3.4621194876145935
5	1.9569701108512854
6	1.1726645006863536
7	0.7822362022225441
8	0.5421848809055729
9	0.4014651408232105
10++	3.338644813718795
>>END_MODULE
>>Overrepresented sequences	pass
>>END_MODULE
>>Kmer Content	warn
#Sequence	Count	Obs/Exp Overall	Obs/Exp Max	Max Obs/Exp Position
AAAAA	4336525	4.2952332	5.3410497	46
TTTTT	3527010	3.3730588	4.202319	13
>>END_MODULE
