##FastQC	0.10.1
>>Basic Statistics	pass
#Measure	Value	
Filename	040-F5_S4_L003_R1_001.fastq.gz	
File type	Conventional base calls	
Encoding	Sanger / Illumina 1.9	
Total Sequences	18858272	
Filtered Sequences	0	
Sequence length	35-76	
%GC	44	
>>END_MODULE
>>Per base sequence quality	pass
#Base	Mean	Median	Lower Quartile	Upper Quartile	10th Percentile	90th Percentile
1	31.309321660012117	32.0	32.0	32.0	32.0	32.0
2	31.395837487125014	32.0	32.0	32.0	32.0	32.0
3	31.479561170822013	32.0	32.0	32.0	32.0	32.0
4	31.568801955979847	32.0	32.0	32.0	32.0	32.0
5	31.52795203081173	32.0	32.0	32.0	32.0	32.0
6	35.11554998252226	36.0	36.0	36.0	36.0	36.0
7	35.13403725431471	36.0	36.0	36.0	36.0	36.0
8	35.06125147627524	36.0	36.0	36.0	36.0	36.0
9	35.19031802065428	36.0	36.0	36.0	36.0	36.0
10-14	35.11930059127369	36.0	36.0	36.0	36.0	36.0
15-19	35.08870860490293	36.0	36.0	36.0	36.0	36.0
20-24	35.047535649077496	36.0	36.0	36.0	36.0	36.0
25-29	34.94462028122195	36.0	36.0	36.0	36.0	36.0
30-34	34.8564799786534	36.0	36.0	36.0	36.0	36.0
35-39	34.80500244617385	36.0	36.0	36.0	36.0	36.0
40-44	34.736543785714844	36.0	36.0	36.0	32.8	36.0
45-49	34.661292878403515	36.0	36.0	36.0	32.0	36.0
50-54	34.56035422103099	36.0	36.0	36.0	32.0	36.0
55-59	34.43812599871187	36.0	36.0	36.0	32.0	36.0
60-64	34.30122157887289	36.0	36.0	36.0	32.0	36.0
65-69	34.147973243379724	36.0	36.0	36.0	32.0	36.0
70-74	34.00753367193001	36.0	36.0	36.0	32.0	36.0
75-76	33.511444414623455	36.0	36.0	36.0	26.5	36.0
>>END_MODULE
>>Per sequence quality scores	pass
#Quality	Count
2	15961.0
3	0.0
4	0.0
5	0.0
6	0.0
7	0.0
8	0.0
9	0.0
10	0.0
11	0.0
12	0.0
13	0.0
14	5.0
15	11.0
16	24.0
17	42.0
18	125.0
19	501.0
20	2068.0
21	5951.0
22	12540.0
23	23412.0
24	41792.0
25	72118.0
26	115020.0
27	172439.0
28	244639.0
29	333351.0
30	439775.0
31	581168.0
32	792879.0
33	1222426.0
34	2692535.0
35	1.208949E7
>>END_MODULE
>>Per base sequence content	fail
#Base	G	A	T	C
1	42.91603084143978	18.870726632205574	11.450076373328091	26.763166153026557
2	15.922924741025662	20.6448508359723	36.15229044887328	27.279933974128756
3	18.700965078009805	22.153657266351246	28.579960281942064	30.56541737369689
4	12.869886289425963	15.618641471314215	35.93682855569044	35.57464368356939
5	14.487097681383137	35.562914761358094	34.37451488832765	15.57547266893111
6	33.90799240768671	35.819277337386474	16.412968506805065	13.859761748121748
7	30.213141052602303	29.920751228445386	20.715081074715304	19.151026644237003
8	26.06877150048102	35.1300750741244	20.035137940351373	18.76601548504321
9	24.441145957278696	15.702163450464774	20.31570654720218	39.54098404505436
10-14	23.543962073257166	23.48454284996499	28.89514933045716	24.076345746320687
15-19	21.768224648925155	28.9266552158843	26.929255136970216	22.37586499822033
20-24	21.89694781731642	27.625342002102986	28.144690774860997	22.333019405719593
25-29	21.475339496428752	27.788316193690115	28.239926904841013	22.496417405040123
30-34	21.531299526393575	27.815277816123274	28.449285710699474	22.204136946783677
35-39	21.47418597381477	28.1361466606789	28.316652915721303	22.073014449785028
40-44	21.694926688675153	28.001341376976864	28.368237715106176	21.93549421924181
45-49	21.618656594428	28.135451409143446	28.166846961316267	22.079045035112287
50-54	21.585861636419065	28.319286797378577	28.166172044186045	21.92867952201631
55-59	21.654584093122057	28.112743608791185	28.003295920476283	22.22937637761048
60-64	21.781960463712355	28.078777367086598	28.13511759042325	22.004144578777797
65-69	21.921916400982262	28.29465180766066	27.95330310014778	21.8301286912093
70-74	22.18555619208361	28.523994690940018	27.913072000128995	21.377377116847374
75-76	25.770636007758206	35.74838514987974	29.162932869371534	9.318045972990522
>>END_MODULE
>>Per base GC content	fail
#Base	%GC
1	69.67919699446634
2	43.20285871515442
3	49.26638245170669
4	48.44452997299535
5	30.06257035031425
6	47.76775415580846
7	49.36416769683931
8	44.834786985524225
9	63.98213000233305
10-14	47.62030781957785
15-19	44.144089647145485
20-24	44.22996722303601
25-29	43.97175690146888
30-34	43.73543647317725
35-39	43.5472004235998
40-44	43.630420907916964
45-49	43.69770162954028
50-54	43.51454115843538
55-59	43.88396047073254
60-64	43.786105042490156
65-69	43.75204509219156
70-74	43.56293330893099
75-76	35.088681980748724
>>END_MODULE
>>Per sequence GC content	fail
#GC Content	Count
0	15983.0
1	8005.0
2	45.0
3	92.5
4	121.5
5	185.0
6	334.5
7	613.5
8	809.5
9	1031.5
10	1734.5
11	3031.5
12	3862.0
13	4838.5
14	7465.0
15	11968.5
16	18735.5
17	23772.0
18	31983.5
19	47997.0
20	68015.5
21	82363.0
22	102647.5
23	139368.5
24	178399.5
25	203921.0
26	235404.0
27	287182.5
28	338821.0
29	373777.0
30	416589.5
31	485502.0
32	554321.5
33	600618.0
34	660425.0
35	751482.5
36	826252.0
37	866198.0
38	885940.5
39	890900.5
40	868961.5
41	838175.5
42	826102.0
43	816331.0
44	793544.5
45	767218.5
46	750821.0
47	733080.0
48	701900.0
49	669204.5
50	647930.5
51	628858.0
52	601366.5
53	576597.0
54	563072.0
55	549379.0
56	527379.5
57	506251.0
58	488084.5
59	461662.5
60	423587.0
61	379957.5
62	344555.0
63	310878.0
64	268535.5
65	231596.5
66	192636.0
67	163874.5
68	142794.5
69	116042.5
70	90212.0
71	73497.0
72	61564.0
73	48599.5
74	37173.5
75	29918.5
76	25249.5
77	20049.0
78	15118.0
79	12013.5
80	10144.0
81	7967.5
82	5729.5
83	4232.5
84	3293.5
85	2394.5
86	1625.5
87	1171.0
88	899.0
89	634.0
90	433.5
91	306.0
92	250.0
93	337.5
94	332.5
95	185.5
96	133.0
97	95.5
98	49.5
99	56.0
100	72.0
>>END_MODULE
>>Per base N content	pass
#Base	N-Count
1	0.08463659872972454
2	0.08463659872972454
3	0.08463659872972454
4	0.08463659872972454
5	0.08463659872972454
6	0.10190753426400892
7	0.08463659872972454
8	0.08463659872972454
9	0.0846525068680736
10-14	0.08601848568097861
15-19	0.08488476568796971
20-24	0.08556669455186562
25-29	0.08592197630832772
30-34	0.08709493637593095
35-39	0.025245888807742697
40-44	0.010015094787522539
45-49	0.010744082292448349
50-54	0.010848098233851265
55-59	0.0095053028810867
60-64	0.009159770258218269
65-69	0.007577276859725118
70-74	0.004723253336816789
75-76	4.381767766021072E-4
>>END_MODULE
>>Sequence Length Distribution	warn
#Length	Count
35	20568.0
36	7098.0
37	9547.0
38	10795.0
39	12463.0
40	13555.0
41	14734.0
42	16540.0
43	19150.0
44	21267.0
45	23067.0
46	23657.0
47	24497.0
48	24749.0
49	26265.0
50	26578.0
51	28071.0
52	29335.0
53	31784.0
54	34057.0
55	34986.0
56	36007.0
57	36886.0
58	37268.0
59	37516.0
60	39920.0
61	39613.0
62	41022.0
63	42038.0
64	46348.0
65	47596.0
66	48717.0
67	52037.0
68	48646.0
69	56359.0
70	56992.0
71	70834.0
72	139891.0
73	436604.0
74	1251662.0
75	3836462.0
76	1.2003091E7
>>END_MODULE
>>Sequence Duplication Levels	warn
#Total Duplicate Percentage	34.090218041646644
#Duplication Level	Relative count
1	100.0
2	22.313496138220458
3	9.271247228298883
4	4.872241320297037
5	2.8111374019673496
6	1.863178415703082
7	1.2805631203773977
8	0.91373126776493
9	0.6227956605205589
10++	4.867776835275384
>>END_MODULE
>>Overrepresented sequences	pass
>>END_MODULE
>>Kmer Content	warn
#Sequence	Count	Obs/Exp Overall	Obs/Exp Max	Max Obs/Exp Position
AAAAA	8655695	4.029646	7.571955	72
TTTTT	8134900	3.7179918	6.5127697	72
CCTGG	2867965	3.1527004	12.507638	3
CCAGG	2747760	3.0317223	14.110794	3
CCCAG	2563300	2.81623	12.255747	2
CTGGG	2509595	2.7704766	10.660404	4
CCAGC	2459065	2.7017097	7.178211	3
AGAAA	4517995	2.6152794	5.214681	48
TTTCT	4551315	2.5849984	5.2177043	16
CCTCC	2368455	2.581607	5.1563363	1
GGAGG	2309560	2.5699449	5.931559	6
CAGCA	2865860	2.5430694	6.7934966	4
GCTGG	2301940	2.541235	6.3183136	3
GAAAA	4285680	2.480802	5.235359	24
TCCAG	2802980	2.478115	9.702413	2
TGCTG	2782955	2.4617722	6.3272724	2
CAGCC	2199550	2.4165876	6.342276	5
GCTGC	2116500	2.326629	5.851065	8
CTCCA	2629680	2.315061	7.0394297	1
AGCAG	2580970	2.3000019	5.5297513	7
CAGGA	2579830	2.298986	10.151001	4
GGCTG	2081720	2.2981224	8.580987	7
AGGAG	2561410	2.2922726	7.375293	5
CTGGA	2577435	2.288396	8.635272	4
CTGCT	2581235	2.2736692	6.5315866	9
CTCCT	2573675	2.2574155	6.342869	1
GGCAG	2032220	2.2517662	6.5540614	7
CCTGC	2030180	2.2222939	6.402213	3
TCCTG	2517795	2.2177885	8.589721	2
CTGCC	2008665	2.1987429	5.9350357	9
GCCTG	1992790	2.1906369	8.332883	7
CAGAG	2454860	2.1876204	8.095563	4
GCAGG	1971085	2.1840265	6.5567174	3
CCCTG	1961975	2.1476347	8.977519	2
CTGCA	2422800	2.141998	6.40599	4
CTCTG	2399440	2.113536	7.1615133	2
TGCAG	2358995	2.0944521	6.3071795	2
CAGGG	1881720	2.0850074	9.523029	4
GCCAG	1870875	2.064217	5.7905283	2
GAGAA	2851750	2.052538	5.064414	47
TGGAG	2294660	2.045991	6.2482433	5
CTGGC	1860455	2.0451634	5.660015	4
CAGGC	1835485	2.02517	6.3688436	4
AGCTG	2278730	2.0231884	5.9656434	7
GGGAG	1783550	1.9846313	5.5190287	7
GGAGA	2216130	1.9832724	5.4898906	6
CCCCA	1794445	1.9631653	7.2313643	1
CAGAA	2733925	1.959406	5.3195324	4
CACAG	2188400	1.9419138	6.9321604	7
CTCAG	2142840	1.8944852	6.039444	2
CTGTG	2137910	1.8911723	8.696673	9
CTGAG	2113255	1.87627	5.758933	4
GGCCA	1691330	1.8661174	6.679778	1
CAGTG	2095550	1.8605505	7.3919315	7
CCAGA	2094255	1.8583727	6.9747896	3
TGGGG	1643345	1.8218873	6.0128355	5
CCTCT	2061440	1.8081251	5.429728	1
CACTG	2044030	1.8071274	7.425728	7
TCTGG	2032755	1.7981533	6.07301	3
ACCTG	2010585	1.7775586	5.4029355	7
TGGCC	1608325	1.7680017	5.915581	5
AGAGG	1963045	1.75678	5.179664	5
GCCCA	1551290	1.7043613	7.9802613	1
CCTGA	1900585	1.6803076	5.4440017	3
GAGAG	1868860	1.6724916	5.3077106	7
ACAGA	2305350	1.652246	5.748854	8
TCAGG	1833070	1.6275057	5.7060785	3
TGGGC	1470315	1.6231595	6.5372458	5
GGGCC	1180945	1.620122	5.5924807	6
GGCCT	1457380	1.6020707	5.504314	6
CCTGT	1779555	1.5675131	5.565473	8
AGGCC	1418100	1.5646511	5.096396	5
AGGTG	1752440	1.5625308	5.136802	7
GTGTG	1755600	1.5595855	7.8087387	9
AGCCT	1762150	1.5579171	5.864173	6
CACAC	1724200	1.5235229	6.961145	5
ACACA	2087265	1.4896129	6.2416315	6
AGTGG	1636260	1.4589409	5.3346534	8
AGGCT	1624755	1.4425516	5.063079	6
TGTGT	2025155	1.4415601	6.141754	10
CTGTC	1631220	1.4368528	5.94119	9
GACAG	1603760	1.4291723	7.05296	7
ACAGC	1610010	1.4286697	5.4463444	8
GGGCT	1282050	1.4153239	6.1584916	6
GCCCT	1291885	1.4141347	5.887601	1
GCTGT	1585240	1.4022863	5.175372	8
GTCCT	1579705	1.3914762	10.556299	1
AGAGC	1523095	1.3572885	5.048818	5
AGGGC	1214960	1.3462154	5.852609	5
ATGGC	1512590	1.3429649	6.0232816	17
AGGAC	1489815	1.3276315	11.605942	5
AGACA	1846930	1.3236959	5.4223733	6
GGACA	1460670	1.3016592	6.559108	6
ACTGC	1383560	1.2232057	5.1756244	8
TGTGC	1353905	1.1976498	6.7291503	10
GTCCA	1335540	1.1807512	6.6785793	1
GTGCT	1332090	1.1783525	5.471308	1
AGCAC	1272770	1.129414	5.507252	5
TACAG	1566845	1.1188248	5.4078546	5
TGGAC	1243935	1.1044375	5.895291	5
GTGCA	1239900	1.1008549	5.70228	1
CTGTA	1519350	1.0809164	5.4784703	1
TGCAC	1210150	1.0698938	5.4564586	5
ACAGT	1467990	1.0482363	5.3454084	8
GGACC	946875	1.044728	6.495955	6
ACTGT	1438575	1.0234504	6.0338554	8
GACTG	1146810	1.0182043	6.1345086	7
AGACT	1371880	0.9796076	5.5727067	6
AGTGT	1357570	0.9699256	5.2987914	8
CTACA	1315785	0.9355759	5.8899007	4
GGACT	1050200	0.9324283	5.339252	6
TGTAG	1301525	0.92988396	6.397633	2
TAGGA	1208745	0.86678755	7.095454	4
TCCTA	1196295	0.8474822	6.448402	2
CCTAC	884865	0.7789984	5.4463897	3
GTAGG	870935	0.77655303	6.1122484	3
GTGTA	914245	0.6531889	5.352039	1
GGACG	543595	0.602321	5.4427443	6
>>END_MODULE
