##FastQC	0.10.1
>>Basic Statistics	pass
#Measure	Value	
Filename	KS28_S3_L002_R1_001_trimmed.fq.gz	
File type	Conventional base calls	
Encoding	Sanger / Illumina 1.9	
Total Sequences	23021108	
Filtered Sequences	0	
Sequence length	20-50	
%GC	44	
>>END_MODULE
>>Per base sequence quality	pass
#Base	Mean	Median	Lower Quartile	Upper Quartile	10th Percentile	90th Percentile
1	35.294246002407874	36.0	36.0	36.0	36.0	36.0
2	35.28329118650588	36.0	36.0	36.0	36.0	36.0
3	35.26698341365672	36.0	36.0	36.0	36.0	36.0
4	35.25658856211439	36.0	36.0	36.0	36.0	36.0
5	35.238563626042676	36.0	36.0	36.0	36.0	36.0
6	35.20982500060379	36.0	36.0	36.0	36.0	36.0
7	35.193638942139536	36.0	36.0	36.0	36.0	36.0
8	35.18647469096622	36.0	36.0	36.0	36.0	36.0
9	35.17044557542582	36.0	36.0	36.0	36.0	36.0
10	35.153194277182486	36.0	36.0	36.0	36.0	36.0
11	35.14125571193185	36.0	36.0	36.0	36.0	36.0
12	35.12606725966448	36.0	36.0	36.0	36.0	36.0
13	35.1133812064997	36.0	36.0	36.0	36.0	36.0
14	35.110958560291714	36.0	36.0	36.0	36.0	36.0
15	35.084984745304176	36.0	36.0	36.0	36.0	36.0
16	35.07471195565392	36.0	36.0	36.0	36.0	36.0
17	35.06638498894145	36.0	36.0	36.0	36.0	36.0
18	35.04798835051727	36.0	36.0	36.0	36.0	36.0
19	35.04239682990063	36.0	36.0	36.0	36.0	36.0
20	35.02945622773674	36.0	36.0	36.0	36.0	36.0
21	35.0126548856829	36.0	36.0	36.0	36.0	36.0
22	35.00425035812615	36.0	36.0	36.0	36.0	36.0
23	34.996022888677935	36.0	36.0	36.0	36.0	36.0
24	34.98218507206614	36.0	36.0	36.0	36.0	36.0
25	34.97444696379827	36.0	36.0	36.0	36.0	36.0
26	34.9584360576926	36.0	36.0	36.0	36.0	36.0
27	34.947257970127104	36.0	36.0	36.0	36.0	36.0
28	34.93182344500252	36.0	36.0	36.0	36.0	36.0
29	34.913369824545676	36.0	36.0	36.0	36.0	36.0
30	34.89900052739889	36.0	36.0	36.0	36.0	36.0
31	34.886375050737584	36.0	36.0	36.0	36.0	36.0
32	34.8660995362649	36.0	36.0	36.0	36.0	36.0
33	34.840732605854654	36.0	36.0	36.0	36.0	36.0
34	34.82604696627698	36.0	36.0	36.0	36.0	36.0
35	34.80611424367918	36.0	36.0	36.0	36.0	36.0
36	34.7856048925506	36.0	36.0	36.0	36.0	36.0
37	34.77293416164442	36.0	36.0	36.0	36.0	36.0
38	34.75974636112392	36.0	36.0	36.0	36.0	36.0
39	34.728978751066826	36.0	36.0	36.0	32.0	36.0
40	34.69985278965208	36.0	36.0	36.0	32.0	36.0
41	34.69311823984036	36.0	36.0	36.0	32.0	36.0
42	34.67470381772586	36.0	36.0	36.0	32.0	36.0
43	34.64574340198464	36.0	36.0	36.0	32.0	36.0
44	34.629245037918324	36.0	36.0	36.0	32.0	36.0
45	34.6168641882301	36.0	36.0	36.0	32.0	36.0
46	34.60636239637394	36.0	36.0	36.0	32.0	36.0
47	34.609514914798126	36.0	36.0	36.0	32.0	36.0
48	34.62368603508889	36.0	36.0	36.0	32.0	36.0
49	34.683158253744686	36.0	36.0	36.0	32.0	36.0
50	34.77580490762938	36.0	36.0	36.0	32.0	36.0
>>END_MODULE
>>Per sequence quality scores	pass
#Quality	Count
8	4.0
9	2.0
10	4.0
11	7.0
12	22.0
13	18.0
14	49.0
15	106.0
16	244.0
17	540.0
18	1311.0
19	3170.0
20	6621.0
21	12631.0
22	21147.0
23	34193.0
24	52786.0
25	79443.0
26	116405.0
27	163204.0
28	220782.0
29	291689.0
30	381683.0
31	500368.0
32	687545.0
33	1046954.0
34	2108524.0
35	1.0565349E7
36	6726307.0
>>END_MODULE
>>Per base sequence content	pass
#Base	G	A	T	C
1	22.190103785900952	27.18117152452586	27.77535825261806	22.853366436955124
2	22.035647187049147	27.083646181706335	28.057708866985507	22.82299776425901
3	22.124995840746507	27.148214248946545	27.82148336311634	22.905306547190605
4	22.13030084442024	27.02668198369472	28.05997323661238	22.78304393527267
5	22.321638435648538	27.01359207747312	27.708875224649738	22.955894262228608
6	21.91860006226575	27.30735897865054	27.877650535186167	22.89639042389754
7	21.8723997651337	27.32879288026888	28.00745431612001	22.791353038477403
8	22.068993378501826	27.170279320969552	27.98547119150912	22.775256109019494
9	21.752131513401665	27.379442442991458	28.137805706896522	22.730620336710352
10	21.9822000097131	27.455196164177764	27.92440481863483	22.63819900747431
11	22.278790421086146	27.503235476716014	27.74347160493677	22.47450249726107
12	21.77699920088089	27.534297048854345	28.090496286155187	22.598207464109578
13	21.878470795648806	27.35159771129992	28.165840261149157	22.604091231902117
14	21.894583320373716	27.103363181285605	28.361760795766227	22.64029270257445
15	21.806940482889033	27.36008879135942	28.176811685371078	22.656159040380466
16	21.964511658445588	27.779246594962707	27.970125735481368	22.28611601111034
17	22.065831145075602	27.518861097540242	27.857523721414683	22.557784035969476
18	21.95797400408985	27.788275387757146	27.856920271884313	22.3968303362687
19	21.968816062257535	27.656564251519335	28.056946901361236	22.3176727848619
20	21.952377911490093	27.450651771514412	28.020171532309245	22.576798784686247
21	22.00342072316893	27.580609827094836	28.046199804891568	22.369769644844663
22	21.887458288288535	27.62215107286779	28.10229392497019	22.388096713873484
23	22.029221055605333	27.366035037172825	28.00275034609015	22.601993561131692
24	21.93904073118457	27.699448865333153	28.049003847828384	22.31250655565389
25	21.960812156760095	27.66780426157176	27.966530862949483	22.40485271871866
26	22.094498785323662	27.747018199302076	27.827011581929597	22.331471433444662
27	21.880998047071262	27.826237400988262	27.992520326624053	22.300244225316423
28	21.845806173921172	27.705714206494715	27.95728508126635	22.491194538317764
29	21.97533257387493	27.62131568770167	28.065345818430252	22.33800591999315
30	21.973822820979596	27.68926986034487	27.98716796527161	22.349739353403926
31	22.039602881358253	27.72003823699849	27.911609319943715	22.328749561699542
32	22.00411470608571	27.660148786914608	27.919984270711044	22.41575223628864
33	21.935870281441975	27.62510479624865	28.027348225432597	22.41167669687678
34	22.07301250619497	27.84384110133248	27.91547491638575	22.1676714760868
35	22.04645053110671	27.70754728544039	27.847388087898572	22.398614095554326
36	22.17252059630414	27.8299693166787	27.785181786162916	22.212328300854242
37	21.93818801162673	27.74186127358562	27.959972917181673	22.359977797605975
38	21.923187546513734	27.567853550520415	28.02776372088436	22.481195182081496
39	21.830242618803283	27.749438326355993	28.033491078338457	22.38682797650227
40	21.994336423681986	27.77116916660789	27.98478804405857	22.24970636565156
41	22.136574362866003	27.799240167912675	27.84183767812513	22.222347791096187
42	22.072149097507747	27.89397256175353	27.803602087832985	22.230276252905735
43	22.045382302371916	27.896974520621203	27.85115484045204	22.206488336554845
44	22.079081835513602	27.641215883389027	27.85634012370831	22.423362157389064
45	21.917125846230633	27.71188131398159	28.0124532162616	22.358539623526173
46	21.994862502059203	27.808301569538568	27.835595521446955	22.361240406955275
47	21.971145378110922	27.84140501796935	27.913904396452715	22.273545207467016
48	21.980755257038638	28.206444564128198	27.989249534342463	21.823550644490705
49	22.070210988906986	28.542917263091404	28.10861641767041	21.2782553303312
50	21.767014356462013	28.484187344556023	28.316612004299003	21.432186294682964
>>END_MODULE
>>Per base GC content	pass
#Base	%GC
1	45.04347022285607
2	44.85864495130816
3	45.03030238793711
4	44.913344779692906
5	45.27753269787714
6	44.81499048616329
7	44.663752803611104
8	44.844249487521324
9	44.48275185011202
10	44.62039901718741
11	44.75329291834721
12	44.37520666499047
13	44.48256202755093
14	44.53487602294817
15	44.4630995232695
16	44.250627669555925
17	44.623615181045075
18	44.35480434035855
19	44.28648884711943
20	44.52917669617634
21	44.373190368013596
22	44.27555500216202
23	44.631214616737026
24	44.25154728683846
25	44.36566487547876
26	44.42597021876832
27	44.181242272387685
28	44.33700071223894
29	44.31333849386807
30	44.323562174383525
31	44.368352443057795
32	44.41986694237435
33	44.34754697831875
34	44.24068398228177
35	44.445064626661036
36	44.38484889715838
37	44.29816580923271
38	44.40438272859522
39	44.21707059530555
40	44.24404278933354
41	44.35892215396219
42	44.30242535041348
43	44.25187063892676
44	44.50244399290266
45	44.27566546975681
46	44.356102909014474
47	44.24469058557794
48	43.80430590152934
49	43.348466319238184
50	43.19920065114498
>>END_MODULE
>>Per sequence GC content	warn
#GC Content	Count
0	4872.0
1	4651.5
2	3751.5
3	3321.5
4	3676.5
5	4565.5
6	5519.0
7	6871.5
8	8277.0
9	11030.0
10	13978.5
11	19529.5
12	25363.5
13	34894.5
14	45919.0
15	63740.5
16	82959.0
17	110196.5
18	138702.5
19	176061.5
20	214685.0
21	261659.0
22	310255.0
23	369075.5
24	430062.5
25	487105.5
26	552237.0
27	623496.5
28	697588.0
29	775521.0
30	854245.5
31	933743.5
32	1016134.5
33	1096271.0
34	1177094.5
35	1246179.0
36	1310584.5
37	1362705.0
38	1402989.5
39	1425582.0
40	1446142.0
41	1450255.5
42	1449849.5
43	1433363.5
44	1412095.0
45	1378124.5
46	1342638.5
47	1303676.5
48	1263946.5
49	1225807.5
50	1187902.5
51	1153808.5
52	1118181.0
53	1082579.5
54	1048820.0
55	1015623.0
56	978505.0
57	934157.0
58	886623.5
59	829196.0
60	771038.5
61	707657.5
62	641613.5
63	586108.5
64	522062.5
65	462093.0
66	404530.5
67	352597.5
68	301103.5
69	255664.5
70	216025.0
71	181633.5
72	151040.0
73	124746.0
74	100360.5
75	82322.5
76	68709.5
77	56005.5
78	44452.5
79	35936.0
80	28673.5
81	23075.0
82	18283.5
83	14704.5
84	11476.0
85	8953.0
86	6776.0
87	5202.0
88	4116.0
89	3192.0
90	2338.0
91	1851.0
92	1508.0
93	1273.5
94	1053.5
95	916.0
96	781.5
97	684.5
98	614.0
99	831.0
100	1042.0
>>END_MODULE
>>Per base N content	pass
#Base	N-Count
1	2.6931805367491434E-4
2	4.561031554171937E-4
3	6.515759363102766E-4
4	4.604469949925955E-4
5	0.0011771805249338998
6	0.0018548194986965872
7	0.0015246876909660474
8	0.002771369649106377
9	0.002649742140995125
10	0.0028061203657095916
11	0.009074280873014453
12	0.0033013180773054014
13	0.013687438502091212
14	0.003822578826353623
15	0.011519862553965692
16	0.007949226422985376
17	0.008835369696367352
18	0.01147208031863627
19	0.007076114668329604
20	0.006680825266968036
21	0.014349135639540671
22	0.009826990161264431
23	0.015664294746475044
24	0.012352626843831078
25	0.007426509499107445
26	0.009789784562762383
27	0.009401135440480764
28	0.013354336460014651
29	0.015919474857800396
30	0.03328011436265448
31	0.015936854786037527
32	0.017896945129810826
33	0.020148134076993836
34	0.014101964201527678
35	0.012938383626028078
36	0.015255011620028382
37	0.014877775494102593
38	0.015576118530411144
39	0.02553024804637524
40	0.025577087476658687
41	0.019879927727632623
42	0.013246459380079963
43	0.019135525393230803
44	0.014535730123676892
45	0.012418003034781706
46	0.005330352819370384
47	0.01104692646584917
48	0.007538613404002492
49	0.0068577236083650055
50	0.01994102988753245
>>END_MODULE
>>Sequence Length Distribution	warn
#Length	Count
20	16238.0
21	17160.0
22	18275.0
23	18851.0
24	19219.0
25	19727.0
26	20786.0
27	21876.0
28	22745.0
29	24795.0
30	25219.0
31	26968.0
32	27689.0
33	28412.0
34	28707.0
35	29591.0
36	30500.0
37	32072.0
38	34722.0
39	37400.0
40	40195.0
41	43777.0
42	48505.0
43	63379.0
44	106557.0
45	211695.0
46	588326.0
47	1294658.0
48	2624546.0
49	3547383.0
50	1.3951135E7
>>END_MODULE
>>Sequence Duplication Levels	warn
#Total Duplicate Percentage	36.429284098430294
#Duplication Level	Relative count
1	100.0
2	23.263457235206364
3	10.478306812531079
4	5.9174540029835905
5	3.6160492292391844
6	2.3604549975136746
7	1.673607657881651
8	1.219853306812531
9	0.923825211337643
10++	5.942317255096967
>>END_MODULE
>>Overrepresented sequences	pass
>>END_MODULE
>>Kmer Content	warn
#Sequence	Count	Obs/Exp Overall	Obs/Exp Max	Max Obs/Exp Position
AAAAA	6544240	3.9638386	4.847575	46
TTTTT	6004560	3.4017303	3.8938644	46
CCTGG	2144765	3.0557363	3.782933	9
>>END_MODULE
