##FastQC	0.10.1
>>Basic Statistics	pass
#Measure	Value	
Filename	030-F0_S1_L004_R1_001_trimmed.fq.gz	
File type	Conventional base calls	
Encoding	Sanger / Illumina 1.9	
Total Sequences	17307831	
Filtered Sequences	0	
Sequence length	20-51	
%GC	43	
>>END_MODULE
>>Per base sequence quality	pass
#Base	Mean	Median	Lower Quartile	Upper Quartile	10th Percentile	90th Percentile
1	35.10193044986399	36.0	36.0	36.0	36.0	36.0
2	35.08419148534556	36.0	36.0	36.0	36.0	36.0
3	35.06561186089696	36.0	36.0	36.0	36.0	36.0
4	35.0581703738614	36.0	36.0	36.0	36.0	36.0
5	35.030017163906905	36.0	36.0	36.0	36.0	36.0
6	34.98967022499815	36.0	36.0	36.0	36.0	36.0
7	34.96527230939567	36.0	36.0	36.0	36.0	36.0
8	34.94990377477109	36.0	36.0	36.0	36.0	36.0
9	34.93650752656413	36.0	36.0	36.0	36.0	36.0
10	34.8995373250409	36.0	36.0	36.0	36.0	36.0
11	34.90276453473575	36.0	36.0	36.0	36.0	36.0
12	34.87564813869514	36.0	36.0	36.0	36.0	36.0
13	34.870875616938946	36.0	36.0	36.0	36.0	36.0
14	34.8575317727565	36.0	36.0	36.0	36.0	36.0
15	34.8429074099464	36.0	36.0	36.0	36.0	36.0
16	34.82252155108286	36.0	36.0	36.0	36.0	36.0
17	34.803232305654014	36.0	36.0	36.0	36.0	36.0
18	34.79164408295875	36.0	36.0	36.0	36.0	36.0
19	34.7528708247729	36.0	36.0	36.0	32.0	36.0
20	34.76126084198534	36.0	36.0	36.0	32.0	36.0
21	34.7398957741495	36.0	36.0	36.0	32.0	36.0
22	34.73404027736197	36.0	36.0	36.0	32.0	36.0
23	34.721653929100036	36.0	36.0	36.0	32.0	36.0
24	34.70381632316653	36.0	36.0	36.0	32.0	36.0
25	34.69757447714162	36.0	36.0	36.0	32.0	36.0
26	34.67063526875425	36.0	36.0	36.0	32.0	36.0
27	34.66231412911082	36.0	36.0	36.0	32.0	36.0
28	34.647952330280845	36.0	36.0	36.0	32.0	36.0
29	34.63297662583401	36.0	36.0	36.0	32.0	36.0
30	34.620811089619295	36.0	36.0	36.0	32.0	36.0
31	34.601368552184134	36.0	36.0	36.0	32.0	36.0
32	34.58978427376637	36.0	36.0	36.0	32.0	36.0
33	34.53215431783093	36.0	36.0	36.0	32.0	36.0
34	34.530908912095995	36.0	36.0	36.0	32.0	36.0
35	34.488808170511916	36.0	36.0	36.0	32.0	36.0
36	34.4684527359252	36.0	36.0	36.0	32.0	36.0
37	34.46399835093154	36.0	36.0	36.0	32.0	36.0
38	34.43624246639897	36.0	36.0	36.0	32.0	36.0
39	34.412334351069504	36.0	36.0	36.0	32.0	36.0
40	34.40090915758065	36.0	36.0	36.0	32.0	36.0
41	34.381114623913625	36.0	36.0	36.0	32.0	36.0
42	34.340844263958125	36.0	36.0	36.0	32.0	36.0
43	34.33301856823894	36.0	36.0	36.0	32.0	36.0
44	34.30550279360226	36.0	36.0	36.0	32.0	36.0
45	34.294349778516455	36.0	36.0	36.0	32.0	36.0
46	34.25897841949388	36.0	36.0	36.0	32.0	36.0
47	34.27977944969702	36.0	36.0	36.0	32.0	36.0
48	34.248884633087044	36.0	36.0	36.0	32.0	36.0
49	34.30559458486542	36.0	36.0	36.0	32.0	36.0
50	34.36142429471818	36.0	36.0	36.0	32.0	36.0
51	34.46834802274037	36.0	36.0	36.0	32.0	36.0
>>END_MODULE
>>Per sequence quality scores	pass
#Quality	Count
6	1.0
7	2.0
8	0.0
9	8.0
10	15.0
11	22.0
12	41.0
13	35.0
14	63.0
15	191.0
16	481.0
17	1134.0
18	2624.0
19	5085.0
20	9310.0
21	15848.0
22	25966.0
23	38321.0
24	56813.0
25	82381.0
26	117625.0
27	161521.0
28	217947.0
29	287045.0
30	371706.0
31	485913.0
32	656780.0
33	971592.0
34	1867170.0
35	7794116.0
36	4138075.0
>>END_MODULE
>>Per base sequence content	pass
#Base	G	A	T	C
1	21.546594039517878	27.52587119732009	27.547000446793785	23.380534316368244
2	21.849902229120584	28.642129923759285	27.819351169287028	21.68861667783311
3	21.143363338663104	28.460364780901852	28.32806037781548	22.068211502619565
4	22.249881251513425	27.137540647631507	28.98656190645618	21.626016194398883
5	21.69599880006353	27.81890458072626	28.446600544975	22.038496074235205
6	20.836769659977282	28.670369521680666	28.609778084076442	21.88308273426561
7	21.07553376942446	28.546633001370118	28.362114835301	22.015718393904425
8	20.89630696082112	28.505639300836012	27.890517957327752	22.707535781015114
9	21.431875204071595	28.05694838961188	27.925874553122576	22.58530185319395
10	21.042757591042534	28.05071422504719	28.674626189580625	22.231901994329647
11	22.472118504826273	27.617383430381153	27.921680187724974	21.9888178770676
12	21.06363127707906	28.60286305733441	28.421810191237956	21.911695474348573
13	21.000937394049167	28.44791604314324	28.96392766257697	21.587218900230628
14	21.210864360291378	28.150086892971295	29.065363761320413	21.57368498541691
15	21.006113035101475	28.59685979195018	28.726642469380508	21.670384703567834
16	20.942332200110886	28.514816014348693	29.200857154166115	21.341994631374302
17	21.153174766891382	28.01253993485613	27.962442600415688	22.8718426978368
18	21.187719829318873	29.24813252153347	27.918384888610564	21.64576276053709
19	21.94277395436926	28.03395083522064	28.403540143323987	21.61973506708611
20	22.401364943886108	27.589803113847577	28.55711602907093	21.451715913195386
21	22.3153355483266	27.601498014609692	28.601388036721037	21.48177840034267
22	21.376026542019986	28.713188066179946	28.661664912216107	21.249120479583965
23	21.132974077428663	28.551986263291525	28.779539270072686	21.535500389207126
24	20.86012904304038	28.794260274312183	28.552020890266398	21.79358979238104
25	21.13709311933767	28.873073905526187	28.118615367807863	21.87121760732828
26	21.275202812639	27.931032166433557	28.485569249523873	22.30819577140357
27	22.18777744687068	28.021730060349963	28.241966683898813	21.548525808880548
28	20.933234840995755	28.595612586325963	28.31059950465252	22.160553068025756
29	22.076866947468883	27.77751096478917	28.156713291403655	21.98890879633829
30	21.123496352260464	29.25819504701265	27.888329773166575	21.729978827560316
31	21.23667859062351	28.618890576970724	28.43321404650544	21.711216785900326
32	21.25300259776011	29.05601962883693	27.98552593596535	21.70545183743762
33	21.13672494609237	27.807897029453667	29.09216645416382	21.96321157029014
34	21.33394103868793	28.927743396711726	28.531403203968704	21.206912360631648
35	21.192639780021615	27.588627381161775	28.893507196308477	22.32522564250814
36	21.595500629732914	28.32422661235189	27.88644651773237	22.193826240182823
37	21.274757647286595	28.30526680462176	27.961998474803355	22.457977073288287
38	21.57301841364679	28.53584931797683	27.603931175814267	22.287201092562114
39	21.564859704631218	28.396483935695294	27.773620238013464	22.265036121660025
40	21.122130796409998	27.988918983844556	28.98401852986623	21.904931689879213
41	21.72849557819244	27.84445655237566	28.442442783638526	21.984605085793373
42	21.84660692031085	27.654065058273762	28.74643784182827	21.752890179587116
43	21.566391036792375	28.659120692165622	28.16476484607898	21.609723424963022
44	21.610148876880206	28.068541868735856	27.948528936307792	22.372780318076146
45	21.86231657047619	28.57919586329354	27.931801550026687	21.626686016203585
46	21.52360837515987	29.732709255839968	27.432832786766664	21.310849582233494
47	21.925361791747147	27.995992355789745	27.761569403166202	22.317076449296902
48	21.87271578767648	28.637248875918225	28.410928526076702	21.07910681032859
49	22.204578435758652	28.153330853487386	28.57308294406739	21.069007766686575
50	23.07772555739817	28.08509248706656	28.19095634696904	20.646225608566233
51	21.741288536845516	29.553289823920593	28.118262935239123	20.587158703994767
>>END_MODULE
>>Per base GC content	pass
#Base	%GC
1	44.927128355886126
2	43.53851890695369
3	43.211574841282676
4	43.87589744591231
5	43.73449487429874
6	42.7198523942429
7	43.09125216332888
8	43.60384274183623
9	44.01717705726554
10	43.274659585372184
11	44.46093638189387
12	42.97532675142763
13	42.58815629427979
14	42.78454934570829
15	42.67649773866931
16	42.28432683148519
17	44.02501746472819
18	42.83348258985596
19	43.56250902145538
20	43.853080857081494
21	43.79711394866927
22	42.62514702160395
23	42.66847446663579
24	42.653718835421415
25	43.00831072666595
26	43.58339858404257
27	43.73630325575123
28	43.093787909021515
29	44.06577574380717
30	42.853475179820784
31	42.94789537652384
32	42.95845443519772
33	43.09993651638251
34	42.54085339931958
35	43.51786542252975
36	43.78932686991573
37	43.73273472057488
38	43.8602195062089
39	43.82989582629124
40	43.02706248628921
41	43.71310066398581
42	43.59949709989797
43	43.1761144617554
44	43.982929194956355
45	43.489002586679774
46	42.83445795739337
47	44.24243824104405
48	42.95182259800507
49	43.27358620244522
50	43.7239511659644
51	42.32844724084028
>>END_MODULE
>>Per sequence GC content	warn
#GC Content	Count
0	10261.0
1	9226.5
2	6663.5
3	5698.0
4	6308.5
5	7236.5
6	8255.5
7	9616.5
8	11017.5
9	13689.0
10	16456.0
11	20467.0
12	24576.0
13	31669.5
14	39286.5
15	51064.5
16	63265.0
17	81235.5
18	100001.5
19	125096.0
20	150618.5
21	180818.5
22	211813.5
23	250443.5
24	290656.5
25	332024.0
26	412671.5
27	468985.0
28	541958.5
29	619118.0
30	703912.5
31	790133.5
32	884217.0
33	979213.5
34	1056827.0
35	1127271.0
36	1148788.5
37	1162190.0
38	1148465.0
39	1134195.0
40	1118031.5
41	1100741.0
42	1093218.0
43	1082105.0
44	1057710.0
45	1032786.5
46	1007039.0
47	980102.5
48	955443.5
49	930286.0
50	903289.0
51	874396.0
52	840295.5
53	803583.5
54	767455.5
55	730941.0
56	691198.5
57	649071.0
58	606004.0
59	560166.0
60	511365.0
61	461030.0
62	414056.0
63	370528.0
64	326372.5
65	284683.5
66	249767.0
67	216329.5
68	182322.0
69	147603.0
70	122046.5
71	100138.0
72	83372.0
73	67923.5
74	55333.0
75	41442.5
76	34653.0
77	28863.0
78	23428.5
79	19030.0
80	14977.5
81	12345.5
82	10115.5
83	8369.5
84	6617.5
85	5284.5
86	4114.0
87	3367.0
88	2657.5
89	2139.5
90	1690.0
91	1383.5
92	1096.0
93	902.0
94	736.5
95	648.0
96	556.5
97	481.5
98	423.5
99	567.0
100	710.0
>>END_MODULE
>>Per base N content	pass
#Base	N-Count
1	4.044412035222669E-4
2	1.0977689809890101E-4
3	9.822143514112197E-5
4	0.0013982110178912656
5	0.0014328774067646026
6	6.066618052834004E-4
7	0.0034204170355026
8	0.0010919912495101207
9	0.004575963331280505
10	0.0015079879159901664
11	0.0022186488878935787
12	0.0010342139347212253
13	0.0015888761566946199
14	0.00856837578319317
15	0.0069737218950196595
16	0.009972364532563322
17	0.00878792957939097
18	0.0054195121271983756
19	0.010775469208128968
20	0.0076959383298808495
21	0.01295834652655833
22	0.012644360800603128
23	0.012004992961949457
24	0.009920658587429717
25	0.006989341050871619
26	0.009420915647586032
27	0.016649892899344463
28	0.011436284762786821
29	0.009404518247968814
30	0.007005724071337951
31	0.01030150204641937
32	0.013738487650698478
33	0.019991263693080488
34	0.013162570364832994
35	0.010077028375073205
36	0.009238702198847048
37	0.011840820700972983
38	0.00963578247823292
39	0.010897628080505442
40	0.010588655289266669
41	0.010326763614177515
42	0.007381755000345276
43	0.009618276417126441
44	0.008349956273569692
45	0.0070512697888253035
46	0.006316452525623878
47	0.006354625324791085
48	0.006652216718047029
49	0.008114069007078678
50	0.006363821334087352
51	0.006201666014760563
>>END_MODULE
>>Sequence Length Distribution	warn
#Length	Count
20	29392.0
21	29643.0
22	30960.0
23	31477.0
24	31666.0
25	33215.0
26	34281.0
27	36205.0
28	37893.0
29	41263.0
30	42266.0
31	42704.0
32	44509.0
33	44726.0
34	46661.0
35	49490.0
36	47229.0
37	49476.0
38	50714.0
39	55271.0
40	56078.0
41	64493.0
42	65525.0
43	73088.0
44	86487.0
45	115636.0
46	190758.0
47	453360.0
48	936993.0
49	1869595.0
50	2557214.0
51	1.0029563E7
>>END_MODULE
>>Sequence Duplication Levels	warn
#Total Duplicate Percentage	27.128193141866554
#Duplication Level	Relative count
1	100.0
2	16.593941904831908
3	5.9324695458099175
4	2.876024884564754
5	1.531563437598145
6	0.955556595011059
7	0.6648802881370656
8	0.46441386960327696
9	0.38088619521419836
10++	4.244542301755418
>>END_MODULE
>>Overrepresented sequences	warn
#Sequence	Count	Percentage	Possible Source
CAAGAAAACTGAAAATCATGGAAAATGAGAAACATCCACTTGACGACTTGA	19150	0.11064355782073444	No Hit
>>END_MODULE
>>Kmer Content	warn
#Sequence	Count	Obs/Exp Overall	Obs/Exp Max	Max Obs/Exp Position
AAAAA	5803865	4.0752506	5.1424904	13
TTTTT	5780610	4.0591245	6.218056	13
GAAAA	3467530	3.2094505	8.532473	4
TTTTC	3518370	3.2005897	6.4462237	4
AGAAA	3357965	3.10804	7.775416	28
GCAGC	1477485	3.0253475	3.2907157	34
CCAGG	1434140	2.936593	5.762456	35
AAGAA	2791780	2.583995	5.490396	2
GGAAA	1980865	2.4167898	8.390022	20
GAGAA	1964750	2.3971279	8.679068	27
TTTCC	1936100	2.2816346	5.016011	22
AAAAT	3210090	2.2540243	5.8021026	22
GGTGG	1050710	2.227502	5.3403087	18
TCCTC	1457365	2.2249303	5.702035	24
GAGGA	1376875	2.2143788	5.1162887	2
CCACC	1101545	2.178591	6.388435	8
TTCCT	1830970	2.157742	5.0225644	23
TGGAA	1764305	2.1525931	5.9225698	19
TTCAG	1686190	2.0219004	5.4020424	15
TGAAA	2179000	2.0168428	6.686528	10
CTGAA	1662395	1.9933482	7.902852	9
TCCAC	1287360	1.9653674	5.6529155	35
AAATG	2118345	1.9607017	6.767851	23
CATTT	2091860	1.9029034	6.687017	1
AAAAC	2042050	1.8575372	6.444384	5
GTGGA	1102795	1.7736036	6.1372066	47
TGAGA	1446620	1.764992	7.9565234	26
CCACT	1076290	1.6431341	5.8268867	36
CATGG	1036645	1.6385227	6.431411	17
CAAGA	1285735	1.5416865	5.7340164	1
AGTGG	935470	1.5044981	5.6249485	46
AATGA	1612365	1.4923757	6.2320633	24
ATGGA	1215890	1.483483	5.3550324	18
CATCC	970185	1.4811474	5.279586	33
ATGAG	1198315	1.4620401	7.6340575	25
ACTGA	1196295	1.4344561	7.137763	8
CTTGA	1192760	1.4302315	6.416327	47
CACTT	1210220	1.4261929	6.77933	37
AACTG	1185255	1.421218	7.147269	7
AAACT	1479010	1.345385	5.7798986	6
AAATC	1455995	1.3244493	6.0220814	13
AAGTG	1074575	1.3110673	5.1729884	47
ACTTG	1080390	1.2954893	5.3644166	46
AATCA	1308730	1.1904893	5.844301	14
CCTCG	437210	0.87984717	5.158228	25
>>END_MODULE
