##FastQC	0.10.1
>>Basic Statistics	pass
#Measure	Value	
Filename	006-F0_S6_L001_R2_001.fastq.gz	
File type	Conventional base calls	
Encoding	Sanger / Illumina 1.9	
Total Sequences	23361039	
Filtered Sequences	0	
Sequence length	35-76	
%GC	46	
>>END_MODULE
>>Per base sequence quality	pass
#Base	Mean	Median	Lower Quartile	Upper Quartile	10th Percentile	90th Percentile
1	31.335909674222965	32.0	32.0	32.0	32.0	32.0
2	31.109439567306918	32.0	32.0	32.0	32.0	32.0
3	31.1629010593236	32.0	32.0	32.0	32.0	32.0
4	31.20538238902816	32.0	32.0	32.0	32.0	32.0
5	31.151535811399484	32.0	32.0	32.0	32.0	32.0
6	34.82720006588748	36.0	36.0	36.0	36.0	36.0
7	34.81497650853628	36.0	36.0	36.0	36.0	36.0
8	34.72412631133401	36.0	36.0	36.0	32.0	36.0
9	34.87173793939559	36.0	36.0	36.0	36.0	36.0
10-14	34.752056781378606	36.0	36.0	36.0	33.6	36.0
15-19	34.64575621829149	36.0	36.0	36.0	32.0	36.0
20-24	34.57346368027552	36.0	36.0	36.0	32.0	36.0
25-29	34.49198431627977	36.0	36.0	36.0	32.0	36.0
30-34	34.408845839433766	36.0	36.0	36.0	32.0	36.0
35-39	34.36935817239843	36.0	36.0	36.0	32.0	36.0
40-44	34.28070603413964	36.0	36.0	36.0	32.0	36.0
45-49	34.14055462721353	36.0	36.0	36.0	32.0	36.0
50-54	33.97087251362935	36.0	36.0	36.0	32.0	36.0
55-59	33.79495507052145	36.0	36.0	36.0	30.0	36.0
60-64	33.65567038341976	36.0	36.0	36.0	27.0	36.0
65-69	33.53727658549011	36.0	36.0	36.0	27.0	36.0
70-74	33.40308833119267	36.0	36.0	36.0	27.0	36.0
75-76	32.42372015068531	36.0	34.0	36.0	20.5	36.0
>>END_MODULE
>>Per sequence quality scores	pass
#Quality	Count
2	52339.0
3	172.0
4	2799.0
5	4178.0
6	1745.0
7	850.0
8	290.0
9	262.0
10	196.0
11	123.0
12	175.0
13	268.0
14	2270.0
15	7479.0
16	10602.0
17	12477.0
18	15072.0
19	19556.0
20	27498.0
21	40206.0
22	59495.0
23	86826.0
24	126399.0
25	177833.0
26	243070.0
27	317428.0
28	406697.0
29	510782.0
30	641018.0
31	824818.0
32	1119074.0
33	1723874.0
34	3668830.0
35	1.3256338E7
>>END_MODULE
>>Per base sequence content	fail
#Base	G	A	T	C
1	44.0333883098854	18.347760861331142	11.707033768797686	25.91181705998577
2	16.580638760531585	18.744271165068184	38.00766894023372	26.667421134166513
3	20.092308194025712	21.00019137901885	27.893054314738674	31.01444611221676
4	13.715593409750282	14.562134448480338	35.808668348219385	35.91360379354999
5	15.596726041019688	34.147431291741725	34.587314989908684	15.6685276773299
6	34.6194710995474	34.47905049414282	16.55675633120815	14.344722075101643
7	30.392947395066866	28.99065973905619	20.80865979912218	19.807733066754764
8	26.178355957767725	34.79349067801905	20.13527032955264	18.892883034660592
9	24.770823624773307	15.760600438648458	20.689934709983003	38.77864122659523
10-14	24.263558066275422	22.897537824196686	28.285213375672853	24.553690733855042
15-19	22.79452946616417	27.851982767847268	26.092877908147283	23.26060985784128
20-24	22.873668383197916	26.562466728898652	27.352193883543762	23.211671004359673
25-29	22.81389403678409	26.644041398951074	27.19470291242797	23.347361651836867
30-34	22.823240782282024	26.669985688874014	27.31980436389571	23.186969164948255
35-39	22.90052385744884	26.904867831367792	27.133311828511953	23.061296482671416
40-44	22.938015669071753	26.8180984890943	27.18958778593835	23.054298055895593
45-49	22.953300212971513	26.960582584100568	26.987074541496202	23.099042661431717
50-54	22.93656362133298	27.05674810155555	27.004869574445404	23.001818702666064
55-59	22.98941082651447	27.017477514022048	26.865328542272778	23.127783117190706
60-64	23.07225681637379	27.07156581951501	26.87194016966733	22.98423719444387
65-69	23.1151123440319	27.206378176411246	26.79413558324738	22.88437389630948
70-74	23.395179346828876	27.43088235333039	26.76118986353284	22.412748436307897
75-76	27.58239828697538	34.71978361845069	27.63450453604693	10.063313558526998
>>END_MODULE
>>Per base GC content	fail
#Base	%GC
1	69.94520536987118
2	43.2480598946981
3	51.10675430624247
4	49.62919720330027
5	31.26525371834959
6	48.96419317464904
7	50.200680461821634
8	45.07123899242831
9	63.54946485136853
10-14	48.817248800130464
15-19	46.05513932400545
20-24	46.08533938755759
25-29	46.161255688620955
30-34	46.01020994723028
35-39	45.961820340120255
40-44	45.992313724967346
45-49	46.05234287440323
50-54	45.93838232399904
55-59	46.117193943705175
60-64	46.05649401081766
65-69	45.999486240341376
70-74	45.80792778313677
75-76	37.645711845502376
>>END_MODULE
>>Per sequence GC content	warn
#GC Content	Count
0	52497.0
1	26539.0
2	973.0
3	1766.5
4	2177.0
5	2426.5
6	2616.5
7	2381.5
8	2203.5
9	2252.0
10	2704.5
11	3748.5
12	4397.5
13	5354.0
14	7848.0
15	11896.0
16	17997.5
17	22693.0
18	30132.0
19	45101.5
20	64317.5
21	78466.5
22	97745.5
23	132328.0
24	169885.0
25	195077.0
26	227731.5
27	280959.0
28	334176.0
29	371087.5
30	417039.0
31	488466.0
32	557358.5
33	604220.5
34	664645.5
35	753363.5
36	828864.5
37	876070.5
38	915966.0
39	958179.0
40	975800.5
41	982546.0
42	995358.0
43	1006079.5
44	1002941.5
45	991458.5
46	986472.0
47	976058.0
48	954865.5
49	931307.0
50	915972.5
51	898425.5
52	871197.5
53	844909.5
54	829884.0
55	814612.0
56	788674.0
57	760575.0
58	734476.5
59	693640.0
60	637177.0
61	576317.5
62	526465.5
63	476960.5
64	413656.0
65	355283.0
66	296989.0
67	254702.5
68	221240.5
69	181118.5
70	142491.5
71	115650.0
72	97007.0
73	77384.5
74	59601.5
75	47696.5
76	40216.0
77	32453.5
78	24690.0
79	20006.0
80	17431.5
81	13768.0
82	9922.5
83	7706.0
84	6320.0
85	4982.0
86	3797.5
87	3156.5
88	2810.0
89	2433.0
90	2091.0
91	1816.5
92	1685.0
93	1616.0
94	1482.5
95	1386.5
96	1362.0
97	1405.0
98	1628.0
99	13486.5
100	25165.0
>>END_MODULE
>>Per base N content	pass
#Base	N-Count
1	0.4679072707339772
2	0.3317874688707125
3	0.2418514005306014
4	0.22440354643472835
5	0.22421091801610366
6	0.2247074712730029
7	0.2283246049116223
8	0.23656053996570958
9	0.25259150502680977
10-14	0.270597553473542
15-19	0.2836320764671469
20-24	0.28916094014482835
25-29	0.28564226103128376
30-34	0.29036979048748646
35-39	0.12131017046055853
40-44	0.07075235864698574
45-49	0.06638580197979099
50-54	0.07387500138666207
55-59	0.07452309482219278
60-64	0.0695575675734759
65-69	0.05782739740829149
70-74	0.058481708220212605
75-76	0.07018310085011562
>>END_MODULE
>>Sequence Length Distribution	warn
#Length	Count
35	66304.0
36	20544.0
37	27194.0
38	29761.0
39	32202.0
40	32330.0
41	33533.0
42	34826.0
43	37933.0
44	40351.0
45	43805.0
46	45851.0
47	48354.0
48	49639.0
49	51932.0
50	51565.0
51	51811.0
52	52447.0
53	54140.0
54	56408.0
55	58611.0
56	60046.0
57	63336.0
58	63777.0
59	65477.0
60	66333.0
61	64839.0
62	65440.0
63	65078.0
64	68479.0
65	69537.0
66	72330.0
67	73884.0
68	73997.0
69	79440.0
70	83569.0
71	101813.0
72	188449.0
73	573881.0
74	1523732.0
75	4872868.0
76	1.4145193E7
>>END_MODULE
>>Sequence Duplication Levels	warn
#Total Duplicate Percentage	34.283903364172815
#Duplication Level	Relative count
1	100.0
2	22.47252336448598
3	9.448224299065421
4	4.9188785046728976
5	2.890467289719626
6	1.8542056074766355
7	1.2545794392523364
8	0.908411214953271
9	0.6325233644859813
10++	5.152897196261682
>>END_MODULE
>>Overrepresented sequences	warn
#Sequence	Count	Percentage	Possible Source
NNNNNNNNNNNNNNNNNNNNNNNNNNNNNNNNNNN	52339	0.22404397338662893	No Hit
GGGGGGGGGGGGGGGGGGGGGGGGGGGGGGGGGGGGGGGGGGGGGGGGGG	25075	0.10733683548920919	No Hit
>>END_MODULE
>>Kmer Content	warn
#Sequence	Count	Obs/Exp Overall	Obs/Exp Max	Max Obs/Exp Position
AAAAA	8166230	3.7818751	7.72992	72
GGGGG	4075160	3.5711663	6.4319177	72
TTTTT	7307925	3.217508	5.6448107	72
CCTGG	3829160	2.9814942	11.643192	3
CCAGG	3675780	2.8911588	11.983711	3
CCCAG	3490020	2.7718954	10.384986	2
CTGGG	3448215	2.6588771	9.691361	4
CCAGC	3224360	2.5608993	6.5135684	3
CAGCA	3661975	2.535373	6.8721676	4
GGAGG	3206120	2.4731429	5.5754538	6
TGCTG	3673940	2.4685848	7.149479	2
GCTGG	3161605	2.4378755	6.011429	3
TCCAG	3532835	2.4213512	9.720267	2
CTCCA	3380525	2.3396187	7.2646995	1
CTCCT	3404880	2.3327637	7.0244946	1
CAGCC	2921370	2.320254	5.128959	9
CAGGA	3376805	2.3152928	9.703325	4
AGGAG	3383400	2.297348	6.841108	5
TCCTG	3339925	2.2661004	9.627442	2
CTGGA	3335235	2.2637808	8.726521	4
CTGCT	3324575	2.2556856	6.4212847	9
GGCTG	2911500	2.2450228	7.8472342	7
CCTGC	2813035	2.2117298	6.299785	3
CAGAG	3197935	2.1926513	7.0658207	4
CTGCA	3195145	2.1899037	6.450546	4
CCCTG	2782325	2.1875842	8.586036	2
GGCAG	2792340	2.175025	5.5170693	7
CTGCC	2762555	2.17204	5.58926	9
CTCTG	3197360	2.1693716	7.2386017	2
GCAGG	2779300	2.1648676	6.2136827	3
GCTGC	2780265	2.164794	5.3894086	8
CTTCT	3644560	2.1547635	5.0333166	1
TGCAG	3167900	2.150203	6.602354	2
GCCTG	2699095	2.101593	6.383776	7
CACAG	3019605	2.0906272	6.9376183	7
CAGGG	2680330	2.0877774	8.488867	4
TGGAG	3102515	2.0854287	6.3267803	5
CTGTG	3063175	2.0582008	8.924796	9
AGCTG	2993395	2.031758	5.588814	7
CCCCA	2513405	2.0157557	6.2762303	1
CAGGC	2529985	1.9899417	5.6926193	4
GGAGA	2896005	1.9664043	5.367081	6
CTGGC	2522070	1.9637561	5.2147965	4
CTCAG	2863735	1.9627602	5.8243046	2
CAGAA	3230165	1.9495243	5.2520585	4
CTGAG	2851200	1.9352435	5.481179	4
TTCTG	3195175	1.8707796	5.233933	2
CCTCT	2724815	1.8668352	5.270949	1
TCCCA	2687060	1.8596804	5.0451593	2
CCAGA	2680765	1.856031	6.4506183	3
CAGTG	2716040	1.8435043	6.1629424	9
CACTG	2688945	1.842962	7.4166727	7
TGGGG	2383500	1.8200887	5.437766	5
GGCCA	2311335	1.8179642	5.605868	1
TCTGG	2656300	1.7848145	6.1075087	3
ACCTG	2589135	1.7745538	5.0601406	7
TGGCC	2236965	1.7417653	5.125932	5
CCTGA	2485715	1.7036713	5.4770575	3
GTGTG	2559250	1.7029511	7.617571	1
ACAGA	2816395	1.6997988	5.638274	8
GCCCA	2126250	1.6887417	6.4664216	1
GAGAG	2477700	1.6823726	5.224807	7
ACACA	2741120	1.6705464	6.2799897	6
TGTGT	2858540	1.6574703	6.403169	10
TCAGG	2409705	1.6355803	5.4842095	3
CACAC	2329275	1.6284474	6.3934293	5
CCTGT	2392220	1.6230937	5.3692665	8
TGGGC	2044485	1.5764778	5.8310146	5
ACAGC	2169860	1.5023052	5.4610763	8
GCTGT	2211815	1.4861572	5.26775	8
CTGTC	2167705	1.4707627	5.780934	9
GCCCT	1849660	1.4542826	5.640876	1
GACAG	2095810	1.4369837	6.435102	7
GGGCT	1842155	1.4204637	5.5531335	6
AGACA	2304965	1.3911321	5.01905	6
AGGGC	1750460	1.3634781	5.1066713	5
GTCCT	1933835	1.3120848	8.907667	1
GGACA	1905870	1.3067521	5.841467	6
GTGCT	1879735	1.2630268	6.2210884	1
ACTGC	1809335	1.2400906	5.059985	8
AGGAC	1806380	1.2385372	8.05675	5
TGTGC	1841830	1.2375578	5.956825	10
AGCAC	1755880	1.2156856	5.4265943	5
GTCCA	1762775	1.2081792	6.8580837	1
GTCTT	1934695	1.1327668	5.5410533	1
ACAGT	1874945	1.1202127	5.4396453	8
GTCCC	1424160	1.1197362	5.084547	1
GTGCA	1640840	1.1137154	5.7411113	1
TGGAC	1629100	1.1057467	5.8565607	5
ACTGT	1858665	1.0993124	6.452888	8
TGCAC	1601875	1.0979006	5.1793323	5
GACTG	1533030	1.0405396	5.814244	7
ACACT	1672395	1.0089679	5.118057	6
GGACC	1272935	1.001218	5.0735993	6
CTACA	1601405	0.9661391	5.0497446	4
GGACT	1400140	0.9503409	5.1130686	6
TGTAG	1613175	0.94487643	5.232244	2
TCCTA	1345430	0.80354017	5.3425937	2
TAGGA	1349655	0.7985613	5.2131047	4
GTGTA	1197510	0.70141107	5.892226	1
>>END_MODULE
