##FastQC	0.10.1
>>Basic Statistics	pass
#Measure	Value	
Filename	040-F0_S2_L001_R1_001.fastq.gz	
File type	Conventional base calls	
Encoding	Sanger / Illumina 1.9	
Total Sequences	13579647	
Filtered Sequences	0	
Sequence length	35-76	
%GC	44	
>>END_MODULE
>>Per base sequence quality	pass
#Base	Mean	Median	Lower Quartile	Upper Quartile	10th Percentile	90th Percentile
1	31.32943330559329	32.0	32.0	32.0	32.0	32.0
2	31.41939860439671	32.0	32.0	32.0	32.0	32.0
3	31.500864786838715	32.0	32.0	32.0	32.0	32.0
4	31.574610076388584	32.0	32.0	32.0	32.0	32.0
5	31.548018737158632	32.0	32.0	32.0	32.0	32.0
6	35.12502703494428	36.0	36.0	36.0	36.0	36.0
7	35.155930121011245	36.0	36.0	36.0	36.0	36.0
8	35.1002531950941	36.0	36.0	36.0	36.0	36.0
9	35.2066101570976	36.0	36.0	36.0	36.0	36.0
10-14	35.141695111809604	36.0	36.0	36.0	36.0	36.0
15-19	35.10746662265963	36.0	36.0	36.0	36.0	36.0
20-24	35.05987672580885	36.0	36.0	36.0	36.0	36.0
25-29	34.946482585298426	36.0	36.0	36.0	36.0	36.0
30-34	34.84781112498727	36.0	36.0	36.0	36.0	36.0
35-39	34.78848284113458	36.0	36.0	36.0	34.4	36.0
40-44	34.72685096612739	36.0	36.0	36.0	32.0	36.0
45-49	34.63606857507456	36.0	36.0	36.0	32.0	36.0
50-54	34.52920476841838	36.0	36.0	36.0	32.0	36.0
55-59	34.39499247608752	36.0	36.0	36.0	32.0	36.0
60-64	34.27237068451352	36.0	36.0	36.0	32.0	36.0
65-69	34.121859521791876	36.0	36.0	36.0	32.0	36.0
70-74	33.975321228910445	36.0	36.0	36.0	32.0	36.0
75-76	33.501843632679964	36.0	36.0	36.0	26.5	36.0
>>END_MODULE
>>Per sequence quality scores	pass
#Quality	Count
2	11125.0
3	0.0
4	0.0
5	0.0
6	0.0
7	0.0
8	0.0
9	0.0
10	0.0
11	0.0
12	0.0
13	0.0
14	0.0
15	0.0
16	0.0
17	5.0
18	70.0
19	447.0
20	2081.0
21	5594.0
22	11121.0
23	19149.0
24	32926.0
25	53710.0
26	84931.0
27	126795.0
28	180133.0
29	244385.0
30	320785.0
31	420905.0
32	573352.0
33	869823.0
34	1876380.0
35	8745930.0
>>END_MODULE
>>Per base sequence content	fail
#Base	G	A	T	C
1	43.034569277331755	18.631270229727306	11.443272892950315	26.890887599990627
2	15.71518990793544	20.52659088440141	36.89964168536559	26.858577522297566
3	18.92050585907588	22.204452334602102	28.35689104531798	30.518150761004037
4	12.892730689459029	15.90080334468264	35.969208731798496	35.23725723405983
5	14.41753936058769	35.69199357159166	34.46708491905014	15.423382148770514
6	33.85900353316777	35.776747731231566	16.650500931391086	13.713747804209579
7	30.342730033529076	29.70943334874646	20.732744509682043	19.215092108042423
8	25.823262106219087	35.88522021779528	19.925449507322906	18.366068168662732
9	24.727048384488747	15.819372220496824	20.0959691851478	39.357610209866635
10-14	23.687172888776523	23.570668995516193	28.895043875826975	23.847114239880305
15-19	21.796148057165958	28.93701213354446	27.034325586901957	22.232514222387625
20-24	21.943515220202244	27.707766386004305	28.134098788814633	22.214619604978818
25-29	21.39930210007487	27.980431916138215	28.177592661666377	22.442673322120534
30-34	21.485282629945758	27.92473794828931	28.496127605251655	22.09385181651328
35-39	21.403564372628793	28.23342963332473	28.343789568020632	22.01921642602584
40-44	21.688476544455042	28.068309440571003	28.490373542019654	21.7528404729543
45-49	21.618838884147447	28.10818890179702	28.183062809640568	22.08990940441496
50-54	21.421860816155174	28.47283511797121	28.248864327358003	21.85643973851561
55-59	21.590214076505596	28.07817085869273	27.961253869347825	22.37036119545385
60-64	21.71861368470735	27.969062362525154	28.27081614782685	22.041507804940647
65-69	21.996556026498606	28.368610359468587	27.876951059267103	21.757882554765704
70-74	22.267417542526466	28.555081615970195	27.906161538685897	21.27133930281744
75-76	25.63680133248595	35.750045057020166	29.421471834185002	9.191681776308892
>>END_MODULE
>>Per base GC content	fail
#Base	%GC
1	69.92545687732238
2	42.573767430233005
3	49.43865662007992
4	48.12998792351886
5	29.840921509358203
6	47.57275133737735
7	49.5578221415715
8	44.18933027488182
9	64.08465859435537
10-14	47.534287128656835
15-19	44.02866227955358
20-24	44.15813482518106
25-29	43.841975422195404
30-34	43.57913444645904
35-39	43.422780798654635
40-44	43.44131701740934
45-49	43.70874828856241
50-54	43.27830055467079
55-59	43.96057527195944
60-64	43.76012148964799
65-69	43.75443858126431
70-74	43.538756845343904
75-76	34.82848310879484
>>END_MODULE
>>Per sequence GC content	fail
#GC Content	Count
0	11132.0
1	5571.0
2	23.5
3	52.0
4	68.0
5	117.0
6	239.0
7	420.0
8	531.0
9	731.0
10	1245.5
11	1954.5
12	2356.5
13	3028.0
14	4835.0
15	7757.0
16	12103.0
17	15336.0
18	20614.5
19	31118.5
20	44468.5
21	54052.0
22	67149.0
23	91034.0
24	116820.0
25	134050.5
26	155884.5
27	191546.0
28	228398.0
29	254038.5
30	286754.5
31	340559.5
32	396005.0
33	435309.0
34	486109.5
35	564996.0
36	631651.0
37	665686.5
38	676919.5
39	669616.5
40	639591.5
41	607180.5
42	594750.0
43	588030.5
44	573085.5
45	557180.5
46	548276.0
47	538010.5
48	518372.5
49	497500.5
50	483815.0
51	469663.0
52	447484.5
53	424816.0
54	410588.5
55	396733.5
56	375948.0
57	354492.0
58	337052.5
59	316551.0
60	287584.5
61	256396.0
62	231906.0
63	208404.0
64	178925.5
65	152736.5
66	126507.0
67	108025.5
68	93588.5
69	75787.5
70	59429.0
71	48636.5
72	40743.0
73	32448.5
74	25264.0
75	20452.0
76	17211.5
77	13772.5
78	10327.0
79	8229.5
80	7025.5
81	5554.0
82	3979.5
83	2965.5
84	2395.0
85	1776.0
86	1182.5
87	844.5
88	679.0
89	483.0
90	331.0
91	239.5
92	190.5
93	277.5
94	300.5
95	170.0
96	110.0
97	78.0
98	37.5
99	45.5
100	62.0
>>END_MODULE
>>Per base N content	pass
#Base	N-Count
1	0.08192407357864309
2	0.08192407357864309
3	0.08192407357864309
4	0.08192407357864309
5	0.08192407357864309
6	0.10248425456125627
7	0.08192407357864309
8	0.08192407357864309
9	0.08192407357864309
10-14	0.08228048932347064
15-19	0.08232761867815858
20-24	0.08262512272962619
25-29	0.08266783370731212
30-34	0.08415535396465018
35-39	0.016920104455430872
40-44	0.002355191487793547
45-49	0.002924165477439142
50-54	0.0020467745130311236
55-59	0.0026008703200023947
60-64	1.1581226800878863E-4
65-69	4.966651556940377E-4
70-74	2.0022615465338907E-4
75-76	0.0
>>END_MODULE
>>Sequence Length Distribution	warn
#Length	Count
35	14329.0
36	4687.0
37	6326.0
38	7296.0
39	8231.0
40	8800.0
41	9848.0
42	10712.0
43	12369.0
44	13282.0
45	14631.0
46	15116.0
47	15715.0
48	16478.0
49	17232.0
50	17561.0
51	18507.0
52	19644.0
53	21053.0
54	22489.0
55	23356.0
56	24234.0
57	24768.0
58	25539.0
59	26361.0
60	28340.0
61	27759.0
62	28144.0
63	29045.0
64	31922.0
65	33081.0
66	33894.0
67	39076.0
68	34795.0
69	43617.0
70	41057.0
71	50844.0
72	100081.0
73	311851.0
74	903538.0
75	2752481.0
76	8691558.0
>>END_MODULE
>>Sequence Duplication Levels	warn
#Total Duplicate Percentage	28.236160346399725
#Duplication Level	Relative count
1	100.0
2	18.78049111935532
3	6.49639202576542
4	3.1187573892127687
5	1.656542595838939
6	0.9553317841466563
7	0.7073260222593665
8	0.504165137864025
9	0.34177232391590906
10++	3.3327897590607036
>>END_MODULE
>>Overrepresented sequences	warn
#Sequence	Count	Percentage	Possible Source
CTGTAGGACGTGGAATATGGCAAGAAAACTGAAAATCATGGAAAATGAGA	14738	0.10853006709231837	No Hit
>>END_MODULE
>>Kmer Content	warn
#Sequence	Count	Obs/Exp Overall	Obs/Exp Max	Max Obs/Exp Position
AAAAA	5787165	3.695825	7.433793	71
TTTTT	5739460	3.6135767	6.324284	33
CCTGG	1986660	3.0525727	12.353415	3
CCAGG	1932935	2.9784863	14.179692	3
AGAAA	3479195	2.7704544	7.0034127	48
GAAAA	3457945	2.7535334	7.445152	24
CAGCA	2226200	2.75116	6.9403114	4
TTTCT	3440285	2.706053	7.4039984	16
CCCAG	1749765	2.6938357	11.757023	2
TGCTG	2164535	2.6621435	6.4651074	2
TTTTC	3347395	2.6329873	5.8608327	24
CTGGG	1706620	2.624619	10.115857	4
CCAGC	1674685	2.578247	6.9402	3
CCTCC	1650605	2.5316973	5.060141	1
GCTGC	1643175	2.5247962	5.839074	8
GGAGG	1632430	2.51992	5.7067494	6
AGCAG	2011665	2.4882514	5.4666862	7
GCTGG	1614875	2.483524	6.140453	3
CTGCT	2005695	2.464591	6.5551896	9
TCCAG	1973970	2.4325197	10.087329	2
CAGCC	1504835	2.3167558	5.647524	9
CTGGA	1853045	2.2855396	8.884084	4
AGGAG	1832125	2.2681963	7.296285	5
CTCCT	1832550	2.2498255	6.2583323	1
CAGGA	1803260	2.230473	9.882564	4
GGCTG	1447775	2.22654	8.217087	7
GGCAG	1434645	2.2126346	6.340522	7
CTCCA	1795965	2.2111936	6.9794035	1
CAGAG	1769155	2.188288	8.201882	4
GAGAA	2195900	2.1802762	7.25248	47
CCTGC	1417430	2.1759913	6.1695824	3
CTGCC	1414110	2.1708949	5.7640896	9
TCCTG	1758920	2.1613545	8.414576	2
CCCTG	1399440	2.1483736	8.859164	2
CCACC	1394720	2.1453173	5.147952	28
GCAGG	1380675	2.1293976	6.515832	3
CTCTG	1715670	2.1082091	7.0933256	2
TGGAA	2105615	2.0846925	6.49407	11
GCCTG	1349575	2.0736694	7.502237	7
AAAAT	3247810	2.0682368	6.040837	72
GGAAA	2081030	2.0662234	7.068713	40
CAGGG	1336245	2.0608737	9.689989	4
TTCTC	2093060	2.0568335	5.87218	17
GCCAG	1323285	2.0390682	5.6688337	2
CTGCA	1641750	2.0231256	6.027106	4
CTGGC	1309685	2.012377	5.526471	4
TGCAG	1616510	1.9937978	6.0872817	2
TGGAG	1606595	1.983335	6.0234876	5
CACAG	1603130	1.981164	7.402975	7
AGCTG	1601985	1.9758829	5.7794824	7
TGAAA	2462145	1.9550146	5.9099555	30
CCCCA	1269985	1.9534535	7.013925	1
CAGGC	1267525	1.9531468	5.9764028	4
CAGTG	1583375	1.9529294	9.603333	7
GGAGA	1575115	1.9500144	5.3858085	6
GGGAG	1256495	1.9396036	5.4720783	7
CAGAA	1930295	1.9148539	5.207252	4
CATTT	2421880	1.9104265	6.725681	14
CTGTG	1548420	1.904389	8.760907	9
CTGAA	1922990	1.9021868	6.6439667	29
CTCAG	1518540	1.8712941	5.9380174	2
CTGAG	1498560	1.8483189	5.6388373	4
CCAGA	1489920	1.8412579	6.862301	3
CACTG	1490455	1.8366851	7.562685	7
GTGTG	1483245	1.8258568	10.461868	9
CCTCT	1484910	1.8230271	5.4506097	1
GTGGA	1474445	1.8201964	5.196221	9
TGGGG	1182080	1.8195467	6.028131	5
GGCCA	1179885	1.8181009	6.1213045	1
CACAC	1461110	1.8040463	7.918624	5
GAGAG	1444605	1.7884412	5.7439365	7
TCTGG	1443150	1.7749183	5.9763	3
AGAGG	1432475	1.7734243	5.123816	5
ACCTG	1427310	1.7588716	5.9485936	8
AAATG	2203940	1.7499923	5.9952927	43
ACACA	1742435	1.7269574	7.3319483	6
TGGCC	1116535	1.7155951	5.587701	5
TGGCA	1374730	1.6955873	5.838694	18
TCTCA	1693850	1.6692766	5.3107605	18
ACAGA	1669370	1.656016	6.056865	8
GCCCA	1073795	1.6531521	7.733974	1
AAAAC	2074485	1.6504241	5.7452826	25
CCTGA	1336525	1.6469973	5.2513905	3
TGTGT	1642440	1.6168911	7.474186	10
ATTTC	2031940	1.6028341	6.4759245	15
TGAGA	1611985	1.5959674	6.519689	46
TCAGG	1290910	1.5922042	5.533577	3
GTCCT	1291245	1.5866772	14.263848	1
TGGGC	1018785	1.566794	6.2104144	5
GGGCC	814715	1.5653474	5.397546	6
GGCCT	1015280	1.5600133	5.260996	6
CATGG	1261945	1.5564789	5.250223	37
CCTGT	1258165	1.5460286	5.463341	8
AGTGG	1250030	1.543157	6.705681	8
AGGAC	1211850	1.4989513	15.617297	5
ATGGC	1205075	1.4863354	9.68688	17
AGCCT	1195330	1.473003	5.1958036	6
ACAGC	1182285	1.4610795	5.6513853	8
CTGTC	1181325	1.451608	5.8511453	9
GACAG	1156150	1.4300551	7.124355	7
GCTGT	1153830	1.419086	5.199354	8
GGGCT	913965	1.405591	6.0255194	6
CCCCT	914005	1.4019005	5.0147147	1
GCCCT	912020	1.4001027	5.766135	1
ACTGA	1387130	1.3721238	5.9306116	28
AATGA	1724180	1.369049	5.4551196	44
GGACA	1103530	1.3649689	7.2462206	6
CACTT	1384900	1.3648084	5.7254634	57
AGACA	1351100	1.3402921	5.469317	6
AGGGC	866355	1.3361683	5.8414054	5
AGAGC	1067430	1.3203166	5.000606	5
ATGAG	1319025	1.3059185	6.217154	45
AACTG	1317550	1.3032964	5.94744	27
TGTCC	1055585	1.297099	5.0626364	10
AAGTG	1306480	1.293498	5.044546	7
GCAAG	1040125	1.2865425	5.482536	20
GGCAA	1033860	1.2787931	5.5732226	19
TGTGC	1036475	1.274752	7.8953857	10
AAACT	1599690	1.269069	5.1611524	26
GTCCA	981735	1.2097903	6.8630996	1
GGAAT	1200575	1.1886455	5.8608303	12
GTGCT	966230	1.1883583	5.6173067	1
TACAG	1173095	1.1604042	7.0786223	5
ACTGC	940805	1.1593523	5.010531	8
AGCAC	932640	1.1525657	5.618057	5
GTGCA	930440	1.1476015	6.4667296	11
AAATC	1436420	1.1395434	5.318152	33
TGGAC	920310	1.1351073	6.168185	5
CTGTA	1144240	1.128645	7.3703823	1
GGACC	707790	1.0906434	7.9354477	6
ACAGT	1102110	1.0901871	6.2337823	6
AATAT	1714020	1.088403	5.3698454	14
AGTGT	1090835	1.0769268	7.104499	8
AATCA	1351785	1.0724006	5.163249	34
ACTGT	1069890	1.0553082	6.123695	8
GACCT	856065	1.0549273	5.2877097	7
TGCAC	848815	1.0459931	5.3456926	5
ACACT	1038545	1.0263948	5.138029	6
GACTG	827945	1.0211846	6.084329	7
CTACA	1014265	1.0023988	7.933181	4
TGTAG	1011770	0.9988699	8.567791	2
TAGGA	999140	0.98921204	9.967855	4
TCCTA	981890	0.9676451	9.037005	2
AGACT	955995	0.9456529	5.1478424	6
TATGG	955045	0.9428682	7.527056	16
GGACT	754035	0.9300242	5.4605436	6
ATATG	1169680	0.92612064	6.4284215	15
GTAGG	694205	0.85699326	8.513248	3
CCTAC	686420	0.8451209	7.5222874	3
TGGCG	516075	0.7936742	5.658329	18
GTGTA	734765	0.72539675	5.7221584	1
GGACG	465275	0.7175877	8.254717	6
GCGAG	450095	0.6941757	5.585358	20
TACAC	701890	0.6936785	5.20003	5
ACGTG	559770	0.6904184	6.0830536	8
GGCGA	430580	0.66407806	5.6609197	19
GACGT	412790	0.50913376	5.912554	7
>>END_MODULE
