##FastQC	0.10.1
>>Basic Statistics	pass
#Measure	Value	
Filename	KS27_S1_L002_R2_001_trimmed.fq.gz	
File type	Conventional base calls	
Encoding	Sanger / Illumina 1.9	
Total Sequences	19503561	
Filtered Sequences	0	
Sequence length	20-50	
%GC	44	
>>END_MODULE
>>Per base sequence quality	pass
#Base	Mean	Median	Lower Quartile	Upper Quartile	10th Percentile	90th Percentile
1	34.86196520727676	36.0	36.0	36.0	36.0	36.0
2	34.85506231400512	36.0	36.0	36.0	36.0	36.0
3	34.83988816196181	36.0	36.0	36.0	36.0	36.0
4	34.83518117537613	36.0	36.0	36.0	36.0	36.0
5	34.814399995980224	36.0	36.0	36.0	36.0	36.0
6	34.79854401973055	36.0	36.0	36.0	36.0	36.0
7	34.78989759870005	36.0	36.0	36.0	36.0	36.0
8	34.783410988383096	36.0	36.0	36.0	36.0	36.0
9	34.76265970096435	36.0	36.0	36.0	32.0	36.0
10	34.74254727123934	36.0	36.0	36.0	32.0	36.0
11	34.7370589401597	36.0	36.0	36.0	32.0	36.0
12	34.71832615592609	36.0	36.0	36.0	32.0	36.0
13	34.70887362569328	36.0	36.0	36.0	32.0	36.0
14	34.69460782059235	36.0	36.0	36.0	32.0	36.0
15	34.68043789541817	36.0	36.0	36.0	32.0	36.0
16	34.65539610945919	36.0	36.0	36.0	32.0	36.0
17	34.64942935292688	36.0	36.0	36.0	32.0	36.0
18	34.63215255921726	36.0	36.0	36.0	32.0	36.0
19	34.61822351313178	36.0	36.0	36.0	32.0	36.0
20	34.60900129981392	36.0	36.0	36.0	32.0	36.0
21	34.597352808792486	36.0	36.0	36.0	32.0	36.0
22	34.59479394389589	36.0	36.0	36.0	32.0	36.0
23	34.57540237717257	36.0	36.0	36.0	32.0	36.0
24	34.548804150944136	36.0	36.0	36.0	32.0	36.0
25	34.53342076923608	36.0	36.0	36.0	32.0	36.0
26	34.51348780000089	36.0	36.0	36.0	32.0	36.0
27	34.50254256321488	36.0	36.0	36.0	32.0	36.0
28	34.47623214257754	36.0	36.0	36.0	32.0	36.0
29	34.45734816148509	36.0	36.0	36.0	32.0	36.0
30	34.433843496059836	36.0	36.0	36.0	32.0	36.0
31	34.41964899089083	36.0	36.0	36.0	32.0	36.0
32	34.395287648099846	36.0	36.0	36.0	32.0	36.0
33	34.36757113795607	36.0	36.0	36.0	32.0	36.0
34	34.33809968108889	36.0	36.0	36.0	32.0	36.0
35	34.3122185871248	36.0	36.0	36.0	32.0	36.0
36	34.29893232503924	36.0	36.0	36.0	32.0	36.0
37	34.26722273841138	36.0	36.0	36.0	32.0	36.0
38	34.25238374504023	36.0	36.0	36.0	32.0	36.0
39	34.2189317509817	36.0	36.0	36.0	32.0	36.0
40	34.189620653413485	36.0	36.0	36.0	32.0	36.0
41	34.16372152214485	36.0	36.0	36.0	32.0	36.0
42	34.14010038752678	36.0	36.0	36.0	32.0	36.0
43	34.1411131104484	36.0	36.0	36.0	32.0	36.0
44	34.111645713664224	36.0	36.0	36.0	32.0	36.0
45	34.08566476426402	36.0	36.0	36.0	32.0	36.0
46	34.07119081205191	36.0	36.0	36.0	32.0	36.0
47	34.086104058120476	36.0	36.0	36.0	32.0	36.0
48	34.10638597192891	36.0	36.0	36.0	32.0	36.0
49	34.19036851758801	36.0	36.0	36.0	32.0	36.0
50	34.33045047087763	36.0	36.0	36.0	32.0	36.0
>>END_MODULE
>>Per sequence quality scores	pass
#Quality	Count
14	1178.0
15	2410.0
16	4421.0
17	7300.0
18	11712.0
19	17571.0
20	26245.0
21	37439.0
22	51833.0
23	70629.0
24	95890.0
25	127806.0
26	167036.0
27	213208.0
28	269850.0
29	337910.0
30	426809.0
31	549575.0
32	744093.0
33	1108106.0
34	2115049.0
35	8717327.0
36	4400164.0
>>END_MODULE
>>Per base sequence content	pass
#Base	G	A	T	C
1	22.211815575627444	27.141248718631434	27.811023843286875	22.835911862454246
2	22.15104205842205	27.066903320885867	28.059968125820717	22.72208649487137
3	22.139828721534492	27.166356953994196	27.871961433094196	22.821852891377116
4	22.231627342309437	26.941992798135683	28.15820146895226	22.66817839060262
5	22.382635663302715	26.976453171807957	27.738016662700726	22.9028945021886
6	21.89993406845037	27.30985382618077	27.976173171658242	22.814038933710616
7	21.92822121047536	27.326502068006963	28.028717422423526	22.71655929909415
8	22.092837302890484	27.17874956270806	28.00705471170111	22.721358422700348
9	21.841698549305942	27.361618732086924	28.144685988368995	22.65199673023813
10	21.989968908754662	27.43155980592467	28.00956194614922	22.568909339171448
11	22.355143247943285	27.447449211966983	27.76070995445396	22.436697585635773
12	21.81478551532205	27.575456605078426	28.092341701087303	22.51741617851222
13	21.938973093170013	27.386152713342966	28.199235001239003	22.47563919224802
14	21.988610182520002	27.105034819026123	28.359272442606766	22.54708255584711
15	21.872677507456203	27.385834822676742	28.20016303689362	22.541324632973435
16	22.007601586192386	27.731566558537697	28.054666529871135	22.206165325398782
17	22.10957270828645	27.495609647899684	27.83237891788069	22.562438725933177
18	21.980760333971833	27.839859603074537	27.87384314074748	22.305536922206155
19	22.03145364069669	27.635676377252338	28.100222313248334	22.232647668802635
20	22.07906033159791	27.405287680542028	28.06059365261554	22.455058335244523
21	22.07010982605892	27.574026606363848	28.102165489503754	22.253698078073477
22	21.95769195960474	27.67913615365706	28.12196280264367	22.241209084094535
23	22.075101083018943	27.445910360503685	27.997308737078036	22.481679819399332
24	21.97229643713853	27.76842393659794	28.03565938816719	22.22362023809634
25	22.021108656751906	27.71814958967352	27.944888492180375	22.3158532613942
26	22.155393506059703	27.755648972755136	27.810662176645963	22.278295344539202
27	21.995142357782232	27.82502535904385	27.967777251093583	22.212055032080332
28	21.870600192124567	27.77543078293629	27.96081667565587	22.39315234928327
29	22.081435836942067	27.622275340048947	28.00040355751471	22.29588526549428
30	21.994694851932138	27.81819413812428	27.945694239919217	22.241416770024358
31	22.077576428315187	27.80115950400517	27.927864841553752	22.193399226125894
32	22.071728464880916	27.75335446438477	27.86103888980536	22.31387818092895
33	21.970224554030704	27.66805402787008	28.038989671485165	22.322731746614053
34	22.10607587456007	27.96412915475249	27.892687066830906	22.037107903856533
35	22.113908837876973	27.721124274429453	27.824540245953287	22.340426641740287
36	22.183130081598105	27.905298684245995	27.741605170157463	22.16996606399844
37	21.974842056581306	27.850619740886994	27.884646372062168	22.28989183046953
38	21.971766364428174	27.683856976659982	27.92317729688977	22.42119936202208
39	21.880168116549694	27.819072990635235	27.951678065972065	22.34908082684301
40	21.996723393241087	27.822444808885816	28.009871048685596	22.1709607491875
41	22.21523119643125	27.821497595753968	27.823742264783586	22.139528943031195
42	22.09310295699206	27.939172458762506	27.818741645330146	22.14898293891529
43	22.0976147844993	28.00963373307845	27.80353765534625	22.089213827076005
44	22.161759104800556	27.711876054013945	27.749065925113843	22.377298916071652
45	21.989690721649485	27.846241731488945	27.91364978351049	22.250417763351077
46	22.012935259985692	27.97899658968916	27.754275269967433	22.25379288035772
47	22.058013784700805	27.900882140247468	27.83569960945439	22.205404465597343
48	22.03955324087662	28.276261510121277	27.945682694211722	21.73850255479038
49	22.10084257243924	28.58370380978601	28.089474572962704	21.225979044812046
50	21.919997051310258	28.509488867866473	28.23944269065144	21.331071390171832
>>END_MODULE
>>Per base GC content	pass
#Base	%GC
1	45.047727438081694
2	44.87312855329343
3	44.96168161291161
4	44.89980573291206
5	45.285530165491316
6	44.71397300216099
7	44.64478050956951
8	44.81419572559083
9	44.49369527954408
10	44.55887824792611
11	44.79184083357906
12	44.33220169383427
13	44.41461228541803
14	44.53569273836711
15	44.41400214042964
16	44.213766911591165
17	44.67201143421963
18	44.28629725617799
19	44.264101309499324
20	44.53411866684243
21	44.323807904132394
22	44.19890104369928
23	44.556780902418275
24	44.195916675234876
25	44.33696191814611
26	44.433688850598905
27	44.20719738986257
28	44.26375254140783
29	44.377321102436355
30	44.236111621956496
31	44.27097565444108
32	44.385606645809865
33	44.29295630064476
34	44.143183778416606
35	44.45433547961726
36	44.353096145596545
37	44.26473388705084
38	44.39296572645025
39	44.229248943392705
40	44.167684142428584
41	44.35476013946244
42	44.242085895907344
43	44.1868286115753
44	44.53905802087221
45	44.24010848500056
46	44.26672814034341
47	44.263418250298145
48	43.778055795667
49	43.32682161725129
50	43.25106844148209
>>END_MODULE
>>Per sequence GC content	warn
#GC Content	Count
0	10753.0
1	8898.5
2	6531.0
3	6460.0
4	6996.5
5	7958.5
6	8999.0
7	10325.0
8	11722.0
9	14472.5
10	17452.0
11	22565.0
12	27876.0
13	36388.5
14	46018.0
15	60863.5
16	77209.5
17	100650.5
18	125206.0
19	157004.0
20	189907.5
21	230182.0
22	271725.5
23	319636.5
24	369975.5
25	416529.0
26	469427.0
27	529196.5
28	592211.0
29	658157.0
30	724509.0
31	791266.0
32	860862.5
33	929270.0
34	997049.5
35	1054798.5
36	1109540.5
37	1151902.0
38	1183380.5
39	1199903.5
40	1214056.5
41	1218578.5
42	1219429.5
43	1204959.5
44	1185837.5
45	1156959.0
46	1127046.0
47	1096061.0
48	1064691.0
49	1033149.0
50	1001725.5
51	973457.0
52	944346.0
53	915768.0
54	887227.0
55	859005.5
56	828455.0
57	791053.0
58	750783.5
59	701448.5
60	652232.0
61	600513.0
62	546768.5
63	500365.0
64	445244.0
65	393869.5
66	345317.5
67	301347.0
68	258024.5
69	219194.0
70	185156.0
71	155326.5
72	128990.5
73	107318.5
74	86928.0
75	71467.0
76	59955.5
77	48814.0
78	38864.5
79	31556.5
80	25158.0
81	20389.0
82	16483.5
83	13461.5
84	10639.5
85	8541.5
86	6748.0
87	5284.5
88	4250.0
89	3444.5
90	2715.0
91	2272.5
92	1944.5
93	1787.0
94	1631.5
95	1583.5
96	1548.5
97	1725.0
98	2587.0
99	10335.0
100	17404.0
>>END_MODULE
>>Per base N content	pass
#Base	N-Count
1	0.0
2	0.0
3	0.0
4	0.0
5	0.0
6	0.0
7	0.0
8	0.0
9	0.0
10	0.0
11	0.0
12	0.0
13	0.0
14	0.0
15	0.0
16	0.0
17	0.0
18	0.0
19	0.0
20	0.0
21	0.0
22	0.0
23	0.0
24	0.0
25	0.0
26	0.0
27	0.0
28	0.0
29	0.0
30	0.0
31	0.0
32	0.0
33	0.0
34	0.0
35	0.0
36	0.0
37	0.0
38	0.0
39	0.0
40	0.0
41	0.0
42	0.0
43	0.0
44	0.0
45	0.0
46	0.0
47	0.0
48	0.0
49	0.0
50	0.0
>>END_MODULE
>>Sequence Length Distribution	warn
#Length	Count
20	17020.0
21	17523.0
22	17927.0
23	18789.0
24	19224.0
25	19552.0
26	20753.0
27	21786.0
28	22887.0
29	24586.0
30	24926.0
31	26036.0
32	26845.0
33	26940.0
34	27647.0
35	28028.0
36	28652.0
37	30394.0
38	32739.0
39	35293.0
40	37715.0
41	41285.0
42	46310.0
43	60308.0
44	99696.0
45	194853.0
46	521818.0
47	1131822.0
48	2302333.0
49	3130721.0
50	1.1449153E7
>>END_MODULE
>>Sequence Duplication Levels	warn
#Total Duplicate Percentage	34.93206381122758
#Duplication Level	Relative count
1	100.0
2	23.10686965083693
3	9.940922517609634
4	5.286677270317352
5	3.159130500643793
6	1.9707642202529727
7	1.4216465954707262
8	1.0020449897750512
9	0.7043853669620541
10++	4.888282965992578
>>END_MODULE
>>Overrepresented sequences	pass
>>END_MODULE
>>Kmer Content	warn
#Sequence	Count	Obs/Exp Overall	Obs/Exp Max	Max Obs/Exp Position
AAAAA	6506560	4.633138	6.044902	46
TTTTT	5210460	3.4913077	3.9759247	46
GGGGG	1509070	3.3309596	4.219368	46
CCTGG	1806290	3.052923	3.7434273	9
>>END_MODULE
