##FastQC	0.10.1
>>Basic Statistics	pass
#Measure	Value	
Filename	KS26_S5_L001_R1_001.fastq.gz	
File type	Conventional base calls	
Encoding	Sanger / Illumina 1.9	
Total Sequences	20759249	
Filtered Sequences	0	
Sequence length	35-75	
%GC	46	
>>END_MODULE
>>Per base sequence quality	pass
#Base	Mean	Median	Lower Quartile	Upper Quartile	10th Percentile	90th Percentile
1	31.50173756285692	32.0	32.0	32.0	32.0	32.0
2	31.563207127579616	32.0	32.0	32.0	32.0	32.0
3	31.6146279183799	32.0	32.0	32.0	32.0	32.0
4	31.67929051768684	32.0	32.0	32.0	32.0	32.0
5	31.663071482017486	32.0	32.0	32.0	32.0	32.0
6	35.3350533538087	36.0	36.0	36.0	36.0	36.0
7	35.35150924775747	36.0	36.0	36.0	36.0	36.0
8	35.30348838727259	36.0	36.0	36.0	36.0	36.0
9	35.38747996134157	36.0	36.0	36.0	36.0	36.0
10	35.29458305548529	36.0	36.0	36.0	36.0	36.0
11	35.37371207407359	36.0	36.0	36.0	36.0	36.0
12	35.32766662223667	36.0	36.0	36.0	36.0	36.0
13	35.35043526863616	36.0	36.0	36.0	36.0	36.0
14	35.32794249926864	36.0	36.0	36.0	36.0	36.0
15	35.29202689365111	36.0	36.0	36.0	36.0	36.0
16	35.31353831730618	36.0	36.0	36.0	36.0	36.0
17	35.307057109821265	36.0	36.0	36.0	36.0	36.0
18	35.287850875530225	36.0	36.0	36.0	36.0	36.0
19	35.29201562156704	36.0	36.0	36.0	36.0	36.0
20	35.282924637591655	36.0	36.0	36.0	36.0	36.0
21	35.27478349529889	36.0	36.0	36.0	36.0	36.0
22	35.26520251286547	36.0	36.0	36.0	36.0	36.0
23	35.24527770730049	36.0	36.0	36.0	36.0	36.0
24	35.23734745895673	36.0	36.0	36.0	36.0	36.0
25	35.199282594471505	36.0	36.0	36.0	36.0	36.0
26	35.17704296528261	36.0	36.0	36.0	36.0	36.0
27	35.16363289442696	36.0	36.0	36.0	36.0	36.0
28	35.16369643237094	36.0	36.0	36.0	36.0	36.0
29	35.14798806064709	36.0	36.0	36.0	36.0	36.0
30	35.12603707388451	36.0	36.0	36.0	36.0	36.0
31	35.11269126354234	36.0	36.0	36.0	36.0	36.0
32	35.09881836284155	36.0	36.0	36.0	36.0	36.0
33	35.093157897956715	36.0	36.0	36.0	36.0	36.0
34	35.081044694824946	36.0	36.0	36.0	36.0	36.0
35	35.055877599425685	36.0	36.0	36.0	36.0	36.0
36	35.05416768355805	36.0	36.0	36.0	36.0	36.0
37	35.04945897550012	36.0	36.0	36.0	36.0	36.0
38	35.025170915423786	36.0	36.0	36.0	36.0	36.0
39	35.01375749167474	36.0	36.0	36.0	36.0	36.0
40	35.00177461638622	36.0	36.0	36.0	36.0	36.0
41	34.99230430156471	36.0	36.0	36.0	36.0	36.0
42	34.97969537535141	36.0	36.0	36.0	36.0	36.0
43	34.97086512100394	36.0	36.0	36.0	36.0	36.0
44	34.9577045308956	36.0	36.0	36.0	36.0	36.0
45	34.939434690966586	36.0	36.0	36.0	36.0	36.0
46	34.933020580426984	36.0	36.0	36.0	36.0	36.0
47	34.925353734673635	36.0	36.0	36.0	36.0	36.0
48	34.8894885498776	36.0	36.0	36.0	36.0	36.0
49	34.88246091575115	36.0	36.0	36.0	36.0	36.0
50	34.87273967059782	36.0	36.0	36.0	36.0	36.0
51	34.84804252027215	36.0	36.0	36.0	36.0	36.0
52	34.830530586483434	36.0	36.0	36.0	36.0	36.0
53	34.814540688449775	36.0	36.0	36.0	36.0	36.0
54	34.788399992909284	36.0	36.0	36.0	36.0	36.0
55	34.77055321311391	36.0	36.0	36.0	36.0	36.0
56	34.75166194706366	36.0	36.0	36.0	36.0	36.0
57	34.73137599955129	36.0	36.0	36.0	36.0	36.0
58	34.710674273822384	36.0	36.0	36.0	36.0	36.0
59	34.68598795047252	36.0	36.0	36.0	32.0	36.0
60	34.6685051746961	36.0	36.0	36.0	32.0	36.0
61	34.648142772749196	36.0	36.0	36.0	32.0	36.0
62	34.62194009695883	36.0	36.0	36.0	32.0	36.0
63	34.59987738268849	36.0	36.0	36.0	32.0	36.0
64	34.57299624619214	36.0	36.0	36.0	32.0	36.0
65	34.5436576324947	36.0	36.0	36.0	32.0	36.0
66	34.504031781287395	36.0	36.0	36.0	32.0	36.0
67	34.49402548685759	36.0	36.0	36.0	32.0	36.0
68	34.46205382693838	36.0	36.0	36.0	32.0	36.0
69	34.44481324030492	36.0	36.0	36.0	32.0	36.0
70	34.40453851665295	36.0	36.0	36.0	32.0	36.0
71	34.38576323867989	36.0	36.0	36.0	32.0	36.0
72	34.36480520477832	36.0	36.0	36.0	32.0	36.0
73	34.32185701312025	36.0	36.0	36.0	32.0	36.0
74	34.287353216719644	36.0	36.0	36.0	32.0	36.0
75	33.5664943756459	36.0	36.0	36.0	27.0	36.0
>>END_MODULE
>>Per sequence quality scores	pass
#Quality	Count
2	7601.0
3	0.0
4	0.0
5	0.0
6	0.0
7	0.0
8	0.0
9	0.0
10	1.0
11	4.0
12	34.0
13	109.0
14	310.0
15	303.0
16	227.0
17	315.0
18	472.0
19	854.0
20	2334.0
21	5751.0
22	11668.0
23	21083.0
24	36936.0
25	62869.0
26	100661.0
27	148846.0
28	208949.0
29	282053.0
30	370309.0
31	488018.0
32	671101.0
33	1056614.0
34	2468827.0
35	1.4813E7
>>END_MODULE
>>Per base sequence content	fail
#Base	G	A	T	C
1	43.62607181362159	17.979469537157378	11.462248839213037	26.932209810007997
2	16.49456919169516	19.833510950887202	35.487211415648446	28.18470844176919
3	18.84080494133857	21.263116563792792	28.350759439357613	31.54531905551103
4	13.128029127329425	14.97521762732545	35.23095638924047	36.66579685610466
5	14.862615938410272	35.050660807917716	34.319186196485745	15.767537057186267
6	35.14683749454501	34.821494659122976	15.956111051999338	14.075556794332671
7	31.130076994366906	29.486356938976606	20.109540215793945	19.274025850862543
8	26.948558495209635	34.40283393396033	19.419142036333692	19.229465534496345
9	24.82786427371937	15.381327786593141	19.442460666256483	40.34834727343101
10	14.275299966537597	27.34592452609065	34.579750003469606	23.79902550390215
11	34.73558341005013	22.375813236616196	23.32735694051865	19.56124641281502
12	22.335276697060397	23.99650861464111	30.789896783137415	22.878317905161076
13	28.15401456308434	20.292855777044792	25.9457032039094	25.607426455961473
14	20.635652647924637	20.202824373273874	27.039452481075237	32.12207049772625
15	23.01831831283372	29.104293953472055	23.039555302165926	24.837832431528298
16	23.054527769452843	28.341133713008194	25.0984619327352	23.50587658480376
17	21.926701917842863	27.871434596423377	27.171813053112697	23.030050432621064
18	22.45312877004262	27.587405475310828	27.557142732539663	22.402323022106884
19	22.818180065734307	27.020616668755	27.36679164538173	22.79441162012896
20	22.793992426007172	26.91532068611011	27.443980296785714	22.846706591097007
21	22.66068562263822	26.59259705812011	27.26521633721916	23.48150098202251
22	22.586841859116483	26.53519201354201	27.50819015964541	23.369775967696103
23	22.65747008523285	26.599691667505155	27.299728445349626	23.44310980191237
24	22.688180442463885	26.455555288372455	27.5569418449644	23.29932242419926
25	22.94247179038187	26.422437115929064	27.15806927989597	23.4770218137931
26	22.457992091063996	26.78142392849301	27.378652118820263	23.38193186162273
27	22.49294859298375	26.747282632923692	27.402612267677075	23.357156506415485
28	22.574288143939253	26.648000356999074	27.419649425750986	23.358062073310684
29	22.336823798145296	26.803313379329037	27.52546089759574	23.334401924929928
30	22.499930477749675	26.871422104258507	27.38066234631064	23.24798507168118
31	22.86652164198426	26.86149442383052	27.17883070186921	23.09315323231601
32	22.289453945145066	26.942773532954817	27.553812090748796	23.21396043115132
33	22.4327423623475	26.779619226572226	27.623399447555723	23.164238963524546
34	22.469215929236892	26.53795281441038	27.778106859234104	23.214724397118623
35	22.392583188325588	26.782124889933517	27.629768774214327	23.19552314752657
36	22.53757618761923	27.12832836787368	27.48724990560975	22.846845538897337
37	22.6187533510649	26.863399397373612	27.28950081384985	23.228346437711643
38	22.501433302154076	27.176879636712574	27.30021426836441	23.021472792768932
39	22.554209432420254	27.03896504741614	27.499254543569606	22.907570976593995
40	22.571786032393433	26.783878995850728	27.478188041896566	23.166146929859273
41	22.569967774759274	26.963610964691252	27.487951737440554	22.978469523108917
42	22.452102672282358	27.042789454595155	27.51360819693745	22.99149967618504
43	22.5601156453976	26.824964905752296	27.437987760030968	23.17693168881913
44	22.48378825352451	27.15659202279786	27.462341781146787	22.89727794253084
45	22.547609152194887	27.045557620695565	27.37671365666383	23.030119570445716
46	22.656894923676248	27.090815562109867	27.244421809851254	23.007867704362635
47	22.467649062877246	27.17804683317973	27.416713276917974	22.937590827025048
48	22.42393373655057	27.117497767872834	27.3380365377944	23.12053195778219
49	22.61552896895709	26.971075064294265	27.449009048322676	22.964386918425976
50	22.547170493725577	27.139631477415314	27.375729714827134	22.937468314031968
51	22.630518735584683	27.118854503137403	27.311295192607854	22.93933156867006
52	22.602695155715267	27.07324010078577	27.298314647397635	23.025750096101323
53	22.530314013553106	27.00086993181008	27.435582751618554	23.033233303018267
54	22.666101805504248	27.279149250479623	27.29192587201051	22.762823072005617
55	22.666543369218843	27.0504163166614	27.22325222087821	23.059788093241547
56	22.74045692850835	27.238988943929904	27.137751321811045	22.882802805750703
57	22.565156352220978	27.114264974909563	27.30468761648135	23.015891056388107
58	22.54057121459222	26.97384950066461	27.335545533102202	23.15003375164097
59	22.461528904054635	27.11711796457071	27.373995316621873	23.04735781475278
60	22.61107266867093	27.126040392308763	27.35381409857241	22.909072840447894
61	22.800144989380495	27.132466583450217	27.18487025302356	22.882518174145723
62	22.71153902892379	27.253129886606153	27.1710939113502	22.864237173119857
63	22.677512676618854	27.287923792301665	27.160883055497898	22.87368047558158
64	22.717421810223602	27.02863312595843	27.125382323332214	23.12856274048575
65	22.578814958074997	27.140071690818772	27.28885631512352	22.992257035982707
66	22.66594055573607	27.23230629005467	27.083842066123324	23.01791108808594
67	22.69339917589111	27.092932778443725	27.174415074403136	23.03925297126203
68	22.702928608235514	27.33602762187538	27.23318654914999	22.727857220739118
69	22.944545526186193	27.23413257654197	27.13328727685125	22.688034620420588
70	22.999011879869393	27.0378494965352	27.07135168314846	22.89178694044695
71	22.822496051134042	27.3138625236877	27.01828983166766	22.845351593510603
72	22.82444952255826	27.44886217306441	27.210431962180525	22.5162563421968
73	23.529706602730382	28.042195880656863	27.27525500449552	21.152842512117235
74	24.805549170995995	30.429620739275354	27.326490029504118	17.438340060224533
75	30.372313663156742	40.85974929772942	28.76793703911384	0.0
>>END_MODULE
>>Per base GC content	fail
#Base	%GC
1	70.55828162362958
2	44.67927763346435
3	50.3861239968496
4	49.79382598343409
5	30.630152995596543
6	49.22239428887769
7	50.404102845229446
8	46.17802402970598
9	65.17621154715037
10	38.074325470439746
11	54.296829822865156
12	45.21359460222148
13	53.761441019045805
14	52.75772314565089
15	47.85615074436202
16	46.560404354256605
17	44.95675235046392
18	44.85545179214951
19	45.612591685863265
20	45.64069901710418
21	46.14218660466073
22	45.95661782681258
23	46.100579887145216
24	45.98750286666314
25	46.41949360417497
26	45.83992395268673
27	45.85010509939924
28	45.93235021724993
29	45.671225723075224
30	45.74791554943085
31	45.95967487430027
32	45.503414376296384
33	45.59698132587205
34	45.68394032635552
35	45.58810633585216
36	45.384421726516564
37	45.84709978877654
38	45.52290609492301
39	45.46178040901425
40	45.73793296225271
41	45.54843729786819
42	45.4436023484674
43	45.73704733421673
44	45.38106619605535
45	45.5777287226406
46	45.664762628038886
47	45.40523988990229
48	45.54446569433276
49	45.579915887383066
50	45.48463880775754
51	45.56985030425474
52	45.628445251816586
53	45.563547316571366
54	45.42892487750987
55	45.726331462460394
56	45.62325973425905
57	45.58104740860908
58	45.69060496623319
59	45.50888671880741
60	45.52014550911882
61	45.68266316352622
62	45.57577620204364
63	45.55119315220043
64	45.84598455070935
65	45.571071994057704
66	45.68385164382201
67	45.73265214715314
68	45.43078582897463
69	45.632580146606784
70	45.89079882031634
71	45.667847644644645
72	45.340705864755066
73	44.68254911484762
74	42.24388923122053
75	30.372313663156742
>>END_MODULE
>>Per sequence GC content	warn
#GC Content	Count
0	7603.0
1	3802.5
2	6.0
3	20.0
4	30.5
5	45.0
6	76.5
7	134.5
8	174.5
9	265.0
10	525.0
11	992.0
12	1309.5
13	1904.5
14	3539.5
15	6266.0
16	8487.5
17	12654.5
18	21698.0
19	33759.5
20	42604.5
21	56890.5
22	84018.5
23	115548.5
24	137214.5
25	164949.5
26	212602.0
27	262031.0
28	294781.5
29	334975.5
30	399789.0
31	463324.5
32	504917.5
33	552046.5
34	631051.5
35	705668.0
36	749669.0
37	793446.0
38	842791.5
39	878678.0
40	903701.0
41	913990.0
42	919899.0
43	920116.5
44	920905.0
45	914189.0
46	891638.0
47	865472.0
48	852337.0
49	834092.0
50	798769.0
51	765591.0
52	748511.5
53	734805.0
54	709047.5
55	681674.0
56	665536.5
57	648090.0
58	612458.0
59	566724.0
60	529573.0
61	490273.0
62	437377.0
63	384548.0
64	343578.5
65	309305.0
66	264295.0
67	218336.0
68	186049.0
69	162124.0
70	132374.0
71	103001.5
72	83410.0
73	70458.0
74	56078.5
75	43147.5
76	34826.5
77	29259.5
78	23166.5
79	17581.5
80	13994.0
81	11631.0
82	8872.0
83	6100.0
84	4408.0
85	3595.0
86	2644.5
87	1707.0
88	1314.5
89	1066.5
90	723.5
91	500.5
92	400.5
93	435.5
94	399.0
95	250.5
96	180.5
97	135.5
98	71.0
99	46.0
100	41.0
>>END_MODULE
>>Per base N content	pass
#Base	N-Count
1	0.06874526144948692
2	0.03725568299701015
3	0.0367306158329716
4	0.03662945610412014
5	0.03663909036401076
6	0.03661500471428422
7	0.03661500471428422
8	0.03661500471428422
9	0.03661500471428422
10	0.03661500471428422
11	0.03661500471428422
12	0.03661500471428422
13	0.03661500471428422
14	0.03661500471428422
15	0.037188243177775845
16	0.04015559522408542
17	0.03661500471428422
18	0.03689921538105738
19	0.043590208875089846
20	0.037144889008268074
21	0.037034095019525995
22	0.037679590432197235
23	0.0367306158329716
24	0.03742909967504123
25	0.04106603278374858
26	0.04846514437974129
27	0.04741982718160951
28	0.04092151888538935
29	0.04429350984710478
30	0.05056059590595016
31	0.05104712603042625
32	0.06544552743695112
33	0.04820501936269467
34	0.0542505174440559
35	0.07757506063923603
36	0.015397952491605586
37	0.021989671988035534
38	0.02082791040276502
39	0.032663499308727896
40	0.03976557079224373
41	0.02362754647619467
42	0.03327835541100121
43	0.043112623203159714
44	0.031179167908614303
45	0.03760435910775208
46	0.024560125301153053
47	0.03465264679743841
48	0.06574117040311964
49	0.03646987159947905
50	0.03663464423145331
51	0.05111384866687273
52	0.04934428872791435
53	0.0344126120349949
54	0.058571481167420635
55	0.04526010348690487
56	0.0386522016333093
57	0.05292798305835504
58	0.04229277518479487
59	0.03828838292849417
60	0.02983378843263995
61	0.04803326299780195
62	0.023617319971029945
63	0.03703428755738518
64	0.053892033138572035
65	0.030719430093843862
66	0.038745967835456384
67	0.038075645861919784
68	0.022318111484871395
69	0.023556342655859083
70	0.04254491951387995
71	0.022585549765260185
72	0.01448802325088697
73	0.027172425051116188
74	0.020587828323889234
75	0.047957603589210925
>>END_MODULE
>>Sequence Length Distribution	warn
#Length	Count
35	9737.0
36	3409.0
37	4704.0
38	5715.0
39	6697.0
40	7411.0
41	8413.0
42	9250.0
43	10609.0
44	12191.0
45	13466.0
46	14102.0
47	15032.0
48	16011.0
49	16324.0
50	16846.0
51	17549.0
52	18272.0
53	19627.0
54	21337.0
55	22123.0
56	22990.0
57	24226.0
58	24482.0
59	25741.0
60	25849.0
61	26132.0
62	27396.0
63	28606.0
64	30720.0
65	32823.0
66	32701.0
67	34723.0
68	36311.0
69	44822.0
70	60106.0
71	141210.0
72	513726.0
73	1463792.0
74	4555203.0
75	1.3338865E7
>>END_MODULE
>>Sequence Duplication Levels	warn
#Total Duplicate Percentage	37.2500061559676
#Duplication Level	Relative count
1	100.0
2	24.482604362055298
3	11.022861941499173
4	6.075327468077258
5	3.6211808471397067
6	2.3882213519389093
7	1.6520558481207375
8	1.1945030882849228
9	0.9072572733622672
10++	5.620914006765188
>>END_MODULE
>>Overrepresented sequences	pass
>>END_MODULE
>>Kmer Content	warn
#Sequence	Count	Obs/Exp Overall	Obs/Exp Max	Max Obs/Exp Position
AAAAA	6250880	3.1851661	6.4349384	71
CCTGG	3387565	3.0041506	11.972064	3
TTTTT	6055470	2.9184077	5.1136775	71
CCAGG	3249470	2.9139707	13.540944	3
CCCAG	3107885	2.7708342	12.119878	2
CTGGG	3012975	2.6875508	10.61883	4
CCAGC	2900260	2.585726	6.8641095	3
CAGCA	3267025	2.5362446	7.095762	4
GCTGG	2814850	2.510825	6.2928596	3
GGAGG	2763035	2.5067623	5.836612	6
TGCTG	3244365	2.4775267	6.646018	2
TCCAG	3174960	2.437465	9.64182	2
CAGGA	3018310	2.356837	10.809204	4
AGGAG	2977580	2.3386014	7.6680613	5
CAGCC	2616130	2.33241	5.5130925	9
CTCCA	3036315	2.3175008	7.1497293	1
CTGGA	2979695	2.3009067	8.751359	4
CTCCT	3046805	2.2997422	6.5883083	1
AGCAG	2928105	2.2864008	5.735831	7
GGCTG	2556500	2.2803783	8.492007	7
TCCTG	2996320	2.2748342	9.200602	2
CTGCT	2995470	2.274189	6.716738	9
CCTGC	2526535	2.227575	6.4884915	3
GGCAG	2468735	2.2267637	6.315739	7
GCTGC	2497340	2.2146838	5.7795634	8
CAGAG	2816710	2.1994185	8.246178	4
GCAGG	2435255	2.1965652	6.643347	3
CTGCA	2856850	2.193247	6.7367067	4
CTGCC	2475490	2.18257	5.751579	9
TGCAG	2818770	2.1766412	6.7445	2
CCCTG	2461530	2.170262	9.137828	2
CTCTG	2828080	2.147105	7.6034737	2
TGGAG	2736035	2.125083	6.560621	5
GCCTG	2392220	2.1214616	7.3717017	7
CAGGG	2329690	2.1013472	9.733256	4
AGCTG	2705105	2.0888693	6.1487055	7
CACAG	2636160	2.0464938	7.33918	7
CTGGC	2283250	2.024825	5.4850674	4
CAGAA	2991250	2.0220156	5.5377984	4
CAGGC	2251640	2.0191638	6.2925754	4
GCCAG	2250670	2.018294	5.5152225	2
GGAGA	2569270	2.0179133	5.6726637	6
CTGTG	2607905	1.9915003	9.288643	9
CTCAG	2568560	1.9719225	6.4598155	2
GGGAG	2165640	1.9647758	5.522011	7
CCCCA	2211030	1.9598066	6.984823	1
CTGAG	2516195	1.942994	6.0464025	4
TTCTG	2947300	1.9268167	5.079521	2
CCAGA	2437810	1.8925115	7.113143	3
GGCCA	2073015	1.8589815	6.3403583	1
CCTCT	2435460	1.8382963	5.520697	1
TGGGG	2034460	1.825313	6.0990567	5
TCTGG	2381470	1.8185854	6.32671	3
CAGTG	2332445	1.8011031	6.886151	9
CACTG	2345555	1.8007182	7.6861734	7
AGAGG	2292300	1.8003802	5.379449	5
ACCTG	2321490	1.7822431	5.5022388	7
TGGCC	1979540	1.75549	5.7318244	5
CCTGA	2255560	1.7316277	5.720965	3
GAGAG	2163130	1.6989295	5.5153484	7
GCCCA	1904595	1.6980412	7.8685546	1
ACAGA	2508625	1.6957722	5.972344	8
TCAGG	2161345	1.6689805	6.019421	3
AGGTG	2063220	1.6025063	5.2302513	7
GGCCT	1802160	1.5981864	5.30713	6
CCTGT	2104910	1.5980674	5.6740236	8
TGGGC	1775385	1.5836297	6.4668345	5
ACAGG	2020750	1.5778958	5.08593	8
GGGCC	1519315	1.5738176	5.430051	6
AGGCC	1747180	1.5667881	5.120828	5
ACACA	2307610	1.5508405	6.6004124	6
AGCCT	2019780	1.5506158	5.2993565	6
GTGTG	1977575	1.518968	6.857416	1
TGTGT	2305365	1.5159429	5.8998384	10
CACAC	1950560	1.505466	7.1242003	5
ACAGC	1909180	1.4821274	5.8349805	8
AGGCT	1915935	1.479476	5.1380925	6
GCTGT	1911205	1.4594724	5.4215117	8
GCCCT	1643580	1.4490983	5.9800057	1
GACAG	1853340	1.4471743	7.557245	7
CTGTC	1902500	1.4443957	5.8505073	9
GGGCT	1606780	1.4332355	6.1394396	6
AGACA	2080370	1.4062818	5.964782	6
AGAGC	1757575	1.3723965	5.1760044	5
AGGGC	1513520	1.3651735	5.9026985	5
GGACA	1660170	1.2963381	6.4714384	6
ACTGC	1618475	1.2425277	5.3565173	8
GTCCT	1636535	1.2424729	7.358136	1
GTGCT	1605075	1.2256993	5.718831	1
AGGAC	1526100	1.1916499	7.8957057	5
GTCCA	1552115	1.1915823	6.7839494	1
AGCAC	1523690	1.1828653	5.783692	5
TGTGC	1538305	1.1747111	5.6694975	10
GTCTT	1752510	1.1457152	5.0266848	1
TGGAC	1420525	1.0969228	6.2226663	5
ACAGT	1631990	1.0909648	6.022779	8
GTGCA	1401360	1.0821238	5.9319506	1
ACTGT	1627960	1.0762134	6.622969	8
GACTG	1375735	1.0623361	6.4205236	7
TGCAC	1370060	1.0518159	5.618708	5
GCACT	1320755	1.0139637	5.0959377	6
AGACT	1513245	1.0115852	5.451907	6
GGACC	1106820	0.9925437	5.301387	6
ACACT	1449400	0.9632842	5.1596117	6
GGACT	1240100	0.9575994	5.5726776	6
GTGTA	982565	0.65334564	5.716725	1
>>END_MODULE
