##FastQC	0.10.1
>>Basic Statistics	pass
#Measure	Value	
Filename	029-F5_S4_L002_R1_001.fastq.gz	
File type	Conventional base calls	
Encoding	Sanger / Illumina 1.9	
Total Sequences	24451762	
Filtered Sequences	0	
Sequence length	35-76	
%GC	46	
>>END_MODULE
>>Per base sequence quality	pass
#Base	Mean	Median	Lower Quartile	Upper Quartile	10th Percentile	90th Percentile
1	31.361339890352276	32.0	32.0	32.0	32.0	32.0
2	31.393612942903665	32.0	32.0	32.0	32.0	32.0
3	31.5028819191026	32.0	32.0	32.0	32.0	32.0
4	31.593224897248714	32.0	32.0	32.0	32.0	32.0
5	31.546983648867513	32.0	32.0	32.0	32.0	32.0
6	35.18282146701739	36.0	36.0	36.0	36.0	36.0
7	35.18710929707233	36.0	36.0	36.0	36.0	36.0
8	35.11909035430657	36.0	36.0	36.0	36.0	36.0
9	35.25859858279334	36.0	36.0	36.0	36.0	36.0
10-14	35.18889333210425	36.0	36.0	36.0	36.0	36.0
15-19	35.14110183961385	36.0	36.0	36.0	36.0	36.0
20-24	35.09807815894821	36.0	36.0	36.0	36.0	36.0
25-29	34.99902608245573	36.0	36.0	36.0	36.0	36.0
30-34	34.91745117591116	36.0	36.0	36.0	36.0	36.0
35-39	34.892475750075526	36.0	36.0	36.0	36.0	36.0
40-44	34.83675263484628	36.0	36.0	36.0	36.0	36.0
45-49	34.753687149223296	36.0	36.0	36.0	35.2	36.0
50-54	34.63775319478849	36.0	36.0	36.0	32.0	36.0
55-59	34.50295364619261	36.0	36.0	36.0	32.0	36.0
60-64	34.349013564572545	36.0	36.0	36.0	32.0	36.0
65-69	34.20392626204313	36.0	36.0	36.0	32.0	36.0
70-74	34.08763751018559	36.0	36.0	36.0	32.0	36.0
75-76	33.42357496012289	36.0	34.0	36.0	26.5	36.0
>>END_MODULE
>>Per sequence quality scores	pass
#Quality	Count
2	41794.0
3	0.0
4	0.0
5	0.0
6	0.0
7	0.0
8	0.0
9	0.0
10	0.0
11	0.0
12	0.0
13	0.0
14	0.0
15	0.0
16	5.0
17	12.0
18	89.0
19	563.0
20	2544.0
21	6896.0
22	14876.0
23	28161.0
24	51220.0
25	87464.0
26	139200.0
27	208071.0
28	290215.0
29	389582.0
30	510234.0
31	673158.0
32	928654.0
33	1474516.0
34	3466200.0
35	1.6138308E7
>>END_MODULE
>>Per base sequence content	fail
#Base	G	A	T	C
1	42.370176634357655	18.843713939035478	12.136168087244375	26.649941339362492
2	15.878442555224492	19.45831776762245	37.40122114922201	27.26201852793104
3	19.164228932433407	21.672966963242303	27.875356790805327	31.287447313518964
4	13.021212000421631	15.088544574254662	35.52289768880335	36.36734573652036
5	14.87203096702134	35.0318402711548	34.12395706540869	15.972171696415169
6	34.72898858368024	34.880971576857455	16.2118606628243	14.178179176638004
7	30.501092832239678	29.128485543282974	20.52871597373663	19.841705650740714
8	26.209140438501176	35.33105368665031	19.50728808116273	18.95251779368579
9	24.595897419384627	15.986376540749585	20.04217296116875	39.37555307869704
10-14	24.157869593088062	22.929802581443557	28.158792233067075	24.753535592401306
15-19	22.649816159292982	28.038754345831002	25.956721089430513	23.3547084054455
20-24	22.721695120787253	26.638493867676726	27.36046905646392	23.279341955072102
25-29	22.663537145473974	26.675392033333722	27.25625741664838	23.40481340454392
30-34	22.64719962076779	26.737466129227123	27.36580647743593	23.249527772569156
35-39	22.714982000258395	26.94243157727692	27.221182787546077	23.121403634918604
40-44	22.73388036227133	26.853056936566954	27.26650844574384	23.146554255417875
45-49	22.746723058922093	27.007654533199844	27.13195714041909	23.113665267458973
50-54	22.796359043880283	27.00603207987285	27.122466338156027	23.075142538090844
55-59	22.797136398001435	26.984708773889565	27.069834051568037	23.148320776540963
60-64	22.886190289331505	27.06628872843806	27.001569778957833	23.0459512032726
65-69	22.872972126395467	27.106900906525865	27.016503379272528	23.003623587806143
70-74	23.140958089921195	27.320381366686377	26.967536298014295	22.57112424537813
75-76	27.401799842545355	34.66030787942545	27.8236951287608	10.114197149268398
>>END_MODULE
>>Per base GC content	fail
#Base	%GC
1	69.02011797372015
2	43.140461083155536
3	50.45167624595237
4	49.388557736942
5	30.84420266343651
6	48.907167760318245
7	50.3427984829804
8	45.161658232186966
9	63.97145049808166
10-14	48.911405185489365
15-19	46.00452456473848
20-24	46.00103707585935
25-29	46.0683505500179
30-34	45.896727393336946
35-39	45.836385635177
40-44	45.88043461768921
45-49	45.86038832638106
50-54	45.871501581971124
55-59	45.945457174542405
60-64	45.9321414926041
65-69	45.87659571420161
70-74	45.71208233529933
75-76	37.51599699181375
>>END_MODULE
>>Per sequence GC content	warn
#GC Content	Count
0	41814.0
1	20919.0
2	31.5
3	63.5
4	89.0
5	119.0
6	207.5
7	385.0
8	514.5
9	687.0
10	1244.0
11	2245.5
12	2896.5
13	3767.5
14	6258.5
15	10550.5
16	17088.5
17	22200.0
18	30574.5
19	46833.5
20	67152.5
21	81973.5
22	103883.0
23	143394.0
24	184824.5
25	212023.0
26	247361.5
27	304591.0
28	361742.5
29	401229.5
30	447827.0
31	520211.0
32	589555.5
33	635418.0
34	693625.0
35	778527.5
36	852102.5
37	901104.0
38	944939.0
39	996518.0
40	1026200.0
41	1038160.5
42	1050856.0
43	1057924.0
44	1052388.5
45	1037276.5
46	1027708.5
47	1013976.0
48	986434.0
49	959202.0
50	941980.5
51	921406.0
52	891440.0
53	865771.0
54	855332.0
55	844896.0
56	821186.0
57	796996.5
58	776108.5
59	735719.0
60	676780.5
61	611705.5
62	559185.5
63	508237.0
64	441826.5
65	380786.0
66	318882.0
67	274325.0
68	239285.5
69	195737.5
70	153279.0
71	123968.0
72	103494.0
73	81369.5
74	61307.0
75	48596.5
76	40475.5
77	31710.5
78	23644.0
79	18654.5
80	15704.5
81	12261.5
82	8677.5
83	6464.0
84	5138.0
85	3766.5
86	2571.5
87	1857.0
88	1446.5
89	1080.0
90	770.0
91	552.5
92	458.0
93	401.5
94	300.5
95	208.0
96	166.0
97	141.0
98	100.5
99	81.0
100	79.0
>>END_MODULE
>>Per base N content	pass
#Base	N-Count
1	0.20956771949604286
2	0.17096927411611482
3	0.17094882569198896
4	0.17116557898772283
5	0.170924287583038
6	0.170924287583038
7	0.170924287583038
8	0.17110832340017051
9	0.1709856328554155
10-14	0.17097908935969522
15-19	0.17172014025001553
20-24	0.17166779228425338
25-29	0.1730746438641109
30-34	0.17357849303457148
35-39	0.038490898530895434
40-44	0.004263498469346268
45-49	0.002874129655250644
50-54	0.00448515082283987
55-59	9.792332924630938E-4
60-64	8.524642601990955E-4
65-69	0.0012621777772595132
70-74	0.0025487446292073073
75-76	0.010128791144670237
>>END_MODULE
>>Sequence Length Distribution	warn
#Length	Count
35	55170.0
36	19915.0
37	25679.0
38	28080.0
39	30268.0
40	30111.0
41	31885.0
42	33365.0
43	35778.0
44	39183.0
45	41767.0
46	43877.0
47	45418.0
48	46594.0
49	48085.0
50	47627.0
51	49260.0
52	50094.0
53	51805.0
54	54124.0
55	55899.0
56	57950.0
57	58989.0
58	59902.0
59	61267.0
60	61503.0
61	60197.0
62	62124.0
63	63598.0
64	66500.0
65	67477.0
66	70515.0
67	70495.0
68	71632.0
69	75453.0
70	81189.0
71	100161.0
72	194769.0
73	605583.0
74	1648068.0
75	5180554.0
76	1.4869852E7
>>END_MODULE
>>Sequence Duplication Levels	warn
#Total Duplicate Percentage	38.42216185147158
#Duplication Level	Relative count
1	100.0
2	24.810524468271822
3	11.236098479408996
4	6.306543487626251
5	3.933910934533212
6	2.5593158138273258
7	1.7535461841622388
8	1.2980071163020759
9	0.9437875959344534
10++	6.716608427871651
>>END_MODULE
>>Overrepresented sequences	warn
#Sequence	Count	Percentage	Possible Source
NNNNNNNNNNNNNNNNNNNNNNNNNNNNNNNNNNN	41794	0.170924287583038	No Hit
>>END_MODULE
>>Kmer Content	warn
#Sequence	Count	Obs/Exp Overall	Obs/Exp Max	Max Obs/Exp Position
AAAAA	8148225	3.5421782	6.6034794	72
TTTTT	7643970	3.1863613	5.652826	72
CCTGG	4121180	3.0796728	11.89589	3
CCAGG	3926315	2.9587915	12.727794	3
CCCAG	3779000	2.8359797	10.975144	2
CTGGG	3719280	2.790904	10.08958	4
CCAGC	3487900	2.6175213	6.7129855	3
GGAGG	3378205	2.5669732	6.083358	6
GCTGG	3350385	2.5140893	5.905566	3
CAGCA	3753415	2.4599361	7.1045985	4
TCCAG	3756385	2.4413	9.918058	2
TGCTG	3720610	2.4078083	6.6997385	2
CAGCC	3175535	2.3831046	5.52277	9
CAGGA	3615940	2.3796961	10.693054	4
AGGAG	3579865	2.3657563	7.6101274	5
CTCCA	3640310	2.3560603	7.4707594	1
CTCCT	3611295	2.3177397	6.887692	1
GGCTG	3085260	2.3151429	8.075859	7
TCCTG	3575920	2.304584	9.656661	2
CTGGA	3509680	2.290454	8.97777	4
CCTGC	3020030	2.2474558	6.452334	3
CTGCA	3449605	2.2419212	6.9307494	4
GGCAG	2947255	2.2302318	5.744212	7
GCAGG	2945920	2.2292216	6.726038	3
CAGAG	3381325	2.225293	7.521704	4
TGCAG	3405435	2.2224226	7.000701	2
CCCTG	2965835	2.207125	8.676589	2
AGCAG	3337945	2.196744	5.256547	7
CTGCT	3395140	2.188076	6.586455	9
GCCTG	2925040	2.185822	6.865604	7
CTGCC	2931280	2.1814096	5.656109	9
CTCTG	3359255	2.1649492	7.1918406	2
TGGAG	3272155	2.1443267	6.67741	5
CAGGG	2829720	2.1412911	9.178774	4
GCTGC	2814110	2.102926	5.5289536	8
CACAG	3174615	2.0805986	7.425139	7
CAGGC	2746000	2.06933	6.1591725	4
AGCTG	3154165	2.0584412	5.717088	7
CTGTG	3163190	2.0470715	9.129483	9
GGAGA	3046750	2.0134468	5.8503566	6
GGGAG	2646955	2.0113232	5.120587	7
GCCAG	2665290	2.0085087	5.1041	2
CTGGC	2686985	2.0079284	5.1132345	4
CTCAG	3081400	2.0026226	6.206949	2
CTGAG	3038345	1.9828557	5.710468	4
CCCCA	2642355	1.9747602	6.414266	1
CAGAA	3422365	1.9588203	5.5184326	4
TCCCA	2916850	1.8878267	5.258094	2
TTCTG	3365140	1.8781601	5.217029	2
CAGTG	2858005	1.8651639	6.6552253	9
CACTG	2862585	1.8604128	7.750553	7
CCAGA	2838225	1.8601334	6.7356253	3
TGGGG	2466545	1.8585664	5.4977508	5
GGCCA	2465600	1.8580263	5.7245035	1
CCTCT	2855965	1.8329666	5.2049375	1
AGAGG	2744905	1.8139724	5.0128	5
TCTGG	2789060	1.8049518	6.1453137	3
ACCTG	2772070	1.8015865	5.219672	7
TGGCC	2380715	1.7790592	5.2592106	5
CCTGA	2676660	1.7395792	5.586684	3
GCCCA	2282045	1.7125782	6.601284	1
ACAGA	2974445	1.7024494	5.955068	8
TCAGG	2585840	1.6875463	5.9944625	3
GAGAG	2534075	1.6746452	5.5269046	7
AGGTG	2505115	1.6416658	5.1197977	7
CCTGT	2538760	1.6361622	5.5007186	8
TGGGC	2179240	1.635276	6.0300894	5
ACAGG	2448235	1.6112145	5.079363	8
ACACA	2724295	1.5528139	6.4242964	6
GTGTG	2336200	1.5181714	6.3963547	1
CACAC	2321315	1.5150546	6.6355076	5
TGTGT	2689600	1.5073714	5.73279	10
ACAGC	2268475	1.486727	5.8655386	8
GCTGT	2260735	1.463044	5.1551967	8
GCCCT	1961160	1.4594625	5.3784046	1
CTGTC	2262670	1.4582298	5.9086537	9
GACAG	2212530	1.4560941	7.154886	7
GGGCT	1928390	1.447041	5.6969743	6
AGGGC	1845260	1.3963357	5.4798055	5
AGACA	2423000	1.3868251	5.518227	6
GGACA	1968895	1.2957548	6.2576737	6
ACTGC	1973525	1.282607	5.4695063	8
GTGCT	1927120	1.2471437	5.689192	1
GTCCT	1926735	1.2417287	7.2558317	1
TGTGC	1862715	1.2054638	5.6674643	10
GTCCA	1842250	1.1972905	6.8137283	1
AGCAC	1826825	1.1972758	5.7705374	5
AGGAC	1816985	1.1957809	7.3998013	5
GTCTT	2038665	1.1378247	5.2485924	1
GTCCC	1515420	1.1277503	5.120366	1
GTGCA	1712380	1.1175171	5.9165874	1
ACAGT	1968790	1.117433	5.9424386	8
TGCAC	1715200	1.1147199	5.672007	5
TGGAC	1698325	1.1083447	6.185698	5
ACTGT	1953195	1.0993129	6.7010503	8
GACTG	1625030	1.0605116	6.165142	7
GCACT	1626965	1.0573753	5.129568	6
AGACT	1796695	1.0197563	5.1557436	6
ACACT	1731500	0.97868174	5.225213	6
GGACT	1478520	0.96489763	5.4120646	6
GTGTA	1194865	0.6753014	5.8233886	1
TACAC	1146195	0.64785457	5.1064744	5
>>END_MODULE
