##FastQC	0.10.1
>>Basic Statistics	pass
#Measure	Value	
Filename	032-F5_S3_L001_R1_001.fastq.gz	
File type	Conventional base calls	
Encoding	Sanger / Illumina 1.9	
Total Sequences	44198442	
Filtered Sequences	0	
Sequence length	35-76	
%GC	45	
>>END_MODULE
>>Per base sequence quality	pass
#Base	Mean	Median	Lower Quartile	Upper Quartile	10th Percentile	90th Percentile
1	31.30304425662787	32.0	32.0	32.0	32.0	32.0
2	31.37656906548878	32.0	32.0	32.0	32.0	32.0
3	31.470378707014152	32.0	32.0	32.0	32.0	32.0
4	31.557219799738643	32.0	32.0	32.0	32.0	32.0
5	31.517595077220143	32.0	32.0	32.0	32.0	32.0
6	35.08374706963653	36.0	36.0	36.0	36.0	36.0
7	35.113555790043456	36.0	36.0	36.0	36.0	36.0
8	35.05696429299476	36.0	36.0	36.0	36.0	36.0
9	35.17563462983605	36.0	36.0	36.0	36.0	36.0
10-14	35.105491614387674	36.0	36.0	36.0	36.0	36.0
15-19	35.06930536148762	36.0	36.0	36.0	36.0	36.0
20-24	35.028491719233	36.0	36.0	36.0	36.0	36.0
25-29	34.92320902623672	36.0	36.0	36.0	36.0	36.0
30-34	34.833091772782396	36.0	36.0	36.0	35.2	36.0
35-39	34.77594433383532	36.0	36.0	36.0	32.0	36.0
40-44	34.72082297355392	36.0	36.0	36.0	32.0	36.0
45-49	34.63858312141804	36.0	36.0	36.0	32.0	36.0
50-54	34.53730710303584	36.0	36.0	36.0	32.0	36.0
55-59	34.419851533789185	36.0	36.0	36.0	32.0	36.0
60-64	34.301268155168245	36.0	36.0	36.0	32.0	36.0
65-69	34.15710624489422	36.0	36.0	36.0	32.0	36.0
70-74	34.022010985149095	36.0	36.0	36.0	32.0	36.0
75-76	33.50793670045596	36.0	36.0	36.0	26.5	36.0
>>END_MODULE
>>Per sequence quality scores	pass
#Quality	Count
2	26949.0
3	0.0
4	0.0
5	0.0
6	0.0
7	0.0
8	0.0
9	0.0
10	0.0
11	0.0
12	0.0
13	0.0
14	0.0
15	0.0
16	0.0
17	9.0
18	137.0
19	962.0
20	4073.0
21	12671.0
22	28082.0
23	53847.0
24	96015.0
25	167920.0
26	273365.0
27	412644.0
28	588295.0
29	801224.0
30	1053785.0
31	1385393.0
32	1892053.0
33	2920303.0
34	6448372.0
35	2.8032343E7
>>END_MODULE
>>Per base sequence content	fail
#Base	G	A	T	C
1	42.94240178841136	18.94803284099996	11.459472289062088	26.650093081526588
2	16.34135617738798	20.675121848383075	35.197807327907164	27.78571464632178
3	18.41287094371023	22.123680537581105	28.70610010850211	30.757348410206554
4	12.914163892988629	15.458307012624637	35.65743861091587	35.97009048347087
5	14.693386071419411	35.40610230222465	34.09313106079525	15.807380565560688
6	34.31538571551883	35.756739368862824	16.007605919636152	13.920268995982196
7	30.349929534869922	30.135585410255434	20.535126580394284	18.979358474480364
8	26.412390000039167	34.419425216168264	19.933025582811972	19.235159200980593
9	24.38522510434501	15.55419238376208	20.184282654878793	39.87629985701411
10-14	23.552271812991982	23.305603237183657	28.700073349381178	24.442051600443182
15-19	22.080055677771643	28.616835163676836	26.434927849544327	22.868181309007195
20-24	22.1972930447382	27.241275006097304	27.783887669554293	22.77754427961021
25-29	21.98327562586092	27.24838568692165	27.868766786344423	22.89957190087301
30-34	21.975170986795646	27.418412332281562	27.965027996929386	22.641388683993405
35-39	21.96322192778378	27.700724591376197	27.866174502083556	22.469878978756466
40-44	21.99042709788833	27.621508706255277	27.917085217156007	22.470978978700384
45-49	21.98871854420748	27.832130326161586	27.80530805487425	22.373843074756685
50-54	22.08538918916119	27.786880392288165	27.78982640318554	22.3379040153651
55-59	22.054712334515926	27.79729403835066	27.776561670941835	22.371431956191582
60-64	22.147835310227652	27.895807345491175	27.672081705880757	22.284275638400413
65-69	22.120597767495447	27.86106787504113	27.742730032281205	22.27560432518222
70-74	22.394217100372405	28.120907226272035	27.645666269395853	21.839209403959707
75-76	26.404344862703727	35.40618615915185	28.51950294132337	9.669966036821057
>>END_MODULE
>>Per base GC content	fail
#Base	%GC
1	69.59249486993795
2	44.127070823709765
3	49.17021935391679
4	48.884254376459495
5	30.5007666369801
6	48.23565471150102
7	49.329288009350286
8	45.64754920101976
9	64.26152496135913
10-14	47.99432341343516
15-19	44.94823698677884
20-24	44.97483732434841
25-29	44.88284752673393
30-34	44.616559670789044
35-39	44.43310090654025
40-44	44.461406076588716
45-49	44.362561618964165
50-54	44.423293204526296
55-59	44.426144290707505
60-64	44.432110948628065
65-69	44.39620209267767
70-74	44.233426504332115
75-76	36.07431089952478
>>END_MODULE
>>Per sequence GC content	warn
#GC Content	Count
0	26965.0
1	13496.5
2	50.5
3	108.0
4	143.0
5	212.5
6	383.5
7	700.0
8	919.0
9	1271.0
10	2304.5
11	4268.0
12	5565.5
13	7541.5
14	13106.0
15	22767.0
16	37777.0
17	49254.5
18	68235.5
19	105387.5
20	152800.0
21	187624.5
22	236431.0
23	324198.0
24	417751.0
25	479284.5
26	556907.0
27	681670.5
28	801087.5
29	880297.0
30	974329.0
31	1116958.0
32	1247178.0
33	1330499.5
34	1432758.5
35	1577183.5
36	1692983.5
37	1765588.0
38	1829182.0
39	1898805.0
40	1924231.0
41	1913035.5
42	1913512.5
43	1903309.5
44	1854969.5
45	1794695.5
46	1758927.5
47	1714227.5
48	1640904.0
49	1572013.5
50	1528687.5
51	1485702.5
52	1427777.5
53	1383355.0
54	1364580.5
55	1348073.5
56	1315011.5
57	1279057.0
58	1244651.0
59	1184458.0
60	1093440.0
61	983560.5
62	895402.0
63	816920.5
64	711758.5
65	614993.5
66	515000.5
67	440939.5
68	386088.5
69	316302.5
70	248610.0
71	203184.0
72	169826.5
73	133971.0
74	102579.5
75	82280.0
76	69233.5
77	54954.5
78	41127.0
79	32346.0
80	27346.5
81	21795.0
82	15732.5
83	11752.5
84	9415.0
85	7003.5
86	4643.5
87	3247.0
88	2575.0
89	1831.0
90	1161.0
91	825.0
92	751.5
93	954.0
94	981.0
95	639.0
96	479.0
97	312.0
98	136.5
99	175.5
100	229.0
>>END_MODULE
>>Per base N content	pass
#Base	N-Count
1	0.06097273745531573
2	0.06097273745531573
3	0.06097273745531573
4	0.06097273745531573
5	0.06097273745531573
6	0.08144630980431392
7	0.06097273745531573
8	0.06097273745531573
9	0.06097273745531573
10-14	0.06133293114721103
15-19	0.06139130424552069
20-24	0.061687694783449605
25-29	0.06169991240867721
30-34	0.06324928828939265
35-39	0.012686586538871645
40-44	0.002376484198656161
45-49	0.002943704284358037
50-54	0.002268230007926316
55-59	0.002653239587261772
60-64	1.1948374192891407E-4
65-69	5.013331003651464E-4
70-74	2.067812139055577E-4
75-76	0.0
>>END_MODULE
>>Sequence Length Distribution	warn
#Length	Count
35	36139.0
36	14281.0
37	19065.0
38	21724.0
39	24879.0
40	27276.0
41	28920.0
42	32242.0
43	36346.0
44	41209.0
45	44843.0
46	47377.0
47	48916.0
48	50787.0
49	53611.0
50	54234.0
51	55536.0
52	58737.0
53	62153.0
54	67667.0
55	69127.0
56	71823.0
57	72895.0
58	73880.0
59	76383.0
60	76996.0
61	77373.0
62	81434.0
63	83898.0
64	91254.0
65	93315.0
66	96788.0
67	95755.0
68	97378.0
69	104936.0
70	115684.0
71	150950.0
72	318423.0
73	1044635.0
74	2984690.0
75	9318646.0
76	2.8176237E7
>>END_MODULE
>>Sequence Duplication Levels	warn
#Total Duplicate Percentage	44.32205651258636
#Duplication Level	Relative count
1	100.0
2	25.73865502214412
3	13.489717851088567
4	8.384588758420534
5	5.712206335259295
6	3.992154147917388
7	3.0486993103815534
8	2.300503235082674
9	1.8505205421093271
10++	12.990920467555982
>>END_MODULE
>>Overrepresented sequences	pass
>>END_MODULE
>>Kmer Content	warn
#Sequence	Count	Obs/Exp Overall	Obs/Exp Max	Max Obs/Exp Position
AAAAA	19153650	4.0270133	7.3405128	72
TTTTT	17269705	3.5809143	6.358467	72
CCTGG	7203940	3.2131627	12.641631	3
CCAGG	6754195	3.0209305	13.854584	3
CCCAG	6646795	2.9539726	12.65051	2
CTGGG	6555850	2.9428263	11.152647	4
CCAGC	6244535	2.7752	7.3006225	3
CCTCC	6089570	2.6816578	5.14721	1
GGAGG	5875175	2.6615458	6.1447363	6
GCTGG	5839030	2.621056	6.3476715	3
CAGCC	5637450	2.5053988	6.841146	5
TCCAG	6605490	2.431769	9.325208	2
GGCTG	5337385	2.395875	8.779097	7
CTCCA	6504050	2.3791847	7.2556076	1
CAGGA	6363260	2.3641465	10.612682	4
AGGAG	6298470	2.3550644	7.7097692	5
CAGCA	6336245	2.3391266	6.678747	4
GCCTG	5228055	2.3318617	8.842577	7
CTCCT	6365370	2.3220065	6.6849775	1
TGCTG	6240830	2.305834	6.1935487	2
TCCTG	6249985	2.2945194	9.037136	2
GGCAG	5090285	2.2913015	6.6211624	7
CCTGC	5153290	2.2838852	6.4697824	3
CTGGA	6093075	2.2574947	8.375237	4
CTGCC	5070785	2.2473197	5.933928	9
GCAGG	4975635	2.2396939	6.732139	3
CTGCA	6035735	2.2220173	6.710556	4
CAGAG	5934490	2.2048454	8.103982	4
CCCTG	4950720	2.1941085	9.011188	2
TGCAG	5866805	2.1736612	6.5213275	2
CTCTG	5817820	2.1358614	7.348814	2
CAGGC	4769155	2.1330872	6.8865466	4
AGCAG	5710410	2.1215928	5.5484023	7
CTGCT	5778455	2.1214094	6.518064	9
CAGGG	4698490	2.114942	9.622655	4
TGGAG	5658710	2.109991	6.3870664	5
GCTGC	4718530	2.104599	5.707689	8
GGGAG	4631160	2.0979877	5.7038445	7
CTGGC	4663660	2.0801253	5.834478	4
GCCAG	4631655	2.0715878	5.852103	2
AGCTG	5568415	2.0631073	6.06617	7
GGAGA	5417440	2.0256379	5.6064663	6
CCCCA	4536105	2.0031078	7.255478	1
CTCAG	5383140	1.9817686	6.34385	2
CTGAG	5304545	1.965343	5.9241147	4
CAGAA	6406275	1.964513	5.4188614	4
CACAG	5268565	1.9449754	6.661008	7
TCCCA	5280400	1.9315729	5.024618	2
CTGTG	5202940	1.9223591	9.00499	9
GGCCA	4274315	1.9117613	6.858294	1
TGGGG	4155630	1.8773512	6.066427	5
CCAGA	5008550	1.8489866	7.015448	3
TGGCC	4082420	1.8208758	6.1979713	5
CCTCT	4945400	1.8040193	5.4150763	1
TCTGG	4878260	1.8023977	6.200333	3
CACTG	4875825	1.7950038	7.2955084	7
CAGTG	4773005	1.7684065	6.4318	9
ACCTG	4793110	1.7645528	5.4366055	7
AGAGG	4717060	1.7637582	5.259991	5
GCCCA	3946620	1.7539592	8.09693	1
CCTGA	4692180	1.7273961	5.7097507	3
AGCCT	4559450	1.6785324	6.3627367	6
TGGGC	3735515	1.6768188	6.769128	5
TCAGG	4522630	1.6756421	6.130817	3
ACAGA	5443435	1.6692536	5.6141887	8
GGCCT	3727755	1.662685	5.633236	6
GAGAG	4422540	1.6536343	5.3047585	7
GGGCC	3040565	1.647657	5.700498	6
CCTGT	4412260	1.6198466	5.7283425	8
AGGCC	3619885	1.6190561	5.2199087	5
AGGTG	4307450	1.6061401	5.4705396	7
AGGCT	4159765	1.5412	5.3224854	6
CTGTC	3936475	1.4451745	5.9831758	9
GCCCT	3255305	1.4427177	5.803041	1
GGGCT	3209340	1.4406264	6.0796824	6
GACAG	3855805	1.43255	7.05991	7
GCTGT	3778395	1.3960246	5.222419	8
ACAGC	3767335	1.3907722	5.335338	8
AGAGC	3718545	1.3815536	5.1147413	5
ACACA	4511280	1.3745992	5.6271296	6
GTGTG	3683880	1.3698223	5.9884386	1
AGGGC	3031625	1.3646321	5.825535	5
CACAC	3705735	1.3593245	6.492857	5
TGTGT	4430795	1.3560963	5.1796026	10
AGACA	4380425	1.3432769	5.6026454	6
ACTGC	3492325	1.2856772	5.2351737	8
GAGAC	3450955	1.2821357	5.128516	5
GGACA	3272250	1.2157414	5.8045607	6
GTGCT	3217255	1.1886971	5.3664956	1
GTCCT	3141790	1.1534265	6.063183	1
GTCCA	3081025	1.1342597	6.332934	1
AGCAC	3057960	1.128895	5.5587573	5
TGTGC	3048545	1.1263629	5.2977195	10
AGGAC	2951950	1.0967401	6.575909	5
TGCAC	2959650	1.0895762	5.645535	5
GTGCA	2871135	1.0637604	5.672817	1
GCACT	2867195	1.0555395	5.294589	6
TGGAC	2826940	1.0473862	5.7499876	5
AGACT	3363020	1.0284288	5.8454175	6
GACTG	2765780	1.0247263	6.2832956	7
ACAGT	3310890	1.0124872	5.3151402	8
ACTGT	3317635	1.0117401	6.2429814	8
GGACT	2545120	0.94297135	5.3168597	6
GTGTA	1956930	0.60060453	5.2085233	1
>>END_MODULE
