##FastQC	0.10.1
>>Basic Statistics	pass
#Measure	Value	
Filename	KS25_S6_L004_R2_001.fastq.gz	
File type	Conventional base calls	
Encoding	Sanger / Illumina 1.9	
Total Sequences	14601136	
Filtered Sequences	0	
Sequence length	35-75	
%GC	46	
>>END_MODULE
>>Per base sequence quality	pass
#Base	Mean	Median	Lower Quartile	Upper Quartile	10th Percentile	90th Percentile
1	31.441801994036627	32.0	32.0	32.0	32.0	32.0
2	31.20148213125335	32.0	32.0	32.0	32.0	32.0
3	31.249465315575446	32.0	32.0	32.0	32.0	32.0
4	31.275174205623454	32.0	32.0	32.0	32.0	32.0
5	31.27302711241098	32.0	32.0	32.0	32.0	32.0
6	34.97562888257462	36.0	36.0	36.0	36.0	36.0
7	34.956081293948635	36.0	36.0	36.0	36.0	36.0
8	34.91730609179998	36.0	36.0	36.0	36.0	36.0
9	34.98075129222822	36.0	36.0	36.0	36.0	36.0
10	34.83532459392201	36.0	36.0	36.0	36.0	36.0
11	34.965310370371185	36.0	36.0	36.0	36.0	36.0
12	34.86970041235148	36.0	36.0	36.0	36.0	36.0
13	34.9140201145993	36.0	36.0	36.0	36.0	36.0
14	34.8576423094751	36.0	36.0	36.0	36.0	36.0
15	34.83278896929664	36.0	36.0	36.0	36.0	36.0
16	34.83478730696022	36.0	36.0	36.0	36.0	36.0
17	34.82058457643296	36.0	36.0	36.0	36.0	36.0
18	34.804274270166374	36.0	36.0	36.0	36.0	36.0
19	34.796051074382156	36.0	36.0	36.0	36.0	36.0
20	34.77443556446567	36.0	36.0	36.0	32.0	36.0
21	34.76301063150155	36.0	36.0	36.0	32.0	36.0
22	34.75450396462303	36.0	36.0	36.0	32.0	36.0
23	34.74197939119257	36.0	36.0	36.0	32.0	36.0
24	34.7285357796818	36.0	36.0	36.0	32.0	36.0
25	34.70649482341648	36.0	36.0	36.0	32.0	36.0
26	34.68622482524648	36.0	36.0	36.0	32.0	36.0
27	34.6745656639319	36.0	36.0	36.0	32.0	36.0
28	34.66585339661243	36.0	36.0	36.0	32.0	36.0
29	34.645288078954955	36.0	36.0	36.0	32.0	36.0
30	34.615872833456244	36.0	36.0	36.0	32.0	36.0
31	34.604684320452876	36.0	36.0	36.0	32.0	36.0
32	34.59021243278605	36.0	36.0	36.0	32.0	36.0
33	34.5663954503266	36.0	36.0	36.0	32.0	36.0
34	34.55255967754838	36.0	36.0	36.0	32.0	36.0
35	34.53566653991854	36.0	36.0	36.0	32.0	36.0
36	34.55022357478532	36.0	36.0	36.0	32.0	36.0
37	34.53179399197461	36.0	36.0	36.0	32.0	36.0
38	34.51052116975817	36.0	36.0	36.0	32.0	36.0
39	34.4791760745649	36.0	36.0	36.0	32.0	36.0
40	34.47418407248542	36.0	36.0	36.0	32.0	36.0
41	34.45653469096263	36.0	36.0	36.0	32.0	36.0
42	34.44486926538231	36.0	36.0	36.0	32.0	36.0
43	34.42538449970306	36.0	36.0	36.0	32.0	36.0
44	34.39568694296071	36.0	36.0	36.0	32.0	36.0
45	34.37496384582429	36.0	36.0	36.0	32.0	36.0
46	34.33527457697211	36.0	36.0	36.0	32.0	36.0
47	34.319647284646145	36.0	36.0	36.0	32.0	36.0
48	34.29357953131482	36.0	36.0	36.0	32.0	36.0
49	34.263176324221384	36.0	36.0	36.0	32.0	36.0
50	34.251929853824194	36.0	36.0	36.0	32.0	36.0
51	34.221136346109624	36.0	36.0	36.0	32.0	36.0
52	34.205385563515044	36.0	36.0	36.0	32.0	36.0
53	34.16047674190498	36.0	36.0	36.0	32.0	36.0
54	34.12045753190993	36.0	36.0	36.0	32.0	36.0
55	34.083628920810035	36.0	36.0	36.0	32.0	36.0
56	34.059826285389136	36.0	36.0	36.0	32.0	36.0
57	34.04855007105442	36.0	36.0	36.0	32.0	36.0
58	34.00986058601435	36.0	36.0	36.0	32.0	36.0
59	33.97302907355196	36.0	36.0	36.0	32.0	36.0
60	33.95353173649584	36.0	36.0	36.0	32.0	36.0
61	33.91562063451727	36.0	36.0	36.0	32.0	36.0
62	33.89206866280674	36.0	36.0	36.0	32.0	36.0
63	33.870063648646266	36.0	36.0	36.0	32.0	36.0
64	33.83046372658715	36.0	36.0	36.0	27.0	36.0
65	33.79258287202617	36.0	36.0	36.0	27.0	36.0
66	33.77553813042893	36.0	36.0	36.0	27.0	36.0
67	33.73452616506551	36.0	36.0	36.0	27.0	36.0
68	33.69172033194005	36.0	36.0	36.0	27.0	36.0
69	33.662361977609436	36.0	36.0	36.0	27.0	36.0
70	33.64003187562729	36.0	36.0	36.0	27.0	36.0
71	33.59836753800684	36.0	36.0	36.0	27.0	36.0
72	33.581143082597315	36.0	36.0	36.0	27.0	36.0
73	33.540123090215445	36.0	36.0	36.0	27.0	36.0
74	33.47822095968183	36.0	36.0	36.0	27.0	36.0
75	32.26989040549332	36.0	32.0	36.0	14.0	36.0
>>END_MODULE
>>Per sequence quality scores	pass
#Quality	Count
2	15333.0
3	0.0
4	0.0
5	0.0
6	0.0
7	0.0
8	0.0
9	0.0
10	0.0
11	0.0
12	0.0
13	0.0
14	1643.0
15	4497.0
16	7327.0
17	9936.0
18	13193.0
19	16783.0
20	22081.0
21	29133.0
22	40276.0
23	53993.0
24	73510.0
25	99859.0
26	134184.0
27	174034.0
28	221466.0
29	277679.0
30	350618.0
31	451381.0
32	613227.0
33	943281.0
34	2034737.0
35	9012965.0
>>END_MODULE
>>Per base sequence content	fail
#Base	G	A	T	C
1	51.410624720960655	16.157507522616203	6.854225008140112	25.57764274828303
2	18.757545321651968	20.45046809027193	35.363620807959364	25.428365780116735
3	20.233818277976532	21.038433115658695	29.65982462771931	29.067923978645467
4	14.100796044029545	14.432846138673286	35.92986744391838	35.53649037337879
5	14.559665810579375	33.97743960882341	35.141809740198305	16.32108484039891
6	34.36935902671934	34.55406603256605	16.776066425688047	14.300508515026564
7	30.129427910139743	30.098582847992667	20.84080663916824	18.93118260269935
8	26.47259119021421	32.28158915899248	21.357569411845205	19.888250238948103
9	25.21441568900937	12.269300497202657	20.604796321464097	41.91148749232387
10	14.282641826439038	22.939264982531302	37.882782319218215	24.895310871811446
11	33.77049587191052	21.408475076757856	25.663921280165376	19.15710777116625
12	21.485776271625223	23.879034976682465	33.56599564658867	21.06919310510364
13	29.03969016995499	20.242642794503666	25.516695926854354	25.200971108686986
14	20.515428598617437	20.96351500153951	27.848854122052792	30.672202277790262
15	23.360853015771568	29.835950752934203	23.111658645053687	23.69153758624054
16	23.242950696646595	27.862346694247826	25.836253238851505	23.058449370254074
17	22.071517077256562	27.83926945948742	27.279389417229893	22.809824046026126
18	22.304099404057492	26.931414060645135	28.404037816772927	22.360448718524445
19	23.205530747947165	26.336232568066357	27.005794607262967	23.45244207672351
20	23.19160624889833	26.743025392568377	27.363382050340316	22.70198630819297
21	22.827457631232235	26.372651543422055	26.734496551201193	24.065394274144523
22	22.892013555921466	26.78507312898714	27.19846140798693	23.12445190710446
23	22.467580290231535	26.923543393531368	27.237245697065838	23.371630619171256
24	22.863760054897217	26.317748841116256	27.78876144151954	23.029729662466988
25	23.098344328385622	26.419889258068274	27.250601149624742	23.231165263921362
26	22.396182095699498	26.839235385257844	27.61346769869304	23.151114820349626
27	22.42731510908244	26.882153831366022	27.3264008844765	23.364130175075037
28	22.527241043910987	26.76209873395383	27.091069308971193	23.619590913163986
29	22.641482268751332	26.82280159686786	27.040670986712218	23.49504514766859
30	22.40988034734872	26.85254970192591	27.394837294868168	23.34273265585721
31	23.413520668008474	26.524538964361444	26.880624947423186	23.181315420206897
32	22.32634706501932	27.15263602559283	27.485404814530952	23.035612094856898
33	22.31360179484119	26.91302631744032	27.866981337948964	22.906390549769526
34	22.51423524642421	26.57336726678675	27.846118585312034	23.066278901477006
35	22.314246257130993	27.01005902794656	27.665669144167104	23.010025570755342
36	22.39198068702287	27.24046952556554	27.633983367369154	22.73356642004244
37	22.607425003969063	26.889029187722358	26.896706592372627	23.60683921593596
38	22.601295770826564	27.551242757526417	26.923486196358187	22.92397527528883
39	22.956611374503634	26.96578613204866	27.15537653611956	22.922225957328145
40	23.00330883776188	26.632145543479403	27.38497988025034	22.97956573850837
41	22.96066729491157	26.63679463790018	27.468903701178228	22.93363436601003
42	22.47101081589638	27.359311856210176	27.49602775125326	22.673649576640187
43	22.516436103486274	27.105726756515363	27.395466368036743	22.98237077196162
44	22.348123148667213	27.454717740067785	27.29427896535283	22.902880145912167
45	22.428989743306563	27.397176487597903	27.23596601158468	22.937867757510862
46	22.721844239816168	27.049059623539396	27.081805437548983	23.14729069909545
47	23.01030427762648	27.074700815610946	27.079135743439426	22.835859163323146
48	22.394879914013824	27.236224230830246	27.113328343196326	23.255567511959605
49	23.01875907893548	26.83091807585646	27.02416647553118	23.126156369676877
50	22.48051454507647	27.666543981564796	26.958878121204016	22.894063352154717
51	22.675380264657203	27.23589956631428	27.210972294679813	22.8777478743487
52	22.608425333718486	27.43512108068302	26.933858898163272	23.022594687435223
53	22.42013980518839	27.001426652088583	27.59336973376344	22.985063808959588
54	22.661852326644826	27.579134505127378	27.233793286009938	22.525219882217858
55	22.66181031334461	26.920762708026235	27.13029950047794	23.28712747815122
56	22.919644803789616	27.38888545330967	26.68970169768502	23.00176804521569
57	22.568622610152683	27.326455974105425	26.863752742176157	23.241168673565742
58	22.725255384599734	27.369484576461506	26.603828850882692	23.301431188056068
59	22.783665761698003	27.23465026026876	26.757392925611747	23.22429105242149
60	22.600680717144694	27.14300354410659	27.408864765982365	22.847450972766346
61	22.982704115708465	27.06755095867388	26.91622370963836	23.03352121597929
62	22.87526038082456	27.107745781313625	27.150939938228863	22.866053899632956
63	22.83258027813374	27.421264456511786	26.986873043035192	22.75928222231928
64	22.873569272009483	27.027206358385026	26.82895108788531	23.27027328172018
65	22.761351252499853	27.48196877103865	26.74023011032936	23.016449866132138
66	22.71204207867211	27.993177062349172	26.461942039030838	22.832838819947877
67	23.121018077744658	27.154024649618293	26.545397182095925	23.179560090541127
68	23.018516466750523	27.477704494636786	27.024696665693977	22.479082372918718
69	23.248794815942528	27.169018797179362	26.919486175740154	22.662700211137956
70	23.643066784850966	26.919296912818076	26.6662115506263	22.77142475170466
71	23.11432689943758	27.50298010657566	26.709005161807504	22.67368783217926
72	22.935849798381664	27.732185629615813	26.933709521169096	22.39825505083343
73	23.83717834778371	28.492689413813714	26.614034632661077	21.0560976057415
74	24.781833511270683	30.663262505254135	27.22365291318815	17.331251070287028
75	30.261984894103023	41.24636679549447	28.49164831040251	0.0
>>END_MODULE
>>Per base GC content	fail
#Base	%GC
1	76.98826746924368
2	44.185911101768696
3	49.30174225662199
4	49.63728641740833
5	30.880750650978285
6	48.6698675417459
7	49.06061051283909
8	46.36084142916231
9	67.12590318133324
10	39.177952698250486
11	52.92760364307676
12	42.55496937672886
13	54.24066127864198
14	51.187630876407695
15	47.0523906020121
16	46.30140006690067
17	44.88134112328269
18	44.664548122581934
19	46.65797282467067
20	45.8935925570913
21	46.89285190537675
22	46.01646546302593
23	45.839210909402794
24	45.893489717364204
25	46.329509592306984
26	45.54729691604912
27	45.791445284157476
28	46.14683195707497
29	46.13652741641992
30	45.75261300320593
31	46.59483608821537
32	45.361959159876214
33	45.219992344610716
34	45.58051414790121
35	45.324271827886335
36	45.12554710706531
37	46.21426421990502
38	45.52527104611539
39	45.878837331831775
40	45.982874576270255
41	45.89430166092159
42	45.144660392536565
43	45.49880687544789
44	45.251003294579384
45	45.36685750081742
46	45.86913493891162
47	45.846163440949624
48	45.650447425973425
49	46.14491544861236
50	45.37457789723119
51	45.5531281390059
52	45.63102002115371
53	45.40520361414798
54	45.18707220886268
55	45.94893779149583
56	45.921412849005314
57	45.80979128371842
58	46.0266865726558
59	46.007956814119495
60	45.448131689911044
61	46.01622533168776
62	45.741314280457516
63	45.59186250045302
64	46.14384255372966
65	45.77780111863199
66	45.54488089861999
67	46.30057816828579
68	45.49759883966924
69	45.911495027080484
70	46.41449153655563
71	45.78801473161684
72	45.33410484921509
73	44.893275953525205
74	42.113084581557715
75	30.261984894103023
>>END_MODULE
>>Per sequence GC content	warn
#GC Content	Count
0	15457.0
1	7845.0
2	297.0
3	448.0
4	535.5
5	658.0
6	942.0
7	1312.0
8	1532.5
9	1788.0
10	2570.5
11	3728.0
12	4367.0
13	4975.0
14	6619.5
15	9144.5
16	11081.0
17	14483.0
18	21452.0
19	30195.5
20	36412.5
21	45989.0
22	64021.0
23	83962.5
24	97176.5
25	114844.0
26	144210.5
27	174898.5
28	196697.5
29	223991.0
30	268560.0
31	316619.0
32	352112.0
33	393096.0
34	460314.5
35	527841.5
36	567459.0
37	598024.0
38	625456.5
39	627617.5
40	625956.5
41	617731.5
42	604630.0
43	601468.0
44	603485.0
45	603575.5
46	596271.0
47	585615.0
48	581501.5
49	575148.5
50	559506.0
51	544359.0
52	536777.5
53	530318.5
54	516633.5
55	499282.5
56	487661.5
57	474505.5
58	449194.5
59	418150.0
60	392161.5
61	362027.0
62	323177.0
63	284379.5
64	253738.5
65	228801.5
66	194438.0
67	160006.0
68	136275.5
69	117839.5
70	96580.0
71	75628.0
72	61146.5
73	51552.0
74	40938.5
75	31260.5
76	24906.5
77	20716.0
78	16472.5
79	12501.0
80	9793.5
81	8079.0
82	6326.0
83	4623.0
84	3556.0
85	3033.5
86	2392.0
87	1815.5
88	1602.0
89	1443.0
90	1225.5
91	1067.5
92	989.5
93	971.5
94	945.0
95	950.5
96	963.5
97	976.5
98	1235.5
99	7319.5
100	13158.0
>>END_MODULE
>>Per base N content	pass
#Base	N-Count
1	0.1513512373283832
2	0.1375303948953013
3	0.13100350548066944
4	0.1053685137923515
5	0.10544385039629794
6	0.10501237711915018
7	0.10501237711915018
8	0.10501237711915018
9	0.10501237711915018
10	0.10501237711915018
11	0.10501237711915018
12	0.10501237711915018
13	0.10501237711915018
14	0.10501237711915018
15	0.10501237711915018
16	0.10501237711915018
17	0.10501237711915018
18	0.10501237711915018
19	0.10501237711915018
20	0.10501237711915018
21	0.10501237711915018
22	0.10501237711915018
23	0.10501237711915018
24	0.10501237711915018
25	0.10501237711915018
26	0.10501237711915018
27	0.10501237711915018
28	0.10501237711915018
29	0.10501237711915018
30	0.10501237711915018
31	0.10501237711915018
32	0.10501237711915018
33	0.10501237711915018
34	0.10501237711915018
35	0.10501237711915018
36	0.0
37	0.0
38	0.0
39	0.0
40	0.0
41	0.0
42	0.0
43	0.0
44	0.0
45	0.0
46	0.0
47	0.0
48	0.0
49	0.0
50	0.0
51	0.0
52	0.0
53	0.0
54	0.0
55	0.0
56	0.0
57	0.0
58	0.0
59	0.0
60	0.0
61	0.0
62	0.0
63	0.0
64	0.0
65	0.0
66	0.0
67	0.0
68	0.0
69	0.0
70	0.0
71	0.0
72	0.0
73	0.0
74	0.0
75	0.0
>>END_MODULE
>>Sequence Length Distribution	warn
#Length	Count
35	19438.0
36	6460.0
37	9082.0
38	10567.0
39	12416.0
40	12746.0
41	13461.0
42	14289.0
43	16154.0
44	17240.0
45	18581.0
46	19802.0
47	21142.0
48	22058.0
49	23011.0
50	22967.0
51	23666.0
52	24452.0
53	25397.0
54	26794.0
55	27410.0
56	29101.0
57	30368.0
58	30288.0
59	33812.0
60	34142.0
61	33562.0
62	33273.0
63	33712.0
64	36422.0
65	37326.0
66	37239.0
67	44555.0
68	40479.0
69	48935.0
70	56076.0
71	112542.0
72	357045.0
73	980456.0
74	3071548.0
75	9133122.0
>>END_MODULE
>>Sequence Duplication Levels	warn
#Total Duplicate Percentage	29.9781471750927
#Duplication Level	Relative count
1	100.0
2	20.484048559145517
3	7.92136840850276
4	3.8453176612501667
5	2.1369109819130507
6	1.2413299763656382
7	0.839475695881169
8	0.5947162824621816
9	0.41728324064268635
10++	2.7828233594456795
>>END_MODULE
>>Overrepresented sequences	warn
#Sequence	Count	Percentage	Possible Source
NNNNNNNNNNNNNNNNNNNNNNNNNNNNNNNNNNN	15333	0.10501237711915018	No Hit
>>END_MODULE
>>Kmer Content	fail
#Sequence	Count	Obs/Exp Overall	Obs/Exp Max	Max Obs/Exp Position
AAAAA	5920655	4.425339	10.729109	71
TTTTT	4850470	3.3436453	5.738052	71
GGGGG	2281755	3.2511652	5.5033555	71
CCTGG	2351305	2.9575703	10.973375	3
CCAGG	2226645	2.8464608	10.985536	3
CCCAG	2076205	2.6815495	9.971664	2
CTGGG	2076195	2.584835	10.428903	4
GAAAA	2987525	2.5405455	5.2224073	24
TTTCT	3144635	2.5324142	5.837748	16
AGAAA	2976165	2.530885	5.345253	48
CCAGC	1954520	2.5243857	5.620327	3
CAGCA	2198275	2.4700036	5.4782104	4
TGCTG	2251685	2.4244072	6.47959	2
GCTGG	1938590	2.4135187	6.469193	3
TCCAG	2150150	2.377148	7.6520815	2
CTCCT	2059915	2.2639668	5.6043115	1
CTCCA	2018845	2.2550275	5.7473283	1
CTGGA	2040490	2.232855	7.9123836	4
GGCTG	1790015	2.2285447	8.819724	7
CTGCT	2035995	2.2148077	6.586958	9
CAGGA	1971500	2.192557	8.208984	4
AGGAG	1987500	2.1877608	6.251567	5
GCTGC	1735375	2.1828277	5.734043	8
TCCTG	1996605	2.1719584	7.6455736	2
CCTGC	1702305	2.1633406	6.223721	8
CTGCC	1686970	2.1438525	5.9352703	9
CCCTG	1678575	2.1331837	7.987997	2
CTCTG	1956860	2.1287227	7.1587315	2
GGCAG	1681155	2.1271617	5.988916	7
CAGAG	1888930	2.100729	7.389939	4
GCAGG	1650335	2.0881653	5.7006216	3
TGCAG	1900500	2.0796676	5.3786483	2
GCCTG	1647475	2.0722632	7.706362	7
CTGTG	1889580	2.0345259	10.593898	9
GAGAA	2096320	2.028204	5.0039954	47
TGGAG	1854015	2.0080655	6.059494	5
CACAG	1783535	2.0039976	5.1724324	7
CAGGG	1582525	2.0023656	8.611943	4
AGCTG	1825140	1.9972031	6.375728	7
CCCCA	1517425	1.9800868	6.76404	1
CAGTG	1784285	1.9524965	6.710693	7
CAGGC	1519760	1.9428053	5.3773155	4
GCCAG	1519735	1.9427731	5.398471	2
GTGTG	1819300	1.9388349	10.504119	9
CTGGC	1536760	1.9330014	5.3617167	4
CTCAG	1726400	1.9086614	5.824564	2
CACTG	1721820	1.903598	6.45998	7
CTGAG	1716450	1.8782665	5.9629083	9
CAGAA	1916565	1.8734369	5.1210294	4
GGGAG	1487915	1.8634145	5.2022834	7
CCTCT	1663685	1.8284869	5.7634535	1
TTCTG	1943195	1.8094542	5.214522	2
CATTT	2200970	1.8013858	5.2194495	14
GGCCA	1407615	1.799443	7.334946	1
ACCTG	1622485	1.7937759	6.622669	7
TGTGT	1942050	1.7899059	8.807642	10
CCAGA	1586875	1.7830285	6.387708	3
TGGGG	1440365	1.7749078	6.764475	5
CACAC	1559155	1.7699716	5.480776	5
ACACA	1765380	1.7434726	5.530325	6
TCTGG	1593170	1.7153788	6.310579	3
TGGCC	1361425	1.7124575	6.023064	5
AGAGG	1538685	1.6937231	5.3083305	5
GCCCA	1293065	1.6700748	7.247438	1
CCTGA	1508120	1.6673371	5.211286	3
CCTGT	1462780	1.59125	7.1861157	8
GGCCT	1260775	1.5858557	5.8640847	1
TCTGT	1702975	1.5857674	5.724052	8
AGGTG	1461905	1.583375	5.971507	7
TCAGG	1434060	1.5692545	5.4171047	3
GGGCC	1069635	1.5557094	5.28802	6
TGGGC	1249060	1.555063	6.5837126	5
GGGCA	1215325	1.5377481	5.4555306	1
CCATG	1372290	1.517167	5.244417	9
AGCCT	1369325	1.5138888	5.2363586	6
GTCCT	1390100	1.5121865	11.5023985	1
GCTGT	1379095	1.4848827	6.247597	8
CTGTC	1350420	1.4690217	6.932785	9
GCCCT	1132430	1.4391263	6.3217893	1
AGGCT	1302805	1.4256256	5.27285	6
GGGCT	1142425	1.422304	6.6247315	6
GACAG	1258750	1.3998891	5.399015	7
AGGAC	1254445	1.3951013	10.497402	5
GGGTG	1122735	1.3835043	5.484858	7
ATGGC	1238035	1.3547494	5.869103	17
GCTCT	1239715	1.348594	5.5791416	1
GGACA	1212615	1.3485812	5.405577	6
TGTCC	1229410	1.3373837	5.358816	10
AGGGC	1046200	1.3237547	5.770253	5
TGTGC	1219725	1.3132876	7.5853806	10
GTGCT	1178950	1.2693849	6.3577304	1
AAGTG	1314635	1.2515008	5.1187773	7
GCCTT	1143310	1.2437221	5.0340705	1
GTCCA	1113015	1.2305193	6.8022747	1
GTGCA	1073980	1.1752282	5.6936445	11
ACTGT	1201345	1.1369126	6.6444645	8
TGGAC	1031910	1.1291922	5.7301292	5
GTCTT	1210130	1.1268425	6.033191	1
GTTCT	1198315	1.1158406	5.5517383	1
AGTGT	1142290	1.0699766	6.4354677	8
ACACT	1100310	1.0692122	5.026393	6
GGACC	825110	1.0547903	6.2268934	6
GACTG	938240	1.0266916	5.716052	7
CTACA	1035510	1.0062436	5.180563	4
GTGTT	1082650	0.997833	5.1397605	1
TGTAG	1042225	0.9762462	5.495523	2
AGACT	1013835	0.9751124	5.2831235	6
GGACT	856790	0.93756294	5.106887	6
TCCTA	952225	0.91045874	6.3097205	2
TAGGA	941640	0.8964187	6.3938212	4
GTGTA	819660	0.7677708	5.9316945	1
>>END_MODULE
