##FastQC	0.10.1
>>Basic Statistics	pass
#Measure	Value	
Filename	040-F0_S2_L001_R1_001_trimmed.fq.gz	
File type	Conventional base calls	
Encoding	Sanger / Illumina 1.9	
Total Sequences	13441876	
Filtered Sequences	0	
Sequence length	20-51	
%GC	43	
>>END_MODULE
>>Per base sequence quality	pass
#Base	Mean	Median	Lower Quartile	Upper Quartile	10th Percentile	90th Percentile
1	35.10733598494734	36.0	36.0	36.0	36.0	36.0
2	35.094313546710296	36.0	36.0	36.0	36.0	36.0
3	35.077675839295054	36.0	36.0	36.0	36.0	36.0
4	35.06538224277623	36.0	36.0	36.0	36.0	36.0
5	35.04657132679992	36.0	36.0	36.0	36.0	36.0
6	35.002277807056096	36.0	36.0	36.0	36.0	36.0
7	34.975878590161074	36.0	36.0	36.0	36.0	36.0
8	34.96124700153461	36.0	36.0	36.0	36.0	36.0
9	34.94808767764261	36.0	36.0	36.0	36.0	36.0
10	34.92105670369225	36.0	36.0	36.0	36.0	36.0
11	34.90741448589468	36.0	36.0	36.0	36.0	36.0
12	34.894525883143096	36.0	36.0	36.0	36.0	36.0
13	34.877828585831324	36.0	36.0	36.0	36.0	36.0
14	34.87093884811912	36.0	36.0	36.0	36.0	36.0
15	34.848309938285404	36.0	36.0	36.0	36.0	36.0
16	34.837771751502544	36.0	36.0	36.0	36.0	36.0
17	34.8245922667342	36.0	36.0	36.0	36.0	36.0
18	34.8049153258072	36.0	36.0	36.0	36.0	36.0
19	34.781840347284856	36.0	36.0	36.0	36.0	36.0
20	34.79334752083712	36.0	36.0	36.0	36.0	36.0
21	34.76580244929044	36.0	36.0	36.0	32.0	36.0
22	34.7605767605658	36.0	36.0	36.0	32.0	36.0
23	34.74584606357719	36.0	36.0	36.0	32.0	36.0
24	34.73907248856953	36.0	36.0	36.0	32.0	36.0
25	34.72628031516211	36.0	36.0	36.0	32.0	36.0
26	34.69376006575317	36.0	36.0	36.0	32.0	36.0
27	34.69369581389058	36.0	36.0	36.0	32.0	36.0
28	34.65602218584765	36.0	36.0	36.0	32.0	36.0
29	34.643456151317075	36.0	36.0	36.0	32.0	36.0
30	34.636951461020196	36.0	36.0	36.0	32.0	36.0
31	34.60776291112461	36.0	36.0	36.0	32.0	36.0
32	34.59487729090412	36.0	36.0	36.0	32.0	36.0
33	34.556892084033485	36.0	36.0	36.0	32.0	36.0
34	34.55362272300037	36.0	36.0	36.0	32.0	36.0
35	34.51052833233092	36.0	36.0	36.0	32.0	36.0
36	34.49146948797478	36.0	36.0	36.0	32.0	36.0
37	34.48338643094836	36.0	36.0	36.0	32.0	36.0
38	34.44562620075764	36.0	36.0	36.0	32.0	36.0
39	34.44112791173243	36.0	36.0	36.0	32.0	36.0
40	34.428394981583715	36.0	36.0	36.0	32.0	36.0
41	34.409095466631406	36.0	36.0	36.0	32.0	36.0
42	34.372193147620116	36.0	36.0	36.0	32.0	36.0
43	34.35653222840427	36.0	36.0	36.0	32.0	36.0
44	34.322369437218185	36.0	36.0	36.0	32.0	36.0
45	34.31566779125501	36.0	36.0	36.0	32.0	36.0
46	34.27854038785247	36.0	36.0	36.0	32.0	36.0
47	34.29605515260438	36.0	36.0	36.0	32.0	36.0
48	34.28450100039514	36.0	36.0	36.0	32.0	36.0
49	34.31322023296394	36.0	36.0	36.0	32.0	36.0
50	34.378354271151224	36.0	36.0	36.0	32.0	36.0
51	34.4960880898201	36.0	36.0	36.0	32.0	36.0
>>END_MODULE
>>Per sequence quality scores	pass
#Quality	Count
14	5.0
15	55.0
16	181.0
17	579.0
18	1305.0
19	2815.0
20	5538.0
21	9977.0
22	16442.0
23	26439.0
24	40550.0
25	61173.0
26	89466.0
27	125713.0
28	169911.0
29	224842.0
30	291625.0
31	380495.0
32	512718.0
33	754641.0
34	1442656.0
35	6062794.0
36	3221956.0
>>END_MODULE
>>Per base sequence content	pass
#Base	G	A	T	C
1	21.67727052687798	27.405631521307072	27.622998194513045	23.294099757301904
2	21.931316311511175	28.226538702320713	27.845316444678208	21.9968285414899
3	21.383513560201408	28.11449124006213	28.22456609483191	22.27742910490455
4	22.2459401564109	27.043074820332496	28.76229729796082	21.94868772529578
5	21.80322212415346	27.588169634222044	28.310371158182797	22.298237083441702
6	21.042658753038097	28.28390415264634	28.47662402105672	22.196813073258845
7	21.27162990860261	28.215883920634333	28.3051885593348	22.207297611428256
8	21.20186534236207	28.10815379046085	27.95228950361045	22.737691363566636
9	21.544571859380373	27.848189032707026	27.968864637546904	22.6383744703657
10	21.219011334032995	27.871027603666164	28.53160482553993	22.37835623676091
11	22.408378801807594	27.55625744928239	27.916159012555745	22.11920473635427
12	21.19651656849903	28.31443073522205	28.380627211989346	22.10842548428957
13	21.17123729004342	28.153642342325785	28.839635728941253	21.835484638689543
14	21.333528158715627	27.849670889933382	28.964148459322068	21.852652492028923
15	21.166531104716192	28.282971814546492	28.634277267573992	21.91621981316332
16	21.138562245640767	28.309776954314003	28.961189537314947	21.590471262730286
17	21.356310000961177	27.87552295558921	27.977212690974202	22.790954352475413
18	21.3468634123584	28.886441474996044	27.94857226901678	21.818122843628775
19	21.931307033075974	27.92864177910947	28.340809103137506	21.79924208467705
20	22.249378166407602	27.565940995128667	28.446183430066306	21.73849740839742
21	22.2141796278079	27.566279147203907	28.503426383593165	21.716114841395022
22	21.45894656995848	28.45147939431707	28.583474207607846	21.506099828116604
23	21.3280444213633	28.24717726307619	28.660785555498208	21.7639927600623
24	21.08599585084741	28.531710531049498	28.4665719618138	21.915721656289296
25	21.289685201527217	28.595367517069057	28.12510650722736	21.989840774176365
26	21.421405966894067	27.873603056486303	28.39136714265223	22.313623833967398
27	22.06799618739936	27.971064633560204	28.23534512842879	21.725594050611644
28	21.11930676662334	28.39565432962623	28.283416845919714	22.20162205783072
29	22.043372338946117	27.733987673578795	28.17936568795168	22.043274299523407
30	21.328096594008787	28.86432554325667	27.938778538788632	21.868799323945908
31	21.397722207706376	28.399424006546443	28.364141795420867	21.838711990326313
32	21.418928838465398	28.715562884639382	27.99556764930258	21.869940627592634
33	21.289305311584283	27.729733749384295	28.889828867892366	22.091132071139057
34	21.475380940264206	28.669185578509556	28.433290025485558	21.422143455740684
35	21.357522673209324	27.553368083121438	28.750172540741577	22.338936702927658
36	21.683530188213883	28.181774256819832	27.92202367465524	22.21267188031105
37	21.4083959352242	28.159260315687312	27.97665121154501	22.45569253754348
38	21.634002393982033	28.331180596356237	27.73371624733505	22.30110076232668
39	21.590932237442697	28.211550675786196	27.900638720879346	22.29687836589176
40	21.272204318143466	27.931242353927566	28.80604086050275	21.990512467426214
41	21.794845230015984	27.828587193512828	28.377457708077962	21.999109868393226
42	21.898504246717142	27.659989475672653	28.575892500490163	21.86561377712004
43	21.635863762745597	28.46999533682384	28.157379695055784	21.73676120537478
44	21.687392879138134	27.99181227730098	27.949036493713024	22.371758349847862
45	21.86641578178753	28.393111195548578	27.94987756436432	21.79059545829957
46	21.588940458048697	29.30179969518636	27.580390412467864	21.52886943429708
47	21.917142719599475	27.954355081998784	27.826342308803238	22.30215988959851
48	21.901297318557944	28.457315896168943	28.356516818477612	21.2848699667955
49	22.16503662968244	28.15283376787312	28.4546001149787	21.22752948746574
50	22.83208342301666	28.119149015254365	28.21168907630333	20.837078485425646
51	21.695032200463594	29.36355058312172	28.16334110050469	20.77807611590999
>>END_MODULE
>>Per base GC content	pass
#Base	%GC
1	44.97137028417988
2	43.92814485300108
3	43.66094266510596
4	44.19462788170668
5	44.10145920759516
6	43.23947182629694
7	43.478927520030865
8	43.93955670592871
9	44.18294632974607
10	43.59736757079391
11	44.52758353816186
12	43.304942052788604
13	43.00672192873296
14	43.186180650744554
15	43.082750917879515
16	42.72903350837105
17	44.14726435343659
18	43.16498625598717
19	43.73054911775303
20	43.98787557480502
21	43.93029446920293
22	42.96504639807509
23	43.0920371814256
24	43.00171750713671
25	43.27952597570358
26	43.73502980086147
27	43.79359023801101
28	43.32092882445406
29	44.086646638469524
30	43.19689591795469
31	43.23643419803269
32	43.28886946605803
33	43.38043738272334
34	42.89752439600489
35	43.69645937613698
36	43.89620206852493
37	43.864088472767676
38	43.93510315630871
39	43.88781060333446
40	43.26271678556968
41	43.79395509840921
42	43.76411802383718
43	43.37262496812038
44	44.059151228985996
45	43.6570112400871
46	43.117809892345775
47	44.21930260919799
48	43.18616728535344
49	43.39256611714818
50	43.669161908442305
51	42.47310831637358
>>END_MODULE
>>Per sequence GC content	warn
#GC Content	Count
0	6126.0
1	5679.5
2	4216.5
3	3484.0
4	3822.0
5	4498.5
6	5208.0
7	6106.0
8	7000.0
9	8622.5
10	10412.5
11	13635.0
12	16818.0
13	21998.0
14	27632.0
15	36980.5
16	46639.0
17	60999.0
18	75832.5
19	95641.0
20	115804.5
21	139903.0
22	164565.5
23	195455.5
24	227505.5
25	259796.5
26	323717.5
27	367970.5
28	421717.5
29	477589.0
30	539790.5
31	603462.0
32	670762.0
33	738806.0
34	795436.0
35	847482.5
36	866639.5
37	880708.5
38	875905.0
39	869992.5
40	859221.0
41	846617.5
42	839414.0
43	829710.0
44	809517.0
45	789396.5
46	769786.0
47	748478.5
48	726556.5
49	704230.0
50	683012.0
51	661460.0
52	637442.0
53	612311.0
54	587139.5
55	561313.5
56	534891.0
57	506911.0
58	476453.0
59	443110.0
60	409053.5
61	374043.0
62	337974.5
63	303802.5
64	269475.5
65	236411.5
66	207699.0
67	180817.0
68	154166.0
69	126569.0
70	105631.5
71	87427.5
72	73502.0
73	60675.5
74	49646.5
75	37023.0
76	30861.5
77	25686.5
78	20682.5
79	16637.0
80	13059.0
81	10803.5
82	8786.0
83	7145.5
84	5625.5
85	4502.5
86	3441.0
87	2757.0
88	2148.0
89	1724.0
90	1362.0
91	1091.0
92	838.0
93	716.0
94	591.5
95	526.5
96	482.0
97	428.5
98	367.5
99	618.5
100	883.0
>>END_MODULE
>>Per base N content	pass
#Base	N-Count
1	5.43078957133662E-4
2	8.257775923539244E-4
3	8.480959056607872E-4
4	7.58822652433336E-4
5	4.463662661372564E-4
6	6.397916481300675E-4
7	0.0018226622533937971
8	4.017296395235308E-4
9	4.017296395235308E-4
10	0.0010935973520362784
11	0.0010787184764983696
12	5.43078957133662E-4
13	0.002581484905827133
14	0.005802761459784334
15	0.0022095130173794193
16	8.183381545849702E-5
17	5.951550215163419E-5
18	1.711070686859483E-4
19	3.719718884477137E-5
20	0.004307434468224524
21	0.0031881327568275574
22	1.5663031799087159E-4
23	0.003988334643981756
24	8.227393180388587E-5
25	0.0013183314208788791
26	2.7007051541157396E-4
27	0.006371963361210673
28	2.2581475091202815E-5
29	0.006568209879266349
30	0.003672101023579271
31	0.0016656560424814974
32	0.0018132704692440497
33	0.002326660026307986
34	6.782284550824535E-4
35	0.0046670712989475335
36	1.7611735357794657E-4
37	0.002901397168574092
38	0.0027394222327660907
39	0.0024920480136641386
40	2.9402304537154726E-4
41	2.3281553606009992E-5
42	5.450595683922448E-5
43	1.7971323549692702E-4
44	3.137778849503576E-5
45	8.669676042579774E-5
46	1.8246579837275415E-4
47	0.0
48	0.0
49	0.0021711867346292063
50	9.090371014402583E-5
51	5.838671910301753E-4
>>END_MODULE
>>Sequence Length Distribution	warn
#Length	Count
20	17090.0
21	17420.0
22	18319.0
23	19077.0
24	19761.0
25	20357.0
26	21552.0
27	23074.0
28	24383.0
29	25913.0
30	26921.0
31	27405.0
32	28704.0
33	29478.0
34	30700.0
35	32248.0
36	31268.0
37	32765.0
38	34214.0
39	37070.0
40	38419.0
41	43105.0
42	44466.0
43	50296.0
44	59969.0
45	82800.0
46	141502.0
47	351386.0
48	735947.0
49	1475681.0
50	2022082.0
51	7878504.0
>>END_MODULE
>>Sequence Duplication Levels	warn
#Total Duplicate Percentage	27.03163635297451
#Duplication Level	Relative count
1	100.0
2	17.694095271261244
3	6.176626194574106
4	2.8863990999256637
5	1.5121784611675517
6	0.8866803731558187
7	0.6482678256909611
8	0.4862008692682208
9	0.3294914981817695
10++	3.319693813998031
>>END_MODULE
>>Overrepresented sequences	pass
>>END_MODULE
>>Kmer Content	warn
#Sequence	Count	Obs/Exp Overall	Obs/Exp Max	Max Obs/Exp Position
AAAAA	4406700	4.0936465	4.9957833	47
TTTTT	4400430	3.9951665	5.739184	13
GAAAA	2532855	3.067851	7.268154	4
TTTTC	2604950	3.0410054	5.5759177	4
AGAAA	2499145	3.0270207	6.755145	28
CCAGG	1143560	2.9585803	5.162691	35
GGAAA	1490430	2.3537626	7.155288	20
GAGAA	1477850	2.3338957	7.3622885	27
AAAAT	2422425	2.24004	5.1531086	22
CCACC	867515	2.16282	5.4207597	8
TGGAA	1340780	2.1077406	5.158267	19
TGAAA	1655430	1.9959213	5.7363815	10
CTGAA	1270410	1.9604831	6.6649404	9
AAATG	1582970	1.9085574	5.7979054	23
CATTT	1588000	1.8623432	5.632336	1
AAAAC	1520995	1.8084699	5.453526	5
GTGGA	838710	1.71909	5.113754	47
TGAGA	1083035	1.702559	6.645838	26
CATGG	782490	1.5744361	5.503992	17
AATGA	1210605	1.4596038	5.290251	24
ATGAG	887160	1.3946382	6.3043265	25
CTTGA	907605	1.3941985	5.4572396	47
CACTT	915585	1.3806576	5.5903354	37
AACTG	893975	1.3795726	5.9502735	7
ACTGA	883220	1.3629756	5.95684	8
AAATC	1094420	1.295317	5.100514	13
>>END_MODULE
