##FastQC	0.10.1
>>Basic Statistics	pass
#Measure	Value	
Filename	006-F0_S6_L004_R1_001.fastq.gz	
File type	Conventional base calls	
Encoding	Sanger / Illumina 1.9	
Total Sequences	22170366	
Filtered Sequences	0	
Sequence length	35-76	
%GC	46	
>>END_MODULE
>>Per base sequence quality	pass
#Base	Mean	Median	Lower Quartile	Upper Quartile	10th Percentile	90th Percentile
1	31.374709014727138	32.0	32.0	32.0	32.0	32.0
2	31.38905780806686	32.0	32.0	32.0	32.0	32.0
3	31.493089243542485	32.0	32.0	32.0	32.0	32.0
4	31.579193730946976	32.0	32.0	32.0	32.0	32.0
5	31.54141677228062	32.0	32.0	32.0	32.0	32.0
6	35.151455460861584	36.0	36.0	36.0	36.0	36.0
7	35.152629685951055	36.0	36.0	36.0	36.0	36.0
8	35.07994581595992	36.0	36.0	36.0	36.0	36.0
9	35.231124601190615	36.0	36.0	36.0	36.0	36.0
10-14	35.154085494123095	36.0	36.0	36.0	36.0	36.0
15-19	35.10358362148825	36.0	36.0	36.0	36.0	36.0
20-24	35.060063185244665	36.0	36.0	36.0	36.0	36.0
25-29	34.95007901087425	36.0	36.0	36.0	36.0	36.0
30-34	34.856990074047495	36.0	36.0	36.0	36.0	36.0
35-39	34.82813430055329	36.0	36.0	36.0	36.0	36.0
40-44	34.78443812037942	36.0	36.0	36.0	36.0	36.0
45-49	34.694579464342816	36.0	36.0	36.0	32.0	36.0
50-54	34.57948631374283	36.0	36.0	36.0	32.0	36.0
55-59	34.446482730853816	36.0	36.0	36.0	32.0	36.0
60-64	34.29889655021372	36.0	36.0	36.0	32.0	36.0
65-69	34.15031960750903	36.0	36.0	36.0	32.0	36.0
70-74	34.037534582163495	36.0	36.0	36.0	32.0	36.0
75-76	33.38431495660046	36.0	34.0	36.0	26.5	36.0
>>END_MODULE
>>Per sequence quality scores	pass
#Quality	Count
2	39824.0
3	0.0
4	0.0
5	0.0
6	0.0
7	0.0
8	0.0
9	0.0
10	0.0
11	0.0
12	0.0
13	0.0
14	0.0
15	1.0
16	0.0
17	15.0
18	188.0
19	1174.0
20	4175.0
21	10269.0
22	18955.0
23	31835.0
24	52595.0
25	86331.0
26	133762.0
27	197058.0
28	274075.0
29	366412.0
30	476606.0
31	625870.0
32	860181.0
33	1357195.0
34	3165929.0
35	1.4467916E7
>>END_MODULE
>>Per base sequence content	fail
#Base	G	A	T	C
1	42.397118751426405	19.096435283443057	11.928603060293744	26.57784290483679
2	15.883212440074898	19.66449804979923	37.316496812414265	27.135792697711608
3	19.03674114909288	21.806764420144145	27.736693703260208	31.419800727502768
4	13.06155484966115	15.304570521173655	35.39207068045628	36.24180394870892
5	14.929431009868624	34.98746664225395	33.9530726359978	16.13002971187963
6	34.5036285148371	34.87472652048016	16.34504929883778	14.276595665844965
7	30.325312412140654	29.091384205592437	20.692050831832315	19.891252550434597
8	26.0171037171261	35.175364906847385	19.86305241663873	18.94447895938779
9	24.54300034766433	15.757476703462572	20.476601973869414	39.22292097500368
10-14	24.13303597031539	22.98767051447399	28.24141188510386	24.637881630106758
15-19	22.67268302224201	28.00195818432908	26.039956464026787	23.285402329402128
20-24	22.78004679392429	26.648625837413903	27.323158777504663	23.248168591157146
25-29	22.703659238881798	26.728097930018375	27.17233005913895	23.395912771960877
30-34	22.721092066332858	26.723970995580416	27.31158413670184	23.24335280138489
35-39	22.78669068307239	26.940774569732994	27.127004828819917	23.145529918374695
40-44	22.85482425664136	26.827854480140022	27.17920697690085	23.138114286317766
45-49	22.877564771133315	26.92605839232538	26.99720690869413	23.199169927847173
50-54	22.85328891721413	27.00047059386946	27.02397333039893	23.12226715851748
55-59	22.91580466858881	26.91903340894159	26.89176356612316	23.27339835634644
60-64	22.994473297313576	26.953241791067356	26.913583402186823	23.138701509432245
65-69	23.041716249542464	27.06206154670592	26.846625926151912	23.04959627759971
70-74	23.32065014314835	27.274005470649104	26.81043965863371	22.59490472756884
75-76	27.523078617235026	34.591304682267605	27.761701252076794	10.123915448420577
>>END_MODULE
>>Per base GC content	fail
#Base	%GC
1	68.9749616562632
2	43.0190051377865
3	50.45654187659565
4	49.30335879837007
5	31.05946072174825
6	48.78022418068206
7	50.21656496257525
8	44.961582676513885
9	63.76592132266802
10-14	48.770917600422145
15-19	45.95808535164414
20-24	46.02821538508143
25-29	46.09957201084268
30-34	45.964444867717745
35-39	45.932220601447085
40-44	45.99293854295913
45-49	46.07673469898049
50-54	45.97555607573161
55-59	46.189203024935246
60-64	46.13317480674582
65-69	46.09131252714217
70-74	45.91555487071719
75-76	37.646994065655605
>>END_MODULE
>>Per sequence GC content	warn
#GC Content	Count
0	39837.0
1	19927.0
2	30.0
3	61.5
4	84.5
5	110.0
6	228.0
7	402.0
8	486.5
9	721.0
10	1251.5
11	2073.5
12	2629.0
13	3528.5
14	5858.5
15	9603.5
16	15330.0
17	19911.5
18	27183.0
19	41532.5
20	59456.0
21	72472.5
22	91808.5
23	125274.0
24	160593.0
25	184994.5
26	216348.5
27	266819.5
28	317509.5
29	352805.5
30	395501.0
31	462254.0
32	527550.0
33	571078.5
34	628481.5
35	714522.5
36	788222.0
37	834436.0
38	871709.5
39	910107.0
40	925479.0
41	930559.5
42	941595.0
43	951461.5
44	949449.0
45	939042.5
46	934089.0
47	924872.5
48	905327.0
49	883890.5
50	870004.5
51	853557.0
52	828685.5
53	806375.5
54	794913.5
55	780026.0
56	755468.5
57	730034.5
58	706320.0
59	669844.0
60	617254.5
61	558036.0
62	509587.5
63	462076.5
64	400846.0
65	343597.0
66	286733.5
67	246192.0
68	213849.0
69	174287.5
70	136028.5
71	110086.5
72	91696.0
73	72806.5
74	56102.0
75	44690.5
76	37489.5
77	29801.5
78	22209.5
79	17679.0
80	15291.0
81	11866.5
82	8229.5
83	6152.0
84	4831.5
85	3539.5
86	2456.0
87	1824.5
88	1509.5
89	1168.0
90	822.0
91	586.5
92	480.5
93	392.5
94	269.5
95	200.5
96	171.5
97	139.0
98	96.5
99	74.5
100	63.0
>>END_MODULE
>>Per base N content	pass
#Base	N-Count
1	0.2140560061119424
2	0.17962716537922738
3	0.1798166074479781
4	0.17993388110958564
5	0.17962716537922738
6	0.17962716537922738
7	0.17962716537922738
8	0.1797669916680672
9	0.17962716537922738
10-14	0.1796993337863705
15-19	0.180734048323785
20-24	0.18029291893512267
25-29	0.18122930401780465
30-34	0.18129515768932275
35-39	0.03827811261448242
40-44	0.0021349080371278273
45-49	0.0018394434140231555
50-54	0.003798925609553974
55-59	7.398922250016398E-4
60-64	6.207926198034011E-4
65-69	8.130275577437057E-4
70-74	9.465596696584389E-4
75-76	0.006903965803780427
>>END_MODULE
>>Sequence Length Distribution	warn
#Length	Count
35	53077.0
36	19376.0
37	25719.0
38	28165.0
39	30901.0
40	30556.0
41	31439.0
42	33027.0
43	35929.0
44	38327.0
45	41861.0
46	43404.0
47	45576.0
48	47536.0
49	49188.0
50	49262.0
51	49666.0
52	50478.0
53	51374.0
54	54114.0
55	55849.0
56	57308.0
57	59539.0
58	60869.0
59	61994.0
60	62924.0
61	61830.0
62	62248.0
63	62625.0
64	65213.0
65	66680.0
66	68189.0
67	70773.0
68	70590.0
69	75744.0
70	81024.0
71	97117.0
72	180702.0
73	549127.0
74	1480343.0
75	4662618.0
76	1.3348085E7
>>END_MODULE
>>Sequence Duplication Levels	warn
#Total Duplicate Percentage	34.77100212381028
#Duplication Level	Relative count
1	100.0
2	23.297985393537886
3	9.629864110158953
4	5.071562620118931
5	2.9597304813801526
6	1.8291993578583219
7	1.2699632954228564
8	0.9081933358958706
9	0.6127478689488322
10++	5.158236672922272
>>END_MODULE
>>Overrepresented sequences	warn
#Sequence	Count	Percentage	Possible Source
NNNNNNNNNNNNNNNNNNNNNNNNNNNNNNNNNNN	39824	0.17962716537922738	No Hit
>>END_MODULE
>>Kmer Content	warn
#Sequence	Count	Obs/Exp Overall	Obs/Exp Max	Max Obs/Exp Position
AAAAA	7276505	3.5076408	6.5933714	72
TTTTT	6888460	3.2163985	5.71586	72
CCTGG	3687860	3.031089	11.720626	3
CCAGG	3548855	2.9354954	12.726952	3
CCCAG	3379340	2.7894626	10.90478	2
CTGGG	3310440	2.7265565	9.642302	4
CCAGC	3122155	2.5771704	6.743575	3
CAGCA	3545920	2.5600274	7.1348114	4
GGAGG	3055535	2.5379875	5.755408	6
TGCTG	3502330	2.5017242	6.630874	2
GCTGG	3012535	2.481195	5.6914015	3
TCCAG	3402340	2.4407566	9.954516	2
AGGAG	3254375	2.35935	7.249677	5
CAGGA	3255485	2.3552442	10.289048	4
CAGCC	2826655	2.333251	5.201352	9
CTCCA	3257625	2.3320794	7.3738394	1
CTCCT	3253560	2.3143666	6.742787	1
CTGGA	3190950	2.2938833	8.703507	4
AGCAG	3159775	2.2860007	5.153738	7
GGCTG	2770370	2.281742	7.9460835	7
TCCTG	3193850	2.2766294	9.394697	2
CTGCT	3181660	2.2679403	6.461923	9
CAGAG	3096920	2.2405272	7.424675	4
GGCAG	2687395	2.2275589	5.6913095	7
CCTGC	2705025	2.218661	6.255435	3
GCAGG	2673300	2.2158756	6.38543	3
CTGCA	3063900	2.197968	6.444879	4
CCCTG	2674310	2.193469	8.682995	2
GCTGC	2655425	2.1825204	5.4455366	8
TGCAG	3031975	2.1796007	6.643651	2
CTCTG	3055310	2.1778758	7.0962014	2
CTGCC	2637350	2.1631541	5.620167	9
CAGGG	2579000	2.137711	8.911984	4
TGGAG	2957560	2.1305385	6.298622	5
GCCTG	2589535	2.1283648	6.6239443	7
CACAG	2944610	2.1259031	7.151946	7
CTGTG	2920610	2.0862	9.1769495	9
AGCTG	2873395	2.065602	5.7327595	7
CAGGC	2442415	2.020285	5.8459296	4
GGAGA	2778595	2.0144198	5.5448985	6
GCCAG	2414020	1.9967976	5.1928463	2
CTGGC	2417180	1.9867045	5.117926	4
CTCAG	2754975	1.9763526	6.044136	2
CCCCA	2383525	1.9633777	6.488591	1
CTGAG	2722860	1.9573866	5.4926825	4
CAGAA	3087475	1.949603	5.4367094	4
CAGTG	2614065	1.879177	6.35759	9
TTCTG	3031260	1.8778425	5.1415224	2
CCAGA	2584550	1.8659527	6.721416	3
CACTG	2598825	1.8643343	7.535549	7
CCTCT	2615305	1.8603543	5.1498146	1
TCCCA	2583545	1.8495169	5.173982	2
TGGGG	2229480	1.8400807	5.3480315	5
GGCCA	2222790	1.8386183	5.735471	1
TCTGG	2530645	1.807647	5.980314	3
ACCTG	2493880	1.7890494	5.0840144	7
TGGCC	2139430	1.7584189	5.155529	5
GAGAG	2394330	1.7358364	5.433965	7
ACAGA	2711785	1.7123712	5.82738	8
ACACA	2706790	1.705661	6.6253757	6
CCTGA	2375530	1.7041479	5.409573	3
GCCCA	2053200	1.6948057	6.625296	1
CACAC	2328685	1.6777294	6.7922435	5
TCAGG	2301355	1.6543787	5.6476307	3
GTGTG	2306960	1.6513036	6.4148774	9
CCTGT	2287755	1.6307498	5.472554	8
AGGTG	2260920	1.6286998	5.0669837	7
TGTGT	2617455	1.6248742	6.2962427	10
TGGGC	1952635	1.6082362	5.841016	5
ACAGC	2105185	1.5198681	5.609874	8
GCTGT	2100865	1.5006539	5.4078536	8
CTGTC	2065165	1.4720842	5.929261	9
GACAG	2023535	1.4639659	6.7943106	7
GCCCT	1775755	1.4564742	5.3884873	1
GGGCT	1746030	1.4380716	5.592126	6
AGACA	2230445	1.4084266	5.34581	6
AGGGC	1680535	1.3929813	5.4217157	5
GGACA	1825070	1.3203825	6.1432376	6
GTCCT	1833995	1.3073021	8.259723	1
TGTCC	1818140	1.2960005	5.0253115	10
GTGCT	1785705	1.2755342	5.5387645	1
AGGAC	1737170	1.2567896	8.503124	5
TGTGC	1753775	1.2527264	6.142514	10
ACTGC	1742620	1.2501137	5.1674705	8
AGCAC	1702725	1.2293066	5.628791	5
GTCCA	1676860	1.2029389	6.779755	1
ACAGT	1806250	1.1333176	5.6504965	8
GTCTT	1825665	1.1309856	5.1196795	1
GTGCA	1562610	1.1233159	5.5842395	1
GTCCC	1369535	1.1232924	5.1694965	1
TGGAC	1557965	1.1199768	5.987415	5
ACTGT	1783040	1.1116447	6.6038575	8
TGCAC	1537455	1.1029333	5.235638	5
GACTG	1471355	1.0577153	5.9936934	7
GGACC	1220790	1.0097971	5.2893553	6
ACACT	1604395	1.0045708	5.149413	6
GGACT	1334995	0.95969	5.2696586	6
TGTAG	1524870	0.9526695	5.2659526	2
TAGGA	1284285	0.80749476	5.3868413	4
TCCTA	1275440	0.79352456	5.0588784	2
GTGTA	1116655	0.6976353	5.6987414	1
>>END_MODULE
