##FastQC	0.10.1
>>Basic Statistics	pass
#Measure	Value	
Filename	KS29_S2_L003_R2_001.fastq.gz	
File type	Conventional base calls	
Encoding	Sanger / Illumina 1.9	
Total Sequences	19831127	
Filtered Sequences	0	
Sequence length	35-75	
%GC	45	
>>END_MODULE
>>Per base sequence quality	pass
#Base	Mean	Median	Lower Quartile	Upper Quartile	10th Percentile	90th Percentile
1	31.550455453187304	32.0	32.0	32.0	32.0	32.0
2	31.35181464976751	32.0	32.0	32.0	32.0	32.0
3	31.38783484166079	32.0	32.0	32.0	32.0	32.0
4	31.405990037782523	32.0	32.0	32.0	32.0	32.0
5	31.385346279109605	32.0	32.0	32.0	32.0	32.0
6	35.13414371255855	36.0	36.0	36.0	36.0	36.0
7	35.1238815121299	36.0	36.0	36.0	36.0	36.0
8	35.077919979030945	36.0	36.0	36.0	36.0	36.0
9	35.15455082305711	36.0	36.0	36.0	36.0	36.0
10	35.02361343356835	36.0	36.0	36.0	36.0	36.0
11	35.132953159949004	36.0	36.0	36.0	36.0	36.0
12	35.054272659340036	36.0	36.0	36.0	36.0	36.0
13	35.086016241033605	36.0	36.0	36.0	36.0	36.0
14	35.038511326159124	36.0	36.0	36.0	36.0	36.0
15	35.00986837510546	36.0	36.0	36.0	36.0	36.0
16	35.01624869832158	36.0	36.0	36.0	36.0	36.0
17	35.0074038656502	36.0	36.0	36.0	36.0	36.0
18	34.99666841929861	36.0	36.0	36.0	36.0	36.0
19	34.99239917126243	36.0	36.0	36.0	36.0	36.0
20	34.972507210508006	36.0	36.0	36.0	36.0	36.0
21	34.96084231622338	36.0	36.0	36.0	36.0	36.0
22	34.95763584187626	36.0	36.0	36.0	36.0	36.0
23	34.94133944076905	36.0	36.0	36.0	36.0	36.0
24	34.929810746509766	36.0	36.0	36.0	36.0	36.0
25	34.90967240540591	36.0	36.0	36.0	36.0	36.0
26	34.894025891720624	36.0	36.0	36.0	36.0	36.0
27	34.88780592247733	36.0	36.0	36.0	36.0	36.0
28	34.884325384028855	36.0	36.0	36.0	36.0	36.0
29	34.86210264298141	36.0	36.0	36.0	36.0	36.0
30	34.84265241203891	36.0	36.0	36.0	36.0	36.0
31	34.83344168992514	36.0	36.0	36.0	36.0	36.0
32	34.813007450358214	36.0	36.0	36.0	36.0	36.0
33	34.79964598078566	36.0	36.0	36.0	36.0	36.0
34	34.78402311679008	36.0	36.0	36.0	36.0	36.0
35	34.776060382246555	36.0	36.0	36.0	36.0	36.0
36	34.76790314374944	36.0	36.0	36.0	36.0	36.0
37	34.75871231130809	36.0	36.0	36.0	36.0	36.0
38	34.743444243258516	36.0	36.0	36.0	36.0	36.0
39	34.73446726943095	36.0	36.0	36.0	36.0	36.0
40	34.71923384477351	36.0	36.0	36.0	32.0	36.0
41	34.708253629418856	36.0	36.0	36.0	32.0	36.0
42	34.69751902666473	36.0	36.0	36.0	32.0	36.0
43	34.68182186340168	36.0	36.0	36.0	32.0	36.0
44	34.64977945900797	36.0	36.0	36.0	32.0	36.0
45	34.63415042169268	36.0	36.0	36.0	32.0	36.0
46	34.61259074353229	36.0	36.0	36.0	32.0	36.0
47	34.60242523662028	36.0	36.0	36.0	32.0	36.0
48	34.580646599325235	36.0	36.0	36.0	32.0	36.0
49	34.567057754847504	36.0	36.0	36.0	32.0	36.0
50	34.5400481469931	36.0	36.0	36.0	32.0	36.0
51	34.517045812184335	36.0	36.0	36.0	32.0	36.0
52	34.49513945131422	36.0	36.0	36.0	32.0	36.0
53	34.45895021885354	36.0	36.0	36.0	32.0	36.0
54	34.423007373676796	36.0	36.0	36.0	32.0	36.0
55	34.407663674351646	36.0	36.0	36.0	32.0	36.0
56	34.39717505379449	36.0	36.0	36.0	32.0	36.0
57	34.36327802817303	36.0	36.0	36.0	32.0	36.0
58	34.34340076660542	36.0	36.0	36.0	32.0	36.0
59	34.30720560365766	36.0	36.0	36.0	32.0	36.0
60	34.2883297527646	36.0	36.0	36.0	32.0	36.0
61	34.25818831510985	36.0	36.0	36.0	32.0	36.0
62	34.2350700142069	36.0	36.0	36.0	32.0	36.0
63	34.20371191921977	36.0	36.0	36.0	32.0	36.0
64	34.16964482314658	36.0	36.0	36.0	32.0	36.0
65	34.13354014023254	36.0	36.0	36.0	32.0	36.0
66	34.10478635971686	36.0	36.0	36.0	32.0	36.0
67	34.07191992050834	36.0	36.0	36.0	32.0	36.0
68	34.04641639013721	36.0	36.0	36.0	32.0	36.0
69	34.01517224681437	36.0	36.0	36.0	32.0	36.0
70	34.00868038482854	36.0	36.0	36.0	32.0	36.0
71	33.95878508700357	36.0	36.0	36.0	32.0	36.0
72	33.946446943938575	36.0	36.0	36.0	32.0	36.0
73	33.91804345098275	36.0	36.0	36.0	32.0	36.0
74	33.88359032890359	36.0	36.0	36.0	32.0	36.0
75	32.880963109175376	36.0	32.0	36.0	14.0	36.0
>>END_MODULE
>>Per sequence quality scores	pass
#Quality	Count
2	4716.0
3	0.0
4	0.0
5	0.0
6	0.0
7	0.0
8	0.0
9	0.0
10	0.0
11	0.0
12	0.0
13	1.0
14	903.0
15	3207.0
16	5301.0
17	7645.0
18	10000.0
19	13046.0
20	17596.0
21	24474.0
22	34741.0
23	50291.0
24	73451.0
25	107252.0
26	148981.0
27	199267.0
28	258232.0
29	328437.0
30	418997.0
31	545484.0
32	749450.0
33	1177953.0
34	2638350.0
35	1.3013352E7
>>END_MODULE
>>Per base sequence content	fail
#Base	G	A	T	C
1	44.90136303163977	17.741705635466797	11.287661906306537	26.0692694265869
2	17.13446319110325	19.395189370267104	36.28355768181065	27.186789756818992
3	20.060613498430286	20.863318896479825	28.751739537190424	30.324328067899465
4	13.654573802769951	14.478844197358379	36.087940066563114	35.77864193330855
5	15.241699056421687	34.44696479669243	35.09688877750102	15.214447369384864
6	34.80289137141618	34.81618179810748	16.358805407019698	14.02212142345665
7	30.692140902354943	29.714571134432756	20.48480181309668	19.108486150115624
8	26.939063418127894	34.17512552739158	19.89039838396881	18.99541267051172
9	25.02277391505704	15.485253483346028	19.96261955832551	39.52935304327142
10	14.37650515769092	27.31268407580172	34.82787681542565	23.482933951081716
11	34.61428798182384	22.605352022612664	23.562328048177754	19.218031947385736
12	22.33213061103192	24.09885480534021	30.960308449169144	22.60870613445873
13	28.045881143844927	20.54462422017268	26.088131735285014	25.32136290069738
14	20.616050983710565	20.466311325837037	27.23708794294641	31.680549747505992
15	22.96576521085939	29.242776214010696	23.227769261920375	24.563689313209537
16	22.918883301672704	28.532032348164275	25.364605828054305	23.184478522108716
17	21.829755269372757	28.020411762875284	27.411920392450252	22.737912575301703
18	22.266586726160373	27.74732653327927	27.85498091409484	22.131105826465518
19	22.68539172319186	27.17874657193377	27.591014833698342	22.544846871176027
20	22.676177483622883	27.076634318382233	27.73799357378778	22.509194624207108
21	22.59085645407323	26.76742098491964	27.435363838652872	23.206358722354263
22	22.466052983568233	26.74472954283052	27.709432635084585	23.079784838516662
23	22.489935268667637	26.82554598510038	27.505976749901933	23.178541996330047
24	22.551560138645364	26.59381468486656	27.826705499043676	23.027919677444395
25	22.739410577133704	26.629877691933252	27.410951987225523	23.21975974370752
26	22.25625202665273	26.951100731241777	27.64563389712843	23.14701334497706
27	22.33062297544053	26.98601900804795	27.63818553067757	23.045172485833948
28	22.418727221986874	26.868115464770703	27.636474397711215	23.076682915531208
29	22.19485412664955	27.07255993028693	27.756188449840973	22.97639749322255
30	22.37338366484988	27.100098953865125	27.637624378915575	22.888893002369414
31	22.750416099010558	27.088230946084995	27.395850918252425	22.76550203665202
32	22.16966045947499	27.236260763483617	27.745071964865453	22.84900681217594
33	22.291407153821233	27.027231504481573	27.849805998675205	22.831555343021993
34	22.315389231218592	26.783310114295567	28.014204089365073	22.887096565120764
35	22.211735648978525	27.0466702218571	27.87236177036782	22.869232358796555
36	22.394504776461712	27.36279570476076	27.717445200047656	22.525254318729864
37	22.515593876945236	27.105231402418784	27.491731123645003	22.887443596990977
38	22.32827287310967	27.479493818754854	27.52832538798594	22.663907920149537
39	22.434269390087707	27.283269368942037	27.71385376007618	22.56860748089408
40	22.43518558200784	27.09207917138584	27.714735137874108	22.75800010873221
41	22.481732578307	27.210183695953432	27.725934671778695	22.582149053960865
42	22.32365467145372	27.340136307998254	27.75241208909933	22.583796931448695
43	22.467267922146856	27.07808177960439	27.64313628696151	22.811514011287244
44	22.327159730295588	27.426312836112597	27.702135637629315	22.5443917959625
45	22.384414049153957	27.368030004476555	27.576008960400557	22.67154698596893
46	22.504148073367165	27.392888832038548	27.468351586610236	22.634611507984054
47	22.371726677567384	27.484514776240054	27.631759007102847	22.511999539089715
48	22.26660784157875	27.42588517648818	27.60104330943906	22.706463672494007
49	22.513952383057294	27.251786071300106	27.637367405724593	22.596894139918007
50	22.393117804625696	27.446911714962685	27.601083994673164	22.558886485738455
51	22.49215237571378	27.440941230648196	27.541317318641696	22.52558907499633
52	22.47395001627862	27.416270258932425	27.492286260493792	22.617493464295162
53	22.38004133854905	27.32221251528233	27.66375173769137	22.63399440847725
54	22.515023496299424	27.609487504173686	27.523657853336726	22.35183114619016
55	22.4915574545111	27.366376551916975	27.464048036625915	22.678017956946007
56	22.57821805155808	27.55741146507103	27.390055358133196	22.474315125237695
57	22.415495495513888	27.467104566453642	27.47910815957001	22.63829177846246
58	22.415092673851507	27.29504304983538	27.549074400822242	22.740789875490865
59	22.323252633069814	27.480792335439947	27.569065574720526	22.62688945676972
60	22.4661689512252	27.46787832457241	27.602595174917337	22.463357549285053
61	22.683255979285935	27.470586483017907	27.40788666226792	22.438270875428238
62	22.56777536932157	27.594722272487516	27.40280210831893	22.434700249871984
63	22.537641498557416	27.65945121620564	27.39740623736029	22.40550104787665
64	22.60718321398781	27.372424024094133	27.331612764818953	22.6887799970991
65	22.451825153960847	27.47605651981937	27.52426255132587	22.547855774893915
66	22.505544072914432	27.594939505922095	27.32250370611607	22.577012715047402
67	22.553586856408053	27.44391558478762	27.36950074264885	22.632996816155472
68	22.57987185735559	27.686039177298387	27.471344072267012	22.26274489307901
69	22.825469944296074	27.563414490492917	27.345180893104974	22.26593467210603
70	22.894355724322182	27.42950954335816	27.262838083695286	22.413296648624375
71	22.685722865587284	27.73439103289728	27.21403693447575	22.365849167039688
72	22.70251892042006	27.873286385637307	27.430749067344657	21.99344562659797
73	23.400460205886343	28.43105610133775	27.459434314954677	20.70904937782123
74	24.596333536071437	30.79168764459056	27.582524999517013	17.02945381982099
75	29.967450684827924	41.0784490249771	28.95410029019498	0.0
>>END_MODULE
>>Per base GC content	fail
#Base	%GC
1	70.97063245822667
2	44.32125294792224
3	50.38494156632976
4	49.43321573607851
5	30.45614642580655
6	48.825012794872826
7	49.80062705247057
8	45.93447608863961
9	64.55212695832846
10	37.859439108772634
11	53.83231992920958
12	44.94083674549065
13	53.3672440445423
14	52.29660073121656
15	47.52945452406893
16	46.10336182378142
17	44.56766784467446
18	44.39769255262589
19	45.23023859436789
20	45.18537210782999
21	45.79721517642749
22	45.54583782208489
23	45.668477264997684
24	45.579479816089766
25	45.959170320841224
26	45.40326537162979
27	45.37579546127448
28	45.495410137518085
29	45.1712516198721
30	45.2622766672193
31	45.515918135662574
32	45.01866727165093
33	45.12296249684323
34	45.20248579633936
35	45.080968007775084
36	44.91975909519158
37	45.403037473936216
38	44.99218079325921
39	45.00287687098179
40	45.19318569074005
41	45.063881632267865
42	44.90745160290241
43	45.278781933434104
44	44.87155152625809
45	45.055961035122884
46	45.138759581351216
47	44.8837262166571
48	44.97307151407276
49	45.1108465229753
50	44.95200429036415
51	45.017741450710105
52	45.09144348057379
53	45.0140357470263
54	44.866854642489585
55	45.16957541145711
56	45.05253317679577
57	45.05378727397635
58	45.15588254934237
59	44.95014208983953
60	44.92952650051025
61	45.12152685471417
62	45.002475619193554
63	44.943142546434075
64	45.29596321108691
65	44.999680928854765
66	45.082556787961835
67	45.18658367256352
68	44.84261675043461
69	45.09140461640211
70	45.307652372946556
71	45.05157203262697
72	44.695964547018036
73	44.10950958370757
74	41.62578735589243
75	29.967450684827924
>>END_MODULE
>>Per sequence GC content	warn
#GC Content	Count
0	4756.0
1	2416.5
2	98.0
3	171.0
4	223.0
5	276.0
6	446.0
7	719.0
8	877.5
9	1071.5
10	1619.0
11	2562.5
12	3167.5
13	3952.0
14	5934.0
15	9058.5
16	11554.0
17	16453.5
18	26950.5
19	40551.5
20	50254.5
21	65409.5
22	94266.0
23	127660.5
24	150154.0
25	178848.5
26	227696.5
27	277161.5
28	309925.5
29	350259.0
30	413860.0
31	475621.5
32	516475.0
33	561787.5
34	636512.5
35	704804.5
36	743267.5
37	782650.0
38	826899.5
39	853219.5
40	869905.0
41	875626.5
42	872977.5
43	864285.0
44	860643.5
45	849779.0
46	823216.5
47	794607.5
48	780020.0
49	762396.0
50	729696.0
51	698786.5
52	680558.5
53	666721.0
54	643455.5
55	620565.5
56	607481.5
57	591483.0
58	560716.0
59	522920.5
60	490849.0
61	452301.0
62	402880.5
63	356142.5
64	320259.5
65	289765.5
66	247710.0
67	204172.0
68	173038.0
69	149913.0
70	122239.5
71	95224.5
72	76824.5
73	64852.0
74	51578.5
75	39406.5
76	31753.5
77	26779.0
78	21263.5
79	16206.0
80	12950.5
81	11009.0
82	8682.5
83	6212.5
84	4688.5
85	3955.0
86	3111.5
87	2276.0
88	1952.0
89	1764.5
90	1470.5
91	1261.0
92	1164.0
93	1085.5
94	1020.0
95	1002.0
96	975.5
97	1009.5
98	1220.0
99	7043.5
100	12690.0
>>END_MODULE
>>Per base N content	pass
#Base	N-Count
1	0.07270892874620792
2	0.043825043327088774
3	0.031112704789798384
4	0.03799582343454308
5	0.042866953552362405
6	0.024335480278049756
7	0.023780796724260804
8	0.024088393967725587
9	0.023780796724260804
10	0.023780796724260804
11	0.023780796724260804
12	0.023780796724260804
13	0.024925461876170733
14	0.023780796724260804
15	0.023780796724260804
16	0.023780796724260804
17	0.023780796724260804
18	0.023780796724260804
19	0.023780796724260804
20	0.02591884969522912
21	0.024607779477182512
22	0.023780796724260804
23	0.023780796724260804
24	0.023780796724260804
25	0.023780796724260804
26	0.023780796724260804
27	0.02626678756078765
28	0.023780796724260804
29	0.023780796724260804
30	0.023780796724260804
31	0.023780796724260804
32	0.023780796724260804
33	0.023780796724260804
34	0.023821137346354545
35	0.023780796724260804
36	0.0
37	0.0
38	0.0
39	5.046699125689657E-6
40	0.0
41	1.4643101170498817E-4
42	5.0509134602247385E-6
43	1.010540697379188E-4
44	0.00205222591448779
45	0.0
46	0.0
47	0.0
48	0.0016362549518241962
49	0.0017184190443410407
50	0.003976910382962266
51	5.076164807233657E-6
52	0.0
53	0.0
54	0.0
55	0.0
56	0.0
57	0.0
58	0.0
59	0.0
60	0.0
61	0.0
62	0.0
63	0.0
64	0.0
65	0.0
66	0.0
67	0.0
68	7.355356271443518E-4
69	0.004504059698924365
70	0.0
71	0.0
72	6.354557081331975E-4
73	0.0
74	0.0
75	0.003641250377489201
>>END_MODULE
>>Sequence Length Distribution	warn
#Length	Count
35	6201.0
36	2402.0
37	3378.0
38	4214.0
39	4795.0
40	5589.0
41	6149.0
42	7014.0
43	7988.0
44	9281.0
45	10724.0
46	11175.0
47	12017.0
48	12765.0
49	13639.0
50	13884.0
51	14583.0
52	15553.0
53	16894.0
54	18697.0
55	19723.0
56	20329.0
57	21352.0
58	22122.0
59	23035.0
60	23581.0
61	24068.0
62	24918.0
63	26595.0
64	28400.0
65	30728.0
66	30450.0
67	33225.0
68	34156.0
69	42056.0
70	55004.0
71	132990.0
72	480630.0
73	1376091.0
74	4277078.0
75	1.2907654E7
>>END_MODULE
>>Sequence Duplication Levels	warn
#Total Duplicate Percentage	33.74250698689526
#Duplication Level	Relative count
1	100.0
2	22.115570923941394
3	9.765549312148808
4	5.197263499918024
5	3.118805240487085
6	2.000208665583593
7	1.3220455189065923
8	0.8652169376835139
9	0.6744369755414127
10++	3.987748349306187
>>END_MODULE
>>Overrepresented sequences	pass
>>END_MODULE
>>Kmer Content	warn
#Sequence	Count	Obs/Exp Overall	Obs/Exp Max	Max Obs/Exp Position
AAAAA	7486955	3.837455	8.258634	71
TTTTT	6527915	3.137747	5.519272	71
CCTGG	3174890	3.0334234	11.958259	3
CCAGG	3009110	2.9122012	12.405681	3
GGGGG	2610030	2.8964822	5.044732	71
CCCAG	2872105	2.8042147	11.279653	2
CTGGG	2871055	2.7190561	11.022045	4
CCAGC	2676820	2.613546	6.2931385	3
GCTGG	2662080	2.5211446	6.9748282	3
GGAGG	2626480	2.49748	5.685551	6
CAGCA	2995060	2.4836555	6.662125	4
TGCTG	3057675	2.44958	7.545054	2
TCCAG	2943680	2.4098914	8.760524	2
CAGCC	2406360	2.3494787	5.5654793	9
CTCCA	2817095	2.3266768	6.403088	1
CAGGA	2813480	2.3126078	9.795116	4
CTCCT	2819590	2.299014	6.2082596	1
GGCTG	2412770	2.2850337	8.264693	7
AGGAG	2800670	2.2818778	6.945796	5
CTGGA	2802670	2.274318	8.707943	4
CTGCT	2802930	2.2653756	6.5361776	9
TCCTG	2783065	2.2493205	8.817978	2
GCTGC	2333695	2.2297103	5.613427	8
CCTGC	2304010	2.2208354	6.207076	3
AGCAG	2700820	2.220004	5.621492	7
GGCAG	2305530	2.2117007	6.349774	7
CTGCC	2290490	2.2078037	5.727962	9
CTGCA	2676055	2.190796	6.7814875	4
GCAGG	2262045	2.1699853	6.715298	3
CAGAG	2635320	2.1661649	7.7261996	4
CCCTG	2245575	2.16451	8.977143	2
GCCTG	2243760	2.1437826	7.0577593	7
CTCTG	2650165	2.1419084	7.532589	2
TGCAG	2636855	2.139762	7.0082536	2
TGGAG	2580470	2.075632	6.4180436	5
CAGGG	2158150	2.0703187	9.475219	4
AGCTG	2525685	2.0495493	5.9400826	7
GCCAG	2098410	2.0308301	5.307651	2
CTGGC	2122005	2.027453	5.6130047	4
CCCCA	2056300	2.0254667	6.8066955	1
CAGGC	2076280	2.009413	6.1142716	4
CAGAA	2835245	1.9968766	5.398625	4
CACAG	2397525	1.988149	7.1045294	7
GGAGA	2429105	1.979141	5.436988	6
CTGTG	2451860	1.9642463	8.981443	9
GGGAG	2064385	1.9629924	5.506092	7
CTCAG	2359900	1.9319705	6.1074786	2
TTCTG	2824070	1.9138124	5.269995	2
CTGAG	2335615	1.8953109	5.884859	4
CCAGA	2264005	1.8774277	6.7120914	3
GGCCA	1931010	1.8688215	6.311815	1
TGGGG	1961475	1.8413306	6.3437753	5
CCTCT	2256175	1.8396213	5.617908	1
TCTGG	2260330	1.8108069	6.4953785	3
CACTG	2171350	1.7776111	7.5111127	7
ACCTG	2162920	1.7707098	5.5057225	7
TGGCC	1848710	1.7663355	5.730603	5
CAGTG	2173395	1.7636722	6.577644	9
AGAGG	2150945	1.752507	5.096798	5
CCTGA	2085700	1.7074922	5.649973	3
GCCCA	1734045	1.6930559	7.0698147	1
ACAGA	2375115	1.6728048	5.913741	8
GAGAG	2036895	1.6595834	5.329425	7
TCAGG	2020550	1.6396412	5.9206533	3
GGGCC	1437550	1.6236923	5.3781614	6
GGCCT	1690295	1.6149789	5.0876784	1
TGGGC	1689025	1.5996051	6.5282702	5
CCTGT	1973630	1.5951213	5.548628	8
AGGTG	1954505	1.5721296	5.2194433	7
CTTGG	1931875	1.5476733	5.017205	3
GTGTG	1911645	1.5180284	7.8411956	1
TGTGT	2212070	1.4859189	5.821609	10
ACACA	2089130	1.4844099	6.242738	6
AGGCT	1807960	1.4671282	5.035275	6
CTGTC	1786450	1.4438392	5.9380183	9
CACAC	1723550	1.4419074	6.4393888	5
GCTGT	1799490	1.4416164	5.27164	8
GCCCT	1492700	1.4388137	5.9869328	1
ACAGC	1733560	1.4375557	5.4863267	8
GGGCT	1510390	1.4304273	5.9819613	6
GACAG	1722500	1.4158504	6.9699593	7
AGGGC	1409690	1.3523191	5.668437	5
AGACA	1918915	1.351501	5.3138623	6
GGACA	1527110	1.2552449	6.0756154	6
GTCCT	1537760	1.2428439	7.914676	1
ACTGC	1509400	1.2356949	5.1867285	8
GTGCT	1523655	1.2206382	6.552421	1
GTCCA	1435130	1.1748927	6.713671	1
AGGAC	1418675	1.1661141	7.521907	5
TGTGC	1444410	1.157153	5.6940727	10
AGCAC	1390715	1.1532513	5.443251	5
GTCTT	1677590	1.1368673	5.3198547	1
GTGCA	1327745	1.077442	6.1561923	1
TGGAC	1319205	1.0705119	6.0142565	5
TGCAC	1297935	1.0625757	5.617438	5
ACAGT	1520885	1.0574944	5.573902	8
ACTGT	1529220	1.0497184	6.423409	8
GACTG	1278710	1.037651	5.9392304	7
GCACT	1243065	1.0176554	5.010777	6
GGACC	1027875	0.9947721	5.0510874	6
ACACT	1358050	0.9526321	5.051565	6
GGACT	1164725	0.94515413	5.2426634	6
GTGTA	949985	0.64638597	5.91145	1
TACAC	876415	0.61477923	5.0043726	5
>>END_MODULE
