##FastQC	0.10.1
>>Basic Statistics	pass
#Measure	Value	
Filename	019-F0_S5_L001_R2_001.fastq.gz	
File type	Conventional base calls	
Encoding	Sanger / Illumina 1.9	
Total Sequences	14399255	
Filtered Sequences	0	
Sequence length	35-75	
%GC	45	
>>END_MODULE
>>Per base sequence quality	pass
#Base	Mean	Median	Lower Quartile	Upper Quartile	10th Percentile	90th Percentile
1	31.54692551802159	32.0	32.0	32.0	32.0	32.0
2	31.41220708988069	32.0	32.0	32.0	32.0	32.0
3	31.453992376688934	32.0	32.0	32.0	32.0	32.0
4	31.471089163987997	32.0	32.0	32.0	32.0	32.0
5	31.46309104186293	32.0	32.0	32.0	32.0	32.0
6	35.22882343565691	36.0	36.0	36.0	36.0	36.0
7	35.21797474938808	36.0	36.0	36.0	36.0	36.0
8	35.184041882722404	36.0	36.0	36.0	36.0	36.0
9	35.23155656316941	36.0	36.0	36.0	36.0	36.0
10	35.13085704781254	36.0	36.0	36.0	36.0	36.0
11	35.22139312068576	36.0	36.0	36.0	36.0	36.0
12	35.14970496737505	36.0	36.0	36.0	36.0	36.0
13	35.17055833791401	36.0	36.0	36.0	36.0	36.0
14	35.12639077507829	36.0	36.0	36.0	36.0	36.0
15	35.11052946836486	36.0	36.0	36.0	36.0	36.0
16	35.11757031874218	36.0	36.0	36.0	36.0	36.0
17	35.10822823819704	36.0	36.0	36.0	36.0	36.0
18	35.09018758262146	36.0	36.0	36.0	36.0	36.0
19	35.079552240723565	36.0	36.0	36.0	36.0	36.0
20	35.06649462072864	36.0	36.0	36.0	36.0	36.0
21	35.06064445695281	36.0	36.0	36.0	36.0	36.0
22	35.046957012706564	36.0	36.0	36.0	36.0	36.0
23	35.032125620388	36.0	36.0	36.0	36.0	36.0
24	35.01986880571252	36.0	36.0	36.0	36.0	36.0
25	35.00367928757425	36.0	36.0	36.0	36.0	36.0
26	34.98652902528638	36.0	36.0	36.0	36.0	36.0
27	34.97029033793762	36.0	36.0	36.0	36.0	36.0
28	34.95603161413559	36.0	36.0	36.0	36.0	36.0
29	34.93608981853575	36.0	36.0	36.0	36.0	36.0
30	34.91958139500967	36.0	36.0	36.0	36.0	36.0
31	34.90435088482008	36.0	36.0	36.0	36.0	36.0
32	34.89284910920738	36.0	36.0	36.0	36.0	36.0
33	34.887208192368284	36.0	36.0	36.0	36.0	36.0
34	34.87315302076392	36.0	36.0	36.0	36.0	36.0
35	34.86631801436949	36.0	36.0	36.0	36.0	36.0
36	34.867137409224114	36.0	36.0	36.0	36.0	36.0
37	34.852354476493275	36.0	36.0	36.0	36.0	36.0
38	34.838042580236916	36.0	36.0	36.0	36.0	36.0
39	34.798240466391725	36.0	36.0	36.0	36.0	36.0
40	34.81379653203259	36.0	36.0	36.0	36.0	36.0
41	34.794400675168035	36.0	36.0	36.0	36.0	36.0
42	34.7895696195897	36.0	36.0	36.0	36.0	36.0
43	34.77525703154509	36.0	36.0	36.0	36.0	36.0
44	34.75524850022663	36.0	36.0	36.0	36.0	36.0
45	34.74646355538922	36.0	36.0	36.0	36.0	36.0
46	34.71548751583978	36.0	36.0	36.0	36.0	36.0
47	34.7129972210384	36.0	36.0	36.0	36.0	36.0
48	34.69999173714022	36.0	36.0	36.0	36.0	36.0
49	34.68500383144341	36.0	36.0	36.0	36.0	36.0
50	34.668688744947055	36.0	36.0	36.0	36.0	36.0
51	34.64538802316974	36.0	36.0	36.0	36.0	36.0
52	34.63012361846614	36.0	36.0	36.0	36.0	36.0
53	34.5898554797437	36.0	36.0	36.0	32.0	36.0
54	34.58408345242811	36.0	36.0	36.0	32.0	36.0
55	34.52690334151413	36.0	36.0	36.0	32.0	36.0
56	34.5200093568528	36.0	36.0	36.0	32.0	36.0
57	34.519115824318305	36.0	36.0	36.0	32.0	36.0
58	34.4834320894037	36.0	36.0	36.0	32.0	36.0
59	34.46993508909757	36.0	36.0	36.0	32.0	36.0
60	34.45777143741451	36.0	36.0	36.0	32.0	36.0
61	34.42490881919611	36.0	36.0	36.0	32.0	36.0
62	34.39728650435692	36.0	36.0	36.0	32.0	36.0
63	34.38162796124684	36.0	36.0	36.0	32.0	36.0
64	34.3392039796859	36.0	36.0	36.0	32.0	36.0
65	34.33794444604819	36.0	36.0	36.0	32.0	36.0
66	34.304335711999485	36.0	36.0	36.0	32.0	36.0
67	34.276724888109094	36.0	36.0	36.0	32.0	36.0
68	34.246234295693846	36.0	36.0	36.0	32.0	36.0
69	34.23576727386249	36.0	36.0	36.0	32.0	36.0
70	34.20652873431534	36.0	36.0	36.0	32.0	36.0
71	34.17730507733059	36.0	36.0	36.0	32.0	36.0
72	34.164530976209235	36.0	36.0	36.0	32.0	36.0
73	34.12099183000631	36.0	36.0	36.0	32.0	36.0
74	34.07012218879532	36.0	36.0	36.0	32.0	36.0
75	33.1535171706055	36.0	36.0	36.0	21.0	36.0
>>END_MODULE
>>Per sequence quality scores	pass
#Quality	Count
2	14040.0
3	63.0
4	1537.0
5	2349.0
6	1013.0
7	293.0
8	278.0
9	132.0
10	85.0
11	141.0
12	195.0
13	197.0
14	935.0
15	2304.0
16	3978.0
17	5814.0
18	8174.0
19	11235.0
20	16100.0
21	22629.0
22	31642.0
23	43167.0
24	58680.0
25	78707.0
26	103139.0
27	132057.0
28	167130.0
29	206588.0
30	259571.0
31	331024.0
32	440389.0
33	665462.0
34	1455849.0
35	1.0334358E7
>>END_MODULE
>>Per base sequence content	fail
#Base	G	A	T	C
1	46.30661615209192	17.355055881817957	10.023413733810179	26.31491423227995
2	16.880870363016722	19.391172760541643	37.08001155393464	26.647945322506995
3	20.39923292304417	21.102847977947963	27.972452751717896	30.52546634728997
4	13.724213012933909	14.434115703968473	36.02521367256969	35.81645761052793
5	15.33770692192274	34.25455275501045	34.964695502357436	15.443044820709376
6	34.667963583714936	34.54384717623355	16.646092985254032	14.142096254797485
7	30.686061045925566	28.99762801555555	20.801851705089756	19.51445923342913
8	26.508676444751405	33.945964796697936	20.436420050457293	19.108938708093365
9	24.88412940124177	14.821562441828275	20.90300525425611	39.39130290267384
10	14.973806240024098	25.76771588660687	35.005541375487745	24.25293649788129
11	34.08641666919336	22.968535245204166	24.205425510223666	18.739622575378803
12	22.741289904645072	24.086669608367785	31.409300852224025	21.76273963476312
13	28.32826466991373	20.62748495257934	25.853208781083815	25.191041596423112
14	20.261228543332003	21.04794637728128	27.282338524707594	31.408486554679122
15	22.586084456799497	30.02162026299982	23.180285257834868	24.212010022365813
16	22.65698000454997	27.85347960279372	26.48822471309012	23.001315679566197
17	21.7729748572074	28.104979233834342	27.743626530059824	22.378419378898435
18	22.192112573394297	27.217484987292927	28.72075182468552	21.869650614627254
19	23.181385465883572	26.672577331977237	27.211770217368564	22.934266984770623
20	22.96267939495469	27.04698144353932	27.802655151744716	22.18768400976127
21	22.391677141202493	26.58345736672082	27.18893688718054	23.83592860489615
22	22.642205711743003	27.195838908558517	27.4196477299227	22.74230764977578
23	22.136335872574538	27.191363120858803	27.78276154617964	22.889539460387017
24	22.840849536028355	26.31240699440341	28.238764819601748	22.607978649966494
25	22.681064604893113	26.67119786897644	27.688819762514555	22.958917763615897
26	21.92345358888682	27.276958731766214	27.94952549738613	22.85006218196083
27	22.093321266082125	27.252787514860056	27.715157603025503	22.938733616032316
28	22.075684380256217	27.081053364180708	27.3974540763727	23.44580817919038
29	22.332646395580152	26.959675089062387	27.459623683506496	23.24805483185097
30	22.03701360771285	26.999182951586175	27.939084231104722	23.024719209596253
31	23.1827263118622	26.662966826076516	27.29210897590879	22.862197886152487
32	21.958087280501722	27.464820423890306	27.81020845350366	22.766883842104317
33	22.019128870430997	27.307106929616477	28.163383202045523	22.510380997907003
34	22.201259598283173	26.929868813233178	28.248664000777328	22.62020758770632
35	22.015185582474523	27.371670894003486	28.03320401155786	22.57993951196413
36	22.06199107456529	27.398545355886927	28.233550034261707	22.305913535286077
37	22.29179309775173	26.884076290578246	27.348229289814107	23.475901321855915
38	22.204436721304173	27.86638735261519	27.335078001860236	22.5940979242204
39	22.733200403469436	27.112364733695966	27.62239812494237	22.532036737892223
40	22.976517258058664	26.70136477862502	27.728437345577717	22.593680617738602
41	22.888287557850422	26.883259708430746	27.768752389919065	22.45970034379977
42	22.227677065467326	27.707394953809615	27.834077061449435	22.23085091927362
43	22.258026085725156	27.383799961098166	27.836768347669338	22.52140560550734
44	21.982359615466265	27.717705244434114	27.754220362768518	22.545714777331103
45	22.178534121899585	27.691697963387675	27.5223221289919	22.607445785720838
46	22.36984989134182	27.080949489208976	27.56195069010342	22.98724992934578
47	22.88586615670049	27.16741049567903	27.495687919854216	22.45103542776626
48	22.046341143431572	27.54497006387532	27.508317303298718	22.900371489394384
49	22.890130682925943	26.95642172559812	27.325979350498702	22.82746824097724
50	22.1964450211198	27.994819751505347	27.244828176956954	22.563907050417903
51	22.313578525582226	27.603851458601053	27.549777130544694	22.53279288527203
52	22.356872613640384	27.829018259581172	27.227300056027303	22.586809070751134
53	22.150493629369326	27.13368723886115	28.022277178364057	22.693541953405468
54	22.34458026509365	27.931446668396465	27.64244625033845	22.081526816171436
55	22.332032215023407	26.910959382657712	27.75189772225291	23.005110680065975
56	22.54781004183118	27.494772340578137	27.147916908049357	22.809500709541325
57	22.32405522332663	27.4910421460678	27.194859296675013	22.99004333393056
58	22.54514512299688	27.501913682165757	26.926279789806134	23.02666140503123
59	22.513284726313675	27.48268561482858	27.08843999610537	22.915589662752378
60	22.24719366715423	27.26912401633107	27.89565761714033	22.58802469937437
61	22.73473978158646	27.160277299267864	27.377140242173247	22.72784267697243
62	22.68769577230085	27.184548230684662	27.660214852451954	22.467541144562535
63	22.53652240283843	27.798192174076057	27.291873788184773	22.373411634900737
64	22.62028521293725	27.292552524693587	27.092876790684638	22.994285471684528
65	22.650554881516655	27.74302675122072	27.135155837115	22.471262530147623
66	22.520573475319246	28.460726611932706	26.79636568750264	22.222334225245408
67	22.91258398227002	27.241416280060715	26.90527075547644	22.940728982192823
68	22.803217040559694	27.762156849935423	27.361860776982418	22.07276533252247
69	23.13836939909793	27.341166424929497	27.32860764538183	22.19185653059074
70	23.56446125819791	27.10208310252451	26.97935767119783	22.35409796807975
71	22.920081692715584	27.947868735395915	26.939221971564937	22.192827600323564
72	22.659599653077088	28.026866006871824	27.28585625762608	22.027678082425005
73	23.775088390741615	28.769528562330503	26.89635968055161	20.559023366376277
74	24.51737905196392	31.046423088291235	27.746675466406895	16.68952239333795
75	29.736836954743428	41.59568041105906	28.667482634197516	0.0
>>END_MODULE
>>Per base GC content	fail
#Base	%GC
1	72.62153038437187
2	43.52881568552371
3	50.92469927033414
4	49.54067062346183
5	30.780751742632116
6	48.810059838512416
7	50.2005202793547
8	45.61761515284477
9	64.27543230391561
10	39.22674273790538
11	52.826039244572165
12	44.504029539408194
13	53.51930626633684
14	51.669715098011125
15	46.798094479165314
16	45.65829568411616
17	44.15139423610584
18	44.06176318802155
19	46.115652450654196
20	45.15036340471597
21	46.22760574609865
22	45.38451336151878
23	45.025875332961554
24	45.44882818599485
25	45.63998236850901
26	44.77351577084765
27	45.032054882114444
28	45.5214925594466
29	45.58070122743112
30	45.0617328173091
31	46.04492419801469
32	44.724971122606036
33	44.529509868338
34	44.82146718598949
35	44.59512509443865
36	44.36790460985137
37	45.76769441960764
38	44.79853464552457
39	45.265237141361666
40	45.57019787579726
41	45.347987901650185
42	44.45852798474095
43	44.779431691232496
44	44.528074392797365
45	44.78597990762042
46	45.357099820687594
47	45.33690158446675
48	44.94671263282596
49	45.71759892390318
50	44.7603520715377
51	44.84637141085426
52	44.94368168439152
53	44.844035582774794
54	44.42610708126509
55	45.33714289508938
56	45.3573107513725
57	45.31409855725719
58	45.571806528028105
59	45.428874389066046
60	44.8352183665286
61	45.462582458558884
62	45.15523691686339
63	44.90993403773917
64	45.614570684621775
65	45.12181741166428
66	44.74290770056466
67	45.853312964462845
68	44.87598237308216
69	45.33022592968867
70	45.91855922627766
71	45.112909293039145
72	44.68727773550209
73	44.33411175711789
74	41.206901445301874
75	29.736836954743428
>>END_MODULE
>>Per sequence GC content	warn
#GC Content	Count
0	14114.0
1	7238.0
2	564.0
3	1024.5
4	1285.0
5	1409.0
6	1484.0
7	1349.0
8	1273.5
9	1279.0
10	1433.5
11	1871.5
12	2168.5
13	2626.0
14	3856.0
15	5685.0
16	7100.5
17	9790.0
18	15926.5
19	24065.0
20	29785.0
21	39310.0
22	57313.0
23	77701.5
24	91555.0
25	110010.0
26	141662.0
27	174653.5
28	197223.5
29	225649.0
30	273072.5
31	324022.0
32	359982.0
33	402183.0
34	474572.0
35	549599.5
36	592965.5
37	627005.5
38	658026.5
39	657717.5
40	653698.0
41	645355.0
42	631020.5
43	625029.5
44	625570.0
45	622700.5
46	611095.5
47	597094.5
48	590341.5
49	578777.5
50	556456.0
51	534262.0
52	520248.5
53	507337.5
54	484998.5
55	461182.0
56	446095.5
57	430394.0
58	403666.0
59	372649.0
60	346730.5
61	318096.5
62	281715.0
63	245792.0
64	217740.5
65	195328.5
66	165521.5
67	135429.5
68	113963.0
69	98140.5
70	79612.5
71	61784.0
72	49869.5
73	42131.0
74	34180.0
75	26911.0
76	21866.0
77	18403.5
78	14698.0
79	11399.5
80	9245.0
81	7743.5
82	6040.0
83	4353.0
84	3370.0
85	2889.0
86	2245.5
87	1640.0
88	1412.0
89	1244.5
90	1018.0
91	892.0
92	847.0
93	825.5
94	804.5
95	786.0
96	771.0
97	785.0
98	919.5
99	3847.0
100	6654.0
>>END_MODULE
>>Per base N content	pass
#Base	N-Count
1	0.2729794006703819
2	0.1731409020813924
3	0.10988068479931773
4	0.09753282374678413
5	0.0980536840274028
6	0.09981071937402318
7	0.10191499490772266
8	0.11113074947280259
9	0.12738159022810555
10	0.12743020385429663
11	0.13530561129725113
12	0.13764601015816444
13	0.1438338302919144
14	0.14080589586058445
15	0.14316018432898092
16	0.1467714822746038
17	0.14625062199398509
18	0.14886186820082012
19	0.14394494715177972
20	0.15015360169675446
21	0.14399356077797082
22	0.1452297358439725
23	0.1490979915280339
24	0.1511189294168344
25	0.14193095406672082
26	0.15344543867026453
27	0.1454658591711863
28	0.15440382158660293
29	0.16234867706697326
30	0.15204953311820646
31	0.15319542573556758
32	0.1534246042590398
33	0.14793820930318966
34	0.15149394881887987
35	0.15415380865190595
36	0.05770721583541624
37	0.0626170026581627
38	0.07510492845831204
39	0.06432038986981002
40	0.05648232507764405
41	0.07551404759823183
42	0.0801052345665692
43	0.07478156224074377
44	0.06677755551159081
45	0.07057699733216714
46	0.06165371176872275
47	0.0677111301455632
48	0.08208240872165856
49	0.050637298155271446
50	0.05470039167445302
51	0.05540724323779781
52	0.06471920606793548
53	0.06868202959411061
54	0.06355716665746622
55	0.07077866770770938
56	0.05994719839454617
57	0.0664936406606347
58	0.07551802707487906
59	0.062381684856648904
60	0.06545199694761314
61	0.05557388375335004
62	0.06171580066610502
63	0.05763926675584287
64	0.06560473099408583
65	0.06298423936280143
66	0.06008549842611974
67	0.05484579865030013
68	0.0723236159378867
69	0.060132844453839346
70	0.06840473826028214
71	0.06511727054314559
72	0.058969752919454804
73	0.05843631041917303
74	0.059177250373892626
75	0.0800188172795266
>>END_MODULE
>>Sequence Length Distribution	warn
#Length	Count
35	16305.0
36	3469.0
37	4925.0
38	5862.0
39	6679.0
40	7070.0
41	7568.0
42	8281.0
43	9431.0
44	10552.0
45	11783.0
46	12782.0
47	13778.0
48	14606.0
49	15809.0
50	15754.0
51	16256.0
52	16668.0
53	17596.0
54	18796.0
55	19503.0
56	21123.0
57	22066.0
58	23140.0
59	24878.0
60	26403.0
61	25275.0
62	24579.0
63	25056.0
64	27556.0
65	28842.0
66	28892.0
67	35699.0
68	32826.0
69	43090.0
70	48780.0
71	102297.0
72	349823.0
73	987229.0
74	3012905.0
75	9255323.0
>>END_MODULE
>>Sequence Duplication Levels	warn
#Total Duplicate Percentage	31.649463294020688
#Duplication Level	Relative count
1	100.0
2	22.419844533924763
3	8.288652986226252
4	3.967040617844864
5	2.1740846809213124
6	1.3364627520222792
7	0.8534125736597691
8	0.5864071258873266
9	0.4220408690596671
10++	3.503369867143257
>>END_MODULE
>>Overrepresented sequences	pass
>>END_MODULE
>>Kmer Content	fail
#Sequence	Count	Obs/Exp Overall	Obs/Exp Max	Max Obs/Exp Position
AAAAA	5237400	3.7197492	10.297328	71
TTTTT	4572635	3.0357182	5.5017133	33
CCTGG	2217605	2.9338608	11.925657	3
CAGCA	2493980	2.8669522	6.707912	4
CCAGG	2129550	2.8556418	12.321402	3
TGCTG	2574220	2.8524616	7.663218	2
AGAAA	3290995	2.7265513	6.7373543	48
GAAAA	3237455	2.682194	6.841663	24
GCTGC	2005820	2.6536722	5.79517	8
CTGCT	2366705	2.6481974	6.657089	9
TTTCT	3339360	2.6469107	6.958883	16
CCCAG	1928860	2.6118531	10.612356	2
AGCAG	2272415	2.5869203	5.3012915	7
TTTTC	3210180	2.5445178	5.4790645	24
CCAGC	1857100	2.5146835	6.247226	3
CTGGG	1907250	2.498796	10.230456	4
GGAGG	1865620	2.453437	5.334369	6
TCCAG	2145740	2.4335706	8.778965	2
GCTGG	1845715	2.4181757	6.589381	3
CTCCT	2056470	2.3235967	6.111323	1
AGGAG	2043745	2.3040397	6.559464	5
CTGGA	2041315	2.292687	8.523883	4
CTCCA	1976595	2.2636886	6.179157	1
CAGGA	1966860	2.239076	8.892071	4
CAGCC	1646905	2.23006	5.007632	9
TCCTG	1954825	2.187329	8.37326	2
GGCTG	1663445	2.1793735	8.11168	7
CCTGC	1631005	2.178927	6.069884	3
CTGCC	1623390	2.1687539	5.6453648	9
GGCAG	1630580	2.1653392	6.022869	7
GAGAA	2215955	2.1415873	6.509773	47
GCAGG	1600400	2.1252615	6.4474487	3
CCCTG	1586980	2.1201122	8.786522	2
CAGAG	1861890	2.1195781	7.3960376	4
CTCTG	1876945	2.100186	7.23908	2
CTGCA	1835235	2.081414	6.024593	4
TTCTC	2171955	2.0554552	5.5516834	17
TGCAG	1824510	2.0491843	6.474931	2
AAAAT	2912510	2.04082	5.4738903	42
AGCTG	1803890	2.026025	5.761677	7
TGGAG	1817765	2.0218103	6.011643	5
TGGAA	2108785	2.0106966	5.592147	11
GCCTG	1515745	2.0053098	6.6922994	7
CAGGG	1507395	2.0017548	9.056197	4
GGAAA	2050990	1.9821584	6.2064095	40
GCCAG	1476380	1.979767	5.473853	2
CACAG	1715025	1.9715052	6.4202375	7
CAGAA	2018945	1.9702957	5.1615815	4
GGAGA	1746055	1.9684354	5.041072	6
CTGGC	1483175	1.9622198	5.648854	4
CTGTG	1767690	1.9587556	8.832162	9
CCCCA	1417925	1.9388016	6.7473297	1
TGAAA	2346450	1.9179493	5.495304	30
CTGAA	1976535	1.9030528	5.9855485	29
CAGGC	1416205	1.8990747	5.7330785	4
TTCTG	2017755	1.8910086	5.065201	2
CAGTG	1674850	1.8810947	8.339785	7
CTCAG	1647215	1.8681732	5.851193	2
CCTCT	1643860	1.8573904	5.606353	1
CTGAG	1632260	1.83326	5.708559	4
CCAGA	1593375	1.8316625	6.4343863	3
CATTT	2275900	1.8284785	6.2569513	14
CACTG	1583225	1.7955996	6.7818484	7
GTGTG	1630980	1.7897431	9.654954	9
ACCTG	1574110	1.7852619	5.4931464	8
GGCCA	1326230	1.7784218	6.445739	1
TCTGG	1582630	1.7536929	6.131628	3
TGGGG	1347205	1.7479331	5.955069	5
GAGAG	1532090	1.7272195	5.047435	7
AAATG	2071445	1.6931646	5.5868645	43
TGGCC	1266150	1.6750991	5.5183153	5
TGTGT	1800165	1.6707264	7.626444	10
CCTGA	1458895	1.6545918	5.2996716	3
ACAGA	1685670	1.6450516	5.380107	8
AAAAC	1960750	1.6403658	5.3237944	25
ACACA	1659930	1.6357949	6.2842727	6
CACAC	1397685	1.6224408	6.35583	5
GCCCA	1187260	1.6076587	6.981172	1
TCAGG	1406140	1.579295	5.373172	3
CCTGT	1393145	1.5588436	5.5576386	8
ATTTC	1936140	1.5555122	6.111867	15
TGAGA	1619695	1.5443562	5.804174	46
GGCCT	1162775	1.5383354	5.1929765	1
GGGCC	972620	1.5214145	5.180107	6
GTCCT	1352140	1.5129615	13.430094	1
TGGGC	1144425	1.499376	6.0823545	5
GCTGT	1339450	1.4842281	5.380485	8
CTGTC	1303250	1.4582566	5.748719	9
AGTGG	1302865	1.4491125	5.686926	8
AGGAC	1239720	1.4112989	13.030295	5
GCCCT	1043880	1.3945625	6.0750413	1
GACAG	1224750	1.3942571	5.9745216	7
ATGGC	1238255	1.3907363	7.7685294	17
GGGCT	1057845	1.3859426	5.9411316	6
AATGA	1664980	1.360927	5.091653	44
GGACA	1175060	1.3376899	6.199814	6
ACTGA	1376420	1.3252485	5.2216525	28
TGTCC	1170200	1.309382	5.043324	10
AGGGC	979965	1.3013507	5.5658984	5
ATGAG	1348035	1.2853321	5.4984035	45
AACTG	1329115	1.279702	5.2221694	27
TGTGC	1118280	1.2391524	7.4373336	10
GTCCA	1076370	1.2207547	7.0026884	1
GTGCT	1096550	1.2150737	6.4344287	1
TACAG	1179380	1.1355338	6.3546944	5
GTCTT	1211155	1.1350757	5.33241	1
TGGAC	994805	1.1173075	5.666411	5
CTGTA	1172360	1.1136448	6.701013	1
GTGCA	985855	1.1072555	5.9154534	11
ACAGT	1136620	1.0943636	5.6763153	6
GTCCC	812490	1.085439	5.0609794	1
AATAT	1548240	1.0703233	5.1011634	14
ACTGT	1114815	1.0589819	5.826776	8
GGACC	774245	1.0382318	6.8835816	6
AGTGT	1101205	1.0359094	6.5237427	8
GACTG	896525	1.0069251	5.406076	7
CTACA	1016130	0.98793346	7.1306405	4
TGTAG	1039175	0.97755754	7.6662126	2
TAGGA	970095	0.9249717	8.670472	4
TCCTA	961040	0.92184794	8.197839	2
ATATG	1094965	0.8830096	5.709865	15
TATGG	924890	0.87004894	6.202058	16
CCTAC	722690	0.8276581	6.5955434	3
GTAGG	729875	0.811804	7.307742	3
GTGTA	755050	0.71027964	5.7042146	1
GGACG	481145	0.63893956	6.245943	6
>>END_MODULE
