##FastQC	0.10.1
>>Basic Statistics	pass
#Measure	Value	
Filename	KS25_S6_L003_R1_001.fastq.gz	
File type	Conventional base calls	
Encoding	Sanger / Illumina 1.9	
Total Sequences	14626331	
Filtered Sequences	0	
Sequence length	35-75	
%GC	46	
>>END_MODULE
>>Per base sequence quality	pass
#Base	Mean	Median	Lower Quartile	Upper Quartile	10th Percentile	90th Percentile
1	31.38674989647096	32.0	32.0	32.0	32.0	32.0
2	31.45778131234689	32.0	32.0	32.0	32.0	32.0
3	31.562532804706798	32.0	32.0	32.0	32.0	32.0
4	31.643763429119716	32.0	32.0	32.0	32.0	32.0
5	31.62754425563048	32.0	32.0	32.0	32.0	32.0
6	35.28365568918138	36.0	36.0	36.0	36.0	36.0
7	35.29671412468377	36.0	36.0	36.0	36.0	36.0
8	35.252825127504636	36.0	36.0	36.0	36.0	36.0
9	35.32716557556369	36.0	36.0	36.0	36.0	36.0
10	35.23939906733958	36.0	36.0	36.0	36.0	36.0
11	35.32093092929457	36.0	36.0	36.0	36.0	36.0
12	35.26637705655642	36.0	36.0	36.0	36.0	36.0
13	35.28866337019174	36.0	36.0	36.0	36.0	36.0
14	35.26046744053584	36.0	36.0	36.0	36.0	36.0
15	35.22990441006702	36.0	36.0	36.0	36.0	36.0
16	35.23259729319677	36.0	36.0	36.0	36.0	36.0
17	35.2347596263205	36.0	36.0	36.0	36.0	36.0
18	35.234149767292976	36.0	36.0	36.0	36.0	36.0
19	35.20430133845597	36.0	36.0	36.0	36.0	36.0
20	35.203615588899225	36.0	36.0	36.0	36.0	36.0
21	35.19554459693275	36.0	36.0	36.0	36.0	36.0
22	35.182773383153986	36.0	36.0	36.0	36.0	36.0
23	35.17058085175291	36.0	36.0	36.0	36.0	36.0
24	35.151834455271114	36.0	36.0	36.0	36.0	36.0
25	35.1364906892918	36.0	36.0	36.0	36.0	36.0
26	35.093975037212	36.0	36.0	36.0	36.0	36.0
27	35.070677123333255	36.0	36.0	36.0	36.0	36.0
28	35.057296255636494	36.0	36.0	36.0	36.0	36.0
29	35.042884849248935	36.0	36.0	36.0	36.0	36.0
30	35.02031979175092	36.0	36.0	36.0	36.0	36.0
31	35.0137002916179	36.0	36.0	36.0	36.0	36.0
32	34.99099733214023	36.0	36.0	36.0	36.0	36.0
33	34.988762732089135	36.0	36.0	36.0	36.0	36.0
34	34.970414248111844	36.0	36.0	36.0	36.0	36.0
35	34.942006303563076	36.0	36.0	36.0	36.0	36.0
36	34.976717925859894	36.0	36.0	36.0	36.0	36.0
37	34.956772297970645	36.0	36.0	36.0	36.0	36.0
38	34.94207881636105	36.0	36.0	36.0	36.0	36.0
39	34.919654531091325	36.0	36.0	36.0	36.0	36.0
40	34.905456187996926	36.0	36.0	36.0	36.0	36.0
41	34.88921186690517	36.0	36.0	36.0	36.0	36.0
42	34.88449679819849	36.0	36.0	36.0	36.0	36.0
43	34.868734237191084	36.0	36.0	36.0	36.0	36.0
44	34.85461271859602	36.0	36.0	36.0	36.0	36.0
45	34.837682381411575	36.0	36.0	36.0	36.0	36.0
46	34.81441082215397	36.0	36.0	36.0	36.0	36.0
47	34.79672364136993	36.0	36.0	36.0	36.0	36.0
48	34.76324657979876	36.0	36.0	36.0	36.0	36.0
49	34.76186089919397	36.0	36.0	36.0	36.0	36.0
50	34.73996929619436	36.0	36.0	36.0	36.0	36.0
51	34.71669790170742	36.0	36.0	36.0	36.0	36.0
52	34.69994065273617	36.0	36.0	36.0	32.0	36.0
53	34.67911819303557	36.0	36.0	36.0	32.0	36.0
54	34.65422677079728	36.0	36.0	36.0	32.0	36.0
55	34.611662794800054	36.0	36.0	36.0	32.0	36.0
56	34.59329906884328	36.0	36.0	36.0	32.0	36.0
57	34.5714366035667	36.0	36.0	36.0	32.0	36.0
58	34.540310590799265	36.0	36.0	36.0	32.0	36.0
59	34.518530504985335	36.0	36.0	36.0	32.0	36.0
60	34.50061591019878	36.0	36.0	36.0	32.0	36.0
61	34.47036827387273	36.0	36.0	36.0	32.0	36.0
62	34.44246272490861	36.0	36.0	36.0	32.0	36.0
63	34.41029359862119	36.0	36.0	36.0	32.0	36.0
64	34.38005150156533	36.0	36.0	36.0	32.0	36.0
65	34.348238589955244	36.0	36.0	36.0	32.0	36.0
66	34.322955701507766	36.0	36.0	36.0	32.0	36.0
67	34.29816822586547	36.0	36.0	36.0	32.0	36.0
68	34.26859936506096	36.0	36.0	36.0	32.0	36.0
69	34.24233617101033	36.0	36.0	36.0	32.0	36.0
70	34.202085287224456	36.0	36.0	36.0	32.0	36.0
71	34.16765672035626	36.0	36.0	36.0	32.0	36.0
72	34.13943745220543	36.0	36.0	36.0	32.0	36.0
73	34.09478324844867	36.0	36.0	36.0	32.0	36.0
74	34.05641955594746	36.0	36.0	36.0	32.0	36.0
75	33.27980351295094	36.0	36.0	36.0	27.0	36.0
>>END_MODULE
>>Per sequence quality scores	pass
#Quality	Count
2	16779.0
3	0.0
4	0.0
5	0.0
6	0.0
7	0.0
8	0.0
9	0.0
10	0.0
11	2.0
12	1.0
13	20.0
14	14.0
15	17.0
16	29.0
17	44.0
18	143.0
19	659.0
20	2415.0
21	6007.0
22	11107.0
23	18487.0
24	30816.0
25	49962.0
26	77766.0
27	115491.0
28	161840.0
29	216809.0
30	285422.0
31	378317.0
32	521796.0
33	826332.0
34	1912438.0
35	9993618.0
>>END_MODULE
>>Per base sequence content	fail
#Base	G	A	T	C
1	49.81503345624725	16.67798444185909	6.998924503250318	26.508057598643347
2	17.768309961201254	21.100793846850127	34.849573493070565	26.28132269887805
3	18.899941654466858	21.649580999124133	29.532059788975896	29.918417557433113
4	13.344221643483662	15.132976014596478	35.454803816023926	36.06799852589593
5	13.909221676650436	34.737618454236596	34.45361234727022	16.899547521842738
6	34.18229388553461	35.01406477077463	16.48944471397891	14.314196629711848
7	30.11052631867151	30.102962773944057	20.70272243803232	19.083788469352108
8	26.237512279637322	32.57547527809203	21.00588710728433	20.181125334986316
9	24.701749923611622	12.116572773757882	20.35031601242803	42.831361290202466
10	13.96128368618011	23.105554502971753	37.8220221947942	25.111139616053933
11	33.814370214774556	21.406077338990272	25.539859127781604	19.239693318453572
12	21.434770895096577	23.868219915299253	33.473654770522735	21.223354419081435
13	29.038481125225466	20.224720100931226	25.41097084975638	25.325827924086923
14	20.49085420278459	20.914522224911483	27.741192885312294	30.853430686991633
15	23.26761780798514	29.919143222618434	23.042545635946272	23.77069333345015
16	23.25359077001973	27.939104658400954	25.69734870933248	23.10995586224684
17	21.999230366543753	27.887528652487088	27.210950753315366	22.9022902276538
18	22.239381488827775	27.047146062290555	28.288978964010763	22.424493484870908
19	23.21729876138473	26.364831247799653	26.972224578158006	23.445645412657612
20	23.28082498907735	26.77893386319675	27.219385455446236	22.72085569227966
21	22.805757493453598	26.366167833209396	26.72174341827867	24.106331255058333
22	22.918565270704143	26.770888477556053	27.129006781789666	23.18153946995014
23	22.464982132910123	26.900658487446083	27.199791752540907	23.43456762710289
24	22.904610587737956	26.360627985727646	27.67243158973775	23.06232983679665
25	23.085973206246518	26.38850956238202	27.204890936727246	23.32062629464422
26	22.399291670488505	26.868229354193506	27.473102234099205	23.25937674121878
27	22.415496561488396	26.881947492365782	27.281701675133007	23.420854271012814
28	22.54934313313383	26.725963235552314	27.053125216258135	23.67156841505572
29	22.61009168534453	26.777604856590713	26.99513371669267	23.617169741372088
30	22.432343890815464	26.8250642647303	27.341632634230358	23.400959210223874
31	23.34572824564885	26.488335815487368	26.89990540730816	23.26603053155562
32	22.328929542658106	27.072821134087633	27.493399243118233	23.104850080136032
33	22.28830944151668	26.823876853252628	27.848226470614605	23.039587234616086
34	22.508674785723038	26.526046946865613	27.826672681458582	23.138605585952767
35	22.357815838655327	26.91005873722665	27.599211797918088	23.132913626199937
36	22.36303024003508	27.185383026704084	27.587052893117235	22.864533840143597
37	22.659031125640123	26.790256436921528	26.892839152371096	23.657873285067254
38	22.61444618356427	27.495251352856307	26.917256215948093	22.97304624763133
39	22.897612366016286	26.892169281466323	27.155994497363707	23.054223855153687
40	22.966908306562857	26.559862203384743	27.37520371004833	23.09802578000407
41	22.921106595191162	26.551579549853876	27.44213451133805	23.085179343616915
42	22.44744155396775	27.258206655342594	27.49891828718335	22.795433503506306
43	22.51285339209091	26.99415172295615	27.386119142364734	23.106875742588205
44	22.32374060145451	27.311886716768342	27.3211116907171	23.04326099106005
45	22.417786200698608	27.314598440271553	27.228221466914622	23.039393892115214
46	22.698487900173788	26.929214008638475	27.09699699355121	23.27530109763652
47	22.998768151080956	26.96314110052323	27.09652275251605	22.941567995879762
48	22.377610253668305	27.083072841087073	27.138378682389476	23.400938222855146
49	22.981379442188093	26.67971428113114	27.04299108876727	23.295915187913494
50	22.497896822402083	27.503365605821216	26.996189414313292	23.002548157463405
51	22.652754316682767	27.09659037144118	27.21840612153062	23.032249190345436
52	22.59648691746884	27.285264409561105	26.952481700441115	23.165766972528935
53	22.44104669500116	26.832771576991078	27.577672301987793	23.148509426019974
54	22.63917392016484	27.42490645050511	27.27554671477937	22.660372914550678
55	22.64521133870952	26.72004998263985	27.19362735378853	23.441111324862103
56	22.902535597285933	27.22925515651892	26.725191737193683	23.14301750900146
57	22.57842668574092	27.120014214067034	26.898190758164155	23.403368342027893
58	22.74162445361056	27.150527951025648	26.64390064601197	23.46394694935182
59	22.76605530952592	27.04744286948355	26.80546050830311	23.38104131268742
60	22.562794734740773	26.99601534488492	27.4363502804102	23.004839639964107
61	22.94892815070863	26.85700407215441	26.99296071684601	23.201107060290948
62	22.8497199912606	26.90315097539563	27.19368464347303	23.05344438987074
63	22.82884561838821	27.20973182369112	27.022874460861214	22.938548097059456
64	22.891268592223728	26.83475205960263	26.864877638756674	23.409101709416962
65	22.746619851631827	27.255187378106307	26.814137092352023	23.18405567790984
66	22.710165408178657	27.76409963071525	26.536215407432834	22.989519553673258
67	23.121817494833675	26.912068288651238	26.618776878933996	23.34733733758109
68	23.006360419622567	27.258265018909896	27.063022615397188	22.672351946070357
69	23.201697688211496	26.8924216029458	27.028810776998757	22.87706993184395
70	23.622329827174617	26.70040352708672	26.739291372657014	22.937975273081648
71	23.114033136684593	27.208883292571368	26.789601627088118	22.887481943655924
72	22.93583466311251	27.45600496352363	26.987231016229146	22.620929357134717
73	23.826107369669053	28.23903502378488	26.67250355922897	21.262354047317096
74	24.81532383034319	30.418140984877144	27.28796471722907	17.478570467550597
75	30.454974983744478	40.8701937909688	28.674831225286727	0.0
>>END_MODULE
>>Per base GC content	fail
#Base	%GC
1	76.3230910548906
2	44.04963266007931
3	48.81835921189997
4	49.412220169379594
5	30.808769198493174
6	48.496490515246464
7	49.19431478802362
8	46.418637614623634
9	67.5331112138141
10	39.07242330223404
11	53.054063533228124
12	42.658125314178015
13	54.364309049312396
14	51.344284889776226
15	47.038311141435294
16	46.36354663226657
17	44.90152059419755
18	44.66387497369868
19	46.662944174042345
20	46.00168068135701
21	46.912088748511934
22	46.10010474065428
23	45.89954976001301
24	45.966940424534606
25	46.406599500890735
26	45.65866841170729
27	45.83635083250121
28	46.220911548189555
29	46.227261426716616
30	45.83330310103934
31	46.61175877720447
32	45.433779622794134
33	45.32789667613276
34	45.647280371675805
35	45.490729464855264
36	45.22756408017868
37	46.31690441070738
38	45.58749243119561
39	45.95183622116997
40	46.06493408656692
41	46.00628593880807
42	45.24287505747406
43	45.61972913467911
44	45.36700159251456
45	45.45718009281383
46	45.97378899781031
47	45.94033614696072
48	45.778548476523454
49	46.277294630101586
50	45.50044497986549
51	45.6850035070282
52	45.76225388999778
53	45.58955612102113
54	45.29954683471552
55	46.08632266357162
56	46.04555310628739
57	45.981795027768804
58	46.205571402962384
59	46.14709662221334
60	45.56763437470488
61	46.150035210999576
62	45.90316438113134
63	45.76739371544767
64	46.30037030164069
65	45.930675529541666
66	45.69968496185191
67	46.469154832414766
68	45.67871236569292
69	46.07876762005545
70	46.560305100256265
71	46.00151508034052
72	45.55676402024723
73	45.08846141698615
74	42.293894297893786
75	30.454974983744478
>>END_MODULE
>>Per sequence GC content	warn
#GC Content	Count
0	16796.0
1	8408.0
2	36.0
3	77.0
4	102.0
5	142.5
6	270.0
7	481.0
8	607.5
9	786.5
10	1279.5
11	2062.0
12	2542.0
13	3211.0
14	4900.5
15	7486.0
16	9554.0
17	12951.0
18	19865.5
19	28509.0
20	34634.5
21	44586.0
22	62562.0
23	82689.0
24	96565.5
25	113800.0
26	142711.5
27	173317.5
28	194806.5
29	221237.5
30	264963.5
31	312963.5
32	347894.0
33	386554.5
34	454655.5
35	526747.5
36	567831.0
37	599748.5
38	628684.5
39	633073.5
40	633556.0
41	622972.5
42	606882.5
43	601869.0
44	602935.0
45	602828.5
46	595762.5
47	584951.5
48	580865.0
49	575120.0
50	560307.5
51	545945.5
52	538735.5
53	532285.5
54	518702.0
55	503974.0
56	495398.5
57	482424.0
58	457696.5
59	427505.5
60	401122.0
61	370420.5
62	331317.5
63	292276.0
64	261069.0
65	236109.5
66	200784.5
67	164795.5
68	140804.5
69	122108.5
70	99543.0
71	77550.0
72	62870.5
73	53069.5
74	42101.5
75	31949.5
76	25336.5
77	21137.0
78	16571.5
79	12462.0
80	9785.5
81	8002.5
82	6139.5
83	4293.5
84	3147.5
85	2561.5
86	1906.5
87	1252.0
88	947.5
89	777.0
90	548.5
91	395.0
92	332.0
93	321.5
94	249.5
95	146.5
96	107.5
97	86.0
98	57.5
99	45.5
100	40.0
>>END_MODULE
>>Per base N content	pass
#Base	N-Count
1	0.14348779608501955
2	0.11512114692331249
3	0.11496389627720036
4	0.11471776483111178
5	0.11476562372340679
6	0.11471776483111178
7	0.11471776483111178
8	0.11471776483111178
9	0.11471776483111178
10	0.11471776483111178
11	0.11471776483111178
12	0.11471776483111178
13	0.11471776483111178
14	0.11471776483111178
15	0.11482715658492892
16	0.11670049036904744
17	0.11471776483111178
18	0.11484083055415606
19	0.12197180550611088
20	0.11472460181572534
21	0.11471776483111178
22	0.11563392076933032
23	0.11478613467724749
24	0.1150459400925632
25	0.11694662181513601
26	0.11835504064553166
27	0.11693294784590885
28	0.11659793559984388
29	0.11783542981490026
30	0.11779440790721885
31	0.1188267925838681
32	0.13191278113424346
33	0.11864903098391524
34	0.1223888615675387
35	0.13969326962448753
36	0.006182735788694221
37	0.009062684182102
38	0.006402183377587684
39	0.014247851983682404
40	0.022334357065744714
41	0.010149995911139088
42	0.019109072840580187
43	0.02337028900867214
44	0.01253970360387221
45	0.01912602421033022
46	0.011341846929576807
47	0.015406986341561258
48	0.04475168946985676
49	0.0178918996004073
50	0.01578655465399106
51	0.03127683608262992
52	0.03307537102506785
53	0.01443478956243784
54	0.034903803744259325
55	0.02369571142005585
56	0.015812108559792516
57	0.02974709403935734
58	0.027588205466673173
59	0.01880378620640018
60	0.011223520526095076
61	0.027026090917050025
62	0.012391639108697491
63	0.017132268402393458
64	0.03489421285570154
65	0.020360422585815337
66	0.02253521938518763
67	0.021008456481683164
68	0.010444602293318643
69	0.010083842020874643
70	0.02591851094652111
71	0.01041994656223467
72	0.006332584531690596
73	0.0164723861321638
74	0.006997713259007543
75	0.025257331100138596
>>END_MODULE
>>Sequence Length Distribution	warn
#Length	Count
35	21146.0
36	6861.0
37	9551.0
38	11137.0
39	12632.0
40	13274.0
41	14133.0
42	14884.0
43	16788.0
44	17812.0
45	19570.0
46	20552.0
47	21720.0
48	23105.0
49	23841.0
50	23653.0
51	24767.0
52	25189.0
53	26470.0
54	27722.0
55	28247.0
56	30294.0
57	31134.0
58	31716.0
59	34734.0
60	34912.0
61	34901.0
62	34444.0
63	34673.0
64	37308.0
65	38666.0
66	38450.0
67	45445.0
68	41922.0
69	50187.0
70	57588.0
71	113724.0
72	359617.0
73	998156.0
74	3100813.0
75	9074593.0
>>END_MODULE
>>Sequence Duplication Levels	warn
#Total Duplicate Percentage	30.48210286432753
#Duplication Level	Relative count
1	100.0
2	21.00901486463573
3	8.174136664217487
4	3.9295201492115526
5	2.123721245690386
6	1.2921776973944499
7	0.8548578533883456
8	0.5842706154976545
9	0.37514836375967897
10++	2.9559712880800317
>>END_MODULE
>>Overrepresented sequences	warn
#Sequence	Count	Percentage	Possible Source
NNNNNNNNNNNNNNNNNNNNNNNNNNNNNNNNNNN	16779	0.11471776483111178	No Hit
>>END_MODULE
>>Kmer Content	warn
#Sequence	Count	Obs/Exp Overall	Obs/Exp Max	Max Obs/Exp Position
AAAAA	5198070	3.901424	8.808007	71
TTTTT	4995145	3.4572563	6.155673	71
CCTGG	2393825	2.9987767	11.088016	3
CCAGG	2276095	2.8978877	11.783048	3
CCCAG	2122295	2.6974509	10.715878	2
CTGGG	2095475	2.629527	10.09367	4
GAAAA	3007975	2.5787218	5.346851	24
AGAAA	2992570	2.565515	5.3401246	48
CCAGC	1996895	2.5380669	6.011451	3
TTTCT	3140860	2.5192857	5.6503067	16
CAGCA	2250160	2.5081608	5.634874	4
TGCTG	2254995	2.437541	5.6635323	2
GCTGG	1937410	2.4311776	5.720146	3
TCCAG	2190885	2.4028246	8.280346	2
CAGCC	1820845	2.314306	5.435462	5
CTGGA	2057010	2.259864	7.718907	4
GGCTG	1792415	2.2492292	9.0638075	7
CTCCA	2051775	2.246409	6.375922	1
CTCCT	2080780	2.2415361	5.8732634	1
AGGAG	1998520	2.2353075	6.698945	5
CAGGA	1999930	2.233059	8.637135	4
AGCAG	1992845	2.225148	5.1389194	7
CTGCT	2046100	2.207953	6.6179924	9
GCTGC	1743325	2.1838868	5.8571625	8
TCCTG	2018410	2.1780727	7.799622	2
CCTGC	1732100	2.1661136	6.4580913	8
GGCAG	1694250	2.1607878	6.118728	7
CAGAG	1926910	2.1515272	7.7482567	4
CCCTG	1706825	2.1345055	8.073325	2
CTGCC	1699335	2.125139	6.0340276	9
CTCTG	1968830	2.1245708	7.106688	2
GCAGG	1659005	2.1158376	5.6141863	3
TGCAG	1904545	2.092363	5.0650916	2
GCCTG	1666875	2.0881166	8.2221775	7
GAGAA	2114765	2.0708165	5.0793943	47
CTGTG	1893725	2.0470257	10.99379	9
CACAG	1835605	2.0460734	5.350423	7
TGGAG	1851575	2.0376546	5.8353467	5
CAGGG	1597320	2.0371668	8.853741	4
AGCTG	1836065	2.0171301	6.72471	7
CAGTG	1801660	1.9793323	6.6390033	7
GCCAG	1546920	1.969514	5.5485535	2
CAGGC	1537185	1.9571196	5.641217	4
CTGGC	1555090	1.9480822	5.2625437	4
CCCCA	1522925	1.9323372	7.053719	1
CACTG	1751700	1.921154	6.610537	7
CTCAG	1751665	1.9211159	5.9534836	2
GTGTG	1759085	1.9047437	10.163765	9
CTGAG	1726055	1.8962716	6.0950546	9
CAGAA	1922550	1.8793763	5.3650565	4
CACAC	1648875	1.8347898	5.9512534	5
GGCCA	1431990	1.8231871	7.5291934	1
ACCTG	1654745	1.8148199	6.854287	7
CCTCT	1682455	1.8124373	5.630038	1
CATTT	2202770	1.7957153	5.0135317	14
CCAGA	1610665	1.7953418	6.878961	3
ACACA	1833870	1.7896217	5.8461604	6
TGGGG	1415680	1.7795231	6.31788	5
TGTGT	1885520	1.7587017	8.621308	10
AGAGG	1551345	1.7351506	5.4436193	5
TCTGG	1601500	1.7311448	6.1218724	3
TGGCC	1376225	1.7240155	6.1251554	5
GCCCA	1327915	1.6877887	7.9884276	1
CCTGA	1523120	1.6704619	5.345022	3
AGGTG	1467390	1.6148599	5.9322634	7
GGCCT	1276775	1.5994333	6.1069117	6
CCTGT	1477205	1.5940565	7.382009	8
TCAGG	1444800	1.5872804	5.523688	3
TCTGT	1697090	1.5802382	5.6108284	8
TGGGC	1257070	1.5774462	6.699527	5
GCCCC	1082095	1.5682638	5.1194353	1
GGGCA	1223490	1.5603969	5.0411844	1
GGGCC	1071955	1.5588957	5.570183	6
AGCCT	1395925	1.5309625	5.7461934	6
AGGCC	1197865	1.5251027	5.194917	5
CCATG	1386840	1.5209985	5.330182	9
GTCCT	1398525	1.5091527	10.896502	1
GCTGT	1378675	1.4902815	6.5004025	8
CTGTC	1357075	1.4644239	6.9794226	9
AGGCT	1314435	1.4440591	5.548057	6
GCCCT	1153290	1.442271	6.25997	1
GGGCT	1139415	1.4298059	6.77088	6
GACAG	1278425	1.4274491	5.8148685	7
AGGAC	1277495	1.4264107	10.93637	5
ATGGC	1257850	1.3818939	5.972844	17
GGACA	1227405	1.3704818	5.7517643	6
GGGTG	1088665	1.3684622	5.4021873	7
GAGCT	1235765	1.3576311	5.273035	6
AGGGC	1058895	1.350478	6.097504	5
AGAGC	1206830	1.3475084	5.3537836	5
TGTCC	1245800	1.3443468	5.3784285	10
GCTCT	1234345	1.3319856	5.2860107	1
TGTGC	1221625	1.3205179	7.640146	10
AAGTG	1321620	1.2733465	5.132499	7
GTGCT	1174265	1.2693238	5.5766153	1
GTCCA	1135230	1.2450486	6.898827	1
GTGCA	1074905	1.1809076	5.7693815	11
ACTGT	1212940	1.1478798	6.847677	8
TGGAC	1039730	1.1422639	5.7948933	5
GTCTT	1201910	1.1191533	5.689598	1
GTTCT	1191625	1.1095765	5.157712	1
AGTGT	1151915	1.0919957	6.438688	8
ACACT	1113590	1.0692482	5.1172886	6
AAGAC	1088955	1.0645009	5.162032	5
GGACC	835375	1.0635862	6.4675984	6
GACTG	948795	1.0423613	6.0798173	7
CTACA	1037575	0.99626017	5.1066375	4
TGTAG	1045145	0.9907795	5.4891458	2
AGACT	1022515	0.98348176	5.727669	6
GGACT	864690	0.94996214	5.3400764	6
TAGGA	954345	0.9194865	6.6294236	4
TCCTA	953115	0.9004488	6.1065235	2
GTGTA	811830	0.7696009	5.782286	1
>>END_MODULE
