##FastQC	0.10.1
>>Basic Statistics	pass
#Measure	Value	
Filename	KS26_S5_L003_R1_001.fastq.gz	
File type	Conventional base calls	
Encoding	Sanger / Illumina 1.9	
Total Sequences	20682161	
Filtered Sequences	0	
Sequence length	35-75	
%GC	46	
>>END_MODULE
>>Per base sequence quality	pass
#Base	Mean	Median	Lower Quartile	Upper Quartile	10th Percentile	90th Percentile
1	31.50342476301195	32.0	32.0	32.0	32.0	32.0
2	31.563323532777837	32.0	32.0	32.0	32.0	32.0
3	31.625948274940903	32.0	32.0	32.0	32.0	32.0
4	31.691213746958066	32.0	32.0	32.0	32.0	32.0
5	31.66829984545619	32.0	32.0	32.0	32.0	32.0
6	35.34410219512361	36.0	36.0	36.0	36.0	36.0
7	35.35658996175496	36.0	36.0	36.0	36.0	36.0
8	35.30613483765067	36.0	36.0	36.0	36.0	36.0
9	35.39060782865001	36.0	36.0	36.0	36.0	36.0
10	35.29897165968295	36.0	36.0	36.0	36.0	36.0
11	35.372970551771644	36.0	36.0	36.0	36.0	36.0
12	35.32194116465876	36.0	36.0	36.0	36.0	36.0
13	35.33847671913975	36.0	36.0	36.0	36.0	36.0
14	35.31286092396244	36.0	36.0	36.0	36.0	36.0
15	35.2844250656399	36.0	36.0	36.0	36.0	36.0
16	35.28930869457984	36.0	36.0	36.0	36.0	36.0
17	35.29341435839321	36.0	36.0	36.0	36.0	36.0
18	35.296592749664796	36.0	36.0	36.0	36.0	36.0
19	35.266239248403494	36.0	36.0	36.0	36.0	36.0
20	35.27107723414396	36.0	36.0	36.0	36.0	36.0
21	35.261993367134124	36.0	36.0	36.0	36.0	36.0
22	35.2517048871247	36.0	36.0	36.0	36.0	36.0
23	35.2375143487182	36.0	36.0	36.0	36.0	36.0
24	35.222548649534254	36.0	36.0	36.0	36.0	36.0
25	35.209923324743485	36.0	36.0	36.0	36.0	36.0
26	35.169489300465266	36.0	36.0	36.0	36.0	36.0
27	35.15022361541427	36.0	36.0	36.0	36.0	36.0
28	35.14252002003079	36.0	36.0	36.0	36.0	36.0
29	35.12918272901947	36.0	36.0	36.0	36.0	36.0
30	35.111432843018676	36.0	36.0	36.0	36.0	36.0
31	35.10751652112175	36.0	36.0	36.0	36.0	36.0
32	35.08703587598994	36.0	36.0	36.0	36.0	36.0
33	35.08418593202132	36.0	36.0	36.0	36.0	36.0
34	35.067050440232045	36.0	36.0	36.0	36.0	36.0
35	35.04079278756219	36.0	36.0	36.0	36.0	36.0
36	35.05384695491655	36.0	36.0	36.0	36.0	36.0
37	35.03626557823587	36.0	36.0	36.0	36.0	36.0
38	35.02586608254451	36.0	36.0	36.0	36.0	36.0
39	35.012986217864054	36.0	36.0	36.0	36.0	36.0
40	34.995635396814194	36.0	36.0	36.0	36.0	36.0
41	34.98551335127283	36.0	36.0	36.0	36.0	36.0
42	34.97572138168712	36.0	36.0	36.0	36.0	36.0
43	34.96218211987645	36.0	36.0	36.0	36.0	36.0
44	34.953020550790534	36.0	36.0	36.0	36.0	36.0
45	34.93744865678483	36.0	36.0	36.0	36.0	36.0
46	34.92428381644476	36.0	36.0	36.0	36.0	36.0
47	34.90745662892505	36.0	36.0	36.0	36.0	36.0
48	34.87843769139606	36.0	36.0	36.0	36.0	36.0
49	34.87893388107387	36.0	36.0	36.0	36.0	36.0
50	34.85819817095168	36.0	36.0	36.0	36.0	36.0
51	34.83860881780882	36.0	36.0	36.0	36.0	36.0
52	34.8188328486014	36.0	36.0	36.0	36.0	36.0
53	34.809055030202224	36.0	36.0	36.0	36.0	36.0
54	34.784222728978285	36.0	36.0	36.0	36.0	36.0
55	34.75089906650823	36.0	36.0	36.0	36.0	36.0
56	34.738154170708	36.0	36.0	36.0	36.0	36.0
57	34.71432372142621	36.0	36.0	36.0	32.0	36.0
58	34.69229578149104	36.0	36.0	36.0	32.0	36.0
59	34.669935468190374	36.0	36.0	36.0	32.0	36.0
60	34.649850419018065	36.0	36.0	36.0	32.0	36.0
61	34.63059440652417	36.0	36.0	36.0	32.0	36.0
62	34.60811192326686	36.0	36.0	36.0	32.0	36.0
63	34.57513807242224	36.0	36.0	36.0	32.0	36.0
64	34.547008192484554	36.0	36.0	36.0	32.0	36.0
65	34.515917478981834	36.0	36.0	36.0	32.0	36.0
66	34.49773680326747	36.0	36.0	36.0	32.0	36.0
67	34.475921187419935	36.0	36.0	36.0	32.0	36.0
68	34.4568879562513	36.0	36.0	36.0	32.0	36.0
69	34.43251130035542	36.0	36.0	36.0	32.0	36.0
70	34.39679033769514	36.0	36.0	36.0	32.0	36.0
71	34.370517129891006	36.0	36.0	36.0	32.0	36.0
72	34.33868160477912	36.0	36.0	36.0	32.0	36.0
73	34.299764610534226	36.0	36.0	36.0	32.0	36.0
74	34.26921340886042	36.0	36.0	36.0	32.0	36.0
75	33.532931058268865	36.0	36.0	36.0	27.0	36.0
>>END_MODULE
>>Per sequence quality scores	pass
#Quality	Count
2	5997.0
3	0.0
4	0.0
5	0.0
6	0.0
7	0.0
8	0.0
9	0.0
10	0.0
11	1.0
12	1.0
13	16.0
14	33.0
15	15.0
16	33.0
17	66.0
18	168.0
19	544.0
20	2079.0
21	5483.0
22	11365.0
23	20618.0
24	36299.0
25	61609.0
26	98531.0
27	148202.0
28	209160.0
29	282164.0
30	372347.0
31	491439.0
32	681184.0
33	1081370.0
34	2537226.0
35	1.4636211E7
>>END_MODULE
>>Per base sequence content	fail
#Base	G	A	T	C
1	43.610777278818034	17.990049585646137	11.438598158200431	26.960574977335394
2	16.521292742453536	19.81313599378916	35.463200856099306	28.202370407658
3	18.864599937135186	21.243219167935482	28.323708619700422	31.56847227522891
4	13.153648810291891	14.976138707354034	35.205732552711424	36.66447992964266
5	14.904208216356752	35.0258295222993	34.29826166354882	15.77170059779513
6	35.1771489140829	34.800188274768956	15.939528241312074	14.083134569836067
7	31.13166446155099	29.493623672166656	20.086192003507033	19.28851986277532
8	26.981015434004103	34.378030663714995	19.397679376116383	19.243274526164527
9	24.849691654602857	15.379617805314371	19.42428489153017	40.346405648552604
10	14.25806547094519	27.369656189610414	34.572549337488326	23.79972900195607
11	34.7573079803391	22.381733865140554	23.312656061346775	19.548302093173568
12	22.376336345561974	23.998455419486902	30.76065753782955	22.864550697121576
13	28.21631710795097	20.27142462209141	25.9330405775462	25.579217692411415
14	20.71745029687325	20.186553946853973	27.011045182268816	32.08495057400396
15	23.063945282646	29.084133958040344	23.00858196687139	24.843338792442264
16	23.137790056264034	28.353509162675273	25.05144437463635	23.457256406424342
17	21.950169286720687	27.8671517598719	27.15583509591044	23.02684385749697
18	22.395805750180266	27.602344289307318	27.554337209447983	22.447512751064426
19	22.89248951510242	27.006302425999422	27.31344055307693	22.787767505821236
20	22.891228351879654	26.864761154875954	27.41254662374445	22.831463869499945
21	22.719402883436214	26.570373498681864	27.234128148722363	23.47609546915956
22	22.63498750651058	26.499788232416094	27.503697650156084	23.361526610917245
23	22.6665732256595	26.58945111968879	27.307665204740516	23.436310449911193
24	22.71828893210461	26.436607995592208	27.546250584672162	23.29885248763102
25	22.88288245586704	26.425692990405576	27.18450842191299	23.5069161318144
26	22.48138063692647	26.75644008563807	27.37635599046886	23.385823286966602
27	22.530236438226584	26.731650731080396	27.38679391339554	23.35131891729748
28	22.646074436925172	26.598949687943758	27.39669545400024	23.358280421130832
29	22.361160619496207	26.79047336679966	27.521758834485826	23.32660717921831
30	22.55058752971505	26.873132758257945	27.339296898994224	23.236982813032785
31	22.86997459045949	26.845364554476948	27.18597379820999	23.098687056853574
32	22.35298898038644	26.91715662479257	27.51920227101608	23.210652123804916
33	22.456683331434938	26.753504353371444	27.614229598476058	23.17558271671756
34	22.500200970831806	26.509513441635413	27.76762470663337	23.22266088089941
35	22.46213280969151	26.759498889441296	27.59384623779826	23.18452206306894
36	22.522155241627893	27.136374977470602	27.478971833096583	22.862497947804926
37	22.64678796217879	26.852226399904595	27.263095534427656	23.237890103488958
38	22.508350597137618	27.195195220189234	27.282896571827525	23.013557610845623
39	22.563520802619948	27.02058750522297	27.49307508723667	22.922816604920413
40	22.599774518454726	26.797496711283582	27.46258591750467	23.140142852757027
41	22.57364843900676	26.965886865078666	27.474621164017165	22.985843531897412
42	22.454952039956037	27.064531702162537	27.511169953913022	22.969346303968404
43	22.607690759368634	26.804591752243866	27.403512585559426	23.18420490282807
44	22.513554902027064	27.143969861151035	27.439013064529338	22.903462172292564
45	22.549122798078447	27.029931405325836	27.37173771314368	23.04920808345204
46	22.65488244971208	27.09017549748986	27.23596903494418	23.018973017853884
47	22.503021678004103	27.19548100687651	27.387181497015828	22.91431581810356
48	22.486334254669078	27.09423531864627	27.331782464902293	23.08764796178236
49	22.636108143035923	26.976402342541178	27.40682190186473	22.98066761255817
50	22.571356964232177	27.13646529279396	27.357884148835815	22.93429359413805
51	22.635592062994924	27.108552705008055	27.300072494346523	22.955782737650495
52	22.62593388239472	27.07037507487644	27.271063450345455	23.032627592383385
53	22.52156561579711	27.00391298025508	27.414330978392478	23.060190425555334
54	22.67115710141092	27.25685321596186	27.29863034638172	22.7733593362455
55	22.682082611017655	27.043009866502416	27.20228900234426	23.072618520135666
56	22.731212152189862	27.25328740580764	27.11647128080456	22.89902916119794
57	22.58349591229457	27.107396134801316	27.275147524506455	23.033960428397666
58	22.58059671893364	26.96155992455904	27.279589378648556	23.178253977858763
59	22.488086843304938	27.128254804898276	27.341238115400095	23.042420236396687
60	22.61234191387448	27.154117977534447	27.320024146651807	22.913515961939265
61	22.81741221461654	27.129829618359114	27.152132762816795	22.90062540420755
62	22.707443068455333	27.275187012024226	27.15533580011668	22.86203411940376
63	22.699266903526592	27.27978169858113	27.148789786423137	22.872161611469142
64	22.753386628916232	27.007239236447894	27.117680421558816	23.121693713077054
65	22.59319521242707	27.11673206572971	27.291404143924325	22.998668577918895
66	22.702865425320816	27.226185810614247	27.068688334011316	23.002260430053624
67	22.70918747427486	27.09150213961141	27.149593452717035	23.04971693339669
68	22.74523799062439	27.333280223217738	27.188589160630116	22.732892625527757
69	22.955898614132476	27.23408162493183	27.097006738896294	22.7130130220394
70	22.992769695918316	27.034945770221146	27.06788255637427	22.90440197748627
71	22.857656929291732	27.312563081562907	26.984178202058214	22.84560178708715
72	22.854154283355722	27.45679002378605	27.178789949107745	22.510265743750484
73	23.537526350234884	28.034412083225458	27.261442505644574	21.166619060895087
74	24.796771200664505	30.445063197911722	27.294429862796537	17.46373573862724
75	30.411415303356428	40.85149430072574	28.737090395917836	0.0
>>END_MODULE
>>Per base GC content	fail
#Base	%GC
1	70.57135225615343
2	44.723663150111534
3	50.433072212364095
4	49.81812873993455
5	30.67590881415188
6	49.26028348391897
7	50.420184324326314
8	46.22428996016863
9	65.19609730315547
10	38.05779447290126
11	54.30561007351267
12	45.240887042683546
13	53.79553480036239
14	52.80240087087721
15	47.90728407508827
16	46.59504646268838
17	44.97701314421766
18	44.843318501244696
19	45.680257020923655
20	45.722692221379596
21	46.19549835259577
22	45.99651411742782
23	46.102883675570695
24	46.01714141973563
25	46.38979858768144
26	45.86720392389307
27	45.881555355524064
28	46.004354858056004
29	45.68776779871452
30	45.787570342747834
31	45.96866164731306
32	45.563641104191355
33	45.632266048152495
34	45.72286185173122
35	45.64665487276044
36	45.38465318943282
37	45.88467806566775
38	45.521908207983245
39	45.48633740754036
40	45.73991737121175
41	45.55949197090417
42	45.42429834392444
43	45.79189566219671
44	45.417017074319624
45	45.59833088153049
46	45.673855467565964
47	45.41733749610766
48	45.573982216451434
49	45.61677575559409
50	45.50565055837023
51	45.591374800645426
52	45.658561474778104
53	45.58175604135244
54	45.44451643765642
55	45.75470113115332
56	45.6302413133878
57	45.617456340692236
58	45.7588506967924
59	45.53050707970163
60	45.52585787581375
61	45.71803761882409
62	45.56947718785909
63	45.57142851499573
64	45.87508034199329
65	45.59186379034597
66	45.70512585537444
67	45.75890440767155
68	45.47813061615214
69	45.66891163617188
70	45.897171673404586
71	45.70325871637888
72	45.364420027106206
73	44.70414541112997
74	42.260506939291744
75	30.411415303356428
>>END_MODULE
>>Per sequence GC content	warn
#GC Content	Count
0	5997.0
1	2999.0
2	4.5
3	14.0
4	20.0
5	32.0
6	62.0
7	117.5
8	157.0
9	232.0
10	452.5
11	873.5
12	1166.0
13	1747.0
14	3363.0
15	6003.0
16	8156.0
17	12278.0
18	21281.0
19	33059.5
20	41567.5
21	55856.5
22	82875.5
23	114196.0
24	135758.5
25	163079.0
26	210326.5
27	259612.0
28	292178.0
29	332433.5
30	397256.0
31	460024.0
32	500811.5
33	547753.5
34	625530.5
35	699212.0
36	743158.5
37	787070.0
38	837477.5
39	873447.5
40	898180.0
41	909943.0
42	916255.0
43	915600.5
44	916794.5
45	910498.0
46	888128.5
47	862384.5
48	849796.0
49	832160.5
50	797656.0
51	765923.5
52	749851.0
53	736584.5
54	710791.5
55	682133.5
56	665118.5
57	647978.0
58	612784.0
59	567829.0
60	530962.5
61	490460.0
62	437031.0
63	383780.5
64	342328.5
65	308724.0
66	263046.5
67	216378.0
68	184453.0
69	160475.5
70	130672.0
71	101845.0
72	83120.5
73	70229.5
74	55545.5
75	42633.0
76	34351.5
77	28627.0
78	22400.5
79	16958.0
80	13489.0
81	11230.0
82	8667.0
83	6053.5
84	4377.0
85	3466.5
86	2633.5
87	1810.5
88	1396.5
89	1134.0
90	754.5
91	524.0
92	433.5
93	406.5
94	321.0
95	213.5
96	168.5
97	128.5
98	74.0
99	47.0
100	35.0
>>END_MODULE
>>Per base N content	pass
#Base	N-Count
1	0.05931681897264024
2	0.029276437795837676
3	0.02924259220301012
4	0.028996002883837912
5	0.029078199323561982
6	0.028996002883837912
7	0.028996002883837912
8	0.028996002883837912
9	0.028996002883837912
10	0.028996002883837912
11	0.028996002883837912
12	0.028996002883837912
13	0.028996002883837912
14	0.028996002883837912
15	0.029083034408251635
16	0.03109442963914651
17	0.028996002883837912
18	0.02922325186425152
19	0.035895668735970096
20	0.029015343222596517
21	0.028996002883837912
22	0.029938844398319887
23	0.029078199323561982
24	0.02922325186425152
25	0.031495741668387554
26	0.032762533857076157
27	0.03156343285404267
28	0.030949377098456975
29	0.03215814827086976
30	0.03196474488328371
31	0.033149340632248246
32	0.04581726251913425
33	0.03290758639776569
34	0.036355001781486956
35	0.05335032446561073
36	0.006167088632575549
37	0.009056066192877665
38	0.006396698877577732
39	0.014180845172564429
40	0.022134555439654143
41	0.010334807068426884
42	0.018414730544190412
43	0.023138205655900277
44	0.012520236887536996
45	0.01944079973249615
46	0.011389126297206193
47	0.015613067194822952
48	0.044130319877734026
49	0.017892831571244557
50	0.015671965079414846
51	0.031353694671143593
52	0.03301765413151501
53	0.014417221405132463
54	0.03498691361441832
55	0.023770054914156902
56	0.01602663103278567
57	0.029937361376148316
58	0.02708238919071198
59	0.018886903649087326
60	0.011626344056275046
61	0.026817657068446975
62	0.012390404334442504
63	0.01727463525168018
64	0.035304378271902845
65	0.019815121254727938
66	0.022400376100182296
67	0.02122393722363682
68	0.010851398432303792
69	0.010018288610147868
70	0.025695281139543755
71	0.010295414262169744
72	0.0061050831123814625
73	0.01654272913389024
74	0.007093271477316659
75	0.02523867539432141
>>END_MODULE
>>Sequence Length Distribution	warn
#Length	Count
35	7900.0
36	3034.0
37	4317.0
38	5236.0
39	6188.0
40	6818.0
41	7584.0
42	8542.0
43	9929.0
44	11321.0
45	12697.0
46	13274.0
47	14430.0
48	15173.0
49	15856.0
50	15965.0
51	16686.0
52	17826.0
53	18874.0
54	20411.0
55	21602.0
56	22558.0
57	23691.0
58	24227.0
59	24889.0
60	25617.0
61	25692.0
62	26693.0
63	28178.0
64	30256.0
65	31857.0
66	31912.0
67	34136.0
68	35485.0
69	44067.0
70	58897.0
71	140793.0
72	511974.0
73	1459676.0
74	4546885.0
75	1.3301015E7
>>END_MODULE
>>Sequence Duplication Levels	warn
#Total Duplicate Percentage	36.039114507425055
#Duplication Level	Relative count
1	100.0
2	23.439208018352296
3	10.471740234946344
4	5.655032255084603
5	3.3586857785099538
6	2.1654785915536325
7	1.544241043247987
8	1.0777355237024835
9	0.8514110637249619
10++	5.398685162661083
>>END_MODULE
>>Overrepresented sequences	pass
>>END_MODULE
>>Kmer Content	warn
#Sequence	Count	Obs/Exp Overall	Obs/Exp Max	Max Obs/Exp Position
AAAAA	6260000	3.2050226	6.390881	71
CCTGG	3378410	2.9991486	11.9300165	3
TTTTT	6001405	2.9161513	5.1020784	71
CCAGG	3247010	2.91279	13.404768	3
CCCAG	3105420	2.7720413	12.056247	2
CTGGG	3014445	2.6893	10.483317	4
CCAGC	2895060	2.584264	6.808581	3
CAGCA	3263025	2.537936	7.049669	4
GCTGG	2816970	2.5131252	6.221862	3
GGAGG	2763365	2.5035505	5.778138	6
TGCTG	3226220	2.469566	6.7169223	2
TCCAG	3166745	2.4374373	9.548266	2
CAGGA	3025500	2.3648503	10.664615	4
AGGAG	2975545	2.3373258	7.577653	5
CAGCC	2611475	2.331123	5.485186	9
CTCCA	3028235	2.3193362	7.1651835	1
CTGGA	2981425	2.3061655	8.72253	4
CTCCT	3042010	2.3056576	6.5749335	1
GGCTG	2564290	2.2876997	8.633078	7
AGCAG	2922895	2.28465	5.687682	7
TCCTG	2985400	2.2739606	9.14928	2
CTGCT	2974860	2.2659323	6.6811037	9
GGCAG	2471340	2.2279441	6.334519	7
CCTGC	2514510	2.2212262	6.385272	3
GCTGC	2488505	2.2091446	5.8154974	8
CAGAG	2815200	2.2004714	8.211962	4
AGAAG	3229860	2.1997387	5.01133	5
GCAGG	2438560	2.1983926	6.701222	3
CTGCA	2852880	2.195856	6.703937	4
CTGCC	2471790	2.1834888	5.811545	9
TGCAG	2813695	2.1764245	6.739082	2
CCCTG	2454010	2.1677828	9.120392	2
CTCTG	2819340	2.1474736	7.608727	2
TGGAG	2731080	2.1229866	6.4807177	5
GCCTG	2384065	2.116429	7.3253345	7
CAGGG	2325205	2.0962017	9.73431	4
AGCTG	2693515	2.083464	6.1171036	7
CACAG	2622085	2.0394218	7.3948584	7
GCCAG	2259275	2.0267243	5.4565496	2
CTGGC	2278660	2.022857	5.5354524	4
GGAGA	2571280	2.0197709	5.646081	6
CAGAA	2980075	2.019614	5.556417	4
CAGGC	2249335	2.0178075	6.19631	4
CTGTG	2604200	1.99343	9.283429	9
CTCAG	2561105	1.9712774	6.3876743	2
GGGAG	2171090	1.9669617	5.4071026	7
CCCCA	2201125	1.9551398	7.0468373	1
CTGAG	2515100	1.9454579	6.1658006	4
TTCTG	2931595	1.9254193	5.13705	2
CCAGA	2436000	1.8946873	7.111978	3
GGCCA	2075340	1.861722	6.329107	1
CCTCT	2433090	1.8441334	5.6296344	1
TCTGG	2380460	1.8221644	6.332732	3
TGGGG	2029540	1.8195993	6.057637	5
CAGTG	2333685	1.8051314	6.9029775	9
CACTG	2345030	1.8049648	7.682712	7
AGAGG	2294575	1.8024158	5.341142	5
ACCTG	2310870	1.7786719	5.4513874	7
TGGCC	1976740	1.7548308	5.71025	5
CCTGA	2253610	1.7345991	5.7413235	3
GAGAG	2171595	1.7058135	5.536192	7
GCCCA	1900865	1.6967999	7.942102	1
ACAGA	2496060	1.6915944	5.955316	8
TCAGG	2160100	1.6708614	5.9948435	3
AGGTG	2058485	1.6001493	5.2608566	7
CCTGT	2093915	1.594922	5.657893	8
GGCCT	1792395	1.5911802	5.264095	6
TGGGC	1769430	1.5785753	6.4508643	5
ACAGG	2016340	1.576051	5.07616	8
GGGCC	1514895	1.5673769	5.389788	6
AGGCC	1745790	1.5660931	5.091014	5
AGCCT	2011290	1.5480858	5.3076396	6
ACACA	2287585	1.5426668	6.634214	6
GTGTG	1958135	1.506314	6.845375	1
CACAC	1941700	1.5027826	7.0801497	5
TGTGT	2274890	1.5015094	5.9059987	10
AGGCT	1912020	1.4789687	5.133205	6
ACAGC	1890645	1.4705178	5.81796	8
GCTGT	1903750	1.4572583	5.4535494	8
GCCCT	1635810	1.4450147	5.985182	1
CTGTC	1893470	1.4422443	5.9221535	9
GACAG	1845065	1.4421756	7.4167314	7
GGGCT	1609700	1.436074	6.1978188	6
AGACA	2071050	1.4035624	5.9183407	6
AGAGC	1754965	1.3717499	5.181682	5
AGGGC	1517840	1.368352	5.938516	5
GGACA	1655975	1.2943754	6.375748	6
GTCCT	1632720	1.2436327	7.2974095	1
ACTGC	1615310	1.2433007	5.4005103	8
GTGCT	1606170	1.2294706	5.833643	1
AGGAC	1528185	1.1944897	7.798903	5
GTCCA	1542970	1.1876209	6.7582617	1
TGTGC	1537625	1.1770017	5.831558	10
AGCAC	1511450	1.175585	5.785864	5
TGGAC	1412350	1.0924685	6.1414537	5
ACAGT	1625575	1.0902052	5.934198	8
GTGCA	1398560	1.0818018	5.8781676	1
ACTGT	1621115	1.075908	6.6291785	8
GACTG	1377850	1.0657823	6.4522834	7
TGCAC	1370790	1.0550942	5.6376705	5
GCACT	1321675	1.0172906	5.095786	6
AGACT	1512860	1.014612	5.47893	6
GGACC	1102395	0.9889237	5.177916	6
ACACT	1447830	0.9662124	5.1884155	6
GGACT	1237750	0.9574134	5.547378	6
GTGTA	969615	0.646706	5.642549	1
>>END_MODULE
