##FastQC	0.10.1
>>Basic Statistics	pass
#Measure	Value	
Filename	040-F5_S4_L003_R1_001_trimmed.fq.gz	
File type	Conventional base calls	
Encoding	Sanger / Illumina 1.9	
Total Sequences	18663204	
Filtered Sequences	0	
Sequence length	20-51	
%GC	43	
>>END_MODULE
>>Per base sequence quality	pass
#Base	Mean	Median	Lower Quartile	Upper Quartile	10th Percentile	90th Percentile
1	35.094162985090875	36.0	36.0	36.0	36.0	36.0
2	35.08130131353652	36.0	36.0	36.0	36.0	36.0
3	35.058818142908365	36.0	36.0	36.0	36.0	36.0
4	35.05486314139844	36.0	36.0	36.0	36.0	36.0
5	35.03356963788211	36.0	36.0	36.0	36.0	36.0
6	34.988952754307356	36.0	36.0	36.0	36.0	36.0
7	34.97105518430812	36.0	36.0	36.0	36.0	36.0
8	34.961493106971346	36.0	36.0	36.0	36.0	36.0
9	34.94779990616831	36.0	36.0	36.0	36.0	36.0
10	34.922619931711615	36.0	36.0	36.0	36.0	36.0
11	34.91627128975282	36.0	36.0	36.0	36.0	36.0
12	34.88859035136732	36.0	36.0	36.0	36.0	36.0
13	34.88174527803479	36.0	36.0	36.0	36.0	36.0
14	34.87212849412138	36.0	36.0	36.0	36.0	36.0
15	34.860771655284914	36.0	36.0	36.0	36.0	36.0
16	34.8423603471301	36.0	36.0	36.0	36.0	36.0
17	34.827252008819066	36.0	36.0	36.0	36.0	36.0
18	34.8128365847579	36.0	36.0	36.0	36.0	36.0
19	34.79390687686852	36.0	36.0	36.0	36.0	36.0
20	34.78851026865483	36.0	36.0	36.0	36.0	36.0
21	34.770907972918884	36.0	36.0	36.0	32.0	36.0
22	34.76393891577199	36.0	36.0	36.0	32.0	36.0
23	34.74838236593491	36.0	36.0	36.0	32.0	36.0
24	34.73250507967065	36.0	36.0	36.0	32.0	36.0
25	34.722781276907384	36.0	36.0	36.0	32.0	36.0
26	34.70776676448015	36.0	36.0	36.0	32.0	36.0
27	34.70352392965247	36.0	36.0	36.0	32.0	36.0
28	34.67840705031793	36.0	36.0	36.0	32.0	36.0
29	34.66856458288925	36.0	36.0	36.0	32.0	36.0
30	34.64715711675392	36.0	36.0	36.0	32.0	36.0
31	34.626453096375776	36.0	36.0	36.0	32.0	36.0
32	34.61515995680165	36.0	36.0	36.0	32.0	36.0
33	34.58199575710606	36.0	36.0	36.0	32.0	36.0
34	34.56576367613268	36.0	36.0	36.0	32.0	36.0
35	34.541442884656334	36.0	36.0	36.0	32.0	36.0
36	34.51883299477164	36.0	36.0	36.0	32.0	36.0
37	34.50833576604504	36.0	36.0	36.0	32.0	36.0
38	34.483674383598235	36.0	36.0	36.0	32.0	36.0
39	34.45926443782229	36.0	36.0	36.0	32.0	36.0
40	34.440861015365314	36.0	36.0	36.0	32.0	36.0
41	34.41863954331272	36.0	36.0	36.0	32.0	36.0
42	34.38887332061411	36.0	36.0	36.0	32.0	36.0
43	34.36139138838316	36.0	36.0	36.0	32.0	36.0
44	34.341937313968565	36.0	36.0	36.0	32.0	36.0
45	34.32630253441478	36.0	36.0	36.0	32.0	36.0
46	34.290532663357986	36.0	36.0	36.0	32.0	36.0
47	34.2922081983862	36.0	36.0	36.0	32.0	36.0
48	34.28917841702389	36.0	36.0	36.0	32.0	36.0
49	34.32698910737299	36.0	36.0	36.0	32.0	36.0
50	34.398019153815234	36.0	36.0	36.0	32.0	36.0
51	34.4952888746887	36.0	36.0	36.0	32.0	36.0
>>END_MODULE
>>Per sequence quality scores	pass
#Quality	Count
6	1.0
7	4.0
8	3.0
9	8.0
10	24.0
11	24.0
12	29.0
13	34.0
14	67.0
15	121.0
16	277.0
17	628.0
18	1330.0
19	3103.0
20	6776.0
21	12582.0
22	21714.0
23	35804.0
24	54896.0
25	83044.0
26	121302.0
27	170127.0
28	230057.0
29	304342.0
30	397500.0
31	521092.0
32	707787.0
33	1054284.0
34	2059004.0
35	8599617.0
36	4277623.0
>>END_MODULE
>>Per base sequence content	pass
#Base	G	A	T	C
1	21.74447885363596	27.480848173592072	27.805276672975772	22.969396299796195
2	21.85966208031165	27.826040503038758	28.03148557437174	22.282811842277855
3	21.565900894053584	27.830898657834595	28.152322653795846	22.450877794315968
4	22.057942111470165	27.1892305194579	28.55741084953151	22.19541651954042
5	21.866355234531074	27.46289080207135	28.167867507887788	22.502886455509792
6	21.238202320399644	27.999958420386186	28.357489517222106	22.404349741992068
7	21.308290790512824	27.98520556304008	28.375390164508197	22.331113481938907
8	21.425711689904393	27.828418558087307	28.156108939141976	22.589760812866324
9	21.42644767332298	27.77073265636941	28.248543524517157	22.55427614579045
10	21.35439877236808	27.833839318739084	28.439735833449024	22.37202607544381
11	22.185394392990684	27.69883799441017	27.97272480647216	22.143042806126985
12	21.29954215527799	28.120709447135674	28.389887722808695	22.18986067477765
13	21.292063054555463	27.926935100909322	28.73167949582418	22.049322348711033
14	21.434595742149888	27.60038730135936	28.845967334441795	22.119049622048955
15	21.256031217894076	27.99364972228654	28.567370638973248	22.18294842084613
16	21.313736699983544	28.26942232556759	28.673721713309885	21.743119261138986
17	21.499164985975217	27.930369807847644	28.045979302712116	22.524485903465028
18	21.472498428996847	28.60897617642777	28.01390531369612	21.904620080879265
19	21.758542124141716	27.9863756830645	28.400688664049618	21.85439352874417
20	21.98567711542909	27.693535882553288	28.354240074968907	21.966546927048714
21	21.981380422710146	27.747751702194083	28.424674551266083	21.846193323829688
22	21.521414886955938	28.256179039146435	28.45136739862705	21.77103867527058
23	21.51859400669484	28.007524795677398	28.447267689881162	22.0266135077466
24	21.353657296986274	28.30959752588957	28.354293157423804	21.982452019700354
25	21.427848448393927	28.372337953247357	28.14098506762525	22.05882853073346
26	21.56040510673159	28.023829222535447	28.25281744947385	22.162948221259118
27	21.811793117602125	28.133243051279916	28.22359010257803	21.831373728539933
28	21.279300913968534	28.29096555175246	28.23346335763977	22.196270176639228
29	21.849527760885504	27.873125716486896	28.258033964027568	22.01931255860003
30	21.458832015817276	28.560457410847356	28.057695571386272	21.9230150019491
31	21.56604454129788	28.28523548893751	28.26804189231556	21.880678077449044
32	21.597505967415756	28.40830262186532	28.010210421960767	21.98398098875815
33	21.466940705094277	27.867852109196058	28.566394518587924	22.098812667121738
34	21.62853866331759	28.48750029753932	28.25913852512741	21.624822514015683
35	21.562409975174916	27.84209543739033	28.39246051801841	22.203034069416343
36	21.779696262646357	28.219892202057974	27.924492719222506	22.075918816073166
37	21.472270159953425	28.193878146056093	28.056284874226428	22.277566819764054
38	21.61236026609668	28.162801830283584	27.991408456006088	22.233429447613645
39	21.57914188005865	28.181126189445404	28.0510131999266	22.18871873056935
40	21.458660236744148	28.036546917177517	28.562190849422098	21.942601996656233
41	21.834398962943514	27.994011070479424	28.231688519205754	21.93990144737131
42	21.849210604103934	27.95786591677709	28.31095016358877	21.8819733155302
43	21.714988923662876	28.40628521091617	28.075134139105895	21.803591726315062
44	21.74015764700262	28.016508230625277	27.972997893368373	22.27033622900373
45	21.75546243988517	28.273885997511677	28.08261936239489	21.888032200208258
46	21.65645424100226	28.766575555726092	27.80011057380779	21.776859629463864
47	21.815555097105428	28.0547636360059	27.97130513710729	22.15837612978138
48	21.835988819482086	28.448067747202337	28.296913519153645	21.41902991416193
49	22.038808484527276	28.315802569405157	28.32971535382025	21.31567359224731
50	22.343536477098574	28.424686960529293	28.213452252597143	21.01832430977499
51	21.589497736497144	29.240410413464442	28.266553097014445	20.90353875302397
>>END_MODULE
>>Per base GC content	pass
#Base	%GC
1	44.713875153432156
2	44.1424739225895
3	44.016778688369556
4	44.253358631010585
5	44.369241690040866
6	43.64255206239171
7	43.639404272451735
8	44.01547250277071
9	43.98072381911343
10	43.72642484781189
11	44.32843719911767
12	43.48940283005563
13	43.3413854032665
14	43.55364536419884
15	43.43897963874021
16	43.05685596112252
17	44.02365088944024
18	43.37711850987611
19	43.61293565288588
20	43.95222404247781
21	43.827573746539834
22	43.29245356222652
23	43.545207514441444
24	43.33610931668663
25	43.48667697912739
26	43.72335332799071
27	43.64316684614206
28	43.475571090607765
29	43.868840319485535
30	43.381847017766376
31	43.44672261874693
32	43.58148695617391
33	43.56575337221602
34	43.253361177333275
35	43.765444044591256
36	43.855615078719524
37	43.749836979717486
38	43.845789713710325
39	43.767860610628
40	43.40126223340038
41	43.77430041031482
42	43.731183919634134
43	43.518580649977935
44	44.01049387600635
45	43.64349464009343
46	43.43331387046612
47	43.97393122688681
48	43.255018733644015
49	43.35448207677459
50	43.361860786873564
51	42.49303648952111
>>END_MODULE
>>Per sequence GC content	warn
#GC Content	Count
0	10149.0
1	9315.0
2	6845.5
3	5538.0
4	5978.0
5	6946.5
6	7976.5
7	9422.0
8	10919.5
9	13581.0
10	16322.0
11	21264.5
12	26355.5
13	34486.5
14	43143.5
15	57057.0
16	71508.0
17	93098.5
18	115382.0
19	144294.5
20	173826.0
21	210098.5
22	247012.0
23	291249.0
24	336751.5
25	383081.0
26	471913.5
27	531433.5
28	600105.0
29	670853.0
30	746914.0
31	824113.5
32	902880.0
33	983058.5
34	1053178.0
35	1118682.5
36	1153429.0
37	1182197.5
38	1186977.0
39	1189727.0
40	1182020.5
41	1171748.5
42	1159515.5
43	1142346.0
44	1112927.5
45	1083252.5
46	1052114.0
47	1019048.0
48	985740.5
49	952068.5
50	922413.5
51	894385.5
52	867402.5
53	839915.5
54	812860.5
55	783592.0
56	752839.5
57	720492.0
58	682804.0
59	640189.0
60	593927.0
61	545173.5
62	495878.5
63	449115.5
64	399201.5
65	351400.0
66	308651.0
67	266903.5
68	228084.5
69	190077.5
70	159866.0
71	132347.5
72	110756.0
73	90498.0
74	73349.5
75	54334.0
76	45220.5
77	37615.5
78	30407.5
79	24760.5
80	19526.5
81	15700.5
82	12413.5
83	10150.5
84	8048.0
85	6311.5
86	4681.0
87	3756.5
88	2935.5
89	2243.0
90	1619.0
91	1312.0
92	1052.0
93	865.5
94	689.0
95	609.5
96	535.0
97	490.0
98	460.5
99	722.0
100	981.0
>>END_MODULE
>>Per base N content	pass
#Base	N-Count
1	0.0012430877356321027
2	0.0016503061317874464
3	2.679068395758842E-5
4	5.036648584026622E-4
5	9.430320753071123E-4
6	0.001135924999801749
7	0.0013020272403387971
8	8.573018866428295E-4
9	9.162413913495239E-4
10	0.0015056364384164692
11	0.0020628826647343082
12	5.786787734839098E-4
13	0.002721933490090983
14	0.00393287240497398
15	0.00719597771100825
16	0.0069173545978493305
17	0.006654805895064963
18	0.008364051531559103
19	0.0052724066028534
20	0.008573018866428294
21	0.009046355327530646
22	0.008720730142728209
23	0.009981907724984935
24	0.007776532107511876
25	0.010779147202668263
26	0.006239042478904575
27	0.0118552907145832
28	0.008822338290771248
29	0.012046810120472994
30	0.00885802272916334
31	0.01165032091338516
32	0.010729553853004127
33	0.009640946580820198
34	0.010432715280151661
35	0.009768839935105812
36	0.008760238943526231
37	0.010183058049300397
38	0.008022143113589715
39	0.009068670881900685
40	0.009782412785211494
41	0.007902539896485128
42	0.008670408334650565
43	0.0090664029441001
44	0.009366835324413125
45	0.008818252907948241
46	0.010099526975922386
47	0.007649680729985539
48	0.004466005126259324
49	0.005925112039491443
50	0.007015113664550842
51	0.007914072839251302
>>END_MODULE
>>Sequence Length Distribution	warn
#Length	Count
20	25864.0
21	26513.0
22	27205.0
23	27793.0
24	29317.0
25	30084.0
26	32098.0
27	33842.0
28	35577.0
29	38670.0
30	39149.0
31	40470.0
32	41898.0
33	41953.0
34	43226.0
35	45016.0
36	45121.0
37	46765.0
38	49702.0
39	53249.0
40	54673.0
41	58856.0
42	60353.0
43	67089.0
44	80203.0
45	112452.0
46	194299.0
47	488235.0
48	1030117.0
49	2064421.0
50	2819640.0
51	1.0879354E7
>>END_MODULE
>>Sequence Duplication Levels	warn
#Total Duplicate Percentage	32.5995693765792
#Duplication Level	Relative count
1	100.0
2	21.021077966596163
3	8.593100430311429
4	4.59193348406389
5	2.623441032747429
6	1.7219750565239589
7	1.1727809787761652
8	0.8190503974910656
9	0.6352563635037561
10++	4.689665232295237
>>END_MODULE
>>Overrepresented sequences	pass
>>END_MODULE
>>Kmer Content	warn
#Sequence	Count	Obs/Exp Overall	Obs/Exp Max	Max Obs/Exp Position
AAAAA	6580015	4.4645095	5.4637837	47
TTTTT	6178725	4.0670385	5.1689425	13
CCTGG	1653075	3.0429666	3.7537432	9
CCAGG	1631900	3.022259	4.12682	35
AGAAA	3225055	2.840626	5.035461	28
GAAAA	3123780	2.7514231	5.111834	4
GGAAA	1929915	2.2067094	5.062089	20
GAGAA	1903475	2.1764772	5.095591	27
>>END_MODULE
