##FastQC	0.10.1
>>Basic Statistics	pass
#Measure	Value	
Filename	006-F5_S1_L001_R2_001_trimmed.fq.gz	
File type	Conventional base calls	
Encoding	Sanger / Illumina 1.9	
Total Sequences	21392031	
Filtered Sequences	0	
Sequence length	20-51	
%GC	45	
>>END_MODULE
>>Per base sequence quality	pass
#Base	Mean	Median	Lower Quartile	Upper Quartile	10th Percentile	90th Percentile
1	34.64422013038406	36.0	36.0	36.0	32.0	36.0
2	34.631901804929136	36.0	36.0	36.0	32.0	36.0
3	34.60378310970099	36.0	36.0	36.0	32.0	36.0
4	34.59512268844412	36.0	36.0	36.0	32.0	36.0
5	34.58147382078869	36.0	36.0	36.0	32.0	36.0
6	34.55902569512918	36.0	36.0	36.0	32.0	36.0
7	34.54197939410241	36.0	36.0	36.0	32.0	36.0
8	34.52713727836314	36.0	36.0	36.0	32.0	36.0
9	34.503893435831316	36.0	36.0	36.0	32.0	36.0
10	34.48876135229983	36.0	36.0	36.0	32.0	36.0
11	34.47747083949159	36.0	36.0	36.0	32.0	36.0
12	34.454076987827854	36.0	36.0	36.0	32.0	36.0
13	34.434243293682584	36.0	36.0	36.0	32.0	36.0
14	34.419634582616304	36.0	36.0	36.0	32.0	36.0
15	34.401860861177695	36.0	36.0	36.0	32.0	36.0
16	34.364033129907114	36.0	36.0	36.0	32.0	36.0
17	34.360204507931016	36.0	36.0	36.0	32.0	36.0
18	34.33839816331605	36.0	36.0	36.0	32.0	36.0
19	34.31862659510918	36.0	36.0	36.0	32.0	36.0
20	34.31121598505537	36.0	36.0	36.0	32.0	36.0
21	34.28499538623087	36.0	36.0	36.0	32.0	36.0
22	34.26064158540122	36.0	36.0	36.0	32.0	36.0
23	34.234187667998135	36.0	36.0	36.0	32.0	36.0
24	34.19743169133906	36.0	36.0	36.0	32.0	36.0
25	34.17399001622803	36.0	36.0	36.0	32.0	36.0
26	34.144691563762855	36.0	36.0	36.0	32.0	36.0
27	34.12187854755419	36.0	36.0	36.0	32.0	36.0
28	34.08862243451355	36.0	36.0	36.0	32.0	36.0
29	34.06943451477175	36.0	36.0	36.0	32.0	36.0
30	34.03816836422909	36.0	36.0	36.0	32.0	36.0
31	33.9835066952086	36.0	36.0	36.0	32.0	36.0
32	33.966408151688725	36.0	36.0	36.0	32.0	36.0
33	33.92506036607084	36.0	36.0	36.0	32.0	36.0
34	33.87282049175904	36.0	36.0	36.0	32.0	36.0
35	33.844177065881134	36.0	36.0	36.0	32.0	36.0
36	33.82266237406444	36.0	36.0	36.0	32.0	36.0
37	33.78449796226161	36.0	36.0	36.0	32.0	36.0
38	33.767055752611085	36.0	36.0	36.0	27.0	36.0
39	33.72644645274778	36.0	36.0	36.0	27.0	36.0
40	33.713347548271244	36.0	36.0	36.0	27.0	36.0
41	33.69308460852701	36.0	36.0	36.0	27.0	36.0
42	33.65839916062581	36.0	36.0	36.0	27.0	36.0
43	33.66334724900942	36.0	36.0	36.0	27.0	36.0
44	33.640355201312865	36.0	36.0	36.0	27.0	36.0
45	33.622779635097444	36.0	36.0	36.0	27.0	36.0
46	33.62875130115954	36.0	36.0	36.0	27.0	36.0
47	33.61518491444731	36.0	36.0	36.0	27.0	36.0
48	33.63758720093362	36.0	36.0	36.0	27.0	36.0
49	33.68210646808774	36.0	36.0	36.0	27.0	36.0
50	33.797928836389154	36.0	36.0	36.0	27.0	36.0
51	33.95088924512075	36.0	36.0	36.0	32.0	36.0
>>END_MODULE
>>Per sequence quality scores	pass
#Quality	Count
2	29.0
3	20.0
4	23.0
5	15.0
6	38.0
7	48.0
8	92.0
9	120.0
10	178.0
11	192.0
12	226.0
13	233.0
14	1739.0
15	2986.0
16	5086.0
17	8663.0
18	13240.0
19	20929.0
20	31936.0
21	47426.0
22	68199.0
23	96281.0
24	132792.0
25	179289.0
26	235091.0
27	302449.0
28	382933.0
29	479537.0
30	600632.0
31	772048.0
32	1034464.0
33	1526909.0
34	2831029.0
35	9496142.0
36	3121017.0
>>END_MODULE
>>Per base sequence content	pass
#Base	G	A	T	C
1	22.968170208214037	26.44805233907444	26.949456228823372	23.634321223888154
2	22.816216372391835	26.570804691354816	27.273453197580398	23.339525738672954
3	22.79079047177256	26.609102556387576	27.160397021789517	23.43970995005035
4	23.016581932602406	26.33377257971209	27.438530363213715	23.21111512447179
5	23.180924934159723	26.467863806247088	26.917472565557777	23.433738694035412
6	22.62481169817739	26.834184343966317	27.206533637290413	23.334470320565885
7	22.745486306693266	26.77129174362162	27.08317437413087	23.400047575554243
8	22.78588811084587	26.65768713744383	27.07883924429833	23.47758550741197
9	22.640684132268714	26.766573094485214	27.241800527996197	23.350942245249875
10	22.783785171209857	26.759966588455175	27.218112999505262	23.238135240829706
11	23.299927951192508	26.69987802989172	26.8569024473359	23.143291571579866
12	22.5232500458262	26.942293305148997	27.33672351359146	23.19773313543335
13	22.70395158005549	26.753195780583493	27.412558513971323	23.13029412538969
14	22.723165362775198	26.542635635718803	27.54580973780614	23.18838926369986
15	22.657771874597906	26.845909986564486	27.350241928968337	23.146076209869264
16	22.77116730315892	27.122837424285418	27.273088189825017	22.83290708273065
17	22.937422530443907	26.796614538608637	26.919191137527203	23.346771793420253
18	22.78628208167405	27.226562043389485	27.01015232935946	22.977003545577006
19	22.984201720653566	26.87878784478435	27.19294775911448	22.9440626754476
20	23.019321852125056	26.635480263455957	27.223800898880206	23.12139698553878
21	22.986921170746605	26.78475156909017	27.27106548524031	22.957261774922916
22	22.74625017879062	26.98138566375587	27.311902774281922	22.960461383171587
23	22.827388293898583	26.760612833624407	27.197736880164534	23.214261992312473
24	22.657366089786517	27.145366747735363	27.27794813953215	22.919319022945967
25	22.809568972618052	27.056860783921486	27.061628796347502	23.071941447112952
26	22.89749755811912	27.038635327329864	26.979997195813514	23.083869918737506
27	22.89250714888162	27.088053292851598	27.11767165587795	22.901767902388826
28	22.667108632689363	27.046302054782736	27.108711161652728	23.177878150875173
29	22.98380329098583	26.828830870212755	27.096576840873094	23.09078899792832
30	22.752794096042035	27.161210371704236	27.080089848116923	23.005905684136806
31	22.87539699588608	27.05334200201626	27.08687826824765	22.984382733850005
32	22.824441650143594	27.11281508465558	27.0103878821685	23.05235538303233
33	22.723638156844256	26.887188876296104	27.297347255969544	23.091825710890095
34	22.914347316379466	27.253367174770666	27.095499697376884	22.736785811472988
35	22.881901206252532	26.903074788480247	27.06324868555232	23.151775319714897
36	23.005375623044785	27.15833463714964	26.890251144509374	22.9460385952962
37	22.773683438206106	27.037931882460107	27.044581827525988	23.1438028518078
38	22.788235425513314	26.90604253785203	27.046762483256682	23.258959553377974
39	22.735407644064022	27.046467512214118	27.092298647060076	23.125826196661787
40	22.809166360150083	26.99477504261455	27.23979812310792	22.956260474127447
41	23.097452692620646	26.95387339693808	27.020319626183625	22.928354284257658
42	22.942570464006177	27.106905625919552	27.071271567340233	22.87925234273404
43	22.931468615957908	27.196568717363732	26.975677948947297	22.896284717731064
44	22.960946239871703	26.92066919702573	26.922452906645233	23.195931656457333
45	22.838412772499762	27.07701114523945	27.108759071221538	22.975817011039247
46	22.89651225704827	27.27865616044657	26.81951934220827	23.005312240296895
47	22.93119707020372	27.03445063245172	26.935990544232073	23.098361753112492
48	22.938484502641003	27.36823285037592	27.10296769651526	22.59031495046781
49	23.235792428801197	27.28026529856768	27.074725367508513	22.409216905122612
50	23.34076499741165	27.479820755693225	27.174772356773776	22.004641890121352
51	22.83510604291864	27.99883598576509	27.358636761046068	21.807421210270206
>>END_MODULE
>>Per base GC content	pass
#Base	%GC
1	46.60249143210219
2	46.15574211106478
3	46.23050042182291
4	46.227697057074195
5	46.61466362819514
6	45.95928201874327
7	46.14553388224751
8	46.26347361825784
9	45.99162637751859
10	46.02192041203956
11	46.443219522772374
12	45.72098318125954
13	45.834245705445184
14	45.91155462647506
15	45.80384808446718
16	45.60407438588957
17	46.284194323864156
18	45.76328562725106
19	45.92826439610117
20	46.14071883766383
21	45.94418294566952
22	45.7067115619622
23	46.04165028621105
24	45.576685112732484
25	45.881510419731
26	45.981367476856626
27	45.794275051270446
28	45.844986783564536
29	46.074592288914154
30	45.758699780178844
31	45.85977972973609
32	45.876797033175926
33	45.81546386773435
34	45.65113312785245
35	46.03367652596743
36	45.951414218340986
37	45.917486290013905
38	46.047194978891284
39	45.86123384072581
40	45.76542683427753
41	46.0258069768783
42	45.821822806740215
43	45.82775333368897
44	46.156877896329036
45	45.81422978353901
46	45.90182449734516
47	46.02955882331621
48	45.52879945310882
49	45.64500933392381
50	45.345406887533
51	44.64252725318884
>>END_MODULE
>>Per sequence GC content	pass
#GC Content	Count
0	6449.0
1	5963.0
2	4688.0
3	4219.5
4	4631.5
5	5458.5
6	6398.5
7	7572.5
8	8697.5
9	10896.0
10	13273.0
11	17279.5
12	21309.5
13	27752.5
14	34907.5
15	46851.0
16	59184.0
17	77453.0
18	96668.5
19	123214.0
20	150385.0
21	184349.5
22	219232.5
23	261657.0
24	305153.5
25	349088.5
26	432981.5
27	491391.0
28	555056.0
29	619916.5
30	688543.5
31	758774.5
32	834026.5
33	910356.0
34	982283.0
35	1052100.5
36	1107022.0
37	1157764.5
38	1190808.5
39	1223176.0
40	1243391.5
41	1261129.5
42	1271631.0
43	1278320.0
44	1274254.0
45	1266528.5
46	1253319.5
47	1237683.0
48	1218506.0
49	1198628.5
50	1178605.0
51	1158408.0
52	1135600.0
53	1110712.0
54	1084799.5
55	1057120.5
56	1024812.0
57	987310.0
58	937352.5
59	882918.5
60	826517.5
61	764464.5
62	698641.0
63	637703.0
64	570629.5
65	505258.5
66	445375.5
67	386943.0
68	333530.0
69	281319.0
70	238774.0
71	199361.0
72	167578.5
73	138380.5
74	114127.0
75	85082.0
76	70315.5
77	57963.0
78	46366.5
79	37781.0
80	30015.0
81	24420.0
82	19211.5
83	15579.5
84	12321.0
85	10044.5
86	7979.0
87	6628.5
88	5401.5
89	4556.0
90	3782.5
91	3382.0
92	3031.0
93	2756.5
94	2515.5
95	2413.0
96	2331.5
97	2418.0
98	2933.0
99	14198.5
100	25044.0
>>END_MODULE
>>Per base N content	pass
#Base	N-Count
1	0.013495679769723594
2	0.01116771006923092
3	0.023812605731545547
4	0.011055518758363804
5	0.012939397853340808
6	0.010139289719615682
7	0.013533076873345967
8	0.008867788196455026
9	0.011607126036793794
10	0.014103382703587145
11	0.011050844120411008
12	0.006675382996593451
13	0.025579618877702638
14	0.016922189389123456
15	0.01839470034425436
16	0.033260049034147345
17	0.02526174349691247
18	0.022536429570432094
19	0.018132920618897756
20	0.01806280104960581
21	0.013367410244463068
22	0.03315697726841996
23	0.030150503806706412
24	0.01040390848620594
25	0.024168404084422643
26	0.011842161563463148
27	0.01696101067613979
28	0.018730568453138155
29	0.01629352583236272
30	0.012830817936667916
31	0.03830162501198707
32	0.02889552803520449
33	0.02182692975036742
34	0.02220160239313121
35	0.021520978145202683
36	0.022200304754431837
37	0.035773896295086614
38	0.02588815403023307
39	0.026729290310333234
40	0.03050132332722356
41	0.01826198697880112
42	0.03490753559259476
43	0.015441115403827789
44	0.007779300844132326
45	0.00950875271364985
46	0.005545622323761925
47	0.013271228316912334
48	0.011401734271945305
49	0.00838709645210843
50	0.006926640467526646
51	0.008956462814934528
>>END_MODULE
>>Sequence Length Distribution	warn
#Length	Count
20	26636.0
21	27503.0
22	28132.0
23	29296.0
24	29578.0
25	30098.0
26	31013.0
27	31848.0
28	32972.0
29	35107.0
30	35911.0
31	36844.0
32	38421.0
33	38742.0
34	39393.0
35	40463.0
36	40424.0
37	41807.0
38	44034.0
39	46182.0
40	49128.0
41	52686.0
42	56208.0
43	65041.0
44	83342.0
45	131015.0
46	244523.0
47	640209.0
48	1337782.0
49	2738896.0
50	3665905.0
51	1.1622892E7
>>END_MODULE
>>Sequence Duplication Levels	warn
#Total Duplicate Percentage	29.74653582523793
#Duplication Level	Relative count
1	100.0
2	18.962286003074396
3	7.4901556149845225
4	3.769995858690083
5	2.2433265247390626
6	1.4262952122245853
7	0.9658377027662547
8	0.66471533758695
9	0.5559182126387163
10++	4.304856563274302
>>END_MODULE
>>Overrepresented sequences	pass
>>END_MODULE
>>Kmer Content	warn
#Sequence	Count	Obs/Exp Overall	Obs/Exp Max	Max Obs/Exp Position
AAAAA	5553350	4.0344625	5.009153	47
GGGGG	2116580	3.4925873	5.0776343	47
TTTTT	4905650	3.4429438	4.1856613	13
>>END_MODULE
