##FastQC	0.10.1
>>Basic Statistics	pass
#Measure	Value	
Filename	018-F5_S4_L003_R1_001_trimmed.fq.gz	
File type	Conventional base calls	
Encoding	Sanger / Illumina 1.9	
Total Sequences	16100571	
Filtered Sequences	0	
Sequence length	20-50	
%GC	45	
>>END_MODULE
>>Per base sequence quality	pass
#Base	Mean	Median	Lower Quartile	Upper Quartile	10th Percentile	90th Percentile
1	35.354212965490476	36.0	36.0	36.0	36.0	36.0
2	35.34436449489897	36.0	36.0	36.0	36.0	36.0
3	35.33171034741563	36.0	36.0	36.0	36.0	36.0
4	35.32830108944584	36.0	36.0	36.0	36.0	36.0
5	35.30593933594032	36.0	36.0	36.0	36.0	36.0
6	35.276689317416135	36.0	36.0	36.0	36.0	36.0
7	35.267789446722105	36.0	36.0	36.0	36.0	36.0
8	35.2594053341338	36.0	36.0	36.0	36.0	36.0
9	35.24380911708038	36.0	36.0	36.0	36.0	36.0
10	35.225581813216436	36.0	36.0	36.0	36.0	36.0
11	35.20985920313012	36.0	36.0	36.0	36.0	36.0
12	35.2011624308231	36.0	36.0	36.0	36.0	36.0
13	35.18806860949217	36.0	36.0	36.0	36.0	36.0
14	35.17819659936284	36.0	36.0	36.0	36.0	36.0
15	35.16580200789152	36.0	36.0	36.0	36.0	36.0
16	35.15604899975287	36.0	36.0	36.0	36.0	36.0
17	35.142880274246174	36.0	36.0	36.0	36.0	36.0
18	35.12827277989085	36.0	36.0	36.0	36.0	36.0
19	35.10808312326314	36.0	36.0	36.0	36.0	36.0
20	35.112540356487976	36.0	36.0	36.0	36.0	36.0
21	35.104204031665795	36.0	36.0	36.0	36.0	36.0
22	35.09437687215897	36.0	36.0	36.0	36.0	36.0
23	35.08549704029552	36.0	36.0	36.0	36.0	36.0
24	35.06868339617194	36.0	36.0	36.0	36.0	36.0
25	35.06262059288938	36.0	36.0	36.0	36.0	36.0
26	35.05025937523992	36.0	36.0	36.0	36.0	36.0
27	35.046902513986446	36.0	36.0	36.0	36.0	36.0
28	35.03948585922107	36.0	36.0	36.0	36.0	36.0
29	35.02185641575443	36.0	36.0	36.0	36.0	36.0
30	35.01318175923231	36.0	36.0	36.0	36.0	36.0
31	35.00216354746976	36.0	36.0	36.0	36.0	36.0
32	34.99832140424184	36.0	36.0	36.0	36.0	36.0
33	34.97442654779821	36.0	36.0	36.0	36.0	36.0
34	34.96912142945222	36.0	36.0	36.0	36.0	36.0
35	34.945447627292815	36.0	36.0	36.0	36.0	36.0
36	34.94345603841911	36.0	36.0	36.0	36.0	36.0
37	34.938351342543605	36.0	36.0	36.0	36.0	36.0
38	34.92542605455702	36.0	36.0	36.0	36.0	36.0
39	34.913539539857744	36.0	36.0	36.0	36.0	36.0
40	34.90356767825699	36.0	36.0	36.0	36.0	36.0
41	34.886292646042484	36.0	36.0	36.0	36.0	36.0
42	34.867729366031405	36.0	36.0	36.0	36.0	36.0
43	34.85620953122488	36.0	36.0	36.0	36.0	36.0
44	34.848797995493165	36.0	36.0	36.0	36.0	36.0
45	34.84971018745214	36.0	36.0	36.0	36.0	36.0
46	34.840855064276276	36.0	36.0	36.0	36.0	36.0
47	34.850680410625685	36.0	36.0	36.0	36.0	36.0
48	34.8781840491499	36.0	36.0	36.0	36.0	36.0
49	34.93961424220072	36.0	36.0	36.0	36.0	36.0
50	35.03575804041494	36.0	36.0	36.0	36.0	36.0
>>END_MODULE
>>Per sequence quality scores	pass
#Quality	Count
12	2.0
13	3.0
14	12.0
15	50.0
16	187.0
17	515.0
18	1314.0
19	3066.0
20	6174.0
21	11045.0
22	17584.0
23	26407.0
24	38027.0
25	54585.0
26	76295.0
27	103645.0
28	138524.0
29	180859.0
30	232613.0
31	301756.0
32	407474.0
33	602348.0
34	1187093.0
35	6674700.0
36	6036293.0
>>END_MODULE
>>Per base sequence content	pass
#Base	G	A	T	C
1	22.556381777687207	26.52546737953247	27.249577170439675	23.668573672340646
2	22.640649381228624	26.62917809419695	27.45014665188192	23.280025872692516
3	22.502262031997876	26.70863537236699	27.397524112192812	23.391578483442323
4	22.74717099445273	26.309456568334937	27.72040355928567	23.222968877926657
5	22.79768413753713	26.381754334882068	27.323480268052336	23.497081259528468
6	22.290509684550557	26.847165193505916	27.519522268093645	23.342802853849882
7	22.372664856502222	26.80382046267575	27.501311600097463	23.32220308072457
8	22.46089142690191	26.677895763555192	27.407192874428105	23.454019935114793
9	22.343067585745654	26.746542615598827	27.521625771577046	23.38876402707847
10	22.36120090450876	26.82689459548748	27.498667565701385	23.31323693430237
11	22.93071249970264	26.719436048888834	27.22143854961569	23.12841290179284
12	22.25005035585112	26.958382993032536	27.605944021435974	23.18562262968037
13	22.360245939668832	26.788465525429157	27.774010476919585	23.077278057982426
14	22.427904698557086	26.521820064244267	27.89159927014177	23.158675967056876
15	22.29509408391358	26.846115170225566	27.75094555955791	23.10784518630295
16	22.407035121883535	27.10745369310173	27.694662075681197	22.790849109333543
17	22.528305688391534	26.77999417905336	27.30914630215235	23.38255383040276
18	22.429884890559045	27.253014626888234	27.304597141800734	23.012503340751984
19	22.623566681647986	26.956813555633236	27.5350601352095	22.884559627509276
20	22.77406939881651	26.62342659599135	27.507416740668955	23.09508726452318
21	22.66418801072322	26.837450610911535	27.586616476142105	22.911744902223138
22	22.414160206249015	27.095462199488956	27.62526693483882	22.86511065942321
23	22.514952062448646	26.834246552573248	27.569185874338864	23.081615510639242
24	22.37103793962767	27.186932462632722	27.56200090668904	22.880028691050573
25	22.46075324044256	27.11007925932171	27.41283320520067	23.016334295035055
26	22.59696967105551	26.973757760573015	27.337322828039852	23.09194974033162
27	22.59879938719763	27.060722916859316	27.451640595907822	22.88883710003524
28	22.348382245063977	27.102132016548087	27.41622840294174	23.133257335446196
29	22.721651741090437	26.846972360850224	27.429624248386265	23.00175164967307
30	22.49861859621795	27.19937817240985	27.35889073981499	22.94311249155722
31	22.552924369156155	27.114603980948615	27.404319906581957	22.928151743313272
32	22.567341817142548	27.164479857467583	27.27783163911025	22.99034668627962
33	22.430683823873192	26.91646946215791	27.616217991406717	23.036628722562185
34	22.574257375832122	27.31228961098061	27.430613447783198	22.68283956540407
35	22.586913299104726	26.842353954383785	27.415989427009436	23.154743319502053
36	22.692755374035336	27.17528181999846	27.206653084249034	22.92530972171717
37	22.517642839768857	27.077264432114777	27.32510187525923	23.079990852857144
38	22.569624899440033	27.014245440489105	27.21709605006159	23.199033610009277
39	22.507011477136377	27.11543718818255	27.293339628554435	23.08421170612663
40	22.511402990050236	27.052317131475622	27.54534237280803	22.890937505666106
41	22.758271236351764	26.988330497327883	27.313964353151714	22.93943391316864
42	22.71789921786443	27.11793006196355	27.343447190947778	22.82072352922424
43	22.6640136382177	27.288891883284084	27.2191291642685	22.82796531422972
44	22.67211453448458	26.993864242395897	27.16014246398344	23.173878759136084
45	22.587848742201956	27.21339315764737	27.265347279135398	22.933410821015272
46	22.578879371981532	27.494380577019626	27.096982864347886	22.829757186650955
47	22.73434816268368	27.145313331899157	27.166389927346117	22.953948578071042
48	22.671189298274363	27.590065713416095	27.354305531902913	22.38443945640663
49	22.906412632150737	27.737114185161182	27.430549072420714	21.92592411026737
50	22.934482827091255	27.450922898586867	27.45043934740344	22.164154926918442
>>END_MODULE
>>Per base GC content	pass
#Base	%GC
1	46.224955450027856
2	45.92067525392113
3	45.893840515440196
4	45.97013987237939
5	46.294765397065596
6	45.63331253840044
7	45.69486793722679
8	45.9149113620167
9	45.731831612824124
10	45.67443783881113
11	46.05912540149548
12	45.43567298553149
13	45.437523997651255
14	45.586580665613965
15	45.40293927021653
16	45.197884231217074
17	45.91085951879429
18	45.44238823131103
19	45.50812630915726
20	45.869156663339695
21	45.57593291294636
22	45.27927086567223
23	45.59656757308789
24	45.25106663067824
25	45.47708753547761
26	45.68891941138713
27	45.48763648723287
28	45.481639580510176
29	45.72340339076351
30	45.44173108777517
31	45.481076112469424
32	45.55768850342217
33	45.46731254643538
34	45.25709694123619
35	45.74165661860678
36	45.618065095752506
37	45.597633692626
38	45.7686585094493
39	45.59122318326301
40	45.402340495716345
41	45.6977051495204
42	45.538622747088674
43	45.49197895244742
44	45.845993293620666
45	45.52125956321723
46	45.40863655863249
47	45.68829674075472
48	45.05562875468099
49	44.83233674241811
50	45.098637754009694
>>END_MODULE
>>Per sequence GC content	warn
#GC Content	Count
0	1055.0
1	1058.5
2	998.5
3	1008.0
4	1107.5
5	1382.0
6	1714.5
7	2160.5
8	2608.5
9	3443.0
10	4391.0
11	6160.0
12	7985.5
13	11330.5
14	15347.0
15	22251.5
16	29773.5
17	41827.0
18	54892.5
19	73544.0
20	93087.0
21	119047.0
22	145974.0
23	180854.5
24	218147.5
25	255250.0
26	297480.5
27	347984.5
28	402039.0
29	461659.0
30	522510.0
31	586530.5
32	654147.5
33	724211.5
34	793500.0
35	853424.5
36	909896.5
37	948414.5
38	978543.5
39	999711.5
40	1018977.0
41	1029674.5
42	1038831.5
43	1038741.5
44	1033595.5
45	1014743.5
46	995675.5
47	975086.0
48	952790.0
49	928192.5
50	904066.0
51	880788.5
52	854423.0
53	828015.0
54	803088.0
55	774692.0
56	742144.5
57	705532.0
58	668263.0
59	623738.5
60	577458.0
61	528017.5
62	478742.0
63	437554.0
64	389267.5
65	344682.0
66	302790.0
67	264744.0
68	225982.0
69	190471.0
70	159906.5
71	135253.0
72	113093.5
73	93326.0
74	75212.0
75	62119.0
76	52047.0
77	42531.5
78	33938.5
79	27784.5
80	22313.5
81	18025.0
82	14469.5
83	11755.5
84	9102.5
85	7094.0
86	5483.5
87	4319.0
88	3431.5
89	2706.5
90	2022.5
91	1525.5
92	1117.5
93	965.5
94	824.5
95	692.0
96	570.0
97	501.5
98	456.5
99	655.5
100	850.0
>>END_MODULE
>>Per base N content	pass
#Base	N-Count
1	6.95627502900363E-4
2	0.0012297700497702845
3	1.863287954197401E-5
4	2.298055143510128E-4
5	8.260576596941811E-4
6	0.003074425124425711
7	4.9687678778597356E-5
8	8.509014990834798E-4
9	6.521507839690903E-4
10	0.0021117263480903876
11	0.002807353850990751
12	9.813316558772978E-4
13	2.298055143510128E-4
14	0.0028446196100746983
15	0.0019626633117545956
16	0.0020123509905331932
17	6.02463105190493E-4
18	9.564878164879992E-4
19	0.003223488160761503
20	0.005242050111142021
21	0.0012741599370303944
22	0.0012689176810181048
23	5.851740428996071E-4
24	0.0015140331244279152
25	0.0025630032661142594
26	0.005923405190251161
27	0.0020992788976986407
28	0.002213967445297336
29	0.002485568986810707
30	0.003673161120579913
31	0.0029935955882057605
32	0.0038017086575337262
33	0.0037250741727079045
34	0.00222427230537129
35	0.0027953733101163804
36	0.0025025603846966157
37	0.0031772210214816216
38	0.0039873725173930905
39	0.0030099310579736215
40	0.0013805228708106698
41	0.0015298514170057518
42	0.00155879098382518
43	0.003932123857290545
44	0.004143613666678594
45	3.1001865989396457E-4
46	0.0010698578002418923
47	0.0010598557563147447
48	5.50270811849546E-4
49	0.0014065063172696603
50	1.5432460761425268E-4
>>END_MODULE
>>Sequence Length Distribution	warn
#Length	Count
20	11539.0
21	12339.0
22	13096.0
23	13750.0
24	13972.0
25	14685.0
26	15694.0
27	16101.0
28	17197.0
29	18637.0
30	19545.0
31	20119.0
32	21596.0
33	21942.0
34	22744.0
35	23821.0
36	23823.0
37	25172.0
38	26930.0
39	29187.0
40	30884.0
41	34641.0
42	38186.0
43	48848.0
44	83184.0
45	153799.0
46	421451.0
47	914579.0
48	1835326.0
49	2438012.0
50	9719772.0
>>END_MODULE
>>Sequence Duplication Levels	warn
#Total Duplicate Percentage	37.368225468911966
#Duplication Level	Relative count
1	100.0
2	25.63001592605315
3	10.73837554257877
4	5.634231646004435
5	3.2500078068887985
6	2.039940043094026
7	1.3872841395247166
8	1.02582518814602
9	0.775224057708522
10++	5.656871623520595
>>END_MODULE
>>Overrepresented sequences	pass
>>END_MODULE
>>Kmer Content	warn
#Sequence	Count	Obs/Exp Overall	Obs/Exp Max	Max Obs/Exp Position
AAAAA	3476625	3.3810067	3.985249	46
TTTTT	3602530	3.2207928	3.9927137	13
>>END_MODULE
