##FastQC	0.10.1
>>Basic Statistics	pass
#Measure	Value	
Filename	004-F5_S4_L002_R2_001_trimmed.fq.gz	
File type	Conventional base calls	
Encoding	Sanger / Illumina 1.9	
Total Sequences	15207354	
Filtered Sequences	0	
Sequence length	20-50	
%GC	45	
>>END_MODULE
>>Per base sequence quality	pass
#Base	Mean	Median	Lower Quartile	Upper Quartile	10th Percentile	90th Percentile
1	34.60186216484472	36.0	36.0	36.0	32.0	36.0
2	34.594861012639015	36.0	36.0	36.0	32.0	36.0
3	34.58167443198863	36.0	36.0	36.0	32.0	36.0
4	34.56805036563231	36.0	36.0	36.0	32.0	36.0
5	34.55813871367761	36.0	36.0	36.0	32.0	36.0
6	34.53953245252264	36.0	36.0	36.0	32.0	36.0
7	34.518764342567415	36.0	36.0	36.0	32.0	36.0
8	34.51423041773079	36.0	36.0	36.0	32.0	36.0
9	34.491867421511984	36.0	36.0	36.0	32.0	36.0
10	34.476819373048066	36.0	36.0	36.0	32.0	36.0
11	34.456977196690495	36.0	36.0	36.0	32.0	36.0
12	34.45028924821504	36.0	36.0	36.0	32.0	36.0
13	34.436781572915315	36.0	36.0	36.0	32.0	36.0
14	34.42750402206722	36.0	36.0	36.0	32.0	36.0
15	34.404164327337945	36.0	36.0	36.0	32.0	36.0
16	34.388107556383574	36.0	36.0	36.0	32.0	36.0
17	34.36938687690179	36.0	36.0	36.0	32.0	36.0
18	34.360604152438356	36.0	36.0	36.0	32.0	36.0
19	34.33995683930288	36.0	36.0	36.0	32.0	36.0
20	34.346868100788605	36.0	36.0	36.0	32.0	36.0
21	34.32112650863218	36.0	36.0	36.0	32.0	36.0
22	34.313203219155334	36.0	36.0	36.0	32.0	36.0
23	34.29001710622167	36.0	36.0	36.0	32.0	36.0
24	34.257607779868664	36.0	36.0	36.0	32.0	36.0
25	34.248894625182125	36.0	36.0	36.0	32.0	36.0
26	34.22076798699482	36.0	36.0	36.0	32.0	36.0
27	34.206280434832784	36.0	36.0	36.0	32.0	36.0
28	34.183972700545034	36.0	36.0	36.0	32.0	36.0
29	34.164697499778114	36.0	36.0	36.0	32.0	36.0
30	34.13244082270916	36.0	36.0	36.0	32.0	36.0
31	34.098283610760554	36.0	36.0	36.0	32.0	36.0
32	34.07426953011771	36.0	36.0	36.0	32.0	36.0
33	34.05538090414667	36.0	36.0	36.0	32.0	36.0
34	34.027686887069045	36.0	36.0	36.0	32.0	36.0
35	33.98549333125443	36.0	36.0	36.0	32.0	36.0
36	33.973373149253575	36.0	36.0	36.0	32.0	36.0
37	33.94431010810742	36.0	36.0	36.0	32.0	36.0
38	33.93034413699402	36.0	36.0	36.0	32.0	36.0
39	33.89479256698508	36.0	36.0	36.0	32.0	36.0
40	33.86893254301664	36.0	36.0	36.0	32.0	36.0
41	33.845443831588184	36.0	36.0	36.0	32.0	36.0
42	33.81327057346473	36.0	36.0	36.0	32.0	36.0
43	33.81273943510601	36.0	36.0	36.0	32.0	36.0
44	33.79099233311888	36.0	36.0	36.0	32.0	36.0
45	33.7683481516575	36.0	36.0	36.0	27.0	36.0
46	33.77272304167629	36.0	36.0	36.0	27.0	36.0
47	33.772160352469	36.0	36.0	36.0	27.0	36.0
48	33.80853775015449	36.0	36.0	36.0	27.0	36.0
49	33.891637176769876	36.0	36.0	36.0	32.0	36.0
50	34.03044853553916	36.0	36.0	36.0	32.0	36.0
>>END_MODULE
>>Per sequence quality scores	pass
#Quality	Count
2	59.0
3	19.0
4	26.0
5	28.0
6	53.0
7	40.0
8	38.0
9	74.0
10	76.0
11	117.0
12	114.0
13	133.0
14	1020.0
15	2002.0
16	3956.0
17	7066.0
18	11457.0
19	17886.0
20	26424.0
21	36840.0
22	50311.0
23	68303.0
24	91379.0
25	120154.0
26	157111.0
27	202018.0
28	255425.0
29	319398.0
30	399972.0
31	511402.0
32	686478.0
33	1006564.0
34	1880290.0
35	6578867.0
36	2772254.0
>>END_MODULE
>>Per base sequence content	pass
#Base	G	A	T	C
1	22.56847218907461	26.716233207697215	27.396997662630223	23.318296940597953
2	22.594072697001653	26.85534190813747	27.572727319360705	22.977858075500173
3	22.478945348507963	26.879603469771045	27.511889230943275	23.129561950777713
4	22.726068306620256	26.54525719863451	27.814935388855595	22.913739105889643
5	22.786357137192137	26.66093170032567	27.37586029427335	23.17685086820884
6	22.294698158448895	27.098711927006132	27.6053127585386	23.00127715600638
7	22.421786054094202	27.048226855480962	27.48662889880975	23.04335819161508
8	22.421617857637752	27.007425906828033	27.41692179184324	23.15403444369098
9	22.375018883644326	27.08502891524126	27.519762140728183	23.020190060386227
10	22.431205536440686	27.071765431023753	27.53714728722141	22.959881745314153
11	22.960746455371527	26.938084615173647	27.218851824562652	22.88231710489217
12	22.26832633582991	27.23165373519616	27.614809634889358	22.88521029408457
13	22.438793159411695	27.040593605705173	27.7047456977642	22.815867537118937
14	22.481061653703904	26.81635501727641	27.83266837357831	22.86991495544137
15	22.381069118801726	27.106922338656354	27.644054263348167	22.867954279193757
16	22.478915076662343	27.342617623006294	27.607460860512955	22.571006439818404
17	22.643292456489945	27.039442795542694	27.222292283277966	23.09497246468939
18	22.522941943107625	27.476166928864377	27.297520421464753	22.70337070656325
19	22.759822351786614	27.133363765763253	27.442248544373903	22.66456533807623
20	22.807623972149045	26.88696046538913	27.48286937000214	22.82254619245968
21	22.813442491630994	27.01373818820741	27.475631404492805	22.69718791566879
22	22.54595299319272	27.27198973920298	27.505776455054242	22.676280812550054
23	22.62147451691013	27.06668282706257	27.423953415671875	22.88788924035542
24	22.455841908654733	27.41273622802719	27.42005330443686	22.71136855888122
25	22.5648383295267	27.33972073575122	27.292239902484898	22.803201032237176
26	22.65681532416621	27.19778432217475	27.244886362157562	22.900513991501477
27	22.709613730745932	27.29832381296577	27.358845910592205	22.63321654569609
28	22.4206611388884	27.340577522254918	27.326397135521614	22.91236420333507
29	22.769585552135112	27.109930995688064	27.294531175913512	22.82595227626331
30	22.52235167609216	27.51474584116241	27.259329941200267	22.70357254154517
31	22.634761233500704	27.36067359687412	27.276529528248645	22.72803564137653
32	22.638553447237765	27.43278746009245	27.146343319791832	22.78231577287795
33	22.508416726814147	27.210412136857688	27.482696649528133	22.798474486800043
34	22.662037325211216	27.556232763605763	27.308686711763507	22.473043199419514
35	22.660195592786046	27.117211673740044	27.288506017093884	22.93408671638003
36	22.71362044965041	27.44754067083196	27.088230857553764	22.750608021963867
37	22.5555661174665	27.394910810423106	27.165854071645473	22.883669000464916
38	22.604145786581892	27.28862554628199	27.159953921057028	22.94727474607909
39	22.52391529356301	27.41592511163117	27.216071127427654	22.84408846737816
40	22.57606146234397	27.343493538064184	27.4408487403875	22.639596259204346
41	22.826676910163755	27.297814456790938	27.19751042556363	22.67799820748168
42	22.714783677043908	27.39586446440675	27.282665265643395	22.606686592905945
43	22.681866260088395	27.58918828599542	27.140262837591244	22.588682616324945
44	22.761442401972587	27.269463969733515	27.057759782053903	22.911333846239998
45	22.63023664164915	27.511202202479364	27.183910638187974	22.674650517683506
46	22.62709069871614	27.76254565139044	26.974336002988224	22.63602764690519
47	22.722718617520037	27.436764318521988	27.082954195415184	22.757562868542788
48	22.703035906919403	27.827799842171828	27.305429863338283	22.163734387570486
49	22.921085838972356	27.971206488691376	27.42884225657138	21.67886541576489
50	23.02977346041681	27.6751937389329	27.400114311759122	21.894918488891165
>>END_MODULE
>>Per base GC content	pass
#Base	%GC
1	45.88676912967256
2	45.57193077250182
3	45.60850729928568
4	45.6398074125099
5	45.96320800540098
6	45.295975314455276
7	45.46514424570929
8	45.57565230132873
9	45.39520894403056
10	45.391087281754835
11	45.843063560263694
12	45.153536629914484
13	45.254660696530635
14	45.35097660914528
15	45.24902339799549
16	45.04992151648075
17	45.738264921179336
18	45.22631264967087
19	45.42438768986285
20	45.63017016460873
21	45.510630407299786
22	45.222233805742775
23	45.509363757265554
24	45.16721046753595
25	45.36803936176388
26	45.55732931566769
27	45.34283027644202
28	45.333025342223465
29	45.59553782839843
30	45.22592421763733
31	45.36279687487724
32	45.42086922011572
33	45.306891213614186
34	45.13508052463073
35	45.594282309166076
36	45.46422847161428
37	45.43923511793142
38	45.55142053266098
39	45.36800376094117
40	45.21565772154831
41	45.504675117645434
42	45.32147026994985
43	45.27054887641334
44	45.672776248212585
45	45.30488715933266
46	45.263118345621336
47	45.48028148606283
48	44.86677029448989
49	44.59995125473725
50	44.92469194930798
>>END_MODULE
>>Per sequence GC content	pass
#GC Content	Count
0	7191.0
1	5840.5
2	4296.5
3	4479.0
4	4924.0
5	5472.0
6	6123.0
7	7025.5
8	7959.0
9	9660.5
10	11516.0
11	14314.5
12	17288.0
13	22292.0
14	28236.5
15	37026.0
16	46486.5
17	60420.0
18	75705.0
19	95366.5
20	115574.5
21	139548.5
22	164745.5
23	196121.0
24	229109.0
25	259527.0
26	295822.5
27	340602.0
28	388314.5
29	440501.5
30	494604.5
31	552291.0
32	611691.0
33	672953.5
34	736198.5
35	790994.0
36	840779.0
37	877431.0
38	907012.5
39	931526.5
40	953033.0
41	965799.0
42	976519.5
43	978329.0
44	976408.5
45	966870.5
46	955805.5
47	940053.0
48	923452.0
49	906457.5
50	889103.5
51	870302.5
52	847982.5
53	823592.5
54	799560.0
55	772729.5
56	742914.0
57	709536.5
58	674748.5
59	631485.5
60	586039.0
61	537000.5
62	487990.5
63	444401.0
64	393127.5
65	345543.0
66	300727.5
67	260199.0
68	218894.0
69	180766.5
70	148460.0
71	122108.0
72	99361.0
73	79702.0
74	61845.0
75	49292.5
76	39777.5
77	30952.0
78	23212.5
79	17684.5
80	12995.5
81	9777.5
82	7351.0
83	5650.0
84	4251.5
85	3359.0
86	2668.5
87	2248.0
88	1915.0
89	1642.0
90	1440.0
91	1313.0
92	1217.0
93	1164.5
94	1122.5
95	1168.5
96	1229.0
97	1375.0
98	1994.5
99	7245.5
100	12025.0
>>END_MODULE
>>Per base N content	pass
#Base	N-Count
1	0.011842954402192518
2	0.011310317363559762
3	0.02281133193848187
4	0.013184410647637979
5	0.008022434409036576
6	0.011139347449924557
7	0.015525383311258486
8	0.013631562729453131
9	0.015762110883984156
10	0.0145061395953563
11	0.01701150640670297
12	0.022094573454395812
13	0.02273242274757331
14	0.024179091247563515
15	0.028834733511168345
16	0.018990811945325925
17	0.041604870906536404
18	0.012539985588551433
19	0.0281048234952642
20	0.01211256080446342
21	0.035312882486200924
22	0.009499346143754306
23	0.01909078971703715
24	0.02426927316182162
25	0.022939701062486828
26	0.01848236558799711
27	0.035090900150164965
28	0.029137470491853654
29	0.02223214953193049
30	0.023097066942481554
31	0.0319189029647745
32	0.035997274288292996
33	0.02272441157303707
34	0.014697382669029646
35	0.014569255467125123
36	0.012155517623606634
37	0.01974725722554699
38	0.005272864859179471
39	0.008413903306559523
40	0.012547299788213609
41	0.012039530118352655
42	0.004720820951469114
43	0.007410738365548534
44	0.0014409687533059356
45	0.0030284540885640826
46	0.007572122276206217
47	0.002344506275248203
48	0.0013428561790515892
49	3.5883636919918584E-4
50	6.337072287227314E-4
>>END_MODULE
>>Sequence Length Distribution	warn
#Length	Count
20	34421.0
21	35049.0
22	36361.0
23	37207.0
24	37965.0
25	39092.0
26	40364.0
27	41689.0
28	43845.0
29	45627.0
30	47056.0
31	48119.0
32	49112.0
33	49796.0
34	49870.0
35	51626.0
36	52323.0
37	54415.0
38	56228.0
39	59292.0
40	61461.0
41	65172.0
42	70105.0
43	82812.0
44	116865.0
45	193304.0
46	443125.0
47	903342.0
48	1771926.0
49	2384103.0
50	8205682.0
>>END_MODULE
>>Sequence Duplication Levels	warn
#Total Duplicate Percentage	28.498675098751935
#Duplication Level	Relative count
1	100.0
2	19.1696745928967
3	7.129474003251316
4	3.460722453365663
5	1.8419529936902432
6	1.158625630286832
7	0.7680544457608905
8	0.5524481304934836
9	0.3988372413413055
10++	3.2878240983109692
>>END_MODULE
>>Overrepresented sequences	pass
>>END_MODULE
>>Kmer Content	warn
#Sequence	Count	Obs/Exp Overall	Obs/Exp Max	Max Obs/Exp Position
AAAAA	4295695	4.3077216	5.5045037	46
TTTTT	3440350	3.360232	4.120109	13
GGGGG	1203965	3.054976	4.045096	46
>>END_MODULE
