##FastQC	0.10.1
>>Basic Statistics	pass
#Measure	Value	
Filename	005-F5_S2_L002_R2_001_trimmed.fq.gz	
File type	Conventional base calls	
Encoding	Sanger / Illumina 1.9	
Total Sequences	17639762	
Filtered Sequences	0	
Sequence length	20-50	
%GC	45	
>>END_MODULE
>>Per base sequence quality	pass
#Base	Mean	Median	Lower Quartile	Upper Quartile	10th Percentile	90th Percentile
1	34.63575404248652	36.0	36.0	36.0	32.0	36.0
2	34.63064535677976	36.0	36.0	36.0	32.0	36.0
3	34.6165015151565	36.0	36.0	36.0	32.0	36.0
4	34.6029040527871	36.0	36.0	36.0	32.0	36.0
5	34.59033137748684	36.0	36.0	36.0	32.0	36.0
6	34.57083837072178	36.0	36.0	36.0	32.0	36.0
7	34.553200604407245	36.0	36.0	36.0	32.0	36.0
8	34.548821690451376	36.0	36.0	36.0	32.0	36.0
9	34.53094775314996	36.0	36.0	36.0	32.0	36.0
10	34.51397853327046	36.0	36.0	36.0	32.0	36.0
11	34.49416862880576	36.0	36.0	36.0	32.0	36.0
12	34.48800930534097	36.0	36.0	36.0	32.0	36.0
13	34.47381892113964	36.0	36.0	36.0	32.0	36.0
14	34.46701321707175	36.0	36.0	36.0	32.0	36.0
15	34.44191395552843	36.0	36.0	36.0	32.0	36.0
16	34.43035189477046	36.0	36.0	36.0	32.0	36.0
17	34.4071705729363	36.0	36.0	36.0	32.0	36.0
18	34.398476521395246	36.0	36.0	36.0	32.0	36.0
19	34.378477271972265	36.0	36.0	36.0	32.0	36.0
20	34.38241621400561	36.0	36.0	36.0	32.0	36.0
21	34.35985246659645	36.0	36.0	36.0	32.0	36.0
22	34.35515479469365	36.0	36.0	36.0	32.0	36.0
23	34.331641466792775	36.0	36.0	36.0	32.0	36.0
24	34.29584690132394	36.0	36.0	36.0	32.0	36.0
25	34.28871962512377	36.0	36.0	36.0	32.0	36.0
26	34.26440136208187	36.0	36.0	36.0	32.0	36.0
27	34.248293208581686	36.0	36.0	36.0	32.0	36.0
28	34.225901576827596	36.0	36.0	36.0	32.0	36.0
29	34.20313909781055	36.0	36.0	36.0	32.0	36.0
30	34.1718824943413	36.0	36.0	36.0	32.0	36.0
31	34.14028207506142	36.0	36.0	36.0	32.0	36.0
32	34.1148826318085	36.0	36.0	36.0	32.0	36.0
33	34.0982161877921	36.0	36.0	36.0	32.0	36.0
34	34.06989527894205	36.0	36.0	36.0	32.0	36.0
35	34.031522588368794	36.0	36.0	36.0	32.0	36.0
36	34.018579910941	36.0	36.0	36.0	32.0	36.0
37	33.990520596376996	36.0	36.0	36.0	32.0	36.0
38	33.97598649623451	36.0	36.0	36.0	32.0	36.0
39	33.94191864671123	36.0	36.0	36.0	32.0	36.0
40	33.91385155092493	36.0	36.0	36.0	32.0	36.0
41	33.893206257745206	36.0	36.0	36.0	32.0	36.0
42	33.8636010573993	36.0	36.0	36.0	32.0	36.0
43	33.86243261512361	36.0	36.0	36.0	32.0	36.0
44	33.84026503540012	36.0	36.0	36.0	32.0	36.0
45	33.81886636906022	36.0	36.0	36.0	32.0	36.0
46	33.819086145505175	36.0	36.0	36.0	32.0	36.0
47	33.82358284682025	36.0	36.0	36.0	32.0	36.0
48	33.85691291441807	36.0	36.0	36.0	32.0	36.0
49	33.9406515953777	36.0	36.0	36.0	32.0	36.0
50	34.0754248296394	36.0	36.0	36.0	32.0	36.0
>>END_MODULE
>>Per sequence quality scores	pass
#Quality	Count
2	59.0
3	24.0
4	44.0
5	32.0
6	45.0
7	39.0
8	64.0
9	77.0
10	89.0
11	106.0
12	126.0
13	207.0
14	883.0
15	2083.0
16	4161.0
17	7422.0
18	12397.0
19	19400.0
20	28930.0
21	41107.0
22	56824.0
23	76769.0
24	103148.0
25	136012.0
26	178648.0
27	228058.0
28	288359.0
29	361429.0
30	451848.0
31	581365.0
32	778358.0
33	1147856.0
34	2171396.0
35	7808425.0
36	3153972.0
>>END_MODULE
>>Per base sequence content	pass
#Base	G	A	T	C
1	22.673752973976082	26.701464707494218	27.309535552575433	23.31524676595427
2	22.591329407832614	26.7580430856352	27.589167840527644	23.06145966600454
3	22.558766577905658	26.812399837670615	27.432503993167966	23.19632959125576
4	22.756612187080297	26.530908808039626	27.7083307819415	23.00414822293858
5	22.871720040584346	26.600202694949317	27.300847336550266	23.22722992791607
6	22.397987668082937	27.022470741136846	27.53256145788608	23.04698013289414
7	22.45784699613425	26.99444461454198	27.454479064962516	23.093229324361257
8	22.48070309246062	26.905562886617112	27.43019587711984	23.18353814380243
9	22.4114168350906	27.018935488161787	27.522177471709824	23.047470205037783
10	22.481048253648616	27.0664123759166	27.505596322373798	22.946943048060987
11	23.012779172662228	26.902516609431736	27.18644782409555	22.898256393810485
12	22.31947338419244	27.177342151996804	27.586453651976473	22.91673081183428
13	22.46939012738402	26.97707201038805	27.669918602376438	22.883619259851496
14	22.459441206973885	26.764255754440896	27.827893834655193	22.948409203930026
15	22.410855996444727	27.066652505145978	27.632141760073253	22.89034973833604
16	22.51308674906731	27.340570620305755	27.56183521183038	22.584507418796555
17	22.672878143743596	27.013579056562588	27.254202617992064	23.059340181701753
18	22.525652264061733	27.4601875875229	27.27678319075004	22.737376957665322
19	22.720389367473494	27.13375944264607	27.488842345697464	22.65700884418298
20	22.785614725322176	26.896857928454406	27.462798658497423	22.854728687725995
21	22.771907232161492	27.044176400190743	27.486702790945365	22.697213576702396
22	22.558585398508164	27.282680468859578	27.494828587335924	22.66390554529634
23	22.643419065296055	27.022411962776577	27.402830574897425	22.931338397029943
24	22.481235903470875	27.355368175934625	27.439449653908664	22.72394626668584
25	22.57469813330934	27.301883403636584	27.291952919316277	22.831465543737803
26	22.67913840639663	27.25350837218207	27.220221749470102	22.847131471951204
27	22.665029169710866	27.33104474643419	27.379123465852555	22.624802618002388
28	22.438086629092144	27.352220752066152	27.31954115845905	22.89015146038266
29	22.75251860857301	27.101811929382368	27.332517069345545	22.813152392699074
30	22.54782952995437	27.41799050021985	27.29671831196152	22.737461657864262
31	22.65176452265026	27.35539033552165	27.26119920993654	22.731645931891553
32	22.6262304440659	27.39630920016612	27.2226247758981	22.754835579869876
33	22.541683026018617	27.17567812005045	27.498177309106854	22.78446154482408
34	22.683847120341934	27.50523362592669	27.298298080290333	22.51262117344104
35	22.657606497010562	27.155231920723672	27.302747832067976	22.884413750197787
36	22.72865615450526	27.45761142870115	27.12863270013392	22.685099716659668
37	22.54961000914492	27.370393303625757	27.221442498093356	22.858554189135965
38	22.582239231850128	27.2753571950868	27.228461215540005	22.91394235752307
39	22.510738288453535	27.421289596464938	27.231828268577367	22.836143846504157
40	22.588529816878893	27.34834807810358	27.409495849223546	22.653626255793984
41	22.84875015741862	27.259382314138293	27.198751863845434	22.693115664597656
42	22.713585615045492	27.404010538506444	27.264044687318307	22.618359159129756
43	22.681182210686266	27.556674607679042	27.162323210048818	22.599819971585877
44	22.745201050301315	27.26325515536378	27.09838185221362	22.893161942121285
45	22.609401243676505	27.490659493105312	27.246693578909376	22.653245684308803
46	22.659142060117535	27.675012152495036	27.012723577323705	22.653122210063717
47	22.690183322986737	27.442148910608587	27.125217645403723	22.742450121000953
48	22.69321897101271	27.8255153828265	27.320782205441784	22.160483440719005
49	22.88963414930815	27.977385785366753	27.435735113918525	21.69724495140657
50	22.953319461332054	27.73205528319466	27.443182063539357	21.871443191933924
>>END_MODULE
>>Per base GC content	pass
#Base	%GC
1	45.98899973993035
2	45.652789073837155
3	45.75509616916142
4	45.760760410018875
5	46.09894996850041
6	45.44496780097708
7	45.551076320495504
8	45.664241236263045
9	45.45888704012838
10	45.4279913017096
11	45.91103556647271
12	45.236204196026726
13	45.35300938723552
14	45.40785041090391
15	45.301205734780766
16	45.09759416786386
17	45.73221832544535
18	45.26302922172706
19	45.37739821165647
20	45.64034341304817
21	45.46912080886389
22	45.2224909438045
23	45.574757462326
24	45.20518217015672
25	45.40616367704714
26	45.52626987834783
27	45.289831787713254
28	45.3282380894748
29	45.56567100127209
30	45.28529118781863
31	45.38341045454182
32	45.38106602393577
33	45.3261445708427
34	45.19646829378298
35	45.542020247208356
36	45.41375587116493
37	45.408164198280886
38	45.496181589373194
39	45.346882134957696
40	45.24215607267288
41	45.54186582201628
42	45.33194477417525
43	45.28100218227214
44	45.6383629924226
45	45.26264692798531
46	45.31226427018125
47	45.43263344398769
48	44.85370241173172
49	44.58687910071472
50	44.82476265326598
>>END_MODULE
>>Per sequence GC content	pass
#GC Content	Count
0	6085.0
1	5093.0
2	3924.0
3	4053.0
4	4441.0
5	5159.5
6	5962.5
7	6887.5
8	7856.0
9	9650.0
10	11687.0
11	15210.0
12	18847.5
13	24317.5
14	30762.5
15	41323.5
16	52921.5
17	69289.0
18	86935.0
19	109957.0
20	133593.0
21	161968.5
22	191993.0
23	230077.0
24	270100.0
25	306924.5
26	349824.0
27	401341.5
28	456705.0
29	516543.5
30	577580.0
31	641915.5
32	709297.0
33	778621.5
34	849026.5
35	912186.5
36	970747.5
37	1013667.0
38	1047201.0
39	1073141.0
40	1096642.5
41	1110209.5
42	1121847.5
43	1123825.5
44	1119999.0
45	1106149.5
46	1092788.0
47	1074213.0
48	1053097.5
49	1031190.0
50	1009160.5
51	986990.5
52	961624.0
53	934571.0
54	907318.5
55	877280.0
56	845522.0
57	808407.0
58	768090.5
59	719321.5
60	668711.0
61	612878.0
62	556998.5
63	508378.5
64	450721.5
65	397360.0
66	346935.5
67	300396.5
68	254220.0
69	212795.5
70	177008.0
71	146808.0
72	120363.5
73	97980.5
74	77582.5
75	62526.0
76	51293.5
77	40824.5
78	31171.5
79	24287.5
80	18543.0
81	14103.5
82	10476.5
83	8121.5
84	6123.0
85	4744.0
86	3673.0
87	3048.0
88	2592.5
89	2220.5
90	1927.5
91	1780.0
92	1699.0
93	1640.5
94	1599.5
95	1687.0
96	1768.0
97	2005.5
98	2685.5
99	8397.5
100	13675.0
>>END_MODULE
>>Per base N content	pass
#Base	N-Count
1	0.012352774374166726
2	0.011887915494551458
3	0.022761078068967145
4	0.013208794993946064
5	0.008129361382540196
6	0.011989957687637736
7	0.01599794827163768
8	0.014059146602998385
9	0.015419709177482099
10	0.0154934063169333
11	0.01755125721083992
12	0.022579669725702647
13	0.023310972109487644
14	0.02410463361126981
15	0.02903100393304626
16	0.019336995589849797
17	0.041049306674319073
18	0.012670238974879592
19	0.0283847367101665
20	0.012619217878336454
21	0.03516431993670423
22	0.009944965312950934
23	0.01858191807232322
24	0.024688802865477377
25	0.022700454541266846
26	0.019151624327241854
27	0.035701391561289715
28	0.029324113168732457
29	0.022511761962707016
30	0.023874843050103203
31	0.032235790800449436
32	0.03617019779264665
33	0.023280224446556693
34	0.014519171299732476
35	0.015257736117864311
36	0.012519585006041625
37	0.019709931381483952
38	0.005643527140573872
39	0.008243220707635099
40	0.012428122930631185
41	0.012317031424506217
42	0.004835484634047703
43	0.007831948082618619
44	0.0016712307615453436
45	0.003184370281016407
46	0.00792900947080938
47	0.0022457885403790864
48	0.001443187883021893
49	4.546303623850642E-4
50	6.991472665295378E-4
>>END_MODULE
>>Sequence Length Distribution	warn
#Length	Count
20	31004.0
21	32025.0
22	32796.0
23	33975.0
24	34541.0
25	35647.0
26	37091.0
27	38134.0
28	40272.0
29	42488.0
30	43186.0
31	44890.0
32	46112.0
33	46074.0
34	47883.0
35	48288.0
36	49437.0
37	51597.0
38	54112.0
39	57650.0
40	59632.0
41	64485.0
42	69763.0
43	83905.0
44	122209.0
45	211478.0
46	507306.0
47	1053371.0
48	2082753.0
49	2811524.0
50	9726134.0
>>END_MODULE
>>Sequence Duplication Levels	warn
#Total Duplicate Percentage	30.82627535946425
#Duplication Level	Relative count
1	100.0
2	20.057233161064367
3	7.9307791967425505
4	4.09459132390837
5	2.325631059667706
6	1.4486254075371232
7	0.9424963339455288
8	0.7474479989749284
9	0.5132476259627842
10++	4.31099531599254
>>END_MODULE
>>Overrepresented sequences	pass
>>END_MODULE
>>Kmer Content	warn
#Sequence	Count	Obs/Exp Overall	Obs/Exp Max	Max Obs/Exp Position
AAAAA	4686115	4.0423884	5.0343547	46
TTTTT	3919075	3.2770457	4.004377	13
GGGGG	1421230	3.0832932	4.080061	46
>>END_MODULE
