##FastQC	0.10.1
>>Basic Statistics	pass
#Measure	Value	
Filename	030-F0_S1_L004_R2_001.fastq.gz	
File type	Conventional base calls	
Encoding	Sanger / Illumina 1.9	
Total Sequences	17576945	
Filtered Sequences	0	
Sequence length	35-76	
%GC	44	
>>END_MODULE
>>Per base sequence quality	pass
#Base	Mean	Median	Lower Quartile	Upper Quartile	10th Percentile	90th Percentile
1	31.320693726924674	32.0	32.0	32.0	32.0	32.0
2	31.059456748598805	32.0	32.0	32.0	32.0	32.0
3	31.110984360479026	32.0	32.0	32.0	32.0	32.0
4	31.143710980491775	32.0	32.0	32.0	32.0	32.0
5	31.139621305067518	32.0	32.0	32.0	32.0	32.0
6	34.811760746819196	36.0	36.0	36.0	36.0	36.0
7	34.79849439137461	36.0	36.0	36.0	36.0	36.0
8	34.728451445913954	36.0	36.0	36.0	32.0	36.0
9	34.82806608315609	36.0	36.0	36.0	36.0	36.0
10-14	34.72397032590134	36.0	36.0	36.0	32.8	36.0
15-19	34.635571312307114	36.0	36.0	36.0	32.0	36.0
20-24	34.55926047444536	36.0	36.0	36.0	32.0	36.0
25-29	34.47047841362648	36.0	36.0	36.0	32.0	36.0
30-34	34.37915856253746	36.0	36.0	36.0	32.0	36.0
35-39	34.334427744182975	36.0	36.0	36.0	32.0	36.0
40-44	34.25028167632556	36.0	36.0	36.0	32.0	36.0
45-49	34.12824704477562	36.0	36.0	36.0	32.0	36.0
50-54	34.00228256121942	36.0	36.0	36.0	32.0	36.0
55-59	33.82905492366931	36.0	36.0	36.0	30.0	36.0
60-64	33.674032305065055	36.0	36.0	36.0	27.0	36.0
65-69	33.51764608872759	36.0	36.0	36.0	27.0	36.0
70-74	33.36750287703005	36.0	36.0	36.0	27.0	36.0
75-76	32.7195834684172	36.0	34.0	36.0	17.5	36.0
>>END_MODULE
>>Per sequence quality scores	pass
#Quality	Count
2	26944.0
3	0.0
4	0.0
5	0.0
6	0.0
7	0.0
8	0.0
9	0.0
10	0.0
11	0.0
12	0.0
13	0.0
14	1714.0
15	4859.0
16	8284.0
17	12341.0
18	17011.0
19	23486.0
20	31374.0
21	43158.0
22	58829.0
23	79554.0
24	107459.0
25	144295.0
26	188473.0
27	242578.0
28	307374.0
29	383999.0
30	482152.0
31	615633.0
32	820272.0
33	1227743.0
34	2520100.0
35	1.0229313E7
>>END_MODULE
>>Per base sequence content	fail
#Base	G	A	T	C
1	44.63109669668876	18.06028135296002	11.277883803994538	26.03073814635669
2	16.310068099027987	19.666355753071173	38.564153849723546	25.45942229817729
3	20.70475133900999	21.46757056549453	28.212833215141668	29.614844880353807
4	13.533334176660954	15.042001704205571	36.70344144907389	34.721222670059575
5	15.044560332224213	34.90554324139471	35.32919988560262	14.720696540778455
6	33.98079960996804	35.3225829520225	17.02893403742855	13.66768340058091
7	30.342146419250916	29.376328810465598	20.97096746604174	19.310557304241748
8	25.79197460416298	35.927203949090945	20.300265020501755	17.980556426244316
9	25.197269417569085	15.892430109298855	20.44792524432563	38.46237522880643
10-14	23.951685001295115	23.59623130902839	28.962840515200046	23.48924317447645
15-19	21.85996739071758	28.93697461241563	27.259488194516912	21.943569802349884
20-24	22.00602591255219	27.803374987385947	28.264179461583566	21.926419638478293
25-29	21.37313003120789	28.193588126859638	28.227364793135383	22.20591704879709
30-34	21.532544262984672	28.13463463251285	28.55641202051596	21.77640908398652
35-39	21.425004488320354	28.451692922556322	28.376509349255446	21.746793239867877
40-44	21.77817509870961	28.30153061258992	28.535724343825503	21.38456994487497
45-49	21.70133140763426	28.30617946027834	28.113841473229943	21.878647658857453
50-54	21.382481219756116	28.835130543734344	28.23784824120244	21.544539995307098
55-59	21.61368985313549	28.38100809413813	27.8052806094954	22.200021443230973
60-64	21.77033185555185	28.209467711821624	28.239122603377908	21.78107782924862
65-69	22.107431781237942	28.77727047948771	27.717412923945616	21.39788481532873
70-74	22.401832619518572	28.958704589400735	27.778330806531372	20.861131984549324
75-76	25.576872683001195	36.12481269662833	29.338673870814404	8.959640749556064
>>END_MODULE
>>Per base GC content	fail
#Base	%GC
1	70.66183484304544
2	41.769490397205274
3	50.3195962193638
4	48.25455684672053
5	29.76525687300267
6	47.64848301054895
7	49.652703723492664
8	43.7725310304073
9	63.65964464637551
10-14	47.44092817577156
15-19	43.80353719306746
20-24	43.93244555103048
25-29	43.579047080004976
30-34	43.308953346971194
35-39	43.17179772818823
40-44	43.16274504358458
45-49	43.57997906649172
50-54	42.92702121506321
55-59	43.81371129636646
60-64	43.55140968480047
65-69	43.50531659656667
70-74	43.262964604067896
75-76	34.53651343255726
>>END_MODULE
>>Per sequence GC content	fail
#GC Content	Count
0	27022.0
1	13613.5
2	291.0
3	532.5
4	688.5
5	908.5
6	1376.5
7	2043.0
8	2466.0
9	2808.0
10	3783.5
11	5223.5
12	6050.0
13	7035.5
14	9706.0
15	13628.5
16	19352.0
17	23758.5
18	30435.5
19	43486.5
20	59819.0
21	71670.5
22	88489.0
23	117756.5
24	148404.5
25	169366.5
26	197730.0
27	243761.5
28	291300.0
29	325300.5
30	367994.0
31	440139.5
32	519302.5
33	574924.5
34	644245.0
35	754317.0
36	844870.5
37	888726.0
38	901618.0
39	884074.5
40	835449.0
41	789398.0
42	772225.5
43	766124.5
44	751268.5
45	734147.0
46	724736.5
47	713229.5
48	691136.5
49	664058.0
50	644632.5
51	624742.0
52	593411.0
53	561932.5
54	541187.5
55	518038.5
56	484156.0
57	450206.5
58	423216.5
59	392589.0
60	351282.0
61	309354.0
62	276467.0
63	246025.0
64	208897.5
65	176633.0
66	143910.5
67	120701.0
68	103869.5
69	83750.0
70	65298.0
71	53399.0
72	45103.5
73	36099.5
74	28132.0
75	23110.5
76	19866.5
77	16025.5
78	12408.0
79	10178.0
80	8716.0
81	7076.5
82	5446.0
83	4435.5
84	3818.5
85	3099.0
86	2465.5
87	2107.5
88	1909.0
89	1721.5
90	1593.5
91	1496.5
92	1431.5
93	1472.0
94	1612.5
95	1727.5
96	1743.5
97	1963.0
98	2742.0
99	12560.5
100	21822.0
>>END_MODULE
>>Per base N content	pass
#Base	N-Count
1	0.19706496208527705
2	0.20575816787274467
3	0.17401203679023858
4	0.15599411615613523
5	0.15697836000510898
6	0.15710352396278193
7	0.1532917125245599
8	0.1535079048150859
9	0.1577179652095401
10-14	0.15445459947675777
15-19	0.15345556352369538
20-24	0.15401993918738438
25-29	0.1533804651490916
30-34	0.15347490704442668
35-39	0.030733050435816988
40-44	1.1461767195209631E-5
45-49	0.0
50-54	0.0
55-59	1.7391454760407797E-4
60-64	0.001163063307058013
65-69	0.0015945542955386977
70-74	6.831484992506059E-4
75-76	0.0
>>END_MODULE
>>Sequence Length Distribution	warn
#Length	Count
35	34420.0
36	10764.0
37	14124.0
38	15416.0
39	16093.0
40	17016.0
41	18199.0
42	19540.0
43	22318.0
44	23585.0
45	25513.0
46	25508.0
47	26839.0
48	27349.0
49	28203.0
50	28145.0
51	29591.0
52	30961.0
53	33142.0
54	35237.0
55	36438.0
56	38148.0
57	38337.0
58	38776.0
59	40015.0
60	43477.0
61	42153.0
62	42246.0
63	43195.0
64	48317.0
65	48450.0
66	50035.0
67	58994.0
68	50327.0
69	64172.0
70	58691.0
71	71390.0
72	133343.0
73	395165.0
74	1133334.0
75	3435564.0
76	1.1184415E7
>>END_MODULE
>>Sequence Duplication Levels	warn
#Total Duplicate Percentage	27.07448177408313
#Duplication Level	Relative count
1	100.0
2	16.691413922828513
3	5.832140360222392
4	2.7020008655990946
5	1.588041415587442
6	0.9461663947797716
7	0.6352165662349769
8	0.47607950194759796
9	0.37487099244265404
10++	3.923161434231115
>>END_MODULE
>>Overrepresented sequences	warn
#Sequence	Count	Percentage	Possible Source
NNNNNNNNNNNNNNNNNNNNNNNNNNNNNNNNNNN	26944	0.1532917125245599	No Hit
GGGGGGGGGGGGGGGGGGGGGGGGGGGGGGGGGGGGGGGGGGGGGGGGGG	23331	0.13273637711217734	No Hit
CTGTAGGACGTGGAATATGGCAAGAAAACTGAAAATCATGGAAAATGAGA	21284	0.12109043977778847	No Hit
>>END_MODULE
>>Kmer Content	warn
#Sequence	Count	Obs/Exp Overall	Obs/Exp Max	Max Obs/Exp Position
GGGGG	3632220	5.259335	9.072182	72
AAAAA	8773790	4.2455926	9.292609	71
TTTTT	7050810	3.4085493	6.6410747	33
CCTGG	2441630	2.9570096	12.324387	3
CCAGG	2377270	2.879622	12.835726	3
GAAAA	4696015	2.82932	8.6736145	24
CAGCA	2881550	2.8033776	7.0583854	4
TGCTG	2931995	2.793834	8.297074	2
AGAAA	4636945	2.7937305	8.040173	48
TTTCT	4519900	2.777122	9.109928	16
TTTTC	4468190	2.7453501	7.02071	24
GCTGC	2162900	2.619445	5.624933	8
CCCAG	2113995	2.6134295	10.381775	2
CTGCT	2641435	2.5687816	6.5058603	9
CCAGC	2035100	2.5158956	6.2987394	3
CTGGG	2098080	2.4896884	10.136208	4
AGCAG	2574295	2.4539392	5.0823298	7
GGAGG	2083775	2.4233043	5.5079546	6
TCCAG	2461960	2.3947067	9.425584	2
GCTGG	2011150	2.3865328	6.716784	3
AAGAA	3956635	2.3838482	5.6508994	22
CTCCT	2286120	2.2690089	6.0989046	1
CTTCT	2895365	2.2610228	5.000071	1
CAGCC	1819405	2.2492423	5.390106	9
CTGGA	2348620	2.2383819	8.944377	4
CTGCC	1775915	2.1950526	5.6738625	9
CTCCA	2205175	2.1890934	6.1628866	1
CCACC	1728715	2.181123	6.3467717	28
GAGAA	2888670	2.1669655	8.474269	47
AGGAG	2315355	2.162585	6.5307	5
TCCTC	2176030	2.1597426	5.8096666	44
CCCTG	1744300	2.155976	8.8078375	2
CTCTG	2211655	2.1508226	7.3161855	2
CAGAG	2252930	2.1475992	7.434332	4
GGCTG	1807235	2.1445568	7.8656044	7
CCTGC	1733855	2.143066	6.013105	3
TCCTG	2195075	2.1346986	8.488047	2
CAGGA	2239010	2.13433	8.90526	4
TTCTC	2728755	2.1309154	7.3391814	17
GGCAG	1795150	2.1306288	6.0044637	7
TGGAA	2801220	2.1009574	7.628032	11
GTGTG	2243340	2.0945106	12.611129	9
TTCCA	2676335	2.0903847	5.3973303	2
AAAAT	4311030	2.0856814	6.4826655	72
ATTTT	4251095	2.0554905	5.557923	22
GGAAA	2738790	2.0545316	8.171315	40
GCAGG	1720055	2.0415	6.2569246	3
TTCCT	2607545	2.036261	5.2499084	43
TTTCC	2598555	2.0292408	5.1318426	42
CACAG	2079845	2.0234218	7.6903954	7
CAGGG	1687615	2.0029976	8.924576	4
TTTCA	3256175	2.00105	5.0977154	34
GCCTG	1647205	1.9948974	6.500382	7
CTGTG	2084285	1.9860696	8.85205	9
CCCCA	1573655	1.9854835	6.4790382	1
GCCAG	1636025	1.9817413	5.312853	2
CAGTG	2076510	1.9790441	11.239621	7
CATTT	3210885	1.9732176	7.996419	14
CTGCA	2028035	1.9726353	6.054925	4
CTGGC	1616885	1.9581771	5.589757	4
TGAAA	3224535	1.9423862	6.862804	30
CACAC	1935290	1.9215488	7.70339	5
AGCTG	2007495	1.9132683	5.465652	7
CTGAA	2499490	1.9132481	7.939989	29
TGGAG	2048585	1.9130466	5.891778	5
TGCAG	2005495	1.9113623	6.2787704	2
TTCAG	2480865	1.8986241	5.561013	35
TCCAC	1908480	1.8945621	5.7275987	55
GGGAG	1620715	1.8847935	5.3135147	7
GGAGA	2003635	1.8714329	5.149101	6
CCTCT	1884035	1.8699334	5.538687	1
CAGGC	1541480	1.8672174	5.3938417	4
GTGGA	1998225	1.8660183	6.1609855	9
CTCAG	1916265	1.8639184	5.6543245	2
CACTG	1908425	1.8562926	7.533454	7
ACACA	2360825	1.8446659	7.532918	6
TTCTG	2400465	1.8367376	5.10217	2
TGTGT	2432220	1.8234954	8.664387	10
TGGGG	1554480	1.8074162	6.2135043	5
CTGAG	1893445	1.8045715	5.458085	4
CCAGA	1851250	1.8010281	6.2316422	3
GAGAG	1922360	1.7955204	5.616273	7
TGTTT	2981215	1.7947729	5.346569	72
GGCCA	1446200	1.7518032	5.7562494	1
TCTCA	2228070	1.7402616	6.7026973	18
AAATG	2887750	1.7395146	7.084014	43
ACCTG	1783115	1.7344058	6.6482344	8
TCTGG	1815365	1.7298214	6.071775	3
AAAAC	2793060	1.7174448	6.854238	25
GTCCT	1765335	1.716779	17.896196	1
TGGCC	1382025	1.673743	5.2885184	5
CCACT	1683745	1.671466	5.973476	56
TGGCA	1749555	1.6674355	6.8594537	18
ACAGA	2176090	1.6660225	6.1902037	8
ATTTC	2704135	1.6617992	8.17773	15
CACCT	1670845	1.65866	5.068605	29
CCTGA	1659115	1.613793	5.0723734	3
GCCCA	1297010	1.6034307	6.4852123	1
TGAGA	2119960	1.5900021	7.8075624	46
CCTGT	1614505	1.5700976	5.430213	8
AGGAC	1639420	1.5627724	17.582981	5
CATGG	1630435	1.5539067	6.011919	37
AGTGG	1657830	1.5481447	7.484842	8
TCAGG	1619410	1.5433992	5.197399	3
ATGGC	1602520	1.5273019	11.797743	17
CTGTC	1560785	1.5178552	6.0891247	9
CAAGA	1967750	1.5065166	5.7966504	21
ACAGC	1541360	1.4995452	5.6834807	8
TGGGC	1262600	1.4982653	6.0004654	5
GCTGT	1559570	1.48608	5.4896994	8
CATCC	1482100	1.4712917	5.316001	53
TCATT	2334810	1.4348344	5.312106	20
GACAG	1482975	1.4136416	6.6335807	7
ACTGA	1846630	1.4135131	7.276195	28
CACTT	1799055	1.405174	7.0720305	57
ATGGA	1870175	1.4026595	5.1048737	38
GCCCT	1128110	1.3943578	5.6672716	1
GGGCT	1166460	1.3841807	5.7386303	6
CTCAT	1767125	1.3802347	6.223424	19
GGACA	1447815	1.3801255	7.2345986	6
TGTGC	1435390	1.3677516	8.899242	10
AATGA	2262885	1.3631102	6.5223327	44
TGTCC	1375380	1.3375498	5.2071476	10
AACTG	1739275	1.3313376	7.2457886	27
ATGAG	1745700	1.3093015	7.499542	45
AGGGC	1095130	1.2997886	5.425061	5
GCACA	1334420	1.2982191	5.046173	6
AAGTG	1723610	1.2927336	5.594444	7
AAACT	2084455	1.2814773	6.2025356	26
GCAAG	1344245	1.2813977	6.5437083	20
GTGCT	1325390	1.262935	7.2123413	1
GGCAA	1321630	1.25984	6.541364	19
GTCCA	1259575	1.2251673	7.0894423	1
GGAAT	1613210	1.209932	7.0619297	12
AGCAC	1232485	1.1990495	5.6394725	5
TACAG	1554440	1.1898546	8.330087	5
CTGTA	1532480	1.1728181	8.782796	1
AAATC	1897810	1.1667321	6.4716105	33
GTGCA	1223480	1.166053	7.084148	11
TGGAC	1192105	1.1361507	6.105466	5
AGTGT	1491985	1.1187947	8.251239	8
ACAGT	1459510	1.1171899	7.3445873	6
AATAT	2300920	1.1129724	6.5378175	14
AATCA	1795910	1.1040862	6.277374	34
GTCTT	1436285	1.0989865	5.2028255	1
GGACC	903010	1.0938293	8.568164	6
ACACT	1385525	1.082391	5.086006	6
CTACA	1372085	1.0718915	9.665149	4
GACCT	1100180	1.0701264	5.8846354	7
ACTGT	1395090	1.0676725	5.887005	8
TCCTA	1360500	1.0626353	11.228333	2
TGCAC	1078370	1.0489123	5.2991147	5
TAGGA	1378065	1.0335696	11.426262	4
TGTAG	1367990	1.0258145	9.836268	2
GACTG	1054425	1.004933	5.648767	7
TATGG	1330540	0.99773186	9.188178	16
ATATG	1603170	0.9655259	7.8345213	15
CCTAC	926075	0.9193214	9.339089	3
GGACT	956885	0.91197133	5.175752	6
GAATA	1477440	0.8899761	5.7981653	13
GTAGG	949475	0.88665587	9.820311	3
TGGCG	684995	0.8128499	6.92972	18
GTGTA	1042515	0.7817506	6.234493	1
CGTGG	657915	0.78071535	5.4247637	9
TACAC	974625	0.7613904	5.598659	5
GGACG	630110	0.7478654	9.969508	6
ACGTG	763770	0.72792065	7.5167413	8
GCGAG	598520	0.7103719	6.8839545	20
GGCGA	578750	0.6869072	6.9185557	19
GACGT	573475	0.54655755	7.3396473	7
>>END_MODULE
