##FastQC	0.10.1
>>Basic Statistics	pass
#Measure	Value	
Filename	005-primary_S6_L004_R2_001.fastq.gz	
File type	Conventional base calls	
Encoding	Sanger / Illumina 1.9	
Total Sequences	30898873	
Filtered Sequences	0	
Sequence length	35-75	
%GC	45	
>>END_MODULE
>>Per base sequence quality	pass
#Base	Mean	Median	Lower Quartile	Upper Quartile	10th Percentile	90th Percentile
1	31.284777732831873	32.0	32.0	32.0	32.0	32.0
2	30.992891909035	32.0	32.0	32.0	32.0	32.0
3	31.043954742297558	32.0	32.0	32.0	32.0	32.0
4	31.103704494335442	32.0	32.0	32.0	32.0	32.0
5	31.060615997224236	32.0	32.0	32.0	32.0	32.0
6	34.70442879906979	36.0	36.0	36.0	32.0	36.0
7	34.68307410435325	36.0	36.0	36.0	32.0	36.0
8	34.60107616222766	36.0	36.0	36.0	32.0	36.0
9	34.75628664514722	36.0	36.0	36.0	32.0	36.0
10	34.554482618184814	36.0	36.0	36.0	32.0	36.0
11	34.72600586435628	36.0	36.0	36.0	32.0	36.0
12	34.607345452372975	36.0	36.0	36.0	32.0	36.0
13	34.658939178784934	36.0	36.0	36.0	32.0	36.0
14	34.61275691187831	36.0	36.0	36.0	32.0	36.0
15	34.552684785623086	36.0	36.0	36.0	32.0	36.0
16	34.561162441102624	36.0	36.0	36.0	32.0	36.0
17	34.54289287508965	36.0	36.0	36.0	32.0	36.0
18	34.53097166359433	36.0	36.0	36.0	32.0	36.0
19	34.522645308131466	36.0	36.0	36.0	32.0	36.0
20	34.508501717845824	36.0	36.0	36.0	32.0	36.0
21	34.497266356607895	36.0	36.0	36.0	32.0	36.0
22	34.485945393542345	36.0	36.0	36.0	32.0	36.0
23	34.467881725006606	36.0	36.0	36.0	32.0	36.0
24	34.454733899194316	36.0	36.0	36.0	32.0	36.0
25	34.44680720232094	36.0	36.0	36.0	32.0	36.0
26	34.41987764408106	36.0	36.0	36.0	32.0	36.0
27	34.41457042785994	36.0	36.0	36.0	32.0	36.0
28	34.40425781872368	36.0	36.0	36.0	32.0	36.0
29	34.388274679144445	36.0	36.0	36.0	32.0	36.0
30	34.36274769633184	36.0	36.0	36.0	32.0	36.0
31	34.35554044317409	36.0	36.0	36.0	32.0	36.0
32	34.330445158954504	36.0	36.0	36.0	32.0	36.0
33	34.31640296395276	36.0	36.0	36.0	32.0	36.0
34	34.30080271859754	36.0	36.0	36.0	32.0	36.0
35	34.28058337273337	36.0	36.0	36.0	32.0	36.0
36	34.33476217455523	36.0	36.0	36.0	32.0	36.0
37	34.3202922017051	36.0	36.0	36.0	32.0	36.0
38	34.30313932681298	36.0	36.0	36.0	32.0	36.0
39	34.28758693055184	36.0	36.0	36.0	32.0	36.0
40	34.287921216043046	36.0	36.0	36.0	32.0	36.0
41	34.25268092794978	36.0	36.0	36.0	32.0	36.0
42	34.25347305084366	36.0	36.0	36.0	32.0	36.0
43	34.23137760731472	36.0	36.0	36.0	32.0	36.0
44	34.19412720934502	36.0	36.0	36.0	32.0	36.0
45	34.177184366890664	36.0	36.0	36.0	32.0	36.0
46	34.159511364338655	36.0	36.0	36.0	32.0	36.0
47	34.135172689866984	36.0	36.0	36.0	32.0	36.0
48	34.10673094912036	36.0	36.0	36.0	32.0	36.0
49	34.08631724983926	36.0	36.0	36.0	32.0	36.0
50	34.050734768480964	36.0	36.0	36.0	32.0	36.0
51	34.01512273175909	36.0	36.0	36.0	32.0	36.0
52	33.9865865536622	36.0	36.0	36.0	32.0	36.0
53	33.97388210487229	36.0	36.0	36.0	32.0	36.0
54	33.94027063693185	36.0	36.0	36.0	32.0	36.0
55	33.90019667788849	36.0	36.0	36.0	32.0	36.0
56	33.87819070945468	36.0	36.0	36.0	32.0	36.0
57	33.845647326284904	36.0	36.0	36.0	32.0	36.0
58	33.82748539420138	36.0	36.0	36.0	27.0	36.0
59	33.77778836962446	36.0	36.0	36.0	27.0	36.0
60	33.74774039793376	36.0	36.0	36.0	27.0	36.0
61	33.728660965919524	36.0	36.0	36.0	27.0	36.0
62	33.702209201628804	36.0	36.0	36.0	27.0	36.0
63	33.65881280965296	36.0	36.0	36.0	27.0	36.0
64	33.635830835958636	36.0	36.0	36.0	27.0	36.0
65	33.59624221272458	36.0	36.0	36.0	27.0	36.0
66	33.58029172089613	36.0	36.0	36.0	27.0	36.0
67	33.562871069172175	36.0	36.0	36.0	27.0	36.0
68	33.5370023858918	36.0	36.0	36.0	27.0	36.0
69	33.51590864731174	36.0	36.0	36.0	27.0	36.0
70	33.48583796211844	36.0	36.0	36.0	27.0	36.0
71	33.43027541851021	36.0	36.0	36.0	27.0	36.0
72	33.387898772987754	36.0	36.0	36.0	27.0	36.0
73	33.35108181349359	36.0	36.0	36.0	27.0	36.0
74	33.261398663619374	36.0	36.0	36.0	27.0	36.0
75	31.974459511486526	36.0	32.0	36.0	14.0	36.0
>>END_MODULE
>>Per sequence quality scores	pass
#Quality	Count
2	68514.0
3	179.0
4	1615.0
5	732.0
6	445.0
7	233.0
8	149.0
9	90.0
10	124.0
11	134.0
12	158.0
13	182.0
14	3197.0
15	8171.0
16	13664.0
17	20377.0
18	28983.0
19	38416.0
20	50995.0
21	67490.0
22	91889.0
23	124592.0
24	171817.0
25	235174.0
26	313478.0
27	411382.0
28	524898.0
29	664147.0
30	841640.0
31	1089368.0
32	1491846.0
33	2319052.0
34	5070098.0
35	1.7245644E7
>>END_MODULE
>>Per base sequence content	fail
#Base	G	A	T	C
1	43.381286121235156	18.31730406933084	12.445854946290371	25.85555486314363
2	16.726640345008768	19.358005959727155	37.02183755128975	26.893516143974328
3	19.619434869828144	21.12432063256237	28.945624720927317	30.310619776682167
4	13.667467886337095	14.813915920591668	36.248994420656544	35.26962177241469
5	15.35028135737898	34.41431404246469	34.96992196493524	15.265482635221087
6	34.19409538521301	35.08007758194882	16.540721635640676	14.185105397197495
7	30.057722301150026	29.885959587804518	20.884718262992514	19.171599848052942
8	26.419693369327746	34.669121625426456	20.214656651341446	18.69652835390435
9	24.85827080274897	16.12814669893562	20.237046986632045	38.77653551168336
10	14.423975541120276	27.72607027873067	34.79820937644455	23.051744803704516
11	34.26934592473292	22.93649914177859	23.6071030213442	19.187051912144288
12	22.15473072353998	24.392608952070884	30.843559028532464	22.60910129585667
13	27.468450241446725	20.84137728604243	26.42098404843221	25.269188424078635
14	20.661767907042865	20.699052314893603	27.380620633404767	31.258559144658765
15	22.865233985333646	29.30795619881495	23.506346175993045	24.320463639858364
16	22.770441456927408	28.888848156082638	25.328260909412524	23.01244947757743
17	21.61978371778023	28.278189909366734	27.539785451500236	22.562240921352796
18	22.051154896664272	28.095014186083205	27.935346134201488	21.91848478305103
19	22.38769925685865	27.54533081774097	27.88616922942963	22.18080069597075
20	22.51113556718277	27.36152874072704	27.81271309194405	22.314622600146137
21	22.462594795511297	27.06794164273883	27.659050691215835	22.81041287053404
22	22.332188596002457	26.891990293821323	27.92380789240994	22.852013217766284
23	22.433205654881448	26.994963373825765	27.632289302976876	22.93954166831591
24	22.473456600330188	26.87256608382614	27.82089329300113	22.833084022842545
25	22.642050048000797	26.8365106340128	27.473757228343903	23.047682089642493
26	22.256327817898786	27.119847544786413	27.647466329411436	22.976358307903368
27	22.256023475467302	27.172062434184667	27.710024590090004	22.861889500258023
28	22.451677817598465	27.038559120615247	27.70318013406034	22.806582927725948
29	22.14088451651319	27.248760431229847	27.884748085795152	22.72560696646181
30	22.367299869513495	27.299807224120443	27.58320441000981	22.74968849635625
31	22.6379249731335	27.34718343956864	27.37879318576538	22.63609840153248
32	22.12356833415562	27.37471657541374	27.755736031511713	22.74597905891893
33	22.313441189018903	27.16905591938239	27.80241418075696	22.71508871084175
34	22.329705432961006	26.907887191564527	27.960981348321422	22.801426027153042
35	22.293125482720942	27.156661870227218	27.77675751954472	22.773455127507113
36	22.496695799001724	27.576196454517408	27.48878029408257	22.438327452398287
37	22.60141309032895	27.33197610956781	27.41887050290959	22.647740297193646
38	22.457796037912377	27.5496692836513	27.4541235813367	22.538411097099623
39	22.440202739697455	27.439736693903733	27.626138716086206	22.49392185031261
40	22.435763156669925	27.269629557195746	27.56013415054709	22.73447313558724
41	22.480093158163566	27.412357922307184	27.55193952475355	22.555609394775704
42	22.4458972498661	27.394891296759276	27.57472295831777	22.58448849505685
43	22.573661701426843	27.182870513141854	27.438106192530228	22.80536159290108
44	22.48968601433406	27.504837300368905	27.512608539289797	22.492868146007247
45	22.54239865134772	27.426024844444246	27.42206151463442	22.609514989573608
46	22.654367250564107	27.603914807867554	27.25800982803255	22.483708113535794
47	22.378552704474014	27.68370512633558	27.47748444133557	22.460257727854838
48	22.410232843259262	27.5625614683293	27.383328481574797	22.64387720683664
49	22.489376878925032	27.47805176018429	27.514678737921315	22.517892622969363
50	22.52554017477999	27.527154678090053	27.42592131764819	22.521383829481763
51	22.639492016033522	27.549886181764872	27.309292370296728	22.501329431904875
52	22.59825943011045	27.48008704291644	27.330665449139996	22.590988077833117
53	22.48336155940697	27.537631859605966	27.399793290910207	22.579213290076858
54	22.65162213792273	27.70789527125168	27.293015213201933	22.347467377623655
55	22.6399775334883	27.585746622410344	27.20745996460848	22.56681587949288
56	22.71638296763094	27.751202489643685	27.172393189268096	22.36002135345728
57	22.48085801116884	27.631657587240156	27.379362058914047	22.50812234267696
58	22.458731426472536	27.418552385996232	27.448452828899324	22.67426335863191
59	22.36489515765427	27.621996313566978	27.44405493507224	22.569053593706506
60	22.55602244654456	27.68592354629094	27.327495613522697	22.430558393641807
61	22.720547650787633	27.71885597057826	27.1925934336158	22.368002945018304
62	22.58122376334273	27.87146222432295	27.15194498314671	22.395369029187606
63	22.620585948648028	27.81973059351952	27.190684612636275	22.368998845196177
64	22.621317187043207	27.588019616126182	27.184005273845592	22.606657922985022
65	22.43879011628679	27.66165704304232	27.390581960835746	22.50897087983514
66	22.5569130679105	27.642686098059233	27.20018573090652	22.600215103123745
67	22.516864802772876	27.727094817908306	27.25008548864433	22.505954890674488
68	22.574066120134685	27.934938911558504	27.24569351516642	22.245301453140396
69	22.816624789707003	27.882073655296562	27.116877105690207	22.184424449306228
70	22.775719969582102	27.733706082444982	27.13610026269839	22.35447368527453
71	22.70956101554116	27.918067669861884	27.041297466356408	22.331073848240553
72	22.70925192538832	28.087894980205814	27.275768493553223	21.927084600852645
73	23.300148758781194	28.63628767543006	27.374589644958665	20.68897392083008
74	24.55476650498864	31.022034532843296	27.332744862208656	17.09045409995941
75	29.878702592384055	41.35046765119455	28.770829756421396	0.0
>>END_MODULE
>>Per base GC content	fail
#Base	%GC
1	69.23684098437879
2	43.6201564889831
3	49.930054646510314
4	48.93708965875179
5	30.61576399260007
6	48.3792007824105
7	49.22932214920297
8	45.116221723232094
9	63.63480631443233
10	37.47572034482479
11	53.4563978368772
12	44.76383201939665
13	52.73763866552535
14	51.92032705170163
15	47.185697625192006
16	45.78289093450484
17	44.182024639133026
18	43.9696396797153
19	44.5684999528294
20	44.82575816732891
21	45.27300766604533
22	45.18420181376874
23	45.37274732319735
24	45.30654062317273
25	45.68973213764329
26	45.232686125802154
27	45.117912975725325
28	45.258260745324414
29	44.866491482975
30	45.116988365869744
31	45.27402337466598
32	44.86954739307455
33	45.02852989986065
34	45.13113146011405
35	45.06658061022806
36	44.93502325140001
37	45.2491533875226
38	44.996207135012
39	44.934124590010065
40	45.170236292257165
41	45.03570255293926
42	45.03038574492295
43	45.37902329432792
44	44.9825541603413
45	45.15191364092133
46	45.138075364099905
47	44.83881043232885
48	45.0541100500959
49	45.0072695018944
50	45.046924004261754
51	45.14082144793839
52	45.18924750794356
53	45.06257484948383
54	44.99908951554638
55	45.20679341298118
56	45.07640432108822
57	44.9889803538458
58	45.132994785104444
59	44.93394875136078
60	44.98658084018636
61	45.088550595805934
62	44.97659279253034
63	44.98958479384421
64	45.227975110028225
65	44.94776099612193
66	45.157128171034245
67	45.02281969344736
68	44.81936757327508
69	45.00104923901323
70	45.13019365485664
71	45.04063486378171
72	44.63633652624097
73	43.98912267961128
74	41.645220604948044
75	29.878702592384055
>>END_MODULE
>>Per sequence GC content	warn
#GC Content	Count
0	68649.0
1	34561.5
2	728.5
3	1226.0
4	1485.0
5	1633.5
6	2008.0
7	2625.0
8	3036.5
9	3529.0
10	5094.0
11	7766.5
12	9419.0
13	10961.5
14	14848.0
15	20973.5
16	25862.0
17	34230.0
18	52101.0
19	74446.0
20	90031.0
21	114900.5
22	160612.0
23	211669.0
24	246938.0
25	292343.0
26	366942.0
27	441390.5
28	493047.0
29	555126.0
30	650458.5
31	741822.0
32	802600.5
33	870985.5
34	979036.0
35	1077056.0
36	1139740.0
37	1206903.5
38	1281508.5
39	1336184.5
40	1374034.5
41	1394519.0
42	1399272.5
43	1389857.5
44	1385782.5
45	1368619.0
46	1329678.0
47	1287209.5
48	1262397.5
49	1229910.5
50	1177474.0
51	1132714.0
52	1106928.0
53	1088615.0
54	1056874.5
55	1023841.0
56	1004974.5
57	981987.0
58	934161.0
59	870282.5
60	812142.0
61	743769.5
62	659139.0
63	578016.0
64	512297.5
65	456351.0
66	384893.0
67	313672.0
68	262122.0
69	222749.5
70	178342.5
71	136195.5
72	107142.5
73	87358.0
74	66981.5
75	49090.0
76	37464.0
77	29337.0
78	21162.0
79	14799.0
80	11167.0
81	8795.5
82	6415.5
83	4526.5
84	3500.0
85	3052.0
86	2650.0
87	2289.5
88	2104.5
89	2008.0
90	1961.5
91	1889.0
92	1802.5
93	1916.5
94	2016.0
95	2073.0
96	2148.5
97	2402.5
98	3258.5
99	14384.5
100	24911.0
>>END_MODULE
>>Per base N content	pass
#Base	N-Count
1	0.23512184408797046
2	0.2339696985064795
3	0.22360362463705394
4	0.22937082527249458
5	0.22460042474688316
6	0.22337707915754726
7	0.22561987940466305
8	0.22779147964393393
9	0.22943231618836063
10	0.23179809826720862
11	0.23408297124623284
12	0.2360377350979759
13	0.23767533527840967
14	0.23837438990088733
15	0.23697628065593201
16	0.24171755390560687
17	0.24266257219154888
18	0.24045213558436257
19	0.24139715387030458
20	0.24092788109132654
21	0.2436593723013781
22	0.24340046318194192
23	0.24807700915175776
24	0.24551704523333262
25	0.2407369356157424
26	0.24060748105602428
27	0.24559795433315643
28	0.24318362679441413
29	0.24223213578048625
30	0.2427143540154361
31	0.24629053622764818
32	0.24693457266224567
33	0.2486271910305596
34	0.2465397362551055
35	0.25498988264070344
36	0.024259605695391987
37	0.040154485920228196
38	0.023122830119882455
39	0.026733450877976375
40	0.01924011341746641
41	0.04040831254847576
42	0.018108578460220796
43	0.023667974527801602
44	0.027941037378219704
45	0.027491952667071825
46	0.024337628271053832
47	0.03095629024106756
48	0.02636577239022896
49	0.024913045488427075
50	0.025958742673758497
51	0.028946626994038743
52	0.03263329172446142
53	0.022540353671732495
54	0.01908634348181643
55	0.023482816241178466
56	0.017979125888699234
57	0.021562300885787356
58	0.017019615294519112
59	0.018338634226959555
60	0.015815099133980583
61	0.01940369497847077
62	0.017285904496468635
63	0.01776546280021234
64	0.014371061935648414
65	0.017236560141619305
66	0.02016602753067204
67	0.01815752083665562
68	0.014630585689719887
69	0.013784943416030053
70	0.015805418625544625
71	0.01806019479831859
72	0.02089222246073339
73	0.025779652398999844
74	0.029602013292386573
75	0.06969544684246173
>>END_MODULE
>>Sequence Length Distribution	warn
#Length	Count
35	90458.0
36	32277.0
37	40281.0
38	43972.0
39	47575.0
40	49120.0
41	51655.0
42	55079.0
43	60094.0
44	66750.0
45	71068.0
46	73745.0
47	75448.0
48	76781.0
49	78526.0
50	79278.0
51	81396.0
52	83157.0
53	87502.0
54	92669.0
55	94536.0
56	96800.0
57	98599.0
58	98724.0
59	99901.0
60	99619.0
61	100627.0
62	103932.0
63	107539.0
64	111985.0
65	115821.0
66	115115.0
67	117649.0
68	119832.0
69	128924.0
70	150967.0
71	264909.0
72	763510.0
73	2017980.0
74	6191450.0
75	1.8563623E7
>>END_MODULE
>>Sequence Duplication Levels	warn
#Total Duplicate Percentage	37.628186454820614
#Duplication Level	Relative count
1	100.0
2	22.704748032867343
3	11.10301917261688
4	6.49272517138198
5	4.108417902886184
6	2.7587353355603756
7	1.8816395674682964
8	1.4082611655557842
9	1.0021689913398666
10++	6.860820417016291
>>END_MODULE
>>Overrepresented sequences	warn
#Sequence	Count	Percentage	Possible Source
NNNNNNNNNNNNNNNNNNNNNNNNNNNNNNNNNNN	68509	0.2217200607931558	No Hit
>>END_MODULE
>>Kmer Content	warn
#Sequence	Count	Obs/Exp Overall	Obs/Exp Max	Max Obs/Exp Position
AAAAA	12540255	4.0662894	8.739592	71
GGGGG	4646720	3.4329505	6.0400066	71
TTTTT	10097830	3.1971729	5.599612	71
CCTGG	4836700	3.078095	11.711012	3
CCAGG	4585195	2.9319828	11.931227	3
CCCAG	4422470	2.8567529	10.820773	2
CTGGG	4404770	2.774929	10.193421	4
CCAGC	4121610	2.6624084	6.5510044	3
GGAGG	4068170	2.5491436	5.833619	6
GCTGG	4030005	2.5388334	6.4460487	3
TCCAG	4508575	2.4335837	9.169749	2
CAGCA	4433480	2.4044874	6.5750647	4
CAGCC	3713075	2.3985095	5.637325	9
CTCCA	4380125	2.3883483	7.0159087	1
CAGGA	4406540	2.3657634	9.942741	4
TGCTG	4432075	2.3568888	7.2018933	2
CTCCT	4315995	2.3421857	6.653415	1
GGCTG	3686970	2.3227274	8.014032	7
TCCTG	4307205	2.3138316	9.3932495	2
AGGAG	4347785	2.3106675	6.993176	5
CTGGA	4287205	2.2907467	8.72044	4
CTGCA	4179865	2.2561564	6.7020774	4
CCTGC	3477520	2.2356646	6.310344	3
GGCAG	3510320	2.2220104	6.0828323	7
CTGCC	3451165	2.218721	5.6959486	9
TGCAG	4122350	2.202661	6.9304442	2
GCAGG	3477005	2.2009223	6.3994775	3
GCCTG	3431245	2.183658	6.852928	7
CTTCT	4783815	2.1692717	5.000077	1
CAGAG	4031400	2.1643598	7.1803365	4
CCCTG	3360245	2.1602695	8.601135	2
CTGCT	4019790	2.1594322	6.4296265	9
CTCTG	4002320	2.1500473	7.272164	2
AGCAG	3972240	2.1325982	5.4734974	7
TGGAG	4021365	2.1270227	6.507311	5
GCTGC	3317985	2.1115785	5.4562416	8
AGCTG	3866710	2.066067	5.6725883	7
CAGGG	3260825	2.0640817	8.512585	4
CAGGC	3195935	2.0436263	5.7498803	4
CTGGC	3166215	2.0149915	5.272786	4
GCCAG	3144655	2.010836	5.0155497	2
CCCCA	3071530	2.0043185	6.523236	1
GGAGA	3757240	1.9968172	5.5576763	6
CAGAA	4377230	1.9931828	5.4329867	4
CACAG	3668025	1.9893447	6.8237987	7
GGGAG	3173210	1.9883553	5.244273	7
CTCAG	3664145	1.9777875	5.9723573	2
CTGTG	3690490	1.9625288	8.404404	9
CTGAG	3629180	1.9391496	5.715037	4
TTCTG	4295750	1.9282991	5.3835855	2
CCAGA	3467650	1.880672	6.563953	3
GGCCA	2913920	1.8632932	6.008627	1
TGGGG	2963940	1.8483909	5.6525874	5
CCTCT	3398850	1.8444735	5.420611	1
TCTGG	3425285	1.821498	6.273354	3
CACTG	3334475	1.7998421	7.2778783	7
ACCTG	3316970	1.7903935	5.2397904	7
TGGCC	2791990	1.7768333	5.5048623	5
CAGTG	3319535	1.7736995	6.2564554	9
CCTGA	3235980	1.746678	5.6258283	3
GCCCA	2631925	1.7001268	6.653077	1
TCAGG	3152465	1.6844305	5.7648344	3
ACAGA	3641485	1.6581595	5.6992264	8
CCTGT	3023300	1.6241176	5.3424964	8
TGGGC	2555720	1.6100594	6.1214256	5
GAGAG	3029165	1.6098756	5.1784725	7
AGGTG	3029110	1.6021886	5.131863	7
CTGTC	2692370	1.4463418	5.7138505	9
ACAGC	2658205	1.4416713	5.558137	8
ACACA	3098405	1.4252468	5.5956635	6
GCCCT	2212275	1.4222506	5.535631	1
GACAG	2634305	1.4142936	6.9005885	7
GGGCT	2233815	1.4072648	5.5323486	6
GTGTG	2662585	1.4016232	6.9423337	1
CACAC	2529295	1.385739	5.894758	5
AGACA	2968405	1.3516706	5.329219	6
AGGGC	2105245	1.3326068	5.089344	5
ACTGC	2360635	1.2741948	5.248292	8
GGACA	2325395	1.2484474	5.7601423	6
GTGCT	2279010	1.2119321	6.121528	1
GTCCT	2214730	1.1897535	6.7652335	1
GTCCA	2188225	1.1811333	6.7067385	1
AGCAC	2134570	1.157679	5.2382336	5
GTCTT	2547680	1.1436162	5.4982667	1
AGGAC	2102370	1.1287109	6.1991186	5
TGCAC	2009150	1.0844744	5.4049606	5
TGGAC	2023500	1.0812	5.869653	5
GTGCA	2018190	1.0783627	5.934811	1
ACAGT	2296355	1.0406771	5.3744106	8
GACTG	1940815	1.0370196	5.85625	7
ACTGT	2297095	1.0360606	6.0524745	8
GGACT	1773070	0.94738966	5.134627	6
GTGTA	1386220	0.61891943	5.389073	1
>>END_MODULE
