##FastQC	0.10.1
>>Basic Statistics	pass
#Measure	Value	
Filename	032-F0_S5_L004_R2_001.fastq.gz	
File type	Conventional base calls	
Encoding	Sanger / Illumina 1.9	
Total Sequences	31844996	
Filtered Sequences	0	
Sequence length	35-76	
%GC	45	
>>END_MODULE
>>Per base sequence quality	pass
#Base	Mean	Median	Lower Quartile	Upper Quartile	10th Percentile	90th Percentile
1	31.383748831370553	32.0	32.0	32.0	32.0	32.0
2	31.09857551874084	32.0	32.0	32.0	32.0	32.0
3	31.14225402948708	32.0	32.0	32.0	32.0	32.0
4	31.19194921550626	32.0	32.0	32.0	32.0	32.0
5	31.158745914114732	32.0	32.0	32.0	32.0	32.0
6	34.842880212640004	36.0	36.0	36.0	36.0	36.0
7	34.833062626228624	36.0	36.0	36.0	36.0	36.0
8	34.76474768594727	36.0	36.0	36.0	32.0	36.0
9	34.88472204549814	36.0	36.0	36.0	36.0	36.0
10-14	34.77569073018568	36.0	36.0	36.0	33.6	36.0
15-19	34.68691778136822	36.0	36.0	36.0	32.0	36.0
20-24	34.62954894389059	36.0	36.0	36.0	32.0	36.0
25-29	34.56242582665107	36.0	36.0	36.0	32.0	36.0
30-34	34.49202080603182	36.0	36.0	36.0	32.0	36.0
35-39	34.43602438298903	36.0	36.0	36.0	32.0	36.0
40-44	34.360249717980324	36.0	36.0	36.0	32.0	36.0
45-49	34.258610441943446	36.0	36.0	36.0	32.0	36.0
50-54	34.1440599865031	36.0	36.0	36.0	32.0	36.0
55-59	34.00282505553596	36.0	36.0	36.0	32.0	36.0
60-64	33.858871176332904	36.0	36.0	36.0	32.0	36.0
65-69	33.71886226205673	36.0	36.0	36.0	27.0	36.0
70-74	33.59459909567438	36.0	36.0	36.0	27.0	36.0
75-76	32.946932870175516	36.0	34.0	36.0	20.5	36.0
>>END_MODULE
>>Per sequence quality scores	pass
#Quality	Count
2	15165.0
3	0.0
4	0.0
5	0.0
6	0.0
7	0.0
8	0.0
9	0.0
10	0.0
11	0.0
12	0.0
13	0.0
14	1962.0
15	5756.0
16	10092.0
17	15668.0
18	22419.0
19	30586.0
20	40672.0
21	55833.0
22	78300.0
23	113088.0
24	162412.0
25	229851.0
26	315104.0
27	415612.0
28	536102.0
29	678369.0
30	857344.0
31	1105139.0
32	1495633.0
33	2282868.0
34	4802418.0
35	1.8574603E7
>>END_MODULE
>>Per base sequence content	fail
#Base	G	A	T	C
1	44.72039166922776	17.940040280582377	11.457426879314715	25.88214117087515
2	16.90801200729677	19.660566946412988	36.59413455302801	26.837286493262237
3	20.147981518996087	21.182005069703475	28.88346453807876	29.786548873221687
4	13.719975783007198	14.639341805510654	36.358016255043765	35.28266615643838
5	15.2390597779045	34.56738190278256	35.124260689661675	15.069297629651274
6	34.33000021521555	35.141714727545754	16.520847396308127	14.007437660930568
7	30.30637203194701	29.95080306898268	20.725761943253797	19.01706295581651
8	26.549054409377327	34.46637676423177	20.192571807497686	18.791997018893213
9	24.966087671087404	15.866615328859654	20.22051378965229	38.946783210400646
10-14	23.782491524988146	23.279986518147624	28.76504322065971	24.17247873620452
15-19	22.166891434182634	28.537181036019437	26.65118104156142	22.644746488236514
20-24	22.20932207025717	27.235564436513542	27.978880111063415	22.576233382165867
25-29	21.93771541721449	27.375358245226966	27.98816693901624	22.698759398542304
30-34	21.950358974013547	27.506633632769162	28.124565226190835	22.41844216702646
35-39	21.926348980857636	27.778799716066693	28.033720619237524	22.261130683838147
40-44	22.0177006003651	27.72015326670872	28.076342851155907	22.185803281770276
45-49	21.996342198347417	27.89719816854732	27.909887259491335	22.19657237361393
50-54	22.020036341959866	28.000314939504257	27.89265087459418	22.086997843941695
55-59	22.028576166591225	27.936654274581173	27.795597432114633	22.23917212671297
60-64	22.148926651424077	27.98458989801577	27.791021821818813	22.075461628741337
65-69	22.19798939645454	28.0987677383768	27.711546389319743	21.99169647584892
70-74	22.485856665683617	28.364448718595682	27.636096985499126	21.513597630221575
75-76	26.30001391550402	35.610228740595005	28.64850415862704	9.441253185273933
>>END_MODULE
>>Per base GC content	fail
#Base	%GC
1	70.60253284010291
2	43.745298500559
3	49.934530392217766
4	49.00264193944558
5	30.308357407555768
6	48.33743787614612
7	49.32343498776352
8	45.34105142827054
9	63.91287088148806
10-14	47.95497026119267
15-19	44.81163792241915
20-24	44.78555545242304
25-29	44.63647481575679
30-34	44.36880114104
35-39	44.187479664695786
40-44	44.20350388213537
45-49	44.192914571961346
50-54	44.107034185901554
55-59	44.267748293304194
60-64	44.224388280165414
65-69	44.18968587230346
70-74	43.999454295905196
75-76	35.741267100777954
>>END_MODULE
>>Per sequence GC content	warn
#GC Content	Count
0	15214.0
1	7660.5
2	182.5
3	336.5
4	415.0
5	585.0
6	989.0
7	1530.5
8	1839.0
9	2233.5
10	3518.0
11	5647.5
12	6900.5
13	8496.5
14	12484.0
15	19044.0
16	29504.0
17	37469.0
18	50549.0
19	76671.5
20	110048.0
21	134042.5
22	167431.0
23	227915.0
24	292733.5
25	335388.5
26	388231.5
27	476107.0
28	563027.0
29	620599.5
30	690250.5
31	799336.0
32	903269.0
33	970335.0
34	1055534.5
35	1181212.0
36	1281632.5
37	1339536.0
38	1379794.0
39	1413246.5
40	1411458.0
41	1391054.0
42	1387105.0
43	1378719.0
44	1346341.0
45	1303412.5
46	1276482.5
47	1246678.0
48	1194558.0
49	1143890.0
50	1112793.0
51	1079970.0
52	1032234.0
53	990780.0
54	970237.0
55	950476.5
56	916201.0
57	882205.0
58	852167.0
59	806960.0
60	740990.0
61	665972.0
62	607329.0
63	553767.5
64	482044.5
65	414516.0
66	346037.5
67	297132.5
68	259081.5
69	210934.0
70	165877.5
71	136229.5
72	114176.5
73	89878.5
74	68774.5
75	55383.0
76	46758.0
77	37385.5
78	28408.5
79	22753.0
80	19328.5
81	15458.0
82	11426.5
83	8812.5
84	7235.0
85	5679.0
86	4204.5
87	3299.5
88	2972.0
89	2598.0
90	2197.0
91	2092.5
92	2129.5
93	2040.0
94	2005.0
95	2111.5
96	2174.0
97	2387.5
98	3169.5
99	15649.0
100	27563.0
>>END_MODULE
>>Per base N content	pass
#Base	N-Count
1	0.09159994870151657
2	0.10050872670858556
3	0.06856022214604769
4	0.05057623496011744
5	0.051329885549365434
6	0.051628205574276095
7	0.0476212966081076
8	0.047753185461226
9	0.05213063930044143
10-14	0.04880515607538465
15-19	0.04778961190637298
20-24	0.04834919746888962
25-29	0.04770922251018653
30-34	0.04781536163483896
35-39	0.009532222807062172
40-44	1.007904154463126E-5
45-49	6.322732006470506E-7
50-54	0.0
55-59	1.669626917323427E-4
60-64	0.0011690968609388173
65-69	0.0016337664585610245
70-74	6.89424423105037E-4
75-76	0.0
>>END_MODULE
>>Sequence Length Distribution	warn
#Length	Count
35	19869.0
36	7375.0
37	9843.0
38	11734.0
39	13658.0
40	14913.0
41	16540.0
42	18443.0
43	21174.0
44	24046.0
45	26623.0
46	27637.0
47	28922.0
48	30279.0
49	32081.0
50	32459.0
51	34363.0
52	36620.0
53	39575.0
54	42921.0
55	44314.0
56	45916.0
57	47190.0
58	47873.0
59	49924.0
60	51756.0
61	51458.0
62	54354.0
63	56443.0
64	61439.0
65	63729.0
66	66218.0
67	66967.0
68	67245.0
69	74196.0
70	80004.0
71	104691.0
72	224713.0
73	745556.0
74	2130390.0
75	6640294.0
76	2.0581251E7
>>END_MODULE
>>Sequence Duplication Levels	warn
#Total Duplicate Percentage	40.5852774453457
#Duplication Level	Relative count
1	100.0
2	24.58699778682206
3	11.960278843842476
4	7.135219369865966
5	4.645186959657164
6	3.222784957021245
7	2.3176200462529324
8	1.666929153438715
9	1.2939216352649596
10++	8.952180436170124
>>END_MODULE
>>Overrepresented sequences	pass
>>END_MODULE
>>Kmer Content	warn
#Sequence	Count	Obs/Exp Overall	Obs/Exp Max	Max Obs/Exp Position
AAAAA	14800725	4.298315	8.477298	72
GGGGG	5020720	3.726749	6.5048003	72
TTTTT	12356505	3.4547708	5.9839306	72
CCTGG	4983255	3.106619	12.3494425	3
CCAGG	4674740	2.9365044	12.440923	3
CCCAG	4429955	2.8117836	11.261094	2
CTGGG	4457835	2.7503595	11.121462	4
CCAGC	4227840	2.6834972	6.624127	3
GGAGG	4116755	2.5328498	5.859284	6
GCTGG	4099060	2.5290053	7.1404333	3
CAGCA	4697565	2.445886	6.636503	4
TCCAG	4718670	2.438286	8.877727	2
TGCTG	4737855	2.4045794	7.535737	2
CAGCC	3777085	2.3973935	5.8100266	9
CTCCA	4497635	2.3483274	6.400922	1
CAGGA	4480895	2.3089724	9.604851	4
CTCCT	4446895	2.3042681	6.07739	1
GGCTG	3729180	2.3007996	8.319236	7
CTGGA	4444565	2.2729242	8.77748	4
AGGAG	4449925	2.269328	6.8988886	5
TCCTG	4382035	2.2472043	8.645225	2
GCTGC	3596405	2.2420406	5.64565	8
CCTGC	3555415	2.2396212	6.243292	3
CTGCT	4362285	2.2370763	6.39989	9
CTGCC	3539845	2.2298136	5.8084044	9
GGCAG	3577965	2.2243335	6.4239926	7
GCCTG	3518205	2.1932898	7.3330364	7
AGCAG	4254985	2.1925628	5.4572124	7
GCAGG	3518490	2.1873593	6.7758856	3
CTGCA	4227150	2.1843023	6.833052	4
CCCTG	3432690	2.1623144	9.033362	2
CAGAG	4156160	2.1416388	7.513963	4
CTCTG	4134950	2.1204937	7.4479675	2
TGCAG	4135960	2.1151054	7.042827	2
TGGAG	4053430	2.051488	6.38355	5
CAGGG	3290355	2.0455332	9.133622	4
CTGGC	3271665	2.039594	5.752516	4
GCCAG	3240870	2.0357985	5.2799444	2
AGCTG	3965720	2.0280457	5.810089	7
CAGGC	3221750	2.023788	6.1794477	4
CCCCA	3143445	2.016034	6.77018	1
CAGAA	4666055	1.9929391	5.3674254	4
GGGAG	3226785	1.9852922	5.590271	7
GGAGA	3872940	1.9750832	5.4360385	6
CACAG	3700775	1.9268864	6.8724556	7
CTCAG	3715310	1.9198183	6.0238776	2
TTCTG	4596615	1.9190547	5.2633977	2
CTGTG	3737755	1.8970037	8.598117	9
CTGAG	3685065	1.8845203	5.7503514	4
GGCCA	2964995	1.8625039	6.366907	1
CCAGA	3575705	1.8617661	6.539657	3
TGGGG	3031270	1.8508904	6.380251	5
CCTCT	3520865	1.8244228	5.568633	1
TCTGG	3555955	1.8047357	6.430562	3
CACTG	3420285	1.7673695	7.2201996	7
TGGCC	2832840	1.7660253	5.8091326	5
ACCTG	3416740	1.7655377	5.436809	7
CAGTG	3443375	1.7609215	6.282577	9
AGAGG	3379645	1.7235175	5.030394	5
CCTGA	3296400	1.7033542	5.463325	3
GCCCA	2654530	1.6848848	7.1926847	1
ACAGA	3845840	1.6426138	5.696806	8
TCAGG	3205980	1.6395191	5.8087225	3
GAGAG	3197655	1.6307081	5.181309	7
GGGCC	2140930	1.6225027	5.435673	6
TGGGC	2605725	1.6076593	6.5828085	5
GGCCT	2563540	1.5981405	5.110476	6
CCTGT	3079990	1.5794868	5.494357	8
AGCCT	3034900	1.568229	5.110931	6
AGGTG	3068110	1.5528061	5.176838	7
GTGTG	2934200	1.4737971	7.678904	1
CTGTC	2818350	1.4453123	5.7998266	9
GCCCT	2261385	1.4244881	6.092173	1
ACACA	3285435	1.4179028	5.8762746	6
GGGCT	2295265	1.4161141	5.891795	6
GCTGT	2783910	1.4129037	5.0541396	8
TGTGT	3414465	1.4107904	5.7253575	10
ACAGC	2706740	1.4093212	5.3937235	8
CACAC	2665905	1.4025471	6.231711	5
GACAG	2714595	1.3988111	6.7402225	7
AGGGC	2132640	1.3258103	5.518515	5
AGACA	3091370	1.3203688	5.1082125	6
GTCCT	2477000	1.2702603	8.777702	1
GGACA	2401580	1.2375166	5.924032	6
ACTGC	2389635	1.2348	5.0180607	8
AGGAC	2300370	1.1853639	8.416147	5
GTGCT	2330855	1.182967	6.477911	1
GTCCA	2256695	1.1661059	6.715949	1
TGTGC	2239830	1.1367694	5.759126	10
GTCTT	2714215	1.1331658	5.336009	1
AGCAC	2157960	1.1235873	5.383116	5
TGGAC	2084015	1.0657529	5.8535857	5
GTGCA	2080135	1.0637686	6.1307206	1
TGCAC	2055105	1.0619379	5.569587	5
ACAGT	2422150	1.0267079	5.224732	8
GACTG	1979075	1.0120872	5.774272	7
ACTGT	2398240	1.0088817	6.0076385	8
GGACC	1591210	0.99954116	5.38541	6
GGACT	1812595	0.92695034	5.11946	6
TGTAG	2143330	0.8923336	5.2696633	2
TAGGA	1858770	0.77976215	5.2188163	4
GTGTA	1504895	0.6265337	5.6552052	1
>>END_MODULE
