##FastQC	0.10.1
>>Basic Statistics	pass
#Measure	Value	
Filename	006-F5_S1_L003_R1_001.fastq.gz	
File type	Conventional base calls	
Encoding	Sanger / Illumina 1.9	
Total Sequences	21865248	
Filtered Sequences	0	
Sequence length	35-76	
%GC	46	
>>END_MODULE
>>Per base sequence quality	pass
#Base	Mean	Median	Lower Quartile	Upper Quartile	10th Percentile	90th Percentile
1	31.32369786064169	32.0	32.0	32.0	32.0	32.0
2	31.322177868734897	32.0	32.0	32.0	32.0	32.0
3	31.472174612426073	32.0	32.0	32.0	32.0	32.0
4	31.57738023369321	32.0	32.0	32.0	32.0	32.0
5	31.523743750814077	32.0	32.0	32.0	32.0	32.0
6	35.11737474919104	36.0	36.0	36.0	36.0	36.0
7	35.142052584996975	36.0	36.0	36.0	36.0	36.0
8	35.05994315728776	36.0	36.0	36.0	36.0	36.0
9	35.23291036991668	36.0	36.0	36.0	36.0	36.0
10-14	35.152013542220054	36.0	36.0	36.0	36.0	36.0
15-19	35.09741458226314	36.0	36.0	36.0	36.0	36.0
20-24	35.04701669059505	36.0	36.0	36.0	36.0	36.0
25-29	34.92841039808924	36.0	36.0	36.0	36.0	36.0
30-34	34.83463118277918	36.0	36.0	36.0	36.0	36.0
35-39	34.77798348196519	36.0	36.0	36.0	34.4	36.0
40-44	34.72066457705719	36.0	36.0	36.0	32.0	36.0
45-49	34.62084946470034	36.0	36.0	36.0	32.0	36.0
50-54	34.50176743796366	36.0	36.0	36.0	32.0	36.0
55-59	34.34303229615058	36.0	36.0	36.0	32.0	36.0
60-64	34.18001970923176	36.0	36.0	36.0	32.0	36.0
65-69	34.03766078386606	36.0	36.0	36.0	32.0	36.0
70-74	33.92852676028933	36.0	36.0	36.0	32.0	36.0
75-76	33.219983239906725	36.0	34.0	36.0	23.0	36.0
>>END_MODULE
>>Per sequence quality scores	pass
#Quality	Count
2	25146.0
3	0.0
4	0.0
5	0.0
6	0.0
7	0.0
8	0.0
9	0.0
10	0.0
11	0.0
12	0.0
13	0.0
14	0.0
15	0.0
16	2.0
17	22.0
18	206.0
19	1273.0
20	4939.0
21	11381.0
22	20425.0
23	33322.0
24	54037.0
25	87242.0
26	135258.0
27	199415.0
28	278511.0
29	374654.0
30	492483.0
31	655888.0
32	913231.0
33	1474576.0
34	3451943.0
35	1.3651294E7
>>END_MODULE
>>Per base sequence content	fail
#Base	G	A	T	C
1	42.916751929661096	18.622170772327927	11.670384957610933	26.790692340400042
2	15.949149104415628	19.347058346798732	37.40136071864699	27.30243183013865
3	19.48720562118331	21.483826607196242	27.567979430862472	31.46098834075798
4	12.82937808644399	15.056166738728432	35.40819780677352	36.706257368054054
5	14.713557656461496	35.32218851358844	34.11298628550361	15.85126754444645
6	35.18615067264467	34.92976985864658	15.97455465306948	13.909524815639266
7	30.937136139591626	28.894689465567374	20.136508050906265	20.031666343934738
8	26.289501761484445	35.60169728145042	19.10229631711427	19.006504639950858
9	24.669252918324283	15.56950146111955	19.714358476897225	40.04688714365894
10-14	24.33295301915886	22.85337700388041	27.965997493389814	24.84767248357091
15-19	22.802651329739955	27.940744182874184	25.78322512896228	23.47337935842358
20-24	22.87852204887949	26.58889160286838	27.143854774630622	23.388731573621506
25-29	22.7394657604143	26.699880242188183	27.045910848663596	23.51474314873392
30-34	22.733338399326687	26.71836672227721	27.22309149368983	23.325203384706278
35-39	22.75953552327905	26.947321433957256	27.096383728797324	23.196759313966368
40-44	22.799358314429703	26.838711221832956	27.198522464611564	23.16340799912578
45-49	22.805586521729566	26.959833076656675	27.01728624387531	23.217294157738454
50-54	22.778623494690166	27.03453515357098	27.04995850011071	23.13688285162814
55-59	22.819787377844452	26.92648896183001	26.956392801665697	23.29733085865984
60-64	22.93555603856952	26.947619326441778	26.967039660397308	23.14978497459139
65-69	22.972887983364114	27.02546991851068	26.913048841524308	23.088593256600902
70-74	23.260342274794443	27.238311269331213	26.88681532810483	22.614531127769517
75-76	27.49681672260064	34.54165060650544	27.82082476941838	10.140707901475533
>>END_MODULE
>>Per base GC content	fail
#Base	%GC
1	69.70744427006113
2	43.251580934554276
3	50.94819396194129
4	49.53563545449804
5	30.564825200907947
6	49.09567548828394
7	50.96880248352637
8	45.29600640143531
9	64.71614006198322
10-14	49.180625502729775
15-19	46.27603068816354
20-24	46.267253622500995
25-29	46.25420890914822
30-34	46.05854178403297
35-39	45.95629483724542
40-44	45.962766313555484
45-49	46.02288067946802
50-54	45.91550634631831
55-59	46.1171182365043
60-64	46.08534101316091
65-69	46.06148123996501
70-74	45.87487340256396
75-76	37.63752462407617
>>END_MODULE
>>Per sequence GC content	warn
#GC Content	Count
0	25153.0
1	12582.0
2	20.0
3	39.5
4	50.0
5	83.5
6	167.5
7	297.5
8	380.0
9	535.5
10	972.0
11	1709.5
12	2173.5
13	2964.0
14	5034.5
15	8652.5
16	14289.5
17	18569.5
18	25399.5
19	39131.0
20	56857.5
21	69720.0
22	88426.0
23	121555.5
24	157004.5
25	180875.0
26	211238.0
27	261364.0
28	311744.5
29	346234.0
30	388758.5
31	454337.0
32	518224.0
33	561706.5
34	615636.0
35	697260.5
36	767577.0
37	809759.5
38	844538.0
39	882719.5
40	897765.0
41	901102.0
42	910634.0
43	919726.5
44	917494.5
45	907645.5
46	904179.0
47	895944.0
48	875408.0
49	854065.5
50	841825.5
51	827133.0
52	804000.0
53	781415.0
54	769914.5
55	756977.5
56	733757.0
57	709911.5
58	688224.5
59	652166.5
60	599626.0
61	541464.5
62	495839.0
63	451885.5
64	393119.0
65	338423.0
66	283089.0
67	243651.0
68	213920.0
69	175445.5
70	137397.0
71	112150.5
72	94314.0
73	75228.0
74	57383.0
75	45408.0
76	38233.5
77	30231.0
78	22253.0
79	17531.0
80	15083.5
81	11748.0
82	8193.0
83	6102.0
84	4871.5
85	3623.0
86	2431.5
87	1749.0
88	1443.0
89	1108.5
90	783.5
91	542.0
92	446.5
93	459.0
94	405.5
95	268.5
96	198.0
97	150.0
98	96.0
99	62.0
100	37.0
>>END_MODULE
>>Per base N content	pass
#Base	N-Count
1	0.14106403000780052
2	0.1157910488826836
3	0.11501813288374318
4	0.11519192464681854
5	0.11500441248139513
6	0.14681287859163544
7	0.11734145434801381
8	0.11500441248139513
9	0.11500441248139513
10-14	0.11540962169740768
15-19	0.11533553152472818
20-24	0.11543523311512405
25-29	0.11663988444128326
30-34	0.11663988444128326
35-39	0.03220649990640842
40-44	0.002381824345339617
45-49	9.27281674326417E-4
50-54	0.0011840361640546935
55-59	0.0024044263475222027
60-64	0.0017987587261751572
65-69	0.001026122154611856
70-74	0.0029069335896661423
75-76	0.013716887162095175
>>END_MODULE
>>Sequence Length Distribution	warn
#Length	Count
35	32911.0
36	10946.0
37	14294.0
38	15445.0
39	16877.0
40	16634.0
41	17503.0
42	18263.0
43	20112.0
44	21377.0
45	23170.0
46	23608.0
47	24782.0
48	25739.0
49	26794.0
50	26413.0
51	26885.0
52	27643.0
53	28764.0
54	30431.0
55	31198.0
56	32386.0
57	33209.0
58	33485.0
59	34736.0
60	35068.0
61	34839.0
62	35614.0
63	35832.0
64	38200.0
65	38986.0
66	40645.0
67	41440.0
68	41427.0
69	46279.0
70	50809.0
71	67606.0
72	154667.0
73	537247.0
74	1498384.0
75	4791372.0
76	1.3763228E7
>>END_MODULE
>>Sequence Duplication Levels	warn
#Total Duplicate Percentage	33.02806441141463
#Duplication Level	Relative count
1	100.0
2	21.42017831176652
3	8.6431267717345
4	4.648003172598152
5	2.7481162698470984
6	1.6663484276544807
7	1.1603483982785718
8	0.8658549123863519
9	0.6146908919994712
10++	5.11287692963001
>>END_MODULE
>>Overrepresented sequences	warn
#Sequence	Count	Percentage	Possible Source
NNNNNNNNNNNNNNNNNNNNNNNNNNNNNNNNNNN	25146	0.11500441248139513	No Hit
>>END_MODULE
>>Kmer Content	warn
#Sequence	Count	Obs/Exp Overall	Obs/Exp Max	Max Obs/Exp Position
AAAAA	7115605	3.4550781	6.445484	72
TTTTT	6483930	3.0790324	5.584599	72
CCTGG	3715060	3.0463293	12.274762	3
CCAGG	3560155	2.9323375	13.051239	3
CCCAG	3452325	2.8329208	11.39635	2
CTGGG	3375665	2.7783859	10.321341	4
CCAGC	3129730	2.5682049	6.779244	3
GGAGG	3074430	2.5512567	5.9272847	6
CAGCA	3488605	2.5131068	7.531157	4
GCTGG	3028185	2.4923878	6.098604	3
TGCTG	3458960	2.4788992	7.0696764	2
TCCAG	3325785	2.3851697	9.94172	2
CAGCC	2870000	2.3550746	5.4512796	9
AGGAG	3236090	2.3486822	7.6265607	5
CAGGA	3225055	2.3319461	10.7664585	4
CTCCT	3267510	2.3242657	7.054372	1
CTCCA	3235275	2.3116074	7.2929296	1
GGCTG	2808310	2.3114169	8.290646	7
TCCTG	3197615	2.2830596	9.779585	2
CAGAG	3124375	2.2591474	7.9095616	4
CTGGA	3119315	2.2454665	9.061703	4
AGCAG	3097495	2.2397113	5.296583	7
CTGCT	3135945	2.239028	6.549295	9
CCTGC	2734660	2.234046	6.4734116	3
CCCTG	2729840	2.230108	9.138056	2
GGCAG	2692845	2.226274	5.850828	7
GCAGG	2675250	2.2117276	6.8691874	3
CTCTG	3088070	2.2048457	7.408792	2
CTGCC	2680885	2.190115	5.7828264	9
CTGCA	3053420	2.1898365	6.8698053	4
GCCTG	2655480	2.1774793	7.005813	7
TGCAG	3007600	2.1650474	7.1009755	2
CAGGG	2615145	2.1620364	9.574718	4
CACAG	3001105	2.1619236	8.098045	7
GCTGC	2596210	2.128878	5.4201307	8
CTGTG	2951325	2.1150975	9.610826	9
TGGAG	2905550	2.0994136	6.598121	5
CAGGC	2492475	2.052938	6.1945767	4
AGCTG	2827420	2.0353432	5.7201753	7
GGGAG	2431865	2.0180364	5.1194882	7
CTCAG	2812245	2.0168717	6.257501	2
CCCCA	2451010	2.0037594	6.503303	1
GCCAG	2422945	1.9956691	5.241917	2
CTGAG	2771785	1.995294	5.7920895	4
CTGGC	2433010	1.9950551	5.369828	4
GGAGA	2732835	1.983431	5.6675425	6
CAGTG	2650620	1.9080722	6.8213696	9
CAGAA	3012670	1.9052285	5.3532066	4
CACTG	2629615	1.8858941	8.254674	7
TCCCA	2638125	1.884943	5.294858	2
TGGGG	2271715	1.8767624	5.6504016	5
CCTCT	2622125	1.8651866	5.3077283	1
GGCCA	2246235	1.8501213	5.7574477	1
CCAGA	2558815	1.8433086	6.745846	3
TTCTG	2947690	1.8393962	5.082928	2
AGAGG	2522830	1.8310138	5.1930094	5
ACACA	2854920	1.7987353	7.5977407	6
TCTGG	2497735	1.7900275	6.108661	3
TGGCC	2158975	1.7703478	5.4809766	5
CACAC	2466225	1.7699851	7.8086166	5
ACCTG	2458795	1.7633862	5.0073733	7
GAGAG	2402000	1.7433182	5.6752543	7
ACAGA	2751460	1.7400379	6.360648	8
GTGTG	2417660	1.7391251	7.20243	1
GCCCA	2101145	1.7241648	7.0038533	1
CCTGA	2377145	1.704829	5.540607	3
TGTGT	2714230	1.7000525	6.650125	10
CCTGT	2321030	1.6571883	5.658029	8
TCAGG	2288970	1.6477352	5.893741	3
TGGGC	1988185	1.636402	6.232831	5
AGGTG	2254855	1.629252	5.1777773	7
ACAGG	2239900	1.6196084	5.2834506	8
GGGCC	1709780	1.6101677	5.068988	6
AGGCT	2129915	1.5332382	5.095784	6
ACAGC	2111750	1.5212537	6.072953	8
CCATG	2116905	1.5181913	5.0860066	9
GCTGT	2099990	1.5049795	5.5051975	8
CTGTC	2087565	1.4904969	6.1347985	9
GCCCT	1807090	1.4762793	5.6701217	1
GACAG	2039130	1.4744374	7.3579535	7
GGGCT	1783690	1.4680898	5.937059	6
AGACA	2243845	1.4190195	5.8030715	6
AGGGC	1707810	1.4119095	5.707287	5
ACTGG	1855335	1.3355793	5.0056763	8
GCACA	1827440	1.3164437	5.266018	6
GGACA	1820400	1.3162799	6.626875	6
GTCCT	1840025	1.3137562	8.698607	1
GTGCT	1816480	1.301799	6.1102695	1
TGTCC	1818100	1.298102	5.03393	10
TGTGC	1794800	1.2862619	6.529549	10
ACTGC	1763460	1.2647092	5.5658445	8
AGGAC	1734345	1.2540559	9.1899395	5
AGCAC	1734340	1.2493767	6.271289	5
ACTGA	1909075	1.2019448	5.0465784	8
GTCCA	1658730	1.1895996	6.8668065	1
GTGCA	1601810	1.1530771	6.2193646	1
ACAGT	1831445	1.1530693	6.157523	8
GTCCC	1390835	1.136225	5.146713	1
TGCAC	1578045	1.1317343	5.9320116	5
ACTGT	1801640	1.129264	7.0729246	8
GTCTT	1800455	1.1235069	5.079811	1
TGGAC	1532765	1.1033746	6.3082113	5
GACTG	1484000	1.0682706	6.3296394	7
GCACT	1470895	1.0548891	5.239834	6
ACACT	1644220	1.0313337	5.7034883	6
AGACT	1626205	1.023851	5.2811947	6
GGACC	1219155	1.0041623	5.5403495	6
CTACA	1565150	0.9817371	5.5440483	4
TGTAG	1550310	0.9753675	5.9269443	2
GGACT	1351580	0.9729468	5.56516	6
TAGGA	1312945	0.8297176	5.919595	4
TCCTA	1309405	0.8176722	5.465525	2
GTGTA	1162965	0.73167187	6.458105	1
TACAC	1126165	0.7063847	5.7767644	5
GTATA	988480	0.5439159	5.188553	1
>>END_MODULE
