##FastQC	0.10.1
>>Basic Statistics	pass
#Measure	Value	
Filename	032-F0_S5_L002_R2_001.fastq.gz	
File type	Conventional base calls	
Encoding	Sanger / Illumina 1.9	
Total Sequences	31362874	
Filtered Sequences	0	
Sequence length	35-76	
%GC	45	
>>END_MODULE
>>Per base sequence quality	pass
#Base	Mean	Median	Lower Quartile	Upper Quartile	10th Percentile	90th Percentile
1	31.30904030032452	32.0	32.0	32.0	32.0	32.0
2	31.048617674515416	32.0	32.0	32.0	32.0	32.0
3	31.11487754598	32.0	32.0	32.0	32.0	32.0
4	31.186723895265466	32.0	32.0	32.0	32.0	32.0
5	31.154225502420474	32.0	32.0	32.0	32.0	32.0
6	34.85218194608058	36.0	36.0	36.0	36.0	36.0
7	34.839091914854485	36.0	36.0	36.0	36.0	36.0
8	34.76633487096878	36.0	36.0	36.0	32.0	36.0
9	34.872586708730836	36.0	36.0	36.0	36.0	36.0
10-14	34.76827427231318	36.0	36.0	36.0	32.8	36.0
15-19	34.6790258124941	36.0	36.0	36.0	32.0	36.0
20-24	34.61546599332702	36.0	36.0	36.0	32.0	36.0
25-29	34.555582852515364	36.0	36.0	36.0	32.0	36.0
30-34	34.49230395785794	36.0	36.0	36.0	32.0	36.0
35-39	34.437155962261485	36.0	36.0	36.0	32.0	36.0
40-44	34.373186826661424	36.0	36.0	36.0	32.0	36.0
45-49	34.26832643877903	36.0	36.0	36.0	32.0	36.0
50-54	34.15047005832023	36.0	36.0	36.0	32.0	36.0
55-59	34.01459239808456	36.0	36.0	36.0	32.0	36.0
60-64	33.88710886085961	36.0	36.0	36.0	32.0	36.0
65-69	33.739944492090856	36.0	36.0	36.0	28.0	36.0
70-74	33.6163270651755	36.0	36.0	36.0	27.0	36.0
75-76	32.99022735928911	36.0	34.0	36.0	20.5	36.0
>>END_MODULE
>>Per sequence quality scores	pass
#Quality	Count
2	15264.0
3	0.0
4	0.0
5	0.0
6	0.0
7	0.0
8	0.0
9	0.0
10	0.0
11	0.0
12	0.0
13	1.0
14	1664.0
15	5324.0
16	9336.0
17	14948.0
18	21846.0
19	30322.0
20	40630.0
21	56841.0
22	79957.0
23	113903.0
24	162413.0
25	228848.0
26	312331.0
27	411642.0
28	529172.0
29	668814.0
30	843084.0
31	1085203.0
32	1458716.0
33	2217540.0
34	4642597.0
35	1.8412478E7
>>END_MODULE
>>Per base sequence content	fail
#Base	G	A	T	C
1	44.73759243219932	17.93015163355453	11.459488920806846	25.8727670134393
2	16.906674910058435	19.64371940609226	36.607141144944215	26.842464538905087
3	20.156593847440814	21.186455313078046	28.892557924979094	29.764392914502043
4	13.728411568117563	14.638111807627718	36.36012261332498	35.27335401092974
5	15.25573061992685	34.5588034272721	35.135370510656706	15.050095442144343
6	34.3606084288732	35.116619447147386	16.519991237595246	14.002780886384167
7	30.305021658748466	29.94939327112976	20.725745918109865	19.019839152011908
8	26.55808528943674	34.461392750515905	20.19640731781466	18.784114642232694
9	24.980137241722733	15.866970400614273	20.229191316339588	38.923701041323405
10-14	23.793426037902094	23.28155288393597	28.76296023843604	24.1620608397259
15-19	22.175920907526923	28.528526417165455	26.661587916909774	22.63396475839785
20-24	22.227697741550312	27.22530680967385	27.98720923221898	22.55978621655686
25-29	21.950694805760314	27.366803402237043	27.989957129108088	22.692544662894555
30-34	21.962296966180197	27.50457658494539	28.127472556919013	22.4056538919554
35-39	21.93797177894202	27.76471213627359	28.04522762419875	22.25208846058564
40-44	22.036033828769433	27.711698358618943	28.077050639521133	22.17521717309049
45-49	22.010911847806348	27.883027995389455	27.924478290471356	22.181581866332845
50-54	22.039027540264776	27.98385072195277	27.902571258526425	22.07455047925603
55-59	22.044775487536935	27.921030988069084	27.80776530397523	22.22642822041875
60-64	22.17042969248033	27.967307161102074	27.80521853398158	22.057044612436023
65-69	22.21258096898806	28.080273586232902	27.735667535816983	21.971477908962058
70-74	22.501908200909625	28.35035728045714	27.657238855527016	21.49049566310622
75-76	26.335209173865877	35.572859532684674	28.66564935310667	9.426281940342776
>>END_MODULE
>>Per base GC content	fail
#Base	%GC
1	70.61035944563862
2	43.74913944896352
3	49.920986761942856
4	49.0017655790473
5	30.305826062071194
6	48.36338931525737
7	49.32486081076037
8	45.34219993166943
9	63.90383828304614
10-14	47.95548687762799
15-19	44.80988566592477
20-24	44.787483958107174
25-29	44.64323946865487
30-34	44.36795085813559
35-39	44.19006023952766
40-44	44.21125100185993
45-49	44.19249371413919
50-54	44.1135780195208
55-59	44.271203707955685
60-64	44.227474304916356
65-69	44.184058877950115
70-74	43.99240386401584
75-76	35.761491114208646
>>END_MODULE
>>Per sequence GC content	warn
#GC Content	Count
0	15310.0
1	7709.0
2	170.5
3	333.0
4	433.0
5	555.0
6	939.5
7	1555.5
8	1909.5
9	2367.5
10	3615.0
11	5667.0
12	6948.0
13	8420.5
14	12291.0
15	18874.0
16	29305.0
17	37336.5
18	50461.5
19	76189.0
20	108703.0
21	132393.0
22	165654.0
23	224753.5
24	288464.5
25	330963.5
26	383831.0
27	471228.5
28	556033.5
29	611027.5
30	679320.0
31	788100.0
32	891347.5
33	957574.5
34	1040367.5
35	1163914.5
36	1263198.5
37	1319020.5
38	1358420.0
39	1393124.5
40	1392278.5
41	1369661.5
42	1364640.5
43	1356466.0
44	1324471.5
45	1281971.5
46	1254906.0
47	1224506.0
48	1173147.0
49	1125000.0
50	1095073.5
51	1061715.5
52	1013728.5
53	973444.5
54	953271.5
55	934108.5
56	899927.0
57	865725.5
58	836813.5
59	794471.5
60	731110.5
61	656981.5
62	599099.5
63	545840.5
64	475704.0
65	410084.5
66	341910.5
67	293176.0
68	255748.0
69	208888.0
70	164483.5
71	134558.0
72	112731.0
73	89134.5
74	68524.0
75	55454.5
76	47129.5
77	37702.0
78	28389.5
79	22676.0
80	19401.5
81	15520.5
82	11514.5
83	8949.0
84	7375.5
85	5784.0
86	4327.0
87	3461.0
88	3010.5
89	2584.5
90	2230.5
91	2068.5
92	2042.0
93	2076.0
94	2111.0
95	2217.0
96	2330.0
97	2485.5
98	3318.0
99	16133.5
100	28274.0
>>END_MODULE
>>Per base N content	pass
#Base	N-Count
1	0.35019430936080664
2	0.23844115816681855
3	0.11429118390106723
4	0.058932736840380126
5	0.0497754128017732
6	0.04883162174486943
7	0.048669009096551544
8	0.048669009096551544
9	0.048669009096551544
10-14	0.048669009096551544
15-19	0.048669009096551544
20-24	0.048669009096551544
25-29	0.048669009096551544
30-34	0.048669009096551544
35-39	0.009742190580186317
40-44	0.0
45-49	0.0
50-54	0.0
55-59	0.0
60-64	0.0
65-69	0.0
70-74	0.0
75-76	0.0
>>END_MODULE
>>Sequence Length Distribution	warn
#Length	Count
35	20076.0
36	7500.0
37	10169.0
38	11887.0
39	13629.0
40	15094.0
41	16438.0
42	18423.0
43	21042.0
44	24131.0
45	26455.0
46	27542.0
47	29040.0
48	30325.0
49	31887.0
50	32710.0
51	34176.0
52	36456.0
53	39320.0
54	42274.0
55	44242.0
56	45710.0
57	47259.0
58	47776.0
59	49487.0
60	50878.0
61	51399.0
62	53362.0
63	55879.0
64	61033.0
65	63286.0
66	66035.0
67	66410.0
68	66336.0
69	73410.0
70	79170.0
71	102584.0
72	220629.0
73	733660.0
74	2100958.0
75	6526425.0
76	2.0268372E7
>>END_MODULE
>>Sequence Duplication Levels	warn
#Total Duplicate Percentage	40.41574533259134
#Duplication Level	Relative count
1	100.0
2	24.39292503512687
3	11.992726671625753
4	7.138606496404662
5	4.6499710719894205
6	3.177122076204645
7	2.300190098355236
8	1.6720390114885528
9	1.1835688899909083
10++	8.79576824530953
>>END_MODULE
>>Overrepresented sequences	pass
>>END_MODULE
>>Kmer Content	warn
#Sequence	Count	Obs/Exp Overall	Obs/Exp Max	Max Obs/Exp Position
AAAAA	14495645	4.281522	8.402159	72
GGGGG	5129645	3.8590853	6.8905964	72
TTTTT	12109030	3.4270835	5.915945	72
CCTGG	4910665	3.1095986	12.263847	3
CCAGG	4592625	2.9331486	12.45198	3
CCCAG	4346565	2.808413	11.2386055	2
CTGGG	4386825	2.7458239	11.061841	4
CCAGC	4157980	2.6865637	6.494068	3
GGAGG	4064710	2.5364094	5.9022455	6
GCTGG	4046885	2.533047	7.1611247	3
CAGCA	4611540	2.4429345	6.5877957	4
TCCAG	4637760	2.4359312	8.781446	2
TGCTG	4668870	2.4033544	7.6057043	2
CAGCC	3718920	2.4028776	5.853207	9
CTCCA	4416740	2.3469307	6.344167	1
CTCCT	4385175	2.310342	6.039609	1
CAGGA	4396330	2.3020484	9.71199	4
GGCTG	3672340	2.2986097	8.233536	7
CTGGA	4382845	2.2754705	8.745436	4
AGGAG	4376010	2.2649612	6.9355454	5
TCCTG	4320555	2.2500243	8.652335	2
CCTGC	3506640	2.2464507	6.3821664	3
GCTGC	3543625	2.243943	5.681136	8
CTGCC	3496750	2.240115	5.722778	9
CTGCT	4295515	2.2369843	6.4917574	9
GGCAG	3519895	2.2220876	6.396897	7
GCCTG	3462255	2.1924167	7.237295	7
CTGCA	4160340	2.1851718	6.8334594	4
AGCAG	4171355	2.1842449	5.354824	7
GCAGG	3458460	2.183304	6.8300304	3
CCCTG	3383320	2.1674485	9.125837	2
CAGAG	4075375	2.1339867	7.4020104	4
CTCTG	4066730	2.1178393	7.407958	2
TGCAG	4072975	2.1145933	7.0285816	2
TGGAG	4000535	2.053012	6.4413576	5
CTGGC	3227140	2.0435338	5.7357035	4
CAGGG	3236825	2.0433872	9.187637	4
GCCAG	3183685	2.0333083	5.2611775	2
AGCTG	3903265	2.0264838	5.826683	7
CAGGC	3167375	2.0228915	6.2050443	4
CCCCA	3091890	2.021066	6.7353883	1
CAGAA	4572480	1.9859518	5.320104	4
GGGAG	3178540	1.9834327	5.455142	7
GGAGA	3809880	1.9719402	5.4790015	6
CACAG	3640525	1.9285454	6.9275084	7
CTCAG	3650205	1.917229	6.041513	2
TTCTG	4519215	1.913166	5.2010746	2
CTGTG	3678800	1.8937045	8.577864	9
CTGAG	3625920	1.8824928	5.755127	4
TGGGG	3007625	1.8608199	6.397814	5
GGCCA	2911560	1.8595115	6.2788286	1
CCAGA	3499125	1.8536395	6.50183	3
CCTCT	3466520	1.826346	5.552598	1
TCTGG	3490885	1.7969731	6.3392577	3
CACTG	3371320	1.7707479	7.2837434	7
ACCTG	3365225	1.7675465	5.4004426	7
CAGTG	3398080	1.7642037	6.296343	9
TGGCC	2783200	1.762416	5.8399863	5
CCTGA	3244235	1.703998	5.5026894	3
GCCCA	2610180	1.6864955	7.174007	1
ACAGA	3787310	1.6449312	5.7847967	8
TCAGG	3153860	1.6374103	5.8319826	3
GAGAG	3141440	1.6259652	5.241768	7
GGGCC	2105640	1.6213043	5.4315863	6
TGGGC	2559715	1.6021897	6.503065	5
GGCCT	2520360	1.5959771	5.098231	6
CCTGT	3033365	1.5796918	5.4327884	8
AGCCT	2992305	1.5716746	5.0740933	6
AGGTG	3025110	1.5524392	5.1888437	7
CTTGG	2999140	1.5438417	5.0010915	3
GTGTG	2896610	1.4738536	7.69278	1
CTGTC	2767820	1.4414033	5.8289347	9
GCCCT	2229245	1.4281161	6.0877013	1
ACACA	3231820	1.4200568	5.950407	6
GGGCT	2263500	1.4167814	5.863717	6
ACAGC	2660860	1.4095739	5.398803	8
GCTGT	2735830	1.4082999	5.0387664	8
TGTGT	3363650	1.4075336	5.710124	10
CACAC	2614730	1.4013104	6.268181	5
GACAG	2671670	1.3989654	6.750149	7
AGGGC	2107770	1.330622	5.4818516	5
AGACA	3039850	1.3202891	5.174717	6
GTCCT	2431695	1.2663587	8.8059635	1
GGACA	2369875	1.2409366	5.98463	6
ACTGC	2352515	1.2356322	5.1281357	8
AGGAC	2262495	1.1847093	8.519278	5
GTGCT	2297015	1.1824148	6.4747005	1
GTCCA	2227315	1.1698722	6.6947947	1
TGTGC	2207510	1.1363409	5.72707	10
GTCTT	2669900	1.1302763	5.3174424	1
AGCAC	2114225	1.1199975	5.330119	5
GTGCA	2056175	1.067518	6.095438	1
TGGAC	2051065	1.0648649	5.8968973	5
TGCAC	2019225	1.0605752	5.588494	5
ACAGT	2381890	1.0257218	5.252229	8
GCACT	1929990	1.0137055	5.053475	6
GACTG	1946240	1.0104423	5.781516	7
ACTGT	2360510	1.0078702	5.998634	8
GGACC	1559310	0.9958766	5.435126	6
GGACT	1784130	0.9262785	5.1750817	6
TGTAG	2106860	0.88918626	5.2340374	2
TAGGA	1836780	0.78184974	5.2240667	4
GTGTA	1482455	0.6256603	5.629152	1
>>END_MODULE
