##FastQC	0.10.1
>>Basic Statistics	pass
#Measure	Value	
Filename	030-F0_S1_L001_R2_001.fastq.gz	
File type	Conventional base calls	
Encoding	Sanger / Illumina 1.9	
Total Sequences	17843664	
Filtered Sequences	0	
Sequence length	35-76	
%GC	44	
>>END_MODULE
>>Per base sequence quality	pass
#Base	Mean	Median	Lower Quartile	Upper Quartile	10th Percentile	90th Percentile
1	31.269278215505516	32.0	32.0	32.0	32.0	32.0
2	31.048360527299774	32.0	32.0	32.0	32.0	32.0
3	31.108676614847713	32.0	32.0	32.0	32.0	32.0
4	31.180950560378182	32.0	32.0	32.0	32.0	32.0
5	31.19087369051558	32.0	32.0	32.0	32.0	32.0
6	34.858143036093935	36.0	36.0	36.0	36.0	36.0
7	34.843240715583974	36.0	36.0	36.0	36.0	36.0
8	34.77573793140243	36.0	36.0	36.0	32.0	36.0
9	34.85886413238895	36.0	36.0	36.0	36.0	36.0
10-14	34.76403403471395	36.0	36.0	36.0	32.8	36.0
15-19	34.6814185584306	36.0	36.0	36.0	32.0	36.0
20-24	34.60149927727848	36.0	36.0	36.0	32.0	36.0
25-29	34.514908182534704	36.0	36.0	36.0	32.0	36.0
30-34	34.42936188442015	36.0	36.0	36.0	32.0	36.0
35-39	34.38260665510713	36.0	36.0	36.0	32.0	36.0
40-44	34.31583053225448	36.0	36.0	36.0	32.0	36.0
45-49	34.19588233918901	36.0	36.0	36.0	32.0	36.0
50-54	34.06049691706724	36.0	36.0	36.0	32.0	36.0
55-59	33.887437817077426	36.0	36.0	36.0	32.0	36.0
60-64	33.743856341156665	36.0	36.0	36.0	28.0	36.0
65-69	33.5808694816428	36.0	36.0	36.0	27.0	36.0
70-74	33.44467064174647	36.0	36.0	36.0	27.0	36.0
75-76	32.833860627168335	36.0	34.0	36.0	20.5	36.0
>>END_MODULE
>>Per sequence quality scores	pass
#Quality	Count
2	28885.0
3	0.0
4	0.0
5	0.0
6	0.0
7	0.0
8	0.0
9	0.0
10	0.0
11	0.0
12	0.0
13	1.0
14	1211.0
15	4189.0
16	7192.0
17	10116.0
18	14155.0
19	19210.0
20	26572.0
21	37735.0
22	53463.0
23	73418.0
24	101290.0
25	138387.0
26	184443.0
27	240506.0
28	306832.0
29	385806.0
30	486235.0
31	621817.0
32	829367.0
33	1241844.0
34	2552289.0
35	1.0478701E7
>>END_MODULE
>>Per base sequence content	fail
#Base	G	A	T	C
1	44.54680040593143	18.12112285464248	11.299543867902846	26.032532871523244
2	16.23651933204303	19.660879056578295	38.66221249493631	25.440389116442365
3	20.7149863128241	21.478688083023943	28.247953272625924	29.55837233152604
4	13.474807958941412	15.027226870073216	36.7907685549862	34.70719661599917
5	14.992257761394226	34.94321937353123	35.35691341070239	14.707609454372156
6	33.915078916236666	35.366436006068	17.054007137334036	13.664477940361303
7	30.280078130635246	29.40465890707934	21.024263057094338	19.29099990519108
8	25.738175028721937	35.98210227586882	20.323204683033115	17.95651801237613
9	25.133407492733983	15.883385362232112	20.512042276808486	38.47116486822542
10-14	23.905544941085154	23.605027039628165	29.01631729475847	23.473110724528212
15-19	21.78555344413759	28.96304467206694	27.325873646818742	21.925528236976728
20-24	21.947660422843303	27.833933836619586	28.312079538006056	21.906326202531055
25-29	21.31491387010751	28.20168692522091	28.28976211268184	22.193637091989746
30-34	21.465315960416913	28.12764053935219	28.631276312773796	21.77576718745711
35-39	21.361499925102486	28.46153712993484	28.4470589668828	21.729903978079882
40-44	21.721645211292927	28.308709363549163	28.59725881242386	21.372386612734047
45-49	21.637611606779878	28.298171545487595	28.18798821196511	21.87622863576742
50-54	21.3103523095542	28.856712123565792	28.29435369631771	21.538581870562297
55-59	21.55641712552426	28.367549034443627	27.880982509847453	22.19505133018466
60-64	21.713047063560538	28.19921696386271	28.321633796296798	21.766102176279958
65-69	22.06096489687587	28.75364877229824	27.804298115036165	21.381088215789728
70-74	22.34371557709329	28.93890634477775	27.870491849819818	20.846886228309145
75-76	25.504690395489604	36.097631196970596	29.465347667912262	8.932330739627533
>>END_MODULE
>>Per base GC content	fail
#Base	%GC
1	70.57933327745467
2	41.67690844848539
3	50.27335864435014
4	48.18200457494059
5	29.69986721576638
6	47.57955685659797
7	49.57107803582632
8	43.69469304109807
9	63.6045723609594
10-14	47.378655665613365
15-19	43.711081681114315
20-24	43.85398662537436
25-29	43.50855096209726
30-34	43.24108314787402
35-39	43.09140390318237
40-44	43.09403182402697
45-49	43.513840242547296
50-54	42.848934180116494
55-59	43.75146845570892
60-64	43.479149239840496
65-69	43.4420531126656
70-74	43.19060180540244
75-76	34.43702113511714
>>END_MODULE
>>Per sequence GC content	fail
#GC Content	Count
0	28934.0
1	14528.5
2	222.5
3	454.5
4	586.5
5	808.0
6	1324.5
7	1952.5
8	2292.0
9	2670.5
10	3749.5
11	5217.5
12	6003.0
13	7021.0
14	9737.5
15	13693.5
16	19370.5
17	23803.0
18	30818.0
19	44705.0
20	61417.0
21	72943.0
22	90042.0
23	120061.5
24	151817.0
25	173672.5
26	202079.5
27	248630.5
28	296630.5
29	330706.0
30	374802.5
31	448448.5
32	528352.5
33	584097.5
34	655873.5
35	768693.5
36	862266.0
37	909187.0
38	920230.5
39	901844.5
40	851728.0
41	802929.0
42	785931.0
43	780049.0
44	764146.0
45	746218.0
46	737326.0
47	725781.0
48	701916.5
49	674597.0
50	655320.0
51	633344.5
52	600686.0
53	568746.0
54	547541.5
55	523970.0
56	489187.0
57	455819.0
58	429381.5
59	397202.0
60	354441.0
61	312049.0
62	279623.5
63	248993.5
64	210861.0
65	177970.0
66	145659.0
67	122849.5
68	105885.5
69	85623.0
70	66912.0
71	54661.0
72	45972.5
73	36742.0
74	28556.0
75	23471.0
76	20261.5
77	16360.5
78	12538.0
79	10215.0
80	8872.5
81	7196.5
82	5444.0
83	4305.0
84	3589.5
85	2885.0
86	2177.5
87	1739.5
88	1584.5
89	1413.5
90	1224.0
91	1152.0
92	1139.5
93	1096.5
94	1068.5
95	1123.0
96	1165.0
97	1229.0
98	1641.5
99	8411.5
100	14836.0
>>END_MODULE
>>Per base N content	pass
#Base	N-Count
1	0.5094917725417829
2	0.39265478211201466
3	0.25564816732706913
4	0.17848352221830674
5	0.16279728199320498
6	0.16190060516718988
7	0.1618781882465395
8	0.1618781882465395
9	0.1618781882465395
10-14	0.1618781882465395
15-19	0.1618781882465395
20-24	0.1618781882465395
25-29	0.1618781882465395
30-34	0.1618781882465395
35-39	0.032458540184656
40-44	0.0
45-49	0.0
50-54	0.0
55-59	0.0
60-64	0.0
65-69	0.0
70-74	0.0
75-76	0.0
>>END_MODULE
>>Sequence Length Distribution	warn
#Length	Count
35	36945.0
36	11596.0
37	14584.0
38	16137.0
39	17367.0
40	17676.0
41	19260.0
42	20768.0
43	23312.0
44	24278.0
45	26632.0
46	26711.0
47	27864.0
48	28334.0
49	29126.0
50	29141.0
51	30889.0
52	31972.0
53	34824.0
54	36468.0
55	37701.0
56	39382.0
57	39557.0
58	39925.0
59	41251.0
60	45497.0
61	43520.0
62	43476.0
63	44268.0
64	49562.0
65	50597.0
66	51542.0
67	60996.0
68	51751.0
69	66524.0
70	60564.0
71	72896.0
72	135786.0
73	402968.0
74	1152405.0
75	3478891.0
76	1.1330721E7
>>END_MODULE
>>Sequence Duplication Levels	warn
#Total Duplicate Percentage	27.310893709348655
#Duplication Level	Relative count
1	100.0
2	16.832531338049378
3	5.907548571466815
4	2.826280459647033
5	1.65106177929179
6	1.0219583854797583
7	0.6538659742067608
8	0.5180064115005455
9	0.39017795594937726
10++	4.050355041862146
>>END_MODULE
>>Overrepresented sequences	warn
#Sequence	Count	Percentage	Possible Source
NNNNNNNNNNNNNNNNNNNNNNNNNNNNNNNNNNN	28885	0.1618781882465395	No Hit
CTGTAGGACGTGGAATATGGCAAGAAAACTGAAAATCATGGAAAATGAGA	21784	0.1220825498619566	No Hit
>>END_MODULE
>>Kmer Content	warn
#Sequence	Count	Obs/Exp Overall	Obs/Exp Max	Max Obs/Exp Position
AAAAA	8965910	4.2711883	9.230333	71
GGGGG	2879365	4.1666703	7.385798	72
TTTTT	7188810	3.3853052	6.6389112	33
CCTGG	2487560	2.9816284	12.286111	3
CCAGG	2414025	2.9001763	12.909317	3
GAAAA	4766220	2.835542	8.688766	24
CAGCA	2905675	2.795259	6.927649	4
AGAAA	4691985	2.7913778	8.087451	48
TGCTG	2956690	2.780523	8.16105	2
TTTCT	4616160	2.7706456	9.135468	16
TTTTC	4568895	2.7422767	6.954476	24
CCCAG	2142155	2.6204894	10.4196205	2
GCTGC	2177745	2.6102793	5.5693965	8
CTGCT	2660355	2.5474708	6.4424324	9
CCAGC	2063355	2.5240939	6.322631	3
CTGGG	2131110	2.5086315	10.100062	4
AGCAG	2606645	2.46268	5.178924	7
GGAGG	2108460	2.4431503	5.59725	6
TCCAG	2502610	2.4019585	9.393572	2
GCTGG	2036070	2.3967555	6.726071	3
AAGAA	3995750	2.3771703	5.5556054	22
CTCCT	2319425	2.2615118	6.071797	1
CAGCC	1847095	2.2595437	5.4568996	9
CTGGA	2382925	2.246124	8.969866	4
CTCCA	2238030	2.1871932	6.1581306	1
CTGCC	1790370	2.1851015	5.718524	9
AGGAG	2354955	2.1850421	6.6672945	5
GAGAA	2934695	2.180382	8.581473	47
CCACC	1743175	2.171308	6.510984	28
CAGAG	2288850	2.1624367	7.5784693	4
CCCTG	1768740	2.1587026	8.770569	2
GGCAG	1828805	2.15775	6.0613337	7
TCCTC	2212755	2.1575053	5.8933992	44
GGCTG	1831685	2.156164	7.936689	7
CAGGA	2271370	2.1459222	9.001547	4
CTCTG	2236345	2.1414523	7.258302	2
CCTGC	1753790	2.1404567	5.983406	3
TCCTG	2225370	2.130943	8.403215	2
TTCTC	2780065	2.1267393	7.330435	17
TGGAA	2846850	2.1102383	7.715222	11
GTGTG	2265650	2.092496	12.646301	9
TTCCA	2725340	2.089694	5.4254017	2
AAAAT	4377860	2.0807195	6.430442	72
GGAAA	2777535	2.0636172	8.216075	40
GCAGG	1746960	2.0611837	6.3112755	3
ATTTT	4345845	2.0512462	5.5059505	22
TTCCT	2658990	2.0341175	5.2106667	43
TTTCC	2656375	2.032117	5.1819158	42
CACAG	2104080	2.0241246	7.828163	7
CAGGG	1710825	2.018549	9.109701	4
GCCTG	1671565	2.003564	6.565374	7
TTTCA	3321040	1.9979146	5.0685005	34
GCCAG	1660030	1.9943372	5.289185	2
CAGTG	2112265	1.9910023	11.415338	7
CTGTG	2111265	1.9854705	8.908044	9
CCCCA	1585760	1.9752309	6.5079026	1
CATTT	3278590	1.972377	7.998626	14
CTGGC	1640795	1.9666824	5.369177	4
CTGCA	2048830	1.9664288	5.9482174	4
TGAAA	3280640	1.9472326	6.9278145	30
TGCAG	2034935	1.918112	6.3338537	2
TGGAG	2071865	1.9179442	5.943148	5
CTGAA	2536605	1.9145584	7.9876113	29
AGCTG	2028420	1.9119709	5.429714	7
TTCAG	2522175	1.8992771	5.5883737	35
GGGAG	1636965	1.8968116	5.3304043	7
CACAC	1935155	1.8955693	7.577271	5
TCCAC	1937475	1.8934652	5.7603445	55
CAGGC	1569180	1.8851912	5.417443	4
GGAGA	2030975	1.8844376	5.2031016	6
GTGGA	2028880	1.8781525	6.3028316	9
CTCAG	1944515	1.8663092	5.755019	2
CCTCT	1912045	1.8643036	5.506419	1
CACTG	1931575	1.8538896	7.6840973	7
TTCTG	2433945	1.8286102	5.018806	2
ACACA	2366740	1.8231314	7.527683	6
TGTGT	2468210	1.8211411	8.645044	10
CTGAG	1922170	1.8118205	5.429312	4
TGGGG	1561505	1.8052008	6.1091533	5
CCAGA	1873085	1.8019077	6.2153997	3
TGTTT	3035920	1.7895405	5.3967047	72
GAGAG	1928020	1.788911	5.620353	7
GGCCA	1470530	1.7666743	5.7093244	1
AAATG	2936920	1.7432166	7.08273	43
TCTGG	1850205	1.7399652	6.0055714	3
ACCTG	1811610	1.7387495	6.642974	8
TCTCA	2263825	1.7358207	6.75062	18
GTCCT	1796445	1.7202184	17.878016	1
AAAAC	2825050	1.7113427	6.8284574	25
TGGCA	1784450	1.682007	6.8409967	18
TGGCC	1398650	1.6764438	5.1478305	5
CCACT	1710690	1.6718318	5.972938	56
ACAGA	2202360	1.6661222	6.303463	8
ATTTC	2758280	1.6593621	8.198835	15
CACCT	1691860	1.6534294	5.126612	29
CCTGA	1680560	1.6129702	5.0257406	3
GCCCA	1308945	1.6012272	6.4749465	1
TGAGA	2154275	1.5968645	7.9056497	46
AGGAC	1665750	1.5737506	17.546497	5
CATGG	1665960	1.5703193	6.0496144	37
CCTGT	1638215	1.5687023	5.4124503	8
AGTGG	1688720	1.5632633	7.7366085	8
TCAGG	1645855	1.5513686	5.2709136	3
ATGGC	1628905	1.5353916	11.836904	17
GGGCC	1014355	1.5218793	5.0547204	6
TGGGC	1287775	1.5159016	6.0548553	5
CAAGA	1997670	1.5112708	5.725568	21
CTGTC	1576075	1.509199	6.00274	9
ACAGC	1550350	1.4914366	5.7495465	8
GCTGT	1582870	1.4885587	5.469684	8
CATCC	1495915	1.4619353	5.281849	53
TCATT	2375855	1.4292978	5.325589	20
GACAG	1500535	1.4176605	6.6929674	7
ACTGA	1869460	1.4110162	7.278303	28
ATGGA	1903375	1.4108839	5.1487293	38
CACTT	1827335	1.4011356	7.112295	57
GCCCT	1142050	1.3938433	5.8004694	1
GGGCT	1183620	1.3932956	5.842801	6
GGACA	1472040	1.3907392	7.220644	6
CTCAT	1803600	1.3829364	6.288447	19
AATGA	2309245	1.3706585	6.5297127	44
TGTGC	1453970	1.3673388	8.923891	10
AGACA	1778230	1.3452606	5.0313497	6
AACTG	1762945	1.3306216	7.1786766	27
TGTCC	1388765	1.329837	5.171426	10
ATGAG	1774140	1.315088	7.592258	45
AGGGC	1105870	1.3047814	5.4243565	5
AAGTG	1751740	1.2984837	5.5267825	7
GCACA	1346055	1.2949048	5.0251546	6
GCAAG	1366515	1.2910424	6.51387	20
AAACT	2112800	1.2769284	6.1658106	26
GGCAA	1346620	1.2722461	6.5987754	19
GTGCT	1340145	1.2602959	7.1936736	1
GTCCA	1276405	1.2250698	7.0459476	1
GGAAT	1637290	1.2136474	7.087835	12
TACAG	1588190	1.1987213	8.401835	5
AGCAC	1232245	1.1854196	5.5736547	5
CTGTA	1559785	1.174567	8.878896	1
GTGCA	1242145	1.170835	7.1652775	11
AAATC	1926500	1.1643331	6.413089	33
TGGAC	1218690	1.1487266	6.068741	5
ACAGT	1490730	1.1251614	7.4529147	6
AGTGT	1516950	1.1218517	8.245483	8
AATAT	2343690	1.1113456	6.5137377	14
GGACC	920585	1.1059781	8.686342	6
AATCA	1818285	1.0989304	6.262808	34
GTCTT	1460835	1.0975177	5.210773	1
ACACT	1402755	1.078069	5.206261	6
GACCT	1122045	1.0769179	5.9408054	7
CTACA	1394070	1.0713942	9.689764	4
ACTGT	1412955	1.0639995	5.9497976	8
TCCTA	1380805	1.0587523	11.229602	2
TGCAC	1094100	1.0500969	5.256548	5
TAGGA	1398820	1.0368806	11.466919	4
TGTAG	1394360	1.0311911	9.882963	2
GACTG	1064770	1.0036428	5.6017814	7
TATGG	1351270	0.99932414	9.178813	16
ATATG	1638785	0.97046196	7.8377676	15
CCTAC	933410	0.9122076	9.372161	3
GGACT	966995	0.91148096	5.1153603	6
GTAGG	967550	0.89566976	10.002041	3
GAATA	1503475	0.8923915	5.800544	13
TGGCG	696140	0.81945974	6.9767327	18
GTGTA	1064020	0.7868899	6.2464185	1
CGTGG	668195	0.78656435	5.376667	9
CCTCG	643355	0.78519857	5.0929894	45
TACAC	988605	0.7597794	5.623423	5
GGACG	639335	0.7543314	9.944415	6
ACGTG	778665	0.7339628	7.4429007	8
GCGAG	604250	0.7129358	7.0056996	20
GGCGA	583420	0.688359	7.005699	19
GACGT	582260	0.54883313	7.26951	7
>>END_MODULE
