##FastQC	0.10.1
>>Basic Statistics	pass
#Measure	Value	
Filename	005-F5_S2_L001_R2_001_trimmed.fq.gz	
File type	Conventional base calls	
Encoding	Sanger / Illumina 1.9	
Total Sequences	17846682	
Filtered Sequences	0	
Sequence length	20-50	
%GC	45	
>>END_MODULE
>>Per base sequence quality	pass
#Base	Mean	Median	Lower Quartile	Upper Quartile	10th Percentile	90th Percentile
1	34.724901805276744	36.0	36.0	36.0	32.0	36.0
2	34.70832690356672	36.0	36.0	36.0	32.0	36.0
3	34.69380196274019	36.0	36.0	36.0	32.0	36.0
4	34.679897697510384	36.0	36.0	36.0	32.0	36.0
5	34.66486823713226	36.0	36.0	36.0	32.0	36.0
6	34.64903386523052	36.0	36.0	36.0	32.0	36.0
7	34.63720236624376	36.0	36.0	36.0	32.0	36.0
8	34.62206840464799	36.0	36.0	36.0	32.0	36.0
9	34.613758736778074	36.0	36.0	36.0	32.0	36.0
10	34.58790692858202	36.0	36.0	36.0	32.0	36.0
11	34.5820528992448	36.0	36.0	36.0	32.0	36.0
12	34.56747136526555	36.0	36.0	36.0	32.0	36.0
13	34.55718065688625	36.0	36.0	36.0	32.0	36.0
14	34.552913757302335	36.0	36.0	36.0	32.0	36.0
15	34.52640339532021	36.0	36.0	36.0	32.0	36.0
16	34.50469252491864	36.0	36.0	36.0	32.0	36.0
17	34.49604335416522	36.0	36.0	36.0	32.0	36.0
18	34.482127322042274	36.0	36.0	36.0	32.0	36.0
19	34.47181750646983	36.0	36.0	36.0	32.0	36.0
20	34.46607940904646	36.0	36.0	36.0	32.0	36.0
21	34.448740249201904	36.0	36.0	36.0	32.0	36.0
22	34.43569137899358	36.0	36.0	36.0	32.0	36.0
23	34.421501084986865	36.0	36.0	36.0	32.0	36.0
24	34.388637743246825	36.0	36.0	36.0	32.0	36.0
25	34.37762562240815	36.0	36.0	36.0	32.0	36.0
26	34.35483713904327	36.0	36.0	36.0	32.0	36.0
27	34.341796149644	36.0	36.0	36.0	32.0	36.0
28	34.31451326786748	36.0	36.0	36.0	32.0	36.0
29	34.28514380998455	36.0	36.0	36.0	32.0	36.0
30	34.26051273233021	36.0	36.0	36.0	32.0	36.0
31	34.23574673852564	36.0	36.0	36.0	32.0	36.0
32	34.21717504240473	36.0	36.0	36.0	32.0	36.0
33	34.18549735215963	36.0	36.0	36.0	32.0	36.0
34	34.157370763690516	36.0	36.0	36.0	32.0	36.0
35	34.1261672411671	36.0	36.0	36.0	32.0	36.0
36	34.10646612419832	36.0	36.0	36.0	32.0	36.0
37	34.081406306442624	36.0	36.0	36.0	32.0	36.0
38	34.05140260984184	36.0	36.0	36.0	32.0	36.0
39	34.03095025616144	36.0	36.0	36.0	32.0	36.0
40	33.99697772921085	36.0	36.0	36.0	32.0	36.0
41	33.983407006570026	36.0	36.0	36.0	32.0	36.0
42	33.94855361272952	36.0	36.0	36.0	32.0	36.0
43	33.93853998002476	36.0	36.0	36.0	32.0	36.0
44	33.920547714934074	36.0	36.0	36.0	32.0	36.0
45	33.915944186818464	36.0	36.0	36.0	32.0	36.0
46	33.902656271102536	36.0	36.0	36.0	32.0	36.0
47	33.89709603894826	36.0	36.0	36.0	32.0	36.0
48	33.92996210331018	36.0	36.0	36.0	32.0	36.0
49	34.00418979840274	36.0	36.0	36.0	32.0	36.0
50	34.14568489522558	36.0	36.0	36.0	32.0	36.0
>>END_MODULE
>>Per sequence quality scores	pass
#Quality	Count
2	58.0
3	27.0
4	24.0
5	22.0
6	37.0
7	41.0
8	64.0
9	108.0
10	133.0
11	131.0
12	154.0
13	233.0
14	992.0
15	1976.0
16	3745.0
17	6347.0
18	10305.0
19	16162.0
20	24501.0
21	35671.0
22	50710.0
23	70127.0
24	94801.0
25	128184.0
26	169111.0
27	218469.0
28	278395.0
29	349609.0
30	440142.0
31	565654.0
32	760981.0
33	1126265.0
34	2153430.0
35	8038114.0
36	3301959.0
>>END_MODULE
>>Per base sequence content	pass
#Base	G	A	T	C
1	22.651141371245934	26.71046539685877	27.305294883518254	23.33309834837704
2	22.569522800939048	26.75155776991982	27.589819635312068	23.08909979382906
3	22.52496000296787	26.811895396714124	27.473596971248593	23.18954762906941
4	22.725173818509127	26.50649386678683	27.755190455653754	23.01314185905029
5	22.813604537311505	26.59412585650676	27.341680743773345	23.250588862408385
6	22.356011438686586	26.99757678596938	27.56955594920929	23.076855826134743
7	22.45682623247524	26.981299320543346	27.48132983481217	23.08054461216925
8	22.446285805469522	26.918748426773	27.448837999333353	23.186127768424125
9	22.37592518242489	27.022954230748798	27.54420263100731	23.056917955819
10	22.452138611591657	27.041109242482285	27.540398394405365	22.966353751520693
11	22.985719989632877	26.909552462541765	27.20762683963883	22.897100708186525
12	22.26278673133674	27.17414111741492	27.618462041303836	22.944610109944502
13	22.428654446400582	26.97849345033843	27.69458447614953	22.898267627111455
14	22.452142622368815	26.74053129065639	27.856228779518833	22.951097307455964
15	22.374869884092462	27.04393919065916	27.675209398765034	22.905981526483345
16	22.498879552385944	27.33780077488565	27.562944045328187	22.60037562740022
17	22.641454340839978	26.993649000216337	27.289599313114604	23.07529734582909
18	22.485879106726987	27.467824628111142	27.308884018468742	22.737412246693133
19	22.702241478591432	27.128977581178678	27.505621267317643	22.663159672912244
20	22.77405644704575	26.900731606372812	27.47881767280479	22.846394273776646
21	22.740948027286166	27.048944161086848	27.503715512765464	22.70639229886152
22	22.529613100778864	27.245790676905745	27.52655282820144	22.698043394113952
23	22.606866383778144	27.02134298618993	27.431102488114966	22.940688141916965
24	22.45124459776811	27.337098987709567	27.464951738565325	22.746704675957
25	22.53760487995716	27.27912233640056	27.323760230578202	22.859512553064075
26	22.620790708436264	27.239879718854134	27.271975782298313	22.867353790411286
27	22.659969095563685	27.334499470578994	27.363977723123185	22.641553710734136
28	22.40745310304025	27.349870815925463	27.349802478122363	22.89287360291192
29	22.72226132032879	27.09972528585853	27.37143714936561	22.80657624444707
30	22.53038999083956	27.444058161053146	27.318315945812344	22.70723590229495
31	22.63018025160919	27.330715932578965	27.307308718888773	22.731795096923076
32	22.5999855981076	27.384283900409763	27.232603905857637	22.783126595625
33	22.506371457347452	27.181272575189887	27.515693346971297	22.796662620491364
34	22.656828087553514	27.496141215885356	27.3342607985237	22.512769898037426
35	22.635373308823027	27.134717892759948	27.33080924023576	22.899099558181266
36	22.684028310182555	27.467847693827462	27.1579437758458	22.69018022014418
37	22.5545319773579	27.345787732069272	27.249571640689062	22.85010864988377
38	22.58603203903992	27.26870369875307	27.225924375305176	22.919339886901835
39	22.495787558448104	27.410468966185803	27.280472145541985	22.813271329824108
40	22.549387446224678	27.33846618197483	27.453244572477136	22.658901799323353
41	22.80327086796281	27.285294112259205	27.244248417338635	22.667186602439354
42	22.70573181966138	27.378100156179062	27.287911745274187	22.62825627888537
43	22.664888986735544	27.55032203025773	27.195310222541174	22.58947876046555
44	22.742802339458564	27.237726119074836	27.121076469427884	22.898395072038717
45	22.58162219225726	27.462977462066775	27.277649162171823	22.677751183504146
46	22.61377728093173	27.674940676463322	27.04419039216176	22.66709165044319
47	22.656570903373925	27.413218587164685	27.173005568786557	22.757204940674836
48	22.651448787391935	27.817300083494466	27.34496168662202	22.18628944249157
49	22.8541496875074	27.974050323178794	27.470854732943025	21.70094525637078
50	22.91547960713533	27.737591209184465	27.476885104512178	21.870044079168025
>>END_MODULE
>>Per base GC content	pass
#Base	%GC
1	45.98423971962297
2	45.658622594768104
3	45.714507632037275
4	45.73831567755941
5	46.06419339971989
6	45.43286726482133
7	45.537370844644485
8	45.63241357389365
9	45.432843138243896
10	45.41849236311235
11	45.882820697819405
12	45.207396841281245
13	45.32692207351204
14	45.40323992982478
15	45.280851410575806
16	45.09925517978616
17	45.71675168666906
18	45.22329135342012
19	45.365401151503676
20	45.6204507208224
21	45.44734032614769
22	45.22765649489281
23	45.547554525695105
24	45.197949273725115
25	45.397117433021236
26	45.488144498847554
27	45.301522806297825
28	45.30032670595217
29	45.528837564775856
30	45.237625893134506
31	45.36197534853226
32	45.3831121937326
33	45.30303407783882
34	45.16959798559094
35	45.5344728670043
36	45.37420853032674
37	45.40464062724167
38	45.50537192594176
39	45.30905888827221
40	45.20828924554803
41	45.47045747040216
42	45.333988098546754
43	45.254367747201094
44	45.64119741149728
45	45.259373375761406
46	45.28086893137491
47	45.41377584404876
48	44.83773822988351
49	44.55509494387818
50	44.78552368630336
>>END_MODULE
>>Per sequence GC content	pass
#GC Content	Count
0	6111.0
1	5154.0
2	3956.5
3	4055.0
4	4462.5
5	5131.0
6	5930.0
7	6932.5
8	7952.0
9	9791.0
10	11873.5
11	15454.5
12	19142.5
13	24670.5
14	31228.0
15	41797.5
16	53344.5
17	69982.0
18	87891.5
19	110917.5
20	134895.5
21	164783.5
22	195621.5
23	233479.5
24	273654.0
25	310838.0
26	354374.0
27	405912.5
28	461027.0
29	521533.5
30	583004.0
31	648204.5
32	717051.5
33	788165.5
34	860517.0
35	924386.0
36	983126.0
37	1026144.0
38	1059432.0
39	1084750.0
40	1108087.5
41	1123063.0
42	1135314.0
43	1135840.0
44	1132217.0
45	1120073.0
46	1107427.0
47	1088198.0
48	1066702.5
49	1044912.5
50	1022168.5
51	998793.0
52	973045.5
53	944914.5
54	917347.5
55	889576.5
56	858290.5
57	818636.5
58	776689.5
59	727843.5
60	676905.5
61	620739.0
62	564378.0
63	515267.5
64	457297.0
65	402763.0
66	350948.0
67	303651.0
68	257215.5
69	215887.0
70	179741.5
71	149069.0
72	122442.0
73	99893.5
74	78929.5
75	63188.5
76	51391.5
77	40756.0
78	31081.5
79	24153.5
80	18380.5
81	13849.5
82	10291.5
83	7956.5
84	5944.0
85	4665.0
86	3628.0
87	2909.0
88	2370.5
89	1961.0
90	1665.0
91	1449.5
92	1264.0
93	1188.0
94	1128.0
95	1118.0
96	1130.5
97	1227.0
98	1761.5
99	6336.5
100	10478.0
>>END_MODULE
>>Per base N content	pass
#Base	N-Count
1	0.008785946877968688
2	0.009979446039325405
3	0.012512129705678623
4	0.022844582539208128
5	0.011800512834822743
6	0.01694992940424444
7	0.014406039172995856
8	0.028963366972079182
9	0.017784818488949375
10	0.029792652774336428
11	0.010125131382965192
12	0.019600282001999026
13	0.020726541773983535
14	0.015560315357218782
15	0.016675368564307923
16	0.03136717514213566
17	0.02141574551504868
18	0.01630555192276077
19	0.025887164908300602
20	0.030224105522808103
21	0.01764809694687923
22	0.0163364078584139
23	0.021427039718395848
24	0.031071193509236705
25	0.017806726089167238
26	0.026487401054848137
27	0.028896017620947186
28	0.03284260892713233
29	0.026773605880880735
30	0.028464853714048464
31	0.03568326337953193
32	0.023817264653281694
33	0.022630621496830244
34	0.024154212331598368
35	0.01950849152748822
36	0.00797707671883764
37	0.016239441083336904
38	0.014160273000237233
39	0.008138442475792828
40	0.008348749277285631
41	0.0072501319145843466
42	0.01126412553372618
43	0.00363337809337472
44	0.003974969901875115
45	0.002834515668117054
46	8.307394613521982E-4
47	0.0031391992822958365
48	8.71203796989795E-4
49	2.28202527382336E-4
50	8.50121375067276E-4
>>END_MODULE
>>Sequence Length Distribution	warn
#Length	Count
20	31730.0
21	32585.0
22	33765.0
23	34445.0
24	35444.0
25	36363.0
26	37848.0
27	38906.0
28	40874.0
29	43515.0
30	44461.0
31	46000.0
32	46989.0
33	46567.0
34	48291.0
35	49616.0
36	49678.0
37	52477.0
38	54555.0
39	57993.0
40	60750.0
41	64998.0
42	70048.0
43	84255.0
44	123213.0
45	210359.0
46	507039.0
47	1056820.0
48	2099088.0
49	2827068.0
50	9880942.0
>>END_MODULE
>>Sequence Duplication Levels	warn
#Total Duplicate Percentage	31.041787779956444
#Duplication Level	Relative count
1	100.0
2	20.187897406587126
3	8.14674573122812
4	3.9944273772951346
5	2.3783667928841896
6	1.5067514467385867
7	0.9952132599842823
8	0.7473029934986068
9	0.5251125241123098
10++	4.40594413088519
>>END_MODULE
>>Overrepresented sequences	pass
>>END_MODULE
>>Kmer Content	warn
#Sequence	Count	Obs/Exp Overall	Obs/Exp Max	Max Obs/Exp Position
AAAAA	4719280	4.0294957	5.056425	46
TTTTT	3996720	3.2852378	3.9184573	13
>>END_MODULE
