##FastQC	0.10.1
>>Basic Statistics	pass
#Measure	Value	
Filename	029-F5_S4_L004_R2_001_trimmed.fq.gz	
File type	Conventional base calls	
Encoding	Sanger / Illumina 1.9	
Total Sequences	23826970	
Filtered Sequences	0	
Sequence length	20-51	
%GC	45	
>>END_MODULE
>>Per base sequence quality	pass
#Base	Mean	Median	Lower Quartile	Upper Quartile	10th Percentile	90th Percentile
1	34.719420178058726	36.0	36.0	36.0	32.0	36.0
2	34.71300895581771	36.0	36.0	36.0	32.0	36.0
3	34.694550545033636	36.0	36.0	36.0	32.0	36.0
4	34.679612724572195	36.0	36.0	36.0	32.0	36.0
5	34.66948395033023	36.0	36.0	36.0	32.0	36.0
6	34.647751014921326	36.0	36.0	36.0	32.0	36.0
7	34.63971700975827	36.0	36.0	36.0	32.0	36.0
8	34.626439702572334	36.0	36.0	36.0	32.0	36.0
9	34.61012701153357	36.0	36.0	36.0	32.0	36.0
10	34.59033624501983	36.0	36.0	36.0	32.0	36.0
11	34.575572932689305	36.0	36.0	36.0	32.0	36.0
12	34.56070629207155	36.0	36.0	36.0	32.0	36.0
13	34.54133211230803	36.0	36.0	36.0	32.0	36.0
14	34.52600099802871	36.0	36.0	36.0	32.0	36.0
15	34.51482567863224	36.0	36.0	36.0	32.0	36.0
16	34.474238772282	36.0	36.0	36.0	32.0	36.0
17	34.473731993619	36.0	36.0	36.0	32.0	36.0
18	34.448116944789874	36.0	36.0	36.0	32.0	36.0
19	34.43938402574897	36.0	36.0	36.0	32.0	36.0
20	34.421572738791376	36.0	36.0	36.0	32.0	36.0
21	34.399956891246646	36.0	36.0	36.0	32.0	36.0
22	34.38730506585462	36.0	36.0	36.0	32.0	36.0
23	34.36481346075245	36.0	36.0	36.0	32.0	36.0
24	34.323189855382545	36.0	36.0	36.0	32.0	36.0
25	34.30735182973715	36.0	36.0	36.0	32.0	36.0
26	34.286252757853134	36.0	36.0	36.0	32.0	36.0
27	34.26841811962733	36.0	36.0	36.0	32.0	36.0
28	34.22479766500574	36.0	36.0	36.0	32.0	36.0
29	34.21431539140235	36.0	36.0	36.0	32.0	36.0
30	34.177977184796845	36.0	36.0	36.0	32.0	36.0
31	34.148192083521444	36.0	36.0	36.0	32.0	36.0
32	34.12980293418815	36.0	36.0	36.0	32.0	36.0
33	34.0742514900145	36.0	36.0	36.0	32.0	36.0
34	34.036236386240965	36.0	36.0	36.0	32.0	36.0
35	34.024112054122185	36.0	36.0	36.0	32.0	36.0
36	34.00635082898929	36.0	36.0	36.0	32.0	36.0
37	33.97860317611408	36.0	36.0	36.0	32.0	36.0
38	33.946678105781864	36.0	36.0	36.0	32.0	36.0
39	33.920535320647986	36.0	36.0	36.0	32.0	36.0
40	33.901187606182155	36.0	36.0	36.0	32.0	36.0
41	33.86162296132304	36.0	36.0	36.0	32.0	36.0
42	33.83877177815874	36.0	36.0	36.0	32.0	36.0
43	33.82375408096437	36.0	36.0	36.0	32.0	36.0
44	33.8139920013837	36.0	36.0	36.0	27.0	36.0
45	33.80159095292254	36.0	36.0	36.0	27.0	36.0
46	33.77965203071657	36.0	36.0	36.0	27.0	36.0
47	33.779817220341826	36.0	36.0	36.0	27.0	36.0
48	33.79514233484553	36.0	36.0	36.0	27.0	36.0
49	33.83478010167148	36.0	36.0	36.0	27.0	36.0
50	33.938853392612124	36.0	36.0	36.0	32.0	36.0
51	34.093380855820506	36.0	36.0	36.0	32.0	36.0
>>END_MODULE
>>Per sequence quality scores	pass
#Quality	Count
2	1.0
3	2.0
4	0.0
5	0.0
6	8.0
7	17.0
8	17.0
9	24.0
10	43.0
11	50.0
12	49.0
13	51.0
14	1547.0
15	3008.0
16	5367.0
17	9222.0
18	14425.0
19	22660.0
20	34164.0
21	49359.0
22	70103.0
23	98308.0
24	133975.0
25	180320.0
26	237269.0
27	306184.0
28	388276.0
29	487841.0
30	612044.0
31	785471.0
32	1057553.0
33	1570029.0
34	2964154.0
35	1.077915E7
36	4016279.0
>>END_MODULE
>>Per base sequence content	pass
#Base	G	A	T	C
1	22.8584441910995	26.57969090284642	27.18559784498521	23.376267061068866
2	22.75193227781554	26.457663309981534	27.46118949979779	23.329214912405142
3	22.781276398711192	26.57653780027875	27.313165590638395	23.329020210371667
4	22.890146883705327	26.423038199903605	27.45893506585516	23.227879850535913
5	23.118913893085853	26.468972729850883	27.0099931214057	23.402120255657568
6	22.677526732205354	26.7682959842828	27.229667596038464	23.324509687473373
7	22.702324980712987	26.75440892044894	27.228587616429827	23.31467848240824
8	22.872048033533318	26.591897751413327	27.23887977997012	23.29717443508323
9	22.605392817386157	26.77337229105153	27.440357291118467	23.180877600443846
10	22.78247837556205	26.807881581534076	27.231741214870098	23.17789882803378
11	23.103806891795266	26.79830563422538	27.00637003093684	23.09151744304252
12	22.526062083630347	26.925591609634175	27.40323418974688	23.145112116988603
13	22.73637496899894	26.73955656219546	27.42408764549722	23.099980823308382
14	22.728683146614454	26.500490537093523	27.560386427809203	23.210439888482817
15	22.661774120992504	26.796554976755132	27.393938345933204	23.14773255631916
16	22.856942111152048	27.164501374120697	27.15891070620461	22.819645808522644
17	22.993469701189763	26.836406252177287	26.99999949633914	23.17012455029381
18	22.84948741375889	27.13555354982467	27.074911530143215	22.940047506273224
19	22.8964777100152	26.95110580594552	27.241190077913323	22.911226406125955
20	22.88246125517876	26.720449865341244	27.205710766891777	23.191378112588218
21	22.86840957498969	26.933119289402857	27.233731699723325	22.964739435884127
22	22.798315741252885	26.928319394825746	27.303995675545035	22.969369188376337
23	22.92117137239	26.721573762274488	27.137888370162216	23.219366495173297
24	22.77628337427693	27.104744730762594	27.227569169881033	22.891402725079445
25	22.845487268884295	26.993801945948714	27.132036839853647	23.028673945313344
26	22.96400235240913	27.110210554555508	26.95179392868855	22.97399316434682
27	22.77907094958126	27.163420964681794	27.172590741285507	22.884917344451434
28	22.74892759524001	27.037231796355027	27.107195737326617	23.106644871078345
29	22.898185167685355	26.923313259626568	27.1694370390314	23.009064533656673
30	22.84428023429261	27.053313164461574	27.16313058629479	22.939276014951023
31	22.931834599327434	27.01391342608951	27.076593413848567	22.97765856073449
32	22.885431970005893	27.004485332987866	27.019462893385217	23.090619803621024
33	22.765611733868006	27.029797523080923	27.18830404936108	23.016286693689995
34	22.95248477471998	27.246290437243882	27.053829817574204	22.747394970461933
35	22.95628079066806	27.025393068217042	26.952210286586748	23.06611585452815
36	23.02844148562289	27.251725020058625	26.89905522179639	22.82077827252209
37	22.804433758720794	27.095654433496243	27.074621289671185	23.025290518111778
38	22.799651627725048	26.911762628034225	27.104005394785492	23.184580349455235
39	22.68404305403412	27.082196246121025	27.19714962802144	23.036611071823412
40	22.857227779696736	27.096635487660166	27.13048778802003	22.91564894462307
41	23.043460726422467	27.109298413244296	26.970663367056254	22.876577493276983
42	22.901406176716456	27.29040948383701	26.96866852982691	22.839515809619627
43	22.93407897700498	27.249747695665054	26.96823833869566	22.847934988634304
44	22.968537177832914	27.004396438015426	26.93098049624245	23.09608588790921
45	22.756214858883528	27.127428968615625	27.173874104257095	22.942482068243752
46	22.867595224561992	27.173535323721087	26.940248101573594	23.018621350143327
47	22.872719872185655	27.132370299258856	27.014160608657594	22.980749219897888
48	22.881302582144848	27.46389166370708	27.07522654196416	22.579579212183916
49	23.150221458324957	27.466393497657865	26.980788237759896	22.402596806257282
50	23.137223966720786	27.616198451517153	27.143471167882883	22.103106413879175
51	22.775853304968276	27.921726252110123	27.35551549723566	21.946904945685937
>>END_MODULE
>>Per base GC content	pass
#Base	%GC
1	46.23471125216837
2	46.08114719022068
3	46.11029660908286
4	46.11802673424124
5	46.521034148743425
6	46.00203641967873
7	46.01700346312123
8	46.16922246861655
9	45.78627041783
10	45.960377203595826
11	46.195324334837785
12	45.67117420061895
13	45.83635579230732
14	45.939123035097275
15	45.80950667731166
16	45.676587919674695
17	46.16359425148357
18	45.78953492003212
19	45.80770411614116
20	46.073839367766986
21	45.83314901087382
22	45.76768492962922
23	46.140537867563296
24	45.667686099356374
25	45.87416121419764
26	45.93799551675594
27	45.6639882940327
28	45.85557246631836
29	45.90724970134203
30	45.78355624924363
31	45.90949316006193
32	45.97605177362692
33	45.781898427558005
34	45.69987974518192
35	46.02239664519621
36	45.84921975814498
37	45.829724276832565
38	45.984231977180286
39	45.720654125857536
40	45.77287672431981
41	45.92003821969946
42	45.74092198633608
43	45.78201396563929
44	46.064623065742126
45	45.69869692712728
46	45.886216574705315
47	45.85346909208355
48	45.46088179432876
49	45.55281826458224
50	45.240330380599964
51	44.722758250654216
>>END_MODULE
>>Per sequence GC content	pass
#GC Content	Count
0	9018.0
1	8247.0
2	6321.5
3	5385.5
4	5750.0
5	6718.0
6	7802.0
7	9300.5
8	10806.0
9	13254.0
10	15874.5
11	20321.0
12	24828.5
13	32143.0
14	40126.5
15	53856.0
16	68260.0
17	89549.5
18	111952.5
19	141335.0
20	171726.0
21	210130.5
22	249045.5
23	297233.0
24	346889.5
25	396037.5
26	487364.0
27	550048.5
28	620298.0
29	692429.5
30	767118.0
31	843863.0
32	924347.5
33	1005603.5
34	1085266.0
35	1164796.5
36	1234388.0
37	1298532.5
38	1344692.0
39	1391375.0
40	1418958.0
41	1442476.5
42	1456495.0
43	1462914.0
44	1451474.0
45	1436385.5
46	1418264.5
47	1398290.0
48	1372483.5
49	1346334.5
50	1322522.0
51	1297707.0
52	1271523.0
53	1245620.5
54	1220733.5
55	1191417.5
56	1153901.5
57	1113780.5
58	1062727.5
59	1003558.0
60	938370.0
61	867374.5
62	794129.0
63	725128.5
64	648361.0
65	573744.5
66	505152.5
67	438001.0
68	376301.5
69	316878.0
70	269001.0
71	224793.5
72	188372.0
73	153783.0
74	124997.0
75	93252.0
76	77624.0
77	63848.0
78	50680.5
79	40818.5
80	31970.5
81	26155.0
82	21085.5
83	16986.5
84	13187.0
85	10662.0
86	8422.5
87	7045.5
88	5768.5
89	4794.5
90	3923.0
91	3423.5
92	3023.0
93	2707.0
94	2439.5
95	2443.5
96	2431.0
97	2616.5
98	3335.5
99	17642.0
100	31437.0
>>END_MODULE
>>Per base N content	pass
#Base	N-Count
1	0.0036471276037196502
2	0.002879090375318389
3	0.005174808211031449
4	0.004389983283648739
5	0.0036974907006639955
6	0.0035254167861041496
7	0.0056784391804748984
8	0.004679571091078723
9	0.0033449490220535806
10	0.002879090375318389
11	0.0069417135288288865
12	0.0032987828498545974
13	0.004914598876818999
14	0.004385786358903377
15	0.0044655279290652565
16	0.006513627204801953
17	0.005934451589941985
18	0.007999338564660131
19	0.004763509585985965
20	0.003433084441706184
21	0.003889543196488832
22	0.006829704910401939
23	0.00605844981283612
24	0.009350166396999688
25	0.00804750657675903
26	0.006926369841548879
27	0.005102104916397667
28	0.008293896063865476
29	0.004441481555014895
30	0.004512782305740916
31	0.006356627534699853
32	0.004674608844342684
33	0.0034854393177879564
34	0.008512698817376678
35	0.008071810233481027
36	0.004418263820333591
37	0.0048205921699410095
38	0.006112113537708427
39	0.006430883452848287
40	0.006142942880346867
41	0.006461122609861021
42	0.006640041862951138
43	0.005290242337742464
44	0.004205267631212196
45	0.002636042313661098
46	0.005873826307143104
47	0.002657670192509122
48	0.0037722906626921735
49	0.0025764542387799625
50	0.004444949391761763
51	0.003223910971110228
>>END_MODULE
>>Sequence Length Distribution	warn
#Length	Count
20	45257.0
21	47159.0
22	48627.0
23	49984.0
24	50998.0
25	51694.0
26	52746.0
27	53638.0
28	56287.0
29	59019.0
30	60238.0
31	62217.0
32	64331.0
33	65108.0
34	66064.0
35	66045.0
36	67296.0
37	69455.0
38	72311.0
39	74626.0
40	78132.0
41	80940.0
42	85068.0
43	94372.0
44	112998.0
45	162427.0
46	281561.0
47	700153.0
48	1447638.0
49	2929975.0
50	3922115.0
51	1.2748491E7
>>END_MODULE
>>Sequence Duplication Levels	warn
#Total Duplicate Percentage	34.90595294940018
#Duplication Level	Relative count
1	100.0
2	22.058623349516765
3	9.593599225615197
4	5.317845637279368
5	3.2079495439901993
6	2.0161229335874284
7	1.4474340941059032
8	1.0020115855226341
9	0.8038779738947623
10++	5.799567433489118
>>END_MODULE
>>Overrepresented sequences	warn
#Sequence	Count	Percentage	Possible Source
GGGGGGGGGGGGGGGGGGGGGGGGGGGGGGGGGGGGGGGGGGGGGGGGGGG	25263	0.10602690984208231	No Hit
>>END_MODULE
>>Kmer Content	warn
#Sequence	Count	Obs/Exp Overall	Obs/Exp Max	Max Obs/Exp Position
AAAAA	6429125	4.2072363	5.0921893	47
GGGGG	2471305	3.6942286	5.256377	47
TTTTT	5614720	3.5470166	3.9487486	47
>>END_MODULE
