##FastQC	0.10.1
>>Basic Statistics	pass
#Measure	Value	
Filename	006-F0_S6_L004_R2_001.fastq.gz	
File type	Conventional base calls	
Encoding	Sanger / Illumina 1.9	
Total Sequences	22170366	
Filtered Sequences	0	
Sequence length	35-76	
%GC	46	
>>END_MODULE
>>Per base sequence quality	pass
#Base	Mean	Median	Lower Quartile	Upper Quartile	10th Percentile	90th Percentile
1	31.407043438074048	32.0	32.0	32.0	32.0	32.0
2	31.11887300372037	32.0	32.0	32.0	32.0	32.0
3	31.154940563453035	32.0	32.0	32.0	32.0	32.0
4	31.200432144421974	32.0	32.0	32.0	32.0	32.0
5	31.14719035310468	32.0	32.0	32.0	32.0	32.0
6	34.80970977204436	36.0	36.0	36.0	36.0	36.0
7	34.80229081468479	36.0	36.0	36.0	36.0	36.0
8	34.71646706238408	36.0	36.0	36.0	32.0	36.0
9	34.869213435628446	36.0	36.0	36.0	36.0	36.0
10-14	34.749599641250846	36.0	36.0	36.0	32.8	36.0
15-19	34.650483099827944	36.0	36.0	36.0	32.0	36.0
20-24	34.577902394574814	36.0	36.0	36.0	32.0	36.0
25-29	34.500527749519335	36.0	36.0	36.0	32.0	36.0
30-34	34.41110519330172	36.0	36.0	36.0	32.0	36.0
35-39	34.36192044876147	36.0	36.0	36.0	32.0	36.0
40-44	34.270196305940274	36.0	36.0	36.0	32.0	36.0
45-49	34.137751710914664	36.0	36.0	36.0	32.0	36.0
50-54	33.97685068115552	36.0	36.0	36.0	32.0	36.0
55-59	33.817972359069906	36.0	36.0	36.0	30.0	36.0
60-64	33.66448277114583	36.0	36.0	36.0	27.0	36.0
65-69	33.53350193111046	36.0	36.0	36.0	27.0	36.0
70-74	33.40022271970004	36.0	36.0	36.0	27.0	36.0
75-76	32.44041590642486	36.0	34.0	36.0	20.5	36.0
>>END_MODULE
>>Per sequence quality scores	pass
#Quality	Count
2	40376.0
3	75.0
4	259.0
5	127.0
6	83.0
7	59.0
8	29.0
9	17.0
10	35.0
11	60.0
12	76.0
13	92.0
14	2022.0
15	7011.0
16	10490.0
17	13208.0
18	16959.0
19	22050.0
20	30059.0
21	42382.0
22	60217.0
23	85947.0
24	123373.0
25	171290.0
26	231103.0
27	302250.0
28	385377.0
29	484780.0
30	608886.0
31	782841.0
32	1064912.0
33	1635088.0
34	3451140.0
35	1.2597693E7
>>END_MODULE
>>Per base sequence content	fail
#Base	G	A	T	C
1	44.035251054960064	18.334317827141568	11.692794544804562	25.93763657309381
2	16.601724915819347	18.764319570183964	37.95764431030622	26.676311203690474
3	20.090358893595003	20.987847079039742	27.86104297978731	31.060751047577945
4	13.714485966104636	14.553885169332215	35.771480138531395	35.960148726031754
5	15.608300088088638	34.15391842614242	34.54700053529189	15.690780950477048
6	34.626952310562906	34.48218910026474	16.529964936177844	14.360893652994505
7	30.417417733599706	28.970412067440805	20.75895530110535	19.853214897854144
8	26.19748728690593	34.78390383607508	20.120064821935344	18.898544055083644
9	24.779586472449488	15.766194843294354	20.662328070986394	38.791890613269764
10-14	24.284506249155406	22.897490121353474	28.253664757155317	24.564338872335806
15-19	22.82022505331432	27.84521413078076	26.062496857503557	23.27206395840136
20-24	22.893956493883998	26.564498119170292	27.312374981587674	23.229170405358033
25-29	22.824205242835983	26.651299841238917	27.15730583166524	23.367189084259863
30-34	22.82653467363986	26.67459048549542	27.2771606271274	23.22171421373732
35-39	22.90578136238137	26.924049148628328	27.08109622181715	23.089073267173156
40-44	22.954089813830958	26.83819078091556	27.13926766761735	23.06845173763613
45-49	22.96643150559998	26.979998144444966	26.9361592090118	23.117411140943247
50-54	22.93258553871232	27.084740097382483	26.955640525908635	23.027033837996562
55-59	22.979537300355418	27.043196920417444	26.823163955703222	23.154101823523913
60-64	23.065871303513372	27.081834700426406	26.833248631367546	23.019045364692676
65-69	23.110143410152233	27.242225728882563	26.74804123796105	22.89958962300415
70-74	23.386024481402163	27.465579010057645	26.70754374827965	22.440852760260537
75-76	27.558614777715164	34.78312206814989	27.570425520093345	10.087837634041607
>>END_MODULE
>>Per base GC content	fail
#Base	%GC
1	69.97288762805387
2	43.278036119509814
3	51.15110994117295
4	49.674634692136394
5	31.29908103856569
6	48.98784596355741
7	50.27063263145385
8	45.09603134198957
9	63.57147708571925
10-14	48.84884512149121
15-19	46.09228901171568
20-24	46.12312689924203
25-29	46.19139432709585
30-34	46.04824888737718
35-39	45.994854629554524
40-44	46.022541551467086
45-49	46.08384264654323
50-54	45.95961937670888
55-59	46.133639123879334
60-64	46.08491666820605
65-69	46.00973303315638
70-74	45.82687724166271
75-76	37.64645241175677
>>END_MODULE
>>Per sequence GC content	warn
#GC Content	Count
0	40410.0
1	20262.5
2	156.0
3	249.0
4	306.5
5	391.5
6	618.0
7	915.0
8	1070.5
9	1323.0
10	2081.5
11	3252.5
12	3953.0
13	4917.0
14	7303.0
15	11082.0
16	16945.5
17	21534.5
18	28611.0
19	42793.5
20	61028.5
21	74320.5
22	92748.0
23	125342.5
24	160696.5
25	185226.0
26	216007.0
27	266092.5
28	316499.0
29	351386.5
30	394452.5
31	461620.5
32	527292.0
33	571149.5
34	627903.0
35	712957.0
36	784279.5
37	828532.0
38	865819.0
39	906947.0
40	926351.0
41	931557.0
42	941526.5
43	952682.0
44	952011.5
45	941331.0
46	936245.0
47	927899.5
48	908060.0
49	883988.5
50	868948.0
51	853343.0
52	828628.5
53	804736.0
54	791314.0
55	776026.0
56	750311.5
57	723526.0
58	699438.0
59	661629.0
60	608603.0
61	549960.5
62	501802.5
63	455490.5
64	395640.5
65	339270.5
66	282938.5
67	242645.5
68	210778.5
69	172414.5
70	135492.5
71	109884.0
72	91772.0
73	73402.0
74	56697.0
75	45241.0
76	38343.5
77	30830.0
78	23348.0
79	18952.5
80	16421.0
81	12919.5
82	9346.5
83	7345.0
84	6098.0
85	4788.0
86	3650.5
87	3019.5
88	2667.5
89	2300.0
90	2039.0
91	1854.5
92	1760.0
93	1672.5
94	1575.0
95	1509.0
96	1458.0
97	1521.0
98	1827.5
99	13515.5
100	24960.0
>>END_MODULE
>>Per base N content	pass
#Base	N-Count
1	0.1981744460150094
2	0.20714137060254215
3	0.18917594774935154
4	0.18531944849264104
5	0.1821530596292366
6	0.18237858590155887
7	0.18374076458638527
8	0.18411964872388664
9	0.18670417980469967
10-14	0.18684220188336087
15-19	0.1906066864209639
20-24	0.19181189882025404
25-29	0.19181099671516474
30-34	0.1923811271315954
35-39	0.04823816448028586
40-44	0.011938498120353946
45-49	0.012242627142049593
50-54	0.01150696871801329
55-59	0.011819306042727247
60-64	0.01186211855967478
65-69	0.009306337463599462
70-74	0.009755962240687603
75-76	0.010006380337310257
>>END_MODULE
>>Sequence Length Distribution	warn
#Length	Count
35	53501.0
36	19153.0
37	25408.0
38	27834.0
39	30594.0
40	30288.0
41	31056.0
42	32696.0
43	35494.0
44	37932.0
45	41430.0
46	42975.0
47	45070.0
48	47088.0
49	48651.0
50	48703.0
51	49142.0
52	49953.0
53	50786.0
54	53593.0
55	55264.0
56	56794.0
57	59022.0
58	60338.0
59	61366.0
60	62477.0
61	61285.0
62	61697.0
63	61956.0
64	64639.0
65	65940.0
66	67617.0
67	69938.0
68	69652.0
69	74791.0
70	79640.0
71	95608.0
72	178226.0
73	544984.0
74	1447834.0
75	4640000.0
76	1.3429951E7
>>END_MODULE
>>Sequence Duplication Levels	warn
#Total Duplicate Percentage	33.70040374470761
#Duplication Level	Relative count
1	100.0
2	22.365945088974826
3	9.121957001674298
4	4.850276333140715
5	2.775184839460076
6	1.7276377591086218
7	1.1823798728719386
8	0.7986250018520988
9	0.5785956646071329
10++	4.767302306974263
>>END_MODULE
>>Overrepresented sequences	warn
#Sequence	Count	Percentage	Possible Source
NNNNNNNNNNNNNNNNNNNNNNNNNNNNNNNNNNN	40376	0.18211697542566505	No Hit
GGGGGGGGGGGGGGGGGGGGGGGGGGGGGGGGGGGGGGGGGGGGGGGGGG	24590	0.11091382072808362	No Hit
>>END_MODULE
>>Kmer Content	warn
#Sequence	Count	Obs/Exp Overall	Obs/Exp Max	Max Obs/Exp Position
AAAAA	7832290	3.8114247	7.7685046	72
GGGGG	3948795	3.6310048	6.508777	72
TTTTT	6965670	3.256394	5.6921754	72
CCTGG	3648245	2.9839478	11.561438	3
CCAGG	3503430	2.8885877	12.083598	3
CCCAG	3341015	2.779853	10.52152	2
CTGGG	3283730	2.6614807	9.704535	4
CCAGC	3082850	2.56505	6.54493	3
CAGCA	3498080	2.5395052	6.922948	4
TGCTG	3508810	2.4840374	7.1898274	2
GGAGG	3048265	2.4679832	5.5576234	6
GCTGG	3008200	2.4381623	6.043316	3
TCCAG	3358370	2.4185946	9.681266	2
CTCCA	3221390	2.3411493	7.3285465	1
CTCCT	3226555	2.326162	6.9753857	1
CAGCC	2786660	2.3186085	5.1283164	9
CAGGA	3211250	2.3101606	9.709675	4
AGGAG	3212135	2.2898688	6.741272	5
CTGCT	3179415	2.2714164	6.418002	9
CTGGA	3177885	2.2678866	8.760262	4
TCCTG	3170510	2.2650547	9.557447	2
GGCTG	2772490	2.247118	7.7108455	7
CCTGC	2677750	2.2101846	6.33456	3
CAGAG	3044660	2.1903164	7.0932784	4
CTGCA	3037170	2.187276	6.4800715	4
CCCTG	2643520	2.1819315	8.629248	2
GCTGC	2662270	2.1775057	5.342189	8
CTCTG	3044385	2.1749494	7.294991	2
GGCAG	2659645	2.1730237	5.5088863	7
CTGCC	2630050	2.1708133	5.5326657	9
GCAGG	2653855	2.1682932	6.22277	3
TGCAG	3019155	2.1546094	6.6531267	2
CTTCT	3447280	2.151139	5.009754	1
GCCTG	2572195	2.1038322	6.348529	7
CACAG	2894555	2.1013634	6.923108	7
TGGAG	2958605	2.0922754	6.325372	5
CAGGG	2557400	2.0894861	8.523943	4
CTGTG	2907115	2.0580714	8.881016	9
AGCTG	2854090	2.0368114	5.5891013	7
CCCCA	2407400	2.0213568	6.364077	1
CAGGC	2410385	1.9873692	5.673775	4
GGAGA	2756315	1.9649234	5.3201847	6
CTCAG	2727055	1.9639409	5.922076	2
CTGGC	2400465	1.9633719	5.107971	4
CAGAA	3071510	1.9455719	5.2464647	4
CTGAG	2712210	1.9355593	5.483486	4
TTCTG	3030780	1.8741096	5.306612	2
CCTCT	2592240	1.8688571	5.2844596	1
TCCCA	2558555	1.8594332	5.0630584	2
CCAGA	2554915	1.8547946	6.536101	3
CAGTG	2587835	1.8467995	6.1654725	9
CACTG	2553505	1.8389553	7.2679152	7
TGGGG	2264370	1.8186619	5.4345655	5
GGCCA	2200730	1.8145078	5.6417956	1
TCTGG	2529610	1.7908196	6.0546536	3
ACCTG	2467810	1.7772404	5.0417385	7
TGGCC	2119015	1.7331704	5.033056	5
ACAGA	2687590	1.7023873	5.6443644	8
CCTGA	2363430	1.7020692	5.4943213	3
GTGTG	2416840	1.6954886	7.658331	1
GCCCA	2029365	1.6885098	6.5117664	1
ACACA	2641190	1.688287	6.315886	6
GAGAG	2360245	1.682573	5.1847725	7
TGTGT	2702425	1.6559339	6.4047656	10
CACAC	2242600	1.642943	6.3623075	5
TCAGG	2285945	1.6313567	5.505908	3
CCTGT	2268815	1.6208718	5.367194	8
TGGGC	1946845	1.5779283	5.8368425	5
ACAGC	2072485	1.5045644	5.4722905	8
GCTGT	2104105	1.4895862	5.261932	8
CTGTC	2057450	1.4698697	5.884251	9
GCCCT	1760820	1.4533609	5.6764207	1
GACAG	1999340	1.4383173	6.516255	7
GGGCT	1749415	1.4179101	5.498737	6
AGACA	2191885	1.3883954	5.135592	6
AGGGC	1667370	1.3623002	5.0907493	5
GTCCT	1837480	1.3127203	8.89947	1
GGACA	1814290	1.3051931	5.9550366	6
GTGCT	1789930	1.2671683	6.245812	1
ACTGC	1722965	1.2408261	5.011303	8
TGTGC	1747985	1.2374736	5.9991956	10
AGGAC	1715770	1.2343184	8.108058	5
AGCAC	1679700	1.2194138	5.453338	5
GTCCA	1676340	1.2072482	6.8407755	1
GTCTT	1837565	1.1362748	5.5282993	1
ACAGT	1784190	1.1211184	5.411294	8
GTCCC	1356415	1.1195697	5.106326	1
GTGCA	1563460	1.1157578	5.7994757	1
TGGAC	1545150	1.1026909	5.900899	5
ACTGT	1765545	1.1005361	6.4059753	8
TGCAC	1521435	1.0956906	5.1920757	5
GACTG	1459820	1.0417955	5.801074	7
GGACC	1211715	0.9990623	5.083453	6
CTACA	1523580	0.9661109	5.0221024	4
TGTAG	1539920	0.9512012	5.203335	2
GGACT	1327045	0.9470411	5.132635	6
TCCTA	1275510	0.8023442	5.3032804	2
TAGGA	1276775	0.79501164	5.129111	4
GTGTA	1138570	0.7032892	5.888119	1
>>END_MODULE
