##FastQC	0.10.1
>>Basic Statistics	pass
#Measure	Value	
Filename	030-F5_S6_L004_R1_001_trimmed.fq.gz	
File type	Conventional base calls	
Encoding	Sanger / Illumina 1.9	
Total Sequences	9749328	
Filtered Sequences	0	
Sequence length	20-51	
%GC	42	
>>END_MODULE
>>Per base sequence quality	pass
#Base	Mean	Median	Lower Quartile	Upper Quartile	10th Percentile	90th Percentile
1	35.14424635215884	36.0	36.0	36.0	36.0	36.0
2	35.12799066766448	36.0	36.0	36.0	36.0	36.0
3	35.11211695821497	36.0	36.0	36.0	36.0	36.0
4	35.10454761599979	36.0	36.0	36.0	36.0	36.0
5	35.07871352774263	36.0	36.0	36.0	36.0	36.0
6	35.041239662877274	36.0	36.0	36.0	36.0	36.0
7	35.01878991044306	36.0	36.0	36.0	36.0	36.0
8	35.004233830270145	36.0	36.0	36.0	36.0	36.0
9	34.99138863724761	36.0	36.0	36.0	36.0	36.0
10	34.95417407230529	36.0	36.0	36.0	36.0	36.0
11	34.95886239543895	36.0	36.0	36.0	36.0	36.0
12	34.934149922948535	36.0	36.0	36.0	36.0	36.0
13	34.928196384407215	36.0	36.0	36.0	36.0	36.0
14	34.913750157959605	36.0	36.0	36.0	36.0	36.0
15	34.90447423658328	36.0	36.0	36.0	36.0	36.0
16	34.88753081238009	36.0	36.0	36.0	36.0	36.0
17	34.86847790945181	36.0	36.0	36.0	36.0	36.0
18	34.85696029510957	36.0	36.0	36.0	36.0	36.0
19	34.817271405783046	36.0	36.0	36.0	36.0	36.0
20	34.82794711594481	36.0	36.0	36.0	36.0	36.0
21	34.80448513902698	36.0	36.0	36.0	36.0	36.0
22	34.80150219033386	36.0	36.0	36.0	36.0	36.0
23	34.78496120236756	36.0	36.0	36.0	36.0	36.0
24	34.769569672586655	36.0	36.0	36.0	36.0	36.0
25	34.76290114883647	36.0	36.0	36.0	36.0	36.0
26	34.734629751748564	36.0	36.0	36.0	36.0	36.0
27	34.731563571679594	36.0	36.0	36.0	36.0	36.0
28	34.715409812662344	36.0	36.0	36.0	32.0	36.0
29	34.699746679371586	36.0	36.0	36.0	32.0	36.0
30	34.68661846723715	36.0	36.0	36.0	32.0	36.0
31	34.6671176551685	36.0	36.0	36.0	32.0	36.0
32	34.65390612721429	36.0	36.0	36.0	32.0	36.0
33	34.59953860713482	36.0	36.0	36.0	32.0	36.0
34	34.59411780388693	36.0	36.0	36.0	32.0	36.0
35	34.55786504280955	36.0	36.0	36.0	32.0	36.0
36	34.53854480134788	36.0	36.0	36.0	32.0	36.0
37	34.534669030786134	36.0	36.0	36.0	32.0	36.0
38	34.505713048664525	36.0	36.0	36.0	32.0	36.0
39	34.4794978552284	36.0	36.0	36.0	32.0	36.0
40	34.47296867892379	36.0	36.0	36.0	32.0	36.0
41	34.4549150008779	36.0	36.0	36.0	32.0	36.0
42	34.41429992029752	36.0	36.0	36.0	32.0	36.0
43	34.40399450272978	36.0	36.0	36.0	32.0	36.0
44	34.37653698663925	36.0	36.0	36.0	32.0	36.0
45	34.365691470143226	36.0	36.0	36.0	32.0	36.0
46	34.334212160233676	36.0	36.0	36.0	32.0	36.0
47	34.34869770004625	36.0	36.0	36.0	32.0	36.0
48	34.321944798721894	36.0	36.0	36.0	32.0	36.0
49	34.37441890583254	36.0	36.0	36.0	32.0	36.0
50	34.42924513809511	36.0	36.0	36.0	32.0	36.0
51	34.5359559192208	36.0	36.0	36.0	32.0	36.0
>>END_MODULE
>>Per sequence quality scores	pass
#Quality	Count
7	1.0
8	2.0
9	4.0
10	3.0
11	14.0
12	15.0
13	26.0
14	57.0
15	94.0
16	256.0
17	511.0
18	1130.0
19	2410.0
20	4437.0
21	7711.0
22	12493.0
23	19516.0
24	29779.0
25	44063.0
26	63057.0
27	87902.0
28	118107.0
29	156271.0
30	202301.0
31	264552.0
32	354109.0
33	517806.0
34	982566.0
35	4336454.0
36	2543681.0
>>END_MODULE
>>Per base sequence content	pass
#Base	G	A	T	C
1	21.311247734319636	27.62359144712137	27.739569254300754	23.32559156425824
2	21.773150216194676	28.889711738722156	27.91627924628551	21.42085879879766
3	20.89919566640234	28.733563072598038	28.63432531092191	21.732915950077714
4	22.19254337287854	27.140590285541965	29.281170313811007	21.38569602776849
5	21.476141768757387	27.850375395982347	28.806723278653816	21.86675955660645
6	20.53744830117258	28.83722180179119	28.944306918252412	21.681022978783812
7	20.764235364592736	28.713985902085966	28.709975217869392	21.811803515451906
8	20.689597166052533	28.66663904054762	28.09395779850466	22.549805994895188
9	21.25898540404597	28.23952037088211	28.09293921980259	22.40855500526933
10	20.73319174841307	28.194330688146817	29.00521122086991	22.067266342570203
11	22.369422225285753	27.75021966143726	28.181654623496293	21.69870348978069
12	20.832842268256005	28.813739605960148	28.65258820272438	21.700829923059462
13	20.707989564223773	28.66134552174009	29.356995554999383	21.273669359036756
14	20.96033979426756	28.269494537972918	29.400346946146616	21.3698187216129
15	20.69551594948987	28.77485518718087	29.085176064425127	21.44445279890413
16	20.625162143872046	28.68141859179977	29.545765322666433	21.14765394166175
17	20.91145771891942	28.184952479624965	28.16803696997984	22.735552831475772
18	20.97540164921775	29.575125736723184	28.082297379262126	21.367175234796935
19	21.775347436933256	28.185660925188166	28.66593203863178	21.373059599246798
20	22.298367035850532	27.763898762172346	28.789673930325904	21.14806027165121
21	22.227348553982175	27.686559563218722	28.840713932085	21.245377950714108
22	21.159654062817683	28.962353216428227	28.917856807445986	20.960135913308104
23	20.93718711785362	28.775710702621538	29.07258984460976	21.214512334915085
24	20.578061315123303	29.036731293907636	28.80204368578972	21.583163705179338
25	20.904569331328464	29.134573746646936	28.341070243768897	21.61978667825571
26	21.05335750212938	28.048377335657154	28.77160290403601	22.126662258177454
27	22.09633497714404	28.164156875034813	28.44872544370135	21.2907827041198
28	20.67752424910639	28.835051387148248	28.52648427408817	21.960940089657193
29	21.932857859497126	27.923418003784228	28.352748735886834	21.79097540083181
30	20.91512157077071	29.573262426932345	28.05744501469276	21.454170987604183
31	21.022570591249206	28.79712275587631	28.736234659041394	21.444071993833095
32	21.083616507122002	29.267123467713013	28.166158134434294	21.483101890730687
33	20.898068200231084	27.96491179762965	29.33277133467973	21.804248667459536
34	21.085226634122566	29.201740350173445	28.786369636592056	20.926663379111933
35	20.95019439510285	27.636921235184285	29.259548530989495	22.15333583872337
36	21.3968743599219	28.41868153671154	28.06245718328735	22.121986920079216
37	21.030300018920006	28.537356923493313	28.08315873734557	22.34918432024111
38	21.400807248067196	28.804719992220644	27.699930982993216	22.094541776718945
39	21.391189823532546	28.55756534809899	27.909577384446237	22.141667443922227
40	20.815888901896752	28.116917139172198	29.344348329712528	21.722845629218522
41	21.502290292536532	27.93400907402465	28.716292394921595	21.847408238517218
42	21.713826484785773	27.734790148876904	28.961715804973537	21.589667561363793
43	21.341466096286975	28.887247246578095	28.401520005875607	21.36976665125932
44	21.402863425947928	28.219420131158017	28.157287063833493	22.220429379060562
45	21.740126215273957	28.81769406415539	28.052190711763693	21.389989008806964
46	21.281566777680364	30.13843193385115	27.583578189029527	20.996423099438957
47	21.796670785979664	28.110460351659643	27.902400071686255	22.190468790674434
48	21.685867488409215	28.799259366851597	28.668417913626428	20.846455231112756
49	22.036806823472112	28.280711976256036	28.81846795983911	20.864013240432744
50	23.050761143318844	28.12135618150226	28.357931886510237	20.469950788668662
51	21.55459262882731	29.80377952593492	28.2642407029946	20.377387142243172
>>END_MODULE
>>Per base GC content	pass
#Base	%GC
1	44.636839298577875
2	43.19400901499233
3	42.63211161648005
4	43.57823940064703
5	43.34290132536383
6	42.21847127995639
7	42.57603888004464
8	43.23940316094772
9	43.6675404093153
10	42.80045809098327
11	44.06812571506645
12	42.53367219131547
13	41.981658923260525
14	42.33015851588046
15	42.139968748394004
16	41.7728160855338
17	43.647010550395194
18	42.34257688401469
19	43.14840703618005
20	43.44642730750174
21	43.47272650469628
22	42.11978997612579
23	42.15169945276871
24	42.161225020302645
25	42.524356009584174
26	43.180019760306834
27	43.38711768126384
28	42.63846433876359
29	43.72383326032894
30	42.369292558374894
31	42.4666425850823
32	42.56671839785269
33	42.70231686769062
34	42.0118900132345
35	43.10353023382622
36	43.51886128000111
37	43.37948433916112
38	43.49534902478614
39	43.53285726745477
40	42.538734531115274
41	43.349698531053754
42	43.30349404614957
43	42.7112327475463
44	43.62329280500848
45	43.13011522408092
46	42.27798987711932
47	43.9871395766541
48	42.53232271952198
49	42.90082006390486
50	43.52071193198751
51	41.93197977107048
>>END_MODULE
>>Per sequence GC content	warn
#GC Content	Count
0	7353.0
1	6529.5
2	4601.0
3	3840.0
4	4236.5
5	4799.0
6	5420.0
7	6269.5
8	7112.5
9	8525.0
10	10002.5
11	12751.0
12	15555.0
13	19632.5
14	24079.0
15	31434.0
16	38988.0
17	49686.5
18	60899.5
19	76711.5
20	92756.5
21	109886.5
22	127500.5
23	149550.0
24	172630.0
25	196546.0
26	243429.0
27	276620.0
28	320163.5
29	366248.0
30	417647.5
31	470227.0
32	525415.5
33	580679.5
34	623842.5
35	662135.0
36	669933.0
37	672727.5
38	661896.0
39	650870.5
40	636291.0
41	620450.0
42	613395.5
43	604787.0
44	587380.5
45	569747.5
46	553781.0
47	537306.5
48	521098.0
49	505247.5
50	489808.0
51	472973.5
52	454837.5
53	436054.5
54	416261.5
55	395907.0
56	375702.5
57	354499.5
58	330373.5
59	304659.0
60	279486.5
61	253347.0
62	228685.5
63	205597.0
64	181047.0
65	158190.5
66	139725.0
67	121717.0
68	102603.0
69	83076.0
70	68856.5
71	56686.0
72	47172.0
73	38297.5
74	31124.5
75	23466.0
76	19675.5
77	16419.5
78	13318.0
79	10767.5
80	8494.5
81	6994.5
82	5706.5
83	4676.0
84	3689.0
85	2957.5
86	2299.5
87	1932.0
88	1587.5
89	1235.0
90	909.5
91	757.0
92	626.0
93	517.0
94	416.5
95	367.5
96	326.0
97	273.0
98	222.5
99	354.0
100	487.0
>>END_MODULE
>>Per base N content	pass
#Base	N-Count
1	5.025987432159427E-4
2	1.3334252371035213E-4
3	1.538567581273294E-4
4	0.0015180533468563166
5	0.0016001102845242257
6	7.590266734281583E-4
7	0.0037746191327238145
8	0.0010257117208488625
9	0.004738788150321745
10	0.0017744812770685325
11	0.002400165426786338
12	0.0011385400101422375
13	0.0017744812770685325
14	0.008626235572338934
15	0.007272296100818435
16	0.01067765901403666
17	0.009005748909053014
18	0.006000413566965846
19	0.01111871505400167
20	0.008185179532373923
21	0.013400438288875015
22	0.013611720824223674
23	0.012329318893345098
24	0.010266593342719047
25	0.006869643387797275
26	0.00993836551792177
27	0.017706915877888276
28	0.012032304179989078
29	0.009950349742760965
30	0.00700955419025483
31	0.011092296536867153
32	0.014671613920807272
33	0.02071058482413897
34	0.013818992862028139
35	0.010465267461117589
36	0.009849881812113022
37	0.012307757020196526
38	0.01029387838342608
39	0.01107669111895761
40	0.010978926428065954
41	0.010739528741636565
42	0.007659491401017267
43	0.010147149052384905
44	0.008807487226104553
45	0.007070508309514836
46	0.006598764003327839
47	0.006703122884007845
48	0.007005119808564086
49	0.008046134149171602
50	0.0069270872152995605
51	0.006987635618805808
>>END_MODULE
>>Sequence Length Distribution	warn
#Length	Count
20	18303.0
21	18807.0
22	19874.0
23	20197.0
24	20991.0
25	21806.0
26	22934.0
27	23879.0
28	25084.0
29	27603.0
30	27760.0
31	28013.0
32	29631.0
33	29867.0
34	31159.0
35	33054.0
36	31040.0
37	32253.0
38	33407.0
39	36007.0
40	36623.0
41	42048.0
42	42837.0
43	47032.0
44	54009.0
45	69196.0
46	109128.0
47	251622.0
48	511607.0
49	1023185.0
50	1406152.0
51	5624220.0
>>END_MODULE
>>Sequence Duplication Levels	warn
#Total Duplicate Percentage	24.868431235972448
#Duplication Level	Relative count
1	100.0
2	15.819834668177487
3	4.861450902629342
4	2.0383198990497284
5	1.140841080579949
6	0.7056217970178466
7	0.4571090108418532
8	0.34315366588550383
9	0.28392263912853133
10++	3.1128479822821973
>>END_MODULE
>>Overrepresented sequences	warn
#Sequence	Count	Percentage	Possible Source
CAAGAAAACTGAAAATCATGGAAAATGAGAAACATCCACTTGACGACTTGA	13579	0.13928139457406705	No Hit
>>END_MODULE
>>Kmer Content	warn
#Sequence	Count	Obs/Exp Overall	Obs/Exp Max	Max Obs/Exp Position
AAAAA	3625225	4.405181	5.620785	13
TTTTT	3672080	4.399879	6.669994	13
GAAAA	2139780	3.4783142	9.233084	4
TTTTC	2189435	3.4636238	7.004072	4
AGAAA	2037565	3.3121588	8.549631	28
GCAGC	871900	3.286527	3.6015668	34
GCTGC	826490	3.1066196	3.5159976	43
TTTCT	1941810	3.071888	4.9232454	21
CAGCA	1085555	3.0588028	3.366547	17
CCAGG	792880	2.98867	6.3560314	35
AAGAA	1727265	2.8077514	6.118637	2
GGAAA	1170330	2.5449479	9.3550205	20
GAGAA	1141920	2.4831684	9.663605	27
TCCAG	863125	2.425232	5.0596576	34
TTTCC	1129495	2.359136	5.2502017	22
AAAAT	1928125	2.3363824	6.21216	12
TTTCA	1449040	2.2987888	5.009395	14
ATTTT	1897515	2.2799947	5.3685837	2
GGTGG	582685	2.2611332	5.8773017	18
GAGGA	767565	2.2328346	5.5990396	2
TGGAA	1029040	2.2314274	6.763376	19
TCCTC	808465	2.2294612	6.0066676	24
CCACC	606880	2.2158053	6.8357143	8
TTCCT	1047280	2.1874166	5.2231636	23
TTCCA	1027000	2.151093	5.0559316	6
TGAAA	1302615	2.1115224	7.2854476	10
TTCAG	979575	2.0847178	5.878248	15
CTGAA	968685	2.0673413	8.735039	9
TCCAC	740710	2.048363	6.8121676	35
AAACA	1275495	2.0405984	5.1756682	30
AAATG	1256025	2.0360005	7.38141	23
CATTT	1252305	1.986684	7.4565616	1
AAAAC	1217135	1.9472313	6.9347744	5
GTGGA	629335	1.82559	7.0421753	47
TGAGA	832585	1.8054235	8.904179	26
CCACT	615305	1.7015674	6.970012	36
CATGG	580200	1.6564494	7.5103116	17
CACCT	596975	1.6508776	5.2016964	9
CAAGA	737305	1.5779631	6.4688516	1
AATGA	947725	1.5362501	6.828707	24
CATCC	551575	1.5253282	6.3796124	33
AGTGG	525440	1.5242089	6.3781996	46
ATGAG	693365	1.5035312	8.477707	25
ATGGA	690715	1.4977847	6.1553373	18
CTTGA	703310	1.4967744	7.5692673	47
TCAGT	689920	1.4682779	5.154629	16
ACTGA	687880	1.4680548	7.941827	8
AACTG	687030	1.4662409	7.845448	7
CACTT	695790	1.4573601	7.5516458	37
GAAAC	673250	1.4408741	5.5207133	29
AAACT	865900	1.3814224	6.265733	6
AAATC	864365	1.3789735	6.555091	13
ACTTG	639065	1.3600491	6.379616	46
AAGTG	609530	1.3217387	5.3538556	47
ATCCA	603055	1.2666763	5.1658187	34
TCATG	588555	1.2525545	5.648509	16
AATCA	767590	1.2245826	6.394068	14
GACTT	506605	1.0781497	5.5189834	45
CGCCA	290140	1.0763592	5.4266224	28
CTCGC	250840	0.9279539	5.257017	26
CCTCG	247530	0.91570884	5.6787586	25
TCGCC	246940	0.9135263	5.257991	27
GACGA	252860	0.7239368	5.8751245	42
CGTCC	193500	0.7158311	5.1527834	40
TGACG	249700	0.7128843	5.807877	41
CGACT	174710	0.4909049	5.695669	44
ACGAC	172010	0.48467803	5.7295012	43
>>END_MODULE
