##FastQC	0.10.1
>>Basic Statistics	pass
#Measure	Value	
Filename	018-F0_S3_L004_R1_001_trimmed.fq.gz	
File type	Conventional base calls	
Encoding	Sanger / Illumina 1.9	
Total Sequences	18781480	
Filtered Sequences	0	
Sequence length	20-50	
%GC	44	
>>END_MODULE
>>Per base sequence quality	pass
#Base	Mean	Median	Lower Quartile	Upper Quartile	10th Percentile	90th Percentile
1	35.32873570133983	36.0	36.0	36.0	36.0	36.0
2	35.329558426705454	36.0	36.0	36.0	36.0	36.0
3	35.30650923143437	36.0	36.0	36.0	36.0	36.0
4	35.29614221030504	36.0	36.0	36.0	36.0	36.0
5	35.289498537921396	36.0	36.0	36.0	36.0	36.0
6	35.27038673203603	36.0	36.0	36.0	36.0	36.0
7	35.242792634020326	36.0	36.0	36.0	36.0	36.0
8	35.24199083352324	36.0	36.0	36.0	36.0	36.0
9	35.21926514843346	36.0	36.0	36.0	36.0	36.0
10	35.21473999919069	36.0	36.0	36.0	36.0	36.0
11	35.17684367792101	36.0	36.0	36.0	36.0	36.0
12	35.1439119813774	36.0	36.0	36.0	36.0	36.0
13	35.13427280491207	36.0	36.0	36.0	36.0	36.0
14	35.12498658252704	36.0	36.0	36.0	36.0	36.0
15	35.110644741521966	36.0	36.0	36.0	36.0	36.0
16	35.1016015244805	36.0	36.0	36.0	36.0	36.0
17	35.09220540660267	36.0	36.0	36.0	36.0	36.0
18	35.09057305388074	36.0	36.0	36.0	36.0	36.0
19	35.08183167673687	36.0	36.0	36.0	36.0	36.0
20	35.09820008859791	36.0	36.0	36.0	36.0	36.0
21	35.102979873181354	36.0	36.0	36.0	36.0	36.0
22	35.09076007807344	36.0	36.0	36.0	36.0	36.0
23	35.084462572855855	36.0	36.0	36.0	36.0	36.0
24	35.067127681202045	36.0	36.0	36.0	36.0	36.0
25	35.058474937380204	36.0	36.0	36.0	36.0	36.0
26	35.048823203888	36.0	36.0	36.0	36.0	36.0
27	35.04692912100221	36.0	36.0	36.0	36.0	36.0
28	35.02943965256762	36.0	36.0	36.0	36.0	36.0
29	35.02350064711927	36.0	36.0	36.0	36.0	36.0
30	35.01111223130595	36.0	36.0	36.0	36.0	36.0
31	35.001258110161636	36.0	36.0	36.0	36.0	36.0
32	34.99271215955732	36.0	36.0	36.0	36.0	36.0
33	34.97330892140073	36.0	36.0	36.0	36.0	36.0
34	34.966170811090464	36.0	36.0	36.0	36.0	36.0
35	34.94294683078799	36.0	36.0	36.0	36.0	36.0
36	34.93581291408268	36.0	36.0	36.0	36.0	36.0
37	34.934503693222645	36.0	36.0	36.0	36.0	36.0
38	34.91932665820766	36.0	36.0	36.0	36.0	36.0
39	34.913070214516864	36.0	36.0	36.0	36.0	36.0
40	34.90161292319686	36.0	36.0	36.0	36.0	36.0
41	34.893500415638044	36.0	36.0	36.0	36.0	36.0
42	34.87524899929233	36.0	36.0	36.0	36.0	36.0
43	34.86906598592845	36.0	36.0	36.0	36.0	36.0
44	34.859846830670676	36.0	36.0	36.0	36.0	36.0
45	34.850286780503374	36.0	36.0	36.0	36.0	36.0
46	34.84650321823175	36.0	36.0	36.0	36.0	36.0
47	34.861324210648846	36.0	36.0	36.0	36.0	36.0
48	34.87608966387513	36.0	36.0	36.0	36.0	36.0
49	34.9347103308088	36.0	36.0	36.0	36.0	36.0
50	35.03556826138854	36.0	36.0	36.0	36.0	36.0
>>END_MODULE
>>Per sequence quality scores	pass
#Quality	Count
10	1.0
11	0.0
12	3.0
13	1.0
14	6.0
15	48.0
16	190.0
17	568.0
18	1442.0
19	3560.0
20	7322.0
21	13388.0
22	21498.0
23	31853.0
24	45039.0
25	64255.0
26	89568.0
27	122625.0
28	163243.0
29	213780.0
30	274184.0
31	355859.0
32	481167.0
33	713476.0
34	1407311.0
35	7821581.0
36	6949512.0
>>END_MODULE
>>Per base sequence content	pass
#Base	G	A	T	C
1	22.179842640445006	26.91067650786401	27.64667912834024	23.26280172335074
2	22.278139011310024	26.900128578798295	27.850852427543117	22.97087998234857
3	22.14886979312006	27.02701220505974	27.82385598829229	23.000262013527905
4	22.395519027330042	26.653388677279477	28.07523782232455	22.875854473065935
5	22.481562741944835	26.722870857490435	27.676074609777473	23.119491790787258
6	21.99675594353229	27.12913568215062	27.856567212368986	23.017541161948106
7	22.016303592852854	27.11759632301541	27.89446649982304	22.971633584308698
8	22.159876805684096	26.936276161940338	27.80754838860135	23.09629864377421
9	21.994775467121926	27.07705051893917	27.9104339018109	23.017740112128003
10	22.011640408898234	27.147642982522136	27.889561845535816	22.951154763043814
11	22.576113731438518	27.049946521467444	27.634312899891	22.739626847203038
12	21.906334908847533	27.306914318969476	27.98803801893066	22.798712753252325
13	21.987829040038466	27.154047094702843	28.156322607270873	22.701801257987814
14	22.076582883610985	26.87572382105852	28.249891661448295	22.797801633882198
15	21.90825234178695	27.201264826915843	28.112640687182584	22.77784214411462
16	22.062743322813873	27.478144973076258	28.036650347841906	22.422461356267966
17	22.202211006002088	27.13555528649122	27.70943969623986	22.95279401126684
18	22.106866328729456	27.578790089089615	27.664125419881298	22.65021816229963
19	22.249924977866076	27.29754087135573	27.935702889773793	22.5168312610044
20	22.36923563667641	26.991561727592767	27.878901081663642	22.760301554067183
21	22.30680176113523	27.192023663822646	27.960528822260393	22.540645752781728
22	22.10101994526327	27.439746856354823	28.006514058022553	22.45271914035935
23	22.212675102987472	27.169181244450623	27.89334506312564	22.72479858943626
24	22.034251124882452	27.569524773053782	27.90031112377673	22.495912978287038
25	22.121388429200618	27.46761354134008	27.7955789655581	22.61541906390121
26	22.26605420926572	27.325030187969208	27.68892873755529	22.719986865209783
27	22.233800720644123	27.440300231243796	27.809032521551615	22.516866526560467
28	22.03305622567747	27.414481969126705	27.798398013593484	22.754063791602345
29	22.350453914962877	27.195459347341572	27.804744635257638	22.649342102437913
30	22.177077615391667	27.536009126708205	27.708086141799974	22.57882711610015
31	22.19738703988744	27.491094040241386	27.785738906520436	22.525780013350737
32	22.24249380151953	27.478786051482007	27.63618203559726	22.642538111401205
33	22.089417537138615	27.29593427754263	27.960811336036233	22.65383684928252
34	22.224403129311725	27.6572605998838	27.806965194127564	22.311371076676913
35	22.257122019655984	27.2364744106919	27.751586547220153	22.754817022431958
36	22.343302943965803	27.54142757070081	27.566636589612077	22.548632895721312
37	22.1816527610266	27.461832327249653	27.68872691496682	22.66778799675693
38	22.20917091241919	27.3260127498414	27.624828494319694	22.839987843419724
39	22.109156529703917	27.454675381062426	27.716223775873473	22.719944313360187
40	22.142149303827633	27.43001660933938	27.904764756846284	22.5230693299867
41	22.412342887474274	27.364663272798182	27.669332070024033	22.55366176970351
42	22.330181908849372	27.50027305334328	27.69623607058218	22.473308967225165
43	22.286980651154405	27.65688970328351	27.6217980363931	22.43433160916899
44	22.336260724224534	27.34709406981247	27.54269958523259	22.77394562073041
45	22.217669421489433	27.5654183208171	27.692136403312517	22.524775854380948
46	22.227519267138955	27.790838375977838	27.525780510126115	22.455861846757095
47	22.373734062908223	27.506759832458766	27.53382042008029	22.58568568455272
48	22.2924167249203	27.93301582935434	27.751635071700132	22.022932374025224
49	22.481828835851296	28.113371523826515	27.855688546200856	21.549111094121333
50	22.45955426108965	27.88429796909268	27.8452831245482	21.810864645269472
>>END_MODULE
>>Per base GC content	pass
#Base	%GC
1	45.44264436379575
2	45.24901899365859
3	45.14913180664797
4	45.27137350039598
5	45.60105453273209
6	45.014297105480395
7	44.987937177161555
8	45.25617544945831
9	45.01251557924993
10	44.96279517194205
11	45.31574057864155
12	44.70504766209986
13	44.68963029802629
14	44.87438451749318
15	44.68609448590157
16	44.48520467908183
17	45.15500501726892
18	44.75708449102909
19	44.76675623887048
20	45.12953719074359
21	44.847447513916954
22	44.55373908562262
23	44.93747369242374
24	44.53016410316949
25	44.73680749310183
26	44.9860410744755
27	44.75066724720459
28	44.78712001727981
29	44.99979601740079
30	44.75590473149182
31	44.72316705323818
32	44.88503191292074
33	44.743254386421135
34	44.53577420598864
35	45.011939042087945
36	44.891935839687115
37	44.849440757783526
38	45.04915875583892
39	44.829100843064104
40	44.665218633814334
41	44.966004657177784
42	44.803490876074534
43	44.721312260323394
44	45.11020634495494
45	44.74244527587038
46	44.683381113896054
47	44.95941974746094
48	44.315349098945525
49	44.03093992997263
50	44.27041890635912
>>END_MODULE
>>Per sequence GC content	warn
#GC Content	Count
0	3171.0
1	3093.0
2	2602.0
3	2364.5
4	2614.0
5	3221.0
6	3879.5
7	4818.5
8	5813.5
9	7652.5
10	9694.5
11	13354.0
12	17114.0
13	23509.5
14	31013.0
15	43141.5
16	56277.0
17	76240.0
18	97663.0
19	125845.5
20	154260.5
21	189042.0
22	225384.0
23	268998.5
24	314834.0
25	357731.0
26	405813.0
27	463090.5
28	524340.5
29	589459.0
30	655732.5
31	724961.5
32	798297.0
33	873100.5
34	947056.5
35	1010850.0
36	1069206.0
37	1109076.0
38	1140361.5
39	1159298.0
40	1176844.0
41	1185563.5
42	1191824.0
43	1184936.5
44	1171719.0
45	1146375.5
46	1121200.0
47	1094416.0
48	1066667.0
49	1035785.5
50	1005994.5
51	980959.0
52	952232.5
53	921921.5
54	893368.0
55	862448.0
56	827803.0
57	788994.5
58	749149.0
59	700069.5
60	648669.0
61	594630.5
62	540039.0
63	492672.5
64	437507.0
65	387273.5
66	339381.5
67	295272.5
68	251462.5
69	212438.5
70	178665.5
71	150275.0
72	125090.0
73	103355.0
74	82996.5
75	68118.5
76	56877.0
77	46640.5
78	37219.0
79	30312.0
80	24398.0
81	19656.5
82	15535.0
83	12596.0
84	9938.0
85	7779.0
86	5869.5
87	4509.5
88	3504.5
89	2701.5
90	1994.0
91	1515.5
92	1108.0
93	940.5
94	793.5
95	677.5
96	574.5
97	486.5
98	401.5
99	556.0
100	715.0
>>END_MODULE
>>Per base N content	pass
#Base	N-Count
1	8.572274389451737E-4
2	5.324394030715364E-6
3	3.727075821500755E-5
4	1.1713666867573802E-4
5	4.3127591648794446E-4
6	2.981660657200604E-4
7	0.0011766910807880955
8	5.004930388872442E-4
9	4.6854667470295206E-4
10	9.63715319559481E-4
11	5.963321314401208E-4
12	0.001650562149521763
13	0.001155393504665234
14	4.0997834036508304E-4
15	5.11141826948675E-4
16	5.484125851636826E-4
17	0.001842240334627516
18	0.0014855059345695867
19	0.0018954842749346697
20	0.0026781701974498283
21	0.002834650619986578
22	0.0023462771220970086
23	0.0011260729981357354
24	0.001757368421446219
25	0.003496550230831126
26	0.0020067827115080746
27	0.0026462058176031397
28	0.004938531370854268
29	0.002399421948655913
30	0.002730027084233266
31	0.0014635444528490636
32	0.004633357566870932
33	0.0031722492498817423
34	0.002004377322356117
35	0.0020560344041647464
36	0.0026118722599387293
37	0.0024258956710732946
38	0.0018263890055295556
39	0.0031361954964886046
40	0.0028909637038416055
41	0.0013772621667722386
42	0.003143985785240575
43	0.0026135498172519213
44	3.635060422139567E-4
45	5.757866435879569E-4
46	5.143579959606125E-4
47	9.192547854249626E-5
48	3.913797389435988E-4
49	5.546219030158655E-4
50	2.625493559970605E-5
>>END_MODULE
>>Sequence Length Distribution	warn
#Length	Count
20	13735.0
21	14632.0
22	15429.0
23	16510.0
24	17024.0
25	17523.0
26	18389.0
27	18969.0
28	19782.0
29	21613.0
30	22856.0
31	23964.0
32	25310.0
33	26255.0
34	27308.0
35	27986.0
36	28011.0
37	29227.0
38	30755.0
39	33215.0
40	35817.0
41	40090.0
42	44303.0
43	56270.0
44	94261.0
45	175871.0
46	480972.0
47	1052998.0
48	2108467.0
49	2817515.0
50	1.1426423E7
>>END_MODULE
>>Sequence Duplication Levels	warn
#Total Duplicate Percentage	41.1205529340356
#Duplication Level	Relative count
1	100.0
2	28.24268825964784
3	12.603295479108125
4	6.881100044893005
5	4.088588863209351
6	2.7060505794523055
7	1.8880002660326223
8	1.333488519029646
9	1.0499975059441664
10++	7.4771793891225915
>>END_MODULE
>>Overrepresented sequences	pass
>>END_MODULE
>>Kmer Content	warn
#Sequence	Count	Obs/Exp Overall	Obs/Exp Max	Max Obs/Exp Position
AAAAA	4839715	3.78801	4.495086	46
TTTTT	4888060	3.4981937	4.1783667	13
>>END_MODULE
