##FastQC	0.10.1
>>Basic Statistics	pass
#Measure	Value	
Filename	KS27_S1_L001_R1_001.fastq.gz	
File type	Conventional base calls	
Encoding	Sanger / Illumina 1.9	
Total Sequences	20074505	
Filtered Sequences	0	
Sequence length	35-75	
%GC	45	
>>END_MODULE
>>Per base sequence quality	pass
#Base	Mean	Median	Lower Quartile	Upper Quartile	10th Percentile	90th Percentile
1	31.428754681622287	32.0	32.0	32.0	32.0	32.0
2	31.49682853948329	32.0	32.0	32.0	32.0	32.0
3	31.578557578381137	32.0	32.0	32.0	32.0	32.0
4	31.6558962724112	32.0	32.0	32.0	32.0	32.0
5	31.641819810750004	32.0	32.0	32.0	32.0	32.0
6	35.302320181742964	36.0	36.0	36.0	36.0	36.0
7	35.3157593176021	36.0	36.0	36.0	36.0	36.0
8	35.26566433393999	36.0	36.0	36.0	36.0	36.0
9	35.359896097064414	36.0	36.0	36.0	36.0	36.0
10	35.25875163546996	36.0	36.0	36.0	36.0	36.0
11	35.33578053356733	36.0	36.0	36.0	36.0	36.0
12	35.29178154081508	36.0	36.0	36.0	36.0	36.0
13	35.312686664004914	36.0	36.0	36.0	36.0	36.0
14	35.28674609909435	36.0	36.0	36.0	36.0	36.0
15	35.25239616120049	36.0	36.0	36.0	36.0	36.0
16	35.281198017086844	36.0	36.0	36.0	36.0	36.0
17	35.27227480827049	36.0	36.0	36.0	36.0	36.0
18	35.25218838521797	36.0	36.0	36.0	36.0	36.0
19	35.26051262534244	36.0	36.0	36.0	36.0	36.0
20	35.249981705651024	36.0	36.0	36.0	36.0	36.0
21	35.2405930806264	36.0	36.0	36.0	36.0	36.0
22	35.23207969511577	36.0	36.0	36.0	36.0	36.0
23	35.20848753182208	36.0	36.0	36.0	36.0	36.0
24	35.203917207423046	36.0	36.0	36.0	36.0	36.0
25	35.16510723427552	36.0	36.0	36.0	36.0	36.0
26	35.14252082429928	36.0	36.0	36.0	36.0	36.0
27	35.127513430592685	36.0	36.0	36.0	36.0	36.0
28	35.12947985516953	36.0	36.0	36.0	36.0	36.0
29	35.10864277848943	36.0	36.0	36.0	36.0	36.0
30	35.093095346560226	36.0	36.0	36.0	36.0	36.0
31	35.069094655135956	36.0	36.0	36.0	36.0	36.0
32	35.0518331585262	36.0	36.0	36.0	36.0	36.0
33	35.044195112158434	36.0	36.0	36.0	36.0	36.0
34	35.03046237005595	36.0	36.0	36.0	36.0	36.0
35	35.00434959666502	36.0	36.0	36.0	36.0	36.0
36	35.00883365813622	36.0	36.0	36.0	36.0	36.0
37	35.00530321943144	36.0	36.0	36.0	36.0	36.0
38	34.98149341019046	36.0	36.0	36.0	36.0	36.0
39	34.973002599173896	36.0	36.0	36.0	36.0	36.0
40	34.96365377650405	36.0	36.0	36.0	36.0	36.0
41	34.956861711899826	36.0	36.0	36.0	36.0	36.0
42	34.94297470498003	36.0	36.0	36.0	36.0	36.0
43	34.93263670452986	36.0	36.0	36.0	36.0	36.0
44	34.91632742839408	36.0	36.0	36.0	36.0	36.0
45	34.89806347062471	36.0	36.0	36.0	36.0	36.0
46	34.890157310340754	36.0	36.0	36.0	36.0	36.0
47	34.88342610434636	36.0	36.0	36.0	36.0	36.0
48	34.843584038317445	36.0	36.0	36.0	36.0	36.0
49	34.8353671362865	36.0	36.0	36.0	36.0	36.0
50	34.82401060948073	36.0	36.0	36.0	36.0	36.0
51	34.799556341567495	36.0	36.0	36.0	36.0	36.0
52	34.778070444412556	36.0	36.0	36.0	36.0	36.0
53	34.76008467712876	36.0	36.0	36.0	36.0	36.0
54	34.73265726947318	36.0	36.0	36.0	36.0	36.0
55	34.713426568913185	36.0	36.0	36.0	36.0	36.0
56	34.691041169009445	36.0	36.0	36.0	32.0	36.0
57	34.672109531918245	36.0	36.0	36.0	32.0	36.0
58	34.65071781924963	36.0	36.0	36.0	32.0	36.0
59	34.62458261261519	36.0	36.0	36.0	32.0	36.0
60	34.60444783437368	36.0	36.0	36.0	32.0	36.0
61	34.58257599693044	36.0	36.0	36.0	32.0	36.0
62	34.55448961774067	36.0	36.0	36.0	32.0	36.0
63	34.52942660213659	36.0	36.0	36.0	32.0	36.0
64	34.49984815656763	36.0	36.0	36.0	32.0	36.0
65	34.470261771998686	36.0	36.0	36.0	32.0	36.0
66	34.4264329419828	36.0	36.0	36.0	32.0	36.0
67	34.41435472123261	36.0	36.0	36.0	32.0	36.0
68	34.38087503833314	36.0	36.0	36.0	32.0	36.0
69	34.3642253034864	36.0	36.0	36.0	32.0	36.0
70	34.32063422386466	36.0	36.0	36.0	32.0	36.0
71	34.29619147098532	36.0	36.0	36.0	32.0	36.0
72	34.27670721258603	36.0	36.0	36.0	32.0	36.0
73	34.22915552762218	36.0	36.0	36.0	32.0	36.0
74	34.19652631562563	36.0	36.0	36.0	32.0	36.0
75	33.468883070233204	36.0	36.0	36.0	27.0	36.0
>>END_MODULE
>>Per sequence quality scores	pass
#Quality	Count
2	10404.0
3	0.0
4	0.0
5	0.0
6	0.0
7	0.0
8	0.0
9	0.0
10	1.0
11	15.0
12	35.0
13	92.0
14	244.0
15	290.0
16	215.0
17	312.0
18	427.0
19	829.0
20	2051.0
21	5133.0
22	10723.0
23	20203.0
24	36465.0
25	62819.0
26	100131.0
27	150267.0
28	212064.0
29	287090.0
30	378378.0
31	498555.0
32	689194.0
33	1086254.0
34	2522028.0
35	1.4000286E7
>>END_MODULE
>>Per base sequence content	fail
#Base	G	A	T	C
1	43.293356257146556	18.6533082357962	11.549772918142095	26.503562588915152
2	16.298980596632045	20.387479240795116	35.71521737624384	27.598322786329
3	18.552068087897442	21.91381457346754	28.921068587048538	30.61304875158648
4	13.006192753463699	15.337391726993332	35.882548608220375	35.77386691132259
5	14.576041701554857	35.402711390535615	34.592512914611255	15.428733993298277
6	34.29013340792094	35.6161085911599	16.23600778325428	13.857750217664874
7	30.360562877948034	30.030540615799335	20.67132736223766	18.937569144014972
8	26.391469022210362	34.67969484404011	19.951967945137437	18.97686818861209
9	24.49061136604127	15.626989716608783	20.183411158067834	39.69898775928211
10	14.166645193821543	27.446657091688287	35.05479762088518	23.33190009360499
11	34.02059728467276	22.936841276865582	23.788212589240853	19.254348849220804
12	21.844886047971947	24.400156279117613	31.326357458029143	22.428600214881296
13	27.669986310375926	20.841551784453237	26.38624576301724	25.102216142153587
14	20.25803199455585	20.783173888528573	27.532043424223197	31.426750692692384
15	22.541821172248806	29.715605063795852	23.506254984051036	24.236318779904305
16	22.519520694620283	28.96224582700155	25.620667152425575	22.8975663259526
17	21.364550547268475	28.426715954031533	27.70421161655835	22.504521882141642
18	21.893813494140964	28.17233464659389	28.132626822811897	21.801225036453246
19	22.25381865817836	27.59523237627401	27.93984132078463	22.211107644762997
20	22.28640843523964	27.5047799498585	27.977337340905496	22.231474273996366
21	22.14511121508947	27.165425206254945	27.7953343709461	22.894129207709486
22	22.097989245967735	27.102525748213857	28.027245528739254	22.77223947707915
23	22.1017476311142	27.207111576641914	27.848362202013412	22.842778590230477
24	22.14399771290749	27.014505952032657	28.117641324205035	22.72385501085482
25	22.397926997218747	27.000792443382714	27.735044892747506	22.866235666651033
26	21.891852082619394	27.327276239135173	27.945119785663103	22.835751892582323
27	21.880159479780133	27.31888015633951	28.027110386268472	22.773849977611878
28	22.021936437174862	27.18965260554192	28.02736993174264	22.761041025540575
29	21.752144684563692	27.354881395374804	28.162931229733456	22.730042690328045
30	21.948941263087008	27.412372164362363	27.989231063327818	22.64945550922281
31	22.3332317112076	27.412372350912566	27.76222097448773	22.49217496339211
32	21.76623503784781	27.552146459025238	28.121146089653088	22.56047241347386
33	21.84883550121616	27.351262415765053	28.214820007264517	22.58508207575427
34	21.879481419506327	27.103754781510116	28.412354201826783	22.604409597156778
35	21.777507402495623	27.38128608819453	28.18558607232901	22.655620436980836
36	21.968302712777305	27.721174232776054	28.06840845149981	22.242114602946835
37	22.004744192378922	27.508885074894458	27.894778969657963	22.591591763068656
38	21.93427775747697	27.825728428380614	27.881036979206293	22.358956834936127
39	21.958543448794646	27.64343209487864	28.12199076012694	22.27603369619977
40	21.979307423512623	27.42518141919502	28.064252557710173	22.53125859958218
41	22.005191202706545	27.569550937889876	28.084980046245917	22.340277813157662
42	21.897987036301075	27.644266329966598	28.1171160887564	22.340630544975927
43	22.002190289762062	27.444923824194518	27.99899742159117	22.55388846445225
44	21.916317627788807	27.75598451178495	28.021673174125937	22.3060246863003
45	21.957170855167366	27.705973374702015	27.947735218330976	22.38912055179964
46	22.083786348518903	27.716407650537157	27.82837296318527	22.37143303775867
47	21.89882038708827	27.826467164464347	27.986453861241795	22.288258587205586
48	21.80697277737544	27.733409310842987	27.96481103313933	22.494806878642244
49	22.016705260016465	27.57598616737721	28.036318420980848	22.370990151625474
50	21.959125897861604	27.750684548298675	27.957449256044242	22.33274029779548
51	22.039928794924045	27.73538869123681	27.932954089636457	22.29172842420268
52	22.027479289581947	27.705008467732572	27.883984683879458	22.383527558806023
53	21.937437918288254	27.62391223564843	28.028036041787775	22.410613804275542
54	22.063527613714943	27.881878997872246	27.918469767841685	22.13612362057113
55	22.06862345064862	27.651785456251154	27.843282467539687	22.436308625560542
56	22.16146220169532	27.82876882108651	27.754562021322016	22.255206955896163
57	21.94353266125142	27.764351501220112	27.907377176410236	22.38473866111823
58	21.93170116315902	27.60106208881929	27.94015119161036	22.52708555641133
59	21.850375926225666	27.774976897176177	27.988232951582866	22.386414225015287
60	22.002054663103543	27.740233388915676	28.003605873787713	22.25410607419307
61	22.168256473570334	27.76386555036625	27.8233042578438	22.244573718219616
62	22.10105034435495	27.87490096436704	27.789799718179797	22.234248973098218
63	22.08777085662513	27.89357870472359	27.815676845152698	22.20297359349858
64	22.134072428680888	27.6438684542827	27.763905379761983	22.45815373727443
65	21.97778260034095	27.746979239001917	27.92853459200527	22.346703568651854
66	22.031007280953453	27.863720706709493	27.74244747144562	22.362824540891438
67	22.078870821307433	27.71483162918526	27.823074994007573	22.383222555499735
68	22.090076611206477	27.95686323067983	27.870341017745787	22.082719140367903
69	22.32130744668872	27.855101638765163	27.772012640438167	22.051578274107957
70	22.369596870627152	27.696995352496746	27.71605928159832	22.217348495277783
71	22.19911851045818	27.978339266174153	27.64574199844734	22.17680022492033
72	22.173899168246397	28.115746749621117	27.896150720726965	21.814203361405525
73	22.886706118260715	28.65847301094239	27.90438021814099	20.550440652655904
74	24.051582110592086	31.06027324924709	28.10133870785369	16.78680593230713
75	29.221555933243714	41.24615107871559	29.53229298804069	0.0
>>END_MODULE
>>Per base GC content	fail
#Base	%GC
1	69.7969188460617
2	43.89730338296104
3	49.16511683948392
4	48.78005966478629
5	30.004775694853137
6	48.14788362558582
7	49.298132021963006
8	45.36833721082245
9	64.18959912532338
10	37.49854528742653
11	53.274946133893565
12	44.27348626285324
13	52.77220245252951
14	51.68478268724823
15	46.77813995215311
16	45.417087020572886
17	43.86907242941012
18	43.69503853059421
19	44.46492630294136
20	44.517882709236005
21	45.03924042279896
22	44.870228723046885
23	44.944526221344674
24	44.86785272376231
25	45.264162663869776
26	44.72760397520172
27	44.654009457392014
28	44.782977462715436
29	44.482187374891744
30	44.59839677230982
31	44.825406674599705
32	44.326707451321674
33	44.43391757697043
34	44.4838910166631
35	44.43312783947646
36	44.210417315724136
37	44.59633595544758
38	44.29323459241309
39	44.23457714499442
40	44.5105660230948
41	44.34546901586421
42	44.238617581277
43	44.55607875421431
44	44.22234231408911
45	44.346291406967005
46	44.45521938627757
47	44.18707897429386
48	44.30177965601768
49	44.38769541164194
50	44.29186619565708
51	44.331657219126726
52	44.41100684838797
53	44.348051722563795
54	44.19965123428607
55	44.504932076209165
56	44.416669157591485
57	44.32827132236965
58	44.45878671957035
59	44.23679015124095
60	44.25616073729662
61	44.41283019178995
62	44.33529931745316
63	44.29074445012371
64	44.59222616595532
65	44.32448616899281
66	44.393831821844884
67	44.46209337680717
68	44.17279575157438
69	44.372885720796674
70	44.58694536590493
71	44.37591873537851
72	43.98810252965192
73	43.43714677091662
74	40.83838804289922
75	29.221555933243714
>>END_MODULE
>>Per sequence GC content	warn
#GC Content	Count
0	10420.0
1	5224.5
2	47.0
3	88.5
4	113.0
5	166.5
6	294.5
7	546.5
8	730.5
9	943.5
10	1561.5
11	2746.5
12	3559.5
13	4766.5
14	7852.5
15	12567.0
16	16189.0
17	22756.5
18	36450.0
19	53314.0
20	65237.0
21	83748.0
22	118101.5
23	156827.5
24	182592.0
25	214753.0
26	268125.0
27	321501.5
28	356715.5
29	398066.0
30	461563.5
31	522163.0
32	562538.0
33	605334.0
34	675960.0
35	741724.5
36	780864.0
37	818211.5
38	855473.5
39	877993.0
40	893885.0
41	894772.0
42	884483.0
43	869742.5
44	862154.0
45	847659.0
46	816280.5
47	783268.5
48	765922.5
49	746326.0
50	710769.0
51	677774.0
52	659740.5
53	646969.5
54	623364.0
55	598822.5
56	585052.0
57	570989.0
58	541692.5
59	502872.5
60	470061.5
61	433452.5
62	386444.5
63	341511.5
64	306924.0
65	277598.5
66	236988.5
67	195332.0
68	166468.5
69	145040.0
70	118645.5
71	92484.0
72	74746.0
73	63010.5
74	49753.5
75	37952.0
76	30666.0
77	25563.5
78	20076.5
79	15261.5
80	12139.5
81	10181.5
82	7849.0
83	5384.5
84	3882.0
85	3172.5
86	2300.0
87	1491.5
88	1195.5
89	946.5
90	614.0
91	423.0
92	331.5
93	408.0
94	393.5
95	239.5
96	181.5
97	143.5
98	71.5
99	50.0
100	62.0
>>END_MODULE
>>Per base N content	pass
#Base	N-Count
1	0.08348898266731858
2	0.05237489043939066
3	0.052006263666277204
4	0.05185183893699994
5	0.05185183893699994
6	0.05182693172260038
7	0.05182693172260038
8	0.05182693172260038
9	0.05182693172260038
10	0.05182693172260038
11	0.05182693172260038
12	0.05182693172260038
13	0.05182693172260038
14	0.05182693172260038
15	0.05233005745347146
16	0.055064869594542924
17	0.05182693172260038
18	0.05205109665219641
19	0.058601694039280165
20	0.05224039148163305
21	0.05231013168195181
22	0.05274849865538403
23	0.051961430680358
24	0.05281823885570279
25	0.05600138085596631
26	0.06291562357328362
27	0.062397553513772824
28	0.05566264274013233
29	0.05918452285622983
30	0.06525690172684208
31	0.06603898825898821
32	0.08042041385329303
33	0.06282595760144521
34	0.06922711170213162
35	0.09181297371965087
36	0.014725172892422244
37	0.02111076425104977
38	0.019671147688273556
39	0.03151300021025298
40	0.03936749262364897
41	0.02294587136359748
42	0.032849247832161976
43	0.04235959013072537
44	0.030181189676072404
45	0.036644157947182364
46	0.024038679482553775
47	0.0333321936854618
48	0.06525955159106972
49	0.036114688238397114
50	0.03600054500894887
51	0.04973525922020124
52	0.049388123991430465
53	0.033650112410627125
54	0.05840812386477343
55	0.044254806479533934
56	0.03827730586009324
57	0.05264594863079534
58	0.0418939257152335
59	0.03739819380575101
60	0.028690789687571116
61	0.04717352512927326
62	0.0229152413598719
63	0.03631856320643506
64	0.052695899982252596
65	0.030377009313127805
66	0.037787228254830225
67	0.03792055843022633
68	0.021985371509115968
69	0.02270600762475248
70	0.04234462929037764
71	0.021625857059650658
72	0.013986676480417091
73	0.026680335423960085
74	0.019681225258310314
75	0.04585652002700916
>>END_MODULE
>>Sequence Length Distribution	warn
#Length	Count
35	13620.0
36	4766.0
37	6450.0
38	7147.0
39	8226.0
40	8907.0
41	9710.0
42	10764.0
43	12330.0
44	13957.0
45	14969.0
46	15977.0
47	16500.0
48	16847.0
49	17414.0
50	17664.0
51	18207.0
52	18620.0
53	19845.0
54	21346.0
55	21895.0
56	22838.0
57	23335.0
58	23663.0
59	23748.0
60	24308.0
61	23867.0
62	25025.0
63	26596.0
64	28410.0
65	29792.0
66	29104.0
67	31168.0
68	32105.0
69	39773.0
70	53026.0
71	131446.0
72	474494.0
73	1390165.0
74	4270914.0
75	1.3075567E7
>>END_MODULE
>>Sequence Duplication Levels	warn
#Total Duplicate Percentage	36.95094391757868
#Duplication Level	Relative count
1	100.0
2	25.112107623318387
3	11.046416077759256
4	5.942290986781866
5	3.6711822756477983
6	2.3344994091360864
7	1.5065073290603308
8	1.1152067241095955
9	0.8358180921747705
10++	4.956213462306013
>>END_MODULE
>>Overrepresented sequences	pass
>>END_MODULE
>>Kmer Content	warn
#Sequence	Count	Obs/Exp Overall	Obs/Exp Max	Max Obs/Exp Position
AAAAA	8047545	3.8094776	7.6772747	71
TTTTT	7390065	3.3182411	6.030226	71
CCTGG	3150315	3.1305184	12.340361	3
CCAGG	2969405	2.9820864	13.534407	3
CCCAG	2860135	2.8617942	12.362721	2
CTGGG	2827285	2.819881	11.017557	4
CCAGC	2685930	2.687488	7.106138	3
CCTCC	2628570	2.5928895	5.0324154	1
GGAGG	2557510	2.587414	5.9427624	6
GCTGG	2551495	2.5448132	6.3462896	3
TCCAG	2979125	2.4484396	9.414503	2
CAGCA	2940895	2.4426916	6.7223105	4
CAGCC	2425655	2.427062	6.1180415	5
TGCTG	2926790	2.3889258	6.4300838	2
CTCCA	2866160	2.346941	7.1061425	1
CAGGA	2813485	2.3454847	10.342493	4
GGCTG	2336610	2.330491	8.561154	7
AGGAG	2782420	2.328143	7.490681	5
CTCCT	2816605	2.2821238	6.4556756	1
GGCAG	2255415	2.2734015	6.5394325	7
CTGGA	2755795	2.273246	8.552712	4
CCTGC	2276330	2.2537131	6.405253	3
TCCTG	2758225	2.243065	8.841839	2
GCAGG	2212870	2.2305171	6.6863194	3
GCCTG	2232545	2.2185159	8.149115	7
CTGCC	2239410	2.21716	5.846853	9
CCCTG	2234115	2.2119176	9.173731	2
CAGAG	2652075	2.210924	8.194349	4
AGCAG	2651225	2.2102156	5.6462317	7
GCTGC	2218040	2.204102	5.712853	8
CTGCT	2700105	2.1958003	6.4979215	9
CTGCA	2669870	2.1942735	6.6456304	4
TGCAG	2616595	2.1584206	6.466095	2
CTCTG	2623690	2.1336575	7.4590406	2
CAGGG	2106250	2.1230469	9.63339	4
TGGAG	2519160	2.0857115	6.378234	5
GCCAG	2052665	2.0614312	5.6444206	2
AGCTG	2498760	2.061219	6.0417523	7
CTGGC	2069170	2.0561674	5.609376	4
CAGGC	2042975	2.0516996	6.513648	4
GGGAG	2000750	2.024144	5.5885296	7
GGAGA	2406615	2.0136943	5.609164	6
CCCCA	2019705	2.0134501	7.198618	1
CAGAA	2900070	1.9995619	5.4296947	4
CACAG	2395085	1.9893447	7.0380936	7
CTGTG	2388840	1.9498364	9.026138	9
CTCAG	2354990	1.9354846	6.2921314	2
CTGAG	2336900	1.927701	5.9500895	4
TTCTG	2858945	1.9097073	5.0455775	2
CCAGA	2273285	1.8881783	7.0543556	3
GGCCA	1879805	1.8878329	6.583435	1
TGGGG	1864205	1.8661811	6.108383	5
CCTCT	2253855	1.8261617	5.475741	1
TCTGG	2223910	1.815216	6.3638835	3
CAGTG	2182970	1.8007246	6.727791	9
CACTG	2189540	1.799507	7.434833	7
AGAGG	2138915	1.7897009	5.249529	5
TGGCC	1798440	1.7871387	5.914256	5
ACCTG	2164560	1.7789768	5.4649816	7
GCCCA	1745410	1.7464224	8.219863	1
GGCCC	1426695	1.7260153	5.0857053	6
CCTGA	2098115	1.724368	5.597384	3
GGGCC	1379910	1.6755723	5.695953	6
ACAGA	2427080	1.6734413	5.7559175	8
GAGAG	1989285	1.6645006	5.4620934	7
TCAGG	2003255	1.6524785	5.8901396	3
TGGGC	1649165	1.6448463	6.6777306	5
GGCCT	1644375	1.6340419	5.515271	6
CCTGT	1965070	1.5980495	5.628065	8
AGCCT	1942855	1.5967653	5.8529787	6
AGGCC	1586695	1.5934713	5.270296	5
AGGTG	1914825	1.5853589	5.2284956	7
AGGCT	1800075	1.4848759	5.189969	6
GCCCT	1481020	1.466305	6.0878205	1
GGGCT	1458890	1.4550695	6.142046	6
ACAGC	1739135	1.4445162	5.6484118	8
GACAG	1730370	1.4425372	7.2414627	7
CTGTC	1773630	1.442365	5.84631	9
GTGTG	1758535	1.4406586	6.330069	1
ACACA	2092515	1.4374609	6.05211	6
GCTGT	1758460	1.435303	5.264059	8
TGTGT	2112350	1.4162041	5.4846888	10
CACAC	1711310	1.4161814	6.5608273	5
AGGGC	1374780	1.3857436	5.847662	5
AGAGC	1656410	1.3808798	5.0973983	5
AGACA	1947910	1.3430595	5.569434	6
GGACA	1508960	1.2579569	6.1309767	6
ACTGC	1528820	1.256484	5.2714133	8
GTCCT	1511685	1.2293442	7.191566	1
GTGCT	1473925	1.2030578	5.615212	1
AGGAC	1400820	1.1678051	7.6530895	5
GTCCA	1416245	1.1639626	6.576749	1
TGTGC	1412625	1.1530231	5.5532746	10
AGCAC	1376760	1.1435295	5.5529237	5
GTCTT	1693270	1.1310642	5.0006623	1
TGGAC	1301750	1.0738093	5.9302	5
TGCAC	1300800	1.0690824	5.575839	5
ACAGT	1556740	1.0620722	5.670393	8
GTGCA	1286810	1.0614853	5.6777363	1
GACTG	1277635	1.0539169	6.3651705	7
ACTGT	1555920	1.0503564	6.351277	8
GCACT	1254350	1.0309067	5.037639	6
AGACT	1490765	1.0170612	5.650129	6
GGACC	1002535	1.0068165	5.240817	6
GGACT	1147875	0.9468783	5.360614	6
GTGTA	933430	0.63245577	5.4253097	1
>>END_MODULE
