##FastQC	0.10.1
>>Basic Statistics	pass
#Measure	Value	
Filename	KS25_S6_L002_R1_001_trimmed.fq.gz	
File type	Conventional base calls	
Encoding	Sanger / Illumina 1.9	
Total Sequences	14257584	
Filtered Sequences	0	
Sequence length	20-50	
%GC	45	
>>END_MODULE
>>Per base sequence quality	pass
#Base	Mean	Median	Lower Quartile	Upper Quartile	10th Percentile	90th Percentile
1	35.27180811279106	36.0	36.0	36.0	36.0	36.0
2	35.25977542899274	36.0	36.0	36.0	36.0	36.0
3	35.24085840911055	36.0	36.0	36.0	36.0	36.0
4	35.22983599465379	36.0	36.0	36.0	36.0	36.0
5	35.210760392504085	36.0	36.0	36.0	36.0	36.0
6	35.179896818423096	36.0	36.0	36.0	36.0	36.0
7	35.158114937285305	36.0	36.0	36.0	36.0	36.0
8	35.1496177052157	36.0	36.0	36.0	36.0	36.0
9	35.13018629243216	36.0	36.0	36.0	36.0	36.0
10	35.11028600638088	36.0	36.0	36.0	36.0	36.0
11	35.09875628297193	36.0	36.0	36.0	36.0	36.0
12	35.08033717353515	36.0	36.0	36.0	36.0	36.0
13	35.067796058574864	36.0	36.0	36.0	36.0	36.0
14	35.064166972468826	36.0	36.0	36.0	36.0	36.0
15	35.03936487416101	36.0	36.0	36.0	36.0	36.0
16	35.02526136265443	36.0	36.0	36.0	36.0	36.0
17	35.012249971664204	36.0	36.0	36.0	36.0	36.0
18	34.99211458266702	36.0	36.0	36.0	36.0	36.0
19	34.97706217266544	36.0	36.0	36.0	36.0	36.0
20	34.97033143904325	36.0	36.0	36.0	36.0	36.0
21	34.94586460028215	36.0	36.0	36.0	36.0	36.0
22	34.942721966845646	36.0	36.0	36.0	36.0	36.0
23	34.93331420540073	36.0	36.0	36.0	36.0	36.0
24	34.91665504047609	36.0	36.0	36.0	36.0	36.0
25	34.91072955265467	36.0	36.0	36.0	36.0	36.0
26	34.88701026138408	36.0	36.0	36.0	36.0	36.0
27	34.873981995480555	36.0	36.0	36.0	36.0	36.0
28	34.857782880466544	36.0	36.0	36.0	36.0	36.0
29	34.8380372563965	36.0	36.0	36.0	36.0	36.0
30	34.82405311210576	36.0	36.0	36.0	36.0	36.0
31	34.810834638123666	36.0	36.0	36.0	36.0	36.0
32	34.79301869951217	36.0	36.0	36.0	36.0	36.0
33	34.75716029430259	36.0	36.0	36.0	36.0	36.0
34	34.745189888948254	36.0	36.0	36.0	36.0	36.0
35	34.7162721216506	36.0	36.0	36.0	32.0	36.0
36	34.69273045737835	36.0	36.0	36.0	32.0	36.0
37	34.6868808869076	36.0	36.0	36.0	32.0	36.0
38	34.66610072873653	36.0	36.0	36.0	32.0	36.0
39	34.63523359580513	36.0	36.0	36.0	32.0	36.0
40	34.605234321976496	36.0	36.0	36.0	32.0	36.0
41	34.59628373182921	36.0	36.0	36.0	32.0	36.0
42	34.57471886243573	36.0	36.0	36.0	32.0	36.0
43	34.547611367015314	36.0	36.0	36.0	32.0	36.0
44	34.529553434189076	36.0	36.0	36.0	32.0	36.0
45	34.51878309356222	36.0	36.0	36.0	32.0	36.0
46	34.50451269946857	36.0	36.0	36.0	32.0	36.0
47	34.50724388050139	36.0	36.0	36.0	32.0	36.0
48	34.51635347296239	36.0	36.0	36.0	32.0	36.0
49	34.5861932986468	36.0	36.0	36.0	32.0	36.0
50	34.68753586379791	36.0	36.0	36.0	32.0	36.0
>>END_MODULE
>>Per sequence quality scores	pass
#Quality	Count
7	2.0
8	2.0
9	4.0
10	8.0
11	6.0
12	13.0
13	13.0
14	36.0
15	80.0
16	282.0
17	604.0
18	1337.0
19	2866.0
20	5251.0
21	9743.0
22	15851.0
23	24875.0
24	38045.0
25	55712.0
26	79045.0
27	108890.0
28	146303.0
29	192479.0
30	247900.0
31	326471.0
32	445448.0
33	675439.0
34	1346802.0
35	6440580.0
36	4093497.0
>>END_MODULE
>>Per base sequence content	pass
#Base	G	A	T	C
1	22.715889606021452	26.395097391536964	26.766654839017605	24.122358163423975
2	22.860623726987583	26.81045511421341	27.136128863925848	23.19279229487316
3	22.398427326079094	26.950017397859554	27.24510417358554	23.406451102475813
4	22.86007504390139	26.339985752081308	27.728537099822613	23.07140210419469
5	23.01643262380158	26.412900051909773	27.248751896467184	23.321915427821462
6	22.31932494908747	26.89241542662896	27.554981502451902	23.233278121831667
7	22.315828338141838	26.90308133795709	27.3539777089448	23.42711261495627
8	22.47565125331043	26.76349118150953	27.113075903673106	23.647781661506937
9	22.563284877708075	26.77717288419909	27.039341493727008	23.620200744365828
10	22.348462849974933	26.851328917868937	27.38856058610254	23.41164764605359
11	23.31613486465079	26.495597597919463	26.945419529376046	23.2428480080537
12	22.30858460215073	27.07282570911296	27.537835864047604	23.08075382468871
13	22.24726479986526	26.871155797732012	27.852067250754974	23.02951215164775
14	22.479673362567564	26.524169022288017	27.863220610237853	23.132937004906562
15	22.287755304749528	26.923610035533347	27.662468826950576	23.126165832766553
16	22.331900932971646	27.218840487303712	27.62238304255697	22.82687553716767
17	22.58479407299001	26.841707582902284	26.963800442216606	23.6096979018911
18	22.58765999710577	27.503680740989683	26.950024624786785	22.958634637117765
19	22.88148207068252	26.909456774879047	27.198663299242444	23.01039785519599
20	22.932141124105833	26.586501454278093	27.428422765158324	23.05293465645775
21	22.916012854724375	26.55740727040988	27.513959170379476	23.012620704486274
22	22.42960141094467	27.240506186603973	27.55825019499703	22.771642207454324
23	22.487726335342572	26.990699308467953	27.449784555314388	23.071789800875088
24	22.308420437554176	27.3033804263973	27.383716968508313	23.00448216754021
25	22.386068577364117	27.315345155397143	27.313074456705273	22.985511810533467
26	22.690353844205475	26.91007262080595	27.17635812232082	23.22321541266776
27	22.975771996592627	26.946119306747242	27.145876768966183	22.932231927693948
28	22.346276302449265	27.070119706159616	27.21658455025702	23.367019441134097
29	22.927259424056277	26.685895731727875	27.16493272144241	23.221912122773432
30	22.462958372211467	27.50019241058339	27.06867103349959	22.96817818370555
31	22.635815105467234	27.108818366224245	27.3175085335817	22.93785799472682
32	22.583134804973476	27.260149280118906	27.036781097817503	23.119934817090112
33	22.40049012239172	26.832545905619348	27.660965866075383	23.105998105913557
34	22.614213353599617	27.41385958337496	27.351430392425968	22.62049667059945
35	22.627472353007764	26.743150138745786	27.272731217964875	23.356646290281574
36	22.896088140059614	27.180971745868977	26.841304795149227	23.081635318922178
37	22.52475593153283	27.118290298932962	27.024561025843912	23.332392743690292
38	22.675055857525134	27.130582270305936	26.7849941433281	23.40936772884083
39	22.712287839428388	27.069696537935023	26.934968193285584	23.283047429351
40	22.536676041366853	26.96150615992858	27.544795295242157	22.95702250346241
41	22.9367638396165	26.83009938671148	27.116740306623647	23.116396467048364
42	22.789877717722472	26.92253830821504	27.28120580822722	23.00637816583527
43	22.769504433850557	27.203481053208577	27.16093857153366	22.866075941407203
44	22.840042572231766	26.82175016095707	26.98976982059079	23.348437446220373
45	22.675846894960358	27.26198098618428	26.945356561357947	23.116815557497418
46	22.628070448040578	27.75597929155611	26.694184452521803	22.921765807881506
47	22.998287674444924	27.030475142985594	26.821428861736514	23.14980832083297
48	22.894611725762992	27.48663940909935	27.314253036213326	22.304495828924328
49	22.99127412593517	27.41990338231426	27.571411686591603	22.017410805158967
50	23.23529472782306	27.234632320754393	27.56681213669358	21.963260814728965
>>END_MODULE
>>Per base GC content	pass
#Base	%GC
1	46.83824776944543
2	46.05341602186074
3	45.80487842855491
4	45.931477148096086
5	46.33834805162304
6	45.55260307091913
7	45.74294095309811
8	46.12343291481737
9	46.1834856220739
10	45.760110496028524
11	46.55898287270449
12	45.389338426839444
13	45.27677695151301
14	45.612610367474126
15	45.41392113751608
16	45.158776470139316
17	46.19449197488111
18	45.546294634223536
19	45.89187992587851
20	45.985075780563584
21	45.92863355921065
22	45.201243618399
23	45.55951613621766
24	45.312902605094386
25	45.37158038789759
26	45.91356925687324
27	45.908003924286575
28	45.71329574358336
29	46.149171546829706
30	45.43113655591702
31	45.57367310019405
32	45.703069622063595
33	45.50648822830527
34	45.23471002419907
35	45.984118643289335
36	45.97772345898179
37	45.85714867522312
38	46.084423586365965
39	45.99533526877939
40	45.493698544829265
41	46.053160306664864
42	45.79625588355774
43	45.63558037525776
44	46.18848001845214
45	45.79266245245777
46	45.54983625592208
47	46.14809599527789
48	45.19910755468732
49	45.00868493109414
50	45.19855554255203
>>END_MODULE
>>Per sequence GC content	pass
#GC Content	Count
0	5733.0
1	5216.5
2	3833.0
3	3270.0
4	3629.0
5	4175.5
6	4820.0
7	5717.0
8	6575.0
9	8095.5
10	9821.5
11	12871.0
12	16019.0
13	20519.0
14	25648.5
15	33919.5
16	42950.5
17	55764.5
18	69436.0
19	87017.5
20	104972.5
21	126815.0
22	149805.5
23	177551.0
24	207436.5
25	236527.5
26	269606.0
27	311003.5
28	356628.0
29	410056.0
30	464839.5
31	523812.0
32	584310.0
33	644135.0
34	703350.0
35	753519.0
36	798752.5
37	821722.5
38	838267.0
39	849216.5
40	858903.0
41	860173.0
42	861054.0
43	859624.5
44	854390.0
45	844289.5
46	834926.5
47	824585.0
48	813714.5
49	803395.5
50	793325.5
51	782070.0
52	768149.0
53	752950.0
54	737660.0
55	717675.0
56	694471.0
57	667405.5
58	638906.5
59	601227.5
60	560631.5
61	515170.5
62	468989.5
63	429162.5
64	382878.0
65	340044.0
66	297836.5
67	259352.0
68	222577.0
69	189198.5
70	159458.0
71	134202.5
72	111708.0
73	92338.0
74	74518.5
75	61512.0
76	51605.0
77	41851.5
78	33145.5
79	26605.5
80	21014.0
81	17034.5
82	13657.0
83	11016.0
84	8631.0
85	6825.5
86	5256.5
87	4072.0
88	3221.0
89	2515.0
90	1928.5
91	1545.0
92	1263.0
93	1025.5
94	776.5
95	668.5
96	584.0
97	549.0
98	518.5
99	615.0
100	717.0
>>END_MODULE
>>Per base N content	pass
#Base	N-Count
1	2.1742814210317822E-4
2	4.488839062775292E-4
3	5.821463159536707E-4
4	4.4187009524194283E-4
5	0.0010731130884447182
6	0.002026991389284468
7	0.001444845073330797
8	0.002679275815594002
9	0.0024337924293484784
10	0.0029458006349462854
11	0.008949622881408239
12	0.003338574052939123
13	0.013066729959297451
14	0.003878637502679276
15	0.011783202539785141
16	0.007680123083967101
17	0.008570877085486574
18	0.011383415310756718
19	0.00694367292523053
20	0.00719617012251164
21	0.014372136767950894
22	0.010272130548929288
23	0.015519420630849648
24	0.01234870889976887
25	0.007589641052417965
26	0.010062473076684052
27	0.00943563138644569
28	0.012997012109985598
29	0.015753203050304823
30	0.03215456135420353
31	0.01605271591618907
32	0.017367990176894416
33	0.019935670591065654
34	0.014223810211094472
35	0.012721115257788084
36	0.01528706356902026
37	0.014492191922577228
38	0.015530785370670994
39	0.02499383197856234
40	0.025320171440739028
41	0.019293095676536462
42	0.013211931267530827
43	0.01897255637143891
44	0.014532821196019155
45	0.011878754809527091
46	0.005310664785983244
47	0.010948993243588058
48	0.007037216608031543
49	0.006730030661710712
50	0.01930224224460431
>>END_MODULE
>>Sequence Length Distribution	warn
#Length	Count
20	21705.0
21	22664.0
22	24541.0
23	25250.0
24	25733.0
25	25852.0
26	26931.0
27	27831.0
28	28184.0
29	30879.0
30	31530.0
31	32805.0
32	33971.0
33	35631.0
34	36673.0
35	37967.0
36	37204.0
37	37537.0
38	39322.0
39	41975.0
40	43045.0
41	49563.0
42	52888.0
43	63118.0
44	90054.0
45	153707.0
46	385327.0
47	816529.0
48	1622603.0
49	2160626.0
50	8195939.0
>>END_MODULE
>>Sequence Duplication Levels	warn
#Total Duplicate Percentage	31.901420837649265
#Duplication Level	Relative count
1	100.0
2	21.51446447021008
3	8.385231316725978
4	4.1018539777293075
5	2.3533463437033637
6	1.3718287223051315
7	0.9485133738950752
8	0.6321030880495925
9	0.4685168178165538
10++	3.720870164160257
>>END_MODULE
>>Overrepresented sequences	pass
>>END_MODULE
>>Kmer Content	warn
#Sequence	Count	Obs/Exp Overall	Obs/Exp Max	Max Obs/Exp Position
AAAAA	3800975	4.2147975	5.245888	46
TTTTT	3617515	3.8133194	5.240222	13
GAAAA	2131920	2.816424	5.1455145	4
AGAAA	2106230	2.7824855	5.083535	28
GAGAA	1396280	2.1975818	5.019826	27
>>END_MODULE
