##FastQC	0.10.1
>>Basic Statistics	pass
#Measure	Value	
Filename	KS29_S2_L002_R1_001_trimmed.fq.gz	
File type	Conventional base calls	
Encoding	Sanger / Illumina 1.9	
Total Sequences	19395735	
Filtered Sequences	0	
Sequence length	20-50	
%GC	45	
>>END_MODULE
>>Per base sequence quality	pass
#Base	Mean	Median	Lower Quartile	Upper Quartile	10th Percentile	90th Percentile
1	35.31264842502746	36.0	36.0	36.0	36.0	36.0
2	35.30289978698925	36.0	36.0	36.0	36.0	36.0
3	35.284687071668074	36.0	36.0	36.0	36.0	36.0
4	35.27541642531206	36.0	36.0	36.0	36.0	36.0
5	35.25777986758429	36.0	36.0	36.0	36.0	36.0
6	35.229023597198044	36.0	36.0	36.0	36.0	36.0
7	35.21299110345651	36.0	36.0	36.0	36.0	36.0
8	35.205026362754495	36.0	36.0	36.0	36.0	36.0
9	35.18941648769691	36.0	36.0	36.0	36.0	36.0
10	35.17207282941327	36.0	36.0	36.0	36.0	36.0
11	35.16046501975821	36.0	36.0	36.0	36.0	36.0
12	35.14487133382674	36.0	36.0	36.0	36.0	36.0
13	35.13228830977532	36.0	36.0	36.0	36.0	36.0
14	35.13073817517098	36.0	36.0	36.0	36.0	36.0
15	35.10630517482323	36.0	36.0	36.0	36.0	36.0
16	35.09709541814218	36.0	36.0	36.0	36.0	36.0
17	35.08483287691856	36.0	36.0	36.0	36.0	36.0
18	35.069003881523436	36.0	36.0	36.0	36.0	36.0
19	35.060342699052136	36.0	36.0	36.0	36.0	36.0
20	35.05039185161068	36.0	36.0	36.0	36.0	36.0
21	35.03143027057486	36.0	36.0	36.0	36.0	36.0
22	35.022840042056494	36.0	36.0	36.0	36.0	36.0
23	35.01557693063827	36.0	36.0	36.0	36.0	36.0
24	35.00266613427748	36.0	36.0	36.0	36.0	36.0
25	34.99544099782723	36.0	36.0	36.0	36.0	36.0
26	34.97944093518511	36.0	36.0	36.0	36.0	36.0
27	34.96823986619956	36.0	36.0	36.0	36.0	36.0
28	34.95358235247387	36.0	36.0	36.0	36.0	36.0
29	34.936460378433395	36.0	36.0	36.0	36.0	36.0
30	34.92279057916283	36.0	36.0	36.0	36.0	36.0
31	34.90901573755778	36.0	36.0	36.0	36.0	36.0
32	34.888948560633594	36.0	36.0	36.0	36.0	36.0
33	34.862906417151095	36.0	36.0	36.0	36.0	36.0
34	34.84842634044061	36.0	36.0	36.0	36.0	36.0
35	34.82849846574484	36.0	36.0	36.0	36.0	36.0
36	34.80598150076487	36.0	36.0	36.0	36.0	36.0
37	34.79710017595446	36.0	36.0	36.0	36.0	36.0
38	34.781675033398415	36.0	36.0	36.0	36.0	36.0
39	34.752400341864515	36.0	36.0	36.0	36.0	36.0
40	34.72418232661779	36.0	36.0	36.0	32.0	36.0
41	34.7181331900297	36.0	36.0	36.0	32.0	36.0
42	34.699969780189946	36.0	36.0	36.0	32.0	36.0
43	34.66987034794522	36.0	36.0	36.0	32.0	36.0
44	34.65348295750547	36.0	36.0	36.0	32.0	36.0
45	34.640722018691996	36.0	36.0	36.0	32.0	36.0
46	34.63227391337896	36.0	36.0	36.0	32.0	36.0
47	34.635614167346596	36.0	36.0	36.0	32.0	36.0
48	34.64791694178831	36.0	36.0	36.0	32.0	36.0
49	34.71132666308783	36.0	36.0	36.0	32.0	36.0
50	34.800174603641416	36.0	36.0	36.0	32.0	36.0
>>END_MODULE
>>Per sequence quality scores	pass
#Quality	Count
8	1.0
9	1.0
10	8.0
11	9.0
12	16.0
13	18.0
14	49.0
15	94.0
16	289.0
17	587.0
18	1248.0
19	2835.0
20	5675.0
21	10375.0
22	17795.0
23	28989.0
24	44672.0
25	66673.0
26	97091.0
27	134863.0
28	184250.0
29	241149.0
30	314245.0
31	411439.0
32	562940.0
33	853826.0
34	1720101.0
35	8828377.0
36	5868120.0
>>END_MODULE
>>Per base sequence content	pass
#Base	G	A	T	C
1	22.499660233689102	26.794455921224536	27.45928939654822	23.24659444853814
2	22.353656012132614	26.77462555402228	27.699229543936514	23.17248888990859
3	22.404823605001916	26.84194955788467	27.507434926796353	23.245791910317063
4	22.45254203792925	26.662839002107642	27.799620316711398	23.084998643251712
5	22.63114767579587	26.64884330768944	27.422439438466235	23.297569578048456
6	22.166063850262642	27.003528217360582	27.64696604809391	23.183441884282864
7	22.222010832731776	26.980955405221536	27.658412319532022	23.138621442514665
8	22.328113359705178	26.871587328831836	27.659179875660868	23.14111943580212
9	22.08554564362633	27.053671876530654	27.77066664741798	23.090115832425038
10	22.25584570677221	27.079019760276445	27.65997355837076	23.005160974580583
11	22.62333909389803	27.087601420898043	27.42910514484634	22.85995434035759
12	22.098060850420982	27.202468664765846	27.764358007950463	22.935112476862713
13	22.169027216872557	27.00929773294054	27.886943989655656	22.934731060531252
14	22.163349514863455	26.77585384073134	28.053846176056535	23.006950468348673
15	22.124805893965448	27.039339940221918	27.86983919009539	22.966014975717247
16	22.253538541562307	27.40457349687554	27.72268375437031	22.619204207191846
17	22.378960226483176	27.13006411540515	27.519825141210386	22.97115051690129
18	22.23324944576557	27.488223066196994	27.543458301161767	22.73506918687567
19	22.330012386584993	27.280243043741205	27.7289299796245	22.66081459004931
20	22.310079605822533	27.08478414545297	27.754588845903772	22.850547402820727
21	22.367398774029894	27.191914213361645	27.760425769118303	22.68026124349016
22	22.21263384995917	27.30315076907317	27.775165114145516	22.709050266822146
23	22.32694213546975	27.0679616286284	27.695418117085868	22.909678118815986
24	22.21711566397525	27.394029722616835	27.717692543591777	22.671162069816138
25	22.27046410870753	27.34224514104295	27.619028889151682	22.768261861097834
26	22.37454216391296	27.358699520188303	27.54478130314227	22.721977012756476
27	22.250041514647194	27.455664612043744	27.680758765915613	22.613535107393453
28	22.146310427287975	27.36959662553764	27.639703073882792	22.844389873291597
29	22.347939998478893	27.209036967523488	27.731606528134904	22.71141650586271
30	22.292650183839555	27.406128012920266	27.645511645321886	22.655710157918293
31	22.3765480633028	27.381571764466727	27.59360548658149	22.648274685648982
32	22.336042401666262	27.35500035373302	27.578860956753704	22.730096287847022
33	22.24882648273915	27.277308401035683	27.732526289094057	22.74133882713111
34	22.3947505340133	27.502555203850225	27.628535613379075	22.4741586487574
35	22.377795103911087	27.28189746841883	27.53475828683158	22.805549140838504
36	22.441177207505188	27.489459790477923	27.483133096347007	22.58622990566988
37	22.27261739629114	27.393548404029854	27.588610692993427	22.74522350668558
38	22.272262267694522	27.257477554796388	27.650126007330478	22.820134170178612
39	22.20001080783056	27.40193763544682	27.683567999846627	22.714483556875997
40	22.31956241290051	27.378367809574495	27.68967947915303	22.612390298371963
41	22.52652460891702	27.37643520273657	27.533270714026624	22.563769474319784
42	22.433869234085236	27.510014001510186	27.482677442215625	22.573439322188953
43	22.376177479158972	27.58087860094806	27.50910712760728	22.53383679228569
44	22.44409055036212	27.28824886087568	27.476704118533384	22.790956470228814
45	22.3094146513479	27.407269743291884	27.6182867014287	22.66502890393152
46	22.33979343535392	27.552392797274646	27.452219758827667	22.655594008543773
47	22.343140685896664	27.45831525384436	27.530820374706156	22.66772368555282
48	22.365358975119765	27.83815295372275	27.674578245831228	22.121909825326256
49	22.451270861606375	28.1640189715076	27.78350526367288	21.601204903213144
50	22.197591800513653	28.063084371024082	27.972310371098864	21.767013457363404
>>END_MODULE
>>Per base GC content	pass
#Base	%GC
1	45.746254682227246
2	45.5261449020412
3	45.650615515318975
4	45.53754068118096
5	45.928717253844326
6	45.34950573454551
7	45.36063227524644
8	45.469232795507295
9	45.17566147605137
10	45.2610066813528
11	45.48329343425562
12	45.03317332728369
13	45.10375827740381
14	45.170299983212125
15	45.090820869682695
16	44.87274274875415
17	45.35011074338446
18	44.96831863264124
19	44.9908269766343
20	45.16062700864325
21	45.04766001752005
22	44.921684116781314
23	45.23662025428573
24	44.88827773379139
25	45.03872596980536
26	45.09651917666944
27	44.86357662204065
28	44.990700300579576
29	45.0593565043416
30	44.94836034175785
31	45.024822748951784
32	45.06613868951329
33	44.990165309870264
34	44.8689091827707
35	45.18334424474959
36	45.02740711317507
37	45.01784090297672
38	45.092396437873134
39	44.914494364706556
40	44.93195271127248
41	45.090294083236806
42	45.00730855627419
43	44.91001427144466
44	45.23504702059093
45	44.97444355527942
46	44.99538744389769
47	45.010864371449486
48	44.487268800446024
49	44.05247576481952
50	43.964605257877054
>>END_MODULE
>>Per sequence GC content	warn
#GC Content	Count
0	3599.0
1	3461.0
2	2842.5
3	2522.5
4	2738.0
5	3287.5
6	3948.0
7	4949.5
8	5916.5
9	7697.0
10	9708.0
11	13557.0
12	17547.5
13	24208.5
14	31905.0
15	44544.5
16	58131.0
17	78038.5
18	99249.5
19	127267.0
20	156016.5
21	192325.5
22	229937.5
23	274867.5
24	322030.5
25	366891.5
26	417688.0
27	476345.0
28	538062.5
29	603604.0
30	670613.0
31	740091.5
32	812679.5
33	884056.0
34	955803.5
35	1018684.5
36	1077528.5
37	1121932.0
38	1157550.0
39	1180888.5
40	1200721.0
41	1208909.5
42	1214144.5
43	1204480.0
44	1192307.5
45	1170910.0
46	1147142.0
47	1119352.5
48	1090649.0
49	1062198.0
50	1033899.0
51	1006544.5
52	978112.5
53	951244.0
54	924518.5
55	895784.0
56	864221.0
57	827253.0
58	787111.5
59	739457.5
60	691128.5
61	638076.5
62	583577.5
63	535397.0
64	477002.0
65	422006.5
66	370746.0
67	323539.0
68	275395.0
69	232815.5
70	196253.0
71	165301.5
72	137797.5
73	113733.0
74	90951.0
75	74220.5
76	62283.5
77	51253.0
78	40884.0
79	32882.5
80	26030.5
81	21022.0
82	16754.0
83	13482.0
84	10574.5
85	8323.5
86	6309.5
87	4934.5
88	3990.5
89	3095.5
90	2318.0
91	1828.5
92	1456.5
93	1234.0
94	1015.5
95	866.0
96	739.5
97	670.0
98	612.0
99	784.5
100	955.0
>>END_MODULE
>>Per base N content	pass
#Base	N-Count
1	2.629444050457485E-4
2	4.1246181183646815E-4
3	6.032253998108347E-4
4	4.949541742037618E-4
5	0.0011033353466625524
6	0.0020004397874068707
7	0.0013301893431726098
8	0.002856298046967542
9	0.0024489920077790297
10	0.002892388455503233
11	0.009295858084264402
12	0.0032739156314519663
13	0.014064947783623565
14	0.004036969983349432
15	0.012064507996216695
16	0.007816151334301072
17	0.009280390766320534
18	0.011945925225313708
19	0.007042785437107695
20	0.00734697602333709
21	0.01424971558609849
22	0.010206934365075247
23	0.016621441225173304
24	0.012647862614634828
25	0.007457146248972637
26	0.010374210675616974
27	0.009579983557471944
28	0.013070804063043099
29	0.016652540229181754
30	0.033295590011323
31	0.016794919250590505
32	0.01800403626098388
33	0.021002431877015105
34	0.014811036469433554
35	0.013591188053528871
36	0.01573825381479707
37	0.01522052041058666
38	0.0159593274752018
39	0.025880477268647624
40	0.025231411023008955
41	0.020666760433503007
42	0.013369816051142194
43	0.02025166221331871
44	0.01474311690050681
45	0.011826173769161119
46	0.005682908520150615
47	0.011178615148018538
48	0.0072187970606053245
49	0.007375551051230946
50	0.018511552829476703
>>END_MODULE
>>Sequence Length Distribution	warn
#Length	Count
20	12892.0
21	13658.0
22	14666.0
23	15283.0
24	15490.0
25	16253.0
26	17272.0
27	18262.0
28	19641.0
29	21543.0
30	22585.0
31	23603.0
32	24901.0
33	25306.0
34	26411.0
35	27072.0
36	27672.0
37	29867.0
38	32209.0
39	34619.0
40	37261.0
41	40924.0
42	45323.0
43	58159.0
44	95956.0
45	184856.0
46	504345.0
47	1103236.0
48	2229938.0
49	2993545.0
50	1.1662987E7
>>END_MODULE
>>Sequence Duplication Levels	warn
#Total Duplicate Percentage	34.56512942987693
#Duplication Level	Relative count
1	100.0
2	22.577653100468293
3	9.97066564109525
4	5.270381346665761
5	3.0895338928730327
6	2.0896017615697273
7	1.4154393744014357
8	0.9908829717439993
9	0.7495720501625078
10++	4.665595849452149
>>END_MODULE
>>Overrepresented sequences	pass
>>END_MODULE
>>Kmer Content	warn
#Sequence	Count	Obs/Exp Overall	Obs/Exp Max	Max Obs/Exp Position
AAAAA	5146560	3.9476666	4.775274	46
TTTTT	4842070	3.4567182	3.9088018	46
>>END_MODULE
