##FastQC	0.10.1
>>Basic Statistics	pass
#Measure	Value	
Filename	001-F5_S2_L004_R2_001_trimmed.fq.gz	
File type	Conventional base calls	
Encoding	Sanger / Illumina 1.9	
Total Sequences	18722511	
Filtered Sequences	0	
Sequence length	20-51	
%GC	45	
>>END_MODULE
>>Per base sequence quality	pass
#Base	Mean	Median	Lower Quartile	Upper Quartile	10th Percentile	90th Percentile
1	34.81774880516828	36.0	36.0	36.0	36.0	36.0
2	34.81028671848557	36.0	36.0	36.0	36.0	36.0
3	34.79521240500273	36.0	36.0	36.0	36.0	36.0
4	34.77972217508645	36.0	36.0	36.0	32.0	36.0
5	34.77257099755476	36.0	36.0	36.0	32.0	36.0
6	34.755036971269504	36.0	36.0	36.0	32.0	36.0
7	34.748382468569524	36.0	36.0	36.0	32.0	36.0
8	34.73398220997173	36.0	36.0	36.0	32.0	36.0
9	34.71608915064865	36.0	36.0	36.0	32.0	36.0
10	34.699327883957444	36.0	36.0	36.0	32.0	36.0
11	34.685571983373386	36.0	36.0	36.0	32.0	36.0
12	34.67021955548591	36.0	36.0	36.0	32.0	36.0
13	34.655082910620266	36.0	36.0	36.0	32.0	36.0
14	34.64220296091694	36.0	36.0	36.0	32.0	36.0
15	34.63488652777397	36.0	36.0	36.0	32.0	36.0
16	34.59762256248641	36.0	36.0	36.0	32.0	36.0
17	34.59183519774671	36.0	36.0	36.0	32.0	36.0
18	34.57329281312747	36.0	36.0	36.0	32.0	36.0
19	34.55360394767561	36.0	36.0	36.0	32.0	36.0
20	34.54208642206166	36.0	36.0	36.0	32.0	36.0
21	34.52015739792189	36.0	36.0	36.0	32.0	36.0
22	34.511053421501174	36.0	36.0	36.0	32.0	36.0
23	34.48382522369732	36.0	36.0	36.0	32.0	36.0
24	34.447777580247596	36.0	36.0	36.0	32.0	36.0
25	34.432852488849534	36.0	36.0	36.0	32.0	36.0
26	34.413144220829	36.0	36.0	36.0	32.0	36.0
27	34.398961013880616	36.0	36.0	36.0	32.0	36.0
28	34.35732521420541	36.0	36.0	36.0	32.0	36.0
29	34.34351747256204	36.0	36.0	36.0	32.0	36.0
30	34.31299521463046	36.0	36.0	36.0	32.0	36.0
31	34.280793925135704	36.0	36.0	36.0	32.0	36.0
32	34.26354766474373	36.0	36.0	36.0	32.0	36.0
33	34.2100127817938	36.0	36.0	36.0	32.0	36.0
34	34.173486144165764	36.0	36.0	36.0	32.0	36.0
35	34.15800289690518	36.0	36.0	36.0	32.0	36.0
36	34.145416075854634	36.0	36.0	36.0	32.0	36.0
37	34.12013227202354	36.0	36.0	36.0	32.0	36.0
38	34.08622915236867	36.0	36.0	36.0	32.0	36.0
39	34.06192248110825	36.0	36.0	36.0	32.0	36.0
40	34.04732137588393	36.0	36.0	36.0	32.0	36.0
41	34.00769874105114	36.0	36.0	36.0	32.0	36.0
42	33.986527436155534	36.0	36.0	36.0	32.0	36.0
43	33.972807656830994	36.0	36.0	36.0	32.0	36.0
44	33.96178788221764	36.0	36.0	36.0	32.0	36.0
45	33.95244663218752	36.0	36.0	36.0	32.0	36.0
46	33.93046039315428	36.0	36.0	36.0	32.0	36.0
47	33.93049187313646	36.0	36.0	36.0	32.0	36.0
48	33.94485425195289	36.0	36.0	36.0	32.0	36.0
49	33.981997717318606	36.0	36.0	36.0	32.0	36.0
50	34.080046838900124	36.0	36.0	36.0	32.0	36.0
51	34.2281712904433	36.0	36.0	36.0	32.0	36.0
>>END_MODULE
>>Per sequence quality scores	pass
#Quality	Count
2	1.0
3	3.0
4	1.0
5	4.0
6	9.0
7	15.0
8	10.0
9	23.0
10	33.0
11	40.0
12	34.0
13	34.0
14	1260.0
15	2371.0
16	4380.0
17	7538.0
18	11667.0
19	17984.0
20	26363.0
21	37810.0
22	52861.0
23	73511.0
24	100216.0
25	134220.0
26	177248.0
27	226237.0
28	284076.0
29	352532.0
30	439332.0
31	556869.0
32	738105.0
33	1086034.0
34	2075072.0
35	8591065.0
36	3725553.0
>>END_MODULE
>>Per base sequence content	pass
#Base	G	A	T	C
1	22.53072774510902	26.856004624778617	27.482895439163013	23.130372190949345
2	22.468564888359293	26.90470382431259	27.743781787171113	22.882949500157007
3	22.419565378331775	26.958891813990327	27.617418881137485	23.004123926540416
4	22.605548171062775	26.66798065236185	27.88412782730596	22.842343349269417
5	22.729138565488128	26.750213908579113	27.466481157270117	23.054166368662642
6	22.2459449743962	27.11904765720018	27.677401194220863	22.95760617418276
7	22.295415222510755	27.116034713583876	27.62724026666336	22.961309797242006
8	22.37950472676325	27.013188253024516	27.574262542407602	23.03304447780463
9	22.253366980212206	27.129299678264406	27.717605509485015	22.89972783203837
10	22.343450652271592	27.16135002133324	27.65468522626589	22.84051410012928
11	22.847074350457472	27.09167415551245	27.341263177056824	22.71998831697325
12	22.17462418733897	27.31298460812694	27.726485896569503	22.785905307964587
13	22.321704132403568	27.09136796899829	27.844500054749737	22.7424278438484
14	22.358657474553194	26.84427018677416	28.018533145038475	22.778539193634167
15	22.29255539765785	27.13518574850501	27.78074729918808	22.79151155464906
16	22.419984046939796	27.47540979403374	27.643620407759705	22.46098575126676
17	22.581694680445395	27.175280294026226	27.3184325701768	22.92459245535158
18	22.457176115478582	27.54628524214921	27.402398528538413	22.594140113833795
19	22.606479706696305	27.251879231171195	27.590920421999826	22.55072064013267
20	22.64584974355323	27.010244036650498	27.592569931372584	22.751336288423683
21	22.64614463496375	27.161893092357175	27.593367728916817	22.598594543762257
22	22.473617518443533	27.317708502543027	27.62498838074803	22.583685598265415
23	22.531743673007547	27.110319963127466	27.532669632789496	22.825266731075487
24	22.389432550639718	27.435419756594936	27.569348602885253	22.605799089880094
25	22.47245353610294	27.37544596799219	27.42098322228155	22.731117273623326
26	22.578686906601096	27.349331460979677	27.36383698636247	22.70814464605676
27	22.515195616347103	27.444527240285993	27.481213173061803	22.5590639703051
28	22.34759326684504	27.407978300193882	27.433242037262072	22.81118639569901
29	22.609772000764206	27.23363790533988	27.477451657282415	22.6791384366135
30	22.458540077205175	27.5207981504755	27.394735742620206	22.625926029699116
31	22.54531321260491	27.42446370675131	27.404088472053527	22.626134608590252
32	22.5329400475829	27.450923199704015	27.340577755636108	22.675558997076976
33	22.438003910099116	27.287007754402758	27.588720629864177	22.686267705633952
34	22.59404578610144	27.61417801752118	27.39052505413897	22.40125114223841
35	22.56933897878132	27.296894872699713	27.362372569271653	22.771393579247313
36	22.69202919121272	27.531048106202956	27.196584235195093	22.58033846738924
37	22.4378399052135	27.45099203531681	27.36463638133729	22.7465316781324
38	22.486224055159546	27.316210896649846	27.364543759299504	22.833021288891103
39	22.41325204338972	27.451058118370362	27.402668350080013	22.733021488159906
40	22.487945289757942	27.40068195864555	27.528976768108677	22.582395983487828
41	22.73843421973176	27.381907105327862	27.321375208702637	22.55828346623774
42	22.630475988276086	27.516454756686535	27.34532817965485	22.507741075382526
43	22.600965517089	27.59434095280811	27.28959994864778	22.515093581455105
44	22.619347178760542	27.3440658896845	27.24331443690619	22.793272494648768
45	22.49939885966016	27.484601129043636	27.41309969963281	22.602900311663394
46	22.51802085952206	27.705736798760995	27.153734586195043	22.622507755521905
47	22.583965957094577	27.442427412818716	27.26857706740695	22.70502956267976
48	22.574788578992916	27.788515290831096	27.407775694080833	22.228920436095155
49	22.86006944955706	27.73466375582336	27.342736608900413	22.06253018571917
50	22.921370813015955	27.905240919947342	27.476042794372983	21.697345472663716
51	22.517135887239395	28.279865305943698	27.62583469463282	21.577164112184093
>>END_MODULE
>>Per base GC content	pass
#Base	%GC
1	45.66109993605836
2	45.3515143885163
3	45.42368930487219
4	45.44789152033219
5	45.78330493415077
6	45.20355114857896
7	45.256725019752764
8	45.41254920456788
9	45.15309481225058
10	45.183964752400875
11	45.56706266743072
12	44.96052949530356
13	45.064131976251964
14	45.137196668187364
15	45.08406695230691
16	44.88096979820656
17	45.506287135796974
18	45.05131622931238
19	45.15720034682898
20	45.397186031976915
21	45.24473917872601
22	45.057303116708944
23	45.357010404083034
24	44.99523164051981
25	45.203570809726266
26	45.28683155265785
27	45.074259586652204
28	45.15877966254405
29	45.28891043737771
30	45.084466106904294
31	45.17144782119516
32	45.20849904465988
33	45.12427161573307
34	44.99529692833985
35	45.340732558028634
36	45.27236765860195
37	45.1843715833459
38	45.31924534405064
39	45.146273531549625
40	45.07034127324577
41	45.2967176859695
42	45.138217063658615
43	45.116059098544106
44	45.41261967340931
45	45.10229917132356
46	45.14052861504397
47	45.28899551977433
48	44.803709015088074
49	44.92259963527623
50	44.618716285679675
51	44.094299999423484
>>END_MODULE
>>Per sequence GC content	pass
#GC Content	Count
0	11037.0
1	9759.5
2	7121.0
3	6067.0
4	6508.0
5	7448.0
6	8493.5
7	9875.5
8	11219.5
9	13416.0
10	15797.0
11	19561.0
12	23460.0
13	30044.5
14	37145.5
15	48337.5
16	60082.0
17	77471.5
18	95952.0
19	120383.0
20	145456.5
21	176707.0
22	208587.0
23	247093.0
24	287048.5
25	327721.0
26	403480.5
27	456743.5
28	516063.5
29	577238.5
30	642538.0
31	709299.5
32	779597.0
33	852072.5
34	919554.0
35	983696.0
36	1036708.5
37	1085047.0
38	1115265.5
39	1146013.5
40	1163713.5
41	1177301.5
42	1183240.0
43	1183984.0
44	1172278.5
45	1157234.5
46	1137752.0
47	1116416.5
48	1091518.0
49	1065909.5
50	1041861.5
51	1018229.5
52	993958.0
53	967419.5
54	940596.5
55	912681.5
56	880689.5
57	844866.5
58	801829.0
59	753819.0
60	700642.0
61	643910.5
62	586679.0
63	532299.5
64	473729.5
65	417541.0
66	365655.0
67	315271.5
68	269885.5
69	225511.0
70	190226.5
71	158794.5
72	133041.5
73	108654.0
74	88053.5
75	65930.0
76	55144.5
77	45543.0
78	36337.0
79	29346.5
80	23056.5
81	18586.5
82	14831.0
83	12075.5
84	9592.0
85	7787.0
86	6124.5
87	5102.0
88	4156.0
89	3435.0
90	2809.5
91	2432.5
92	2116.0
93	1967.0
94	1825.5
95	1762.5
96	1725.0
97	1856.5
98	2402.0
99	12687.5
100	22572.0
>>END_MODULE
>>Per base N content	pass
#Base	N-Count
1	0.0040058729301854865
2	0.002841499198478238
3	0.005517422315842143
4	0.004518624665249229
5	0.003888367324233379
6	0.003637332620608422
7	0.005763115855560187
8	0.004945917777802347
9	0.0032901569666590126
10	0.00296434596833726
11	0.007130453815730166
12	0.0036480149484222494
13	0.0051328585145443365
14	0.004326342764600325
15	0.004411801387110949
16	0.007146477307450908
17	0.00634530272141381
18	0.008188004269299134
19	0.0047643182049672715
20	0.003696085423584475
21	0.004016345992677398
22	0.007023414980890459
23	0.006219348841176462
24	0.00951529045613127
25	0.008357096626560185
26	0.0071218687001204355
27	0.0054164946539088776
28	0.00856083646916336
29	0.004749998423066343
30	0.004678749105051623
31	0.00663477041760825
32	0.0049017835616359355
33	0.0035345726008726664
34	0.008940401495550362
35	0.008583007216457833
36	0.0047310019856691195
37	0.004925479363372461
38	0.006456458315185783
39	0.00690094047841882
40	0.0064108917556161184
41	0.006815490343158212
42	0.006779579836118118
43	0.005453550200133083
44	0.004139098013373262
45	0.0027121916367541152
46	0.00569604785059931
47	0.0026949085057508325
48	0.003940051801116377
49	0.0024917484152246895
50	0.004830358961893532
51	0.003044309366561144
>>END_MODULE
>>Sequence Length Distribution	warn
#Length	Count
20	48821.0
21	50271.0
22	52343.0
23	53512.0
24	54214.0
25	55260.0
26	56738.0
27	58747.0
28	61020.0
29	64336.0
30	65643.0
31	67354.0
32	68855.0
33	69109.0
34	70368.0
35	70696.0
36	71666.0
37	73284.0
38	76432.0
39	79172.0
40	82479.0
41	84984.0
42	87402.0
43	94629.0
44	107852.0
45	143533.0
46	229850.0
47	532782.0
48	1081618.0
49	2174056.0
50	2948185.0
51	9887300.0
>>END_MODULE
>>Sequence Duplication Levels	warn
#Total Duplicate Percentage	31.22323406349988
#Duplication Level	Relative count
1	100.0
2	20.561122244488978
3	8.136988262238763
4	4.17477812768394
5	2.361150873174921
6	1.5115946178070427
7	0.9862582307472088
8	0.7321786430002862
9	0.5174634984254223
10++	4.161895219009447
>>END_MODULE
>>Overrepresented sequences	pass
>>END_MODULE
>>Kmer Content	warn
#Sequence	Count	Obs/Exp Overall	Obs/Exp Max	Max Obs/Exp Position
AAAAA	5727560	4.52239	5.4992037	47
TTTTT	5059335	3.8569727	4.4459386	13
GGGGG	1820760	3.7735088	5.5383654	47
>>END_MODULE
