##FastQC	0.10.1
>>Basic Statistics	pass
#Measure	Value	
Filename	032-F0_S5_L004_R1_001.fastq.gz	
File type	Conventional base calls	
Encoding	Sanger / Illumina 1.9	
Total Sequences	31844996	
Filtered Sequences	0	
Sequence length	35-76	
%GC	45	
>>END_MODULE
>>Per base sequence quality	pass
#Base	Mean	Median	Lower Quartile	Upper Quartile	10th Percentile	90th Percentile
1	31.354604911867472	32.0	32.0	32.0	32.0	32.0
2	31.404343055970237	32.0	32.0	32.0	32.0	32.0
3	31.48801406663703	32.0	32.0	32.0	32.0	32.0
4	31.581614989055108	32.0	32.0	32.0	32.0	32.0
5	31.543045130230194	32.0	32.0	32.0	32.0	32.0
6	35.145085840174076	36.0	36.0	36.0	36.0	36.0
7	35.14921983347085	36.0	36.0	36.0	36.0	36.0
8	35.09005000346051	36.0	36.0	36.0	36.0	36.0
9	35.22055857692681	36.0	36.0	36.0	36.0	36.0
10-14	35.13566938428882	36.0	36.0	36.0	36.0	36.0
15-19	35.10103979915715	36.0	36.0	36.0	36.0	36.0
20-24	35.06142971410641	36.0	36.0	36.0	36.0	36.0
25-29	34.96256081803245	36.0	36.0	36.0	36.0	36.0
30-34	34.86883153635818	36.0	36.0	36.0	36.0	36.0
35-39	34.81183799106711	36.0	36.0	36.0	35.2	36.0
40-44	34.76539774979875	36.0	36.0	36.0	33.6	36.0
45-49	34.697910238307216	36.0	36.0	36.0	32.0	36.0
50-54	34.607448216304206	36.0	36.0	36.0	32.0	36.0
55-59	34.492694485892606	36.0	36.0	36.0	32.0	36.0
60-64	34.37328343308151	36.0	36.0	36.0	32.0	36.0
65-69	34.23842308873256	36.0	36.0	36.0	32.0	36.0
70-74	34.097099978168465	36.0	36.0	36.0	32.0	36.0
75-76	33.60044117422297	36.0	36.0	36.0	26.5	36.0
>>END_MODULE
>>Per sequence quality scores	pass
#Quality	Count
2	15300.0
3	0.0
4	0.0
5	0.0
6	0.0
7	0.0
8	0.0
9	0.0
10	0.0
11	0.0
12	0.0
13	0.0
14	2.0
15	8.0
16	27.0
17	40.0
18	217.0
19	888.0
20	3548.0
21	9631.0
22	20504.0
23	37805.0
24	67270.0
25	116263.0
26	185459.0
27	281310.0
28	400534.0
29	549633.0
30	725237.0
31	956799.0
32	1308865.0
33	2025718.0
34	4492999.0
35	2.0646939E7
>>END_MODULE
>>Per base sequence content	fail
#Base	G	A	T	C
1	42.98296471320367	18.699870711928885	11.641983636915665	26.67518093795178
2	16.22629069407386	20.517764291559683	35.62461922350751	27.631325790858952
3	18.632483954606414	21.97406158073266	28.603279779989105	30.790174684671822
4	12.978348897834275	15.45624878101255	35.690743009295474	35.874659311857705
5	14.601974206728208	35.47900363233127	34.25387097633606	15.665151184604465
6	34.22140129770639	35.67282263707451	16.18725482015285	13.918521245066243
7	30.470441816346593	29.976657646997317	20.470098112152876	19.082802424503207
8	26.365068016986402	34.87956341147587	19.78852704091173	18.96684153062599
9	24.544777304816233	15.729996290256745	19.906247298120597	39.818979106806424
10-14	23.638826860198943	23.304375240601996	28.723615339870296	24.333182559328762
15-19	22.028827547006895	28.67947395284416	26.582351687075594	22.709346813073353
20-24	22.107025757112616	27.328661351175704	27.93122132701849	22.63309156469319
25-29	21.82027320286458	27.41995489123227	27.99310760458954	22.766664301313615
30-34	21.84587339563866	27.540159628793358	28.126634007663164	22.487332967904816
35-39	21.798543264462538	27.818930656394315	28.04372706306186	22.338799016081293
40-44	21.905137892022893	27.742060743083048	28.072282576170064	22.280518788724
45-49	21.88015013607894	27.903886900785714	27.937911694694268	22.27805126844108
50-54	21.910384776049654	27.96265595876711	27.930116692104157	22.196842573079074
55-59	21.912120442907888	27.88725503843371	27.85404354392676	22.34658097473164
60-64	22.03467709000228	27.92468734298696	27.84298017249951	22.197655394511248
65-69	22.078230032998693	28.011728002304604	27.786345525058113	22.123696439638586
70-74	22.351235117172223	28.26463786118963	27.717983833234328	21.666143188403815
75-76	26.177397684050973	35.51590846013008	28.7904877617986	9.516206094020347
>>END_MODULE
>>Per base GC content	fail
#Base	%GC
1	69.65814565115545
2	43.85761648493281
3	49.42265863927824
4	48.85300820969198
5	30.267125391332673
6	48.13992254277263
7	49.5532442408498
8	45.33190954761239
9	64.36375641162265
10-14	47.97200941952771
15-19	44.738174360080244
20-24	44.740117321805805
25-29	44.586937504178195
30-34	44.333206363543475
35-39	44.13734228054383
40-44	44.185656680746895
45-49	44.15820140452002
50-54	44.10722734912873
55-59	44.25870141763953
60-64	44.232332484513535
65-69	44.201926472637275
70-74	44.01737830557604
75-76	35.69360377807132
>>END_MODULE
>>Per sequence GC content	warn
#GC Content	Count
0	15314.0
1	7669.5
2	43.5
3	95.5
4	129.0
5	175.5
6	349.5
7	639.5
8	805.0
9	1088.0
10	1973.0
11	3474.5
12	4391.0
13	5882.0
14	9923.0
15	16671.5
16	27219.0
17	35309.0
18	48388.0
19	74584.0
20	107870.0
21	131940.5
22	166428.5
23	228042.5
24	293364.5
25	336410.5
26	390532.0
27	478656.5
28	564886.5
29	622270.0
30	691215.0
31	799076.5
32	902489.0
33	970403.0
34	1055870.0
35	1182638.5
36	1284967.0
37	1342961.0
38	1382459.5
39	1416210.0
40	1415650.0
41	1393837.0
42	1388270.0
43	1378477.0
44	1343547.5
45	1299952.0
46	1272273.0
47	1242596.0
48	1191737.5
49	1141636.0
50	1111518.5
51	1079140.0
52	1031609.0
53	991938.0
54	972420.5
55	953743.0
56	921890.0
57	888999.0
58	859819.5
59	815631.5
60	749117.5
61	674085.5
62	616225.0
63	561483.0
64	488087.5
65	420885.0
66	351514.0
67	301282.5
68	263393.5
69	214349.0
70	167686.0
71	137011.5
72	114792.0
73	90241.5
74	68544.5
75	54888.0
76	46410.5
77	36778.0
78	27362.5
79	21694.5
80	18392.0
81	14312.5
82	10189.5
83	7787.5
84	6195.0
85	4480.5
86	2992.0
87	2124.5
88	1663.0
89	1159.5
90	751.5
91	517.5
92	418.5
93	370.5
94	286.0
95	201.5
96	165.0
97	127.5
98	81.0
99	135.5
100	202.0
>>END_MODULE
>>Per base N content	pass
#Base	N-Count
1	0.04804522506455959
2	0.04804522506455959
3	0.04804522506455959
4	0.04804522506455959
5	0.04804522506455959
6	0.04804522506455959
7	0.04804522506455959
8	0.04804522506455959
9	0.04804522506455959
10-14	0.04854640270640951
15-19	0.04805150548613666
20-24	0.05075962327016778
25-29	0.05043743764326427
30-34	0.051585498707552045
35-39	0.019593231539504714
40-44	0.012490786013703794
45-49	0.01189246560454623
50-54	0.013984850031787649
55-59	0.011174613560769115
60-64	0.00996205370800751
65-69	0.00743029795305908
70-74	0.003934312918614844
75-76	4.3831179827775335E-4
>>END_MODULE
>>Sequence Length Distribution	warn
#Length	Count
35	20073.0
36	7436.0
37	9933.0
38	11861.0
39	13752.0
40	15009.0
41	16697.0
42	18618.0
43	21331.0
44	24203.0
45	26835.0
46	27914.0
47	29149.0
48	30483.0
49	32283.0
50	32709.0
51	34589.0
52	36892.0
53	39863.0
54	43192.0
55	44617.0
56	46228.0
57	47436.0
58	48139.0
59	50260.0
60	51941.0
61	51733.0
62	54684.0
63	56788.0
64	61780.0
65	64229.0
66	66500.0
67	67556.0
68	67765.0
69	74852.0
70	80821.0
71	105167.0
72	225739.0
73	749145.0
74	2151091.0
75	6688455.0
76	2.0497248E7
>>END_MODULE
>>Sequence Duplication Levels	warn
#Total Duplicate Percentage	41.64769984136837
#Duplication Level	Relative count
1	100.0
2	25.39616875058043
3	12.695129467187856
4	7.500401023242463
5	4.834229655457715
6	3.3854804258444706
7	2.372369076464579
8	1.767035045210094
9	1.3871182891926346
10++	9.513959830134997
>>END_MODULE
>>Overrepresented sequences	pass
>>END_MODULE
>>Kmer Content	warn
#Sequence	Count	Obs/Exp Overall	Obs/Exp Max	Max Obs/Exp Position
AAAAA	13827825	3.9682412	7.2772636	72
TTTTT	12582665	3.5395384	6.2405663	72
CCTGG	5046300	3.1598313	12.59527	3
CCAGG	4770095	2.9988306	14.002642	3
CCCAG	4537490	2.84001	12.3846855	2
CTGGG	4479505	2.8173547	10.91233	4
CCAGC	4325130	2.7070942	7.21754	3
CCTCC	4209975	2.6129375	5.0718307	1
GGAGG	4091855	2.5952935	6.019626	6
GCTGG	4082495	2.5676582	6.312315	3
TCCAG	4812790	2.4716232	9.677364	2
CAGCA	4785060	2.4672139	6.895101	4
CAGCC	3878300	2.427424	6.405926	5
TGCTG	4683835	2.406432	6.3204513	2
CTCCA	4602100	2.3529935	7.2486396	1
CAGGA	4516680	2.339157	10.579596	4
AGGAG	4482160	2.331568	7.6042233	5
GGCTG	3696095	2.3246343	8.701674	7
CTCCT	4507125	2.2952511	6.5190654	1
CTGGA	4443435	2.292054	8.632567	4
GGCAG	3586650	2.2648244	6.5626936	7
TCCTG	4424210	2.263013	8.902809	2
CCTGC	3621745	2.2578132	6.4319835	3
AGCAG	4313865	2.2341206	5.610414	7
GCTGC	3562355	2.2306328	5.8777523	8
GCCTG	3561925	2.2303634	8.428344	7
CTGCT	4356060	2.2281537	6.6827683	9
GCAGG	3511830	2.2175786	6.7502184	3
CTGCC	3552235	2.2144802	5.9838634	9
CAGAG	4236445	2.1940253	8.226295	4
CCCTG	3492290	2.1771104	9.078892	2
CTGCA	4228675	2.171649	6.5516376	4
TGCAG	4143130	2.137148	6.5146465	2
CTCTG	4145835	2.1206222	7.364985	2
CAGGG	3316755	2.0943966	9.64502	4
TGGAG	4024085	2.0849414	6.3885217	5
GCCAG	3286800	2.0663228	5.7745028	2
CTGGC	3295470	2.0635178	5.669787	4
AGCTG	3995145	2.060813	6.189273	7
CAGGC	3270845	2.0562923	6.5301347	4
GGGAG	3186800	2.0212545	5.6434975	7
GGAGA	3879170	2.0178995	5.636201	6
CAGAA	4699480	1.9961097	5.482135	4
CCCCA	3179170	1.9810584	7.2271166	1
CACAG	3787635	1.9529337	7.1101108	7
CTCAG	3759765	1.930839	6.2687035	2
CTGTG	3724490	1.9135454	8.982857	9
CTGAG	3707160	1.9122618	5.8928223	4
GGCCA	2997470	1.8844286	6.6655207	1
CCAGA	3641380	1.8775235	7.064301	3
TGGGG	2919160	1.844124	6.1229334	5
TCTGG	3538335	1.8179036	6.253956	3
CCTCT	3544185	1.8048744	5.4216595	1
CAGTG	3477175	1.7936288	6.669746	9
TGGCC	2857720	1.7894129	5.9676027	5
CACTG	3471995	1.7830539	7.5401435	7
ACCTG	3464675	1.7792946	5.466059	7
AGAGG	3398075	1.7676394	5.2441707	5
GCCCA	2740215	1.7150977	8.124546	1
CCTGA	3335405	1.7129074	5.6089444	3
GAGAG	3229310	1.6798499	5.378856	7
ACAGA	3912540	1.6618559	5.8387566	8
TCAGG	3208010	1.6547856	5.967609	3
TGGGC	2597400	1.6336173	6.657711	5
GGGCC	2130950	1.6334417	5.6684313	6
GGCCT	2589590	1.6215183	5.4599123	6
AGCCT	3116505	1.6004908	6.0466437	6
CCTGT	3100900	1.586131	5.6846757	8
AGGCC	2516740	1.5822068	5.2125034	5
AGGTG	3051410	1.5809834	5.3202295	7
AGGCT	2860905	1.4757386	5.2090144	6
GTGTG	2790405	1.4399912	6.2522955	1
CTGTC	2813950	1.4393542	5.927597	9
GACAG	2765740	1.4323575	7.2079215	7
GGGCT	2277250	1.4322611	6.1428814	6
GCCCT	2296160	1.4314373	5.8594832	1
ACAGC	2763080	1.4246655	5.5962415	8
ACACA	3366260	1.4235135	6.1474977	6
CACAC	2765855	1.4198031	6.804408	5
GCTGT	2747175	1.4114267	5.261302	8
TGTGT	3296780	1.3897703	5.66938	10
AGAGC	2650590	1.372722	5.1470428	5
AGGGC	2145725	1.3549387	5.8842797	5
AGACA	3145075	1.3358742	5.578148	6
GTCCT	2474895	1.2659253	8.180926	1
GGACA	2428430	1.257667	6.2819786	6
ACTGC	2418470	1.2420127	5.314249	8
AGGAC	2323410	1.2032778	8.94657	5
GTGCT	2307425	1.1854945	5.529963	1
GTCCA	2269665	1.1655935	6.617015	1
TGTGC	2236410	1.1490089	5.8634887	10
AGCAC	2192410	1.1304235	5.6716795	5
TGGAC	2092535	1.0793909	6.0161295	5
GTGCA	2071750	1.0686693	5.7687864	1
TGCAC	2062460	1.0591828	5.568266	5
ACAGT	2441640	1.0329567	5.5266075	8
GACTG	1994545	1.0288447	6.294887	7
ACTGT	2418385	1.0190415	6.2295	8
GCACT	1979455	1.0165553	5.2406907	6
GGACC	1602895	1.007697	5.743194	6
AGACT	2378140	1.0060925	5.695947	6
GGACT	1819350	0.93847406	5.4775186	6
TGTAG	2119825	0.89719564	5.110473	2
TAGGA	1862430	0.7914094	5.297863	4
GTGTA	1467780	0.6212238	5.3710403	1
>>END_MODULE
