##FastQC	0.10.1
>>Basic Statistics	pass
#Measure	Value	
Filename	019-F5_S6_L003_R1_001.fastq.gz	
File type	Conventional base calls	
Encoding	Sanger / Illumina 1.9	
Total Sequences	21049170	
Filtered Sequences	0	
Sequence length	35-75	
%GC	45	
>>END_MODULE
>>Per base sequence quality	pass
#Base	Mean	Median	Lower Quartile	Upper Quartile	10th Percentile	90th Percentile
1	31.444273432159083	32.0	32.0	32.0	32.0	32.0
2	31.52565231788237	32.0	32.0	32.0	32.0	32.0
3	31.62364221487118	32.0	32.0	32.0	32.0	32.0
4	31.698260596498578	32.0	32.0	32.0	32.0	32.0
5	31.67776567912179	32.0	32.0	32.0	32.0	32.0
6	35.3691341748867	36.0	36.0	36.0	36.0	36.0
7	35.38700542586715	36.0	36.0	36.0	36.0	36.0
8	35.35086034271185	36.0	36.0	36.0	36.0	36.0
9	35.43096511643927	36.0	36.0	36.0	36.0	36.0
10	35.34417613616119	36.0	36.0	36.0	36.0	36.0
11	35.41097458949688	36.0	36.0	36.0	36.0	36.0
12	35.36365842453645	36.0	36.0	36.0	36.0	36.0
13	35.38742116672534	36.0	36.0	36.0	36.0	36.0
14	35.3693954678498	36.0	36.0	36.0	36.0	36.0
15	35.341563491577105	36.0	36.0	36.0	36.0	36.0
16	35.35345422171041	36.0	36.0	36.0	36.0	36.0
17	35.35802936647858	36.0	36.0	36.0	36.0	36.0
18	35.350956641045705	36.0	36.0	36.0	36.0	36.0
19	35.34325956795446	36.0	36.0	36.0	36.0	36.0
20	35.33653241434223	36.0	36.0	36.0	36.0	36.0
21	35.32666903255568	36.0	36.0	36.0	36.0	36.0
22	35.317310373758204	36.0	36.0	36.0	36.0	36.0
23	35.301982833527404	36.0	36.0	36.0	36.0	36.0
24	35.299089417777516	36.0	36.0	36.0	36.0	36.0
25	35.275752725641915	36.0	36.0	36.0	36.0	36.0
26	35.24406648813231	36.0	36.0	36.0	36.0	36.0
27	35.2365588286854	36.0	36.0	36.0	36.0	36.0
28	35.22433326349685	36.0	36.0	36.0	36.0	36.0
29	35.20660634124766	36.0	36.0	36.0	36.0	36.0
30	35.187100488997906	36.0	36.0	36.0	36.0	36.0
31	35.171819553930156	36.0	36.0	36.0	36.0	36.0
32	35.16070248850667	36.0	36.0	36.0	36.0	36.0
33	35.1450292814396	36.0	36.0	36.0	36.0	36.0
34	35.13363700326426	36.0	36.0	36.0	36.0	36.0
35	35.12046836051017	36.0	36.0	36.0	36.0	36.0
36	35.13069460182823	36.0	36.0	36.0	36.0	36.0
37	35.11870278539756	36.0	36.0	36.0	36.0	36.0
38	35.103377046915	36.0	36.0	36.0	36.0	36.0
39	35.082726877325385	36.0	36.0	36.0	36.0	36.0
40	35.08335191454962	36.0	36.0	36.0	36.0	36.0
41	35.07028582167458	36.0	36.0	36.0	36.0	36.0
42	35.05636711753054	36.0	36.0	36.0	36.0	36.0
43	35.04469810740792	36.0	36.0	36.0	36.0	36.0
44	35.027952213023426	36.0	36.0	36.0	36.0	36.0
45	35.018633104858836	36.0	36.0	36.0	36.0	36.0
46	35.0041100762937	36.0	36.0	36.0	36.0	36.0
47	34.99776089534305	36.0	36.0	36.0	36.0	36.0
48	34.98605302140355	36.0	36.0	36.0	36.0	36.0
49	34.96468572257268	36.0	36.0	36.0	36.0	36.0
50	34.94934874744119	36.0	36.0	36.0	36.0	36.0
51	34.937941079666295	36.0	36.0	36.0	36.0	36.0
52	34.932003436042045	36.0	36.0	36.0	36.0	36.0
53	34.90382454739552	36.0	36.0	36.0	36.0	36.0
54	34.894351655996175	36.0	36.0	36.0	36.0	36.0
55	34.867633636811625	36.0	36.0	36.0	36.0	36.0
56	34.85744721319346	36.0	36.0	36.0	36.0	36.0
57	34.848480226588364	36.0	36.0	36.0	36.0	36.0
58	34.83023133449213	36.0	36.0	36.0	36.0	36.0
59	34.81586497361072	36.0	36.0	36.0	36.0	36.0
60	34.798936380628426	36.0	36.0	36.0	36.0	36.0
61	34.776772574280265	36.0	36.0	36.0	36.0	36.0
62	34.75074423757527	36.0	36.0	36.0	36.0	36.0
63	34.72976887904079	36.0	36.0	36.0	36.0	36.0
64	34.71595106463714	36.0	36.0	36.0	36.0	36.0
65	34.698213511352094	36.0	36.0	36.0	36.0	36.0
66	34.66948352156364	36.0	36.0	36.0	36.0	36.0
67	34.65248194654736	36.0	36.0	36.0	32.0	36.0
68	34.63331343905697	36.0	36.0	36.0	32.0	36.0
69	34.61485661401716	36.0	36.0	36.0	32.0	36.0
70	34.594264570485365	36.0	36.0	36.0	32.0	36.0
71	34.55533558539196	36.0	36.0	36.0	32.0	36.0
72	34.53707689817557	36.0	36.0	36.0	32.0	36.0
73	34.510861403527	36.0	36.0	36.0	32.0	36.0
74	34.47497410262343	36.0	36.0	36.0	32.0	36.0
75	33.858729372813926	36.0	36.0	36.0	32.0	36.0
>>END_MODULE
>>Per sequence quality scores	pass
#Quality	Count
2	14578.0
3	0.0
4	0.0
5	0.0
6	0.0
7	0.0
8	0.0
9	0.0
10	0.0
11	0.0
12	0.0
13	0.0
14	0.0
15	1.0
16	1.0
17	19.0
18	101.0
19	684.0
20	3183.0
21	8439.0
22	16579.0
23	27441.0
24	43935.0
25	68077.0
26	100844.0
27	144548.0
28	197228.0
29	260798.0
30	337433.0
31	436189.0
32	589705.0
33	902918.0
34	2059654.0
35	1.5836815E7
>>END_MODULE
>>Per base sequence content	fail
#Base	G	A	T	C
1	45.11466604939052	18.00818981393556	10.14207020000831	26.735073936665604
2	16.782754840052476	20.497522508881325	34.81817992519558	27.90154272587062
3	18.37988110251913	21.58214430781448	28.81138364842066	31.226590941245735
4	12.950985690618577	14.964597364189428	35.60771228650406	36.476704658687936
5	14.421487233981054	35.51597768095526	34.56599015564457	15.49654492941912
6	34.73337221960317	35.45923181733955	15.94404600603384	13.863349957023443
7	30.529122166597006	29.98427720198091	20.43383740862122	19.052763222800873
8	26.566600388540934	33.82718809093136	20.139411308762252	19.46680021176546
9	24.301089367457188	14.337758488493622	20.504985311813986	40.85616683223521
10	13.815724980890993	26.24792353848534	35.90926123466585	24.027090245957826
11	34.330126298622766	22.6661824484164	23.98409724324579	19.019594009715043
12	21.630332761148466	24.316685807373258	31.94632342737389	22.106658004104386
13	27.89672739871893	20.472648327406745	26.190907905847617	25.43971636802671
14	20.110186131994308	20.723395165933596	27.5801965990398	31.586222103032295
15	22.66995121807899	29.851997888964494	23.321365696015356	24.156685196941158
16	22.70218029425054	28.618230389255945	25.706127316374854	22.973462000118662
17	21.522706477607105	28.325616859157776	27.6195625622973	22.532114100937815
18	21.914696970280424	27.87053532356019	28.21414558793096	22.00062211822842
19	22.450578901256403	27.262172795484616	27.732635993030335	22.55461231022864
20	22.49980888623844	27.266851669858873	27.87087099193557	22.36246845196712
21	22.205042499727114	26.918748866147823	27.60946689075579	23.26674174336927
22	22.273024319367952	26.940804339721332	27.831661607163827	22.954509733746892
23	22.15632017460768	27.055660950762757	27.765258977060874	23.022759897568694
24	22.36816739709245	26.70960399172123	28.09608579414758	22.826142817038743
25	22.508585200262388	26.70770536758406	27.672612752391863	23.11109667976169
26	21.98294989551681	27.145219032456296	27.866812436965173	23.00501863506172
27	21.99289769411574	27.1200034115257	27.91903065129382	22.96806824306474
28	22.13605691331722	26.947181789198954	27.793567804775176	23.123193492708648
29	21.977715207359513	27.09950265360123	27.916824384245377	23.005957754793876
30	21.98699753657953	27.189394893109153	27.88229132713973	22.941316243171585
31	22.579105410856172	27.033390857683642	27.62467189417358	22.76283183728661
32	21.877017382644816	27.334442280208904	27.998845318455206	22.789695018691074
33	21.96142827823718	27.14508606301572	28.182019193298792	22.71146646544831
34	22.094850088371242	26.822502357136962	28.268884955361777	22.813762599130015
35	21.919544923396796	27.18223816073016	28.11660339581689	22.781613520056148
36	22.059451971847334	27.459776488416505	28.045685671423243	22.43508586831292
37	22.199088435909978	27.128563603532026	27.671284037868187	23.001063922689806
38	22.113834167990085	27.592537834595117	27.637296285048613	22.65633171236619
39	22.24101248211028	27.319852939251106	27.918966048083014	22.5201685305556
40	22.351913069139826	27.013261757933797	27.854159962824493	22.780665210101887
41	22.30925721585983	27.226149695772328	27.932670738097006	22.53192235027084
42	22.065865870334253	27.502540999368186	27.9765508871369	22.455042243160666
43	22.211666987443785	27.210826826600588	27.849640176839895	22.727866009115733
44	22.06453780847994	27.556913414641542	27.850124247099256	22.528424529779258
45	22.11318370958503	27.456674143520416	27.80417863842746	22.6259635084671
46	22.289222425369932	27.334335011275456	27.635474708987516	22.740967854367096
47	22.261054238808057	27.471061514463653	27.73161647080469	22.536267775923598
48	22.03059190562798	27.472438234704764	27.723880918984374	22.773088940682882
49	22.388658787806833	27.182791077442225	27.731364043885453	22.69718609086549
50	22.182316667361725	27.59259960368198	27.649264509319583	22.57581921963671
51	22.2256399516678	27.5064247568371	27.727302002315408	22.54063328917969
52	22.245268273355038	27.488743580839802	27.58583908977644	22.680149056028725
53	22.094557233665547	27.319217963235282	27.92165882332125	22.664565979777922
54	22.224386328614262	27.709198935665125	27.754833423019047	22.311581312701563
55	22.2893938660156	27.239557188181102	27.711408462399454	22.759640483403835
56	22.39196097806887	27.56504425530436	27.48915063955895	22.55384412706782
57	22.189006900270687	27.481115968255526	27.641751830944944	22.688125300528846
58	22.236151480800302	27.353898400950133	27.53057011383132	22.87938000441825
59	22.17931314645384	27.504055308742615	27.584913541682976	22.73171800312057
60	22.179199244119186	27.477216133111998	27.80294237046681	22.540642252302003
61	22.440537332010585	27.41032679470784	27.568558995414282	22.580576877867294
62	22.361792413125634	27.579625560630454	27.572014269558615	22.486567756685297
63	22.333570139450064	27.685861402557055	27.557777642286013	22.422790815706872
64	22.35321883016196	27.36016543431532	27.485868457858782	22.80074727766394
65	22.237541710362887	27.57760726070744	27.618369395777204	22.56648163315247
66	22.271856929263244	27.78211778120529	27.39487721091556	22.551148078615906
67	22.447516691534044	27.38541149451911	27.430480792569114	22.73659102137773
68	22.421211603404494	27.72048256318727	27.578585912860877	22.279719920547358
69	22.62648553599064	27.56760354890484	27.53491470463489	22.270996210469633
70	22.788416202692137	27.30625931186779	27.398344647255808	22.506979838184265
71	22.510969264752866	27.748782606003203	27.348925016534416	22.391323112709514
72	22.443668784502115	27.878183403323074	27.584293182008608	22.093854630166202
73	23.227793513688116	28.473637392248058	27.553147093170523	20.745422000893303
74	24.326221379432774	30.87690287561844	27.845392122681716	16.951483622267066
75	29.496328749569013	41.28185909155039	29.221812158880606	0.0
>>END_MODULE
>>Per base GC content	fail
#Base	%GC
1	71.84973998605612
2	44.68429756592309
3	49.60647204376486
4	49.427690349306516
5	29.918032163400177
6	48.59672217662661
7	49.581885389397875
8	46.03340060030639
9	65.1572561996924
10	37.84281522684881
11	53.34972030833781
12	43.73699076525285
13	53.33644376674563
14	51.6964082350266
15	46.82663641502015
16	45.6756422943692
17	44.05482057854492
18	43.915319088508845
19	45.00519121148505
20	44.862277338205566
21	45.47178424309639
22	45.227534053114844
23	45.17908007217637
24	45.19431021413119
25	45.619681880024075
26	44.987968530578534
27	44.96096593718048
28	45.25925040602587
29	44.98367296215339
30	44.928313779751115
31	45.34193724814278
32	44.66671240133589
33	44.67289474368549
34	44.90861268750126
35	44.70115844345295
36	44.494537840160255
37	45.20015235859978
38	44.770165880356274
39	44.76118101266588
40	45.13257827924171
41	44.84117956613067
42	44.52090811349492
43	44.939532996559514
44	44.5929623382592
45	44.739147218052125
46	45.03019027973703
47	44.79732201473166
48	44.80368084631086
49	45.08584487867232
50	44.75813588699843
51	44.76627324084749
52	44.92541732938376
53	44.759123213443466
54	44.53596764131583
55	45.049034349419436
56	44.945805105136685
57	44.87713220079953
58	45.115531485218554
59	44.91103114957441
60	44.71984149642119
61	45.02111420987788
62	44.84836016981093
63	44.75636095515693
64	45.1539661078259
65	44.80402334351536
66	44.82300500787915
67	45.184107712911775
68	44.70093152395185
69	44.89748174646028
70	45.2953960408764
71	44.90229237746238
72	44.537523414668314
73	43.97321551458142
74	41.277705001699836
75	29.496328749569013
>>END_MODULE
>>Per sequence GC content	warn
#GC Content	Count
0	14590.0
1	7320.0
2	59.5
3	93.5
4	119.0
5	171.5
6	330.0
7	583.0
8	737.0
9	965.5
10	1641.5
11	2823.5
12	3588.0
13	4750.0
14	7679.5
15	12059.0
16	15464.5
17	21549.5
18	33927.5
19	49456.0
20	60496.5
21	77786.0
22	109554.0
23	144615.0
24	168079.0
25	197973.0
26	248916.5
27	299719.5
28	333170.0
29	374083.5
30	439256.5
31	503178.5
32	545630.5
33	594495.5
34	677181.5
35	756770.0
36	803146.0
37	847365.0
38	893056.0
39	915592.0
40	930522.5
41	932200.5
42	924801.5
43	916211.5
44	912595.0
45	904211.5
46	880076.0
47	851893.5
48	837936.5
49	819608.0
50	784400.5
51	752413.5
52	734741.5
53	719128.5
54	691571.0
55	664054.0
56	648670.0
57	632042.5
58	598579.5
59	554162.5
60	516465.0
61	477744.5
62	426330.5
63	373011.0
64	331513.5
65	297987.5
66	254235.5
67	209003.0
68	176181.5
69	152217.5
70	123431.5
71	95762.5
72	77621.5
73	65238.0
74	52040.0
75	40395.5
76	32771.5
77	27401.0
78	21396.0
79	16069.5
80	12711.5
81	10415.5
82	7820.0
83	5382.0
84	3931.5
85	3114.0
86	2170.0
87	1306.0
88	935.5
89	748.5
90	497.5
91	338.0
92	267.5
93	332.0
94	326.0
95	195.0
96	136.5
97	108.5
98	66.5
99	93.0
100	134.0
>>END_MODULE
>>Per base N content	pass
#Base	N-Count
1	0.09094895428180778
2	0.0692853922506208
3	0.06925688756373767
4	0.06925688756373767
5	0.06925688756373767
6	0.11285005537035427
7	0.07005501879646561
8	0.06925688756373767
9	0.06925688756373767
10	0.06930439537520958
11	0.06925688756373767
12	0.06932814928094552
13	0.06930439537520958
14	0.06927113990717923
15	0.07099092268246206
16	0.06925688756373767
17	0.07103367971278678
18	0.06928064146947362
19	0.06927113990717923
20	0.06925688756373767
21	0.06975096880304545
22	0.07042557972594644
23	0.069290143031768
24	0.0695276820891275
25	0.06991249536204991
26	0.07204084531599109
27	0.06932814928094552
28	0.07029255785382511
29	0.0700075109849937
30	0.07127121877014628
31	0.07211210703319894
32	0.07030681019726669
33	0.06955618677601064
34	0.07210735625205174
35	0.07124746486441033
36	0.002177788469123596
37	6.278474307912362E-4
38	0.0012276779128942534
39	0.0034039358829876334
40	0.005277843446492742
41	0.0015537749844991883
42	0.0013591872689649905
43	8.017375179132262E-4
44	0.001556915059728945
45	0.002389833914190432
46	0.005645183474442986
47	0.0023321013899994703
48	0.002463935699139837
49	0.002529005703891631
50	0.003670544247546116
51	0.0029147385582923902
52	0.003688559067289574
53	0.0037218165801047014
54	0.002268639990871379
55	0.0026582463732336436
56	0.0026279669892500176
57	0.0030582062432965426
58	0.004121005136937263
59	0.0027759000345407526
60	0.0013974873858503575
61	0.0015119672205506586
62	0.0017244797273973712
63	0.003973252378153023
64	0.004210182917989068
65	2.50405165377391E-4
66	0.0010280791536340828
67	0.0014587553436154887
68	8.148669260577405E-4
69	0.001385730440786006
70	5.408582427912651E-4
71	9.010092946824572E-4
72	7.370893534813783E-4
73	0.0012811292542109277
74	0.002948415140634674
75	6.883963540456499E-4
>>END_MODULE
>>Sequence Length Distribution	warn
#Length	Count
35	18661.0
36	6293.0
37	8932.0
38	10188.0
39	11673.0
40	12264.0
41	12746.0
42	13924.0
43	15646.0
44	16887.0
45	19181.0
46	20321.0
47	21520.0
48	22705.0
49	23877.0
50	23465.0
51	23970.0
52	24358.0
53	25301.0
54	26926.0
55	27972.0
56	29350.0
57	31240.0
58	31865.0
59	33047.0
60	33768.0
61	33148.0
62	33284.0
63	33744.0
64	35922.0
65	37818.0
66	37903.0
67	42566.0
68	42755.0
69	52795.0
70	64572.0
71	145275.0
72	507330.0
73	1460219.0
74	4466100.0
75	1.3509659E7
>>END_MODULE
>>Sequence Duplication Levels	warn
#Total Duplicate Percentage	40.613821298007
#Duplication Level	Relative count
1	100.0
2	27.777226166244684
3	12.839034238527859
4	6.908934452001523
5	4.336494067417962
6	2.763573780800609
7	1.9096791275711993
8	1.3329692697214914
9	1.0657134819374803
10++	6.549835343957372
>>END_MODULE
>>Overrepresented sequences	pass
>>END_MODULE
>>Kmer Content	warn
#Sequence	Count	Obs/Exp Overall	Obs/Exp Max	Max Obs/Exp Position
AAAAA	7631005	3.6373389	7.915518	71
TTTTT	7734055	3.429855	6.2394657	71
CCTGG	3336060	3.062072	12.591948	3
CCAGG	3183185	2.9642177	14.130724	3
CCCAG	3003235	2.7801623	12.683406	2
CTGGG	2922760	2.6986222	10.943194	4
CAGCA	3376390	2.6515853	6.8205132	4
CCAGC	2855590	2.6434839	7.006276	3
TGCTG	3355175	2.5751479	6.1906915	2
CCTCC	2829995	2.5670385	5.1097775	1
GGAGG	2724030	2.5668168	5.69302	6
GCTGG	2728050	2.5188441	6.163701	3
TCCAG	3209995	2.4847958	9.665922	2
AGCAG	3041685	2.402894	5.680772	7
AGGAG	2992285	2.3778844	7.4530864	5
GCTGC	2584205	2.3719664	6.0299144	8
CTGCT	3097730	2.3635411	6.888849	9
CAGCC	2540180	2.351502	5.880389	5
CAGGA	2975230	2.3503954	10.299836	4
AGAAG	3490360	2.3391752	5.121099	5
CTCCA	3033325	2.334199	7.263224	1
CTCCT	3063990	2.3240182	6.495109	1
CTGGA	2968280	2.311312	8.6092	4
GGCTG	2476060	2.2861784	9.142364	7
GGCAG	2411685	2.2591038	6.593904	7
TCCTG	2945705	2.2475474	8.835868	2
CCTGC	2454610	2.239735	6.394957	3
GCAGG	2372335	2.2222435	6.5176787	3
CAGAG	2763470	2.1831076	8.426738	4
CTGCC	2383370	2.1747313	5.9832377	9
CTGCA	2798170	2.1660097	6.15593	4
CCCTG	2368375	2.161049	9.365056	2
TGCAG	2757320	2.1470437	6.0831666	2
GCCTG	2332440	2.1408787	8.019998	7
CTCTG	2770680	2.1140046	7.710388	2
TGGAG	2680510	2.0996094	6.2914534	5
CAGGG	2240000	2.098281	9.86198	4
AGCTG	2672265	2.080814	6.4653664	7
GCCAG	2193825	2.0429146	5.982456	2
CTGGC	2218395	2.0362	5.8801494	4
GGAGA	2561085	2.0352218	5.366491	6
CAGAA	3027360	2.0169225	5.666436	4
CAGGC	2163080	2.0142844	6.5845265	4
CACAG	2536375	1.9918951	6.617351	7
GGGAG	2093720	1.9728842	5.439159	7
CCCCA	2124710	1.9552987	7.653126	1
CTGTG	2539340	1.9489821	9.492262	9
CTCAG	2494885	1.9312427	6.529649	2
TTCTG	3005340	1.917426	5.0744133	2
CTGAG	2452850	1.9099619	6.038665	4
CCAGA	2405460	1.8890833	7.538649	3
GGCCA	1996465	1.8591307	7.081533	1
CCTCT	2440530	1.8511275	5.868615	1
CAGTG	2325350	1.8106813	6.56579	9
TGGGG	1944300	1.8058414	6.0797024	5
TCTGG	2351880	1.8051038	6.4807477	3
AGAGG	2267295	1.8017552	5.3961544	5
ACCTG	2321080	1.7967036	5.9880486	7
CACTG	2299640	1.7801074	7.164764	7
TGGCC	1904335	1.7479336	6.1232076	5
CCTGA	2216010	1.7153707	5.7046456	3
GCCCA	1840920	1.7041813	8.526733	1
GAGAG	2133380	1.6953368	5.2921047	7
ACAGA	2499970	1.6655587	5.6100287	8
GGCCC	1507130	1.6543477	5.1708417	6
TCAGG	2117930	1.6491696	5.9894924	3
GGCCT	1749270	1.6056038	5.7469344	6
GGGCC	1452755	1.6041163	5.782441	6
TGGGC	1716595	1.5849545	6.7783318	5
AGGTG	2016575	1.5795575	5.4566727	7
CCAAG	2009905	1.5784415	5.199843	3
CCTGT	2068095	1.5779384	6.1536617	8
AGGCC	1677835	1.5624188	5.4415665	5
AGCCT	1988930	1.5395926	5.716802	6
GTGTG	1922035	1.4839376	6.659263	9
CCATG	1912320	1.48029	5.116068	9
ACAGC	1873595	1.471393	5.3744655	8
ACACA	2220235	1.4704716	6.022625	6
GCTGT	1896165	1.4553355	5.751456	8
AGGCT	1867635	1.4542723	5.4002447	6
CCTTG	1905410	1.4538113	5.024463	2
TGTGT	2258235	1.4493109	6.2229266	10
GCCCT	1579950	1.4416423	6.3660545	1
CACAC	1845570	1.4408413	6.4752483	5
CTGTC	1888110	1.4406117	6.329546	9
GGGCT	1553130	1.434025	6.7158403	6
GACAG	1810000	1.4298779	6.909769	7
CCCCT	1534755	1.3921492	5.159768	1
AGAGC	1734695	1.3703879	5.220476	5
AGACA	2051750	1.3669404	5.576717	6
AGGGC	1454630	1.3625993	6.2235446	5
GTCCT	1699570	1.2967571	8.762768	1
GGACA	1630175	1.2878183	6.0743427	6
TGTCC	1646820	1.2565093	5.066989	10
AGGAC	1566920	1.2378477	8.957853	5
ACTGC	1571155	1.216201	5.0844817	8
GTGCT	1565360	1.2014376	5.4664354	1
GTCCA	1534515	1.1878387	6.9452944	1
TGTGC	1518625	1.1655678	6.198984	10
AGCAC	1470925	1.1551638	5.4584928	5
GTCTT	1788525	1.1410904	5.1707134	1
TGGAC	1395860	1.0869149	5.9623256	5
GTGCA	1359280	1.0584311	5.516824	1
ACAGT	1599130	1.0501277	5.3606505	8
ACTGT	1612095	1.0434757	6.3262687	8
GACTG	1332685	1.0377225	6.288043	7
TGCAC	1330825	1.0301661	5.085921	5
GGACC	1086240	1.011519	5.6316295	6
AGACT	1516215	0.99567866	5.6952353	6
GGACT	1209870	0.94209003	5.4317584	6
TGTAG	1395615	0.9087088	5.086007	2
TAGGA	1211075	0.80001265	5.3837576	4
GTGTA	973005	0.6335402	5.367587	1
>>END_MODULE
