##FastQC	0.10.1
>>Basic Statistics	pass
#Measure	Value	
Filename	018-F0_S3_L004_R2_001_trimmed.fq.gz	
File type	Conventional base calls	
Encoding	Sanger / Illumina 1.9	
Total Sequences	18732183	
Filtered Sequences	0	
Sequence length	20-50	
%GC	44	
>>END_MODULE
>>Per base sequence quality	pass
#Base	Mean	Median	Lower Quartile	Upper Quartile	10th Percentile	90th Percentile
1	34.96641587368648	36.0	36.0	36.0	36.0	36.0
2	34.96015611207727	36.0	36.0	36.0	36.0	36.0
3	34.94506929598115	36.0	36.0	36.0	36.0	36.0
4	34.938284075059485	36.0	36.0	36.0	36.0	36.0
5	34.92264131735207	36.0	36.0	36.0	36.0	36.0
6	34.907207504859414	36.0	36.0	36.0	36.0	36.0
7	34.89122533129214	36.0	36.0	36.0	36.0	36.0
8	34.88782044249728	36.0	36.0	36.0	36.0	36.0
9	34.871936815906615	36.0	36.0	36.0	36.0	36.0
10	34.8516382740869	36.0	36.0	36.0	36.0	36.0
11	34.84631711103826	36.0	36.0	36.0	36.0	36.0
12	34.827402497616	36.0	36.0	36.0	36.0	36.0
13	34.819669122386856	36.0	36.0	36.0	36.0	36.0
14	34.81091184086767	36.0	36.0	36.0	36.0	36.0
15	34.803183483740256	36.0	36.0	36.0	36.0	36.0
16	34.780943737310274	36.0	36.0	36.0	36.0	36.0
17	34.77188894641911	36.0	36.0	36.0	36.0	36.0
18	34.75986947170012	36.0	36.0	36.0	36.0	36.0
19	34.74279511362877	36.0	36.0	36.0	36.0	36.0
20	34.74016883136365	36.0	36.0	36.0	36.0	36.0
21	34.72404408222961	36.0	36.0	36.0	36.0	36.0
22	34.7144871190688	36.0	36.0	36.0	36.0	36.0
23	34.71003830329298	36.0	36.0	36.0	36.0	36.0
24	34.69322978496317	36.0	36.0	36.0	36.0	36.0
25	34.680483502395326	36.0	36.0	36.0	36.0	36.0
26	34.660247732512126	36.0	36.0	36.0	36.0	36.0
27	34.65711249431838	36.0	36.0	36.0	36.0	36.0
28	34.6374559042702	36.0	36.0	36.0	32.0	36.0
29	34.63337527561636	36.0	36.0	36.0	32.0	36.0
30	34.611959766540416	36.0	36.0	36.0	32.0	36.0
31	34.59599019920018	36.0	36.0	36.0	32.0	36.0
32	34.584563326174234	36.0	36.0	36.0	32.0	36.0
33	34.562461483013564	36.0	36.0	36.0	32.0	36.0
34	34.54570620860849	36.0	36.0	36.0	32.0	36.0
35	34.52662736570519	36.0	36.0	36.0	32.0	36.0
36	34.50764817867114	36.0	36.0	36.0	32.0	36.0
37	34.49981379039986	36.0	36.0	36.0	32.0	36.0
38	34.4866063640147	36.0	36.0	36.0	32.0	36.0
39	34.47338313823082	36.0	36.0	36.0	32.0	36.0
40	34.46103043963484	36.0	36.0	36.0	32.0	36.0
41	34.43783304947775	36.0	36.0	36.0	32.0	36.0
42	34.41506265532854	36.0	36.0	36.0	32.0	36.0
43	34.40722911740736	36.0	36.0	36.0	32.0	36.0
44	34.38362652685507	36.0	36.0	36.0	32.0	36.0
45	34.38213378762163	36.0	36.0	36.0	32.0	36.0
46	34.370434212141504	36.0	36.0	36.0	32.0	36.0
47	34.380598485901835	36.0	36.0	36.0	32.0	36.0
48	34.39671950383131	36.0	36.0	36.0	32.0	36.0
49	34.47878758546156	36.0	36.0	36.0	32.0	36.0
50	34.62301626700768	36.0	36.0	36.0	32.0	36.0
>>END_MODULE
>>Per sequence quality scores	pass
#Quality	Count
2	1.0
3	0.0
4	0.0
5	3.0
6	5.0
7	11.0
8	15.0
9	24.0
10	41.0
11	56.0
12	88.0
13	92.0
14	1194.0
15	2233.0
16	4162.0
17	7136.0
18	11522.0
19	18194.0
20	26772.0
21	37933.0
22	51783.0
23	68431.0
24	88533.0
25	115113.0
26	146228.0
27	184438.0
28	227646.0
29	281710.0
30	350270.0
31	444141.0
32	595470.0
33	877729.0
34	1689066.0
35	7679721.0
36	5822422.0
>>END_MODULE
>>Per base sequence content	pass
#Base	G	A	T	C
1	22.250374644434125	26.870015050907387	27.64590579604341	23.233704508615073
2	22.33449812553767	26.85202120650007	27.875979153113107	22.937501514849153
3	22.210958626055294	26.984188676459052	27.825828096321686	22.979024601163967
4	22.461012949024546	26.616487301354436	28.097305495033954	22.82519425458706
5	22.537397830229697	26.720726209359512	27.648673084922738	23.093202875488053
6	22.046061016068908	27.117612803534268	27.85871348790646	22.977612692490357
7	22.098270998686385	27.148403788314994	27.830757489487212	22.92256772351141
8	22.231501976447067	26.95229102414942	27.738038375153	23.078168624250512
9	22.046465302004815	27.088862330128666	27.921912973897424	22.942759393969098
10	22.086009477857257	27.174952344313812	27.828614424737967	22.91042375309096
11	22.646685117087568	27.07367569114337	27.559173745734405	22.720465446034655
12	21.959492230415105	27.35245268054723	27.953043117001368	22.735011972036297
13	22.078913973230517	27.190923296796814	28.10435411186678	22.625808618105893
14	22.16334431855249	26.878838175602993	28.22075752633436	22.737059979510153
15	21.996134408219262	27.21934927069574	28.08726025702064	22.69725606406436
16	22.13392204154132	27.490621119938996	28.001848895699638	22.37360794282005
17	22.276391642828848	27.142301905851024	27.642639852990325	22.938666598329803
18	22.197220334386312	27.606661246071358	27.615881240914142	22.58023717862819
19	22.325902597016047	27.35925054997094	27.847528113852594	22.46731873916041
20	22.437140728459674	27.025410244036884	27.80442301435116	22.733026013152287
21	22.347476077525855	27.275796148157205	27.887745355266997	22.488982419049947
22	22.149099411924908	27.517281219654894	27.926751488984014	22.406867879436184
23	22.26239354278936	27.26893569869947	27.813571248594858	22.65509950991631
24	22.10201030854659	27.625270965635412	27.828163390704525	22.444555335113478
25	22.178851978066884	27.528833207868008	27.735913999297452	22.556400814767656
26	22.298204148137653	27.445255552800578	27.612266233884725	22.644274065177047
27	22.323257335913425	27.481454813227536	27.743484436850142	22.4518034140089
28	22.080661489916263	27.51356035827656	27.708769497788094	22.69700865401908
29	22.425655250823294	27.292939738369714	27.70714452510586	22.574260485701135
30	22.219939583814224	27.662641400644656	27.64080390032526	22.476615115215857
31	22.24401349246364	27.597834422126187	27.71899952215136	22.43915256325881
32	22.28429490505344	27.581002905468505	27.580932646743456	22.5537695427346
33	22.1233507742214	27.412076335225933	27.8931642820816	22.57140860847107
34	22.274287059692774	27.779566388684014	27.712460959501943	22.233685592121265
35	22.28510246038781	27.365060138488985	27.650564149956043	22.69927325116716
36	22.350788995737705	27.68012973361832	27.481281039017187	22.48780023162679
37	22.225308458786944	27.609357958125074	27.577013279287588	22.58832030380039
38	22.25371593375158	27.479055348637566	27.52196727284032	22.74526144477053
39	22.157900378842807	27.592085661375137	27.609580464566246	22.640433495215813
40	22.181427537233468	27.573602727147072	27.794035255300543	22.450934480318914
41	22.46816818078549	27.49010684161282	27.59179467646989	22.4499303011318
42	22.37596925201127	27.651330369290672	27.60740247195858	22.365297906739478
43	22.348119578356922	27.787239249870876	27.50898083445554	22.355660337316667
44	22.38440413623428	27.475203799125193	27.435288516643684	22.705103547996842
45	22.245135217042534	27.696052517637142	27.59401188859257	22.46480037672775
46	22.267913181643493	27.921052227751392	27.403179925142325	22.40785466546279
47	22.382536059044543	27.64035558841078	27.44071381449465	22.536394538050025
48	22.34126400905672	28.079382526056023	27.639602512316447	21.939750952570815
49	22.5531232711944	28.24706802055453	27.717152239248982	21.48265646900209
50	22.56778591583877	28.00746687656726	27.67847116785488	21.746276039739094
>>END_MODULE
>>Per base GC content	pass
#Base	%GC
1	45.4840791530492
2	45.271999640386824
3	45.18998322721926
4	45.2862072036116
5	45.63060070571775
6	45.023673708559265
7	45.020838722197794
8	45.30967060069758
9	44.98922469597391
10	44.99643323094822
11	45.36715056312222
12	44.6945042024514
13	44.70472259133641
14	44.90040429806265
15	44.69339047228362
16	44.50752998436137
17	45.21505824115865
18	44.777457513014504
19	44.793221336176465
20	45.17016674161196
21	44.8364584965758
22	44.55596729136109
23	44.91749305270567
24	44.54656564366007
25	44.73525279283454
26	44.9424782133147
27	44.775060749922325
28	44.777670143935346
29	44.99991573652443
30	44.69655469903008
31	44.68316605572245
32	44.83806444778804
33	44.694759382692475
34	44.50797265181404
35	44.98437571155497
36	44.838589227364494
37	44.813628762587335
38	44.99897737852211
39	44.79833387405861
40	44.63236201755238
41	44.9180984819173
42	44.741267158750745
43	44.703779915673586
44	45.08950768423112
45	44.70993559377029
46	44.675767847106286
47	44.91893059709457
48	44.281014961627534
49	44.035779740196496
50	44.31406195557786
>>END_MODULE
>>Per sequence GC content	warn
#GC Content	Count
0	6244.0
1	5067.0
2	3658.5
3	3752.0
4	4132.5
5	4735.5
6	5459.0
7	6363.0
8	7241.0
9	9121.5
10	11223.0
11	14719.5
12	18292.0
13	24354.5
14	31616.0
15	43926.0
16	57346.5
17	77018.5
18	97980.0
19	125222.5
20	153246.0
21	188422.0
22	225035.0
23	268209.0
24	313577.0
25	355994.5
26	404371.5
27	461594.5
28	522456.5
29	588902.5
30	656872.0
31	727068.0
32	800514.0
33	873893.0
34	946707.0
35	1008660.0
36	1066481.5
37	1109618.5
38	1141312.0
39	1158744.5
40	1174823.5
41	1182888.0
42	1189536.5
43	1183992.0
44	1171687.5
45	1145787.0
46	1120474.0
47	1095100.0
48	1067384.0
49	1035421.5
50	1004554.0
51	978675.0
52	949649.0
53	918046.0
54	888087.5
55	857997.5
56	824102.5
57	783700.0
58	742361.5
59	692433.5
60	640553.5
61	586881.5
62	532936.0
63	486585.0
64	432251.0
65	382086.0
66	334624.5
67	291097.5
68	248063.0
69	210026.0
70	176948.0
71	149104.0
72	124342.0
73	102770.5
74	82650.5
75	68033.0
76	57252.0
77	47086.0
78	37723.5
79	30813.0
80	24653.5
81	19956.0
82	16065.0
83	13144.0
84	10430.5
85	8284.0
86	6458.0
87	5147.5
88	4172.5
89	3375.0
90	2653.5
91	2207.5
92	1850.0
93	1657.0
94	1487.5
95	1462.5
96	1455.0
97	1630.0
98	2344.0
99	7843.0
100	12799.0
>>END_MODULE
>>Per base N content	pass
#Base	N-Count
1	0.0022528073743460653
2	0.005044793764827089
3	0.006619623564429196
4	0.003090937132100407
5	0.0032831197517128674
6	0.004564337215795938
7	0.007623243911294268
8	0.004505614748692131
9	0.00741504607338077
10	0.005044793764827089
11	0.004820580708612552
12	0.0032884581578132136
13	0.006155182233699084
14	0.005087501013629858
15	0.004105234291166171
16	0.005349082912546818
17	0.007703320002799461
18	0.006155182233699084
19	0.008797693253370415
20	0.015828374087526263
21	0.011534396328482511
22	0.012912423612187146
23	0.008947567043070976
24	0.012705277677003881
25	0.013376769499979037
26	0.004223524365254466
27	0.0112168396135369
28	0.007711610297161578
29	0.010955743533742505
30	0.009492023654705082
31	0.012483067175415969
32	0.008684305082934033
33	0.009638040441888731
34	0.011283235550711314
35	0.004108700697491294
36	0.010752711553348237
37	0.00931048000696925
38	0.006964248970646373
39	0.008992459882483955
40	0.007268944316657109
41	0.005429930964186808
42	0.0064650647636213445
43	0.008399964415898775
44	0.005878820964019349
45	0.004743910581790301
46	0.007750817348701124
47	0.010405000322734307
48	0.005194953910516981
49	0.0030507665371682802
50	0.007690147008171774
>>END_MODULE
>>Sequence Length Distribution	warn
#Length	Count
20	14255.0
21	15010.0
22	16274.0
23	17237.0
24	17669.0
25	18011.0
26	18858.0
27	19531.0
28	20606.0
29	22313.0
30	23319.0
31	24453.0
32	25787.0
33	26706.0
34	27838.0
35	28956.0
36	28960.0
37	29893.0
38	32283.0
39	34721.0
40	37227.0
41	42203.0
42	47139.0
43	61077.0
44	100911.0
45	189274.0
46	501908.0
47	1081728.0
48	2178775.0
49	2950149.0
50	1.1079112E7
>>END_MODULE
>>Sequence Duplication Levels	warn
#Total Duplicate Percentage	39.8556122999108
#Duplication Level	Relative count
1	100.0
2	27.033370003667034
3	12.094690950576538
4	6.466202175773133
5	3.914761846555026
6	2.570997840524793
7	1.813144277390702
8	1.228863627103451
9	0.9575031577231797
10++	6.899727009738011
>>END_MODULE
>>Overrepresented sequences	pass
>>END_MODULE
>>Kmer Content	warn
#Sequence	Count	Obs/Exp Overall	Obs/Exp Max	Max Obs/Exp Position
AAAAA	5528510	4.284044	5.378023	46
TTTTT	4514355	3.2841282	3.945583	13
>>END_MODULE
