##FastQC	0.10.1
>>Basic Statistics	pass
#Measure	Value	
Filename	032-F0_S5_L003_R1_001_trimmed.fq.gz	
File type	Conventional base calls	
Encoding	Sanger / Illumina 1.9	
Total Sequences	32116124	
Filtered Sequences	0	
Sequence length	20-51	
%GC	44	
>>END_MODULE
>>Per base sequence quality	pass
#Base	Mean	Median	Lower Quartile	Upper Quartile	10th Percentile	90th Percentile
1	35.07008541877594	36.0	36.0	36.0	36.0	36.0
2	35.06054992812956	36.0	36.0	36.0	36.0	36.0
3	35.03853765167926	36.0	36.0	36.0	36.0	36.0
4	35.02987767141514	36.0	36.0	36.0	36.0	36.0
5	35.018397332131364	36.0	36.0	36.0	36.0	36.0
6	34.96905794111394	36.0	36.0	36.0	36.0	36.0
7	34.9455556965716	36.0	36.0	36.0	36.0	36.0
8	34.944165086671106	36.0	36.0	36.0	36.0	36.0
9	34.9282443609945	36.0	36.0	36.0	36.0	36.0
10	34.90772055805987	36.0	36.0	36.0	36.0	36.0
11	34.8929416575923	36.0	36.0	36.0	36.0	36.0
12	34.86067966981321	36.0	36.0	36.0	36.0	36.0
13	34.85216422753879	36.0	36.0	36.0	36.0	36.0
14	34.840016123988065	36.0	36.0	36.0	36.0	36.0
15	34.82594680478877	36.0	36.0	36.0	36.0	36.0
16	34.812187485638056	36.0	36.0	36.0	32.0	36.0
17	34.799779388073105	36.0	36.0	36.0	32.0	36.0
18	34.78665361361788	36.0	36.0	36.0	32.0	36.0
19	34.7788860511312	36.0	36.0	36.0	32.0	36.0
20	34.775139895461855	36.0	36.0	36.0	32.0	36.0
21	34.76152943346474	36.0	36.0	36.0	32.0	36.0
22	34.75295999122404	36.0	36.0	36.0	32.0	36.0
23	34.739602743766724	36.0	36.0	36.0	32.0	36.0
24	34.721741015775244	36.0	36.0	36.0	32.0	36.0
25	34.71085811663936	36.0	36.0	36.0	32.0	36.0
26	34.701587586757924	36.0	36.0	36.0	32.0	36.0
27	34.69405054973348	36.0	36.0	36.0	32.0	36.0
28	34.67078844694321	36.0	36.0	36.0	32.0	36.0
29	34.662749594464124	36.0	36.0	36.0	32.0	36.0
30	34.6402746330995	36.0	36.0	36.0	32.0	36.0
31	34.62248320224532	36.0	36.0	36.0	32.0	36.0
32	34.60724424243337	36.0	36.0	36.0	32.0	36.0
33	34.58078052570041	36.0	36.0	36.0	32.0	36.0
34	34.55992745569654	36.0	36.0	36.0	32.0	36.0
35	34.54235765608891	36.0	36.0	36.0	32.0	36.0
36	34.52188788186923	36.0	36.0	36.0	32.0	36.0
37	34.503548226873114	36.0	36.0	36.0	32.0	36.0
38	34.48529243841432	36.0	36.0	36.0	32.0	36.0
39	34.458347669443846	36.0	36.0	36.0	32.0	36.0
40	34.44191318307872	36.0	36.0	36.0	32.0	36.0
41	34.421187623066	36.0	36.0	36.0	32.0	36.0
42	34.397030527858625	36.0	36.0	36.0	32.0	36.0
43	34.361784842226825	36.0	36.0	36.0	32.0	36.0
44	34.34444664007213	36.0	36.0	36.0	32.0	36.0
45	34.32621761476809	36.0	36.0	36.0	32.0	36.0
46	34.29549352494187	36.0	36.0	36.0	32.0	36.0
47	34.29137270115175	36.0	36.0	36.0	32.0	36.0
48	34.29471623186807	36.0	36.0	36.0	32.0	36.0
49	34.330976222982734	36.0	36.0	36.0	32.0	36.0
50	34.398048687937546	36.0	36.0	36.0	32.0	36.0
51	34.49395313979445	36.0	36.0	36.0	32.0	36.0
>>END_MODULE
>>Per sequence quality scores	pass
#Quality	Count
6	4.0
7	9.0
8	4.0
9	12.0
10	35.0
11	35.0
12	49.0
13	62.0
14	106.0
15	179.0
16	414.0
17	934.0
18	2151.0
19	5065.0
20	11294.0
21	21799.0
22	37667.0
23	60710.0
24	94088.0
25	142349.0
26	208098.0
27	292864.0
28	398715.0
29	529719.0
30	692276.0
31	907736.0
32	1233705.0
33	1848167.0
34	3611105.0
35	1.4862382E7
36	7154391.0
>>END_MODULE
>>Per base sequence content	pass
#Base	G	A	T	C
1	22.048625663522493	27.294384468962175	27.676866989358107	22.980122878157225
2	22.023428923318054	27.353619983408066	27.94335824863696	22.67959284463692
3	21.97863315326794	27.40097415284728	27.828834189445733	22.79155850443905
4	22.18796026573456	27.030724102952185	28.16832990004533	22.612985731267926
5	22.224652659769657	27.145774928232463	27.76653704736712	22.86303536463076
6	21.65959718511901	27.565918212390837	27.989470585222293	22.785014017267855
7	21.69703776152452	27.55563723251811	28.04641932060661	22.700905685350758
8	21.861556585818256	27.407591232557493	27.9918818938864	22.738970287737853
9	21.653224958964948	27.521423621711843	28.115887380788944	22.709464038534264
10	21.80638460900382	27.574474068807913	28.019917916546994	22.59922340564127
11	22.292066344072538	27.58970719544504	27.722403311748316	22.395823148734113
12	21.649981286551164	27.76126745784181	28.10859654115682	22.480154714450208
13	21.68793442721775	27.57275696462954	28.296643005652513	22.442665602500195
14	21.762604489116367	27.25770787251297	28.475456882409585	22.50423075596108
15	21.63194897260014	27.550037236230907	28.273278934432224	22.54473485673673
16	21.75973831172475	27.949939113657017	28.181312199246594	22.10901037537164
17	21.876605217308125	27.689104874778725	27.856377548605543	22.577912359307607
18	21.78198132939754	28.12915411625131	27.832618197486482	22.25624635686467
19	21.907639145869265	27.820579584976574	28.10881763175106	22.162963637403102
20	22.018667619956307	27.55111891125687	28.06506077221443	22.365152696572395
21	22.06248225426539	27.66384886713911	28.093820477392484	22.179848401203017
22	21.79440159373559	27.87233453020764	28.136350187987087	22.19691368806968
23	21.864416394235114	27.630978461430043	28.08167829955482	22.42292684478002
24	21.745925276886044	27.95912049397633	28.074909487079903	22.22004474205772
25	21.79801306195207	27.940913204536372	27.935280839608716	22.325792893902836
26	21.948383417498878	27.886173915422958	27.875231438404118	22.290211228674043
27	21.88495179104108	27.983794932335076	28.001164589364702	22.130088687259136
28	21.66682988988907	27.95390869540183	27.98823271616936	22.391028698539742
29	21.966985161975945	27.706982972461024	28.072483394027635	22.253548471535392
30	21.837373141600924	28.030582869019593	27.92215954099278	22.209884448386703
31	21.923774231353292	27.929090710201944	27.97126734275594	22.175867715688824
32	21.89360178241172	27.974565950897635	27.872281750315963	22.259550516374677
33	21.82671196574063	27.73230082676704	28.13997094435412	22.301016263138212
34	21.957287717251216	28.11411466114339	27.95607164028579	21.972525981319603
35	21.91830325291873	27.76047980067845	27.935931922897243	22.38528502350557
36	22.071702444701362	28.032387608618343	27.740222278024714	22.155687668655585
37	21.8155555063826	27.92315570050721	27.911715006075255	22.349573787034938
38	21.833608539142546	27.81120606314138	27.94317750368333	22.41200789403274
39	21.772178000278036	27.896716751138484	27.986743411511117	22.344361837072366
40	21.831466678222057	27.87980984654852	28.119049487338344	22.169673987891077
41	22.098195518287497	27.879618376430837	27.89479367888873	22.127392426392937
42	22.044958131355187	27.934605884393754	27.910436201067334	22.109999783183724
43	21.969614342212967	28.106613562144716	27.842526402397404	22.081245693244913
44	22.019867307503098	27.794555815706968	27.789514440841156	22.396062435948778
45	21.926444335323815	27.93513601207765	27.947884396333333	22.1905352562652
46	21.938204021006037	28.164529334129266	27.71025563837124	22.18701100649346
47	21.957121655293605	27.89058441237503	27.85308810180102	22.29920583053034
48	21.989283441733456	28.232170638402458	27.99186399229528	21.786681927568807
49	22.199957330104695	28.197264607170414	27.970709514917235	21.63206854780766
50	22.30179687683246	28.37536720483164	27.975852376136412	21.346983542199492
51	21.718045008778084	28.91908805461098	28.14051354987597	21.22235338673497
>>END_MODULE
>>Per base GC content	pass
#Base	%GC
1	45.02874854167972
2	44.70302176795497
3	44.77019165770699
4	44.800945997002486
5	45.08768802440042
6	44.44461120238687
7	44.397943446875274
8	44.600526873556106
9	44.36268899749921
10	44.40560801464509
11	44.68788949280665
12	44.130136001001375
13	44.13060002971794
14	44.266835245077445
15	44.17668382933687
16	43.868748687096385
17	44.45451757661573
18	44.03822768626221
19	44.07060278327236
20	44.3838203165287
21	44.24233065546841
22	43.99131528180527
23	44.28734323901514
24	43.965970018943764
25	44.123805955854905
26	44.23859464617292
27	44.015040478300214
28	44.057858588428815
29	44.22053363351134
30	44.04725758998762
31	44.099641947042116
32	44.1531522987864
33	44.12772822887884
34	43.92981369857082
35	44.30358827642431
36	44.227390113356954
37	44.165129293417536
38	44.245616433175286
39	44.1165398373504
40	44.00114066611314
41	44.225587944680434
42	44.154957914538905
43	44.05086003545789
44	44.415929743451876
45	44.116979591589015
46	44.12521502749949
47	44.256327485823945
48	43.77596536930226
49	43.83202587791236
50	43.64878041903195
51	42.94039839551305
>>END_MODULE
>>Per sequence GC content	warn
#GC Content	Count
0	12014.0
1	11354.5
2	8674.0
3	7001.5
4	7529.5
5	8919.0
6	10395.0
7	12549.5
8	14829.0
9	18855.0
10	23033.5
11	30625.0
12	38284.5
13	51273.5
14	65258.5
15	88367.5
16	112309.5
17	148338.5
18	185411.0
19	234135.5
20	284060.5
21	346606.5
22	410117.5
23	486337.5
24	563764.0
25	640629.5
26	789190.0
27	887884.5
28	996254.0
29	1106078.5
30	1220809.5
31	1337147.0
32	1455675.5
33	1576408.0
34	1685291.0
35	1788784.0
36	1861216.5
37	1927341.0
38	1957949.5
39	1986984.5
40	1992537.5
41	1991564.5
42	1977096.5
43	1954623.5
44	1911064.5
45	1864365.5
46	1814496.5
47	1761250.5
48	1707116.0
49	1654610.5
50	1608080.0
51	1562200.5
52	1519511.5
53	1477350.0
54	1437152.5
55	1393672.0
56	1343858.5
57	1290530.5
58	1226873.0
59	1153367.0
60	1075214.0
61	992057.5
62	904250.5
63	822191.5
64	733884.0
65	647844.0
66	571214.0
67	496015.0
68	424896.0
69	355905.5
70	302199.5
71	252089.0
72	210310.0
73	171313.0
74	139288.0
75	103475.0
76	86338.0
77	71063.5
78	56508.0
79	45379.0
80	35378.0
81	28909.0
82	23174.5
83	18695.0
84	14634.0
85	11624.0
86	8743.0
87	6902.5
88	5246.5
89	4074.5
90	3006.5
91	2370.5
92	1814.5
93	1545.5
94	1292.0
95	1111.0
96	941.5
97	850.5
98	763.5
99	1132.0
100	1521.0
>>END_MODULE
>>Per base N content	pass
#Base	N-Count
1	0.0012703899138015533
2	0.0016222381007122777
3	4.359181076770036E-5
4	5.168743276741614E-4
5	8.687225145848857E-4
6	0.0011800925914970312
7	0.0013855968422590472
8	8.064484992024568E-4
9	8.998595222761003E-4
10	0.0016066695968666705
11	0.001992768492237731
12	5.729209415183476E-4
13	0.0026404182522149935
14	0.004035356196781405
15	0.006974689722832057
16	0.006819004684375985
17	0.006513862009002082
18	0.008235738534326246
19	0.005280836504429987
20	0.008606268925851701
21	0.008979404220114277
22	0.008470823535336111
23	0.009901077924419232
24	0.007651344580757753
25	0.010577958820842153
26	0.00613380521529531
27	0.012016701237566449
28	0.008742887761371332
29	0.011950251076443178
30	0.008810668228188176
31	0.011458629909714269
32	0.010785573065647008
33	0.009724196872116545
34	0.010491078995888513
35	0.009877827241826322
36	0.008718024668950858
37	0.009923011415581752
38	0.008148960306884662
39	0.00908425746600586
40	0.009668560275196539
41	0.007936675192389454
42	0.008474827081864051
43	0.00890677342785162
44	0.00911004926511836
45	0.008600422510437883
46	0.00971082323594232
47	0.007502679670603838
48	0.004426667088969115
49	0.005989292266146246
50	0.007174589266302586
51	0.00771063507493174
>>END_MODULE
>>Sequence Length Distribution	warn
#Length	Count
20	31590.0
21	33341.0
22	34477.0
23	35409.0
24	37526.0
25	38627.0
26	41168.0
27	43836.0
28	46759.0
29	50485.0
30	52453.0
31	54145.0
32	55861.0
33	57491.0
34	58794.0
35	60906.0
36	62119.0
37	65616.0
38	69703.0
39	74671.0
40	78001.0
41	82662.0
42	86333.0
43	95931.0
44	118563.0
45	178502.0
46	321927.0
47	849532.0
48	1817317.0
49	3648262.0
50	4964076.0
51	1.8870041E7
>>END_MODULE
>>Sequence Duplication Levels	warn
#Total Duplicate Percentage	40.32180915326617
#Duplication Level	Relative count
1	100.0
2	24.28236188461602
3	11.959808960354316
4	7.191254482656046
5	4.538844177091768
6	3.0986101700517263
7	2.2293467303465486
8	1.6930805969162632
9	1.2708433177438814
10++	8.995058749648825
>>END_MODULE
>>Overrepresented sequences	pass
>>END_MODULE
>>Kmer Content	warn
#Sequence	Count	Obs/Exp Overall	Obs/Exp Max	Max Obs/Exp Position
AAAAA	10750980	4.44226	5.4737434	47
TTTTT	9789620	3.9013424	4.506218	13
CCTGG	3001680	3.0701187	3.9006138	9
>>END_MODULE
