##FastQC	0.10.1
>>Basic Statistics	pass
#Measure	Value	
Filename	040-F0_S2_L004_R1_001.fastq.gz	
File type	Conventional base calls	
Encoding	Sanger / Illumina 1.9	
Total Sequences	13350155	
Filtered Sequences	0	
Sequence length	35-76	
%GC	44	
>>END_MODULE
>>Per base sequence quality	pass
#Base	Mean	Median	Lower Quartile	Upper Quartile	10th Percentile	90th Percentile
1	31.361297003667747	32.0	32.0	32.0	32.0	32.0
2	31.438323899610154	32.0	32.0	32.0	32.0	32.0
3	31.513755083742474	32.0	32.0	32.0	32.0	32.0
4	31.597876578961067	32.0	32.0	32.0	32.0	32.0
5	31.563955249957772	32.0	32.0	32.0	32.0	32.0
6	35.183712548655805	36.0	36.0	36.0	36.0	36.0
7	35.19330696909512	36.0	36.0	36.0	36.0	36.0
8	35.13320901517623	36.0	36.0	36.0	36.0	36.0
9	35.247363120503096	36.0	36.0	36.0	36.0	36.0
10-14	35.176008892780644	36.0	36.0	36.0	36.0	36.0
15-19	35.14313522202551	36.0	36.0	36.0	36.0	36.0
20-24	35.093891044710716	36.0	36.0	36.0	36.0	36.0
25-29	34.98817787508834	36.0	36.0	36.0	36.0	36.0
30-34	34.89609515395139	36.0	36.0	36.0	36.0	36.0
35-39	34.840137935201966	36.0	36.0	36.0	36.0	36.0
40-44	34.771492267961534	36.0	36.0	36.0	35.2	36.0
45-49	34.693846253483635	36.0	36.0	36.0	32.0	36.0
50-54	34.59690030141977	36.0	36.0	36.0	32.0	36.0
55-59	34.467236589883804	36.0	36.0	36.0	32.0	36.0
60-64	34.343828915903025	36.0	36.0	36.0	32.0	36.0
65-69	34.20188016131825	36.0	36.0	36.0	32.0	36.0
70-74	34.049581686489674	36.0	36.0	36.0	32.0	36.0
75-76	33.57934327519398	36.0	36.0	36.0	26.5	36.0
>>END_MODULE
>>Per sequence quality scores	pass
#Quality	Count
2	10582.0
3	0.0
4	0.0
5	0.0
6	0.0
7	0.0
8	0.0
9	0.0
10	0.0
11	0.0
12	0.0
13	0.0
14	0.0
15	2.0
16	5.0
17	15.0
18	108.0
19	559.0
20	2184.0
21	5581.0
22	10770.0
23	18527.0
24	30190.0
25	50479.0
26	79140.0
27	117822.0
28	167294.0
29	226737.0
30	298618.0
31	393890.0
32	537233.0
33	823703.0
34	1794137.0
35	8782579.0
>>END_MODULE
>>Per base sequence content	fail
#Base	G	A	T	C
1	43.145796345955	18.569934734792483	11.453245167592696	26.831023751659817
2	15.791435003204377	20.456554343980876	36.910529295053145	26.841481357761605
3	18.979610516768417	22.133924376739795	28.327525926054754	30.558939180437033
4	12.931313468579543	15.853003690597891	35.962785315541964	35.25289752528061
5	14.450597481643529	35.630413357309116	34.5148679046923	15.404121256355058
6	33.82503323007416	35.75645937092589	16.649288549191194	13.769218849808762
7	30.304485758277274	29.692344724977325	20.753767755534604	19.249401761210798
8	25.854260852277655	35.82811083982973	19.929408535040814	18.388219772851798
9	24.7237299124942	15.817785171984141	20.079053504936027	39.37943141058563
10-14	23.707959365346444	23.537968123988477	28.88583140545154	23.868241105213546
15-19	21.80866541693149	28.9134611567171	27.018409465106707	22.2594639612447
20-24	21.95254156212099	27.693760988550352	28.121345037021417	22.23235241230724
25-29	21.41267684961402	27.954408759306855	28.162950047562717	22.469964343516406
30-34	21.50599968678577	27.89563294051111	28.481381033356566	22.11698633934655
35-39	21.42474150893312	28.213524269244207	28.32100659380872	22.040727628013958
40-44	21.705338412158167	28.04909917913921	28.463138130600484	21.782424278102138
45-49	21.64298783400645	28.092288745273237	28.147294088638645	22.117429332081667
50-54	21.45178052728153	28.466625866439927	28.21760053979123	21.86399306648731
55-59	21.615512620599812	28.07326126208054	27.918113026827857	22.393113090491788
60-64	21.748693126575127	27.955986518719733	28.231536735652085	22.063783619053048
65-69	22.005124560816164	28.35868275370263	27.855303920758335	21.78088876472287
70-74	22.2933510904385	28.53834344513691	27.880418728075878	21.287886736348714
75-76	25.66032636241122	35.74317497010471	29.388564190355726	9.20793447712834
>>END_MODULE
>>Per base GC content	fail
#Base	%GC
1	69.97682009761482
2	42.63291636096598
3	49.538549697205454
4	48.18421099386015
5	29.85471873799859
6	47.594252079882914
7	49.553887519488065
8	44.24248062512945
9	64.10316132307983
10-14	47.57620047055999
15-19	44.06812937817619
20-24	44.18489397442823
25-29	43.882641193130425
30-34	43.622986026132324
35-39	43.46546913694708
40-44	43.487762690260304
45-49	43.760417166088125
50-54	43.315773593768846
55-59	44.008625711091604
60-64	43.812476745628175
65-69	43.78601332553904
70-74	43.58123782678721
75-76	34.86826083953956
>>END_MODULE
>>Per sequence GC content	fail
#GC Content	Count
0	10587.0
1	5300.5
2	30.5
3	65.0
4	83.0
5	119.0
6	227.5
7	442.0
8	589.0
9	757.5
10	1212.5
11	1906.5
12	2318.5
13	2996.0
14	4764.5
15	7570.5
16	11762.5
17	14969.0
18	20132.5
19	30314.5
20	43270.0
21	52526.5
22	65637.0
23	89248.5
24	114208.0
25	130927.5
26	152439.0
27	187605.5
28	223326.5
29	248085.5
30	279971.0
31	333412.0
32	388628.5
33	426648.5
34	476166.5
35	553435.5
36	618232.5
37	651068.5
38	662741.0
39	656596.0
40	627491.0
41	595542.5
42	583241.0
43	577270.0
44	563325.5
45	547866.5
46	538912.0
47	528545.5
48	509366.0
49	489141.0
50	475944.0
51	462496.0
52	440504.0
53	419253.5
54	406875.0
55	393189.5
56	372498.5
57	351477.5
58	334697.0
59	314154.5
60	284891.5
61	253698.0
62	228880.0
63	205670.0
64	176788.0
65	151033.0
66	124993.0
67	106554.5
68	92386.5
69	74516.0
70	57740.5
71	46836.5
72	39358.5
73	31479.0
74	24444.0
75	19796.5
76	16660.0
77	13321.5
78	10161.0
79	8089.5
80	6834.5
81	5373.5
82	3891.5
83	2923.0
84	2321.0
85	1759.5
86	1173.0
87	754.0
88	581.0
89	438.0
90	301.0
91	210.5
92	174.5
93	155.5
94	138.5
95	104.0
96	73.5
97	57.5
98	34.5
99	66.0
100	106.0
>>END_MODULE
>>Per base N content	pass
#Base	N-Count
1	0.07926499729778419
2	0.07926499729778419
3	0.07926499729778419
4	0.07926499729778419
5	0.07926499729778419
6	0.07926499729778419
7	0.07926499729778419
8	0.07926499729778419
9	0.07926499729778419
10-14	0.07973090949131302
15-19	0.07926649540773122
20-24	0.08186871238573634
25-29	0.08184174640668966
30-34	0.08271065017597175
35-39	0.025610762610596704
40-44	0.012193567405691544
45-49	0.011624159493446069
50-54	0.01368341265954834
55-59	0.010896850359278544
60-64	0.009770626222625709
65-69	0.007193543108318375
70-74	0.0038534270433381724
75-76	4.5433356988967876E-4
>>END_MODULE
>>Sequence Length Distribution	warn
#Length	Count
35	13692.0
36	4478.0
37	6098.0
38	6997.0
39	7736.0
40	8503.0
41	9383.0
42	10297.0
43	11743.0
44	12787.0
45	13872.0
46	14430.0
47	15347.0
48	16015.0
49	16747.0
50	16953.0
51	18169.0
52	19011.0
53	20592.0
54	21775.0
55	22620.0
56	23802.0
57	23884.0
58	24846.0
59	25325.0
60	27679.0
61	26845.0
62	27582.0
63	28228.0
64	31177.0
65	32210.0
66	33318.0
67	37882.0
68	33733.0
69	41800.0
70	40026.0
71	49712.0
72	97773.0
73	306232.0
74	889434.0
75	2713610.0
76	8547812.0
>>END_MODULE
>>Sequence Duplication Levels	warn
#Total Duplicate Percentage	27.686653375773204
#Duplication Level	Relative count
1	100.0
2	18.281396399129104
3	6.242543123495986
4	2.894447702439452
5	1.599563203979697
6	0.98885765707468
7	0.6720457287685453
8	0.452973650684516
9	0.34781905320418194
10++	3.333939994472643
>>END_MODULE
>>Overrepresented sequences	warn
#Sequence	Count	Percentage	Possible Source
CTGTAGGACGTGGAATATGGCAAGAAAACTGAAAATCATGGAAAATGAGA	14372	0.10765418079415558	No Hit
>>END_MODULE
>>Kmer Content	warn
#Sequence	Count	Obs/Exp Overall	Obs/Exp Max	Max Obs/Exp Position
AAAAA	5720625	3.7304008	7.392615	71
TTTTT	5565915	3.5729187	6.2339373	33
CCTGG	1956375	3.04913	12.4259205	3
CCAGG	1911255	2.9881856	14.051701	3
AGAAA	3413220	2.7703605	6.9121695	48
GAAAA	3399690	2.7593787	7.4404726	24
CAGCA	2190350	2.751329	6.8955035	4
TTTCT	3380290	2.707909	7.3869853	16
CCCAG	1727975	2.700194	11.623063	2
TGCTG	2142460	2.6757343	6.5282955	2
TTTTC	3285190	2.6317258	5.8615975	24
CTGGG	1686085	2.6292675	10.257813	4
CCAGC	1660220	2.5943174	6.897027	3
GCTGC	1624785	2.532327	5.7409134	8
GGAGG	1615150	2.527928	5.723178	6
AGCAG	1979725	2.4880855	5.5462303	7
CTGCT	1982870	2.4751015	6.5970473	9
GCTGG	1585355	2.47219	6.107949	3
TCCAG	1955750	2.4489348	10.0184965	2
CAGCC	1480815	2.313973	5.6964087	9
CTGGA	1820855	2.2812388	8.761691	4
AGGAG	1805475	2.2703009	7.2580214	5
CTCCT	1803365	2.2498364	6.3735285	1
CAGGA	1770975	2.225732	9.867493	4
CTCCA	1775895	2.2225409	6.8388686	1
GGCTG	1423745	2.2201765	8.287127	7
GGCAG	1414020	2.2119534	6.3544726	7
CAGAG	1747285	2.1959589	8.11212	4
GAGAA	2154060	2.1761549	7.19184	47
CTGCC	1394820	2.172754	5.847712	9
CCTGC	1393630	2.1709003	6.1069345	3
TCCTG	1736290	2.16731	8.543356	2
CCCTG	1382140	2.153002	8.971448	2
CCACC	1366510	2.1342185	5.073729	28
CTCTG	1697010	2.1182792	7.173162	2
GCAGG	1353405	2.1171331	6.2369456	3
TGGAA	2071515	2.0861952	6.3929276	11
AAAAT	3185195	2.0705369	6.0287824	72
GCCTG	1327250	2.0686002	7.338534	7
GGAAA	2044875	2.0658498	6.9694777	40
CAGGG	1318845	2.063071	9.50242	4
TTCTC	2060450	2.059851	5.822768	17
GCCAG	1313325	2.0533414	5.7413063	2
CTGCA	1611330	2.0176618	6.0062413	4
CTGGC	1283325	2.0001407	5.5248914	4
TGCAG	1588210	1.9897717	5.990447	2
CACAG	1580985	1.9858972	7.3796654	7
TGGAG	1580150	1.9807293	6.009553	5
AGCTG	1572535	1.9701335	5.7806373	7
TGAAA	2411680	1.9513113	5.874065	30
CAGTG	1555130	1.9483278	9.6806345	7
CCCCA	1246965	1.9475127	7.113089	1
CAGGC	1243610	1.9443442	5.8659015	4
GGGAG	1241730	1.9434752	5.463234	7
GGAGA	1541960	1.9389428	5.358081	6
CAGAA	1900945	1.91942	5.1829443	4
CTGTG	1529940	1.9107535	8.688453	9
CATTT	2375595	1.9090512	6.740568	14
CTGAA	1892200	1.9045942	6.6193323	29
CTCAG	1490245	1.8660426	5.8689227	2
CCAGA	1469780	1.8462111	6.9158783	3
CTGAG	1471205	1.8431833	5.6909246	4
CACTG	1470740	1.841619	7.6342344	7
GTGTG	1471095	1.8382409	10.392573	9
GGCCA	1166540	1.8238477	6.164709	1
CCTCT	1461745	1.8236393	5.4171476	1
TGGGG	1166840	1.8205308	6.036932	5
GTGGA	1450935	1.8187574	5.296186	9
CACAC	1442280	1.8107027	7.947208	5
GAGAG	1424535	1.7912865	5.69418	7
AGAGG	1414690	1.7789068	5.1385674	5
TCTGG	1422575	1.7766644	5.976931	3
ACCTG	1405295	1.7596707	5.927687	8
AAATG	2160925	1.7484232	5.976149	43
ACACA	1717505	1.7332733	7.345603	6
TGGCC	1102770	1.7187344	5.4957633	5
TGGCA	1350485	1.6919405	5.7626767	18
TCTCA	1663420	1.6681716	5.238817	18
ACAGA	1646305	1.6623052	6.070249	8
AAAAC	2039900	1.6548147	5.6629434	25
GCCCA	1058970	1.6547834	7.7240973	1
CCTGA	1317855	1.6501808	5.3624787	3
TGTGT	1624345	1.6256046	7.380191	10
TGAGA	1588095	1.5993493	6.4921856	46
ATTTC	1989700	1.5989425	6.4885397	15
TCAGG	1268775	1.589571	5.5473485	3
GTCCT	1271350	1.5869524	14.245969	1
TGGGC	1006455	1.5694579	6.3889313	5
GGGCC	803990	1.5645863	5.3510466	6
GGCCT	1000025	1.5586	5.138567	6
CATGG	1241985	1.5560075	5.229667	37
CCTGT	1245625	1.5548414	5.4051065	8
AGTGG	1230710	1.5427037	6.769854	8
AGGAC	1196410	1.5036284	15.438954	5
ATGGC	1185475	1.4852096	9.502684	17
AGCCT	1180685	1.4784204	5.2234235	6
ACAGC	1164985	1.4633538	5.634526	8
CTGTC	1157745	1.445146	5.7365437	9
GACAG	1140355	1.4331793	7.0538836	7
GCTGT	1139215	1.4227741	5.181187	8
GCCCT	903000	1.4066308	5.786701	1
GGGCT	901895	1.4064077	6.1228285	6
GGACA	1091890	1.3722693	7.185504	6
ACTGA	1362435	1.371359	5.8639836	28
AATGA	1691750	1.3688096	5.388976	44
CACTT	1357745	1.3616235	5.644656	57
AGACA	1333350	1.3463088	5.4393277	6
AGGGC	853355	1.3349043	5.6892066	5
ATGAG	1299840	1.3090515	6.1465044	45
AACTG	1295605	1.3040912	5.8544517	27
TGTCC	1040740	1.2990954	5.0816803	10
GCAAG	1022200	1.2846841	5.3886805	20
GGCAA	1018720	1.2803104	5.4945073	19
TGTGC	1022890	1.2774949	7.855811	10
AAACT	1564305	1.2650185	5.1119294	26
GTCCA	967950	1.2120396	6.985131	1
GGAAT	1185325	1.193725	5.8012924	12
GTGCT	954830	1.1924942	5.717103	1
ACTGC	931315	1.1661662	5.0949407	8
TACAG	1151900	1.159445	7.07051	5
AGCAC	915635	1.1501418	5.61367	5
GTGCA	913580	1.1445688	6.512301	11
AAATC	1409745	1.1400292	5.2788067	33
TGGAC	909635	1.1396264	6.09824	5
CTGTA	1129155	1.1329842	7.3434	1
ACAGT	1091420	1.0985688	6.3124194	6
AATAT	1679920	1.0886053	5.3403635	14
GGACC	693895	1.0848825	7.817019	6
AGTGT	1070040	1.0742412	7.024513	8
AATCA	1321950	1.0690314	5.1416497	34
ACTGT	1050510	1.0540724	6.026192	8
GACCT	839660	1.0513985	5.25389	7
TGCAC	835830	1.0466027	5.287859	5
ACACT	1023450	1.0296049	5.101166	6
GACTG	814120	1.0199615	6.068233	7
CTACA	997910	1.0039113	7.8741274	4
TGTAG	990485	0.9943738	8.5073805	2
TAGGA	986465	0.99345577	9.92409	4
TCCTA	966400	0.9691606	9.100894	2
AGACT	941715	0.94788337	5.1184373	6
TATGG	942360	0.9460598	7.3873653	16
GGACT	743360	0.93131053	5.4311924	6
ATATG	1145725	0.92410684	6.3403683	15
GTAGG	681780	0.8546161	8.452536	3
CCTAC	680080	0.85112315	7.6358604	3
TGGCG	506595	0.7899802	5.482793	18
GTGTA	721425	0.7242574	5.799264	1
GGACG	457685	0.7159572	8.137807	6
TACAC	692370	0.6965338	5.184856	5
GCGAG	442845	0.692743	5.448304	20
ACGTG	551430	0.6908531	5.994463	8
GGCGA	422995	0.66169167	5.5259867	19
GACGT	409055	0.51248014	5.831883	7
>>END_MODULE
