##FastQC	0.10.1
>>Basic Statistics	pass
#Measure	Value	
Filename	001-F0_S3_L003_R1_001.fastq.gz	
File type	Conventional base calls	
Encoding	Sanger / Illumina 1.9	
Total Sequences	22430693	
Filtered Sequences	0	
Sequence length	35-76	
%GC	45	
>>END_MODULE
>>Per base sequence quality	pass
#Base	Mean	Median	Lower Quartile	Upper Quartile	10th Percentile	90th Percentile
1	31.348105918974504	32.0	32.0	32.0	32.0	32.0
2	31.397898807673933	32.0	32.0	32.0	32.0	32.0
3	31.473332321921575	32.0	32.0	32.0	32.0	32.0
4	31.55323373201176	32.0	32.0	32.0	32.0	32.0
5	31.515507612716203	32.0	32.0	32.0	32.0	32.0
6	35.100433633503876	36.0	36.0	36.0	36.0	36.0
7	35.11661204582489	36.0	36.0	36.0	36.0	36.0
8	35.050558580602036	36.0	36.0	36.0	36.0	36.0
9	35.19013897608959	36.0	36.0	36.0	36.0	36.0
10-14	35.11826951579249	36.0	36.0	36.0	36.0	36.0
15-19	35.07138478512456	36.0	36.0	36.0	36.0	36.0
20-24	35.022183942332944	36.0	36.0	36.0	36.0	36.0
25-29	34.91041088208911	36.0	36.0	36.0	36.0	36.0
30-34	34.82327301256363	36.0	36.0	36.0	36.0	36.0
35-39	34.819696202506165	36.0	36.0	36.0	36.0	36.0
40-44	34.77322716771802	36.0	36.0	36.0	36.0	36.0
45-49	34.67846200736234	36.0	36.0	36.0	32.0	36.0
50-54	34.56127711905136	36.0	36.0	36.0	32.0	36.0
55-59	34.406638487414774	36.0	36.0	36.0	32.0	36.0
60-64	34.24602498194114	36.0	36.0	36.0	32.0	36.0
65-69	34.10812851766512	36.0	36.0	36.0	32.0	36.0
70-74	33.99800420583934	36.0	36.0	36.0	32.0	36.0
75-76	33.31859740800985	36.0	34.0	36.0	23.0	36.0
>>END_MODULE
>>Per sequence quality scores	pass
#Quality	Count
2	63735.0
3	0.0
4	0.0
5	0.0
6	0.0
7	0.0
8	0.0
9	0.0
10	0.0
11	0.0
12	0.0
13	0.0
14	0.0
15	0.0
16	4.0
17	17.0
18	175.0
19	1253.0
20	4716.0
21	11637.0
22	20260.0
23	33341.0
24	54294.0
25	88431.0
26	137055.0
27	202467.0
28	283032.0
29	377626.0
30	488695.0
31	639636.0
32	872914.0
33	1364110.0
34	3162096.0
35	1.4625199E7
>>END_MODULE
>>Per base sequence content	fail
#Base	G	A	T	C
1	41.076791391428905	19.48587650714616	12.957769721080972	26.479562380343964
2	15.50023501374382	19.90420881828437	37.85580729847666	26.739748869495145
3	18.830952283763946	22.042868862313277	28.281115754816355	30.84506309910642
4	13.036651798879454	15.744569973054857	35.80031836295415	35.41845986511154
5	14.713954396480739	35.2118423971646	34.26016179759447	15.81404140876019
6	33.7622331760622	35.30266611949147	16.68657004516342	14.2485306592829
7	29.759788704409722	29.43745240627098	21.025299923206212	19.777458966113088
8	25.556372037717423	35.92601193242282	20.061954781691817	18.455661248167946
9	24.49411761760361	16.53742989994437	20.532577563743803	38.435874918708215
10-14	24.016799812107813	23.333136852251098	28.31030012908557	24.339763206555524
15-19	22.389469982120712	28.34662631939706	26.345540177900155	22.918363520582073
20-24	22.537734139064387	26.98431919019077	27.581971043795413	22.89597562694943
25-29	22.393046498356238	27.071040199334504	27.461046108238556	23.0748671940707
30-34	22.443218495295557	27.046091466219668	27.574360425151095	22.936329613333676
35-39	22.513666158644497	27.240025264551655	27.38584795431435	22.860460622489494
40-44	22.62064732517973	27.124274749004783	27.43119616262329	22.8238817631922
45-49	22.63404435260064	27.218970446732545	27.222517065546487	22.92446813512033
50-54	22.60850267320535	27.337150287130612	27.22139535543318	22.832951684230856
55-59	22.6672088210488	27.224555786321332	27.09896598750851	23.009269405121362
60-64	22.765463535986488	27.22397628033692	27.129207263713408	22.881352919963184
65-69	22.82175441188982	27.36482652590164	27.04142280246383	22.771996259744707
70-74	23.113657085778687	27.57933462667848	27.015003779647895	22.292004507894937
75-76	27.15776148067677	34.86740919974759	28.018870098643806	9.955959220931836
>>END_MODULE
>>Per base GC content	fail
#Base	%GC
1	67.55635377177288
2	42.23998388323897
3	49.67601538287036
4	48.45511166399099
5	30.527995805240927
6	48.01076383534511
7	49.53724767052281
8	44.012033285885366
9	62.929992536311815
10-14	48.35656301866334
15-19	45.307833502702785
20-24	45.43370976601382
25-29	45.46791369242694
30-34	45.37954810862924
35-39	45.37412678113399
40-44	45.44452908837193
45-49	45.55851248772097
50-54	45.44145435743621
55-59	45.67647822617016
60-64	45.646816455949676
65-69	45.593750671634524
70-74	45.40566159367362
75-76	37.11372070160861
>>END_MODULE
>>Per sequence GC content	warn
#GC Content	Count
0	63751.0
1	31887.0
2	37.0
3	73.0
4	99.0
5	156.0
6	305.5
7	554.5
8	724.5
9	957.5
10	1577.0
11	2545.0
12	3171.0
13	4309.5
14	6897.5
15	11131.5
16	17480.0
17	22294.0
18	30015.5
19	44586.5
20	62879.5
21	76751.5
22	96414.5
23	131177.0
24	168255.5
25	193700.0
26	226161.5
27	278191.5
28	331199.5
29	369430.0
30	416054.0
31	488069.5
32	560675.0
33	612563.5
34	677504.5
35	770811.0
36	852948.0
37	905491.5
38	945215.5
39	983944.5
40	996590.5
41	995525.5
42	1002410.0
43	1008953.0
44	1001996.0
45	988099.0
46	979847.5
47	964669.5
48	938905.5
49	911660.5
50	892227.0
51	872358.5
52	839745.5
53	808344.5
54	791725.5
55	772492.0
56	742611.0
57	711025.0
58	682228.5
59	644740.0
60	590302.5
61	527756.5
62	478750.0
63	432103.5
64	372076.0
65	317559.5
66	263924.0
67	224193.5
68	192775.5
69	156043.5
70	121702.5
71	98595.0
72	82126.0
73	64802.0
74	49578.0
75	39593.5
76	33076.5
77	26348.5
78	19809.0
79	15524.5
80	13193.5
81	10346.5
82	7229.5
83	5373.5
84	4286.5
85	3176.5
86	2174.0
87	1565.5
88	1261.5
89	963.0
90	697.5
91	524.0
92	436.0
93	439.0
94	373.0
95	232.5
96	166.0
97	143.5
98	104.5
99	60.0
100	34.0
>>END_MODULE
>>Per base N content	pass
#Base	N-Count
1	0.3108374761314775
2	0.28494884219582517
3	0.2841463703328292
4	0.2842934901743785
5	0.2841419121558125
6	0.3165528590668153
7	0.2866652403472331
8	0.2841419121558125
9	0.2841419121558125
10-14	0.28453779827489056
15-19	0.28447538379665754
20-24	0.28454403972271386
25-29	0.28580837872463416
30-34	0.28591091679601693
35-39	0.06646429833781997
40-44	0.002566196974472776
45-49	0.00103545155937033
50-54	0.0012038151810132257
55-59	0.0025023197699915495
60-64	0.0019253671705701857
65-69	0.001108277536742545
70-74	0.0030320968628508014
75-76	0.014229140498533282
>>END_MODULE
>>Sequence Length Distribution	warn
#Length	Count
35	84943.0
36	30454.0
37	39067.0
38	41424.0
39	45155.0
40	44436.0
41	47293.0
42	49825.0
43	54215.0
44	57974.0
45	63423.0
46	64219.0
47	65711.0
48	67209.0
49	68834.0
50	68758.0
51	70605.0
52	72458.0
53	75347.0
54	78547.0
55	80317.0
56	82581.0
57	84151.0
58	84452.0
59	85329.0
60	86882.0
61	85453.0
62	87420.0
63	88070.0
64	92323.0
65	93810.0
66	95193.0
67	97596.0
68	95590.0
69	102801.0
70	104560.0
71	120637.0
72	204222.0
73	551412.0
74	1449408.0
75	4471529.0
76	1.299706E7
>>END_MODULE
>>Sequence Duplication Levels	warn
#Total Duplicate Percentage	32.33171718958005
#Duplication Level	Relative count
1	100.0
2	20.999905628189584
3	8.523226354416964
4	4.383933562245469
5	2.5117420310265475
6	1.5970614070110996
7	1.1135873628886486
8	0.739003869244227
9	0.5945424056100411
10++	4.724398016740107
>>END_MODULE
>>Overrepresented sequences	warn
#Sequence	Count	Percentage	Possible Source
NNNNNNNNNNNNNNNNNNNNNNNNNNNNNNNNNNN	63735	0.2841419121558125	No Hit
>>END_MODULE
>>Kmer Content	warn
#Sequence	Count	Obs/Exp Overall	Obs/Exp Max	Max Obs/Exp Position
AAAAA	7618430	3.4606578	6.5900307	72
TTTTT	7351895	3.2695494	5.656402	72
CCTGG	3530990	3.0193195	11.37822	3
CCAGG	3413065	2.9308798	12.149048	3
CCCAG	3225465	2.767252	10.319522	2
CTGGG	3156275	2.7013726	9.283405	4
CAGCA	3559390	2.605496	7.061109	4
CCAGC	2991830	2.5668075	6.4368653	3
GGAGG	2974745	2.5591595	5.797406	6
TGCTG	3490695	2.5359576	6.5091476	2
GCTGG	2879550	2.464531	5.3856363	3
TCCAG	3326120	2.4244423	9.833177	2
AGGAG	3223080	2.3636334	7.1780386	5
CAGGA	3179455	2.3295102	10.036236	4
CAGCC	2704110	2.3199613	5.2612376	9
AGCAG	3163130	2.3175492	5.2008753	7
CTCCA	3179645	2.315557	7.194379	1
CTCCT	3186050	2.3104072	6.7216883	1
CTGCT	3167255	2.2988787	6.498132	9
CTGGA	3130000	2.2835753	8.666916	4
GGCTG	2644335	2.2632167	7.5621963	7
TCCTG	3113530	2.2598836	9.338602	2
CAGAG	3044475	2.2306137	7.0995054	4
GGCAG	2587025	2.223572	5.6707697	7
GCTGC	2590765	2.215341	5.3369126	8
CCTGC	2586560	2.209724	6.168173	3
GCAGG	2562360	2.202372	6.101936	3
CCCTG	2540670	2.1705196	8.308711	2
CTGCA	2977265	2.1701584	6.397792	4
CTGCC	2537095	2.1674654	5.5899816	9
CTCTG	2983280	2.1653447	6.9114842	2
TGCAG	2959865	2.1594489	6.4759693	2
CACAG	2900490	2.123177	7.5370994	7
CAGGG	2463710	2.1175816	8.444467	4
GCCTG	2468815	2.1110625	6.25733	7
TGGAG	2888740	2.1094854	6.3304167	5
CTGTG	2838735	2.0623147	8.877373	9
AGCTG	2811715	2.0513623	5.586122	7
CAGGC	2333040	2.0034368	5.470414	4
GGAGA	2727515	2.0002127	5.5543566	6
CTCAG	2673505	1.9487447	5.7922316	2
CAGAA	3114910	1.9454443	5.498733	4
CCCCA	2268060	1.9440787	6.117419	1
CTGAG	2647780	1.9317588	5.3221016	9
CAGTG	2592990	1.8917855	6.52136	9
TTCTG	3047220	1.8791193	5.1968336	2
CACTG	2557675	1.864315	7.7653747	7
CCAGA	2543530	1.8618801	6.5239854	3
CCTCT	2545045	1.8455739	5.0856056	1
TCCCA	2531005	1.8431889	5.028111	2
TGGGG	2130980	1.8255178	5.1087117	5
GGCCA	2120465	1.8208936	5.218726	1
TCTGG	2487810	1.807371	5.932704	3
GAGAG	2382405	1.7471275	5.459511	7
ACACA	2785045	1.7378345	6.851551	6
CACAC	2360835	1.7265669	6.9612827	5
ACAGA	2738400	1.7102917	6.085257	8
CCTGA	2321365	1.6920664	5.264038	3
GTGTG	2325880	1.691276	6.5329103	9
GCCCA	1953765	1.676211	6.1265764	1
TCAGG	2258570	1.6478004	5.4682493	3
TGTGT	2662510	1.6433835	6.2281966	10
CCTGT	2230450	1.6189207	5.203361	8
TGGGC	1858880	1.5909663	5.5766063	5
ACAGG	2165890	1.5868956	5.1118307	8
ACAGC	2102340	1.5389261	5.8534617	8
GCTGT	2073195	1.506157	5.157619	8
CTGTC	2026935	1.4712038	5.732022	9
GACAG	1999285	1.464828	6.916341	7
GGGCT	1647515	1.4100646	5.276981	6
AGACA	2248575	1.4043672	5.377313	6
AGGGC	1596310	1.3720433	5.0049996	5
GTCCT	1833335	1.3306837	8.70162	1
GGACA	1797550	1.3170217	6.21566	6
AGGAC	1746040	1.2792815	8.910042	5
GTGCT	1735815	1.2610536	5.4148374	1
TGTGC	1724520	1.2528478	6.028968	10
ACTGC	1708340	1.2452261	5.345204	8
AGCAC	1687495	1.2352571	5.677899	5
GTCCA	1651715	1.2039516	6.6946387	1
GTCTT	1831955	1.1297058	5.0216413	1
GTGCA	1546835	1.1285349	5.4363246	1
TGGAC	1543040	1.1257662	5.957137	5
ACAGT	1805790	1.1230513	5.675595	8
TGCAC	1512385	1.1023926	5.2647843	5
ACTGT	1777740	1.1009301	6.49243	8
GACTG	1442370	1.0523198	5.8914294	7
GGACC	1190500	1.0223106	5.3123784	6
ACACT	1623645	1.0088495	5.2155395	6
CTACA	1565345	0.972625	5.292915	4
TGTAG	1551680	0.9618131	5.500092	2
GGACT	1306485	0.95318115	5.200463	6
TAGGA	1337635	0.83265895	5.7959733	4
TCCTA	1324795	0.81967765	5.4844794	2
GTGTA	1136425	0.7044163	5.633397	1
TACAC	1113705	0.6919991	5.134266	5
>>END_MODULE
