##FastQC	0.10.1
>>Basic Statistics	pass
#Measure	Value	
Filename	004-primary_S1_L001_R2_001.fastq.gz	
File type	Conventional base calls	
Encoding	Sanger / Illumina 1.9	
Total Sequences	28053590	
Filtered Sequences	0	
Sequence length	35-75	
%GC	46	
>>END_MODULE
>>Per base sequence quality	pass
#Base	Mean	Median	Lower Quartile	Upper Quartile	10th Percentile	90th Percentile
1	31.289607533296095	32.0	32.0	32.0	32.0	32.0
2	31.068132955532608	32.0	32.0	32.0	32.0	32.0
3	31.115725652224903	32.0	32.0	32.0	32.0	32.0
4	31.17011644498975	32.0	32.0	32.0	32.0	32.0
5	31.132664874620325	32.0	32.0	32.0	32.0	32.0
6	34.79612014006051	36.0	36.0	36.0	36.0	36.0
7	34.774105417524105	36.0	36.0	36.0	32.0	36.0
8	34.70299098974498	36.0	36.0	36.0	32.0	36.0
9	34.82782895166002	36.0	36.0	36.0	36.0	36.0
10	34.64961165398083	36.0	36.0	36.0	32.0	36.0
11	34.79275739753807	36.0	36.0	36.0	36.0	36.0
12	34.681947658035924	36.0	36.0	36.0	32.0	36.0
13	34.73272946528412	36.0	36.0	36.0	32.0	36.0
14	34.67785099874918	36.0	36.0	36.0	32.0	36.0
15	34.637944163296034	36.0	36.0	36.0	32.0	36.0
16	34.633583758798785	36.0	36.0	36.0	32.0	36.0
17	34.62833790612895	36.0	36.0	36.0	32.0	36.0
18	34.620787820738805	36.0	36.0	36.0	32.0	36.0
19	34.614578633251575	36.0	36.0	36.0	32.0	36.0
20	34.59796567925888	36.0	36.0	36.0	32.0	36.0
21	34.582042191391544	36.0	36.0	36.0	32.0	36.0
22	34.565160038340906	36.0	36.0	36.0	32.0	36.0
23	34.55171370223918	36.0	36.0	36.0	32.0	36.0
24	34.5362667665707	36.0	36.0	36.0	32.0	36.0
25	34.52405581602925	36.0	36.0	36.0	32.0	36.0
26	34.508227645730905	36.0	36.0	36.0	32.0	36.0
27	34.4980716550003	36.0	36.0	36.0	32.0	36.0
28	34.485366614397655	36.0	36.0	36.0	32.0	36.0
29	34.47781317827772	36.0	36.0	36.0	32.0	36.0
30	34.451864306849856	36.0	36.0	36.0	32.0	36.0
31	34.44872617016218	36.0	36.0	36.0	32.0	36.0
32	34.43352116431444	36.0	36.0	36.0	32.0	36.0
33	34.42297431451732	36.0	36.0	36.0	32.0	36.0
34	34.41771719769199	36.0	36.0	36.0	32.0	36.0
35	34.38932058249942	36.0	36.0	36.0	32.0	36.0
36	34.441095519637045	36.0	36.0	36.0	32.0	36.0
37	34.43426081237686	36.0	36.0	36.0	32.0	36.0
38	34.41770846742907	36.0	36.0	36.0	32.0	36.0
39	34.41304092954199	36.0	36.0	36.0	32.0	36.0
40	34.4016799989513	36.0	36.0	36.0	32.0	36.0
41	34.38454315255017	36.0	36.0	36.0	32.0	36.0
42	34.36878002303593	36.0	36.0	36.0	32.0	36.0
43	34.353628054137666	36.0	36.0	36.0	32.0	36.0
44	34.32092876535588	36.0	36.0	36.0	32.0	36.0
45	34.3085303041295	36.0	36.0	36.0	32.0	36.0
46	34.29252643137291	36.0	36.0	36.0	32.0	36.0
47	34.267970237251575	36.0	36.0	36.0	32.0	36.0
48	34.23990246463216	36.0	36.0	36.0	32.0	36.0
49	34.2125879001648	36.0	36.0	36.0	32.0	36.0
50	34.18042185592729	36.0	36.0	36.0	32.0	36.0
51	34.1555250760463	36.0	36.0	36.0	32.0	36.0
52	34.12839212632807	36.0	36.0	36.0	32.0	36.0
53	34.10273298048052	36.0	36.0	36.0	32.0	36.0
54	34.06758173791655	36.0	36.0	36.0	32.0	36.0
55	34.04103103752791	36.0	36.0	36.0	32.0	36.0
56	34.01901106507109	36.0	36.0	36.0	32.0	36.0
57	33.98847358058925	36.0	36.0	36.0	32.0	36.0
58	33.956305815445376	36.0	36.0	36.0	32.0	36.0
59	33.922955422724264	36.0	36.0	36.0	32.0	36.0
60	33.88857716497851	36.0	36.0	36.0	32.0	36.0
61	33.871821538165186	36.0	36.0	36.0	32.0	36.0
62	33.83180247940964	36.0	36.0	36.0	32.0	36.0
63	33.81050011431516	36.0	36.0	36.0	32.0	36.0
64	33.78747283135787	36.0	36.0	36.0	32.0	36.0
65	33.76194612644847	36.0	36.0	36.0	27.0	36.0
66	33.72818163146442	36.0	36.0	36.0	27.0	36.0
67	33.68884005678221	36.0	36.0	36.0	27.0	36.0
68	33.66962174793698	36.0	36.0	36.0	27.0	36.0
69	33.64723810116372	36.0	36.0	36.0	27.0	36.0
70	33.62220351663474	36.0	36.0	36.0	27.0	36.0
71	33.5699950620489	36.0	36.0	36.0	27.0	36.0
72	33.55145437402776	36.0	36.0	36.0	27.0	36.0
73	33.527615812626	36.0	36.0	36.0	27.0	36.0
74	33.466388769705404	36.0	36.0	36.0	27.0	36.0
75	32.22553267570497	36.0	32.0	36.0	14.0	36.0
>>END_MODULE
>>Per sequence quality scores	pass
#Quality	Count
2	61395.0
3	435.0
4	8424.0
5	7467.0
6	2960.0
7	1537.0
8	563.0
9	352.0
10	401.0
11	322.0
12	387.0
13	306.0
14	2319.0
15	5759.0
16	9479.0
17	13449.0
18	18560.0
19	24886.0
20	34433.0
21	48177.0
22	68801.0
23	97956.0
24	140942.0
25	198480.0
26	269210.0
27	355283.0
28	456901.0
29	576609.0
30	728047.0
31	933431.0
32	1267717.0
33	1948231.0
34	4269781.0
35	1.650059E7
>>END_MODULE
>>Per base sequence content	fail
#Base	G	A	T	C
1	43.25414107187959	17.954373508533855	12.61115388191113	26.18033153767543
2	16.759561372170108	19.036546337405287	37.07922930913693	27.124662981287674
3	19.833182342475702	20.76608184815525	28.677756286930283	30.722979522438763
4	13.853660781115632	14.668799501346234	35.71535080812605	35.76218890941209
5	15.60302568583483	34.15878831098622	34.637875359488554	15.600310643690406
6	34.588601491109955	34.558513638653466	16.432851090531035	14.420033779705546
7	30.430421574287497	29.5723097932497	20.574629847708394	19.422638784754408
8	26.594707388748095	34.59177018201269	19.903906825878767	18.90961560336045
9	25.002239152974713	16.275775724436574	19.874832599636946	38.84715252295177
10	14.718130087734707	27.556684203313587	34.32933924422206	23.39584646472965
11	34.545603654836036	22.57654615248656	23.353429754973376	19.524420437704023
12	22.51164955046165	24.059431592816498	30.412358031465953	23.0165608252559
13	27.701220547924976	20.542758755291313	26.15783194243948	25.598188754344232
14	20.938564224507633	20.36760605541823	27.04813450217373	31.645695217900403
15	23.13718315362401	28.80839218127148	23.274693250831806	24.779731414272703
16	23.08953705254465	28.436260286533326	25.06152218309854	23.412680477823482
17	21.95166383527633	27.83950287762769	27.237597192763456	22.97123609433251
18	22.415917375551235	27.643769886367497	27.594169957654657	22.34614278042661
19	22.70838788032919	27.12288802554548	27.56188034106125	22.60684375306408
20	22.79827507157463	26.934592590108085	27.505029873152008	22.76210246516527
21	22.72608298653583	26.67710372687651	27.36803720812084	23.22877607846682
22	22.64103330888777	26.4832728595004	27.606537460264935	23.26915637134689
23	22.71140728879118	26.605183832541645	27.355508038868642	23.327900839798538
24	22.752863487625664	26.4902686786484	27.50907592296426	23.247791910761677
25	22.925287811329394	26.44997399218743	27.180492073678387	23.444246122804792
26	22.545379054781016	26.719277575711626	27.38157136437835	23.35377200512901
27	22.574387992997817	26.75155131105314	27.39490924581352	23.279151450135522
28	22.74148404193603	26.652195795895985	27.41066647362317	23.19565368854482
29	22.430686361215905	26.858036813019204	27.592273049621298	23.1190037761436
30	22.652640474883345	26.882255365398567	27.311411423580946	23.153692736137145
31	22.903344479069954	26.962871637988457	27.117252510365365	23.016531372576225
32	22.430077002050268	26.972965864800248	27.492311543176363	23.10464558997312
33	22.600182673745692	26.77461750449353	27.545498565574793	23.07970125618598
34	22.613312090754523	26.516475025963775	27.672638090410796	23.19757479287091
35	22.558286854022935	26.76911104103523	27.50207432317272	23.170527781769117
36	22.744611805757486	27.162844297313622	27.250010960252308	22.842532936676584
37	22.870347958062595	26.932467377476556	27.15564103300652	23.04154363145433
38	22.724417459640012	27.15193538658591	27.207870534228345	22.915776619545728
39	22.726947620197276	27.059864067900847	27.349304677568792	22.86388363433309
40	22.719371308010203	26.86537759820939	27.30742395675017	23.107827137030238
41	22.747716114773866	27.031212212999716	27.31347396063551	22.90759771159091
42	22.720181425094378	27.013850243308944	27.317090813187463	22.94887751840922
43	22.826673008428564	26.796698792184042	27.2052302486872	23.171397950700193
44	22.73155236262404	27.12537043141524	27.282226461037524	22.860850744923194
45	22.81344925335222	27.059436769788032	27.14536741341475	22.981746563444993
46	22.90876315362598	27.234110559355056	27.02082472122947	22.836301565789498
47	22.64636260940027	27.308383257959555	27.22462760128403	22.82062653135614
48	22.697910950614403	27.168616833096205	27.135491568628957	22.99798064766044
49	22.75643737495162	27.092263966334063	27.240389755708822	22.910908903005495
50	22.79590275455197	27.122014241270982	27.20154006250826	22.880542941668786
51	22.89080934292354	27.160236743191284	27.07632355471745	22.872630359167722
52	22.859334465508038	27.113345762842993	27.094778569719885	22.932541201929084
53	22.754120000443706	27.172435468424734	27.16001168427319	22.913432846858374
54	22.934176268743396	27.326526130792534	27.032506834506204	22.706790765957866
55	22.91215794539131	27.22721642022038	26.93439878648185	22.926226847906463
56	22.969125248380664	27.374567230280135	26.91903095390072	22.737276567438485
57	22.755467207234652	27.251871175275078	27.12264304513311	22.87001857235716
58	22.743055249202694	27.03755897540252	27.19779899001485	23.021586785379938
59	22.637094853476796	27.22953923870861	27.21243462268087	22.920931285133722
60	22.825607985118083	27.27980458696342	27.110455843941395	22.784131583977107
61	22.983665704905196	27.33376260602987	26.960933239196226	22.72163844986871
62	22.849994342743866	27.4809180350928	26.94426078500794	22.724826837155394
63	22.90021936524619	27.436882844293446	26.93390858151955	22.728989208940813
64	22.92267578358271	27.199058901956203	26.95964096546951	22.918624348991575
65	22.727831196591474	27.275753116515034	27.137536769992494	22.858878916901002
66	22.85799187387673	27.28409204785121	26.919168275745804	22.938747802526258
67	22.814989697422543	27.310282879241253	27.01091889339635	22.86380852993985
68	22.87188118562765	27.527697142517287	27.01319547336058	22.587226198494477
69	23.08632225862017	27.479404943517636	26.888348424072895	22.545924373789298
70	23.09337738368233	27.323499165232946	26.87435868585134	22.708764765233383
71	22.989335337962714	27.53117784041542	26.80434426285218	22.675142558769682
72	23.007959961003152	27.68229100688589	27.03922207395476	22.270526958156193
73	23.63937165708156	28.237060252363843	27.148405654020337	20.97516243653426
74	24.92366617033431	30.617725044916437	27.058754852378286	17.399853932370963
75	30.446015060329312	41.010566363674734	28.54341857599595	0.0
>>END_MODULE
>>Per base GC content	fail
#Base	%GC
1	69.43447260955502
2	43.88422435345778
3	50.556161864914465
4	49.615849690527725
5	31.20333632952524
6	49.0086352708155
7	49.853060359041905
8	45.50432299210854
9	63.84939167592648
10	38.11397655246436
11	54.07002409254006
12	45.528210375717556
13	53.299409302269204
14	52.58425944240803
15	47.91691456789671
16	46.50221753036813
17	44.922899929608846
18	44.76206015597785
19	45.31523163339327
20	45.56037753673991
21	45.95485906500265
22	45.910189680234666
23	46.03930812858971
24	46.000655398387345
25	46.36953393413419
26	45.899151059910025
27	45.85353944313334
28	45.93713773048085
29	45.549690137359505
30	45.80633321102049
31	45.91987585164618
32	45.53472259202339
33	45.67988392993168
34	45.810886883625436
35	45.72881463579205
36	45.58714474243407
37	45.91189158951693
38	45.64019407918574
39	45.590831254530364
40	45.82719844504044
41	45.655313826364775
42	45.66905894350359
43	45.99807095912875
44	45.592403107547234
45	45.79519581679722
46	45.745064719415474
47	45.46698914075641
48	45.69589159827484
49	45.667346277957115
50	45.67644569622076
51	45.763439702091254
52	45.79187566743712
53	45.667552847302076
54	45.64096703470126
55	45.83838479329777
56	45.70640181581915
57	45.62548577959181
58	45.76464203458263
59	45.55802613861052
60	45.60973956909519
61	45.705304154773906
62	45.57482117989926
63	45.629208574187004
64	45.84130013257429
65	45.58671011349247
66	45.79673967640299
67	45.67879822736239
68	45.45910738412213
69	45.632246632409476
70	45.80214214891571
71	45.6644778967324
72	45.27848691915934
73	44.61453409361582
74	42.323520102705274
75	30.446015060329312
>>END_MODULE
>>Per sequence GC content	warn
#GC Content	Count
0	61806.0
1	31726.0
2	2681.0
3	4520.0
4	5340.0
5	5395.0
6	5094.0
7	4488.5
8	4252.5
9	4244.5
10	4819.5
11	6421.0
12	7468.5
13	8736.0
14	11908.5
15	16756.0
16	20661.0
17	27338.5
18	41624.0
19	60051.5
20	73165.0
21	93689.0
22	131527.5
23	173947.5
24	203263.0
25	240008.0
26	301449.5
27	365071.5
28	408321.5
29	461093.5
30	543209.5
31	621845.0
32	675121.5
33	736486.5
34	835124.5
35	926289.5
36	983877.5
37	1045297.5
38	1116052.0
39	1169104.0
40	1205183.5
41	1226671.5
42	1238574.0
43	1237441.5
44	1237330.0
45	1227343.0
46	1198380.5
47	1166132.0
48	1150265.0
49	1127824.0
50	1086676.5
51	1050360.0
52	1032072.0
53	1020672.0
54	998231.5
55	972786.5
56	958055.0
57	940863.5
58	900212.0
59	841752.0
60	787948.0
61	725958.5
62	648579.5
63	571872.0
64	509863.0
65	457249.5
66	387090.5
67	316304.0
68	265858.5
69	227040.5
70	182020.0
71	139113.5
72	109943.0
73	89027.5
74	67721.5
75	49975.0
76	38078.0
77	29976.5
78	21785.0
79	14974.0
80	10973.0
81	8457.0
82	6010.5
83	4102.5
84	3075.0
85	2535.5
86	2087.0
87	1759.5
88	1605.5
89	1493.0
90	1359.0
91	1237.5
92	1176.5
93	1157.5
94	1114.0
95	1150.5
96	1212.5
97	1269.5
98	1679.5
99	8794.0
100	15559.0
>>END_MODULE
>>Per base N content	pass
#Base	N-Count
1	0.38772934230520945
2	0.28382820166688116
3	0.22039603487468093
4	0.21894524016355837
5	0.21883473737229353
6	0.22181474813027496
7	0.2409994585363228
8	0.2514508838262768
9	0.2647076541718903
10	0.27357639432243785
11	0.2903229141083191
12	0.2935061074179811
13	0.2974556910541574
14	0.3067058440648773
15	0.3046383724863734
16	0.308131686532811
17	0.3050839482576027
18	0.31305797225952187
19	0.31513970226270505
20	0.3125304105463864
21	0.31091207934528164
22	0.31386713786007425
23	0.31776681700987286
24	0.32784039404582443
25	0.31695052219698083
26	0.32464650691765295
27	0.3219088893792203
28	0.33662001904212613
29	0.3250920826888823
30	0.33945388094714435
31	0.31489017983081663
32	0.3274696750041617
33	0.32498514450378724
34	0.31948852178990284
35	0.3217128360398794
36	0.12035868754804643
37	0.11033492135144053
38	0.10403501106757723
39	0.11389491004124024
40	0.11916722648075989
41	0.10293290626074054
42	0.10279898310488014
43	0.10827605143301869
44	0.11707776360000641
45	0.10204015477303481
46	0.11079156604784238
47	0.11542581970230849
48	0.12073043004144172
49	0.11397613534194521
50	0.11467009471285881
51	0.12141837292767076
52	0.1098221175644774
53	0.10813994057363441
54	0.10909797230524972
55	0.10283180337016663
56	0.0884701846720076
57	0.0979972015860346
58	0.09806763696340497
59	0.09219923358728516
60	0.0908562944255976
61	0.09082090848113075
62	0.0988442432124995
63	0.09007851268806676
64	0.08747196969711477
65	0.08927601732543708
66	0.08304730616193257
67	0.09365135289097057
68	0.08313646974288598
69	0.08504710087521795
70	0.09228325410943773
71	0.0931215146545187
72	0.09675205970319165
73	0.10719669426477382
74	0.12866044082629877
75	0.20087027324033244
>>END_MODULE
>>Sequence Length Distribution	warn
#Length	Count
35	78044.0
36	25193.0
37	31867.0
38	35765.0
39	38656.0
40	40517.0
41	42573.0
42	45705.0
43	49897.0
44	55654.0
45	59788.0
46	62147.0
47	64706.0
48	66474.0
49	68757.0
50	69561.0
51	70749.0
52	73359.0
53	76426.0
54	80982.0
55	82871.0
56	85176.0
57	87532.0
58	88302.0
59	90409.0
60	89879.0
61	90614.0
62	93739.0
63	95883.0
64	100900.0
65	104544.0
66	103770.0
67	106847.0
68	109306.0
69	118672.0
70	137982.0
71	242506.0
72	707422.0
73	1859119.0
74	5713932.0
75	1.6807365E7
>>END_MODULE
>>Sequence Duplication Levels	warn
#Total Duplicate Percentage	37.871412860686576
#Duplication Level	Relative count
1	100.0
2	23.813303698999842
3	11.301793935545325
4	6.472455945388157
5	4.053024289569773
6	2.6281949515796157
7	1.8375932687728211
8	1.2851246229560247
9	0.9803143356088267
10++	6.383552944911891
>>END_MODULE
>>Overrepresented sequences	warn
#Sequence	Count	Percentage	Possible Source
NNNNNNNNNNNNNNNNNNNNNNNNNNNNNNNNNNN	61391	0.21883473737229353	No Hit
>>END_MODULE
>>Kmer Content	warn
#Sequence	Count	Obs/Exp Overall	Obs/Exp Max	Max Obs/Exp Position
AAAAA	10680610	4.080373	8.702335	71
TTTTT	8849855	3.2400403	5.6057863	71
CCTGG	4559210	3.0537844	11.550647	3
CCAGG	4342680	2.9336245	12.024001	3
CCCAG	4148430	2.820932	10.632239	2
CTGGG	4106675	2.7326057	9.965358	4
CCAGC	3874910	2.6349382	6.478221	3
GGAGG	3801365	2.5343227	5.9051743	6
GCTGG	3780985	2.5158896	6.421027	3
TCCAG	4214710	2.4561892	9.46145	2
CAGCA	4129915	2.427354	6.7485714	4
CAGGA	4086795	2.3862324	10.205422	4
CTCCA	4059145	2.3811724	7.054478	1
CAGCC	3484420	2.369405	5.507073	9
TGCTG	4123590	2.3670614	7.2712507	2
CTCCT	4041040	2.350453	6.687078	1
AGGAG	4035700	2.34092	7.1586556	5
TCCTG	4014940	2.319932	9.5260105	2
CTGGA	4007160	2.3198967	9.003369	4
GGCTG	3456010	2.2996492	7.761701	7
CTGCA	3891405	2.267778	6.879171	4
CCTGC	3306155	2.2291236	6.310952	3
TGCAG	3849465	2.2286007	7.120512	2
GCAGG	3293460	2.2102273	6.5245824	3
GGCAG	3292555	2.2096198	5.9942327	7
CTGCC	3255915	2.19525	5.555872	9
CTTCT	4383855	2.1852438	5.041601	1
CTGCT	3767275	2.176825	6.385455	9
CAGAG	3721980	2.173221	7.1947527	4
AGCAG	3712305	2.167572	5.4621525	7
CCCTG	3201185	2.1583493	8.527344	2
TGGAG	3741255	2.1517267	6.7005	5
GCCTG	3211215	2.1508896	6.5437746	7
CTCTG	3719350	2.1491327	7.260145	2
GCTGC	3154315	2.1127777	5.402518	8
AGCTG	3600980	2.0847437	5.6277704	7
CAGGG	3084110	2.0697334	8.617973	4
CAGGC	3010210	2.0334966	5.785702	4
GGAGA	3487770	2.0230916	5.7103395	6
CAGAA	3945460	2.0043468	5.417094	4
CACAG	3409250	2.0037837	6.9506154	7
CTGGC	2987810	2.0012517	5.1532474	4
CCCCA	2891560	1.9792616	6.450357	1
CTCAG	3390195	1.9756899	6.0002365	2
CTGTG	3438105	1.973573	8.386647	9
GGGAG	2957580	1.9717818	5.172977	7
CTGAG	3368185	1.9499696	5.7333765	4
TTCTG	3887945	1.9253141	5.4559164	2
CCAGA	3214280	1.8891903	6.5805187	3
GGCCA	2753520	1.860094	5.7225404	1
CCTCT	3165890	1.841426	5.391689	1
TCTGG	3185975	1.828843	6.278015	3
TGGGG	2748985	1.8171753	5.599781	5
CACTG	3080640	1.7952918	7.288099	7
ACCTG	3074400	1.7916554	5.2275043	7
TGGCC	2643985	1.7709558	5.2719607	5
CAGTG	3053480	1.7677752	6.231377	9
CCTGA	2994145	1.7448857	5.7010517	3
GCCCA	2489225	1.6926726	6.402838	1
TCAGG	2907310	1.6831517	5.8280907	3
ACAGA	3274745	1.6636145	5.755583	8
GAGAG	2788340	1.617385	5.2290883	7
AGGTG	2810970	1.6166873	5.079781	7
CCTGT	2785975	1.6098057	5.298985	8
TGGGC	2402605	1.5987074	5.9178367	5
ACAGC	2462275	1.4472001	5.6096044	8
CTGTC	2482155	1.4342508	5.6133685	9
GCCCT	2112890	1.4245832	5.361252	1
GACAG	2427795	1.4175614	6.9252295	7
ACACA	2761350	1.4120784	5.732623	6
GGGCT	2116095	1.408062	5.427539	6
GTGTG	2453775	1.3992864	6.9285607	1
CACAC	2309320	1.3662755	5.866002	5
AGACA	2682565	1.3627791	5.3147097	6
AGGGC	1999810	1.342064	5.1179147	5
ACTGC	2186155	1.2740165	5.2789927	8
GGACA	2161325	1.2619725	5.914249	6
GTGCT	2113325	1.2131104	6.065471	1
GTCCT	2076025	1.1995788	6.789475	1
GTCCA	2044255	1.1913221	6.747278	1
AGCAC	1981925	1.1648749	5.3613048	5
GTCTT	2320395	1.1490618	5.4438043	1
AGGAC	1961430	1.1452562	6.3323536	5
TGGAC	1895155	1.097177	6.025998	5
TGCAC	1860790	1.084405	5.4450192	5
GTGCA	1870005	1.0826167	5.883687	1
ACAGT	2089650	1.0525697	5.4792743	8
ACTGT	2087405	1.0425241	6.103722	8
GACTG	1794245	1.0387564	5.8621864	7
AGACT	1997960	1.0063848	5.0378537	6
GGACT	1637930	0.9482597	5.1812553	6
GTGTA	1255800	0.62307125	5.4329515	1
>>END_MODULE
