##FastQC	0.10.1
>>Basic Statistics	pass
#Measure	Value	
Filename	018-F5_S4_L001_R1_001.fastq.gz	
File type	Conventional base calls	
Encoding	Sanger / Illumina 1.9	
Total Sequences	16465535	
Filtered Sequences	0	
Sequence length	35-75	
%GC	46	
>>END_MODULE
>>Per base sequence quality	pass
#Base	Mean	Median	Lower Quartile	Upper Quartile	10th Percentile	90th Percentile
1	31.504768171820714	32.0	32.0	32.0	32.0	32.0
2	31.55085516504626	32.0	32.0	32.0	32.0	32.0
3	31.636932052314123	32.0	32.0	32.0	32.0	32.0
4	31.708151056130273	32.0	32.0	32.0	32.0	32.0
5	31.69630582911518	32.0	32.0	32.0	32.0	32.0
6	35.389150671387235	36.0	36.0	36.0	36.0	36.0
7	35.40802251490766	36.0	36.0	36.0	36.0	36.0
8	35.37192869833868	36.0	36.0	36.0	36.0	36.0
9	35.446392297608305	36.0	36.0	36.0	36.0	36.0
10	35.371676778191535	36.0	36.0	36.0	36.0	36.0
11	35.4321591736922	36.0	36.0	36.0	36.0	36.0
12	35.38363782288277	36.0	36.0	36.0	36.0	36.0
13	35.409832052223024	36.0	36.0	36.0	36.0	36.0
14	35.38870956819806	36.0	36.0	36.0	36.0	36.0
15	35.357999907078636	36.0	36.0	36.0	36.0	36.0
16	35.37307120600697	36.0	36.0	36.0	36.0	36.0
17	35.37172524306073	36.0	36.0	36.0	36.0	36.0
18	35.36870274789128	36.0	36.0	36.0	36.0	36.0
19	35.35794749456972	36.0	36.0	36.0	36.0	36.0
20	35.35564334836372	36.0	36.0	36.0	36.0	36.0
21	35.340433335448864	36.0	36.0	36.0	36.0	36.0
22	35.330951044105156	36.0	36.0	36.0	36.0	36.0
23	35.31379083643501	36.0	36.0	36.0	36.0	36.0
24	35.31676122276015	36.0	36.0	36.0	36.0	36.0
25	35.301804283917896	36.0	36.0	36.0	36.0	36.0
26	35.26600793718516	36.0	36.0	36.0	36.0	36.0
27	35.24879392014896	36.0	36.0	36.0	36.0	36.0
28	35.24434207573577	36.0	36.0	36.0	36.0	36.0
29	35.233307936851126	36.0	36.0	36.0	36.0	36.0
30	35.208546579263896	36.0	36.0	36.0	36.0	36.0
31	35.193429062584364	36.0	36.0	36.0	36.0	36.0
32	35.180324902895656	36.0	36.0	36.0	36.0	36.0
33	35.17472508485148	36.0	36.0	36.0	36.0	36.0
34	35.161148301588746	36.0	36.0	36.0	36.0	36.0
35	35.14681296417031	36.0	36.0	36.0	36.0	36.0
36	35.144742767883486	36.0	36.0	36.0	36.0	36.0
37	35.13218317742016	36.0	36.0	36.0	36.0	36.0
38	35.11050449703009	36.0	36.0	36.0	36.0	36.0
39	35.0990627853562	36.0	36.0	36.0	36.0	36.0
40	35.10186036496043	36.0	36.0	36.0	36.0	36.0
41	35.08412456008178	36.0	36.0	36.0	36.0	36.0
42	35.07667256987415	36.0	36.0	36.0	36.0	36.0
43	35.059401842676515	36.0	36.0	36.0	36.0	36.0
44	35.047191382122335	36.0	36.0	36.0	36.0	36.0
45	35.032491817666774	36.0	36.0	36.0	36.0	36.0
46	35.0245247698267	36.0	36.0	36.0	36.0	36.0
47	35.02773659851708	36.0	36.0	36.0	36.0	36.0
48	35.00650631848772	36.0	36.0	36.0	36.0	36.0
49	34.98803284183309	36.0	36.0	36.0	36.0	36.0
50	34.98565204649298	36.0	36.0	36.0	36.0	36.0
51	34.96405934665237	36.0	36.0	36.0	36.0	36.0
52	34.947999337277906	36.0	36.0	36.0	36.0	36.0
53	34.93497463586567	36.0	36.0	36.0	36.0	36.0
54	34.9211949765075	36.0	36.0	36.0	36.0	36.0
55	34.90156826431774	36.0	36.0	36.0	36.0	36.0
56	34.888219094873456	36.0	36.0	36.0	36.0	36.0
57	34.88754555045572	36.0	36.0	36.0	36.0	36.0
58	34.87204044039869	36.0	36.0	36.0	36.0	36.0
59	34.850124129669524	36.0	36.0	36.0	36.0	36.0
60	34.830542473388846	36.0	36.0	36.0	36.0	36.0
61	34.81425242396783	36.0	36.0	36.0	36.0	36.0
62	34.79790001230984	36.0	36.0	36.0	36.0	36.0
63	34.78194876992696	36.0	36.0	36.0	36.0	36.0
64	34.76335900599473	36.0	36.0	36.0	36.0	36.0
65	34.74145484525535	36.0	36.0	36.0	36.0	36.0
66	34.7156138684302	36.0	36.0	36.0	36.0	36.0
67	34.699032240470366	36.0	36.0	36.0	32.0	36.0
68	34.66898170262415	36.0	36.0	36.0	32.0	36.0
69	34.665108026843924	36.0	36.0	36.0	32.0	36.0
70	34.64735184310441	36.0	36.0	36.0	32.0	36.0
71	34.61617113109309	36.0	36.0	36.0	32.0	36.0
72	34.60386085568589	36.0	36.0	36.0	32.0	36.0
73	34.56632874083017	36.0	36.0	36.0	32.0	36.0
74	34.53492388957958	36.0	36.0	36.0	32.0	36.0
75	33.91801341096785	36.0	36.0	36.0	32.0	36.0
>>END_MODULE
>>Per sequence quality scores	pass
#Quality	Count
2	6134.0
3	0.0
4	0.0
5	0.0
6	0.0
7	0.0
8	0.0
9	0.0
10	0.0
11	0.0
12	0.0
13	0.0
14	0.0
15	0.0
16	0.0
17	9.0
18	85.0
19	648.0
20	2554.0
21	6543.0
22	12317.0
23	20218.0
24	32547.0
25	50767.0
26	76175.0
27	109282.0
28	150739.0
29	199357.0
30	258799.0
31	336023.0
32	454619.0
33	696327.0
34	1578922.0
35	1.247347E7
>>END_MODULE
>>Per base sequence content	fail
#Base	G	A	T	C
1	43.958480688339705	17.81950459067111	11.106161893453072	27.115852827536113
2	16.441570382786104	19.92207371337511	35.46728097820814	28.16907492563065
3	18.75553065387981	21.086168324108513	28.388056163161707	31.770244858849967
4	13.10184374267326	14.950118780142729	35.218936582200044	36.729100894983965
5	14.766734220765384	35.026578427732574	34.36733207970327	15.839355271798775
6	35.06780536911691	34.7444088971381	16.023798284725295	14.163987449019697
7	31.119528590378227	29.42053602072153	20.116309214411874	19.343626174488367
8	26.780731570972723	34.21787949634376	19.675916517253576	19.325472415429942
9	24.636467633299656	15.172453724166513	19.824755469533795	40.36632317300004
10	14.419205566182718	26.950468106513025	34.654560510881474	23.97576581642278
11	34.637649892319885	22.343063680514703	23.49061469376859	19.528671733396827
12	22.321790555575504	24.020049840264367	30.949501570016324	22.70865803414381
13	28.21341994655935	20.24983930135886	25.871849364921403	25.664891387160395
14	20.498014503601595	20.433777498031517	27.05143456367684	32.01677343469005
15	22.961298044193224	29.378373792054326	22.98533954503662	24.674988618715833
16	22.98756801660036	28.275172346794392	25.43787589839995	23.299383738205297
17	21.890744830145547	27.973292867465492	27.273601623041632	22.862360679347326
18	22.306557766681912	27.490111416077294	27.889780079254482	22.313550737986308
19	22.860707482158325	26.899122110192046	27.375866186736964	22.864304220912665
20	22.833019429626837	26.84987909644337	27.551459956012973	22.765641517916812
21	22.536997754817627	26.545426575537316	27.27442126435713	23.643154405287923
22	22.611078312700712	26.658497341080768	27.478194322652875	23.25223002356564
23	22.49861340640525	26.705491894875156	27.42531760420686	23.370577094512733
24	22.705714703192132	26.353050250662463	27.7425493115326	23.198685734612805
25	22.79430527715617	26.392002317492597	27.35685060143988	23.456841803911352
26	22.289273528622996	26.879669395015675	27.524591655964343	23.30646542039699
27	22.35563686819533	26.819067718168466	27.510321015148868	23.31497439848733
28	22.42710530664619	26.695460819861765	27.42294961651	23.454484256982045
29	22.31584520293053	26.79259685631411	27.51371597223159	23.37784196852377
30	22.35722112847577	26.86682510261113	27.514060805281996	23.2618929636311
31	22.943127475455814	26.717376234044533	27.217039338140808	23.12245695235885
32	22.23096699052485	26.992602691537616	27.610475859791674	23.165954458145865
33	22.344221396635273	26.81682036910092	27.791114634123076	23.047843600140734
34	22.414197135383205	26.563696242108087	27.905307065789465	23.116799556719247
35	22.273500955248675	26.897262997624715	27.74424306605509	23.084992981071526
36	22.400188605127155	27.12435816380999	27.716538160182502	22.75891507088035
37	22.52565366249102	26.790755079990326	27.325358810968087	23.358232446550563
38	22.420613816008366	27.268210115203708	27.313753561633664	22.997422507154266
39	22.60389884761178	26.971544431238204	27.53976210524396	22.884794615906056
40	22.7152130969327	26.671283236275706	27.5409128632926	23.072590803499
41	22.67057280221326	26.841003108747774	27.578196974955134	22.910227114083835
42	22.406822721512537	27.127163857588165	27.61600589046952	22.850007530429785
43	22.497722813208227	26.87975887600629	27.558340146783355	23.06417816400213
44	22.33244851977706	27.221278400794656	27.554159938196022	22.89211314123226
45	22.4517849011483	27.14562970967384	27.4036287555752	22.998956633602663
46	22.589096449067465	26.9999907327109	27.32486408788902	23.086048730332617
47	22.59881866832012	27.10645845244379	27.430780508076086	22.863942371160007
48	22.354496070638948	27.136383095472983	27.403926009745895	23.105194824142178
49	22.706208145413324	26.868650932525707	27.411093278593277	23.014047643467688
50	22.477987485976254	27.24834160330916	27.348048363953275	22.92562254676131
51	22.5267267260286	27.18135276659935	27.38690508345397	22.905015423918083
52	22.55710471088915	27.2025787889126	27.248033813052007	22.992282687146247
53	22.409278425629626	26.951603006666602	27.57739032697435	23.06172824072942
54	22.557698761850837	27.352956906678077	27.409132147423854	22.68021218404724
55	22.585574450166096	26.90063412538688	27.388035634397667	23.12575579004936
56	22.708207208276317	27.216162312908054	27.15403672802631	22.92159375078932
57	22.523598472166803	27.124791459725934	27.25837781597812	23.093232252129145
58	22.572288691738954	27.05022153962169	27.1863029936257	23.19118677501366
59	22.487501633974837	27.1317575649952	27.28300814151085	23.097732659519103
60	22.50124857471107	27.077625232506524	27.509425272880712	22.911700919901694
61	22.785284125144674	27.0125834991345	27.263393054721437	22.93873932099939
62	22.707014298782713	27.136309136962815	27.310658270561312	22.84601829369316
63	22.672743966389312	27.332226048679374	27.15128527564249	22.84374470928882
64	22.68023516619939	26.985304625713407	27.145241867069654	23.189218341017547
65	22.61490363752639	27.22850512900996	27.238044091383383	22.918547142080264
66	22.630516361854742	27.48827944068942	27.018081583781385	22.86312261367446
67	22.78563932070634	27.062369648843283	27.076662733626954	23.075328296823425
68	22.739402620497426	27.369043813158434	27.265892322831697	22.625661243512447
69	22.98178737505037	27.19688232507302	27.1974890664577	22.623841233418915
70	23.151966664483	26.93854688716069	27.048541053946728	22.860945394409583
71	22.881048829213434	27.377566093763516	26.98214019864845	22.7592448783746
72	22.80992494188314	27.506432105830932	27.234979513489694	22.448663438796235
73	23.63850756547105	28.09740584578003	27.187775706034834	21.076310882714083
74	24.72627683355793	30.535185266927705	27.458047108246852	17.28049079126751
75	30.219377756693717	41.02585244546852	28.754769797837753	0.0
>>END_MODULE
>>Per base GC content	fail
#Base	%GC
1	71.07433351587582
2	44.61064530841675
3	50.52577551272977
4	49.830944637657225
5	30.60608949256416
6	49.231792818136604
7	50.463154764866594
8	46.10620398640267
9	65.00279080629969
10	38.3949713826055
11	54.166321625716705
12	45.03044858971931
13	53.87831133371974
14	52.514787938291654
15	47.63628666290906
16	46.286951754805656
17	44.753105509492876
18	44.620108504668224
19	45.72501170307099
20	45.59866094754365
21	46.18015216010555
22	45.86330833626636
23	45.86919050091798
24	45.90440043780494
25	46.25114708106752
26	45.59573894901999
27	45.670611266682656
28	45.88158956362823
29	45.6936871714543
30	45.61911409210687
31	46.06558442781466
32	45.39692144867071
33	45.39206499677601
34	45.53099669210245
35	45.3584939363202
36	45.1591036760075
37	45.88388610904159
38	45.41803632316263
39	45.48869346351784
40	45.7878039004317
41	45.580799916297096
42	45.25683025194232
43	45.56190097721036
44	45.22456166100932
45	45.45074153475096
46	45.67514517940008
47	45.46276103948013
48	45.459690894781126
49	45.72025578888101
50	45.40361003273756
51	45.43174214994668
52	45.54938739803539
53	45.471006666359045
54	45.23791094589807
55	45.71133024021546
56	45.62980095906563
57	45.61683072429595
58	45.76347546675261
59	45.58523429349394
60	45.41294949461276
61	45.724023446144066
62	45.55303259247587
63	45.51648867567813
64	45.86945350721694
65	45.53345077960665
66	45.4936389755292
67	45.86096761752977
68	45.36506386400987
69	45.60562860846928
70	46.01291205889258
71	45.64029370758803
72	45.25858838067937
73	44.714818448185135
74	42.00676762482544
75	30.219377756693717
>>END_MODULE
>>Per sequence GC content	warn
#GC Content	Count
0	6135.0
1	3069.5
2	8.0
3	10.0
4	8.0
5	25.5
6	55.0
7	104.5
8	144.0
9	190.0
10	343.0
11	619.0
12	788.0
13	1043.0
14	1805.0
15	3152.5
16	4276.0
17	6502.5
18	11535.0
19	18629.0
20	23991.0
21	33254.0
22	51593.0
23	73798.0
24	89369.0
25	110840.5
26	148600.5
27	188586.5
28	215496.0
29	249632.5
30	305455.0
31	361642.0
32	399275.5
33	441716.5
34	514202.0
35	584899.5
36	625182.5
37	665106.0
38	709582.0
39	732295.5
40	745612.0
41	749344.5
42	746547.5
43	742019.0
44	742476.0
45	737335.0
46	719222.0
47	698591.5
48	688517.0
49	674039.5
50	644434.5
51	615225.0
52	599254.5
53	585601.0
54	561360.0
55	535793.0
56	519445.5
57	503016.0
58	473334.5
59	436711.5
60	406329.0
61	376077.5
62	335593.0
63	292804.0
64	259491.5
65	233230.5
66	199157.5
67	164311.0
68	139540.5
69	120704.0
70	97981.5
71	76644.5
72	62870.0
73	53431.5
74	42696.5
75	33185.0
76	27178.0
77	22779.5
78	17838.5
79	13660.0
80	10985.5
81	9052.5
82	6947.5
83	4827.0
84	3473.0
85	2779.5
86	2035.5
87	1325.5
88	982.5
89	792.5
90	516.0
91	326.0
92	251.0
93	291.0
94	309.0
95	221.0
96	158.5
97	101.0
98	35.0
99	61.0
100	96.0
>>END_MODULE
>>Per base N content	pass
#Base	N-Count
1	0.04412853879330371
2	0.03725357238619942
3	0.03725357238619942
4	0.03725357238619942
5	0.03725357238619942
6	0.08255425651216314
7	0.03725357238619942
8	0.03725357238619942
9	0.03725357238619942
10	0.03729001213747382
11	0.037265718969957555
12	0.03736289164002263
13	0.037381111515659836
14	0.03750257735324118
15	0.03945210404642181
16	0.03725357238619942
17	0.039846868018561195
18	0.03735681834814356
19	0.03753294381263651
20	0.03725964567807848
21	0.03821922579497113
22	0.03889336119354762
23	0.03725357238619942
24	0.0373507450562645
25	0.03866864939402212
26	0.03945817733830088
27	0.0373871848075389
28	0.03750257735324118
29	0.0380005872873247
30	0.038304251881278076
31	0.03914236616058938
32	0.03747221089384584
33	0.03725357238619942
34	0.03911199970119404
35	0.03929419845756606
36	0.001889661280342127
37	0.0
38	6.260437227720365E-4
39	0.0017630529754862683
40	0.002870323584591446
41	2.4332180494898302E-4
42	6.937075069922978E-4
43	9.740012879949533E-5
44	0.001004883122957499
45	0.001687832821438621
46	0.0032861215017514294
47	4.4532775238020054E-4
48	5.921216806391105E-4
49	0.0
50	6.969032188492515E-4
51	4.28246555490598E-5
52	6.122709632087603E-5
53	6.495532268731935E-4
54	1.1039995819521582E-4
55	6.016508439657213E-4
56	7.497541328813831E-4
57	7.567006302208883E-4
58	0.0014411677449660287
59	6.165942404795228E-6
60	1.2346843578826447E-5
61	4.944980906192476E-5
62	0.0
63	9.667267524525114E-4
64	0.0015885498320946266
65	0.0
66	8.153257845783554E-4
67	1.2466709988483875E-5
68	1.3736862408214346E-4
69	0.001175938545951988
70	0.0
71	0.0
72	8.230049900058706E-5
73	2.0789572366292517E-4
74	5.34187133062641E-4
75	0.0
>>END_MODULE
>>Sequence Length Distribution	warn
#Length	Count
35	7559.0
36	2236.0
37	3215.0
38	3785.0
39	4601.0
40	5004.0
41	5696.0
42	6356.0
43	7263.0
44	8242.0
45	9263.0
46	9894.0
47	10653.0
48	11549.0
49	12137.0
50	12358.0
51	13086.0
52	13729.0
53	14555.0
54	15837.0
55	16516.0
56	17224.0
57	17944.0
58	18712.0
59	19649.0
60	20452.0
61	20211.0
62	20881.0
63	21601.0
64	23430.0
65	24700.0
66	24472.0
67	27423.0
68	28072.0
69	35475.0
70	45867.0
71	110115.0
72	403441.0
73	1165108.0
74	3603084.0
75	1.062414E7
>>END_MODULE
>>Sequence Duplication Levels	warn
#Total Duplicate Percentage	37.53803636791274
#Duplication Level	Relative count
1	100.0
2	26.3781349776031
3	10.994485106650036
4	5.724349470083861
5	3.313642889082394
6	2.062397527319511
7	1.4042189326367152
8	1.0237462050787225
9	0.7664368140704306
10++	5.228558204482518
>>END_MODULE
>>Overrepresented sequences	pass
>>END_MODULE
>>Kmer Content	warn
#Sequence	Count	Obs/Exp Overall	Obs/Exp Max	Max Obs/Exp Position
AAAAA	4765390	3.0631402	6.8614845	71
CCTGG	2631785	2.945299	11.998484	3
CCAGG	2531965	2.8720708	13.587053	3
CAGCA	2805390	2.7521374	7.09474	4
CCCAG	2377855	2.680009	11.949895	2
TGCTG	2770110	2.6622174	6.7006965	2
CTGGG	2302320	2.5931714	10.333265	4
CCAGC	2265955	2.5538895	6.780261	3
AGCAG	2535815	2.5036929	5.772832	7
GGAGG	2175290	2.499354	5.6453996	6
GCTGG	2192145	2.469078	6.112581	3
TCCAG	2534090	2.4526775	9.617864	2
CTGCT	2563575	2.447969	6.781147	9
GCTGC	2140130	2.395075	5.862409	8
AGGAG	2394630	2.3795152	7.586426	5
CAGGA	2377360	2.347245	10.586871	4
CTCCT	2460345	2.334368	6.5778084	1
CTGGA	2376200	2.314664	8.815976	4
CTCCA	2384090	2.292738	7.119448	1
CAGCC	2024350	2.281584	5.2935095	9
TCCTG	2360925	2.2544577	8.944091	2
GGCTG	1975980	2.225605	8.525446	7
GGCAG	1938585	2.21314	6.3785553	7
CCTGC	1971395	2.1921287	6.1923003	3
CAGAG	2218860	2.1907527	8.374029	4
GCAGG	1899210	2.1681883	6.488549	3
CTGCC	1931295	2.1475384	5.7214155	9
CTGCA	2203440	2.13265	6.236956	4
CCCTG	1912405	2.1265335	9.086218	2
CTCTG	2224825	2.1244953	7.6219497	2
TGCAG	2180660	2.124188	6.4312434	2
TGGAG	2132755	2.0908966	6.2646546	5
AGCTG	2139800	2.084386	6.1345124	7
CAGGG	1801190	2.056286	9.562367	4
GCCTG	1833580	2.052007	7.0078635	7
CAGAA	2400600	2.049853	5.5407286	4
GGAGA	2050300	2.0373585	5.577113	6
CACAG	2056850	2.0178065	7.132384	7
GCCAG	1775635	2.014147	5.6035933	2
CTGGC	1791085	2.0044496	5.602557	4
CAGGC	1728995	1.9612418	6.0960064	4
CTGTG	2031280	1.9521637	9.120356	9
TTCTG	2377645	1.9497299	5.140692	2
CTCAG	2011370	1.9467508	6.449407	2
GGGAG	1684485	1.9354314	5.3376837	7
CTGAG	1967965	1.9170009	5.9606395	4
CCCCA	1703240	1.9073927	6.889059	1
CCAGA	1932465	1.8957824	7.183003	3
CCTCT	1953475	1.8534514	5.6069584	1
GGCCA	1604720	1.8202739	6.3496585	1
AGAGG	1829475	1.8179274	5.2925477	5
TCTGG	1887580	1.8140607	6.4843597	3
CAGTG	1847360	1.7995193	6.722512	9
TGGGG	1570480	1.7802646	5.795955	5
ACCTG	1832665	1.773787	5.417234	7
CACTG	1821040	1.7625356	7.4036098	7
GAGAG	1747045	1.7360176	5.6500416	7
CCTGA	1774995	1.7179698	5.6090937	3
TGGCC	1526925	1.7088214	5.6139193	5
ACAGA	1985165	1.6951165	5.9580407	8
TCAGG	1696865	1.6529216	5.978031	3
GCCCA	1464370	1.6504475	8.041313	1
AGGTG	1605180	1.573676	5.091655	7
ACACA	1851705	1.5710433	6.636948	6
CCTGT	1641200	1.5671891	5.6771274	8
GGCCT	1392345	1.5582094	5.170421	6
GTGTG	1591930	1.5397742	6.7002354	1
GGGCC	1166150	1.5295104	5.2822456	6
TGGGC	1353735	1.524752	6.231662	5
TGTGT	1846395	1.5238374	6.3353148	10
CACAC	1555560	1.5162718	7.0094385	5
AGCCT	1562470	1.5122726	5.057134	6
ACAGC	1516455	1.4876693	5.6957507	8
GCTGT	1526310	1.4668618	5.481963	8
CTGTC	1510225	1.4421204	5.9100294	9
AGGCT	1478490	1.4402019	5.1312904	6
GACAG	1447960	1.4296181	7.2370286	7
GCCCT	1272915	1.415441	6.0626335	1
AGACA	1652405	1.4109755	5.9404073	6
GGGCT	1248775	1.4065324	6.176859	6
AGAGC	1378800	1.3613342	5.231046	5
AGGGC	1169415	1.3350351	5.845889	5
GTCCT	1372990	1.3110743	8.761481	1
GGACA	1317645	1.3009539	6.3851724	6
AGGAC	1265680	1.2496471	9.45107	5
GTGCT	1253450	1.2046294	5.663567	1
ACTGC	1237675	1.1979122	5.112085	8
GTCCA	1236920	1.1971816	6.8804264	1
AGCAC	1189665	1.1670825	5.654018	5
TGTGC	1214145	1.1668553	6.054361	10
GTCTT	1401370	1.1491593	5.168813	1
TGGAC	1129075	1.0998356	6.1543374	5
ACAGT	1273690	1.0730209	5.6176095	8
GTGCA	1084845	1.056751	5.5734515	1
ACTGT	1265205	1.0515908	6.3674645	8
GACTG	1069735	1.0420324	6.379252	7
TGCAC	1043470	1.0099465	5.1852093	5
AGACT	1186635	0.99968135	5.500999	6
GGACC	877285	0.9951261	5.7525134	6
ACACT	1156370	0.96795386	5.058194	6
GGACT	966500	0.9414708	5.525848	6
TGTAG	1109330	0.9279687	5.6815653	2
CTACA	1095400	0.91691816	5.1584096	4
TAGGA	961905	0.81557363	5.86499	4
TCCTA	958640	0.7916896	5.221996	2
GTGTA	778825	0.65149695	5.7150564	1
>>END_MODULE
