##FastQC	0.10.1
>>Basic Statistics	pass
#Measure	Value	
Filename	040-F5_S4_L001_R2_001.fastq.gz	
File type	Conventional base calls	
Encoding	Sanger / Illumina 1.9	
Total Sequences	18865477	
Filtered Sequences	0	
Sequence length	35-76	
%GC	44	
>>END_MODULE
>>Per base sequence quality	pass
#Base	Mean	Median	Lower Quartile	Upper Quartile	10th Percentile	90th Percentile
1	31.315602992704612	32.0	32.0	32.0	32.0	32.0
2	31.091805258886378	32.0	32.0	32.0	32.0	32.0
3	31.154404948255483	32.0	32.0	32.0	32.0	32.0
4	31.23091353587296	32.0	32.0	32.0	32.0	32.0
5	31.223970960288998	32.0	32.0	32.0	32.0	32.0
6	34.902944940114686	36.0	36.0	36.0	36.0	36.0
7	34.894636748384364	36.0	36.0	36.0	36.0	36.0
8	34.82945456401659	36.0	36.0	36.0	36.0	36.0
9	34.92374595140107	36.0	36.0	36.0	36.0	36.0
10-14	34.827870941190625	36.0	36.0	36.0	33.6	36.0
15-19	34.75112212641111	36.0	36.0	36.0	32.0	36.0
20-24	34.68587877210844	36.0	36.0	36.0	32.0	36.0
25-29	34.61790489580518	36.0	36.0	36.0	32.0	36.0
30-34	34.550572105863	36.0	36.0	36.0	32.0	36.0
35-39	34.497581585887474	36.0	36.0	36.0	32.0	36.0
40-44	34.43485518051041	36.0	36.0	36.0	32.0	36.0
45-49	34.3307506756701	36.0	36.0	36.0	32.0	36.0
50-54	34.20296403739002	36.0	36.0	36.0	32.0	36.0
55-59	34.0509807952922	36.0	36.0	36.0	32.0	36.0
60-64	33.912915480524234	36.0	36.0	36.0	32.0	36.0
65-69	33.757986656812875	36.0	36.0	36.0	28.0	36.0
70-74	33.63963548787184	36.0	36.0	36.0	27.0	36.0
75-76	33.033197322436834	36.0	34.0	36.0	20.5	36.0
>>END_MODULE
>>Per sequence quality scores	pass
#Quality	Count
2	16390.0
3	0.0
4	0.0
5	0.0
6	0.0
7	0.0
8	0.0
9	0.0
10	0.0
11	0.0
12	0.0
13	1.0
14	939.0
15	3153.0
16	5519.0
17	8006.0
18	11104.0
19	14770.0
20	20218.0
21	28673.0
22	41424.0
23	60738.0
24	89550.0
25	128643.0
26	178087.0
27	238282.0
28	309640.0
29	393670.0
30	497199.0
31	639879.0
32	861887.0
33	1308948.0
34	2759258.0
35	1.1249499E7
>>END_MODULE
>>Per base sequence content	fail
#Base	G	A	T	C
1	44.49953384391161	18.204992406063905	11.392889937757834	25.902583812266656
2	16.649518237167328	19.826252172579014	37.278959278484415	26.245270311769243
3	20.253586154804296	21.38792559966082	28.88211400246568	29.476374243069202
4	13.602353280274123	14.757588190172655	36.71051112328944	34.92954740626379
5	15.06937231369895	34.682342298006766	35.338551257756826	14.909734130537453
6	33.93812484797007	35.3381291452609	16.778994842455216	13.944751164313812
7	30.010190944526915	29.899151083551157	21.020020757504064	19.070637214417864
8	26.151929799040136	34.806614240785244	20.490387677663115	18.55106828251151
9	24.84729366467458	15.815216938624136	20.686975448731285	38.65051394797
10-14	23.660816038463825	23.470928857190803	29.005046239109618	23.863208865235755
15-19	21.860153757049346	28.827966044190894	27.055269043004575	22.25661115575518
20-24	21.98251087705203	27.578593063950525	28.237352822447047	22.201543236550396
25-29	21.557104596100597	27.78477705577994	28.284286660674862	22.373831687444596
30-34	21.62623685698941	27.84945074528013	28.46528959201048	22.05902280571998
35-39	21.57322579184594	28.149014694318105	28.356514310562954	21.921245203273003
40-44	21.783615303244055	28.052469034823496	28.395004448887512	21.768911213044934
45-49	21.73689635146556	28.194941704118886	28.16045579674123	21.90770614767433
50-54	21.67041152519545	28.409607652392832	28.183367994896617	21.736612827515092
55-59	21.72568413214852	28.214885800159493	27.987382155948133	22.072047911743848
60-64	21.875632243062608	28.186928295645913	28.11866763417491	21.81877182711657
65-69	22.010313651047287	28.44225302861778	27.918162081828452	21.62927123850648
70-74	22.30833232226048	28.683881655874004	27.883571904972033	21.124214116893487
75-76	25.83185494487989	35.879055218095246	29.105242634774736	9.18384720225013
>>END_MODULE
>>Per base GC content	fail
#Base	%GC
1	70.40211765617826
2	42.89478854893657
3	49.729960397873505
4	48.5319006865379
5	29.979106444236404
6	47.88287601228389
7	49.080828158944776
8	44.70299808155164
9	63.497807612644586
10-14	47.52402490369958
15-19	44.11676491280453
20-24	44.18405411360243
25-29	43.93093628354519
30-34	43.68525966270939
35-39	43.49447099511894
40-44	43.552526516288985
45-49	43.64460249913989
50-54	43.40702435271054
55-59	43.79773204389237
60-64	43.694404070179175
65-69	43.63958488955377
70-74	43.43254643915397
75-76	35.01570214713002
>>END_MODULE
>>Per sequence GC content	fail
#GC Content	Count
0	16420.0
1	8249.0
2	121.5
3	241.5
4	318.5
5	435.5
6	751.0
7	1249.5
8	1552.5
9	1811.5
10	2718.5
11	4314.5
12	5270.0
13	6356.5
14	9169.5
15	13517.5
16	20097.0
17	25078.0
18	33315.0
19	49555.0
20	69892.5
21	84567.0
22	105112.0
23	141796.5
24	179983.0
25	205073.0
26	237021.5
27	289308.5
28	342021.5
29	377769.5
30	421382.0
31	491212.5
32	560113.5
33	606942.5
34	666512.0
35	756416.0
36	829489.5
37	868195.0
38	888008.5
39	891184.0
40	868275.0
41	839647.5
42	829237.0
43	819441.5
44	794497.5
45	766430.0
46	749601.0
47	732157.0
48	700812.0
49	668485.5
50	648484.0
51	629174.5
52	600247.5
53	574043.5
54	559828.5
55	545008.5
56	521681.0
57	498617.0
58	478604.0
59	451515.0
60	413452.0
61	370806.5
62	336592.5
63	304204.5
64	262476.5
65	225394.5
66	187916.5
67	160277.0
68	138993.5
69	113142.5
70	88816.5
71	72574.0
72	60649.5
73	47731.5
74	36880.0
75	30016.5
76	25464.5
77	20351.5
78	15359.0
79	12308.0
80	10462.5
81	8344.5
82	6132.5
83	4757.0
84	3917.0
85	3000.5
86	2145.0
87	1691.5
88	1486.5
89	1267.0
90	1062.5
91	924.0
92	898.5
93	897.5
94	915.5
95	976.5
96	1018.5
97	1102.5
98	1502.5
99	7872.0
100	13928.0
>>END_MODULE
>>Per base N content	pass
#Base	N-Count
1	0.43502213063576395
2	0.3183698986248797
3	0.18109799185040484
4	0.10396238589673613
5	0.08800731622105287
6	0.08688887113747508
7	0.08687826976227529
8	0.08687826976227529
9	0.08687826976227529
10-14	0.08687826976227529
15-19	0.08687826976227529
20-24	0.08687826976227529
25-29	0.08687826976227529
30-34	0.08687826976227529
35-39	0.017400809176908602
40-44	0.0
45-49	0.0
50-54	0.0
55-59	0.0
60-64	0.0
65-69	0.0
70-74	0.0
75-76	0.0
>>END_MODULE
>>Sequence Length Distribution	warn
#Length	Count
35	21226.0
36	6977.0
37	9649.0
38	11230.0
39	12693.0
40	13810.0
41	15219.0
42	16717.0
43	19140.0
44	21468.0
45	23160.0
46	23728.0
47	24723.0
48	25194.0
49	26007.0
50	26703.0
51	27883.0
52	29534.0
53	31621.0
54	34310.0
55	35860.0
56	36108.0
57	36777.0
58	37040.0
59	37820.0
60	39967.0
61	39597.0
62	41024.0
63	42142.0
64	46362.0
65	47763.0
66	49124.0
67	52104.0
68	48873.0
69	55668.0
70	57002.0
71	70862.0
72	139804.0
73	435337.0
74	1237708.0
75	3792790.0
76	1.2064753E7
>>END_MODULE
>>Sequence Duplication Levels	warn
#Total Duplicate Percentage	33.13969761400856
#Duplication Level	Relative count
1	100.0
2	21.348570421345634
3	9.046776195477346
4	4.631350112735846
5	2.761477390403866
6	1.7207823206692177
7	1.2044741809208352
8	0.8490074104539546
9	0.6367555578404659
10++	4.687901644401031
>>END_MODULE
>>Overrepresented sequences	pass
>>END_MODULE
>>Kmer Content	warn
#Sequence	Count	Obs/Exp Overall	Obs/Exp Max	Max Obs/Exp Position
AAAAA	9525615	4.4460406	8.820096	72
GGGGG	2696765	3.6041396	6.609526	72
TTTTT	7810600	3.5127711	5.957488	72
CCTGG	2831510	3.1216767	12.463846	3
CCAGG	2664895	2.9598722	12.598585	3
CCCAG	2470560	2.7790298	11.036306	2
CTGGG	2502740	2.7244608	10.971134	4
CCAGC	2380685	2.6779335	6.5642476	3
TTTCT	4583370	2.595697	5.4122257	16
AGAAA	4484950	2.5835304	5.2524495	48
GCTGG	2312790	2.517683	7.140494	3
GGAGG	2321445	2.5138612	5.775477	6
CAGCA	2776895	2.49906	6.5753026	4
TGCTG	2823740	2.4722419	7.666446	2
GAAAA	4286175	2.4690273	5.2472034	24
TCCAG	2744525	2.4516668	8.966187	2
CAGCC	2131025	2.3971012	5.722401	9
GCTGC	2138575	2.3577316	5.813956	8
CTCCA	2550595	2.3074949	6.2864046	1
CTGCT	2590105	2.296617	6.4847937	9
GGCTG	2099810	2.2858348	8.22864	7
CTGGA	2575085	2.271333	8.697762	4
CTCCT	2528585	2.2706687	6.0279064	1
CAGGA	2548130	2.2642992	9.353544	4
AGCAG	2518900	2.238325	5.289537	7
CTGCC	1994065	2.2264562	5.8043585	9
AGGAG	2535235	2.2244644	6.7662773	5
CCTGC	1990065	2.22199	6.3433037	3
GGCAG	2024580	2.220357	6.4374256	7
TCCTG	2497760	2.214736	8.553063	2
GCCTG	1973085	2.1752822	7.418006	7
GCAGG	1975245	2.1662512	6.707685	3
CTGCA	2410775	2.15353	6.576405	4
CCCTG	1927115	2.1517038	8.832114	2
CAGAG	2415680	2.1466026	7.4271793	4
CTCTG	2377380	2.1079965	7.2499447	2
TGCAG	2368685	2.0892797	6.842649	2
GCCAG	1838955	2.0425086	5.4113984	2
CAGGG	1859160	2.0389407	9.065583	4
CTGGC	1844440	2.0334542	5.7730274	4
GAGAA	2836085	2.01628	5.0702634	47
TGGAG	2313015	2.014479	6.2297473	5
AGCTG	2271960	2.0039642	5.690319	7
CCCCA	1755730	2.000141	6.642839	1
CAGGC	1788605	1.9865856	5.997181	4
CAGAA	2719215	1.9578533	5.168022	4
GGGAG	1803390	1.9528663	5.329243	7
GGAGA	2211785	1.9406631	5.2328005	6
CACAG	2129090	1.9160694	6.797931	7
TTCTG	2689265	1.8936567	5.1203403	2
CTGTG	2155330	1.8870353	8.372923	9
CTCAG	2107460	1.8825808	5.830292	2
CTGAG	2111960	1.8628373	5.764019	4
GGCCA	1670095	1.8549576	6.4361153	1
CCAGA	2050575	1.8454101	6.434532	3
CAGTG	2084490	1.8386077	7.6418715	7
TGGGG	1698010	1.8251566	6.2238526	5
CCTCT	2021170	1.8150102	5.556897	1
CACTG	2022715	1.8068786	7.19915	7
TCTGG	2037230	1.7836365	6.212038	3
ACCTG	1987495	1.7754167	5.3318768	7
CATTT	3106245	1.7722613	5.183872	14
TGGCC	1592035	1.7551832	5.8392563	5
CCTGA	1883410	1.6824381	5.363771	3
GCCCA	1486315	1.6718937	6.964295	1
GAGAG	1866805	1.6379709	5.1419454	7
ACAGA	2272355	1.6361113	5.706504	8
GGGCC	1182505	1.6209569	5.339697	6
TCAGG	1825400	1.6100793	5.6040573	3
TGGGC	1473240	1.6037562	6.5064535	5
GTGTG	1853210	1.6020863	7.954458	9
GGCCT	1441545	1.5892712	5.149581	6
CCTGT	1776500	1.5752026	5.5329204	8
AGGTG	1767700	1.5395465	5.0566883	7
AGCCT	1721335	1.5376576	5.0339303	6
CACAC	1620840	1.4772785	6.2558613	5
ACACA	2014470	1.4689345	5.955992	6
TGTGT	2107555	1.4653509	6.283655	10
CTGTC	1635525	1.4502017	5.8380322	9
CCTTG	1619670	1.4361433	5.018711	2
AGTGG	1643230	1.4311415	5.3232493	8
ACAGC	1568920	1.4119458	5.2251554	8
GCCCT	1264455	1.4118165	5.874915	1
GGGCT	1292805	1.4073364	5.85728	6
GTCCT	1585045	1.4054416	11.617206	1
GACAG	1575570	1.4000705	6.5470576	7
ATGGC	1497855	1.3211709	6.0037727	17
AGGGC	1201810	1.318025	5.4760804	5
AGGAC	1466375	1.3030385	11.103418	5
GGACA	1445895	1.2848399	6.145828	6
GTCCA	1329685	1.1877991	6.8689895	1
TGTGC	1353275	1.1848199	6.5668535	10
GTGCT	1347040	1.179361	6.501475	1
TACAG	1560915	1.1155599	5.6457443	5
AGCAC	1239350	1.11535	5.13741	5
GTCTT	1582500	1.1143237	5.2525787	1
GTGCA	1249890	1.1024554	6.1312203	1
TGGAC	1241835	1.0953506	5.860622	5
CTGTA	1533955	1.0881864	5.7665915	1
TGCAC	1199370	1.0713896	5.4417367	5
ACAGT	1465705	1.0475149	5.1797624	8
GGACC	932170	1.0353519	6.289917	6
ACTGT	1434020	1.0172925	5.729367	8
GACTG	1140415	1.005894	5.633158	7
CTACA	1314500	0.95143515	6.2689233	4
AGTGT	1356125	0.9499164	5.271108	8
TGTAG	1316605	0.92223406	6.4889164	2
GGACT	1042825	0.9198154	5.055956	6
TCCTA	1200220	0.86229634	6.831035	2
TAGGA	1215180	0.85753	7.018839	4
CCTAC	878135	0.79443896	5.8079057	3
GTAGG	879690	0.7661501	6.119609	3
GTGTA	938240	0.65720314	5.537986	1
GGACG	542010	0.59442234	5.379457	6
>>END_MODULE
