##FastQC	0.10.1
>>Basic Statistics	pass
#Measure	Value	
Filename	KS28_S3_L004_R2_001.fastq.gz	
File type	Conventional base calls	
Encoding	Sanger / Illumina 1.9	
Total Sequences	23445614	
Filtered Sequences	0	
Sequence length	35-75	
%GC	45	
>>END_MODULE
>>Per base sequence quality	pass
#Base	Mean	Median	Lower Quartile	Upper Quartile	10th Percentile	90th Percentile
1	31.499275258903435	32.0	32.0	32.0	32.0	32.0
2	31.244385239815003	32.0	32.0	32.0	32.0	32.0
3	31.28363428656635	32.0	32.0	32.0	32.0	32.0
4	31.321533358008878	32.0	32.0	32.0	32.0	32.0
5	31.28882310354508	32.0	32.0	32.0	32.0	32.0
6	35.008434029494815	36.0	36.0	36.0	36.0	36.0
7	34.9965814501595	36.0	36.0	36.0	36.0	36.0
8	34.94305497821469	36.0	36.0	36.0	36.0	36.0
9	35.04281986387731	36.0	36.0	36.0	36.0	36.0
10	34.87492598828933	36.0	36.0	36.0	36.0	36.0
11	35.01206852590851	36.0	36.0	36.0	36.0	36.0
12	34.91267454117431	36.0	36.0	36.0	36.0	36.0
13	34.9595832295115	36.0	36.0	36.0	36.0	36.0
14	34.90626541066487	36.0	36.0	36.0	36.0	36.0
15	34.86654906968954	36.0	36.0	36.0	36.0	36.0
16	34.872316672960665	36.0	36.0	36.0	36.0	36.0
17	34.863226657233206	36.0	36.0	36.0	36.0	36.0
18	34.85028598525933	36.0	36.0	36.0	36.0	36.0
19	34.847582494533945	36.0	36.0	36.0	36.0	36.0
20	34.824985730806624	36.0	36.0	36.0	36.0	36.0
21	34.81476377628669	36.0	36.0	36.0	36.0	36.0
22	34.807711455114806	36.0	36.0	36.0	36.0	36.0
23	34.79469584375141	36.0	36.0	36.0	36.0	36.0
24	34.78331661520999	36.0	36.0	36.0	36.0	36.0
25	34.76246951775287	36.0	36.0	36.0	32.0	36.0
26	34.74197992852736	36.0	36.0	36.0	32.0	36.0
27	34.736315542855905	36.0	36.0	36.0	32.0	36.0
28	34.731886825399414	36.0	36.0	36.0	32.0	36.0
29	34.71193840348988	36.0	36.0	36.0	32.0	36.0
30	34.68927723539251	36.0	36.0	36.0	32.0	36.0
31	34.676990758271465	36.0	36.0	36.0	32.0	36.0
32	34.664175312278026	36.0	36.0	36.0	32.0	36.0
33	34.64283690757683	36.0	36.0	36.0	32.0	36.0
34	34.62834345050635	36.0	36.0	36.0	32.0	36.0
35	34.607606821472025	36.0	36.0	36.0	32.0	36.0
36	34.605873244124794	36.0	36.0	36.0	32.0	36.0
37	34.58911353925987	36.0	36.0	36.0	32.0	36.0
38	34.57433155847164	36.0	36.0	36.0	32.0	36.0
39	34.556250984925555	36.0	36.0	36.0	32.0	36.0
40	34.54206648428459	36.0	36.0	36.0	32.0	36.0
41	34.52998012580723	36.0	36.0	36.0	32.0	36.0
42	34.51415288330372	36.0	36.0	36.0	32.0	36.0
43	34.493007413376574	36.0	36.0	36.0	32.0	36.0
44	34.472576110671156	36.0	36.0	36.0	32.0	36.0
45	34.447263317161074	36.0	36.0	36.0	32.0	36.0
46	34.42366707286712	36.0	36.0	36.0	32.0	36.0
47	34.407784713647125	36.0	36.0	36.0	32.0	36.0
48	34.38250013216205	36.0	36.0	36.0	32.0	36.0
49	34.35626369831056	36.0	36.0	36.0	32.0	36.0
50	34.34306217406647	36.0	36.0	36.0	32.0	36.0
51	34.31601169034958	36.0	36.0	36.0	32.0	36.0
52	34.29162484612772	36.0	36.0	36.0	32.0	36.0
53	34.261037864744324	36.0	36.0	36.0	32.0	36.0
54	34.223852609807835	36.0	36.0	36.0	32.0	36.0
55	34.19457462559147	36.0	36.0	36.0	32.0	36.0
56	34.17747613110419	36.0	36.0	36.0	32.0	36.0
57	34.15853871478806	36.0	36.0	36.0	32.0	36.0
58	34.12678972906708	36.0	36.0	36.0	32.0	36.0
59	34.087414159616806	36.0	36.0	36.0	32.0	36.0
60	34.07342856268953	36.0	36.0	36.0	32.0	36.0
61	34.04216233883562	36.0	36.0	36.0	32.0	36.0
62	34.02393083682097	36.0	36.0	36.0	32.0	36.0
63	33.99591190944248	36.0	36.0	36.0	32.0	36.0
64	33.96279619827973	36.0	36.0	36.0	32.0	36.0
65	33.9243539310211	36.0	36.0	36.0	32.0	36.0
66	33.906480484275534	36.0	36.0	36.0	32.0	36.0
67	33.87001048561196	36.0	36.0	36.0	32.0	36.0
68	33.84168900605432	36.0	36.0	36.0	27.0	36.0
69	33.80961314465901	36.0	36.0	36.0	27.0	36.0
70	33.7938214991946	36.0	36.0	36.0	27.0	36.0
71	33.75528575222685	36.0	36.0	36.0	27.0	36.0
72	33.73652580129784	36.0	36.0	36.0	27.0	36.0
73	33.69925246896039	36.0	36.0	36.0	27.0	36.0
74	33.652695310537354	36.0	36.0	36.0	27.0	36.0
75	32.50740425213507	36.0	32.0	36.0	14.0	36.0
>>END_MODULE
>>Per sequence quality scores	pass
#Quality	Count
2	7170.0
3	0.0
4	0.0
5	0.0
6	0.0
7	0.0
8	0.0
9	0.0
10	0.0
11	0.0
12	0.0
13	0.0
14	1886.0
15	5481.0
16	9177.0
17	13082.0
18	16715.0
19	21667.0
20	28094.0
21	37312.0
22	51531.0
23	72600.0
24	102401.0
25	143929.0
26	197321.0
27	261981.0
28	336954.0
29	430841.0
30	548859.0
31	716599.0
32	993370.0
33	1571498.0
34	3484165.0
35	1.4392981E7
>>END_MODULE
>>Per base sequence content	fail
#Base	G	A	T	C
1	44.71054911625646	18.07286036263881	11.424544780667572	25.792045740437157
2	16.992235880373148	19.68937973254076	36.49472533231815	26.823659054767944
3	19.86423894744151	21.353531523012414	28.951431318929988	29.830798210616084
4	13.579289318270831	14.704130070644936	36.50453061095624	35.212050000127995
5	15.114007748749348	34.68046808559113	35.27396516557065	14.931559000088871
6	34.35795908636256	35.29287609706515	16.52906225344993	13.820102563122363
7	30.336535991894344	29.99186720756719	20.86055285922564	18.81104394131283
8	26.680461382163422	34.48193489294768	20.13867046805667	18.698933256832238
9	24.924555572033707	15.777523456761891	20.266370924622812	39.03155004658159
10	14.300475748304795	27.581267766751072	34.986874555324576	23.13138192961956
11	34.116061629347065	22.931232124453313	23.81268568852096	19.140020557678657
12	21.959175276311004	24.459332709969996	31.28848911642769	22.293002897291306
13	27.70545263158254	20.85586824790929	26.426737201496824	25.01194191901135
14	20.454877465415365	20.739512401079185	27.561304837471294	31.24430529603416
15	22.71149484155177	29.549913808271572	23.5153152658086	24.22327608436806
16	22.650377303203236	28.946358384541227	25.500865159820336	22.902399152435205
17	21.50822810592717	28.328194482534762	27.68328819097377	22.480289220564302
18	21.915285844060296	28.143596051000657	28.102688898631666	21.83842920630738
19	22.311673078639522	27.589254645060908	27.922484956765903	22.17658731953367
20	22.343991776928537	27.45613147357393	27.99855229297645	22.20132445652109
21	22.263662212389185	27.14593596742173	27.76947991940079	22.820921900788292
22	22.138948302199584	27.042605729288173	28.0742057791891	22.744240189323147
23	22.21465725284494	27.143593661763553	27.802327663047937	22.839421422343563
24	22.20891028431751	26.98950066821842	28.085546122430312	22.71604292503376
25	22.414597999764833	27.00418167690654	27.680203515216284	22.90101680811235
26	21.967209086063903	27.284008272904124	27.884986733760996	22.86379590727098
27	21.975844471586935	27.33090131751067	27.956360925665543	22.736893285236853
28	22.143283060940394	27.205176248047863	27.954099683409016	22.697441007602723
29	21.839798751145768	27.413120939256892	28.13827146546076	22.608808844136583
30	22.03923605167647	27.479136413662953	27.911059283628216	22.570568251032363
31	22.36739776753098	27.500537151698296	27.70517957591383	22.42688550485689
32	21.845729178950617	27.556197843167407	28.0544561746505	22.54361680323148
33	21.97146704789789	27.377167187378138	28.145161854600932	22.506203910123045
34	21.984915039581978	27.143418735475784	28.30217739710025	22.569488827841987
35	21.915981282716547	27.380780908493758	28.133399128372172	22.569838680417522
36	22.045184964981807	27.756828983753245	27.966516993953856	22.231469057311095
37	22.17221720123598	27.499255529374732	27.81153204415801	22.516995225231277
38	22.01133690183787	27.796905386652515	27.853214699616153	22.338543011893464
39	22.04558731791179	27.683603251856464	28.031996316597247	22.238813113634503
40	22.05810672985935	27.447078996164286	28.007464633594942	22.487349640381417
41	22.072119566424746	27.621150550000767	28.00538636763668	22.301343515937806
42	21.977515001730215	27.65978051610422	28.05224934388732	22.31045513827824
43	22.113550693302958	27.442229884021536	27.931452710384068	22.512766712291434
44	22.02681161794574	27.74850351959803	28.000033535054097	22.224651327402135
45	22.058075470396453	27.70034640406458	27.911770060489538	22.32980806504943
46	22.1965724149726	27.804245467028178	27.739662763699503	22.259519354299716
47	21.954635166878553	27.900093488341422	27.94336489216491	22.201906452615113
48	21.935543591632506	27.767811017826165	27.90354455408952	22.393100836451808
49	22.093630640883042	27.659718788445637	27.975669376385653	22.27098119428567
50	22.03680874548926	27.775617463758138	27.924668397522566	22.26290539323003
51	22.120384374679638	27.799296245148465	27.849462559628353	22.230856820543544
52	22.09902837037426	27.73814617489282	27.84351178927496	22.31931366545796
53	22.017766199846317	27.719946690986863	27.95615462333394	22.30613248583288
54	22.16035581029859	27.947385230833792	27.828730978755672	22.063527980111942
55	22.157674903336	27.77696570969604	27.752067716678596	22.313291670289363
56	22.243285511908915	27.927021224020958	27.698710140537198	22.13098312353293
57	22.02971213189744	27.832517517083684	27.844761563076208	22.293008787942668
58	22.009385318043687	27.688491035855712	27.90642316350171	22.395700482598894
59	21.93299906001859	27.84665060215936	27.908930862030463	22.31141947579158
60	22.063561505484067	27.852905719696743	27.87334592671904	22.210186848100147
61	22.265595419438778	27.903344349924954	27.719077173882965	22.1119830567533
62	22.167108890368034	28.009467972540016	27.692013444295227	22.131409692796726
63	22.130946870732426	28.00791501904466	27.753638446673385	22.10749966354953
64	22.20574578770157	27.727067032855217	27.69541011205784	22.371777067385374
65	22.017834526803366	27.81730881401473	27.9005335262722	22.26432313290971
66	22.113962021096288	27.887831495015686	27.69430194258305	22.30390454130498
67	22.121875181890147	27.84542173431917	27.73089102531946	22.301812058471228
68	22.163165437440576	28.049359781207833	27.77703798164867	22.01043679970292
69	22.41065822299168	27.994042398735658	27.643294409397594	21.952004968875066
70	22.402915216475417	27.820944621995984	27.631428327419137	22.144711834109465
71	22.263452746061624	28.06295010561225	27.579543099840325	22.0940540484858
72	22.27265932680713	28.21908803989162	27.77755840894578	21.730694224355464
73	22.913874129756344	28.772210535306186	27.829111619474922	20.48480371546255
74	24.104884555667073	31.148031729575585	27.955354090152092	16.79172962460525
75	29.260338633757836	41.4213716670343	29.31828969920786	0.0
>>END_MODULE
>>Per base GC content	fail
#Base	%GC
1	70.5025948566936
2	43.815894935141095
3	49.695037158057595
4	48.791339318398826
5	30.04556674883822
6	48.178061649484924
7	49.14757993320717
8	45.37939463899566
9	63.9561056186153
10	37.43185767792435
11	53.25608218702572
12	44.25217817360231
13	52.71739455059389
14	51.69918276144953
15	46.93477092591983
16	45.55277645563844
17	43.98851732649147
18	43.753715050367674
19	44.48826039817319
20	44.545316233449626
21	45.08458411317748
22	44.88318849152273
23	45.05407867518851
24	44.92495320935127
25	45.31561480787718
26	44.831004993334886
27	44.71273775682379
28	44.84072406854311
29	44.44860759528235
30	44.60980430270883
31	44.79428327238787
32	44.38934598218209
33	44.47767095802093
34	44.554403867423964
35	44.48581996313407
36	44.2766540222929
37	44.68921242646726
38	44.349879913731336
39	44.28440043154629
40	44.54545637024077
41	44.373463082362555
42	44.287970140008454
43	44.62631740559439
44	44.25146294534787
45	44.38788353544588
46	44.45609176927232
47	44.156541619493666
48	44.32864442808431
49	44.364611835168716
50	44.299714138719295
51	44.35124119522318
52	44.41834203583222
53	44.3238986856792
54	44.22388379041053
55	44.47096657362536
56	44.374268635441844
57	44.32272091984011
58	44.40508580064258
59	44.244418535810176
60	44.27374835358421
61	44.377578476192085
62	44.29851858316476
63	44.238446534281955
64	44.57752285508694
65	44.28215765971307
66	44.41786656240127
67	44.423687240361375
68	44.17360223714349
69	44.362663191866744
70	44.54762705058488
71	44.357506794547426
72	44.0033535511626
73	43.39867784521889
74	40.89661418027232
75	29.260338633757836
>>END_MODULE
>>Per sequence GC content	warn
#GC Content	Count
0	7222.0
1	3671.5
2	165.0
3	266.0
4	323.0
5	416.5
6	659.5
7	984.0
8	1166.5
9	1481.0
10	2383.0
11	3829.5
12	4721.5
13	6073.0
14	9264.0
15	14006.5
16	17762.0
17	24923.5
18	40043.0
19	58784.5
20	71834.5
21	92476.0
22	131723.0
23	176032.0
24	205418.5
25	243060.0
26	306319.0
27	369618.5
28	410885.5
29	460101.0
30	537100.5
31	609358.0
32	656080.0
33	707432.0
34	790811.5
35	865272.5
36	907149.5
37	948247.0
38	993993.5
39	1024473.0
40	1044830.0
41	1050007.5
42	1043164.5
43	1028004.0
44	1019408.5
45	1003645.0
46	969002.0
47	930455.0
48	908126.0
49	881927.5
50	838302.5
51	797877.0
52	774466.0
53	756916.0
54	727246.0
55	697922.5
56	681245.0
57	662081.0
58	625029.5
59	578835.5
60	538978.0
61	494638.0
62	437657.5
63	384778.0
64	346318.5
65	313326.5
66	266664.0
67	219475.5
68	186861.5
69	162331.0
70	133078.0
71	104161.5
72	84096.0
73	71029.0
74	56525.0
75	43150.5
76	34772.0
77	29279.5
78	23156.0
79	17589.0
80	14059.0
81	11906.0
82	9431.5
83	6708.5
84	5024.5
85	4240.5
86	3336.5
87	2455.0
88	2085.0
89	1898.0
90	1635.0
91	1423.0
92	1304.5
93	1275.5
94	1246.5
95	1252.0
96	1261.0
97	1318.5
98	1672.5
99	9871.0
100	17774.0
>>END_MODULE
>>Per base N content	pass
#Base	N-Count
1	0.07726818329432532
2	0.06292861428154536
3	0.05721752477883497
4	0.031024992563641114
5	0.030926893192048627
6	0.03058141279644031
7	0.03058141279644031
8	0.03058141279644031
9	0.03058141279644031
10	0.03058141279644031
11	0.03058141279644031
12	0.03058141279644031
13	0.03058141279644031
14	0.03058141279644031
15	0.03058141279644031
16	0.03058141279644031
17	0.03058141279644031
18	0.03058141279644031
19	0.03058141279644031
20	0.03058141279644031
21	0.03058141279644031
22	0.03058141279644031
23	0.03058141279644031
24	0.03058141279644031
25	0.03058141279644031
26	0.03058141279644031
27	0.03058141279644031
28	0.03058141279644031
29	0.03058141279644031
30	0.03058141279644031
31	0.03058141279644031
32	0.03058141279644031
33	0.03058141279644031
34	0.03058141279644031
35	0.03058141279644031
36	0.0
37	0.0
38	0.0
39	0.0
40	0.0
41	0.0
42	0.0
43	0.0
44	0.0
45	0.0
46	0.0
47	0.0
48	0.0
49	0.0
50	0.0
51	0.0
52	0.0
53	0.0
54	0.0
55	0.0
56	0.0
57	0.0
58	0.0
59	0.0
60	0.0
61	0.0
62	0.0
63	0.0
64	0.0
65	0.0
66	0.0
67	0.0
68	0.0
69	0.0
70	0.0
71	0.0
72	0.0
73	0.0
74	0.0
75	0.0
>>END_MODULE
>>Sequence Length Distribution	warn
#Length	Count
35	9367.0
36	3489.0
37	5017.0
38	5920.0
39	6874.0
40	7707.0
41	8439.0
42	9459.0
43	10820.0
44	12168.0
45	13352.0
46	14263.0
47	15100.0
48	15564.0
49	16708.0
50	16785.0
51	17469.0
52	18266.0
53	19283.0
54	20907.0
55	21946.0
56	22600.0
57	23515.0
58	23756.0
59	24882.0
60	25220.0
61	25408.0
62	26458.0
63	27274.0
64	30087.0
65	31631.0
66	31188.0
67	33051.0
68	34404.0
69	42942.0
70	58654.0
71	150904.0
72	552942.0
73	1611270.0
74	5004777.0
75	1.5395748E7
>>END_MODULE
>>Sequence Duplication Levels	warn
#Total Duplicate Percentage	35.42703888098624
#Duplication Level	Relative count
1	100.0
2	22.61104354543855
3	10.34978621201343
4	5.700758010356671
5	3.4037801081560692
6	2.254908709852605
7	1.5687984273771005
8	1.128984143738957
9	0.8360295861156367
10++	5.1247925223922834
>>END_MODULE
>>Overrepresented sequences	pass
>>END_MODULE
>>Kmer Content	warn
#Sequence	Count	Obs/Exp Overall	Obs/Exp Max	Max Obs/Exp Position
AAAAA	9520830	3.8534496	8.015481	71
GGGGG	3180670	3.2228127	5.3328753	71
TTTTT	8064410	3.1029367	5.492349	71
CCTGG	3636365	3.0828412	12.19053	3
CCAGG	3398170	2.9102056	12.345417	3
CCCAG	3303470	2.850914	11.338056	2
CTGGG	3319315	2.792524	11.268343	4
CCAGC	3083710	2.6612601	6.355414	3
GGAGG	3028785	2.5543275	5.8064756	6
GCTGG	3026280	2.545995	7.15941	3
CAGCA	3392805	2.4184055	6.539358	4
CAGCC	2792810	2.4102116	5.710018	9
TCCAG	3377770	2.3834467	8.466837	2
TGCTG	3427335	2.3757558	7.5302296	2
GGCTG	2768115	2.3288019	8.449572	7
CTCCA	3270830	2.3257797	6.363	1
CAGGA	3263110	2.3081646	9.781925	4
CTCCT	3247945	2.2862532	6.1531863	1
AGGAG	3227695	2.2656474	6.954362	5
TCCTG	3227195	2.2542686	8.838435	2
GGCAG	2648975	2.251237	6.484216	7
CTGGA	3212515	2.2494965	8.681303	4
CTGCC	2631600	2.24822	5.8164635	9
CCTGC	2625950	2.2433927	6.2902265	3
GCCTG	2602780	2.2065873	7.3661366	7
CTGCA	3117130	2.199532	6.842669	4
CCCTG	2573590	2.1986609	9.144855	2
CTGCT	3145055	2.1968918	6.4931636	9
GCAGG	2582525	2.1947644	6.7836375	3
GCTGC	2572845	2.181209	5.6113615	8
CAGAG	3056695	2.1621566	7.55912	4
AGCAG	3047375	2.155564	5.510402	7
TGCAG	3064090	2.145565	6.970526	2
CTCTG	3068185	2.1431966	7.520011	2
CAGGG	2449730	2.0819082	9.285811	4
TGGAG	2977325	2.0688603	6.462419	5
CCCCA	2363310	2.055274	6.8056602	1
CTGGC	2419545	2.0512445	5.7699327	4
CAGGC	2384315	2.0419364	6.1836853	4
GCCAG	2384225	2.0418594	5.334656	2
AGCTG	2903900	2.0333953	5.7812786	7
GGGAG	2393840	2.0188463	5.6759467	7
CAGAA	3366160	1.9818075	5.3028774	4
GGAGA	2813410	1.9748442	5.539774	6
CACAG	2759295	1.966837	7.0469975	7
CTCAG	2769600	1.9543053	6.1329136	2
CTGTG	2802300	1.942495	8.879764	9
CTGAG	2733320	1.9139502	5.9311404	4
TTCTG	3341430	1.9084216	5.2553263	2
TGGGG	2250950	1.8792263	6.497016	5
GGCCA	2191910	1.87716	6.3631873	1
CCAGA	2616750	1.8652303	6.5208497	3
CCTCT	2608185	1.8359213	5.5558953	1
TCTGG	2608000	1.8078102	6.443529	3
CACTG	2539810	1.7921592	7.4195676	7
TGGCC	2096680	1.7775254	5.835518	5
CAGTG	2522345	1.7662194	6.5757203	9
ACCTG	2491415	1.7580104	5.3334007	7
AGAGG	2486595	1.7454398	5.0732703	5
CCTGA	2448080	1.7274319	5.5365186	3
GCCCA	1994240	1.7210411	7.1826315	1
ACAGA	2814165	1.6568235	5.768139	8
TCAGG	2363340	1.6548795	5.8235536	3
GGGCC	1606975	1.6534688	5.479075	6
GAGAG	2334305	1.6385415	5.388854	7
TGGGC	1932080	1.6254497	6.5821595	5
GGCCT	1909040	1.6184478	5.1345944	6
CCTGT	2305685	1.610573	5.5309052	8
AGCCT	2247440	1.585855	5.144131	6
AGGTG	2259745	1.570234	5.277658	7
AGGCT	2112265	1.4790694	5.007189	6
GTGTG	2146645	1.476625	7.74772	1
ACACA	2476365	1.4691854	6.189879	6
GCCCT	1703745	1.4555378	6.078006	1
GGGCT	1721210	1.4480457	6.0568714	6
CTGTC	2072925	1.4479849	5.8469296	9
TGTGT	2553295	1.4471307	5.524268	10
CACAC	1997810	1.4350257	6.4951715	5
ACAGC	2004035	1.4284846	5.5339136	8
GCTGT	2052380	1.422666	5.15484	8
GACAG	2005815	1.4188154	7.0552564	7
AGGGC	1596255	1.3565807	5.6691356	5
AGACA	2293890	1.3505147	5.3364406	6
ACTGC	1794515	1.2662587	5.231848	8
GGACA	1753165	1.2401032	5.877234	6
GTGCT	1754760	1.2163622	6.582017	1
GTCCT	1727170	1.2064673	7.3219023	1
GTCCA	1637430	1.1554152	6.5593095	1
TGTGC	1655655	1.1476647	5.467961	10
AGCAC	1606390	1.1450415	5.4196167	5
GTCTT	1987315	1.1350336	5.3749795	1
AGGAC	1596645	1.1293886	6.8333507	5
GTGCA	1531725	1.0725584	6.155375	1
TGCAC	1519350	1.0720948	5.624245	5
TGGAC	1504480	1.0534806	5.863688	5
ACAGT	1804625	1.0517651	5.5784273	8
GACTG	1493375	1.0457046	6.038982	7
ACTGT	1810260	1.0444264	6.295022	8
GCACT	1473560	1.0397842	5.068275	6
AGACT	1725100	1.0054166	5.1231165	6
GGACT	1350765	0.94584495	5.2376747	6
GTGTA	1111245	0.6362261	5.785469	1
>>END_MODULE
