##FastQC	0.10.1
>>Basic Statistics	pass
#Measure	Value	
Filename	KS26_S5_L003_R2_001_trimmed.fq.gz	
File type	Conventional base calls	
Encoding	Sanger / Illumina 1.9	
Total Sequences	20548904	
Filtered Sequences	0	
Sequence length	20-50	
%GC	45	
>>END_MODULE
>>Per base sequence quality	pass
#Base	Mean	Median	Lower Quartile	Upper Quartile	10th Percentile	90th Percentile
1	34.99519770008172	36.0	36.0	36.0	36.0	36.0
2	34.993739812108714	36.0	36.0	36.0	36.0	36.0
3	34.97645217477292	36.0	36.0	36.0	36.0	36.0
4	34.96545436194553	36.0	36.0	36.0	36.0	36.0
5	34.94703790528195	36.0	36.0	36.0	36.0	36.0
6	34.93146383865534	36.0	36.0	36.0	36.0	36.0
7	34.9251542077378	36.0	36.0	36.0	36.0	36.0
8	34.92028815746085	36.0	36.0	36.0	36.0	36.0
9	34.90570538457915	36.0	36.0	36.0	36.0	36.0
10	34.88600063536235	36.0	36.0	36.0	36.0	36.0
11	34.87801539196446	36.0	36.0	36.0	36.0	36.0
12	34.857005366320266	36.0	36.0	36.0	36.0	36.0
13	34.84373020575696	36.0	36.0	36.0	36.0	36.0
14	34.82984635092947	36.0	36.0	36.0	36.0	36.0
15	34.82404185644159	36.0	36.0	36.0	36.0	36.0
16	34.8095674591696	36.0	36.0	36.0	36.0	36.0
17	34.80110000027252	36.0	36.0	36.0	36.0	36.0
18	34.789912152979056	36.0	36.0	36.0	36.0	36.0
19	34.77855894406826	36.0	36.0	36.0	36.0	36.0
20	34.76640734707797	36.0	36.0	36.0	36.0	36.0
21	34.75687429165405	36.0	36.0	36.0	36.0	36.0
22	34.74913737877781	36.0	36.0	36.0	36.0	36.0
23	34.73719145610912	36.0	36.0	36.0	36.0	36.0
24	34.70485884093496	36.0	36.0	36.0	32.0	36.0
25	34.691055427954566	36.0	36.0	36.0	32.0	36.0
26	34.672716150650054	36.0	36.0	36.0	32.0	36.0
27	34.66297813262616	36.0	36.0	36.0	32.0	36.0
28	34.64362297842193	36.0	36.0	36.0	32.0	36.0
29	34.634519103127644	36.0	36.0	36.0	32.0	36.0
30	34.60894009654821	36.0	36.0	36.0	32.0	36.0
31	34.58851235145621	36.0	36.0	36.0	32.0	36.0
32	34.56959702639503	36.0	36.0	36.0	32.0	36.0
33	34.53860201576856	36.0	36.0	36.0	32.0	36.0
34	34.505036866041316	36.0	36.0	36.0	32.0	36.0
35	34.49147777917614	36.0	36.0	36.0	32.0	36.0
36	34.48491873869362	36.0	36.0	36.0	32.0	36.0
37	34.45390656576716	36.0	36.0	36.0	32.0	36.0
38	34.4359001249536	36.0	36.0	36.0	32.0	36.0
39	34.40556008347023	36.0	36.0	36.0	32.0	36.0
40	34.391696728852885	36.0	36.0	36.0	32.0	36.0
41	34.36681572580486	36.0	36.0	36.0	32.0	36.0
42	34.35053421998135	36.0	36.0	36.0	32.0	36.0
43	34.326418051632956	36.0	36.0	36.0	32.0	36.0
44	34.30456263137274	36.0	36.0	36.0	32.0	36.0
45	34.27940297778964	36.0	36.0	36.0	32.0	36.0
46	34.26898063584099	36.0	36.0	36.0	32.0	36.0
47	34.273033646664246	36.0	36.0	36.0	32.0	36.0
48	34.297240446790646	36.0	36.0	36.0	32.0	36.0
49	34.36486704048834	36.0	36.0	36.0	32.0	36.0
50	34.51273942466492	36.0	36.0	36.0	32.0	36.0
>>END_MODULE
>>Per sequence quality scores	pass
#Quality	Count
14	692.0
15	1540.0
16	2968.0
17	5031.0
18	7970.0
19	12886.0
20	19819.0
21	30282.0
22	43288.0
23	61913.0
24	86215.0
25	118043.0
26	156292.0
27	203402.0
28	258958.0
29	324462.0
30	407305.0
31	521777.0
32	701771.0
33	1049963.0
34	2040527.0
35	9265187.0
36	5228613.0
>>END_MODULE
>>Per base sequence content	pass
#Base	G	A	T	C
1	22.724170340176865	26.554277685690273	27.34263439528733	23.378917578845527
2	22.656989394665526	26.49030332712635	27.581728933085675	23.270978345122444
3	22.68649461791247	26.56321719153489	27.3712310885291	23.37905710202354
4	22.75674653986412	26.3833681835294	27.634826655475152	23.225058621131325
5	22.908224205047627	26.404999507516315	27.25055798596363	23.43621830147243
6	22.475685321222	26.72249575938454	27.481149359596014	23.320669559797448
7	22.540900834996158	26.75806504831189	27.444080933376767	23.256953183315183
8	22.644049531790113	26.64282727682216	27.446174258247545	23.26694893314018
9	22.417492436579586	26.796124990413112	27.58788497916969	23.198497593837608
10	22.552944916186284	26.854298409297154	27.4359060707082	23.15685060380836
11	22.891580981642623	26.859675825046438	27.253166397584998	22.995576795725942
12	22.35651594849049	26.955569017208898	27.59302393937896	23.094891094921657
13	22.522821655111144	26.76716967484008	27.65489098591341	23.055117684135368
14	22.540897466524832	26.541911827933863	27.80267098625137	23.114519719289934
15	22.450598825124686	26.778970790850938	27.699530836291803	23.07089954773257
16	22.583895471992083	27.104759455784116	27.548695541134453	22.762649531089345
17	22.70167790943984	26.84180625886422	27.33835342264483	23.11816240905111
18	22.570629557664	27.16515683756175	27.35679236225932	22.907421242514932
19	22.642925384244336	27.011216753944638	27.535707013863124	22.8101508479479
20	22.66633295868237	26.784328740841843	27.522981274329766	23.026357026146016
21	22.644395069825887	26.941206017400553	27.53843836456887	22.87596054820469
22	22.533944480605644	27.03540041900418	27.583210492211723	22.847444608178453
23	22.649351039581017	26.782734511012812	27.488592956605263	23.079321492800908
24	22.56781677119795	27.12091330061344	27.552583311916724	22.758686616271884
25	22.62619646695434	27.034719457316932	27.44102615823552	22.898057917493205
26	22.707373795358965	27.088254367481746	27.305315839359057	22.899055997800236
27	22.55631437597599	27.160093647307665	27.475554319222837	22.808037657493504
28	22.512154696376292	27.086656884719083	27.409207286343683	22.991981132560944
29	22.690427542192324	26.9688177759112	27.46363267722224	22.87712200467423
30	22.608462301439154	27.134860646853877	27.438463920499423	22.818213131207543
31	22.652918400077116	27.16392821012697	27.38804902123273	22.795104368563184
32	22.693760890820823	27.078508460153355	27.340176242627727	22.8875544063981
33	22.563153708183844	27.012335242003722	27.516467231741192	22.908043818071246
34	22.70733241004863	27.285467904959816	27.3673260518083	22.63987363318326
35	22.709694104999297	27.067804660586038	27.298230379729933	22.924270854684732
36	22.772133558477	27.252945501973443	27.24240674987262	22.732514189676937
37	22.60308165313946	27.161117426988213	27.34951413597784	22.886286783894484
38	22.59549769606865	27.009630647652312	27.392440148259194	23.002431508019843
39	22.507212398607138	27.147587796676298	27.42925578795921	22.91594401675735
40	22.665576279308418	27.160986017437455	27.415337715524473	22.75809998772965
41	22.84213928332209	27.1710027076848	27.259022322799574	22.727835686193533
42	22.73184332030747	27.296296711702066	27.261982896869085	22.709877071121376
43	22.734087726787994	27.287393587931714	27.24863235127659	22.729886334003698
44	22.75685605827889	27.049429891396855	27.211871311869196	22.98184273845506
45	22.593129912491904	27.17811644964957	27.39377913850062	22.83497449935791
46	22.68337678052998	27.294640357096654	27.16722572183205	22.85475714054131
47	22.707134014049586	27.24903807749722	27.246156603227522	22.797671305225666
48	22.697417531721552	27.59503246775529	27.361969146828823	22.345580853694333
49	22.818278827517087	27.909098070137183	27.46383999424648	21.808783108099245
50	22.683373807163864	27.730802895092115	27.596888796172447	21.988934501571574
>>END_MODULE
>>Per base GC content	pass
#Base	%GC
1	46.10308791902239
2	45.927967739787974
3	46.06555171993601
4	45.98180516099545
5	46.34444250652005
6	45.79635488101945
7	45.79785401831134
8	45.910998464930294
9	45.615990030417194
10	45.70979551999464
11	45.887157777368564
12	45.451407043412146
13	45.57793933924651
14	45.65541718581477
15	45.52149837285725
16	45.34654500308143
17	45.819840318490954
18	45.478050800178934
19	45.45307623219224
20	45.69268998482839
21	45.52035561803058
22	45.3813890887841
23	45.72867253238193
24	45.326503387469835
25	45.52425438444755
26	45.6064297931592
27	45.364352033469494
28	45.50413582893723
29	45.56754954686655
30	45.426675432646704
31	45.4480227686403
32	45.581315297218914
33	45.47119752625509
34	45.347206043231886
35	45.63396495968403
36	45.504647748153936
37	45.48936843703394
38	45.597929204088494
39	45.42315641536449
40	45.42367626703807
41	45.56997496951563
42	45.441720391428845
43	45.46397406079169
44	45.73869879673395
45	45.428104411849816
46	45.53813392107129
47	45.50480531927525
48	45.04299838541589
49	44.62706193561633
50	44.67230830873544
>>END_MODULE
>>Per sequence GC content	pass
#GC Content	Count
0	3898.0
1	3448.0
2	2829.0
3	2902.0
4	3195.5
5	3639.0
6	4185.5
7	5024.0
8	5892.5
9	7443.5
10	9101.0
11	12276.5
12	15654.0
13	21450.0
14	28223.5
15	39685.5
16	52045.5
17	70864.5
18	91166.5
19	118039.5
20	145796.5
21	180864.5
22	217572.5
23	262614.5
24	309276.0
25	354365.0
26	407354.0
27	468851.0
28	533327.0
29	601918.5
30	671316.0
31	743022.5
32	819182.5
33	896532.5
34	975167.5
35	1046045.5
36	1112016.0
37	1166280.5
38	1210528.0
39	1240283.0
40	1267924.5
41	1284935.0
42	1298852.5
43	1298252.5
44	1292111.0
45	1272500.5
46	1251401.0
47	1225286.5
48	1197513.0
49	1168751.5
50	1141173.0
51	1116126.0
52	1086818.0
53	1055412.0
54	1025997.5
55	993277.5
56	955020.0
57	909307.5
58	862058.5
59	806555.5
60	749332.5
61	686223.0
62	622702.5
63	570178.5
64	507830.5
65	448797.5
66	392498.5
67	342278.0
68	293052.0
69	248916.5
70	209834.5
71	176075.0
72	146376.0
73	121175.0
74	97781.5
75	80683.0
76	68005.0
77	55396.0
78	43957.5
79	35825.0
80	28793.5
81	23332.0
82	18632.5
83	15087.5
84	11915.0
85	9603.0
86	7597.5
87	6022.0
88	4912.5
89	3935.5
90	3075.0
91	2553.0
92	2133.5
93	1923.0
94	1741.5
95	1639.0
96	1560.5
97	1617.0
98	2269.5
99	8557.5
100	14246.0
>>END_MODULE
>>Per base N content	pass
#Base	N-Count
1	0.0010268187539345163
2	0.0
3	0.0
4	0.0
5	0.0
6	0.0
7	0.002657076017290265
8	0.0
9	0.0
10	0.0
11	0.0
12	0.0
13	0.0
14	7.299659388160069E-5
15	0.0
16	0.0
17	0.0
18	0.0
19	0.0
20	0.0
21	1.7045107002363718E-4
22	4.873841585331998E-6
23	9.267962653037233E-5
24	0.002187180466603707
25	0.0
26	0.0
27	0.0
28	0.0017202000097625025
29	0.001854546359071673
30	0.004116251994392859
31	0.0
32	0.0
33	0.0
34	0.0
35	0.0
36	0.0
37	0.0
38	0.0
39	4.976641882492428E-6
40	0.0
41	0.0
42	0.0
43	0.0
44	0.0
45	0.0
46	0.0
47	0.0
48	6.356589958376711E-4
49	0.003589293698133483
50	0.0
>>END_MODULE
>>Sequence Length Distribution	warn
#Length	Count
20	15152.0
21	16056.0
22	16966.0
23	17738.0
24	18156.0
25	19015.0
26	19820.0
27	21397.0
28	22261.0
29	24017.0
30	25096.0
31	26565.0
32	27452.0
33	28327.0
34	28751.0
35	29991.0
36	30433.0
37	32639.0
38	35201.0
39	37390.0
40	40488.0
41	44445.0
42	49583.0
43	64345.0
44	107333.0
45	207791.0
46	559158.0
47	1206511.0
48	2453478.0
49	3296236.0
50	1.2027113E7
>>END_MODULE
>>Sequence Duplication Levels	warn
#Total Duplicate Percentage	35.49758834530958
#Duplication Level	Relative count
1	100.0
2	22.72616286167745
3	10.00335734342571
4	5.483152240263704
5	3.2711207422781103
6	2.1822732267122453
7	1.4573922597973386
8	1.0575631790990112
9	0.802710291783665
10++	5.622787205469417
>>END_MODULE
>>Overrepresented sequences	pass
>>END_MODULE
>>Kmer Content	warn
#Sequence	Count	Obs/Exp Overall	Obs/Exp Max	Max Obs/Exp Position
AAAAA	4906750	3.7293203	4.561781	46
TTTTT	4548310	3.1887028	3.613821	13
>>END_MODULE
