##FastQC	0.10.1
>>Basic Statistics	pass
#Measure	Value	
Filename	030-F5_S6_L001_R2_001_trimmed.fq.gz	
File type	Conventional base calls	
Encoding	Sanger / Illumina 1.9	
Total Sequences	9882800	
Filtered Sequences	0	
Sequence length	20-51	
%GC	42	
>>END_MODULE
>>Per base sequence quality	pass
#Base	Mean	Median	Lower Quartile	Upper Quartile	10th Percentile	90th Percentile
1	34.757329299388836	36.0	36.0	36.0	32.0	36.0
2	34.7489537378071	36.0	36.0	36.0	32.0	36.0
3	34.72838547779981	36.0	36.0	36.0	32.0	36.0
4	34.730415266928404	36.0	36.0	36.0	32.0	36.0
5	34.706342534504394	36.0	36.0	36.0	32.0	36.0
6	34.70349728821791	36.0	36.0	36.0	32.0	36.0
7	34.678897174889705	36.0	36.0	36.0	32.0	36.0
8	34.654947889262154	36.0	36.0	36.0	32.0	36.0
9	34.64891872748614	36.0	36.0	36.0	32.0	36.0
10	34.625003642692356	36.0	36.0	36.0	32.0	36.0
11	34.62194185858259	36.0	36.0	36.0	32.0	36.0
12	34.60267818836767	36.0	36.0	36.0	32.0	36.0
13	34.60107267171247	36.0	36.0	36.0	32.0	36.0
14	34.589076273930466	36.0	36.0	36.0	32.0	36.0
15	34.57782258064516	36.0	36.0	36.0	32.0	36.0
16	34.554410794511675	36.0	36.0	36.0	32.0	36.0
17	34.526274132836846	36.0	36.0	36.0	32.0	36.0
18	34.52556441494313	36.0	36.0	36.0	32.0	36.0
19	34.49084712834419	36.0	36.0	36.0	32.0	36.0
20	34.49658042255231	36.0	36.0	36.0	32.0	36.0
21	34.47756151235945	36.0	36.0	36.0	32.0	36.0
22	34.47649082469779	36.0	36.0	36.0	32.0	36.0
23	34.45837706079002	36.0	36.0	36.0	32.0	36.0
24	34.433534624679304	36.0	36.0	36.0	32.0	36.0
25	34.41452805549846	36.0	36.0	36.0	32.0	36.0
26	34.36819942371194	36.0	36.0	36.0	32.0	36.0
27	34.380705922097604	36.0	36.0	36.0	32.0	36.0
28	34.35826021369223	36.0	36.0	36.0	32.0	36.0
29	34.323789093657034	36.0	36.0	36.0	32.0	36.0
30	34.31353080064012	36.0	36.0	36.0	32.0	36.0
31	34.286190384362826	36.0	36.0	36.0	32.0	36.0
32	34.260456612953014	36.0	36.0	36.0	32.0	36.0
33	34.21033201382018	36.0	36.0	36.0	32.0	36.0
34	34.196544816044145	36.0	36.0	36.0	32.0	36.0
35	34.148321118261784	36.0	36.0	36.0	32.0	36.0
36	34.11628843746056	36.0	36.0	36.0	32.0	36.0
37	34.12046049091309	36.0	36.0	36.0	32.0	36.0
38	34.07434493918101	36.0	36.0	36.0	32.0	36.0
39	34.07242998260325	36.0	36.0	36.0	32.0	36.0
40	34.05476129343646	36.0	36.0	36.0	32.0	36.0
41	34.01390108217564	36.0	36.0	36.0	32.0	36.0
42	33.99208940566369	36.0	36.0	36.0	32.0	36.0
43	33.974288730262245	36.0	36.0	36.0	32.0	36.0
44	33.94021294423817	36.0	36.0	36.0	32.0	36.0
45	33.92030468908238	36.0	36.0	36.0	32.0	36.0
46	33.900509869137245	36.0	36.0	36.0	32.0	36.0
47	33.90246097536555	36.0	36.0	36.0	32.0	36.0
48	33.896028332034064	36.0	36.0	36.0	32.0	36.0
49	33.96127013948066	36.0	36.0	36.0	32.0	36.0
50	34.02998899228044	36.0	36.0	36.0	32.0	36.0
51	34.16235325308586	36.0	36.0	36.0	32.0	36.0
>>END_MODULE
>>Per sequence quality scores	pass
#Quality	Count
14	650.0
15	1394.0
16	2634.0
17	4467.0
18	6809.0
19	10342.0
20	14665.0
21	20505.0
22	28779.0
23	39378.0
24	53340.0
25	72493.0
26	95873.0
27	123560.0
28	157125.0
29	196788.0
30	244847.0
31	309925.0
32	409295.0
33	584714.0
34	1070922.0
35	4241107.0
36	2193188.0
>>END_MODULE
>>Per base sequence content	pass
#Base	G	A	T	C
1	21.40880114947181	27.588841219087705	27.725583842635693	23.276773788804793
2	21.84471000121423	28.84139110373578	27.98998259602542	21.323916299024567
3	20.965040271987696	28.658113085360426	28.68676893188165	21.69007771077023
4	22.28543530173635	27.030942647832596	29.42464686121342	21.25897518921763
5	21.51624033674667	27.85639697251791	28.83671631521431	21.79064637552111
6	20.616778645727933	28.74709596470636	29.07501922532076	21.56110616424495
7	20.842028574897803	28.683895252357633	28.704486582749826	21.76958958999474
8	20.713026672602904	28.678168130489333	28.1129234629862	22.49588173392156
9	21.33296231837131	28.170741085522323	28.113803780305176	22.38249281580119
10	20.77649046828834	28.18422916582345	29.06073177641964	21.978548589468573
11	22.51690816367831	27.695470919172706	28.136469421621403	21.651151495527582
12	20.843920751204113	28.885154004937874	28.66473064313757	21.606194600720443
13	20.799955478204556	28.674292710567855	29.371898652203825	21.153853159023758
14	21.026824381754157	28.30166551989315	29.41206945400089	21.259440644351805
15	20.757194317399925	28.829279151657428	29.140203181284658	21.273323349657993
16	20.71691221111426	28.672602906059012	29.621251062451936	20.989233820374793
17	20.994768689035496	28.151515764763026	28.136540251750514	22.717175294450964
18	21.03487877929332	29.584682478649775	28.099526449993927	21.28091229206298
19	21.935251143400656	28.19752499291699	28.599263366657222	21.267960497025136
20	22.414922896345164	27.72199174323066	28.786012061359127	21.07707329906504
21	22.295959899194422	27.728590600570215	28.841803433176764	21.133646067058603
22	21.225201601044034	29.06588392318979	28.877522813170792	20.83139166259538
23	20.943049034615857	28.890308122291085	29.080998521309475	21.085644321783583
24	20.615556656363175	29.11416673086155	28.804174316911173	21.466102295864097
25	20.944584369992462	29.21911318221374	28.314481731790845	21.52182071600295
26	21.107841633942286	28.105584205049656	28.74261292679387	22.043961234214194
27	22.24098368420658	28.174013484620996	28.43366348780099	21.151339343371433
28	20.74481597213566	28.903150787125064	28.478246850974383	21.87378638976489
29	22.026995955709264	28.002855401060728	28.25671588387595	21.713432759354063
30	20.921601346541284	29.720715751997062	27.998090990985762	21.35959191047589
31	21.076732508673558	28.928150782739664	28.67086366515333	21.324253043433448
32	21.08021740575829	29.44660200852507	28.1244991245035	21.34868146121314
33	20.89913126242532	28.063288958326186	29.362694382855082	21.674885396393407
34	21.17560327747224	29.280081908487904	28.736248816540026	20.808065997499828
35	20.98420380516711	27.71826251854097	29.191437505820772	22.106096170471147
36	21.421624307635927	28.55685689285433	28.0176248209187	22.003893978591037
37	21.06407031900894	28.693149966650903	28.003733996514402	22.239045717825753
38	21.428348106945112	28.98017095376838	27.596587135100435	21.99489380418607
39	21.468187669688728	28.67921878050288	27.821602599126717	22.030990950681677
40	20.87698697099121	28.243878560516567	29.33961665669359	21.539517811798632
41	21.5955013308631	28.077859660951365	28.594710355833314	21.731928652352217
42	21.76433553980873	27.84734634239483	28.958138019193232	21.43018009860321
43	21.393859143405244	29.04133211620352	28.340548227682362	21.22426051270887
44	21.471498726738236	28.334508517463718	28.03637653598532	22.15761621981273
45	21.79728577421221	28.99118091472005	27.960875426670107	21.250657884397636
46	21.3106840060067	30.30116483109567	27.493433150989492	20.894718011908136
47	21.862528044711702	28.323609819656287	27.74847154356926	22.06539059206276
48	21.705232449957922	28.956388405783024	28.634630069272347	20.703749074986703
49	22.17251533518644	28.395081802031914	28.687324300360988	20.74507856242066
50	23.1562211312821	28.270443034166405	28.272170290483455	20.30116554406804
51	21.753627303367868	29.964593542284877	28.073012719633343	20.20876643471391
>>END_MODULE
>>Per base GC content	pass
#Base	%GC
1	44.6855749382766
2	43.1686263002388
3	42.65511798275792
4	43.544410490953986
5	43.306886712267776
6	42.17788480997288
7	42.61161816489254
8	43.208908406524465
9	43.7154551341725
10	42.75503905775691
11	44.168059659205895
12	42.45011535192455
13	41.95380863722832
14	42.286265026105966
15	42.03051766705792
16	41.70614603148905
17	43.711943983486464
18	42.315791071356294
19	43.20321164042579
20	43.49199619541021
21	43.42960596625303
22	42.05659326363942
23	42.02869335639944
24	42.08165895222727
25	42.46640508599541
26	43.15180286815647
27	43.39232302757801
28	42.61860236190056
29	43.740428715063324
30	42.28119325701717
31	42.40098555210701
32	42.42889886697142
33	42.57401665881873
34	41.983669274972065
35	43.09029997563826
36	43.42551828622697
37	43.303116036834695
38	43.42324191113118
39	43.4991786203704
40	42.41650478278984
41	43.32742998321532
42	43.19451563841194
43	42.61811965611412
44	43.62911494655097
45	43.047943658609846
46	42.205402017914835
47	43.92791863677446
48	42.40898152494463
49	42.9175938976071
50	43.45738667535014
51	41.96239373808178
>>END_MODULE
>>Per sequence GC content	warn
#GC Content	Count
0	8889.0
1	7106.0
2	4853.5
3	4845.5
4	5363.5
5	6046.0
6	6779.0
7	7494.5
8	8224.0
9	9908.0
10	11729.5
11	14413.0
12	17066.5
13	21127.5
14	25533.0
15	32683.0
16	40081.5
17	51275.5
18	63059.5
19	78860.5
20	94934.5
21	112174.0
22	129815.5
23	152474.5
24	176368.5
25	200999.5
26	248591.0
27	282706.5
28	326833.5
29	373615.0
30	427207.0
31	481181.0
32	535607.0
33	590555.0
34	633521.5
35	670943.0
36	678292.0
37	681393.5
38	671274.5
39	659744.5
40	645753.5
41	631527.5
42	623375.0
43	612887.0
44	595117.0
45	577182.5
46	561191.5
47	545085.5
48	528389.5
49	510951.5
50	493618.0
51	475881.5
52	457790.5
53	438719.5
54	419041.0
55	398813.5
56	377611.0
57	355361.5
58	331502.0
59	306512.5
60	280885.0
61	254067.0
62	229159.5
63	206250.0
64	182094.0
65	159021.0
66	140057.0
67	121997.0
68	103180.0
69	83939.0
70	69689.5
71	57498.0
72	47838.5
73	38775.0
74	31761.5
75	24172.0
76	20324.5
77	17181.0
78	14029.5
79	11475.5
80	9286.5
81	7573.0
82	6060.5
83	5019.5
84	4011.5
85	3254.5
86	2577.5
87	2110.0
88	1703.0
89	1409.0
90	1126.0
91	961.0
92	824.5
93	781.0
94	750.0
95	774.5
96	798.0
97	905.0
98	1398.5
99	5086.5
100	8389.0
>>END_MODULE
>>Per base N content	pass
#Base	N-Count
1	0.0
2	0.0
3	0.0
4	0.0
5	0.0
6	0.0
7	0.0
8	0.0
9	0.0
10	0.0
11	0.0
12	0.0
13	0.0
14	0.0
15	0.0
16	0.0
17	0.0
18	0.0
19	0.0
20	0.0
21	0.0
22	0.0
23	0.0
24	0.0
25	0.0
26	0.0
27	0.0
28	0.0
29	0.0
30	0.0
31	0.0
32	0.0
33	0.0
34	0.0
35	0.0
36	0.0
37	0.0
38	0.0
39	0.0
40	0.0
41	0.0
42	0.0
43	0.0
44	0.0
45	0.0
46	0.0
47	0.0
48	0.0
49	0.0
50	0.0
51	0.0
>>END_MODULE
>>Sequence Length Distribution	warn
#Length	Count
20	19457.0
21	20016.0
22	21123.0
23	21319.0
24	21875.0
25	22778.0
26	23515.0
27	25111.0
28	26304.0
29	28126.0
30	28520.0
31	28958.0
32	30554.0
33	30601.0
34	31938.0
35	34140.0
36	31927.0
37	33060.0
38	34485.0
39	37201.0
40	38199.0
41	44604.0
42	43726.0
43	49251.0
44	56769.0
45	73986.0
46	116269.0
47	261815.0
48	528915.0
49	1055033.0
50	1480910.0
51	5582315.0
>>END_MODULE
>>Sequence Duplication Levels	warn
#Total Duplicate Percentage	24.03552635404251
#Duplication Level	Relative count
1	100.0
2	15.15592210592115
3	4.644176122773111
4	1.9499033659274
5	1.0371419277062324
6	0.6761195838675316
7	0.45351040012246696
8	0.3469896732301294
9	0.27937771484337626
10++	3.026591910803243
>>END_MODULE
>>Overrepresented sequences	warn
#Sequence	Count	Percentage	Possible Source
CAAGAAAACTGAAAATCATGGAAAATGAGAAACATCCACTTGACGACTTGA	13058	0.1321285465657506	No Hit
>>END_MODULE
>>Kmer Content	warn
#Sequence	Count	Obs/Exp Overall	Obs/Exp Max	Max Obs/Exp Position
AAAAA	4256335	5.0436077	6.5344696	47
TTTTT	3378465	4.023161	6.430522	13
GGGGG	768795	3.893331	5.482677	47
TTTTC	2208530	3.4832685	7.2662964	4
GAAAA	2158080	3.4192753	9.260212	4
AGAAA	2048140	3.2450857	8.771991	28
GCTGC	855855	3.1899552	3.5662186	22
GCAGC	846345	3.1513987	3.4353032	19
TTTCT	1956970	3.086511	5.0830383	21
TGCTG	1072285	3.0175815	3.3648834	30
CCAGG	795390	2.9616659	6.2479396	35
AAGAA	1724715	2.7326493	6.1097693	2
GGAAA	1172335	2.483587	9.37281	20
GAGAA	1147345	2.4306457	9.967809	27
TCCAG	865960	2.4139106	5.093895	34
TTTCC	1137270	2.3756523	5.4356437	22
TTTCA	1473240	2.321286	5.2441998	14
AAAAT	1953660	2.317304	6.472033	22
ATTTT	1931165	2.2974117	5.588289	2
GGTGG	591785	2.2435832	5.9073925	18
TCCTC	809280	2.2389984	6.178831	24
CCACC	602365	2.2050672	7.1687393	8
TTCCT	1050395	2.1941783	5.3241386	23
TGGAA	1030605	2.1854877	6.64718	19
GAGGA	769265	2.1790373	5.5694127	2
TTCCA	1034215	2.1582494	5.180784	6
TTCAG	992230	2.0883343	6.158325	15
TGAAA	1309825	2.0773435	7.3990245	10
CTGAA	978320	2.0570276	8.9492445	9
TCCAC	739745	2.0446007	6.755938	35
AAATG	1268945	2.012509	7.7057776	23
AAACA	1279945	2.0107634	5.0606685	30
CATTT	1268700	1.9990059	7.575191	1
AAAAC	1225730	1.9255928	7.1360445	5
GTGGA	635455	1.8017809	7.2220144	47
TGAGA	841290	1.7840286	9.263642	26
CCACT	612360	1.6925178	6.958366	36
CACCT	595210	1.6451164	5.4244113	9
CATGG	580570	1.6322055	7.4171667	17
GCCAT	582735	1.6244055	5.067386	29
CAAGA	741090	1.5566882	6.557628	1
CATCC	549975	1.5200903	6.323084	33
AATGA	955720	1.5157435	7.183341	24
AGTGG	533450	1.5125539	6.554262	46
CTTGA	711430	1.497338	7.5883913	47
ATGAG	701630	1.4878675	8.948188	25
TCAGT	698595	1.4703244	5.3843975	16
ATGGA	693345	1.4702984	6.008304	18
CACTT	698925	1.4585502	7.6593075	37
ACTGA	691860	1.4547133	8.148686	8
AACTG	690045	1.4508973	8.134047	7
GAAAC	672370	1.4123392	5.421832	29
AAATC	874855	1.3757334	6.749587	13
AAACT	873305	1.3732959	6.486075	6
ACTTG	645800	1.3592074	6.3995714	46
AAGTG	620105	1.3149867	5.468688	47
ATCCA	602175	1.2554084	5.130427	34
TCATG	590500	1.2428181	5.5999813	16
AATCA	777285	1.2223018	6.559194	14
GACTT	510595	1.0746431	5.6217604	45
CGCCA	288245	1.064194	5.5474176	28
CTCGC	251205	0.92835873	5.4416995	26
CCTCG	248925	0.91993266	5.892149	25
TCGCC	245635	0.9077741	5.4622703	27
CGTCC	197410	0.7295527	5.342515	40
GACGA	253180	0.7110844	5.902268	42
TGACG	250480	0.70419556	5.8116837	41
CGACT	176810	0.4928675	5.771559	44
ACGAC	173615	0.48348397	5.8804474	43
>>END_MODULE
