##FastQC	0.10.1
>>Basic Statistics	pass
#Measure	Value	
Filename	004-primary_S1_L002_R2_001_trimmed.fq.gz	
File type	Conventional base calls	
Encoding	Sanger / Illumina 1.9	
Total Sequences	27122563	
Filtered Sequences	0	
Sequence length	20-50	
%GC	45	
>>END_MODULE
>>Per base sequence quality	pass
#Base	Mean	Median	Lower Quartile	Upper Quartile	10th Percentile	90th Percentile
1	34.6097356654679	36.0	36.0	36.0	32.0	36.0
2	34.60542549020902	36.0	36.0	36.0	32.0	36.0
3	34.592203804633066	36.0	36.0	36.0	32.0	36.0
4	34.57965178290857	36.0	36.0	36.0	32.0	36.0
5	34.56818903877189	36.0	36.0	36.0	32.0	36.0
6	34.55105238395059	36.0	36.0	36.0	32.0	36.0
7	34.53766884051481	36.0	36.0	36.0	32.0	36.0
8	34.53631015623413	36.0	36.0	36.0	32.0	36.0
9	34.516132490871165	36.0	36.0	36.0	32.0	36.0
10	34.50139365516452	36.0	36.0	36.0	32.0	36.0
11	34.48388918849594	36.0	36.0	36.0	32.0	36.0
12	34.47624595802395	36.0	36.0	36.0	32.0	36.0
13	34.46549103784919	36.0	36.0	36.0	32.0	36.0
14	34.45651036002755	36.0	36.0	36.0	32.0	36.0
15	34.432401355284895	36.0	36.0	36.0	32.0	36.0
16	34.422093332403726	36.0	36.0	36.0	32.0	36.0
17	34.40087962925923	36.0	36.0	36.0	32.0	36.0
18	34.39346362657541	36.0	36.0	36.0	32.0	36.0
19	34.38230413549044	36.0	36.0	36.0	32.0	36.0
20	34.38281116721897	36.0	36.0	36.0	32.0	36.0
21	34.35995185946102	36.0	36.0	36.0	32.0	36.0
22	34.35156765860257	36.0	36.0	36.0	32.0	36.0
23	34.32895821942677	36.0	36.0	36.0	32.0	36.0
24	34.296594515285776	36.0	36.0	36.0	32.0	36.0
25	34.28783405785586	36.0	36.0	36.0	32.0	36.0
26	34.26952141453937	36.0	36.0	36.0	32.0	36.0
27	34.24791636018878	36.0	36.0	36.0	32.0	36.0
28	34.22412722234432	36.0	36.0	36.0	32.0	36.0
29	34.20663975285596	36.0	36.0	36.0	32.0	36.0
30	34.171137213997724	36.0	36.0	36.0	32.0	36.0
31	34.14238875705522	36.0	36.0	36.0	32.0	36.0
32	34.111952664464276	36.0	36.0	36.0	32.0	36.0
33	34.10301543296144	36.0	36.0	36.0	32.0	36.0
34	34.06995888409713	36.0	36.0	36.0	32.0	36.0
35	34.04052681181056	36.0	36.0	36.0	32.0	36.0
36	34.02681350987891	36.0	36.0	36.0	32.0	36.0
37	33.99107031598377	36.0	36.0	36.0	32.0	36.0
38	33.98370532301101	36.0	36.0	36.0	32.0	36.0
39	33.944078679688	36.0	36.0	36.0	32.0	36.0
40	33.91644563982619	36.0	36.0	36.0	32.0	36.0
41	33.89795699606611	36.0	36.0	36.0	32.0	36.0
42	33.86978732807077	36.0	36.0	36.0	32.0	36.0
43	33.863750457088436	36.0	36.0	36.0	32.0	36.0
44	33.846016589331946	36.0	36.0	36.0	32.0	36.0
45	33.818858393765744	36.0	36.0	36.0	32.0	36.0
46	33.82530230357491	36.0	36.0	36.0	32.0	36.0
47	33.82543597477542	36.0	36.0	36.0	32.0	36.0
48	33.8647759513661	36.0	36.0	36.0	32.0	36.0
49	33.94501434909661	36.0	36.0	36.0	32.0	36.0
50	34.082587515834234	36.0	36.0	36.0	32.0	36.0
>>END_MODULE
>>Per sequence quality scores	pass
#Quality	Count
2	93.0
3	39.0
4	48.0
5	62.0
6	81.0
7	59.0
8	76.0
9	120.0
10	154.0
11	162.0
12	190.0
13	294.0
14	1489.0
15	3226.0
16	6465.0
17	11365.0
18	19015.0
19	30251.0
20	45279.0
21	64721.0
22	89385.0
23	121371.0
24	161918.0
25	214500.0
26	278884.0
27	355138.0
28	448186.0
29	558773.0
30	697116.0
31	884732.0
32	1177394.0
33	1726187.0
34	3245157.0
35	1.1874334E7
36	5106299.0
>>END_MODULE
>>Per base sequence content	pass
#Base	G	A	T	C
1	22.715424215133996	26.699325390561174	27.38113635677274	23.20411403753209
2	22.62151712273153	26.51833072339243	27.61230083805726	23.247851315818778
3	22.704370109415738	26.646406350815404	27.359841973076655	23.289381566692207
4	22.74624656056635	26.504806034545542	27.544614873589946	23.20433253129816
5	22.92332550806738	26.49086360530837	27.166830301953844	23.41898058467041
6	22.53760194682723	26.759862411445795	27.387988240303336	23.31454740142364
7	22.559131495483463	26.799235953562928	27.411071224478484	23.230561326475122
8	22.71378289928555	26.693829914726898	27.427576861027887	23.164810324959667
9	22.391941193786835	26.93531714068687	27.600401631971906	23.07234003355439
10	22.65659184547188	26.94279499218797	27.316190502178777	23.084422660161373
11	22.89118608517928	27.000724358411055	27.15272420235114	22.95536535405852
12	22.41899901306951	27.014826969275198	27.500702711326184	23.06547130632911
13	22.59073711682225	26.830500481337015	27.53773620253269	23.041026199308043
14	22.606296500725822	26.555852832720213	27.684108365252552	23.153742301301413
15	22.533373267551777	26.83570259274794	27.5084695173901	23.12245462231018
16	22.733903693297048	27.24295422019208	27.21244228906452	22.810699797446357
17	22.87238765014005	26.98779411706666	27.157081643276705	22.982736589516588
18	22.721532231761817	27.20263017238566	27.197427204075648	22.878410391776878
19	22.717725329066564	27.087052145209167	27.364423064688843	22.830799461035433
20	22.69738961165627	26.86505787700903	27.337384714746722	23.100167796587982
21	22.712895304721727	27.03927937517003	27.33413374334476	22.913691576763483
22	22.67413032641175	27.028192409076006	27.341444280251636	22.95623298426061
23	22.80215974118406	26.797438761610515	27.2360823327784	23.164319164427027
24	22.70573605043344	27.140641387556414	27.3032184227458	22.850404139264345
25	22.767002270453094	27.06482618340558	27.187304520343776	22.980867025797554
26	22.876428933033136	27.232794792303828	27.04865992964366	22.84211634501938
27	22.609529318443684	27.320888560308738	27.26595135394867	22.80363076729891
28	22.637041739023942	27.19125149588165	27.181309705815654	22.990397059278752
29	22.71248873284847	27.091988605786128	27.287337519591926	22.908185141773476
30	22.73210644175865	27.15676773165645	27.24228294976156	22.868842876823336
31	22.829510152254734	27.170463231247403	27.134074676311066	22.8659519401868
32	22.785050223693375	27.123568410107694	27.157726245099255	22.933655121099676
33	22.68095407397016	27.1899380966992	27.20266471882473	22.926443110505904
34	22.86814362207101	27.332251878327206	27.091654329931735	22.707950169670045
35	22.840538985390904	27.230517137570775	27.011784434532927	22.91715944250539
36	22.89362390529004	27.371099637691326	26.997811208986295	22.737465248032343
37	22.66734562830448	27.253227204589525	27.19522641327054	22.884200753835458
38	22.653700832365192	27.049752956482365	27.289891525024213	23.006654686128236
39	22.56502505161533	27.229469224701326	27.2733008376804	22.932204886002953
40	22.74968487036296	27.29044685547748	27.170980033896008	22.788888240263553
41	22.902615162811227	27.312201570705973	27.0487747098517	22.736408556631105
42	22.74976562395164	27.4663280207037	27.027669435402053	22.756236919942605
43	22.801928831518637	27.4237354852978	27.040761801933698	22.733573881249868
44	22.834029550211515	27.17420381986623	27.057395139943207	22.934371489979053
45	22.62270072127012	27.2806873741906	27.24639476252407	22.850217142015207
46	22.737335321707267	27.28991506613565	27.060558661272466	22.912190950884614
47	22.697988690026552	27.369493560544573	27.14234990421758	22.790167845211297
48	22.740321393835853	27.707336908018636	27.18196653832284	22.370375159822675
49	22.867734348321957	28.01435042172705	27.26493347549023	21.852981754460764
50	22.72514642719836	27.861875522168546	27.356351742083522	22.056626308549564
>>END_MODULE
>>Per base GC content	pass
#Base	%GC
1	45.91953825266609
2	45.86936843855031
3	45.99375167610794
4	45.95057909186451
5	46.342306092737786
6	45.85214934825086
7	45.78969282195859
8	45.878593224245215
9	45.464281227341225
10	45.74101450563325
11	45.84655143923781
12	45.48447031939862
13	45.63176331613029
14	45.76003880202724
15	45.65582788986195
16	45.544603490743405
17	45.85512423965664
18	45.599942623538695
19	45.54852479010199
20	45.79755740824425
21	45.62658688148521
22	45.63036331067236
23	45.96647890561108
24	45.556140189697786
25	45.74786929625065
26	45.71854527805252
27	45.4131600857426
28	45.62743879830269
29	45.62067387462195
30	45.60094931858198
31	45.69546209244153
32	45.71870534479305
33	45.60739718447606
34	45.57609379174106
35	45.757698427896294
36	45.63108915332238
37	45.55154638213993
38	45.660355518493425
39	45.49722993761828
40	45.538573110626515
41	45.639023719442335
42	45.50600254389425
43	45.5355027127685
44	45.76840104019057
45	45.47291786328533
46	45.64952627259188
47	45.48815653523785
48	45.11069655365853
49	44.72071610278272
50	44.78177273574793
>>END_MODULE
>>Per sequence GC content	pass
#GC Content	Count
0	13143.0
1	10605.0
2	7726.0
3	8038.5
4	8836.5
5	9889.5
6	11171.0
7	12932.0
8	14652.5
9	17494.0
10	20812.5
11	26639.0
12	32640.0
13	41743.0
14	52410.5
15	68940.5
16	87121.5
17	113139.5
18	141262.5
19	176419.0
20	213010.5
21	258924.0
22	306531.5
23	364261.5
24	425138.5
25	480772.0
26	545438.0
27	621953.0
28	703874.5
29	789738.5
30	876776.0
31	968445.5
32	1063854.5
33	1160407.5
34	1261515.5
35	1355563.5
36	1443889.0
37	1521484.5
38	1585817.0
39	1632953.0
40	1674388.5
41	1699617.5
42	1719100.0
43	1718723.5
44	1711375.5
45	1688723.5
46	1663703.5
47	1630862.0
48	1597286.0
49	1566514.5
50	1536645.0
51	1509381.0
52	1479771.0
53	1450286.0
54	1420088.5
55	1386101.5
56	1347977.0
57	1297926.5
58	1241487.5
59	1168526.0
60	1091770.5
61	1007088.5
62	921141.0
63	842808.5
64	749933.0
65	661585.0
66	575534.0
67	497589.5
68	423950.5
69	358006.0
70	299520.5
71	249620.0
72	205735.5
73	166713.5
74	130310.5
75	104223.0
76	84774.5
77	67107.0
78	51183.5
79	39217.5
80	29254.0
81	22215.0
82	16924.5
83	13086.0
84	9705.5
85	7611.5
86	5978.5
87	4955.0
88	4164.5
89	3537.5
90	3086.0
91	2828.0
92	2683.5
93	2601.0
94	2500.5
95	2563.5
96	2688.5
97	3095.0
98	4186.5
99	14958.0
100	25033.0
>>END_MODULE
>>Per base N content	pass
#Base	N-Count
1	0.012225983215524285
2	0.011706120841160919
3	0.022752274554583944
4	0.013405812717625542
5	0.00845052880880026
6	0.011636068464473657
7	0.015912950409590714
8	0.0140584059109753
9	0.015500010083855275
10	0.01523823541307656
11	0.017594207450085008
12	0.022730152751419548
13	0.023696138156264954
14	0.023795686270504744
15	0.02939250247109759
16	0.019548300062940217
17	0.04163323355539814
18	0.012638923541259726
19	0.028050446412457405
20	0.01260205386931906
21	0.03560614218702201
22	0.009642433880704756
23	0.018237429496143757
24	0.024509398756860062
25	0.022801265358236886
26	0.01886555573996886
27	0.036174869250388916
28	0.029379899646033197
29	0.022219640923956414
30	0.022761487457143677
31	0.03232859014695273
32	0.036270000612955
33	0.02295165828027772
34	0.014467339711691198
35	0.015059609218177266
36	0.012564956996657188
37	0.019639253024740178
38	0.005436303737755203
39	0.008082660554963933
40	0.012704274307858941
41	0.012208832675577534
42	0.004791705514085888
43	0.007557621074765542
44	0.0014852762955121774
45	0.0027078772391746536
46	0.008027937880506196
47	0.0022692218359031107
48	0.001315901568559223
49	3.3008459109759727E-4
50	7.768872602520759E-4
>>END_MODULE
>>Sequence Length Distribution	warn
#Length	Count
20	62625.0
21	64679.0
22	67122.0
23	69053.0
24	71097.0
25	72633.0
26	75313.0
27	77663.0
28	81302.0
29	85613.0
30	87480.0
31	90724.0
32	92785.0
33	93427.0
34	94119.0
35	95216.0
36	97352.0
37	101937.0
38	106277.0
39	111632.0
40	114969.0
41	120184.0
42	128565.0
43	149606.0
44	205491.0
45	340787.0
46	788548.0
47	1614235.0
48	3179065.0
49	4237839.0
50	1.4545225E7
>>END_MODULE
>>Sequence Duplication Levels	warn
#Total Duplicate Percentage	37.66010691069552
#Duplication Level	Relative count
1	100.0
2	23.767220902612827
3	11.128266033254157
4	6.235154394299287
5	3.8606492478226446
6	2.6452889944576405
7	1.7711797307996833
8	1.254948535233571
9	0.9714964370546318
10++	6.718923198733175
>>END_MODULE
>>Overrepresented sequences	pass
>>END_MODULE
>>Kmer Content	warn
#Sequence	Count	Obs/Exp Overall	Obs/Exp Max	Max Obs/Exp Position
AAAAA	7839040	4.5399547	5.7213235	46
TTTTT	6277860	3.5038998	3.871034	46
GGGGG	2343270	3.2582166	4.363988	46
>>END_MODULE
