##FastQC	0.10.1
>>Basic Statistics	pass
#Measure	Value	
Filename	KS25_S6_L002_R1_001.fastq.gz	
File type	Conventional base calls	
Encoding	Sanger / Illumina 1.9	
Total Sequences	14444830	
Filtered Sequences	0	
Sequence length	35-75	
%GC	46	
>>END_MODULE
>>Per base sequence quality	pass
#Base	Mean	Median	Lower Quartile	Upper Quartile	10th Percentile	90th Percentile
1	31.40041821191388	32.0	32.0	32.0	32.0	32.0
2	31.467460399326264	32.0	32.0	32.0	32.0	32.0
3	31.560986456746114	32.0	32.0	32.0	32.0	32.0
4	31.639269690262882	32.0	32.0	32.0	32.0	32.0
5	31.628496700895752	32.0	32.0	32.0	32.0	32.0
6	35.2917189056569	36.0	36.0	36.0	36.0	36.0
7	35.304341691802534	36.0	36.0	36.0	36.0	36.0
8	35.26123678852572	36.0	36.0	36.0	36.0	36.0
9	35.34642629923648	36.0	36.0	36.0	36.0	36.0
10	35.25384071671318	36.0	36.0	36.0	36.0	36.0
11	35.33419188733962	36.0	36.0	36.0	36.0	36.0
12	35.292558790930734	36.0	36.0	36.0	36.0	36.0
13	35.31820748323103	36.0	36.0	36.0	36.0	36.0
14	35.288515752694906	36.0	36.0	36.0	36.0	36.0
15	35.259139844497994	36.0	36.0	36.0	36.0	36.0
16	35.27143240868878	36.0	36.0	36.0	36.0	36.0
17	35.26107278521104	36.0	36.0	36.0	36.0	36.0
18	35.24898375404903	36.0	36.0	36.0	36.0	36.0
19	35.24809866228955	36.0	36.0	36.0	36.0	36.0
20	35.23078201681847	36.0	36.0	36.0	36.0	36.0
21	35.22533093155129	36.0	36.0	36.0	36.0	36.0
22	35.21036017730911	36.0	36.0	36.0	36.0	36.0
23	35.19187681682651	36.0	36.0	36.0	36.0	36.0
24	35.179311629143434	36.0	36.0	36.0	36.0	36.0
25	35.15901772468073	36.0	36.0	36.0	36.0	36.0
26	35.12587354783684	36.0	36.0	36.0	36.0	36.0
27	35.10257718505514	36.0	36.0	36.0	36.0	36.0
28	35.089839201984375	36.0	36.0	36.0	36.0	36.0
29	35.07045316559627	36.0	36.0	36.0	36.0	36.0
30	35.048293472474235	36.0	36.0	36.0	36.0	36.0
31	35.034888191830575	36.0	36.0	36.0	36.0	36.0
32	35.01517726411456	36.0	36.0	36.0	36.0	36.0
33	35.001203267882005	36.0	36.0	36.0	36.0	36.0
34	34.99770741504054	36.0	36.0	36.0	36.0	36.0
35	34.970201518467164	36.0	36.0	36.0	36.0	36.0
36	34.99438453367231	36.0	36.0	36.0	36.0	36.0
37	34.98066648950439	36.0	36.0	36.0	36.0	36.0
38	34.958580972960924	36.0	36.0	36.0	36.0	36.0
39	34.944311993655326	36.0	36.0	36.0	36.0	36.0
40	34.935631197590936	36.0	36.0	36.0	36.0	36.0
41	34.90902259102884	36.0	36.0	36.0	36.0	36.0
42	34.90323074993012	36.0	36.0	36.0	36.0	36.0
43	34.89019528213164	36.0	36.0	36.0	36.0	36.0
44	34.87272616336879	36.0	36.0	36.0	36.0	36.0
45	34.865840677408116	36.0	36.0	36.0	36.0	36.0
46	34.83819403529739	36.0	36.0	36.0	36.0	36.0
47	34.82331802634706	36.0	36.0	36.0	36.0	36.0
48	34.80550667812209	36.0	36.0	36.0	36.0	36.0
49	34.78275427978626	36.0	36.0	36.0	36.0	36.0
50	34.76512370559105	36.0	36.0	36.0	36.0	36.0
51	34.75054129513135	36.0	36.0	36.0	36.0	36.0
52	34.730080616168344	36.0	36.0	36.0	36.0	36.0
53	34.69095790452956	36.0	36.0	36.0	32.0	36.0
54	34.67563758832342	36.0	36.0	36.0	32.0	36.0
55	34.64512756743952	36.0	36.0	36.0	32.0	36.0
56	34.617001255643025	36.0	36.0	36.0	32.0	36.0
57	34.60698804694017	36.0	36.0	36.0	32.0	36.0
58	34.581515889288006	36.0	36.0	36.0	32.0	36.0
59	34.54674027518212	36.0	36.0	36.0	32.0	36.0
60	34.511852435789926	36.0	36.0	36.0	32.0	36.0
61	34.49814217885126	36.0	36.0	36.0	32.0	36.0
62	34.4713222064282	36.0	36.0	36.0	32.0	36.0
63	34.43637697628405	36.0	36.0	36.0	32.0	36.0
64	34.41123893369461	36.0	36.0	36.0	32.0	36.0
65	34.38856624291701	36.0	36.0	36.0	32.0	36.0
66	34.35518773638108	36.0	36.0	36.0	32.0	36.0
67	34.326993280950965	36.0	36.0	36.0	32.0	36.0
68	34.285938466392025	36.0	36.0	36.0	32.0	36.0
69	34.2611842032156	36.0	36.0	36.0	32.0	36.0
70	34.224228291590244	36.0	36.0	36.0	32.0	36.0
71	34.16931056696013	36.0	36.0	36.0	32.0	36.0
72	34.14805230183531	36.0	36.0	36.0	32.0	36.0
73	34.12277461822526	36.0	36.0	36.0	32.0	36.0
74	34.09403338638327	36.0	36.0	36.0	32.0	36.0
75	33.301512869710066	36.0	36.0	36.0	27.0	36.0
>>END_MODULE
>>Per sequence quality scores	pass
#Quality	Count
2	17384.0
3	0.0
4	0.0
5	0.0
6	0.0
7	0.0
8	0.0
9	1.0
10	3.0
11	28.0
12	179.0
13	539.0
14	228.0
15	130.0
16	128.0
17	174.0
18	268.0
19	784.0
20	2583.0
21	6046.0
22	11226.0
23	18204.0
24	30047.0
25	48918.0
26	76155.0
27	111709.0
28	156285.0
29	210005.0
30	276042.0
31	362443.0
32	499003.0
33	788928.0
34	1820474.0
35	1.0006916E7
>>END_MODULE
>>Per base sequence content	fail
#Base	G	A	T	C
1	49.876938141923	16.67825691294224	6.990537602288343	26.45426734284642
2	17.784692908583033	21.073873836407365	34.86364739071067	26.277785864298934
3	18.886124250421627	21.65601890397218	29.54182320860161	29.916033637004585
4	13.316688206630612	15.117810872416365	35.507954768986835	36.05754615196619
5	13.905281641671023	34.69955111944276	34.502918950450415	16.892248288435805
6	34.15463831921464	35.016620405302504	16.49474896665702	14.33399230882583
7	30.086163552440258	30.16305172793577	20.711579859664695	19.039204859959273
8	26.219505517469965	32.548983375158706	20.99877552825358	20.232735579117744
9	24.67161547511597	12.130386764227016	20.36869865948554	42.82929910117147
10	13.95041783556147	23.108878730164715	37.84662926480543	25.09407416946839
11	33.81672681360236	21.403226877439014	25.55377438252065	19.226271926437985
12	21.399421630134675	23.86755770910527	33.49806334399034	21.234957316769716
13	28.96194517033715	20.262449778013377	25.445570893143525	25.33003415850595
14	20.42831591339694	20.940680030788563	27.773543945961286	30.857460109853207
15	23.203621763685685	29.93415466604415	23.062009727847883	23.800213842422284
16	23.166276276480257	27.993346847390733	25.69664790289286	23.14372897323615
17	21.979028987750354	27.899060949070726	27.21819166936003	22.903718393818888
18	22.211970157434656	27.048765249234	28.301315423395103	22.437949169936246
19	23.090779753397864	26.374864329040175	27.027117695541026	23.507238222020938
20	23.15154047362229	26.81077440872071	27.271743037541086	22.765942080115913
21	22.743108743272874	26.373011320394813	26.74969010381072	24.134189832521592
22	22.866684808805378	26.800462860209368	27.13615712071782	23.196695210267436
23	22.414305302120518	26.92971017074409	27.220914595238117	23.43506993189727
24	22.860749954668684	26.34247935414933	27.719449325686252	23.07732136549574
25	23.05153059095551	26.39107171102711	27.22221921860351	23.33517847941387
26	22.337336062017016	26.881018614920382	27.535467388745648	23.24617793431695
27	22.340240737901343	26.884242794096814	27.323229158493135	23.452287309508712
28	22.490814066048884	26.75362536252239	27.09037361815852	23.665186953270208
29	22.58122343520655	26.76283057774184	27.01281016261532	23.64313582443629
30	22.370861230154492	26.843096585276577	27.356539051852387	23.42950313271654
31	23.339397034806304	26.476289688571537	26.908587533779443	23.275725742842717
32	22.310346319289927	27.069137684712125	27.502321033611448	23.1181949623865
33	22.25137768942545	26.865002729656158	27.816118380410483	23.06750120050791
34	22.4867709645662	26.518806128209288	27.83724863515509	23.15717427206943
35	22.30606350126395	26.91191581236107	27.624963426522324	23.15705725985265
36	22.34776477412431	27.216169793764333	27.584045279372805	22.852020152738543
37	22.59385764039895	26.821375116113906	26.92955844383639	23.655208799650747
38	22.58355718685232	27.490846174981183	26.926642958225727	22.99895367994077
39	22.887167243097544	26.892190484342983	27.165287885516015	23.05535438704346
40	22.940414240230293	26.585877366638233	27.397059742926572	23.076648650204902
41	22.931815435301615	26.557133771760068	27.467459094496014	23.043591698442302
42	22.433951370750403	27.24665954187963	27.514633382604824	22.80475570476514
43	22.50563558557946	26.989402692454856	27.397285501573222	23.107676220392467
44	22.32727539872953	27.301949505758905	27.32905196829103	23.041723127220536
45	22.410513210377466	27.310078713865714	27.254518699402077	23.024889376354743
46	22.713383438559163	26.91396387430534	27.11038759870107	23.262265088434432
47	22.98443245592818	26.95464344680359	27.079457221678883	22.981466875589348
48	22.361655049552866	27.071653874863493	27.15424022488877	23.412450850694874
49	22.953875575661232	26.674721346592072	27.091033754332074	23.280369323414625
50	22.47959481836378	27.498988715823053	27.003376678042983	23.018039787770185
51	22.661983053976286	27.100357403145214	27.243691250199703	22.993968292678797
52	22.595033168312316	27.27591199516904	26.95821408322434	23.1708407532943
53	22.433653372792527	26.820906594667232	27.58390130517862	23.161538727361616
54	22.637850838050213	27.419795905063086	27.26889926819529	22.673453988691406
55	22.652423384447086	26.733189552058263	27.188534037940233	23.425853025554414
56	22.923481098342176	27.188491007976843	26.747218501213155	23.140809392467823
57	22.556615434682072	27.112148945766794	26.926145154752184	23.405090464798946
58	22.713237919440814	27.1316568098123	26.68292008166236	23.472185189084527
59	22.75594138965368	27.056924389143404	26.827257707995773	23.35987651320714
60	22.56804948465462	26.96294220262766	27.453534477028192	23.01547383568953
61	22.975501476164013	26.82534874532362	27.002293934023015	23.196855844489352
62	22.81646400218929	26.916290382616527	27.18740263458405	23.079842980610135
63	22.809685858132596	27.208935892028162	27.05031260290372	22.931065646935526
64	22.885804045770332	26.81119564308801	26.886789714678454	23.416210596463202
65	22.72964240946746	27.237918142592438	26.824942654418393	23.207496793521713
66	22.70210812850162	27.746790858794867	26.5461987072106	23.004902305492912
67	23.123562174065963	26.901748829402667	26.648492488337915	23.32619650819345
68	23.03035822583192	27.24994143758832	27.06334163285507	22.656358703724685
69	23.214502481121883	26.88828101748339	27.012541390371986	22.88467511102274
70	23.603028039780778	26.677839703520938	26.784594863870915	22.934537392827366
71	23.119439075873494	27.18887028444025	26.78948571564288	22.902204924043378
72	22.943940372254424	27.439970850519877	26.98364980520875	22.632438972016946
73	23.80187274550492	28.22019697099774	26.703028856230414	21.274901427266922
74	24.80672017361696	30.439983453173102	27.285584512502624	17.467711860707315
75	30.45953457831343	40.87527772508487	28.665187696601702	0.0
>>END_MODULE
>>Per base GC content	fail
#Base	%GC
1	76.33120548476941
2	44.06247877288197
3	48.80215788742621
4	49.3742343585968
5	30.797529930106826
6	48.488630628040475
7	49.12536841239953
8	46.45224109658771
9	67.50091457628744
10	39.04449200502986
11	53.04299874004034
12	42.63437894690439
13	54.2919793288431
14	51.28577602325015
15	47.00383560610797
16	46.310005249716404
17	44.882747381569246
18	44.6499193273709
19	46.598017975418806
20	45.9174825537382
21	46.87729857579447
22	46.06338001907282
23	45.84937523401779
24	45.938071320164426
25	46.38670907036938
26	45.58351399633397
27	45.79252804741006
28	46.15600101931909
29	46.22435925964284
30	45.800364362871036
31	46.61512277764902
32	45.428541281676424
33	45.31887888993336
34	45.64394523663562
35	45.463120761116606
36	45.199784926862854
37	46.2490664400497
38	45.58251086679309
39	45.942521630141
40	46.0170628904352
41	45.975407133743914
42	45.23870707551554
43	45.613311805971925
44	45.36899852595007
45	45.43540258673221
46	45.975648526993595
47	45.96589933151753
48	45.77410590024773
49	46.234244899075854
50	45.49763460613397
51	45.65595134665508
52	45.76587392160662
53	45.59519210015415
54	45.31130482674162
55	46.0782764100015
56	46.06429049081
57	45.96170589948102
58	46.18542310852534
59	46.115817902860826
60	45.58352332034415
61	46.17235732065337
62	45.89630698279942
63	45.740751505068125
64	46.30201464223354
65	45.93713920298917
66	45.70701043399453
67	46.449758682259414
68	45.68671692955661
69	46.09917759214463
70	46.53756543260815
71	46.021643999916876
72	45.57637934427137
73	45.07677417277184
74	42.27443203432427
75	30.45953457831343
>>END_MODULE
>>Per sequence GC content	warn
#GC Content	Count
0	17402.0
1	8709.0
2	29.5
3	75.5
4	108.0
5	154.0
6	259.0
7	471.0
8	634.0
9	831.0
10	1291.0
11	2034.5
12	2533.5
13	3289.0
14	4978.5
15	7446.5
16	9418.5
17	12760.0
18	19755.0
19	28563.5
20	34776.0
21	44497.0
22	62288.5
23	82169.5
24	95659.0
25	112896.5
26	141447.5
27	171500.5
28	192937.5
29	219512.5
30	262937.0
31	310413.0
32	345025.5
33	383331.5
34	450448.5
35	521256.5
36	561922.0
37	592587.0
38	620990.5
39	624617.5
40	623412.5
41	613716.5
42	598747.5
43	594422.5
44	596244.0
45	595696.5
46	587687.5
47	578216.0
48	575160.5
49	568145.0
50	552280.5
51	538261.5
52	532269.5
53	526197.5
54	513020.5
55	497135.0
56	487055.5
57	475160.5
58	451040.0
59	420470.0
60	394252.5
61	363940.0
62	325349.0
63	287453.5
64	256988.5
65	231663.5
66	197187.5
67	162874.0
68	139202.0
69	120451.5
70	98321.5
71	76667.0
72	62019.0
73	52270.0
74	41389.0
75	31466.5
76	25215.5
77	21049.0
78	16565.5
79	12444.5
80	9654.0
81	7921.0
82	6073.0
83	4226.0
84	3091.5
85	2525.5
86	1870.5
87	1225.5
88	915.5
89	746.0
90	529.0
91	360.0
92	271.5
93	249.0
94	189.5
95	123.0
96	98.5
97	87.0
98	56.0
99	96.5
100	157.0
>>END_MODULE
>>Per base N content	pass
#Base	N-Count
1	0.16075647826938771
2	0.1213582991284771
3	0.12036140266102127
4	0.12034755687675106
5	0.12034755687675106
6	0.12034755687675106
7	0.12034755687675106
8	0.12034755687675106
9	0.12034755687675106
10	0.12034755687675106
11	0.12034755687675106
12	0.12034755687675106
13	0.12034755687675106
14	0.12042370869023726
15	0.12034755687675106
16	0.12034755687675106
17	0.12039601712169684
18	0.12034755687675106
19	0.12088061957115452
20	0.12034755687675106
21	0.1205829352093448
22	0.12469513313760008
23	0.1212059955015047
24	0.12265980284987778
25	0.12314440529933547
26	0.12695199597364593
27	0.12589971636910924
28	0.13509331712453523
29	0.1332795193851364
30	0.13603483045491016
31	0.14362924312712577
32	0.13999472475619304
33	0.150697515997073
34	0.13798016314487607
35	0.15098827746674762
36	0.025944630331657937
37	0.02489567090711598
38	0.0320410503050737
39	0.023632051869922573
40	0.023506904814347595
41	0.03234527157780346
42	0.02826029367439614
43	0.039021421407572955
44	0.032678476947013466
45	0.023995439957754605
46	0.031124338196624912
47	0.028925318919688747
48	0.03128483306800538
49	0.03732435092960764
50	0.05532313719088743
51	0.03904308261325827
52	0.038219406668618734
53	0.04236395243147498
54	0.03503047474022669
55	0.03142480402481899
56	0.03627824502708268
57	0.03626981891629434
58	0.03818596845471517
59	0.0476354461029433
60	0.04776586823444063
61	0.041604133858168496
62	0.03466135202226469
63	0.043081101947151486
64	0.03665164551236396
65	0.03207995100516574
66	0.026115367205326805
67	0.03480148709628282
68	0.025399946441476307
69	0.030790599418054728
70	0.040430611867160106
71	0.06441843724654016
72	0.02847548023295292
73	0.028629216076587995
74	0.030747684946202773
75	0.034781945628461264
>>END_MODULE
>>Sequence Length Distribution	warn
#Length	Count
35	21807.0
36	6862.0
37	9642.0
38	10816.0
39	12695.0
40	13056.0
41	14121.0
42	14990.0
43	16428.0
44	17528.0
45	19031.0
46	20077.0
47	21257.0
48	22562.0
49	23751.0
50	23560.0
51	24151.0
52	24919.0
53	25570.0
54	27138.0
55	27883.0
56	29822.0
57	30351.0
58	30819.0
59	33919.0
60	34032.0
61	33996.0
62	33602.0
63	33888.0
64	36536.0
65	37788.0
66	37530.0
67	44753.0
68	41387.0
69	49317.0
70	57081.0
71	112768.0
72	354720.0
73	984503.0
74	3060003.0
75	8970171.0
>>END_MODULE
>>Sequence Duplication Levels	warn
#Total Duplicate Percentage	30.707640314768792
#Duplication Level	Relative count
1	100.0
2	21.198888447796744
3	8.295525435263427
4	3.982589462938808
5	2.1642658651392277
6	1.3142970566551353
7	0.8676912607043611
8	0.6053989678443827
9	0.3934384392899677
10++	2.95752282651846
>>END_MODULE
>>Overrepresented sequences	warn
#Sequence	Count	Percentage	Possible Source
NNNNNNNNNNNNNNNNNNNNNNNNNNNNNNNNNNN	17384	0.12034755687675106	No Hit
>>END_MODULE
>>Kmer Content	warn
#Sequence	Count	Obs/Exp Overall	Obs/Exp Max	Max Obs/Exp Position
AAAAA	5056710	3.85122	8.8266325	71
TTTTT	4853110	3.4003751	6.0091944	71
CCTGG	2362815	2.9944942	11.093419	3
CCAGG	2248690	2.8977976	11.853298	3
CCCAG	2095360	2.6922534	10.7158575	2
CTGGG	2066585	2.626807	10.200663	4
GAAAA	2962335	2.5769563	5.3257675	24
AGAAA	2956375	2.5717716	5.377569	48
CCAGC	1970135	2.5313563	6.066901	3
TTTCT	3095550	2.5116017	5.6107783	16
CAGCA	2215395	2.4994645	5.6195006	4
GCTGG	1919180	2.4394426	5.794699	3
TGCTG	2222080	2.4319088	5.5597496	2
TCCAG	2166405	2.4037583	8.300077	2
CAGCC	1798705	2.311092	5.3915143	5
CTGGA	2030365	2.2594693	7.790492	4
CTCCA	2035315	2.2516537	6.309945	1
GGCTG	1771210	2.25136	9.067109	7
CTCCT	2066575	2.2484148	5.922887	1
AGGAG	1978035	2.2448747	6.66958	5
CAGGA	1972385	2.231869	8.783532	4
AGCAG	1962675	2.2208815	5.251208	7
CTGCT	2019715	2.2039235	6.5996947	9
TCCTG	1998890	2.1811993	7.71895	2
GCTGC	1720400	2.1803348	5.8751836	8
CCTGC	1715910	2.1682389	6.417815	8
GGCAG	1677005	2.1674745	6.2246957	7
CAGAG	1904555	2.1551154	7.7390966	4
CCCTG	1692090	2.1381397	8.230022	2
CTCTG	1952505	2.1305838	7.15557	2
CTGCC	1683825	2.127696	6.0199876	9
GCAGG	1644480	2.125437	5.6815476	3
GCCTG	1652550	2.0943456	8.300839	7
GAGAA	2079440	2.0661502	5.0819707	47
CAGGG	1588155	2.0526388	8.831539	4
CACAG	1815680	2.0484962	5.300287	7
CTGTG	1868360	2.0447874	10.908786	9
TGGAG	1824030	2.0358484	5.9450774	5
AGCTG	1813595	2.018239	6.6603107	7
CAGTG	1777995	1.9786218	6.617866	9
GCCAG	1526795	1.9675201	5.5495834	2
CAGGC	1525245	1.9655226	5.635321	4
CTGGC	1536335	1.9470615	5.2674513	4
CTCAG	1734280	1.9242892	5.9924912	2
CCCCA	1501920	1.9240792	7.118016	1
CACTG	1729450	1.91893	6.651465	7
CTGAG	1704745	1.8971065	6.141717	9
GTGTG	1720460	1.888484	10.112835	9
GGGAG	1455375	1.8865819	5.0214367	7
CAGAA	1904065	1.8863231	5.4112034	4
CACAC	1621390	1.8239046	5.9454045	5
GGCCA	1414095	1.8222883	7.295132	1
CCTCT	1673590	1.8208507	5.727017	1
ACCTG	1633975	1.8129948	6.8207426	7
CCAGA	1596165	1.8008337	6.7993417	3
CATTT	2176985	1.7960279	5.0403466	14
ACACA	1803190	1.7811261	5.8637924	6
TGGGG	1396725	1.7806026	6.4456906	5
TGTGT	1848110	1.7466633	8.521542	10
AGAGG	1531660	1.7382832	5.422551	5
TGGCC	1363065	1.7274692	6.242108	5
TCTGG	1578330	1.7273701	6.1061425	3
GCCCA	1310175	1.6833972	7.9778314	1
CCTGA	1509590	1.6749821	5.306091	3
AGGTG	1452910	1.6216315	5.981842	7
GGCCT	1264650	1.6027437	6.2333193	6
CCTGT	1464990	1.5986047	7.342033	8
TCAGG	1433185	1.5949041	5.5332174	3
TGGGC	1241140	1.5775955	6.7021594	5
TCTGT	1670775	1.5744114	5.6433783	8
GGGCC	1063550	1.5654494	5.455248	6
GCCCC	1066955	1.5612228	5.0629797	1
GGGCA	1207280	1.5603702	5.137819	1
AGCCT	1380455	1.531699	5.885867	6
AGGCC	1186350	1.5288022	5.206372	5
CCATG	1372830	1.5232385	5.3230186	9
GTCCT	1379170	1.5049574	10.85462	1
GCTGT	1356950	1.4850855	6.376329	8
CTGTC	1336860	1.4587886	7.0226994	9
GCCCT	1148990	1.4518738	6.4577065	1
AGGCT	1302170	1.4491055	5.4907727	6
GGGCT	1129260	1.4353865	6.839226	6
AGGAC	1263010	1.4291697	10.967742	5
GACAG	1261225	1.4271498	5.901331	7
ATGGC	1241840	1.3819679	5.907533	17
GGACA	1213555	1.3732084	5.736937	6
GGGTG	1075935	1.3716463	5.3437085	7
GAGCT	1226295	1.3646688	5.1816998	6
AGGGC	1050265	1.3574334	6.026617	5
AGAGC	1190215	1.3467978	5.377937	5
TGTCC	1231775	1.3441193	5.4124126	10
GCTCT	1227290	1.3392252	5.360881	1
TGTGC	1201385	1.3148307	7.5743384	10
AAGTG	1297655	1.2680315	5.1473303	7
GTGCT	1154490	1.2635074	5.428729	1
GTCCA	1122695	1.2456985	6.8824286	1
GTGCA	1055990	1.1751468	5.774769	11
ACTGT	1197235	1.147161	6.9207215	8
TGGAC	1025715	1.1414555	5.8114223	5
GTCTT	1186930	1.1184727	5.6672683	1
GTTCT	1176705	1.1088374	5.105706	1
AGTGT	1130285	1.0862107	6.430684	8
ACACT	1101970	1.0704793	5.1231136	6
GGACC	827530	1.066405	6.517795	6
AAGAC	1073580	1.0635765	5.0972414	5
GACTG	936200	1.0418397	5.9962473	7
CTACA	1027420	0.99805963	5.0557485	4
TGTAG	1031950	0.9917102	5.474746	2
AGACT	1013975	0.98790896	5.6463313	6
GGACT	854460	0.95087636	5.3819604	6
TAGGA	941585	0.92009	6.5249662	4
TCCTA	942185	0.9001191	6.17528	2
GTGTA	797245	0.76615727	5.727622	1
>>END_MODULE
