##FastQC	0.10.1
>>Basic Statistics	pass
#Measure	Value	
Filename	019-F0_S5_L004_R2_001_trimmed.fq.gz	
File type	Conventional base calls	
Encoding	Sanger / Illumina 1.9	
Total Sequences	14355268	
Filtered Sequences	0	
Sequence length	20-50	
%GC	45	
>>END_MODULE
>>Per base sequence quality	pass
#Base	Mean	Median	Lower Quartile	Upper Quartile	10th Percentile	90th Percentile
1	35.088366375326466	36.0	36.0	36.0	36.0	36.0
2	35.08243461564075	36.0	36.0	36.0	36.0	36.0
3	35.06904838000935	36.0	36.0	36.0	36.0	36.0
4	35.05917555840824	36.0	36.0	36.0	36.0	36.0
5	35.04282239802141	36.0	36.0	36.0	36.0	36.0
6	35.029689727840676	36.0	36.0	36.0	36.0	36.0
7	35.00817985425281	36.0	36.0	36.0	36.0	36.0
8	35.004034198455926	36.0	36.0	36.0	36.0	36.0
9	34.98610475262461	36.0	36.0	36.0	36.0	36.0
10	34.96475147660078	36.0	36.0	36.0	36.0	36.0
11	34.95628545562507	36.0	36.0	36.0	36.0	36.0
12	34.93852340478771	36.0	36.0	36.0	36.0	36.0
13	34.9335616722725	36.0	36.0	36.0	36.0	36.0
14	34.9267990677708	36.0	36.0	36.0	36.0	36.0
15	34.92014980145268	36.0	36.0	36.0	36.0	36.0
16	34.893766594953156	36.0	36.0	36.0	36.0	36.0
17	34.87721127881416	36.0	36.0	36.0	36.0	36.0
18	34.87115440826322	36.0	36.0	36.0	36.0	36.0
19	34.838589568651734	36.0	36.0	36.0	36.0	36.0
20	34.845260569151336	36.0	36.0	36.0	36.0	36.0
21	34.82920635420944	36.0	36.0	36.0	36.0	36.0
22	34.82597376667856	36.0	36.0	36.0	36.0	36.0
23	34.81442075611262	36.0	36.0	36.0	36.0	36.0
24	34.79780045812301	36.0	36.0	36.0	36.0	36.0
25	34.78834939591793	36.0	36.0	36.0	36.0	36.0
26	34.75491170077443	36.0	36.0	36.0	36.0	36.0
27	34.762728012912596	36.0	36.0	36.0	36.0	36.0
28	34.74239680003175	36.0	36.0	36.0	36.0	36.0
29	34.73615205567138	36.0	36.0	36.0	36.0	36.0
30	34.719804943163005	36.0	36.0	36.0	36.0	36.0
31	34.70115580551958	36.0	36.0	36.0	36.0	36.0
32	34.69193962345831	36.0	36.0	36.0	36.0	36.0
33	34.657837768137945	36.0	36.0	36.0	36.0	36.0
34	34.65232752752081	36.0	36.0	36.0	36.0	36.0
35	34.61801392421578	36.0	36.0	36.0	36.0	36.0
36	34.59764298716344	36.0	36.0	36.0	32.0	36.0
37	34.60144886883242	36.0	36.0	36.0	32.0	36.0
38	34.57717296848191	36.0	36.0	36.0	32.0	36.0
39	34.57351190144639	36.0	36.0	36.0	32.0	36.0
40	34.56326805043481	36.0	36.0	36.0	32.0	36.0
41	34.53609778155973	36.0	36.0	36.0	32.0	36.0
42	34.51201624091885	36.0	36.0	36.0	32.0	36.0
43	34.51113098036775	36.0	36.0	36.0	32.0	36.0
44	34.47688271295091	36.0	36.0	36.0	32.0	36.0
45	34.48811279126478	36.0	36.0	36.0	32.0	36.0
46	34.47764157143413	36.0	36.0	36.0	32.0	36.0
47	34.48104492546968	36.0	36.0	36.0	32.0	36.0
48	34.49291533350856	36.0	36.0	36.0	32.0	36.0
49	34.57387103992617	36.0	36.0	36.0	32.0	36.0
50	34.7171696500641	36.0	36.0	36.0	32.0	36.0
>>END_MODULE
>>Per sequence quality scores	pass
#Quality	Count
4	2.0
5	5.0
6	5.0
7	9.0
8	10.0
9	19.0
10	29.0
11	39.0
12	62.0
13	55.0
14	1039.0
15	2053.0
16	3668.0
17	6077.0
18	9556.0
19	14137.0
20	20617.0
21	28328.0
22	37354.0
23	48077.0
24	62700.0
25	80150.0
26	102481.0
27	128756.0
28	160999.0
29	198895.0
30	245428.0
31	310807.0
32	412978.0
33	596970.0
34	1138966.0
35	5757034.0
36	4987963.0
>>END_MODULE
>>Per base sequence content	pass
#Base	G	A	T	C
1	22.337855582917392	26.65241606553837	27.19541342881724	23.814314922727004
2	22.60739856053723	27.2197708847428	27.449503369042873	22.7233271856771
3	22.061904277895934	27.243486160928665	27.79715211926052	22.897457441914884
4	22.823953683120266	26.338193780180124	28.256416140241907	22.5814363964577
5	22.60596073870214	26.718216445818328	27.730951003281273	22.944871812198265
6	21.90576340779603	27.33053446574499	27.92958222843315	22.834119898025826
7	22.035317250904356	27.300412597728535	27.763539179367676	22.900730971999437
8	22.059983846290923	27.121323773748312	27.40267613206584	23.416016247894923
9	22.262207318995777	27.02655668845373	27.463445113801587	23.2477908787489
10	21.95119640404089	27.08486928576061	27.933617178154645	23.03031713204385
11	23.116347661473455	26.731516151682115	27.33234907091977	22.81978711592466
12	21.94126191868128	27.51031433719342	27.8234923345373	22.724931409588002
13	21.976030854991834	27.36065551043651	28.176448832205885	22.486864802365776
14	22.185832671289962	26.99016367495514	28.239767633226766	22.584236020528127
15	21.963919010253502	27.42944369602554	28.04545770564719	22.561179588073767
16	22.032581295623586	27.435869659491356	28.26009583717503	22.271453207710028
17	22.233177604047544	26.95320242190029	27.370955212149656	23.442664761902506
18	22.21220209302502	27.878156715145746	27.319848584817564	22.58979260701167
19	22.686817195335777	27.17420443259427	27.61719494564315	22.521783426426804
20	22.940552210764608	26.75847234145786	27.732457010026756	22.568518437750775
21	22.860218858803382	26.918606220348064	27.78402933441926	22.437145586429295
22	22.188419564670674	27.75434950205527	27.851733551988968	22.205497381285085
23	22.186923633002348	27.446368380267977	27.844335528231596	22.52237245849808
24	21.899224019490852	27.77140245511358	27.768168911366608	22.56120461402896
25	22.1028517238303	27.739568706213248	27.549314090341788	22.608265479614662
26	22.301832770321237	27.107772878895027	27.60584596993879	22.98454838084495
27	22.846165602947146	27.20777753768694	27.49417896839409	22.451877890971822
28	21.99961269662648	27.575423180303936	27.518256526842926	22.906707596226664
29	22.845816214823515	26.9875500764422	27.364539021886557	22.802094686847727
30	22.137942883587268	28.04112561293619	27.254369171079734	22.566562332396813
31	22.23582929699601	27.64864727456986	27.592474780890857	22.52304864754327
32	22.28414195835205	27.84178084035423	27.277100991827098	22.59697620946663
33	22.09982359039814	27.177639415821336	28.043597926917478	22.678939066863045
34	22.278917248807403	27.933283165666083	27.659470673746274	22.128328911780237
35	22.2342827630494	26.959394115418828	27.789196219306668	23.01712690222511
36	22.457764534642692	27.540389352075657	27.21161693027998	22.790229183001674
37	22.25415740415587	27.506907209626146	27.243078173360708	22.995857212857278
38	22.446701653616007	27.567777831485184	26.96563492506311	23.019885589835702
39	22.431203508234734	27.508950641908914	27.131215943175913	22.928629906680438
40	22.144349216155344	27.312378306165208	27.929300254730688	22.61397222294876
41	22.659552949777286	27.183780089779912	27.418914174505915	22.737752785936888
42	22.596702906826422	27.210257951714055	27.71421482294806	22.478824318511467
43	22.458616688827586	27.779520807864998	27.362759284410327	22.39910321889709
44	22.519640114622888	27.295717909585303	27.15452024556039	23.030121730231414
45	22.57474493390772	27.78757377350209	27.167379062251833	22.47030223033836
46	22.36000897653386	28.461776636890136	26.9111309763438	22.267083410232207
47	22.753272852092255	27.390711511951416	26.983109223266784	22.87290641268955
48	22.66253460668243	27.99547894424371	27.46787826608535	21.874108182988508
49	23.028140874439522	27.831677371752495	27.64473500538609	21.49544674842189
50	23.5260326748838	27.364274395137862	27.428544837180556	21.68114809279778
>>END_MODULE
>>Per base GC content	pass
#Base	%GC
1	46.1521705056444
2	45.33072574621433
3	44.95936171981082
4	45.40539007957797
5	45.5508325509004
6	44.739883305821856
7	44.93604822290379
8	45.47600009418585
9	45.50999819774468
10	44.98151353608474
11	45.93613477739812
12	44.66619332826928
13	44.462895657357606
14	44.770068691818096
15	44.52509859832727
16	44.30403450333361
17	45.675842365950054
18	44.80199470003669
19	45.208600621762585
20	45.50907064851538
21	45.29736444523268
22	44.393916945955766
23	44.70929609150043
24	44.46042863351981
25	44.711117203444964
26	45.28638115116619
27	45.29804349391897
28	44.90632029285314
29	45.64791090167124
30	44.70450521598408
31	44.75887794453928
32	44.88111816781867
33	44.77876265726118
34	44.40724616058765
35	45.25140966527451
36	45.24799371764436
37	45.25001461701314
38	45.466587243451706
39	45.35983341491517
40	44.7583214391041
41	45.39730573571417
42	45.07552722533789
43	44.85771990772467
44	45.5497618448543
45	45.04504716424608
46	44.627092386766066
47	45.626179264781804
48	44.536642789670935
49	44.52358762286141
50	45.207180767681585
>>END_MODULE
>>Per sequence GC content	pass
#GC Content	Count
0	4197.0
1	3354.5
2	2399.5
3	2609.0
4	2962.5
5	3355.0
6	3828.0
7	4437.0
8	5012.0
9	6105.5
10	7381.5
11	9648.5
12	12015.5
13	15969.0
14	20658.5
15	28351.5
16	36678.5
17	49499.0
18	63463.0
19	82580.0
20	102138.0
21	124951.5
22	148848.5
23	179790.0
24	212677.0
25	243976.0
26	280534.0
27	326562.0
28	377049.0
29	435886.5
30	495671.0
31	558629.0
32	624759.0
33	694744.5
34	763325.0
35	816715.5
36	862328.0
37	879299.0
38	889480.0
39	896168.5
40	902650.0
41	906459.5
42	908684.0
43	905712.0
44	900288.0
45	886649.0
46	872412.5
47	855584.5
48	837514.5
49	818173.5
50	797643.0
51	776707.0
52	753292.0
53	727910.0
54	703138.5
55	676025.5
56	646631.0
57	613478.5
58	578757.5
59	538819.5
60	497840.5
61	454981.0
62	412656.0
63	375687.0
64	332405.5
65	293537.0
66	257214.0
67	224233.5
68	190122.5
69	158539.5
70	132027.5
71	110182.5
72	91013.0
73	75169.0
74	60563.5
75	49962.5
76	42054.0
77	34819.5
78	28151.5
79	23033.5
80	18487.5
81	14933.0
82	11977.0
83	9801.5
84	7781.0
85	6226.0
86	4900.5
87	3975.5
88	3241.0
89	2611.5
90	2106.5
91	1792.0
92	1524.5
93	1405.0
94	1287.5
95	1255.5
96	1248.5
97	1327.0
98	1860.5
99	5496.5
100	8677.0
>>END_MODULE
>>Per base N content	pass
#Base	N-Count
1	0.0022152146515132982
2	0.005196698522103523
3	0.0065829492002517824
4	0.002890924781062952
5	0.003274059390601415
6	0.004548852727793031
7	0.007613929604100738
8	0.004667276152559465
9	0.007182032407893744
10	0.0049528855887608645
11	0.004841428247804221
12	0.003427313234416801
13	0.0062485771773818505
14	0.005015580343048977
15	0.003914939101102118
16	0.004966817756380445
17	0.007558200933622416
18	0.005774883478316114
19	0.008610079588900744
20	0.015813010248223857
21	0.011861633521966545
22	0.012956795092055376
23	0.008478118939551572
24	0.013170406586267005
25	0.013019266763024189
26	0.004315202908909856
27	0.011122581102095318
28	0.007451375552775616
29	0.010358476573917665
30	0.009366195150146037
31	0.012365753099816443
32	0.008612754412690894
33	0.009686827355401747
34	0.010978601539478668
35	0.004068574650043796
36	0.010254339760124144
37	0.00945275354918337
38	0.0068269087484684274
39	0.008876178743959616
40	0.0069310649393953296
41	0.005562173177178331
42	0.0065576398061634135
43	0.00850639422745909
44	0.006067232381936295
45	0.0045132971362982655
46	0.0077995771870769115
47	0.010141949790995464
48	0.005287886667532204
49	0.0029629214367742195
50	0.007371444850671857
>>END_MODULE
>>Sequence Length Distribution	warn
#Length	Count
20	14916.0
21	15822.0
22	17111.0
23	17807.0
24	18455.0
25	19220.0
26	19629.0
27	20167.0
28	20865.0
29	23303.0
30	24071.0
31	25306.0
32	27295.0
33	27579.0
34	29323.0
35	30572.0
36	29063.0
37	29946.0
38	31173.0
39	34104.0
40	36031.0
41	42813.0
42	46338.0
43	57834.0
44	92280.0
45	154798.0
46	384898.0
47	810126.0
48	1623024.0
49	2206999.0
50	8424400.0
>>END_MODULE
>>Sequence Duplication Levels	warn
#Total Duplicate Percentage	33.2885114758571
#Duplication Level	Relative count
1	100.0
2	23.19871467173008
3	8.725626232381508
4	4.136420068648214
5	2.12663404659315
6	1.4803184108668663
7	0.9384356970714964
8	0.6324399328123859
9	0.4586284963119842
10++	4.362813116190754
>>END_MODULE
>>Overrepresented sequences	pass
>>END_MODULE
>>Kmer Content	warn
#Sequence	Count	Obs/Exp Overall	Obs/Exp Max	Max Obs/Exp Position
AAAAA	4022375	4.103518	5.0577908	46
TTTTT	3421050	3.3543966	5.167747	13
GAAAA	2378405	2.9683502	6.6672416	4
AGAAA	2371895	2.9602256	6.4801974	28
TTTTC	2470045	2.9448004	5.266866	4
GAGAA	1494625	2.282008	6.6300693	27
GGAAA	1459785	2.2288134	6.3497005	20
AAAAT	2194020	2.2206016	5.1512647	22
TGAAA	1586010	1.9637738	5.395106	10
CTGAA	1309375	1.9556985	5.926125	9
AAATG	1485895	1.8398129	5.4913487	23
CATTT	1505410	1.8090459	5.3807135	1
AAAAC	1451875	1.786715	5.0754747	5
TGAGA	1085665	1.6445113	5.904792	26
AATGA	1162055	1.4388391	5.0117764	24
ATGAG	899810	1.3629874	5.626579	25
AACTG	900005	1.3442583	5.223139	7
ACTGA	877550	1.3107194	5.211495	8
>>END_MODULE
