##FastQC	0.10.1
>>Basic Statistics	pass
#Measure	Value	
Filename	KS28_S3_L002_R1_001.fastq.gz	
File type	Conventional base calls	
Encoding	Sanger / Illumina 1.9	
Total Sequences	23151097	
Filtered Sequences	0	
Sequence length	35-75	
%GC	45	
>>END_MODULE
>>Per base sequence quality	pass
#Base	Mean	Median	Lower Quartile	Upper Quartile	10th Percentile	90th Percentile
1	31.47120298446333	32.0	32.0	32.0	32.0	32.0
2	31.532486214368156	32.0	32.0	32.0	32.0	32.0
3	31.602528251685005	32.0	32.0	32.0	32.0	32.0
4	31.673284207655474	32.0	32.0	32.0	32.0	32.0
5	31.65368936944975	32.0	32.0	32.0	32.0	32.0
6	35.33552332314965	36.0	36.0	36.0	36.0	36.0
7	35.348785200113845	36.0	36.0	36.0	36.0	36.0
8	35.29741143583822	36.0	36.0	36.0	36.0	36.0
9	35.39272627124321	36.0	36.0	36.0	36.0	36.0
10	35.29616838459102	36.0	36.0	36.0	36.0	36.0
11	35.37357244885631	36.0	36.0	36.0	36.0	36.0
12	35.33087213966578	36.0	36.0	36.0	36.0	36.0
13	35.354826900859166	36.0	36.0	36.0	36.0	36.0
14	35.32517055239326	36.0	36.0	36.0	36.0	36.0
15	35.29834728781967	36.0	36.0	36.0	36.0	36.0
16	35.31374737879592	36.0	36.0	36.0	36.0	36.0
17	35.30702653096741	36.0	36.0	36.0	36.0	36.0
18	35.29804687009	36.0	36.0	36.0	36.0	36.0
19	35.298688437960415	36.0	36.0	36.0	36.0	36.0
20	35.2832657994565	36.0	36.0	36.0	36.0	36.0
21	35.27749950682683	36.0	36.0	36.0	36.0	36.0
22	35.264715533782265	36.0	36.0	36.0	36.0	36.0
23	35.24937189801416	36.0	36.0	36.0	36.0	36.0
24	35.23801563269335	36.0	36.0	36.0	36.0	36.0
25	35.21929971612144	36.0	36.0	36.0	36.0	36.0
26	35.18899635727845	36.0	36.0	36.0	36.0	36.0
27	35.17234772935382	36.0	36.0	36.0	36.0	36.0
28	35.16197906302237	36.0	36.0	36.0	36.0	36.0
29	35.14622857828292	36.0	36.0	36.0	36.0	36.0
30	35.12727457364115	36.0	36.0	36.0	36.0	36.0
31	35.114377215040825	36.0	36.0	36.0	36.0	36.0
32	35.09829374392064	36.0	36.0	36.0	36.0	36.0
33	35.084554481370795	36.0	36.0	36.0	36.0	36.0
34	35.082641872218844	36.0	36.0	36.0	36.0	36.0
35	35.05447988058622	36.0	36.0	36.0	36.0	36.0
36	35.05744550187628	36.0	36.0	36.0	36.0	36.0
37	35.04909810743213	36.0	36.0	36.0	36.0	36.0
38	35.028581390950016	36.0	36.0	36.0	36.0	36.0
39	35.023570154950306	36.0	36.0	36.0	36.0	36.0
40	35.00975093850285	36.0	36.0	36.0	36.0	36.0
41	34.99129528919929	36.0	36.0	36.0	36.0	36.0
42	34.981402705051636	36.0	36.0	36.0	36.0	36.0
43	34.97016984495723	36.0	36.0	36.0	36.0	36.0
44	34.9559441234848	36.0	36.0	36.0	36.0	36.0
45	34.94799816734699	36.0	36.0	36.0	36.0	36.0
46	34.92902010666071	36.0	36.0	36.0	36.0	36.0
47	34.91643921158861	36.0	36.0	36.0	36.0	36.0
48	34.899985761675644	36.0	36.0	36.0	36.0	36.0
49	34.878830608915905	36.0	36.0	36.0	36.0	36.0
50	34.8624168475881	36.0	36.0	36.0	36.0	36.0
51	34.848293211514175	36.0	36.0	36.0	36.0	36.0
52	34.826422365758084	36.0	36.0	36.0	36.0	36.0
53	34.79853321298748	36.0	36.0	36.0	36.0	36.0
54	34.7819390638723	36.0	36.0	36.0	36.0	36.0
55	34.760181247853815	36.0	36.0	36.0	36.0	36.0
56	34.736286586222896	36.0	36.0	36.0	36.0	36.0
57	34.72062299042687	36.0	36.0	36.0	36.0	36.0
58	34.7040440561226	36.0	36.0	36.0	32.0	36.0
59	34.6703368908378	36.0	36.0	36.0	32.0	36.0
60	34.636967811301055	36.0	36.0	36.0	32.0	36.0
61	34.626385817108755	36.0	36.0	36.0	32.0	36.0
62	34.60341850451933	36.0	36.0	36.0	32.0	36.0
63	34.56826510544357	36.0	36.0	36.0	32.0	36.0
64	34.54514823406958	36.0	36.0	36.0	32.0	36.0
65	34.52255487782581	36.0	36.0	36.0	32.0	36.0
66	34.495052664160816	36.0	36.0	36.0	32.0	36.0
67	34.46995029854178	36.0	36.0	36.0	32.0	36.0
68	34.440300905088954	36.0	36.0	36.0	32.0	36.0
69	34.41435224577751	36.0	36.0	36.0	32.0	36.0
70	34.38114653446222	36.0	36.0	36.0	32.0	36.0
71	34.329007741029955	36.0	36.0	36.0	32.0	36.0
72	34.31120425441027	36.0	36.0	36.0	32.0	36.0
73	34.28969185315624	36.0	36.0	36.0	32.0	36.0
74	34.26392569346964	36.0	36.0	36.0	32.0	36.0
75	33.51580698175299	36.0	36.0	36.0	27.0	36.0
>>END_MODULE
>>Per sequence quality scores	pass
#Quality	Count
2	9617.0
3	0.0
4	0.0
5	0.0
6	0.0
7	0.0
8	1.0
9	0.0
10	6.0
11	40.0
12	314.0
13	855.0
14	375.0
15	217.0
16	195.0
17	294.0
18	331.0
19	820.0
20	2331.0
21	5511.0
22	11474.0
23	21704.0
24	38408.0
25	67372.0
26	108030.0
27	162664.0
28	232179.0
29	316784.0
30	418067.0
31	552108.0
32	765214.0
33	1211619.0
34	2831581.0
35	1.6392986E7
>>END_MODULE
>>Per base sequence content	fail
#Base	G	A	T	C
1	43.26852345636999	18.5999306241475	11.610261608523754	26.521284310958755
2	16.23234966678805	20.231830767161206	35.9566846721553	27.57913489389544
3	18.59512894362929	21.884578718835872	28.84801306261068	30.672279274924165
4	12.932812116286948	15.276590575736321	36.06164497956246	35.72895232841427
5	14.537082330084333	35.40067445988762	34.71711403073615	15.345129179291902
6	34.29749955491179	35.65112516571974	16.256471064080603	13.794904215287874
7	30.428749587321125	29.9780437551963	20.683227693302246	18.909978964180336
8	26.47424883801727	34.75004623731931	19.867519277073033	18.908185647590386
9	24.512395058570153	15.628931252452308	20.04891649108009	39.809757197897454
10	13.99217768267198	27.612080126249488	35.05825037983742	23.33749181124111
11	34.14251378909214	22.905557466506032	23.735353140767142	19.216575603634688
12	21.84459248068836	24.40367686077122	31.311566935217627	22.440163723322794
13	27.668143956220604	20.775935679135475	26.408004155308994	25.147916209334927
14	20.309265680794066	20.631328305877993	27.5501435475425	31.509262465785437
15	22.583002470023526	29.636825302443924	23.467924264135224	24.31224796339733
16	22.545917547192314	29.050587948566815	25.439496523126437	22.96399798111443
17	21.37046886439827	28.410986217943744	27.64079304047578	22.5777518771822
18	21.83754020918282	28.222265818780823	28.062768673395134	21.877425298641228
19	22.218569793837247	27.621139398921677	27.943216170757683	22.217074636483385
20	22.256013876381285	27.495004641016912	27.958047627031636	22.290933855570174
21	22.199817936732106	27.17049257940507	27.76563792191365	22.864051561949175
22	22.04289098398603	27.07394025214947	28.05290866685096	22.83026009701354
23	22.131469441416662	27.139806067570404	27.81303227447983	22.915692216533103
24	22.13650187851518	27.01959557895868	28.05428816177844	22.7896143807477
25	22.335143900271806	27.001966827620354	27.69857573746961	22.96431353463823
26	21.926653231856612	27.29834301704485	27.870545440842236	22.9044583102563
27	21.882960175957052	27.31594880457345	27.997602612804595	22.803488406664908
28	22.078658988908465	27.15862180679025	27.976376008924536	22.786343195376748
29	21.762310222499277	27.367396690836	28.126558555530952	22.743734531133768
30	21.99419943498386	27.441458645107435	27.9130949056144	22.651247014294302
31	22.29080856892832	27.49079982064286	27.72785501635938	22.49053659406944
32	21.780866014941974	27.52568962363608	28.078363595437395	22.615080765984548
33	21.88303449828421	27.341856262040874	28.15342447420862	22.621684765466295
34	21.89984986595035	27.09322508917734	28.35236384088168	22.654561203990625
35	21.816306769447387	27.3476946416097	28.16536772962929	22.670630859313622
36	21.974452769309778	27.768302551697065	27.95816683122349	22.299077847769663
37	22.071653879077417	27.503995252434283	27.84797413258068	22.576376735907623
38	21.959653096849426	27.77898367813506	27.846887473148897	22.41447575186662
39	21.972100172782095	27.649396127784698	28.043567180329767	22.334936519103444
40	21.96017248404624	27.448215475855292	28.006239624262154	22.585372415836318
41	22.01321544235846	27.57967456394213	28.02781524007289	22.379294753626517
42	21.897612859339112	27.622035636215397	28.08202399728786	22.398327507157628
43	22.04366343551213	27.36440160038723	27.97775686006195	22.614178104038686
44	21.95473272344196	27.699091803283093	28.02231865550598	22.323856817768963
45	21.978190764098603	27.665502328495663	27.937941068915084	22.41836583849065
46	22.113715238226906	27.74430734294765	27.795498015336285	22.34647940348916
47	21.895783108178314	27.826713299144153	27.960316571586326	22.31718702109121
48	21.862834778953637	27.703996180950206	27.92535473048643	22.507814309609728
49	21.996574261951384	27.615982174195718	28.03139813455901	22.356045429293886
50	21.99236180110173	27.68703257117457	27.953549994583565	22.367055633140133
51	22.061981786231673	27.715986553860393	27.87301756513358	22.349014094774354
52	22.0248179791871	27.658299218617383	27.882391881936027	22.43449092025949
53	21.95957420628643	27.620874201431782	27.987737858472165	22.431813733809623
54	22.101066580073432	27.840734856336525	27.873565262993992	22.184633300596047
55	22.07373332492723	27.7031925411472	27.801959889167012	22.42111424475856
56	22.200418721104462	27.82821632340548	27.73735390496507	22.234011050524987
57	21.966963980712887	27.735092296120712	27.91075684206752	22.387186881098884
58	21.952741286805406	27.561949804177367	27.976743106743946	22.508565802273285
59	21.860237518577666	27.745016991373433	27.979492416557033	22.41525307349187
60	22.026279768080112	27.767383669785602	27.932630367970162	22.273706194164124
61	22.173214383151745	27.796374766323623	27.779926130190802	22.250484720333834
62	22.106790249252956	27.89372472709555	27.739865639589624	22.259619384061878
63	22.08575409056613	27.894469711215503	27.781404944309564	22.238371253908802
64	22.11864445291256	27.62933944696451	27.787452575878042	22.464563524244888
65	21.96243524346091	27.68584687160336	27.945615197944683	22.40610268699105
66	22.060820071988882	27.75908386409603	27.755518437568167	22.424577626346927
67	22.058023110186493	27.713829917781325	27.820861721200757	22.407285250831425
68	22.107848858758818	27.926938276491427	27.838256922968203	22.126955941781556
69	22.331925229570206	27.851701164090603	27.73193332547441	22.08444028086478
70	22.35245071754029	27.68129720986411	27.711761398702546	22.25449067389306
71	22.216780803245427	27.91543942623757	27.64372025692329	22.224059513593705
72	22.202253682633874	28.072312238690948	27.87108688341535	21.854347195259823
73	22.84614436500065	28.61277313363721	27.95128778427842	20.589794717083716
74	24.06558941716644	31.00862990086982	28.083676519280782	16.842104162682958
75	29.303439487413147	41.19260825315622	29.503952259430633	0.0
>>END_MODULE
>>Per base GC content	fail
#Base	%GC
1	69.78980776732875
2	43.811484560683496
3	49.267408218553456
4	48.66176444470122
5	29.882211509376237
6	48.09240377019966
7	49.33872855150146
8	45.38243448560767
9	64.3221522564676
10	37.329669493913094
11	53.35908939272682
12	44.28475620401115
13	52.816060165555534
14	51.8185281465795
15	46.895250433420856
16	45.50991552830674
17	43.94822074158047
18	43.71496550782405
19	44.43564443032063
20	44.546947731951455
21	45.06386949868128
22	44.87315108099957
23	45.04716165794977
24	44.92611625926288
25	45.29945743491003
26	44.831111542112914
27	44.686448582621956
28	44.86500218428521
29	44.50604475363305
30	44.64544644927816
31	44.78134516299776
32	44.39594678092653
33	44.5047192637505
34	44.55441106994098
35	44.48693762876101
36	44.273530617079444
37	44.64803061498503
38	44.37412884871604
39	44.307036691885536
40	44.54554489988256
41	44.39251019598498
42	44.295940366496744
43	44.657841539550816
44	44.27858954121093
45	44.39655660258926
46	44.46019464171606
47	44.21297012926952
48	44.37064908856336
49	44.35261969124527
50	44.35941743424186
51	44.41099588100602
52	44.45930889944659
53	44.39138794009605
54	44.28569988066948
55	44.49484756968579
56	44.43442977162945
57	44.35415086181177
58	44.46130708907869
59	44.27549059206953
60	44.299985962244236
61	44.423699103485575
62	44.36640963331484
63	44.32412534447493
64	44.58320797715744
65	44.36853793045196
66	44.48539769833581
67	44.46530836101792
68	44.234804800540374
69	44.416365510434986
70	44.606941391433345
71	44.440840316839136
72	44.0566008778937
73	43.43593908208437
74	40.90769357984939
75	29.303439487413147
>>END_MODULE
>>Per sequence GC content	warn
#GC Content	Count
0	9623.0
1	4817.5
2	14.5
3	33.5
4	50.5
5	96.5
6	206.0
7	364.0
8	459.0
9	653.0
10	1257.5
11	2301.0
12	2975.0
13	4208.5
14	7332.0
15	12113.5
16	15918.0
17	22880.5
18	37586.5
19	56597.5
20	69941.5
21	89954.5
22	128710.0
23	173032.0
24	202194.5
25	239005.0
26	301230.0
27	363809.5
28	405114.5
29	453499.5
30	529286.5
31	600539.0
32	646498.5
33	696953.5
34	779098.5
35	853865.0
36	896504.5
37	937185.0
38	982880.0
39	1013873.5
40	1034206.0
41	1039952.5
42	1031982.0
43	1015801.0
44	1008147.0
45	992322.0
46	955370.5
47	915977.5
48	895333.5
49	870416.0
50	828194.0
51	788548.0
52	765832.5
53	749280.0
54	719463.5
55	691093.5
56	676536.0
57	658199.5
58	621201.0
59	575416.5
60	536244.0
61	493075.5
62	439050.5
63	387978.0
64	348389.5
65	314262.0
66	268014.5
67	221051.0
68	187978.0
69	163586.0
70	134225.5
71	104788.5
72	84393.0
73	70851.0
74	56101.5
75	42919.5
76	34418.0
77	28622.5
78	22514.0
79	16883.5
80	13248.5
81	11102.5
82	8500.0
83	5769.5
84	4138.0
85	3391.0
86	2494.0
87	1585.0
88	1203.0
89	1027.5
90	717.0
91	474.5
92	381.0
93	341.5
94	265.5
95	186.0
96	145.5
97	111.5
98	64.0
99	152.0
100	254.0
>>END_MODULE
>>Per base N content	pass
#Base	N-Count
1	0.0826267541447388
2	0.04241699648185138
3	0.041587662131086056
4	0.04154446763365036
5	0.04154014818390679
6	0.04154014818390679
7	0.04154014818390679
8	0.04154014818390679
9	0.04154014818390679
10	0.04154014818390679
11	0.04154014818390679
12	0.04154014818390679
13	0.04154014818390679
14	0.04161789827929104
15	0.04154014818390679
16	0.04154014818390679
17	0.04159630103057319
18	0.04154014818390679
19	0.04198505150749444
20	0.04154014818390679
21	0.04185978746493093
22	0.04585527847773261
23	0.042507704926466335
24	0.04411885968081772
25	0.04439962391414973
26	0.04841671217566926
27	0.04710359945362416
28	0.05655455549255398
29	0.05479221999717767
30	0.057668973526394884
31	0.06537487186892267
32	0.06102950542689187
33	0.07288639497298983
34	0.05949610076792473
35	0.07199658832581454
36	0.026060045283110192
37	0.02507442362108392
38	0.032235366598392774
39	0.023659803593790538
40	0.02306593617613931
41	0.032031632470381884
42	0.027719099502865763
43	0.03858409828433938
44	0.032194420676565534
45	0.023484768543017443
46	0.03014033998199388
47	0.028835574113111846
48	0.03137383063743389
49	0.037346350541748105
50	0.056121856200597314
51	0.03828940390371704
52	0.03847578558758584
53	0.04192950175788248
54	0.034525262154391195
55	0.03121604376238629
56	0.03583180299853084
57	0.0359858881753076
58	0.03737259978190628
59	0.047020384621659125
60	0.04696663911068068
61	0.040852075404097125
62	0.034135237139138006
63	0.042227205359410304
64	0.036090431162232726
65	0.032009084079137336
66	0.02598635486401897
67	0.03407376229959189
68	0.02571053687610369
69	0.03018833997134773
70	0.0403814630702997
71	0.06501508391002295
72	0.028165232556582737
73	0.02790543457186693
74	0.029682000957050432
75	0.033913184890982
>>END_MODULE
>>Sequence Length Distribution	warn
#Length	Count
35	12227.0
36	3742.0
37	5253.0
38	6268.0
39	7268.0
40	7932.0
41	8811.0
42	9773.0
43	11290.0
44	12519.0
45	13852.0
46	14646.0
47	15144.0
48	16108.0
49	17003.0
50	16848.0
51	17716.0
52	18579.0
53	19565.0
54	21275.0
55	21743.0
56	22911.0
57	23740.0
58	24008.0
59	25006.0
60	25048.0
61	25574.0
62	26243.0
63	27405.0
64	30028.0
65	31705.0
66	31443.0
67	33248.0
68	35173.0
69	43773.0
70	59584.0
71	150708.0
72	548905.0
73	1616048.0
74	4966125.0
75	1.512686E7
>>END_MODULE
>>Sequence Duplication Levels	warn
#Total Duplicate Percentage	36.21376399774652
#Duplication Level	Relative count
1	100.0
2	23.302136758758543
3	10.542789407626632
4	6.017478345755149
5	3.6490695260083363
6	2.354463331112385
7	1.6695848892883152
8	1.1528270604459456
9	0.8948355207090506
10++	5.366688876148566
>>END_MODULE
>>Overrepresented sequences	pass
>>END_MODULE
>>Kmer Content	warn
#Sequence	Count	Obs/Exp Overall	Obs/Exp Max	Max Obs/Exp Position
AAAAA	8652595	3.5545251	6.9327497	71
CCTGG	3626405	3.113649	12.290136	3
TTTTT	7951615	3.1015735	5.5349355	71
CCAGG	3425990	2.9722211	13.578471	3
CCCAG	3337595	2.882308	12.446492	2
CTGGG	3290260	2.8379962	11.141928	4
CCAGC	3110920	2.6865542	7.0839877	3
GGAGG	2957030	2.5889714	5.903152	6
GCTGG	2978135	2.5687742	6.43676	3
CAGCC	2821080	2.4362519	6.005154	5
CAGCA	3390480	2.4344292	6.832332	4
TCCAG	3400975	2.4167833	9.344076	2
TGCTG	3376770	2.3857355	6.558512	2
CAGGA	3260315	2.3517098	10.50969	4
GGCTG	2722360	2.3481572	8.744517	7
CTCCA	3294305	2.3302894	7.028475	1
AGGAG	3203430	2.3212807	7.554189	5
CTCCT	3262905	2.2842772	6.568777	1
GGCAG	2614895	2.2789645	6.5709133	7
CTGGA	3169000	2.2622716	8.493816	4
TCCTG	3215680	2.2615461	9.089232	2
CCTGC	2636920	2.2537308	6.39215	3
CTGCC	2608305	2.229274	5.892386	9
GCCTG	2592855	2.2262378	8.121106	7
GCAGG	2548455	2.2210598	6.6916904	3
CAGAG	3063110	2.2094634	8.170137	4
CCCTG	2584140	2.2086205	9.251394	2
CTGCA	3088200	2.1945207	6.562699	4
AGCAG	3038140	2.1914523	5.7346687	7
CTGCT	3113535	2.1897085	6.5976458	9
GCTGC	2532380	2.1743138	5.7622895	8
TGCAG	3024045	2.1587918	6.672063	2
CTCTG	3053685	2.147617	7.5193567	2
CAGGG	2431630	2.1192431	9.677354	4
TGGAG	2918115	2.0927296	6.373869	5
CAGGC	2391645	2.0748742	6.536347	4
CTGGC	2407915	2.0674474	5.6508245	4
GCCAG	2377490	2.062594	5.568592	2
AGCTG	2883490	2.058453	6.008021	7
GGGAG	2331955	2.0416987	5.7144275	7
CCCCA	2339110	2.0108013	7.1048164	1
GGAGA	2774725	2.010631	5.5926156	6
CACAG	2781865	1.997432	7.1634817	7
CAGAA	3341710	1.9949586	5.4042754	4
CTCAG	2763730	1.9639477	6.3135986	2
CTGTG	2774715	1.9603752	9.234191	9
CTGAG	2728945	1.9481272	6.047741	4
TTCTG	3290960	1.9045073	5.072598	2
GGCCA	2186170	1.8966141	6.504751	1
CCAGA	2624775	1.8846383	7.055453	3
TGGGG	2167600	1.8782306	6.2297816	5
CCTCT	2612950	1.8292599	5.4855394	1
TCTGG	2576375	1.8202451	6.339166	3
CACTG	2542190	1.8065178	7.6453724	7
TGGCC	2093600	1.7975751	5.9822173	5
AGAGG	2469455	1.7894253	5.299242	5
CAGTG	2502570	1.7865236	6.7669234	9
ACCTG	2488335	1.7682476	5.413379	7
GCCCA	2027200	1.7506663	8.092741	1
CCTGA	2447520	1.7392441	5.716009	3
ACAGA	2816790	1.681588	5.9114866	8
GAGAG	2311205	1.6747534	5.46989	7
TCAGG	2335930	1.6675633	5.9997854	3
GGGCC	1573085	1.6489457	5.634423	6
TGGGC	1904535	1.6427464	6.698737	5
GGCCT	1908305	1.6384798	5.480469	6
CCTGT	2287850	1.6090151	5.740978	8
AGCCT	2258170	1.6046891	5.7891083	6
AGGCC	1842245	1.5982416	5.1632605	5
AGGTG	2222455	1.5938363	5.3818655	7
ACAGG	2199070	1.5862194	5.027174	8
AGGCT	2099935	1.4990922	5.224138	6
CCATG	2108730	1.4984947	5.004827	9
GCCCT	1712940	1.4640207	6.0139236	1
ACACA	2460200	1.4619998	6.2714744	6
GGGCT	1689580	1.4573382	6.1889524	6
GTGTG	2047085	1.4529308	6.6705484	1
GACAG	2000360	1.4428872	7.362184	7
CTGTC	2046460	1.4392488	5.9617286	9
TGTGT	2475530	1.4391847	5.579801	10
ACAGC	2002615	1.4379158	5.6828475	8
GCTGT	2027025	1.4321215	5.319839	8
CACAC	2000685	1.4299684	6.782365	5
AGGGC	1581645	1.3784541	5.8972316	5
AGAGC	1904115	1.3734643	5.1112256	5
AGACA	2275670	1.3585463	5.7504234	6
ACTGG	1885790	1.3462194	5.0123043	8
ACTGC	1780200	1.2650365	5.415866	8
GGACA	1737985	1.2536324	6.1529055	6
GTGCT	1725690	1.2192241	5.8224053	1
GTCCT	1714600	1.2058558	6.934243	1
GTCCA	1635135	1.1619512	6.645286	1
TGTGC	1637905	1.1572031	5.6375327	10
AGCAC	1608080	1.1546321	5.6891284	5
AGGAC	1592820	1.1489229	7.272074	5
GTGCA	1502785	1.0728015	5.9163094	1
TGCAC	1503505	1.068413	5.600622	5
TGGAC	1489885	1.0635924	6.0145154	5
ACAGT	1797095	1.0617799	5.743845	8
GACTG	1484785	1.0599517	6.545098	7
ACTGT	1800380	1.0527515	6.56364	8
GCACT	1460450	1.0378175	5.207487	6
AGACT	1736470	1.0259607	5.751495	6
GGACC	1140280	0.98925114	5.201815	6
GGACT	1334845	0.9529132	5.4679456	6
ACACT	1580215	0.92937577	5.056777	6
GTGTA	1083160	0.63627166	5.7182193	1
>>END_MODULE
