##FastQC	0.10.1
>>Basic Statistics	pass
#Measure	Value	
Filename	029-F5_S4_L001_R2_001.fastq.gz	
File type	Conventional base calls	
Encoding	Sanger / Illumina 1.9	
Total Sequences	25526433	
Filtered Sequences	0	
Sequence length	35-76	
%GC	46	
>>END_MODULE
>>Per base sequence quality	pass
#Base	Mean	Median	Lower Quartile	Upper Quartile	10th Percentile	90th Percentile
1	31.3465589963157	32.0	32.0	32.0	32.0	32.0
2	31.136473591903734	32.0	32.0	32.0	32.0	32.0
3	31.194827926016924	32.0	32.0	32.0	32.0	32.0
4	31.23328625664228	32.0	32.0	32.0	32.0	32.0
5	31.179506983995765	32.0	32.0	32.0	32.0	32.0
6	34.86265276468514	36.0	36.0	36.0	36.0	36.0
7	34.84949115295505	36.0	36.0	36.0	36.0	36.0
8	34.757116554435946	36.0	36.0	36.0	32.0	36.0
9	34.908789097168416	36.0	36.0	36.0	36.0	36.0
10-14	34.790801111929746	36.0	36.0	36.0	33.6	36.0
15-19	34.68724165260379	36.0	36.0	36.0	32.0	36.0
20-24	34.620213102237976	36.0	36.0	36.0	32.0	36.0
25-29	34.54302903190587	36.0	36.0	36.0	32.0	36.0
30-34	34.46517387682016	36.0	36.0	36.0	32.0	36.0
35-39	34.42615583278368	36.0	36.0	36.0	32.0	36.0
40-44	34.34104562556359	36.0	36.0	36.0	32.0	36.0
45-49	34.203272289992476	36.0	36.0	36.0	32.0	36.0
50-54	34.03438122295724	36.0	36.0	36.0	32.0	36.0
55-59	33.861148910275475	36.0	36.0	36.0	31.0	36.0
60-64	33.721239843321804	36.0	36.0	36.0	27.0	36.0
65-69	33.60382599424612	36.0	36.0	36.0	27.0	36.0
70-74	33.47227258505262	36.0	36.0	36.0	27.0	36.0
75-76	32.47884740726051	36.0	34.0	36.0	20.5	36.0
>>END_MODULE
>>Per sequence quality scores	pass
#Quality	Count
2	54234.0
3	192.0
4	3002.0
5	4610.0
6	1917.0
7	926.0
8	356.0
9	257.0
10	222.0
11	147.0
12	196.0
13	244.0
14	2456.0
15	7903.0
16	11042.0
17	12889.0
18	15331.0
19	19702.0
20	26663.0
21	38012.0
22	56021.0
23	84397.0
24	125369.0
25	181375.0
26	250406.0
27	332077.0
28	427551.0
29	543589.0
30	688081.0
31	889468.0
32	1213890.0
33	1883873.0
34	4047200.0
35	1.4602835E7
>>END_MODULE
>>Per base sequence content	fail
#Base	G	A	T	C
1	43.90900140050279	18.156570591897204	11.931976006088444	26.00245200151156
2	16.683555801704784	18.656821710550776	38.14106431262622	26.51855817511822
3	20.319742217192395	20.896356282075754	27.94363247071058	30.840269030021272
4	13.681444282943303	14.368732757624333	35.916696869613716	36.033126089818644
5	15.53188726226679	34.26398388263007	34.70212914137662	15.501999713726516
6	34.866040526331	34.52147045041401	16.38062876177291	14.231860261482085
7	30.6131240045592	29.044493043260587	20.621815413907072	19.720567538273137
8	26.447243950914	34.96602322202278	19.72975552684354	18.856977300219683
9	24.847302255748698	16.06176812593705	20.225484156611333	38.86544546170291
10-14	24.329088164891306	22.89577096486024	28.16325173722076	24.611889133027695
15-19	22.822967290181644	27.938209042809387	25.97902394493396	23.259799722075005
20-24	22.865713052982596	26.580864665034625	27.35605176388859	23.19737051809419
25-29	22.80786151363178	26.649658132036507	27.22829656294553	23.31418379138618
30-34	22.788610181581	26.729857306787597	27.328108497112897	23.15342401451851
35-39	22.857568678169425	26.948814580045386	27.189974609344763	23.00364213244042
40-44	22.87676068273135	26.882601192726653	27.213606751922885	23.027031372619113
45-49	22.88861086128141	27.063732411608488	27.07105089672069	22.976605830389417
50-54	22.919222436060082	27.095230456732605	27.062241322975794	22.923305784231516
55-59	22.917732748432783	27.088050642421763	27.003731803040726	22.99048480610473
60-64	23.004958172101652	27.17831013529077	26.932470630599642	22.884261062007937
65-69	22.996796191971832	27.241696996219	26.937616192960384	22.82389061884878
70-74	23.27448502458016	27.479992824832145	26.86759965450432	22.37792249608338
75-76	27.506140640560258	34.77676733888478	27.66775472085753	10.049337299697438
>>END_MODULE
>>Per base GC content	fail
#Base	%GC
1	69.91145340201436
2	43.202113976823
3	51.16001124721367
4	49.71457037276195
5	31.03388697599331
6	49.09790078781308
7	50.33369154283234
8	45.30422125113368
9	63.71274771745161
10-14	48.940977297919
15-19	46.08276701225665
20-24	46.06308357107679
25-29	46.12204530501796
30-34	45.94203419609951
35-39	45.86121081060984
40-44	45.903792055350465
45-49	45.865216691670824
50-54	45.8425282202916
55-59	45.908217554537515
60-64	45.88921923410959
65-69	45.82068681082062
70-74	45.65240752066354
75-76	37.555477940257695
>>END_MODULE
>>Per sequence GC content	warn
#GC Content	Count
0	54408.0
1	27541.5
2	1094.5
3	1948.5
4	2392.5
5	2607.5
6	2686.5
7	2399.5
8	2251.0
9	2282.0
10	2647.5
11	3785.0
12	4613.0
13	5693.5
14	8482.0
15	13001.0
16	19958.5
17	25303.5
18	33834.0
19	50971.5
20	72392.5
21	87737.0
22	110106.5
23	150337.5
24	193322.5
25	222149.0
26	258305.5
27	317381.5
28	376483.5
29	417194.5
30	466425.5
31	542052.0
32	614477.5
33	663391.5
34	725459.0
35	813697.5
36	888812.5
37	938542.0
38	984054.5
39	1039255.5
40	1069367.5
41	1081064.0
42	1095642.0
43	1105678.5
44	1100915.0
45	1084224.5
46	1074422.5
47	1059173.0
48	1030817.0
49	1002146.5
50	983272.5
51	961066.0
52	928675.0
53	902252.0
54	890738.0
55	876575.5
56	850237.0
57	823340.0
58	797522.5
59	755180.5
60	694976.5
61	628518.0
62	575182.0
63	522437.0
64	453419.0
65	390492.0
66	326994.0
67	281072.0
68	245815.0
69	201691.0
70	158283.0
71	128461.0
72	107261.0
73	84685.0
74	64512.0
75	51361.0
76	43124.0
77	34057.5
78	25564.5
79	20424.0
80	17367.5
81	13893.0
82	10200.0
83	7844.5
84	6557.0
85	5120.0
86	3899.0
87	3290.5
88	2889.0
89	2423.0
90	2035.5
91	1788.0
92	1675.0
93	1578.0
94	1452.0
95	1383.5
96	1345.0
97	1364.5
98	1567.5
99	14954.0
100	28158.0
>>END_MODULE
>>Per base N content	pass
#Base	N-Count
1	0.45829748324021613
2	0.3214981113890844
3	0.2303181176939214
4	0.21274026026276371
5	0.21266974512263426
6	0.21311634101012075
7	0.2166577680477331
8	0.2249432970129434
9	0.241255799429556
10-14	0.2587647087236983
15-19	0.2716744638782865
20-24	0.277249860957855
25-29	0.27375466051210523
30-34	0.2782942685333278
35-39	0.1183475033859446
40-44	0.07081732364211424
45-49	0.065939353066642
50-54	0.07332477589055922
55-59	0.07373028794311684
60-64	0.06882932485441712
65-69	0.05701830621810793
70-74	0.057778371003245746
75-76	0.06958111328251156
>>END_MODULE
>>Sequence Length Distribution	warn
#Length	Count
35	68563.0
36	20839.0
37	26859.0
38	29024.0
39	31224.0
40	31369.0
41	32873.0
42	34831.0
43	37643.0
44	40793.0
45	43742.0
46	45350.0
47	46746.0
48	48388.0
49	50370.0
50	49892.0
51	50879.0
52	51683.0
53	53124.0
54	55927.0
55	57764.0
56	59651.0
57	61451.0
58	61942.0
59	63218.0
60	63847.0
61	62746.0
62	64714.0
63	65346.0
64	68967.0
65	69902.0
66	73032.0
67	72508.0
68	73618.0
69	78066.0
70	83443.0
71	103018.0
72	201059.0
73	627426.0
74	1680902.0
75	5368376.0
76	1.5615318E7
>>END_MODULE
>>Sequence Duplication Levels	warn
#Total Duplicate Percentage	37.911523896995625
#Duplication Level	Relative count
1	100.0
2	23.826474915753003
3	10.98691600613856
4	6.157545841441612
5	3.736927871912921
6	2.5622162102298796
7	1.7711645862008956
8	1.2838767857990412
9	0.9769487556757954
10++	6.908253832645118
>>END_MODULE
>>Overrepresented sequences	warn
#Sequence	Count	Percentage	Possible Source
NNNNNNNNNNNNNNNNNNNNNNNNNNNNNNNNNNN	54232	0.21245428219446091	No Hit
GGGGGGGGGGGGGGGGGGGGGGGGGGGGGGGGGGGGGGGGGGGGGGGGGG	28115	0.11014073137441491	No Hit
>>END_MODULE
>>Kmer Content	warn
#Sequence	Count	Obs/Exp Overall	Obs/Exp Max	Max Obs/Exp Position
AAAAA	9039920	3.7902584	7.5338373	72
GGGGG	4308415	3.4660041	6.0492744	72
TTTTT	8061690	3.2246928	5.6874094	72
CCTGG	4257525	3.042266	11.9215555	3
CCAGG	4030830	2.907521	12.133269	3
CCCAG	3875700	2.8254502	10.503737	2
CTGGG	3863135	2.7313082	10.080255	4
CCAGC	3588325	2.615949	6.5927606	3
GGAGG	3554650	2.5101917	5.8727064	6
GCTGG	3494195	2.4704607	6.250562	3
CAGCA	3860240	2.444225	6.940517	4
TCCAG	3867940	2.4261532	9.835404	2
TGCTG	3873780	2.381639	7.225448	2
CAGCC	3260315	2.3768241	5.4188957	9
CTCCA	3742020	2.3722134	7.538929	1
CAGGA	3753050	2.351268	10.16999	4
CTCCT	3709625	2.329642	7.1839213	1
AGGAG	3729260	2.3116992	7.1295877	5
TCCTG	3687945	2.2915776	10.050569	2
GGCTG	3240025	2.290758	7.9217787	7
CTGGA	3655290	2.268565	8.990976	4
CTGCA	3577980	2.2442765	6.917629	4
CCTGC	3085295	2.228157	6.5173407	3
TGCAG	3543355	2.1990952	7.1463995	2
CCCTG	3041360	2.1964278	8.681893	2
GGCAG	3074600	2.19436	5.616356	7
GCAGG	3070750	2.1916122	6.5559545	3
CTGCT	3516070	2.1847794	6.3470674	9
CAGAG	3485650	2.183743	7.1382184	4
CTGCC	3019785	2.1808465	5.561791	9
GCCTG	3032140	2.1666522	6.558067	7
AGCAG	3455330	2.1647477	5.084019	7
CTCTG	3470605	2.156529	7.235286	2
TGGAG	3437030	2.1105886	6.6030664	5
GCTGC	2935515	2.0976079	5.296979	8
CAGGG	2934275	2.0942092	8.687832	4
CACAG	3248660	2.0569851	7.2154665	7
AGCTG	3279985	2.0356412	5.5705876	7
CCCCA	2759675	2.0333147	6.287631	1
CAGGC	2817645	2.0324256	5.847458	4
CTGTG	3304385	2.0315692	8.928593	9
CTCAG	3167330	1.9866979	5.9863567	2
CTGGC	2775960	1.9835956	5.15529	4
GGAGA	3189345	1.9770157	5.5862255	6
CAGAA	3557220	1.9562621	5.3963175	4
CTGAG	3150340	1.9551802	5.6507697	4
TCCCA	2999445	1.9014659	5.079198	2
TTCTG	3507800	1.8753655	5.4256277	2
CACTG	2950015	1.8503877	7.638143	7
CCAGA	2918800	1.8481245	6.437592	3
CCTCT	2937385	1.8446759	5.3565526	1
GGCCA	2556405	1.8439876	5.632871	1
TGGGG	2634620	1.8430609	5.534377	5
CAGTG	2950800	1.8313407	6.4261546	9
TCTGG	2903660	1.7851994	6.1505623	3
ACCTG	2845365	1.7847463	5.0839715	7
TGGCC	2460545	1.7582121	5.259208	5
CCTGA	2759195	1.7306964	5.629175	3
GCCCA	2340290	1.7061106	6.379789	1
ACAGA	3065295	1.6857322	5.7665424	8
TCAGG	2678100	1.6620961	5.7332973	3
CCTGT	2631720	1.6352713	5.3311396	8
GAGAG	2636235	1.6341531	5.2278037	7
AGGTG	2616510	1.606729	5.050495	7
TGGGC	2270115	1.6050135	5.934169	5
ACACA	2788380	1.5498061	6.1860247	6
GTGTG	2534290	1.5416584	7.6131983	1
TGTGT	2876170	1.5214459	5.7358756	10
CACAC	2352395	1.5053805	6.2842655	5
ACAGC	2327550	1.4737571	5.655224	8
CTGTC	2352440	1.461735	5.8508663	9
GCTGT	2372485	1.4586277	5.1599317	8
GCCCT	2007330	1.4496657	5.4767528	1
GGGCT	2027575	1.4335332	5.5431867	6
GACAG	2283280	1.430464	6.819116	7
AGACA	2502385	1.3761646	5.3509374	6
AGGGC	1919875	1.370226	5.2306743	5
GGACA	2039700	1.2778624	5.9561224	6
ACTGC	2035495	1.2767578	5.2990026	8
GTCCT	2004440	1.2454983	7.831008	1
GTGCT	2017885	1.240616	6.32465	1
GTCCA	1915195	1.2013	7.0166874	1
TGTGC	1935350	1.1898726	5.5228143	10
AGCAC	1878050	1.189143	5.5371385	5
AGGAC	1875695	1.1751139	6.994718	5
GTCTT	2132015	1.1398333	5.7167583	1
GTCCC	1567770	1.1322216	5.1119905	1
TGCAC	1775870	1.1139089	5.591072	5
GTGCA	1787565	1.1094078	6.210105	1
ACAGT	2029180	1.1054739	5.7893667	8
TGGAC	1764460	1.0950682	6.032079	5
ACTGT	2027825	1.0943847	6.633827	8
GCACT	1675005	1.0506417	5.0057993	6
GACTG	1690805	1.0493561	5.977487	7
ACACT	1790450	0.9858236	5.1390004	6
GGACT	1541025	0.95639884	5.2301455	6
GTGTA	1268780	0.6775115	6.121772	1
TACAC	1192880	0.656801	5.059923	5
>>END_MODULE
