##FastQC	0.10.1
>>Basic Statistics	pass
#Measure	Value	
Filename	KS29_S2_L001_R1_001_trimmed.fq.gz	
File type	Conventional base calls	
Encoding	Sanger / Illumina 1.9	
Total Sequences	19801648	
Filtered Sequences	0	
Sequence length	20-50	
%GC	45	
>>END_MODULE
>>Per base sequence quality	pass
#Base	Mean	Median	Lower Quartile	Upper Quartile	10th Percentile	90th Percentile
1	35.299359629057136	36.0	36.0	36.0	36.0	36.0
2	35.290168828372266	36.0	36.0	36.0	36.0	36.0
3	35.270797056891425	36.0	36.0	36.0	36.0	36.0
4	35.26446975524461	36.0	36.0	36.0	36.0	36.0
5	35.22893604613111	36.0	36.0	36.0	36.0	36.0
6	35.206659061912426	36.0	36.0	36.0	36.0	36.0
7	35.19658055733543	36.0	36.0	36.0	36.0	36.0
8	35.19483585406629	36.0	36.0	36.0	36.0	36.0
9	35.18020520312249	36.0	36.0	36.0	36.0	36.0
10	35.15964368218241	36.0	36.0	36.0	36.0	36.0
11	35.14670773866902	36.0	36.0	36.0	36.0	36.0
12	35.13820450701881	36.0	36.0	36.0	36.0	36.0
13	35.13038783438631	36.0	36.0	36.0	36.0	36.0
14	35.11845009061872	36.0	36.0	36.0	36.0	36.0
15	35.095488920922136	36.0	36.0	36.0	36.0	36.0
16	35.08164123511336	36.0	36.0	36.0	36.0	36.0
17	35.07872516469336	36.0	36.0	36.0	36.0	36.0
18	35.05390288727484	36.0	36.0	36.0	36.0	36.0
19	35.04381332301231	36.0	36.0	36.0	36.0	36.0
20	35.031841794177936	36.0	36.0	36.0	36.0	36.0
21	35.02326129401128	36.0	36.0	36.0	36.0	36.0
22	35.01083885879303	36.0	36.0	36.0	36.0	36.0
23	35.00473201414564	36.0	36.0	36.0	36.0	36.0
24	34.98970182377645	36.0	36.0	36.0	36.0	36.0
25	34.97518249906841	36.0	36.0	36.0	36.0	36.0
26	34.96662205023706	36.0	36.0	36.0	36.0	36.0
27	34.96384162170727	36.0	36.0	36.0	36.0	36.0
28	34.92859647426621	36.0	36.0	36.0	36.0	36.0
29	34.92169685620839	36.0	36.0	36.0	36.0	36.0
30	34.91613557101273	36.0	36.0	36.0	36.0	36.0
31	34.89188762276097	36.0	36.0	36.0	36.0	36.0
32	34.87628332238688	36.0	36.0	36.0	36.0	36.0
33	34.8595465453778	36.0	36.0	36.0	36.0	36.0
34	34.839495128533834	36.0	36.0	36.0	36.0	36.0
35	34.819814761962434	36.0	36.0	36.0	36.0	36.0
36	34.80201114044579	36.0	36.0	36.0	36.0	36.0
37	34.78480599676563	36.0	36.0	36.0	36.0	36.0
38	34.767511364426575	36.0	36.0	36.0	36.0	36.0
39	34.745996481746914	36.0	36.0	36.0	36.0	36.0
40	34.734201505274335	36.0	36.0	36.0	32.0	36.0
41	34.71757396870522	36.0	36.0	36.0	32.0	36.0
42	34.69171560499474	36.0	36.0	36.0	32.0	36.0
43	34.675389855754766	36.0	36.0	36.0	32.0	36.0
44	34.65519221778606	36.0	36.0	36.0	32.0	36.0
45	34.63626308668602	36.0	36.0	36.0	32.0	36.0
46	34.61172924667684	36.0	36.0	36.0	32.0	36.0
47	34.62983270893892	36.0	36.0	36.0	32.0	36.0
48	34.641882461996595	36.0	36.0	36.0	32.0	36.0
49	34.713147511112176	36.0	36.0	36.0	32.0	36.0
50	34.80297436032734	36.0	36.0	36.0	32.0	36.0
>>END_MODULE
>>Per sequence quality scores	pass
#Quality	Count
8	4.0
9	4.0
10	3.0
11	9.0
12	24.0
13	61.0
14	75.0
15	144.0
16	292.0
17	641.0
18	1329.0
19	2832.0
20	5947.0
21	10707.0
22	18257.0
23	29972.0
24	46043.0
25	69036.0
26	101150.0
27	140871.0
28	189980.0
29	250119.0
30	325538.0
31	424886.0
32	580811.0
33	878279.0
34	1763913.0
35	8946335.0
36	6014386.0
>>END_MODULE
>>Per base sequence content	pass
#Base	G	A	T	C
1	22.4671771506164	26.799114536288528	27.4505365777981	23.283171735296975
2	22.35221835647136	26.794072316334766	27.712769049299173	23.140940277894703
3	22.39846626891522	26.856464356548948	27.523459413424522	23.221609961111316
4	22.466430648928252	26.649730004400148	27.81741230350912	23.06642704316248
5	22.728792137221777	26.629324762603275	27.403671073488084	23.23821202668687
6	22.164928226564847	27.01773128604839	27.642260697180326	23.17507979020644
7	22.25074877357489	26.95725266230885	27.662417429867087	23.129581134249168
8	22.325840926802066	26.85161613076935	27.68261557287773	23.139927369550854
9	22.07620624827724	27.055261458627616	27.77856449028655	23.08996780280859
10	22.239604186808894	27.106267527020044	27.654365043612255	22.999763242558807
11	22.645397032475742	27.090840204622573	27.409873606795053	22.85388915610663
12	22.076795379868667	27.210385194116306	27.784492393252595	22.92832703276243
13	22.15586637958332	27.01973022959564	27.886823413743134	22.93757997707791
14	22.191115463161847	26.78341953514906	28.05453584878903	22.97092915290006
15	22.093586633644364	27.054372646928442	27.872212126685714	22.979828592741477
16	22.29820970342863	27.385209460507063	27.731324710375375	22.58525612568893
17	22.36559295098902	27.124052124766756	27.54537321534612	22.9649817088981
18	22.260340509109678	27.48606421659496	27.544759274255963	22.708836000039394
19	22.319957771858434	27.28229473240703	27.752285341585146	22.645462154149385
20	22.301430985644583	27.08590677067988	27.75629061948024	22.8563716241953
21	22.371848310022767	27.186728731596638	27.77235637587776	22.669066582502833
22	22.196382848475846	27.31713606200559	27.796128858525687	22.690352230992875
23	22.310205605637247	27.08480155572769	27.701776405248918	22.903216433386145
24	22.20108458614985	27.41115869288393	27.73386293876101	22.653893782205206
25	22.262243177650117	27.35724227416192	27.624993180742862	22.755521367445102
26	22.384493532553186	27.373297830338927	27.537063738909396	22.705144898198494
27	22.227666429710737	27.475690008010723	27.683180510642398	22.613463051636142
28	22.133010610670393	27.390538495133022	27.672612314382427	22.803838579814155
29	22.358296144921468	27.230905201383354	27.727535011630593	22.683263642064585
30	22.26133722141815	27.424112899026404	27.672991224397187	22.641558655158256
31	22.370376114812736	27.392282706381778	27.61544295447026	22.621898224335233
32	22.307254715474638	27.388270144129027	27.57955877234038	22.724916368055954
33	22.2326923533277	27.274328981941164	27.757559769929653	22.735418894801487
34	22.38783860175228	27.538282510245104	27.62715948353315	22.44671940446947
35	22.356058431350366	27.30976876219352	27.551619698621575	22.782553107834538
36	22.438080365759667	27.516295208269366	27.45766091277409	22.587963513196875
37	22.23786868766893	27.40872514087992	27.61526328623446	22.73814288521669
38	22.259557981206314	27.25907933377636	27.66003028101911	22.821332403998216
39	22.169477743475117	27.437447672757248	27.698950350926367	22.69412423284127
40	22.307288167717722	27.42404942416337	27.690561085399228	22.578101322719675
41	22.485822484490946	27.421503483967452	27.536015780335344	22.55665825120626
42	22.406914444865432	27.516367646629742	27.511783366112063	22.56493454239276
43	22.376824022093693	27.58013840932022	27.524999940146085	22.51803762844
44	22.445573244609335	27.31232119101484	27.475660464021388	22.76644510035444
45	22.280095043317505	27.438948459324397	27.647783894262396	22.6331726030957
46	22.32570249234468	27.558511633261674	27.451134936909433	22.664650937484215
47	22.31283791173714	27.484111918923144	27.552366595349387	22.650683573990328
48	22.32818772339032	27.865669099727018	27.69348096729407	22.11266220958859
49	22.433505765379437	28.15554357643069	27.83010002896355	21.58085062922632
50	22.18235360994263	28.115362745411907	27.973195318583517	21.729088326061945
>>END_MODULE
>>Per base GC content	pass
#Base	%GC
1	45.750348885913375
2	45.49315863436607
3	45.620076230026534
4	45.53285769209074
5	45.96700416390865
6	45.340008016771286
7	45.38032990782406
8	45.46576829635291
9	45.16617405108583
10	45.2393674293677
11	45.499286188582374
12	45.005122412631096
13	45.093446356661225
14	45.162044616061905
15	45.07341522638584
16	44.88346582911756
17	45.33057465988712
18	44.96917650914907
19	44.96541992600782
20	45.157802609839884
21	45.0409148925256
22	44.88673507946872
23	45.213422039023385
24	44.854978368355056
25	45.01776454509521
26	45.089638430751684
27	44.84112948134688
28	44.93684919048455
29	45.04155978698605
30	44.9028958765764
31	44.99227433914796
32	45.03217108353059
33	44.96811124812918
34	44.83455800622175
35	45.1386115391849
36	45.02604387895654
37	44.97601157288562
38	45.08089038520453
39	44.86360197631639
40	44.8853894904374
41	45.042480735697204
42	44.97184898725819
43	44.8948616505337
44	45.212018344963774
45	44.91326764641321
46	44.99035342982889
47	44.96352148572747
48	44.44084993297891
49	44.014356394605755
50	43.91144193600457
>>END_MODULE
>>Per sequence GC content	warn
#GC Content	Count
0	3741.0
1	3649.0
2	3039.5
3	2655.0
4	2845.0
5	3386.0
6	4005.5
7	5023.0
8	6142.0
9	8043.5
10	10055.5
11	14016.0
12	18179.5
13	25026.0
14	32747.5
15	45179.5
16	58817.0
17	79427.5
18	101318.5
19	130233.0
20	159840.0
21	197314.5
22	236100.5
23	281547.0
24	329055.5
25	375243.0
26	428786.0
27	489372.5
28	552048.0
29	619404.0
30	688023.0
31	757754.0
32	830331.0
33	903689.0
34	978200.5
35	1042406.0
36	1102541.0
37	1147789.0
38	1183932.5
39	1207608.5
40	1227738.5
41	1235724.5
42	1240035.5
43	1229667.0
44	1216466.0
45	1193113.0
46	1168608.5
47	1141330.0
48	1112479.0
49	1082530.0
50	1053177.5
51	1026537.5
52	997767.0
53	969433.0
54	942360.5
55	913195.0
56	880442.5
57	842767.5
58	802798.0
59	754007.5
60	703912.5
61	650002.0
62	594389.0
63	544883.5
64	485236.0
65	429844.5
66	378224.0
67	330526.0
68	281964.0
69	238654.5
70	201220.5
71	168889.0
72	140484.5
73	116658.0
74	93874.0
75	76703.0
76	64233.0
77	52706.5
78	41826.0
79	33521.0
80	26643.0
81	21495.5
82	17081.5
83	13779.0
84	10806.0
85	8456.0
86	6409.5
87	4972.0
88	3933.5
89	3010.0
90	2221.0
91	1780.0
92	1436.5
93	1207.0
94	985.0
95	859.0
96	763.0
97	676.5
98	593.5
99	861.5
100	1136.0
>>END_MODULE
>>Per base N content	pass
#Base	N-Count
1	2.3230389713017825E-4
2	6.009600817063307E-4
3	1.0100169440442532E-5
4	1.4645245688641673E-4
5	0.0015200755007866013
6	0.0033280058306258144
7	0.0030401510015732026
8	0.001570576347988814
9	0.0027371459183599266
10	0.003999667098415243
11	0.0045450762481991395
12	0.0120394019730075
13	0.0033431560847864785
14	0.005156136499345913
15	0.020806349047311618
16	0.005140986245185249
17	0.006615610983489859
18	0.00506523497438193
19	0.012771664257439584
20	0.02037709184609281
21	0.008323036081852184
22	0.01699687603385863
23	0.02233915554955436
24	0.013204283536436351
25	0.017899246857886315
26	0.011258114315065255
27	0.016392576823699562
28	0.041977136337855256
29	0.016196639311833648
30	0.01733074000527767
31	0.031785382161841555
32	0.030840030021918943
33	0.01525366257926804
34	0.03662125126295185
35	0.024156177197532717
36	0.01999103715482917
37	0.032615266063327104
38	0.024683663298761437
39	0.0195246380137788
40	0.011011025086113454
41	0.025468896789639605
42	0.010678208475901951
43	0.01738584082760557
44	0.03332514125078276
45	0.014276814044733178
46	0.018262045729625167
47	0.01412304473883074
48	0.005702114677423186
49	0.004997618938982084
50	0.006385740574079758
>>END_MODULE
>>Sequence Length Distribution	warn
#Length	Count
20	13196.0
21	14230.0
22	15194.0
23	15435.0
24	16506.0
25	16859.0
26	18388.0
27	19226.0
28	20389.0
29	22365.0
30	23363.0
31	24804.0
32	25734.0
33	26315.0
34	27386.0
35	28531.0
36	28845.0
37	31232.0
38	33009.0
39	36393.0
40	38347.0
41	42370.0
42	46744.0
43	60079.0
44	97834.0
45	189137.0
46	516754.0
47	1131302.0
48	2274563.0
49	3045601.0
50	1.1901517E7
>>END_MODULE
>>Sequence Duplication Levels	warn
#Total Duplicate Percentage	35.251049637622174
#Duplication Level	Relative count
1	100.0
2	23.246138724007345
3	10.058747780766389
4	5.559323067076098
5	3.3252310669846614
6	2.0527434680239867
7	1.4241193547649709
8	1.0652321337407327
9	0.7916853983952941
10++	4.8705034326686425
>>END_MODULE
>>Overrepresented sequences	pass
>>END_MODULE
>>Kmer Content	warn
#Sequence	Count	Obs/Exp Overall	Obs/Exp Max	Max Obs/Exp Position
AAAAA	5280365	3.9563372	4.8378973	46
TTTTT	5013300	3.4929533	3.9602375	46
>>END_MODULE
