##FastQC	0.10.1
>>Basic Statistics	pass
#Measure	Value	
Filename	KS28_S3_L003_R2_001.fastq.gz	
File type	Conventional base calls	
Encoding	Sanger / Illumina 1.9	
Total Sequences	23507213	
Filtered Sequences	0	
Sequence length	35-75	
%GC	45	
>>END_MODULE
>>Per base sequence quality	pass
#Base	Mean	Median	Lower Quartile	Upper Quartile	10th Percentile	90th Percentile
1	31.520294855881044	32.0	32.0	32.0	32.0	32.0
2	31.304558222193332	32.0	32.0	32.0	32.0	32.0
3	31.343875771236682	32.0	32.0	32.0	32.0	32.0
4	31.367769756457307	32.0	32.0	32.0	32.0	32.0
5	31.338459050845373	32.0	32.0	32.0	32.0	32.0
6	35.08291599688997	36.0	36.0	36.0	36.0	36.0
7	35.06983703257379	36.0	36.0	36.0	36.0	36.0
8	35.01977167603833	36.0	36.0	36.0	36.0	36.0
9	35.106017842268244	36.0	36.0	36.0	36.0	36.0
10	34.96393570773362	36.0	36.0	36.0	36.0	36.0
11	35.08517645201071	36.0	36.0	36.0	36.0	36.0
12	34.999338075508994	36.0	36.0	36.0	36.0	36.0
13	35.036588344181844	36.0	36.0	36.0	36.0	36.0
14	34.98361877267203	36.0	36.0	36.0	36.0	36.0
15	34.95038174027691	36.0	36.0	36.0	36.0	36.0
16	34.960685258605515	36.0	36.0	36.0	36.0	36.0
17	34.950912385913206	36.0	36.0	36.0	36.0	36.0
18	34.94035094674983	36.0	36.0	36.0	36.0	36.0
19	34.939010804896355	36.0	36.0	36.0	36.0	36.0
20	34.916044152065155	36.0	36.0	36.0	36.0	36.0
21	34.90541800935738	36.0	36.0	36.0	36.0	36.0
22	34.903496216246474	36.0	36.0	36.0	36.0	36.0
23	34.88434417980558	36.0	36.0	36.0	36.0	36.0
24	34.872702944411145	36.0	36.0	36.0	36.0	36.0
25	34.8519608853674	36.0	36.0	36.0	36.0	36.0
26	34.83662108306927	36.0	36.0	36.0	36.0	36.0
27	34.830838560062396	36.0	36.0	36.0	36.0	36.0
28	34.82789554848548	36.0	36.0	36.0	36.0	36.0
29	34.808458748385014	36.0	36.0	36.0	36.0	36.0
30	34.78719255234553	36.0	36.0	36.0	36.0	36.0
31	34.77748059712566	36.0	36.0	36.0	36.0	36.0
32	34.75656297494731	36.0	36.0	36.0	32.0	36.0
33	34.74241399863097	36.0	36.0	36.0	32.0	36.0
34	34.72728204742944	36.0	36.0	36.0	32.0	36.0
35	34.71749883748448	36.0	36.0	36.0	32.0	36.0
36	34.71370890347617	36.0	36.0	36.0	32.0	36.0
37	34.70345424668776	36.0	36.0	36.0	32.0	36.0
38	34.68971848764557	36.0	36.0	36.0	32.0	36.0
39	34.68136029365422	36.0	36.0	36.0	32.0	36.0
40	34.665707328957005	36.0	36.0	36.0	32.0	36.0
41	34.654056040026425	36.0	36.0	36.0	32.0	36.0
42	34.64381915561924	36.0	36.0	36.0	32.0	36.0
43	34.62786048999358	36.0	36.0	36.0	32.0	36.0
44	34.59333378445306	36.0	36.0	36.0	32.0	36.0
45	34.57765101307743	36.0	36.0	36.0	32.0	36.0
46	34.55801668299189	36.0	36.0	36.0	32.0	36.0
47	34.54478560520023	36.0	36.0	36.0	32.0	36.0
48	34.52355352503108	36.0	36.0	36.0	32.0	36.0
49	34.51220398530233	36.0	36.0	36.0	32.0	36.0
50	34.48247360212116	36.0	36.0	36.0	32.0	36.0
51	34.46036332056614	36.0	36.0	36.0	32.0	36.0
52	34.43727644488948	36.0	36.0	36.0	32.0	36.0
53	34.40214913796956	36.0	36.0	36.0	32.0	36.0
54	34.36430109995786	36.0	36.0	36.0	32.0	36.0
55	34.35094387253189	36.0	36.0	36.0	32.0	36.0
56	34.338476114049975	36.0	36.0	36.0	32.0	36.0
57	34.30178902610978	36.0	36.0	36.0	32.0	36.0
58	34.28114768594243	36.0	36.0	36.0	32.0	36.0
59	34.24401788199442	36.0	36.0	36.0	32.0	36.0
60	34.2257996621171	36.0	36.0	36.0	32.0	36.0
61	34.194273387023486	36.0	36.0	36.0	32.0	36.0
62	34.173639884217664	36.0	36.0	36.0	32.0	36.0
63	34.13928975109282	36.0	36.0	36.0	32.0	36.0
64	34.108413152953155	36.0	36.0	36.0	32.0	36.0
65	34.06864321257975	36.0	36.0	36.0	32.0	36.0
66	34.039159513116765	36.0	36.0	36.0	32.0	36.0
67	34.008253874064515	36.0	36.0	36.0	32.0	36.0
68	33.98143337952189	36.0	36.0	36.0	32.0	36.0
69	33.94702354785501	36.0	36.0	36.0	32.0	36.0
70	33.93931289069234	36.0	36.0	36.0	32.0	36.0
71	33.89218977082641	36.0	36.0	36.0	32.0	36.0
72	33.876118264562834	36.0	36.0	36.0	32.0	36.0
73	33.851124586700564	36.0	36.0	36.0	32.0	36.0
74	33.81520837540769	36.0	36.0	36.0	27.0	36.0
75	32.81179761547038	36.0	32.0	36.0	14.0	36.0
>>END_MODULE
>>Per sequence quality scores	pass
#Quality	Count
2	7676.0
3	0.0
4	0.0
5	0.0
6	0.0
7	0.0
8	0.0
9	0.0
10	0.0
11	0.0
12	0.0
13	0.0
14	1179.0
15	3949.0
16	6649.0
17	9128.0
18	12206.0
19	15578.0
20	20973.0
21	29451.0
22	42396.0
23	62142.0
24	90994.0
25	131781.0
26	182558.0
27	245529.0
28	318756.0
29	407479.0
30	520111.0
31	678175.0
32	935475.0
33	1476806.0
34	3284666.0
35	1.5023556E7
>>END_MODULE
>>Per base sequence content	fail
#Base	G	A	T	C
1	44.73162954341306	18.059324770985306	11.41107164001864	25.797974045582993
2	17.01274365307272	19.66000297258834	36.519124588055604	26.808128786283326
3	19.906097751963582	21.310618337685504	28.95956394289858	29.823719967452327
4	13.610601144768511	14.676701294818919	36.509742210878876	35.202955349533696
5	15.127113626730946	34.65717486664925	35.27631170906455	14.939399797555255
6	34.39283117107273	35.27132582900085	16.523926161017794	13.81191683890863
7	30.342533982690806	29.972322433416455	20.872483572761453	18.812660011131282
8	26.70022177966811	34.439573455530805	20.163213188530506	18.696991576270573
9	24.946317027437605	15.76429782425075	20.287110337535587	39.00227481077606
10	14.314920332260165	27.53393822184667	34.99844273527602	23.152698710617152
11	34.12688513820507	22.924404851040254	23.827022634531055	19.121687376223626
12	21.9892842995162	24.423906734843328	31.28164610221895	22.305162863421522
13	27.73321430512225	20.832674622713608	26.424284138122033	25.009826934042113
14	20.470960768290883	20.708144164712692	27.589475486261705	31.23141958073472
15	22.747443917724848	29.50625367640222	23.525084770819102	24.221217635053833
16	22.65946771632139	28.906199300862824	25.51613676473711	22.91819621807868
17	21.501521498061855	28.32368569644585	27.69682653747604	22.47796626801626
18	21.935491750326825	28.113800710201225	28.11950295020706	21.831204589264885
19	22.31427793662488	27.57016446749568	27.9407504922331	22.17480710364634
20	22.355506248366947	27.435552412151353	27.998028847258645	22.210912492223052
21	22.289587478411548	27.131979290407294	27.77043782877372	22.80799540240744
22	22.147266135498754	27.015949292958407	28.100089801769286	22.73669476977355
23	22.231557157913368	27.114117184521554	27.818922560048737	22.835403097516345
24	22.244965932733056	26.964161038577057	28.097919546244675	22.69295348244521
25	22.42503756563374	26.970744147001707	27.68867744075128	22.915540846613276
26	21.994463124954333	27.23560893986975	27.908154105334077	22.861773829841837
27	22.003865038888275	27.282061962330257	27.981355519489497	22.73271747929197
28	22.17614755558801	27.140245358876648	27.968087201037196	22.71551988449815
29	21.8853035274695	27.370420106574866	28.136558605388696	22.607717760566942
30	22.070485899360484	27.44372367847077	27.92360547358869	22.56218494858005
31	22.38477719795075	27.45887716851613	27.723920688309732	22.43242494522339
32	21.85695828815691	27.52694233933205	28.068918974871714	22.547180397639323
33	22.01209751494253	27.326117106051917	28.157584551559463	22.504200827446088
34	22.02180112429521	27.080393379916405	28.32432080958923	22.573484686199148
35	21.934895993908306	27.332815110357277	28.16252507443019	22.56976382130422
36	22.059415465224724	27.73292559082191	27.98084468171545	22.226814262237916
37	22.184693710549002	27.470149779439417	27.839800251515896	22.505356258495684
38	22.055835005755824	27.75251919214703	27.86332290307085	22.328322899026297
39	22.076667748899684	27.64060455375944	28.03688580579289	22.245841891547986
40	22.07700433772237	27.444731834922294	28.011499613869482	22.466764213485853
41	22.101819927539026	27.573649118625003	28.040878921789442	22.28365203204653
42	22.011569486337674	27.604452695892885	28.098596103283647	22.285381714485798
43	22.147312216720643	27.3969460394645	27.958197496134808	22.497544247680054
44	22.053881643135693	27.708201679477597	28.02010051709218	22.217816160294525
45	22.094623674641802	27.6601057119076	27.9203386182457	22.324931995204896
46	22.223580521610884	27.761452556823475	27.765634239532595	22.24933268203305
47	22.000993626735877	27.843102543065562	27.942781494950065	22.213122335248496
48	21.952564654011933	27.722806831310486	27.9361607189254	22.388467795752177
49	22.11911832277742	27.604135637487424	27.997200440451707	22.27954559928344
50	22.102185435427398	27.720486984827232	27.92650255377927	22.2508250259661
51	22.166258554402656	27.75316979383198	27.862828846970096	22.21774280479527
52	22.148811647314286	27.703969957435927	27.847295728712716	22.29992266653707
53	22.05002557914977	27.670308048346286	27.97284046788487	22.30682590461907
54	22.214548089820603	27.896172096450712	27.83460669746813	22.054673116260556
55	22.195543561817622	27.7334781182972	27.789664718878846	22.281313601006328
56	22.272054434355894	27.88169305661755	27.715942013264126	22.130310495762426
57	22.06016254017948	27.791150170822444	27.875640349851732	22.273046939146347
58	22.05828968163592	27.592548499968945	27.95134647370201	22.397815344693125
59	21.97642223490559	27.77962011902273	27.94979631622141	22.294161329850272
60	22.122338994887837	27.797391985236274	27.89852256415794	22.18174645571795
61	22.295543948173567	27.815045936671005	27.764833671601487	22.124576443553938
62	22.208877489111398	27.927536568429367	27.73847960387371	22.125106338585525
63	22.18789486050617	27.94159433652461	27.75409340667563	22.116417396293592
64	22.22167358899931	27.69520630635795	27.72309106037629	22.36002904426645
65	22.0507150517643	27.767463382495567	27.927127177515725	22.254694388224408
66	22.159467480821146	27.826837382245774	27.716662291770778	22.297032845162303
67	22.173221903722332	27.781362209726424	27.759000935964078	22.286414950587165
68	22.208352411964807	27.998631360662884	27.803405920566078	21.989610306806227
69	22.439672822029838	27.93619326251744	27.681520403746475	21.942613511706245
70	22.455801473709286	27.75425201317509	27.65780786948804	22.132138643627584
71	22.327669889368703	27.99868872183464	27.59631121511469	22.07733017368197
72	22.31603703329997	28.136364474824493	27.84369016201947	21.703908329856066
73	22.96509335378178	28.69847359071632	27.889495309057892	20.44693774644401
74	24.177931011393092	31.086096601200836	27.989836367892117	16.746136019513955
75	29.372166107275273	41.237789481643325	29.390044411081412	0.0
>>END_MODULE
>>Per base GC content	fail
#Base	%GC
1	70.52960358899605
2	43.820872439356044
3	49.72981771941591
4	48.813556494302205
5	30.0665134242862
6	48.20474800998136
7	49.15519399382209
8	45.39721335593869
9	63.948591838213666
10	37.46761904287732
11	53.248572514428695
12	44.29444716293772
13	52.743041239164356
14	51.7023803490256
15	46.96866155277868
16	45.57766393440007
17	43.979487766078115
18	43.76669633959171
19	44.48908504027122
20	44.56641874059
21	45.09758288081899
22	44.8839609052723
23	45.06696025542971
24	44.937919415178264
25	45.34057841224702
26	44.856236954796174
27	44.73658251818024
28	44.89166744008616
29	44.49302128803644
30	44.63267084794054
31	44.81720214317414
32	44.404138685796234
33	44.516298342388616
34	44.59528581049435
35	44.50465981521253
36	44.28622972746264
37	44.690049969044686
38	44.38415790478212
39	44.32250964044767
40	44.543768551208224
41	44.38547195958555
42	44.29695120082347
43	44.644856464400696
44	44.271697803430214
45	44.4195556698467
46	44.472913203643934
47	44.214115961984376
48	44.34103244976411
49	44.39866392206086
50	44.353010461393495
51	44.384001359197924
52	44.448734313851354
53	44.356851483768835
54	44.26922120608116
55	44.476857162823954
56	44.402364930118324
57	44.333209479325824
58	44.45610502632905
59	44.27058356475586
60	44.30408545060578
61	44.4201203917275
62	44.33398382769692
63	44.30431225679976
64	44.58170263326576
65	44.30540943998871
66	44.45650032598345
67	44.4596368543095
68	44.19796271877104
69	44.38228633373609
70	44.58794011733687
71	44.40500006305067
72	44.01994536315604
73	43.41203110022579
74	40.92406703090705
75	29.372166107275273
>>END_MODULE
>>Per sequence GC content	warn
#GC Content	Count
0	7713.0
1	3901.5
2	126.5
3	232.0
4	301.5
5	369.5
6	589.5
7	923.0
8	1109.5
9	1374.0
10	2222.5
11	3714.5
12	4654.5
13	5845.0
14	9036.5
15	13918.0
16	17639.5
17	24650.5
18	39608.5
19	58394.0
20	71648.0
21	92509.5
22	132051.5
23	176905.5
24	206478.5
25	243506.0
26	305953.0
27	369165.0
28	410585.5
29	460143.5
30	537698.5
31	610612.0
32	658013.5
33	708635.5
34	790977.5
35	866083.0
36	909026.5
37	949782.5
38	995341.0
39	1026097.5
40	1046807.5
41	1052826.0
42	1046286.5
43	1030278.0
44	1021373.0
45	1005558.0
46	969959.0
47	930792.5
48	908805.0
49	883199.0
50	839369.5
51	799169.0
52	776126.5
53	759667.5
54	729864.5
55	699108.0
56	682590.0
57	664847.0
58	628672.0
59	581567.0
60	541106.5
61	497627.5
62	442202.5
63	389986.5
64	350343.5
65	316431.5
66	270363.5
67	222830.5
68	189476.5
69	164890.5
70	135135.0
71	105661.0
72	85509.5
73	72013.5
74	57245.5
75	43999.0
76	35407.5
77	29678.5
78	23516.0
79	17961.5
80	14516.5
81	12225.0
82	9487.0
83	6810.0
84	5154.5
85	4262.5
86	3316.5
87	2502.0
88	2156.0
89	1935.0
90	1629.0
91	1406.0
92	1308.0
93	1251.5
94	1157.5
95	1122.5
96	1129.5
97	1183.0
98	1442.0
99	8762.5
100	15879.0
>>END_MODULE
>>Per base N content	pass
#Base	N-Count
1	0.08260868695918994
2	0.05333256647651085
3	0.03987286795759242
4	0.04725783528655651
5	0.05277954472952621
6	0.03322384495346173
7	0.032653807152723716
8	0.033028160335297936
9	0.032653807152723716
10	0.032653807152723716
11	0.032653807152723716
12	0.032653807152723716
13	0.03412569580239053
14	0.032653807152723716
15	0.032653807152723716
16	0.032653807152723716
17	0.032653807152723716
18	0.032653807152723716
19	0.032653807152723716
20	0.03519345317541471
21	0.03385343894233655
22	0.032653807152723716
23	0.032653807152723716
24	0.032653807152723716
25	0.032653807152723716
26	0.032653807152723716
27	0.035542282277358866
28	0.032653807152723716
29	0.032653807152723716
30	0.032653807152723716
31	0.032653807152723716
32	0.032653807152723716
33	0.032653807152723716
34	0.03271761735429887
35	0.032653807152723716
36	0.0
37	0.0
38	0.0
39	0.0
40	0.0
41	1.917562047407418E-4
42	0.0
43	6.823306470260064E-5
44	0.0024276840286891668
45	0.0
46	0.0
47	0.0
48	0.001997279252314449
49	0.0021441773067720697
50	0.004287167223634361
51	0.0
52	0.0
53	0.0
54	0.0
55	0.0
56	0.0
57	0.0
58	0.0
59	0.0
60	0.0
61	0.0
62	0.0
63	0.0
64	0.0
65	0.0
66	0.0
67	0.0
68	0.0010262506173880043
69	0.00488545617192537
70	0.0
71	0.0
72	9.37780518574048E-4
73	0.0
74	0.0
75	0.004201905719870099
>>END_MODULE
>>Sequence Length Distribution	warn
#Length	Count
35	10031.0
36	3637.0
37	5162.0
38	6071.0
39	7089.0
40	7925.0
41	8521.0
42	9735.0
43	11066.0
44	12422.0
45	13926.0
46	14512.0
47	15308.0
48	16203.0
49	16854.0
50	17344.0
51	18084.0
52	18960.0
53	19926.0
54	21562.0
55	22252.0
56	23192.0
57	23911.0
58	24582.0
59	25480.0
60	25558.0
61	25968.0
62	27113.0
63	27899.0
64	30473.0
65	32091.0
66	31852.0
67	33614.0
68	35109.0
69	44355.0
70	59953.0
71	152904.0
72	555668.0
73	1620803.0
74	5008524.0
75	1.5421574E7
>>END_MODULE
>>Sequence Duplication Levels	warn
#Total Duplicate Percentage	35.29594738713117
#Duplication Level	Relative count
1	100.0
2	22.519057757022182
3	10.164900151851597
4	5.6818441956825305
5	3.4475654144632926
6	2.1694175461087073
7	1.571931109737579
8	1.0820380163145082
9	0.7997008752451373
10++	5.178215781883113
>>END_MODULE
>>Overrepresented sequences	pass
>>END_MODULE
>>Kmer Content	warn
#Sequence	Count	Obs/Exp Overall	Obs/Exp Max	Max Obs/Exp Position
AAAAA	9375190	3.8237402	7.961485	71
TTTTT	8120160	3.1050274	5.535359	71
CCTGG	3657075	3.081379	12.127928	3
GGGGG	3037595	3.0445862	5.142093	71
CCAGG	3422255	2.9209569	12.358296	3
CCCAG	3317605	2.858865	11.415906	2
CTGGG	3341800	2.7889166	11.180137	4
CCAGC	3091500	2.6640246	6.498394	3
GGAGG	3055545	2.5585215	5.8648367	6
GCTGG	3043150	2.5396767	7.0586324	3
CAGCA	3384025	2.4129503	6.6063914	4
CAGCC	2792650	2.4064982	5.7345953	9
TCCAG	3391280	2.3871348	8.568741	2
TGCTG	3448290	2.3733368	7.515844	2
CTCCA	3282115	2.3325086	6.408535	1
GGCTG	2792535	2.3305247	8.456807	7
CAGGA	3280375	2.3167655	9.748676	4
CTCCT	3256890	2.2849205	6.126858	1
AGGAG	3253880	2.2761657	6.9907165	5
CTGCC	2648480	2.2530155	5.846949	9
GGCAG	2660555	2.249204	6.4376683	7
CTGGA	3225385	2.2487369	8.677681	4
TCCTG	3234640	2.2476969	8.7653475	2
CCTGC	2639435	2.245321	6.305785	3
CTGCA	3135805	2.207305	6.8012533	4
GCCTG	2619165	2.206857	7.2540455	7
CCCTG	2589120	2.202519	9.1795	2
GCAGG	2598675	2.1968913	6.766579	3
CTGCT	3160735	2.1963418	6.470072	9
GCTGC	2596025	2.1873596	5.6118484	8
CAGAG	3064875	2.1645687	7.5967855	4
AGCAG	3053540	2.156563	5.4879036	7
TGCAG	3080535	2.1477475	7.027595	2
CTCTG	3085995	2.144406	7.481516	2
CAGGG	2464610	2.0835543	9.334705	4
TGGAG	2993060	2.0668848	6.5161614	5
CCCCA	2361430	2.0544722	6.881439	1
GCCAG	2399120	2.0476925	5.3510594	2
CAGGC	2398080	2.046805	6.180361	4
CTGGC	2429025	2.0466487	5.6332006	4
AGCTG	2919200	2.0352647	5.8047023	7
GGGAG	2422845	2.0287383	5.61533	7
CAGAA	3371990	1.9895133	5.373534	4
GGAGA	2830040	1.9796797	5.5977936	6
CACAG	2768375	1.973966	7.1358504	7
CTCAG	2771100	1.9505877	6.0530477	2
CTGTG	2824650	1.9441073	8.933274	9
CTGAG	2746370	1.9147677	5.8739076	4
TTCTG	3353555	1.9035378	5.169956	2
GGCCA	2205020	1.8820248	6.407452	1
TGGGG	2267900	1.8746611	6.4357185	5
CCAGA	2620030	1.8681898	6.574731	3
CCTCT	2624035	1.8409315	5.6316667	1
TCTGG	2615285	1.8000088	6.3749566	3
CACTG	2551075	1.7957113	7.4581714	7
TGGCC	2113720	1.7809789	5.700317	5
CAGTG	2537930	1.7694435	6.600016	9
ACCTG	2499555	1.7594461	5.3215623	7
AGAGG	2501670	1.7499771	5.138626	5
CCTGA	2457760	1.7300265	5.552277	3
GCCCA	2001140	1.7244338	7.163938	1
ACAGA	2818830	1.6631423	5.8036046	8
GGGCC	1619820	1.654922	5.480517	6
TCAGG	2363075	1.6475347	5.826322	3
GAGAG	2346690	1.641565	5.335959	7
TGGGC	1941880	1.6206061	6.5694947	5
GGCCT	1923155	1.6204126	5.069776	1
CCTGT	2310265	1.6053643	5.527785	8
AGCCT	2249260	1.5832626	5.050757	6
AGGTG	2270945	1.5682217	5.1935983	7
GTGTG	2159370	1.4720632	7.7126775	1
GCCCT	1716855	1.4604986	6.093243	1
ACACA	2445140	1.4565334	6.111583	6
TGTGT	2574225	1.4472593	5.6146517	10
CTGTC	2078715	1.4444641	5.7730703	9
GGGCT	1728400	1.4424453	6.0142317	6
ACAGC	2000950	1.4267602	5.5239496	8
GCTGT	2070305	1.4249182	5.1855	8
GACAG	2012155	1.4210848	7.005824	7
CACAC	1966125	1.4154096	6.417899	5
AGGGC	1608895	1.360142	5.6832023	5
AGACA	2289690	1.3509437	5.37543	6
ACTGC	1790940	1.2606496	5.2190447	8
GGACA	1757035	1.2409064	5.8511605	6
GTGCT	1768195	1.2169864	6.5162787	1
GTCCT	1736890	1.2069356	7.2663345	1
GTCCA	1646685	1.1591078	6.616508	1
AGCAC	1602700	1.1427914	5.424193	5
TGTGC	1658950	1.141797	5.4554343	10
GTCTT	2002155	1.1364591	5.327902	1
AGGAC	1607210	1.1350923	6.809888	5
TGCAC	1522965	1.0720209	5.6322265	5
GTGCA	1531580	1.0678169	6.1387987	1
TGGAC	1513990	1.0555531	5.908415	5
ACAGT	1808640	1.0534433	5.6152415	8
GACTG	1502910	1.0478281	6.077839	7
ACTGT	1821805	1.0475131	6.3660073	8
GCACT	1473765	1.0373887	5.08723	6
AGACT	1737320	1.0119029	5.1556444	6
GGACT	1355085	0.9447646	5.243814	6
GTGTA	1116875	0.63607144	5.7570195	1
>>END_MODULE
