##FastQC	0.10.1
>>Basic Statistics	pass
#Measure	Value	
Filename	005-F5_S2_L003_R2_001.fastq.gz	
File type	Conventional base calls	
Encoding	Sanger / Illumina 1.9	
Total Sequences	18273425	
Filtered Sequences	0	
Sequence length	35-75	
%GC	46	
>>END_MODULE
>>Per base sequence quality	pass
#Base	Mean	Median	Lower Quartile	Upper Quartile	10th Percentile	90th Percentile
1	31.34526362737144	32.0	32.0	32.0	32.0	32.0
2	31.094977816145576	32.0	32.0	32.0	32.0	32.0
3	31.149594233155526	32.0	32.0	32.0	32.0	32.0
4	31.208577921216193	32.0	32.0	32.0	32.0	32.0
5	31.151603489767243	32.0	32.0	32.0	32.0	32.0
6	34.80888114844371	36.0	36.0	36.0	36.0	36.0
7	34.79822600306182	36.0	36.0	36.0	36.0	36.0
8	34.72759961528832	36.0	36.0	36.0	32.0	36.0
9	34.8821029993009	36.0	36.0	36.0	36.0	36.0
10	34.69768748879862	36.0	36.0	36.0	32.0	36.0
11	34.83982783741964	36.0	36.0	36.0	36.0	36.0
12	34.729293112812734	36.0	36.0	36.0	32.0	36.0
13	34.77701109671558	36.0	36.0	36.0	32.0	36.0
14	34.72901128277813	36.0	36.0	36.0	32.0	36.0
15	34.67651953588339	36.0	36.0	36.0	32.0	36.0
16	34.680345091300616	36.0	36.0	36.0	32.0	36.0
17	34.667736070276916	36.0	36.0	36.0	32.0	36.0
18	34.65789500326294	36.0	36.0	36.0	32.0	36.0
19	34.63886058579604	36.0	36.0	36.0	32.0	36.0
20	34.62798397125881	36.0	36.0	36.0	32.0	36.0
21	34.60412112124575	36.0	36.0	36.0	32.0	36.0
22	34.601797364205126	36.0	36.0	36.0	32.0	36.0
23	34.573797304008416	36.0	36.0	36.0	32.0	36.0
24	34.56433936166865	36.0	36.0	36.0	32.0	36.0
25	34.5503994461903	36.0	36.0	36.0	32.0	36.0
26	34.528787186857414	36.0	36.0	36.0	32.0	36.0
27	34.52105311401667	36.0	36.0	36.0	32.0	36.0
28	34.50444801672374	36.0	36.0	36.0	32.0	36.0
29	34.49250832835114	36.0	36.0	36.0	32.0	36.0
30	34.469701985260016	36.0	36.0	36.0	32.0	36.0
31	34.459458311728646	36.0	36.0	36.0	32.0	36.0
32	34.444977775102366	36.0	36.0	36.0	32.0	36.0
33	34.43323607916961	36.0	36.0	36.0	32.0	36.0
34	34.432838124215905	36.0	36.0	36.0	32.0	36.0
35	34.39820405862612	36.0	36.0	36.0	32.0	36.0
36	34.42556390894983	36.0	36.0	36.0	32.0	36.0
37	34.4186707890575	36.0	36.0	36.0	32.0	36.0
38	34.400744486445554	36.0	36.0	36.0	32.0	36.0
39	34.38798764671478	36.0	36.0	36.0	32.0	36.0
40	34.38414657870553	36.0	36.0	36.0	32.0	36.0
41	34.36113432272085	36.0	36.0	36.0	32.0	36.0
42	34.348404596509326	36.0	36.0	36.0	32.0	36.0
43	34.333579233420146	36.0	36.0	36.0	32.0	36.0
44	34.30604154872498	36.0	36.0	36.0	32.0	36.0
45	34.28791360696216	36.0	36.0	36.0	32.0	36.0
46	34.25282545901056	36.0	36.0	36.0	32.0	36.0
47	34.23515267032652	36.0	36.0	36.0	32.0	36.0
48	34.21531750136708	36.0	36.0	36.0	32.0	36.0
49	34.18601378562923	36.0	36.0	36.0	32.0	36.0
50	34.15719426606027	36.0	36.0	36.0	32.0	36.0
51	34.12746264240736	36.0	36.0	36.0	32.0	36.0
52	34.11471073084816	36.0	36.0	36.0	32.0	36.0
53	34.08360351810596	36.0	36.0	36.0	32.0	36.0
54	34.05584810931671	36.0	36.0	36.0	32.0	36.0
55	34.022394619280306	36.0	36.0	36.0	32.0	36.0
56	34.00961318661611	36.0	36.0	36.0	32.0	36.0
57	33.96882090562888	36.0	36.0	36.0	32.0	36.0
58	33.924308402083184	36.0	36.0	36.0	32.0	36.0
59	33.89610628654693	36.0	36.0	36.0	32.0	36.0
60	33.87315302779694	36.0	36.0	36.0	32.0	36.0
61	33.82873807842642	36.0	36.0	36.0	32.0	36.0
62	33.80174803590713	36.0	36.0	36.0	32.0	36.0
63	33.77214811568729	36.0	36.0	36.0	27.0	36.0
64	33.74108760961494	36.0	36.0	36.0	27.0	36.0
65	33.71836308234674	36.0	36.0	36.0	27.0	36.0
66	33.68739350741938	36.0	36.0	36.0	27.0	36.0
67	33.65233902943146	36.0	36.0	36.0	27.0	36.0
68	33.61372033487009	36.0	36.0	36.0	27.0	36.0
69	33.60705422433917	36.0	36.0	36.0	27.0	36.0
70	33.567753627365605	36.0	36.0	36.0	27.0	36.0
71	33.537954501224796	36.0	36.0	36.0	27.0	36.0
72	33.52375462094281	36.0	36.0	36.0	27.0	36.0
73	33.49290825050623	36.0	36.0	36.0	27.0	36.0
74	33.41979081496889	36.0	36.0	36.0	27.0	36.0
75	32.18660523537828	36.0	32.0	36.0	14.0	36.0
>>END_MODULE
>>Per sequence quality scores	pass
#Quality	Count
2	28897.0
3	115.0
4	921.0
5	624.0
6	265.0
7	139.0
8	59.0
9	67.0
10	49.0
11	55.0
12	90.0
13	126.0
14	1060.0
15	3145.0
16	5398.0
17	7932.0
18	11076.0
19	15201.0
20	21213.0
21	31064.0
22	45020.0
23	64379.0
24	91967.0
25	129042.0
26	176114.0
27	231901.0
28	301371.0
29	380569.0
30	487543.0
31	633229.0
32	867752.0
33	1346601.0
34	2943034.0
35	1.0447407E7
>>END_MODULE
>>Per base sequence content	fail
#Base	G	A	T	C
1	44.60348990780969	17.73659600096983	11.475349177434317	26.18456491378616
2	16.941136500090693	19.094498688172205	36.85449222427593	27.10987258746117
3	20.266532238349868	20.734900986462964	28.26567300505608	30.732893770131085
4	13.720489459461222	14.515172926487846	35.824189280079864	35.94014833397107
5	15.492434316474975	34.30368699493502	34.73175824279428	15.472120445795731
6	34.922459723629366	34.56294812881861	16.322955530624643	14.191636616927378
7	30.77284677105415	29.285384856816826	20.39969536871206	19.542073003416963
8	26.812015435358667	34.386159241775474	19.830069415701438	18.97175590716443
9	25.109681922015035	15.525764733928598	19.887053534403563	39.4774998096528
10	14.480441346569023	27.195768303685536	34.768200467283236	23.5555898824622
11	34.81604687672762	22.6177404088064	23.416124202804383	19.150088511661593
12	22.608198236003048	24.089486432342337	30.74034533862476	22.561969993029855
13	28.019646729873855	20.489180528163057	25.95924968388914	25.531923058073946
14	20.637443777977385	20.547543362464125	27.08815903695434	31.726853822604152
15	23.007258721157957	29.259184603053573	23.11099389457408	24.622562781214388
16	22.978528522832452	28.330932921725605	25.45685848542945	23.23368007001249
17	21.96553225846771	27.9776241677671	27.28689991627784	22.769943657487342
18	22.364405646502547	27.618909048007794	27.834406333431666	22.182278972057993
19	22.921466889937754	27.05038483562082	27.373175837492713	22.654972436948714
20	22.877908450868304	26.967695071960048	27.61132118397952	22.543075293192132
21	22.740809857494817	26.620816918611855	27.266536335696905	23.37183688819642
22	22.62977862945364	26.717442668397894	27.53817053986818	23.11460816228029
23	22.598546814448262	26.763150973986725	27.408621362944913	23.2296808486201
24	22.798996011096534	26.460285565200476	27.67518144101982	23.06553698268317
25	22.899699201054712	26.527230207325786	27.28046931806351	23.29260127355599
26	22.404578572781585	26.960228884778815	27.492659573913997	23.1425329685256
27	22.507526808387087	26.928148276028242	27.401233751306915	23.16309116427776
28	22.50310419934245	26.85898886654947	27.39543639933052	23.24247053477756
29	22.448166492238506	26.942058655778713	27.477404796300092	23.13237005568269
30	22.526456904003712	26.962842761556526	27.463589564268865	23.047110770170896
31	23.04861592562424	26.85152423450018	27.13291352910869	22.966946310766893
32	22.34599746200602	27.101347935113935	27.550030971070534	23.00262363180951
33	22.48671298949814	26.928794518982752	27.610281172868916	22.974211318650195
34	22.49683481966463	26.69509777944226	27.811437544233442	22.99662985665967
35	22.444205244194695	26.9879250415157	27.600288889767327	22.967580824522273
36	22.566781499647647	27.281296265580558	27.49931767181726	22.652604562954537
37	22.704937697859663	26.941846597051207	27.20741496929832	23.14580073579081
38	22.5398693016554	27.405396090190504	27.26497093300327	22.78976367515083
39	22.76154216676674	27.09516912675214	27.427506108973976	22.715782597507143
40	22.824572984169986	26.854444055950218	27.445587077409776	22.875395882470027
41	22.8196391222972	26.988300363500706	27.429598429945866	22.762462084256228
42	22.62094738741065	27.224624812495897	27.43666512746417	22.717762672629284
43	22.699938916133934	26.976058096119903	27.35192354524815	22.97207944249801
44	22.52999274865635	27.305232897218467	27.40169440633309	22.763079947792093
45	22.6384030935313	27.250145473187377	27.2186772893713	22.892774143910025
46	22.71908887890336	27.2116446082224	27.166565476731098	22.902701036143146
47	22.729022318447882	27.28081995290159	27.31092474335902	22.6792329852915
48	22.497185190133624	27.309665270743654	27.25957905196925	22.933570487153474
49	22.82498910342003	27.07582636673449	27.263226351298602	22.835958178546875
50	22.632707625622086	27.400985416739527	27.220838534963278	22.74546842267511
51	22.74847385794407	27.295011074946423	27.190305848505208	22.766209218604295
52	22.6992141235931	27.366609207461078	27.120916993746025	22.81325967519979
53	22.605450624311114	27.14343332150344	27.409187395246587	22.841928658938865
54	22.773200517695443	27.477486784427047	27.211658089734442	22.537654608143068
55	22.735947237802	27.11841675038417	27.218494077991707	22.927141933822128
56	22.820612466000217	27.40629214098216	27.049348867925616	22.723746525092007
57	22.650330111484546	27.330317255077794	27.121321284892417	22.898031348545235
58	22.659731265911415	27.244952243449248	27.138197092045818	22.957119398593516
59	22.621102597760263	27.373261179813152	27.154858272786903	22.850777949639685
60	22.684187002485224	27.3095515470979	27.30295032805375	22.703311122363132
61	22.931400273775807	27.273044223592084	27.080796609627082	22.714758893005023
62	22.841340292997174	27.37398772356808	27.154983424010197	22.629688559424547
63	22.79755938486591	27.53265499335048	27.069171076996845	22.600614544786765
64	22.847214856132034	27.234076000660668	26.98207780722675	22.936631335980547
65	22.72673970709357	27.43490116158935	27.138736102340715	22.699623028976358
66	22.784524922519882	27.619525825854694	26.895615598293276	22.700333653332144
67	22.822005728469875	27.322446375519334	26.985162417482773	22.87038547852802
68	22.83324435160772	27.61465045604424	27.134949476703913	22.41715571564412
69	23.100560733509365	27.451296199881853	27.010585485353534	22.43755758125525
70	23.211775776984645	27.300850657377495	26.935169643187013	22.552203922450843
71	22.984974245641116	27.6648158130954	26.858164392645207	22.49204554861828
72	22.93488106472629	27.761868644516813	27.135673001036675	22.167577289720217
73	23.704135800797857	28.384707672295225	27.066512973863855	20.844643553043067
74	24.823722199595043	30.70924371662951	27.276718981824622	17.19031510195083
75	30.265858952071746	41.164456191160696	28.56968485676756	0.0
>>END_MODULE
>>Per base GC content	fail
#Base	%GC
1	70.78805482159585
2	44.05100908755186
3	50.99942600848095
4	49.66063779343229
5	30.96455476227071
6	49.11409634055674
7	50.314919774471115
8	45.783771342523096
9	64.58718173166784
10	38.03603122903122
11	53.96613538838921
12	45.1701682290329
13	53.551569787947805
14	52.36429760058153
15	47.62982150237235
16	46.212208592844945
17	44.73547591595506
18	44.54668461856054
19	45.57643932688647
20	45.420983744060436
21	46.11264674569124
22	45.74438679173393
23	45.82822766306836
24	45.864532993779704
25	46.192300474610704
26	45.54711154130718
27	45.67061797266484
28	45.74557473412001
29	45.5805365479212
30	45.57356767417461
31	46.015562236391126
32	45.34862109381553
33	45.46092430814833
34	45.493464676324294
35	45.41178606871697
36	45.21938606260218
37	45.85073843365047
38	45.32963297680623
39	45.47732476427389
40	45.69996886664001
41	45.582101206553425
42	45.33871006003993
43	45.672018358631945
44	45.29307269644845
45	45.53117723744132
46	45.621789915046506
47	45.40825530373939
48	45.430755677287095
49	45.660947281966905
50	45.3781760482972
51	45.514683076548366
52	45.5124737987929
53	45.44737928324998
54	45.310855125838515
55	45.66308917162413
56	45.544358991092224
57	45.54836146002978
58	45.61685066450493
59	45.47188054739995
60	45.38749812484835
61	45.64615916678083
62	45.47102885242172
63	45.39817392965267
64	45.783846192112584
65	45.42636273606993
66	45.48485857585203
67	45.6923912069979
68	45.25040006725184
69	45.53811831476462
70	45.763979699435495
71	45.47701979425939
72	45.10245835444651
73	44.54877935384093
74	42.01403730154587
75	30.265858952071746
>>END_MODULE
>>Per sequence GC content	warn
#GC Content	Count
0	28970.0
1	14592.0
2	377.5
3	644.0
4	747.5
5	838.5
6	981.5
7	1166.5
8	1306.0
9	1494.0
10	2046.0
11	3021.0
12	3651.0
13	4407.0
14	6368.5
15	9399.5
16	11758.5
17	15660.5
18	24331.0
19	35437.0
20	43224.5
21	55720.5
22	78913.5
23	105425.0
24	123573.5
25	146783.5
26	186514.5
27	227266.0
28	254652.0
29	289587.5
30	345566.0
31	400593.5
32	437836.5
33	481957.5
34	555087.5
35	624671.0
36	666369.0
37	707946.0
38	753646.0
39	780093.0
40	797500.5
41	805747.0
42	807434.5
43	807040.0
44	809923.5
45	806376.5
46	791311.0
47	772180.5
48	762984.0
49	750313.0
50	723728.5
51	698222.0
52	683664.5
53	671480.5
54	647657.5
55	622346.5
56	606742.0
57	589482.5
58	558244.0
59	518929.5
60	485244.5
61	446178.0
62	396713.0
63	348476.5
64	310174.0
65	277819.5
66	234955.5
67	191607.5
68	160209.5
69	136768.0
70	109710.0
71	83522.5
72	65890.0
73	54639.0
74	42481.0
75	31567.5
76	24397.0
77	19404.0
78	14278.0
79	10106.5
80	7702.0
81	5985.0
82	4215.0
83	2895.0
84	2204.5
85	1847.5
86	1488.5
87	1235.5
88	1147.5
89	1073.5
90	951.5
91	855.5
92	824.5
93	824.5
94	854.5
95	840.5
96	802.0
97	868.5
98	1135.5
99	5168.0
100	9001.0
>>END_MODULE
>>Per base N content	pass
#Base	N-Count
1	0.1699298297938126
2	0.16722645043280063
3	0.16008493208032976
4	0.15899591893692616
5	0.16271169745135355
6	0.15995359381177857
7	0.16270075259564096
8	0.16339575093339098
9	0.1666135385128951
10	0.16706227759711165
11	0.17071785940511974
12	0.17145116473786387
13	0.17187254168279895
14	0.17582910702290347
15	0.17392470212891123
16	0.1757141860379212
17	0.17586741401789757
18	0.17962697195517532
19	0.17796335388686027
20	0.17730666254410435
21	0.1788663044831497
22	0.17942449212449224
23	0.18104980319781322
24	0.1892256104151247
25	0.18060106411359667
26	0.18431137020016772
27	0.18036027728791948
28	0.18396660724522085
29	0.18509939981147486
30	0.18424570106589214
31	0.17981850693014584
32	0.18509392738361855
33	0.1870640014118864
34	0.18358900972313622
35	0.1857451462985182
36	0.024149900472140426
37	0.02574665152230918
38	0.024319355983031154
39	0.02078598511138534
40	0.023107986167347057
41	0.02584311581484099
42	0.02691500539127413
43	0.024098539835013356
44	0.02054245121043422
45	0.025966555032815655
46	0.029091847371688868
47	0.032333990791146086
48	0.03304030583402647
49	0.029480106503017137
50	0.02981260837648287
51	0.02469692276566145
52	0.02615091054219162
53	0.0225685238067876
54	0.023403300270590108
55	0.022558434468340178
56	0.018867456204970344
57	0.022227345506347092
58	0.022071231391210786
59	0.01716488983859593
60	0.020404794818483823
61	0.018722617242162485
62	0.018593196301859165
63	0.016657715422236548
64	0.019242711873364838
65	0.018604888022011056
66	0.015451836185460577
67	0.017618118832057293
68	0.01497636345507976
69	0.01538877609711689
70	0.01378783625791536
71	0.015000518135266035
72	0.02024190295577666
73	0.025671491380147633
74	0.031907829948352756
75	0.048941667406866625
>>END_MODULE
>>Sequence Length Distribution	warn
#Length	Count
35	37325.0
36	12371.0
37	16010.0
38	17578.0
39	18934.0
40	19371.0
41	20686.0
42	22169.0
43	24479.0
44	26658.0
45	28738.0
46	29472.0
47	30672.0
48	31442.0
49	32344.0
50	32504.0
51	33905.0
52	35210.0
53	36832.0
54	39431.0
55	40755.0
56	41607.0
57	42833.0
58	43000.0
59	43608.0
60	44643.0
61	45119.0
62	46395.0
63	48097.0
64	50832.0
65	52679.0
66	52226.0
67	55189.0
68	55926.0
69	63893.0
70	74410.0
71	144063.0
72	452621.0
73	1229656.0
74	3796490.0
75	1.1303252E7
>>END_MODULE
>>Sequence Duplication Levels	warn
#Total Duplicate Percentage	31.20374015748031
#Duplication Level	Relative count
1	100.0
2	20.611757300027183
3	8.231397627938252
4	4.212627151379888
5	2.4114053535917135
6	1.478604231941285
7	1.0665693806601142
8	0.726783696009843
9	0.5407957423065367
10++	3.78771621099618
>>END_MODULE
>>Overrepresented sequences	warn
#Sequence	Count	Percentage	Possible Source
NNNNNNNNNNNNNNNNNNNNNNNNNNNNNNNNNNN	28895	0.15812580290777456	No Hit
>>END_MODULE
>>Kmer Content	warn
#Sequence	Count	Obs/Exp Overall	Obs/Exp Max	Max Obs/Exp Position
AAAAA	6315795	3.638025	8.381242	71
TTTTT	5424030	2.9910882	5.156283	71
CCTGG	2894445	2.975183	11.674631	3
CCAGG	2774790	2.877164	12.095128	3
CCCAG	2610255	2.7341945	10.67965	2
CAGCA	2932365	2.6383617	6.984709	4
CTGGG	2592460	2.63784	10.223226	4
TGCTG	2968385	2.5980787	7.7153964	2
CCAGC	2431885	2.5473554	6.392777	3
GGAGG	2438960	2.4780796	5.557445	6
GCTGG	2429180	2.4717019	6.6883454	3
TCCAG	2704685	2.4123864	9.196181	2
CTGCT	2687215	2.3760002	6.687203	9
AGCAG	2638205	2.3497024	5.434254	7
CTCCT	2616505	2.3371017	6.442006	1
CTCCA	2580635	2.325245	6.692064	1
CAGGA	2602830	2.3181956	9.628838	4
AGGAG	2626375	2.3155227	6.8648233	5
GCTGC	2251025	2.3138154	5.631423	8
CTGGA	2603315	2.2985022	8.950686	4
CAGCC	2182810	2.286454	5.3868494	9
TCCTG	2562075	2.2653532	9.046899	2
GGCTG	2207755	2.246401	8.200958	7
CCTGC	2123365	2.2048805	6.270092	3
GGCAG	2137270	2.1937237	6.1244745	7
CAGAG	2458625	2.1897604	7.4978633	4
CTGCC	2101445	2.182119	5.5927215	9
CTGCA	2442255	2.1783173	6.549064	4
GCAGG	2115085	2.1709526	6.592754	3
CTCTG	2447910	2.16441	7.3691564	2
CCCTG	2074705	2.1543524	8.824317	2
TGCAG	2426070	2.1420102	6.897775	2
TGGAG	2408595	2.1050868	6.506411	5
GCCTG	2020145	2.0764952	6.5726204	7
AGCTG	2345420	2.0708034	5.861904	7
CAGGG	2009310	2.0623837	9.016631	4
CACAG	2282205	2.0533876	7.2832255	7
CTGTG	2313605	2.0249827	8.923179	9
GCCAG	1925805	1.9968562	5.059606	2
CAGAA	2572410	1.9880453	5.344842	4
CTGGC	1933785	1.9877263	5.4124455	4
GGAGA	2253285	1.9865909	5.4758434	6
CCCCA	1870655	1.9794849	6.5978894	1
CAGGC	1891975	1.9617782	5.7827764	4
CTCAG	2175615	1.9404937	5.9560804	2
GGGAG	1886730	1.9169921	5.2204504	7
TTCTG	2540535	1.9127266	5.286296	2
CTGAG	2156850	1.9043121	5.7263618	4
CCAGA	2092945	1.8831031	6.578983	3
CCTCT	2100240	1.8759661	5.524502	1
GGCCA	1766545	1.8317205	5.8831186	1
TCTGG	2074580	1.8157761	6.3163247	3
TGGGG	1794815	1.807774	5.964578	5
CAGTG	2036245	1.7978286	6.352464	9
CACTG	2013325	1.7957426	7.471571	7
ACCTG	1999560	1.7834651	5.3701725	7
TGGCC	1698335	1.7457086	5.4701943	5
CCTGA	1911220	1.7046722	5.47739	3
GAGAG	1923735	1.6960458	5.334172	7
ACAGA	2186830	1.6900561	5.9925523	8
GCCCA	1588915	1.6643597	6.6395955	1
TCAGG	1856730	1.6393322	5.612069	3
GTGTG	1877110	1.6263342	7.8807344	1
ACACA	2068340	1.6148047	6.545733	6
CCTGT	1820010	1.6092291	5.564712	8
TGTGT	2129870	1.5873361	6.169944	10
AGGTG	1810060	1.5819736	5.1333156	7
CACAC	1720900	1.5641698	6.5271235	5
TGGGC	1533930	1.5607809	6.1395674	5
GGGCC	1296995	1.5498549	5.0755305	6
GCTGT	1719655	1.505128	5.417901	8
ACAGC	1670015	1.5025768	5.711473	8
CTGTC	1652695	1.4612912	5.75545	9
GACAG	1603000	1.4277029	6.8357377	7
GCCCT	1366365	1.4188194	5.7241344	1
GGGCT	1388465	1.4127697	5.7482047	6
AGACA	1793150	1.3858069	5.2410502	6
AGGGC	1306000	1.3404967	5.4527264	5
GTCCT	1482925	1.3111827	8.844845	1
GGACA	1459195	1.2996236	6.1571136	6
GTGCT	1436600	1.2573842	6.641102	1
AGGAC	1386940	1.2352701	8.461832	5
ACTGC	1365970	1.2183479	5.130679	8
TGTGC	1378830	1.2068208	5.9710245	10
GTCCA	1351785	1.2056959	6.900698	1
AGCAC	1327340	1.1942589	5.578117	5
GTCTT	1513850	1.1397527	5.4163637	1
TGGAC	1257105	1.1099151	6.0693116	5
GTGCA	1242310	1.0968524	5.980862	1
ACAGT	1405990	1.077165	5.4943213	8
ACTGT	1397185	1.061128	6.2624555	8
TGCAC	1182925	1.0550848	5.3343153	5
GACTG	1182800	1.0443102	5.915069	7
GGACC	975920	1.0119259	5.256001	6
ACACT	1272900	0.9851589	5.051488	6
GGACT	1081380	0.9547651	5.3184457	6
CTACA	1227995	0.95040464	5.178462	4
TGTAG	1242745	0.9342949	5.4582043	2
TCCTA	1044205	0.801146	5.1114283	2
TAGGA	1047480	0.79438996	5.260904	4
GTGTA	900575	0.6770516	5.9409113	1
TACAC	847920	0.65624624	5.094747	5
>>END_MODULE
