##FastQC	0.10.1
>>Basic Statistics	pass
#Measure	Value	
Filename	008-F0_S1_L002_R2_001_trimmed.fq.gz	
File type	Conventional base calls	
Encoding	Sanger / Illumina 1.9	
Total Sequences	22638554	
Filtered Sequences	0	
Sequence length	20-50	
%GC	45	
>>END_MODULE
>>Per base sequence quality	pass
#Base	Mean	Median	Lower Quartile	Upper Quartile	10th Percentile	90th Percentile
1	34.904832172584875	36.0	36.0	36.0	36.0	36.0
2	34.89470687924679	36.0	36.0	36.0	36.0	36.0
3	34.88524558591507	36.0	36.0	36.0	36.0	36.0
4	34.874339942383244	36.0	36.0	36.0	36.0	36.0
5	34.855797150295025	36.0	36.0	36.0	36.0	36.0
6	34.83774109424127	36.0	36.0	36.0	36.0	36.0
7	34.82410073540916	36.0	36.0	36.0	36.0	36.0
8	34.81936500891356	36.0	36.0	36.0	36.0	36.0
9	34.79919804065224	36.0	36.0	36.0	36.0	36.0
10	34.783167423149024	36.0	36.0	36.0	36.0	36.0
11	34.77365276951876	36.0	36.0	36.0	36.0	36.0
12	34.755741908250855	36.0	36.0	36.0	36.0	36.0
13	34.74506989271488	36.0	36.0	36.0	36.0	36.0
14	34.73189599477069	36.0	36.0	36.0	36.0	36.0
15	34.72350764982605	36.0	36.0	36.0	36.0	36.0
16	34.69772777890319	36.0	36.0	36.0	36.0	36.0
17	34.68400168137947	36.0	36.0	36.0	32.0	36.0
18	34.67283511128847	36.0	36.0	36.0	32.0	36.0
19	34.65083383859234	36.0	36.0	36.0	32.0	36.0
20	34.64336419190024	36.0	36.0	36.0	32.0	36.0
21	34.63927138446915	36.0	36.0	36.0	32.0	36.0
22	34.629559251776485	36.0	36.0	36.0	32.0	36.0
23	34.618644085430496	36.0	36.0	36.0	32.0	36.0
24	34.60324020267052	36.0	36.0	36.0	32.0	36.0
25	34.584994058738175	36.0	36.0	36.0	32.0	36.0
26	34.56321836070278	36.0	36.0	36.0	32.0	36.0
27	34.5534067373155	36.0	36.0	36.0	32.0	36.0
28	34.55308260755333	36.0	36.0	36.0	32.0	36.0
29	34.53769802760323	36.0	36.0	36.0	32.0	36.0
30	34.511265148966224	36.0	36.0	36.0	32.0	36.0
31	34.49476251277144	36.0	36.0	36.0	32.0	36.0
32	34.492300162066826	36.0	36.0	36.0	32.0	36.0
33	34.462357026416925	36.0	36.0	36.0	32.0	36.0
34	34.44507225684164	36.0	36.0	36.0	32.0	36.0
35	34.41565197332744	36.0	36.0	36.0	32.0	36.0
36	34.39651111518566	36.0	36.0	36.0	32.0	36.0
37	34.39055375627018	36.0	36.0	36.0	32.0	36.0
38	34.38162641153799	36.0	36.0	36.0	32.0	36.0
39	34.3588300444911	36.0	36.0	36.0	32.0	36.0
40	34.35224981307329	36.0	36.0	36.0	32.0	36.0
41	34.324237054885955	36.0	36.0	36.0	32.0	36.0
42	34.30247626414779	36.0	36.0	36.0	32.0	36.0
43	34.2932543929525	36.0	36.0	36.0	32.0	36.0
44	34.27024510703238	36.0	36.0	36.0	32.0	36.0
45	34.27160621404547	36.0	36.0	36.0	32.0	36.0
46	34.26394766923767	36.0	36.0	36.0	32.0	36.0
47	34.26826510789345	36.0	36.0	36.0	32.0	36.0
48	34.297121173551425	36.0	36.0	36.0	32.0	36.0
49	34.373087849898255	36.0	36.0	36.0	32.0	36.0
50	34.52259217544925	36.0	36.0	36.0	32.0	36.0
>>END_MODULE
>>Per sequence quality scores	pass
#Quality	Count
2	1.0
3	0.0
4	2.0
5	5.0
6	24.0
7	25.0
8	26.0
9	45.0
10	74.0
11	55.0
12	84.0
13	113.0
14	2466.0
15	4171.0
16	7130.0
17	12046.0
18	19174.0
19	28809.0
20	41464.0
21	56556.0
22	75008.0
23	97139.0
24	123378.0
25	155787.0
26	195042.0
27	241121.0
28	295255.0
29	360643.0
30	442811.0
31	554740.0
32	733312.0
33	1064622.0
34	2010867.0
35	9146553.0
36	6970006.0
>>END_MODULE
>>Per base sequence content	pass
#Base	G	A	T	C
1	22.560041778411417	26.771521750452532	27.32201027771185	23.346426193424204
2	22.51958018953377	26.8580136480323	27.64485236453823	22.977553797895702
3	22.43509214857673	26.909267143185172	27.529218881130678	23.126421827107414
4	22.66779021037157	26.52795001231784	27.832589749834096	22.971670027476492
5	22.726391045522075	26.70532018896237	27.381922483303494	23.18636628221206
6	22.2172906902631	27.060879695771156	27.597319638017016	23.124509975948733
7	22.322116603687235	27.08232355672257	27.553803459996058	23.041756379594133
8	22.420795232292253	26.95683315752938	27.52580978415916	23.0965618260192
9	22.22364765154261	27.028180870193673	27.687338852307043	23.06083262595667
10	22.334814732355348	27.10114706270181	27.591358277468885	22.972679927473955
11	22.77330657206574	27.123113964091395	27.336682555801183	22.766896908041687
12	22.110663242725646	27.30924856780796	27.73742967033399	22.842658519132403
13	22.26200959977241	27.111531367127128	27.878947713687264	22.7475113194132
14	22.29193423430722	26.845340963596016	28.047249577671252	22.815475224425512
15	22.179882786107374	27.15692102531653	27.864422176397408	22.798774012178686
16	22.28681407745801	27.4728472347478	27.767338385148253	22.473000302645936
17	22.40510312688931	27.218411346462545	27.41944717862914	22.957038348019005
18	22.317917750521797	27.61973816766849	27.422034333137457	22.64030974867226
19	22.441719623056738	27.34839057091379	27.66148354291536	22.54840626311411
20	22.53600203493365	27.05651858536057	27.653708162431855	22.753771217273925
21	22.471180521370638	27.266341942679034	27.701120303504446	22.561357232445882
22	22.270620054666356	27.468202438252575	27.761670403357286	22.499507103723783
23	22.33714163562005	27.273115295054435	27.672368936523217	22.717374132802302
24	22.21605764373266	27.620600721432943	27.704677792450656	22.458663842383743
25	22.329376627568866	27.52257900094477	27.53322377202697	22.614820599459396
26	22.40772939688752	27.49979791088911	27.455189597318192	22.637283094905175
27	22.390186314514885	27.54954622987559	27.59117174651727	22.469095709092255
28	22.18914768262022	27.524109120036577	27.51916787899786	22.767575318345347
29	22.46779535933687	27.3597299066011	27.56537106076135	22.607103673300678
30	22.29011729001835	27.632086309081323	27.51481233490103	22.5629840659993
31	22.34766579597323	27.62028502861089	27.506634837473758	22.525414337942124
32	22.35471395838279	27.629003702188555	27.45335098586103	22.562931353567627
33	22.2332410223069	27.4335903598162	27.717554558714948	22.615614059161953
34	22.409516278817705	27.767320632032906	27.52134294563665	22.30182014351274
35	22.35915668231904	27.4334535027694	27.53551605515387	22.671873759757695
36	22.496229730718404	27.68905791256676	27.324536794365457	22.49017556234938
37	22.31414363001825	27.59835772042225	27.44061817386621	22.646880475693283
38	22.292798744441463	27.511713882986115	27.42043149104693	22.775055881525493
39	22.233121083019814	27.580038725169864	27.491337909681818	22.69550228212851
40	22.3201432565706	27.54612653773015	27.621708361630194	22.512021844069057
41	22.53527976282628	27.560713323335023	27.433859090508356	22.47014782333034
42	22.454903230370853	27.663573939442703	27.476329411867212	22.405193418319232
43	22.440963973587465	27.80224663203988	27.363044597921427	22.39374479645123
44	22.43759550695226	27.514751136202708	27.321476988902972	22.72617636794206
45	22.327662508200255	27.66964384374308	27.4862692781684	22.516424369888263
46	22.364430091323207	27.885735121745185	27.246101173333958	22.50373361359765
47	22.46267960295637	27.69868828771892	27.31278582351182	22.525846285812893
48	22.448316419682342	28.06493424219381	27.508279944943638	21.978469393180205
49	22.668823800081277	28.298939654952942	27.56524674438099	21.46698980058479
50	22.648033519385134	28.071789608144115	27.59889683528482	21.68128003718593
>>END_MODULE
>>Per base GC content	pass
#Base	%GC
1	45.90646797183562
2	45.49713398742947
3	45.56151397568414
4	45.63946023784807
5	45.912757327734134
6	45.34180066621183
7	45.36387298328137
8	45.51735705831146
9	45.284480277499284
10	45.3074946598293
11	45.54020348010742
12	44.95332176185805
13	45.00952091918561
14	45.10740945873273
15	44.97865679828606
16	44.75981438010395
17	45.36214147490831
18	44.95822749919405
19	44.990125886170844
20	45.289773252207574
21	45.03253775381651
22	44.77012715839014
23	45.05451576842235
24	44.674721486116404
25	44.94419722702826
26	45.0450124917927
27	44.859282023607136
28	44.95672300096557
29	45.074899032637546
30	44.853101356017646
31	44.87308013391535
32	44.917645311950416
33	44.84885508146885
34	44.71133642233045
35	45.031030442076734
36	44.98640529306778
37	44.96102410571154
38	45.06785462596695
39	44.928623365148326
40	44.832165100639656
41	45.00542758615662
42	44.86009664869008
43	44.834708770038695
44	45.16377187489432
45	44.84408687808852
46	44.86816370492085
47	44.98852588876926
48	44.426785812862555
49	44.13581360066607
50	44.329313556571066
>>END_MODULE
>>Per sequence GC content	pass
#GC Content	Count
0	10909.0
1	8746.5
2	6229.0
3	6550.0
4	7291.0
5	8213.0
6	9274.5
7	10946.5
8	12665.5
9	15442.0
10	18463.5
11	23554.5
12	28867.0
13	37666.0
14	47824.0
15	63532.0
16	80568.5
17	104645.0
18	130406.0
19	163890.5
20	197964.5
21	239765.5
22	283030.5
23	333620.5
24	387178.5
25	436477.0
26	492754.5
27	560392.0
28	631896.0
29	707027.0
30	783265.5
31	862849.5
32	946405.5
33	1029467.0
34	1112095.5
35	1183715.5
36	1249357.5
37	1295787.0
38	1331512.5
39	1353787.0
40	1373591.5
41	1382271.5
42	1389230.0
43	1384258.5
44	1372133.5
45	1347398.0
46	1322189.5
47	1294597.5
48	1266138.0
49	1235515.5
50	1205903.5
51	1179686.5
52	1149315.5
53	1117168.0
54	1087714.0
55	1055777.0
56	1018324.5
57	971679.0
58	922898.5
59	863583.0
60	803081.0
61	737374.5
62	669390.0
63	611470.0
64	544751.0
65	483395.0
66	423569.5
67	368410.0
68	314984.5
69	267386.0
70	226006.0
71	190496.0
72	158656.5
73	131856.5
74	106778.5
75	87929.5
76	73633.5
77	60445.5
78	48645.0
79	39669.5
80	31651.5
81	25548.0
82	20468.5
83	16752.5
84	13226.5
85	10526.5
86	8266.5
87	6542.0
88	5257.0
89	4273.5
90	3405.0
91	2936.5
92	2592.5
93	2458.5
94	2324.5
95	2364.0
96	2419.5
97	2844.0
98	4137.0
99	15130.5
100	25261.0
>>END_MODULE
>>Per base N content	pass
#Base	N-Count
1	0.0045276743382108246
2	0.004439329473075003
3	0.005777754179882691
4	0.0029021288197117186
5	0.004554177797751571
6	0.008436934620470902
7	0.006776051155917467
8	0.007049920237838512
9	0.00927179359600441
10	0.005163757367188735
11	0.003807663687353883
12	0.0031053220095241065
13	0.006886482237337244
14	0.0043112294186280625
15	0.005013571096457839
16	0.006806971858715005
17	0.005724747260801198
18	0.01628637588778859
19	0.013715540312336202
20	0.025951304133647407
21	0.010520540891950023
22	0.019406789261954098
23	0.009266193203891448
24	0.010855766738373806
25	0.01242179171639892
26	0.00757693518786405
27	0.022702903759147693
28	0.010592969719048828
29	0.013661834647730329
30	0.007103497603572248
31	0.015195670581239754
32	0.006525910970940757
33	0.0061048933381212395
34	0.011813559108748917
35	0.0038251253154551255
36	0.011981146848129847
37	0.014030918207571784
38	0.007841220906469458
39	0.014354297072959437
40	0.008952056293205194
41	0.010015115489630258
42	0.012301143239484974
43	0.005704187911051786
44	0.003180896729928633
45	0.00285876450622231
46	0.015914689105018077
47	0.021852719258082284
48	0.0058815265020820354
49	0.0021627440755397596
50	0.009226835315869193
>>END_MODULE
>>Sequence Length Distribution	warn
#Length	Count
20	16143.0
21	16920.0
22	18006.0
23	18835.0
24	19568.0
25	20184.0
26	20764.0
27	21522.0
28	22572.0
29	24390.0
30	25371.0
31	26600.0
32	28566.0
33	28840.0
34	30350.0
35	31604.0
36	31713.0
37	33431.0
38	35597.0
39	38584.0
40	42379.0
41	48013.0
42	54754.0
43	71788.0
44	119429.0
45	227648.0
46	611069.0
47	1316155.0
48	2668576.0
49	3595150.0
50	1.3374033E7
>>END_MODULE
>>Sequence Duplication Levels	warn
#Total Duplicate Percentage	38.50629694498821
#Duplication Level	Relative count
1	100.0
2	24.84721801152048
3	11.04338529782515
4	6.262066984729779
5	3.730593097285826
6	2.4094078600947806
7	1.7567934132214262
8	1.3283655917409967
9	0.9342439086658901
10++	7.2513602782786295
>>END_MODULE
>>Overrepresented sequences	pass
>>END_MODULE
>>Kmer Content	warn
#Sequence	Count	Obs/Exp Overall	Obs/Exp Max	Max Obs/Exp Position
AAAAA	7484950	4.7970433	6.210338	46
GGGGG	2141035	3.7696428	4.8650784	46
TTTTT	5497730	3.4111905	4.0713353	13
CCTGG	2160005	3.0080607	3.7697608	9
>>END_MODULE
