##FastQC	0.10.1
>>Basic Statistics	pass
#Measure	Value	
Filename	005-primary_S6_L003_R1_001.fastq.gz	
File type	Conventional base calls	
Encoding	Sanger / Illumina 1.9	
Total Sequences	31193471	
Filtered Sequences	0	
Sequence length	35-75	
%GC	45	
>>END_MODULE
>>Per base sequence quality	pass
#Base	Mean	Median	Lower Quartile	Upper Quartile	10th Percentile	90th Percentile
1	31.26293047028976	32.0	32.0	32.0	32.0	32.0
2	31.355989687713816	32.0	32.0	32.0	32.0	32.0
3	31.438918483935307	32.0	32.0	32.0	32.0	32.0
4	31.533684340546777	32.0	32.0	32.0	32.0	32.0
5	31.48066273227497	32.0	32.0	32.0	32.0	32.0
6	35.05836952226317	36.0	36.0	36.0	36.0	36.0
7	35.04955921705539	36.0	36.0	36.0	36.0	36.0
8	34.981729734405	36.0	36.0	36.0	36.0	36.0
9	35.13833840421285	36.0	36.0	36.0	36.0	36.0
10	35.00329767726073	36.0	36.0	36.0	36.0	36.0
11	35.11781442982091	36.0	36.0	36.0	36.0	36.0
12	35.047313041886234	36.0	36.0	36.0	36.0	36.0
13	35.093257111400014	36.0	36.0	36.0	36.0	36.0
14	35.069541507580226	36.0	36.0	36.0	36.0	36.0
15	35.01937645861854	36.0	36.0	36.0	36.0	36.0
16	35.04025095507967	36.0	36.0	36.0	36.0	36.0
17	35.03379277669997	36.0	36.0	36.0	36.0	36.0
18	35.0312824436883	36.0	36.0	36.0	36.0	36.0
19	35.0217398698593	36.0	36.0	36.0	36.0	36.0
20	35.02222699102642	36.0	36.0	36.0	36.0	36.0
21	35.01098252259263	36.0	36.0	36.0	36.0	36.0
22	35.000495071548784	36.0	36.0	36.0	36.0	36.0
23	34.975239626266664	36.0	36.0	36.0	36.0	36.0
24	34.969114402177304	36.0	36.0	36.0	36.0	36.0
25	34.95537175071027	36.0	36.0	36.0	36.0	36.0
26	34.89989760998383	36.0	36.0	36.0	36.0	36.0
27	34.89013944616808	36.0	36.0	36.0	36.0	36.0
28	34.87033421192531	36.0	36.0	36.0	36.0	36.0
29	34.8540246450932	36.0	36.0	36.0	36.0	36.0
30	34.83105182491554	36.0	36.0	36.0	36.0	36.0
31	34.82226290238749	36.0	36.0	36.0	36.0	36.0
32	34.81419951630263	36.0	36.0	36.0	36.0	36.0
33	34.79227204308235	36.0	36.0	36.0	36.0	36.0
34	34.785246277979134	36.0	36.0	36.0	36.0	36.0
35	34.77333247075967	36.0	36.0	36.0	32.0	36.0
36	34.827904457198116	36.0	36.0	36.0	36.0	36.0
37	34.816243432551886	36.0	36.0	36.0	36.0	36.0
38	34.801856807135394	36.0	36.0	36.0	32.0	36.0
39	34.79188456520429	36.0	36.0	36.0	32.0	36.0
40	34.78531101331861	36.0	36.0	36.0	32.0	36.0
41	34.76293487074858	36.0	36.0	36.0	32.0	36.0
42	34.751921807231426	36.0	36.0	36.0	32.0	36.0
43	34.74751919883693	36.0	36.0	36.0	32.0	36.0
44	34.7341718346575	36.0	36.0	36.0	32.0	36.0
45	34.72378152651505	36.0	36.0	36.0	32.0	36.0
46	34.707446384532716	36.0	36.0	36.0	32.0	36.0
47	34.69963851333074	36.0	36.0	36.0	32.0	36.0
48	34.683319928731436	36.0	36.0	36.0	32.0	36.0
49	34.66780950907056	36.0	36.0	36.0	32.0	36.0
50	34.653809045904936	36.0	36.0	36.0	32.0	36.0
51	34.64134250722326	36.0	36.0	36.0	32.0	36.0
52	34.63214810630065	36.0	36.0	36.0	32.0	36.0
53	34.608554800696616	36.0	36.0	36.0	32.0	36.0
54	34.57999900346145	36.0	36.0	36.0	32.0	36.0
55	34.554144067707966	36.0	36.0	36.0	32.0	36.0
56	34.533311229125786	36.0	36.0	36.0	32.0	36.0
57	34.504215265952745	36.0	36.0	36.0	32.0	36.0
58	34.49768849078256	36.0	36.0	36.0	32.0	36.0
59	34.46983892851427	36.0	36.0	36.0	32.0	36.0
60	34.44093035629521	36.0	36.0	36.0	32.0	36.0
61	34.41907736837223	36.0	36.0	36.0	32.0	36.0
62	34.384803597119365	36.0	36.0	36.0	32.0	36.0
63	34.3641274098886	36.0	36.0	36.0	32.0	36.0
64	34.33780242470124	36.0	36.0	36.0	32.0	36.0
65	34.315689686865255	36.0	36.0	36.0	32.0	36.0
66	34.26468735355303	36.0	36.0	36.0	32.0	36.0
67	34.24954436114721	36.0	36.0	36.0	32.0	36.0
68	34.218179775051695	36.0	36.0	36.0	32.0	36.0
69	34.19140888786386	36.0	36.0	36.0	32.0	36.0
70	34.163103170786044	36.0	36.0	36.0	32.0	36.0
71	34.128850446285185	36.0	36.0	36.0	32.0	36.0
72	34.08781938779857	36.0	36.0	36.0	32.0	36.0
73	34.05276316088994	36.0	36.0	36.0	32.0	36.0
74	34.0122043465241	36.0	36.0	36.0	32.0	36.0
75	33.24272007963555	36.0	36.0	36.0	21.0	36.0
>>END_MODULE
>>Per sequence quality scores	pass
#Quality	Count
2	65524.0
3	0.0
4	0.0
5	0.0
6	0.0
7	0.0
8	0.0
9	0.0
10	0.0
11	0.0
12	0.0
13	0.0
14	0.0
15	0.0
16	1.0
17	11.0
18	62.0
19	424.0
20	2127.0
21	6879.0
22	16324.0
23	32537.0
24	60062.0
25	105046.0
26	172240.0
27	263770.0
28	381984.0
29	525939.0
30	700603.0
31	929063.0
32	1280419.0
33	2004505.0
34	4617214.0
35	2.0028737E7
>>END_MODULE
>>Per base sequence content	fail
#Base	G	A	T	C
1	41.70934286182904	18.919176729488317	12.592017609061045	26.77946279962159
2	15.898977839142425	20.063605317803955	36.165226561417256	27.87219028163636
3	18.387248603320998	21.759436945841625	28.752901693131257	31.10041275770612
4	12.997782989029119	15.494751388519134	35.64323724915106	35.86422837330069
5	14.70233485041593	35.15472125418358	34.25146541145164	15.891478483948845
6	34.14069001198144	35.37405810886257	16.287842304271276	14.197409574884713
7	30.097657968599755	29.813849847857476	20.725799360640632	19.362692822902133
8	26.229273206783382	34.87657039754566	19.959322083121066	18.934834312549885
9	24.525201130584183	15.929528131552509	19.994055305894896	39.551215431968416
10	14.114355180571337	27.740072289380347	34.818396471826425	23.327176058221895
11	34.311543540082866	22.85595017569105	23.484035466788708	19.348470817437377
12	22.013609006174644	24.336809281479965	30.840556981834332	22.809024730511055
13	27.416546295198973	20.728652615606162	26.383256178121865	25.471544911072996
14	20.496982725124322	20.55129409051802	27.324180929129128	31.62754225522853
15	22.700578006010495	29.33068644546494	23.447500129867514	24.521235418657046
16	22.66571724952591	28.911207223623077	25.251396899305988	23.171678627545024
17	21.48347788167642	28.265141354475197	27.503907349421397	22.747473414426985
18	21.961507672694168	28.09906546775861	27.87938944844485	22.06003741110237
19	22.30610868674988	27.50375412167913	27.860930171489546	22.329207020081444
20	22.42852853638144	27.303798222288073	27.768998580629233	22.498674660701255
21	22.366325668698934	27.022777955770742	27.63051800364476	22.98037837188556
22	22.22172891774713	26.833003153082984	27.920678482265473	23.024589446904418
23	22.34169883431863	26.93584574536147	27.615443981060917	23.107011439258983
24	22.365177435018087	26.834228076385802	27.789020092597866	23.011574395998245
25	22.546973892976922	26.78468282093039	27.478678487043506	23.189664799049183
26	22.16775954853428	27.072702679216377	27.65956442033035	23.09997335191899
27	22.14984540039718	27.066831419563503	27.752754617098418	23.030568562940896
28	22.322969131244022	26.94834644893221	27.742443149238206	22.986241270585563
29	22.041852904866154	27.134993876719626	27.8870035755357	22.93614964287852
30	22.266821970854348	27.198559843540142	27.61205933140834	22.92255885419717
31	22.52507942390475	27.259824206625126	27.448002609105632	22.767093760364492
32	22.057754081886607	27.245895786188534	27.801997349841283	22.894352782083573
33	22.19223130905485	27.067898181656503	27.85417875454491	22.885691754743736
34	22.21907214118554	26.802602818618265	27.994380740882143	22.983944299314054
35	22.170136091293966	27.053320092490573	27.801506736972666	22.975037079242792
36	22.36317466375675	27.4972910027858	27.53022718798663	22.60930714547082
37	22.46543875200528	27.222106222801102	27.487549300111557	22.824905725082058
38	22.35002968783862	27.4486166756227	27.480623146524184	22.720730490014493
39	22.318852777854783	27.340594410826867	27.67941256459421	22.661140246724134
40	22.304104265642128	27.128105926016932	27.63334238704349	22.93444742129745
41	22.3861328035081	27.316963945478197	27.579817455573618	22.717085795440088
42	22.323880795185666	27.29318149961643	27.630484897674528	22.752452807523373
43	22.445305794815035	27.048032711169334	27.498618703974735	23.008042790040893
44	22.388519287402474	27.378066101121863	27.554807399452685	22.678607212022982
45	22.414523046313658	27.315561409420425	27.470120496245347	22.79979504802057
46	22.538534428083747	27.48291015617015	27.315212951279467	22.663342464466638
47	22.259349061692085	27.562648672663574	27.54252673443927	22.63547553120507
48	22.283408521382345	27.40560011265388	27.486063881638746	22.82492748432503
49	22.364118059448653	27.3073137882291	27.612046862877005	22.71652128944524
50	22.405434558774353	27.36615499342697	27.50046393187418	22.727946515924494
51	22.52085056557651	27.405494692455296	27.39463724033187	22.67901750163632
52	22.468656958209433	27.328536980958585	27.42138150390917	22.781424556922815
53	22.38544532184982	27.366151588474015	27.481404544740162	22.76699854493601
54	22.562224258000686	27.54194276025605	27.38662377251063	22.509209209232626
55	22.551799589175673	27.41977486998475	27.29096985705899	22.737455683780592
56	22.623452384491955	27.58011033817317	27.23496216248505	22.56147511484983
57	22.354634440384537	27.461748320936614	27.471676678153912	22.711940560524944
58	22.33548797423628	27.238915505426327	27.579715093278317	22.845881427059076
59	22.256016777557704	27.432655822552594	27.548439863145475	22.76288753674423
60	22.449275829316985	27.480139032314767	27.454459619882638	22.616125518485614
61	22.603636913610682	27.52226598876525	27.294505073738634	22.579592023885432
62	22.485151732140245	27.64653851295391	27.25284303857183	22.61546671633402
63	22.497396833904837	27.60792575672415	27.314791263508514	22.5798861458625
64	22.49702704644775	27.36131288009098	27.348681741209585	22.79297833225168
65	22.321908288880426	27.42688351784422	27.523301391337913	22.727906801937444
66	22.454935664830696	27.460668329032323	27.29488286125934	22.78951314487764
67	22.404038809968927	27.496837697026	27.39244501242209	22.706678480582983
68	22.48055821000826	27.694700149231632	27.38713808339878	22.437603557361328
69	22.71480423376565	27.639596806293028	27.26000605033591	22.38559290960541
70	22.685777366964423	27.470128572488782	27.263537630397956	22.58055643014884
71	22.602128972891705	27.66478848026641	27.180788253005428	22.552294293836457
72	22.576449503252014	27.833692722197128	27.43860641445518	22.151251360095678
73	23.167978047357114	28.366797265306815	27.545489890601964	20.919734796734108
74	24.473814388514352	30.75859412297176	27.537694719816958	17.22989676869693
75	29.87090151732391	41.07030771475896	29.058790767917124	0.0
>>END_MODULE
>>Per base GC content	fail
#Base	%GC
1	68.48880566145064
2	43.77116812077879
3	49.48766136102712
4	48.8620113623298
5	30.59381333436478
6	48.33809958686615
7	49.46035079150189
8	45.16410751933327
9	64.0764165625526
10	37.44153123879323
11	53.66001435752025
12	44.8226337366857
13	52.88809120627197
14	52.124524980352845
15	47.221813424667545
16	45.83739587707093
17	44.230951296103406
18	44.02154508379654
19	44.63531570683133
20	44.92720319708269
21	45.3467040405845
22	45.24631836465154
23	45.44871027357761
24	45.376751831016335
25	45.736638692026105
26	45.267732900453275
27	45.180413963338076
28	45.30921040182959
29	44.97800254774467
30	45.189380825051515
31	45.29217318426924
32	44.95210686397018
33	45.077923063798586
34	45.203016440499596
35	45.145173170536765
36	44.972481809227574
37	45.29034447708734
38	45.07076017785312
39	44.97999302457892
40	45.23855168693957
41	45.10321859894819
42	45.07633360270904
43	45.45334858485593
44	45.067126499425456
45	45.214318094334224
46	45.20187689255039
47	44.89482459289715
48	45.10833600570738
49	45.0806393488939
50	45.133381074698846
51	45.199868067212826
52	45.250081515132244
53	45.15244386678583
54	45.07143346723331
55	45.28925527295626
56	45.18492749934178
57	45.06657500090948
58	45.181369401295356
59	45.01890431430194
60	45.0654013478026
61	45.18322893749612
62	45.100618448474265
63	45.07728297976733
64	45.290005378699426
65	45.049815090817866
66	45.24444880970833
67	45.11071729055191
68	44.91816176736958
69	45.10039714337106
70	45.26633379711326
71	45.154423266728166
72	44.72770086334769
73	44.08771284409122
74	41.70371115721127
75	29.87090151732391
>>END_MODULE
>>Per sequence GC content	warn
#GC Content	Count
0	65542.0
1	32779.0
2	38.5
3	97.5
4	138.0
5	188.5
6	335.0
7	653.0
8	890.0
9	1113.0
10	1992.0
11	3537.0
12	4506.0
13	6163.0
14	10169.5
15	16314.0
16	21274.0
17	29754.5
18	47517.0
19	69796.0
20	85667.5
21	110946.5
22	157349.5
23	209260.5
24	244742.5
25	290401.5
26	365984.5
27	441590.0
28	493083.5
29	555795.0
30	651612.0
31	742528.5
32	804630.0
33	874447.5
34	983901.0
35	1085130.5
36	1150477.5
37	1216451.0
38	1291762.0
39	1350726.0
40	1390392.0
41	1409068.5
42	1414034.5
43	1406518.5
44	1403230.0
45	1387182.0
46	1347019.5
47	1301656.5
48	1276780.0
49	1245655.5
50	1192283.5
51	1146870.0
52	1123080.5
53	1105837.5
54	1073847.5
55	1041575.0
56	1025431.0
57	1006111.5
58	958627.5
59	893483.0
60	835566.0
61	766464.0
62	680185.0
63	598132.0
64	531350.0
65	473074.0
66	398031.0
67	323983.5
68	270367.0
69	228825.5
70	183484.0
71	140003.0
72	109815.0
73	89225.0
74	67604.0
75	49197.5
76	37334.5
77	29233.5
78	20953.0
79	14283.0
80	10288.0
81	7701.5
82	5184.0
83	3312.5
84	2386.0
85	1855.0
86	1348.5
87	905.0
88	674.0
89	568.0
90	446.0
91	327.0
92	270.0
93	364.5
94	362.0
95	199.0
96	139.0
97	99.0
98	46.0
99	63.5
100	93.0
>>END_MODULE
>>Per base N content	pass
#Base	N-Count
1	0.21987293430731064
2	0.2112140710471111
3	0.2100567775865661
4	0.2100567775865661
5	0.2100567775865661
6	0.21477891960147685
7	0.2107812881740541
8	0.2100599833856258
9	0.213358750618038
10	0.2100567775865661
11	0.21008562977810324
12	0.2110986622809626
13	0.2100567775865661
14	0.21013371676399847
15	0.2102811835207438
16	0.21030362411416156
17	0.21027477192262445
18	0.21098325351481406
19	0.21056970543611517
20	0.2102779777216841
21	0.2100567775865661
22	0.2100567775865661
23	0.21051841265116022
24	0.21010807037152102
25	0.21079731716935252
26	0.21006318918468544
27	0.2104350618756085
28	0.2100567775865661
29	0.21013371676399847
30	0.21075564178157669
31	0.21018180374989368
32	0.2100567775865661
33	0.2100567775865661
34	0.2100567775865661
35	0.21011768776870005
36	1.0930493633951914E-4
37	0.0
38	0.0
39	0.0
40	6.787853775666087E-5
41	0.0
42	0.0
43	0.0
44	0.0
45	0.0
46	0.0
47	0.0
48	0.0
49	0.0
50	0.0
51	0.0
52	0.0
53	0.0
54	0.0
55	0.0
56	9.417495608083655E-5
57	0.0
58	0.0
59	0.0
60	2.0458962032974323E-5
61	2.737427994095231E-5
62	0.0
63	1.0339596819829526E-5
64	0.0
65	0.0
66	0.0
67	0.0
68	0.0
69	5.2986332670026865E-5
70	0.0
71	0.0
72	0.0
73	5.561119558657688E-5
74	0.0
75	0.0
>>END_MODULE
>>Sequence Length Distribution	warn
#Length	Count
35	87831.0
36	32688.0
37	41727.0
38	45282.0
39	48329.0
40	50448.0
41	52908.0
42	57003.0
43	61740.0
44	68336.0
45	73026.0
46	75103.0
47	76662.0
48	78455.0
49	80869.0
50	81029.0
51	83329.0
52	85593.0
53	89534.0
54	94771.0
55	96912.0
56	99602.0
57	101155.0
58	101349.0
59	102789.0
60	102488.0
61	102766.0
62	107076.0
63	109914.0
64	115489.0
65	118480.0
66	118021.0
67	120457.0
68	123123.0
69	134186.0
70	154353.0
71	270762.0
72	776900.0
73	2077921.0
74	6304374.0
75	1.8590691E7
>>END_MODULE
>>Sequence Duplication Levels	warn
#Total Duplicate Percentage	39.198006119830225
#Duplication Level	Relative count
1	100.0
2	24.171043126050147
3	11.590379635867757
4	7.044002694870817
5	4.34913187821132
6	2.8823753825174316
7	2.070667305210354
8	1.4992248187861716
9	1.2070099109556238
10++	7.527780708945834
>>END_MODULE
>>Overrepresented sequences	warn
#Sequence	Count	Percentage	Possible Source
NNNNNNNNNNNNNNNNNNNNNNNNNNNNNNNNNNN	65524	0.2100567775865661	No Hit
>>END_MODULE
>>Kmer Content	warn
#Sequence	Count	Obs/Exp Overall	Obs/Exp Max	Max Obs/Exp Position
AAAAA	11047015	3.5923858	6.870264	71
TTTTT	10365015	3.2494385	5.884646	71
CCTGG	4965335	3.1126072	11.832513	3
CCAGG	4743815	2.9955974	13.005089	3
CCCAG	4590170	2.8765576	11.667427	2
CTGGG	4475255	2.8268647	10.0584545	4
CCAGC	4266000	2.6734073	6.926976	3
GGAGG	4056230	2.6007652	5.9380517	6
GCTGG	4074885	2.5739646	5.969671	3
TCCAG	4653055	2.4615226	9.632263	2
CAGCA	4562860	2.4315472	6.9181457	4
CAGCC	3862045	2.4202576	5.6651735	9
CAGGA	4475770	2.4033928	10.601074	4
TGCTG	4489440	2.3756876	6.3796735	2
CTCCA	4524590	2.375382	7.278581	1
AGGAG	4381825	2.3709557	7.487777	5
GGCTG	3722545	2.3514037	8.4370165	7
CTCCT	4462035	2.3254514	6.707152	1
TCCTG	4424470	2.3235228	9.346378	2
CTGGA	4354320	2.321119	8.68173	4
GGCAG	3548315	2.25782	6.294591	7
CTGCA	4266880	2.2572312	6.7321997	4
CCTGC	3608370	2.2447884	6.3984923	3
TGCAG	4191845	2.23451	6.727765	2
GCAGG	3510345	2.2336593	6.429444	3
CAGAG	4118540	2.2115679	7.649644	4
CTGCC	3540605	2.2026315	5.811562	9
GCCTG	3506985	2.198415	7.433184	7
AGCAG	4051755	2.1757057	5.5383554	7
TGGAG	4045930	2.173236	6.511523	5
CTGCT	4115255	2.1611378	6.569256	9
CCCTG	3472865	2.1604898	8.702214	2
CTCTG	4086165	2.145861	7.2336903	2
CAGGG	3326965	2.1169732	9.010485	4
GCTGC	3357125	2.1044724	5.685396	8
AGCTG	3942020	2.101338	5.985987	7
CAGGC	3297750	2.0824444	6.195047	4
GGAGA	3781735	2.0462542	5.72738	6
GCCAG	3219105	2.0327823	5.1807733	2
CTGGC	3235310	2.0281107	5.3118815	4
GGGAG	3161055	2.0267987	5.3373294	7
CACAG	3787300	2.0182514	7.082152	7
CAGAA	4424710	2.00508	5.5828147	4
CTCAG	3768820	1.9937515	6.251528	2
CTGTG	3739040	1.9785967	8.748906	9
CTGAG	3696510	1.970466	5.730971	4
CCCCA	3146835	1.9570719	6.743466	1
TTCTG	4341310	1.9245439	5.17681	2
TCCCA	3642995	1.91255	5.032584	2
CCAGA	3553195	1.8934971	6.9194255	3
GGCCA	2980330	1.8820019	5.9775457	1
TCTGG	3464555	1.8333466	6.1645584	3
TGGGG	2879335	1.8326976	5.5859776	5
CCTCT	3493270	1.820566	5.315517	1
CACTG	3437465	1.8184607	7.5013757	7
CAGTG	3395890	1.8102173	6.5152035	9
ACCTG	3406335	1.8019925	5.3285246	7
AGAGG	3323200	1.7981457	5.0517883	5
TGGCC	2860195	1.7929633	5.5434036	5
CCTGA	3312890	1.7525591	5.684714	3
GCCCA	2744300	1.7197918	7.182768	1
TCAGG	3197650	1.7045431	6.020647	3
ACAGA	3700330	1.6768234	5.774869	8
GAGAG	3050300	1.6504827	5.2906103	7
AGGTG	3047445	1.6369083	5.2308083	7
TGGGC	2588105	1.6348169	6.189326	5
GGCCT	2590725	1.6240413	5.041336	6
CCTGT	3084680	1.6199284	5.4268484	8
ACAGG	3007835	1.6151431	5.0780764	8
AGCCT	3050045	1.6135107	5.4128556	6
GGGCC	2104365	1.5746605	5.0033355	6
AGGCT	2874120	1.5320818	5.0602894	6
ACAGC	2735105	1.4575369	5.7026453	8
GCTGT	2732240	1.4458258	5.1528487	8
GACAG	2689370	1.4441341	7.150368	7
CTGTC	2732085	1.4347621	5.805066	9
GCCCT	2284015	1.4208993	5.427972	1
GGGCT	2247830	1.4198769	5.779263	6
ACACA	3125775	1.4057016	5.787458	6
CACAC	2605195	1.3777626	6.278138	5
GTGTG	2581910	1.3767328	5.793643	1
AGACA	3009520	1.3637793	5.5952926	6
AGGGC	2143010	1.3636136	5.4584627	5
ACTGC	2433390	1.2872928	5.368484	8
GGACA	2360275	1.2674173	6.022515	6
GTGCT	2284395	1.2088387	5.3025484	1
GTCCT	2257745	1.1856611	6.223571	1
GTCCA	2230260	1.1798346	6.5953045	1
AGCAC	2192530	1.1683989	5.6103325	5
AGGAC	2135390	1.1466588	6.541074	5
TGTGC	2164880	1.1455947	5.1530404	10
GTCTT	2568595	1.1386827	5.003294	1
TGGAC	2059335	1.0977516	5.961926	5
TGCAC	2052910	1.0860144	5.530903	5
GTGCA	2030855	1.08257	5.6138263	1
ACAGT	2341605	1.0533692	5.573681	8
GACTG	1970090	1.0501785	6.186545	7
ACTGT	2339050	1.0445435	6.292463	8
GCACT	1963595	1.0387655	5.0963116	6
AGACT	2243510	1.0092412	5.355873	6
GGACT	1799015	0.9589851	5.2952604	6
GTGTA	1369625	0.6163113	5.241928	1
>>END_MODULE
