##FastQC	0.10.1
>>Basic Statistics	pass
#Measure	Value	
Filename	030-F0_S1_L001_R1_001.fastq.gz	
File type	Conventional base calls	
Encoding	Sanger / Illumina 1.9	
Total Sequences	17843664	
Filtered Sequences	0	
Sequence length	35-76	
%GC	44	
>>END_MODULE
>>Per base sequence quality	pass
#Base	Mean	Median	Lower Quartile	Upper Quartile	10th Percentile	90th Percentile
1	31.273739743137956	32.0	32.0	32.0	32.0	32.0
2	31.35280052347993	32.0	32.0	32.0	32.0	32.0
3	31.449209086205613	32.0	32.0	32.0	32.0	32.0
4	31.52648082815278	32.0	32.0	32.0	32.0	32.0
5	31.5029055691701	32.0	32.0	32.0	32.0	32.0
6	35.05974215833699	36.0	36.0	36.0	36.0	36.0
7	35.09168884820965	36.0	36.0	36.0	36.0	36.0
8	35.03231460758284	36.0	36.0	36.0	36.0	36.0
9	35.14313175814115	36.0	36.0	36.0	36.0	36.0
10-14	35.075702893755455	36.0	36.0	36.0	36.0	36.0
15-19	35.03877367338905	36.0	36.0	36.0	36.0	36.0
20-24	34.98377575367929	36.0	36.0	36.0	36.0	36.0
25-29	34.85718170886876	36.0	36.0	36.0	36.0	36.0
30-34	34.74666538217711	36.0	36.0	36.0	32.0	36.0
35-39	34.699227099085725	36.0	36.0	36.0	32.0	36.0
40-44	34.635264192566616	36.0	36.0	36.0	32.0	36.0
45-49	34.5361733099641	36.0	36.0	36.0	32.0	36.0
50-54	34.42146131144007	36.0	36.0	36.0	32.0	36.0
55-59	34.274912841619525	36.0	36.0	36.0	32.0	36.0
60-64	34.1469494531146	36.0	36.0	36.0	32.0	36.0
65-69	33.986632423151846	36.0	36.0	36.0	32.0	36.0
70-74	33.830044807103015	36.0	36.0	36.0	31.0	36.0
75-76	33.34825725373983	36.0	36.0	36.0	24.0	36.0
>>END_MODULE
>>Per sequence quality scores	pass
#Quality	Count
2	28849.0
3	0.0
4	0.0
5	0.0
6	0.0
7	0.0
8	0.0
9	0.0
10	0.0
11	0.0
12	0.0
13	0.0
14	0.0
15	0.0
16	0.0
17	13.0
18	150.0
19	1194.0
20	4927.0
21	12368.0
22	22252.0
23	35084.0
24	53884.0
25	81843.0
26	123093.0
27	178179.0
28	249543.0
29	335069.0
30	439040.0
31	576569.0
32	782280.0
33	1189508.0
34	2543170.0
35	1.1186649E7
>>END_MODULE
>>Per base sequence content	fail
#Base	G	A	T	C
1	43.02513946959314	18.7883567693518	11.377131898366612	26.80937186268844
2	15.514132479063072	20.604614754629786	37.5648750772882	26.316377689018942
3	19.21798233661141	22.357195401692355	28.010602411532197	30.414219850164038
4	12.755001946413703	15.999975301455557	36.0845846560854	35.16043809604534
5	14.318638728496481	35.842522080639064	34.511046003003685	15.327793187860777
6	33.822690626309395	35.8999326095045	16.698239644374915	13.579137119811183
7	30.2925739054826	29.522501356314955	20.78336485672178	19.40155988148067
8	25.568039858960084	36.47421542126595	19.889833265178446	18.067911454595514
9	24.74143009624293	15.825990895779722	20.189376089507522	39.24320291846982
10-14	23.730133832826617	23.73257338467791	28.910859549992836	23.626433232502638
15-19	21.65201346260562	29.167903704183455	27.173030762292523	22.007052070918405
20-24	21.850186559519138	27.971450527626356	28.20008094443406	21.978281968420443
25-29	21.20739140687681	28.2997281961788	28.22710272709254	22.265777669851847
30-34	21.366733394352902	28.16308447551734	28.594424421248643	21.875757708881107
35-39	21.246847652385405	28.470732082050986	28.422073508337682	21.860346757225923
40-44	21.624987841247556	28.275466255683888	28.582584031154234	21.516961871914315
45-49	21.535959350488334	28.264748746085143	28.202656041101143	21.996635862325377
50-54	21.242929720315537	28.74833256289126	28.31271167947518	21.696026037318024
55-59	21.4833292334839	28.23210320700003	27.919383657049934	22.365183902466136
60-64	21.60653067992565	28.052311072115817	28.378180201720177	21.96297804623836
65-69	21.96928802395884	28.5582812981212	27.880641963282986	21.591788714636976
70-74	22.24045261807009	28.736768438094025	27.92983034626804	21.092948597567844
75-76	25.438867464159937	35.91519016182724	29.581827298908898	9.064115075103919
>>END_MODULE
>>Per base GC content	fail
#Base	%GC
1	69.8345113322816
2	41.830510168082014
3	49.632202186775444
4	47.915440042459046
5	29.64643191635726
6	47.40182774612058
7	49.69413378696327
8	43.6359513135556
9	63.984633014712756
10-14	47.35656706532926
15-19	43.65906553352402
20-24	43.828468527939584
25-29	43.47316907672866
30-34	43.24249110323401
35-39	43.107194409611324
40-44	43.14194971316187
45-49	43.53259521281371
50-54	42.93895575763356
55-59	43.848513135950036
60-64	43.56950872616401
65-69	43.56107673859581
70-74	43.333401215637934
75-76	34.502982539263854
>>END_MODULE
>>Per sequence GC content	fail
#GC Content	Count
0	28869.0
1	14452.5
2	70.0
3	148.5
4	192.5
5	294.5
6	594.0
7	1024.5
8	1265.5
9	1584.5
10	2474.0
11	3765.5
12	4502.0
13	5628.0
14	8314.5
15	12346.5
16	18331.0
17	22860.5
18	29687.0
19	42873.0
20	59712.0
21	72160.5
22	89290.5
23	119541.5
24	152081.0
25	174200.5
26	201898.5
27	247555.0
28	294442.0
29	327735.5
30	371851.0
31	443901.0
32	521007.5
33	576167.0
34	649060.0
35	763589.0
36	861296.5
37	911928.5
38	925080.0
39	907889.5
40	857187.5
41	805781.0
42	786082.0
43	779190.5
44	762951.5
45	744845.5
46	735037.5
47	722147.0
48	699496.0
49	673072.0
50	653481.5
51	634630.0
52	604591.5
53	572777.0
54	552188.5
55	529142.0
56	494610.0
57	461619.0
58	435298.5
59	404166.0
60	362522.5
61	319722.0
62	286085.0
63	254714.5
64	216549.0
65	182828.0
66	149300.0
67	126270.0
68	108980.5
69	87662.0
70	68100.5
71	55725.5
72	46657.5
73	36976.5
74	28622.5
75	23270.5
76	19914.0
77	15979.5
78	12105.0
79	9657.0
80	8270.5
81	6560.0
82	4720.5
83	3592.5
84	2922.0
85	2156.0
86	1441.5
87	1038.0
88	792.5
89	534.5
90	380.0
91	281.0
92	220.5
93	333.0
94	385.0
95	238.0
96	151.5
97	98.5
98	51.5
99	62.0
100	69.0
>>END_MODULE
>>Per base N content	pass
#Base	N-Count
1	0.1616764359606861
2	0.1616764359606861
3	0.1616764359606861
4	0.1616764359606861
5	0.1616764359606861
6	0.18240087910196023
7	0.1616764359606861
8	0.1616764359606861
9	0.1616764359606861
10-14	0.16205528191967747
15-19	0.1621045991451083
20-24	0.1623769647310104
25-29	0.1623937774214982
30-34	0.1640324543210408
35-39	0.03293516384477073
40-44	0.002467832648508832
45-49	0.0030273229199186884
50-54	0.002133062943522273
55-59	0.0026779249055394146
60-64	9.853342613930857E-5
65-69	5.343548325307558E-4
70-74	2.2071862300943355E-4
75-76	0.0
>>END_MODULE
>>Sequence Length Distribution	warn
#Length	Count
35	36962.0
36	11628.0
37	14675.0
38	16245.0
39	17459.0
40	17755.0
41	19361.0
42	20866.0
43	23411.0
44	24372.0
45	26754.0
46	26887.0
47	28025.0
48	28447.0
49	29212.0
50	29268.0
51	31030.0
52	32158.0
53	34995.0
54	36594.0
55	37944.0
56	39494.0
57	39678.0
58	40023.0
59	41451.0
60	45434.0
61	43704.0
62	43621.0
63	44502.0
64	49772.0
65	50867.0
66	51630.0
67	61371.0
68	52022.0
69	66989.0
70	60847.0
71	73272.0
72	136489.0
73	404247.0
74	1164490.0
75	3526458.0
76	1.1263255E7
>>END_MODULE
>>Sequence Duplication Levels	warn
#Total Duplicate Percentage	28.631648471191582
#Duplication Level	Relative count
1	100.0
2	17.84003375159912
3	6.321620076757669
4	3.060780097444133
5	1.7100356569313264
6	1.1357140912926318
7	0.7151800538936824
8	0.5375758730504369
9	0.435504504749721
10++	4.338713628569096
>>END_MODULE
>>Overrepresented sequences	warn
#Sequence	Count	Percentage	Possible Source
NNNNNNNNNNNNNNNNNNNNNNNNNNNNNNNNNNN	28849	0.1616764359606861	No Hit
CTGTAGGACGTGGAATATGGCAAGAAAACTGAAAATCATGGAAAATGAGA	23762	0.13316771712356834	No Hit
>>END_MODULE
>>Kmer Content	warn
#Sequence	Count	Obs/Exp Overall	Obs/Exp Max	Max Obs/Exp Position
TTTTT	7727935	3.6930048	6.8254232	33
AAAAA	7797255	3.6739728	7.827383	71
CCTGG	2508730	3.010345	12.63479	3
CCAGG	2474500	2.9609113	14.2834	3
CAGCA	3033620	2.8781106	7.339296	4
GAAAA	4803590	2.854643	8.666927	24
AGAAA	4750755	2.8232446	7.9943476	48
TGCTG	2915195	2.77635	6.908992	2
TTTCT	4600540	2.7700078	8.720544	16
TTTTC	4562075	2.7468479	6.7648287	24
CCCAG	2201420	2.6389394	11.29345	2
GCTGC	2153820	2.5844715	5.7755117	8
CTGGG	2133655	2.55563	10.015568	4
AGCAG	2686790	2.5444355	5.346271	7
CCAGC	2112080	2.5318437	6.84787	3
CTGCT	2651155	2.5294745	6.614093	9
GGAGG	2116805	2.5237224	5.7537904	6
CCTCC	2081495	2.5067723	5.0144215	1
TCCAG	2556900	2.4326768	10.206619	2
GCTGG	2022325	2.422282	6.024815	3
AAGAA	4049360	2.4064248	5.5657706	22
CAGCC	1892590	2.2687314	5.471841	9
CTGGA	2384400	2.2644424	8.97044	4
AGGAG	2395375	2.2643452	7.162348	5
CTCCT	2353425	2.2494903	6.356933	1
GAGAA	2974550	2.2294555	8.571162	47
CAGAG	2330675	2.2071886	8.080057	4
GGCAG	1833170	2.1895359	6.214998	7
GGCTG	1822235	2.18262	8.193458	7
CAGGA	2301835	2.1798766	9.722535	4
CTCCA	2280570	2.1737156	6.7137504	1
CTGCC	1802230	2.1665125	5.9130573	9
CCCTG	1793470	2.1559818	8.89854	2
TGGAA	2861035	2.1504288	7.747842	11
CCTGC	1786005	2.1470077	6.0855637	3
TCCTG	2248255	2.1450665	8.557557	2
CCACC	1784570	2.1431308	6.1104174	28
CTCTG	2243625	2.1406488	7.1623945	2
TCCTC	2223560	2.1253605	5.5601172	44
TTCTC	2776895	2.1066258	6.925256	17
GGAAA	2810315	2.1063597	8.281248	40
GCAGG	1751335	2.091792	6.387354	3
CACAG	2202315	2.0894198	8.003178	7
TTCCA	2744310	2.0760448	5.4603477	2
AAAAT	4380060	2.0696585	6.4312553	72
CAGGG	1729325	2.0655036	9.635125	4
ATTTT	4304740	2.051346	5.3164806	22
GCCAG	1687880	2.0196657	5.75957	2
GCCTG	1683060	2.0195842	7.07153	7
CAGTG	2122245	2.0154762	11.042753	7
TTTCC	2654550	2.0138118	5.014042	42
GTGTG	2113775	2.0094478	12.161132	9
CACAC	2112730	2.0080702	8.577294	5
CTGTG	2084160	1.9848956	8.960247	9
CTGGC	1651560	1.9817859	5.457761	4
TGAAA	3309695	1.972415	6.8540444	30
CTGCA	2065000	1.9646754	5.8829365	4
CATTT	3260940	1.9579004	7.6323104	14
TGGAG	2062570	1.9552497	5.9647846	5
GGGAG	1622440	1.9343247	5.392267	7
AGCTG	2032760	1.9304932	5.724724	7
CCCCA	1606795	1.9296368	6.7281957	1
GGAGA	2040755	1.9291234	5.2962017	6
TGCAG	2030085	1.9279528	5.966623	2
CTGAA	2557065	1.9254502	7.916726	29
CAGGC	1598745	1.9130094	5.75873	4
TTCAG	2524410	1.906228	5.392424	35
GTGGA	2007280	1.9028366	6.1905594	9
ACACA	2521435	1.8967167	7.9573917	6
CAGAA	2510970	1.8854178	5.11452	4
TCCAC	1970510	1.8781831	5.7578325	55
CACTG	1972860	1.8770118	7.8808336	7
CTCAG	1969770	1.8740717	5.9106603	2
GAGAG	1976455	1.8683406	5.9411383	7
CCTCT	1928735	1.8435559	5.351741	1
CTGAG	1931620	1.8344414	5.5818515	4
CCAGA	1914775	1.8166199	6.6967664	3
TGGGG	1505410	1.7998651	5.8862786	5
AGAGG	1900130	1.7961906	5.137203	5
TGTTT	2979275	1.7905821	5.3515186	72
GGCCA	1486240	1.7783893	5.9011636	1
AAATG	2971595	1.7709239	6.993423	43
TGTGT	2321180	1.7545252	8.299712	10
TCTGG	1838540	1.7509739	5.9112453	3
ACCTG	1837750	1.7484658	6.668903	8
GTCCT	1795400	1.7129961	16.618206	1
TCTCA	2253610	1.7048348	6.2565312	18
TGGCA	1792085	1.7019262	6.9019647	18
ACAGA	2255790	1.6938105	6.3048215	8
TGGCC	1408080	1.6896224	5.3381157	5
AAAAC	2829490	1.6845449	6.692088	25
CCACT	1752985	1.6708502	5.830973	56
ATTTC	2742200	1.6464438	7.7370887	15
GCCCA	1359540	1.6297406	7.3509383	1
TGAGA	2164205	1.6266731	7.9129324	46
CCTGA	1701715	1.6190398	5.164103	3
AGGAC	1692845	1.6031528	18.096842	5
CATGG	1681820	1.5972087	6.2347226	37
AGTGG	1683305	1.5957189	7.62069	8
TCAGG	1655530	1.5722414	5.3971343	3
CCTGT	1645495	1.5699713	5.534316	8
ATGGC	1652915	1.5697579	11.928369	17
ACAGC	1619500	1.5364813	5.9764223	8
GGCCT	1277750	1.5332333	5.04619	6
TGGGC	1279815	1.5329251	6.1505513	5
CAAGA	2028960	1.5234901	5.7504168	21
GGGCC	1003040	1.5137278	5.1007895	6
CTGTC	1563875	1.4920975	6.069533	9
GCTGT	1556450	1.4823192	5.511238	8
GACAG	1542045	1.4603426	7.065202	7
CATCC	1529175	1.4575267	5.4382296	53
ATGGA	1922130	1.4447232	5.3228707	38
ACTGA	1893600	1.4258662	7.203216	28
TCATT	2357995	1.4157634	5.03736	20
GGACA	1486450	1.4076931	7.5946674	6
CACTT	1851450	1.4006046	6.9931545	57
GGGCT	1168860	1.4000266	6.082878	6
GCCCT	1163115	1.3982137	5.781736	1
AATGA	2324500	1.3852872	6.4360404	44
AGACA	1829635	1.3738222	5.3757963	6
TGTGC	1438535	1.3700203	8.741981	10
CTCAT	1791785	1.3554684	5.8192234	19
ATGAG	1795180	1.3493043	7.564655	45
GCACA	1416745	1.3441198	5.290155	6
AACTG	1782835	1.342461	7.171873	27
TGTCC	1403400	1.3389878	5.333425	10
AGGGC	1112750	1.3290672	5.774282	5
AAGTG	1751365	1.3163718	5.472676	7
GCAAG	1388975	1.3153827	6.5671034	20
GGCAA	1359860	1.2878103	6.553153	19
AAACT	2137150	1.2759506	6.060723	26
GTGCT	1310700	1.2482738	6.0627756	1
AGCAC	1300615	1.2339427	6.036915	5
GTCCA	1292935	1.23012	7.0903	1
GGAAT	1635335	1.2291608	7.1146374	12
TACAG	1587170	1.1951268	8.053111	5
GTGCA	1236115	1.1739268	7.036939	11
CTGTA	1552425	1.1722645	8.498771	1
TGGAC	1218285	1.1569937	6.2767067	5
AAATC	1936815	1.1563438	6.2944565	33
ACTGC	1199525	1.141248	5.18711	8
AGTGT	1508415	1.1369654	8.10958	8
ACAGT	1500780	1.1300759	7.179419	6
GGACC	926310	1.1083943	8.696954	6
AATAT	2331915	1.1049834	6.446181	14
AATCA	1828270	1.0915388	6.135611	34
ACACT	1431065	1.0795393	5.287153	6
ACTGT	1423050	1.074571	6.123389	8
GACCT	1125970	1.0712665	5.9845977	7
TAGGA	1407645	1.0580229	11.658755	4
TGCAC	1108875	1.0550021	5.25997	5
CTACA	1393415	1.0511377	9.107533	4
TCCTA	1378900	1.0431249	10.611278	2
TGTAG	1382285	1.0418952	9.819407	2
TATGG	1360780	1.0256858	9.3119135	16
GACTG	1070220	1.0163779	6.1457524	7
ATATG	1639200	0.9796404	7.8546586	15
GGACT	976400	0.927278	5.6058865	6
GTAGG	959175	0.90926695	9.94031	3
CCTAC	937665	0.89373136	8.860186	3
GAATA	1486670	0.885982	5.793984	13
TGGCG	696085	0.83375037	7.1051145	18
CGTGG	662840	0.7939305	5.475807	9
GTGTA	1026095	0.77341735	6.05005	1
GGACG	646280	0.77191603	10.075481	6
TACAC	997165	0.7522222	5.5419083	5
ACGTG	786400	0.7468367	7.4968634	8
GCGAG	616165	0.7359467	7.0499387	20
GGCGA	595235	0.71094793	7.085169	19
GACGT	588610	0.5589974	7.360168	7
>>END_MODULE
