##FastQC	0.10.1
>>Basic Statistics	pass
#Measure	Value	
Filename	KS27_S1_L002_R2_001.fastq.gz	
File type	Conventional base calls	
Encoding	Sanger / Illumina 1.9	
Total Sequences	19665966	
Filtered Sequences	0	
Sequence length	35-75	
%GC	45	
>>END_MODULE
>>Per base sequence quality	pass
#Base	Mean	Median	Lower Quartile	Upper Quartile	10th Percentile	90th Percentile
1	31.41837161723965	32.0	32.0	32.0	32.0	32.0
2	31.197366099382048	32.0	32.0	32.0	32.0	32.0
3	31.254989101476124	32.0	32.0	32.0	32.0	32.0
4	31.298119248248472	32.0	32.0	32.0	32.0	32.0
5	31.272519387046636	32.0	32.0	32.0	32.0	32.0
6	34.99844223263683	36.0	36.0	36.0	36.0	36.0
7	34.99345320743461	36.0	36.0	36.0	36.0	36.0
8	34.930771974282884	36.0	36.0	36.0	36.0	36.0
9	35.029022423815846	36.0	36.0	36.0	36.0	36.0
10	34.868376615722816	36.0	36.0	36.0	36.0	36.0
11	35.00742485774663	36.0	36.0	36.0	36.0	36.0
12	34.91315000747993	36.0	36.0	36.0	36.0	36.0
13	34.95519264093104	36.0	36.0	36.0	36.0	36.0
14	34.89675645732328	36.0	36.0	36.0	36.0	36.0
15	34.866199656808114	36.0	36.0	36.0	36.0	36.0
16	34.873907694135134	36.0	36.0	36.0	36.0	36.0
17	34.85834542783202	36.0	36.0	36.0	36.0	36.0
18	34.84824193228037	36.0	36.0	36.0	36.0	36.0
19	34.843765213465744	36.0	36.0	36.0	36.0	36.0
20	34.82702166778891	36.0	36.0	36.0	36.0	36.0
21	34.81583569299367	36.0	36.0	36.0	36.0	36.0
22	34.80814987679731	36.0	36.0	36.0	36.0	36.0
23	34.79254398182118	36.0	36.0	36.0	36.0	36.0
24	34.78740322239955	36.0	36.0	36.0	36.0	36.0
25	34.7659070497732	36.0	36.0	36.0	36.0	36.0
26	34.74922854031173	36.0	36.0	36.0	32.0	36.0
27	34.73985768103128	36.0	36.0	36.0	32.0	36.0
28	34.7326681537027	36.0	36.0	36.0	32.0	36.0
29	34.711153115997455	36.0	36.0	36.0	32.0	36.0
30	34.69008987404941	36.0	36.0	36.0	32.0	36.0
31	34.683861448758734	36.0	36.0	36.0	32.0	36.0
32	34.66453465850597	36.0	36.0	36.0	32.0	36.0
33	34.654239512058545	36.0	36.0	36.0	32.0	36.0
34	34.63899490114038	36.0	36.0	36.0	32.0	36.0
35	34.62379854617871	36.0	36.0	36.0	32.0	36.0
36	34.612264788762204	36.0	36.0	36.0	32.0	36.0
37	34.60531481061256	36.0	36.0	36.0	32.0	36.0
38	34.5875324906715	36.0	36.0	36.0	32.0	36.0
39	34.572539013665285	36.0	36.0	36.0	32.0	36.0
40	34.56180871181922	36.0	36.0	36.0	32.0	36.0
41	34.54833224744943	36.0	36.0	36.0	32.0	36.0
42	34.54373416348396	36.0	36.0	36.0	32.0	36.0
43	34.52262574828336	36.0	36.0	36.0	32.0	36.0
44	34.49419825513528	36.0	36.0	36.0	32.0	36.0
45	34.47677970692615	36.0	36.0	36.0	32.0	36.0
46	34.45477859055913	36.0	36.0	36.0	32.0	36.0
47	34.441718129715014	36.0	36.0	36.0	32.0	36.0
48	34.413523205638626	36.0	36.0	36.0	32.0	36.0
49	34.392009006136206	36.0	36.0	36.0	32.0	36.0
50	34.366174233237054	36.0	36.0	36.0	32.0	36.0
51	34.34946482568344	36.0	36.0	36.0	32.0	36.0
52	34.32228339919513	36.0	36.0	36.0	32.0	36.0
53	34.29185001081981	36.0	36.0	36.0	32.0	36.0
54	34.2591289260631	36.0	36.0	36.0	32.0	36.0
55	34.23005262808661	36.0	36.0	36.0	32.0	36.0
56	34.213491660397	36.0	36.0	36.0	32.0	36.0
57	34.178038740676314	36.0	36.0	36.0	32.0	36.0
58	34.15887784331377	36.0	36.0	36.0	32.0	36.0
59	34.12130019013591	36.0	36.0	36.0	32.0	36.0
60	34.0873106131359	36.0	36.0	36.0	32.0	36.0
61	34.05564308140897	36.0	36.0	36.0	32.0	36.0
62	34.025552790714706	36.0	36.0	36.0	32.0	36.0
63	34.01890580172512	36.0	36.0	36.0	32.0	36.0
64	33.97995365533134	36.0	36.0	36.0	32.0	36.0
65	33.93971835600987	36.0	36.0	36.0	32.0	36.0
66	33.90301723057487	36.0	36.0	36.0	32.0	36.0
67	33.88376581335147	36.0	36.0	36.0	32.0	36.0
68	33.84817411510627	36.0	36.0	36.0	32.0	36.0
69	33.82842639812281	36.0	36.0	36.0	27.0	36.0
70	33.798002220747655	36.0	36.0	36.0	27.0	36.0
71	33.77023912538648	36.0	36.0	36.0	27.0	36.0
72	33.74676468184862	36.0	36.0	36.0	27.0	36.0
73	33.71605883117073	36.0	36.0	36.0	27.0	36.0
74	33.65853609425147	36.0	36.0	36.0	27.0	36.0
75	32.608613867571385	36.0	32.0	36.0	14.0	36.0
>>END_MODULE
>>Per sequence quality scores	pass
#Quality	Count
2	8815.0
3	0.0
4	0.0
5	0.0
6	0.0
7	0.0
8	0.0
9	0.0
10	0.0
11	0.0
12	0.0
13	1.0
14	2004.0
15	5089.0
16	7641.0
17	11015.0
18	14774.0
19	19068.0
20	24986.0
21	33476.0
22	45656.0
23	63663.0
24	88508.0
25	123583.0
26	167631.0
27	220977.0
28	283000.0
29	358600.0
30	454937.0
31	590292.0
32	811205.0
33	1266878.0
34	2772732.0
35	1.2291435E7
>>END_MODULE
>>Per base sequence content	fail
#Base	G	A	T	C
1	44.76562934801089	18.074380481060288	11.346317998203649	25.813672172725166
2	17.015167626557268	19.738912608947302	36.245189976629064	27.00072978786637
3	19.859742429212922	21.32706860781348	29.060833685593945	29.752355277379657
4	13.706529205741017	14.723613281872986	36.31010856802362	35.25974894436238
5	15.172947600130438	34.59539067543499	35.19424269386497	15.037419030569602
6	34.35428155382232	35.17434952806742	16.52419010262474	13.94717881548552
7	30.20820768991397	30.01563654875521	20.888667945827958	18.88748781550287
8	26.595003518058135	34.32916092469351	20.255743062664575	18.82009249458378
9	24.86843083211804	15.751489114572095	20.435199383674675	38.94488066963519
10	14.47658920664546	27.353526459658372	34.988300186532626	23.181584147163544
11	33.963131279807534	22.9325602677621	23.901927598765457	19.20238085366491
12	21.927129724953527	24.43121589695272	31.312304616269167	22.32934976182459
13	27.710892590691294	20.902795120208417	26.39135243962871	24.994959849471574
14	20.4406477825805	20.84080750053759	27.53813103434979	31.18041368253212
15	22.69441283734352	29.603023347584806	23.540766411165077	24.161797403906597
16	22.622347460219437	28.815477888937213	25.688259707624976	22.873914943218374
17	21.511103007755295	28.320691029946303	27.743867867729154	22.424338094569247
18	21.9266515274772	28.054859017972646	28.21729863091554	21.801190823634613
19	22.36820076317265	27.507704448116616	27.92733799521609	22.196756793494643
20	22.364548148406655	27.42672628398693	28.008595955741498	22.200129611864913
21	22.243777849597837	27.121122486162925	27.79196232455049	22.843137339688745
22	22.179287323987083	27.04623370904563	28.045330678896445	22.729148288070842
23	22.169082386353953	27.14783541114376	27.850811137382014	22.83227106512027
24	22.260128133522503	26.924603672220865	28.142114795780937	22.6731533984757
25	22.41702777783006	26.955940868541937	27.719891860219214	22.907139493408785
26	21.930080305126616	27.291055555304023	27.95677766325344	22.822086476315924
27	21.961091920187215	27.304963979775092	28.008143194301148	22.72580090573654
28	22.12491525348714	27.158915348414425	27.985683174535314	22.73048622356312
29	21.874848496610724	27.340070796627653	28.123287041952317	22.66179366480931
30	22.024804103097136	27.40954169808229	27.9865073021009	22.579146896719674
31	22.38920584168072	27.427616545246053	27.732945633881535	22.450231979191695
32	21.840708249125214	27.559202246551394	28.070578488205133	22.529511016118256
33	21.96481066864674	27.369449418178654	28.176611147770092	22.48912876540451
34	22.01538768257923	27.086814360839984	28.340398870619655	22.557399085961137
35	21.905809239599368	27.36721104701287	28.175654752817437	22.55132496057033
36	22.039286366998116	27.714395381598926	28.03196540513786	22.214352846265093
37	22.1378397927283	27.476599567113556	27.810819128001146	22.574741512156997
38	22.004388085990197	27.826614606930328	27.85269877469571	22.31629853238377
39	22.059509047809403	27.624409607202598	28.074964289988213	22.241117054999783
40	22.109301156739043	27.403527222180845	28.03280393857555	22.454367682504564
41	22.10643367865529	27.57248478913127	28.06848672496735	22.252594807246094
42	21.99372288241609	27.680201993575015	28.08721272473863	22.23886239927026
43	22.117176279352453	27.444615068643675	27.95668662020941	22.48152203179446
44	22.01365631078497	27.7693036869977	27.99566170109278	22.221378301124556
45	22.065536698231067	27.717125728793786	27.902639427820997	22.314698145154154
46	22.20106567846848	27.75529990844773	27.766458336815553	22.27717607626824
47	22.036778597837696	27.82917858928482	27.923275579930575	22.21076723294691
48	21.91627038834678	27.776483157680804	27.917781612720088	22.38946484125233
49	22.128517887466128	27.622597069163174	27.954261058676988	22.29462398469371
50	22.042802224821415	27.819287357724598	27.900592714822587	22.237317702631398
51	22.12997119871246	27.80504628118514	27.87742414258177	22.187558377520624
52	22.122799582151302	27.758599868884225	27.811624553999113	22.306975994965352
53	22.025344101417126	27.67230031727298	27.988334250279028	22.31402133103087
54	22.163320972407895	27.971087816503942	27.839002587205147	22.02658862388301
55	22.173298463628324	27.726294178207244	27.76650863884509	22.333898719319343
56	22.245143956167958	27.914982692830176	27.67996042425104	22.159912926750824
57	22.039579172155744	27.86039250795706	27.819639751414897	22.280388568472297
58	22.035139247389782	27.693008308605492	27.856823293972973	22.41502915003175
59	21.946258918119423	27.8293403412096	27.883131104765198	22.341269635905775
60	22.06356286708913	27.836045831966967	27.938849052633685	22.16154224831022
61	22.28646971464831	27.838965756012758	27.746066731670393	22.12849779766854
62	22.165202789909664	27.959531871066655	27.740867065863288	22.13439827316039
63	22.17277510053318	28.032357824791198	27.719850837000788	22.075016237674838
64	22.238531225373993	27.729554874776607	27.662759066770708	22.369154833078692
65	22.070982177960925	27.854645479143937	27.82797405420468	22.24639828869046
66	22.11381395457652	27.965969990625204	27.65704350507091	22.26317254972736
67	22.183531626702926	27.81807389587637	27.716146745809688	22.28224773161101
68	22.197260350316135	28.061091619305977	27.770872538679463	21.97077549169842
69	22.394742959513763	27.973950669157098	27.671703472899605	21.959602898429527
70	22.45935686420296	27.78962434691352	27.643030610372332	22.10798817851119
71	22.31515083412805	28.103670930815877	27.54342355907214	22.037754675983937
72	22.31083844580777	28.233710388272137	27.773513402801438	21.681937763118658
73	22.971016116808514	28.818584125675812	27.788178062349196	20.42222169516648
74	24.153123996517643	31.17935851096867	27.970839059481296	16.696678433032393
75	29.283592624317322	41.37967553610079	29.336731839581887	0.0
>>END_MODULE
>>Per base GC content	fail
#Base	%GC
1	70.57930152073607
2	44.01589741442364
3	49.61209770659258
4	48.96627815010339
5	30.210366630700037
6	48.30146036930784
7	49.09569550541683
8	45.41509601264192
9	63.81331150175323
10	37.658173353809005
11	53.16551213347245
12	44.25647948677812
13	52.70585244016287
14	51.62106146511262
15	46.85621024125012
16	45.49626240343782
17	43.935441102324546
18	43.72784235111182
19	44.56495755666729
20	44.564677760271564
21	45.086915189286586
22	44.90843561205792
23	45.00135345147422
24	44.933281531998205
25	45.32416727123885
26	44.75216678144254
27	44.686892825923756
28	44.85540147705026
29	44.53664216142003
30	44.60395099981681
31	44.83943782087241
32	44.37021926524347
33	44.45393943405126
34	44.57278676854036
35	44.457134200169705
36	44.253639213263206
37	44.7125813048853
38	44.32068661837397
39	44.30062610280919
40	44.563668839243604
41	44.35902848590138
42	44.232585281686355
43	44.59869831114692
44	44.235034611909526
45	44.38023484338522
46	44.47824175473672
47	44.24754583078461
48	44.305735229599115
49	44.42314187215984
50	44.280119927452816
51	44.31752957623309
52	44.42977557711665
53	44.33936543244799
54	44.18990959629091
55	44.507197182947664
56	44.405056882918785
57	44.319967740628044
58	44.450168397421535
59	44.2875285540252
60	44.22510511539935
61	44.41496751231685
62	44.29960106307006
63	44.24779133820802
64	44.607686058452686
65	44.317380466651386
66	44.376986504303886
67	44.46577935831394
68	44.168035842014554
69	44.354345857943294
70	44.567345042714145
71	44.35290551011198
72	43.99277620892643
73	43.39323781197499
74	40.84980242955004
75	29.283592624317322
>>END_MODULE
>>Per sequence GC content	warn
#GC Content	Count
0	9014.0
1	4654.5
2	374.5
3	568.0
4	682.5
5	782.0
6	1069.5
7	1605.5
8	1961.0
9	2242.5
10	3242.5
11	4904.0
12	5878.0
13	6950.5
14	9873.0
15	14459.5
16	17908.0
17	24124.5
18	37347.0
19	53809.0
20	65290.0
21	83342.0
22	116367.5
23	153300.5
24	178006.5
25	208825.0
26	260998.0
27	312645.0
28	346193.0
29	386943.0
30	450555.0
31	510254.5
32	548887.0
33	590643.0
34	659653.0
35	724689.0
36	762679.5
37	796913.0
38	833336.0
39	856360.0
40	872068.5
41	873652.5
42	863701.5
43	850487.5
44	844721.5
45	830664.5
46	800961.5
47	769940.0
48	752983.0
49	732334.0
50	697636.0
51	666023.0
52	647435.5
53	633690.5
54	610048.0
55	586310.0
56	572816.5
57	557428.0
58	527339.5
59	489888.5
60	457206.5
61	421093.0
62	375324.0
63	330880.0
64	296911.0
65	268914.0
66	229470.0
67	189321.5
68	161904.5
69	140873.0
70	114885.0
71	89543.0
72	72594.5
73	61205.5
74	48515.0
75	37175.0
76	29781.5
77	24837.5
78	19844.0
79	15340.0
80	12355.0
81	10389.0
82	8194.5
83	6020.5
84	4650.5
85	3917.5
86	3059.0
87	2260.0
88	1951.5
89	1769.5
90	1470.0
91	1334.5
92	1339.0
93	1274.0
94	1148.5
95	1176.0
96	1265.0
97	1309.5
98	1706.0
99	9299.5
100	16542.0
>>END_MODULE
>>Per base N content	pass
#Base	N-Count
1	0.31980630903155227
2	0.1810437382023339
3	0.08485726050782351
4	0.0451999154274954
5	0.04503211283900318
6	0.04482363083511891
7	0.04482363083511891
8	0.04482363083511891
9	0.04482363083511891
10	0.04482363083511891
11	0.04482363083511891
12	0.04482363083511891
13	0.04482363083511891
14	0.04482363083511891
15	0.04482363083511891
16	0.04482363083511891
17	0.04482363083511891
18	0.04482363083511891
19	0.04482363083511891
20	0.04482363083511891
21	0.04482363083511891
22	0.04482363083511891
23	0.04482363083511891
24	0.04482363083511891
25	0.04482363083511891
26	0.04482363083511891
27	0.04482363083511891
28	0.04482363083511891
29	0.04482363083511891
30	0.04482363083511891
31	0.04482363083511891
32	0.04482363083511891
33	0.04482363083511891
34	0.04482363083511891
35	0.04482363083511891
36	0.0
37	0.0
38	0.0
39	0.0
40	0.0
41	0.0
42	0.0
43	0.0
44	0.0
45	0.0
46	0.0
47	0.0
48	0.0
49	0.0
50	0.0
51	0.0
52	0.0
53	0.0
54	0.0
55	0.0
56	0.0
57	0.0
58	0.0
59	0.0
60	0.0
61	0.0
62	0.0
63	0.0
64	0.0
65	0.0
66	0.0
67	0.0
68	0.0
69	0.0
70	0.0
71	0.0
72	0.0
73	0.0
74	0.0
75	0.0
>>END_MODULE
>>Sequence Length Distribution	warn
#Length	Count
35	11718.0
36	4291.0
37	5857.0
38	6750.0
39	7512.0
40	8342.0
41	8991.0
42	9971.0
43	11445.0
44	13020.0
45	14382.0
46	14709.0
47	15148.0
48	15582.0
49	16458.0
50	16550.0
51	16949.0
52	17848.0
53	19050.0
54	20465.0
55	21276.0
56	21637.0
57	22410.0
58	22585.0
59	23041.0
60	23135.0
61	23174.0
62	23700.0
63	25172.0
64	26970.0
65	28612.0
66	27716.0
67	29716.0
68	30565.0
69	37896.0
70	50097.0
71	127166.0
72	463016.0
73	1348614.0
74	4164462.0
75	1.2869968E7
>>END_MODULE
>>Sequence Duplication Levels	warn
#Total Duplicate Percentage	34.72651989596751
#Duplication Level	Relative count
1	100.0
2	23.110015650635475
3	10.135109592251801
4	5.365068084044669
5	3.127102817870455
6	1.9786334802628096
7	1.4100693315590906
8	1.0025479536983133
9	0.6933155909059979
10++	4.392006834866894
>>END_MODULE
>>Overrepresented sequences	pass
>>END_MODULE
>>Kmer Content	warn
#Sequence	Count	Obs/Exp Overall	Obs/Exp Max	Max Obs/Exp Position
AAAAA	8632325	4.189552	9.136692	71
GGGGG	2887010	3.4830182	5.870655	71
TTTTT	7034490	3.2231412	5.662073	71
CCTGG	3057455	3.0905387	12.094134	3
CCAGG	2860135	2.9245515	12.27492	3
CCCAG	2746480	2.8319046	11.322546	2
CTGGG	2759860	2.766507	11.0902	4
CCAGC	2581100	2.6613808	6.4532056	3
GGAGG	2521360	2.5354135	5.8854136	6
GCTGG	2513805	2.5198593	6.961685	3
TCCAG	2870415	2.4183843	8.575773	2
CAGCA	2835570	2.4166822	6.4722037	4
CAGCC	2328820	2.401254	5.7258067	9
TGCTG	2891090	2.3878891	7.4314713	2
CTCCA	2759370	2.3443365	6.341475	1
GGCTG	2302775	2.308321	8.290975	7
CAGGA	2725950	2.3039215	9.605195	4
CTCCT	2731290	2.2939248	6.050958	1
AGGAG	2706990	2.2688565	6.9399996	5
CTGGA	2705660	2.2606037	8.642084	4
CCTGC	2209050	2.2516925	6.329788	3
TCCTG	2697015	2.2462876	8.652927	2
CTGCC	2195175	2.2375495	5.7401295	9
GGCAG	2203660	2.234539	6.3358717	7
CTGCT	2655900	2.2120438	6.442857	9
GCTGC	2186465	2.210124	5.533639	8
CTGCA	2615280	2.2034278	6.7761626	4
GCAGG	2172670	2.2031147	6.690002	3
CCCTG	2159660	2.201349	9.090878	2
GCCTG	2164365	2.187785	7.1819944	7
AGCAG	2562450	2.1657343	5.3841133	7
CAGAG	2556005	2.1602871	7.5796423	4
TGCAG	2567525	2.1451905	6.8577104	2
CTCTG	2561420	2.1333532	7.446878	2
CAGGG	2048615	2.0773213	9.208274	4
TGGAG	2492065	2.064815	6.400445	5
CCCCA	1973315	2.0517666	6.7859073	1
CTGGC	2019515	2.0413675	5.561588	4
GCCAG	1993935	2.0388427	5.265926	2
AGCTG	2438895	2.0377188	5.742665	7
CAGGC	1986630	2.0313733	6.0826135	4
GGGAG	1970485	1.9814681	5.4556828	7
CAGAA	2812280	1.9811383	5.402665	4
GGAGA	2352380	1.9716412	5.4152217	6
CACAG	2300070	1.9602896	6.8489137	7
CTGTG	2347910	1.939251	8.718768	9
CTCAG	2289640	1.9290693	6.071433	2
TTCTG	2813580	1.9147836	5.181641	2
CTGAG	2269795	1.8964343	5.780673	4
GGCCA	1829775	1.8709856	6.2825837	1
CCAGA	2194215	1.8700721	6.5505347	3
TGGGG	1872965	1.8618512	6.2992067	5
CCTCT	2191245	1.840358	5.6327367	1
TCTGG	2189990	1.8088171	6.359173	3
CACTG	2127245	1.792248	7.226934	7
TGGCC	1757830	1.7768509	5.6375804	5
ACCTG	2101670	1.7707005	5.409593	7
CAGTG	2117825	1.7694619	6.448007	9
AGAGG	2078505	1.7420936	5.087242	5
GCCCA	1670335	1.7222878	7.3636503	1
CCTGA	2040450	1.7191215	5.4866543	3
GGGCC	1358650	1.666763	5.6021447	6
ACAGA	2339520	1.6480979	5.6549144	8
TCAGG	1963480	1.6405053	5.784453	3
GAGAG	1934710	1.6215721	5.1473184	7
TGGGC	1615295	1.6191853	6.6083264	5
GGCCT	1599535	1.6168432	5.060307	6
CCTGT	1918775	1.5981077	5.4560394	8
AGGTG	1895375	1.570424	5.2677727	7
AGCCT	1861065	1.5679858	5.047186	6
GTGTG	1785055	1.4620922	7.4383945	1
GCCCT	1433105	1.4607689	6.1913176	1
CTGTC	1747060	1.4550898	5.7607064	9
GGGCT	1441170	1.444641	5.974508	6
GCTGT	1737635	1.4351958	5.0969486	8
TGTGT	2120335	1.4309864	5.504613	10
ACAGC	1677745	1.4298983	5.4230375	8
ACACA	2009145	1.4272398	5.8561463	6
GACAG	1670420	1.4118074	6.8989124	7
CACAC	1622740	1.3946254	6.078984	5
AGGGC	1338765	1.3575244	5.6213384	5
AGACA	1886210	1.3287592	5.160473	6
ACTGC	1483565	1.2499342	5.100516	8
GGACA	1471830	1.243963	5.837815	6
GTCCT	1483055	1.2352057	7.673292	1
GTGCT	1467000	1.2116653	6.4372582	1
GTCCA	1386015	1.1677464	6.4872437	1
AGGAC	1367065	1.1554176	7.302087	5
TGTGC	1382290	1.1416993	5.460892	10
GTCTT	1672430	1.1381731	5.2508445	1
AGCAC	1331520	1.1348197	5.2805815	5
TGCAC	1273805	1.0732071	5.5637035	5
TGGAC	1270300	1.0613472	5.814849	5
GTGCA	1264550	1.056543	5.930772	1
ACTGT	1520130	1.0465012	6.1695175	8
ACAGT	1501220	1.045447	5.41948	8
GACTG	1245235	1.040405	5.910381	7
AGACT	1441390	1.0037814	5.0851	6
GGACT	1123370	0.9385859	5.1276097	6
GTGTA	925975	0.6321627	5.6116924	1
>>END_MODULE
