##FastQC	0.10.1
>>Basic Statistics	pass
#Measure	Value	
Filename	KS25_S6_L001_R1_001.fastq.gz	
File type	Conventional base calls	
Encoding	Sanger / Illumina 1.9	
Total Sequences	14743811	
Filtered Sequences	0	
Sequence length	35-75	
%GC	46	
>>END_MODULE
>>Per base sequence quality	pass
#Base	Mean	Median	Lower Quartile	Upper Quartile	10th Percentile	90th Percentile
1	31.387743508106553	32.0	32.0	32.0	32.0	32.0
2	31.463390910260582	32.0	32.0	32.0	32.0	32.0
3	31.556229186605822	32.0	32.0	32.0	32.0	32.0
4	31.633810078004934	32.0	32.0	32.0	32.0	32.0
5	31.625403838939608	32.0	32.0	32.0	32.0	32.0
6	35.280441060998406	36.0	36.0	36.0	36.0	36.0
7	35.296260919242656	36.0	36.0	36.0	36.0	36.0
8	35.2545872298553	36.0	36.0	36.0	36.0	36.0
9	35.33037855680597	36.0	36.0	36.0	36.0	36.0
10	35.24114436898303	36.0	36.0	36.0	36.0	36.0
11	35.32469854639346	36.0	36.0	36.0	36.0	36.0
12	35.279504125493744	36.0	36.0	36.0	36.0	36.0
13	35.305068614892036	36.0	36.0	36.0	36.0	36.0
14	35.28238268925178	36.0	36.0	36.0	36.0	36.0
15	35.2431757976279	36.0	36.0	36.0	36.0	36.0
16	35.26051649739677	36.0	36.0	36.0	36.0	36.0
17	35.253216620858744	36.0	36.0	36.0	36.0	36.0
18	35.23177867649009	36.0	36.0	36.0	36.0	36.0
19	35.23473517125253	36.0	36.0	36.0	36.0	36.0
20	35.22354417049974	36.0	36.0	36.0	36.0	36.0
21	35.21417861365694	36.0	36.0	36.0	36.0	36.0
22	35.20439539003857	36.0	36.0	36.0	36.0	36.0
23	35.18155027896112	36.0	36.0	36.0	36.0	36.0
24	35.17286202325844	36.0	36.0	36.0	36.0	36.0
25	35.13225902041202	36.0	36.0	36.0	36.0	36.0
26	35.106889392437274	36.0	36.0	36.0	36.0	36.0
27	35.091810523073036	36.0	36.0	36.0	36.0	36.0
28	35.08434386469007	36.0	36.0	36.0	36.0	36.0
29	35.06981132625751	36.0	36.0	36.0	36.0	36.0
30	35.04173880145371	36.0	36.0	36.0	36.0	36.0
31	35.02675732888871	36.0	36.0	36.0	36.0	36.0
32	35.01266260127724	36.0	36.0	36.0	36.0	36.0
33	35.0049495344182	36.0	36.0	36.0	36.0	36.0
34	34.98916114700602	36.0	36.0	36.0	36.0	36.0
35	34.96648037607102	36.0	36.0	36.0	36.0	36.0
36	34.98734903457735	36.0	36.0	36.0	36.0	36.0
37	34.979622771229984	36.0	36.0	36.0	36.0	36.0
38	34.949115591942665	36.0	36.0	36.0	36.0	36.0
39	34.93071853749889	36.0	36.0	36.0	36.0	36.0
40	34.918018268122076	36.0	36.0	36.0	36.0	36.0
41	34.9060672756382	36.0	36.0	36.0	36.0	36.0
42	34.89275181333342	36.0	36.0	36.0	36.0	36.0
43	34.885469815750675	36.0	36.0	36.0	36.0	36.0
44	34.86627079616617	36.0	36.0	36.0	36.0	36.0
45	34.84698248387082	36.0	36.0	36.0	36.0	36.0
46	34.83283962053443	36.0	36.0	36.0	36.0	36.0
47	34.82799603344301	36.0	36.0	36.0	36.0	36.0
48	34.78486450671403	36.0	36.0	36.0	36.0	36.0
49	34.77461674512048	36.0	36.0	36.0	36.0	36.0
50	34.763479563501306	36.0	36.0	36.0	36.0	36.0
51	34.73999216940528	36.0	36.0	36.0	36.0	36.0
52	34.72213408468906	36.0	36.0	36.0	36.0	36.0
53	34.6954375184684	36.0	36.0	36.0	32.0	36.0
54	34.67114932342639	36.0	36.0	36.0	32.0	36.0
55	34.641988605634815	36.0	36.0	36.0	32.0	36.0
56	34.618215020348465	36.0	36.0	36.0	32.0	36.0
57	34.59981866352499	36.0	36.0	36.0	32.0	36.0
58	34.57226035835201	36.0	36.0	36.0	32.0	36.0
59	34.54881224547967	36.0	36.0	36.0	32.0	36.0
60	34.52683753058253	36.0	36.0	36.0	32.0	36.0
61	34.50351943395815	36.0	36.0	36.0	32.0	36.0
62	34.46830483687508	36.0	36.0	36.0	32.0	36.0
63	34.44661285607015	36.0	36.0	36.0	32.0	36.0
64	34.41741782963146	36.0	36.0	36.0	32.0	36.0
65	34.38766572001792	36.0	36.0	36.0	32.0	36.0
66	34.34159357065121	36.0	36.0	36.0	32.0	36.0
67	34.32557038875618	36.0	36.0	36.0	32.0	36.0
68	34.28579662479499	36.0	36.0	36.0	32.0	36.0
69	34.26952599620809	36.0	36.0	36.0	32.0	36.0
70	34.22126333017074	36.0	36.0	36.0	32.0	36.0
71	34.19593763698305	36.0	36.0	36.0	32.0	36.0
72	34.17809083979418	36.0	36.0	36.0	32.0	36.0
73	34.125431975683796	36.0	36.0	36.0	32.0	36.0
74	34.08925160280955	36.0	36.0	36.0	32.0	36.0
75	33.33227891223846	36.0	36.0	36.0	27.0	36.0
>>END_MODULE
>>Per sequence quality scores	pass
#Quality	Count
2	17846.0
3	0.0
4	0.0
5	0.0
6	0.0
7	0.0
8	0.0
9	0.0
10	1.0
11	2.0
12	22.0
13	78.0
14	194.0
15	201.0
16	170.0
17	207.0
18	319.0
19	896.0
20	2761.0
21	6365.0
22	11415.0
23	18795.0
24	31229.0
25	50871.0
26	79016.0
27	115965.0
28	161136.0
29	215931.0
30	282813.0
31	372177.0
32	512084.0
33	804340.0
34	1855878.0
35	1.0203099E7
>>END_MODULE
>>Per base sequence content	fail
#Base	G	A	T	C
1	49.820129431816326	16.691543118227937	6.994787662792561	26.49353978716318
2	17.739318521186533	21.101458947770006	34.86746163405981	26.291760896983657
3	18.851710030984798	21.662941265788813	29.57950641086758	29.905842292358813
4	13.31474801921287	15.131240304539656	35.508072680335225	36.04593899591225
5	13.874693814549694	34.70539545772259	34.50877671073555	16.91113401699217
6	34.14974162983546	35.01918549989763	16.507597294982027	14.32347557528488
7	30.07220239895993	30.128952499887102	20.727239267511504	19.07160583364146
8	26.18146247122005	32.551347229196864	21.04692629651096	20.220264003072124
9	24.678518521536617	12.119226142395421	20.38476256055206	42.817492775515895
10	13.980211144057453	23.087220430036336	37.84263374250856	25.089934683397658
11	33.803292347903856	21.40131393766045	25.572599147152665	19.222794567283028
12	21.429814616563327	23.865566704796596	33.50342065868009	21.201198019959982
13	28.962475464256503	20.258726677674435	25.474513894335615	25.304283963733447
14	20.421805973326705	20.945316656667323	27.770927066579336	30.86195030342663
15	23.230623553313638	29.926780676269978	23.048176226176828	23.794419544239556
16	23.166574072055653	27.963565735281005	25.727787870262148	23.142072322401194
17	21.995556827684975	27.882254235970272	27.207412213732685	22.914776722612064
18	22.305153822605632	27.02289513377904	28.27971270257812	22.392238341037206
19	23.120702785599352	26.374100115545417	27.04223159799703	23.462965500858203
20	23.16468370852841	26.78968578819827	27.291672254895204	22.75395824837811
21	22.741890456747235	26.381323887294833	26.764553669451992	24.112231986505943
22	22.869540493047293	26.77201158316916	27.152145862693555	23.206302061089993
23	22.42861903161555	26.922903237000213	27.214001623936085	23.434476107448152
24	22.84800382673979	26.385395316033012	27.70245332510834	23.064147532118856
25	23.134016174293272	26.36619916875275	27.222396600364192	23.27738805658979
26	22.400876535102864	26.8743608796293	27.487250870820073	23.23751171444776
27	22.391577761799816	26.863766089144132	27.30391844257377	23.440737706482288
28	22.49185163956998	26.72121656829326	27.115909939013356	23.671021853123406
29	22.58057396297846	26.768938871992702	27.029850891215666	23.62063627381317
30	22.36780783893922	26.83896244915268	27.389961492753795	23.403268219154302
31	23.338505418940294	26.479464153276655	26.914660994985574	23.26736943279748
32	22.295350824150407	27.06958011523936	27.510310286049727	23.1247587745605
33	22.242613975396694	26.852436798280294	27.86454177097792	23.040407455345093
34	22.488485829237977	26.526370067631895	27.84940196132967	23.135742141800467
35	22.284528107926963	26.938187417973158	27.63807054999688	23.139213924103004
36	22.366047555776674	27.180943067438427	27.61477656345253	22.83823281333236
37	22.596678517934816	26.80171021535265	26.94197582678468	23.659635439927857
38	22.593192339519796	27.48704563643296	26.936709239628602	22.983052784418643
39	22.885951388259095	26.896153116062866	27.18248180947424	23.035413686203796
40	22.932481994839684	26.578093332001156	27.39732693380063	23.09209773935853
41	22.899805485820952	26.5336765717159	27.499542668640682	23.06697527382246
42	22.42334850299074	27.24431547561127	27.513654569522135	22.818681451875857
43	22.473002868573396	26.99218867501442	27.403653944493517	23.131154511918663
44	22.301267706274736	27.3200943800844	27.344998600805738	23.033639312835135
45	22.398990561768986	27.28540923042807	27.27717221884876	23.03842798895418
46	22.681718000466294	26.917156141029547	27.139984018638607	23.26114183986555
47	22.95595452927408	26.969669689893607	27.126798233618153	22.947577547214156
48	22.38042673703194	27.07712417886661	27.170180168265002	23.372268915836447
49	22.93438608131276	26.692156702154445	27.099291319930764	23.274165896602035
50	22.4668874000683	27.499871378883967	27.030371502671002	23.00286971837673
51	22.630465729223285	27.09943030555282	27.254660004272846	23.01544396095105
52	22.55431260769408	27.28847188383185	26.968634937743797	23.188580570730277
53	22.41558213100177	26.833959291097536	27.599083059403775	23.15137551849692
54	22.616057954209396	27.427898293097908	27.306502943645917	22.649540809046783
55	22.634747859287838	26.737276218866846	27.210984255384847	23.416991666460476
56	22.922061293129282	27.204686167783766	26.770527491373773	23.10272504771318
57	22.547466504834322	27.095431386095438	26.942866602409705	23.414235506660535
58	22.698752004597086	27.13658027907162	26.685759002782127	23.478908713549163
59	22.751775510711976	27.050472154876864	26.833140729444523	23.364611604966633
60	22.55864466233046	26.97662218978691	27.479261529042315	22.985471618840315
61	22.958965129581387	26.846986067801904	27.015964403894543	23.178084398722167
62	22.831444810666046	26.9061100148699	27.207197662571218	23.055247511892837
63	22.802137330257175	27.210253175306697	27.06579195141161	22.921817543024524
64	22.836718303902625	26.827471161417744	26.936738096831565	23.39907243784807
65	22.72715333791555	27.26393204046339	26.84571566425351	23.163198957367552
66	22.71493631134943	27.74748211655676	26.545345952718534	22.992235619375275
67	23.082743898324797	26.916308603143115	26.67623257356393	23.324714924968166
68	23.010330952092406	27.259501975078376	27.084205083249824	22.645961989579398
69	23.197382504927702	26.8847898114273	27.045031787284174	22.87279589636082
70	23.599976013086355	26.707978106937986	26.777125388835625	22.914920491140034
71	23.121128841799045	27.21837072678703	26.79306525507808	22.867435176335846
72	22.918292414235232	27.458102791957835	27.008535638185442	22.615069155621494
73	23.788775248110667	28.245726590018545	26.730408092219132	21.23509006965165
74	24.783879005214196	30.43780793252967	27.31234325382414	17.465969808431993
75	30.42028721429466	40.888944273278454	28.690768512426885	0.0
>>END_MODULE
>>Per base GC content	fail
#Base	%GC
1	76.31366921897951
2	44.031079418170194
3	48.75755232334361
4	49.36068701512512
5	30.785827831541862
6	48.47321720512034
7	49.143808232601394
8	46.401726474292175
9	67.49601129705252
10	39.07014582745511
11	53.02608691518689
12	42.631012636523316
13	54.26675942798995
14	51.283756276753344
15	47.025043097553194
16	46.30864639445685
17	44.91033355029705
18	44.69739216364284
19	46.58366828645755
20	45.91864195690653
21	46.854122443253175
22	46.07584255413729
23	45.8630951390637
24	45.91215135885865
25	46.41140423088306
26	45.63838824955063
27	45.832315468282104
28	46.162873492693386
29	46.20121023679163
30	45.77107605809353
31	46.605874851737774
32	45.42010959871091
33	45.28302143074179
34	45.62422797103844
35	45.42374203202996
36	45.20428036910904
37	46.25631395786267
38	45.57624512393844
39	45.92136507446289
40	46.02457973419821
41	45.96678075964341
42	45.242029954866595
43	45.60415738049206
44	45.33490701910986
45	45.437418550723166
46	45.94285984033185
47	45.90353207648823
48	45.75269565286838
49	46.208551977914794
50	45.469757118445024
51	45.645909690174335
52	45.74289317842435
53	45.56695764949868
54	45.26559876325618
55	46.05173952574832
56	46.02478634084246
57	45.96170201149485
58	46.17766071814625
59	46.11638711567861
60	45.54411628117078
61	46.13704952830355
62	45.88669232255888
63	45.7239548732817
64	46.23579074175069
65	45.8903522952831
66	45.707171930724705
67	46.407458823292956
68	45.6562929416718
69	46.07017840128852
70	46.514896504226385
71	45.988564018134895
72	45.53336156985673
73	45.02386531776232
74	42.24984881364619
75	30.42028721429466
>>END_MODULE
>>Per sequence GC content	warn
#GC Content	Count
0	17854.0
1	8940.0
2	36.5
3	70.5
4	95.0
5	138.0
6	271.0
7	468.0
8	577.5
9	782.5
10	1350.0
11	2128.0
12	2566.5
13	3231.5
14	4953.0
15	7593.0
16	9610.5
17	13055.5
18	20302.5
19	29182.5
20	35327.5
21	45482.5
22	63983.5
23	84503.0
24	98594.5
25	116138.0
26	145694.0
27	176197.5
28	197432.0
29	224519.0
30	268655.5
31	316715.5
32	352210.5
33	391969.0
34	460102.5
35	532291.0
36	574421.5
37	606145.0
38	635362.5
39	639406.5
40	638243.0
41	627679.0
42	611804.5
43	606214.0
44	607452.0
45	607491.5
46	599257.0
47	588957.0
48	585933.5
49	579335.0
50	563449.0
51	549016.0
52	542050.0
53	535174.0
54	521162.5
55	505826.0
56	496591.5
57	484663.5
58	460461.0
59	428567.5
60	401739.5
61	371252.0
62	332203.0
63	293884.5
64	262484.5
65	236961.5
66	201827.0
67	166325.5
68	142461.0
69	123834.0
70	101296.0
71	78964.5
72	63806.5
73	53809.5
74	42637.5
75	32432.5
76	25951.5
77	21588.0
78	16885.0
79	12697.5
80	10057.5
81	8318.0
82	6358.5
83	4381.5
84	3148.5
85	2520.0
86	1863.5
87	1249.0
88	973.0
89	800.5
90	561.5
91	397.5
92	321.0
93	359.5
94	311.0
95	182.0
96	147.5
97	104.5
98	44.5
99	39.0
100	51.0
>>END_MODULE
>>Per base N content	pass
#Base	N-Count
1	0.1518738947481082
2	0.12156965387035956
3	0.1212644410593706
4	0.1210474008382229
5	0.1210677483589555
6	0.12104061833131204
7	0.12104061833131204
8	0.12104061833131204
9	0.12104061833131204
10	0.12104061833131204
11	0.12104061833131204
12	0.12104061833131204
13	0.12104061833131204
14	0.12104061833131204
15	0.1215221763219835
16	0.12433691668999283
17	0.12104061833131204
18	0.12131870111465753
19	0.12795199287348433
20	0.12151539381507265
21	0.1215425238427161
22	0.12182738913297246
23	0.12114913844188588
24	0.12181382411915075
25	0.12526612013678146
26	0.1320689745683799
27	0.1313364638220064
28	0.1251779475469402
29	0.1283521607812254
30	0.134490329535559
31	0.13496510501931963
32	0.1499273152646897
33	0.13191297690943
34	0.13858018120281113
35	0.16130157935421174
36	0.014659161918459057
37	0.021170634841074457
38	0.02023311266205193
39	0.031758819198117724
40	0.039765440446364854
41	0.022939743077605206
42	0.03344195312474402
43	0.04290080511103163
44	0.03020580449517104
45	0.03593663397318946
46	0.02399510055442539
47	0.033833206072390695
48	0.0655423464036166
49	0.035643282688446284
50	0.03596644282560935
51	0.04952553815285094
52	0.04966828237519961
53	0.03391454644655083
54	0.05835396081767576
55	0.04522800956977866
56	0.03835974163614525
57	0.05233012473179062
58	0.042658616220118455
59	0.03759739834436518
60	0.02875786860937036
61	0.048329844727925855
62	0.022741940223107496
63	0.036817129029096035
64	0.05305675507276945
65	0.031137946382511262
66	0.03896705116160594
67	0.03773495823502859
68	0.021597810327597746
69	0.02309377930275995
70	0.042452149824124735
71	0.02143686853136123
72	0.014086909847300539
73	0.027224130383222998
74	0.019754378254811245
75	0.04722840411446414
>>END_MODULE
>>Sequence Length Distribution	warn
#Length	Count
35	22642.0
36	7392.0
37	10157.0
38	11638.0
39	13407.0
40	14069.0
41	15242.0
42	15506.0
43	17362.0
44	18479.0
45	19941.0
46	21271.0
47	22590.0
48	23667.0
49	24723.0
50	24499.0
51	25454.0
52	26026.0
53	26832.0
54	28977.0
55	29023.0
56	31044.0
57	31804.0
58	32358.0
59	35332.0
60	35423.0
61	35268.0
62	35134.0
63	35675.0
64	37822.0
65	39144.0
66	39231.0
67	46382.0
68	42412.0
69	51175.0
70	58696.0
71	115438.0
72	362281.0
73	1004784.0
74	3119060.0
75	9136451.0
>>END_MODULE
>>Sequence Duplication Levels	warn
#Total Duplicate Percentage	31.50305482977428
#Duplication Level	Relative count
1	100.0
2	21.837984340493875
3	8.54102733243468
4	4.282702842229042
5	2.344623856368486
6	1.4189634898327932
7	0.9256603665356927
8	0.5936845728052313
9	0.43092322253133336
10++	3.0265007026701465
>>END_MODULE
>>Overrepresented sequences	warn
#Sequence	Count	Percentage	Possible Source
NNNNNNNNNNNNNNNNNNNNNNNNNNNNNNNNNNN	17846	0.12104061833131204	No Hit
>>END_MODULE
>>Kmer Content	warn
#Sequence	Count	Obs/Exp Overall	Obs/Exp Max	Max Obs/Exp Position
AAAAA	5215160	3.8859828	8.810117	71
TTTTT	5082155	3.478107	6.1273794	71
CCTGG	2402805	2.9907134	11.162206	3
CCAGG	2286950	2.8953466	11.869644	3
CCCAG	2134140	2.6940417	10.748186	2
CTGGG	2101180	2.6229014	10.088144	4
GAAAA	3023630	2.5759995	5.34998	24
AGAAA	3016395	2.5698357	5.3886733	48
CCAGC	2012490	2.540476	5.984306	3
TTTCT	3178640	2.5225828	5.621295	16
CAGCA	2260020	2.5024896	5.656299	4
GCTGG	1952805	2.4376853	5.7571883	3
TGCTG	2267825	2.4342027	5.5935297	2
GGAGG	1904790	2.4255822	5.053979	6
TCCAG	2204295	2.399618	8.219745	2
CAGCC	1829865	2.3099387	5.339057	5
CTGGA	2071910	2.2620683	7.785823	4
CTCCA	2076860	2.254328	6.347568	1
AGGAG	2019365	2.2490535	6.620962	5
GGCTG	1800215	2.2472072	8.947867	7
CTCCT	2105395	2.2467554	5.931994	1
CAGGA	2007735	2.22961	8.726384	4
AGCAG	2000630	2.2217195	5.164789	7
CTGCT	2067450	2.2126856	6.682092	9
GCTGC	1759245	2.1896899	5.823277	8
TCCTG	2029495	2.1720643	7.789221	2
CCTGC	1749020	2.1706436	6.3981495	8
GGCAG	1702170	2.1612716	6.0420656	7
CAGAG	1938740	2.15299	7.7223654	4
CCCTG	1723300	2.1387234	8.123652	2
CTGCC	1715875	2.1295087	5.979262	9
CTCTG	1986370	2.1259098	7.1030927	2
GCAGG	1668905	2.1190345	5.6474	3
TGCAG	1921095	2.0974116	5.04707	2
GCCTG	1676135	2.0862448	8.263265	7
GAGAA	2124130	2.0691032	5.101219	47
CACAG	1844345	2.0422184	5.303666	7
CTGTG	1900545	2.0399776	10.84068	9
TGGAG	1863000	2.0399063	5.913188	5
CAGGG	1605225	2.038179	8.890182	4
AGCTG	1849250	2.0189726	6.635294	7
CAGTG	1814180	1.980684	6.6224303	7
GCCAG	1558630	1.9732717	5.504684	2
CAGGC	1549335	1.9615042	5.652931	4
CTGGC	1563960	1.9466232	5.404034	4
CCCCA	1526495	1.9213846	7.1232986	1
CACTG	1764735	1.9211084	6.6563983	7
CTCAG	1758890	1.9147455	6.009856	2
GTGTG	1775600	1.9114144	10.212333	9
CTGAG	1737335	1.8967862	6.1313477	9
GGGAG	1482775	1.8881831	5.032356	7
CAGAA	1938385	1.882689	5.3337297	4
CACAC	1661355	1.8342559	5.933333	5
GGCCA	1440145	1.8232664	7.3605657	1
CCTCT	1701815	1.8160781	5.646047	1
ACCTG	1667775	1.8155568	6.7971087	7
CCAGA	1624690	1.7989973	6.82932	3
CATTT	2228395	1.7988042	5.0216155	14
ACACA	1851840	1.7934098	5.8723207	6
TGGGG	1422125	1.7804058	6.382177	5
TGTGT	1898835	1.7576215	8.535486	10
AGAGG	1561020	1.738575	5.3504167	5
TGGCC	1386335	1.7255377	6.214057	5
TCTGG	1605240	1.7230076	6.1205635	3
GCCCA	1332760	1.6824158	7.896247	1
CCTGA	1533405	1.66928	5.3341846	3
AGGTG	1476025	1.6161848	5.9719987	7
CCTGT	1490600	1.5953126	7.3774858	8
GGCCT	1275445	1.5875156	6.1847253	6
TCAGG	1452040	1.5853071	5.547585	3
TGGGC	1264175	1.578069	6.6244955	5
TCTGT	1705595	1.5741698	5.6594143	8
GCCCC	1088400	1.566359	5.1004214	1
GGGCA	1228850	1.5602899	5.0840335	1
GGGCC	1076080	1.5576588	5.504254	6
AGCCT	1409010	1.5338625	5.795913	6
AGGCC	1204260	1.524629	5.2457976	5
CCATG	1396295	1.5200207	5.3322854	9
GTCCT	1404205	1.5028486	10.822643	1
GCTGT	1380480	1.4817581	6.3991446	8
CTGTC	1358580	1.4540185	6.9936285	9
AGGCT	1322910	1.4443257	5.4439073	6
GCCCT	1163575	1.4440696	6.3025136	1
GGGCT	1147960	1.4329978	6.8130975	6
GACAG	1283590	1.4254395	5.8728747	7
AGGAC	1278190	1.4194428	11.052292	5
GGACA	1237445	1.3741951	5.780901	6
ATGGC	1256880	1.3722354	5.9918785	17
GGGTG	1093700	1.3692396	5.3583198	7
GAGCT	1249280	1.363938	5.1631804	6
AGGGC	1067705	1.3556815	6.1027875	5
AGAGC	1214885	1.349142	5.415315	5
TGTCC	1249410	1.3371794	5.3743796	10
GCTCT	1248130	1.3358095	5.27628	1
TGTGC	1227715	1.3177856	7.5942416	10
AAGTG	1327255	1.271065	5.188344	7
GTGCT	1179650	1.2661943	5.525675	1
GTCCA	1134735	1.2352841	6.899633	1
GTGCA	1080440	1.1796019	5.7405577	11
TGGAC	1049970	1.1463355	5.837759	5
ACTGT	1221085	1.1463287	6.798503	8
GTCTT	1211840	1.1184613	5.729347	1
GTTCT	1199230	1.106823	5.191221	1
AGTGT	1156705	1.0890514	6.400022	8
ACACT	1124405	1.0705605	5.127913	6
AAGAC	1092115	1.0607351	5.148613	5
GGACC	835730	1.058059	6.587846	6
GACTG	956590	1.0443851	5.9962807	7
CTACA	1046685	0.9965623	5.021344	4
TGTAG	1054930	0.99322915	5.4914165	2
AGACT	1032985	0.9863815	5.6199975	6
GGACT	870755	0.9506722	5.4219637	6
TAGGA	957750	0.9172032	6.5476565	4
TCCTA	960360	0.8989486	6.108335	2
GTGTA	813570	0.76598585	5.7741113	1
>>END_MODULE
