##FastQC	0.10.1
>>Basic Statistics	pass
#Measure	Value	
Filename	019-F5_S6_L004_R1_001.fastq.gz	
File type	Conventional base calls	
Encoding	Sanger / Illumina 1.9	
Total Sequences	21621635	
Filtered Sequences	0	
Sequence length	35-75	
%GC	45	
>>END_MODULE
>>Per base sequence quality	pass
#Base	Mean	Median	Lower Quartile	Upper Quartile	10th Percentile	90th Percentile
1	31.454694661157678	32.0	32.0	32.0	32.0	32.0
2	31.533831830941555	32.0	32.0	32.0	32.0	32.0
3	31.62837449619328	32.0	32.0	32.0	32.0	32.0
4	31.70303170874913	32.0	32.0	32.0	32.0	32.0
5	31.684442180251402	32.0	32.0	32.0	32.0	32.0
6	35.396698029543096	36.0	36.0	36.0	36.0	36.0
7	35.39754611526834	36.0	36.0	36.0	36.0	36.0
8	35.36353735506126	36.0	36.0	36.0	36.0	36.0
9	35.44314382330476	36.0	36.0	36.0	36.0	36.0
10	35.362739404304996	36.0	36.0	36.0	36.0	36.0
11	35.420120865050215	36.0	36.0	36.0	36.0	36.0
12	35.37730999528944	36.0	36.0	36.0	36.0	36.0
13	35.398429859721524	36.0	36.0	36.0	36.0	36.0
14	35.379944763659175	36.0	36.0	36.0	36.0	36.0
15	35.35247376065686	36.0	36.0	36.0	36.0	36.0
16	35.3673823001822	36.0	36.0	36.0	36.0	36.0
17	35.36822613091008	36.0	36.0	36.0	36.0	36.0
18	35.360595949381256	36.0	36.0	36.0	36.0	36.0
19	35.35600286472323	36.0	36.0	36.0	36.0	36.0
20	35.347791043554295	36.0	36.0	36.0	36.0	36.0
21	35.33744205745773	36.0	36.0	36.0	36.0	36.0
22	35.32752222484562	36.0	36.0	36.0	36.0	36.0
23	35.314050995680944	36.0	36.0	36.0	36.0	36.0
24	35.305947538194964	36.0	36.0	36.0	36.0	36.0
25	35.28630586909824	36.0	36.0	36.0	36.0	36.0
26	35.25855926251646	36.0	36.0	36.0	36.0	36.0
27	35.24841909504069	36.0	36.0	36.0	36.0	36.0
28	35.23572172039719	36.0	36.0	36.0	36.0	36.0
29	35.21939117925171	36.0	36.0	36.0	36.0	36.0
30	35.196794414483456	36.0	36.0	36.0	36.0	36.0
31	35.18872138947864	36.0	36.0	36.0	36.0	36.0
32	35.17276445560199	36.0	36.0	36.0	36.0	36.0
33	35.16206281347363	36.0	36.0	36.0	36.0	36.0
34	35.15189013226798	36.0	36.0	36.0	36.0	36.0
35	35.13666302293976	36.0	36.0	36.0	36.0	36.0
36	35.14574593189247	36.0	36.0	36.0	36.0	36.0
37	35.13156645117196	36.0	36.0	36.0	36.0	36.0
38	35.12062829990052	36.0	36.0	36.0	36.0	36.0
39	35.102603175586026	36.0	36.0	36.0	36.0	36.0
40	35.098684805746224	36.0	36.0	36.0	36.0	36.0
41	35.08274051025256	36.0	36.0	36.0	36.0	36.0
42	35.07144574666656	36.0	36.0	36.0	36.0	36.0
43	35.06004836297477	36.0	36.0	36.0	36.0	36.0
44	35.04396719673234	36.0	36.0	36.0	36.0	36.0
45	35.03052496933623	36.0	36.0	36.0	36.0	36.0
46	35.019534899794024	36.0	36.0	36.0	36.0	36.0
47	35.01465035160797	36.0	36.0	36.0	36.0	36.0
48	34.994178476659236	36.0	36.0	36.0	36.0	36.0
49	34.984278343303444	36.0	36.0	36.0	36.0	36.0
50	34.9714612677242	36.0	36.0	36.0	36.0	36.0
51	34.956266013346024	36.0	36.0	36.0	36.0	36.0
52	34.947178413099124	36.0	36.0	36.0	36.0	36.0
53	34.924903645550785	36.0	36.0	36.0	36.0	36.0
54	34.91116234298115	36.0	36.0	36.0	36.0	36.0
55	34.88722811116645	36.0	36.0	36.0	36.0	36.0
56	34.87601941938756	36.0	36.0	36.0	36.0	36.0
57	34.86771285650322	36.0	36.0	36.0	36.0	36.0
58	34.847096449805846	36.0	36.0	36.0	36.0	36.0
59	34.835409403300396	36.0	36.0	36.0	36.0	36.0
60	34.818795740411716	36.0	36.0	36.0	36.0	36.0
61	34.805633634059596	36.0	36.0	36.0	36.0	36.0
62	34.78332580105807	36.0	36.0	36.0	36.0	36.0
63	34.767418050402114	36.0	36.0	36.0	36.0	36.0
64	34.749099002835415	36.0	36.0	36.0	36.0	36.0
65	34.732362584144845	36.0	36.0	36.0	36.0	36.0
66	34.70635326033568	36.0	36.0	36.0	36.0	36.0
67	34.69533808411718	36.0	36.0	36.0	36.0	36.0
68	34.66141561913975	36.0	36.0	36.0	32.0	36.0
69	34.64313017806337	36.0	36.0	36.0	32.0	36.0
70	34.626248466930534	36.0	36.0	36.0	32.0	36.0
71	34.59621989090619	36.0	36.0	36.0	32.0	36.0
72	34.58029096188343	36.0	36.0	36.0	32.0	36.0
73	34.55237869578634	36.0	36.0	36.0	32.0	36.0
74	34.51404830142268	36.0	36.0	36.0	32.0	36.0
75	33.92297005847638	36.0	36.0	36.0	32.0	36.0
>>END_MODULE
>>Per sequence quality scores	pass
#Quality	Count
2	15124.0
3	0.0
4	0.0
5	0.0
6	0.0
7	0.0
8	0.0
9	0.0
10	0.0
11	0.0
12	0.0
13	0.0
14	0.0
15	0.0
16	1.0
17	15.0
18	105.0
19	756.0
20	3129.0
21	8650.0
22	16815.0
23	27896.0
24	44501.0
25	68243.0
26	101768.0
27	144476.0
28	198530.0
29	262544.0
30	339173.0
31	438131.0
32	590804.0
33	903323.0
34	2073969.0
35	1.6383682E7
>>END_MODULE
>>Per base sequence content	fail
#Base	G	A	T	C
1	45.140660574140156	18.03282400322896	10.174995569999085	26.6515198526318
2	16.78909658296983	20.448238959080438	34.91028236812505	27.852382089824683
3	18.385449570522958	21.593954784923618	28.821072908118893	31.199522736434528
4	12.927232906784441	14.979993762065519	35.66926654655164	36.4235067845984
5	14.384261299753579	35.48777032997137	34.64646837242718	15.48149999784787
6	34.69990552797422	35.509411194722155	15.9263951285536	13.86428814875003
7	30.47866296191849	30.01442622756579	20.47787937555804	19.02903143495768
8	26.539358208860587	33.84962816580449	20.16418031268257	19.446833312652352
9	24.302410509498735	14.348869190402839	20.52681712470838	40.82190317539005
10	13.809199811038422	26.256199000032815	35.93943380672926	23.995167382199504
11	34.300814514753995	22.671328662266383	24.00926499656307	19.01859182641655
12	21.604133015527736	24.336699604285748	31.964561590262193	22.09460578992433
13	27.88536342315766	20.459480100138354	26.222123733373472	25.433032743330514
14	20.063952881033874	20.730080898709783	27.64464828993293	31.56131793032341
15	22.638134403097286	29.854371212455355	23.35240983609061	24.155084548356744
16	22.660894125540135	28.65701222538903	25.743837632771243	22.938256016299594
17	21.503892322808124	28.33971728979608	27.647634113186363	22.508756274209432
18	21.888716785417138	27.8873298886618	28.25062315706594	21.97333016885512
19	22.423851773199292	27.283863646472124	27.751708732613057	22.540575847715534
20	22.45597228908737	27.276950748075603	27.927407605838724	22.339669356998304
21	22.161918465103508	26.9476305953674	27.63979266101142	23.250658278517673
22	22.216349506868553	26.97451707959698	27.873556262739505	22.935577150794963
23	22.112291841025826	27.070822150164698	27.814931458366953	23.001954550442523
24	22.353290308928838	26.74815820445119	28.106425581157374	22.7921259054626
25	22.48251181695908	26.74232371476902	27.70076449867023	23.074399969601668
26	21.96379616112568	27.189835733219887	27.87239155292511	22.97397655272933
27	21.96590143005499	27.148625433449926	27.95298797545272	22.932485161042365
28	22.09713998259868	26.95301444613165	27.843287410072392	23.106558161197277
29	21.929817984401836	27.122277252238806	27.951328287603804	22.99657647575555
30	21.976717670361893	27.197416055090862	27.917287992697332	22.908578281849916
31	22.544957857627466	27.075689283004607	27.642350060984246	22.73700279838368
32	21.83615818555323	27.378215780742003	28.02010724263861	22.765518791066153
33	21.935996596536572	27.17337123105164	28.19426678217658	22.696365390235204
34	22.0557989656964	26.836248037736187	28.32112137770891	22.786831618858507
35	21.901603095121253	27.18468808603899	28.142793491055496	22.770915327784266
36	22.024565258037143	27.495622340531657	28.071959199524017	22.407853201907184
37	22.167437524104972	27.157479731218082	27.70316372524854	22.971919019428405
38	22.086885761022536	27.63509594340063	27.661746823678783	22.616271471898052
39	22.22341079137571	27.343898023980096	27.93096981928352	22.501721365360677
40	22.308665057578754	27.03557063702547	27.90833550479974	22.747428800596037
41	22.292421859009647	27.241747593403336	27.96167449079227	22.50415605679475
42	22.052988757294386	27.516861504789336	27.99537467908412	22.43477505883216
43	22.153505969889288	27.255888643154012	27.891845517729173	22.698759869227523
44	22.015399109369216	27.59993001715119	27.89142913281105	22.493241740668537
45	22.091230193354246	27.48771535785824	27.812864420574513	22.608190028212995
46	22.24692399095404	27.369276688959893	27.697753185923478	22.686046134162584
47	22.239031459722607	27.469956770718753	27.79638728352668	22.49462448603196
48	22.007870515666948	27.4837520402556	27.77476744877923	22.733609995298224
49	22.362541473161066	27.223870302649605	27.755648948077454	22.657939276111875
50	22.14535202351117	27.630917160247613	27.692975487498583	22.530755328742636
51	22.180338738372267	27.53902896585642	27.74941715299094	22.53121514278037
52	22.205611191726067	27.540113005738416	27.625452096784514	22.628823705751003
53	22.070380063229283	27.342321593623854	27.947272794255163	22.640025548891703
54	22.200516107169975	27.72541230381037	27.788975401673156	22.285096187346497
55	22.249128890599724	27.27928433322276	27.72521406005363	22.746372716123886
56	22.34544028797958	27.58676004363413	27.538706913832495	22.5290927545538
57	22.162505562808036	27.498220349613963	27.65333972052754	22.685934367050457
58	22.22026774897552	27.34745269375472	27.57986806880357	22.85241148846619
59	22.129543623321997	27.52378825630362	27.65563462457312	22.69103349580126
60	22.159161545033882	27.47750913874527	27.858178219028733	22.505151097192115
61	22.43617368630079	27.39960174807019	27.610633685414015	22.553590880214998
62	22.33125607463962	27.58148974068525	27.629813452783196	22.457440731891936
63	22.30443800438633	27.704272743075816	27.569296639289803	22.42199261324805
64	22.33384175973573	27.389745210396704	27.497223133202546	22.779189896665017
65	22.24121809952165	27.589269300751383	27.630799851845218	22.538712747881743
66	22.26139775838528	27.8040374456827	27.42060347453585	22.51396132139617
67	22.419929627827873	27.41177543235845	27.45397686513522	22.714318074678456
68	22.367314512342293	27.75922998657657	27.61086581332836	22.262589687752772
69	22.607007910743523	27.59341316399159	27.570339058353984	22.22923986691091
70	22.76671029431838	27.35240347931287	27.395202258755802	22.485683967612953
71	22.458664546476292	27.797902675879754	27.379262277020715	22.364170500623235
72	22.430228329278705	27.898246705223272	27.626802516753816	22.044722448744203
73	23.207618796260107	28.49478721870973	27.579964164616083	20.717629820414075
74	24.28834987014951	30.933789645290016	27.870646255092147	16.90721422946833
75	29.49469078068368	41.27620721598746	29.22910200332886	0.0
>>END_MODULE
>>Per base GC content	fail
#Base	%GC
1	71.79218042677195
2	44.64147867279451
3	49.58497230695749
4	49.35073969138284
5	29.865761297601452
6	48.564193676724244
7	49.507694396876175
8	45.986191521512936
9	65.12431368488878
10	37.80436719323792
11	53.31940634117055
12	43.69873880545207
13	53.31839616648818
14	51.62527081135728
15	46.79321895145403
16	45.59915014183973
17	44.01264859701756
18	43.86204695427225
19	44.964427620914826
20	44.79564164608568
21	45.41257674362118
22	45.151926657663516
23	45.11424639146835
24	45.14541621439144
25	45.55691178656075
26	44.93777271385501
27	44.898386591097356
28	45.203698143795954
29	44.92639446015739
30	44.88529595221181
31	45.28196065601115
32	44.60167697661938
33	44.63236198677178
34	44.842630584554904
35	44.67251842290552
36	44.43241845994433
37	45.139356543533374
38	44.70315723292059
39	44.725132156736386
40	45.0560938581748
41	44.79657791580439
42	44.487763816126545
43	44.85226583911681
44	44.50864085003776
45	44.699420221567244
46	44.932970125116626
47	44.73365594575457
48	44.74148051096517
49	45.02048074927294
50	44.6761073522538
51	44.71155388115263
52	44.834434897477074
53	44.71040561212099
54	44.48561229451647
55	44.99550160672361
56	44.87453304253338
57	44.84843992985849
58	45.07267923744171
59	44.82057711912326
60	44.664312642225994
61	44.98976456651579
62	44.788696806531554
63	44.726430617634385
64	45.11303165640075
65	44.77993084740339
66	44.775359079781445
67	45.13424770250632
68	44.62990420009507
69	44.83624777765443
70	45.25239426193133
71	44.82283504709953
72	44.47495077802291
73	43.92524861667418
74	41.19556409961784
75	29.49469078068368
>>END_MODULE
>>Per sequence GC content	warn
#GC Content	Count
0	15143.0
1	7589.0
2	54.0
3	104.0
4	136.0
5	178.5
6	331.5
7	629.0
8	818.5
9	1084.5
10	1754.0
11	2906.5
12	3690.0
13	4855.5
14	7895.0
15	12538.0
16	16050.0
17	22154.0
18	35175.5
19	51297.0
20	62230.0
21	80026.5
22	113031.0
23	149471.0
24	173931.5
25	204682.0
26	256926.0
27	309011.0
28	343167.5
29	385273.5
30	452572.0
31	519153.0
32	564034.0
33	613958.5
34	698755.0
35	781651.0
36	829493.0
37	873844.0
38	919940.5
39	942778.5
40	957856.0
41	960967.5
42	953455.0
43	943050.0
44	939881.0
45	930352.0
46	905444.5
47	876717.0
48	860697.0
49	841445.0
50	804778.0
51	771441.5
52	753362.5
53	737508.5
54	710067.0
55	681311.5
56	663555.5
57	645013.5
58	610089.0
59	565025.0
60	526895.5
61	486824.5
62	433489.0
63	379235.0
64	337100.0
65	302798.0
66	257804.0
67	212358.5
68	179878.0
69	154934.5
70	125260.5
71	97063.0
72	78663.0
73	66435.0
74	53136.0
75	41068.5
76	33202.5
77	27776.5
78	21536.5
79	16344.0
80	13121.0
81	10675.0
82	8070.5
83	5569.0
84	3981.0
85	3118.5
86	2143.5
87	1312.5
88	987.5
89	781.0
90	498.0
91	335.0
92	265.5
93	227.0
94	184.5
95	138.5
96	103.0
97	84.5
98	55.5
99	167.5
100	291.0
>>END_MODULE
>>Per base N content	pass
#Base	N-Count
1	0.11365467967616695
2	0.06994845671939241
3	0.06995308171653068
4	0.06994845671939241
5	0.06994845671939241
6	0.07048033139029494
7	0.07329695464750931
8	0.07230720525991675
9	0.06994845671939241
10	0.06995770671366897
11	0.07007333164212605
12	0.06999933168791353
13	0.06996695670794553
14	0.07274195499091535
15	0.06994845671939241
16	0.0703277064847316
17	0.06996695670794553
18	0.06994845671939241
19	0.06994845671939241
20	0.06997158170508382
21	0.07066533127582628
22	0.06994845671939241
23	0.06998545669649867
24	0.07001320667932837
25	0.07024445653624252
26	0.07028608151048707
27	0.07091508112129355
28	0.07042945642177384
29	0.07050808137312466
30	0.07072545623862395
31	0.07045720640460354
32	0.071641205672004
33	0.07126658090380307
34	0.07036008146469959
35	0.07050345637598637
36	6.064133161327977E-4
37	0.0018336690815378466
38	0.001371206743001808
39	0.0018770594644559322
40	0.0026618014747771357
41	0.0027979257301518953
42	0.0024049976035916735
43	0.0010035161626731292
44	0.0015807728184440112
45	0.003299030857338552
46	0.0019886665566923195
47	0.0023961563414627214
48	0.004778549018789824
49	0.002008769352682485
50	0.002647078411139355
51	0.0014186744187157146
52	0.004270287945844311
53	0.0030926155286654954
54	0.0018982114196868863
55	0.0022158618258193347
56	0.0024921051146382486
57	0.002500340966308188
58	0.0014693769095403383
59	0.0033454979487412932
60	0.002848408190069302
61	0.0013244506840787782
62	0.0030049855658466273
63	0.0024812393776403948
64	3.1006361551348444E-4
65	4.6829765821066046E-4
66	5.026639273237962E-4
67	1.4388466435520748E-4
68	5.430858609614648E-4
69	6.74254437136008E-4
70	1.4485125490194752E-4
71	5.521971367028434E-4
72	4.488676776142566E-4
73	4.3553754043240163E-4
74	9.958632166717461E-4
75	0.003859399484640562
>>END_MODULE
>>Sequence Length Distribution	warn
#Length	Count
35	19207.0
36	6383.0
37	9220.0
38	10524.0
39	11958.0
40	12663.0
41	13197.0
42	14166.0
43	15850.0
44	17307.0
45	19486.0
46	20653.0
47	21922.0
48	22958.0
49	24077.0
50	24098.0
51	24510.0
52	24632.0
53	25631.0
54	27355.0
55	28804.0
56	29925.0
57	31675.0
58	32556.0
59	33374.0
60	34167.0
61	33622.0
62	34144.0
63	34131.0
64	36579.0
65	38153.0
66	38675.0
67	43010.0
68	43348.0
69	52774.0
70	66100.0
71	148783.0
72	520702.0
73	1498883.0
74	4588262.0
75	1.3888171E7
>>END_MODULE
>>Sequence Duplication Levels	warn
#Total Duplicate Percentage	41.15780424904826
#Duplication Level	Relative count
1	100.0
2	28.29164857915651
3	12.729154840217719
4	7.368851637893612
5	4.37022072327779
6	2.8558787190703576
7	1.940928974521655
8	1.4450529268374128
9	1.042675393194644
10++	6.917220422746853
>>END_MODULE
>>Overrepresented sequences	pass
>>END_MODULE
>>Kmer Content	warn
#Sequence	Count	Obs/Exp Overall	Obs/Exp Max	Max Obs/Exp Position
AAAAA	7858760	3.6345637	7.8725805	71
TTTTT	7955050	3.4123487	6.230845	71
CCTGG	3421350	3.066589	12.6192665	3
CCAGG	3256200	2.96283	14.156066	3
CCCAG	3064215	2.7715209	12.633539	2
CTGGG	2998310	2.703531	10.924153	4
CCAGC	2922790	2.6436048	7.124808	3
CAGCA	3449785	2.6424997	6.853783	4
GGAGG	2792340	2.5713274	5.644344	6
CCTCC	2900665	2.5689888	5.052376	1
TGCTG	3424965	2.5609477	6.263586	2
GCTGG	2791310	2.5168824	6.195089	3
TCCAG	3285395	2.4789798	9.65683	2
AGCAG	3111670	2.3978014	5.735809	7
AGGAG	3075370	2.3840413	7.497603	5
GCTGC	2627655	2.3551924	6.1077323	8
CAGGA	3053205	2.352749	10.370956	4
CAGCC	2600625	2.352213	5.8872666	5
CTGCT	3160295	2.348959	6.943569	9
AGAAG	3593035	2.3447964	5.1107254	5
CTCCA	3117725	2.338441	7.18242	1
CTCCT	3132930	2.3147376	6.4235983	1
CTGGA	3044250	2.3108003	8.556896	4
GGCTG	2521960	2.2740135	9.144513	7
GGCAG	2457835	2.2498062	6.574302	7
TCCTG	3021860	2.2460642	8.761493	2
CCTGC	2517295	2.2428253	6.3710027	3
GCAGG	2426560	2.2211783	6.4985037	3
CAGAG	2830120	2.1808436	8.352568	4
CTGCC	2443410	2.1769962	6.0136824	9
CCCTG	2434310	2.1688883	9.397687	2
CTGCA	2869740	2.1653492	6.159444	4
GCCTG	2392075	2.14404	8.096084	7
TGCAG	2823950	2.1435773	6.0668163	2
CTCTG	2841320	2.1118739	7.666144	2
TGGAG	2746440	2.097244	6.277228	5
CAGGG	2289260	2.0954993	9.91738	4
AGCTG	2733330	2.0747902	6.5087905	7
GCCAG	2244950	2.0426893	6.0640945	2
GGAGA	2631055	2.039606	5.4527774	6
CTGGC	2266780	2.0317369	5.923505	4
CAGAA	3107990	2.0161674	5.627861	4
CAGGC	2211810	2.0125349	6.5599003	4
CACAG	2593430	1.9865406	6.6033893	7
GGGAG	2143730	1.9740547	5.447413	7
CCCCA	2174860	1.9553902	7.4867544	1
CTGTG	2602345	1.9458504	9.451146	9
CTCAG	2560030	1.931659	6.4417467	2
TTCTG	3081390	1.9106491	5.0753927	2
CTGAG	2510285	1.9054834	6.00124	4
CCAGA	2464625	1.8878773	7.4825754	3
GGCCA	2047480	1.8630106	7.159292	1
CCTCT	2499710	1.8468885	5.747335	1
TGGGG	1996835	1.8113139	6.036849	5
CAGTG	2378445	1.8054075	6.614847	9
TCTGG	2411260	1.8029703	6.436982	3
AGAGG	2320895	1.7991687	5.504155	5
ACCTG	2383225	1.7982515	6.065713	7
CACTG	2355345	1.7772148	7.1411495	7
TGGCC	1950680	1.7484133	6.0932746	5
CCTGA	2274345	1.7160966	5.7529206	3
GCCCA	1882505	1.702688	8.586458	1
GAGAG	2191100	1.6985509	5.3805513	7
ACAGA	2562075	1.6620297	5.5258193	8
GGCCC	1543790	1.6586695	5.2045507	6
TCAGG	2177885	1.6531681	6.052195	3
GGGCC	1487815	1.6081157	5.7323055	6
GGCCT	1790810	1.6051204	5.763115	6
TGGGC	1760925	1.5877997	6.7182975	5
CCTGT	2127900	1.5816087	6.1371827	8
CCAAG	2057705	1.5761808	5.181827	3
AGGTG	2063990	1.5761096	5.416299	7
AGGCC	1719470	1.5645528	5.4629865	5
AGCCT	2044250	1.5424795	5.7733274	6
GTGTG	1980765	1.4899586	6.5955	9
CCATG	1962615	1.4808822	5.1255274	9
ACAGC	1917830	1.469038	5.3353815	8
ACACA	2276325	1.4678594	5.9931173	6
TGTGT	2330760	1.45388	6.1805863	10
AGGCT	1913945	1.4528191	5.463207	6
GCTGT	1939640	1.4503262	5.761641	8
CACAC	1896970	1.4443972	6.4570203	5
GCCCT	1618370	1.4419134	6.4257855	1
CTGTC	1939395	1.441498	6.314621	9
GACAG	1857125	1.4310697	6.839211	7
GGGCT	1585285	1.4294275	6.5887117	6
CCCCT	1578945	1.3984005	5.1321106	1
AGAGC	1777045	1.3693614	5.2813044	5
AGACA	2097585	1.360713	5.4859824	6
AGGGC	1484435	1.3587939	6.2365193	5
GTCCT	1746835	1.2983737	8.787344	1
GGACA	1677335	1.2925265	6.127474	6
AGGAC	1607675	1.2388477	9.0508995	5
ACTGC	1613465	1.2174325	5.163551	8
GTGCT	1604160	1.1994779	5.5459003	1
GTCCA	1574390	1.1879488	6.991946	1
TGTGC	1557730	1.1647608	6.2418327	10
AGCAC	1506590	1.1540323	5.4606357	5
GTCTT	1837965	1.1396501	5.1223865	1
TGGAC	1438755	1.0921165	5.9707904	5
GTGCA	1401135	1.0635601	5.459963	1
ACAGT	1645340	1.051393	5.355664	8
GACTG	1370665	1.0404314	6.402614	7
ACTGT	1652395	1.0401255	6.306273	8
TGCAC	1363055	1.028487	5.1113753	5
GGACC	1113350	1.0130417	5.688336	6
AGACT	1555470	0.9939649	5.6478724	6
GGACT	1246095	0.9458739	5.5617046	6
TGTAG	1435515	0.909026	5.0617905	2
TAGGA	1243830	0.79958963	5.361307	4
GTGTA	1003470	0.63543767	5.3980966	1
>>END_MODULE
