##FastQC	0.10.1
>>Basic Statistics	pass
#Measure	Value	
Filename	019-F5_S6_L001_R1_001.fastq.gz	
File type	Conventional base calls	
Encoding	Sanger / Illumina 1.9	
Total Sequences	21439600	
Filtered Sequences	0	
Sequence length	35-75	
%GC	45	
>>END_MODULE
>>Per base sequence quality	pass
#Base	Mean	Median	Lower Quartile	Upper Quartile	10th Percentile	90th Percentile
1	31.46385538909308	32.0	32.0	32.0	32.0	32.0
2	31.534789408384484	32.0	32.0	32.0	32.0	32.0
3	31.62965913543163	32.0	32.0	32.0	32.0	32.0
4	31.70181472602101	32.0	32.0	32.0	32.0	32.0
5	31.691550122203772	32.0	32.0	32.0	32.0	32.0
6	35.381177493983095	36.0	36.0	36.0	36.0	36.0
7	35.3995530233773	36.0	36.0	36.0	36.0	36.0
8	35.363887619172	36.0	36.0	36.0	36.0	36.0
9	35.43410296833896	36.0	36.0	36.0	36.0	36.0
10	35.36258321050766	36.0	36.0	36.0	36.0	36.0
11	35.420700479486555	36.0	36.0	36.0	36.0	36.0
12	35.37468497546596	36.0	36.0	36.0	36.0	36.0
13	35.400607520662696	36.0	36.0	36.0	36.0	36.0
14	35.37901444056792	36.0	36.0	36.0	36.0	36.0
15	35.35189886938189	36.0	36.0	36.0	36.0	36.0
16	35.36487024011642	36.0	36.0	36.0	36.0	36.0
17	35.3637293606224	36.0	36.0	36.0	36.0	36.0
18	35.36131443683651	36.0	36.0	36.0	36.0	36.0
19	35.35015951790145	36.0	36.0	36.0	36.0	36.0
20	35.34707988955018	36.0	36.0	36.0	36.0	36.0
21	35.33326587249762	36.0	36.0	36.0	36.0	36.0
22	35.32595631448348	36.0	36.0	36.0	36.0	36.0
23	35.308355612977856	36.0	36.0	36.0	36.0	36.0
24	35.31076703856415	36.0	36.0	36.0	36.0	36.0
25	35.29500205227709	36.0	36.0	36.0	36.0	36.0
26	35.25822725237411	36.0	36.0	36.0	36.0	36.0
27	35.24260447956119	36.0	36.0	36.0	36.0	36.0
28	35.23841181738465	36.0	36.0	36.0	36.0	36.0
29	35.22525471557305	36.0	36.0	36.0	36.0	36.0
30	35.200142353402114	36.0	36.0	36.0	36.0	36.0
31	35.18672004141868	36.0	36.0	36.0	36.0	36.0
32	35.17319217709286	36.0	36.0	36.0	36.0	36.0
33	35.16619885632195	36.0	36.0	36.0	36.0	36.0
34	35.15457289315099	36.0	36.0	36.0	36.0	36.0
35	35.138548760238066	36.0	36.0	36.0	36.0	36.0
36	35.14828448587236	36.0	36.0	36.0	36.0	36.0
37	35.13455326791942	36.0	36.0	36.0	36.0	36.0
38	35.111691310001085	36.0	36.0	36.0	36.0	36.0
39	35.10110048421193	36.0	36.0	36.0	36.0	36.0
40	35.10191366524207	36.0	36.0	36.0	36.0	36.0
41	35.08289640525289	36.0	36.0	36.0	36.0	36.0
42	35.075753056796344	36.0	36.0	36.0	36.0	36.0
43	35.05593185184172	36.0	36.0	36.0	36.0	36.0
44	35.04511324763884	36.0	36.0	36.0	36.0	36.0
45	35.027815151077625	36.0	36.0	36.0	36.0	36.0
46	35.022080450678146	36.0	36.0	36.0	36.0	36.0
47	35.02208730857939	36.0	36.0	36.0	36.0	36.0
48	34.99927683484159	36.0	36.0	36.0	36.0	36.0
49	34.982857113514214	36.0	36.0	36.0	36.0	36.0
50	34.97526385424936	36.0	36.0	36.0	36.0	36.0
51	34.95387918711429	36.0	36.0	36.0	36.0	36.0
52	34.938029642639734	36.0	36.0	36.0	36.0	36.0
53	34.92113646344834	36.0	36.0	36.0	36.0	36.0
54	34.906800606901584	36.0	36.0	36.0	36.0	36.0
55	34.88550161954779	36.0	36.0	36.0	36.0	36.0
56	34.87246745350825	36.0	36.0	36.0	36.0	36.0
57	34.867594325294384	36.0	36.0	36.0	36.0	36.0
58	34.851962259724445	36.0	36.0	36.0	36.0	36.0
59	34.82792660510358	36.0	36.0	36.0	36.0	36.0
60	34.80921463291067	36.0	36.0	36.0	36.0	36.0
61	34.7895557812605	36.0	36.0	36.0	36.0	36.0
62	34.77089413446102	36.0	36.0	36.0	36.0	36.0
63	34.753378644799795	36.0	36.0	36.0	36.0	36.0
64	34.737136421630595	36.0	36.0	36.0	36.0	36.0
65	34.710200018659464	36.0	36.0	36.0	36.0	36.0
66	34.68294988071711	36.0	36.0	36.0	32.0	36.0
67	34.666372456811104	36.0	36.0	36.0	32.0	36.0
68	34.63718053038393	36.0	36.0	36.0	32.0	36.0
69	34.62777049123637	36.0	36.0	36.0	32.0	36.0
70	34.60784335017612	36.0	36.0	36.0	32.0	36.0
71	34.5795710806764	36.0	36.0	36.0	32.0	36.0
72	34.56283180606571	36.0	36.0	36.0	32.0	36.0
73	34.522714210387825	36.0	36.0	36.0	32.0	36.0
74	34.491836559936026	36.0	36.0	36.0	32.0	36.0
75	33.86104382256284	36.0	36.0	36.0	32.0	36.0
>>END_MODULE
>>Per sequence quality scores	pass
#Quality	Count
2	14865.0
3	0.0
4	0.0
5	0.0
6	0.0
7	0.0
8	0.0
9	0.0
10	0.0
11	0.0
12	0.0
13	0.0
14	0.0
15	0.0
16	2.0
17	14.0
18	119.0
19	744.0
20	3244.0
21	8463.0
22	16423.0
23	27676.0
24	43798.0
25	68512.0
26	102403.0
27	145283.0
28	199684.0
29	263365.0
30	338962.0
31	438219.0
32	591234.0
33	901276.0
34	2044777.0
35	1.6230537E7
>>END_MODULE
>>Per base sequence content	fail
#Base	G	A	T	C
1	45.07398199315452	18.054214718576407	10.17522323710395	26.696580051165125
2	16.749677417246932	20.49208543302869	34.89516673135047	27.8630704183739
3	18.369870152419622	21.61427434224974	28.85659962655314	31.159255878777497
4	12.908934462900007	14.98580029111212	35.68964563622374	36.415619609764136
5	14.38338443859399	35.51578584285873	34.63758594913776	15.463243769409516
6	34.66917973242322	35.52372046300978	15.947747309224013	13.859352495342986
7	30.47127070649882	30.02717653217181	20.47977722944998	19.02177553187939
8	26.519567219851258	33.88069910783027	20.165014876496723	19.434718795821745
9	24.29187572215012	14.344891547083312	20.54594840963027	40.81728432113629
10	13.798609653488764	26.260581754795425	35.94560883868274	23.995199753033074
11	34.29125741222807	22.68133855770051	24.012328368914954	19.015075661156462
12	21.621034777133506	24.33914858124101	31.975027900027587	22.0647887415979
13	27.893915851291197	20.469943789151674	26.218395692073027	25.417744667484104
14	20.074520578738003	20.748360092652	27.641133223609437	31.535986105000557
15	22.6049275896862	29.870365917986213	23.373566756924298	24.15113973540329
16	22.651011237947923	28.64881377734982	25.773463656251444	22.926711328450814
17	21.49964976438504	28.337321589763025	27.659432353649144	22.503596292202786
18	21.873657071193602	27.91608348132048	28.272872258173166	21.93738718931276
19	22.418535945301173	27.29165320865709	27.769186952010077	22.52062389403166
20	22.44368692949406	27.297675074877247	27.911479690318664	22.347158305310035
21	22.16904174794033	26.96549702607245	27.624461306735782	23.240999919251436
22	22.21264953007484	26.988673505390054	27.878874752390608	22.919802212144496
23	22.10774602346307	27.082057257651027	27.801370705401958	23.008826013483947
24	22.325584695168114	26.74099547947228	28.138162517104664	22.79525730825494
25	22.482475244238962	26.75574637841785	27.696169140177368	23.06560923716582
26	21.94186559570235	27.17636674186052	27.899204174946057	22.982563487491074
27	21.952812612428605	27.160650217496546	27.95088269114333	22.93565447893152
28	22.10362019324905	26.967495671464945	27.84438137596889	23.084502759317115
29	21.949437768009574	27.111814601228645	27.94921615368645	22.989531477075335
30	21.94987525735129	27.218374059354172	27.93838589253084	22.893364790763698
31	22.540539612069516	27.077838613010226	27.64490821986978	22.736713555050482
32	21.84320825783826	27.377025391316103	28.027910046013744	22.751856304831897
33	21.910632733613742	27.18977387584957	28.212493643445296	22.687099747091388
34	22.044540746338747	26.870767684142482	28.31461462929022	22.770076940228552
35	21.8974603532749	27.220514632020986	28.149521391128264	22.73250362357585
36	22.010264578892933	27.512003236187788	28.075549018651262	22.402183166268017
37	22.16168889477909	27.17276594266236	27.71469394999995	22.950851212558604
38	22.079459467742453	27.643665659797982	27.67523775779987	22.601637114659695
39	22.19995101508156	27.356029678877686	27.951317965405803	22.49270134063495
40	22.303453485389877	27.05959788186379	27.90893443501558	22.72801419773075
41	22.28045034482904	27.252080941530554	27.964990441367597	22.502478272272807
42	22.028156154637617	27.548574458596264	27.99815991206908	22.425109474697035
43	22.15831771874838	27.256391274160908	27.90942317888915	22.675867828201568
44	22.008966048995614	27.59641855033949	27.91526818792085	22.479347212744045
45	22.07946838820286	27.503043162582287	27.821335843849592	22.596152605365265
46	22.246448638005027	27.385531946711676	27.683555530840152	22.684463884443144
47	22.225837973974674	27.501929140939694	27.794306704779054	22.477926180306582
48	21.98632882253404	27.50330442711585	27.779291798691197	22.731074951658915
49	22.345488175290676	27.24696141513789	27.75318415540489	22.654366254166543
50	22.15453076776579	27.61864007966517	27.71341555728971	22.513413595279328
51	22.164905253087394	27.55844710544217	27.7754392571887	22.501208384281735
52	22.203736480233104	27.53905061785977	27.633500910397586	22.623711991509545
53	22.062578834508358	27.36498082700271	27.948871439335154	22.623568899153778
54	22.18491916522417	27.746327672345945	27.79500759314844	22.273745569281445
55	22.2159017803973	27.31068025834719	27.755347852869477	22.718070108386033
56	22.346161463674623	27.615422222439694	27.516641487310167	22.52177482657551
57	22.15150269429159	27.51255470375067	27.66951139570189	22.66643120625585
58	22.208714093191002	27.374644353477922	27.580874668295518	22.835766885035557
59	22.140553140195397	27.513922127893515	27.656441923886977	22.68908280802411
60	22.15389505178586	27.496671079736362	27.8553198200997	22.494114048378076
61	22.419028507248708	27.432103331685386	27.59414373866877	22.554724422397136
62	22.331192014814132	27.5880680035055	27.63912476776197	22.441615213918396
63	22.29283419074837	27.744764317126137	27.586517751889232	22.37588374023626
64	22.315655442797794	27.414707789791514	27.504792770148747	22.764843997261945
65	22.211571527816865	27.61312010911931	27.655484610182977	22.519823752880843
66	22.236118092841966	27.83290689790288	27.431864797727854	22.49911021152729
67	22.403473753087365	27.4206194426935	27.48420476078261	22.69170204343652
68	22.361021725910998	27.76846846873046	27.626521701240197	22.243988104118337
69	22.597963905594764	27.59444960449481	27.57523035295376	22.232356136956668
70	22.75238672389626	27.355348499062256	27.44137793177297	22.450886845268514
71	22.476701327060756	27.798701029064414	27.372952191128014	22.35164545274682
72	22.393753733208342	27.911336637066388	27.63922176159261	22.05568786813266
73	23.188796815199737	28.486386838808464	27.61581943266555	20.708996913326253
74	24.2901497836037	30.951184799695547	27.864199430289304	16.89446598641145
75	29.45310192444482	41.27336831813585	29.273529757419332	0.0
>>END_MODULE
>>Per base GC content	fail
#Base	%GC
1	71.77056204431965
2	44.61274783562084
3	49.529126031197116
4	49.32455407266414
5	29.846628208003505
6	48.5285322277662
7	49.49304623837821
8	45.954286015673006
9	65.10916004328642
10	37.79380940652184
11	53.306333073384536
12	43.68582351873141
13	53.311660518775305
14	51.61050668373856
15	46.75606732508949
16	45.577722566398734
17	44.00324605658783
18	43.81104426050636
19	44.93915983933284
20	44.790845234804095
21	45.41004166719176
22	45.13245174221934
23	45.11657203694702
24	45.12084200342306
25	45.548084481404786
26	44.924429083193424
27	44.88846709136013
28	45.18812295256616
29	44.938969245084905
30	44.84324004811499
31	45.277253167119994
32	44.59506456267015
33	44.597732480705126
34	44.814617686567296
35	44.62996397685075
36	44.41244774516095
37	45.11254010733769
38	44.68109658240215
39	44.69265235571651
40	45.03146768312063
41	44.782928617101845
42	44.45326562933465
43	44.834185546949946
44	44.48831326173966
45	44.675620993568124
46	44.93091252244817
47	44.70376415428126
48	44.71740377419295
49	44.99985442945722
50	44.66794436304512
51	44.66611363736913
52	44.82744847174265
53	44.68614773366213
54	44.45866473450562
55	44.93397188878333
56	44.867936290250135
57	44.81793390054744
58	45.04448097822656
59	44.82963594821951
60	44.64800910016394
61	44.97375292964584
62	44.77280722873253
63	44.668717930984634
64	45.08049944005974
65	44.73139528069771
66	44.735228304369265
67	45.09517579652388
68	44.60500983002934
69	44.83032004255143
70	45.20327356916478
71	44.82834677980757
72	44.44944160134101
73	43.89779372852599
74	41.18461577001515
75	29.45310192444482
>>END_MODULE
>>Per sequence GC content	warn
#GC Content	Count
0	14879.0
1	7453.5
2	57.5
3	112.5
4	138.0
5	191.0
6	365.5
7	645.0
8	811.5
9	1044.0
10	1733.0
11	2935.0
12	3704.5
13	4953.5
14	7946.0
15	12344.0
16	15775.5
17	22017.5
18	34722.5
19	50457.5
20	61659.0
21	79357.0
22	112429.0
23	149306.0
24	173582.5
25	203857.5
26	255141.0
27	307146.5
28	341872.5
29	382944.0
30	449334.5
31	515687.5
32	560319.0
33	610753.0
34	693733.0
35	775188.5
36	823800.0
37	867999.0
38	914135.5
39	937702.5
40	952384.0
41	953485.5
42	945414.0
43	935865.5
44	933007.0
45	922759.5
46	897039.0
47	869391.5
48	854658.5
49	834606.0
50	797108.5
51	762704.0
52	744137.5
53	728963.0
54	702116.0
55	673310.5
56	655995.5
57	638830.5
58	603435.0
59	558371.5
60	521116.5
61	480792.0
62	428513.5
63	375334.0
64	333437.5
65	299990.0
66	255318.5
67	209721.0
68	177185.5
69	152621.0
70	123876.5
71	96484.5
72	78251.5
73	65867.5
74	52407.0
75	40463.5
76	32698.5
77	27259.0
78	21274.0
79	16128.0
80	12827.5
81	10593.0
82	8048.0
83	5449.5
84	3863.5
85	3058.5
86	2133.5
87	1306.5
88	975.5
89	805.5
90	549.0
91	356.0
92	277.0
93	402.0
94	421.0
95	241.0
96	171.0
97	122.0
98	61.5
99	87.5
100	127.0
>>END_MODULE
>>Per base N content	pass
#Base	N-Count
1	0.07655926416537621
2	0.0693343159387302
3	0.0693343159387302
4	0.0693343159387302
5	0.0693343159387302
6	0.11468497546596018
7	0.0693343159387302
8	0.0693343159387302
9	0.0693343159387302
10	0.06935297300322767
11	0.06934830873710329
12	0.0694509225918394
13	0.06954420791432675
14	0.06956286497882423
15	0.07170376312990914
16	0.06935763726935204
17	0.07206757588760984
18	0.06939961566447135
19	0.06966547883356033
20	0.06934364447097893
21	0.07029049049422564
22	0.07104143734024888
23	0.0693343159387302
24	0.06944625832571504
25	0.07086419522752291
26	0.07191831937163007
27	0.06946025112408813
28	0.0695675292449486
29	0.06992667773652493
30	0.07038844008283736
31	0.07111140133211441
32	0.06955820071269987
33	0.0693343159387302
34	0.07139592156570085
35	0.071461221291442
36	0.0018580190538453455
37	0.0
38	6.353622443087427E-4
39	0.0019817933023238772
40	0.00296962003875284
41	2.7607771615785546E-4
42	6.695440517378694E-4
43	1.0307419247578073E-4
44	0.0011486988289835937
45	0.0017549405682807254
46	0.0034473038279819812
47	4.419116533983476E-4
48	5.553034990097009E-4
49	0.0
50	7.404647826695774E-4
51	3.7773060866802035E-5
52	1.0872100328119987E-4
53	6.672774700624307E-4
54	1.089777066674551E-4
55	5.408455579452917E-4
56	7.601018365438055E-4
57	6.374897745926548E-4
58	0.0015294085248373562
59	9.543628914313434E-6
60	0.0
61	5.266023216077188E-5
62	0.0
63	0.001003769466523904
64	0.0014191334011374426
65	0.0
66	7.628079559517995E-4
67	4.836856459271129E-6
68	8.724440298073412E-5
69	0.001053963514794442
70	0.0
71	0.0
72	4.920611590687585E-5
73	1.7165547977807572E-4
74	5.239394197229027E-4
75	0.0
>>END_MODULE
>>Sequence Length Distribution	warn
#Length	Count
35	18937.0
36	6564.0
37	8987.0
38	10348.0
39	11557.0
40	12413.0
41	12976.0
42	13969.0
43	15369.0
44	17217.0
45	19261.0
46	20782.0
47	21579.0
48	22819.0
49	23923.0
50	23784.0
51	24049.0
52	24426.0
53	25406.0
54	27128.0
55	28295.0
56	29866.0
57	31439.0
58	32117.0
59	33689.0
60	34072.0
61	33409.0
62	33705.0
63	34180.0
64	36470.0
65	37918.0
66	38361.0
67	42889.0
68	42748.0
69	52953.0
70	65945.0
71	147373.0
72	515561.0
73	1484387.0
74	4546652.0
75	1.3776077E7
>>END_MODULE
>>Sequence Duplication Levels	warn
#Total Duplicate Percentage	41.902857872658146
#Duplication Level	Relative count
1	100.0
2	28.94743517117178
3	13.395280410575532
4	7.441258782646927
5	4.559789639224506
6	2.9262807234110912
7	2.057105171932732
8	1.5016106803750644
9	1.0983064604770318
10++	7.173234804224125
>>END_MODULE
>>Overrepresented sequences	pass
>>END_MODULE
>>Kmer Content	warn
#Sequence	Count	Obs/Exp Overall	Obs/Exp Max	Max Obs/Exp Position
AAAAA	7879150	3.664322	8.010663	71
TTTTT	7889955	3.4094334	6.180866	71
CCTGG	3392225	3.071517	12.517545	3
CCAGG	3232960	2.9706392	14.244792	3
CCCAG	3037210	2.7740688	12.667914	2
CTGGG	2972865	2.708012	10.860543	4
CAGCA	3418585	2.6415482	6.8083653	4
CCAGC	2889345	2.639015	7.0389705	3
GGAGG	2768790	2.5748615	5.73773	6
CCTCC	2874630	2.5717924	5.1654406	1
TGCTG	3383785	2.5542269	6.1995287	2
GCTGG	2762820	2.51668	6.133869	3
TCCAG	3262560	2.4842162	9.658387	2
AGCAG	3075190	2.3905141	5.713437	7
AGGAG	3046780	2.3826902	7.532179	5
CAGCC	2577945	2.354594	5.834839	5
CAGGA	3026505	2.3526683	10.36654	4
GCTGC	2597335	2.3517776	6.008183	8
CTGCT	3130340	2.348773	6.797438	9
AGAAG	3565525	2.3448367	5.085665	5
CTCCA	3093375	2.341296	7.230018	1
CTCCT	3108300	2.318277	6.3916817	1
CTGGA	3014605	2.3092365	8.532648	4
GGCTG	2505815	2.2825716	9.12848	7
GGCAG	2438515	2.2541466	6.599078	7
TCCTG	2996490	2.248342	8.797215	2
CCTGC	2487785	2.2391024	6.2469096	3
GCAGG	2397065	2.2158303	6.462075	3
CAGAG	2810870	2.1850433	8.416439	4
CTGCC	2421435	2.1793847	5.9738	9
CCCTG	2409105	2.1682873	9.258554	2
CTGCA	2835295	2.1588829	6.181102	4
GCCTG	2370835	2.146691	8.06227	7
TGCAG	2797715	2.1430953	6.06355	2
CTCTG	2820315	2.1161535	7.737852	2
CAGGG	2272260	2.1004615	9.892946	4
TGGAG	2719930	2.0960562	6.2587204	5
AGCTG	2706800	2.0734527	6.431919	7
GCCAG	2224235	2.0437615	6.105002	2
GGAGA	2607155	2.0388877	5.4196987	6
CTGGC	2242090	2.030118	5.902839	4
CAGGC	2193380	2.0154102	6.6167445	4
CAGAA	3082740	2.015203	5.637372	4
CACAG	2578145	1.9921384	6.5123143	7
GGGAG	2126075	1.9771628	5.4970417	7
CCCCA	2153970	1.9555769	7.523671	1
CTGTG	2574060	1.9430115	9.443335	9
CTCAG	2526110	1.9234599	6.457967	2
TTCTG	3058820	1.9133389	5.0764604	2
CTGAG	2488605	1.9063119	6.0191774	4
CCAGA	2443045	1.8877465	7.4870453	3
GGCCA	2023900	1.8596817	7.131527	1
CCTCT	2478030	1.8481998	5.847161	1
TGGGG	1982335	1.8166014	6.0499263	5
CAGTG	2368560	1.8143555	6.567668	9
TCTGG	2388895	1.8032409	6.4711003	3
AGAGG	2301980	1.8002303	5.4153314	5
ACCTG	2360730	1.7975342	5.9358196	7
CACTG	2334575	1.7776189	7.111563	7
TGGCC	1930735	1.7481992	6.063665	5
CCTGA	2259575	1.7205118	5.695127	3
GCCCA	1864600	1.7030526	8.629272	1
GAGAG	2160985	1.689967	5.413148	7
ACAGA	2548550	1.6660004	5.550689	8
GGCCC	1525950	1.6573724	5.287551	6
TCAGG	2152260	1.6486661	6.0191774	3
GGGCC	1468360	1.6044253	5.713643	6
GGCCT	1768495	1.6012976	5.691776	6
TGGGC	1740205	1.5851699	6.653581	5
CCAAG	2046030	1.580972	5.197547	3
CCTGT	2106850	1.5808226	6.12928	8
AGGTG	2044000	1.5751649	5.466975	7
AGGCC	1700450	1.5624764	5.477829	5
AGCCT	2027115	1.5435092	5.724355	6
GTGTG	1948350	1.479554	6.6173196	9
CCATG	1942365	1.478978	5.1125226	9
ACAGC	1902425	1.470008	5.3003097	8
ACACA	2260295	1.468723	5.986384	6
AGGCT	1902180	1.4571009	5.44768	6
GCTGT	1922175	1.4509406	5.7101727	8
CCTTG	1931690	1.4493957	5.022155	2
TGTGT	2299290	1.4469011	6.225461	10
CACAC	1880390	1.444285	6.423741	5
CTGTC	1922790	1.4427178	6.308561	9
GCCCT	1598155	1.438401	6.30197	1
GACAG	1840805	1.4309589	6.8665905	7
GGGCT	1568265	1.428548	6.481616	6
CCCCT	1557960	1.3938314	5.1111393	1
AGAGC	1762130	1.3698004	5.3289385	5
AGACA	2079335	1.3592721	5.5687118	6
AGGGC	1464480	1.3537552	6.1298265	5
GTCCT	1727620	1.2962768	8.746734	1
GGACA	1657750	1.28866	6.169308	6
TGTCC	1675115	1.256881	5.016236	10
AGGAC	1588115	1.2345289	9.036816	5
ACTGC	1600035	1.218317	5.042401	8
GTGCT	1595875	1.2046353	5.5425773	1
GTCCA	1560920	1.1885337	6.9072843	1
TGTGC	1546935	1.1676933	6.263356	10
AGCAC	1488520	1.1501827	5.472578	5
GTCTT	1816820	1.1364489	5.1868854	1
TGGAC	1421755	1.0890876	5.8908715	5
GTGCA	1383685	1.0599252	5.555413	1
ACAGT	1634380	1.0528188	5.2830133	8
GACTG	1359945	1.04174	6.307411	7
ACTGT	1635985	1.0384811	6.324948	8
TGCAC	1355135	1.0318425	5.132363	5
GGACC	1102865	1.0133791	5.6150646	6
AGACT	1542805	0.9938291	5.6362944	6
GGACT	1233300	0.94472784	5.456234	6
TGTAG	1420365	0.90703994	5.084571	2
TAGGA	1230555	0.7974599	5.348208	4
GTGTA	988045	0.63096195	5.389136	1
>>END_MODULE
