##FastQC	0.10.1
>>Basic Statistics	pass
#Measure	Value	
Filename	019-F5_S6_L001_R2_001_trimmed.fq.gz	
File type	Conventional base calls	
Encoding	Sanger / Illumina 1.9	
Total Sequences	21193404	
Filtered Sequences	0	
Sequence length	20-50	
%GC	44	
>>END_MODULE
>>Per base sequence quality	pass
#Base	Mean	Median	Lower Quartile	Upper Quartile	10th Percentile	90th Percentile
1	35.066786439780984	36.0	36.0	36.0	36.0	36.0
2	35.06029210786526	36.0	36.0	36.0	36.0	36.0
3	35.04351141515539	36.0	36.0	36.0	36.0	36.0
4	35.03531188288583	36.0	36.0	36.0	36.0	36.0
5	35.021455165956354	36.0	36.0	36.0	36.0	36.0
6	35.005602828125205	36.0	36.0	36.0	36.0	36.0
7	34.99345456727952	36.0	36.0	36.0	36.0	36.0
8	34.98540050479857	36.0	36.0	36.0	36.0	36.0
9	34.96855271574118	36.0	36.0	36.0	36.0	36.0
10	34.95662636356104	36.0	36.0	36.0	36.0	36.0
11	34.94399229118645	36.0	36.0	36.0	36.0	36.0
12	34.92951066284586	36.0	36.0	36.0	36.0	36.0
13	34.924962266561806	36.0	36.0	36.0	36.0	36.0
14	34.915110569307316	36.0	36.0	36.0	36.0	36.0
15	34.90729228773254	36.0	36.0	36.0	36.0	36.0
16	34.882550155699384	36.0	36.0	36.0	36.0	36.0
17	34.87125362211752	36.0	36.0	36.0	36.0	36.0
18	34.8559559851735	36.0	36.0	36.0	36.0	36.0
19	34.83324722163556	36.0	36.0	36.0	36.0	36.0
20	34.83620125393731	36.0	36.0	36.0	36.0	36.0
21	34.826203556387505	36.0	36.0	36.0	36.0	36.0
22	34.81605823192229	36.0	36.0	36.0	36.0	36.0
23	34.80927210521449	36.0	36.0	36.0	36.0	36.0
24	34.791824660176665	36.0	36.0	36.0	36.0	36.0
25	34.78338727138041	36.0	36.0	36.0	36.0	36.0
26	34.76599395922268	36.0	36.0	36.0	36.0	36.0
27	34.75853929100545	36.0	36.0	36.0	36.0	36.0
28	34.74511392143457	36.0	36.0	36.0	36.0	36.0
29	34.736883888053214	36.0	36.0	36.0	36.0	36.0
30	34.718611789823726	36.0	36.0	36.0	36.0	36.0
31	34.70303373842969	36.0	36.0	36.0	36.0	36.0
32	34.689448866953605	36.0	36.0	36.0	36.0	36.0
33	34.66259675230454	36.0	36.0	36.0	36.0	36.0
34	34.64836865131714	36.0	36.0	36.0	32.0	36.0
35	34.6116937423694	36.0	36.0	36.0	32.0	36.0
36	34.60793793717563	36.0	36.0	36.0	32.0	36.0
37	34.60078913952072	36.0	36.0	36.0	32.0	36.0
38	34.582257728237046	36.0	36.0	36.0	32.0	36.0
39	34.563285721244064	36.0	36.0	36.0	32.0	36.0
40	34.55644186947815	36.0	36.0	36.0	32.0	36.0
41	34.53155858055916	36.0	36.0	36.0	32.0	36.0
42	34.51432355161738	36.0	36.0	36.0	32.0	36.0
43	34.49943298380266	36.0	36.0	36.0	32.0	36.0
44	34.47743729350244	36.0	36.0	36.0	32.0	36.0
45	34.4754709137923	36.0	36.0	36.0	32.0	36.0
46	34.465534665803645	36.0	36.0	36.0	32.0	36.0
47	34.47244877688325	36.0	36.0	36.0	32.0	36.0
48	34.50083014671732	36.0	36.0	36.0	32.0	36.0
49	34.56982656753923	36.0	36.0	36.0	32.0	36.0
50	34.693718475014734	36.0	36.0	36.0	32.0	36.0
>>END_MODULE
>>Per sequence quality scores	pass
#Quality	Count
2	1.0
3	1.0
4	1.0
5	3.0
6	9.0
7	10.0
8	35.0
9	68.0
10	103.0
11	63.0
12	89.0
13	119.0
14	1949.0
15	3304.0
16	5273.0
17	8418.0
18	12793.0
19	19416.0
20	28271.0
21	39645.0
22	53317.0
23	69935.0
24	91684.0
25	117851.0
26	152044.0
27	191323.0
28	240520.0
29	296556.0
30	367353.0
31	466138.0
32	616261.0
33	899033.0
34	1720536.0
35	8612359.0
36	7178923.0
>>END_MODULE
>>Per base sequence content	pass
#Base	G	A	T	C
1	22.229426381905387	26.972798522229247	27.6504042395502	23.14737085631517
2	22.303630690381695	27.000680096492257	27.890647203377444	22.8050420097486
3	22.170694431808787	27.095498954522583	27.81129425159181	22.922512362076823
4	22.39649891540744	26.728470590011742	28.176567987697414	22.6984625068834
5	22.51599891020651	26.796481820464734	27.69288132131893	22.99463794800983
6	22.00568622675758	27.20880407706545	27.90254054035434	22.88296915582263
7	22.01489482548472	27.257612740671576	27.914356853239617	22.813135580604083
8	22.149454281339562	27.044788681245336	27.812361267565226	22.993395769849876
9	21.984513882278947	27.213231678148187	27.949086772460458	22.853167667112412
10	22.03927087148632	27.29528757280899	27.884266651516366	22.781174904188326
11	22.583998257059967	27.19565450356952	27.602779360807794	22.61756787856272
12	21.892174714667455	27.474154581940418	27.989283950123266	22.644386753268865
13	21.973346565708777	27.307468607004015	28.17951908003533	22.539665747251878
14	22.099120959400885	26.97652247331803	28.295128199574666	22.629228367706418
15	21.93553072387387	27.344780020917405	28.09990258553211	22.619786669676618
16	22.06536315593445	27.592262250666494	28.057983808584495	22.284390784814555
17	22.216338312577452	27.265522412449933	27.664366232069526	22.853773042903093
18	22.157468346807523	27.76586607468038	27.590485511222706	22.48618006728939
19	22.285702852230234	27.475753615079235	27.872329672216235	22.366213860474296
20	22.383082193490612	27.163373978190354	27.85476612333268	22.598777704986357
21	22.33169132048279	27.35401398295319	27.91329714800785	22.400997548556173
22	22.073200613426703	27.649740353240688	27.963019376299066	22.314039657033547
23	22.197072236703356	27.37777824503837	27.860081152745764	22.565068365512513
24	22.03696660481715	27.739510717229482	27.852363839033707	22.371158838919666
25	22.102641794448346	27.65723802035318	27.775374046376346	22.46474613882213
26	22.276538573602252	27.495215329542678	27.6604842815274	22.56776181532767
27	22.2686891192102	27.60468821623496	27.75672491145792	22.36989775309692
28	22.023167079785587	27.62447799933157	27.725609892732113	22.62674502815073
29	22.380523270023307	27.371710516266408	27.728994122157697	22.518772091552588
30	22.168823954657675	27.766311349488305	27.646421024967854	22.41844367088617
31	22.17574740514984	27.72036185678009	27.719092852604543	22.384797885465527
32	22.22975543692701	27.703508212171464	27.593623379209507	22.473112971692014
33	22.06583961325762	27.531912498811124	27.91922582702738	22.483022060903878
34	22.210396325610954	27.890370134997205	27.730799969187515	22.168433570204325
35	22.233233573545334	27.467583535718166	27.699717506984182	22.59946538375232
36	22.341176033943068	27.76913429444014	27.50372936477759	22.385960306839202
37	22.164337303193644	27.689843445856827	27.62275642205122	22.52306282889831
38	22.20946780301652	27.57081201464348	27.546377096388376	22.67334308595162
39	22.13256428947794	27.686288603027148	27.60257977595127	22.578567331543642
40	22.143579525831658	27.656243543937087	27.837612622972163	22.36256430725909
41	22.41192195133005	27.582510566982567	27.605215148004174	22.400352333683205
42	22.3300390367679	27.739292409856876	27.64580905655366	22.284859496821564
43	22.292995194646412	27.89918211501859	27.54980498893386	22.258017701401137
44	22.322905730688134	27.576873320335988	27.46203368396	22.638187265015876
45	22.20204844598811	27.79821188035203	27.616826403735413	22.382913269924448
46	22.200482803883403	28.038598447252504	27.42086871216911	22.34005003669498
47	22.345513912763433	27.73211236386785	27.45324041623565	22.469133307133067
48	22.30525986208684	28.156514382263214	27.66820315703512	21.87002259861482
49	22.5123769654104	28.351704031600676	27.750814147304897	21.385104855684027
50	22.549687812230722	28.10362781582516	27.733923466628756	21.612760905315362
>>END_MODULE
>>Per base GC content	pass
#Base	%GC
1	45.376797238220554
2	45.1086727001303
3	45.09320679388561
4	45.094961422290844
5	45.51063685821634
6	44.88865538258021
7	44.8280304060888
8	45.142850051189434
9	44.837681549391355
10	44.82044577567464
11	45.201566135622684
12	44.53656146793632
13	44.513012312960655
14	44.7283493271073
15	44.55531739355049
16	44.349753940749004
17	45.07011135548054
18	44.643648414096916
19	44.65191671270453
20	44.98185989847697
21	44.73268886903896
22	44.38724027046025
23	44.762140602215865
24	44.408125443736814
25	44.567387933270474
26	44.84430038892992
27	44.63858687230712
28	44.649912107936316
29	44.899295361575895
30	44.587267625543845
31	44.560545290615366
32	44.702868408619025
33	44.5488616741615
34	44.37882989581528
35	44.83269895729765
36	44.727136340782266
37	44.68740013209195
38	44.88281088896814
39	44.71113162102158
40	44.506143833090746
41	44.81227428501326
42	44.61489853358947
43	44.551012896047546
44	44.961092995704014
45	44.584961715912556
46	44.540532840578386
47	44.8146472198965
48	44.175282460701666
49	43.89748182109442
50	44.162448717546084
>>END_MODULE
>>Per sequence GC content	pass
#GC Content	Count
0	11605.0
1	9195.5
2	6234.0
3	6327.5
4	7059.0
5	8000.0
6	9059.0
7	10480.0
8	11921.5
9	14719.0
10	17876.0
11	22836.0
12	27869.5
13	35993.0
14	45512.0
15	60555.5
16	76789.0
17	99822.0
18	124523.5
19	156201.5
20	188391.0
21	227137.5
22	267392.5
23	315401.5
24	366023.0
25	413426.0
26	467539.5
27	531088.5
28	598622.5
29	671917.0
30	746957.5
31	824850.0
32	905693.0
33	987671.0
34	1070086.0
35	1140316.5
36	1203599.0
37	1247468.5
38	1281598.5
39	1303500.5
40	1323282.0
41	1332626.0
42	1338873.0
43	1332373.5
44	1319471.5
45	1292747.0
46	1266184.0
47	1236209.0
48	1204238.0
49	1171087.0
50	1138804.0
51	1109818.0
52	1077486.5
53	1044182.0
54	1012165.5
55	976686.5
56	937279.5
57	892459.5
58	845991.0
59	789763.0
60	731988.5
61	669579.5
62	606402.5
63	553555.0
64	492157.0
65	434849.0
66	379753.5
67	330106.5
68	281473.5
69	237226.0
70	198604.0
71	166735.5
72	138615.5
73	114480.0
74	91975.0
75	75539.0
76	63396.5
77	52107.5
78	41847.0
79	33950.5
80	26772.0
81	21538.5
82	17265.5
83	13906.5
84	10797.5
85	8583.0
86	6635.5
87	5125.0
88	4093.5
89	3256.5
90	2477.0
91	2064.0
92	1726.0
93	1511.5
94	1315.5
95	1228.0
96	1161.0
97	1265.5
98	2210.5
99	8012.5
100	12975.0
>>END_MODULE
>>Per base N content	pass
#Base	N-Count
1	0.0018920981263793207
2	0.003883283685810925
3	0.005530022454156019
4	0.005256352400963998
5	0.001877942778800423
6	0.007054081543484001
7	0.0031849532052519738
8	0.00722866416362374
9	0.012659599184727473
10	0.006181168442785312
11	0.007667479938569566
12	0.007738256676464055
13	0.004425905343002003
14	0.005166701866297647
15	0.006983304805589513
16	0.007346625393447886
17	0.00896977191582815
18	0.02182282751746723
19	0.011857462821923275
20	0.00923400507063424
21	0.02195545857196747
22	0.026151777729751406
23	0.020009271688551943
24	0.018048499689425474
25	0.017440561933576335
26	0.012415616468868436
27	0.01571200415204346
28	0.027806873683773027
29	0.006061921140229228
30	0.005990093637640926
31	0.007905510428067348
32	0.01407782162234447
33	0.0171063355283741
34	0.012342728890708313
35	0.017521298167594377
36	0.010823989749681708
37	0.016378075107054177
38	0.023032222117549905
39	0.011997247049858478
40	0.012135925286352541
41	0.006284998762778215
42	0.00986644167588881
43	0.005249786202579674
44	0.010306702018013808
45	0.009306420309474917
46	0.011060901866946924
47	0.0066252511988482265
48	0.014424671562592525
49	0.007483157035602783
50	0.008725616516345548
>>END_MODULE
>>Sequence Length Distribution	warn
#Length	Count
20	23270.0
21	24344.0
22	25581.0
23	27043.0
24	27331.0
25	27814.0
26	28607.0
27	28990.0
28	29970.0
29	32584.0
30	33703.0
31	35771.0
32	37393.0
33	37639.0
34	38599.0
35	39993.0
36	39109.0
37	41065.0
38	43212.0
39	45551.0
40	48504.0
41	54568.0
42	60029.0
43	74964.0
44	118898.0
45	215707.0
46	557674.0
47	1197503.0
48	2415879.0
49	3267234.0
50	1.2514875E7
>>END_MODULE
>>Sequence Duplication Levels	warn
#Total Duplicate Percentage	38.93714819457759
#Duplication Level	Relative count
1	100.0
2	25.528334849570488
3	11.724404440830522
4	6.285272640909421
5	3.959391680285965
6	2.624566262247305
7	1.7099934788384281
8	1.3533422965759876
9	0.9813945624783634
10++	6.849634895460144
>>END_MODULE
>>Overrepresented sequences	pass
>>END_MODULE
>>Kmer Content	warn
#Sequence	Count	Obs/Exp Overall	Obs/Exp Max	Max Obs/Exp Position
AAAAA	6984865	4.7066264	6.111636	46
TTTTT	5368355	3.443099	4.12304	13
>>END_MODULE
