##FastQC	0.10.1
>>Basic Statistics	pass
#Measure	Value	
Filename	006-F0_S6_L002_R1_001.fastq.gz	
File type	Conventional base calls	
Encoding	Sanger / Illumina 1.9	
Total Sequences	22342017	
Filtered Sequences	0	
Sequence length	35-76	
%GC	46	
>>END_MODULE
>>Per base sequence quality	pass
#Base	Mean	Median	Lower Quartile	Upper Quartile	10th Percentile	90th Percentile
1	31.36429266883111	32.0	32.0	32.0	32.0	32.0
2	31.395884086920173	32.0	32.0	32.0	32.0	32.0
3	31.49627824560334	32.0	32.0	32.0	32.0	32.0
4	31.58294181765236	32.0	32.0	32.0	32.0	32.0
5	31.548962611567255	32.0	32.0	32.0	32.0	32.0
6	35.17215097455167	36.0	36.0	36.0	36.0	36.0
7	35.1716393824246	36.0	36.0	36.0	36.0	36.0
8	35.103916893447895	36.0	36.0	36.0	36.0	36.0
9	35.24167115260901	36.0	36.0	36.0	36.0	36.0
10-14	35.17171517683475	36.0	36.0	36.0	36.0	36.0
15-19	35.12114041449347	36.0	36.0	36.0	36.0	36.0
20-24	35.07765386625568	36.0	36.0	36.0	36.0	36.0
25-29	34.97038726628845	36.0	36.0	36.0	36.0	36.0
30-34	34.87372876853509	36.0	36.0	36.0	36.0	36.0
35-39	34.84400311007026	36.0	36.0	36.0	36.0	36.0
40-44	34.79831193791566	36.0	36.0	36.0	36.0	36.0
45-49	34.71115705311843	36.0	36.0	36.0	34.4	36.0
50-54	34.59014225768006	36.0	36.0	36.0	32.0	36.0
55-59	34.449793059121035	36.0	36.0	36.0	32.0	36.0
60-64	34.29396315132426	36.0	36.0	36.0	32.0	36.0
65-69	34.14573467256728	36.0	36.0	36.0	32.0	36.0
70-74	34.025200207991595	36.0	36.0	36.0	32.0	36.0
75-76	33.364190228011466	36.0	34.0	36.0	23.0	36.0
>>END_MODULE
>>Per sequence quality scores	pass
#Quality	Count
2	40992.0
3	0.0
4	0.0
5	0.0
6	0.0
7	0.0
8	0.0
9	0.0
10	0.0
11	0.0
12	0.0
13	0.0
14	0.0
15	0.0
16	1.0
17	15.0
18	163.0
19	1144.0
20	4261.0
21	10130.0
22	18976.0
23	31867.0
24	53112.0
25	87551.0
26	135064.0
27	197965.0
28	274984.0
29	367985.0
30	478516.0
31	625759.0
32	859452.0
33	1347989.0
34	3122534.0
35	1.4683557E7
>>END_MODULE
>>Per base sequence content	fail
#Base	G	A	T	C
1	42.39468068045841	19.0942667487577	11.942168436894761	26.56888413388913
2	15.884516308425189	19.65579689430335	37.349315742029546	27.110371055241917
3	19.045657147266933	21.791719760274653	27.784010427145915	31.3786126653125
4	13.077684616890586	15.304458111814528	35.40561875212042	36.21223851917446
5	14.948344302560084	34.97386330897347	33.973555027179245	16.104237361287204
6	34.52008596017448	34.86979185934278	16.351095969804078	14.259026210678657
7	30.33920189767062	29.064215658248894	20.706048264597705	19.89053417948278
8	26.00340962487445	35.192509640941005	19.87033578379289	18.933744950391656
9	24.547101189327407	15.756319176245306	20.480370214655768	39.216209419771516
10-14	24.14628296667451	22.988507777857308	28.24650381134698	24.618705444121208
15-19	22.664261925877277	28.009059426620453	26.03731732513327	23.289361322368997
20-24	22.776742481492555	26.657672216299584	27.325653558581664	23.2399317436262
25-29	22.698676481578474	26.725519163806567	27.176794265919096	23.399010088695864
30-34	22.705183664004938	26.730592509388725	27.32463056866679	23.239593257939546
35-39	22.783715457765457	26.938394758091317	27.136176307939618	23.141713476203606
40-44	22.844160582340926	26.835344732439708	27.18892191446497	23.1315727707544
45-49	22.86005492860881	26.936205906353706	26.999309738256184	23.2044294267813
50-54	22.845100759895516	27.015227435720963	27.024239144908652	23.115432659474866
55-59	22.91118411032344	26.932291471803833	26.890545896006984	23.265978521865748
60-64	22.975762715467248	26.98277426297374	26.912628827434055	23.128834194124952
65-69	23.028685132440597	27.08953156817789	26.847936576409754	23.033846722971763
70-74	23.29838774135397	27.297585972093547	26.814322643524523	22.58970364302796
75-76	27.506195273684327	34.626428708475494	27.744477831092794	10.12289818674739
>>END_MODULE
>>Per base GC content	fail
#Base	%GC
1	68.96356481434755
2	42.994887363667104
3	50.42426981257944
4	49.28992313606505
5	31.05258166384729
6	48.77911217085313
7	50.22973607715341
8	44.937154575266106
9	63.76331060909892
10-14	48.764988410795716
15-19	45.953623248246274
20-24	46.016674225118756
25-29	46.09768657027434
30-34	45.94477692194449
35-39	45.925428933969066
40-44	45.97573335309533
45-49	46.064484355390114
50-54	45.96053341937038
55-59	46.17716263218918
60-64	46.104596909592196
65-69	46.06253185541236
70-74	45.88809138438193
75-76	37.62909346043172
>>END_MODULE
>>Per sequence GC content	warn
#GC Content	Count
0	40999.0
1	20506.0
2	27.0
3	53.0
4	65.5
5	122.0
6	232.0
7	403.5
8	539.0
9	747.0
10	1230.0
11	2083.5
12	2684.0
13	3646.0
14	5946.5
15	9681.0
16	15610.0
17	20348.5
18	27609.0
19	41928.5
20	60041.5
21	73161.5
22	92323.0
23	126719.0
24	162923.5
25	187040.0
26	218558.0
27	269644.5
28	320706.0
29	356107.5
30	399367.5
31	465935.5
32	531489.5
33	577237.0
34	635095.0
35	720556.5
36	794539.5
37	841072.5
38	877581.5
39	917506.5
40	935263.0
41	939772.0
42	950617.5
43	959185.0
44	956724.0
45	946226.0
46	940557.5
47	931860.0
48	912439.5
49	890271.5
50	875487.5
51	859134.5
52	834477.0
53	811149.5
54	798697.0
55	784834.5
56	760925.5
57	735954.0
58	712801.0
59	673700.0
60	618457.0
61	559882.5
62	512865.5
63	465278.0
64	402977.5
65	345492.0
66	288409.5
67	247546.5
68	215113.0
69	175667.0
70	137884.5
71	111648.5
72	92956.5
73	73704.5
74	56751.5
75	45495.0
76	38050.0
77	30345.5
78	22799.5
79	17979.0
80	15404.5
81	12034.5
82	8281.0
83	6027.5
84	4834.5
85	3597.0
86	2420.0
87	1832.5
88	1541.5
89	1137.0
90	771.5
91	525.0
92	399.5
93	341.0
94	265.0
95	203.0
96	166.5
97	122.5
98	74.0
99	73.0
100	77.0
>>END_MODULE
>>Per base N content	pass
#Base	N-Count
1	0.22241501293280727
2	0.18350178499998457
3	0.1834928332567288
4	0.1837390061962624
5	0.18347492977021726
6	0.18347492977021726
7	0.18347492977021726
8	0.18364501289207685
9	0.18355101958789127
10-14	0.1835268498811007
15-19	0.1843146032876083
20-24	0.1842027064969112
25-29	0.18563050954620613
30-34	0.18616940449020336
35-39	0.040964036306160904
40-44	0.004256363783807754
45-49	0.002864831710935342
50-54	0.004548551804766635
55-59	9.764459831156698E-4
60-64	8.210619649586682E-4
65-69	0.0012357228620932612
70-74	0.0025317764127178975
75-76	0.010182627658561585
>>END_MODULE
>>Sequence Length Distribution	warn
#Length	Count
35	54261.0
36	19742.0
37	25841.0
38	28360.0
39	31100.0
40	31074.0
41	32428.0
42	33910.0
43	36813.0
44	39033.0
45	42087.0
46	44070.0
47	46610.0
48	48455.0
49	50350.0
50	49798.0
51	50171.0
52	50630.0
53	52304.0
54	54367.0
55	55806.0
56	58323.0
57	61039.0
58	62025.0
59	62682.0
60	63578.0
61	62285.0
62	63239.0
63	62885.0
64	65676.0
65	67385.0
66	68562.0
67	71317.0
68	71646.0
69	77875.0
70	81116.0
71	97850.0
72	182560.0
73	554546.0
74	1488071.0
75	4691270.0
76	1.3450877E7
>>END_MODULE
>>Sequence Duplication Levels	warn
#Total Duplicate Percentage	34.954289335488276
#Duplication Level	Relative count
1	100.0
2	23.29599951664917
3	9.788609535605586
4	5.140133978808087
5	3.024718863521362
6	1.9016834203113082
7	1.2786139914960464
8	0.8941990348088121
9	0.6585655053659495
10++	5.064610411678965
>>END_MODULE
>>Overrepresented sequences	warn
#Sequence	Count	Percentage	Possible Source
NNNNNNNNNNNNNNNNNNNNNNNNNNNNNNNNNNN	40992	0.18347492977021726	No Hit
>>END_MODULE
>>Kmer Content	warn
#Sequence	Count	Obs/Exp Overall	Obs/Exp Max	Max Obs/Exp Position
AAAAA	7324495	3.501745	6.673856	72
TTTTT	6944175	3.2141643	5.6708975	72
CCTGG	3714575	3.0322206	11.654765	3
CCAGG	3575300	2.9374878	12.667451	3
CCCAG	3400345	2.7877066	10.875837	2
CTGGG	3322310	2.7178867	9.639244	4
CCAGC	3146285	2.5794206	6.6400423	3
CAGCA	3580805	2.5667603	7.0788136	4
GGAGG	3080705	2.5421002	5.7237873	6
TGCTG	3525465	2.4999812	6.5996323	2
GCTGG	3025680	2.4752219	5.730277	3
TCCAG	3422720	2.4376097	9.824683	2
AGGAG	3281545	2.3624465	7.1635575	5
CAGGA	3277355	2.3543313	10.213779	4
CAGCC	2838090	2.3267527	5.252359	9
CTCCA	3272785	2.3257914	7.2627387	1
CTCCT	3278550	2.3148518	6.7229342	1
AGCAG	3188780	2.2907026	5.0978527	7
CTGGA	3209215	2.2905042	8.720392	4
GGCTG	2786755	2.2797642	7.990786	7
TCCTG	3221380	2.279412	9.348039	2
CTGCT	3206050	2.2685647	6.4917006	9
CAGAG	3119400	2.2408624	7.4338827	4
GGCAG	2705450	2.2276275	5.749381	7
CCTGC	2729745	2.2234855	6.262892	3
GCAGG	2689675	2.2146385	6.4528456	3
CTGCA	3081985	2.194943	6.420439	4
CCCTG	2693445	2.1939175	8.567417	2
GCTGC	2674215	2.182971	5.4341965	8
CTCTG	3074600	2.1755521	7.0922804	2
TGCAG	3046345	2.1742592	6.593888	2
CTGCC	2662250	2.168508	5.566986	9
CAGGG	2596235	2.1377013	9.033764	4
TGGAG	2979240	2.1309693	6.3660693	5
CACAG	2972010	2.1303694	7.1922264	7
GCCTG	2607580	2.1285765	6.7469115	7
CTGTG	2929100	2.0770862	9.162208	9
AGCTG	2887825	2.0611193	5.6966696	7
CAGGC	2466140	2.026195	5.936125	4
GGAGA	2797155	2.013725	5.5092154	6
GCCAG	2434005	1.9997928	5.0852337	2
CTGGC	2436920	1.9892665	5.1100144	4
CTCAG	2775175	1.9764378	5.9403324	2
CCCCA	2399990	1.9633334	6.41272	1
CTGAG	2747125	1.9606979	5.5411134	4
CAGAA	3106545	1.9469861	5.407778	4
CAGTG	2629160	1.8765029	6.3737593	9
TTCTG	3050960	1.875366	5.1160994	2
CCAGA	2601080	1.8644826	6.667443	3
CACTG	2609740	1.8586173	7.542578	7
CCTCT	2626545	1.8544974	5.163707	1
TCCCA	2608910	1.8540113	5.170921	2
GGCCA	2241260	1.8414323	5.7024217	1
TGGGG	2245005	1.8405515	5.4156585	5
TCTGG	2548020	1.8068545	5.9880896	3
ACCTG	2522715	1.7966394	5.094306	7
TGGCC	2153300	1.7577463	5.130819	5
GAGAG	2396830	1.7255235	5.419696	7
ACAGA	2738540	1.7163438	5.7687583	8
CCTGA	2400605	1.7096745	5.4099784	3
ACACA	2708630	1.6939297	6.581334	6
GCCCA	2063015	1.6913226	6.486192	1
CACAC	2324635	1.662723	6.753962	5
TCAGG	2322365	1.6575352	5.6682487	3
GTGTG	2316795	1.6464459	6.4289975	9
CCTGT	2305015	1.6310024	5.4907327	8
AGGTG	2274565	1.6269345	5.0127125	7
TGTGT	2631940	1.621306	6.2916536	10
TGGGC	1964440	1.607052	5.833712	5
ACAGC	2121865	1.520976	5.691738	8
GCTGT	2109410	1.495827	5.3777885	8
CTGTC	2079315	1.4712996	5.9363494	9
GACAG	2043955	1.4683022	6.824403	7
GCCCT	1785270	1.454173	5.3092737	1
GGGCT	1761280	1.4408526	5.6519847	6
AGACA	2249215	1.4096658	5.3339996	6
AGGGC	1700165	1.3998908	5.49629	5
GGACA	1840765	1.3223379	6.141661	6
GTCCT	1855610	1.3130084	8.321855	1
GTGCT	1785335	1.2660185	5.4584093	1
AGGAC	1750415	1.2574339	8.448824	5
ACTGC	1759620	1.2531747	5.184854	8
TGTGC	1757715	1.2464325	6.1146584	10
AGCAC	1711000	1.2264636	5.622881	5
GTCCA	1692835	1.2056115	6.7884736	1
ACAGT	1815890	1.1307402	5.6005936	8
GTCTT	1833465	1.1269954	5.0706034	1
GTCCC	1380385	1.1243782	5.0701942	1
TGGAC	1567590	1.1188315	5.927014	5
GTGCA	1565445	1.1173006	5.550976	1
ACTGT	1797485	1.112056	6.613591	8
TGCAC	1544600	1.1000407	5.279875	5
GACTG	1482730	1.0582647	6.0202565	7
GGACC	1227155	1.0082377	5.191988	6
ACACT	1616845	1.0046208	5.1390247	6
GGACT	1345900	0.9606054	5.2953024	6
TGTAG	1540350	0.9550373	5.225453	2
TAGGA	1295075	0.8081793	5.276836	4
TCCTA	1290340	0.79657394	5.07136	2
GTGTA	1123720	0.6967212	5.6954226	1
>>END_MODULE
