##FastQC	0.10.1
>>Basic Statistics	pass
#Measure	Value	
Filename	008-F0_S1_L003_R1_001_trimmed.fq.gz	
File type	Conventional base calls	
Encoding	Sanger / Illumina 1.9	
Total Sequences	22521689	
Filtered Sequences	0	
Sequence length	20-50	
%GC	45	
>>END_MODULE
>>Per base sequence quality	pass
#Base	Mean	Median	Lower Quartile	Upper Quartile	10th Percentile	90th Percentile
1	35.325736715394655	36.0	36.0	36.0	36.0	36.0
2	35.315964712948485	36.0	36.0	36.0	36.0	36.0
3	35.30267632236641	36.0	36.0	36.0	36.0	36.0
4	35.298535291913495	36.0	36.0	36.0	36.0	36.0
5	35.27550149546955	36.0	36.0	36.0	36.0	36.0
6	35.24536223726382	36.0	36.0	36.0	36.0	36.0
7	35.23722066315719	36.0	36.0	36.0	36.0	36.0
8	35.22511797405603	36.0	36.0	36.0	36.0	36.0
9	35.20969080072103	36.0	36.0	36.0	36.0	36.0
10	35.18860557039039	36.0	36.0	36.0	36.0	36.0
11	35.172254265654765	36.0	36.0	36.0	36.0	36.0
12	35.163883978683835	36.0	36.0	36.0	36.0	36.0
13	35.14940833256333	36.0	36.0	36.0	36.0	36.0
14	35.13772048801491	36.0	36.0	36.0	36.0	36.0
15	35.126670872686326	36.0	36.0	36.0	36.0	36.0
16	35.113304113203945	36.0	36.0	36.0	36.0	36.0
17	35.102001630517144	36.0	36.0	36.0	36.0	36.0
18	35.08607200818731	36.0	36.0	36.0	36.0	36.0
19	35.06747708841908	36.0	36.0	36.0	36.0	36.0
20	35.07058644669145	36.0	36.0	36.0	36.0	36.0
21	35.059037230318324	36.0	36.0	36.0	36.0	36.0
22	35.0476840664261	36.0	36.0	36.0	36.0	36.0
23	35.036928833811594	36.0	36.0	36.0	36.0	36.0
24	35.01886410139185	36.0	36.0	36.0	36.0	36.0
25	35.01244564187932	36.0	36.0	36.0	36.0	36.0
26	35.000483194256624	36.0	36.0	36.0	36.0	36.0
27	34.99831722944083	36.0	36.0	36.0	36.0	36.0
28	34.987397401980814	36.0	36.0	36.0	36.0	36.0
29	34.968173989609745	36.0	36.0	36.0	36.0	36.0
30	34.95682168751816	36.0	36.0	36.0	36.0	36.0
31	34.946695440718855	36.0	36.0	36.0	36.0	36.0
32	34.94040744264385	36.0	36.0	36.0	36.0	36.0
33	34.91623904692977	36.0	36.0	36.0	36.0	36.0
34	34.91176179856874	36.0	36.0	36.0	36.0	36.0
35	34.88641938733	36.0	36.0	36.0	36.0	36.0
36	34.87999860146012	36.0	36.0	36.0	36.0	36.0
37	34.87473949331099	36.0	36.0	36.0	36.0	36.0
38	34.861669097774886	36.0	36.0	36.0	36.0	36.0
39	34.84812735712417	36.0	36.0	36.0	36.0	36.0
40	34.83681026626381	36.0	36.0	36.0	36.0	36.0
41	34.81965957311752	36.0	36.0	36.0	36.0	36.0
42	34.79942479688596	36.0	36.0	36.0	36.0	36.0
43	34.78818016845272	36.0	36.0	36.0	36.0	36.0
44	34.78254964128114	36.0	36.0	36.0	36.0	36.0
45	34.77631152481489	36.0	36.0	36.0	36.0	36.0
46	34.7670484243737	36.0	36.0	36.0	36.0	36.0
47	34.77844150174761	36.0	36.0	36.0	36.0	36.0
48	34.80854278664511	36.0	36.0	36.0	36.0	36.0
49	34.86960130950464	36.0	36.0	36.0	36.0	36.0
50	34.96966759876666	36.0	36.0	36.0	36.0	36.0
>>END_MODULE
>>Per sequence quality scores	pass
#Quality	Count
10	1.0
11	1.0
12	1.0
13	6.0
14	12.0
15	54.0
16	255.0
17	701.0
18	1951.0
19	4740.0
20	9989.0
21	17660.0
22	27758.0
23	41182.0
24	58224.0
25	81989.0
26	113494.0
27	153613.0
28	204407.0
29	264800.0
30	341355.0
31	441508.0
32	595494.0
33	881948.0
34	1743771.0
35	9480752.0
36	8056023.0
>>END_MODULE
>>Per base sequence content	pass
#Base	G	A	T	C
1	22.47568307663262	26.734842234271717	27.338685893755667	23.450788795340003
2	22.43402864377499	26.810709794589616	27.61800852282604	23.137253038809348
3	22.367685971645283	26.875900853959156	27.527708183126254	23.228704991269304
4	22.590833214373646	26.51183184524569	27.81511200230356	23.0822229380771
5	22.660494443031723	26.61903316304749	27.41868530055867	23.30178709336212
6	22.162129255982997	27.03184858632804	27.569634800467174	23.23638735722179
7	22.225506959451902	26.980002773328604	27.623374160525287	23.171116106694207
8	22.336155806297654	26.857137376666202	27.559426207034228	23.247280610001916
9	22.1400130736982	26.936027593833	27.701272301192002	23.22268703127679
10	22.230358247687494	27.024855742806984	27.621954463063613	23.122831546441905
11	22.722103629600273	27.01592175329108	27.377787250386582	22.88418736672206
12	22.075095512155308	27.181407579848553	27.779925110602193	22.963571797393946
13	22.16704071440639	27.02891686149784	27.906166670403813	22.89787575369195
14	22.226350207527837	26.75691102667168	28.089414026639492	22.927324739160987
15	22.120724690217592	27.023578398610525	27.91385147885832	22.941845432313563
16	22.22172392700364	27.37473687052289	27.8079991361041	22.59554006636937
17	22.36140987429198	27.09777486935404	27.493826580528147	23.046988675825833
18	22.254303703847437	27.49351252469144	27.473873489535965	22.778310281925165
19	22.376147481108596	27.2125090232614	27.712438888592622	22.69890460703738
20	22.45087201190876	26.94733133681732	27.725637777100076	22.876158874173843
21	22.425495037978948	27.113995320035162	27.77107343805374	22.68943620393215
22	22.198780129812743	27.32895970259406	27.824052307134384	22.648207860458815
23	22.278608896070445	27.121954028302675	27.728148100914513	22.871288974712368
24	22.17830137801333	27.454431771573013	27.762495218169487	22.604771632244166
25	22.245473229458828	27.35646209821368	27.61519455254306	22.782870119784434
26	22.365195006903924	27.33777023721025	27.526820743111507	22.770214012774314
27	22.31883293120543	27.38089385935315	27.680195961058	22.620077248383417
28	22.161508891206612	27.336403594898158	27.615152908124806	22.886934605770424
29	22.39633525664812	27.17998303260152	27.682693096979666	22.740988613770703
30	22.246291874197446	27.45597212846253	27.584770515459994	22.71296548188003
31	22.30450210541591	27.42079568757456	27.611654691617282	22.663047515392247
32	22.318941285392235	27.42708720630982	27.534315731117125	22.719655777180822
33	22.17553394641242	27.238471670530785	27.81833879783287	22.767655585223924
34	22.346094179652262	27.58934697366655	27.61103831421434	22.453520532466843
35	22.34114441966863	27.24141195068592	27.624306455088547	22.793137174556904
36	22.474457608651175	27.497374625243744	27.408294375104415	22.61987339100067
37	22.282173913907737	27.379195632048436	27.550313430594493	22.78831702344933
38	22.29314010835968	27.288260425534766	27.526614076515216	22.89198538959034
39	22.18664073092535	27.370659401179086	27.607023675215014	22.835676192680545
40	22.255307776750893	27.356354403886762	27.736522327915452	22.651815491446893
41	22.50660478480117	27.35634772099741	27.527609912526874	22.609437581674545
42	22.410662162662145	27.46038901899202	27.567211495928408	22.56173732241743
43	22.38070895570615	27.59095004306526	27.474708779142926	22.553632222085668
44	22.401565542311122	27.290445065960427	27.447581061683767	22.860408330044685
45	22.284321223084362	27.45588273817967	27.621807462588787	22.637988576147176
46	22.322684112604534	27.654523790695052	27.397067241776007	22.62572485492441
47	22.414453419371323	27.460652952251234	27.459802409320538	22.6650912190569
48	22.406218150196487	27.866542104199965	27.631343946584686	22.095895799018866
49	22.57484477858063	28.113913043223747	27.70773971915116	21.603502459044464
50	22.481827519521396	27.901223357428783	27.808992850911125	21.807956272138703
>>END_MODULE
>>Per base GC content	pass
#Base	%GC
1	45.92647187197262
2	45.57128168258434
3	45.59639096291459
4	45.67305615245074
5	45.962281536393846
6	45.398516613204784
7	45.396623066146105
8	45.58343641629957
9	45.362700104975
10	45.3531897941294
11	45.606290996322336
12	45.038667309549254
13	45.064916468098346
14	45.153674946688824
15	45.062570122531156
16	44.81726399337301
17	45.40839855011781
18	45.0326139857726
19	45.07505208814598
20	45.3270308860826
21	45.1149312419111
22	44.84698799027156
23	45.149897870782816
24	44.7830730102575
25	45.02834334924326
26	45.13540901967824
27	44.93891017958885
28	45.048443496977036
29	45.137323870418825
30	44.95925735607747
31	44.967549620808164
32	45.038597062573054
33	44.94318953163635
34	44.79961471211911
35	45.134281594225534
36	45.094330999651845
37	45.07049093735707
38	45.18512549795002
39	45.0223169236059
40	44.907123268197786
41	45.11604236647572
42	44.97239948507957
43	44.934341177791815
44	45.2619738723558
45	44.92230979923154
46	44.94840896752895
47	45.079544638428224
48	44.50211394921536
49	44.17834723762509
50	44.2897837916601
>>END_MODULE
>>Per sequence GC content	pass
#GC Content	Count
0	5945.0
1	5724.5
2	4640.0
3	4098.5
4	4532.0
5	5482.0
6	6539.5
7	8134.5
8	9764.0
9	12506.0
10	15499.5
11	20958.5
12	26542.5
13	35199.0
14	45245.5
15	60939.0
16	77783.5
17	102098.0
18	127947.5
19	161209.0
20	194936.0
21	235518.0
22	277842.5
23	328648.0
24	381296.5
25	430587.5
26	487198.5
27	552990.0
28	622016.0
29	696244.0
30	771919.5
31	849421.5
32	931114.0
33	1014816.5
34	1098047.0
35	1169697.0
36	1235892.0
37	1281828.0
38	1317578.0
39	1339011.0
40	1358053.5
41	1369309.0
42	1378511.5
43	1374051.0
44	1363074.5
45	1336490.5
46	1311056.0
47	1285735.5
48	1257551.0
49	1226073.5
50	1197808.5
51	1175105.0
52	1147977.5
53	1118148.5
54	1090387.5
55	1060445.0
56	1025391.0
57	980835.5
58	933018.0
59	874923.0
60	815523.0
61	749006.5
62	680381.5
63	622639.0
64	555998.0
65	493366.0
66	432079.0
67	376187.0
68	321897.5
69	273076.5
70	229994.0
71	193704.0
72	161374.0
73	133497.0
74	107464.0
75	88318.0
76	73694.5
77	60324.0
78	48242.0
79	39129.0
80	31140.5
81	25119.5
82	19985.0
83	16045.0
84	12333.0
85	9629.5
86	7375.5
87	5726.0
88	4484.0
89	3382.0
90	2405.0
91	1869.0
92	1432.5
93	1194.0
94	974.0
95	843.0
96	733.5
97	659.5
98	596.0
99	890.0
100	1179.0
>>END_MODULE
>>Per base N content	pass
#Base	N-Count
1	5.816615263624322E-4
2	0.0012698869964859207
3	1.3320492970132034E-5
4	2.3976887346237663E-4
5	6.482639912130923E-4
6	0.0029216281247822933
7	7.104262917403752E-5
8	8.258705641481862E-4
9	5.994221836559416E-4
10	0.002020274767136692
11	0.00272626089455369
12	9.324345079092424E-4
13	2.3976887346237663E-4
14	0.00272626089455369
15	0.001762745236380806
16	0.002029155095783447
17	5.994221836559416E-4
18	9.590754938495065E-4
19	0.003241319956065462
20	0.004995184863799513
21	0.001288519971304216
22	0.0011649520528856218
23	6.36315061212619E-4
24	0.0015497566748420785
25	0.002433496680683786
26	0.005589387034272578
27	0.002160947069878554
28	0.002305950057233144
29	0.0024110749484660687
30	0.0035285984169758184
31	0.0027614482989411237
32	0.0034558248196620454
33	0.0034915375823802905
34	0.0019616757840347936
35	0.002640053842681714
36	0.0025624859723066547
37	0.002999678167059305
38	0.004085275211373406
39	0.002850083221070715
40	0.0013207823007183467
41	0.0014459587249717844
42	0.0015400717090193982
43	0.003968633093157199
44	0.004072186444392164
45	2.532141158306334E-4
46	0.0011250638136660015
47	0.0011228951926897707
48	6.00420049796193E-4
49	0.0014400195842663459
50	2.1933484952203647E-4
>>END_MODULE
>>Sequence Length Distribution	warn
#Length	Count
20	15247.0
21	16246.0
22	17052.0
23	18006.0
24	18288.0
25	19365.0
26	19898.0
27	20693.0
28	21720.0
29	23361.0
30	24678.0
31	25913.0
32	27416.0
33	27911.0
34	29378.0
35	30542.0
36	30267.0
37	31934.0
38	34243.0
39	37134.0
40	40068.0
41	45299.0
42	50322.0
43	65684.0
44	110276.0
45	210857.0
46	581847.0
47	1275136.0
48	2569807.0
49	3405384.0
50	1.3677717E7
>>END_MODULE
>>Sequence Duplication Levels	warn
#Total Duplicate Percentage	40.50032115872105
#Duplication Level	Relative count
1	100.0
2	26.50372067342953
3	12.198699618455858
4	6.674962298824053
5	4.1747356797336606
6	2.8479839141649292
7	1.9258502336236805
8	1.456954733866781
9	1.0885957033020461
10++	7.9423810661810155
>>END_MODULE
>>Overrepresented sequences	pass
>>END_MODULE
>>Kmer Content	warn
#Sequence	Count	Obs/Exp Overall	Obs/Exp Max	Max Obs/Exp Position
AAAAA	6288885	4.1551285	5.146743	46
TTTTT	6050710	3.7298267	4.328305	13
CCTGG	2188105	3.0292578	3.7630155	9
>>END_MODULE
