##FastQC	0.10.1
>>Basic Statistics	pass
#Measure	Value	
Filename	019-F5_S6_L002_R2_001_trimmed.fq.gz	
File type	Conventional base calls	
Encoding	Sanger / Illumina 1.9	
Total Sequences	20943016	
Filtered Sequences	0	
Sequence length	20-50	
%GC	44	
>>END_MODULE
>>Per base sequence quality	pass
#Base	Mean	Median	Lower Quartile	Upper Quartile	10th Percentile	90th Percentile
1	34.97605454725337	36.0	36.0	36.0	36.0	36.0
2	34.96656436685146	36.0	36.0	36.0	36.0	36.0
3	34.95885177187469	36.0	36.0	36.0	36.0	36.0
4	34.94910704360824	36.0	36.0	36.0	36.0	36.0
5	34.9313694837458	36.0	36.0	36.0	36.0	36.0
6	34.91207942542755	36.0	36.0	36.0	36.0	36.0
7	34.89924593477845	36.0	36.0	36.0	36.0	36.0
8	34.894900715350644	36.0	36.0	36.0	36.0	36.0
9	34.878495485082	36.0	36.0	36.0	36.0	36.0
10	34.862109354259196	36.0	36.0	36.0	36.0	36.0
11	34.857080422418626	36.0	36.0	36.0	36.0	36.0
12	34.83729234604987	36.0	36.0	36.0	36.0	36.0
13	34.825170453004475	36.0	36.0	36.0	36.0	36.0
14	34.81360597728617	36.0	36.0	36.0	36.0	36.0
15	34.80739789340752	36.0	36.0	36.0	36.0	36.0
16	34.78464897319469	36.0	36.0	36.0	36.0	36.0
17	34.770180474483716	36.0	36.0	36.0	36.0	36.0
18	34.75762889165534	36.0	36.0	36.0	36.0	36.0
19	34.73571862810972	36.0	36.0	36.0	36.0	36.0
20	34.72870163495077	36.0	36.0	36.0	36.0	36.0
21	34.72548210073539	36.0	36.0	36.0	36.0	36.0
22	34.71545753025144	36.0	36.0	36.0	36.0	36.0
23	34.704283780712586	36.0	36.0	36.0	36.0	36.0
24	34.689230852047785	36.0	36.0	36.0	36.0	36.0
25	34.67559776335778	36.0	36.0	36.0	36.0	36.0
26	34.6566828907535	36.0	36.0	36.0	36.0	36.0
27	34.64501737249294	36.0	36.0	36.0	32.0	36.0
28	34.64504359764755	36.0	36.0	36.0	32.0	36.0
29	34.62956615674715	36.0	36.0	36.0	32.0	36.0
30	34.605675433000144	36.0	36.0	36.0	32.0	36.0
31	34.588104723798565	36.0	36.0	36.0	32.0	36.0
32	34.58442521198404	36.0	36.0	36.0	32.0	36.0
33	34.557975145731355	36.0	36.0	36.0	32.0	36.0
34	34.541251413275255	36.0	36.0	36.0	32.0	36.0
35	34.51416766880019	36.0	36.0	36.0	32.0	36.0
36	34.49185556396383	36.0	36.0	36.0	32.0	36.0
37	34.490578838203554	36.0	36.0	36.0	32.0	36.0
38	34.48085957604011	36.0	36.0	36.0	32.0	36.0
39	34.45776793746619	36.0	36.0	36.0	32.0	36.0
40	34.45494216817621	36.0	36.0	36.0	32.0	36.0
41	34.42402278836113	36.0	36.0	36.0	32.0	36.0
42	34.40403048232118	36.0	36.0	36.0	32.0	36.0
43	34.39381408437204	36.0	36.0	36.0	32.0	36.0
44	34.3736572304977	36.0	36.0	36.0	32.0	36.0
45	34.375128750792484	36.0	36.0	36.0	32.0	36.0
46	34.36360442815591	36.0	36.0	36.0	32.0	36.0
47	34.36887818578612	36.0	36.0	36.0	32.0	36.0
48	34.39537277100806	36.0	36.0	36.0	32.0	36.0
49	34.46782835718655	36.0	36.0	36.0	32.0	36.0
50	34.60487340925447	36.0	36.0	36.0	32.0	36.0
>>END_MODULE
>>Per sequence quality scores	pass
#Quality	Count
2	1.0
3	0.0
4	2.0
5	5.0
6	8.0
7	24.0
8	28.0
9	31.0
10	70.0
11	62.0
12	76.0
13	103.0
14	2658.0
15	4145.0
16	6862.0
17	11236.0
18	17175.0
19	25442.0
20	36351.0
21	49012.0
22	63866.0
23	81717.0
24	104315.0
25	130697.0
26	164744.0
27	203710.0
28	251905.0
29	308537.0
30	380553.0
31	478950.0
32	632740.0
33	923942.0
34	1774250.0
35	8441332.0
36	6848467.0
>>END_MODULE
>>Per base sequence content	pass
#Base	G	A	T	C
1	22.293039252318597	26.98627046269293	27.56628939586932	23.154400889119152
2	22.34807587356901	27.00581017645408	27.828838524826295	22.817275425150616
3	22.237158339111655	27.098454520176674	27.753241235786007	22.91114590492566
4	22.4523887526977	26.716303830516246	28.119215525384828	22.71209189140123
5	22.56610057948923	26.796070664098377	27.642840153809107	22.994988602603286
6	22.075383923042335	27.20778909455706	27.83445399627987	22.882372986120743
7	22.07613336111865	27.232102012098835	27.857777822770807	22.833986804011705
8	22.21248081922525	27.04980846205117	27.74578395420929	22.991926764514282
9	22.06419076713874	27.202204626902883	27.867333675595717	22.86627093036266
10	22.075961859772082	27.315152919905273	27.835302067942518	22.773583152380127
11	22.656113164914064	27.178946986416886	27.528146544438066	22.63679330423098
12	21.95372034021808	27.490754133780328	27.90567449699489	22.649851029006705
13	22.042762467531567	27.29132757713812	28.125174444326923	22.540735511003394
14	22.16819220875268	26.97987170701035	28.202726340631944	22.649209743605024
15	21.9976253365559	27.339185552037627	28.046102756123304	22.617086355283174
16	22.136386153530406	27.605414830329565	27.954156125048335	22.30404289109169
17	22.260840582035442	27.31049753410424	27.579172253610977	22.84948963024934
18	22.193253870278053	27.780733353040706	27.54038618490896	22.485626591772284
19	22.345187767800706	27.497157117197453	27.79060011999993	22.367054995001915
20	22.44336850814926	27.17537874646751	27.770432875144184	22.610819870239045
21	22.398496874671924	27.362808070033662	27.8407766440744	22.39791841122001
22	22.134144931715248	27.669659277738134	27.88953737810432	22.3066584124423
23	22.256612656199383	27.402686274772904	27.77533645524441	22.565364613783306
24	22.103419285671546	27.758664693657053	27.781979782617384	22.355936238054017
25	22.15854514467182	27.66191474093142	27.709639316940383	22.46990079745638
26	22.33523004630421	27.52912288037767	27.541890682501563	22.593756390816555
27	22.33841996023502	27.62421063393757	27.663353111109036	22.374016294718377
28	22.068625819228256	27.678816693079767	27.640796300718577	22.611761186973396
29	22.432632702845936	27.406269617224453	27.635990893863475	22.525106786066136
30	22.20778197114411	27.791151098655043	27.580305368487934	22.42076156171291
31	22.222672446250684	27.729701822011403	27.654220901967186	22.393404829770724
32	22.27838933719282	27.717787523048678	27.517785124787036	22.486038014971463
33	22.122222269236012	27.530735711183844	27.84031665635849	22.50672536322165
34	22.28531227431801	27.921263264150298	27.64492776397749	22.148496697554204
35	22.273787248429507	27.52339329830068	27.597382358151474	22.60543709511834
36	22.380047293553424	27.7987856129927	27.42561908928409	22.395548004169786
37	22.214356923446672	27.72746034022198	27.546844895077495	22.511337841253855
38	22.250657545713935	27.59517693091385	27.461551424877158	22.692614098495053
39	22.183975220273204	27.727579886313396	27.529278886487006	22.559166006926386
40	22.196101431261198	27.692140084836925	27.74037370600858	22.3713847778933
41	22.457776624897498	27.646860114242923	27.509176941860474	22.38618631899911
42	22.385079016580107	27.78788028255067	27.53773980780427	22.289300893064947
43	22.344426842223957	27.939927682848204	27.459208743287633	22.256436731640207
44	22.381797164869624	27.611128907521582	27.360889030262086	22.646184897346703
45	22.268085253156716	27.822369190994912	27.538702768850378	22.370842786997997
46	22.268426101922174	28.07440304162126	27.31191126689106	22.34525958956551
47	22.38170069674732	27.786353116003763	27.375578129935313	22.4563680573136
48	22.370089189482368	28.199912182766372	27.590462141395548	21.83953648635571
49	22.57826214117986	28.38952091877819	27.64872638592803	21.383490554113923
50	22.602688834603686	28.13648880509469	27.622832022423584	21.637990337878037
>>END_MODULE
>>Per base GC content	pass
#Base	%GC
1	45.44744014143775
2	45.16535129871963
3	45.14830424403731
4	45.16448064409892
5	45.561089182092516
6	44.95775690916307
7	44.91012016513036
8	45.20440758373954
9	44.9304616975014
10	44.849545012152205
11	45.292906469145045
12	44.60357136922478
13	44.583497978534965
14	44.817401952357706
15	44.61471169183907
16	44.4404290446221
17	45.11033021228478
18	44.67888046205034
19	44.71224276280262
20	45.054188378388304
21	44.79641528589194
22	44.44080334415755
23	44.821977269982696
24	44.45935552372556
25	44.628445942128195
26	44.92898643712076
27	44.712436254953396
28	44.68038700620165
29	44.957739488912075
30	44.62854353285702
31	44.61607727602141
32	44.76442735216428
33	44.62894763245767
34	44.43380897187221
35	44.87922434354785
36	44.77559529772321
37	44.72569476470053
38	44.94327164420899
39	44.74314122719959
40	44.567486209154495
41	44.84396294389661
42	44.674379909645054
43	44.60086357386416
44	45.027982062216324
45	44.63892804015471
46	44.61368569148768
47	44.83806875406092
48	44.209625675838076
49	43.96175269529378
50	44.24067917248173
>>END_MODULE
>>Per sequence GC content	pass
#GC Content	Count
0	12357.0
1	9616.0
2	6540.0
3	6966.5
4	7760.5
5	8599.5
6	9616.0
7	10949.5
8	12264.0
9	14777.5
10	17680.0
11	22587.5
12	27537.5
13	35527.5
14	44943.0
15	59543.5
16	75222.5
17	97623.5
18	121835.5
19	153394.0
20	185586.5
21	223748.0
22	263231.5
23	310454.0
24	360219.5
25	406865.0
26	460841.5
27	524261.0
28	590701.5
29	662536.5
30	736537.0
31	813854.0
32	894256.5
33	975130.0
34	1055059.5
35	1122211.0
36	1184499.5
37	1230234.0
38	1265301.0
39	1286292.5
40	1304497.5
41	1312804.5
42	1319759.5
43	1314156.5
44	1300791.0
45	1274394.0
46	1248837.5
47	1220462.5
48	1190131.0
49	1158438.5
50	1127285.5
51	1098081.5
52	1065180.0
53	1032141.0
54	1001481.0
55	966740.5
56	927164.0
57	882603.5
58	836233.5
59	780544.5
60	723828.0
61	663444.5
62	602538.5
63	550001.5
64	488275.5
65	431091.5
66	376495.0
67	327206.5
68	279052.0
69	235952.5
70	198273.0
71	166033.5
72	137626.5
73	114232.0
74	92238.0
75	75796.0
76	63563.5
77	52090.0
78	41910.5
79	34233.5
80	27184.0
81	21934.0
82	17572.5
83	14108.5
84	10983.5
85	8844.0
86	6996.0
87	5577.0
88	4556.5
89	3699.0
90	2906.0
91	2504.0
92	2204.5
93	2064.5
94	1949.5
95	2047.0
96	2151.0
97	2503.5
98	3634.5
99	13418.0
100	22417.0
>>END_MODULE
>>Per base N content	pass
#Base	N-Count
1	0.004493144635901534
2	0.004617291033917941
3	0.005896953905779378
4	0.0030702359201750123
5	0.004550442973447568
6	0.008785745090391948
7	0.007162292193254305
8	0.007038145795237897
9	0.00939215249608748
10	0.005433792343948933
11	0.003991784182373732
12	0.0032660052401239635
13	0.007262564283959865
14	0.0045456681119853985
15	0.0052571224698486595
16	0.006770753553356403
17	0.006379214913458501
18	0.01578569199393249
19	0.014343683832357287
20	0.026705800157914218
21	0.01106129227442827
22	0.01992794068135467
23	0.00967436861088573
24	0.011538653818603533
25	0.012826766685341542
26	0.007523489136423226
27	0.02352620421265492
28	0.010810111491756313
29	0.013989941444655653
30	0.007107524115021319
31	0.015066770898287278
32	0.006849626285166594
33	0.006429127741953681
34	0.012185129386975448
35	0.004056370962592938
36	0.01250563597272353
37	0.014161413060096136
38	0.007924685828432615
39	0.01466239010341807
40	0.009280904932613578
41	0.010015015107793644
42	0.01208915701252395
43	0.005801700847898445
44	0.0030989579616621473
45	0.002826543036452264
46	0.01630827460941733
47	0.022530984413343943
48	0.005933244811920596
49	0.002244781526155564
50	0.00907323459267117
>>END_MODULE
>>Sequence Length Distribution	warn
#Length	Count
20	23218.0
21	24513.0
22	25706.0
23	26593.0
24	27140.0
25	27619.0
26	28397.0
27	29239.0
28	30004.0
29	32349.0
30	33425.0
31	35149.0
32	36999.0
33	37647.0
34	38726.0
35	39511.0
36	39213.0
37	40830.0
38	42630.0
39	45913.0
40	48570.0
41	54521.0
42	60313.0
43	75797.0
44	120670.0
45	216669.0
46	559127.0
47	1192822.0
48	2402536.0
49	3258278.0
50	1.2288892E7
>>END_MODULE
>>Sequence Duplication Levels	warn
#Total Duplicate Percentage	39.28354107370694
#Duplication Level	Relative count
1	100.0
2	25.901170309065044
3	11.694200181042286
4	6.488426225268331
5	3.963532910901332
6	2.667949049527997
7	1.855683434630803
8	1.2721453510927194
9	0.9294581663002716
10++	6.872332859174964
>>END_MODULE
>>Overrepresented sequences	pass
>>END_MODULE
>>Kmer Content	warn
#Sequence	Count	Obs/Exp Overall	Obs/Exp Max	Max Obs/Exp Position
AAAAA	7069790	4.8070235	6.267929	46
GGGGG	1902880	3.7289777	4.8823934	46
TTTTT	5118605	3.3708713	4.1162276	13
>>END_MODULE
