##FastQC	0.10.1
>>Basic Statistics	pass
#Measure	Value	
Filename	008-F0_S1_L002_R1_001.fastq.gz	
File type	Conventional base calls	
Encoding	Sanger / Illumina 1.9	
Total Sequences	22853438	
Filtered Sequences	0	
Sequence length	35-75	
%GC	45	
>>END_MODULE
>>Per base sequence quality	pass
#Base	Mean	Median	Lower Quartile	Upper Quartile	10th Percentile	90th Percentile
1	31.43396529660001	32.0	32.0	32.0	32.0	32.0
2	31.490732510355773	32.0	32.0	32.0	32.0	32.0
3	31.612636575730967	32.0	32.0	32.0	32.0	32.0
4	31.69325035471687	32.0	32.0	32.0	32.0	32.0
5	31.679253729788925	32.0	32.0	32.0	32.0	32.0
6	35.387741223005484	36.0	36.0	36.0	36.0	36.0
7	35.38903166341974	36.0	36.0	36.0	36.0	36.0
8	35.35117460226334	36.0	36.0	36.0	36.0	36.0
9	35.427324370188856	36.0	36.0	36.0	36.0	36.0
10	35.34987072842169	36.0	36.0	36.0	36.0	36.0
11	35.40602967483492	36.0	36.0	36.0	36.0	36.0
12	35.35923597141051	36.0	36.0	36.0	36.0	36.0
13	35.380440570911034	36.0	36.0	36.0	36.0	36.0
14	35.356991538866055	36.0	36.0	36.0	36.0	36.0
15	35.33088207559843	36.0	36.0	36.0	36.0	36.0
16	35.3495187463698	36.0	36.0	36.0	36.0	36.0
17	35.34654982764519	36.0	36.0	36.0	36.0	36.0
18	35.33926024609514	36.0	36.0	36.0	36.0	36.0
19	35.330454131234	36.0	36.0	36.0	36.0	36.0
20	35.32887590042251	36.0	36.0	36.0	36.0	36.0
21	35.31321046750165	36.0	36.0	36.0	36.0	36.0
22	35.30374340175863	36.0	36.0	36.0	36.0	36.0
23	35.286278458409626	36.0	36.0	36.0	36.0	36.0
24	35.28709973527834	36.0	36.0	36.0	36.0	36.0
25	35.26939517809093	36.0	36.0	36.0	36.0	36.0
26	35.23393968119807	36.0	36.0	36.0	36.0	36.0
27	35.22485373973054	36.0	36.0	36.0	36.0	36.0
28	35.21015862033537	36.0	36.0	36.0	36.0	36.0
29	35.20159513855202	36.0	36.0	36.0	36.0	36.0
30	35.17318553996121	36.0	36.0	36.0	36.0	36.0
31	35.16426701312949	36.0	36.0	36.0	36.0	36.0
32	35.148622977426854	36.0	36.0	36.0	36.0	36.0
33	35.14133094547962	36.0	36.0	36.0	36.0	36.0
34	35.12306292821238	36.0	36.0	36.0	36.0	36.0
35	35.10970660081866	36.0	36.0	36.0	36.0	36.0
36	35.11402566403186	36.0	36.0	36.0	36.0	36.0
37	35.09677533067117	36.0	36.0	36.0	36.0	36.0
38	35.07568638330385	36.0	36.0	36.0	36.0	36.0
39	35.05969340390362	36.0	36.0	36.0	36.0	36.0
40	35.060770167960925	36.0	36.0	36.0	36.0	36.0
41	35.035356029456345	36.0	36.0	36.0	36.0	36.0
42	35.02859590342412	36.0	36.0	36.0	36.0	36.0
43	35.018863288460665	36.0	36.0	36.0	36.0	36.0
44	34.99967975052052	36.0	36.0	36.0	36.0	36.0
45	34.98611334919934	36.0	36.0	36.0	36.0	36.0
46	34.97461009153455	36.0	36.0	36.0	36.0	36.0
47	34.9742485584208	36.0	36.0	36.0	36.0	36.0
48	34.95515061580271	36.0	36.0	36.0	36.0	36.0
49	34.94115701078321	36.0	36.0	36.0	36.0	36.0
50	34.92612416319521	36.0	36.0	36.0	36.0	36.0
51	34.91083920706477	36.0	36.0	36.0	36.0	36.0
52	34.90302136048582	36.0	36.0	36.0	36.0	36.0
53	34.879709490889276	36.0	36.0	36.0	36.0	36.0
54	34.86250184885444	36.0	36.0	36.0	36.0	36.0
55	34.84978850389596	36.0	36.0	36.0	36.0	36.0
56	34.82895312014954	36.0	36.0	36.0	36.0	36.0
57	34.82874285801833	36.0	36.0	36.0	36.0	36.0
58	34.813758997875716	36.0	36.0	36.0	36.0	36.0
59	34.78790724463865	36.0	36.0	36.0	36.0	36.0
60	34.77204356300522	36.0	36.0	36.0	36.0	36.0
61	34.75517371837456	36.0	36.0	36.0	36.0	36.0
62	34.73081904376651	36.0	36.0	36.0	36.0	36.0
63	34.7207746915221	36.0	36.0	36.0	36.0	36.0
64	34.69742988663393	36.0	36.0	36.0	36.0	36.0
65	34.67413702368434	36.0	36.0	36.0	36.0	36.0
66	34.64950109218546	36.0	36.0	36.0	32.0	36.0
67	34.634803551223015	36.0	36.0	36.0	32.0	36.0
68	34.600824530331266	36.0	36.0	36.0	32.0	36.0
69	34.60092634206063	36.0	36.0	36.0	32.0	36.0
70	34.57232273807817	36.0	36.0	36.0	32.0	36.0
71	34.54207589145697	36.0	36.0	36.0	32.0	36.0
72	34.520518114999206	36.0	36.0	36.0	32.0	36.0
73	34.491501796927196	36.0	36.0	36.0	32.0	36.0
74	34.45269071529989	36.0	36.0	36.0	32.0	36.0
75	33.84616805173299	36.0	36.0	36.0	32.0	36.0
>>END_MODULE
>>Per sequence quality scores	pass
#Quality	Count
2	11217.0
3	0.0
4	0.0
5	0.0
6	0.0
7	0.0
8	0.0
9	0.0
10	0.0
11	0.0
12	0.0
13	0.0
14	0.0
15	1.0
16	3.0
17	13.0
18	136.0
19	938.0
20	3723.0
21	9788.0
22	18854.0
23	30778.0
24	48607.0
25	76128.0
26	112701.0
27	160277.0
28	220265.0
29	291622.0
30	374575.0
31	483909.0
32	653947.0
33	1003398.0
34	2291728.0
35	1.706083E7
>>END_MODULE
>>Per base sequence content	fail
#Base	G	A	T	C
1	43.2825087849038	18.192882210684193	11.702637623008465	26.821971381403547
2	16.484631682707214	20.0205619234662	35.64955439315643	27.84525200067016
3	18.932690476989954	21.387539329034595	28.37460070104391	31.305169492931533
4	13.134506491290843	15.086510195308941	35.26744181312316	36.51154150027705
5	14.83391654428	35.058504162095275	34.346358000826626	15.761221292798103
6	34.99018768796607	34.94845794548612	16.035108845151267	14.026245521396541
7	31.071912840699685	29.562501825019556	20.21623028688848	19.149355047392284
8	26.79791951929718	34.764172012870375	19.45550741322396	18.98240105460848
9	24.90132525659286	15.642149987361122	19.43494716668933	40.02157758935669
10	14.328879984516385	27.580114727072612	34.60732413337745	23.483681155033548
11	34.586349344496405	22.291311874014426	23.55872827136702	19.563610510122153
12	22.419715977258743	23.957988257252975	30.830496294465696	22.791799471022582
13	28.11319424835228	20.463778584765443	26.039409600234652	25.383617566647622
14	20.56135797669458	20.374444421094662	27.14783565021558	31.91636195199518
15	22.92012490390046	29.400546821210444	23.030569602290075	24.64875867259902
16	22.89221134615381	28.45433472626473	25.356798941738717	23.296654985842743
17	21.740790987570165	28.057386085217473	27.342270854550595	22.85955207266177
18	22.219333770482848	27.674260979310056	27.884987591672466	22.22141765853463
19	22.68912099086238	27.107056367647846	27.510914793839795	22.69290784764998
20	22.696871087699492	27.067935037309642	27.616209265833586	22.61898460915728
21	22.462767195599724	26.736500242250894	27.35515390691568	23.445578655233703
22	22.42343835744476	26.81848936278728	27.65964684248003	23.098425437287933
23	22.352248237591674	26.907470000347168	27.531066319805454	23.20921544225571
24	22.548512248436786	26.55268066971246	27.857877743149405	23.040929338701346
25	22.65157703579271	26.64212532361988	27.43978755974904	23.26651008083837
26	22.146290218655277	27.04174323224765	27.614007379540055	23.19795916955702
27	22.21656257859687	27.010671334668736	27.616081491863575	23.156684594870818
28	22.325979211419448	26.874643531897778	27.58457213933746	23.214805117345318
29	22.106486062044766	26.95079801811463	27.73249976096756	23.210216158873042
30	22.23361003365662	27.028532895814894	27.62967566860246	23.108181401926025
31	22.700413074347033	27.037367566560654	27.388630703741136	22.873588655351174
32	22.045552739928702	27.189769110474437	27.801310246409205	22.963367903187656
33	22.170689148922694	27.03569417714408	27.936347983827915	22.857268690105315
34	22.19387545142506	26.774735501644592	28.133887642944337	22.897501403986006
35	22.108868955863585	27.042934076415452	27.92444444502816	22.923752522692798
36	22.22357559960979	27.382275614176354	27.81404921606977	22.58009957014409
37	22.327982787309292	27.10994407381902	27.483377907349983	23.078695231521706
38	22.231191833426685	27.510269623271654	27.506459083651947	22.752079459649714
39	22.363620527977744	27.22142427920949	27.74739197934087	22.667563213471894
40	22.43285264947592	26.958986996590983	27.746100020317005	22.86206033361609
41	22.407271987280193	27.138081949000046	27.79438255360639	22.66026351011337
42	22.17791243835717	27.36651616094326	27.831961114820853	22.623610285878723
43	22.278729246054496	27.135657757974414	27.752367481592348	22.833245514378746
44	22.150489018012752	27.486227229180564	27.765959515139482	22.5973242376672
45	22.247426756220385	27.373470453570086	27.615248978224038	22.763853811985495
46	22.339975895151156	27.36441571660746	27.52553205182696	22.770076336414423
47	22.298890285930543	27.418686791099343	27.661016010449025	22.621406912521092
48	22.14504203162008	27.366742708218066	27.60624544678707	22.881969813374788
49	22.406175264140966	27.195317105149314	27.674951279624455	22.72355635108526
50	22.263756469452854	27.46263304980672	27.581274366279658	22.692336114460772
51	22.29863165911085	27.45481437843569	27.58330580134566	22.663248161107806
52	22.30264213388718	27.455664483050196	27.53057681925581	22.711116563806815
53	22.1674555750025	27.25746447242512	27.818477397276386	22.756602555295995
54	22.357252304331148	27.61937999224639	27.604019403982676	22.419348299439783
55	22.342304600093858	27.238453663508032	27.61162670090079	22.80761503549732
56	22.478783623462608	27.523718132965058	27.39741371915446	22.600084524417873
57	22.302852544575398	27.410547773381122	27.50877395893328	22.7778257231102
58	22.290538256141794	27.301443331283277	27.49908562957174	22.908932783003188
59	22.199998633486658	27.392318970479497	27.57277859280538	22.834903803228467
60	22.26317234077139	27.373957062925758	27.717987505629395	22.644883090673456
61	22.50083522245818	27.375430916542935	27.509008708989285	22.614725152009598
62	22.42972038513105	27.48643597101302	27.517006307646817	22.566837336209115
63	22.410029345389056	27.618331254209583	27.420076648703546	22.551562751697816
64	22.407529889069682	27.346458926267754	27.396213445952622	22.849797738709945
65	22.317101245388052	27.469968119588128	27.566635796020034	22.646294839003787
66	22.372853186735377	27.6750160272193	27.31747061273936	22.634660173305964
67	22.480980683586537	27.391465531278847	27.373587758992585	22.753966026142034
68	22.47409027224803	27.663552843806617	27.501138541660218	22.361218342285134
69	22.734799905470158	27.494276843337538	27.422296887401455	22.348626363790846
70	22.82584297351595	27.29747739771669	27.336320940382812	22.540358688384543
71	22.588418683837222	27.659049926680478	27.27039825581946	22.482133133662835
72	22.525172606382036	27.79136972178456	27.501535283443896	22.181922388389506
73	23.301903643508993	28.39860367982025	27.49128814021419	20.808204536456568
74	24.403584516094607	30.792239673172034	27.74984602226492	17.054329788468443
75	29.706763600742935	41.19889801147721	29.09433838777985	0.0
>>END_MODULE
>>Per base GC content	fail
#Base	%GC
1	70.10448016630735
2	44.329883683377375
3	50.23785996992148
4	49.64604799156789
5	30.595137837078102
6	49.01643320936261
7	50.22126788809197
8	45.78032057390566
9	64.92290284594955
10	37.812561139549935
11	54.14995985461856
12	45.211515448281325
13	53.4968118149999
14	52.47771992868976
15	47.56888357649948
16	46.18886633199655
17	44.600343060231936
18	44.440751429017475
19	45.38202883851236
20	45.31585569685677
21	45.90834585083343
22	45.521863794732695
23	45.561463679847385
24	45.58944158713813
25	45.91808711663108
26	45.3442493882123
27	45.37324717346769
28	45.54078432876476
29	45.31670222091781
30	45.34179143558265
31	45.57400172969821
32	45.008920643116355
33	45.02795783902801
34	45.09137685541107
35	45.032621478556386
36	44.80367516975387
37	45.406678018830995
38	44.9832712930764
39	45.031183741449645
40	45.29491298309201
41	45.067535497393564
42	44.801522724235895
43	45.11197476043324
44	44.74781325567995
45	45.01128056820588
46	45.110052231565575
47	44.920297198451635
48	45.02701184499486
49	45.129731615226234
50	44.95609258391363
51	44.961879820218655
52	45.013758697693994
53	44.9240581302985
54	44.77660060377093
55	45.149919635591175
56	45.07886814788048
57	45.0806782676856
58	45.19947103914498
59	45.03490243671512
60	44.90805543144485
61	45.115560374467776
62	44.99655772134016
63	44.96159209708687
64	45.257327627779624
65	44.96339608439184
66	45.007513360041344
67	45.234946709728575
68	44.83530861453316
69	45.083426269261004
70	45.3662016619005
71	45.07055181750005
72	44.70709499477154
73	44.11010817996556
74	41.457914304563054
75	29.706763600742935
>>END_MODULE
>>Per sequence GC content	warn
#GC Content	Count
0	11231.0
1	5632.0
2	46.5
3	87.5
4	115.5
5	171.5
6	294.5
7	511.0
8	662.5
9	945.5
10	1643.5
11	2727.0
12	3431.5
13	4641.5
14	7699.0
15	12449.5
16	16103.5
17	22578.0
18	36066.5
19	52822.0
20	64542.5
21	83006.5
22	117852.0
23	157148.5
24	182855.5
25	214674.5
26	268777.0
27	323472.5
28	359328.5
29	402135.5
30	470505.0
31	538064.5
32	583850.5
33	634609.0
34	719468.0
35	803163.0
36	851978.0
37	895912.5
38	943405.0
39	968295.0
40	984527.0
41	985728.5
42	978489.5
43	972825.5
44	972809.5
45	964196.5
46	938272.5
47	910831.0
48	898624.0
49	882037.5
50	846332.5
51	811933.5
52	794783.5
53	781908.5
54	756755.5
55	729163.0
56	713115.0
57	697230.5
58	662138.5
59	614119.5
60	573919.0
61	531047.0
62	474337.0
63	416813.5
64	371305.0
65	334383.5
66	285215.0
67	235532.0
68	201130.0
69	175121.5
70	142794.5
71	111132.5
72	90307.0
73	76053.0
74	60439.5
75	46552.5
76	37668.0
77	31653.0
78	24831.0
79	18874.0
80	14959.0
81	12247.0
82	9387.0
83	6535.5
84	4643.5
85	3670.5
86	2634.0
87	1644.0
88	1223.5
89	984.5
90	652.5
91	436.0
92	329.5
93	293.5
94	229.5
95	158.5
96	119.5
97	93.0
98	56.5
99	185.0
100	325.0
>>END_MODULE
>>Per base N content	pass
#Base	N-Count
1	0.05616222819516258
2	0.04908233063226636
3	0.04908233063226636
4	0.04908233063226636
5	0.04908233063226636
6	0.04908233063226636
7	0.04908233063226636
8	0.04908233063226636
9	0.04909545776000968
10	0.04912608772474408
11	0.05013687656097958
12	0.049239856165186176
13	0.04939300598885822
14	0.05425004325388591
15	0.049169844817221815
16	0.05006686521301522
17	0.04981744978589217
18	0.05040817053434148
19	0.04933612176863717
20	0.049091082050761896
21	0.04995747248182089
22	0.04910858488775299
23	0.04925735900217727
24	0.04908233063226636
25	0.050053738085271894
26	0.04972555989168895
27	0.049896212552352076
28	0.049366751733371586
29	0.049664299962220125
30	0.049344873187132716
31	0.04945864162757481
32	0.05021126361819171
33	0.04972993560093671
34	0.04957678577726467
35	0.04935362460562826
36	8.756574709935178E-6
37	8.013537360621924E-4
38	0.0
39	4.99442070634252E-4
40	0.0011262751176333008
41	0.0015080189124860239
42	0.0010524662771167388
43	6.580385240318739E-5
44	1.7555131121249296E-5
45	0.0014577455333052262
46	1.9329529779754507E-4
47	5.098773125298701E-4
48	0.001310639622922823
49	1.2322558458877466E-4
50	0.0011405994982154903
51	9.034023985201474E-4
52	0.0010495643073343025
53	0.0013106988151812286
54	1.6341024641426026E-4
55	0.0
56	3.0967711338814236E-4
57	5.623520449555737E-4
58	8.864465513506077E-5
59	5.900818248275996E-4
60	2.75362165647042E-4
61	6.669325800967132E-5
62	4.896215150020255E-4
63	2.3171462988690053E-4
64	0.0
65	0.0
66	8.945007880551942E-6
67	1.343518156349149E-4
68	9.418693064841377E-5
69	8.984017657188304E-6
70	0.0
71	0.0
72	1.544594066142062E-4
73	9.317745366518173E-6
74	0.0
75	0.0013813558799223545
>>END_MODULE
>>Sequence Length Distribution	warn
#Length	Count
35	13457.0
36	3624.0
37	4945.0
38	5942.0
39	6889.0
40	7196.0
41	7804.0
42	8563.0
43	9657.0
44	10467.0
45	11795.0
46	12528.0
47	13581.0
48	14436.0
49	15197.0
50	15365.0
51	15916.0
52	16408.0
53	17269.0
54	18578.0
55	19632.0
56	20471.0
57	21726.0
58	22745.0
59	23445.0
60	24773.0
61	24696.0
62	24936.0
63	25343.0
64	28012.0
65	29202.0
66	29406.0
67	33347.0
68	34332.0
69	44420.0
70	58161.0
71	146918.0
72	547836.0
73	1599535.0
74	4952001.0
75	1.4912884E7
>>END_MODULE
>>Sequence Duplication Levels	warn
#Total Duplicate Percentage	39.97889933017641
#Duplication Level	Relative count
1	100.0
2	26.48020668116487
3	12.13189005346894
4	6.567522932779568
5	4.138528704808935
6	2.673447029775823
7	1.930277809572085
8	1.3800546135356542
9	1.0219598737675164
10++	7.189692103929231
>>END_MODULE
>>Overrepresented sequences	pass
>>END_MODULE
>>Kmer Content	warn
#Sequence	Count	Obs/Exp Overall	Obs/Exp Max	Max Obs/Exp Position
AAAAA	8331440	3.6791024	7.9385133	71
TTTTT	8000350	3.3571966	6.130209	71
CCTGG	3734925	3.1009357	12.452539	3
CCAGG	3537355	2.9670188	13.819955	3
CCCAG	3358345	2.8057725	12.167824	2
CTGGG	3300625	2.7511961	10.870721	4
CCAGC	3168820	2.6474316	7.0379844	3
GGAGG	3058215	2.5854652	6.003758	6
CAGCA	3568180	2.5443463	7.1042886	4
GCTGG	3036100	2.5307047	6.4983187	3
TGCTG	3527815	2.474504	6.803588	2
TCCAG	3488955	2.4626007	9.822453	2
CAGCC	2854045	2.3844488	5.8511367	5
AGGAG	3295150	2.3682835	7.6396384	5
CAGGA	3289460	2.354879	10.723408	4
CTCCA	3321030	2.334839	7.2984676	1
CTCCT	3328375	2.3162508	6.595987	1
GGCTG	2758715	2.2994936	8.623448	7
CTGGA	3241090	2.2967	8.937049	4
AGCAG	3207400	2.2961333	5.78676	7
CTGCT	3244965	2.2671373	6.6097465	9
TCCTG	3236850	2.2614677	9.190523	2
GGCAG	2683405	2.2596562	6.496893	7
CCTGC	2720460	2.2497733	6.497031	3
AGAAG	3669460	2.2420661	5.000566	5
GCTGC	2700285	2.241922	5.8772445	8
GCAGG	2646815	2.2288444	6.8575306	3
CAGAG	3077810	2.2033615	8.242392	4
CTGCC	2663975	2.2030609	5.8118157	9
CCCTG	2654405	2.1951468	9.229833	2
GCCTG	2623405	2.178092	7.749658	7
CTGCA	3080620	2.1743865	6.776313	4
TGCAG	3028205	2.1458454	6.6832423	2
CTCTG	3045990	2.128121	7.5204306	2
CAGGG	2506845	2.110978	9.731966	4
TGGAG	2943135	2.093813	6.550458	5
AGCTG	2908195	2.060804	6.018406	7
CTGGC	2462480	2.0444834	5.5238633	4
CAGGC	2436075	2.043301	6.4289246	4
GCCAG	2430045	2.038243	5.5191097	2
GGAGA	2817735	2.0251565	5.7237535	6
CACAG	2821930	2.012221	7.5678973	7
GGGAG	2375905	2.008629	5.627468	7
CAGAA	3282000	1.9974241	5.5365663	4
CCCCA	2369265	1.971634	7.0317044	1
CTCAG	2776190	1.9595115	6.320455	2
CTGTG	2790320	1.9572053	9.094104	9
CTGAG	2726660	1.9321648	6.128042	4
TTCTG	3218750	1.8998817	5.0267067	2
GGCCA	2230645	1.8709928	6.403789	1
CCAGA	2622940	1.8703282	7.058085	3
TGGGG	2202720	1.8433135	6.0908275	5
CCTCT	2642285	1.8387939	5.4744744	1
CAGTG	2559405	1.8136445	6.9436946	9
AGAGG	2511325	1.8049344	5.35472	5
CACTG	2549090	1.799218	7.7350802	7
TCTGG	2561795	1.7969117	6.2874346	3
ACCTG	2537860	1.7912916	5.3652864	7
TGGCC	2120405	1.7604743	5.7108426	5
CCTGA	2440840	1.7228124	5.7192373	3
GCCCA	2051560	1.7140023	7.945324	1
GAGAG	2362300	1.6978273	5.646278	7
ACAGA	2758945	1.679093	6.0441666	8
TCAGG	2342410	1.6598777	5.93644	3
GGGCC	1645235	1.6232368	5.4608927	6
GGCCT	1943670	1.6137394	5.252559	6
TGGGC	1920990	1.6012182	6.5380225	5
AGGTG	2247215	1.5987196	5.249342	7
CCTGT	2271165	1.5867794	5.5513787	8
AGGCC	1884495	1.5806535	5.0904956	5
AGCCT	2236055	1.5782695	5.621345	6
ACAGG	2176585	1.558187	5.0897174	8
GTGTG	2157685	1.5194448	6.9732733	1
ACACA	2468350	1.4963185	6.522419	6
AGGCT	2085815	1.4780494	5.1032724	6
TGTGT	2494210	1.4780425	6.039709	10
CACAC	2074010	1.4730781	7.040973	5
ACAGC	2058010	1.467496	5.9390416	8
GCCCT	1765290	1.4598641	5.992865	1
CTGTC	2076025	1.4504421	5.9544244	9
GGGCT	1733125	1.4446254	6.236743	6
GCTGT	2058335	1.4437714	5.361322	8
GACAG	2008880	1.4381294	7.4970374	7
AGGGG	1655580	1.3996546	5.0150714	5
AGGGC	1630775	1.3732519	5.882771	5
AGACA	2252410	1.370816	5.79172	6
GTCCT	1843870	1.2882441	8.399712	1
GGACA	1796105	1.2858067	6.536399	6
ACTGC	1748160	1.2338997	5.3788905	8
AGGAC	1718360	1.2301501	8.999358	5
GTGCT	1741260	1.2213665	5.8787827	1
GTCCA	1674085	1.1816155	6.761186	1
TGTGC	1673855	1.1740868	6.0144067	10
AGCAC	1631115	1.1630919	5.853808	5
TGGAC	1532755	1.0861403	6.2342677	5
ACAGT	1774590	1.0690525	5.9655147	8
GTGCA	1507825	1.0684744	5.8382955	1
TGCAC	1493745	1.0543264	5.7236867	5
ACTGT	1763620	1.0516595	6.49289	8
GACTG	1461030	1.0353146	6.351976	7
AGACT	1681500	1.012973	5.4850135	6
GCACT	1432555	1.011137	5.206277	6
GGACC	1198625	1.0053679	5.7174106	6
ACACT	1588240	0.9530212	5.1015015	6
GGACT	1328830	0.941635	5.523209	6
TGTAG	1520965	0.9105501	5.267132	2
TAGGA	1317775	0.7969971	5.378973	4
GTGTA	1080415	0.64680785	5.5268703	1
>>END_MODULE
