##FastQC	0.10.1
>>Basic Statistics	pass
#Measure	Value	
Filename	018-F5_S4_L001_R1_001_trimmed.fq.gz	
File type	Conventional base calls	
Encoding	Sanger / Illumina 1.9	
Total Sequences	16368300	
Filtered Sequences	0	
Sequence length	20-50	
%GC	45	
>>END_MODULE
>>Per base sequence quality	pass
#Base	Mean	Median	Lower Quartile	Upper Quartile	10th Percentile	90th Percentile
1	35.35886188547375	36.0	36.0	36.0	36.0	36.0
2	35.350566033125006	36.0	36.0	36.0	36.0	36.0
3	35.334250899604726	36.0	36.0	36.0	36.0	36.0
4	35.33826347268806	36.0	36.0	36.0	36.0	36.0
5	35.32499239383442	36.0	36.0	36.0	36.0	36.0
6	35.2904117104403	36.0	36.0	36.0	36.0	36.0
7	35.27531716794047	36.0	36.0	36.0	36.0	36.0
8	35.272205421454885	36.0	36.0	36.0	36.0	36.0
9	35.26192701746669	36.0	36.0	36.0	36.0	36.0
10	35.23876328024291	36.0	36.0	36.0	36.0	36.0
11	35.225296701551166	36.0	36.0	36.0	36.0	36.0
12	35.21291612446009	36.0	36.0	36.0	36.0	36.0
13	35.20858280945486	36.0	36.0	36.0	36.0	36.0
14	35.19619227409077	36.0	36.0	36.0	36.0	36.0
15	35.18271335447175	36.0	36.0	36.0	36.0	36.0
16	35.1699280927158	36.0	36.0	36.0	36.0	36.0
17	35.15843392410941	36.0	36.0	36.0	36.0	36.0
18	35.137451903985145	36.0	36.0	36.0	36.0	36.0
19	35.127184802331335	36.0	36.0	36.0	36.0	36.0
20	35.13131406438054	36.0	36.0	36.0	36.0	36.0
21	35.115683773739526	36.0	36.0	36.0	36.0	36.0
22	35.11051982353842	36.0	36.0	36.0	36.0	36.0
23	35.09495182600231	36.0	36.0	36.0	36.0	36.0
24	35.08432911649958	36.0	36.0	36.0	36.0	36.0
25	35.07197516517751	36.0	36.0	36.0	36.0	36.0
26	35.06591534395043	36.0	36.0	36.0	36.0	36.0
27	35.071122364429165	36.0	36.0	36.0	36.0	36.0
28	35.05257224032311	36.0	36.0	36.0	36.0	36.0
29	35.035732681630506	36.0	36.0	36.0	36.0	36.0
30	35.036101166054735	36.0	36.0	36.0	36.0	36.0
31	35.01610487129517	36.0	36.0	36.0	36.0	36.0
32	35.002295082331976	36.0	36.0	36.0	36.0	36.0
33	34.99230732573166	36.0	36.0	36.0	36.0	36.0
34	34.981433851748335	36.0	36.0	36.0	36.0	36.0
35	34.9643134917453	36.0	36.0	36.0	36.0	36.0
36	34.95394905025903	36.0	36.0	36.0	36.0	36.0
37	34.956627405991156	36.0	36.0	36.0	36.0	36.0
38	34.94519722162128	36.0	36.0	36.0	36.0	36.0
39	34.92691128368322	36.0	36.0	36.0	36.0	36.0
40	34.91201239983848	36.0	36.0	36.0	36.0	36.0
41	34.89964747003947	36.0	36.0	36.0	36.0	36.0
42	34.88895398733906	36.0	36.0	36.0	36.0	36.0
43	34.87905664145067	36.0	36.0	36.0	36.0	36.0
44	34.867992679111524	36.0	36.0	36.0	36.0	36.0
45	34.85787386337844	36.0	36.0	36.0	36.0	36.0
46	34.850338892421156	36.0	36.0	36.0	36.0	36.0
47	34.861188242235954	36.0	36.0	36.0	36.0	36.0
48	34.87796467670061	36.0	36.0	36.0	36.0	36.0
49	34.95348330645835	36.0	36.0	36.0	36.0	36.0
50	35.04745490357913	36.0	36.0	36.0	36.0	36.0
>>END_MODULE
>>Per sequence quality scores	pass
#Quality	Count
14	3.0
15	39.0
16	181.0
17	549.0
18	1356.0
19	3047.0
20	6204.0
21	10901.0
22	17669.0
23	26423.0
24	38358.0
25	54755.0
26	76627.0
27	105135.0
28	140295.0
29	181806.0
30	233915.0
31	302315.0
32	408145.0
33	598788.0
34	1178791.0
35	6711941.0
36	6271057.0
>>END_MODULE
>>Per base sequence content	pass
#Base	G	A	T	C
1	22.514284150271912	26.5674686839838	27.2950589016151	23.623188264129187
2	22.598900258681084	26.67414302917682	27.492476034533414	23.234480677608687
3	22.486550222075596	26.72002590372855	27.446527739594217	23.34689613460164
4	22.693460108585604	26.360435828215103	27.755133036547996	23.190971026651297
5	22.764322413352485	26.416145972991682	27.37941781648159	23.44011379717424
6	22.274497168031438	26.89440572954097	27.539618142609612	23.29147895981798
7	22.335776555114716	26.838877003433105	27.534228096565812	23.29111834488637
8	22.41453886973936	26.712136781795987	27.440876427915978	23.43244792054867
9	22.30088298776339	26.806271706372677	27.53130052295989	23.361544782904044
10	22.334854378600365	26.882985411284	27.53167283006672	23.250487380048913
11	22.918837316005202	26.740314479664274	27.24139005461269	23.099458149717833
12	22.22249714447421	27.00313240304531	27.63071270111479	23.143657751365694
13	22.33194039698686	26.83097206185126	27.815167121814728	23.021920419347154
14	22.405255523292738	26.577500401851196	27.921268812394235	23.09597526246183
15	22.260667909419176	26.90979112373631	27.76353790525495	23.066003061589562
16	22.3839294163921	27.13511057830975	27.736021148102886	22.744938857195258
17	22.512453950624074	26.807145519082614	27.346419603746263	23.333980926547046
18	22.417402183343444	27.272945545200177	27.32975081742347	22.97990145403291
19	22.5940816758932	26.984046688137813	27.560903547724674	22.860968088244316
20	22.707279246155647	26.67276399108373	27.5626739883436	23.057282774417022
21	22.659153807397175	26.83875494306877	27.606028408663985	22.896062840870066
22	22.39581220563863	27.123417063400794	27.645686028369067	22.8350847025915
23	22.477283675432215	26.883442061485518	27.594159779958442	23.04511448312382
24	22.31730452488896	27.218550006971263	27.588857616071603	22.87528785206817
25	22.428719073342894	27.149254265090633	27.444181903510984	22.97784475805549
26	22.56959674214848	27.000166507608515	27.369018926364834	23.061217823878174
27	22.584973377998015	27.100742640747484	27.47540309414901	22.838880887105493
28	22.33273591142194	27.134518112809513	27.45050537661265	23.0822405991559
29	22.678376428340403	26.878055010950803	27.462724032083603	22.980844528625187
30	22.458784247196114	27.24247260236642	27.395987393771513	22.902755756665954
31	22.49793392664063	27.186482164114	27.44546665109447	22.870117258150895
32	22.538429503356312	27.19555883710153	27.306150315160682	22.95986134438148
33	22.379218227108055	26.952068037254723	27.63492979461974	23.03378394101748
34	22.52627863079981	27.350884585357914	27.471623528513494	22.651213255328777
35	22.553305606064498	26.90440025475623	27.456109352038627	23.086184787140645
36	22.678447008661223	27.208270272454076	27.223529192396022	22.889753526488676
37	22.48564618975091	27.12606204750234	27.334276019930375	23.05401574281637
38	22.536025638459833	27.052464312592395	27.26315251979492	23.14835752915285
39	22.45018628271282	27.131047630895317	27.362175835043534	23.05659025134833
40	22.46331075829021	27.07838967250588	27.586935021214465	22.871364547989444
41	22.74206474952507	27.01526009103962	27.351228451903303	22.891446707532005
42	22.669788376777124	27.13077101058936	27.39220208658612	22.807238526047396
43	22.623688275827497	27.335665175464058	27.239529113401446	22.801117435307
44	22.635883049122036	26.99535346190935	27.230785217874974	23.137978271093644
45	22.571476220700028	27.253590529560324	27.307477210411324	22.86745603932832
46	22.547383071957302	27.526958723000465	27.11344912636925	22.812209078672986
47	22.6902895879562	27.194719297840702	27.174455064904237	22.940536049298863
48	22.640267415440388	27.605934064992415	27.408916690307585	22.344881829259617
49	22.854871347181426	27.780856538159952	27.47627336860599	21.88799874605263
50	22.866281224841885	27.494501249190574	27.47753774304388	22.161679782923667
>>END_MODULE
>>Per base GC content	pass
#Base	%GC
1	46.137472414401095
2	45.83338093628977
3	45.833446356677236
4	45.8844311352369
5	46.20443621052673
6	45.56597612784942
7	45.62689490000108
8	45.846986790288035
9	45.662427770667435
10	45.58534175864928
11	46.018295465723035
12	45.3661548958399
13	45.35386081633401
14	45.50123078575457
15	45.326670971008745
16	45.12886827358736
17	45.84643487717111
18	45.39730363737635
19	45.45504976413751
20	45.76456202057266
21	45.55521664826724
22	45.230896908230136
23	45.52239815855604
24	45.19259237695712
25	45.40656383139839
26	45.63081456602665
27	45.4238542651035
28	45.41497651057784
29	45.65922095696559
30	45.361540003862075
31	45.368051184791526
32	45.49829084773779
33	45.41300216812553
34	45.17749188612859
35	45.63949039320514
36	45.5682005351499
37	45.539661932567284
38	45.68438316761269
39	45.50677653406115
40	45.33467530627966
41	45.633511457057075
42	45.47702690282453
43	45.424805711134496
44	45.77386132021568
45	45.43893226002835
46	45.359592150630284
47	45.630825637255064
48	44.985149244700004
49	44.74287009323405
50	45.02796100776555
>>END_MODULE
>>Per sequence GC content	warn
#GC Content	Count
0	1153.0
1	1176.5
2	1092.5
3	1064.5
4	1170.0
5	1462.5
6	1794.0
7	2234.0
8	2702.0
9	3529.0
10	4439.5
11	6168.0
12	7985.5
13	11397.5
14	15496.0
15	22516.0
16	30131.5
17	42504.5
18	55971.5
19	74883.5
20	94658.0
21	121569.0
22	149501.5
23	184486.0
24	221778.0
25	259465.5
26	302495.5
27	354513.0
28	410114.0
29	471831.5
30	535061.5
31	600498.0
32	669654.0
33	740918.5
34	810614.0
35	872207.0
36	930541.0
37	970207.0
38	1001387.5
39	1022375.0
40	1041929.5
41	1052175.5
42	1060263.5
43	1059112.0
44	1052961.5
45	1034067.0
46	1014457.5
47	992048.0
48	969312.5
49	943880.0
50	917811.0
51	894268.5
52	867590.5
53	839056.0
54	812377.5
55	783007.5
56	749213.0
57	711507.5
58	673409.5
59	628216.5
60	581908.5
61	532383.5
62	481651.5
63	439646.5
64	391588.5
65	346969.5
66	304440.5
67	265515.5
68	225867.5
69	190220.0
70	160037.5
71	135216.5
72	112922.0
73	93479.5
74	75231.5
75	61872.0
76	51718.0
77	42549.0
78	34420.0
79	28300.5
80	22755.0
81	18283.5
82	14558.5
83	11857.5
84	9276.0
85	7276.5
86	5678.0
87	4468.5
88	3467.0
89	2663.5
90	1949.5
91	1522.0
92	1174.5
93	981.5
94	811.5
95	706.5
96	609.5
97	512.5
98	429.0
99	698.5
100	968.0
>>END_MODULE
>>Per base N content	pass
#Base	N-Count
1	9.652804506271269E-4
2	0.001643420514042387
3	0.0
4	9.774991905084827E-5
5	0.0014112644562966222
6	0.0021810450688220526
7	1.344061386949164E-4
8	2.443747976271207E-4
9	7.514525027033962E-4
10	0.001038592889915263
11	0.0018939046816101855
12	2.1993731786440864E-4
13	0.0
14	0.0018389203521440834
15	0.002028310820305102
16	0.0018755765717881517
17	0.0
18	6.170463640084798E-4
19	0.0017594985429152691
20	0.0028408570224152784
21	2.445506623073881E-4
22	6.852591757274347E-4
23	9.797250193541615E-5
24	0.0010112066207681003
25	0.001668413286826313
26	0.00325391448982857
27	4.424740963680313E-4
28	5.967211464871057E-4
29	0.0
30	6.720350138873877E-4
31	4.321035932561963E-5
32	6.180708081696105E-5
33	6.436503889133696E-4
34	1.1155418090506015E-4
35	6.082137655407927E-4
36	7.520633105541023E-4
37	7.531974320324909E-4
38	0.0014277190722693936
39	6.2450199868742166E-6
40	1.2512955601405806E-5
41	5.014918442067945E-5
42	0.0
43	9.697897275463923E-4
44	0.0016045159923814547
45	0.0
46	8.146452431645491E-4
47	1.3188565092031128E-5
48	1.5452319235082103E-4
49	0.0011876808890510526
50	0.0
>>END_MODULE
>>Sequence Length Distribution	warn
#Length	Count
20	11771.0
21	12348.0
22	13068.0
23	13973.0
24	14225.0
25	14841.0
26	15935.0
27	16640.0
28	17423.0
29	18683.0
30	19574.0
31	20443.0
32	21536.0
33	22183.0
34	22901.0
35	23685.0
36	24226.0
37	25275.0
38	26811.0
39	29325.0
40	31031.0
41	34632.0
42	38040.0
43	49412.0
44	84313.0
45	156398.0
46	424956.0
47	927307.0
48	1860283.0
49	2473449.0
50	9903613.0
>>END_MODULE
>>Sequence Duplication Levels	warn
#Total Duplicate Percentage	37.95877448223586
#Duplication Level	Relative count
1	100.0
2	26.341386513222716
3	10.902928309620462
4	5.703700784298269
5	3.3563236511252117
6	2.1140582508966226
7	1.4472076616876206
8	1.0570291254483113
9	0.807157214361723
10++	5.918101919363102
>>END_MODULE
>>Overrepresented sequences	pass
>>END_MODULE
>>Kmer Content	warn
#Sequence	Count	Obs/Exp Overall	Obs/Exp Max	Max Obs/Exp Position
AAAAA	3563625	3.3912263	3.9698062	46
TTTTT	3669420	3.20526	3.9494233	13
>>END_MODULE
