##FastQC	0.10.1
>>Basic Statistics	pass
#Measure	Value	
Filename	KS28_S3_L001_R1_001.fastq.gz	
File type	Conventional base calls	
Encoding	Sanger / Illumina 1.9	
Total Sequences	23603567	
Filtered Sequences	0	
Sequence length	35-75	
%GC	45	
>>END_MODULE
>>Per base sequence quality	pass
#Base	Mean	Median	Lower Quartile	Upper Quartile	10th Percentile	90th Percentile
1	31.460883179224563	32.0	32.0	32.0	32.0	32.0
2	31.5274187583597	32.0	32.0	32.0	32.0	32.0
3	31.597718048293295	32.0	32.0	32.0	32.0	32.0
4	31.66924613555231	32.0	32.0	32.0	32.0	32.0
5	31.65243443925234	32.0	32.0	32.0	32.0	32.0
6	35.32319331226505	36.0	36.0	36.0	36.0	36.0
7	35.34062000035842	36.0	36.0	36.0	36.0	36.0
8	35.29041195341365	36.0	36.0	36.0	36.0	36.0
9	35.37936172952164	36.0	36.0	36.0	36.0	36.0
10	35.2828730928677	36.0	36.0	36.0	36.0	36.0
11	35.36391800442704	36.0	36.0	36.0	36.0	36.0
12	35.316359938309326	36.0	36.0	36.0	36.0	36.0
13	35.34108840413824	36.0	36.0	36.0	36.0	36.0
14	35.32058353722554	36.0	36.0	36.0	36.0	36.0
15	35.28440701356706	36.0	36.0	36.0	36.0	36.0
16	35.305354991472264	36.0	36.0	36.0	36.0	36.0
17	35.299518204176515	36.0	36.0	36.0	36.0	36.0
18	35.28110420768183	36.0	36.0	36.0	36.0	36.0
19	35.28654063176129	36.0	36.0	36.0	36.0	36.0
20	35.27552183108595	36.0	36.0	36.0	36.0	36.0
21	35.26781863097217	36.0	36.0	36.0	36.0	36.0
22	35.25821550615634	36.0	36.0	36.0	36.0	36.0
23	35.238664732326264	36.0	36.0	36.0	36.0	36.0
24	35.231311479320055	36.0	36.0	36.0	36.0	36.0
25	35.19387523080728	36.0	36.0	36.0	36.0	36.0
26	35.169525055259655	36.0	36.0	36.0	36.0	36.0
27	35.15971310607418	36.0	36.0	36.0	36.0	36.0
28	35.15867991477729	36.0	36.0	36.0	36.0	36.0
29	35.144759645862	36.0	36.0	36.0	36.0	36.0
30	35.12074912236782	36.0	36.0	36.0	36.0	36.0
31	35.10624597544939	36.0	36.0	36.0	36.0	36.0
32	35.09370765867718	36.0	36.0	36.0	36.0	36.0
33	35.08970067956254	36.0	36.0	36.0	36.0	36.0
34	35.075923312777256	36.0	36.0	36.0	36.0	36.0
35	35.04914896972987	36.0	36.0	36.0	36.0	36.0
36	35.04929648507027	36.0	36.0	36.0	36.0	36.0
37	35.043038310186816	36.0	36.0	36.0	36.0	36.0
38	35.01716275085382	36.0	36.0	36.0	36.0	36.0
39	35.00778269531135	36.0	36.0	36.0	36.0	36.0
40	34.9939186462856	36.0	36.0	36.0	36.0	36.0
41	34.98510910346095	36.0	36.0	36.0	36.0	36.0
42	34.9718164908189	36.0	36.0	36.0	36.0	36.0
43	34.96122453132117	36.0	36.0	36.0	36.0	36.0
44	34.94714436418682	36.0	36.0	36.0	36.0	36.0
45	34.92772332849851	36.0	36.0	36.0	36.0	36.0
46	34.92014642058201	36.0	36.0	36.0	36.0	36.0
47	34.91549746988877	36.0	36.0	36.0	36.0	36.0
48	34.87586992967192	36.0	36.0	36.0	36.0	36.0
49	34.868346672248315	36.0	36.0	36.0	36.0	36.0
50	34.85802037934027	36.0	36.0	36.0	36.0	36.0
51	34.83372260564435	36.0	36.0	36.0	36.0	36.0
52	34.816275589265736	36.0	36.0	36.0	36.0	36.0
53	34.799910889908446	36.0	36.0	36.0	36.0	36.0
54	34.771261336150054	36.0	36.0	36.0	36.0	36.0
55	34.75594898816617	36.0	36.0	36.0	36.0	36.0
56	34.73354528557665	36.0	36.0	36.0	36.0	36.0
57	34.71396917025928	36.0	36.0	36.0	36.0	36.0
58	34.69351662248494	36.0	36.0	36.0	32.0	36.0
59	34.666249699999995	36.0	36.0	36.0	32.0	36.0
60	34.65151173170516	36.0	36.0	36.0	32.0	36.0
61	34.628892203890814	36.0	36.0	36.0	32.0	36.0
62	34.60176010876603	36.0	36.0	36.0	32.0	36.0
63	34.57692319662009	36.0	36.0	36.0	32.0	36.0
64	34.549918354075636	36.0	36.0	36.0	32.0	36.0
65	34.519833368623125	36.0	36.0	36.0	32.0	36.0
66	34.476935785728934	36.0	36.0	36.0	32.0	36.0
67	34.46751696831006	36.0	36.0	36.0	32.0	36.0
68	34.43851211093598	36.0	36.0	36.0	32.0	36.0
69	34.42001725757935	36.0	36.0	36.0	32.0	36.0
70	34.37797892092569	36.0	36.0	36.0	32.0	36.0
71	34.355029393250454	36.0	36.0	36.0	32.0	36.0
72	34.33461882969902	36.0	36.0	36.0	32.0	36.0
73	34.292188686485744	36.0	36.0	36.0	32.0	36.0
74	34.25664767420717	36.0	36.0	36.0	32.0	36.0
75	33.544254183649144	36.0	36.0	36.0	27.0	36.0
>>END_MODULE
>>Per sequence quality scores	pass
#Quality	Count
2	8658.0
3	0.0
4	0.0
5	0.0
6	0.0
7	0.0
8	0.0
9	0.0
10	1.0
11	9.0
12	38.0
13	134.0
14	314.0
15	328.0
16	279.0
17	332.0
18	410.0
19	929.0
20	2400.0
21	5762.0
22	11715.0
23	22030.0
24	39908.0
25	69801.0
26	113072.0
27	170005.0
28	240407.0
29	326891.0
30	431475.0
31	567473.0
32	783890.0
33	1238770.0
34	2886590.0
35	1.6681946E7
>>END_MODULE
>>Per base sequence content	fail
#Base	G	A	T	C
1	43.15528969066094	18.647194930483916	11.616446886367687	26.581068492487457
2	16.210310077059418	20.25337807769346	35.9672732697656	27.569038575481525
3	18.564608745556182	21.93017607264768	28.85936654940527	30.64584863239087
4	12.915390543652986	15.322935833941093	36.068296781372794	35.69337684103313
5	14.514721948881679	35.406070276355415	34.728623203669464	15.350584571093439
6	34.268099953256865	35.6981965897813	16.251573591574353	13.782129865387487
7	30.414277079856504	29.99475013868458	20.683550845650643	18.907421935808273
8	26.427671325199853	34.79120432293254	19.88415382318279	18.89697052868481
9	24.511325727087993	15.639844171469363	20.04985482249582	39.79897527894683
10	14.007390323056553	27.627752240960113	35.03975794100329	23.32509949498004
11	34.14515817797814	22.915294990118422	23.73300104696314	19.206545784940303
12	21.873099828441806	24.43539833105523	31.29784904023152	22.39365280027145
13	27.68651915546697	20.79304480470766	26.41235446171884	25.108081578106535
14	20.29195365830824	20.653095123189498	27.57823308409454	31.476718134407722
15	22.57682611459156	29.656171406176675	23.48051217536874	24.286490303863022
16	22.552878411102967	29.053962070562644	25.461534327524205	22.931625190810188
17	21.380480848644087	28.399761999505913	27.68323454860538	22.536522603244624
18	21.89663357284477	28.21620679134168	28.058515513372694	21.828644122440856
19	22.24513642161886	27.641433205184107	27.94209023839282	22.17134013480421
20	22.290951616477688	27.493401191254563	27.966077594506146	22.249569597761607
21	22.196242828071036	27.187349331004228	27.765833510208704	22.850574330716032
22	22.064573266006875	27.085055207555836	28.06049090627903	22.78988062015826
23	22.139841355412702	27.169941105867036	27.79541578511948	22.89480175360078
24	22.12625431802591	27.03562504349495	28.078876547413582	22.759244091065558
25	22.414134293230877	27.001882308004348	27.665600275528764	22.918383123236012
26	21.94210848746679	27.29619153614698	27.893966314152713	22.867733662233512
27	21.91860026711159	27.30065423223178	27.98343380854171	22.797311692114917
28	22.063585906533028	27.181675768509873	27.99321045968628	22.76152786527082
29	21.748073554991933	27.382728376710975	28.147991259636463	22.72120680866063
30	21.993515311315413	27.456673934233798	27.91981390642387	22.629996848026916
31	22.314684392817586	27.502677870132093	27.72557585334724	22.457061883703076
32	21.770825340286525	27.531139497231884	28.091381245122033	22.606653917359562
33	21.865180698148905	27.345956266561323	28.180976418310337	22.607886616979435
34	21.909685131491937	27.09575342930295	28.35574037336589	22.638821065839227
35	21.799346675002298	27.347534004465878	28.192277417846256	22.66084190268557
36	21.992688505624578	27.75023490936515	27.989080450390087	22.267996134620184
37	22.055484966063688	27.529458009099294	27.849771521143595	22.56528550369342
38	21.9651911471373	27.80712963956517	27.851438062152244	22.376241151145287
39	21.958730242644954	27.662849161146003	28.061739545462512	22.316681050746535
40	21.940179165214317	27.442803925586823	28.05901436550987	22.55800254368899
41	21.972943944907207	27.598139046605898	28.06070280636109	22.368214202125806
42	21.874516987903114	27.645067155007514	28.083609752347392	22.396806104741977
43	22.008914353884432	27.392331778989092	27.99792767322887	22.600826193897607
44	21.925822692315247	27.726580116894823	28.035575709255482	22.31202148153445
45	21.95307279243511	27.660051637293044	27.98101400199911	22.405861568272737
46	22.10252547491562	27.767915519407723	27.802998298678855	22.326560706997803
47	21.87283054114213	27.831578925847637	27.985046543950215	22.310543989060015
48	21.835514776893042	27.71955634977676	27.962840953282033	22.482087920048173
49	21.998305872686064	27.61605814988143	28.029451148048718	22.35618482938379
50	21.976321979284336	27.711418338676385	27.975926030900023	22.336333651139253
51	22.058555186655088	27.735753524718866	27.89599316727842	22.30969812134763
52	22.020443111817904	27.646439921854753	27.907893245394348	22.425223720932998
53	21.947562652201068	27.6335052253025	28.01607339092807	22.402858731568365
54	22.085833597120175	27.850900394802164	27.90917194347437	22.15409406460329
55	22.060671195950395	27.708078975526778	27.836871193206758	22.394378635316066
56	22.16978189229887	27.86009070250028	27.7454188989945	22.22470850620635
57	21.94139851717214	27.769711101886735	27.911831225351335	22.37705915558979
58	21.93309136822313	27.592940491830227	27.99386890240376	22.48009923754288
59	21.87104062543204	27.747994261225795	27.99459781836363	22.386367294978538
60	22.01642546088623	27.779249423394027	27.957774303085557	22.24655081263419
61	22.176707154784808	27.807914306441706	27.78150179013612	22.233876748637364
62	22.09215228171073	27.90804635622034	27.7721218745617	22.227679487507228
63	22.071035859955355	27.884455439606597	27.807143003230994	22.237365697207053
64	22.111302871977532	27.641805674049934	27.77827742315946	22.468614030813075
65	21.93629103133854	27.71403339771254	27.977981774821675	22.371693796127243
66	22.03840536544436	27.7894289538336	27.77001410572071	22.402151575001334
67	22.045083241910863	27.71473875751404	27.831036663447424	22.409141337127675
68	22.07758115620774	27.939623460933372	27.880177851859017	22.102617530999876
69	22.325300651636617	27.865718390269585	27.758807724793748	22.050173233300054
70	22.32186172067111	27.686410173564703	27.742076132714217	22.249651973049968
71	22.190600616210272	27.93239349600021	27.679921983262428	22.197083904527094
72	22.183770357326864	28.08703297598868	27.895603223559196	21.833593443125256
73	22.825676069906716	28.62511231597173	27.965332719150172	20.583878894971377
74	24.056207266861122	31.01537806811041	28.102592946042527	16.825821718985942
75	29.250221942433953	41.20329978858856	29.546478268977488	0.0
>>END_MODULE
>>Per base GC content	fail
#Base	%GC
1	69.7363581831484
2	43.779348652540946
3	49.21045737794705
4	48.60876738468612
5	29.865306519975114
6	48.050229818644354
7	49.32169901566478
8	45.324641853884664
9	64.31030100603482
10	37.3324898180366
11	53.35170396291844
12	44.26675262871325
13	52.7946007335735
14	51.768671792715956
15	46.86331641845459
16	45.484503601913154
17	43.91700345188871
18	43.72527769528563
19	44.41647655642307
20	44.5405212142393
21	45.046817158787064
22	44.85445388616513
23	45.03464310901349
24	44.88549840909147
25	45.332517416466885
26	44.80984214970031
27	44.7159119592265
28	44.825113771803856
29	44.469280363652565
30	44.623512159342326
31	44.771746276520666
32	44.37747925764609
33	44.47306731512834
34	44.548506197331164
35	44.460188577687866
36	44.260684640244754
37	44.62077046975711
38	44.341432298282584
39	44.275411293391485
40	44.4981817089033
41	44.34115814703301
42	44.27132309264509
43	44.60974054778204
44	44.237844173849695
45	44.35893436070784
46	44.429086181913426
47	44.183374530202144
48	44.31760269694121
49	44.35449070206985
50	44.312655630423585
51	44.368253308002714
52	44.445666832750895
53	44.35042138376943
54	44.23992766172346
55	44.455049831266464
56	44.39449039850522
57	44.31845767276193
58	44.41319060576601
59	44.25740792041058
60	44.262976273520415
61	44.41058390342217
62	44.31983176921796
63	44.308401557162405
64	44.57991690279061
65	44.30798482746579
66	44.44055694044569
67	44.45422457903854
68	44.180198687207614
69	44.375473884936675
70	44.57151369372107
71	44.387684520737366
72	44.017363800452124
73	43.4095549648781
74	40.882028985847064
75	29.250221942433953
>>END_MODULE
>>Per sequence GC content	warn
#GC Content	Count
0	8663.0
1	4334.0
2	16.0
3	46.5
4	66.5
5	92.0
6	167.0
7	314.5
8	422.5
9	597.5
10	1187.0
11	2250.5
12	2920.5
13	4093.5
14	7208.0
15	12109.5
16	15998.5
17	23154.0
18	38188.5
19	57636.0
20	71253.0
21	92220.0
22	131357.5
23	175850.5
24	205790.5
25	242969.0
26	307585.0
27	372826.5
28	414349.5
29	464710.0
30	543402.0
31	615817.5
32	661734.5
33	712502.5
34	796339.0
35	872729.5
36	916976.0
37	960602.0
38	1007764.0
39	1036758.0
40	1056259.0
41	1061320.0
42	1052159.0
43	1036843.5
44	1029878.5
45	1013078.5
46	976521.5
47	935433.5
48	912202.5
49	885810.0
50	842277.5
51	802209.5
52	777068.0
53	759762.0
54	731816.5
55	701664.5
56	684704.5
57	668032.5
58	631079.0
59	584317.5
60	545521.5
61	501303.5
62	445346.5
63	392860.5
64	352667.0
65	318735.0
66	272313.0
67	225048.5
68	191894.0
69	167173.5
70	136995.0
71	107042.0
72	86768.0
73	72815.0
74	57430.0
75	43795.5
76	35229.5
77	29458.0
78	23159.5
79	17431.5
80	13692.5
81	11443.5
82	8751.5
83	5946.0
84	4267.0
85	3434.0
86	2472.0
87	1599.5
88	1260.0
89	1040.5
90	693.5
91	469.5
92	391.0
93	478.5
94	466.0
95	266.5
96	169.5
97	118.5
98	63.0
99	64.5
100	72.0
>>END_MODULE
>>Per base N content	pass
#Base	N-Count
1	0.06841338853572428
2	0.037227424143139044
3	0.03687578237645183
4	0.03670207981700393
5	0.036693606521421104
6	0.03668089657804687
7	0.03668089657804687
8	0.03668089657804687
9	0.03668089657804687
10	0.03668089657804687
11	0.03668089657804687
12	0.03668089657804687
13	0.03668089657804687
14	0.03668089657804687
15	0.037104561357188086
16	0.0399897185031398
17	0.03668089657804687
18	0.03698593521902854
19	0.04337903673626956
20	0.03718929431301633
21	0.037278263916635995
22	0.03762143238774038
23	0.03680375936399782
24	0.03759177585320049
25	0.0409260176650419
26	0.04831473141326478
27	0.047365722307988446
28	0.04079044493571671
29	0.04447632851424532
30	0.05081859025798939
31	0.051081262421056955
32	0.06506220013271723
33	0.047967326294368985
34	0.054089282352959615
35	0.07652233240848724
36	0.014864961552012189
37	0.021502261065344617
38	0.020557391972558934
39	0.03192598295720026
40	0.04007818768183367
41	0.02297071340151402
42	0.03297888637939298
43	0.04283143525747988
44	0.03044687806025337
45	0.03719992412031939
46	0.02449193489434385
47	0.03409276126415124
48	0.06576094605092822
49	0.03640463586474036
50	0.03625650730060638
51	0.050648956570003636
52	0.05012508835673986
53	0.03431983174728149
54	0.05861411271324351
55	0.04546364129915462
56	0.0387910006594127
57	0.05314006841016353
58	0.04249044555955718
59	0.03799211295782325
60	0.029298895773636438
61	0.0479699264267075
62	0.02332156203177172
63	0.03629512880210601
64	0.05333568534299965
65	0.030681751109808343
66	0.038441550551094654
67	0.0377141160485689
68	0.021670856554206717
69	0.023474806715372786
70	0.04211516860656186
71	0.022077730340998667
72	0.014273167705796194
73	0.027365746891842506
74	0.01996061697500293
75	0.04657939159609714
>>END_MODULE
>>Sequence Length Distribution	warn
#Length	Count
35	11175.0
36	4175.0
37	5459.0
38	6350.0
39	7478.0
40	8495.0
41	9003.0
42	10311.0
43	11615.0
44	13329.0
45	14563.0
46	15690.0
47	16067.0
48	16800.0
49	17264.0
50	17739.0
51	18594.0
52	19392.0
53	20506.0
54	22232.0
55	22644.0
56	23410.0
57	24869.0
58	24741.0
59	25774.0
60	26363.0
61	26415.0
62	27778.0
63	28855.0
64	30875.0
65	32831.0
66	32823.0
67	34395.0
68	36071.0
69	45122.0
70	61401.0
71	154045.0
72	560026.0
73	1643573.0
74	5056483.0
75	1.5418836E7
>>END_MODULE
>>Sequence Duplication Levels	warn
#Total Duplicate Percentage	37.18314032445245
#Duplication Level	Relative count
1	100.0
2	23.976226601992124
3	11.056516851282616
4	6.222435358212593
5	3.734247372269086
6	2.510200391506356
7	1.794011053372222
8	1.2822226240359746
9	0.91823177490743
10++	5.737376278488377
>>END_MODULE
>>Overrepresented sequences	pass
>>END_MODULE
>>Kmer Content	warn
#Sequence	Count	Obs/Exp Overall	Obs/Exp Max	Max Obs/Exp Position
AAAAA	8836275	3.552463	6.9328427	71
TTTTT	8205925	3.1331632	5.6278434	71
CCTGG	3687995	3.1117115	12.310058	3
CCAGG	3485010	2.9709404	13.494436	3
CCCAG	3386755	2.8743114	12.294472	2
CTGGG	3349310	2.8386	11.1192	4
CCAGC	3164985	2.686097	7.097951	3
CCTCC	3117285	2.6067877	5.0156126	1
GGAGG	3014540	2.59293	5.956574	6
GCTGG	3021050	2.5603938	6.4790955	3
CAGCC	2868430	2.4344132	5.9452825	5
CAGCA	3453465	2.434264	6.7673984	4
TCCAG	3467420	2.419012	9.338169	2
TGCTG	3433955	2.3816895	6.612316	2
GGCTG	2764950	2.3433442	8.741466	7
CAGGA	3304085	2.3393955	10.405609	4
CTCCA	3356535	2.331218	7.02999	1
AGGAG	3259820	2.3183873	7.5263147	5
CTCCT	3323985	2.2849138	6.504591	1
GGCAG	2650990	2.270063	6.554065	7
CTGGA	3226355	2.260912	8.583109	4
TCCTG	3269145	2.257277	8.936484	2
CCTGC	2678875	2.250202	6.2980447	3
CTGCC	2660210	2.2345235	5.865152	9
GCCTG	2639650	2.22718	8.034196	7
GCAGG	2586470	2.214814	6.6415606	3
CAGAG	3114550	2.205199	8.176951	4
CCCTG	2616420	2.1977413	9.16338	2
CTGCA	3146160	2.194888	6.6029863	4
AGCAG	3098680	2.1939626	5.7090006	7
CTGCT	3166415	2.186344	6.5762734	9
GCTGC	2581145	2.1778169	5.775399	8
TGCAG	3080205	2.1584954	6.608078	2
CTCTG	3112995	2.1494586	7.438011	2
CAGGG	2479315	2.1230562	9.662584	4
TGGAG	2970425	2.0908842	6.444046	5
CAGGC	2434945	2.0757692	6.5803328	4
GCCAG	2429445	2.0710804	5.6850214	2
CTGGC	2441055	2.0596173	5.6880255	4
AGCTG	2932740	2.0551574	5.9899573	7
GGGAG	2380665	2.0477078	5.6065936	7
GGAGA	2829395	2.0122685	5.564863	6
CCCCA	2380875	2.0116236	7.091371	1
CACAG	2833400	1.997195	7.23225	7
CAGAA	3406930	1.9945198	5.3867183	4
CTCAG	2811925	1.9617124	6.286954	2
CTGTG	2824950	1.9593017	9.213493	9
CTGAG	2771550	1.9422013	6.0286965	4
TTCTG	3362240	1.908363	5.119115	2
GGCCA	2232790	1.9034338	6.625437	1
CCAGA	2666640	1.87965	6.964451	3
TGGGG	2198975	1.8720138	6.265646	5
CCTCT	2656735	1.8262447	5.468687	1
TCTGG	2624160	1.8200397	6.3790917	3
CACTG	2587960	1.8054653	7.6205363	7
CAGTG	2556740	1.7916702	6.7565994	9
TGGCC	2122500	1.7908392	6.040481	5
AGAGG	2506505	1.782629	5.2560787	5
ACCTG	2534265	1.7680056	5.4782825	7
GCCCA	2055510	1.7444946	8.0703125	1
CCTGA	2484625	1.7333747	5.6928387	3
GGCCC	1650865	1.6944896	5.0360785	6
GAGAG	2364390	1.6815566	5.4660816	7
ACAGA	2870020	1.6801965	5.874593	8
TCAGG	2378055	1.6664543	5.974281	3
GGGCC	1601775	1.6514628	5.664981	6
TGGGC	1941095	1.6451126	6.742681	5
GGCCT	1938780	1.6358274	5.48936	6
AGCCT	2304925	1.6080087	5.691605	6
CCTGT	2326550	1.6064346	5.6971984	8
AGGCC	1877280	1.6003647	5.282339	5
AGGTG	2261830	1.5921038	5.3550563	7
ACAGG	2237520	1.5842342	5.0872455	8
AGGCT	2140290	1.4998373	5.2318964	6
ACACA	2521715	1.4697087	6.3861094	6
GCCCT	1740175	1.4617125	6.0008197	1
GGGCT	1720025	1.4577518	6.259958	6
GTGTG	2081965	1.4504538	6.576006	1
CTGTC	2088690	1.4421972	5.891904	9
GACAG	2036720	1.4420615	7.330766	7
ACAGC	2043180	1.440188	5.7466884	8
CACAC	2050545	1.4389378	6.8619537	5
TGTGT	2517490	1.4352906	5.5630608	10
GCTGT	2058415	1.4276557	5.2966065	8
AGGGC	1613655	1.381785	5.838953	5
AGAGC	1942630	1.3754429	5.0944304	5
AGACA	2328755	1.3633236	5.7480154	6
ACTGC	1815735	1.2667301	5.4197044	8
GGACA	1764260	1.2491513	6.1206965	6
GTGCT	1747700	1.2121528	5.8204465	1
GTCCT	1742095	1.2028805	6.8352885	1
GTCCA	1660455	1.1584003	6.619052	1
AGCAC	1634995	1.1524682	5.6586504	5
TGTGC	1660590	1.1517359	5.623458	10
AGGAC	1613905	1.1426953	7.217564	5
GTCTT	1994065	1.131805	5.0828032	1
TGCAC	1537925	1.0729184	5.6720796	5
GTGCA	1530785	1.0727183	5.8324976	1
GACTG	1516890	1.0629812	6.5764008	7
ACAGT	1834300	1.0628319	5.7471933	8
TGGAC	1514820	1.0615306	6.004914	5
ACTGT	1846075	1.0586747	6.5366845	8
GCACT	1487990	1.0380819	5.1814866	6
AGACT	1763390	1.0217451	5.775979	6
GGACC	1162370	0.9909102	5.1746697	6
GGACT	1361150	0.9538443	5.471426	6
ACACT	1604975	0.92581147	5.0218954	6
GTGTA	1101595	0.63456345	5.6689563	1
>>END_MODULE
