##FastQC	0.10.1
>>Basic Statistics	pass
#Measure	Value	
Filename	008-F5_S2_L004_R2_001.fastq.gz	
File type	Conventional base calls	
Encoding	Sanger / Illumina 1.9	
Total Sequences	13029031	
Filtered Sequences	0	
Sequence length	35-75	
%GC	46	
>>END_MODULE
>>Per base sequence quality	pass
#Base	Mean	Median	Lower Quartile	Upper Quartile	10th Percentile	90th Percentile
1	31.544954110555114	32.0	32.0	32.0	32.0	32.0
2	31.341373429842942	32.0	32.0	32.0	32.0	32.0
3	31.375197127092566	32.0	32.0	32.0	32.0	32.0
4	31.399407599843766	32.0	32.0	32.0	32.0	32.0
5	31.383370566851823	32.0	32.0	32.0	32.0	32.0
6	35.13797127353523	36.0	36.0	36.0	36.0	36.0
7	35.12379631301821	36.0	36.0	36.0	36.0	36.0
8	35.07927496680298	36.0	36.0	36.0	36.0	36.0
9	35.154673820332455	36.0	36.0	36.0	36.0	36.0
10	35.02404384485692	36.0	36.0	36.0	36.0	36.0
11	35.13701057277398	36.0	36.0	36.0	36.0	36.0
12	35.051509740056645	36.0	36.0	36.0	36.0	36.0
13	35.084371892276565	36.0	36.0	36.0	36.0	36.0
14	35.034060322674804	36.0	36.0	36.0	36.0	36.0
15	35.00877655444983	36.0	36.0	36.0	36.0	36.0
16	35.016558407144785	36.0	36.0	36.0	36.0	36.0
17	35.00391748242828	36.0	36.0	36.0	36.0	36.0
18	34.994827243867945	36.0	36.0	36.0	36.0	36.0
19	34.98899749336693	36.0	36.0	36.0	36.0	36.0
20	34.97708164175832	36.0	36.0	36.0	36.0	36.0
21	34.965721779309604	36.0	36.0	36.0	36.0	36.0
22	34.95958233578537	36.0	36.0	36.0	36.0	36.0
23	34.94219516401488	36.0	36.0	36.0	36.0	36.0
24	34.93763910762051	36.0	36.0	36.0	36.0	36.0
25	34.91797724635086	36.0	36.0	36.0	36.0	36.0
26	34.901790624337295	36.0	36.0	36.0	36.0	36.0
27	34.887422403093524	36.0	36.0	36.0	36.0	36.0
28	34.88414034781251	36.0	36.0	36.0	36.0	36.0
29	34.865504886741	36.0	36.0	36.0	36.0	36.0
30	34.84465897732533	36.0	36.0	36.0	36.0	36.0
31	34.840509704827625	36.0	36.0	36.0	36.0	36.0
32	34.82387101542701	36.0	36.0	36.0	36.0	36.0
33	34.81180342574977	36.0	36.0	36.0	36.0	36.0
34	34.80408427917625	36.0	36.0	36.0	36.0	36.0
35	34.7932812501559	36.0	36.0	36.0	36.0	36.0
36	34.78999820049082	36.0	36.0	36.0	36.0	36.0
37	34.77762208917598	36.0	36.0	36.0	36.0	36.0
38	34.769806535969806	36.0	36.0	36.0	36.0	36.0
39	34.75412144051124	36.0	36.0	36.0	36.0	36.0
40	34.74742066204769	36.0	36.0	36.0	36.0	36.0
41	34.73292543670678	36.0	36.0	36.0	36.0	36.0
42	34.71944865839903	36.0	36.0	36.0	36.0	36.0
43	34.71225020673819	36.0	36.0	36.0	36.0	36.0
44	34.69782314692127	36.0	36.0	36.0	36.0	36.0
45	34.68065064466807	36.0	36.0	36.0	36.0	36.0
46	34.662636242706355	36.0	36.0	36.0	36.0	36.0
47	34.65620241801608	36.0	36.0	36.0	36.0	36.0
48	34.63420991048156	36.0	36.0	36.0	36.0	36.0
49	34.631619782545535	36.0	36.0	36.0	36.0	36.0
50	34.60506094768235	36.0	36.0	36.0	32.0	36.0
51	34.58869176424765	36.0	36.0	36.0	32.0	36.0
52	34.57211915280839	36.0	36.0	36.0	32.0	36.0
53	34.550145314724325	36.0	36.0	36.0	32.0	36.0
54	34.531876396118854	36.0	36.0	36.0	32.0	36.0
55	34.514152654418105	36.0	36.0	36.0	32.0	36.0
56	34.49184702951279	36.0	36.0	36.0	32.0	36.0
57	34.47877212632927	36.0	36.0	36.0	32.0	36.0
58	34.461492806544825	36.0	36.0	36.0	32.0	36.0
59	34.441757382046674	36.0	36.0	36.0	32.0	36.0
60	34.426242239288925	36.0	36.0	36.0	32.0	36.0
61	34.40003965739997	36.0	36.0	36.0	32.0	36.0
62	34.37283327613409	36.0	36.0	36.0	32.0	36.0
63	34.3560262769117	36.0	36.0	36.0	32.0	36.0
64	34.32583144182297	36.0	36.0	36.0	32.0	36.0
65	34.31115781682374	36.0	36.0	36.0	32.0	36.0
66	34.283647648775805	36.0	36.0	36.0	32.0	36.0
67	34.25397549101079	36.0	36.0	36.0	32.0	36.0
68	34.227435685595786	36.0	36.0	36.0	32.0	36.0
69	34.21715862235585	36.0	36.0	36.0	32.0	36.0
70	34.209622491158186	36.0	36.0	36.0	32.0	36.0
71	34.181302522340324	36.0	36.0	36.0	32.0	36.0
72	34.15347551649766	36.0	36.0	36.0	32.0	36.0
73	34.11436072354637	36.0	36.0	36.0	32.0	36.0
74	34.053043582544056	36.0	36.0	36.0	32.0	36.0
75	33.07541645124511	36.0	36.0	36.0	21.0	36.0
>>END_MODULE
>>Per sequence quality scores	pass
#Quality	Count
2	7972.0
3	931.0
4	1111.0
5	226.0
6	118.0
7	111.0
8	118.0
9	70.0
10	97.0
11	131.0
12	146.0
13	207.0
14	1202.0
15	2736.0
16	4578.0
17	7153.0
18	10068.0
19	13405.0
20	17594.0
21	23434.0
22	31422.0
23	42018.0
24	56634.0
25	75695.0
26	99605.0
27	128079.0
28	159694.0
29	197869.0
30	244518.0
31	308920.0
32	413293.0
33	627047.0
34	1378755.0
35	9174074.0
>>END_MODULE
>>Per base sequence content	fail
#Base	G	A	T	C
1	44.69557913661357	17.576596089645363	11.451420410012204	26.27640436372886
2	17.15442590973658	19.22959171055071	36.25999632245015	27.355986057262555
3	20.32253372375642	20.512640725567632	28.5481059647243	30.616719585951653
4	13.963748990258404	14.291021237175572	35.566558925055865	36.17867084751016
5	15.573263587381028	34.167992426540714	34.840009443782996	15.41873454229526
6	35.296139026832144	34.254044561122825	16.22137162726019	14.228444784784838
7	31.128953562719165	29.442618362234697	20.180425730123076	19.248002344923066
8	27.158066523932018	34.07267760658377	19.740727144770126	19.028528724714086
9	25.213836684270323	15.688605395762725	19.844981414038593	39.25257650592836
10	14.966169816696553	27.095380767875525	34.32528182729311	23.61316758813481
11	34.61870013739414	22.457236590935242	23.453294210134228	19.470769061536384
12	22.577926331793304	23.949902657379788	30.596086814376715	22.87608419645019
13	28.167906051593327	20.31643589343146	25.95395945477869	25.561698600196518
14	20.785277608114484	20.36503927409733	27.002761566194973	31.846921551593216
15	23.130672710234094	29.06938110971888	23.104139150773996	24.69580702927303
16	23.153052335820664	28.19526203786409	25.3104260103552	23.341259615960045
17	22.034029030165573	27.846361427005604	27.26200312874596	22.85760641408286
18	22.48443378144069	27.449291194494574	27.762482359566015	22.30379266449873
19	22.916610809806297	26.9508269363304	27.450723109790403	22.681839144072903
20	22.854810990689753	26.86226637862643	27.56709737751613	22.715825253167683
21	22.65610950693625	26.55389721541379	27.349793962390944	23.440199315259015
22	22.688577575031207	26.550914084232968	27.54497439774412	23.2155339429917
23	22.626037319573676	26.6210357066334	27.43539576883397	23.31753120495896
24	22.76216454650084	26.34558971860539	27.735669963643982	23.156575771249784
25	22.875016948670783	26.40514947671339	27.336337297177703	23.38349627743812
26	22.373214201893127	26.826899283449002	27.531742208196437	23.268144306461437
27	22.447584026737854	26.83831968957439	27.504622611445882	23.209473672241867
28	22.55169734070895	26.72494243047562	27.469428385478285	23.253931843337146
29	22.367022296187823	26.837599522627887	27.65891833299901	23.136459848185282
30	22.45773574576524	26.912315428670112	27.507029157820124	23.122919667744526
31	22.89933847395208	26.87286606204435	27.25191697663336	22.975878487370206
32	22.282508576772734	27.05762266870726	27.622954484451036	23.036914270068973
33	22.441474041118152	26.875972468459043	27.76201785289413	22.920535637528676
34	22.491714523413485	26.588207492195835	27.871552698965335	23.048525285425345
35	22.373227848004017	26.92487166446692	27.730792691827244	22.97110779570182
36	22.465736647763006	27.225968286072128	27.648540474431186	22.659754591733677
37	22.582310428340275	26.958339983474094	27.355819249058804	23.103530339126827
38	22.46657140819403	27.34860143428764	27.357923873560363	22.826903283957964
39	22.575681661893366	27.137712636678675	27.57691848252793	22.709687218900036
40	22.666203170916827	26.852435578665755	27.552131161608155	22.92923008880926
41	22.61074745670062	27.081497245137115	27.579229032141967	22.728526266020303
42	22.471909766625515	27.23837220036161	27.614524087628972	22.6751939453839
43	22.55849091969103	26.985171838488743	27.51758003493116	22.93875720688907
44	22.43187755964769	27.3657060051569	27.552843259310254	22.649573175885156
45	22.542145533239186	27.237777404559154	27.42044918221614	22.799627879985522
46	22.61594406301138	27.26182549486074	27.311709811927802	22.81052063020007
47	22.526265374409192	27.352584523940642	27.46941458029546	22.651735521354706
48	22.394523980525584	27.3239069312956	27.40200447271899	22.879564615459827
49	22.661764093162784	27.140767282844696	27.434775094247616	22.7626935297449
50	22.510816093862825	27.390235340322	27.403468113841072	22.695480451974102
51	22.556924039167832	27.40385343367461	27.365542519320783	22.67368000783678
52	22.613236412685723	27.35238117620392	27.28215524646217	22.752227164648186
53	22.46899828631936	27.239723969843986	27.506605108982463	22.784672634854193
54	22.62466820130499	27.507029285618945	27.35872444364199	22.509578069434074
55	22.604310429194854	27.21263049869756	27.334990159543327	22.848068912564255
56	22.67265099896801	27.48684802973499	27.192608447278293	22.647892524018705
57	22.537817750117252	27.41779993041995	27.307777740424804	22.736604579037987
58	22.53318723600069	27.281174388782166	27.31260308655614	22.873035288661008
59	22.420488875635208	27.429018490206484	27.357037832557523	22.793454801600785
60	22.51988902971724	27.417594969372104	27.42436334971115	22.6381526511995
61	22.756194755507657	27.37942011494652	27.258366737697642	22.606018391848185
62	22.681718161835477	27.532224960855878	27.241874974091925	22.544181903216725
63	22.679280675399173	27.593400743080416	27.18617054080818	22.541148040712233
64	22.69378748227065	27.320710612472304	27.095862967686816	22.889638937570226
65	22.55233555573146	27.49386535041761	27.2832613215732	22.670537772277733
66	22.621468759804667	27.64006097899371	27.07454290284784	22.663927358353792
67	22.711721240860385	27.41774797466529	27.1550830189504	22.715447765523926
68	22.689226966683915	27.70043989450973	27.25011951558136	22.360213623224993
69	22.94239049941612	27.60992023212543	27.13599379804065	22.311695470417796
70	23.041901999875723	27.36894191406399	27.06067458154684	22.528481504513447
71	22.78742017020314	27.73029916284256	27.017842456093117	22.464438210861182
72	22.826850401940867	27.842460348914706	27.205673813213384	22.125015435931047
73	23.534681431331073	28.420963307200953	27.25168995515295	20.79266530631502
74	24.686099511710353	30.8668017187286	27.34957320221675	17.0975255673443
75	30.056215862500263	41.30010732590656	28.643676811593178	0.0
>>END_MODULE
>>Per base GC content	fail
#Base	%GC
1	70.97198350034243
2	44.510411966999136
3	50.939253309708064
4	50.14241983776857
5	30.99199812967629
6	49.524583811616985
7	50.37695590764223
8	46.18659524864611
9	64.46641319019868
10	38.579337404831364
11	54.08946919893053
12	45.454010528243494
13	53.729604651789856
14	52.632199159707696
15	47.82647973950713
16	46.49431195178071
17	44.891635444248436
18	44.788226445939415
19	45.5984499538792
20	45.570636243857436
21	46.09630882219526
22	45.90411151802291
23	45.94356852453264
24	45.918740317750625
25	46.2585132261089
26	45.641358508354564
27	45.65705769897972
28	45.8056291840461
29	45.5034821443731
30	45.58065541350976
31	45.87521696132229
32	45.31942284684171
33	45.36200967864683
34	45.54023980883883
35	45.34433564370583
36	45.12549123949668
37	45.6858407674671
38	45.293474692151996
39	45.2853688807934
40	45.595433259726086
41	45.33927372272092
42	45.14710371200941
43	45.4972481265801
44	45.08145073553285
45	45.34177341322471
46	45.42646469321145
47	45.1780008957639
48	45.27408859598541
49	45.42445762290769
50	45.206296545836935
51	45.230604047004604
52	45.36546357733391
53	45.25367092117356
54	45.13424627073906
55	45.452379341759105
56	45.32054352298672
57	45.27442232915524
58	45.4062225246617
59	45.21394367723599
60	45.158041680916746
61	45.36221314735584
62	45.2259000650522
63	45.22042871611141
64	45.583426419840876
65	45.22287332800919
66	45.28539611815845
67	45.427169006384304
68	45.049440589908905
69	45.254085969833916
70	45.57038350438917
71	45.251858381064324
72	44.95186583787192
73	44.327346737646096
74	41.78362507905465
75	30.056215862500263
>>END_MODULE
>>Per sequence GC content	warn
#GC Content	Count
0	8012.0
1	4316.0
2	744.5
3	824.5
4	780.5
5	694.5
6	637.0
7	743.0
8	823.0
9	975.0
10	1417.5
11	2115.5
12	2541.0
13	2984.0
14	4051.5
15	5822.0
16	7324.0
17	10322.5
18	16675.0
19	24704.5
20	30317.5
21	39515.0
22	56973.5
23	76907.0
24	90353.5
25	107590.5
26	137223.0
27	167689.5
28	187771.0
29	212617.0
30	252799.0
31	292580.0
32	319061.5
33	349195.5
34	400599.5
35	449547.0
36	477556.5
37	505491.5
38	536786.0
39	555655.5
40	568207.5
41	573043.5
42	573386.0
43	571507.0
44	571968.0
45	566972.0
46	551397.0
47	536471.0
48	531066.5
49	519437.5
50	495707.5
51	474175.0
52	462802.0
53	454339.5
54	437970.5
55	419418.0
56	408930.0
57	398157.5
58	376192.0
59	348719.0
60	325601.0
61	301254.5
62	269344.5
63	236300.0
64	210216.5
65	188676.5
66	160852.0
67	132967.5
68	112943.5
69	97878.0
70	79874.0
71	62443.0
72	50892.5
73	42848.5
74	33938.5
75	26383.5
76	21644.5
77	18248.0
78	14380.5
79	11054.0
80	8928.5
81	7414.0
82	5749.5
83	3999.0
84	2912.0
85	2457.5
86	1885.0
87	1332.0
88	1100.0
89	1054.0
90	944.0
91	832.0
92	794.0
93	834.0
94	854.5
95	871.0
96	908.0
97	984.5
98	1304.0
99	6102.5
100	10658.0
>>END_MODULE
>>Per base N content	pass
#Base	N-Count
1	0.06817084094741965
2	0.0728603685109046
3	0.060963858325304474
4	0.0642641805058258
5	0.06773335637930404
6	0.07203912554970511
7	0.078800948435843
8	0.08034365717604018
9	0.0793151846825754
10	0.08610003307229831
11	0.08449592298920772
12	0.08515598742531198
13	0.08763506664463382
14	0.08763506664463382
15	0.08867888947382196
16	0.09210201434013013
17	0.08960758478508495
18	0.09257019957969245
19	0.09308443582642485
20	0.09108889218238869
21	0.08643774045821212
22	0.09220946669019361
23	0.09540233652065146
24	0.08943873109212803
25	0.09045952841773115
26	0.09495717678467416
27	0.09654593653204141
28	0.09000669351389218
29	0.09801189359362182
30	0.09348354455523208
31	0.09448131637725016
32	0.09131147205037735
33	0.09626195532115933
34	0.09655361169990308
35	0.09494950161681248
36	0.037833470824641405
37	0.041140299096733855
38	0.04051659036835988
39	0.04243667825998094
40	0.04956976898873752
41	0.044792015383178514
42	0.047625162140072105
43	0.042555148642296176
44	0.04573194892116763
45	0.047812769750187514
46	0.03418171597758437
47	0.044891353218140695
48	0.03867909577554594
49	0.043012106091592416
50	0.04287617651927402
51	0.04572196182351323
52	0.04381402053293458
53	0.04336668036181483
54	0.04312180842896696
55	0.03714894115060867
56	0.04457950094993102
57	0.0434123874927313
58	0.040738118145980586
59	0.0423597663874826
60	0.04198682300432574
61	0.038714289633705296
62	0.04011750738635025
63	0.044690219818846785
64	0.0392175147470529
65	0.03970368578371456
66	0.04338956793955025
67	0.04643419706912126
68	0.04035638934446489
69	0.03854229385944301
70	0.043920634985859734
71	0.03995739568441107
72	0.035604706683686496
73	0.04193641090805184
74	0.04153177977119315
75	0.0557298364539568
>>END_MODULE
>>Sequence Length Distribution	warn
#Length	Count
35	8814.0
36	1352.0
37	1975.0
38	2205.0
39	2722.0
40	2948.0
41	3285.0
42	3778.0
43	4474.0
44	5133.0
45	5870.0
46	6247.0
47	6812.0
48	7299.0
49	7872.0
50	8232.0
51	8950.0
52	9476.0
53	10051.0
54	11343.0
55	11888.0
56	12582.0
57	13258.0
58	13565.0
59	14394.0
60	14618.0
61	15034.0
62	15633.0
63	16667.0
64	17996.0
65	19559.0
66	19464.0
67	21227.0
68	22136.0
69	27528.0
70	36204.0
71	86389.0
72	318321.0
73	906726.0
74	2817835.0
75	8489169.0
>>END_MODULE
>>Sequence Duplication Levels	warn
#Total Duplicate Percentage	34.4223111472471
#Duplication Level	Relative count
1	100.0
2	24.132857313575524
3	9.69093570745698
4	4.655383604206501
5	2.6746235659655833
6	1.6468989005736139
7	1.107642208413002
8	0.7461460325047801
9	0.5885516252390057
10++	4.135546128107075
>>END_MODULE
>>Overrepresented sequences	pass
>>END_MODULE
>>Kmer Content	warn
#Sequence	Count	Obs/Exp Overall	Obs/Exp Max	Max Obs/Exp Position
AAAAA	5020175	4.0010777	9.227789	71
GGGGG	1986910	3.255149	5.470268	71
TTTTT	4006305	3.0251915	5.210256	71
CCTGG	2098420	2.9971485	12.085767	3
CCAGG	1976550	2.8537345	12.3671465	3
CCCAG	1852885	2.699008	11.090971	2
CTGGG	1845700	2.6129253	10.699152	4
CAGCA	2086680	2.608403	6.9821854	4
CCAGC	1782145	2.5959647	6.4480247	3
TGCTG	2124085	2.5754967	7.9948015	2
GCTGG	1757190	2.4876232	6.947819	3
GGAGG	1749985	2.482219	5.848705	6
TCCAG	1992695	2.464165	9.053021	2
CTGCT	1944090	2.3782387	6.6216135	9
GCTGC	1641730	2.344864	5.705032	8
AGCAG	1887570	2.338686	5.5715146	7
CTCCA	1873305	2.3371546	6.4250503	1
CTCCT	1890065	2.3327372	6.215574	1
CAGGA	1879840	2.3291085	10.084063	4
CAGCC	1591460	2.318203	5.5092826	9
CTGGA	1888310	2.3144736	8.980795	4
AGGAG	1883870	2.3135016	7.1748157	5
CTTCT	2205540	2.3108795	5.071865	1
TCCTG	1845015	2.2570386	8.923655	2
GGCTG	1593210	2.2554798	8.37156	7
CCTGC	1546155	2.228019	6.302572	3
CTGCA	1780150	2.201332	6.7456636	4
CTGCC	1526475	2.19966	5.665105	9
GGCAG	1533190	2.1940765	6.269282	7
GCAGG	1525305	2.1827924	6.8308225	3
TGCAG	1757225	2.153805	7.2604814	2
CCCTG	1486055	2.1414144	9.016374	2
CAGAG	1718845	2.129637	7.6720624	4
CTCTG	1726045	2.1115005	7.5360546	2
GCCTG	1471125	2.1011906	6.7588825	7
TGGAG	1717160	2.0861223	6.595299	5
AGCTG	1690470	2.0719843	5.8804054	7
CAGAA	1904360	2.0428243	5.4327807	4
CTGGC	1417015	2.023906	5.6050353	4
CAGGG	1413790	2.0232086	9.175553	4
GGAGA	1635695	2.0087283	5.682211	6
GCCAG	1390065	2.00697	5.2462635	2
CACAG	1575890	1.9699025	7.000577	7
CCCCA	1336835	1.9646423	6.728998	1
CAGGC	1360645	1.9644933	5.897967	4
TTCTG	1885220	1.9578271	5.3723707	2
CTGTG	1599900	1.9399116	8.772697	9
CTCAG	1557910	1.9265102	6.296191	2
GGGAG	1357020	1.9248284	5.3312106	7
CTGAG	1540860	1.8886095	5.9809017	4
CCAGA	1504110	1.8801757	6.723127	3
CCTCT	1500420	1.8518333	5.648949	1
GGCCA	1267885	1.8305668	6.0950317	1
TCTGG	1495125	1.8128698	6.3880873	3
TGGGG	1278970	1.7946358	6.16754	5
ACCTG	1446605	1.7888706	5.315627	7
CACTG	1420165	1.7561749	7.294804	7
AGAGG	1429235	1.7551833	5.151348	5
CAGTG	1428880	1.7513573	6.38717	9
TGGCC	1213975	1.7339063	5.520079	5
CCTGA	1388155	1.7165912	5.656244	3
ACAGA	1545015	1.6573515	5.84009	8
GCCCA	1131905	1.6487913	6.9629197	1
TCAGG	1343085	1.6461996	5.8831635	3
GAGAG	1336255	1.6409986	5.2496653	7
CCTGT	1282920	1.569418	5.38287	8
AGGTG	1291520	1.569026	5.1201	7
GGGCC	937280	1.5630108	5.233925	6
TGGGC	1089040	1.541735	6.3161592	5
GTGTG	1223090	1.4699332	7.7371716	1
GCTGT	1209425	1.4664527	5.3510747	8
ACAGC	1168365	1.4604858	5.6181574	8
CTGTC	1190245	1.4560472	5.7891455	9
TGTGT	1411165	1.4525802	5.729657	10
ACACA	1341670	1.4520367	6.095773	6
GCCCT	990825	1.427785	5.9843493	1
GGGCT	994010	1.4072026	5.963831	6
CACAC	1110335	1.4003057	6.312624	5
GACAG	1129170	1.3990338	6.9791465	7
AGACA	1266420	1.3585002	5.4070845	6
AGGGC	919245	1.3154886	5.572361	5
GTCCT	1035190	1.2663659	8.348519	1
GGACA	1021650	1.2658172	6.1194196	6
ACTGC	984860	1.217877	5.123428	8
GTGCT	998105	1.2102228	6.6112075	1
GTCCA	967150	1.195977	6.83993	1
AGGAC	957065	1.1857969	8.06571	5
GTCTT	1118795	1.1618844	5.361685	1
TGTGC	945025	1.1458622	5.7644434	10
AGCAC	915465	1.1443545	5.4781346	5
TGGAC	884070	1.0835917	6.015321	5
GTGCA	851930	1.0441982	5.932278	1
ACAGT	983415	1.0435876	5.4711204	8
TGCAC	835845	1.0336052	5.41713	5
ACTGT	984385	1.033397	6.141799	8
GACTG	837305	1.0262724	5.885986	7
GGACC	684510	0.9882925	5.2024603	6
GGACT	759285	0.9306444	5.150124	6
TGTAG	859905	0.894752	5.174704	2
GTGTA	602735	0.62716043	5.6398835	1
>>END_MODULE
