##FastQC	0.10.1
>>Basic Statistics	pass
#Measure	Value	
Filename	KS26_S5_L001_R2_001_trimmed.fq.gz	
File type	Conventional base calls	
Encoding	Sanger / Illumina 1.9	
Total Sequences	20621242	
Filtered Sequences	0	
Sequence length	20-50	
%GC	45	
>>END_MODULE
>>Per base sequence quality	pass
#Base	Mean	Median	Lower Quartile	Upper Quartile	10th Percentile	90th Percentile
1	35.01384145533038	36.0	36.0	36.0	36.0	36.0
2	35.009659020538145	36.0	36.0	36.0	36.0	36.0
3	34.99122899580927	36.0	36.0	36.0	36.0	36.0
4	34.98626086634355	36.0	36.0	36.0	36.0	36.0
5	34.96667048473608	36.0	36.0	36.0	36.0	36.0
6	34.95847291836253	36.0	36.0	36.0	36.0	36.0
7	34.9441448774036	36.0	36.0	36.0	36.0	36.0
8	34.93994687613869	36.0	36.0	36.0	36.0	36.0
9	34.9232902654457	36.0	36.0	36.0	36.0	36.0
10	34.904591682693024	36.0	36.0	36.0	36.0	36.0
11	34.89195272525292	36.0	36.0	36.0	36.0	36.0
12	34.88293648850055	36.0	36.0	36.0	36.0	36.0
13	34.871153881031994	36.0	36.0	36.0	36.0	36.0
14	34.86201839830986	36.0	36.0	36.0	36.0	36.0
15	34.84346515112911	36.0	36.0	36.0	36.0	36.0
16	34.8290135967562	36.0	36.0	36.0	36.0	36.0
17	34.81824232507431	36.0	36.0	36.0	36.0	36.0
18	34.807992118030526	36.0	36.0	36.0	36.0	36.0
19	34.79484664405762	36.0	36.0	36.0	36.0	36.0
20	34.7877855271763	36.0	36.0	36.0	36.0	36.0
21	34.77546118912304	36.0	36.0	36.0	36.0	36.0
22	34.76485673025943	36.0	36.0	36.0	36.0	36.0
23	34.75174609906179	36.0	36.0	36.0	36.0	36.0
24	34.736879224165314	36.0	36.0	36.0	36.0	36.0
25	34.717046961928396	36.0	36.0	36.0	32.0	36.0
26	34.70766789819462	36.0	36.0	36.0	32.0	36.0
27	34.68699275598343	36.0	36.0	36.0	32.0	36.0
28	34.663695992723724	36.0	36.0	36.0	32.0	36.0
29	34.6560168533246	36.0	36.0	36.0	32.0	36.0
30	34.631650029474955	36.0	36.0	36.0	32.0	36.0
31	34.61214430556528	36.0	36.0	36.0	32.0	36.0
32	34.59906835746461	36.0	36.0	36.0	32.0	36.0
33	34.57160199251389	36.0	36.0	36.0	32.0	36.0
34	34.54030940187954	36.0	36.0	36.0	32.0	36.0
35	34.51833583709637	36.0	36.0	36.0	32.0	36.0
36	34.499808272431174	36.0	36.0	36.0	32.0	36.0
37	34.487048681688016	36.0	36.0	36.0	32.0	36.0
38	34.47045672407239	36.0	36.0	36.0	32.0	36.0
39	34.43529835343273	36.0	36.0	36.0	32.0	36.0
40	34.423674045705	36.0	36.0	36.0	32.0	36.0
41	34.39028101066754	36.0	36.0	36.0	32.0	36.0
42	34.37137545002366	36.0	36.0	36.0	32.0	36.0
43	34.3522726954263	36.0	36.0	36.0	32.0	36.0
44	34.33587465663492	36.0	36.0	36.0	32.0	36.0
45	34.305160510752216	36.0	36.0	36.0	32.0	36.0
46	34.3038416083127	36.0	36.0	36.0	32.0	36.0
47	34.31365433205234	36.0	36.0	36.0	32.0	36.0
48	34.33032659742108	36.0	36.0	36.0	32.0	36.0
49	34.39993189527078	36.0	36.0	36.0	32.0	36.0
50	34.53511219115122	36.0	36.0	36.0	32.0	36.0
>>END_MODULE
>>Per sequence quality scores	pass
#Quality	Count
14	602.0
15	1318.0
16	2577.0
17	4653.0
18	7474.0
19	12200.0
20	19311.0
21	29101.0
22	42580.0
23	60571.0
24	84534.0
25	115837.0
26	154074.0
27	200253.0
28	254659.0
29	320327.0
30	401142.0
31	514247.0
32	692957.0
33	1035468.0
34	2017085.0
35	9307831.0
36	5342441.0
>>END_MODULE
>>Per base sequence content	pass
#Base	G	A	T	C
1	22.715746219359627	26.558647631408427	27.330948349279833	23.394657799952107
2	22.647374973825535	26.50921316960443	27.58628214537223	23.257129711197802
3	22.69883162226601	26.58269080009827	27.384727845199624	23.333749732436097
4	22.769448125384496	26.38645140772801	27.632433584747222	23.21166688214027
5	22.903998701921058	26.395931923014142	27.27261044703321	23.427458928031587
6	22.490779168393445	26.72057289274817	27.470745942460688	23.317901996397694
7	22.55805445666173	26.73953877268886	27.450926573675826	23.25148019697359
8	22.648155722143215	26.626281772940736	27.476574883316925	23.248987621599127
9	22.425419380656123	26.783197636689394	27.600127092247888	23.1912558904066
10	22.538715175351708	26.879074499974347	27.454709081053412	23.127501243620536
11	22.892976087473297	26.86366805646333	27.240352448218204	23.00300340784517
12	22.35097187647572	26.93099183841594	27.613957491018244	23.104078794090093
13	22.520491248781234	26.78425479900774	27.67083088399816	23.024423068212865
14	22.52643657447985	26.569359886276487	27.820356310255224	23.08384722898844
15	22.463035931589378	26.780627471420004	27.68741572403835	23.06892087295227
16	22.578581833237784	27.116004942864258	27.550008869494864	22.755404354403094
17	22.684589027178866	26.847233546844564	27.34746044879353	23.120716977183044
18	22.559058275927317	27.175754011324827	27.372211625274563	22.892976087473297
19	22.65335424510318	27.009163657552733	27.540974496104553	22.796507601239536
20	22.64480480855615	26.79212532397418	27.531052688291034	23.032017179178634
21	22.616895516147164	26.951594275286578	27.565696173523836	22.865814035042423
22	22.534785559235456	27.033337095912145	27.603212361567376	22.82866498328502
23	22.64818860487655	26.803905258888754	27.499088163982023	23.04881797225267
24	22.54253437584858	27.14711997613553	27.542721942181014	22.76762370583488
25	22.617640530127378	27.03280866622622	27.456038054752895	22.893512748893507
26	22.71484423651791	27.097638241982345	27.30784017984133	22.87967734165841
27	22.58168152628167	27.15958477495143	27.46860035625991	22.79013334250699
28	22.518062466753385	27.11215459546962	27.395277747519664	22.974505190257332
29	22.67847326577861	26.989594502942282	27.464152967032025	22.867779264247083
30	22.595127721537082	27.126828475351694	27.464385246463497	22.813658556647727
31	22.663304270480428	27.155976984244173	27.389273001195967	22.791445744079432
32	22.683757055477084	27.105441345721594	27.34940158833585	22.861400010465466
33	22.56201438225104	27.03866243187582	27.50852641380581	22.89079677206733
34	22.722481358299003	27.277902595617075	27.36737862552177	22.632237420562152
35	22.697555974311854	27.0760011133094	27.30299614512183	22.923446767256912
36	22.745243554243547	27.288858626306407	27.216309723927605	22.74958809552244
37	22.61095076412432	27.15580386978053	27.367199170735883	22.866046195359264
38	22.577034655163235	27.023147603582277	27.387412507754043	23.012405233500445
39	22.50737423319336	27.15623451763282	27.443389792634388	22.89300145653943
40	22.65614064458456	27.163477597648424	27.404308046649827	22.77607371111719
41	22.813202745201778	27.170238561240044	27.284443489679045	22.732115203879133
42	22.70664148065023	27.30005271491812	27.292534848754112	22.700770955677537
43	22.717415804335282	27.31078920786954	27.249524878662395	22.72227010913278
44	22.76436650724968	27.05538565536288	27.206603855810567	22.973643981576874
45	22.5859328349601	27.18168610381496	27.38700748852128	22.845373572703654
46	22.67406614950341	27.327739664114585	27.16571635299922	22.832477833382782
47	22.677662313139525	27.259310034403445	27.255151249037624	22.807876403419403
48	22.688264450873696	27.606765074505596	27.361999506387196	22.342970968233516
49	22.79508827133236	27.926636649897173	27.484482291958084	21.79379278681238
50	22.635015625907005	27.726421848386778	27.634677424289556	22.00388510141666
>>END_MODULE
>>Per base GC content	pass
#Base	%GC
1	46.11040401931174
2	45.90450468502333
3	46.03258135470211
4	45.981115007524764
5	46.33145762995265
6	45.808681164791146
7	45.80953465363532
8	45.89714334374234
9	45.616675271062725
10	45.66621641897225
11	45.895979495318464
12	45.45505067056582
13	45.544914316994095
14	45.610283803468285
15	45.53195680454164
16	45.33398618764088
17	45.80530600436191
18	45.452034363400614
19	45.44986184634271
20	45.67682198773478
21	45.482709551189586
22	45.363450542520475
23	45.69700657712922
24	45.31015808168346
25	45.51115327902088
26	45.59452157817632
27	45.37181486878866
28	45.49256765701072
29	45.5462525300257
30	45.40878627818481
31	45.454750014559856
32	45.545157065942554
33	45.45281115431837
34	45.354718778861155
35	45.621002741568766
36	45.494831649765985
37	45.47699695948358
38	45.58943988866368
39	45.40037568973279
40	45.43221435570175
41	45.54531794908091
42	45.40741243632777
43	45.43968591346806
44	45.73801048882655
45	45.431306407663754
46	45.50654398288619
47	45.48553871655893
48	45.03123541910721
49	44.588881058144736
50	44.638900727323666
>>END_MODULE
>>Per sequence GC content	pass
#GC Content	Count
0	3601.0
1	3245.5
2	2737.5
3	2786.5
4	3031.0
5	3470.0
6	4003.0
7	4767.0
8	5557.0
9	7104.0
10	8844.0
11	12273.0
12	15801.0
13	21447.0
14	28155.0
15	39747.0
16	52210.0
17	70977.0
18	91216.5
19	118439.0
20	146630.5
21	182161.5
22	218998.5
23	264454.5
24	312137.0
25	357610.5
26	410029.0
27	470682.0
28	535176.5
29	604959.5
30	675557.5
31	748326.0
32	825296.5
33	902867.0
34	980775.0
35	1050747.5
36	1117765.5
37	1172173.5
38	1215485.5
39	1245086.5
40	1271965.0
41	1289103.0
42	1304557.0
43	1305197.0
44	1298404.0
45	1276339.0
46	1254393.5
47	1229904.0
48	1203393.5
49	1172493.5
50	1141904.5
51	1116754.0
52	1088825.5
53	1058069.0
54	1028154.0
55	993958.5
56	954866.5
57	910297.0
58	864369.5
59	807827.5
60	749649.5
61	688387.5
62	625995.5
63	572165.5
64	508814.5
65	450549.0
66	395075.5
67	344347.0
68	294380.5
69	249975.0
70	211006.0
71	177713.5
72	148257.5
73	122766.5
74	98871.5
75	81646.5
76	69150.5
77	56786.0
78	45376.5
79	36757.0
80	29170.5
81	23666.5
82	19101.0
83	15483.0
84	12129.0
85	9653.0
86	7567.5
87	5980.0
88	4865.0
89	3890.0
90	2969.0
91	2406.0
92	1978.5
93	1767.5
94	1600.0
95	1484.0
96	1386.5
97	1462.5
98	2153.0
99	8348.5
100	13928.0
>>END_MODULE
>>Per base N content	pass
#Base	N-Count
1	0.0
2	0.0
3	0.0
4	0.0
5	0.0
6	0.0
7	0.0
8	0.0
9	0.0
10	0.0
11	0.0
12	0.0
13	0.0
14	0.0
15	0.0
16	0.0
17	0.0
18	0.0
19	0.0
20	0.0
21	0.0
22	0.0
23	3.888943253074781E-5
24	0.0
25	0.0
26	0.0
27	0.0
28	0.0
29	0.0
30	0.0
31	0.0
32	0.0
33	0.0
34	0.0
35	0.0
36	0.0
37	0.0
38	0.0
39	0.0
40	0.0
41	0.0
42	0.0
43	0.0
44	0.0
45	0.0
46	0.0
47	0.0
48	0.0
49	0.0
50	0.0
>>END_MODULE
>>Sequence Length Distribution	warn
#Length	Count
20	15704.0
21	16822.0
22	17575.0
23	18412.0
24	18947.0
25	19699.0
26	20618.0
27	21455.0
28	23107.0
29	24783.0
30	25572.0
31	26786.0
32	28215.0
33	28609.0
34	29472.0
35	30163.0
36	31107.0
37	33121.0
38	35081.0
39	38106.0
40	40821.0
41	44787.0
42	50016.0
43	64688.0
44	107657.0
45	206567.0
46	559330.0
47	1208180.0
48	2447777.0
49	3294687.0
50	1.2093378E7
>>END_MODULE
>>Sequence Duplication Levels	warn
#Total Duplicate Percentage	35.616222575548
#Duplication Level	Relative count
1	100.0
2	22.877785848082876
3	10.114301005390114
4	5.416109178485416
5	3.2837646699032836
6	2.1965671470621966
7	1.545930654841546
8	1.0535570931610536
9	0.8295424137008296
10++	5.593485989525593
>>END_MODULE
>>Overrepresented sequences	pass
>>END_MODULE
>>Kmer Content	warn
#Sequence	Count	Obs/Exp Overall	Obs/Exp Max	Max Obs/Exp Position
AAAAA	4919285	3.7201877	4.6008782	46
TTTTT	4540060	3.1667538	3.5769525	13
>>END_MODULE
