##FastQC	0.10.1
>>Basic Statistics	pass
#Measure	Value	
Filename	KS27_S1_L003_R2_001_trimmed.fq.gz	
File type	Conventional base calls	
Encoding	Sanger / Illumina 1.9	
Total Sequences	19780188	
Filtered Sequences	0	
Sequence length	20-50	
%GC	44	
>>END_MODULE
>>Per base sequence quality	pass
#Base	Mean	Median	Lower Quartile	Upper Quartile	10th Percentile	90th Percentile
1	34.88922183146085	36.0	36.0	36.0	36.0	36.0
2	34.88748312200066	36.0	36.0	36.0	36.0	36.0
3	34.871456934585254	36.0	36.0	36.0	36.0	36.0
4	34.85711066042446	36.0	36.0	36.0	36.0	36.0
5	34.83740644932192	36.0	36.0	36.0	36.0	36.0
6	34.82073704253974	36.0	36.0	36.0	36.0	36.0
7	34.81566853661856	36.0	36.0	36.0	36.0	36.0
8	34.81079381045317	36.0	36.0	36.0	36.0	36.0
9	34.794722527409746	36.0	36.0	36.0	36.0	36.0
10	34.771811016154146	36.0	36.0	36.0	32.0	36.0
11	34.763391278181984	36.0	36.0	36.0	32.0	36.0
12	34.74236301495213	36.0	36.0	36.0	32.0	36.0
13	34.728967287874106	36.0	36.0	36.0	32.0	36.0
14	34.71226501992802	36.0	36.0	36.0	32.0	36.0
15	34.70269155176887	36.0	36.0	36.0	32.0	36.0
16	34.688236987434095	36.0	36.0	36.0	32.0	36.0
17	34.680075689877164	36.0	36.0	36.0	32.0	36.0
18	34.66326093563924	36.0	36.0	36.0	32.0	36.0
19	34.65408756478958	36.0	36.0	36.0	32.0	36.0
20	34.64185507235826	36.0	36.0	36.0	32.0	36.0
21	34.62763458730658	36.0	36.0	36.0	32.0	36.0
22	34.61808266840212	36.0	36.0	36.0	32.0	36.0
23	34.60643837883722	36.0	36.0	36.0	32.0	36.0
24	34.57244700899991	36.0	36.0	36.0	32.0	36.0
25	34.55772577078666	36.0	36.0	36.0	32.0	36.0
26	34.53760586358634	36.0	36.0	36.0	32.0	36.0
27	34.52391832923782	36.0	36.0	36.0	32.0	36.0
28	34.504776154736966	36.0	36.0	36.0	32.0	36.0
29	34.494192394920205	36.0	36.0	36.0	32.0	36.0
30	34.467327307297246	36.0	36.0	36.0	32.0	36.0
31	34.44553485589495	36.0	36.0	36.0	32.0	36.0
32	34.42441695327299	36.0	36.0	36.0	32.0	36.0
33	34.39194366243124	36.0	36.0	36.0	32.0	36.0
34	34.35501759799332	36.0	36.0	36.0	32.0	36.0
35	34.34155028584122	36.0	36.0	36.0	32.0	36.0
36	34.330156094539795	36.0	36.0	36.0	32.0	36.0
37	34.300366409965946	36.0	36.0	36.0	32.0	36.0
38	34.28092954335393	36.0	36.0	36.0	32.0	36.0
39	34.247487431463874	36.0	36.0	36.0	32.0	36.0
40	34.23060740690805	36.0	36.0	36.0	32.0	36.0
41	34.207334338483285	36.0	36.0	36.0	32.0	36.0
42	34.1858812689458	36.0	36.0	36.0	32.0	36.0
43	34.161290005996015	36.0	36.0	36.0	32.0	36.0
44	34.13829085427436	36.0	36.0	36.0	32.0	36.0
45	34.11040379327706	36.0	36.0	36.0	32.0	36.0
46	34.10077780961433	36.0	36.0	36.0	32.0	36.0
47	34.10371434273778	36.0	36.0	36.0	32.0	36.0
48	34.12840367119929	36.0	36.0	36.0	32.0	36.0
49	34.19703857032489	36.0	36.0	36.0	32.0	36.0
50	34.34750771635549	36.0	36.0	36.0	32.0	36.0
>>END_MODULE
>>Per sequence quality scores	pass
#Quality	Count
14	1081.0
15	2247.0
16	3822.0
17	6182.0
18	9831.0
19	14772.0
20	22499.0
21	32389.0
22	46676.0
23	65661.0
24	91621.0
25	123786.0
26	164095.0
27	212897.0
28	272202.0
29	342382.0
30	433290.0
31	558896.0
32	758233.0
33	1136824.0
34	2166356.0
35	8769335.0
36	4545111.0
>>END_MODULE
>>Per base sequence content	pass
#Base	G	A	T	C
1	22.210995960618625	27.127753076350974	27.80686297968823	22.85438798334217
2	22.151341534266507	27.052498186569306	28.079601670115572	22.716558609048608
3	22.152843036678924	27.143938166816213	27.875109174897627	22.828109621607236
4	22.218878809443066	26.9213113646847	28.154909346665463	22.70490047920677
5	22.386162355989743	26.9606891501739	27.74031268054682	22.91283581328954
6	21.934953297713854	27.29134323698036	27.93542710514177	22.83827636016402
7	21.93675209907212	27.33270063052549	28.010926560433802	22.719620709968588
8	22.108227687219152	27.186167290219892	27.98051767758729	22.72508734497367
9	21.827391124897296	27.371089698439672	28.159676743213968	22.641842433449067
10	22.008167970900985	27.419724221023582	27.98731741073442	22.584790397341017
11	22.35112729970008	27.440699754724275	27.750722086160152	22.45745085941549
12	21.819317389703272	27.5635246742852	28.092700635605688	22.52445730040584
13	21.952496103677074	27.349563108298057	28.225272681938108	22.472668106086758
14	21.98432188021766	27.10254680215719	28.3435012566621	22.56963006096305
15	21.87818942873546	27.3632131302291	28.194878633105002	22.563718807930442
16	22.011408587218686	27.72140992795417	28.03407631919373	22.23310516563341
17	22.115310531932256	27.47144769301485	27.84541279385211	22.567828981200787
18	21.987222770582363	27.819133973853027	27.87714656705993	22.31649668850468
19	22.037916021724165	27.639268526632232	28.08883454944081	22.233980902202795
20	22.083652592179607	27.399931689223582	28.043499889889823	22.472915828706988
21	22.069264963852454	27.55309293801737	28.091607240478773	22.2860348576514
22	21.964083431327865	27.650168656615353	28.119666253214902	22.266081658841873
23	22.08889851375858	27.42788774225194	27.99894194023787	22.48427180375161
24	21.97861394016308	27.758746409312725	28.022441510044793	22.240198140479407
25	22.026532183166893	27.714802268266244	27.930921952350563	22.327743596216308
26	22.175115246735906	27.729817763016467	27.801262909393603	22.293804080854024
27	21.96565717057184	27.820558413394647	28.0004981898373	22.213286226196203
28	21.888583605608424	27.741577476616275	27.950002955450152	22.419835962325145
29	22.095966166199872	27.600519342710072	28.008866577898857	22.294647913191206
30	22.020879004794136	27.78232803845771	27.946990490392214	22.249802466355938
31	22.07034544543397	27.764876398225795	27.94238487803286	22.222393278307376
32	22.067035815811657	27.738363469291784	27.879163081206837	22.315437633689722
33	21.95832563828236	27.650846120537807	28.06151951566644	22.329308725513393
34	22.109026925725836	27.93043181721301	27.90187135001492	22.058669907046234
35	22.114332682015252	27.700478580179734	27.83792553639878	22.347263201406236
36	22.19310139644667	27.894875753394487	27.746921675406348	22.165101174752493
37	22.01765001660341	27.811257726570272	27.87315747147564	22.29793478535068
38	21.975342922713423	27.637127749458084	27.94105003133262	22.446479296495873
39	21.890903470868302	27.779088995152705	27.986671958463944	22.343335575515045
40	22.028103572775912	27.783909220196513	27.995281068138006	22.192706138889573
41	22.20746787582565	27.790783668310286	27.84506633818212	22.15668211768194
42	22.105304104446137	27.918957138366885	27.8289056955754	22.146833061611577
43	22.101787496451518	27.95962908041766	27.829732889832393	22.108850533298437
44	22.174317540708753	27.690540424124627	27.738935051121764	22.396206984044856
45	21.992259106042937	27.805758177640023	27.948821042276194	22.25316167404084
46	22.046232771954337	27.932296175822596	27.76058095687904	22.260890095344028
47	22.062842898556056	27.868042306181064	27.843518760895325	22.22559603436756
48	22.049106578127123	28.23133574270347	27.968986474829688	21.750571204339717
49	22.09433228290947	28.593840074251954	28.113263718067643	21.198563924770934
50	21.904277864698322	28.529831941920996	28.241460935194663	21.324429258186022
>>END_MODULE
>>Per base GC content	pass
#Base	%GC
1	45.065383943960796
2	44.86790014331512
3	44.980952658286164
4	44.92377928864983
5	45.29899816927928
6	44.77322965787787
7	44.656372809040704
8	44.833315032192814
9	44.46923355834636
10	44.592958368242
11	44.80857815911558
12	44.343774690109115
13	44.42516420976383
14	44.55395194118071
15	44.4419082366659
16	44.24451375285209
17	44.68313951313304
18	44.30371945908704
19	44.27189692392696
20	44.55656842088659
21	44.355299821503856
22	44.23016509016974
23	44.57317031751019
24	44.218812080642486
25	44.354275779383194
26	44.46891932758993
27	44.17894339676805
28	44.30841956793357
29	44.39061407939107
30	44.27068147115008
31	44.292738723741344
32	44.38247344950138
33	44.28763436379575
34	44.167696832772066
35	44.46159588342149
36	44.358202571199165
37	44.31558480195409
38	44.4218222192093
39	44.23423904638335
40	44.22080971166549
41	44.36414999350759
42	44.252137166057715
43	44.21063802974995
44	44.57052452475361
45	44.245420780083776
46	44.30712286729837
47	44.28843893292361
48	43.79967778246684
49	43.29289620768041
50	43.228707122884344
>>END_MODULE
>>Per sequence GC content	warn
#GC Content	Count
0	10719.0
1	8914.5
2	6417.5
3	6294.0
4	6944.5
5	7792.5
6	8770.0
7	10222.0
8	11702.5
9	14578.5
10	17714.5
11	22866.5
12	28159.0
13	36435.5
14	45995.5
15	61288.0
16	77849.5
17	101707.5
18	127000.0
19	159287.5
20	192517.0
21	232748.0
22	274216.5
23	323168.5
24	374420.0
25	421372.0
26	474984.0
27	535060.5
28	598633.5
29	666318.5
30	734265.0
31	802080.0
32	872730.0
33	942471.5
34	1012419.5
35	1070594.5
36	1122999.0
37	1164761.5
38	1197844.0
39	1215961.5
40	1231146.0
41	1234538.5
42	1234246.5
43	1220490.0
44	1202753.5
45	1173664.0
46	1143359.0
47	1111361.0
48	1078213.0
49	1047465.5
50	1017186.5
51	988743.5
52	959069.0
53	930284.0
54	902596.5
55	873828.0
56	841143.5
57	802775.5
58	762430.5
59	713548.0
60	664109.5
61	610641.5
62	555835.5
63	509619.0
64	454819.0
65	402343.5
66	351687.0
67	306383.0
68	262284.5
69	222822.5
70	188300.0
71	158381.0
72	131485.0
73	108478.5
74	87209.0
75	71671.5
76	60333.0
77	49421.5
78	39432.5
79	31924.5
80	25548.5
81	20987.0
82	17044.0
83	13782.0
84	10862.0
85	8648.0
86	6702.5
87	5347.5
88	4438.5
89	3556.5
90	2726.0
91	2259.5
92	1953.0
93	1808.5
94	1656.0
95	1533.5
96	1437.0
97	1520.0
98	2272.5
99	9653.5
100	16367.0
>>END_MODULE
>>Per base N content	pass
#Base	N-Count
1	9.049458983908545E-4
2	0.0
3	0.0
4	0.0
5	0.0
6	0.0
7	0.0025075595843679545
8	0.0
9	0.0
10	0.0
11	0.0
12	0.0
13	0.0
14	5.0555636781611984E-5
15	0.0
16	0.0
17	0.0
18	0.0
19	5.055563678161198E-6
20	0.0
21	1.1637959278780482E-4
22	5.0645348351367296E-6
23	1.5714737965615645E-4
24	0.0020753373856706022
25	0.0
26	0.0
27	0.0
28	0.0017171889647220595
29	0.001816136021649974
30	0.003815671109378026
31	5.114633513748621E-6
32	0.0
33	0.0
34	0.0
35	0.0
36	0.0
37	0.0
38	0.0
39	0.0
40	0.0
41	0.0
42	0.0
43	0.0
44	0.0
45	0.0
46	0.0
47	0.0
48	5.489792256916671E-4
49	0.0033813686048851854
50	0.0
>>END_MODULE
>>Sequence Length Distribution	warn
#Length	Count
20	17273.0
21	17765.0
22	18445.0
23	19066.0
24	19474.0
25	19929.0
26	21107.0
27	22032.0
28	23041.0
29	24897.0
30	25416.0
31	26121.0
32	27159.0
33	27493.0
34	27833.0
35	29005.0
36	29561.0
37	30939.0
38	33164.0
39	36443.0
40	38472.0
41	42085.0
42	47402.0
43	60971.0
44	100648.0
45	197045.0
46	529244.0
47	1145470.0
48	2335776.0
49	3166465.0
50	1.1620447E7
>>END_MODULE
>>Sequence Duplication Levels	warn
#Total Duplicate Percentage	35.2168744234687
#Duplication Level	Relative count
1	100.0
2	23.291885265249867
3	10.32369088320173
4	5.462616786848297
5	3.1805617951861356
6	2.014025843492298
7	1.3896397596875023
8	0.9769357872214057
9	0.7675380152136999
10++	4.882394596776035
>>END_MODULE
>>Overrepresented sequences	pass
>>END_MODULE
>>Kmer Content	warn
#Sequence	Count	Obs/Exp Overall	Obs/Exp Max	Max Obs/Exp Position
AAAAA	6585250	4.637994	5.985893	46
TTTTT	5362535	3.5513792	4.0586715	46
GGGGG	1464290	3.175808	4.0299196	46
CCTGG	1831540	3.045702	3.7235086	19
>>END_MODULE
