##FastQC	0.10.1
>>Basic Statistics	pass
#Measure	Value	
Filename	018-F0_S3_L003_R2_001_trimmed.fq.gz	
File type	Conventional base calls	
Encoding	Sanger / Illumina 1.9	
Total Sequences	18224147	
Filtered Sequences	0	
Sequence length	20-50	
%GC	44	
>>END_MODULE
>>Per base sequence quality	pass
#Base	Mean	Median	Lower Quartile	Upper Quartile	10th Percentile	90th Percentile
1	35.0134564871541	36.0	36.0	36.0	36.0	36.0
2	35.001136075120556	36.0	36.0	36.0	36.0	36.0
3	34.99134993807941	36.0	36.0	36.0	36.0	36.0
4	34.983511546521214	36.0	36.0	36.0	36.0	36.0
5	34.963041836745504	36.0	36.0	36.0	36.0	36.0
6	34.95097526375309	36.0	36.0	36.0	36.0	36.0
7	34.93606806398127	36.0	36.0	36.0	36.0	36.0
8	34.9327390192803	36.0	36.0	36.0	36.0	36.0
9	34.913880084483516	36.0	36.0	36.0	36.0	36.0
10	34.89479952065795	36.0	36.0	36.0	36.0	36.0
11	34.888395764147425	36.0	36.0	36.0	36.0	36.0
12	34.86971395698246	36.0	36.0	36.0	36.0	36.0
13	34.867658058289365	36.0	36.0	36.0	36.0	36.0
14	34.859291905404405	36.0	36.0	36.0	36.0	36.0
15	34.844619723491036	36.0	36.0	36.0	36.0	36.0
16	34.82607597491394	36.0	36.0	36.0	36.0	36.0
17	34.82084928309676	36.0	36.0	36.0	36.0	36.0
18	34.797807601091016	36.0	36.0	36.0	36.0	36.0
19	34.78350119761435	36.0	36.0	36.0	36.0	36.0
20	34.78769832135353	36.0	36.0	36.0	36.0	36.0
21	34.78086735032886	36.0	36.0	36.0	36.0	36.0
22	34.763167227642306	36.0	36.0	36.0	36.0	36.0
23	34.75663301195345	36.0	36.0	36.0	36.0	36.0
24	34.740905408785515	36.0	36.0	36.0	36.0	36.0
25	34.72988758875696	36.0	36.0	36.0	36.0	36.0
26	34.71421775932925	36.0	36.0	36.0	36.0	36.0
27	34.71087409151564	36.0	36.0	36.0	36.0	36.0
28	34.69102871320565	36.0	36.0	36.0	36.0	36.0
29	34.68655069235055	36.0	36.0	36.0	36.0	36.0
30	34.662466904606084	36.0	36.0	36.0	36.0	36.0
31	34.64805697317313	36.0	36.0	36.0	36.0	36.0
32	34.642564500012305	36.0	36.0	36.0	36.0	36.0
33	34.6163548250833	36.0	36.0	36.0	32.0	36.0
34	34.608455140061956	36.0	36.0	36.0	32.0	36.0
35	34.57918209577322	36.0	36.0	36.0	32.0	36.0
36	34.560897445032566	36.0	36.0	36.0	32.0	36.0
37	34.555150071966075	36.0	36.0	36.0	32.0	36.0
38	34.54278825482041	36.0	36.0	36.0	32.0	36.0
39	34.526821918939206	36.0	36.0	36.0	32.0	36.0
40	34.5137085060758	36.0	36.0	36.0	32.0	36.0
41	34.490375702630686	36.0	36.0	36.0	32.0	36.0
42	34.46618468677043	36.0	36.0	36.0	32.0	36.0
43	34.45010513308282	36.0	36.0	36.0	32.0	36.0
44	34.428886257969275	36.0	36.0	36.0	32.0	36.0
45	34.42704764320137	36.0	36.0	36.0	32.0	36.0
46	34.41947822746958	36.0	36.0	36.0	32.0	36.0
47	34.423985629786266	36.0	36.0	36.0	32.0	36.0
48	34.44265654671094	36.0	36.0	36.0	32.0	36.0
49	34.52831771081974	36.0	36.0	36.0	32.0	36.0
50	34.6546529616337	36.0	36.0	36.0	32.0	36.0
>>END_MODULE
>>Per sequence quality scores	pass
#Quality	Count
4	1.0
5	1.0
6	8.0
7	9.0
8	22.0
9	69.0
10	69.0
11	50.0
12	48.0
13	47.0
14	1060.0
15	2003.0
16	3383.0
17	5818.0
18	9362.0
19	14699.0
20	22585.0
21	32608.0
22	44734.0
23	60959.0
24	80213.0
25	104864.0
26	134792.0
27	170665.0
28	215072.0
29	267301.0
30	333311.0
31	425925.0
32	570475.0
33	842986.0
34	1628297.0
35	7525353.0
36	5727358.0
>>END_MODULE
>>Per base sequence content	pass
#Base	G	A	T	C
1	22.27575178236205	26.833496570537157	27.634369441907648	23.256382205193145
2	22.35715094327095	26.838805321649044	27.847456318504797	22.956587416575207
3	22.201393166921125	26.953545700798475	27.823361343080606	23.02169978919979
4	22.465897796773564	26.55665313977766	28.103401462379036	22.87404760106974
5	22.54835999820235	26.693095854753825	27.647573438479405	23.110970708564427
6	22.05322599258556	27.081528274377632	27.85460247711022	23.01064325592659
7	22.08689912772503	27.093510963003464	27.851465770733448	22.96812413853806
8	22.21817553455558	26.938208981645527	27.76231933333659	23.0812961504623
9	22.060020626678302	27.05863721026865	27.884104935070525	22.997237227982524
10	22.07362003656807	27.14088639955625	27.850363395140022	22.935130168735654
11	22.650474976180675	27.03012490315596	27.57858127584223	22.74081884482114
12	21.95932738393795	27.338252870888752	27.92477794033556	22.777641804837735
13	22.097087892227414	27.14162959088387	28.10167181384276	22.65961070304596
14	22.169633731944845	26.82609846806421	28.215648051230062	22.788619748760883
15	22.012016392235342	27.169568145881634	28.090975611067776	22.727439850815248
16	22.139499834604003	27.44321276071271	28.01161744992518	22.405669954758103
17	22.28809236831542	27.10340155726939	27.62659775954924	22.981908314865944
18	22.194478433603916	27.567676111774798	27.61573473440381	22.622110720217485
19	22.350813050538267	27.31083045362671	27.849633628000092	22.488722867834927
20	22.453225670585024	26.98475799067463	27.797343205467357	22.764673133272986
21	22.343515930735116	27.214976764319847	27.907777166155938	22.533730138789096
22	22.140308255108458	27.484100753666517	27.950687889517724	22.4249031017073
23	22.267224562927073	27.224052407876453	27.818070102097785	22.690652927098682
24	22.1031915115047	27.580478848418483	27.851875770285	22.46445386979181
25	22.170042556662757	27.48167737518926	27.7466575023687	22.601622565779284
26	22.30382778181613	27.360647142238626	27.643960548632982	22.691564527312263
27	22.31720709354633	27.475129704936286	27.737336769489012	22.470326432028372
28	22.095844352650207	27.48261442743367	27.70916246004504	22.712378759871083
29	22.431353639795468	27.23737094820793	27.709720957998858	22.621554453997746
30	22.213227460511863	27.599105323826382	27.668371576986452	22.519295638675306
31	22.241606694337808	27.56751568361242	27.725491980232576	22.465385641817196
32	22.304981774267603	27.522200457721237	27.57642651191795	22.59639125609321
33	22.12191752599001	27.380837859526107	27.88085046151949	22.616394152964386
34	22.272753738255922	27.734152371798892	27.722240098061746	22.27085379188344
35	22.271204366238194	27.33420715836364	27.685926569455866	22.708661905942304
36	22.373575445331838	27.62077677754772	27.499264335810516	22.506383441309925
37	22.231510293141334	27.521526979759127	27.620833824810497	22.62612890228904
38	22.25035015368183	27.409763301830626	27.53643431908693	22.803452225400616
39	22.162287193059527	27.52272109788107	27.642036947695882	22.672954761363524
40	22.212448894028796	27.500569798164825	27.832048825371636	22.454932482434742
41	22.44122232371744	27.443519922570157	27.612345084066064	22.502912669646335
42	22.374173478896797	27.600117272833486	27.606509964884278	22.41919928338544
43	22.34698706504978	27.742954125091213	27.52814136670828	22.381917443150726
44	22.395061634333715	27.438921595177895	27.428237980891286	22.737778789597105
45	22.253254229731045	27.660022153903014	27.609305920036796	22.477417696329148
46	22.271539297735245	27.87356615731113	27.41808670664152	22.436807838312102
47	22.419956458092074	27.56556048880423	27.46433964352902	22.550143409574677
48	22.359007417903783	28.0005306338646	27.642707883964935	21.997754064266687
49	22.550065616918	28.18106974794684	27.75415894119736	21.514705693937803
50	22.53989388786865	27.986546934083755	27.677494518305213	21.79606465974238
>>END_MODULE
>>Per base GC content	pass
#Base	%GC
1	45.5321339875552
2	45.31373835984615
3	45.223092956120915
4	45.33994539784331
5	45.659330706766774
6	45.06386924851215
7	45.05502326626309
8	45.29947168501788
9	45.05725785466083
10	45.00875020530373
11	45.39129382100182
12	44.73696918877568
13	44.75669859527337
14	44.95825348070573
15	44.73945624305059
16	44.545169789362106
17	45.270000683181365
18	44.816589153821404
19	44.839535918373194
20	45.21789880385801
21	44.87724606952421
22	44.56521135681576
23	44.95787749002576
24	44.56764538129651
25	44.77166512244204
26	44.99539230912839
27	44.7875335255747
28	44.80822311252129
29	45.052908093793214
30	44.73252309918717
31	44.706992336155004
32	44.901373030360816
33	44.7383116789544
34	44.54360753013936
35	44.9798662721805
36	44.87995888664177
37	44.85763919543037
38	45.05380237908245
39	44.835241954423054
40	44.66738137646354
41	44.944134993363775
42	44.79337276228223
43	44.72890450820051
44	45.13284042393082
45	44.73067192606019
46	44.70834713604735
47	44.970099867666754
48	44.35676148217046
49	44.064771310855804
50	44.33595854761103
>>END_MODULE
>>Per sequence GC content	warn
#GC Content	Count
0	6042.0
1	4970.5
2	3638.5
3	3733.0
4	4105.5
5	4628.5
6	5326.5
7	6297.0
8	7232.5
9	8863.0
10	10662.5
11	14117.0
12	17812.0
13	23863.0
14	30953.5
15	42731.0
16	55372.5
17	74151.0
18	94536.0
19	121355.0
20	148735.5
21	182532.5
22	217639.5
23	259820.5
24	304145.5
25	344926.0
26	392230.5
27	448515.5
28	507253.5
29	570419.5
30	635573.0
31	703171.5
32	774430.5
33	847300.0
34	918617.5
35	978902.0
36	1035028.5
37	1075800.5
38	1106362.5
39	1123176.0
40	1138613.5
41	1147351.0
42	1154383.0
43	1149929.5
44	1139348.0
45	1115027.0
46	1090603.5
47	1064186.5
48	1035774.0
49	1005660.0
50	976966.5
51	951484.5
52	923724.5
53	895950.5
54	868340.0
55	837411.5
56	803651.0
57	766045.5
58	726972.5
59	679174.5
60	629942.0
61	577104.5
62	523239.5
63	477844.5
64	425391.0
65	376747.0
66	329971.5
67	287045.5
68	244738.5
69	207391.0
70	175135.5
71	147409.0
72	122214.0
73	100686.5
74	81242.0
75	67275.0
76	56507.0
77	46082.0
78	36805.0
79	30066.5
80	24038.0
81	19437.0
82	15540.5
83	12579.0
84	9868.5
85	7841.5
86	6118.0
87	4814.0
88	3836.5
89	3049.5
90	2318.0
91	1868.5
92	1530.0
93	1369.5
94	1216.0
95	1142.5
96	1083.0
97	1106.0
98	1665.5
99	5143.0
100	8084.0
>>END_MODULE
>>Per base N content	pass
#Base	N-Count
1	8.560071426113936E-4
2	0.003830083240658671
3	0.006612106454145701
4	0.0037916726637466213
5	0.001953452197241385
6	0.0058054843389926565
7	0.0041977273339597184
8	0.004049572251584669
9	0.006282872937756702
10	0.006288360163029853
11	0.008499711948109287
12	0.008598482003025985
13	0.004861681592010864
14	0.002589970328926781
15	0.007533960300034893
16	0.0066669787068772
17	0.003193565108973276
18	0.014546634199120539
19	0.011490249721976013
20	0.009942852194947725
21	0.01064778627635986
22	0.015685297748335388
23	0.010731854145356061
24	0.01214027150492182
25	0.013601289763794976
26	0.007381028902189451
27	0.00938752216076463
28	0.01334441203298911
29	0.01107929119985514
30	0.006344386251554306
31	0.006513261421897119
32	0.011138435307051107
33	0.009746816971633926
34	0.007381944599202193
35	0.013073299473692287
36	0.009701721792956426
37	0.014245443221357618
38	0.013360633205428959
39	0.009087444751509214
40	0.009599825695075774
41	0.006912900888341596
42	0.011427538638729216
43	0.008935802070114258
44	0.008169824092373478
45	0.009444792017618539
46	0.009377165544584521
47	0.007413394225816031
48	0.009688455906778286
49	0.006164132698110431
50	0.0070263705518978
>>END_MODULE
>>Sequence Length Distribution	warn
#Length	Count
20	13789.0
21	14975.0
22	15859.0
23	16833.0
24	17353.0
25	17784.0
26	18409.0
27	19176.0
28	20221.0
29	22297.0
30	22687.0
31	24031.0
32	25634.0
33	25899.0
34	27175.0
35	28294.0
36	28369.0
37	29381.0
38	31196.0
39	33629.0
40	36199.0
41	40858.0
42	45991.0
43	58990.0
44	97997.0
45	183119.0
46	487097.0
47	1049558.0
48	2111680.0
49	2857504.0
50	1.0802163E7
>>END_MODULE
>>Sequence Duplication Levels	warn
#Total Duplicate Percentage	39.397622840338194
#Duplication Level	Relative count
1	100.0
2	26.69761573549869
3	11.84934165830934
4	6.411148134968134
5	3.799618258872246
6	2.475655915369933
7	1.714599980589434
8	1.2560253631393354
9	0.9608230079906829
10++	6.589887095208826
>>END_MODULE
>>Overrepresented sequences	pass
>>END_MODULE
>>Kmer Content	warn
#Sequence	Count	Obs/Exp Overall	Obs/Exp Max	Max Obs/Exp Position
AAAAA	5355025	4.2983212	5.265712	46
TTTTT	4418135	3.2965991	3.9641793	13
>>END_MODULE
