##FastQC	0.10.1
>>Basic Statistics	pass
#Measure	Value	
Filename	018-F5_S4_L004_R2_001.fastq.gz	
File type	Conventional base calls	
Encoding	Sanger / Illumina 1.9	
Total Sequences	16633939	
Filtered Sequences	0	
Sequence length	35-75	
%GC	46	
>>END_MODULE
>>Per base sequence quality	pass
#Base	Mean	Median	Lower Quartile	Upper Quartile	10th Percentile	90th Percentile
1	31.554661346299273	32.0	32.0	32.0	32.0	32.0
2	31.35437697589248	32.0	32.0	32.0	32.0	32.0
3	31.38837794223004	32.0	32.0	32.0	32.0	32.0
4	31.416309750805265	32.0	32.0	32.0	32.0	32.0
5	31.390591308528904	32.0	32.0	32.0	32.0	32.0
6	35.1524763917915	36.0	36.0	36.0	36.0	36.0
7	35.13913998362023	36.0	36.0	36.0	36.0	36.0
8	35.095349814616974	36.0	36.0	36.0	36.0	36.0
9	35.17992503158753	36.0	36.0	36.0	36.0	36.0
10	35.0416791236279	36.0	36.0	36.0	36.0	36.0
11	35.153992388693986	36.0	36.0	36.0	36.0	36.0
12	35.07250273071219	36.0	36.0	36.0	36.0	36.0
13	35.103504467582816	36.0	36.0	36.0	36.0	36.0
14	35.05676340402595	36.0	36.0	36.0	36.0	36.0
15	35.02666512123196	36.0	36.0	36.0	36.0	36.0
16	35.033208850892144	36.0	36.0	36.0	36.0	36.0
17	35.02116636354143	36.0	36.0	36.0	36.0	36.0
18	35.00816805929131	36.0	36.0	36.0	36.0	36.0
19	35.00549022092723	36.0	36.0	36.0	36.0	36.0
20	34.993438715868805	36.0	36.0	36.0	36.0	36.0
21	34.98150293805935	36.0	36.0	36.0	36.0	36.0
22	34.97139240440884	36.0	36.0	36.0	36.0	36.0
23	34.95479789844126	36.0	36.0	36.0	36.0	36.0
24	34.949488753084886	36.0	36.0	36.0	36.0	36.0
25	34.92940740013535	36.0	36.0	36.0	36.0	36.0
26	34.91316729008084	36.0	36.0	36.0	36.0	36.0
27	34.894962762578366	36.0	36.0	36.0	36.0	36.0
28	34.8907940566573	36.0	36.0	36.0	36.0	36.0
29	34.87342781526372	36.0	36.0	36.0	36.0	36.0
30	34.853481487457664	36.0	36.0	36.0	36.0	36.0
31	34.84466764005808	36.0	36.0	36.0	36.0	36.0
32	34.82704637789041	36.0	36.0	36.0	36.0	36.0
33	34.81576799097316	36.0	36.0	36.0	36.0	36.0
34	34.80731286798635	36.0	36.0	36.0	36.0	36.0
35	34.79844858154163	36.0	36.0	36.0	36.0	36.0
36	34.79770287825533	36.0	36.0	36.0	36.0	36.0
37	34.78525150527542	36.0	36.0	36.0	36.0	36.0
38	34.77605377839615	36.0	36.0	36.0	36.0	36.0
39	34.75702402746609	36.0	36.0	36.0	36.0	36.0
40	34.75446409645194	36.0	36.0	36.0	36.0	36.0
41	34.73792659508602	36.0	36.0	36.0	36.0	36.0
42	34.72631815610091	36.0	36.0	36.0	36.0	36.0
43	34.71938936122217	36.0	36.0	36.0	36.0	36.0
44	34.702038495493085	36.0	36.0	36.0	36.0	36.0
45	34.68604439479896	36.0	36.0	36.0	36.0	36.0
46	34.66225857435296	36.0	36.0	36.0	36.0	36.0
47	34.65980857729161	36.0	36.0	36.0	36.0	36.0
48	34.642160058027635	36.0	36.0	36.0	36.0	36.0
49	34.63166393633175	36.0	36.0	36.0	36.0	36.0
50	34.60834497476419	36.0	36.0	36.0	32.0	36.0
51	34.59121389848063	36.0	36.0	36.0	32.0	36.0
52	34.5776762013832	36.0	36.0	36.0	32.0	36.0
53	34.55218840814264	36.0	36.0	36.0	32.0	36.0
54	34.53521895729853	36.0	36.0	36.0	32.0	36.0
55	34.512440589735036	36.0	36.0	36.0	32.0	36.0
56	34.49019011076406	36.0	36.0	36.0	32.0	36.0
57	34.481098359614066	36.0	36.0	36.0	32.0	36.0
58	34.461884913110495	36.0	36.0	36.0	32.0	36.0
59	34.447580565883015	36.0	36.0	36.0	32.0	36.0
60	34.42784266282104	36.0	36.0	36.0	32.0	36.0
61	34.40255478511572	36.0	36.0	36.0	32.0	36.0
62	34.37333941862055	36.0	36.0	36.0	32.0	36.0
63	34.360087486837976	36.0	36.0	36.0	32.0	36.0
64	34.324134723927116	36.0	36.0	36.0	32.0	36.0
65	34.31564111064131	36.0	36.0	36.0	32.0	36.0
66	34.28524938965057	36.0	36.0	36.0	32.0	36.0
67	34.25893887108944	36.0	36.0	36.0	32.0	36.0
68	34.224827055041324	36.0	36.0	36.0	32.0	36.0
69	34.21767911648581	36.0	36.0	36.0	32.0	36.0
70	34.20830730134072	36.0	36.0	36.0	32.0	36.0
71	34.17544799078394	36.0	36.0	36.0	32.0	36.0
72	34.15236500386457	36.0	36.0	36.0	32.0	36.0
73	34.11643589784004	36.0	36.0	36.0	32.0	36.0
74	34.054739793972246	36.0	36.0	36.0	32.0	36.0
75	33.07716848728296	36.0	36.0	36.0	21.0	36.0
>>END_MODULE
>>Per sequence quality scores	pass
#Quality	Count
2	12434.0
3	1118.0
4	1423.0
5	259.0
6	149.0
7	139.0
8	144.0
9	104.0
10	116.0
11	165.0
12	206.0
13	229.0
14	882.0
15	2224.0
16	4199.0
17	6588.0
18	10091.0
19	14337.0
20	19555.0
21	27094.0
22	37855.0
23	52216.0
24	70789.0
25	95443.0
26	125340.0
27	160778.0
28	202098.0
29	251563.0
30	313784.0
31	399624.0
32	539571.0
33	825944.0
34	1840460.0
35	1.1617018E7
>>END_MODULE
>>Per base sequence content	fail
#Base	G	A	T	C
1	45.27123631926362	17.34542557113237	11.015044861546011	26.368293248058
2	17.114598097609147	19.297538771905884	36.22007943917473	27.367783691310237
3	20.09520179694595	20.467544062567026	28.62367404695174	30.813580093535286
4	13.766198511134005	14.270741807398506	35.73056377208264	36.232495909384845
5	15.30446510392672	34.272319818845496	35.07631444981619	15.346900627411591
6	35.223420185450074	34.306139857542064	16.28086840845034	14.189571548557522
7	31.043778929122574	29.404336120525908	20.2693855584039	19.282499391947617
8	26.984189164151832	33.884721724029845	19.962989245724007	19.168099866094312
9	25.101986844231135	15.268953727352514	20.011264510503764	39.61779491791258
10	14.744862816471482	26.83587671553881	34.62146305427079	23.797797413718918
11	34.6638199837956	22.336930541066323	23.567256944762043	19.43199253037604
12	22.48602810698602	23.9736995271533	30.94140037146051	22.59887199440017
13	28.319431420741648	20.269898462659455	25.864574272657542	25.54609584394136
14	20.67663293072422	20.45839510921008	27.07874308254108	31.786228877524618
15	23.1302383152081	29.25651851142181	23.004649941288985	24.608593232081105
16	23.104296855511546	28.17565193245447	25.45992644498898	23.260124767045006
17	22.040795742533838	27.894703394726506	27.29368028755421	22.77082057518545
18	22.405260367361503	27.387672247722573	27.92721377103127	22.279853613884654
19	22.99623062238212	26.855201145912943	27.34283763186096	22.805730599843972
20	22.942334953102524	26.786992377786866	27.589065489768792	22.68160717934182
21	22.678421843180864	26.519055975197027	27.22458320695947	23.577938974662644
22	22.724234385278802	26.595339224414115	27.478874960964816	23.201551429342267
23	22.569165742908055	26.68709598036061	27.436229661387074	23.307508615344265
24	22.841235969614274	26.244353558288104	27.762243708671924	23.1521667634257
25	22.90846173117687	26.357951364455335	27.316512702794288	23.417074201573506
26	22.361397532278275	26.845052838912725	27.524814374408624	23.268735254400376
27	22.49364966314296	26.793817444681984	27.48216832151175	23.230364570663305
28	22.539892940795355	26.705800585877405	27.39151076558904	23.362795707738204
29	22.426805721281617	26.798113898652566	27.51449585620313	23.260584523862686
30	22.46307379535647	26.870843547022027	27.487645927785692	23.178436729835813
31	23.04701739308628	26.737236840085977	27.154188245907505	23.06155752092024
32	22.286459909005384	27.025543813540047	27.60507918984807	23.082917087606496
33	22.46993627957352	26.846012219280695	27.734430576175267	22.949620924970514
34	22.514079108296862	26.602012764512523	27.838399629652677	23.045508497537938
35	22.392575342693295	26.892957447087657	27.73293713398714	22.981530076231905
36	22.49517825165328	27.133109386800253	27.696809884465235	22.674902477081233
37	22.61314727959377	26.802805976920595	27.276262206796677	23.30778453668896
38	22.485296137438805	27.310416227739033	27.29370110065138	22.910586534170786
39	22.72600600949312	26.999944649880987	27.492259565918953	22.781789774706947
40	22.819503291172552	26.720927895449815	27.475820190372996	22.983748623004637
41	22.770500751306855	26.89229556863048	27.536823015512425	22.800380664550243
42	22.49947156883586	27.173449737303695	27.575943667127795	22.751135026732648
43	22.59332947758651	26.939312997585834	27.48203851203554	22.985319012792115
44	22.44091010458209	27.281283155554398	27.506511642275765	22.77129509758775
45	22.55415536656519	27.184162415268858	27.352960636648383	22.908721581517568
46	22.649436140800915	27.08716503505854	27.28861946161129	22.974779362529247
47	22.71578963018889	27.145893156412043	27.394363102886842	22.743954110512224
48	22.43136282109949	27.192870474222268	27.359123996572126	23.016642708106115
49	22.793885406473674	26.964369543518803	27.35302075858641	22.888724291421113
50	22.541792185548704	27.34902304217798	27.31290873126907	22.796276041004248
51	22.63400344018882	27.27573084919835	27.304897114061127	22.7853685965517
52	22.644475558614403	27.287780150364664	27.196924671235767	22.870819619785166
53	22.50889345382182	27.049886695240094	27.531183775664164	22.91003607527392
54	22.66428189920175	27.448908473661724	27.311546353791012	22.575263273345513
55	22.636618229192674	26.995844923613777	27.3231167153835	23.04442013181005
56	22.73552180029328	27.325481820226997	27.133542188818062	22.80545419066166
57	22.597852763297542	27.220352348388914	27.21706111581195	22.964733772501596
58	22.633051180655567	27.17850739012556	27.125211748738902	23.063229680479967
59	22.58056299214258	27.239422632118714	27.218220036275927	22.96179433946278
60	22.596818849634175	27.193620697384258	27.440894142539022	22.76866631044254
61	22.860036882819436	27.169590490730585	27.202545853848537	22.767826772601442
62	22.78555392014016	27.306212114514445	27.253699932331937	22.654534033013455
63	22.74949952998056	27.452554803677252	27.11094349649278	22.687002169849407
64	22.790414793930193	27.129946586093894	27.017430257118626	23.06220836285729
65	22.68123672463774	27.360215741200683	27.197262333501413	22.76128520066016
66	22.722746096459876	27.613558946225908	26.966876581521593	22.69681837579262
67	22.85863453626768	27.206462771269145	27.00217295689497	22.932729735568202
68	22.798442800892353	27.543904088807487	27.18846507266238	22.469188037637775
69	23.0732991070358	27.361961221005494	27.106481591927462	22.45825808003124
70	23.23924352116454	27.11200257319415	26.968400055423793	22.680353850217518
71	22.92339053735742	27.596826852051386	26.901204411066782	22.57857819952441
72	22.879241767316504	27.68881690576125	27.16027355818291	22.271667768739334
73	23.686602008881938	28.302206042401153	27.113901389391078	20.89729055932584
74	24.8117959302235	30.692573169835928	27.340006020972123	17.155624878968446
75	30.257176967425103	41.18174212199612	28.561080910578774	0.0
>>END_MODULE
>>Per base GC content	fail
#Base	%GC
1	71.63952956732163
2	44.48238178891938
3	50.90878189048124
4	49.998694420518845
5	30.651365731338316
6	49.4129917340076
7	50.32627832107019
8	46.15228903024615
9	64.71978176214373
10	38.5426602301904
11	54.09581251417164
12	45.08490010138619
13	53.865527264683
14	52.46286180824884
15	47.73883154728921
16	46.36442162255655
17	44.81161631771929
18	44.68511398124616
19	45.8019612222261
20	45.62394213244434
21	46.25636081784351
22	45.925785814621065
23	45.876674358252316
24	45.99340273303997
25	46.32553593275038
26	45.63013278667865
27	45.724014233806265
28	45.902688648533555
29	45.68739024514431
30	45.64151052519228
31	46.10857491400652
32	45.369376996611884
33	45.419557204544034
34	45.5595876058348
35	45.3741054189252
36	45.17008072873451
37	45.92093181628273
38	45.39588267160959
39	45.50779578420007
40	45.80325191417719
41	45.570881415857095
42	45.25060659556851
43	45.578648490378626
44	45.21220520216984
45	45.46287694808276
46	45.62421550333016
47	45.459743740701114
48	45.44800552920561
49	45.68260969789479
50	45.33806822655295
51	45.419372036740526
52	45.51529517839957
53	45.41892952909574
54	45.23954517254726
55	45.68103836100272
56	45.54097599095494
57	45.562586535799134
58	45.696280861135534
59	45.54235733160536
60	45.365485160076716
61	45.62786365542088
62	45.440087953153615
63	45.43650169982997
64	45.85262315678749
65	45.442521925297896
66	45.419564472252496
67	45.79136427183588
68	45.26763083853013
69	45.53155718706704
70	45.91959737138206
71	45.501968736881835
72	45.15090953605584
73	44.58389256820778
74	41.96742080919194
75	30.257176967425103
>>END_MODULE
>>Per sequence GC content	warn
#GC Content	Count
0	12453.0
1	6597.5
2	858.0
3	866.5
4	762.5
5	636.5
6	490.0
7	470.5
8	473.5
9	578.0
10	864.5
11	1321.5
12	1604.5
13	1974.5
14	2841.0
15	4182.5
16	5329.5
17	7594.0
18	12906.0
19	20059.5
20	25145.0
21	34845.5
22	53511.5
23	75815.5
24	91810.0
25	113821.5
26	151573.0
27	191678.0
28	219153.5
29	253438.5
30	309692.0
31	367294.5
32	406196.0
33	449224.0
34	522078.0
35	592684.0
36	633002.0
37	670563.0
38	712371.0
39	735788.0
40	750907.5
41	754835.5
42	752372.5
43	749039.5
44	749213.0
45	744367.0
46	727082.0
47	706724.0
48	696919.5
49	680390.0
50	650185.0
51	622151.5
52	605276.0
53	590633.5
54	564721.0
55	537928.5
56	521901.0
57	504507.0
58	473384.0
59	436913.0
60	406287.5
61	374347.0
62	332738.5
63	290738.0
64	258962.0
65	233009.5
66	198211.0
67	162942.5
68	138141.0
69	119797.5
70	97875.0
71	76291.0
72	62117.5
73	52969.5
74	42665.5
75	33504.0
76	27509.5
77	23262.0
78	18342.5
79	14077.0
80	11471.0
81	9618.0
82	7540.5
83	5408.5
84	4019.5
85	3324.0
86	2594.5
87	1940.5
88	1625.5
89	1449.5
90	1247.0
91	1153.5
92	1109.5
93	1068.0
94	1029.5
95	1042.0
96	1058.0
97	1116.0
98	1481.0
99	6766.5
100	11744.0
>>END_MODULE
>>Per base N content	pass
#Base	N-Count
1	0.0816403138186331
2	0.08675635999386555
3	0.07457043097248342
4	0.07795507726702618
5	0.08073854304744053
6	0.08510311358001253
7	0.09201067768734754
8	0.09333928662357124
9	0.09242549224209612
10	0.09958555216536503
11	0.09760165646874142
12	0.0979383175566533
13	0.101004338178708
14	0.1006736888959374
15	0.10193015617046569
16	0.10539896773698641
17	0.10284395055194082
18	0.10586187673286525
19	0.10621657323620098
20	0.10444910252466358
21	0.09966971743734301
22	0.10532682607529101
23	0.10788785506547788
24	0.10254937210001792
25	0.10317459983471143
26	0.10800207936316228
27	0.10992585700837305
28	0.10311448178329859
29	0.11122440691889034
30	0.10675763569891654
31	0.10733476899247978
32	0.10431684281155533
33	0.10960121953074375
34	0.10932467649424468
35	0.1085792126567255
36	0.03800217122601467
37	0.041491845784166696
38	0.04028432196544637
39	0.042455203950236386
40	0.04872989139232115
41	0.045124934806486855
42	0.04794878103616972
43	0.042343010455420056
44	0.045606543507689605
45	0.047481939635725605
46	0.03370730754866187
47	0.04495229414374488
48	0.03791454754953963
49	0.04310704915189633
50	0.043151387999991284
51	0.04591638044910933
52	0.04338289047921086
53	0.04300009594009552
54	0.04311745714022114
55	0.036714960102955094
56	0.04411598957234085
57	0.04351065825314394
58	0.04046024412030439
59	0.0424543537846533
60	0.0419428059315356
61	0.03819452286869513
62	0.03952944395064985
63	0.04448348075965193
64	0.038945081106603156
65	0.039482292136593225
66	0.04295188476740898
67	0.04675234761722284
68	0.03973379470538838
69	0.03818652591065728
70	0.04342459181504489
71	0.03986954862989205
72	0.03520083313444706
73	0.04153999712430251
74	0.04114770245218891
75	0.0544788589647922
>>END_MODULE
>>Sequence Length Distribution	warn
#Length	Count
35	13836.0
36	2380.0
37	3319.0
38	3955.0
39	4625.0
40	5246.0
41	5787.0
42	6457.0
43	7380.0
44	8337.0
45	9443.0
46	10070.0
47	10641.0
48	11524.0
49	12351.0
50	12496.0
51	13415.0
52	13644.0
53	14704.0
54	15993.0
55	16652.0
56	17315.0
57	18027.0
58	18752.0
59	19600.0
60	20569.0
61	20470.0
62	21014.0
63	21738.0
64	23876.0
65	25191.0
66	24876.0
67	27625.0
68	28193.0
69	36054.0
70	46000.0
71	111057.0
72	407272.0
73	1161721.0
74	3603841.0
75	1.0778493E7
>>END_MODULE
>>Sequence Duplication Levels	warn
#Total Duplicate Percentage	36.46284784186064
#Duplication Level	Relative count
1	100.0
2	25.28048272349882
3	10.666059661414527
4	5.417521875337583
5	3.210697695952098
6	1.9190110958502447
7	1.3402984613960092
8	0.9097362613620581
9	0.6975416287288384
10++	4.88201978425593
>>END_MODULE
>>Overrepresented sequences	pass
>>END_MODULE
>>Kmer Content	warn
#Sequence	Count	Obs/Exp Overall	Obs/Exp Max	Max Obs/Exp Position
AAAAA	5241270	3.3356278	7.8088884	71
GGGGG	2407010	3.0638187	5.118159	71
CCTGG	2632050	2.919473	11.844232	3
CCAGG	2514520	2.8272617	12.329609	3
CAGCA	2777060	2.7182374	6.94526	4
TGCTG	2821630	2.6682935	7.8079166	2
CCCAG	2353450	2.6655276	11.04637	2
CTGGG	2322160	2.5570261	10.423776	4
CCAGC	2237535	2.5342417	6.298095	3
CTGCT	2602550	2.4791336	6.7274423	9
GGAGG	2216195	2.455751	5.542431	6
GCTGG	2224220	2.4491804	6.775363	3
AGCAG	2515090	2.4439275	5.463524	7
TCCAG	2517935	2.4313416	8.9804735	2
GCTGC	2189695	2.428812	5.7348576	8
CTCCT	2437070	2.3384933	6.217635	1
AGAAG	2770810	2.3268342	5.022277	5
AGGAG	2406790	2.3216982	6.975731	5
CAGGA	2383340	2.3159053	9.790402	4
CTTCT	2824870	2.3109465	5.0616026	1
CTCCA	2364315	2.2997153	6.4231606	1
CTGGA	2398600	2.2992811	8.897279	4
CAGCC	1997085	2.2619069	5.296367	9
TCCTG	2355525	2.243823	8.83262	2
GGCTG	2014195	2.2179134	8.251841	7
CCTGC	1958690	2.1884835	6.134531	3
GGCAG	1951295	2.1780438	6.123271	7
CTGCC	1948630	2.1772432	5.6776342	9
GCAGG	1922560	2.1459694	6.65287	3
CTGCA	2221145	2.1447585	6.494431	4
CAGAG	2203875	2.141518	7.7168646	4
CTCTG	2234705	2.1287324	7.7247515	2
CCCTG	1895585	2.117975	9.06499	2
TGCAG	2202880	2.1116652	6.9169154	2
AGCTG	2154615	2.0653987	5.8593764	7
TGGAG	2168545	2.0636468	6.343866	5
CAGAA	2428865	2.05461	5.570114	4
GCCTG	1837850	2.0385451	6.4372606	7
CAGGG	1805930	2.0157866	9.159263	4
CACAG	2034835	1.9917337	6.933079	7
GGAGA	2063735	1.9907718	5.40548	6
GCCAG	1769995	1.9901367	5.25468	2
CTGGC	1789480	1.9848933	5.6722755	4
CCCCA	1716250	1.9580601	6.6773725	1
TTCTG	2410700	1.9577951	5.3389297	2
CTGTG	2064695	1.9524932	8.998831	9
CAGGC	1729450	1.9445491	5.8183193	4
CTCAG	1998450	1.9297221	6.233052	2
GGGAG	1711130	1.8960918	5.2191873	7
CTGAG	1966290	1.8848718	5.9290595	4
CCAGA	1920055	1.8793851	6.738431	3
CCTCT	1940325	1.8618413	5.7503057	1
GGCCA	1603635	1.803086	6.1904383	1
TCTGG	1904855	1.8013394	6.4710994	3
AGAGG	1845265	1.7800257	5.0863295	5
CAGTG	1849005	1.772443	6.3784738	9
ACCTG	1832920	1.7698848	5.4366794	7
TGGGG	1617970	1.7686677	5.916839	5
CACTG	1815475	1.7530398	7.178741	7
CCTGA	1772225	1.7112772	5.6063027	3
GAGAG	1757365	1.6952335	5.4032345	7
TGGCC	1528255	1.6951421	5.5795894	5
ACAGA	1993200	1.6860751	5.8769417	8
TCAGG	1702950	1.6324358	5.7637725	3
GCCCA	1439805	1.6307292	7.023143	1
GTGTG	1681965	1.579004	7.9907737	1
CCTGT	1642835	1.5649297	5.4200535	8
TGTGT	1928405	1.5547305	6.448582	10
CTTGG	1640035	1.5509105	5.0110574	3
ACACA	1817020	1.5482924	6.4003596	6
AGGTG	1625275	1.5466561	5.0246444	7
GGGCC	1174020	1.5163352	5.131979	6
TGGGC	1368495	1.5069063	6.2236733	5
CACAC	1504115	1.4830316	6.485611	5
ACAGC	1507005	1.4750843	5.585794	8
GCTGT	1556890	1.4722837	5.390596	8
CTGTC	1527435	1.4550022	5.8251395	9
CCTTG	1521815	1.4496486	5.0720663	2
GACAG	1455295	1.4141186	6.997282	7
GCCCT	1262740	1.4108845	6.0554314	1
GGGCT	1269855	1.3982898	5.970386	6
AGACA	1644805	1.3913628	5.4514017	6
GCTCT	1395395	1.3292234	5.0289507	1
GTCCT	1381920	1.3163874	9.451654	1
AGGGC	1175305	1.3118804	5.531241	5
GGACA	1323710	1.2862567	6.198478	6
AGGAC	1275000	1.238925	9.119051	5
GTGCT	1281215	1.2115898	6.5100827	1
ACTGC	1237590	1.1950285	5.040429	8
GTCCA	1235515	1.1930248	6.8778496	1
TGTGC	1234010	1.16695	6.186591	10
AGCAC	1181115	1.156097	5.4079843	5
GTCTT	1423410	1.1559902	5.471215	1
TGGAC	1132610	1.085712	5.992185	5
ACAGT	1283800	1.0713289	5.535419	8
GTGCA	1102135	1.0564988	5.9193006	1
ACTGT	1272125	1.04726	6.2390513	8
GACTG	1072200	1.0278033	5.941889	7
TGCAC	1048780	1.0127118	5.314058	5
GGACC	877765	0.98693633	5.455089	6
GGACT	974990	0.9346185	5.211241	6
CTACA	1101125	0.9256127	5.3257604	4
TGTAG	1130560	0.9239556	5.793265	2
TAGGA	975890	0.80846083	5.8077683	4
TCCTA	970130	0.8044925	5.4272046	2
GTAGG	776250	0.7387007	5.0100665	3
GTGTA	803900	0.6569912	5.8340163	1
>>END_MODULE
