##FastQC	0.10.1
>>Basic Statistics	pass
#Measure	Value	
Filename	004-F5_S4_L004_R1_001.fastq.gz	
File type	Conventional base calls	
Encoding	Sanger / Illumina 1.9	
Total Sequences	15698363	
Filtered Sequences	0	
Sequence length	35-75	
%GC	46	
>>END_MODULE
>>Per base sequence quality	pass
#Base	Mean	Median	Lower Quartile	Upper Quartile	10th Percentile	90th Percentile
1	31.312079227623926	32.0	32.0	32.0	32.0	32.0
2	31.356711397232946	32.0	32.0	32.0	32.0	32.0
3	31.450075081076925	32.0	32.0	32.0	32.0	32.0
4	31.55068850172467	32.0	32.0	32.0	32.0	32.0
5	31.496160459533264	32.0	32.0	32.0	32.0	32.0
6	35.06054567600456	36.0	36.0	36.0	36.0	36.0
7	35.06795906044471	36.0	36.0	36.0	36.0	36.0
8	35.001459961143716	36.0	36.0	36.0	36.0	36.0
9	35.165336984499596	36.0	36.0	36.0	36.0	36.0
10	35.021752268054954	36.0	36.0	36.0	36.0	36.0
11	35.10425150698834	36.0	36.0	36.0	36.0	36.0
12	35.06751614802129	36.0	36.0	36.0	36.0	36.0
13	35.094226003055226	36.0	36.0	36.0	36.0	36.0
14	35.054571040305284	36.0	36.0	36.0	36.0	36.0
15	35.0233370829812	36.0	36.0	36.0	36.0	36.0
16	35.03887736574826	36.0	36.0	36.0	36.0	36.0
17	35.02532881931702	36.0	36.0	36.0	36.0	36.0
18	35.02345072540366	36.0	36.0	36.0	36.0	36.0
19	35.03426127934486	36.0	36.0	36.0	36.0	36.0
20	35.013399804807676	36.0	36.0	36.0	36.0	36.0
21	34.998191403778854	36.0	36.0	36.0	36.0	36.0
22	34.993618761395695	36.0	36.0	36.0	36.0	36.0
23	34.97205326440725	36.0	36.0	36.0	36.0	36.0
24	34.95824271613544	36.0	36.0	36.0	36.0	36.0
25	34.950074475918285	36.0	36.0	36.0	36.0	36.0
26	34.90001492512309	36.0	36.0	36.0	36.0	36.0
27	34.86403575965214	36.0	36.0	36.0	36.0	36.0
28	34.85583675189572	36.0	36.0	36.0	36.0	36.0
29	34.8437380381636	36.0	36.0	36.0	36.0	36.0
30	34.824093505800576	36.0	36.0	36.0	36.0	36.0
31	34.785931182760905	36.0	36.0	36.0	32.0	36.0
32	34.76500798204246	36.0	36.0	36.0	32.0	36.0
33	34.74662925045114	36.0	36.0	36.0	32.0	36.0
34	34.74109249480344	36.0	36.0	36.0	32.0	36.0
35	34.72145452363409	36.0	36.0	36.0	32.0	36.0
36	34.75745422534919	36.0	36.0	36.0	32.0	36.0
37	34.757220587810515	36.0	36.0	36.0	32.0	36.0
38	34.73586472034552	36.0	36.0	36.0	32.0	36.0
39	34.72547425977682	36.0	36.0	36.0	32.0	36.0
40	34.723717138425265	36.0	36.0	36.0	32.0	36.0
41	34.72242868406136	36.0	36.0	36.0	32.0	36.0
42	34.71789224726449	36.0	36.0	36.0	32.0	36.0
43	34.69904979654696	36.0	36.0	36.0	32.0	36.0
44	34.678869272126555	36.0	36.0	36.0	32.0	36.0
45	34.672903451215205	36.0	36.0	36.0	32.0	36.0
46	34.64260310084823	36.0	36.0	36.0	32.0	36.0
47	34.6392753858086	36.0	36.0	36.0	32.0	36.0
48	34.623327154209015	36.0	36.0	36.0	32.0	36.0
49	34.608979530819994	36.0	36.0	36.0	32.0	36.0
50	34.602608350817654	36.0	36.0	36.0	32.0	36.0
51	34.577254844504026	36.0	36.0	36.0	32.0	36.0
52	34.56251509469964	36.0	36.0	36.0	32.0	36.0
53	34.52323107424882	36.0	36.0	36.0	32.0	36.0
54	34.50626807603691	36.0	36.0	36.0	32.0	36.0
55	34.48520276512798	36.0	36.0	36.0	32.0	36.0
56	34.464921186615165	36.0	36.0	36.0	32.0	36.0
57	34.44421824890557	36.0	36.0	36.0	32.0	36.0
58	34.41097034001217	36.0	36.0	36.0	32.0	36.0
59	34.38914483394995	36.0	36.0	36.0	32.0	36.0
60	34.368697114069185	36.0	36.0	36.0	32.0	36.0
61	34.33835518027562	36.0	36.0	36.0	32.0	36.0
62	34.3229459163858	36.0	36.0	36.0	32.0	36.0
63	34.28107247226979	36.0	36.0	36.0	32.0	36.0
64	34.263780990263896	36.0	36.0	36.0	32.0	36.0
65	34.23664074141606	36.0	36.0	36.0	32.0	36.0
66	34.20203538475902	36.0	36.0	36.0	32.0	36.0
67	34.17196133595302	36.0	36.0	36.0	32.0	36.0
68	34.13866514928075	36.0	36.0	36.0	32.0	36.0
69	34.122367724627196	36.0	36.0	36.0	32.0	36.0
70	34.091770064897155	36.0	36.0	36.0	32.0	36.0
71	34.054469882065504	36.0	36.0	36.0	32.0	36.0
72	34.02552744794843	36.0	36.0	36.0	32.0	36.0
73	33.986311160777944	36.0	36.0	36.0	32.0	36.0
74	33.958414008152026	36.0	36.0	36.0	32.0	36.0
75	33.17008075764353	36.0	36.0	36.0	21.0	36.0
>>END_MODULE
>>Per sequence quality scores	pass
#Quality	Count
2	27044.0
3	0.0
4	0.0
5	0.0
6	0.0
7	0.0
8	0.0
9	0.0
10	0.0
11	0.0
12	0.0
13	0.0
14	0.0
15	0.0
16	0.0
17	7.0
18	74.0
19	603.0
20	2545.0
21	6850.0
22	13135.0
23	21904.0
24	36265.0
25	58747.0
26	92779.0
27	138453.0
28	198235.0
29	270328.0
30	356895.0
31	475881.0
32	655078.0
33	1023795.0
34	2346337.0
35	9973408.0
>>END_MODULE
>>Per base sequence content	fail
#Base	G	A	T	C
1	42.30866335745866	18.382040315767316	12.336877016959468	26.972419309814548
2	15.910173227920382	19.84767842451551	36.2994589032359	27.9426894443282
3	18.768834965327425	21.410278228654526	28.282584254713978	31.538302551304078
4	13.075103810192859	15.400931992925344	35.25292242451399	36.27104177236781
5	14.83640911144748	35.10101479013987	34.03921520581644	16.023360892596212
6	34.564703940968336	34.93602565291266	16.242526743745966	14.256743662373037
7	30.548326947179284	29.392125386131696	20.373804259204324	19.685743407484697
8	26.394220823316612	34.977211204840856	19.70132276216048	18.927245209682056
9	24.74006919406614	15.770352222529791	19.686935711593804	39.80264287181027
10	14.298950507115467	27.58375941523103	34.61529601628661	23.501994061366897
11	34.65538410155815	22.544972296099502	23.45011973830565	19.349523864036705
12	22.490743871033036	24.075002881074234	30.650143913327078	22.784109334565656
13	27.818165088134922	20.523977759618624	26.00751283523513	25.650344317011324
14	20.474147420217033	20.61619778750858	27.06211048775965	31.84754430451474
15	22.78670765283525	29.438681646318756	23.08343473417622	24.69117596666978
16	22.80823477251652	28.4244082330879	25.546690605265553	23.220666389130024
17	21.816319120737194	28.09784249051292	27.31230509765935	22.773533291090533
18	22.20195505005676	27.700700839309793	27.883826456285128	22.213517654348326
19	22.773321326663044	27.065042320386024	27.42262617963334	22.73901017331759
20	22.72513245375198	27.06105338038234	27.628338112446055	22.585476053419626
21	22.53733913817311	26.660809246666407	27.31852787367678	23.483323741483712
22	22.499413258706902	26.83151023444	27.530392816117	23.138683690736098
23	22.41794641993987	26.826772354457812	27.437959099156643	23.317322126445674
24	22.62195497035468	26.554704288278757	27.727059366448525	23.096281374918036
25	22.763128642484727	26.56947333304916	27.350173961229018	23.317224063237095
26	22.225655958705147	27.032602721701625	27.566030103822282	23.175711215770946
27	22.392556863549366	26.953018340663853	27.445404298816626	23.20902049697015
28	22.350748032980796	26.912800666645353	27.425329907197877	23.31112139317597
29	22.343597681340903	26.945647581607624	27.483586395741668	23.227168341309802
30	22.39217836327278	26.95416167824771	27.49643966951557	23.157220288963938
31	22.872522727665746	26.84587047203876	27.187883802250468	23.093722998045028
32	22.17699735421122	27.167209090696193	27.574520051566815	23.08127350352577
33	22.33834305842412	26.956780089793337	27.66480600643762	23.040070845344925
34	22.386915097066655	26.740215644121474	27.817696039675354	23.055173219136517
35	22.285571495290217	27.032000305781533	27.62654502789459	23.055883171033656
36	22.4289803101018	27.251680815768776	27.580632195771532	22.738706678357893
37	22.565491994847704	26.942322719867857	27.194722808517184	23.297462476767254
38	22.401602981169297	27.411578108448698	27.269834886260263	22.91698402412175
39	22.67172799988726	27.053391898236967	27.426419672580593	22.848460429295177
40	22.72641875711942	26.821360458947407	27.460136547874082	22.99208423605909
41	22.726784283436395	26.92233407251946	27.485198881746815	22.865682762297332
42	22.50766978209418	27.1629673189514	27.474531511943145	22.85483138701128
43	22.56163814750376	26.949866426654495	27.438584125758993	23.049911300082755
44	22.42073695553287	27.273788078040912	27.39621428154684	22.909260684879378
45	22.538544871410615	27.20364652211382	27.225871792200646	23.03193681427492
46	22.600608702926493	27.09232802204855	27.239167607916986	23.067895667107965
47	22.64105059629098	27.193934959425615	27.311559374810063	22.85345506947334
48	22.404177026018495	27.212603965548166	27.287261583059074	23.09595742537427
49	22.7434065139206	26.938298956706703	27.301179896251153	23.017114633121547
50	22.53390304748257	27.34452713551282	27.22462435998682	22.896945457017786
51	22.644416782542834	27.22645563476627	27.206083795292695	22.923043787398196
52	22.59604859598357	27.276333251558405	27.131890482022158	22.995727670435866
53	22.52349143722536	27.04431194803329	27.41586585077488	23.016330763966476
54	22.672828469064072	27.419912832287785	27.231082907039372	22.67617579160877
55	22.64806387746205	26.984314985986007	27.257563865710623	23.110057270841324
56	22.7497296486538	27.268333612532057	27.041601672456807	22.94033506635734
57	22.565928452331054	27.212834996369995	27.13633251303599	23.084904038262962
58	22.596212806785655	27.13150519715747	27.124531657332547	23.147750338724336
59	22.534749902144565	27.230316652281484	27.18198189651002	23.052951549063934
60	22.559434912898784	27.16938465427309	27.409013566179457	22.862166866648668
61	22.828037038497882	27.122551552951656	27.140607601542516	22.908803807007942
62	22.739378009314606	27.217931448248667	27.209287146064693	22.83340339637203
63	22.71496468294595	27.40336960568493	27.08659447666547	22.795071234703645
64	22.7454076984813	27.107322963897733	27.031791845717134	23.115477491903828
65	22.656353153470356	27.314041159832165	27.140097499207915	22.88950818748956
66	22.666458031679817	27.56858903775893	26.926569974274372	22.838382956286875
67	22.779006263648323	27.126783551929144	27.044375461944583	23.04983472247795
68	22.785821281213128	27.462761043241073	27.19867948158162	22.552738193964174
69	23.022860237135035	27.254621373635306	27.122376886101087	22.600141503128572
70	23.119126906952296	27.104123748932135	27.023086839035514	22.753662505080058
71	22.828493583618165	27.5207139269451	26.944626832544877	22.706165656891855
72	22.806102310683922	27.6201497636688	27.161012213392716	22.412735712254563
73	23.61230912948202	28.25195053881725	27.1182807902847	21.017459541416027
74	24.71043189358295	30.606207162134414	27.355580545336945	17.3277803989457
75	30.194711153340386	41.09632557714078	28.708963269518833	0.0
>>END_MODULE
>>Per base GC content	fail
#Base	%GC
1	69.28108266727322
2	43.852862672248584
3	50.30713751663149
4	49.346145582560666
5	30.85977000404369
6	48.82144760334137
7	50.234070354663984
8	45.32146603299867
9	64.5427120658764
10	37.800944568482365
11	54.00490796559485
12	45.27485320559869
13	53.46850940514625
14	52.321691724731764
15	47.47788361950503
16	46.028901161646544
17	44.58985241182773
18	44.41547270440508
19	45.51233149998063
20	45.31060850717161
21	46.02066287965682
22	45.638096949443
23	45.73526854638554
24	45.718236345272715
25	46.08035270572182
26	45.40136717447609
27	45.60157736051952
28	45.66186942615677
29	45.5707660226507
30	45.549398652236725
31	45.96624572571077
32	45.258270857736996
33	45.378413903769044
34	45.44208831620317
35	45.34145466632388
36	45.16768698845969
37	45.862954471614955
38	45.31858700529104
39	45.52018842918244
40	45.718502993178504
41	45.592467045733734
42	45.362501169105464
43	45.61154944758651
44	45.32999764041225
45	45.570481685685536
46	45.66850437003446
47	45.49450566576432
48	45.50013445139277
49	45.76052114704214
50	45.43084850450036
51	45.567460569941034
52	45.59177626641944
53	45.53982220119184
54	45.34900426067284
55	45.758121148303374
56	45.69006471501113
57	45.65083249059402
58	45.743963145509994
59	45.587701451208495
60	45.42160177954745
61	45.736840845505824
62	45.57278140568664
63	45.510035917649596
64	45.86088519038513
65	45.54586134095992
66	45.504840987966695
67	45.82884098612627
68	45.338559475177306
69	45.62300174026361
70	45.872789412032354
71	45.53465924051002
72	45.218838022938485
73	44.629768670898045
74	42.03821229252865
75	30.194711153340386
>>END_MODULE
>>Per sequence GC content	warn
#GC Content	Count
0	27050.0
1	13530.0
2	20.0
3	41.0
4	53.0
5	78.0
6	138.0
7	250.0
8	334.5
9	442.0
10	807.0
11	1392.5
12	1758.0
13	2411.0
14	4062.5
15	6678.0
16	8746.0
17	12239.5
18	19570.0
19	29061.0
20	35971.5
21	46640.0
22	66401.5
23	88342.5
24	103242.0
25	123398.0
26	156993.5
27	190624.5
28	213850.0
29	243627.5
30	290400.5
31	337369.0
32	370508.0
33	409432.0
34	475120.5
35	539273.0
36	577438.5
37	614838.0
38	656070.5
39	679822.0
40	695602.0
41	701947.5
42	702567.0
43	702522.0
44	705177.5
45	703937.5
46	691645.0
47	675595.5
48	668378.0
49	658091.0
50	635437.0
51	614323.5
52	602577.0
53	590808.5
54	570586.5
55	550104.0
56	536784.0
57	521368.5
58	493937.0
59	457953.5
60	425609.0
61	389224.0
62	344530.0
63	301491.0
64	267195.0
65	238192.5
66	199472.5
67	160660.5
68	133352.5
69	112927.0
70	89640.5
71	67094.0
72	51754.5
73	41502.5
74	30969.5
75	22073.0
76	16324.0
77	12550.0
78	8827.5
79	5756.5
80	4024.0
81	3047.0
82	2039.0
83	1277.0
84	906.0
85	737.0
86	558.0
87	393.5
88	310.5
89	263.5
90	204.5
91	154.0
92	126.5
93	100.0
94	63.5
95	45.0
96	41.0
97	34.0
98	24.0
99	61.0
100	101.0
>>END_MODULE
>>Per base N content	pass
#Base	N-Count
1	0.1870067598768101
2	0.17227273952067487
3	0.17227273952067487
4	0.17335565498135058
5	0.17227273952067487
6	0.17400540425775604
7	0.1733938755270215
8	0.17240651143052305
9	0.17248295252186485
10	0.17250206279470032
11	0.17265494497738396
12	0.17278871688723213
13	0.17230458997540063
14	0.17301804016125757
15	0.1723746609757973
16	0.17300529997936728
17	0.17233007033918124
18	0.17296707943369635
19	0.1724638422490294
20	0.17227273952067487
21	0.1724511020671391
22	0.17238103106674244
23	0.17229821988445546
24	0.17254665343131637
25	0.17234281052107153
26	0.1724001413395779
27	0.17275686643250637
28	0.1723874011576876
29	0.1724001413395779
30	0.17240651143052305
31	0.17227273952067487
32	0.17227273952067487
33	0.17227273952067487
34	0.17309448125259938
35	0.17227273952067487
36	0.0
37	0.0
38	0.0
39	0.0
40	0.0
41	0.0
42	0.0
43	5.347415117516211E-4
44	0.0
45	0.0
46	0.0
47	0.0
48	6.963310188461665E-4
49	0.0
50	1.3074833416816144E-5
51	0.0
52	0.0
53	0.0
54	0.0
55	0.0
56	0.0
57	0.0
58	0.0
59	0.0
60	0.0
61	0.0
62	1.6909795709376077E-4
63	0.0
64	0.0
65	0.0
66	0.0
67	0.0
68	0.0
69	0.0
70	0.0
71	0.0
72	0.0
73	0.0
74	0.0
75	0.0039654466837762475
>>END_MODULE
>>Sequence Length Distribution	warn
#Length	Count
35	36474.0
36	13717.0
37	17795.0
38	19207.0
39	20887.0
40	21358.0
41	22851.0
42	24556.0
43	27286.0
44	29853.0
45	31892.0
46	32623.0
47	33609.0
48	34229.0
49	35464.0
50	35299.0
51	36548.0
52	38224.0
53	40057.0
54	41889.0
55	43588.0
56	44451.0
57	45630.0
58	45798.0
59	46239.0
60	47244.0
61	47265.0
62	48956.0
63	50036.0
64	53014.0
65	55031.0
66	54447.0
67	57618.0
68	57066.0
69	65315.0
70	73824.0
71	132083.0
72	392020.0
73	1059735.0
74	3228495.0
75	9456690.0
>>END_MODULE
>>Sequence Duplication Levels	warn
#Total Duplicate Percentage	29.757657768483213
#Duplication Level	Relative count
1	100.0
2	20.314535901926444
3	7.894220665499124
4	3.7968476357267953
5	2.049737302977233
6	1.2441330998248687
7	0.8245183887915937
8	0.5751313485113836
9	0.4084063047285464
10++	2.9975481611208408
>>END_MODULE
>>Overrepresented sequences	warn
#Sequence	Count	Percentage	Possible Source
NNNNNNNNNNNNNNNNNNNNNNNNNNNNNNNNNNN	27044	0.17227273952067487	No Hit
>>END_MODULE
>>Kmer Content	warn
#Sequence	Count	Obs/Exp Overall	Obs/Exp Max	Max Obs/Exp Position
AAAAA	5009790	3.354377	7.565206	71
TTTTT	4890820	3.1539717	5.5615425	71
CCTGG	2477225	2.9868443	11.715985	3
CCAGG	2412440	2.9306705	13.0985565	3
CAGCA	2659560	2.774428	7.390428	4
CCCAG	2266810	2.7352123	11.307441	2
TGCTG	2565975	2.6547525	6.900403	2
CTGGG	2179210	2.6453352	9.800191	4
CCAGC	2128480	2.5682988	6.7221246	3
GGAGG	2039475	2.5112953	5.620461	6
GCTGG	2042210	2.4790313	5.850671	3
TCCAG	2382240	2.4665272	10.046399	2
AGCAG	2342925	2.4606879	5.627308	7
CTGCT	2336735	2.401301	6.789071	9
AGGAG	2249700	2.3787966	7.322292	5
CAGGA	2237035	2.3494756	10.430783	4
CTGGA	2243305	2.3384237	8.930882	4
CTCCT	2283220	2.330507	6.4538665	1
CTCCA	2265255	2.329609	7.258546	1
GCTGC	1929850	2.3268623	5.6404448	8
AGAAG	2551050	2.3163538	5.028382	5
CAGCC	1909685	2.304293	5.416544	9
TCCTG	2207890	2.2688959	9.037822	2
GGCTG	1852810	2.2491198	8.229996	7
CAGAG	2130525	2.237612	7.8865747	4
GGCAG	1811205	2.2151978	6.1655507	7
CCTGC	1821890	2.1818998	6.2465143	3
GCAGG	1780470	2.1776073	6.4020042	3
CTGCA	2092405	2.1664374	6.4606557	4
CTCTG	2106535	2.1647403	7.2900047	2
TGCAG	2072555	2.1604338	6.5521183	2
CTGCC	1796805	2.151858	5.6828904	9
CCCTG	1790390	2.1441755	8.68883	2
TGGAG	2042085	2.1431036	6.4259615	5
CACAG	2046855	2.1352599	7.726224	7
CAGGG	1709345	2.090618	9.119616	4
AGCTG	1999280	2.0840518	6.029671	7
CTGTG	1985625	2.0543234	9.075455	9
GCCTG	1699370	2.0489676	6.5777826	7
GGAGA	1926160	2.0366905	5.6670017	6
GCCAG	1662695	2.0198681	5.200611	2
CAGAA	2219945	2.0021362	5.6292095	4
CTGGC	1644995	1.9834064	5.0770316	4
CAGGC	1630820	1.9811457	5.897791	4
CTCAG	1886075	1.9528072	6.171344	2
CCCCA	1611365	1.9312363	6.746983	1
CTGAG	1847510	1.9258465	5.638082	4
GGGAG	1561820	1.9231378	5.2123775	7
TTCTG	2177470	1.9200556	5.1966014	2
CCAGA	1829745	1.9087728	7.138536	3
CCTCT	1821190	1.8589082	5.4359455	1
AGAGG	1742260	1.8422377	5.152009	5
CAGTG	1765400	1.8402549	6.509305	9
TCTGG	1775595	1.8370271	6.152497	3
GGCCA	1509295	1.8335155	5.7469683	1
CACTG	1740830	1.8024231	7.508265	7
TGGGG	1473160	1.8003877	5.5775347	5
ACCTG	1737990	1.7994827	5.343585	7
GAGAG	1652120	1.7469251	5.684763	7
TGGCC	1440110	1.7363721	5.2003326	5
ACAGA	1906000	1.7189938	6.18821	8
CCTGA	1656970	1.7155961	5.4692235	3
ACACA	1863815	1.6696281	6.878236	6
GCCCA	1381780	1.6673042	6.988917	1
TCAGG	1595190	1.6628278	5.8028746	3
CACAC	1582560	1.6397942	7.1307445	5
GTGTG	1558310	1.6231549	6.508881	1
AGGTG	1527160	1.6027063	5.042888	7
CCTGT	1554695	1.5976526	5.43098	8
TGTGT	1780260	1.5804455	6.16409	10
ACAGG	1502180	1.5776844	5.2275543	8
TGGGC	1295935	1.573131	6.009514	5
ACAGC	1505320	1.5703357	6.1682305	8
GCTGT	1471700	1.5226178	5.575774	8
GACAG	1398615	1.4689139	7.3369155	7
CTGTC	1421350	1.460623	5.8213778	9
AGACA	1564410	1.4109188	5.757781	6
GGGCT	1160155	1.4083081	5.734408	6
GCCCT	1174800	1.4069433	5.439047	1
AGGGC	1105920	1.3525977	5.4334736	5
GTCCT	1296690	1.3325186	8.677538	1
GGACA	1264595	1.3281577	6.4829326	6
AGGAC	1224755	1.2863152	9.261521	5
GCACA	1227200	1.2802036	5.003814	6
GTGCT	1222170	1.2644546	5.677767	1
AGCAC	1193080	1.2446098	5.9606576	5
TGTGC	1198900	1.2403796	6.0657725	10
ACTGC	1185485	1.2274293	5.379578	8
GTCCA	1168625	1.2099727	6.862993	1
TGGAC	1083960	1.1299211	6.1223826	5
ACAGT	1222510	1.0943105	5.7046995	8
GTGCA	1046580	1.0909562	5.5507426	1
ACTGT	1202945	1.0687366	6.3223524	8
GACTG	1018820	1.0620191	6.2630453	7
TGCAC	1018400	1.0544325	5.3315296	5
GGACC	843765	1.025019	5.5651026	6
AGACT	1106160	0.9901617	5.201021	6
ACACT	1097975	0.9762165	5.0774927	6
GGACT	921770	0.9608542	5.4639106	6
CTACA	1071570	0.95273954	5.2465715	4
TGTAG	1059555	0.9477262	5.6246634	2
TAGGA	898610	0.80983007	5.644196	4
TCCTA	900440	0.79459375	5.227587	2
GTGTA	752675	0.6732353	5.600112	1
>>END_MODULE
