##FastQC	0.10.1
>>Basic Statistics	pass
#Measure	Value	
Filename	018-F5_S4_L002_R1_001.fastq.gz	
File type	Conventional base calls	
Encoding	Sanger / Illumina 1.9	
Total Sequences	16310276	
Filtered Sequences	0	
Sequence length	35-75	
%GC	46	
>>END_MODULE
>>Per base sequence quality	pass
#Base	Mean	Median	Lower Quartile	Upper Quartile	10th Percentile	90th Percentile
1	31.496861365190878	32.0	32.0	32.0	32.0	32.0
2	31.55042538826443	32.0	32.0	32.0	32.0	32.0
3	31.637236672144603	32.0	32.0	32.0	32.0	32.0
4	31.706185352105628	32.0	32.0	32.0	32.0	32.0
5	31.69234794064797	32.0	32.0	32.0	32.0	32.0
6	35.40892962203705	36.0	36.0	36.0	36.0	36.0
7	35.408640417856816	36.0	36.0	36.0	36.0	36.0
8	35.37524539744147	36.0	36.0	36.0	36.0	36.0
9	35.448332756600806	36.0	36.0	36.0	36.0	36.0
10	35.37432303414118	36.0	36.0	36.0	36.0	36.0
11	35.42893841894521	36.0	36.0	36.0	36.0	36.0
12	35.38681380989506	36.0	36.0	36.0	36.0	36.0
13	35.40937173595346	36.0	36.0	36.0	36.0	36.0
14	35.38605189758898	36.0	36.0	36.0	36.0	36.0
15	35.36000837754064	36.0	36.0	36.0	36.0	36.0
16	35.377028690379	36.0	36.0	36.0	36.0	36.0
17	35.374952821153975	36.0	36.0	36.0	36.0	36.0
18	35.36973298305927	36.0	36.0	36.0	36.0	36.0
19	35.359249714719724	36.0	36.0	36.0	36.0	36.0
20	35.3566112553828	36.0	36.0	36.0	36.0	36.0
21	35.34386045950418	36.0	36.0	36.0	36.0	36.0
22	35.335240249766464	36.0	36.0	36.0	36.0	36.0
23	35.31670855845726	36.0	36.0	36.0	36.0	36.0
24	35.3169335699776	36.0	36.0	36.0	36.0	36.0
25	35.302081889969244	36.0	36.0	36.0	36.0	36.0
26	35.26605650327438	36.0	36.0	36.0	36.0	36.0
27	35.256542194626256	36.0	36.0	36.0	36.0	36.0
28	35.2444072068431	36.0	36.0	36.0	36.0	36.0
29	35.237336940221	36.0	36.0	36.0	36.0	36.0
30	35.21048570851897	36.0	36.0	36.0	36.0	36.0
31	35.19927805023042	36.0	36.0	36.0	36.0	36.0
32	35.1847729002256	36.0	36.0	36.0	36.0	36.0
33	35.179357725154375	36.0	36.0	36.0	36.0	36.0
34	35.163259836927345	36.0	36.0	36.0	36.0	36.0
35	35.15050199027901	36.0	36.0	36.0	36.0	36.0
36	35.15230270090958	36.0	36.0	36.0	36.0	36.0
37	35.13367008493861	36.0	36.0	36.0	36.0	36.0
38	35.112706603830375	36.0	36.0	36.0	36.0	36.0
39	35.09732526334125	36.0	36.0	36.0	36.0	36.0
40	35.09994461174565	36.0	36.0	36.0	36.0	36.0
41	35.07826272846109	36.0	36.0	36.0	36.0	36.0
42	35.07139426988845	36.0	36.0	36.0	36.0	36.0
43	35.06162283747657	36.0	36.0	36.0	36.0	36.0
44	35.04486955069641	36.0	36.0	36.0	36.0	36.0
45	35.03267196609351	36.0	36.0	36.0	36.0	36.0
46	35.021374967894985	36.0	36.0	36.0	36.0	36.0
47	35.02246549547176	36.0	36.0	36.0	36.0	36.0
48	35.00314928943321	36.0	36.0	36.0	36.0	36.0
49	34.991108160012296	36.0	36.0	36.0	36.0	36.0
50	34.98280350086754	36.0	36.0	36.0	36.0	36.0
51	34.96516625624017	36.0	36.0	36.0	36.0	36.0
52	34.958848993721276	36.0	36.0	36.0	36.0	36.0
53	34.935515540870085	36.0	36.0	36.0	36.0	36.0
54	34.92107305827503	36.0	36.0	36.0	36.0	36.0
55	34.907440054723814	36.0	36.0	36.0	36.0	36.0
56	34.89093073739446	36.0	36.0	36.0	36.0	36.0
57	34.89342421330734	36.0	36.0	36.0	36.0	36.0
58	34.87980139697351	36.0	36.0	36.0	36.0	36.0
59	34.8569479558867	36.0	36.0	36.0	36.0	36.0
60	34.843604399943835	36.0	36.0	36.0	36.0	36.0
61	34.827752252844235	36.0	36.0	36.0	36.0	36.0
62	34.804934117297755	36.0	36.0	36.0	36.0	36.0
63	34.79859718191396	36.0	36.0	36.0	36.0	36.0
64	34.77413984566005	36.0	36.0	36.0	36.0	36.0
65	34.75598389313082	36.0	36.0	36.0	36.0	36.0
66	34.72969450089548	36.0	36.0	36.0	36.0	36.0
67	34.718293095980975	36.0	36.0	36.0	36.0	36.0
68	34.68346288456625	36.0	36.0	36.0	32.0	36.0
69	34.69051092530397	36.0	36.0	36.0	36.0	36.0
70	34.66077635054671	36.0	36.0	36.0	32.0	36.0
71	34.631511071428704	36.0	36.0	36.0	32.0	36.0
72	34.611558199236725	36.0	36.0	36.0	32.0	36.0
73	34.58702515941314	36.0	36.0	36.0	32.0	36.0
74	34.554483160976176	36.0	36.0	36.0	32.0	36.0
75	33.98158540217626	36.0	36.0	36.0	32.0	36.0
>>END_MODULE
>>Per sequence quality scores	pass
#Quality	Count
2	6362.0
3	0.0
4	0.0
5	0.0
6	0.0
7	0.0
8	0.0
9	0.0
10	0.0
11	0.0
12	0.0
13	0.0
14	0.0
15	0.0
16	1.0
17	10.0
18	74.0
19	604.0
20	2757.0
21	6782.0
22	12578.0
23	20760.0
24	32674.0
25	50307.0
26	75203.0
27	106786.0
28	147211.0
29	195214.0
30	253304.0
31	329080.0
32	447316.0
33	684149.0
34	1558509.0
35	1.2380595E7
>>END_MODULE
>>Per base sequence content	fail
#Base	G	A	T	C
1	44.03408695340677	17.78051064551763	11.096336532113517	27.08906586896208
2	16.467426165275405	19.90715235617656	35.442642791172716	28.182778687375315
3	18.764457418016313	21.071069192342403	28.360901560202045	31.803571829439235
4	13.129509883332311	14.957089444902616	35.136378908770006	36.77702176299507
5	14.787970544986928	35.00585810253906	34.36530025857595	15.840871093898064
6	35.14799575120428	34.706880814018035	16.004751987774224	14.14037144700346
7	31.153770806200278	29.424020514337844	20.084287736061416	19.337920943400462
8	26.829514679726596	34.20099001994245	19.667798787456803	19.30169651287415
9	24.695484126754362	15.176621414541492	19.807828943139537	40.32006551556461
10	14.448606024139615	26.946734539976774	34.62334943683737	23.98130999904624
11	34.64412271590723	22.34652568631807	23.46998584005705	19.539365757717647
12	22.33477272388536	23.99305785349031	30.945637455500652	22.726531967123677
13	28.246367133973095	20.21694490440701	25.864864050930752	25.67182391068914
14	20.50830586507145	20.4294065567331	27.04270573042186	32.01958184777359
15	22.969924124893325	29.37300638166407	22.9861472391449	24.670922254297714
16	23.014918419321997	28.239297025013528	25.428064410750466	23.317720144914006
17	21.908833757631196	27.969857084833855	27.27435043049478	22.846958727040164
18	22.30686913310884	27.4696014818256	27.873682206457406	22.349847178608158
19	22.86774838793093	26.898055997917552	27.36146068681024	22.872734927341277
20	22.83018560092287	26.862182595998775	27.542350894319434	22.76528090875892
21	22.550137238365405	26.53507935290961	27.25461320248409	23.660170206240895
22	22.614287002320303	26.650177779440636	27.45792880358147	23.27760641465759
23	22.50651654778084	26.689625621585243	27.420414946677102	23.38344288395681
24	22.751144295780755	26.29450204411039	27.76211282763145	23.192240832477403
25	22.821651587906764	26.370753977249866	27.345028081920898	23.462566352922472
26	22.27779610681447	26.864401909221158	27.52221089767853	23.33559108628585
27	22.37846207311814	26.78799804634251	27.500556772758024	23.33298310778133
28	22.473699308672447	26.681214969544918	27.396469385848704	23.448616335933924
29	22.320017149328887	26.766403875895534	27.522483193381685	23.391095781393897
30	22.3567703645349	26.839576932373916	27.51528762709175	23.288365075999437
31	22.963547827977145	26.714831956634555	27.200741517789318	23.12087869759898
32	22.249331901350182	26.959652791109768	27.6112521490481	23.179763158491955
33	22.36860586574549	26.779470565469055	27.77200543921942	23.079918129566035
34	22.439196996585036	26.521112417619875	27.897389332979877	23.142301252815212
35	22.292082237632602	26.85419428535819	27.745301515455772	23.108421961553432
36	22.407153549625615	27.098861107751027	27.700915711864702	22.79306963075865
37	22.52336687688415	26.76818054462601	27.306680209321378	23.401772369168462
38	22.412928651500515	27.238917267407874	27.321754848498962	23.02639923259265
39	22.617053559027347	26.930946497193002	27.551665794821627	22.900334148958024
40	22.751337693550855	26.639772000881113	27.51203242732718	23.096857878240847
41	22.699181619540905	26.819487108941754	27.56785753326398	22.91347373825336
42	22.403936278264187	27.114014986505165	27.626832789942025	22.855215945288624
43	22.506965554980315	26.841133722430932	27.560840134183113	23.09106058840564
44	22.345483135635817	27.20741254248178	27.54530544612211	22.90179887576029
45	22.440894289613446	27.12780403604643	27.405161889992495	23.026139784347624
46	22.58355003954782	26.976813978884895	27.33388607753638	23.105749904030912
47	22.61768897923202	27.089945017516094	27.421409142241348	22.870956861010537
48	22.36758203227768	27.112707499172195	27.379934873727024	23.139775594823103
49	22.726115859507757	26.863857631765825	27.39512988104221	23.014896627684212
50	22.515984862688978	27.235372003775566	27.3205036405902	22.928139492945256
51	22.53192083212405	27.168121025085977	27.35898298529427	22.940975157495703
52	22.556628793088368	27.159710334038103	27.261645406755925	23.022015466117608
53	22.439963121707954	26.935926287462987	27.554608323425317	23.069502267403745
54	22.545935801950545	27.342733948939664	27.41438035118935	22.69694989792044
55	22.598400566823063	26.867887945099678	27.362228112443127	23.171483375634132
56	22.68776719756736	27.227258787860404	27.158108248202666	22.926865766369573
57	22.536595212143233	27.09623846743866	27.258351111566565	23.108815208851542
58	22.56260022801251	27.041778915408553	27.175358234315684	23.220262622263252
59	22.502974886949318	27.120766341833995	27.255504630216386	23.120754141000305
60	22.52676195629561	27.07430324927837	27.483471775405366	22.915463019020656
61	22.788397989296993	27.02186848258045	27.254869205270843	22.934864322851713
62	22.74122200563358	27.140544256332095	27.270237101038454	22.84799663699587
63	22.69435189051302	27.317247154886797	27.14062134597225	22.84777960862794
64	22.71870829659602	26.990402336086007	27.107596301464454	23.183293065853526
65	22.638260853634957	27.208706071219606	27.214710197691982	22.93832287745346
66	22.648192086703432	27.46760811537669	27.004369605541623	22.87983019237826
67	22.789845475197172	27.01399583547856	27.105833810207354	23.09032487911692
68	22.75490267525477	27.359612229145302	27.247808109710387	22.637676985889545
69	23.01224185483024	27.176748477117403	27.169770236534568	22.64123943151779
70	23.15451153791259	26.95264102798613	27.031238775310634	22.861608658790647
71	22.87252727470542	27.38208149892846	26.989837611767037	22.755553614599084
72	22.840103367365135	27.482520164370218	27.208550626167693	22.468825842096955
73	23.632612103507217	28.129681905759128	27.154910725677638	21.082795265056014
74	24.75167758559688	30.52015888489575	27.436027465950573	17.2921360635568
75	30.249641282842717	41.016185124196994	28.734173592960293	0.0
>>END_MODULE
>>Per base GC content	fail
#Base	%GC
1	71.12315282236885
2	44.650204852650724
3	50.56802924745555
4	49.90653164632738
5	30.628841638884996
6	49.288367198207744
7	50.49169174960074
8	46.131211192600745
9	65.01554964231897
10	38.429916023185854
11	54.183488473624884
12	45.061304691009035
13	53.91819104466224
14	52.527887712845036
15	47.64084637919104
16	46.33263856423601
17	44.75579248467136
18	44.656716311717
19	45.74048331527221
20	45.59546650968179
21	46.2103074446063
22	45.891893416977894
23	45.88995943173765
24	45.94338512825816
25	46.28421794082924
26	45.613387193100316
27	45.711445180899474
28	45.92231564460638
29	45.711112930722784
30	45.64513544053433
31	46.08442652557613
32	45.42909505984213
33	45.448523995311525
34	45.58149824940025
35	45.40050419918603
36	45.20022318038427
37	45.925139246052616
38	45.43932788409317
39	45.51738770798537
40	45.8481955717917
41	45.61265535779427
42	45.2591522235528
43	45.59802614338596
44	45.24728201139611
45	45.467034073961074
46	45.68929994357873
47	45.48864584024256
48	45.50735762710078
49	45.74101248719197
50	45.44412435563424
51	45.47289598961976
52	45.57864425920597
53	45.509465389111696
54	45.24288569987099
55	45.7698839424572
56	45.614632963936934
57	45.64541042099478
58	45.78286285027576
59	45.62372902794962
60	45.442224975316265
61	45.723262312148705
62	45.589218642629454
63	45.54213149914096
64	45.90200136244954
65	45.57658373108842
66	45.52802227908169
67	45.880170354314096
68	45.39257966114432
69	45.65348128634803
70	46.016120196703234
71	45.6280808893045
72	45.30892920946209
73	44.715407368563234
74	42.04381364915368
75	30.249641282842717
>>END_MODULE
>>Per sequence GC content	warn
#GC Content	Count
0	6365.0
1	3184.0
2	6.5
3	16.5
4	23.0
5	32.0
6	61.5
7	116.0
8	151.0
9	209.0
10	353.5
11	601.0
12	766.5
13	1051.5
14	1838.5
15	3213.5
16	4361.0
17	6613.5
18	11627.5
19	18493.5
20	23539.5
21	32837.0
22	51054.0
23	73101.0
24	88875.0
25	110019.5
26	147362.5
27	187054.0
28	213368.5
29	246898.0
30	301979.0
31	357030.5
32	393945.5
33	435421.5
34	507070.0
35	578385.0
36	619165.0
37	656960.0
38	698805.5
39	721690.5
40	736371.0
41	740085.0
42	737194.5
43	733454.5
44	734048.5
45	729244.0
46	711081.5
47	691076.5
48	681924.0
49	666898.0
50	638072.0
51	610522.5
52	594704.0
53	581580.0
54	558100.5
55	532621.0
56	516621.0
57	500851.0
58	471269.5
59	434225.0
60	403834.0
61	373381.5
62	333252.5
63	291672.5
64	259371.5
65	233152.5
66	198887.5
67	163785.5
68	138747.5
69	120494.5
70	98144.5
71	76407.5
72	62358.0
73	52988.5
74	42457.5
75	32994.0
76	26889.5
77	22691.0
78	17917.0
79	13594.5
80	10931.0
81	9178.5
82	6973.5
83	4755.0
84	3427.0
85	2731.5
86	1964.5
87	1275.0
88	993.0
89	780.0
90	494.5
91	335.5
92	267.0
93	232.0
94	176.0
95	127.0
96	105.0
97	75.0
98	42.0
99	110.0
100	182.0
>>END_MODULE
>>Per base N content	pass
#Base	N-Count
1	0.0459771496202762
2	0.039006084262461285
3	0.039006084262461285
4	0.039006084262461285
5	0.039006084262461285
6	0.039006084262461285
7	0.039006084262461285
8	0.039006084262461285
9	0.03901834647065445
10	0.039061264199330537
11	0.0400851585834599
12	0.03914709965668269
13	0.03931877057138702
14	0.044254309369136366
15	0.03910418192800662
16	0.0400851585834599
17	0.03971729233766492
18	0.040483680349737795
19	0.039140968552586114
20	0.039055133095233945
21	0.0400115853343009
22	0.03903060867884762
23	0.03922680400993827
24	0.039006084262461285
25	0.04014646962442573
26	0.03957627694344351
27	0.0398337833155
28	0.039404606028739186
29	0.03942913044512551
30	0.03926972173861436
31	0.03935555719596652
32	0.04013420741623257
33	0.03964371908850592
34	0.039453654861511846
35	0.03925132842632461
36	0.0
37	8.650177261150202E-4
38	0.0
39	5.216926557580937E-4
40	0.0010313928985652098
41	0.001510720032503817
42	0.0011795131105032386
43	2.4582859601143104E-5
44	6.148425701747492E-6
45	0.0013533069130915528
46	2.7081151069554676E-4
47	4.98847293236111E-4
48	0.001257176769222094
49	8.633752458846448E-5
50	9.627669626269911E-4
51	7.535105717842037E-4
52	0.0010940701275463246
53	0.0012929382312060601
54	1.733727236161389E-4
55	0.0
56	3.28814512011346E-4
57	5.40331155922989E-4
58	7.461136803673864E-5
59	4.2951730036549433E-4
60	2.804608008352497E-4
61	6.864337110341224E-5
62	4.3736857074449126E-4
63	2.314798739823566E-4
64	0.0
65	0.0
66	1.2567169952499868E-5
67	1.321589063586181E-4
68	9.456217680618012E-5
69	0.0
70	0.0
71	0.0
72	1.1505134997419015E-4
73	1.3119748205792435E-5
74	0.0
75	0.0014260069248797614
>>END_MODULE
>>Sequence Length Distribution	warn
#Length	Count
35	7768.0
36	2264.0
37	3293.0
38	3833.0
39	4466.0
40	5026.0
41	5723.0
42	6403.0
43	7174.0
44	7851.0
45	9012.0
46	10029.0
47	10599.0
48	11406.0
49	12131.0
50	12417.0
51	12759.0
52	13390.0
53	14556.0
54	15335.0
55	16331.0
56	17273.0
57	17897.0
58	18795.0
59	19522.0
60	20169.0
61	20046.0
62	20697.0
63	21685.0
64	23388.0
65	24556.0
66	24520.0
67	27383.0
68	27642.0
69	35502.0
70	45461.0
71	108786.0
72	400993.0
73	1154750.0
74	3570562.0
75	1.0518883E7
>>END_MODULE
>>Sequence Duplication Levels	warn
#Total Duplicate Percentage	37.00307607907679
#Duplication Level	Relative count
1	100.0
2	25.887164494759432
3	10.729169906385096
4	5.4948216340621405
5	3.1933256616800922
6	2.087674556028986
7	1.3544614810437596
8	0.9322613752993499
9	0.6927813889839206
10++	5.134824122165894
>>END_MODULE
>>Overrepresented sequences	pass
>>END_MODULE
>>Kmer Content	warn
#Sequence	Count	Obs/Exp Overall	Obs/Exp Max	Max Obs/Exp Position
AAAAA	4645895	3.0224016	6.872486	71
CCTGG	2610655	2.9451811	12.023751	3
CCAGG	2517845	2.87987	13.774243	3
CAGCA	2783290	2.755697	7.1640334	4
CCCAG	2358925	2.6806915	11.985387	2
TGCTG	2744235	2.6603749	6.6917024	2
CTGGG	2284780	2.594288	10.290018	4
CCAGC	2237560	2.5427716	6.8245916	3
AGCAG	2515135	2.506372	5.787192	7
GGAGG	2155420	2.497458	5.564057	6
GCTGG	2177485	2.4724584	6.089459	3
TCCAG	2514660	2.4556754	9.749212	2
CTGCT	2539025	2.4455545	6.690417	9
GCTGC	2119725	2.391344	5.7541547	8
AGGAG	2364595	2.3716588	7.5634303	5
AGAAG	2717890	2.359698	5.087586	5
CAGGA	2359495	2.3512743	10.603823	4
CTCCT	2433490	2.3287811	6.5706434	1
CTGGA	2354630	2.3143315	8.848813	4
CTCCA	2365125	2.2947454	7.1411934	1
CAGCC	1999170	2.2718644	5.3247056	9
TCCTG	2337880	2.2518144	8.952559	2
GGCTG	1961965	2.2277427	8.453247	7
GGCAG	1922555	2.2132673	6.3105283	7
CCTGC	1958460	2.1951594	6.1946898	3
CAGAG	2199980	2.1923149	8.377679	4
GCAGG	1889405	2.1751049	6.4015102	3
CTGCC	1919000	2.1509304	5.776277	9
TGCAG	2166415	2.1293375	6.4508834	2
CTGCA	2180320	2.1291778	6.2725744	4
CCCTG	1893795	2.122679	9.013167	2
CTCTG	2203140	2.1220345	7.710552	2
TGGAG	2117700	2.0949736	6.3061895	5
AGCTG	2107645	2.0715735	6.140023	7
CAGGG	1792040	2.063017	9.494505	4
CAGAA	2384755	2.057108	5.550395	4
GCCTG	1814055	2.046506	7.065966	7
GGAGA	2034385	2.0404623	5.643619	6
CACAG	2045945	2.025662	7.123913	7
GCCAG	1751865	2.0037546	5.671795	2
CTGGC	1774000	2.0013185	5.6013207	4
CAGGC	1722520	1.9701902	6.163288	4
CTGTG	2015410	1.9538218	9.191979	9
TTCTG	2352065	1.946788	5.2000394	2
CTCAG	1991055	1.9443521	6.400718	2
GGGAG	1667630	1.9322618	5.3094797	7
CCCCA	1694030	1.9126813	7.050558	1
CTGAG	1942240	1.9089992	5.927755	4
CCAGA	1916285	1.8972874	7.2232776	3
CCTCT	1929585	1.8465582	5.5894003	1
GGCCA	1593335	1.8224305	6.4391527	1
AGAGG	1814545	1.8199656	5.275449	5
TCTGG	1869265	1.812143	6.470524	3
CAGTG	1830025	1.7987047	6.7027416	9
ACCTG	1823815	1.781035	5.4504523	7
TGGGG	1555370	1.7775371	5.7738843	5
CACTG	1803055	1.7607619	7.3791265	7
GAGAG	1727560	1.7327209	5.604713	7
CCTGA	1754625	1.713468	5.5460815	3
TGGCC	1514300	1.7083405	5.6933002	5
ACAGA	1967220	1.6969393	5.9422574	8
TCAGG	1685000	1.6561618	5.933602	3
GCCCA	1457365	1.6561552	8.031707	1
AGGTG	1591600	1.5745195	5.147259	7
CCTGT	1624355	1.5645566	5.580156	8
ACACA	1818745	1.558741	6.6281185	6
GGCCT	1379435	1.5561941	5.233401	6
GTGTG	1575635	1.5374054	6.7239885	9
AGGCC	1339285	1.5318524	5.077039	5
GGGCC	1154630	1.5256596	5.3089485	6
TGGGC	1343040	1.5249752	6.2233586	5
TGTGT	1829080	1.5237483	6.3291626	10
AGCCT	1543655	1.5074466	5.072121	6
CACAC	1528175	1.5032628	6.92126	5
ACAGC	1505035	1.4901145	5.6542344	8
GCTGT	1508065	1.4619806	5.4362597	8
AGGCT	1471470	1.4462864	5.09027	6
CTGTC	1493010	1.4380468	5.8811626	9
GACAG	1442735	1.4377083	7.366151	7
AGACA	1638590	1.4134605	5.9769096	6
GCCCT	1258240	1.4103109	6.0359178	1
GGGCT	1235245	1.4025775	6.080322	6
AGAGC	1365510	1.3607525	5.1817822	5
AGGGC	1158435	1.3336036	5.8367295	5
GTCCT	1358615	1.3085995	8.919547	1
GGACA	1308585	1.3040257	6.5162845	6
AGGAC	1257200	1.2528198	9.414733	5
GTGCT	1247200	1.2090873	5.6819086	1
ACTGC	1225130	1.1963929	5.1473503	8
GTCCA	1224485	1.1957631	6.8451414	1
TGTGC	1205035	1.1682109	6.1887074	10
AGCAC	1178305	1.1666236	5.723813	5
GTCTT	1387710	1.1485978	5.138167	1
TGGAC	1115620	1.0965265	6.113481	5
ACAGT	1269455	1.0800636	5.735339	8
GTGCA	1081545	1.0630348	5.642381	1
ACTGT	1259620	1.057037	6.4794054	8
GACTG	1064885	1.04666	6.4616075	7
TGCAC	1032355	1.0081397	5.282959	5
AGACT	1176625	1.001083	5.5167546	6
GGACC	869825	0.9948916	5.7494426	6
ACACT	1145305	0.96814835	5.0558	6
GGACT	959160	0.9427443	5.440054	6
TGTAG	1095675	0.92543006	5.6776066	2
CTACA	1085585	0.917666	5.234757	4
TAGGA	955020	0.81781614	5.867814	4
TCCTA	953790	0.795229	5.338499	2
GTGTA	770415	0.65070873	5.6697717	1
>>END_MODULE
