##FastQC	0.10.1
>>Basic Statistics	pass
#Measure	Value	
Filename	KS25_S6_L001_R2_001_trimmed.fq.gz	
File type	Conventional base calls	
Encoding	Sanger / Illumina 1.9	
Total Sequences	14531639	
Filtered Sequences	0	
Sequence length	20-50	
%GC	45	
>>END_MODULE
>>Per base sequence quality	pass
#Base	Mean	Median	Lower Quartile	Upper Quartile	10th Percentile	90th Percentile
1	34.94590954261938	36.0	36.0	36.0	36.0	36.0
2	34.94496395072848	36.0	36.0	36.0	36.0	36.0
3	34.926690375393996	36.0	36.0	36.0	36.0	36.0
4	34.918576493677	36.0	36.0	36.0	36.0	36.0
5	34.89691967987919	36.0	36.0	36.0	36.0	36.0
6	34.88696918496255	36.0	36.0	36.0	36.0	36.0
7	34.869277168253355	36.0	36.0	36.0	36.0	36.0
8	34.86375501070457	36.0	36.0	36.0	36.0	36.0
9	34.843024658127	36.0	36.0	36.0	36.0	36.0
10	34.820764952941644	36.0	36.0	36.0	36.0	36.0
11	34.80660467824724	36.0	36.0	36.0	36.0	36.0
12	34.79798858201749	36.0	36.0	36.0	36.0	36.0
13	34.785359862022446	36.0	36.0	36.0	36.0	36.0
14	34.77383624792771	36.0	36.0	36.0	32.0	36.0
15	34.75790150030564	36.0	36.0	36.0	32.0	36.0
16	34.737409317696375	36.0	36.0	36.0	32.0	36.0
17	34.72146734446128	36.0	36.0	36.0	32.0	36.0
18	34.710229038857904	36.0	36.0	36.0	32.0	36.0
19	34.6838294703027	36.0	36.0	36.0	32.0	36.0
20	34.68147529676453	36.0	36.0	36.0	32.0	36.0
21	34.66410006287909	36.0	36.0	36.0	32.0	36.0
22	34.660655946853545	36.0	36.0	36.0	32.0	36.0
23	34.646007631858275	36.0	36.0	36.0	32.0	36.0
24	34.622736290535244	36.0	36.0	36.0	32.0	36.0
25	34.60702545453536	36.0	36.0	36.0	32.0	36.0
26	34.58539114447781	36.0	36.0	36.0	32.0	36.0
27	34.56498352625521	36.0	36.0	36.0	32.0	36.0
28	34.542513736278124	36.0	36.0	36.0	32.0	36.0
29	34.52895572563054	36.0	36.0	36.0	32.0	36.0
30	34.50412243799336	36.0	36.0	36.0	32.0	36.0
31	34.48386248472402	36.0	36.0	36.0	32.0	36.0
32	34.473417036491064	36.0	36.0	36.0	32.0	36.0
33	34.43210847672958	36.0	36.0	36.0	32.0	36.0
34	34.40264604920041	36.0	36.0	36.0	32.0	36.0
35	34.371384448595784	36.0	36.0	36.0	32.0	36.0
36	34.3457175426183	36.0	36.0	36.0	32.0	36.0
37	34.338849929893804	36.0	36.0	36.0	32.0	36.0
38	34.31567025319838	36.0	36.0	36.0	32.0	36.0
39	34.28033003685842	36.0	36.0	36.0	32.0	36.0
40	34.26900976273614	36.0	36.0	36.0	32.0	36.0
41	34.22978113218024	36.0	36.0	36.0	32.0	36.0
42	34.20730062133828	36.0	36.0	36.0	32.0	36.0
43	34.19268948645457	36.0	36.0	36.0	32.0	36.0
44	34.170727252715174	36.0	36.0	36.0	32.0	36.0
45	34.14125445565343	36.0	36.0	36.0	32.0	36.0
46	34.13990132521918	36.0	36.0	36.0	32.0	36.0
47	34.14816166160327	36.0	36.0	36.0	32.0	36.0
48	34.15581840195498	36.0	36.0	36.0	32.0	36.0
49	34.23345528448289	36.0	36.0	36.0	32.0	36.0
50	34.37748208537536	36.0	36.0	36.0	32.0	36.0
>>END_MODULE
>>Per sequence quality scores	pass
#Quality	Count
14	775.0
15	1687.0
16	3038.0
17	5088.0
18	8260.0
19	12198.0
20	18044.0
21	25762.0
22	36011.0
23	49889.0
24	67690.0
25	91256.0
26	118951.0
27	153339.0
28	194808.0
29	243969.0
30	304686.0
31	387830.0
32	522229.0
33	768640.0
34	1456668.0
35	6431897.0
36	3628924.0
>>END_MODULE
>>Per base sequence content	pass
#Base	G	A	T	C
1	22.789893142817544	26.372076818038217	26.784480401694537	24.053549637449706
2	22.918777434534398	26.78378536653711	27.195789821093136	23.10164737783536
3	22.469013990782457	26.91576634954942	27.278712332449217	23.336507327218907
4	22.885112959384692	26.30422487098668	27.800848892544057	23.00981327708457
5	23.063365391887316	26.407385980342617	27.26949107392497	23.259757553845095
6	22.37380105575152	26.867148296210768	27.619100639645673	23.13995000839203
7	22.400969360716985	26.906015212736843	27.325100768055137	23.367914658491035
8	22.529805481680356	26.758151644146956	27.117071928362655	23.594970945810033
9	22.61358818506295	26.82250777080273	27.085423743323105	23.478480300811217
10	22.410328249965474	26.823209687496362	27.437476254399108	23.328985808139056
11	23.397470856522105	26.533070357720835	26.913240825759573	23.15621795999749
12	22.339558531559998	27.1151657428319	27.55763475819899	22.987640967409114
13	22.304868707514686	26.88278314648472	27.927930221773334	22.884417924227268
14	22.528229609887777	26.55461644760099	27.87855519945135	23.038598743059886
15	22.304008515488167	26.987974309023226	27.68815685553433	23.019860319954276
16	22.370050618515915	27.215312739326926	27.68357375241705	22.731062889740105
17	22.65092051901372	26.841108563184097	26.949444587771552	23.55852633003063
18	22.63046859339129	27.538201299935956	26.963579263151257	22.867750843521506
19	22.997089316628358	26.93144937057685	27.201831809887377	22.869629502907415
20	23.002821636293056	26.607796959448276	27.415723718432588	22.97365768582608
21	22.949166633181235	26.584554184609516	27.529994388921423	22.93628479328782
22	22.459353340024414	27.310414655096594	27.556380227372486	22.673851777506506
23	22.51753221541557	27.04859723603678	27.447404045345785	22.986466503201868
24	22.323349632489524	27.3983863987798	27.389102157006505	22.88916181172417
25	22.42459811459712	27.360012549916807	27.312436703786563	22.90295263169951
26	22.721012682806467	26.970660765127207	27.1637051985201	23.144621353546228
27	23.029871545067373	27.010955691821326	27.164265136912352	22.79490762619895
28	22.394771510544757	27.149060953121634	27.192136401910343	23.26403113442326
29	23.00084651870059	26.774725965985034	27.087646802562144	23.136780712752234
30	22.476649546764655	27.605046006609985	27.02453699891956	22.893767447705798
31	22.653319522711083	27.191627304401557	27.299459818153892	22.85559335473347
32	22.59059347126644	27.360024578231073	27.043128876461974	23.00625307404051
33	22.38185920769528	26.951411205849507	27.6705971047902	22.996132481665015
34	22.59858441439226	27.521742062192384	27.370462754039877	22.509210769375482
35	22.62710406586131	26.83371585094555	27.25511498043329	23.28406510275985
36	22.887725071878695	27.3128002127692	26.814660162599775	22.98481455275233
37	22.538124862374946	27.263220093732528	26.970896091487813	23.227758952404713
38	22.70233171595838	27.28616506220836	26.723502801242233	23.288000420591025
39	22.741503048019826	27.176956126718487	26.90194935769134	23.179591467570344
40	22.565643424761035	27.053382999803688	27.535977874936545	22.84499570049873
41	22.94878661920424	26.96577146307914	27.079448185626383	23.00599373209024
42	22.82762589581343	27.021599392822143	27.28439092888356	22.86638378248087
43	22.789729455759684	27.32438891704692	27.14535727077853	22.740524356414863
44	22.83395031861808	26.94611800172196	26.952306040323897	23.267625639336064
45	22.68484310472859	27.41043724532077	26.91794709508691	22.98677255486373
46	22.65471590501899	27.914519182532665	26.638936002484414	22.79182890996393
47	23.011014084446344	27.17077879880325	26.76414978465293	23.05405733209747
48	22.888455216565003	27.584997534871892	27.338715186753003	22.187832061810102
49	23.096798199145958	27.54573024703999	27.501399149477727	21.85607240433632
50	23.408878308989337	27.310539124778376	27.436070300388458	21.844512265843825
>>END_MODULE
>>Per base GC content	pass
#Base	%GC
1	46.84344278026725
2	46.020424812369754
3	45.80552131800136
4	45.89492623646926
5	46.323122945732415
6	45.513751064143555
7	45.768884019208016
8	46.12477642749039
9	46.092068485874165
10	45.739314058104526
11	46.553688816519596
12	45.327199498969115
13	45.18928663174195
14	45.56682835294767
15	45.32386883544245
16	45.10111350825602
17	46.20944684904435
18	45.4982194369128
19	45.86671881953578
20	45.97647932211913
21	45.88545142646906
22	45.13320511753092
23	45.50399871861743
24	45.212511444213696
25	45.32755074629663
26	45.865634036352695
27	45.82477917126632
28	45.65880264496801
29	46.13762723145282
30	45.37041699447045
31	45.50891287744455
32	45.59684654530695
33	45.37799168936029
34	45.10779518376774
35	45.91116916862116
36	45.872539624631024
37	45.76588381477966
38	45.990332136549405
39	45.92109451559017
40	45.41063912525976
41	45.954780351294474
42	45.6940096782943
43	45.53025381217455
44	46.10157595795415
45	45.67161565959232
46	45.44654481498292
47	46.065071416543816
48	45.076287278375105
49	44.95287060348228
50	45.253390574833155
>>END_MODULE
>>Per sequence GC content	pass
#GC Content	Count
0	8573.0
1	6944.0
2	4792.5
3	4729.5
4	5271.5
5	5837.0
6	6448.0
7	7269.0
8	8131.5
9	9856.5
10	11745.5
11	14620.5
12	17558.5
13	22289.5
14	27768.5
15	35900.5
16	44664.0
17	57997.0
18	72414.5
19	89924.5
20	107902.5
21	130474.5
22	154091.0
23	182408.5
24	212643.0
25	242701.0
26	277925.0
27	320516.0
28	366924.5
29	421622.5
30	478311.5
31	538832.5
32	600343.5
33	660557.0
34	719972.5
35	769649.0
36	814486.5
37	839487.5
38	857253.5
39	867645.0
40	877588.5
41	880379.5
42	880391.5
43	876494.0
44	870444.0
45	860902.5
46	851830.5
47	841684.0
48	830453.0
49	819102.0
50	808369.5
51	796003.5
52	780428.5
53	764013.5
54	747877.5
55	726939.0
56	701697.0
57	672003.5
58	642267.5
59	605263.5
60	565609.0
61	520032.0
62	473712.5
63	433708.5
64	386620.5
65	342924.0
66	300614.0
67	261834.5
68	224218.5
69	190664.0
70	161104.5
71	135258.5
72	112385.0
73	93330.0
74	75746.5
75	62633.0
76	52565.5
77	42761.0
78	34097.0
79	27538.5
80	21726.5
81	17651.0
82	14340.0
83	11486.5
84	8867.5
85	7008.0
86	5480.0
87	4373.5
88	3528.0
89	2845.0
90	2286.0
91	1902.0
92	1587.5
93	1422.0
94	1276.5
95	1215.0
96	1175.0
97	1222.0
98	1813.5
99	7364.5
100	12369.0
>>END_MODULE
>>Per base N content	pass
#Base	N-Count
1	0.0
2	0.0
3	0.0
4	0.0
5	0.0
6	0.0
7	0.0
8	0.0
9	0.0
10	0.0
11	0.0
12	0.0
13	0.0
14	0.0
15	0.0
16	0.0
17	0.0
18	0.0
19	0.0
20	0.0
21	0.0
22	0.0
23	4.1495532176050604E-5
24	0.0
25	0.0
26	0.0
27	0.0
28	0.0
29	0.0
30	0.0
31	0.0
32	0.0
33	0.0
34	0.0
35	0.0
36	0.0
37	0.0
38	0.0
39	0.0
40	0.0
41	0.0
42	0.0
43	0.0
44	0.0
45	0.0
46	0.0
47	0.0
48	0.0
49	0.0
50	0.0
>>END_MODULE
>>Sequence Length Distribution	warn
#Length	Count
20	22842.0
21	23843.0
22	25566.0
23	26330.0
24	26588.0
25	27397.0
26	28359.0
27	29331.0
28	29909.0
29	32436.0
30	33273.0
31	34345.0
32	35831.0
33	37333.0
34	38730.0
35	39900.0
36	38723.0
37	39597.0
38	41285.0
39	43993.0
40	45580.0
41	52607.0
42	55686.0
43	66778.0
44	95918.0
45	163939.0
46	401612.0
47	844438.0
48	1689544.0
49	2269132.0
50	8190794.0
>>END_MODULE
>>Sequence Duplication Levels	warn
#Total Duplicate Percentage	30.672811601009805
#Duplication Level	Relative count
1	100.0
2	20.418907284300857
3	7.973070246009231
4	3.8686821639779256
5	2.1481701034565495
6	1.254745875146434
7	0.8242650068453515
8	0.5864419697675404
9	0.45800341561869273
10++	3.6089822303143215
>>END_MODULE
>>Overrepresented sequences	pass
>>END_MODULE
>>Kmer Content	warn
#Sequence	Count	Obs/Exp Overall	Obs/Exp Max	Max Obs/Exp Position
AAAAA	4358865	4.6880565	6.175952	46
TTTTT	3553140	3.6828992	5.2547684	13
GAAAA	2167310	2.7785563	5.0954843	4
AGAAA	2135595	2.7378967	5.193481	28
GAGAA	1409140	2.1534314	5.147178	27
>>END_MODULE
