##FastQC	0.10.1
>>Basic Statistics	pass
#Measure	Value	
Filename	006-F0_S6_L003_R1_001.fastq.gz	
File type	Conventional base calls	
Encoding	Sanger / Illumina 1.9	
Total Sequences	23554458	
Filtered Sequences	0	
Sequence length	35-76	
%GC	46	
>>END_MODULE
>>Per base sequence quality	pass
#Base	Mean	Median	Lower Quartile	Upper Quartile	10th Percentile	90th Percentile
1	31.353063526233548	32.0	32.0	32.0	32.0	32.0
2	31.376543455170992	32.0	32.0	32.0	32.0	32.0
3	31.47610991515916	32.0	32.0	32.0	32.0	32.0
4	31.566535515272736	32.0	32.0	32.0	32.0	32.0
5	31.529022701350208	32.0	32.0	32.0	32.0	32.0
6	35.111767971905785	36.0	36.0	36.0	36.0	36.0
7	35.12492543874285	36.0	36.0	36.0	36.0	36.0
8	35.054618577935436	36.0	36.0	36.0	36.0	36.0
9	35.209705483352664	36.0	36.0	36.0	36.0	36.0
10-14	35.13060781105641	36.0	36.0	36.0	36.0	36.0
15-19	35.08061260420426	36.0	36.0	36.0	36.0	36.0
20-24	35.03633925263744	36.0	36.0	36.0	36.0	36.0
25-29	34.92267861990287	36.0	36.0	36.0	36.0	36.0
30-34	34.82355382577684	36.0	36.0	36.0	36.0	36.0
35-39	34.79201554500116	36.0	36.0	36.0	34.4	36.0
40-44	34.75695684507171	36.0	36.0	36.0	34.4	36.0
45-49	34.66189882151305	36.0	36.0	36.0	32.0	36.0
50-54	34.5440932250847	36.0	36.0	36.0	32.0	36.0
55-59	34.38942229465059	36.0	36.0	36.0	32.0	36.0
60-64	34.231094626689675	36.0	36.0	36.0	32.0	36.0
65-69	34.09270530007603	36.0	36.0	36.0	32.0	36.0
70-74	33.98545705467355	36.0	36.0	36.0	32.0	36.0
75-76	33.29093581559389	36.0	34.0	36.0	23.0	36.0
>>END_MODULE
>>Per sequence quality scores	pass
#Quality	Count
2	42802.0
3	0.0
4	0.0
5	0.0
6	0.0
7	0.0
8	0.0
9	0.0
10	0.0
11	0.0
12	0.0
13	0.0
14	0.0
15	0.0
16	5.0
17	19.0
18	169.0
19	1111.0
20	4481.0
21	10771.0
22	20252.0
23	34650.0
24	57649.0
25	94407.0
26	146589.0
27	216520.0
28	300321.0
29	402004.0
30	524393.0
31	687215.0
32	944119.0
33	1491038.0
34	3464381.0
35	1.5111562E7
>>END_MODULE
>>Per base sequence content	fail
#Base	G	A	T	C
1	42.3146219749826	19.136703128923298	11.926641373757404	26.622033522336697
2	15.866906192239647	19.70957843269481	37.26645501684135	27.1570603582242
3	19.039947675314746	21.828794194675186	27.755782068264356	31.375476061745715
4	13.07467060650561	15.31230024505754	35.38116321286397	36.231865935572884
5	14.936782845070548	34.996080242072274	33.93256093913589	16.13457597372129
6	34.517290243873695	34.875074736983045	16.341600588459208	14.266034430684051
7	30.352808723050956	29.071589346962107	20.672288422800523	19.90331350718641
8	26.018537358661593	35.195504731780694	19.849333454011067	18.936624455546642
9	24.549853060116224	15.773133972358222	20.459311755837188	39.217701211688365
10-14	24.14557466705497	22.98503109669143	28.226964591150548	24.642429645103054
15-19	22.677341132314332	28.004991445833827	26.025761156274946	23.291906265576895
20-24	22.78579444205479	26.659322589009477	27.30870888814641	23.246174080789324
25-29	22.709688282502206	26.72027799291332	27.169501598628703	23.40053212595577
30-34	22.720248432484915	26.727656458350996	27.29660009245784	23.255495016706252
35-39	22.797665819026168	26.939927412594166	27.12177515479901	23.140631613580652
40-44	22.855259965483114	26.82730254466425	27.18468620366061	23.132751286192025
45-49	22.88244648806685	26.9202552776263	26.993758252923516	23.20353998138333
50-54	22.85190691385495	27.01009603761428	27.015320728875064	23.122676319655714
55-59	22.920947886959695	26.929412413886027	26.879027691874025	23.270612007280256
60-64	22.9978280563811	26.95858437144249	26.903359443296743	23.140228128879674
65-69	23.04984267275909	27.06783342182428	26.828045488596473	23.05427841682015
70-74	23.313858960498564	27.27081963168506	26.806377253213178	22.608944154603197
75-76	27.512721217110723	34.6099669829492	27.73911363205262	10.138198167887454
>>END_MODULE
>>Per base GC content	fail
#Base	%GC
1	68.9366554973193
2	43.02396655046385
3	50.41542373706046
4	49.30653654207849
5	31.07135881879184
6	48.78332467455775
7	50.25612223023737
8	44.95516181420824
9	63.76755427180459
10-14	48.78800431215802
15-19	45.96924739789123
20-24	46.03196852284411
25-29	46.11022040845798
30-34	45.97574344919117
35-39	45.93829743260682
40-44	45.98801125167514
45-49	46.085986469450184
50-54	45.974583233510664
55-59	46.19155989423995
60-64	46.138056185260766
65-69	46.104121089579245
70-74	45.922803115101765
75-76	37.65091938499818
>>END_MODULE
>>Per sequence GC content	warn
#GC Content	Count
0	42811.0
1	21413.5
2	36.5
3	74.5
4	94.5
5	126.5
6	243.5
7	431.0
8	540.0
9	736.0
10	1281.5
11	2179.5
12	2752.0
13	3738.5
14	6305.5
15	10346.0
16	16417.0
17	21107.5
18	28658.5
19	43909.0
20	63469.5
21	77885.0
22	97901.5
23	133013.0
24	170538.5
25	196213.5
26	229858.0
27	283462.0
28	337129.5
29	374869.5
30	420313.0
31	490713.0
32	559391.0
33	606974.5
34	668154.0
35	758276.5
36	836582.5
37	885858.5
38	924656.0
39	966533.0
40	986582.5
41	991286.0
42	1001522.0
43	1012099.5
44	1008206.0
45	997045.5
46	992155.5
47	981935.5
48	960837.5
49	938478.0
50	924380.0
51	906796.5
52	880491.0
53	855945.0
54	842637.5
55	828545.0
56	803557.0
57	776953.5
58	752774.5
59	712161.0
60	655370.5
61	593158.5
62	541997.5
63	491579.0
64	425656.5
65	365410.5
66	305660.0
67	262221.5
68	227981.0
69	185715.0
70	144685.5
71	117103.0
72	97769.0
73	77865.0
74	59959.5
75	47393.0
76	39635.5
77	31674.0
78	23696.0
79	18849.5
80	16288.5
81	12608.5
82	8695.5
83	6475.0
84	5120.0
85	3770.5
86	2536.0
87	1813.5
88	1482.5
89	1147.0
90	827.0
91	572.0
92	453.0
93	468.0
94	404.0
95	253.5
96	186.0
97	148.0
98	89.0
99	54.0
100	42.0
>>END_MODULE
>>Per base N content	pass
#Base	N-Count
1	0.2082663078046627
2	0.18247501173663175
3	0.18171507066730214
4	0.18186366249650066
5	0.18171507066730214
6	0.21382364221668781
7	0.1843302868611963
8	0.18171507066730214
9	0.18171507066730214
10-14	0.18208527659604817
15-19	0.182019047095034
20-24	0.1821549024817298
25-29	0.18333005157664845
30-34	0.1834090175201654
35-39	0.045906364492002465
40-44	0.002549936820233417
45-49	0.001022883443002823
50-54	0.0012435835769464844
55-59	0.00248194440843409
60-64	0.0017991182467499132
65-69	0.0011050392146335491
70-74	0.002991066447061674
75-76	0.014304710959040415
>>END_MODULE
>>Sequence Length Distribution	warn
#Length	Count
35	56841.0
36	20692.0
37	27643.0
38	29899.0
39	32503.0
40	32645.0
41	34363.0
42	35611.0
43	38385.0
44	40963.0
45	44605.0
46	46957.0
47	49310.0
48	50966.0
49	52751.0
50	52989.0
51	53503.0
52	53662.0
53	55285.0
54	57948.0
55	59617.0
56	62133.0
57	64518.0
58	66007.0
59	66965.0
60	67836.0
61	66570.0
62	67136.0
63	67592.0
64	70268.0
65	71183.0
66	73793.0
67	75779.0
68	75924.0
69	82367.0
70	86638.0
71	104225.0
72	193228.0
73	583071.0
74	1569787.0
75	4948849.0
76	1.4163451E7
>>END_MODULE
>>Sequence Duplication Levels	warn
#Total Duplicate Percentage	35.39519745122719
#Duplication Level	Relative count
1	100.0
2	23.368163103781555
3	9.958067290203271
4	5.347752300210805
5	3.0783631783624172
6	1.9604112601882786
7	1.3196246603907125
8	0.9627019581281725
9	0.7343931933546929
10++	5.476366237699866
>>END_MODULE
>>Overrepresented sequences	warn
#Sequence	Count	Percentage	Possible Source
NNNNNNNNNNNNNNNNNNNNNNNNNNNNNNNNNNN	42802	0.18171507066730214	No Hit
>>END_MODULE
>>Kmer Content	warn
#Sequence	Count	Obs/Exp Overall	Obs/Exp Max	Max Obs/Exp Position
AAAAA	7704345	3.4903665	6.480641	72
TTTTT	7312065	3.2201846	5.7228675	72
CCTGG	3915945	3.031545	11.730637	3
CCAGG	3782015	2.9444869	12.549599	3
CCCAG	3584610	2.785584	10.870652	2
CTGGG	3509220	2.7217617	9.689954	4
CCAGC	3312860	2.574408	6.6950235	3
CAGCA	3760505	2.5546932	7.045779	4
GGAGG	3252045	2.541365	5.70751	6
TGCTG	3719420	2.5030065	6.670418	2
GCTGG	3197080	2.4796648	5.752462	3
TCCAG	3622390	2.4469712	9.8277025	2
AGGAG	3466310	2.3636553	7.292055	5
CAGGA	3457965	2.35356	10.261966	4
CTCCA	3459055	2.3322716	7.284698	1
CAGCC	2995920	2.3281157	5.168617	9
CTCCT	3455590	2.3167806	6.747736	1
CTGGA	3391700	2.2954254	8.786776	4
GGCTG	2943170	2.2827315	8.05728	7
AGCAG	3353475	2.2824416	5.1455507	7
TCCTG	3390030	2.27708	9.359438	2
CTGCT	3384500	2.2733653	6.421302	9
CAGAG	3290795	2.2397807	7.4467974	4
CCTGC	2885645	2.2297606	6.285758	3
GGCAG	2843535	2.2179768	5.655829	7
GCAGG	2835095	2.2113936	6.397455	3
CCCTG	2845990	2.1991193	8.583766	2
CTGCA	3251585	2.1964874	6.499299	4
GCTGC	2824610	2.1866837	5.469426	8
CTCTG	3242380	2.1779037	7.071674	2
TGCAG	3213220	2.174634	6.545148	2
CTGCC	2811775	2.1726809	5.6530004	9
CAGGG	2743080	2.1396213	8.925807	4
GCCTG	2760075	2.1367235	6.744938	7
TGGAG	3141260	2.129912	6.431728	5
CACAG	3134330	2.1293023	7.2177424	7
CTGTG	3092590	2.0811775	9.161816	9
AGCTG	3052865	2.0661092	5.678591	7
CAGGC	2607290	2.029905	5.8284454	4
GGAGA	2942095	2.0061963	5.5215373	6
GCCAG	2564270	1.9964118	5.1186953	2
CTGGC	2561895	1.9833018	5.1553464	4
CTCAG	2921005	1.9731766	6.0271764	2
CTGAG	2890280	1.9560754	5.495931	4
CCCCA	2521390	1.9557002	6.47581	1
CAGAA	3278490	1.9470843	5.422524	4
TTCTG	3216415	1.8780457	5.114455	2
CAGTG	2771720	1.875837	6.4187927	9
CCAGA	2741630	1.8625221	6.698783	3
CACTG	2755700	1.861511	7.5129566	7
TCCCA	2750820	1.8547434	5.2011213	2
CCTCT	2766195	1.8545796	5.2087083	1
GGCCA	2362380	1.8392303	5.6838574	1
TGGGG	2363455	1.8365335	5.3451424	5
TCTGG	2690205	1.8103901	5.961925	3
ACCTG	2645600	1.787137	5.1012797	7
TGGCC	2270205	1.7574887	5.090698	5
GAGAG	2531920	1.7265005	5.421681	7
ACAGA	2882650	1.7119963	5.8328595	8
CCTGA	2522055	1.7036806	5.325654	3
GCCCA	2183525	1.6968071	6.6062922	1
ACACA	2860110	1.6954367	6.61961	6
CACAC	2455060	1.6647258	6.855643	5
TCAGG	2448205	1.6568892	5.6463103	3
GTGTG	2435475	1.6420354	6.3567877	1
CCTGT	2429960	1.6322018	5.5326357	8
AGGTG	2401125	1.628068	5.0697136	7
TGTGT	2769495	1.6201181	6.2567663	10
TGGGC	2074310	1.6088411	5.9340043	5
ACAGC	2238590	1.5207827	5.645705	8
GCTGT	2230265	1.5008706	5.3519096	8
CTGTC	2191075	1.471743	5.965486	9
GACAG	2152640	1.4651296	6.7722254	7
GCCCT	1886765	1.4579184	5.3440056	1
GGGCT	1861275	1.4436105	5.6636	6
AGACA	2368235	1.406487	5.3150606	6
AGGGC	1790695	1.3967544	5.364905	5
GGACA	1948765	1.3263683	6.085243	6
GTCCT	1947835	1.3083589	8.312361	1
GTGCT	1891695	1.2730278	5.536665	1
AGGAC	1853270	1.2613723	8.4374075	5
ACTGC	1852845	1.2516208	5.1474066	8
TGTGC	1855620	1.2487509	6.0812416	10
AGCAC	1806255	1.2270765	5.6015353	5
GTCCA	1791055	1.2098807	6.77987	1
GTCTT	1935280	1.1299986	5.1023393	1
ACAGT	1913425	1.1299609	5.6487474	8
GTGCA	1657845	1.1219918	5.5855975	1
TGGAC	1657725	1.1219105	5.965739	5
GTCCC	1447320	1.1183556	5.131832	1
ACTGT	1890175	1.1099285	6.6193085	8
TGCAC	1636240	1.1053013	5.3093624	5
GACTG	1561030	1.0564694	5.964128	7
GGACC	1302150	1.0137886	5.2656903	6
AGACT	1700305	1.0041043	5.044279	6
ACACT	1702735	1.0036608	5.112286	6
GGACT	1415235	0.95779884	5.208666	6
TGTAG	1619220	0.95260066	5.2363615	2
TAGGA	1366370	0.80841124	5.370995	4
TCCTA	1355750	0.79462206	5.0613995	2
GTGTA	1185080	0.6971925	5.6808186	1
>>END_MODULE
