##FastQC	0.10.1
>>Basic Statistics	pass
#Measure	Value	
Filename	006-F5_S1_L004_R2_001_trimmed.fq.gz	
File type	Conventional base calls	
Encoding	Sanger / Illumina 1.9	
Total Sequences	20378853	
Filtered Sequences	0	
Sequence length	20-51	
%GC	45	
>>END_MODULE
>>Per base sequence quality	pass
#Base	Mean	Median	Lower Quartile	Upper Quartile	10th Percentile	90th Percentile
1	34.609473261326336	36.0	36.0	36.0	32.0	36.0
2	34.59748220373345	36.0	36.0	36.0	32.0	36.0
3	34.576738985260846	36.0	36.0	36.0	32.0	36.0
4	34.560779598341476	36.0	36.0	36.0	32.0	36.0
5	34.548481016080736	36.0	36.0	36.0	32.0	36.0
6	34.523199220289776	36.0	36.0	36.0	32.0	36.0
7	34.513222260349984	36.0	36.0	36.0	32.0	36.0
8	34.497459744176965	36.0	36.0	36.0	32.0	36.0
9	34.4765910034289	36.0	36.0	36.0	32.0	36.0
10	34.452650892569864	36.0	36.0	36.0	32.0	36.0
11	34.43761187148266	36.0	36.0	36.0	32.0	36.0
12	34.41562746441127	36.0	36.0	36.0	32.0	36.0
13	34.39843424946439	36.0	36.0	36.0	32.0	36.0
14	34.38077128285875	36.0	36.0	36.0	32.0	36.0
15	34.37264064861747	36.0	36.0	36.0	32.0	36.0
16	34.326558908884614	36.0	36.0	36.0	32.0	36.0
17	34.32252345114811	36.0	36.0	36.0	32.0	36.0
18	34.29854275900611	36.0	36.0	36.0	32.0	36.0
19	34.27646354777671	36.0	36.0	36.0	32.0	36.0
20	34.26552372697325	36.0	36.0	36.0	32.0	36.0
21	34.24039533258281	36.0	36.0	36.0	32.0	36.0
22	34.22995963004589	36.0	36.0	36.0	32.0	36.0
23	34.205476242000714	36.0	36.0	36.0	32.0	36.0
24	34.163010563223956	36.0	36.0	36.0	32.0	36.0
25	34.145766396268215	36.0	36.0	36.0	32.0	36.0
26	34.12029640687031	36.0	36.0	36.0	32.0	36.0
27	34.10556795282779	36.0	36.0	36.0	32.0	36.0
28	34.05843079936776	36.0	36.0	36.0	32.0	36.0
29	34.04460053629747	36.0	36.0	36.0	32.0	36.0
30	34.01213838603252	36.0	36.0	36.0	32.0	36.0
31	33.98002437173431	36.0	36.0	36.0	32.0	36.0
32	33.96106768427752	36.0	36.0	36.0	32.0	36.0
33	33.896730911335474	36.0	36.0	36.0	32.0	36.0
34	33.86027832968104	36.0	36.0	36.0	32.0	36.0
35	33.84108614653941	36.0	36.0	36.0	32.0	36.0
36	33.82440911075835	36.0	36.0	36.0	32.0	36.0
37	33.79848029711992	36.0	36.0	36.0	32.0	36.0
38	33.76306827694572	36.0	36.0	36.0	27.0	36.0
39	33.73864216628201	36.0	36.0	36.0	27.0	36.0
40	33.72007788804165	36.0	36.0	36.0	27.0	36.0
41	33.67697038473428	36.0	36.0	36.0	27.0	36.0
42	33.65156148631046	36.0	36.0	36.0	27.0	36.0
43	33.6394929086837	36.0	36.0	36.0	27.0	36.0
44	33.63122355527763	36.0	36.0	36.0	27.0	36.0
45	33.62123781199932	36.0	36.0	36.0	27.0	36.0
46	33.597151016084275	36.0	36.0	36.0	27.0	36.0
47	33.594606008487844	36.0	36.0	36.0	27.0	36.0
48	33.610494285571804	36.0	36.0	36.0	27.0	36.0
49	33.657240006499364	36.0	36.0	36.0	27.0	36.0
50	33.76836261854839	36.0	36.0	36.0	27.0	36.0
51	33.92863293169911	36.0	36.0	36.0	32.0	36.0
>>END_MODULE
>>Per sequence quality scores	pass
#Quality	Count
3	1.0
4	0.0
5	0.0
6	12.0
7	14.0
8	12.0
9	19.0
10	32.0
11	34.0
12	37.0
13	55.0
14	1331.0
15	2793.0
16	5400.0
17	9161.0
18	14747.0
19	22419.0
20	33527.0
21	48780.0
22	68240.0
23	94866.0
24	128980.0
25	172775.0
26	226813.0
27	291223.0
28	366431.0
29	460938.0
30	578834.0
31	742005.0
32	996017.0
33	1469077.0
34	2700322.0
35	8945612.0
36	2998346.0
>>END_MODULE
>>Per base sequence content	pass
#Base	G	A	T	C
1	22.997787968347783	26.451368206622217	26.889946898383403	23.660896926646593
2	22.85011928126505	26.54075498428353	27.243281519243133	23.36584421520828
3	22.818688893168048	26.606416893334504	27.10663193088805	23.468262282609402
4	23.026152364155465	26.323549690375202	27.411846859512934	23.238451085956395
5	23.203110362637805	26.453805202591766	26.874679128164907	23.468405306605522
6	22.66058230610554	26.826814684042926	27.159524015626936	23.3530789942246
7	22.783890718283565	26.74840234809413	27.066072854673912	23.401634078948387
8	22.835167618835158	26.63050521813589	27.03981196072936	23.494515202299592
9	22.67568090120099	26.73468726782719	27.211987943943853	23.37764388702796
10	22.81449179807224	26.754225017663437	27.17091912370527	23.260364060559052
11	23.326216815380707	26.671709816844334	26.823328209211393	23.17874515856356
12	22.56046274620957	26.929599363397145	27.279346210120558	23.23059168027273
13	22.742510760955113	26.738901349593615	27.348396822077003	23.170191067374272
14	22.705486238202557	26.548854265599253	27.525547977532955	23.220111518665238
15	22.68658112428901	26.851329862774815	27.30265230574389	23.159436707192285
16	22.814607701819316	27.12427340806381	27.210957263298823	22.850161626818053
17	22.946928226918835	26.785528157077483	26.90236716647662	23.36517644952706
18	22.818046310052612	27.238840871653743	26.95426755447051	22.988845263823137
19	23.021527200492297	26.883762539294942	27.128340744942815	22.966369515269943
20	23.037217244719265	26.631403051918294	27.200748606324797	23.13063109703764
21	23.005801209984483	26.786205530308987	27.222100835839825	22.985892423866705
22	22.77678340769831	26.980629487180053	27.259148225230213	22.983438879891427
23	22.864823368747945	26.758089156781185	27.14464267495468	23.232444799516188
24	22.718539837079753	27.13023881360135	27.227662204667464	22.92355914465144
25	22.83625184830444	27.05321916327182	27.01689900223795	23.09362998618579
26	22.892134411453938	27.038254363601226	26.955696469927766	23.11391475501707
27	22.90490756209263	27.08546121848798	27.087150645351155	22.92248057406824
28	22.681341835479785	27.038972240006558	27.063876104094874	23.215809820418777
29	23.026933832345804	26.806649166245254	27.077464410774088	23.08895259063485
30	22.77801756310401	27.15697658241184	27.046079118339527	23.018926736144625
31	22.891030163720266	27.04266898688892	27.041168155448243	23.025132693942574
32	22.842999751259434	27.10761675572378	26.969560748139692	23.07982274487709
33	22.770705768288504	26.894941378791327	27.262504843735492	23.071848009184684
34	22.917601332854666	27.2552696122482	27.060483048019197	22.766646006877938
35	22.906134886679947	26.928740331221977	26.98863228260563	23.176492499492447
36	23.01825688914574	27.15668101979798	26.85468755393999	22.970374537116296
37	22.785378416619345	27.023777866586073	27.010809569635065	23.180034147159514
38	22.80026415670307	26.915725958286746	26.991076602260915	23.292933282749274
39	22.744209313299592	27.05699753122424	27.02966682666116	23.169126328815008
40	22.83661051613593	26.972664148087155	27.171348741800404	23.01937659397651
41	23.096462372885217	26.98579016351017	26.952377454860038	22.965370008744575
42	22.995963461668694	27.088137036284582	27.020507834013397	22.895391668033323
43	22.943161181074547	27.2220621168422	26.930957810380185	22.90381889170306
44	22.996526993362384	26.902638651982613	26.88015521216714	23.220679142487864
45	22.850320263336847	27.113356116565416	27.056072698950818	22.98025092114692
46	22.893709032922963	27.297173440166556	26.768927541280714	23.04018998562977
47	22.927090213672425	27.051124469227233	26.898120858316833	23.12366445878351
48	22.953465835321467	27.37613397594703	27.07218822671263	22.59821196201887
49	23.269473000540692	27.283638698297054	26.99155038772331	22.45533791343894
50	23.361549069521864	27.469323118197526	27.12451217282861	22.044615639452
51	22.871562144468914	27.957257244972304	27.299498262453735	21.871682348105047
>>END_MODULE
>>Per base GC content	pass
#Base	%GC
1	46.65868489499437
2	46.215963496473336
3	46.286951175777446
4	46.26460345011186
5	46.67151566924333
6	46.01366130033014
7	46.185524797231956
8	46.329682821134746
9	46.053324788228956
10	46.074855858631295
11	46.50496197394427
12	45.791054426482305
13	45.91270182832938
14	45.925597756867795
15	45.8460178314813
16	45.66476932863737
17	46.3121046764459
18	45.80689157387575
19	45.98789671576224
20	46.16784834175691
21	45.99169363385119
22	45.760222287589734
23	46.09726816826414
24	45.64209898173119
25	45.92988183449023
26	46.00604916647101
27	45.82738813616087
28	45.89715165589856
29	46.11588642298065
30	45.796944299248636
31	45.91616285766284
32	45.922822496136526
33	45.842553777473185
34	45.6842473397326
35	46.08262738617239
36	45.98863142626203
37	45.96541256377886
38	46.09319743945235
39	45.9133356421146
40	45.85598711011244
41	46.0618323816298
42	45.89135512970202
43	45.84698007277761
44	46.21720613585025
45	45.830571184483766
46	45.93389901855273
47	46.05075467245594
48	45.55167779734033
49	45.72481091397964
50	45.40616470897386
51	44.74324449257396
>>END_MODULE
>>Per sequence GC content	pass
#GC Content	Count
0	6357.0
1	5783.0
2	4410.0
3	3930.0
4	4314.0
5	5005.0
6	5807.0
7	7006.0
8	8267.0
9	10408.0
10	12603.0
11	16201.0
12	19863.0
13	26225.0
14	33269.0
15	44505.5
16	56094.0
17	73731.0
18	92361.0
19	117141.5
20	142425.5
21	174527.0
22	207374.0
23	247917.0
24	289477.5
25	331143.5
26	409446.0
27	463686.0
28	525727.5
29	588505.0
30	654533.0
31	722309.5
32	792789.5
33	864431.0
34	932332.0
35	997701.5
36	1049680.5
37	1098578.0
38	1131384.5
39	1163199.5
40	1182073.5
41	1198452.5
42	1209894.5
43	1216961.5
44	1211243.5
45	1203556.0
46	1193882.5
47	1181035.5
48	1161464.0
49	1141502.5
50	1122963.5
51	1103618.0
52	1080980.5
53	1057117.5
54	1033836.0
55	1008212.5
56	978024.0
57	944639.5
58	898827.5
59	846133.0
60	790155.0
61	730924.5
62	669208.0
63	611111.0
64	546881.0
65	484389.0
66	427296.0
67	371676.0
68	320281.0
69	269885.5
70	229218.0
71	191726.5
72	161389.5
73	133006.0
74	109312.0
75	81334.5
76	67338.5
77	55816.5
78	44751.5
79	36360.5
80	28834.5
81	23508.5
82	18678.5
83	15234.0
84	12054.0
85	9816.5
86	7730.0
87	6420.5
88	5256.0
89	4403.5
90	3630.0
91	3204.5
92	2829.0
93	2609.5
94	2427.5
95	2363.5
96	2306.0
97	2454.0
98	3046.0
99	14573.0
100	25664.0
>>END_MODULE
>>Per base N content	pass
#Base	N-Count
1	0.003699913827338565
2	0.0026890620389675513
3	0.0049904673241423355
4	0.004725486758258672
5	0.003822590015247669
6	0.003459468499036722
7	0.005569498931073304
8	0.00481872066106959
9	0.003498724879167635
10	0.002919693272236666
11	0.006761911477549792
12	0.003361327548709439
13	0.004980653229109607
14	0.004509576667538649
15	0.004715672663225943
16	0.0066539564321897796
17	0.0060896459678079036
18	0.0082389327799754
19	0.004480134382440464
20	0.00352816716426582
21	0.0042989730907867455
22	0.00685278765793757
23	0.00599997369469661
24	0.00954014903153182
25	0.008041956884737566
26	0.006712820066592956
27	0.0053702063724731545
28	0.008146804827611973
29	0.004780384086469098
30	0.004967465836353259
31	0.006436706558126478
32	0.004689888256295052
33	0.003442536460864365
34	0.008441676113841315
35	0.008076021478601004
36	0.00444835694099174
37	0.004512481346939884
38	0.006087702729341949
39	0.006490494463284204
40	0.005906298402534025
41	0.0062559081457722225
42	0.006868517454218425
43	0.005205142435296961
44	0.004098455887508825
45	0.002508211172633531
46	0.005899118439472712
47	0.002597483285326245
48	0.0036264015038996013
49	0.0024343497228743265
50	0.004798154213912012
51	0.002919403382074755
>>END_MODULE
>>Sequence Length Distribution	warn
#Length	Count
20	25155.0
21	26204.0
22	27405.0
23	27869.0
24	28391.0
25	28778.0
26	29607.0
27	30303.0
28	31235.0
29	33179.0
30	33886.0
31	35042.0
32	36535.0
33	36619.0
34	37851.0
35	38288.0
36	38629.0
37	39875.0
38	42040.0
39	44187.0
40	46361.0
41	50195.0
42	53637.0
43	62435.0
44	78919.0
45	125210.0
46	234110.0
47	608868.0
48	1277130.0
49	2602808.0
50	3469944.0
51	1.1098158E7
>>END_MODULE
>>Sequence Duplication Levels	warn
#Total Duplicate Percentage	29.053354755403973
#Duplication Level	Relative count
1	100.0
2	18.61276093223577
3	7.0834635823694905
4	3.6851793963391337
5	2.0930151783543467
6	1.3198568997256086
7	0.8947240457087284
8	0.640477927130006
9	0.5105762217359592
10++	4.092251050675558
>>END_MODULE
>>Overrepresented sequences	pass
>>END_MODULE
>>Kmer Content	warn
#Sequence	Count	Obs/Exp Overall	Obs/Exp Max	Max Obs/Exp Position
AAAAA	5306360	4.048953	4.8880754	47
GGGGG	2124205	3.6579034	5.276568	47
TTTTT	4672050	3.466385	4.2067184	13
>>END_MODULE
