##FastQC	0.10.1
>>Basic Statistics	pass
#Measure	Value	
Filename	018-F0_S3_L003_R1_001.fastq.gz	
File type	Conventional base calls	
Encoding	Sanger / Illumina 1.9	
Total Sequences	18370655	
Filtered Sequences	0	
Sequence length	35-75	
%GC	45	
>>END_MODULE
>>Per base sequence quality	pass
#Base	Mean	Median	Lower Quartile	Upper Quartile	10th Percentile	90th Percentile
1	31.469168900074603	32.0	32.0	32.0	32.0	32.0
2	31.51767054576987	32.0	32.0	32.0	32.0	32.0
3	31.610183741407152	32.0	32.0	32.0	32.0	32.0
4	31.698525610545733	32.0	32.0	32.0	32.0	32.0
5	31.680725156506394	32.0	32.0	32.0	32.0	32.0
6	35.35586118186858	36.0	36.0	36.0	36.0	36.0
7	35.369632928167235	36.0	36.0	36.0	36.0	36.0
8	35.328523071169755	36.0	36.0	36.0	36.0	36.0
9	35.427908749034806	36.0	36.0	36.0	36.0	36.0
10	35.32969537558677	36.0	36.0	36.0	36.0	36.0
11	35.36794735952529	36.0	36.0	36.0	36.0	36.0
12	35.35083071343945	36.0	36.0	36.0	36.0	36.0
13	35.35599095405145	36.0	36.0	36.0	36.0	36.0
14	35.31715608398285	36.0	36.0	36.0	36.0	36.0
15	35.30148957671896	36.0	36.0	36.0	36.0	36.0
16	35.337093369833575	36.0	36.0	36.0	36.0	36.0
17	35.32636332237473	36.0	36.0	36.0	36.0	36.0
18	35.313281262970754	36.0	36.0	36.0	36.0	36.0
19	35.33237323328972	36.0	36.0	36.0	36.0	36.0
20	35.320764501864524	36.0	36.0	36.0	36.0	36.0
21	35.29970640676666	36.0	36.0	36.0	36.0	36.0
22	35.30327971430523	36.0	36.0	36.0	36.0	36.0
23	35.27971185567417	36.0	36.0	36.0	36.0	36.0
24	35.270157106537575	36.0	36.0	36.0	36.0	36.0
25	35.25649455612769	36.0	36.0	36.0	36.0	36.0
26	35.239139050839505	36.0	36.0	36.0	36.0	36.0
27	35.207538272315276	36.0	36.0	36.0	36.0	36.0
28	35.207863138249564	36.0	36.0	36.0	36.0	36.0
29	35.184889052676674	36.0	36.0	36.0	36.0	36.0
30	35.18239991987221	36.0	36.0	36.0	36.0	36.0
31	35.12788090571621	36.0	36.0	36.0	36.0	36.0
32	35.10313350286095	36.0	36.0	36.0	36.0	36.0
33	35.087059116836066	36.0	36.0	36.0	36.0	36.0
34	35.07341806810916	36.0	36.0	36.0	36.0	36.0
35	35.06490683103025	36.0	36.0	36.0	36.0	36.0
36	35.069937964805156	36.0	36.0	36.0	36.0	36.0
37	35.05682801356663	36.0	36.0	36.0	36.0	36.0
38	35.04914059043648	36.0	36.0	36.0	36.0	36.0
39	35.037878095999524	36.0	36.0	36.0	36.0	36.0
40	35.05991596733472	36.0	36.0	36.0	36.0	36.0
41	35.06445500529775	36.0	36.0	36.0	36.0	36.0
42	35.054919468729636	36.0	36.0	36.0	36.0	36.0
43	35.041329944576184	36.0	36.0	36.0	36.0	36.0
44	35.02444213974675	36.0	36.0	36.0	36.0	36.0
45	35.01577086308642	36.0	36.0	36.0	36.0	36.0
46	35.00404812916673	36.0	36.0	36.0	36.0	36.0
47	34.999076410210805	36.0	36.0	36.0	36.0	36.0
48	34.983191478206635	36.0	36.0	36.0	36.0	36.0
49	34.96626570398235	36.0	36.0	36.0	36.0	36.0
50	34.951321163226766	36.0	36.0	36.0	36.0	36.0
51	34.93794517722615	36.0	36.0	36.0	36.0	36.0
52	34.93300617838968	36.0	36.0	36.0	36.0	36.0
53	34.90506987268533	36.0	36.0	36.0	36.0	36.0
54	34.89952729284911	36.0	36.0	36.0	36.0	36.0
55	34.870510224753	36.0	36.0	36.0	36.0	36.0
56	34.86409317799626	36.0	36.0	36.0	36.0	36.0
57	34.85484148568213	36.0	36.0	36.0	36.0	36.0
58	34.83705053920246	36.0	36.0	36.0	36.0	36.0
59	34.82261948812589	36.0	36.0	36.0	36.0	36.0
60	34.80646691432806	36.0	36.0	36.0	36.0	36.0
61	34.78284165497152	36.0	36.0	36.0	36.0	36.0
62	34.75803986621343	36.0	36.0	36.0	36.0	36.0
63	34.74256091591066	36.0	36.0	36.0	36.0	36.0
64	34.72696725662466	36.0	36.0	36.0	36.0	36.0
65	34.711988918052725	36.0	36.0	36.0	36.0	36.0
66	34.683080341585885	36.0	36.0	36.0	36.0	36.0
67	34.66828005827732	36.0	36.0	36.0	32.0	36.0
68	34.65040236319038	36.0	36.0	36.0	32.0	36.0
69	34.62868839578973	36.0	36.0	36.0	32.0	36.0
70	34.6094355544733	36.0	36.0	36.0	32.0	36.0
71	34.57148256639603	36.0	36.0	36.0	32.0	36.0
72	34.5542991451919	36.0	36.0	36.0	32.0	36.0
73	34.52865424539403	36.0	36.0	36.0	32.0	36.0
74	34.490682624519216	36.0	36.0	36.0	32.0	36.0
75	33.8660179503963	36.0	36.0	36.0	32.0	36.0
>>END_MODULE
>>Per sequence quality scores	pass
#Quality	Count
2	6261.0
3	0.0
4	0.0
5	0.0
6	0.0
7	0.0
8	0.0
9	0.0
10	0.0
11	0.0
12	0.0
13	0.0
14	0.0
15	0.0
16	3.0
17	12.0
18	85.0
19	551.0
20	2296.0
21	6256.0
22	12652.0
23	22005.0
24	36619.0
25	58226.0
26	87955.0
27	126397.0
28	175026.0
29	232937.0
30	303100.0
31	397068.0
32	538020.0
33	826161.0
34	1876773.0
35	1.3662252E7
>>END_MODULE
>>Per base sequence content	fail
#Base	G	A	T	C
1	44.26203472172258	18.187159706492825	10.764781905790151	26.786023665994442
2	16.433152151095957	20.15096831731292	35.53598833132591	27.87989120026521
3	18.74282374904394	21.483328009625584	28.429285496706292	31.344562744624188
4	13.083698814129125	14.974379225364038	35.50850629756691	36.43341566293993
5	14.658915507911669	35.21495454737031	34.411007518135364	15.715122426582658
6	34.75724733312686	35.13466677671102	16.083003949339282	14.025081940822831
7	30.81064980494743	29.585352651996153	20.402095807731097	19.201901735325315
8	26.647108529690662	34.11452618583548	19.943032152326943	19.295333132146915
9	24.395501425203577	15.03835628880539	20.388889499974788	40.17725278601624
10	14.292994680791976	26.543879382204295	35.08123439779208	24.081891539211654
11	34.24765336661803	22.90607574636005	23.70835650770725	19.137914379314665
12	22.010129933564343	24.246126401728127	31.359754219920788	22.383989444786742
13	27.843854671045502	20.504521280028037	26.189739386232446	25.46188466269401
14	20.27749569506599	20.621340438532325	27.34320159669857	31.757962269703118
15	22.630102639950117	29.623847009738626	23.321239263765598	24.424811086545667
16	22.734444708602965	28.541214047139263	25.608958291790078	23.115382952467694
17	21.605605167573565	28.23301978963904	27.527592763558633	22.633782279228758
18	22.033958111323056	27.809527024856255	28.09397970746646	22.062535156354226
19	22.57348175319092	27.2113218686448	27.662896925130482	22.552299453033804
20	22.549439965184803	27.16229024491633	27.81463412296643	22.473635666932434
21	22.226138640969538	26.84520816848662	27.598768762167303	23.32988442837654
22	22.30160397918966	26.859317841221102	27.81035061754318	23.028727562046054
23	22.193394695560844	26.994980285761706	27.75313225725088	23.058492761426567
24	22.397756611908086	26.64324485800381	28.030567458740475	22.928431071347628
25	22.537651939147015	26.687876342417283	27.62985276836638	23.144618950069322
26	22.034544656929842	27.115240268040036	27.781000297105873	23.06921477792425
27	22.049596346230533	27.079159832103205	27.83939798230019	23.03184583936607
28	22.195562295713543	26.902235188253247	27.76987866354284	23.132323852490373
29	22.038708217360824	27.0122475899663	27.89575145557138	23.0532927371015
30	22.061958740459254	27.093832251642414	27.86137221231001	22.982836795588323
31	22.613708002627117	27.032616296238853	27.54953929340661	22.80413640772742
32	21.947355160148007	27.29329640865441	27.93444495443343	22.82490347676415
33	22.01476829149093	27.13334453257113	28.116374420105917	22.735512755832023
34	22.12947113583941	26.805212807818148	28.23916624001312	22.826149816329323
35	21.955669352803262	27.158297640852002	28.08030039133535	22.805732615009383
36	22.1041995996927	27.427944712870485	27.991438806478	22.476416880958816
37	22.229651441614422	27.09776727447376	27.658896650898097	23.01368463301372
38	22.152407692399468	27.543726043513878	27.625181977907204	22.67868428617945
39	22.289445541128373	27.26727345302855	27.874321384246713	22.568959621596363
40	22.403336625056063	26.969375422322067	27.813583469374002	22.813704483247864
41	22.32636310789904	27.182439684138878	27.911120533355753	22.580076674606325
42	22.139119964693116	27.39638080444035	27.951893662177685	22.512605568688848
43	22.22099261076271	27.171943118610432	27.846972525605203	22.760091745021658
44	22.084429521239063	27.525157522672934	27.859269973112788	22.53114298297522
45	22.1615186693923	27.410190447640666	27.753143246935192	22.675147636031845
46	22.324719384912083	27.30868536921962	27.62958431258862	22.73701093327968
47	22.303382157817115	27.40333240596657	27.743927766678972	22.549357669537347
48	22.08134440021147	27.379435352786842	27.730881340459746	22.808338906541945
49	22.421376617484412	27.158501615170454	27.702569408624488	22.717552358720646
50	22.21240298163375	27.50976117046566	27.664516981975556	22.613318865925034
51	22.248156485307724	27.45161617329642	27.729276134551174	22.570951206844686
52	22.329812617360172	27.416824190007215	27.567696331563173	22.685666861069436
53	22.117606734400944	27.28253725895358	27.89670413684457	22.70315186980091
54	22.270520311576938	27.63586119935717	27.723688683959313	22.36992980510658
55	22.333451306076068	27.201387619291882	27.662196969559343	22.8029641050727
56	22.408259641119397	27.523127136207194	27.482430915064864	22.586182307608546
57	22.24493034945342	27.44741213132554	27.594247232753855	22.71341028646719
58	22.297023237236132	27.288370910331274	27.521938448188106	22.89266740424449
59	22.181008052955363	27.42671207899068	27.62692590656227	22.765353961491684
60	22.223089576512606	27.385582312881784	27.817928899683942	22.573399210921664
61	22.494756715711162	27.34218786950644	27.56424790232596	22.598807512456435
62	22.39412317976406	27.50984201979755	27.58394892501692	22.51208587542147
63	22.367274339309127	27.623849456011484	27.529340386275532	22.479535818403857
64	22.424506535786747	27.29071164982108	27.437837464794296	22.846944349597873
65	22.29797840887374	27.532055049396554	27.588061272334986	22.581905269394724
66	22.335533676968524	27.724988471905192	27.400281631035213	22.539196220091075
67	22.495832385502343	27.359442277889308	27.424879653649835	22.719845682958514
68	22.44852083863012	27.672268286372542	27.553153599145197	22.326057275852143
69	22.67774797501774	27.53716682063606	27.512701142683486	22.27238406166271
70	22.836773172147197	27.28059564774488	27.34733985186171	22.535291328246206
71	22.52799671777494	27.73528669932539	27.297203708675234	22.439512874224434
72	22.50388042284728	27.832248768135727	27.561866888650076	22.102003920366915
73	23.292613309096303	28.39574938810473	27.54185074775681	20.769786555042153
74	24.387741033391023	30.858198172902522	27.803453870227102	16.950606923479356
75	29.619561209068685	41.18751433157533	29.19292445935599	0.0
>>END_MODULE
>>Per base GC content	fail
#Base	%GC
1	71.04805838771703
2	44.313043351361166
3	50.08738649366813
4	49.51711447706905
5	30.374037934494325
6	48.7823292739497
7	50.012551540272746
8	45.94244166183758
9	64.57275421121982
10	38.37488622000363
11	53.385567745932704
12	44.394119378351085
13	53.305739333739524
14	52.03545796476911
15	47.05491372649578
16	45.849827661070655
17	44.239387446802326
18	44.09649326767728
19	45.125781206224715
20	45.02307563211724
21	45.55602306934608
22	45.330331541235715
23	45.25188745698741
24	45.32618768325571
25	45.68227088921633
26	45.10375943485409
27	45.08144218559661
28	45.32788614820391
29	45.09200095446232
30	45.04479553604758
31	45.41784441035453
32	44.77225863691216
33	44.75028104732295
34	44.955620952168736
35	44.761401967812645
36	44.580616480651514
37	45.24333607462815
38	44.83109197857892
39	44.858405162724736
40	45.21704110830393
41	44.90643978250537
42	44.65172553338196
43	44.98108435578437
44	44.61557250421428
45	44.836666305424146
46	45.06173031819176
47	44.85273982735446
48	44.88968330675341
49	45.13892897620506
50	44.82572184755879
51	44.81910769215241
52	45.01547947842961
53	44.820758604201856
54	44.64045011668352
55	45.136415411148775
56	44.99444194872794
57	44.95834063592061
58	45.189690641480624
59	44.94636201444705
60	44.79648878743427
61	45.0935642281676
62	44.90620905518553
63	44.84681015771299
64	45.271450885384624
65	44.87988367826847
66	44.874729897059595
67	45.21567806846086
68	44.77457811448226
69	44.95013203668045
70	45.37206450039341
71	44.967509591999374
72	44.6058843432142
73	44.062399864138456
74	41.33834795687037
75	29.619561209068685
>>END_MODULE
>>Per sequence GC content	warn
#GC Content	Count
0	6269.0
1	3140.0
2	15.5
3	35.5
4	51.0
5	68.5
6	137.0
7	254.5
8	323.0
9	434.5
10	751.5
11	1323.5
12	1708.5
13	2421.5
14	4160.5
15	7025.5
16	9449.0
17	13964.5
18	23833.0
19	36468.5
20	45191.0
21	59713.0
22	87442.0
23	118925.0
24	140039.0
25	166282.5
26	210980.5
27	256586.0
28	286044.5
29	321364.5
30	379422.0
31	437234.0
32	475591.5
33	518052.0
34	591448.0
35	663445.0
36	704910.5
37	742891.5
38	782670.0
39	804422.0
40	818041.5
41	818906.5
42	812498.0
43	804678.5
44	801716.0
45	791891.0
46	768623.5
47	744899.0
48	733388.5
49	715495.0
50	682725.5
51	653205.5
52	636667.5
53	623691.5
54	599951.5
55	575360.5
56	561532.0
57	546148.0
58	515869.0
59	477849.5
60	446022.0
61	413367.5
62	368756.5
63	322689.5
64	287453.0
65	259042.5
66	221792.0
67	182447.0
68	154369.5
69	133782.0
70	108699.5
71	84322.0
72	68328.5
73	57964.0
74	46245.5
75	35561.5
76	28569.0
77	23799.0
78	18808.5
79	14403.5
80	11443.0
81	9401.5
82	7133.5
83	4948.5
84	3569.5
85	2870.5
86	2110.5
87	1321.5
88	930.5
89	745.0
90	488.5
91	322.0
92	256.5
93	317.5
94	312.5
95	202.0
96	159.0
97	116.0
98	57.0
99	65.5
100	91.0
>>END_MODULE
>>Per base N content	pass
#Base	N-Count
1	0.0556213156253819
2	0.034141406498570684
3	0.034081528394061075
4	0.034081528394061075
5	0.034081528394061075
6	0.07849475154805313
7	0.03470208329534249
8	0.034081528394061075
9	0.034081528394061075
10	0.03411418917833904
11	0.034081528394061075
12	0.034130519570478024
13	0.034163180354756
14	0.0340869718581074
15	0.03569823721582056
16	0.034081528394061075
17	0.035932306169812675
18	0.03410330225024638
19	0.03410874571429272
20	0.034081528394061075
21	0.034685752903203505
22	0.035458724797782115
23	0.03409241532215373
24	0.034233945387358265
25	0.03481095257626905
26	0.03718430290046816
27	0.03417406728284865
28	0.035001473817890545
29	0.03477829179199109
30	0.03625347054854604
31	0.037004668586939335
32	0.03496881303361257
33	0.03434825813233116
34	0.037064546691448944
35	0.03598129734622963
36	0.0022273289228953185
37	5.991270065920855E-4
38	0.001154926341031553
39	0.0035365103002361013
40	0.005216407033678966
41	0.0014667515237858024
42	0.0012000094473471037
43	6.766455145823657E-4
44	0.0015832133958196726
45	0.002392446162587364
46	0.0057714862019669294
47	0.0023352252486085173
48	0.002506512828803313
49	0.002563088394456237
50	0.003524278524553944
51	0.002896264367500842
52	0.0036507518407749564
53	0.003576903030543455
54	0.0021997633714541326
55	0.002790971125834814
56	0.002584432557524151
57	0.003105744247753438
58	0.003992967296603742
59	0.0031130378892652057
60	0.0013397676134320894
61	0.001502255850579757
62	0.0016263178864217333
63	0.00415724801741509
64	0.004357650581871573
65	2.563717434866947E-4
66	0.0011945201888703876
67	0.0013752561344669543
68	7.672114222436543E-4
69	0.0016381244977984335
70	4.6666187260614413E-4
71	8.232561053321227E-4
72	7.381223201546514E-4
73	0.0010191841320368767
74	0.002939940170014159
75	6.201929805887978E-4
>>END_MODULE
>>Sequence Length Distribution	warn
#Length	Count
35	7853.0
36	2755.0
37	3898.0
38	4725.0
39	5463.0
40	6113.0
41	6659.0
42	7493.0
43	8519.0
44	9555.0
45	10775.0
46	11673.0
47	12776.0
48	13176.0
49	14353.0
50	14489.0
51	14954.0
52	15324.0
53	16328.0
54	18054.0
55	18603.0
56	19417.0
57	20865.0
58	21607.0
59	22394.0
60	23297.0
61	23379.0
62	23486.0
63	24274.0
64	25703.0
65	27552.0
66	27566.0
67	30700.0
68	31614.0
69	39366.0
70	51440.0
71	122200.0
72	441660.0
73	1285920.0
74	3952907.0
75	1.193177E7
>>END_MODULE
>>Sequence Duplication Levels	warn
#Total Duplicate Percentage	40.257231258059925
#Duplication Level	Relative count
1	100.0
2	27.807780695994747
3	12.609980302035456
4	6.662836506894288
5	4.088148391332895
6	2.6460932370321735
7	1.7703545633617859
8	1.2450755088640841
9	0.9208798424162836
10++	6.398555482600131
>>END_MODULE
>>Overrepresented sequences	pass
>>END_MODULE
>>Kmer Content	warn
#Sequence	Count	Obs/Exp Overall	Obs/Exp Max	Max Obs/Exp Position
AAAAA	6302355	3.4501746	7.3922677	71
TTTTT	6311175	3.2194233	5.7320404	71
CCTGG	2919390	3.0441225	12.38493	3
CCAGG	2786415	2.9467947	13.812693	3
CCCAG	2608570	2.7447708	12.199565	2
CTGGG	2553715	2.6763504	10.769885	4
CCAGC	2484125	2.613828	6.9725423	3
CAGCA	2909415	2.603263	6.87732	4
CCTCC	2475430	2.5551684	5.006216	1
GGAGG	2382800	2.5456154	5.700569	6
TGCTG	2894725	2.5307665	6.4433413	2
GCTGG	2391570	2.506419	6.2554703	3
TCCAG	2812825	2.4815383	9.6817665	2
AGGAG	2614350	2.363073	7.475428	5
AGCAG	2624675	2.3604152	5.66062	7
CAGGA	2614025	2.3508377	10.346347	4
CAGCC	2225690	2.3418994	5.735378	5
CTCCA	2654845	2.330327	7.129235	1
CTGCT	2677585	2.3290966	6.7846932	9
GCTGC	2228400	2.3236096	6.022567	8
CTGGA	2616505	2.320066	8.599371	4
AGAAG	3028490	2.316049	5.0157485	5
CTCCT	2667850	2.3088996	6.4410796	1
GGCTG	2157395	2.2609985	8.847691	7
TCCTG	2580265	2.244443	8.874913	2
GGCAG	2110360	2.2431648	6.4234343	7
CCTGC	2150295	2.2308352	6.4411545	3
GCAGG	2076460	2.2071314	6.7101903	3
CAGAG	2426565	2.1822517	8.286017	4
CTGCC	2097595	2.1761613	5.9318776	9
CTGCA	2455850	2.166607	6.343281	4
CCCTG	2082085	2.1600707	9.229705	2
TGCAG	2423005	2.148489	6.4819193	2
GCCTG	2035250	2.1222072	7.753358	7
CTCTG	2424910	2.1093073	7.5711403	2
TGGAG	2356550	2.1001775	6.2721887	5
CAGGG	1962715	2.0862286	9.743263	4
AGCTG	2349130	2.0829835	6.261278	7
GGAGA	2261880	2.0444806	5.4992347	6
GCCAG	1931190	2.042345	5.81889	2
CAGAA	2681230	2.0401175	5.4884534	4
CTGGC	1948160	2.031396	5.7734528	4
CAGGC	1897805	2.0070384	6.496367	4
CACAG	2220510	1.9868498	6.6335006	7
GGGAG	1838300	1.96391	5.38105	7
CCCCA	1859465	1.946664	7.2027	1
CTGTG	2215795	1.9371994	9.125858	9
CTCAG	2190050	1.932112	6.3281054	2
TTCTG	2647900	1.9311703	5.0227876	2
CTGAG	2140835	1.8982874	6.0216703	4
CCAGA	2121020	1.897829	7.252224	3
GGCCA	1758135	1.8593295	6.7397957	1
CCTCT	2125530	1.839547	5.6348467	1
TCTGG	2076920	1.8157854	6.323117	3
TGGGG	1710385	1.8016274	5.965731	5
AGAGG	1990120	1.7988405	5.3666654	5
ACCTG	2037755	1.7977539	5.567221	7
CAGTG	2025510	1.7960285	6.585132	9
CACTG	2005935	1.7696816	7.258439	7
TGGCC	1671350	1.7427593	5.92748	5
CCTGA	1950770	1.7210138	5.6743965	3
GCCCA	1606180	1.6900431	8.230548	1
GAGAG	1865250	1.6859725	5.364268	7
ACAGA	2189845	1.6662283	5.5394754	8
TCAGG	1868485	1.6567935	5.9391093	3
GGCCC	1323030	1.6453755	5.04145	6
GGGCC	1279435	1.5992416	5.6559772	6
GGCCT	1523265	1.5883474	5.519784	6
AGGTG	1777020	1.5836954	5.1811457	7
CCAAG	1761475	1.5761182	5.0046763	3
CCTGT	1804710	1.5698265	5.774578	8
TGGGC	1490585	1.5621666	6.509695	5
AGGCC	1469230	1.5537955	5.297339	5
AGCCT	1740140	1.5351913	5.4881845	6
ACAGC	1638435	1.4660256	5.3940477	8
GTGTG	1655310	1.4545366	6.341704	1
AGGCT	1636685	1.4512556	5.2817264	6
ACACA	1912440	1.4477996	5.938497	6
GCTGT	1654135	1.4461578	5.468047	8
CTGTC	1654150	1.4388617	6.0463595	9
GCCCT	1382335	1.4341111	6.160037	1
TGTGT	1951030	1.430156	5.9857593	10
GACAG	1590165	1.4300627	6.96014	7
GGGCT	1353855	1.4188704	6.282984	6
CACAC	1583070	1.4093274	6.3564324	5
AGACA	1805490	1.3737769	5.559566	6
AGAGC	1523775	1.3703569	5.1531835	5
AGGGC	1273830	1.353992	5.9924774	5
GTCCT	1485435	1.2921052	8.524278	1
GGACA	1429385	1.2854705	6.231354	6
AGGAC	1368525	1.230738	8.903329	5
ACTGC	1378715	1.2163339	5.181038	8
GTGCT	1363430	1.1920037	5.5970893	1
GTCCA	1350490	1.1914331	6.84066	1
TGTGC	1317185	1.1515732	6.0385323	10
GTCTT	1570080	1.1450931	5.113487	1
AGCAC	1278175	1.143675	5.4641457	5
TGGAC	1233585	1.0938251	6.0058413	5
ACAGT	1418325	1.064052	5.4507604	8
GTGCA	1186645	1.0522032	5.6286077	1
ACTGT	1412385	1.044735	6.281938	8
GACTG	1173395	1.0404544	6.330462	7
TGCAC	1156420	1.02022	5.1966667	5
GGACC	956040	1.0110674	5.6416106	6
AGACT	1335410	1.0018476	5.541992	6
GGACT	1059735	0.9396716	5.4040155	6
TGTAG	1224975	0.9107114	5.2359157	2
TAGGA	1059415	0.7988288	5.433952	4
GTGTA	852555	0.6338347	5.4795055	1
>>END_MODULE
