##FastQC	0.10.1
>>Basic Statistics	pass
#Measure	Value	
Filename	KS29_S2_L003_R1_001.fastq.gz	
File type	Conventional base calls	
Encoding	Sanger / Illumina 1.9	
Total Sequences	19831127	
Filtered Sequences	0	
Sequence length	35-75	
%GC	45	
>>END_MODULE
>>Per base sequence quality	pass
#Base	Mean	Median	Lower Quartile	Upper Quartile	10th Percentile	90th Percentile
1	31.481378894905973	32.0	32.0	32.0	32.0	32.0
2	31.56320919128802	32.0	32.0	32.0	32.0	32.0
3	31.631044014795528	32.0	32.0	32.0	32.0	32.0
4	31.697154982669417	32.0	32.0	32.0	32.0	32.0
5	31.673936685494475	32.0	32.0	32.0	32.0	32.0
6	35.35397509178374	36.0	36.0	36.0	36.0	36.0
7	35.366121653096165	36.0	36.0	36.0	36.0	36.0
8	35.31656249289312	36.0	36.0	36.0	36.0	36.0
9	35.39964859284094	36.0	36.0	36.0	36.0	36.0
10	35.309702973512294	36.0	36.0	36.0	36.0	36.0
11	35.383181399624945	36.0	36.0	36.0	36.0	36.0
12	35.33193105969217	36.0	36.0	36.0	36.0	36.0
13	35.349892015718524	36.0	36.0	36.0	36.0	36.0
14	35.3242835871103	36.0	36.0	36.0	36.0	36.0
15	35.29494718076285	36.0	36.0	36.0	36.0	36.0
16	35.301597332315005	36.0	36.0	36.0	36.0	36.0
17	35.30659185431065	36.0	36.0	36.0	36.0	36.0
18	35.30933602512858	36.0	36.0	36.0	36.0	36.0
19	35.2791235213208	36.0	36.0	36.0	36.0	36.0
20	35.28209586878244	36.0	36.0	36.0	36.0	36.0
21	35.273536597289706	36.0	36.0	36.0	36.0	36.0
22	35.263586986256506	36.0	36.0	36.0	36.0	36.0
23	35.250200555924025	36.0	36.0	36.0	36.0	36.0
24	35.23459317264218	36.0	36.0	36.0	36.0	36.0
25	35.221978458410355	36.0	36.0	36.0	36.0	36.0
26	35.18329028904913	36.0	36.0	36.0	36.0	36.0
27	35.16320247457444	36.0	36.0	36.0	36.0	36.0
28	35.15433575711557	36.0	36.0	36.0	36.0	36.0
29	35.1402876397292	36.0	36.0	36.0	36.0	36.0
30	35.1227685647921	36.0	36.0	36.0	36.0	36.0
31	35.11823639675143	36.0	36.0	36.0	36.0	36.0
32	35.099794277955056	36.0	36.0	36.0	36.0	36.0
33	35.09759273893007	36.0	36.0	36.0	36.0	36.0
34	35.07923578927209	36.0	36.0	36.0	36.0	36.0
35	35.05254214750377	36.0	36.0	36.0	36.0	36.0
36	35.0618659607253	36.0	36.0	36.0	36.0	36.0
37	35.04593946024939	36.0	36.0	36.0	36.0	36.0
38	35.035785923240816	36.0	36.0	36.0	36.0	36.0
39	35.02039843440296	36.0	36.0	36.0	36.0	36.0
40	35.002602679226534	36.0	36.0	36.0	36.0	36.0
41	34.991267164927926	36.0	36.0	36.0	36.0	36.0
42	34.98309569499214	36.0	36.0	36.0	36.0	36.0
43	34.97109511389549	36.0	36.0	36.0	36.0	36.0
44	34.95895618826054	36.0	36.0	36.0	36.0	36.0
45	34.94439546795034	36.0	36.0	36.0	36.0	36.0
46	34.92935889372343	36.0	36.0	36.0	36.0	36.0
47	34.91131961824516	36.0	36.0	36.0	36.0	36.0
48	34.880783390763796	36.0	36.0	36.0	36.0	36.0
49	34.8830098396287	36.0	36.0	36.0	36.0	36.0
50	34.864162516652094	36.0	36.0	36.0	36.0	36.0
51	34.841742071036755	36.0	36.0	36.0	36.0	36.0
52	34.819330127741075	36.0	36.0	36.0	36.0	36.0
53	34.81028411766766	36.0	36.0	36.0	36.0	36.0
54	34.78271852558905	36.0	36.0	36.0	36.0	36.0
55	34.75308274175494	36.0	36.0	36.0	36.0	36.0
56	34.736082240110264	36.0	36.0	36.0	36.0	36.0
57	34.712542571364246	36.0	36.0	36.0	32.0	36.0
58	34.68983425689321	36.0	36.0	36.0	32.0	36.0
59	34.66779605441523	36.0	36.0	36.0	32.0	36.0
60	34.64881206653823	36.0	36.0	36.0	32.0	36.0
61	34.6249358722282	36.0	36.0	36.0	32.0	36.0
62	34.600850931612605	36.0	36.0	36.0	32.0	36.0
63	34.568012654631346	36.0	36.0	36.0	32.0	36.0
64	34.54002528462708	36.0	36.0	36.0	32.0	36.0
65	34.51025982532244	36.0	36.0	36.0	32.0	36.0
66	34.48950668259301	36.0	36.0	36.0	32.0	36.0
67	34.4700100140304	36.0	36.0	36.0	32.0	36.0
68	34.44836123678534	36.0	36.0	36.0	32.0	36.0
69	34.42109693227743	36.0	36.0	36.0	32.0	36.0
70	34.385399511625195	36.0	36.0	36.0	32.0	36.0
71	34.35911521165807	36.0	36.0	36.0	32.0	36.0
72	34.327968119402726	36.0	36.0	36.0	32.0	36.0
73	34.28703696067916	36.0	36.0	36.0	32.0	36.0
74	34.25619357618102	36.0	36.0	36.0	32.0	36.0
75	33.52251314561294	36.0	36.0	36.0	27.0	36.0
>>END_MODULE
>>Per sequence quality scores	pass
#Quality	Count
2	4746.0
3	0.0
4	0.0
5	0.0
6	0.0
7	0.0
8	0.0
9	0.0
10	1.0
11	1.0
12	3.0
13	22.0
14	20.0
15	19.0
16	27.0
17	51.0
18	161.0
19	541.0
20	1982.0
21	5136.0
22	10390.0
23	19030.0
24	33483.0
25	57636.0
26	93170.0
27	140377.0
28	199315.0
29	270262.0
30	357360.0
31	474173.0
32	655396.0
33	1036425.0
34	2431940.0
35	1.403946E7
>>END_MODULE
>>Per base sequence content	fail
#Base	G	A	T	C
1	43.447502778211394	18.271655341749014	11.457128865719833	26.82371301431976
2	16.39082191243968	19.935904358193955	35.66985665360103	28.003417075765334
3	18.784575864519557	21.370934509815985	28.64232059085065	31.202169034813803
4	13.027591873675787	15.046457545630743	35.61787196564013	36.30807861505335
5	14.716665086279074	35.12712873164817	34.50576404342501	15.65044213864774
6	34.76222412955748	35.16218113633548	16.08025690618979	13.99533782791726
7	30.775187867115033	29.68367752037046	20.295231893304177	19.245902719210328
8	26.7536369849848	34.43793902679465	19.601741739957486	19.20668224826306
9	24.67986971500245	15.32933317482399	19.702950326638028	40.28784678353553
10	14.076658770957746	27.398419308092585	34.822608321710355	23.702313599239318
11	34.66610472178458	22.548386415049727	23.443552305385435	19.341956557780264
12	22.21289906614828	24.096495472370876	30.975138629687383	22.715466831793456
13	28.06057746998809	20.43975146044051	26.065109915924644	25.43456115364675
14	20.55237413222312	20.3880778847133	27.164599530292495	31.894948452771082
15	22.881432743147645	29.29885916017157	23.1479920241533	24.671716072527484
16	22.903085895531312	28.594547588293118	25.272194629077333	23.230171887098237
17	21.734667562375602	28.062948048864794	27.36130713921013	22.84107724954948
18	22.183144021221867	27.82169802175308	27.785781159227458	22.209376797797596
19	22.710141004806154	27.179967433035806	27.53206330714384	22.577828255014197
20	22.727045298348553	27.081689269051417	27.62068343914021	22.57058199345982
21	22.56358838256967	26.753964830999667	27.41006540729748	23.272381379133186
22	22.437275436084487	26.75810760345248	27.651102550947222	23.15351440951581
23	22.45378477792806	26.80466740050422	27.45968399254972	23.281863829018
24	22.53089291919065	26.624075779720346	27.762447136524216	23.082584164564786
25	22.703466894462647	26.60847956272211	27.39878809203786	23.289265450777386
26	22.228527188603888	26.972444421847445	27.604146569586323	23.19488181996234
27	22.288898050846715	26.936657032488043	27.632427251123804	23.142017665541438
28	22.396544940986583	26.836653888832846	27.628149904166243	23.138651266014325
29	22.128647607197724	27.012735091109448	27.74688560661777	23.11173169507506
30	22.332785410017173	27.053349310521003	27.622250377501157	22.991614901960666
31	22.68470855139557	27.046439166871917	27.394600639749545	22.874251641982973
32	22.131119960865707	27.16973591767512	27.74366957047873	22.955474550980444
33	22.20576706078855	26.990481444867754	27.83999953998854	22.96375195435516
34	22.23092003958457	26.751801030794763	28.026102733345855	22.991176196274814
35	22.211982575818116	26.99767950676957	27.81005393698849	22.980283980423827
36	22.28828371734583	27.382742513639162	27.700303128334248	22.62867064068076
37	22.440128563244443	27.103742344768158	27.487782278988092	22.968346812999307
38	22.254619192129134	27.480831904938295	27.514074920007104	22.750473982925463
39	22.348349771640404	27.252969229942224	27.72746556309057	22.671215435326804
40	22.361725202091886	27.058432490699165	27.713418176220095	22.866424130988857
41	22.398210107810655	27.188232079994705	27.70422238617616	22.70933542601848
42	22.22716746194373	27.30684866136767	27.748575884627748	22.717407992060853
43	22.350923057733738	27.042475352546173	27.67128385897789	22.935317730742195
44	22.25006894414475	27.37220308581606	27.703165313524604	22.67456265651458
45	22.291713771365302	27.33795857214467	27.580212030577968	22.790115625912062
46	22.41134735981167	27.35948678426882	27.492908988142506	22.736256867777
47	22.301130422462496	27.4636522607791	27.59074009803051	22.6444772187279
48	22.16833153562558	27.40022367194403	27.59186935352767	22.83957543890272
49	22.393865519776824	27.214787018171243	27.660172534411103	22.731174927640822
50	22.31292228467759	27.40759122181105	27.58158502806991	22.697901465441447
51	22.40036114822997	27.371699577687114	27.555802911173632	22.672136362909285
52	22.35409482366527	27.349616160306166	27.530231358815183	22.76605765721338
53	22.277983539377146	27.245474833853798	27.67714960106454	22.799392025704513
54	22.415043854203713	27.548272050048173	27.55536300201891	22.4813210937292
55	22.43062099062906	27.281199761466073	27.486455098993872	22.801724148910996
56	22.49859701146231	27.485270851367353	27.393490796114722	22.622641341055612
57	22.311833899639947	27.37076193490359	27.507966183650602	22.80943798180586
58	22.30747643007393	27.248356058125328	27.577913627305918	22.866253884494828
59	22.240988404010682	27.4177207444117	27.587946629981797	22.75334422159582
60	22.36005352489612	27.394390129906714	27.62206301340043	22.623493331796734
61	22.552444378200438	27.40974969305443	27.445016762115827	22.59278916662931
62	22.47838853470676	27.485052790828618	27.428037689528743	22.608520984935875
63	22.445285779377315	27.559891727885848	27.43415079677569	22.560671695961144
64	22.51459738770254	27.27912252742488	27.391547181999204	22.814732902873377
65	22.37682505745699	27.387855480014167	27.51850658638741	22.716812876141432
66	22.418841364810874	27.511753567568185	27.333945205916677	22.735459861704264
67	22.422740833039175	27.32675502394602	27.44784556194824	22.80265858106657
68	22.489183167279293	27.570896387159475	27.48783007550734	22.452090370053888
69	22.708484506855104	27.46050802608126	27.41317060055206	22.417836866511575
70	22.762261575065256	27.330046549475274	27.338157718799966	22.56953415665951
71	22.59047766715721	27.627643075186835	27.26524930529412	22.516629952361832
72	22.573862949499627	27.75129757655942	27.481340498915184	22.193498975025765
73	23.281057917334145	28.32463861369806	27.492313189314306	20.901990279653493
74	24.49385436097305	30.662958009514856	27.672369554446636	17.170818075065462
75	29.909598007097898	40.99164587614821	29.098756116753886	0.0
>>END_MODULE
>>Per base GC content	fail
#Base	%GC
1	70.27121579253115
2	44.39423898820502
3	49.98674489933336
4	49.335670488729136
5	30.367107224926816
6	48.757561957474735
7	50.02109058632536
8	45.960319233247866
9	64.96771649853798
10	37.77897237019706
11	54.008061279564835
12	44.92836589794174
13	53.495138623634844
14	52.447322584994204
15	47.55314881567514
16	46.13325778262955
17	44.575744811925084
18	44.39252081901947
19	45.28796925982036
20	45.297627291808375
21	45.835969761702856
22	45.5907898456003
23	45.735648606946064
24	45.61347708375544
25	45.992732345240036
26	45.42340900856623
27	45.43091571638816
28	45.53519620700091
29	45.240379302272785
30	45.32440031197784
31	45.55896019337854
32	45.08659451184615
33	45.16951901514371
34	45.22209623585938
35	45.19226655624195
36	44.91695435802659
37	45.40847537624375
38	45.0050931750546
39	45.01956520696721
40	45.228149333080744
41	45.10754553382913
42	44.94457545400458
43	45.286240788475936
44	44.92463160065934
45	45.08182939727736
46	45.14760422758868
47	44.94560764119039
48	45.0079069745283
49	45.125040447417646
50	45.01082375011904
51	45.072497511139254
52	45.12015248087866
53	45.07737556508166
54	44.896364947932916
55	45.23234513954005
56	45.12123835251792
57	45.12127188144581
58	45.17373031456876
59	44.9943326256065
60	44.983546856692854
61	45.14523354482975
62	45.08690951964264
63	45.00595747533846
64	45.32933029057592
65	45.09363793359842
66	45.15430122651514
67	45.225399414105745
68	44.94127353733318
69	45.12632137336668
70	45.33179573172477
71	45.10710761951904
72	44.767361924525396
73	44.183048196987635
74	41.664672436038515
75	29.909598007097898
>>END_MODULE
>>Per sequence GC content	warn
#GC Content	Count
0	4747.0
1	2377.0
2	13.5
3	25.0
4	30.0
5	41.5
6	106.5
7	220.5
8	283.5
9	401.0
10	736.0
11	1342.0
12	1742.0
13	2533.5
14	4504.5
15	7622.5
16	10071.5
17	14951.5
18	25307.0
19	38656.0
20	48243.5
21	63216.0
22	92076.0
23	125501.0
24	147931.0
25	176657.0
26	225206.0
27	274479.0
28	307016.5
29	346901.0
30	411545.5
31	472830.5
32	512090.0
33	558510.0
34	634607.5
35	704252.0
36	743802.5
37	782140.5
38	825082.5
39	853387.5
40	872591.5
41	878192.0
42	875042.0
43	865355.5
44	860728.5
45	850801.5
46	825402.0
47	796560.5
48	781618.5
49	764431.0
50	731572.5
51	699990.0
52	682338.0
53	669093.5
54	646034.0
55	623855.5
56	611218.5
57	596011.5
58	566104.0
59	528776.5
60	495595.0
61	456161.0
62	407095.0
63	360361.5
64	324889.5
65	294812.5
66	251952.5
67	207412.0
68	176217.0
69	152290.5
70	123645.5
71	96274.5
72	77586.0
73	65323.0
74	51851.5
75	39489.0
76	31546.0
77	26306.5
78	20803.5
79	15710.5
80	12350.0
81	10334.5
82	7888.5
83	5428.5
84	3941.5
85	3202.5
86	2379.5
87	1548.0
88	1184.0
89	984.5
90	696.0
91	464.5
92	349.5
93	361.5
94	304.0
95	199.0
96	166.5
97	133.5
98	81.5
99	45.5
100	29.0
>>END_MODULE
>>Per base N content	pass
#Base	N-Count
1	0.05456573395954753
2	0.024295139655956012
3	0.02418924552295994
4	0.023932074057112337
5	0.024037968190108408
6	0.023932074057112337
7	0.023932074057112337
8	0.023932074057112337
9	0.023932074057112337
10	0.023932074057112337
11	0.023932074057112337
12	0.023932074057112337
13	0.023932074057112337
14	0.023932074057112337
15	0.024043010767870125
16	0.025959190317322862
17	0.023932074057112337
18	0.024128734589819328
19	0.030905959101567952
20	0.02396737210144436
21	0.023932074057112337
22	0.02482461032093637
23	0.023997627568014667
24	0.024305224811479446
25	0.026216361783170467
26	0.027663581600783457
27	0.02614576569450642
28	0.02585329618432679
29	0.02700804649176015
30	0.02702821680280702
31	0.028016562044103695
32	0.04086505018096046
33	0.027905625333345906
34	0.03141525945550144
35	0.04779859460332234
36	0.0063506071866477245
37	0.009176480725304192
38	0.0066854963882677955
39	0.014383184694474662
40	0.022715833354829244
41	0.010230082947491902
42	0.01809764870983918
43	0.02251013752001343
44	0.012768518635996678
45	0.019561378071776096
46	0.011592445834031191
47	0.015608839149419018
48	0.044788316313418515
49	0.017848942388064802
50	0.015654657643645306
51	0.03181885305624195
52	0.033549494903311515
53	0.014001930069968468
54	0.035482888373265534
55	0.023908811568564222
56	0.016218746791048802
57	0.02976620513906999
58	0.026886457753133162
59	0.019100779888832846
60	0.011133987397903666
61	0.02635103402554835
62	0.012342163798996055
63	0.016887029984733817
64	0.035030312158946704
65	0.01968814981140567
66	0.021893296102337527
67	0.020971385255931837
68	0.010817346360913612
69	0.009881749094501699
70	0.02594484649940667
71	0.009744548843038272
72	0.0059888805400625375
73	0.016336991989483955
74	0.006869353976586864
75	0.024782202862476666
>>END_MODULE
>>Sequence Length Distribution	warn
#Length	Count
35	6251.0
36	2462.0
37	3392.0
38	4217.0
39	4834.0
40	5635.0
41	6184.0
42	7069.0
43	8052.0
44	9373.0
45	10788.0
46	11241.0
47	12106.0
48	12864.0
49	13676.0
50	13970.0
51	14663.0
52	15633.0
53	16991.0
54	18797.0
55	19823.0
56	20417.0
57	21498.0
58	22251.0
59	23141.0
60	23718.0
61	24135.0
62	25147.0
63	26766.0
64	28578.0
65	30796.0
66	30788.0
67	33540.0
68	34487.0
69	42446.0
70	55706.0
71	134415.0
72	482290.0
73	1389801.0
74	4307186.0
75	1.2856E7
>>END_MODULE
>>Sequence Duplication Levels	warn
#Total Duplicate Percentage	34.15143835311903
#Duplication Level	Relative count
1	100.0
2	22.760147047790532
3	9.881461474979368
4	5.1976892490059265
5	3.130767499437317
6	2.0249080951309177
7	1.3204291394703278
8	0.9348038112386525
9	0.7179833445869908
10++	4.08057618726086
>>END_MODULE
>>Overrepresented sequences	pass
>>END_MODULE
>>Kmer Content	warn
#Sequence	Count	Obs/Exp Overall	Obs/Exp Max	Max Obs/Exp Position
AAAAA	6913395	3.541729	7.195463	71
TTTTT	6585660	3.1883223	5.6752796	71
CCTGG	3204735	3.0585248	12.190788	3
CCAGG	3061780	2.9553306	13.574903	3
CCCAG	2946900	2.8311388	12.335027	2
CTGGG	2870635	2.752543	10.746733	4
CCAGC	2744140	2.6363437	6.921286	3
GCTGG	2645655	2.5368183	6.2535677	3
GGAGG	2592515	2.5259569	5.643468	6
CAGCA	3056785	2.512475	6.9690256	4
TGCTG	3028555	2.4450302	6.53103	2
TCCAG	2981860	2.4233265	9.391219	2
CAGCC	2457695	2.361151	5.7646933	5
CAGGA	2830555	2.3374631	10.345453	4
AGGAG	2804365	2.3267195	7.3863034	5
CTCCA	2874975	2.325533	7.06331	1
GGCTG	2400695	2.3019354	8.653819	7
CTCCT	2865295	2.2916355	6.6100926	1
CTGGA	2801320	2.287303	8.698648	4
AGCAG	2748495	2.2696984	5.7284594	7
TCCTG	2807490	2.2559562	8.977107	2
CTGCT	2797030	2.2475512	6.7703943	9
GGCAG	2314020	2.244065	6.4767175	7
CCTGC	2343660	2.2262719	6.438873	3
GCTGC	2321875	2.2159436	5.8922997	8
CAGAG	2666300	2.2018218	8.219893	4
GCAGG	2262595	2.1941948	6.6315026	3
CTGCC	2309710	2.1940222	5.9159317	9
CTGCA	2683080	2.180511	6.6463375	4
CCCTG	2290700	2.1759644	9.287506	2
GCCTG	2258585	2.1555412	7.657118	7
TGCAG	2634235	2.1508765	6.648182	2
CTCTG	2665055	2.1415029	7.577237	2
CAGGG	2165195	2.0997393	9.772441	4
TGGAG	2557955	2.098409	6.347513	5
AGCTG	2543015	2.0763948	6.12408	7
GCCAG	2126515	2.052582	5.6127906	2
CTGGC	2137760	2.0402284	5.60574	4
CAGGC	2107840	2.0345562	6.4748015	4
CACAG	2451020	2.0145764	7.328285	7
GGAGA	2421945	2.009434	5.515259	6
CAGAA	2850515	2.0044782	5.4459925	4
GGGAG	2036950	1.9846549	5.511511	7
CCCCA	2073635	1.9828589	7.121017	1
CTGTG	2444465	1.9734793	9.270404	9
CTCAG	2384470	1.9378339	6.4123087	2
CTGAG	2360680	1.9275163	5.9494953	4
TTCTG	2824805	1.9201268	5.0761647	2
CCAGA	2300435	1.8908056	7.0875583	3
GGCCA	1947205	1.8795062	6.380193	1
TGGGG	1911520	1.8414981	6.050311	5
CCTCT	2278650	1.8224425	5.514244	1
TCTGG	2254495	1.8201116	6.372794	3
AGAGG	2154640	1.787657	5.232461	5
CAGTG	2187290	1.785942	6.7864356	9
CACTG	2192965	1.7822	7.6292458	7
TGGCC	1865555	1.7804425	5.918358	5
ACCTG	2183655	1.7746338	5.5214977	7
GCCCA	1793330	1.7228838	8.026555	1
CCTGA	2107765	1.7129588	5.718617	3
GAGAG	2044650	1.6964008	5.504516	7
ACAGA	2392375	1.6823149	5.9492426	8
TCAGG	2022385	1.6512954	5.9678025	3
GGCCT	1707030	1.6291499	5.4654574	6
GGGCC	1424470	1.614658	5.5607133	6
TGGGC	1683080	1.6138417	6.588775	5
AGGTG	1947925	1.5979731	5.343274	7
CCTGT	1986325	1.5961099	5.731889	8
AGGCC	1652885	1.5954188	5.3026624	5
ACAGG	1899790	1.5688404	5.063193	8
AGCCT	1926860	1.5659392	5.5178003	6
ACACA	2149605	1.5045284	6.535967	6
AGGCT	1820215	1.4862219	5.329138	6
GTGTG	1825470	1.480675	6.6455193	1
CACAC	1800235	1.4727527	6.912664	5
ACAGC	1775955	1.4597175	5.7123055	8
TGTGT	2134135	1.4574698	5.794753	10
GCCCT	1519405	1.4433018	6.0597854	1
GCTGT	1783340	1.4397361	5.323447	8
GACAG	1741045	1.4377494	7.27834	7
CTGTC	1784530	1.4339576	5.9309845	9
GGGCT	1495390	1.4338728	6.0720024	6
AGAGC	1664480	1.3745223	5.17186	5
AGGGC	1414735	1.3719664	5.9425397	5
AGACA	1940755	1.3647363	5.700691	6
GGACA	1536200	1.268589	6.273215	6
ACTGC	1525065	1.2394043	5.3059163	8
GTCCT	1537895	1.2357743	7.418103	1
GTGCT	1509235	1.2184442	5.770531	1
AGGAC	1440035	1.1891763	7.8632736	5
GTCCA	1439895	1.1701877	6.646147	1
TGTGC	1443370	1.1652696	5.852345	10
AGCAC	1416975	1.1646599	5.7764564	5
TGGAC	1327715	1.0840912	6.1140847	5
GTGCA	1321215	1.078784	5.8581796	1
ACAGT	1533145	1.06598	5.7596965	8
TGCAC	1301225	1.057492	5.628725	5
ACTGT	1536290	1.0561528	6.52951	8
GACTG	1291280	1.0543418	6.3609624	7
GCACT	1247270	1.0136434	5.1287303	6
AGACT	1453610	1.0106801	5.504694	6
GGACC	1036025	1.0000052	5.304346	6
GGACT	1173120	0.95786303	5.4068604	6
ACACT	1359270	0.94066566	5.110824	6
GTGTA	930335	0.642583	5.7459674	1
TACAC	873810	0.60470915	5.0543995	5
>>END_MODULE
