##FastQC	0.10.1
>>Basic Statistics	pass
#Measure	Value	
Filename	001-F5_S2_L003_R2_001.fastq.gz	
File type	Conventional base calls	
Encoding	Sanger / Illumina 1.9	
Total Sequences	20476413	
Filtered Sequences	0	
Sequence length	35-76	
%GC	45	
>>END_MODULE
>>Per base sequence quality	pass
#Base	Mean	Median	Lower Quartile	Upper Quartile	10th Percentile	90th Percentile
1	31.430728858614057	32.0	32.0	32.0	32.0	32.0
2	31.22496962724868	32.0	32.0	32.0	32.0	32.0
3	31.249672342514287	32.0	32.0	32.0	32.0	32.0
4	31.285130701358682	32.0	32.0	32.0	32.0	32.0
5	31.266762835854113	32.0	32.0	32.0	32.0	32.0
6	34.94565498361456	36.0	36.0	36.0	36.0	36.0
7	34.927195256317596	36.0	36.0	36.0	36.0	36.0
8	34.86923700943129	36.0	36.0	36.0	36.0	36.0
9	34.981595702333216	36.0	36.0	36.0	36.0	36.0
10-14	34.88241330158753	36.0	36.0	36.0	36.0	36.0
15-19	34.80712249748039	36.0	36.0	36.0	36.0	36.0
20-24	34.742627207216415	36.0	36.0	36.0	34.4	36.0
25-29	34.67616639691728	36.0	36.0	36.0	32.0	36.0
30-34	34.60844854027901	36.0	36.0	36.0	32.0	36.0
35-39	34.586529944143976	36.0	36.0	36.0	32.0	36.0
40-44	34.51258970566508	36.0	36.0	36.0	32.0	36.0
45-49	34.38813809368761	36.0	36.0	36.0	32.0	36.0
50-54	34.239080467710245	36.0	36.0	36.0	32.0	36.0
55-59	34.07266591826302	36.0	36.0	36.0	32.0	36.0
60-64	33.93358276047613	36.0	36.0	36.0	32.0	36.0
65-69	33.81431981931853	36.0	36.0	36.0	29.0	36.0
70-74	33.69881282364329	36.0	36.0	36.0	27.0	36.0
75-76	32.83594994225088	36.0	34.0	36.0	20.5	36.0
>>END_MODULE
>>Per sequence quality scores	pass
#Quality	Count
2	43937.0
3	77.0
4	492.0
5	224.0
6	80.0
7	83.0
8	37.0
9	22.0
10	26.0
11	36.0
12	74.0
13	78.0
14	1505.0
15	5634.0
16	7865.0
17	9185.0
18	11511.0
19	14274.0
20	19757.0
21	28543.0
22	41756.0
23	62032.0
24	93121.0
25	134058.0
26	185034.0
27	246294.0
28	316817.0
29	399096.0
30	498984.0
31	638344.0
32	855569.0
33	1306827.0
34	2857273.0
35	1.2697768E7
>>END_MODULE
>>Per base sequence content	fail
#Base	G	A	T	C
1	43.088710253766955	18.495113314516924	12.399414948763962	26.016761482952163
2	16.51827639556301	19.137095518571883	37.75536879627748	26.589259289587623
3	19.8669129635216	21.012350949621414	28.68522011822856	30.43551596862843
4	13.702666713847558	14.722101863640278	36.106791498297206	35.46843992421496
5	15.324726783504824	34.40403030027325	34.9573861112801	15.31385680494183
6	34.28438236880409	34.87164515999574	16.609187751622176	14.234784719578004
7	30.155619104010505	29.58355575809185	20.806775527587774	19.454049610309866
8	26.186830614925395	35.047566999931284	20.157399647177645	18.60820273796568
9	24.85184702457983	16.14484082692268	20.46381433839769	38.539497810099796
10-14	24.038995342058037	23.149144699636057	28.45415198945066	24.357707968855248
15-19	22.46910899659145	28.20371836415002	26.427043801726274	22.90012883753226
20-24	22.551920237233304	26.874990455298885	27.709295227101233	22.863794080366578
25-29	22.406319438969106	26.977335692192284	27.62133402429139	22.995010844547224
30-34	22.42619313655419	27.042032726217478	27.712964208323847	22.818809928904482
35-39	22.486855889642268	27.266924591398727	27.55626737499212	22.68995214396688
40-44	22.581092929852673	27.193112342723808	27.57007432034345	22.655720407080068
45-49	22.56475416513335	27.362463607512122	27.393032852588888	22.679749374765642
50-54	22.590904820045736	27.454478640284197	27.36300867335219	22.59160786631788
55-59	22.61040436411359	27.409121074475927	27.271714274221644	22.708760287188838
60-64	22.713341923617676	27.474101135287043	27.262718896048206	22.549838045047075
65-69	22.734796349157136	27.576219229872823	27.204234083957544	22.484750337012493
70-74	23.020628964550106	27.834905702473684	27.15586523419058	21.98860009878563
75-76	27.01162243552224	35.11104849989495	28.074145867851925	9.80318319673088
>>END_MODULE
>>Per base GC content	fail
#Base	%GC
1	69.10547173671911
2	43.10753568515063
3	50.30242893215002
4	49.17110663806252
5	30.638583588446654
6	48.51916708838209
7	49.60966871432037
8	44.795033352891075
9	63.39134483467963
10-14	48.39670331091328
15-19	45.36923783412371
20-24	45.41571431759988
25-29	45.40133028351633
30-34	45.245003065458675
35-39	45.17680803360915
40-44	45.23681333693274
45-49	45.244503539898986
50-54	45.182512686363616
55-59	45.31916465130243
60-64	45.26317996866475
65-69	45.21954668616963
70-74	45.00922906333574
75-76	36.814805632253126
>>END_MODULE
>>Per sequence GC content	warn
#GC Content	Count
0	43976.0
1	22048.5
2	201.5
3	376.5
4	474.0
5	549.0
6	753.5
7	1078.5
8	1279.5
9	1611.0
10	2420.0
11	3741.5
12	4622.5
13	5617.0
14	8179.0
15	12295.5
16	18483.5
17	23246.0
18	30312.5
19	44380.0
20	62625.0
21	76074.0
22	94537.5
23	127135.5
24	162098.5
25	186088.5
26	217010.5
27	266493.0
28	315532.0
29	350311.5
30	392836.0
31	458363.5
32	522526.0
33	566660.0
34	621866.5
35	702141.5
36	770628.5
37	813800.5
38	850379.5
39	887318.5
40	901832.0
41	903116.0
42	909987.0
43	914032.5
44	904532.0
45	887389.0
46	877167.5
47	863817.5
48	838080.0
49	810342.0
50	791493.5
51	771113.0
52	741327.0
53	715089.5
54	701393.5
55	686334.0
56	661736.5
57	636239.5
58	611931.5
59	578225.5
60	530957.5
61	476284.0
62	431311.0
63	389568.0
64	336874.5
65	287985.0
66	239015.0
67	203114.0
68	175599.5
69	142656.5
70	111515.0
71	90626.5
72	75444.5
73	59696.0
74	45903.0
75	36820.0
76	30987.5
77	24823.0
78	18705.0
79	14743.5
80	12607.0
81	10063.5
82	7340.5
83	5667.5
84	4686.0
85	3671.0
86	2815.0
87	2380.0
88	2111.5
89	1766.5
90	1442.0
91	1243.0
92	1170.5
93	1152.5
94	1066.5
95	984.5
96	973.0
97	1010.0
98	1204.0
99	11119.0
100	20879.0
>>END_MODULE
>>Per base N content	pass
#Base	N-Count
1	0.23164701747322639
2	0.22326175976231777
3	0.22623102981952944
4	0.21689345687645584
5	0.21483254904069382
6	0.21484720004426558
7	0.21688368954074136
8	0.21781647010147726
9	0.21810460650505534
10-14	0.21990765667795428
15-19	0.22480011513735337
20-24	0.2257670813730901
25-29	0.226710606003112
30-34	0.2271765079166942
35-39	0.05653542281746136
40-44	0.013133754689512969
45-49	0.01408683240610592
50-54	0.013957673507023987
55-59	0.013885115386831987
60-64	0.013174611934957758
65-69	0.011636948753546362
70-74	0.011529903895287586
75-76	0.012148881163975304
>>END_MODULE
>>Sequence Length Distribution	warn
#Length	Count
35	58295.0
36	21580.0
37	28001.0
38	30144.0
39	32719.0
40	33055.0
41	34997.0
42	37777.0
43	41186.0
44	44812.0
45	48344.0
46	49588.0
47	51231.0
48	52455.0
49	54475.0
50	54529.0
51	56051.0
52	57834.0
53	59778.0
54	63021.0
55	64712.0
56	66686.0
57	68186.0
58	68627.0
59	69728.0
60	70621.0
61	70013.0
62	71909.0
63	73118.0
64	77188.0
65	78490.0
66	80194.0
67	81971.0
68	80609.0
69	85780.0
70	88471.0
71	104037.0
72	178232.0
73	498430.0
74	1319919.0
75	4092176.0
76	1.2177444E7
>>END_MODULE
>>Sequence Duplication Levels	warn
#Total Duplicate Percentage	33.32563952717469
#Duplication Level	Relative count
1	100.0
2	21.799111713450248
3	8.948418982521526
4	4.711748804937871
5	2.798912843327171
6	1.7522667511250893
7	1.193957294482459
8	0.8499856371577776
9	0.6363843938512305
10++	4.620415859524037
>>END_MODULE
>>Overrepresented sequences	warn
#Sequence	Count	Percentage	Possible Source
NNNNNNNNNNNNNNNNNNNNNNNNNNNNNNNNNNN	43937	0.21457371464425923	No Hit
GGGGGGGGGGGGGGGGGGGGGGGGGGGGGGGGGGGGGGGGGGGGGGGGGG	21007	0.10259121067737792	No Hit
>>END_MODULE
>>Kmer Content	warn
#Sequence	Count	Obs/Exp Overall	Obs/Exp Max	Max Obs/Exp Position
AAAAA	8167890	4.062585	8.275415	72
GGGGG	3292685	3.5636559	6.5385556	72
TTTTT	7318380	3.4631526	6.0457954	72
CCTGG	3253430	3.0434918	11.801124	3
CCAGG	3101310	2.9302394	12.110075	3
CCCAG	2930850	2.7965524	10.528976	2
CTGGG	2916880	2.7019532	9.9361925	4
CCAGC	2747540	2.6216419	6.4862876	3
CAGCA	3117010	2.5209572	6.7981944	4
GGAGG	2716750	2.5168927	5.7827263	6
GCTGG	2670830	2.474033	6.2196274	3
TGCTG	3129100	2.4565237	7.194127	2
TCCAG	3042140	2.436011	9.536483	2
CTCCA	2909395	2.3527415	7.1271825	1
CAGCC	2465575	2.352597	5.4486384	9
CAGGA	2918860	2.337594	9.833098	4
CTCCT	2917695	2.3360612	6.798828	1
AGGAG	2915700	2.3122096	6.988656	5
CTGGA	2887380	2.2894576	8.926606	4
TCCTG	2873065	2.2778146	9.34798	2
CTGCT	2855805	2.2641306	6.4877663	9
GGCTG	2442985	2.2629766	7.787164	7
AGCAG	2809210	2.24978	5.3423553	7
CCTGC	2350925	2.2209609	6.341213	3
CTGCA	2760950	2.2108467	6.7374735	4
GCTGC	2361520	2.2091353	5.442254	8
GGCAG	2352980	2.201429	5.9017	7
CTTCT	3273900	2.1997864	5.078822	1
CTGCC	2322705	2.1943011	5.6487236	9
GCAGG	2330070	2.1799946	6.3209257	3
CAGAG	2721730	2.1797209	7.1324196	4
TGCAG	2724525	2.160327	6.837106	2
CCCTG	2281675	2.1555393	8.527866	2
CTCTG	2706475	2.1457393	7.294714	2
GCCTG	2280445	2.133292	6.5238056	7
TGGAG	2669105	2.09567	6.471084	5
CAGGG	2201925	2.0601032	8.5258	4
AGCTG	2577890	2.0440571	5.690861	7
CACAG	2497055	2.0195537	7.0486135	7
CAGGC	2123200	2.0060825	5.763029	4
CTGGC	2132050	1.9944725	5.2413464	4
CCCCA	2064840	1.9896983	6.2775245	1
GGAGA	2506005	1.9873133	5.51628	6
CAGAA	2886565	1.9788213	5.493522	4
CTGTG	2517180	1.9761312	8.5315	9
CTCAG	2432315	1.9476902	5.8917027	2
CTGAG	2410365	1.9112234	5.555294	4
TTCTG	2849695	1.8960165	5.3853335	2
CCAGA	2314470	1.8718837	6.543191	3
CCTCT	2303945	1.8446605	5.4277086	1
GGCCA	1942465	1.8353171	5.642611	1
TGGGG	1978185	1.8144907	5.463665	5
CAGTG	2285095	1.8118945	6.2326145	9
CACTG	2258630	1.8086112	7.3435445	7
TCTGG	2302130	1.8073045	6.2380905	3
ACCTG	2223220	1.7802564	5.1198893	7
TGGCC	1873930	1.7530087	5.1437473	5
CCTGA	2129235	1.7049972	5.428331	3
GCCCA	1764845	1.683976	6.399486	1
ACAGA	2441860	1.6739637	5.832049	8
GAGAG	2082430	1.6514094	5.251763	7
TCAGG	2073990	1.6445054	5.6565566	3
CCTGT	2025755	1.6060529	5.2341666	8
TGGGC	1711850	1.5857145	5.9802356	5
GTGTG	2024990	1.5741748	7.4457846	1
ACACA	2231250	1.5447028	6.1617365	6
TGTGT	2311435	1.5228388	5.8225136	10
CACAC	1859140	1.5184861	6.256188	5
ACAGC	1813920	1.4670517	5.5525575	8
GCTGT	1848150	1.450904	5.048987	8
CTGTC	1827740	1.4490633	5.704485	9
GACAG	1773625	1.4204228	6.7683935	7
GCCCT	1500065	1.4171382	5.393318	1
GGGCT	1503415	1.3926376	5.4304676	6
AGACA	1987075	1.3621955	5.204987	6
AGGGC	1423905	1.332194	5.0901117	5
GTCCT	1615005	1.2804034	8.617417	1
GGACA	1591975	1.2749469	5.994102	6
ACTGC	1561900	1.2507005	5.236212	8
GTGCT	1553385	1.2194966	6.14686	1
AGGAC	1508110	1.2077829	7.9744573	5
GTCCA	1486800	1.1905638	6.720658	1
TGTGC	1507430	1.1834193	5.5707135	10
AGCAC	1452305	1.1745868	5.3543296	5
GTCTT	1699205	1.1305493	5.4199367	1
TGGAC	1382820	1.0964639	5.9693546	5
GTGCA	1381780	1.0956392	5.8804493	1
TGCAC	1359580	1.0886916	5.353838	5
ACAGT	1580460	1.072708	5.401561	8
ACTGT	1568665	1.0541466	6.1730604	8
GACTG	1302705	1.0329392	5.9033074	7
GGACC	1059885	1.001421	5.057715	6
GGACT	1187405	0.9415157	5.1931853	6
TGTAG	1379040	0.9176484	5.13719	2
TCCTA	1158525	0.7862266	5.1085796	2
TAGGA	1162450	0.7812695	5.093178	4
GTGTA	987000	0.656775	5.674815	1
>>END_MODULE
