##FastQC	0.10.1
>>Basic Statistics	pass
#Measure	Value	
Filename	019-F5_S6_L001_R1_001_trimmed.fq.gz	
File type	Conventional base calls	
Encoding	Sanger / Illumina 1.9	
Total Sequences	21251387	
Filtered Sequences	0	
Sequence length	20-50	
%GC	44	
>>END_MODULE
>>Per base sequence quality	pass
#Base	Mean	Median	Lower Quartile	Upper Quartile	10th Percentile	90th Percentile
1	35.36110400699964	36.0	36.0	36.0	36.0	36.0
2	35.354925680850855	36.0	36.0	36.0	36.0	36.0
3	35.33796481142619	36.0	36.0	36.0	36.0	36.0
4	35.34126741939244	36.0	36.0	36.0	36.0	36.0
5	35.326867276945265	36.0	36.0	36.0	36.0	36.0
6	35.29117939454964	36.0	36.0	36.0	36.0	36.0
7	35.27727710196045	36.0	36.0	36.0	36.0	36.0
8	35.27418511554093	36.0	36.0	36.0	36.0	36.0
9	35.261719293898324	36.0	36.0	36.0	36.0	36.0
10	35.238256542972934	36.0	36.0	36.0	36.0	36.0
11	35.225935982437285	36.0	36.0	36.0	36.0	36.0
12	35.21315719298698	36.0	36.0	36.0	36.0	36.0
13	35.207548429662495	36.0	36.0	36.0	36.0	36.0
14	35.19696897901299	36.0	36.0	36.0	36.0	36.0
15	35.18189942143541	36.0	36.0	36.0	36.0	36.0
16	35.170321730059314	36.0	36.0	36.0	36.0	36.0
17	35.15783614500079	36.0	36.0	36.0	36.0	36.0
18	35.13591023494137	36.0	36.0	36.0	36.0	36.0
19	35.127040272712556	36.0	36.0	36.0	36.0	36.0
20	35.129095620911706	36.0	36.0	36.0	36.0	36.0
21	35.11216700985705	36.0	36.0	36.0	36.0	36.0
22	35.10771882927228	36.0	36.0	36.0	36.0	36.0
23	35.08993879039678	36.0	36.0	36.0	36.0	36.0
24	35.08102875065501	36.0	36.0	36.0	36.0	36.0
25	35.06627894900624	36.0	36.0	36.0	36.0	36.0
26	35.06288629596663	36.0	36.0	36.0	36.0	36.0
27	35.06510184513025	36.0	36.0	36.0	36.0	36.0
28	35.045007545153894	36.0	36.0	36.0	36.0	36.0
29	35.030792267838706	36.0	36.0	36.0	36.0	36.0
30	35.025770536510706	36.0	36.0	36.0	36.0	36.0
31	35.00713284679506	36.0	36.0	36.0	36.0	36.0
32	34.993974395544676	36.0	36.0	36.0	36.0	36.0
33	34.98068053417074	36.0	36.0	36.0	36.0	36.0
34	34.96954912093757	36.0	36.0	36.0	36.0	36.0
35	34.95175092909832	36.0	36.0	36.0	36.0	36.0
36	34.94242930650264	36.0	36.0	36.0	36.0	36.0
37	34.941809511298636	36.0	36.0	36.0	36.0	36.0
38	34.93108675976428	36.0	36.0	36.0	36.0	36.0
39	34.91144281658717	36.0	36.0	36.0	36.0	36.0
40	34.897841464613784	36.0	36.0	36.0	36.0	36.0
41	34.88323832006496	36.0	36.0	36.0	36.0	36.0
42	34.87059669814819	36.0	36.0	36.0	36.0	36.0
43	34.86089046862634	36.0	36.0	36.0	36.0	36.0
44	34.85305154468372	36.0	36.0	36.0	36.0	36.0
45	34.838235103858175	36.0	36.0	36.0	36.0	36.0
46	34.82974877636835	36.0	36.0	36.0	36.0	36.0
47	34.84177531324728	36.0	36.0	36.0	36.0	36.0
48	34.86041634123634	36.0	36.0	36.0	36.0	36.0
49	34.93086037060301	36.0	36.0	36.0	36.0	36.0
50	35.026761212720345	36.0	36.0	36.0	36.0	36.0
>>END_MODULE
>>Per sequence quality scores	pass
#Quality	Count
14	10.0
15	56.0
16	259.0
17	744.0
18	1849.0
19	4460.0
20	8861.0
21	15568.0
22	24886.0
23	36033.0
24	51337.0
25	73085.0
26	101666.0
27	137717.0
28	182690.0
29	236605.0
30	303127.0
31	391476.0
32	526712.0
33	773774.0
34	1518073.0
35	8676375.0
36	8186024.0
>>END_MODULE
>>Per base sequence content	pass
#Base	G	A	T	C
1	22.149533981237656	26.980102707693966	27.64080474955206	23.229558561516317
2	22.20003296781845	26.998139901662167	27.892477855305536	22.909349275213852
3	22.098694075826675	27.09132349808509	27.82057472295808	22.989407703130155
4	22.316262726301368	26.74235059652409	28.150966128619608	22.79042054855493
5	22.45680028068242	26.772386549680526	27.717435701101838	23.05337746853522
6	21.93036134101052	27.18362191800418	27.915352993105213	22.970663747880085
7	21.932826887314505	27.17304680735727	27.97463315288998	22.919493152438246
8	22.089117400513793	26.979190674958915	27.866824197139962	23.06486772738733
9	21.9327586286405	27.122008095330997	27.96925660226673	22.975976673761775
10	21.928501331574058	27.233956350157744	27.95962009612179	22.87792222214641
11	22.521397573235113	27.09468181462263	27.67250381723069	22.711416794911564
12	21.83834525258172	27.383694392918283	28.050028845239876	22.72793150926012
13	21.904490281034363	27.1978624265795	28.235822913582066	22.661824378804074
14	22.034710073418367	26.881477151914485	28.332631168612753	22.751181606054395
15	21.881944400001956	27.232922822787664	28.1721379237131	22.712994853497275
16	21.99267582460735	27.520624565637945	28.10245149485485	22.384248114899854
17	22.15152827436628	27.187820729065827	27.738631836124387	22.922019160443504
18	22.07745585636762	27.652336546932077	27.693087085265045	22.577120511435254
19	22.19000669475417	27.367804015694908	27.97499050278512	22.467198786765795
20	22.292937611587202	27.060791293223108	27.933315504948837	22.712955590240856
21	22.26675104500156	27.24825253655539	27.995065808223572	22.48993061021948
22	22.014578143292475	27.542247545660096	28.03199310019321	22.411181210854217
23	22.136336484904298	27.25555903434001	27.949632405382403	22.658472075373293
24	21.986163268028854	27.592465463128768	27.95614310327001	22.46522816557237
25	22.052102988859716	27.500258694379642	27.868272159173586	22.579366157587057
26	22.22046110636995	27.382365926958506	27.735294807712773	22.66187815895877
27	22.206096107855437	27.491714451374072	27.844293715028197	22.4578957257423
28	21.95971117770639	27.498378708428234	27.83141476140947	22.710495352455908
29	22.314495213467474	27.250211876022256	27.808575629650612	22.62671728085966
30	22.130869992830306	27.61302377706427	27.764349093797385	22.49175713630804
31	22.1331769123329	27.555495233683626	27.83447699560541	22.476850858378064
32	22.17960467056231	27.530947936386607	27.692552238540458	22.59689515451062
33	22.029772053226385	27.358939879595358	28.008796332003328	22.602491735174933
34	22.14937992518742	27.740080878593087	27.85935196825132	22.251187227968167
35	22.178666324083064	27.309352609302373	27.824228071444068	22.68775299517049
36	22.311826804537276	27.600482296332473	27.58982711388439	22.49786378524586
37	22.112401093660853	27.5060994072352	27.746523721547163	22.634975777556786
38	22.165461110227298	27.372328599273814	27.662005461148908	22.800204829349976
39	22.09839725684251	27.510013813660457	27.736352408717675	22.655236520779358
40	22.11591581457063	27.490376362817493	27.931741674992384	22.461966147619492
41	22.371996174742936	27.428484128731224	27.682278030231096	22.517241666294748
42	22.293716238424743	27.577824846957938	27.7219812594224	22.40647765519492
43	22.24269118009096	27.73700868323238	27.674716110038727	22.34558402663793
44	22.27021330820455	27.415036905034906	27.590931835558376	22.723817951202168
45	22.16661888297565	27.61998899608918	27.732571190868672	22.480820930066503
46	22.154895142432842	27.852518142093206	27.53462492771299	22.457961787760958
47	22.29610002046691	27.5427980710951	27.596537169235187	22.564564739202808
48	22.250137240298184	27.99271996025735	27.79763624667733	21.959506552767134
49	22.407605557695522	28.186927091062614	27.91259920597011	21.49286814527175
50	22.38143740331103	27.97400019952529	27.93244804263034	21.712114354533337
>>END_MODULE
>>Per base GC content	pass
#Base	%GC
1	45.37909254275397
2	45.1093822430323
3	45.088101778956826
4	45.1066832748563
5	45.51017774921764
6	44.901025088890606
7	44.852320039752755
8	45.15398512790112
9	44.90873530240228
10	44.806423553720464
11	45.23281436814668
12	44.56627676184184
13	44.56631465983843
14	44.78589167947276
15	44.594939253499234
16	44.3769239395072
17	45.07354743480978
18	44.654576367802875
19	44.657205481519966
20	45.00589320182806
21	44.756681655221044
22	44.42575935414669
23	44.79480856027759
24	44.45139143360122
25	44.63146914644677
26	44.88233926532872
27	44.66399183359774
28	44.6702065301623
29	44.941212494327125
30	44.622627129138344
31	44.610027770710964
32	44.77649982507293
33	44.63226378840132
34	44.400567153155585
35	44.86641931925356
36	44.80969058978314
37	44.74737687121764
38	44.96566593957728
39	44.75363377762187
40	44.577881962190126
41	44.88923784103768
42	44.70019389361966
43	44.58827520672889
44	44.99403125940672
45	44.64743981304215
46	44.6128569301938
47	44.86066475966972
48	44.20964379306532
49	43.900473702967275
50	44.09355175784436
>>END_MODULE
>>Per sequence GC content	warn
#GC Content	Count
0	6949.0
1	6598.5
2	5196.0
3	4581.0
4	5131.0
5	6019.5
6	6968.0
7	8471.0
8	10072.0
9	12792.0
10	15737.0
11	20846.5
12	26041.5
13	34205.0
14	43811.5
15	59049.0
16	75276.5
17	98428.0
18	123263.0
19	155324.5
20	187887.0
21	226452.0
22	266170.5
23	314669.5
24	365904.0
25	413721.5
26	467525.0
27	531245.0
28	600423.0
29	673628.5
30	746440.0
31	823268.5
32	904850.0
33	987924.0
34	1070282.0
35	1141484.5
36	1207144.0
37	1251183.5
38	1285091.5
39	1304918.0
40	1323150.5
41	1334432.0
42	1343297.5
43	1334789.5
44	1319367.0
45	1292852.0
46	1266574.5
47	1237739.0
48	1207015.5
49	1172345.0
50	1138554.5
51	1111552.5
52	1081287.5
53	1048286.5
54	1016811.5
55	983294.0
56	945683.0
57	901480.5
58	855376.5
59	798601.0
60	739741.5
61	677540.5
62	614682.5
63	561009.5
64	497974.0
65	439863.5
66	385112.0
67	335089.0
68	285482.0
69	241055.5
70	202397.0
71	169887.5
72	140757.5
73	115803.0
74	93003.5
75	76579.0
76	63975.0
77	52244.5
78	41703.5
79	33770.5
80	26725.0
81	21521.5
82	17227.0
83	13981.0
84	10840.5
85	8360.5
86	6314.0
87	4832.5
88	3723.5
89	2854.0
90	2058.5
91	1613.0
92	1292.0
93	1050.5
94	836.0
95	737.5
96	635.5
97	580.0
98	544.5
99	927.5
100	1303.0
>>END_MODULE
>>Per base N content	pass
#Base	N-Count
1	9.599373443248669E-4
2	0.0016940070782203533
3	0.0
4	1.1293380521469022E-4
5	0.0015199007951810393
6	0.0025739496438514815
7	1.270505308665265E-4
8	2.305731856466592E-4
9	5.881969021598449E-4
10	0.0010446376982358846
11	0.0017834130073486497
12	2.2116203521210166E-4
13	0.0
14	0.0020610419451680966
15	0.0021222144229927206
16	0.0018539966356078312
17	0.0
18	6.305470791153537E-4
19	0.001976341591257079
20	0.0029645123868856185
21	2.7322074879820553E-4
22	6.649621940696407E-4
23	9.443230438477992E-5
24	0.001148800812689115
25	0.0017419555969838039
26	0.0034362697561812565
27	4.413687633169973E-4
28	5.56031244773841E-4
29	0.0
30	7.435609764328349E-4
31	3.341783909176806E-5
32	1.0998682788185216E-4
33	6.658762699374254E-4
34	1.103783058062636E-4
35	5.432972053512948E-4
36	7.514448333278501E-4
37	6.370349536253032E-4
38	0.0015279765248649652
39	9.690395732504766E-6
40	0.0
41	5.3536827789156784E-5
42	0.0
43	9.933438135183426E-4
44	0.0014191209807510726
45	0.0
46	7.582844572439313E-4
47	5.128265615440593E-6
48	8.732721628015095E-5
49	0.0010774545087117522
50	0.0
>>END_MODULE
>>Sequence Length Distribution	warn
#Length	Count
20	23131.0
21	24043.0
22	25020.0
23	26701.0
24	26810.0
25	27222.0
26	27644.0
27	28833.0
28	29695.0
29	32166.0
30	33226.0
31	35301.0
32	36846.0
33	37321.0
34	38499.0
35	38922.0
36	39009.0
37	40052.0
38	41954.0
39	45167.0
40	47221.0
41	52892.0
42	57686.0
43	71307.0
44	113737.0
45	205734.0
46	545478.0
47	1177876.0
48	2358343.0
49	3153145.0
50	1.2810406E7
>>END_MODULE
>>Sequence Duplication Levels	warn
#Total Duplicate Percentage	42.3222130697419
#Duplication Level	Relative count
1	100.0
2	28.9233646448761
3	13.371870616738216
4	7.422110766353551
5	4.5649679092106945
6	3.0526628979470396
7	2.072512432524334
8	1.4638500446295746
9	1.1501678922089513
10++	7.99591958175713
>>END_MODULE
>>Overrepresented sequences	pass
>>END_MODULE
>>Kmer Content	warn
#Sequence	Count	Obs/Exp Overall	Obs/Exp Max	Max Obs/Exp Position
AAAAA	5931955	4.0661554	4.9541206	46
TTTTT	5950820	3.745046	4.375105	13
>>END_MODULE
