##FastQC	0.10.1
>>Basic Statistics	pass
#Measure	Value	
Filename	KS30_S4_L004_R1_001.fastq.gz	
File type	Conventional base calls	
Encoding	Sanger / Illumina 1.9	
Total Sequences	25171048	
Filtered Sequences	0	
Sequence length	35-75	
%GC	45	
>>END_MODULE
>>Per base sequence quality	pass
#Base	Mean	Median	Lower Quartile	Upper Quartile	10th Percentile	90th Percentile
1	31.46512302546958	32.0	32.0	32.0	32.0	32.0
2	31.504695156117457	32.0	32.0	32.0	32.0	32.0
3	31.59871738355908	32.0	32.0	32.0	32.0	32.0
4	31.675279352691234	32.0	32.0	32.0	32.0	32.0
5	31.64772475901679	32.0	32.0	32.0	32.0	32.0
6	35.31007342244948	36.0	36.0	36.0	36.0	36.0
7	35.32480812876762	36.0	36.0	36.0	36.0	36.0
8	35.27203698471355	36.0	36.0	36.0	36.0	36.0
9	35.37425227586869	36.0	36.0	36.0	36.0	36.0
10	35.26242578378143	36.0	36.0	36.0	36.0	36.0
11	35.348009506795265	36.0	36.0	36.0	36.0	36.0
12	35.29788509401754	36.0	36.0	36.0	36.0	36.0
13	35.324518828139375	36.0	36.0	36.0	36.0	36.0
14	35.294531598366504	36.0	36.0	36.0	36.0	36.0
15	35.262400913938905	36.0	36.0	36.0	36.0	36.0
16	35.272009095529114	36.0	36.0	36.0	36.0	36.0
17	35.26985753632507	36.0	36.0	36.0	36.0	36.0
18	35.26671956606654	36.0	36.0	36.0	36.0	36.0
19	35.26557495738755	36.0	36.0	36.0	36.0	36.0
20	35.25563425090604	36.0	36.0	36.0	36.0	36.0
21	35.244062464145316	36.0	36.0	36.0	36.0	36.0
22	35.22619801130251	36.0	36.0	36.0	36.0	36.0
23	35.21080449252649	36.0	36.0	36.0	36.0	36.0
24	35.202090155324484	36.0	36.0	36.0	36.0	36.0
25	35.18637948646397	36.0	36.0	36.0	36.0	36.0
26	35.15088918824516	36.0	36.0	36.0	36.0	36.0
27	35.134986950086464	36.0	36.0	36.0	36.0	36.0
28	35.120148592938996	36.0	36.0	36.0	36.0	36.0
29	35.10668498983435	36.0	36.0	36.0	36.0	36.0
30	35.084366451488236	36.0	36.0	36.0	36.0	36.0
31	35.07313521471176	36.0	36.0	36.0	36.0	36.0
32	35.058393953243424	36.0	36.0	36.0	36.0	36.0
33	35.04506165178343	36.0	36.0	36.0	36.0	36.0
34	35.04183965641796	36.0	36.0	36.0	36.0	36.0
35	35.02195999149499	36.0	36.0	36.0	36.0	36.0
36	35.01922101809811	36.0	36.0	36.0	36.0	36.0
37	35.00972493375218	36.0	36.0	36.0	36.0	36.0
38	34.98915319176128	36.0	36.0	36.0	36.0	36.0
39	34.97769975026556	36.0	36.0	36.0	36.0	36.0
40	34.97456862949821	36.0	36.0	36.0	36.0	36.0
41	34.94691434180808	36.0	36.0	36.0	36.0	36.0
42	34.937436023069985	36.0	36.0	36.0	36.0	36.0
43	34.9254702866384	36.0	36.0	36.0	36.0	36.0
44	34.90625974031462	36.0	36.0	36.0	36.0	36.0
45	34.89648397362667	36.0	36.0	36.0	36.0	36.0
46	34.87640349738898	36.0	36.0	36.0	36.0	36.0
47	34.862827595969975	36.0	36.0	36.0	36.0	36.0
48	34.83958440275906	36.0	36.0	36.0	36.0	36.0
49	34.82488308483756	36.0	36.0	36.0	36.0	36.0
50	34.79850313493588	36.0	36.0	36.0	36.0	36.0
51	34.78509510454647	36.0	36.0	36.0	36.0	36.0
52	34.76801701639695	36.0	36.0	36.0	36.0	36.0
53	34.73591508792512	36.0	36.0	36.0	36.0	36.0
54	34.711482308262426	36.0	36.0	36.0	32.0	36.0
55	34.69164879504507	36.0	36.0	36.0	32.0	36.0
56	34.673772598136104	36.0	36.0	36.0	32.0	36.0
57	34.65131842079051	36.0	36.0	36.0	32.0	36.0
58	34.6289303343661	36.0	36.0	36.0	32.0	36.0
59	34.59033291552104	36.0	36.0	36.0	32.0	36.0
60	34.56530089426554	36.0	36.0	36.0	32.0	36.0
61	34.54823161792168	36.0	36.0	36.0	32.0	36.0
62	34.520450687617355	36.0	36.0	36.0	32.0	36.0
63	34.48291842294769	36.0	36.0	36.0	32.0	36.0
64	34.4592545875214	36.0	36.0	36.0	32.0	36.0
65	34.43074934367299	36.0	36.0	36.0	32.0	36.0
66	34.40387773110038	36.0	36.0	36.0	32.0	36.0
67	34.384734978280406	36.0	36.0	36.0	32.0	36.0
68	34.342281180073506	36.0	36.0	36.0	32.0	36.0
69	34.31390138117535	36.0	36.0	36.0	32.0	36.0
70	34.2877574350005	36.0	36.0	36.0	32.0	36.0
71	34.25123598352877	36.0	36.0	36.0	32.0	36.0
72	34.23684070620839	36.0	36.0	36.0	32.0	36.0
73	34.21153304969033	36.0	36.0	36.0	32.0	36.0
74	34.174635256712115	36.0	36.0	36.0	32.0	36.0
75	33.366913682767446	36.0	36.0	36.0	27.0	36.0
>>END_MODULE
>>Per sequence quality scores	pass
#Quality	Count
2	9432.0
3	0.0
4	0.0
5	0.0
6	0.0
7	0.0
8	0.0
9	2.0
10	2.0
11	18.0
12	147.0
13	424.0
14	83.0
15	76.0
16	94.0
17	156.0
18	270.0
19	844.0
20	2490.0
21	6451.0
22	13383.0
23	25446.0
24	45462.0
25	77629.0
26	124625.0
27	186280.0
28	263633.0
29	356795.0
30	471881.0
31	625117.0
32	871442.0
33	1397219.0
34	3300192.0
35	1.7391455E7
>>END_MODULE
>>Per base sequence content	fail
#Base	G	A	T	C
1	43.51277005722479	18.505442414669343	11.351615675604668	26.630171852501196
2	16.60368713996748	20.294042322241943	35.17549111313041	27.926779424660165
3	18.669234122323463	21.767155177950414	28.589459436945546	30.97415126278058
4	13.040741345129927	15.250055103778317	35.53934974123679	36.16985380985496
5	14.705816192409898	35.40707798735979	34.298973484056035	15.588132336174274
6	34.677887938517145	35.48975948126702	15.924005040057839	13.908347540157992
7	30.646537169949656	29.956668919834083	20.30742779001158	19.08936612020468
8	26.685269340411207	34.48199829454515	19.631183466117598	19.201548898926045
9	24.588456480696628	15.493325229985228	19.84692080190716	40.07129748741099
10	14.118612254475229	27.27424184519786	34.83469424221401	23.772451658112896
11	34.44554992016411	22.746452374124143	23.462896818709893	19.345100887001855
12	22.027170273960145	24.243152745038316	31.119459894785773	22.610217086215766
13	27.921175651039263	20.561302580883517	26.16641951772891	25.351102250348305
14	20.486924229625163	20.44964522348824	27.28584790761642	31.777582639270175
15	22.773855224561093	29.314365182268105	23.28745896130042	24.624320631870386
16	22.813479070660645	28.70766726588626	25.227676155617353	23.251177507835745
17	21.596458669427275	28.113393034851182	27.41913714921967	22.87101114650188
18	22.082035589447038	27.951273081983285	27.812402828180826	22.154288500388848
19	22.476837283036073	27.33583328471419	27.682437445442567	22.504891986807174
20	22.548886779939732	27.21091147101906	27.697196958041985	22.54300479099922
21	22.437513376045267	26.917739880059226	27.477168071884183	23.16757867201132
22	22.293098967374277	26.828130035810606	27.753949128756698	23.12482186805842
23	22.367980843084556	26.89397380804025	27.544508343752046	23.19353700512315
24	22.382617173178257	26.75720967499306	27.82458515914711	23.035587992681574
25	22.613925152645333	26.725287043258795	27.424294554972413	23.23649324912346
26	22.11491054080914	27.05856892718724	27.63804803231115	23.188472499692473
27	22.125820268455467	27.05567392672063	27.740742904585954	23.077762900237946
28	22.306175619251974	26.88520129365703	27.72763724437443	23.080985842716565
29	21.985048929039706	27.096833786814628	27.86132705411088	23.05679023003479
30	22.19620704894649	27.16515107426299	27.69101335258457	22.94762852420595
31	22.568061276046894	27.19610522039131	27.450849685501666	22.784983818060134
32	22.022242110571874	27.28151239928542	27.809025788147846	22.887219701994862
33	22.08583520955416	27.095145057241876	27.924120815781095	22.89489891742287
34	22.120565504696813	26.814238271640956	28.109257127812498	22.955939095849732
35	22.016690934519094	27.09498005072418	27.918583087623727	22.969745927132998
36	22.20803689989547	27.503352703626405	27.724328610514153	22.56428178596397
37	22.3173003689271	27.244052722957157	27.57131374588941	22.867333162226334
38	22.18653713760518	27.57829807522083	27.565614199290856	22.669550587883133
39	22.197201310758764	27.39279671447842	27.814669543890258	22.59533243087256
40	22.185831649674075	27.193177350655155	27.78649238669241	22.83449861297836
41	22.253253284817536	27.31071529585335	27.80934234850599	22.626689070823126
42	22.12262632175043	27.389637792069188	27.837648078824767	22.650087807355618
43	22.269774655480767	27.139580524012608	27.697362369654027	22.893282450852595
44	22.170939054528496	27.49720358811522	27.756645699657987	22.575211657698294
45	22.184470467747243	27.43123251388826	27.681469092894197	22.702827925470302
46	22.33528966848633	27.516371273433055	27.532368759827502	22.615970298253114
47	22.133419854414775	27.595618459929543	27.69554359698052	22.575418088675157
48	22.066514521990374	27.464618405933923	27.70088021307665	22.767986858999052
49	22.243973811706987	27.376416954159684	27.751274044696082	22.62833518943725
50	22.2124767166095	27.478190386328222	27.68307300615301	22.62625989090927
51	22.315775219562944	27.477531793663466	27.617531907510774	22.58916107926282
52	22.27097922166223	27.420937287513148	27.599519026163193	22.708564464661425
53	22.184492582645145	27.40771605712995	27.71170762318331	22.69608373704159
54	22.333040407662487	27.652841271806615	27.630345223489154	22.383773097041747
55	22.321690965869838	27.44842893974514	27.526851067855624	22.7030290265294
56	22.413742882016845	27.61914645964075	27.467718910728856	22.499391747613554
57	22.18240880344363	27.524931375365025	27.633249653624738	22.65941016756661
58	22.17209026708149	27.306311913351628	27.740767767662135	22.780830051904747
59	22.096115539520174	27.500216049818317	27.73226386684974	22.671404543811768
60	22.244692455169726	27.51751426324412	27.70001511527513	22.53777816631103
61	22.44646560750205	27.532983925391385	27.53424881900694	22.486301648099623
62	22.356929713222744	27.65683288993031	27.49306176861689	22.493175628230055
63	22.33266266607836	27.643897720682574	27.52796797903297	22.495471634206098
64	22.367098870459316	27.393919045248914	27.487008383128813	22.751973701162953
65	22.209453890663326	27.46438357102624	27.690116275846187	22.63604626246424
66	22.284665146737765	27.52532060158086	27.490036440563564	22.699977811117815
67	22.27087971282323	27.45087300231342	27.573986274745515	22.704261010117836
68	22.338011685412482	27.70179636248713	27.60682488527199	22.353367066828397
69	22.57616854776299	27.581127730192566	27.513695983339282	22.32900773870516
70	22.566344122320626	27.446038539616	27.463069842080333	22.52454749598304
71	22.465299213300277	27.702188101455544	27.383563158815626	22.448949526428557
72	22.443272560276117	27.84676357870411	27.602749129758653	22.10721473126112
73	23.092066588641423	28.408717605515715	27.665180948460517	20.834034857382346
74	24.33793721150351	30.797449393191716	27.74739795065228	17.11721544465249
75	29.700799989777742	41.05625140064558	29.24294860957668	0.0
>>END_MODULE
>>Per base GC content	fail
#Base	%GC
1	70.14294190972599
2	44.530466564627645
3	49.64338538510404
4	49.210595154984894
5	30.293948528584174
6	48.586235478675135
7	49.73590329015434
8	45.88681823933725
9	64.65975396810761
10	37.89106391258812
11	53.79065080716596
12	44.637387360175914
13	53.272277901387575
14	52.264506868895346
15	47.39817585643148
16	46.06465657849639
17	44.46746981592915
18	44.23632408983588
19	44.98172926984324
20	45.091891570938955
21	45.60509204805659
22	45.417920835432696
23	45.56151784820771
24	45.41820516585983
25	45.85041840176879
26	45.303383040501615
27	45.20358316869342
28	45.38716146196854
29	45.0418391590745
30	45.143835573152444
31	45.353045094107024
32	44.90946181256674
33	44.980734126977026
34	45.07650460054655
35	44.98643686165209
36	44.77231868585944
37	45.18463353115344
38	44.85608772548831
39	44.792533741631324
40	45.020330262652436
41	44.879942355640665
42	44.77271412910604
43	45.16305710633336
44	44.74615071222679
45	44.88729839321755
46	44.95125996673944
47	44.70883794308993
48	44.83450138098943
49	44.87230900114423
50	44.83873660751877
51	44.90493629882576
52	44.97954368632366
53	44.88057631968674
54	44.71681350470423
55	45.024719992399234
56	44.9131346296304
57	44.84181897101024
58	44.95292031898624
59	44.76752008333194
60	44.782470621480755
61	44.932767255601675
62	44.8501053414528
63	44.828134300284454
64	45.11907257162227
65	44.845500153127574
66	44.984642957855584
67	44.97514072294106
68	44.69137875224088
69	44.90517628646815
70	45.090891618303665
71	44.914248739728826
72	44.55048729153724
73	43.92610144602377
74	41.455152656156
75	29.700799989777742
>>END_MODULE
>>Per sequence GC content	warn
#GC Content	Count
0	9446.0
1	4731.5
2	26.0
3	57.0
4	79.0
5	106.5
6	220.5
7	407.0
8	511.0
9	726.5
10	1365.5
11	2461.5
12	3158.0
13	4411.5
14	7610.0
15	12636.5
16	16618.5
17	23805.0
18	39275.0
19	59062.0
20	72715.5
21	94178.5
22	134547.0
23	179529.0
24	209743.5
25	248274.5
26	313058.0
27	377591.0
28	419285.5
29	469138.5
30	548573.0
31	624413.0
32	673228.0
33	727202.5
34	815278.0
35	895969.5
36	942216.5
37	987415.0
38	1038248.0
39	1072303.0
40	1095348.5
41	1101955.0
42	1095922.5
43	1080134.5
44	1071895.0
45	1057591.0
46	1022720.0
47	984130.5
48	963890.0
49	941334.5
50	900250.5
51	862865.0
52	842971.5
53	828948.5
54	803429.5
55	780193.5
56	768764.5
57	752416.0
58	717765.5
59	672059.5
60	631582.0
61	583011.5
62	521391.0
63	463084.5
64	417795.0
65	378904.0
66	324641.0
67	267308.0
68	227012.0
69	197500.5
70	161478.5
71	125471.5
72	101247.5
73	85848.0
74	67983.5
75	51739.5
76	41419.5
77	34450.5
78	27206.0
79	20675.5
80	16332.5
81	13646.5
82	10589.5
83	7557.5
84	5741.5
85	4737.0
86	3514.5
87	2329.0
88	1840.5
89	1503.5
90	1005.0
91	691.5
92	577.0
93	486.5
94	337.5
95	235.0
96	190.5
97	150.5
98	92.0
99	98.5
100	126.0
>>END_MODULE
>>Per base N content	pass
#Base	N-Count
1	0.07831219423203993
2	0.03747162215891845
3	0.03747162215891845
4	0.03747956779550855
5	0.03747162215891845
6	0.03747162215891845
7	0.03747162215891845
8	0.03747162215891845
9	0.03747162215891845
10	0.03747162215891845
11	0.03747162215891845
12	0.03747162215891845
13	0.03747162215891845
14	0.0374755949772135
15	0.03747162215891845
16	0.03747162215891845
17	0.03747162215891845
18	0.03747162215891845
19	0.0377099912566215
20	0.037706018438326445
21	0.03759477952606503
22	0.04221119438491397
23	0.03808343617635627
24	0.03930309139293684
25	0.039509677944279474
26	0.04248134602897742
27	0.04003806277752122
28	0.04761025444788791
29	0.044674341727845415
30	0.046875283063303526
31	0.05435212709458899
32	0.05094742181573052
33	0.06128866783774756
34	0.046267441864160756
35	0.05958035597087574
36	0.017834704681814677
37	0.017722536399477896
38	0.023405399776038237
39	0.01395744470968495
40	0.014678502205475796
41	0.021658127276944477
42	0.01734258892636472
43	0.029741589216022463
44	0.02177724568428447
45	0.013948845034035661
46	0.020660315003543907
47	0.01900577507132558
48	0.021610711141504865
49	0.026156958313017818
50	0.04452996382866395
51	0.027436084663124475
52	0.02689898684360365
53	0.02942982622550835
54	0.02386118121809542
55	0.017912190915630403
56	0.022797970787260254
57	0.023054771313363823
58	0.02335759562361429
59	0.03514199459865158
60	0.03367308650530516
61	0.02876399955044345
62	0.022328545925886515
63	0.03063365914954005
64	0.024670646663555503
65	0.021663916796211997
66	0.015967401840795245
67	0.023476772144615608
68	0.015815835350149323
69	0.01927891364101325
70	0.029125737643646392
71	0.052755809480381055
72	0.01686713540218586
73	0.016267171548316462
74	0.01641028814559738
75	0.01708741298901357
>>END_MODULE
>>Sequence Length Distribution	warn
#Length	Count
35	12235.0
36	4400.0
37	6370.0
38	7338.0
39	8713.0
40	9783.0
41	10618.0
42	12058.0
43	13716.0
44	15641.0
45	17315.0
46	18365.0
47	19123.0
48	20112.0
49	21066.0
50	21655.0
51	22233.0
52	23602.0
53	25288.0
54	26836.0
55	27810.0
56	29301.0
57	30366.0
58	30318.0
59	31596.0
60	31987.0
61	32100.0
62	34183.0
63	35209.0
64	37828.0
65	40230.0
66	39695.0
67	41716.0
68	43649.0
69	53329.0
70	69593.0
71	169265.0
72	605823.0
73	1752500.0
74	5437093.0
75	1.628099E7
>>END_MODULE
>>Sequence Duplication Levels	warn
#Total Duplicate Percentage	38.819324636291284
#Duplication Level	Relative count
1	100.0
2	25.03494582387305
3	11.841180320451185
4	6.885741295863869
5	4.210466779247432
6	2.8158658080363277
7	2.0094858721912043
8	1.5109523847999806
9	1.0843305349741037
10++	6.206216720667728
>>END_MODULE
>>Overrepresented sequences	pass
>>END_MODULE
>>Kmer Content	warn
#Sequence	Count	Obs/Exp Overall	Obs/Exp Max	Max Obs/Exp Position
AAAAA	9723530	3.835005	7.558564	71
TTTTT	8888035	3.3568087	6.095657	71
CCTGG	4116135	3.1448271	12.494397	3
CCAGG	3888405	2.9966974	14.013869	3
CCCAG	3769890	2.8886657	12.57145	2
CTGGG	3703170	2.8456638	11.204848	4
CCAGC	3514785	2.6931925	7.092549	3
GGAGG	3313640	2.5833442	5.9630265	6
GCTGG	3346205	2.5713577	6.385235	3
TCCAG	3795135	2.445404	9.4963875	2
CAGCA	3741680	2.431948	6.854255	4
CAGCC	3163850	2.4242897	6.3279076	5
TGCTG	3694205	2.3734658	6.328957	2
CTCCA	3674695	2.3541925	7.16247	1
CAGGA	3596020	2.350783	10.6194515	4
GGCTG	3049205	2.343131	8.640601	7
AGGAG	3548780	2.3333092	7.6525707	5
CTCCT	3614530	2.2956634	6.456173	1
CTGGA	3516595	2.2790222	8.563413	4
GGCAG	2934390	2.2745316	6.5256195	7
TCCTG	3542045	2.2626286	8.878348	2
CCTGC	2963065	2.250845	6.4745574	3
GCCTG	2927785	2.2368991	8.234441	7
CTGCC	2916840	2.215731	5.858034	9
GCAGG	2853135	2.2115486	6.770812	3
CAGAG	3376030	2.2069716	8.261859	4
CTGCA	3410745	2.1977215	6.7219067	4
AGCAG	3359710	2.196303	5.665033	7
CCCTG	2889810	2.1951978	9.303078	2
CTGCT	3422000	2.1859448	6.656082	9
TGCAG	3340815	2.1651034	6.59313	2
GCTGC	2829195	2.1615736	5.662229	8
CTCTG	3353275	2.1420438	7.5045314	2
CAGGG	2720860	2.1090183	9.849932	4
TGGAG	3231725	2.1065092	6.507523	5
CAGGC	2700510	2.081216	6.8601265	4
AGCTG	3205655	2.0775094	6.107015	7
GCCAG	2677745	2.0636718	5.8181915	2
CTGGC	2694615	2.0587513	5.65128	4
GGGAG	2599755	2.0267928	5.6951632	7
GGAGA	3057925	2.0105739	5.6092954	6
CCCCA	2632235	2.0053515	7.2461863	1
CAGAA	3602780	1.9862981	5.566241	4
CACAG	3043885	1.9784081	6.972389	7
CTGTG	3036645	1.9509944	9.109315	9
CTCAG	3016960	1.9439852	6.3057003	2
CTGAG	2980765	1.9317634	5.9645333	4
GGCCA	2472100	1.9051862	6.789605	1
CCAGA	2890585	1.8787689	7.1355047	3
TGGGG	2417440	1.8683938	6.272748	5
CCTCT	2860425	1.8167156	5.4245977	1
TCTGG	2825630	1.8154207	6.356579	3
TGGCC	2361835	1.8044993	6.0382333	5
CACTG	2778940	1.7906163	7.5090494	7
CAGTG	2750595	1.7825956	6.6119313	9
ACCTG	2761050	1.7790889	5.583421	7
AGAGG	2701285	1.7760845	5.255842	5
GCCCA	2286060	1.7516861	8.250752	1
CCTGA	2664230	1.7167028	5.7059407	3
GGCCC	1882625	1.7104728	5.0591593	6
ACAGA	3032985	1.6721567	5.7512364	8
GAGAG	2523605	1.6592606	5.401774	7
TCAGG	2559340	1.6586478	6.046534	3
GGGCC	1810385	1.6543449	5.7134686	6
GGCCT	2164165	1.6534747	5.5263014	6
TGGGC	2147330	1.6500943	6.6804175	5
AGCCT	2515150	1.6206428	6.02305	6
AGGCC	2102015	1.6199709	5.415478	5
AGGTG	2460440	1.6037688	5.4205437	7
CCTGT	2508550	1.6024407	5.7518144	8
AGGCT	2327790	1.5085857	5.2940307	6
GCCCT	1921860	1.4599104	6.1358566	1
GGGCT	1887945	1.4507723	6.172241	6
GACAG	2195585	1.4352934	7.049702	7
CTGTC	2245530	1.4344257	5.9248533	9
ACAGC	2196315	1.4275204	5.508213	8
GCTGT	2215850	1.4236472	5.2460976	8
ACACA	2589950	1.4196959	6.0425606	6
GTGTG	2192550	1.4168187	6.377603	1
CACAC	2165955	1.3996979	6.706675	5
TGTGT	2589300	1.3989403	5.4252563	10
AGAGC	2116215	1.3834078	5.233638	5
AGGGC	1777650	1.3779087	5.9824057	5
AGACA	2431770	1.3406926	5.5974593	6
ACTGC	1955425	1.2599827	5.3050494	8
GGACA	1904675	1.2451202	5.9709854	6
GTGCT	1876080	1.2053505	5.595093	1
GTCCT	1885170	1.2042308	6.87589	1
GTCCA	1795570	1.1569797	6.5624046	1
AGGAC	1764035	1.1531814	7.322066	5
AGCAC	1762310	1.1454337	5.706768	5
TGTGC	1779970	1.1436014	5.5818243	10
TGCAC	1666615	1.0738872	5.6190057	5
GTGCA	1655085	1.0726215	5.8176107	1
TGGAC	1648965	1.0686553	5.9980583	5
ACAGT	1918970	1.0488434	5.5709314	8
ACTGT	1927615	1.0444762	6.4673514	8
GACTG	1611415	1.04432	6.318133	7
GCACT	1606300	1.0350232	5.2120337	6
AGACT	1871170	1.0227176	5.7092447	6
GGACC	1289485	0.9937741	5.279983	6
GGACT	1468105	0.9514442	5.443308	6
GTGTA	1145870	0.62447685	5.50195	1
>>END_MODULE
