##FastQC	0.10.1
>>Basic Statistics	pass
#Measure	Value	
Filename	019-F0_S5_L002_R1_001.fastq.gz	
File type	Conventional base calls	
Encoding	Sanger / Illumina 1.9	
Total Sequences	14222640	
Filtered Sequences	0	
Sequence length	35-75	
%GC	45	
>>END_MODULE
>>Per base sequence quality	pass
#Base	Mean	Median	Lower Quartile	Upper Quartile	10th Percentile	90th Percentile
1	31.499579684221775	32.0	32.0	32.0	32.0	32.0
2	31.582044543066548	32.0	32.0	32.0	32.0	32.0
3	31.65807761428258	32.0	32.0	32.0	32.0	32.0
4	31.719293183262742	32.0	32.0	32.0	32.0	32.0
5	31.709224869644455	32.0	32.0	32.0	32.0	32.0
6	35.43318075969018	36.0	36.0	36.0	36.0	36.0
7	35.43555261189203	36.0	36.0	36.0	36.0	36.0
8	35.40598855064882	36.0	36.0	36.0	36.0	36.0
9	35.467437620582395	36.0	36.0	36.0	36.0	36.0
10	35.40447891530686	36.0	36.0	36.0	36.0	36.0
11	35.449961399571386	36.0	36.0	36.0	36.0	36.0
12	35.41109864272737	36.0	36.0	36.0	36.0	36.0
13	35.43209882272208	36.0	36.0	36.0	36.0	36.0
14	35.41027376070828	36.0	36.0	36.0	36.0	36.0
15	35.386078112080455	36.0	36.0	36.0	36.0	36.0
16	35.402861142516436	36.0	36.0	36.0	36.0	36.0
17	35.39875670058442	36.0	36.0	36.0	36.0	36.0
18	35.39094626595344	36.0	36.0	36.0	36.0	36.0
19	35.38299281989841	36.0	36.0	36.0	36.0	36.0
20	35.37523026667342	36.0	36.0	36.0	36.0	36.0
21	35.36322384592452	36.0	36.0	36.0	36.0	36.0
22	35.35313725159323	36.0	36.0	36.0	36.0	36.0
23	35.335866547982654	36.0	36.0	36.0	36.0	36.0
24	35.33411834933599	36.0	36.0	36.0	36.0	36.0
25	35.318686404211874	36.0	36.0	36.0	36.0	36.0
26	35.28306706771738	36.0	36.0	36.0	36.0	36.0
27	35.268203230905094	36.0	36.0	36.0	36.0	36.0
28	35.254822873953074	36.0	36.0	36.0	36.0	36.0
29	35.245817583795976	36.0	36.0	36.0	36.0	36.0
30	35.21694938492432	36.0	36.0	36.0	36.0	36.0
31	35.207052066283055	36.0	36.0	36.0	36.0	36.0
32	35.18760736403368	36.0	36.0	36.0	36.0	36.0
33	35.18637925167198	36.0	36.0	36.0	36.0	36.0
34	35.16890492904271	36.0	36.0	36.0	36.0	36.0
35	35.15749846723253	36.0	36.0	36.0	36.0	36.0
36	35.15977524130543	36.0	36.0	36.0	36.0	36.0
37	35.13782235467229	36.0	36.0	36.0	36.0	36.0
38	35.11816365320565	36.0	36.0	36.0	36.0	36.0
39	35.09334535206633	36.0	36.0	36.0	36.0	36.0
40	35.100441292894814	36.0	36.0	36.0	36.0	36.0
41	35.075882247149124	36.0	36.0	36.0	36.0	36.0
42	35.070203101818386	36.0	36.0	36.0	36.0	36.0
43	35.058639638365406	36.0	36.0	36.0	36.0	36.0
44	35.04154390333234	36.0	36.0	36.0	36.0	36.0
45	35.0283591278405	36.0	36.0	36.0	36.0	36.0
46	35.00667133798258	36.0	36.0	36.0	36.0	36.0
47	35.014470691748315	36.0	36.0	36.0	36.0	36.0
48	34.992693017591264	36.0	36.0	36.0	36.0	36.0
49	34.97892160291326	36.0	36.0	36.0	36.0	36.0
50	34.966675110341214	36.0	36.0	36.0	36.0	36.0
51	34.94759929858163	36.0	36.0	36.0	36.0	36.0
52	34.9439736935289	36.0	36.0	36.0	36.0	36.0
53	34.91068074930859	36.0	36.0	36.0	36.0	36.0
54	34.898988821564195	36.0	36.0	36.0	36.0	36.0
55	34.87609976676907	36.0	36.0	36.0	36.0	36.0
56	34.856459474255196	36.0	36.0	36.0	36.0	36.0
57	34.86555738620507	36.0	36.0	36.0	36.0	36.0
58	34.84025012127875	36.0	36.0	36.0	36.0	36.0
59	34.82321477591707	36.0	36.0	36.0	36.0	36.0
60	34.80844834625496	36.0	36.0	36.0	36.0	36.0
61	34.78942042914945	36.0	36.0	36.0	36.0	36.0
62	34.76089021283632	36.0	36.0	36.0	36.0	36.0
63	34.75807284352931	36.0	36.0	36.0	36.0	36.0
64	34.72763388956291	36.0	36.0	36.0	36.0	36.0
65	34.71401154100396	36.0	36.0	36.0	36.0	36.0
66	34.6825976830371	36.0	36.0	36.0	36.0	36.0
67	34.66881947376648	36.0	36.0	36.0	36.0	36.0
68	34.62594519566174	36.0	36.0	36.0	32.0	36.0
69	34.63341231973771	36.0	36.0	36.0	32.0	36.0
70	34.60252346389877	36.0	36.0	36.0	32.0	36.0
71	34.569940720425755	36.0	36.0	36.0	32.0	36.0
72	34.55206354111515	36.0	36.0	36.0	32.0	36.0
73	34.52437341267178	36.0	36.0	36.0	32.0	36.0
74	34.489183609436665	36.0	36.0	36.0	32.0	36.0
75	33.92845603934657	36.0	36.0	36.0	32.0	36.0
>>END_MODULE
>>Per sequence quality scores	pass
#Quality	Count
2	8643.0
3	0.0
4	0.0
5	0.0
6	0.0
7	0.0
8	0.0
9	0.0
10	0.0
11	0.0
12	0.0
13	0.0
14	0.0
15	0.0
16	2.0
17	9.0
18	100.0
19	754.0
20	3009.0
21	7530.0
22	13833.0
23	21237.0
24	31921.0
25	46557.0
26	67120.0
27	94441.0
28	128269.0
29	169701.0
30	218453.0
31	285123.0
32	384078.0
33	583537.0
34	1296143.0
35	1.086218E7
>>END_MODULE
>>Per base sequence content	fail
#Base	G	A	T	C
1	45.253462401085436	17.7248663660899	10.045003492250736	26.97666774057393
2	16.343924935399944	19.99225129989826	36.20977969813839	27.454044066563405
3	19.148801002279654	21.668542634418735	27.67977930486407	31.50287705843754
4	13.114038225841753	15.125006709935285	35.39515310155194	36.36580196267102
5	14.847660373081547	35.0053401587182	34.24895896629217	15.898040501908085
6	34.596440396040606	34.91968515259993	16.390590204852302	14.093284246507157
7	30.803439736198058	28.98606915422875	20.625542554989988	19.584948554583203
8	26.421020069161404	34.2064586055562	20.096212205476053	19.276309119806342
9	24.506213770301734	14.752263526193726	20.702328937079265	40.03919376642527
10	14.719575573079762	25.889697403755036	34.91748622308022	24.473240800084987
11	34.065580981208704	22.989547634498717	24.075399597124374	18.869471787168205
12	22.556971735850443	24.14148945495765	31.36791825624044	21.933620552951467
13	28.23767388467116	20.585562898187252	25.852657252767298	25.32410596437429
14	20.14352834895963	21.020887596195653	27.198382913935053	31.63720114090966
15	22.444833919938585	30.07830033344618	23.14616418699664	24.330701559618596
16	22.586904381910372	27.93273246010639	26.387241925474335	23.0931212325089
17	21.678102893112484	28.155011124325096	27.694419601775618	22.472466380786802
18	22.09287690282467	27.330764328167483	28.6277360112561	21.948622757751743
19	23.03229735803892	26.715890144251958	27.231756635682313	23.020055862026805
20	22.90069912791577	27.09042933323315	27.757279199639456	22.251592339211626
21	22.259025866987667	26.61240745834878	27.230458699847404	23.89810797481615
22	22.53569036310773	27.185144552293583	27.401867638723004	22.877297445875687
23	22.03904017821338	27.187755822229004	27.760685049893162	23.012518949664457
24	22.74716956813766	26.34365266856325	28.21058707132132	22.698590691977774
25	22.58717036841714	26.615097755634448	27.71066918411542	23.087062691832994
26	21.86156616901464	27.268780426682902	27.882110452451375	22.987542951851083
27	22.022030325044664	27.203507392994247	27.741158595742665	23.033303686218424
28	22.007244147934607	27.020225755588378	27.40926593553547	23.56326416094154
29	22.22174225413588	26.940535987710067	27.49517585170806	23.342545906445995
30	21.958514988757877	27.001053120127803	27.9207339436116	23.11969794750271
31	23.08177800616071	26.59484236043142	27.338801953912302	22.984577679495573
32	21.89128758983051	27.374157784544106	27.84527571029132	22.889278915334064
33	21.912030642672136	27.227727160673098	28.20882285401674	22.651419342638025
34	22.14894508715152	26.847106178920487	28.26439259590755	22.739556138020447
35	21.925209874628905	27.302190620743183	28.037369172648695	22.73523033197922
36	21.98930569482692	27.346492152365947	28.253100948130445	22.411101204676683
37	22.226520172259583	26.81421820054216	27.387938225507806	23.571323401690446
38	22.138814119407	27.771652594233487	27.347740609882415	22.7417926764771
39	22.624883379540133	27.019412772403772	27.66559894000225	22.690104908053847
40	22.8689836947587	26.62802079700623	27.755848902560697	22.747146605674367
41	22.787578784591496	26.821578294041764	27.824561425772416	22.566281495594325
42	22.195307829022344	27.543396049669326	27.900342507206926	22.360953614101398
43	22.179638860690677	27.252713033635274	27.88006026587479	22.68758783979926
44	21.877695434898634	27.597877502488284	27.80954671882346	22.714880343789623
45	22.101748011201362	27.56048239189302	27.567514693977536	22.77025490292808
46	22.314767749951795	26.95418773562658	27.5924352206849	23.138609293736728
47	22.76840995986165	27.109964357257173	27.517606325569144	22.604019357312037
48	22.02800277764333	27.375022880691656	27.549741720130537	23.047232621534476
49	22.844471009279456	26.82651250613067	27.361896710303334	22.967119774286548
50	22.14630399480051	27.861837963455145	27.275361312269204	22.716496729475146
51	22.238423234018818	27.420828228995585	27.631632549392844	22.709115987592753
52	22.294645691484895	27.661089766128903	27.294204398410777	22.75006014397542
53	22.10443856452539	26.981139483846484	28.031166088853098	22.88325586277503
54	22.26427713519355	27.751462242403253	27.673721418153598	22.310539204249604
55	22.27799891193185	26.72001034486331	27.803556189646777	23.198434553558066
56	22.49490205353718	27.359769896120866	27.192918256074844	22.952409794267105
57	22.288637077043262	27.309502657394287	27.240360322560097	23.161499943002354
58	22.51803341369075	27.31469863242651	26.963226741171596	23.204041212711143
59	22.478476360746207	27.31649261414611	27.11558398961687	23.089447035490814
60	22.186875563905172	27.132067401474558	27.903954122871383	22.777102911748887
61	22.670557940409548	26.96095776986874	27.426042172779336	22.94244211694237
62	22.642128107105524	27.027127621439607	27.637628470198617	22.693115801256255
63	22.479339477242778	27.57125882954391	27.336994135490805	22.612407557722506
64	22.540052613129145	27.125564832455495	27.14177569347126	23.192606860944103
65	22.58881474336949	27.553042340269794	27.19286197247624	22.66528094388448
66	22.460968549885692	28.224835950553185	26.85871790078463	22.455477598776493
67	22.863694621518114	27.02491881628343	26.971770565063768	23.13961599713468
68	22.75355879534272	27.545713558485136	27.384347702157086	22.31637994401506
69	23.07625911541723	27.12417574495818	27.379475995374335	22.42008914425025
70	23.446676548784318	26.879158925801207	27.063483054355643	22.61068147105883
71	22.846760332986253	27.697207338526454	26.99209263593544	22.463939692551858
72	22.61631511547857	27.747798468617642	27.344636315660033	22.291250100243754
73	23.711290298318676	28.485204634561967	26.9880791493962	20.815425917723154
74	24.47168050590161	30.79545063180301	27.835556538930113	16.89731232336527
75	29.71956556693005	41.38427640362212	28.896158029447832	0.0
>>END_MODULE
>>Per base GC content	fail
#Base	%GC
1	72.23013014165936
2	43.797969001963345
3	50.651678060717195
4	49.479840188512775
5	30.745700874989634
6	48.689724642547766
7	50.38838829078126
8	45.69732918896775
9	64.54540753672701
10	39.192816373164746
11	52.93505276837691
12	44.49059228880191
13	53.56177984904544
14	51.780729489869294
15	46.77553547955718
16	45.680025614419264
17	44.150569273899286
18	44.04149966057641
19	46.052353220065726
20	45.1522914671274
21	46.15713384180381
22	45.41298780898342
23	45.05155912787784
24	45.445760260115435
25	45.67423306025013
26	44.84910912086572
27	45.055334011263085
28	45.57050830887615
29	45.564288160581874
30	45.078212936260584
31	46.06635568565628
32	44.78056650516458
33	44.56344998531016
34	44.888501225171964
35	44.66044020660812
36	44.4004068995036
37	45.79784357395003
38	44.880606795884106
39	45.31498828759398
40	45.61613030043306
41	45.35386028018581
42	44.55626144312374
43	44.86722670048994
44	44.59257577868826
45	44.872002914129446
46	45.45337704368852
47	45.37242931717368
48	45.07523539917781
49	45.811590783566004
50	44.86280072427565
51	44.94753922161157
52	45.04470583546032
53	44.987694427300426
54	44.57481633944315
55	45.47643346548991
56	45.447311847804286
57	45.45013702004562
58	45.72207462640189
59	45.56792339623702
60	44.96397847565406
61	45.61300005735192
62	45.335243908361775
63	45.09174703496529
64	45.73265947407325
65	45.254095687253965
66	44.91644614866219
67	46.0033106186528
68	45.06993873935778
69	45.49634825966748
70	46.05735801984315
71	45.31070002553811
72	44.90756521572233
73	44.526716216041834
74	41.36899282926688
75	29.71956556693005
>>END_MODULE
>>Per sequence GC content	warn
#GC Content	Count
0	8647.0
1	4326.0
2	9.5
3	25.5
4	37.0
5	54.0
6	94.0
7	191.0
8	265.5
9	360.5
10	570.0
11	951.5
12	1235.5
13	1657.0
14	2798.5
15	4611.0
16	6029.0
17	8720.0
18	14614.0
19	22409.0
20	27989.0
21	37307.5
22	54833.0
23	75145.5
24	89167.0
25	106822.0
26	137553.0
27	169987.5
28	192173.5
29	219983.5
30	266496.5
31	316026.0
32	350845.5
33	392847.0
34	464652.5
35	539169.0
36	582659.5
37	617519.5
38	650012.0
39	652174.5
40	649788.5
41	639948.5
42	623197.5
43	615518.0
44	615552.5
45	613521.5
46	602844.0
47	588964.0
48	581735.0
49	571055.0
50	550099.5
51	528942.5
52	516316.5
53	503997.0
54	482497.0
55	460188.0
56	446242.5
57	431933.0
58	406087.5
59	374850.0
60	348932.0
61	320956.5
62	284753.0
63	248619.0
64	220541.5
65	197894.0
66	167999.0
67	137330.0
68	115105.0
69	99016.5
70	80139.5
71	62406.5
72	50975.0
73	43026.5
74	34348.0
75	26601.0
76	21588.5
77	18316.0
78	14494.0
79	10982.5
80	8748.5
81	7206.0
82	5579.0
83	3940.0
84	2857.0
85	2286.5
86	1686.0
87	1100.0
88	821.0
89	652.0
90	432.0
91	281.0
92	199.0
93	187.0
94	154.5
95	104.0
96	77.5
97	65.0
98	46.0
99	126.0
100	213.0
>>END_MODULE
>>Per base N content	pass
#Base	N-Count
1	0.06850345646096646
2	0.060769308651558364
3	0.060769308651558364
4	0.060769308651558364
5	0.060769308651558364
6	0.060769308651558364
7	0.060769308651558364
8	0.060769308651558364
9	0.06078337073848456
10	0.06081852595580004
11	0.06204192751837914
12	0.060902898477357234
13	0.06112086082471327
14	0.06623242942238572
15	0.06083258804272624
16	0.06166928221483493
17	0.061479444041331294
18	0.062133331083399426
19	0.06110679873778707
20	0.06079040178194765
21	0.06166225117137184
22	0.06081149491233695
23	0.06094508473813582
24	0.060769308651558364
25	0.061725530562539724
26	0.061584909693277755
27	0.061718499519076625
28	0.061057581433545394
29	0.0613950715197741
30	0.06107867456393468
31	0.06114195395510257
32	0.06179584099717071
33	0.061423195693626496
34	0.06128960586782763
35	0.0610153951727668
36	7.03637467963386E-6
37	9.360622339216708E-4
38	7.040440359831274E-6
39	4.930328819124266E-4
40	0.0012261072047539136
41	0.0016356090130234663
42	0.0010227991812809974
43	4.9405175799142834E-5
44	7.062467097731409E-6
45	0.001462980135768797
46	2.687916485585977E-4
47	4.884968202396834E-4
48	0.0013535123361665441
49	1.1349786077813281E-4
50	0.0011930507351216454
51	9.526663460304561E-4
52	0.001103220514207523
53	0.0013111710275098647
54	1.6410022242714932E-4
55	7.144242105219541E-6
56	3.2194064101386406E-4
57	5.588675623594098E-4
58	9.329134744281241E-5
59	6.03800449414425E-4
60	2.880273510772583E-4
61	4.328445003968102E-5
62	4.6253682949504854E-4
63	3.0408849148867175E-4
64	0.0
65	0.0
66	0.0
67	1.094635309111146E-4
68	1.0974270895048365E-4
69	7.333474038255215E-6
70	0.0
71	0.0
72	1.7110221892052802E-4
73	1.527149005990166E-5
74	0.0
75	0.0014086619725207467
>>END_MODULE
>>Sequence Length Distribution	warn
#Length	Count
35	10776.0
36	3407.0
37	4800.0
38	5821.0
39	6581.0
40	6936.0
41	7538.0
42	8225.0
43	9198.0
44	10157.0
45	11857.0
46	12380.0
47	13530.0
48	14252.0
49	15635.0
50	15762.0
51	16010.0
52	16518.0
53	17432.0
54	18539.0
55	19554.0
56	20937.0
57	21955.0
58	22959.0
59	24311.0
60	25779.0
61	25055.0
62	24967.0
63	24716.0
64	26725.0
65	28645.0
66	28489.0
67	34860.0
68	32232.0
69	43199.0
70	48440.0
71	102206.0
72	345958.0
73	988332.0
74	3021330.0
75	9086637.0
>>END_MODULE
>>Sequence Duplication Levels	warn
#Total Duplicate Percentage	32.97050200911321
#Duplication Level	Relative count
1	100.0
2	23.429764738525343
3	8.932926384041357
4	4.175854666530368
5	2.261343224732392
6	1.4369788396103802
7	0.912715218248463
8	0.6593454736626897
9	0.4636593308702192
10++	3.7618470435328653
>>END_MODULE
>>Overrepresented sequences	pass
>>END_MODULE
>>Kmer Content	warn
#Sequence	Count	Obs/Exp Overall	Obs/Exp Max	Max Obs/Exp Position
AAAAA	4452045	3.2246668	8.740175	71
TTTTT	4755740	3.2160072	5.695646	33
CAGCA	2554735	2.9430652	7.0679455	4
CCTGG	2207725	2.93656	11.97376	3
CCAGG	2150885	2.9005234	13.48358	3
TGCTG	2522110	2.8387742	6.599077	2
AGAAA	3241055	2.7480009	6.507692	48
GAAAA	3166310	2.6846268	6.73105	24
AGCAG	2306275	2.668139	5.3162303	7
TTTCT	3309140	2.6444848	6.7645793	16
CCCAG	1956080	2.626651	11.459895	2
CTGCT	2337675	2.620038	6.656095	9
GCTGC	1965525	2.6144025	5.838071	8
TTTTC	3181245	2.542278	5.350262	24
CCAGC	1877980	2.5217776	6.7516394	3
CTGGG	1882510	2.5146327	10.09077	4
GGAGG	1837200	2.4986324	5.4763184	6
TCCAG	2152960	2.4463842	9.392597	2
GCTGG	1821045	2.4325285	6.001164	3
AGGAG	2034640	2.363896	7.017982	5
CTCCT	2078625	2.3198304	6.279059	1
CTGGA	2013890	2.2980945	8.323728	4
CAGGA	1960975	2.2686603	9.616267	4
CTCCA	1983875	2.244707	6.844626	1
CAGCC	1670065	2.2425861	5.070754	5
GGCAG	1622525	2.1973236	6.165034	7
TCCTG	1954370	2.1904345	8.373983	2
GGCTG	1638935	2.1892684	8.409502	7
CCTGC	1646470	2.1807423	6.20451	3
GAGAA	2184190	2.1678343	6.3551226	47
CAGAG	1865075	2.157713	8.005082	4
GCAGG	1588005	2.1505742	6.329777	3
CTGCC	1608080	2.129895	5.6489	9
CCCTG	1592940	2.109842	8.84227	2
CTCTG	1872780	2.0989895	7.3892922	2
CTGCA	1816600	2.0641823	5.8376775	4
TGCAG	1799915	2.053923	6.0989194	2
TTCTC	2165380	2.0449708	5.347725	17
AGCTG	1789485	2.0420208	5.957729	7
TGGAG	1781080	2.0410748	5.880251	5
AAAAT	2849995	2.0361235	5.344974	42
CAGGG	1502510	2.0347917	9.278099	4
TGGAA	2078315	2.0346124	5.478199	11
GGAAA	2025175	2.01001	6.1270347	40
CACAG	1744665	2.0098612	6.4762106	7
GCCTG	1502705	1.998792	6.9426684	7
GCCAG	1481980	1.998488	5.8528557	2
GGAGA	1717015	1.9948711	5.1183186	6
CAGAA	1995515	1.9721831	5.2125483	4
CTGGC	1479235	1.9675739	5.561002	4
CTGTG	1735040	1.9528834	9.006107	9
TGAAA	2312055	1.9335854	5.331814	30
CAGGC	1423520	1.9196529	6.193849	4
CTGAA	1955470	1.9062426	5.737598	29
CCCCA	1421720	1.9010192	7.0929127	1
CAGTG	1665140	1.9001279	8.108545	7
GGGAG	1388705	1.8886695	5.0082197	7
CTCAG	1659670	1.8858644	6.0429673	2
CCTCT	1660540	1.8532305	5.582251	1
CTGAG	1621415	1.8502325	5.664704	4
CCAGA	1604765	1.848696	6.921693	3
CATTT	2258490	1.8298244	6.168088	14
AGAGG	1553655	1.8050753	5.150734	5
ACCTG	1584275	1.8001939	5.488629	8
GGCCA	1331935	1.7961484	6.7281675	1
CACTG	1580690	1.7961203	6.9213095	7
TCTGG	1561590	1.7576559	6.0051208	3
TGGGG	1305660	1.7515023	5.68327	5
GAGAG	1507370	1.7513005	5.178375	7
GTGTG	1524375	1.7230663	9.272684	9
AAATG	2045375	1.7105592	5.399652	43
TGGCC	1269960	1.6892109	5.6101766	5
ACACA	1700280	1.6732826	6.5589695	6
CACAC	1458390	1.6729552	6.9287834	5
CCTGA	1464290	1.6638565	5.2693663	3
ACAGA	1682600	1.6629268	5.372589	8
GCCCA	1218365	1.6360375	7.8284597	1
AAAAC	1919505	1.6206019	5.156861	25
TGTGT	1687845	1.6075791	7.4303603	10
TCAGG	1401160	1.5988946	5.4485903	3
TGAGA	1594535	1.5610052	5.5681357	46
ATTTC	1919590	1.5552484	5.880668	15
CCTGT	1380565	1.5473206	5.5963116	8
GGCCT	1162580	1.5463818	5.196363	6
GGGCC	960710	1.5165496	5.4682684	6
TGGGC	1133385	1.5139611	6.221065	5
AGGCC	1117960	1.5075976	5.103141	5
ACAGC	1306800	1.5054389	5.1378264	8
GTCCT	1341310	1.503324	12.693239	1
CCATG	1308105	1.4863852	5.183081	9
AGTGG	1291005	1.4794607	5.7160845	8
GCTGT	1311050	1.4756594	5.4905663	8
CTGTC	1287695	1.443233	5.88404	9
AGGAC	1238910	1.4333004	13.1489315	5
GACAG	1226230	1.4186306	6.292319	7
ATGGC	1229215	1.4026843	7.634263	17
GCCCT	1057390	1.4005084	6.1619945	1
GGGCT	1044140	1.3947488	6.1469903	6
AGGCT	1221290	1.3936409	5.0621367	6
AGACA	1400195	1.3838238	5.194281	6
GGACA	1173395	1.3575057	6.418514	6
ACTGA	1364240	1.3298962	5.0324097	28
AGGGC	977665	1.3240142	5.842326	5
TGTCC	1161315	1.3015878	5.179115	10
ATGAG	1327665	1.2997471	5.2924085	45
AACTG	1309250	1.2762907	5.01779	27
TGTGC	1108680	1.2478806	7.4617267	10
GTGCT	1081750	1.2175694	5.7574344	1
GTCCA	1064335	1.2093921	6.899898	1
AGCAC	1022185	1.1775613	5.304877	5
TACAG	1167085	1.1377044	6.132533	5
GTCTT	1191405	1.1299411	5.013401	1
TGGAC	989895	1.129591	5.8147483	5
GTGCA	975950	1.1136781	5.8673368	11
ACAGT	1132135	1.1036342	5.51952	6
CTGTA	1147055	1.1029248	6.3649096	1
ACTGT	1109085	1.0664157	5.9896283	8
GGACC	777475	1.0484449	6.981663	6
AGTGT	1077280	1.0402402	6.481562	8
GACTG	896175	1.022645	5.813651	7
CTACA	1008155	0.9786129	6.821931	4
TGTAG	1011010	0.97624874	7.4214106	2
GGACT	821220	0.9371122	5.2181516	6
TAGGA	956110	0.936005	8.544967	4
TCCTA	953945	0.9133594	7.9136834	2
ATATG	1069845	0.88251233	5.5911746	15
TATGG	906380	0.87521636	6.1435122	16
GTAGG	716435	0.82101727	7.118493	3
CCTAC	720435	0.8151549	6.3741207	3
GTGTA	725020	0.70009184	5.630792	1
GGACG	477360	0.6464703	6.2532606	6
>>END_MODULE
