##FastQC	0.10.1
>>Basic Statistics	pass
#Measure	Value	
Filename	001-F0_S3_L003_R2_001.fastq.gz	
File type	Conventional base calls	
Encoding	Sanger / Illumina 1.9	
Total Sequences	22430693	
Filtered Sequences	0	
Sequence length	35-76	
%GC	45	
>>END_MODULE
>>Per base sequence quality	pass
#Base	Mean	Median	Lower Quartile	Upper Quartile	10th Percentile	90th Percentile
1	31.396603885577676	32.0	32.0	32.0	32.0	32.0
2	31.18300994980405	32.0	32.0	32.0	32.0	32.0
3	31.210796474277455	32.0	32.0	32.0	32.0	32.0
4	31.2424843940399	32.0	32.0	32.0	32.0	32.0
5	31.22281866191116	32.0	32.0	32.0	32.0	32.0
6	34.891698129879444	36.0	36.0	36.0	36.0	36.0
7	34.878862369521975	36.0	36.0	36.0	36.0	36.0
8	34.8117156701311	36.0	36.0	36.0	36.0	36.0
9	34.92925706753688	36.0	36.0	36.0	36.0	36.0
10-14	34.825501548258	36.0	36.0	36.0	34.4	36.0
15-19	34.74648592444291	36.0	36.0	36.0	32.0	36.0
20-24	34.67507518381176	36.0	36.0	36.0	32.0	36.0
25-29	34.599527326239986	36.0	36.0	36.0	32.0	36.0
30-34	34.52493555147851	36.0	36.0	36.0	32.0	36.0
35-39	34.51525552807796	36.0	36.0	36.0	32.0	36.0
40-44	34.441091115117366	36.0	36.0	36.0	32.0	36.0
45-49	34.308882467297856	36.0	36.0	36.0	32.0	36.0
50-54	34.15357376464973	36.0	36.0	36.0	32.0	36.0
55-59	33.9768524790919	36.0	36.0	36.0	32.0	36.0
60-64	33.831615226615895	36.0	36.0	36.0	30.0	36.0
65-69	33.70586306164255	36.0	36.0	36.0	27.0	36.0
70-74	33.582647477568386	36.0	36.0	36.0	27.0	36.0
75-76	32.664577468806456	36.0	34.0	36.0	20.5	36.0
>>END_MODULE
>>Per sequence quality scores	pass
#Quality	Count
2	64688.0
3	77.0
4	568.0
5	261.0
6	102.0
7	117.0
8	39.0
9	14.0
10	26.0
11	44.0
12	56.0
13	83.0
14	1882.0
15	6819.0
16	9147.0
17	10836.0
18	13396.0
19	17591.0
20	24333.0
21	35688.0
22	51873.0
23	74871.0
24	107991.0
25	153120.0
26	208944.0
27	278422.0
28	356398.0
29	450304.0
30	565598.0
31	722893.0
32	975027.0
33	1492847.0
34	3232689.0
35	1.3573949E7
>>END_MODULE
>>Per base sequence content	fail
#Base	G	A	T	C
1	42.50310534091807	18.791090121002426	12.82466335385584	25.881141184223665
2	16.26768719701943	19.04685187276835	38.647167700960175	26.038293229252048
3	19.852925328575786	21.231288679943695	28.43991866329055	30.475867328189977
4	13.668151501335565	14.972006156101555	36.229398081049375	35.1304442615135
5	15.368329974281874	34.39286268221179	34.851256175853486	15.387551167652846
6	33.85117851684464	34.94331182251093	16.891658217439538	14.313851443204898
7	29.831019431694507	29.34306637226643	21.12605185019354	19.699862345845524
8	25.727200887017815	35.49724264549718	20.340677187200622	18.434879280284378
9	24.695903503959077	16.50480722562257	20.742746304781623	38.05654296563673
10-14	24.123648699392028	23.23128606797182	28.3768777084877	24.268187524148452
15-19	22.518718624641938	28.19035982838073	26.413810351234986	22.877111195742348
20-24	22.624189350597522	26.872678741286332	27.65049042457179	22.852641483544357
25-29	22.486027645245212	26.99307484903704	27.498980359175608	23.02191714654214
30-34	22.535821577694996	26.99280904240769	27.60864649908842	22.862722880808892
35-39	22.60435337214392	27.210223116168784	27.414177591081668	22.77124592060563
40-44	22.71060022530375	27.119071329884438	27.45281755021046	22.717510894601347
45-49	22.715748360004486	27.26149567422045	27.221373639329666	22.801382326445395
50-54	22.679481117585297	27.391154341634156	27.236005531593253	22.69335900918729
55-59	22.727941418089667	27.316869490462842	27.09086268787133	22.86432640357616
60-64	22.819953043887804	27.341785353507316	27.120907260211887	22.717354342392998
65-69	22.869872912407192	27.521330433026414	27.011734595985992	22.597062058580402
70-74	23.165798721166343	27.73763144578941	26.990677944356612	22.105891888687633
75-76	27.158727204732987	35.03239982384714	27.9500162013827	9.858856770037175
>>END_MODULE
>>Per base GC content	fail
#Base	%GC
1	68.38424652514173
2	42.305980426271475
3	50.328792656765756
4	48.79859576284907
5	30.755881141934722
6	48.165029960049544
7	49.53088177754003
8	44.16208016730219
9	62.7524464695958
10-14	48.39183622354048
15-19	45.395829820384286
20-24	45.47683083414188
25-29	45.50794479178735
30-34	45.398544458503885
35-39	45.375599292749556
40-44	45.428111119905104
45-49	45.51713068644989
50-54	45.37284012677259
55-59	45.59226782166583
60-64	45.5373073862808
65-69	45.466934970987595
70-74	45.27169060985398
75-76	37.01758397477016
>>END_MODULE
>>Per sequence GC content	warn
#GC Content	Count
0	64748.0
1	32456.5
2	273.5
3	481.5
4	585.0
5	710.0
6	955.0
7	1306.5
8	1554.5
9	1859.5
10	2768.5
11	4209.5
12	5091.0
13	6244.0
14	8930.5
15	13167.0
16	19574.5
17	24541.0
18	32166.5
19	47058.0
20	65681.0
21	79414.0
22	98979.0
23	133050.0
24	170094.5
25	196014.0
26	227778.5
27	280012.5
28	333165.5
29	370559.5
30	418885.0
31	491771.0
32	563028.5
33	613879.5
34	677356.0
35	771574.5
36	853503.0
37	903343.5
38	941210.5
39	979700.5
40	993163.5
41	994643.5
42	1004042.5
43	1008758.0
44	1000977.5
45	987366.0
46	978834.0
47	965281.5
48	939614.0
49	911770.5
50	892397.5
51	871698.0
52	837894.5
53	804342.5
54	786736.0
55	766228.0
56	734265.0
57	702159.0
58	673346.5
59	635697.5
60	582228.0
61	520839.0
62	472035.0
63	426013.0
64	365928.0
65	311434.5
66	258838.5
67	220541.5
68	190472.5
69	154446.0
70	120754.0
71	98175.0
72	81800.0
73	64844.5
74	49847.0
75	39832.5
76	33678.5
77	27051.5
78	20579.5
79	16581.5
80	14133.5
81	11214.5
82	8195.0
83	6372.0
84	5330.5
85	4197.5
86	3186.0
87	2603.0
88	2278.5
89	1976.5
90	1678.5
91	1469.5
92	1395.5
93	1341.5
94	1254.5
95	1183.0
96	1149.5
97	1157.5
98	1373.0
99	13067.5
100	24555.0
>>END_MODULE
>>Per base N content	pass
#Base	N-Count
1	0.3050017224166904
2	0.2970706255040805
3	0.30029834566413083
4	0.29085146856586197
5	0.2886937108898062
6	0.2886312964115732
7	0.2907712213795624
8	0.2916316495437747
9	0.2920373436522893
10-14	0.29382150609435026
15-19	0.2987156928232222
20-24	0.2997392902662437
25-29	0.300597043524246
30-34	0.3011578821929398
35-39	0.07168633879598295
40-44	0.013276426449425664
45-49	0.01431231355329969
50-54	0.014122768062167602
55-59	0.014434962828713975
60-64	0.013539568903765304
65-69	0.012116684423091741
70-74	0.012066849035820447
75-76	0.01260783819300463
>>END_MODULE
>>Sequence Length Distribution	warn
#Length	Count
35	85704.0
36	30232.0
37	38701.0
38	41092.0
39	44741.0
40	44050.0
41	46912.0
42	49451.0
43	53740.0
44	57503.0
45	62993.0
46	63674.0
47	65093.0
48	66706.0
49	68197.0
50	68145.0
51	70026.0
52	71815.0
53	74675.0
54	77982.0
55	79547.0
56	81908.0
57	83548.0
58	83782.0
59	84522.0
60	86284.0
61	84765.0
62	86776.0
63	87397.0
64	91707.0
65	93081.0
66	94668.0
67	96629.0
68	94793.0
69	101422.0
70	103272.0
71	119426.0
72	201065.0
73	547215.0
74	1429339.0
75	4436218.0
76	1.3081897E7
>>END_MODULE
>>Sequence Duplication Levels	warn
#Total Duplicate Percentage	31.4577415382502
#Duplication Level	Relative count
1	100.0
2	20.280726366948443
3	8.035273318111217
4	4.1314446456563285
5	2.427903714148695
6	1.5611020048815754
7	1.0571974604356198
8	0.7401097996549971
9	0.5432720869807958
10++	4.3776707298742386
>>END_MODULE
>>Overrepresented sequences	warn
#Sequence	Count	Percentage	Possible Source
NNNNNNNNNNNNNNNNNNNNNNNNNNNNNNNNNNN	64688	0.2883905548526744	No Hit
GGGGGGGGGGGGGGGGGGGGGGGGGGGGGGGGGGGGGGGGGGGGGGGGGG	24486	0.10916292242954775	No Hit
>>END_MODULE
>>Kmer Content	warn
#Sequence	Count	Obs/Exp Overall	Obs/Exp Max	Max Obs/Exp Position
AAAAA	8244285	3.782456	7.724783	72
GGGGG	3724710	3.6479483	6.6426005	72
TTTTT	7465565	3.288659	5.6342683	72
CCTGG	3490480	2.9776006	11.339793	3
CCAGG	3363935	2.8930895	11.667178	3
CCCAG	3180185	2.7648985	9.98098	2
CTGGG	3143950	2.6530435	9.306187	4
CAGCA	3481810	2.5730736	6.9577646	4
CCAGC	2942315	2.558091	6.3983455	3
TGCTG	3496930	2.5151024	7.099066	2
GGAGG	2955610	2.4873462	5.658105	6
GCTGG	2879585	2.4299574	5.7603703	3
TCCAG	3279650	2.4040403	9.627322	2
CTCCA	3140305	2.327012	7.214143	1
CTCCT	3163685	2.3253434	6.9570737	1
CAGCC	2662760	2.3150415	5.3124156	9
CAGGA	3141310	2.2963886	9.557246	4
CTGCT	3153690	2.2929802	6.34775	9
AGGAG	3168370	2.2911735	6.817063	5
AGCAG	3110650	2.2739756	5.0983086	7
CTGGA	3113315	2.2574844	8.680883	4
TCCTG	3094150	2.2496898	9.454993	2
GGCTG	2656030	2.241309	7.5012765	7
GCTGC	2603740	2.2211554	5.298369	8
CCTGC	2550775	2.199713	6.14512	3
CAGAG	2999510	2.192729	6.795174	4
GGCAG	2571720	2.1878893	5.537706	7
CTGCC	2524895	2.1773949	5.4453893	9
CTTCT	3513550	2.177346	5.135957	1
CTGCA	2961060	2.1705084	6.403366	4
CTCTG	2979770	2.1665266	7.0228252	2
GCAGG	2544540	2.164766	6.0390587	3
CCCTG	2507560	2.1624458	8.275008	2
TGCAG	2942785	2.133832	6.4506283	2
GCCTG	2448045	2.0883374	5.9983816	7
CACAG	2823325	2.0864503	7.243114	7
TGGAG	2893800	2.075667	6.226363	5
CAGGG	2436655	2.0729828	8.1105	4
CTGTG	2845685	2.0467064	8.58373	9
AGCTG	2789275	2.0225208	5.4114437	7
CCCCA	2276640	2.0009384	6.0458555	1
CAGGC	2305205	1.9825482	5.424637	4
GGAGA	2705390	1.9563744	5.3134174	6
CAGAA	3105135	1.9505095	5.2952414	4
CTCAG	2646540	1.9399596	5.6288505	2
CTGAG	2627440	1.9051733	5.252377	4
TTCTG	3061855	1.8769529	5.328719	2
CAGTG	2567620	1.8617975	6.2324524	9
CCAGA	2517545	1.8604776	6.2951064	3
CCTCT	2525005	1.8559064	5.1707563	1
TCCCA	2503055	1.8548005	5.002949	2
CACTG	2526625	1.85206	7.4917703	7
GGCCA	2109290	1.8140554	5.293834	1
TGGGG	2172935	1.8138564	5.2446027	5
TCTGG	2491470	1.7919438	5.92512	3
GTGTG	2426915	1.7266755	7.6738787	1
ACACA	2687005	1.7062732	6.494424	6
GAGAG	2348340	1.6981773	5.2649293	7
ACAGA	2702160	1.6973782	5.8865414	8
CCTGA	2303175	1.6882672	5.261663	3
CACAC	2244630	1.6768897	6.596571	5
GCCCA	1920880	1.6700405	5.9751906	1
TGTGT	2740415	1.661776	6.3154335	10
TCAGG	2243385	1.6266927	5.3388376	3
CCTGT	2221615	1.6152885	5.0800476	8
TGGGC	1864670	1.5735143	5.5820637	5
ACAGC	2049625	1.5146823	5.690271	8
GCTGT	2084520	1.4992526	5.1911783	8
CTGTC	2024615	1.4720539	5.7292485	9
GACAG	1969985	1.4401163	6.5979595	7
GCCCT	1646505	1.4198972	5.0856385	1
GGGCT	1658380	1.3994352	5.2037926	6
AGACA	2212405	1.3897357	5.1628923	6
GTCCT	1826890	1.3282924	9.304624	1
GGACA	1782050	1.3027303	5.9699783	6
AGGAC	1724770	1.260857	8.613349	5
GTGCT	1749035	1.2579612	6.211208	1
TGTGC	1730960	1.244961	5.9526577	10
ACTGC	1691545	1.2399318	5.143604	8
AGCAC	1641790	1.2132905	5.4846416	5
GTCCA	1644380	1.2053591	6.7964253	1
GTCTT	1838815	1.1272149	5.3923197	1
GTGCA	1545515	1.1206627	5.5948277	1
ACAGT	1785745	1.1126384	5.508205	8
TGGAC	1531110	1.1102176	5.800393	5
TGCAC	1495665	1.0963484	5.1873903	5
ACTGT	1769425	1.0935379	6.314918	8
GACTG	1434245	1.03998	5.7217374	7
GGACC	1181100	1.015783	5.207735	6
ACACT	1604255	1.0104634	5.126383	6
CTACA	1553930	0.9787655	5.376537	4
TGTAG	1563810	0.9560335	5.599373	2
GGACT	1303500	0.94517606	5.0323777	6
TCCTA	1323900	0.82712173	5.80068	2
TAGGA	1337680	0.824469	5.6800814	4
GTGTA	1159605	0.7089232	5.8697095	1
>>END_MODULE
