##FastQC	0.10.1
>>Basic Statistics	pass
#Measure	Value	
Filename	032-F5_S3_L002_R1_001.fastq.gz	
File type	Conventional base calls	
Encoding	Sanger / Illumina 1.9	
Total Sequences	42964679	
Filtered Sequences	0	
Sequence length	35-76	
%GC	45	
>>END_MODULE
>>Per base sequence quality	pass
#Base	Mean	Median	Lower Quartile	Upper Quartile	10th Percentile	90th Percentile
1	31.311600768622057	32.0	32.0	32.0	32.0	32.0
2	31.391290901998826	32.0	32.0	32.0	32.0	32.0
3	31.47980439932997	32.0	32.0	32.0	32.0	32.0
4	31.572746557701503	32.0	32.0	32.0	32.0	32.0
5	31.532572441656086	32.0	32.0	32.0	32.0	32.0
6	35.131190576333644	36.0	36.0	36.0	36.0	36.0
7	35.142026058195384	36.0	36.0	36.0	36.0	36.0
8	35.08125176496722	36.0	36.0	36.0	36.0	36.0
9	35.2034046617688	36.0	36.0	36.0	36.0	36.0
10-14	35.13131130340808	36.0	36.0	36.0	36.0	36.0
15-19	35.09156729414876	36.0	36.0	36.0	36.0	36.0
20-24	35.056036950724106	36.0	36.0	36.0	36.0	36.0
25-29	34.950143027950936	36.0	36.0	36.0	36.0	36.0
30-34	34.860694758129114	36.0	36.0	36.0	36.0	36.0
35-39	34.80443206572531	36.0	36.0	36.0	35.2	36.0
40-44	34.74750332916619	36.0	36.0	36.0	32.0	36.0
45-49	34.668321350686035	36.0	36.0	36.0	32.0	36.0
50-54	34.56925876653786	36.0	36.0	36.0	32.0	36.0
55-59	34.46341182927344	36.0	36.0	36.0	32.0	36.0
60-64	34.341257758266195	36.0	36.0	36.0	32.0	36.0
65-69	34.20572444797866	36.0	36.0	36.0	32.0	36.0
70-74	34.077378377984104	36.0	36.0	36.0	32.0	36.0
75-76	33.581839086899635	36.0	36.0	36.0	26.5	36.0
>>END_MODULE
>>Per sequence quality scores	pass
#Quality	Count
2	25736.0
3	0.0
4	0.0
5	0.0
6	0.0
7	0.0
8	0.0
9	0.0
10	0.0
11	0.0
12	0.0
13	0.0
14	0.0
15	0.0
16	2.0
17	7.0
18	154.0
19	929.0
20	4241.0
21	12568.0
22	27598.0
23	51581.0
24	92168.0
25	158942.0
26	257118.0
27	387158.0
28	554304.0
29	753949.0
30	993314.0
31	1305362.0
32	1784273.0
33	2765447.0
34	6141087.0
35	2.7648741E7
>>END_MODULE
>>Per base sequence content	fail
#Base	G	A	T	C
1	43.05731978544512	18.865347943008285	11.452454709935454	26.62487756161115
2	16.385158805609166	20.604454562377093	35.20895938216271	27.80142724985103
3	18.46288344824883	22.063551960279973	28.66770614265004	30.805858448821155
4	12.9397735757026	15.409163658267042	35.63649668786677	36.01456607816359
5	14.731110171948108	35.36452213087779	34.09711086740072	15.807256829773383
6	34.311708604471235	35.72947755141527	16.005622215712204	13.953191628401285
7	30.354096047497027	30.120499240048833	20.517724434902835	19.007680277551312
8	26.425331429327453	34.39492443956993	19.932218638917124	19.247525492185495
9	24.39323902314037	15.540398840278858	20.174001488578792	39.892360648001976
10-14	23.573167029953666	23.272408125740213	28.688180711316274	24.466244132989846
15-19	22.106348984365347	28.581595506081136	26.418491012173924	22.893564497379593
20-24	22.21649827828468	27.211715960853887	27.765041047646257	22.806744713215178
25-29	22.009275267319662	27.223728857974983	27.840548345928767	22.92644752877659
30-34	21.995587956801042	27.40417314350232	27.933891558418892	22.666347341277742
35-39	21.98942417659969	27.674342784192202	27.83857230891094	22.497660730297163
40-44	22.008786778657864	27.601829141764327	27.883632317174623	22.505751762403186
45-49	22.00944577742017	27.809282236095534	27.77722549993061	22.40404648655369
50-54	22.10417862738519	27.76836196723601	27.757420560598646	22.37003884478016
55-59	22.07297248896591	27.770004154802276	27.75775601753387	22.399267338697946
60-64	22.180428083924458	27.870927215110434	27.644591961614108	22.304052739351
65-69	22.141894629042376	27.833428099417073	27.713238226705077	22.31143904483548
70-74	22.416673481824557	28.09780228441191	27.61958441089724	21.86593982286629
75-76	26.433905428321363	35.39745569617002	28.4829926078895	9.68564626761912
>>END_MODULE
>>Per base GC content	fail
#Base	%GC
1	69.68219734705626
2	44.18658605546019
3	49.26874189706999
4	48.95433965386619
5	30.53836700172149
6	48.26490023287252
7	49.36177632504833
8	45.67285692151295
9	64.28559967114235
10-14	48.039411162943516
15-19	44.99991348174494
20-24	45.023242991499856
25-29	44.93572279609625
30-34	44.66193529807879
35-39	44.487084906896854
40-44	44.51453854106105
45-49	44.41349226397386
50-54	44.47421747216534
55-59	44.472239827663856
60-64	44.484480823275454
65-69	44.45333367387786
70-74	44.28261330469084
75-76	36.11955169594048
>>END_MODULE
>>Per sequence GC content	warn
#GC Content	Count
0	25756.0
1	12895.0
2	55.0
3	114.5
4	153.5
5	204.5
6	380.5
7	723.0
8	941.5
9	1249.0
10	2310.5
11	4254.0
12	5463.5
13	7495.0
14	12912.5
15	22179.0
16	37106.0
17	48550.5
18	66389.5
19	102047.0
20	147597.0
21	180830.5
22	227882.5
23	312842.5
24	403858.0
25	463712.0
26	538412.5
27	658899.0
28	775295.0
29	851936.0
30	942284.5
31	1080351.0
32	1207164.0
33	1288468.5
34	1387058.5
35	1527938.5
36	1639193.5
37	1707095.0
38	1768638.5
39	1837229.5
40	1863748.0
41	1855301.0
42	1856515.5
43	1847149.0
44	1803698.5
45	1745173.0
46	1709033.0
47	1666184.0
48	1595355.0
49	1529420.0
50	1487396.5
51	1446685.5
52	1390712.0
53	1348778.0
54	1333885.0
55	1317257.5
56	1284459.0
57	1250452.0
58	1217301.0
59	1158919.5
60	1069274.0
61	962645.5
62	878414.5
63	800211.5
64	696625.5
65	601401.0
66	503056.5
67	432239.0
68	378270.5
69	309655.5
70	243262.5
71	198582.0
72	166632.5
73	131262.0
74	100121.0
75	80364.0
76	67483.5
77	53194.5
78	39837.5
79	31857.0
80	26926.0
81	21289.0
82	15422.0
83	11523.0
84	9211.0
85	6886.5
86	4543.5
87	3132.0
88	2523.0
89	1776.0
90	1145.0
91	824.0
92	681.5
93	623.0
94	485.0
95	335.0
96	276.0
97	209.5
98	121.0
99	221.5
100	350.0
>>END_MODULE
>>Per base N content	pass
#Base	N-Count
1	0.05990036606580955
2	0.05990036606580955
3	0.05990036606580955
4	0.05990036606580955
5	0.05990036606580955
6	0.05990036606580955
7	0.05990036606580955
8	0.05990036606580955
9	0.05990036606580955
10-14	0.06028300595472853
15-19	0.05996553587657434
20-24	0.06265285957332534
25-29	0.062152448526381396
30-34	0.06204817682915774
35-39	0.014423111045107061
40-44	0.005934146822083053
45-49	0.005214117767236562
50-54	0.00777588932052749
55-59	0.001597847232509798
60-64	0.004437325671819819
65-69	0.0012585955772825312
70-74	3.0214407219366176E-4
75-76	0.0
>>END_MODULE
>>Sequence Length Distribution	warn
#Length	Count
35	34633.0
36	13643.0
37	18384.0
38	21007.0
39	24014.0
40	25749.0
41	27863.0
42	30879.0
43	34749.0
44	39770.0
45	43164.0
46	44880.0
47	47744.0
48	49336.0
49	51509.0
50	52107.0
51	53740.0
52	56363.0
53	60132.0
54	65455.0
55	66781.0
56	69645.0
57	70837.0
58	72294.0
59	74085.0
60	73926.0
61	74278.0
62	78106.0
63	81153.0
64	87947.0
65	90138.0
66	93387.0
67	92760.0
68	94101.0
69	101637.0
70	111384.0
71	146642.0
72	308462.0
73	1018620.0
74	2905409.0
75	9065696.0
76	2.739227E7
>>END_MODULE
>>Sequence Duplication Levels	warn
#Total Duplicate Percentage	42.99839407041383
#Duplication Level	Relative count
1	100.0
2	24.606222422566468
3	12.718777360714999
4	8.094003831583692
5	5.381554652080064
6	3.874927399290897
7	2.8884246296280245
8	2.172386591190825
9	1.6956058149917212
10++	11.942925006718275
>>END_MODULE
>>Overrepresented sequences	pass
>>END_MODULE
>>Kmer Content	warn
#Sequence	Count	Obs/Exp Overall	Obs/Exp Max	Max Obs/Exp Position
AAAAA	18527110	4.031512	7.3672333	72
TTTTT	16553340	3.543517	6.267303	72
CCTGG	7020350	3.2082446	12.527444	3
CCAGG	6600395	3.026223	13.959951	3
CCCAG	6471590	2.9472866	12.669549	2
CTGGG	6400385	2.9446552	11.134676	4
CCAGC	6079555	2.7687461	7.271416	3
CCTCC	5947070	2.6814668	5.098971	1
GGAGG	5725300	2.6605325	6.0838337	6
GCTGG	5699430	2.6221635	6.393765	3
CAGCC	5494560	2.502328	6.8385878	5
TCCAG	6433090	2.4319284	9.368555	2
GGCTG	5206820	2.3955262	8.700773	7
CTCCA	6321695	2.3738053	7.2639637	1
CAGGA	6205940	2.3696306	10.528582	4
AGGAG	6126405	2.355041	7.6326423	5
CAGCA	6170235	2.3402116	6.615761	4
GCCTG	5093600	2.327735	8.831244	7
CTCCT	6214515	2.3259294	6.6588187	1
TGCTG	6076540	2.3050742	6.217411	2
TCCTG	6086700	2.293458	9.033294	2
GGCAG	4961290	2.2900515	6.5751376	7
CCTGC	5016255	2.2770295	6.48706	3
CTGGA	5929420	2.256644	8.345425	4
CTGCC	4956820	2.2500503	5.9731874	9
GCAGG	4855860	2.2413867	6.7246876	3
CTGCA	5868245	2.218398	6.6879554	4
CAGAG	5777225	2.2059333	8.13231	4
CCCTG	4834555	2.1945503	9.098935	2
TGCAG	5715060	2.175062	6.545497	2
CTCTG	5686720	2.1427462	7.3199134	2
CAGGC	4656920	2.1351566	6.9928436	4
CTGCT	5640260	2.1252406	6.5327425	9
AGCAG	5561565	2.1235874	5.5234914	7
CAGGG	4583650	2.1157389	9.593427	4
TGGAG	5500890	2.1076741	6.3319607	5
GCTGC	4603315	2.1036787	5.701277	8
GGGAG	4507205	2.0944867	5.7028866	7
CTGGC	4549820	2.079232	5.8304477	4
GCCAG	4521170	2.0729165	5.8050594	2
AGCTG	5424755	2.0645766	6.036842	7
GGAGA	5259905	2.0219512	5.5349636	6
CCCCA	4435555	2.0065022	7.2428184	1
CTCAG	5242675	1.9819108	6.3667097	2
CTGAG	5171920	1.9683514	5.9561806	4
CAGAA	6229230	1.967569	5.369787	4
CACAG	5127695	1.944803	6.677938	7
TCCCA	5131860	1.9270205	5.0000896	2
CTGTG	5068630	1.9227337	8.98251	9
GGCCA	4178120	1.915631	6.921298	1
TGGGG	4056850	1.879044	6.0351186	5
CCAGA	4876015	1.8493475	6.970732	3
TGGCC	3985480	1.8213329	6.2225	5
CCTCT	4835240	1.8097031	5.3611197	1
TCTGG	4761585	1.8062593	6.1602254	3
CACTG	4743985	1.793389	7.2716393	7
CAGTG	4652210	1.7705579	6.463479	9
AGAGG	4592795	1.7655085	5.323755	5
ACCTG	4663310	1.762891	5.44065	7
GCCCA	3851490	1.7540426	8.183057	1
CCTGA	4571120	1.72804	5.740369	3
GGCCC	3076650	1.6938188	5.0638256	6
TCAGG	4407645	1.6774803	6.0808697	3
TGGGC	3640655	1.6749732	6.719593	5
AGCCT	4429430	1.6744765	6.366889	6
ACAGA	5285785	1.6695718	5.6623454	8
GGCCT	3635470	1.661381	5.6612434	6
GAGAG	4301880	1.6536784	5.228521	7
GGGCC	2971485	1.6469562	5.66897	6
CCTGT	4303205	1.6214402	5.7530565	8
AGGCC	3535550	1.6210185	5.333539	5
AGGTG	4195075	1.6073492	5.4572124	7
AGGCT	4041250	1.5380363	5.2975707	6
GCCCT	3182335	1.4445579	5.85821	1
GGGCT	3139235	1.4442825	6.073015	6
CTGTC	3830540	1.4433409	5.995442	9
GACAG	3746765	1.4306375	7.049077	7
GCTGT	3679795	1.3958931	5.1687093	8
ACAGC	3664020	1.3896688	5.327293	8
AGAGC	3615220	1.3804091	5.114322	5
ACACA	4372275	1.3717768	5.626159	6
AGGGC	2960155	1.3663598	5.829877	5
GTGTG	3572465	1.3643198	5.9905043	1
CACAC	3599615	1.3560941	6.417815	5
TGTGT	4290990	1.3511573	5.1393576	10
AGACA	4252860	1.3433114	5.6306553	6
ACTGC	3400350	1.2854488	5.302134	8
GAGAC	3357110	1.2818544	5.1024594	5
GGACA	3185765	1.2164292	5.7389092	6
GTGCT	3132935	1.1884474	5.3924403	1
GTCCT	3060590	1.1532251	6.1495466	1
GTCCA	3005275	1.136097	6.3994083	1
AGCAC	2971990	1.1271996	5.4543076	5
TGTGC	2958105	1.1221273	5.293695	10
AGGAC	2882565	1.1006576	6.504419	5
TGCAC	2873370	1.0862323	5.623589	5
GTGCA	2797710	1.0647644	5.730182	1
GCACT	2786005	1.0532055	5.2136283	6
TGGAC	2759225	1.0501176	5.7777467	5
AGACT	3265815	1.0281699	5.845547	6
GACTG	2693495	1.0251019	6.328546	7
ACAGT	3211700	1.011133	5.3346143	8
ACTGT	3222050	1.0110749	6.2179737	8
GGACT	2478065	0.9431126	5.3217564	6
GTGTA	1901300	0.60064983	5.2356505	1
>>END_MODULE
