##FastQC	0.10.1
>>Basic Statistics	pass
#Measure	Value	
Filename	004-F0_S5_L004_R1_001.fastq.gz	
File type	Conventional base calls	
Encoding	Sanger / Illumina 1.9	
Total Sequences	15671906	
Filtered Sequences	0	
Sequence length	35-75	
%GC	45	
>>END_MODULE
>>Per base sequence quality	pass
#Base	Mean	Median	Lower Quartile	Upper Quartile	10th Percentile	90th Percentile
1	31.31719217815625	32.0	32.0	32.0	32.0	32.0
2	31.376083355783273	32.0	32.0	32.0	32.0	32.0
3	31.47334778552143	32.0	32.0	32.0	32.0	32.0
4	31.566185121324747	32.0	32.0	32.0	32.0	32.0
5	31.512855870881307	32.0	32.0	32.0	32.0	32.0
6	35.08957174704851	36.0	36.0	36.0	36.0	36.0
7	35.10410922576999	36.0	36.0	36.0	36.0	36.0
8	35.03604290377954	36.0	36.0	36.0	36.0	36.0
9	35.19260599189403	36.0	36.0	36.0	36.0	36.0
10	35.05177264335302	36.0	36.0	36.0	36.0	36.0
11	35.15445977024109	36.0	36.0	36.0	36.0	36.0
12	35.10026119350129	36.0	36.0	36.0	36.0	36.0
13	35.13361788923441	36.0	36.0	36.0	36.0	36.0
14	35.109937872266464	36.0	36.0	36.0	36.0	36.0
15	35.06778958475121	36.0	36.0	36.0	36.0	36.0
16	35.07650467020412	36.0	36.0	36.0	36.0	36.0
17	35.07501065920125	36.0	36.0	36.0	36.0	36.0
18	35.075046519549055	36.0	36.0	36.0	36.0	36.0
19	35.069784428262906	36.0	36.0	36.0	36.0	36.0
20	35.04472391552119	36.0	36.0	36.0	36.0	36.0
21	35.04216583483847	36.0	36.0	36.0	36.0	36.0
22	35.025223160475825	36.0	36.0	36.0	36.0	36.0
23	35.00980040334596	36.0	36.0	36.0	36.0	36.0
24	34.9989853818674	36.0	36.0	36.0	36.0	36.0
25	34.98151373547034	36.0	36.0	36.0	36.0	36.0
26	34.93077376804072	36.0	36.0	36.0	36.0	36.0
27	34.90732020725494	36.0	36.0	36.0	36.0	36.0
28	34.882786943719545	36.0	36.0	36.0	36.0	36.0
29	34.88020850814189	36.0	36.0	36.0	36.0	36.0
30	34.85144193692841	36.0	36.0	36.0	36.0	36.0
31	34.829595774757706	36.0	36.0	36.0	36.0	36.0
32	34.82100811477557	36.0	36.0	36.0	36.0	36.0
33	34.803977639988396	36.0	36.0	36.0	36.0	36.0
34	34.80019016193691	36.0	36.0	36.0	36.0	36.0
35	34.78167371601131	36.0	36.0	36.0	36.0	36.0
36	34.806181386380324	36.0	36.0	36.0	36.0	36.0
37	34.80459401948706	36.0	36.0	36.0	36.0	36.0
38	34.77547978865066	36.0	36.0	36.0	32.0	36.0
39	34.7587286650357	36.0	36.0	36.0	32.0	36.0
40	34.74843057503956	36.0	36.0	36.0	32.0	36.0
41	34.73917086331883	36.0	36.0	36.0	32.0	36.0
42	34.73326491798847	36.0	36.0	36.0	32.0	36.0
43	34.71182667176581	36.0	36.0	36.0	32.0	36.0
44	34.689690581577544	36.0	36.0	36.0	32.0	36.0
45	34.68404744466159	36.0	36.0	36.0	32.0	36.0
46	34.65135739597995	36.0	36.0	36.0	32.0	36.0
47	34.65017486633851	36.0	36.0	36.0	32.0	36.0
48	34.63114108870989	36.0	36.0	36.0	32.0	36.0
49	34.618243718282216	36.0	36.0	36.0	32.0	36.0
50	34.61078363275579	36.0	36.0	36.0	32.0	36.0
51	34.58181018685768	36.0	36.0	36.0	32.0	36.0
52	34.56810863125942	36.0	36.0	36.0	32.0	36.0
53	34.52716938028662	36.0	36.0	36.0	32.0	36.0
54	34.51143133649906	36.0	36.0	36.0	32.0	36.0
55	34.48320517683222	36.0	36.0	36.0	32.0	36.0
56	34.46393564260031	36.0	36.0	36.0	32.0	36.0
57	34.44439611039829	36.0	36.0	36.0	32.0	36.0
58	34.40955043327801	36.0	36.0	36.0	32.0	36.0
59	34.387225455400085	36.0	36.0	36.0	32.0	36.0
60	34.36876824919079	36.0	36.0	36.0	32.0	36.0
61	34.334208445712115	36.0	36.0	36.0	32.0	36.0
62	34.31963773709026	36.0	36.0	36.0	32.0	36.0
63	34.278869052351084	36.0	36.0	36.0	32.0	36.0
64	34.25610138356024	36.0	36.0	36.0	32.0	36.0
65	34.23083713255393	36.0	36.0	36.0	32.0	36.0
66	34.19751353810926	36.0	36.0	36.0	32.0	36.0
67	34.16750572353973	36.0	36.0	36.0	32.0	36.0
68	34.131421037657056	36.0	36.0	36.0	32.0	36.0
69	34.1167778479225	36.0	36.0	36.0	32.0	36.0
70	34.08501804093434	36.0	36.0	36.0	32.0	36.0
71	34.04498776148053	36.0	36.0	36.0	32.0	36.0
72	34.01586089670276	36.0	36.0	36.0	32.0	36.0
73	33.97259719819307	36.0	36.0	36.0	32.0	36.0
74	33.9514596744786	36.0	36.0	36.0	32.0	36.0
75	33.175359298247066	36.0	36.0	36.0	21.0	36.0
>>END_MODULE
>>Per sequence quality scores	pass
#Quality	Count
2	25691.0
3	0.0
4	0.0
5	0.0
6	0.0
7	0.0
8	0.0
9	0.0
10	0.0
11	0.0
12	0.0
13	0.0
14	0.0
15	0.0
16	0.0
17	11.0
18	62.0
19	595.0
20	2574.0
21	7086.0
22	13441.0
23	22487.0
24	36293.0
25	57877.0
26	90914.0
27	136111.0
28	194634.0
29	265399.0
30	353550.0
31	466694.0
32	641248.0
33	1003335.0
34	2300444.0
35	1.005346E7
>>END_MODULE
>>Per base sequence content	fail
#Base	G	A	T	C
1	42.6045585729429	18.49670097975011	12.04113146560059	26.8576089817064
2	15.806001643208917	20.00272909454459	36.74223446373452	27.449034798511974
3	18.841521735448477	21.669272728260477	28.33296103881993	31.156244497471114
4	12.904082872976556	15.556336158908685	35.69550001128083	35.844080956833935
5	14.612371107005753	35.317794111866675	34.32826405619506	15.741570724932515
6	34.256273755315426	35.351296806615785	16.40334010568343	13.989089332385356
7	30.351903843581308	29.5110567188165	20.563495849132625	19.57354358846957
8	26.1317547594654	35.342175954657336	19.809864254492627	18.716205031384636
9	24.665686704170607	15.778033189832891	19.973268869449708	39.583011236546795
10	14.153881965009466	27.692111822353503	34.84513210705697	23.30887410558006
11	34.40224893850795	22.84513423345328	23.640928108963895	19.111688719074873
12	22.283879637720023	24.35182857666218	30.974334805198804	22.389956980418994
13	27.71399768467876	20.753877185201862	26.134209251582924	25.397915878536452
14	20.203887387058032	20.97372838501228	27.298350872115762	31.524033355813923
15	22.557847911953065	29.81107872838133	23.24368856335724	24.38738479630837
16	22.49436697620868	28.77690618112113	25.85014335177922	22.87858349089097
17	21.55103839257604	28.408670679312465	27.578718464711116	22.461572463400383
18	21.944473649478446	28.010630135270258	28.19359603376819	21.8513001814831
19	22.564138814449354	27.34504988789277	27.59856223061717	22.492249067040703
20	22.519190743576004	27.361320293757945	27.913786177679395	22.205702784986656
21	22.28759845048539	26.942380221638622	27.534192030136413	23.235829297739578
22	22.230513902220128	27.201310017265527	27.77260506476778	22.795571015746567
23	22.10222371381497	27.207260951899354	27.686833868361628	23.003681465924057
24	22.380447799418093	26.85736823425714	28.040866520769285	22.72131744555548
25	22.457636055667425	26.903480626549335	27.61137108894003	23.02751222884321
26	21.93337741220789	27.43497700239579	27.81610481014713	22.81554077524919
27	22.09307639323368	27.33704811609409	27.676978668920004	22.89289682175223
28	22.028668571325944	27.267674634973503	27.66661513123352	23.03704166246703
29	22.026240738489573	27.33318224239154	27.685951469640628	22.95462554947826
30	22.07935116249967	27.331534472464174	27.81216880931713	22.77694555571903
31	22.690689089981188	27.120341884602762	27.452946287648484	22.73602273776757
32	21.911976794387652	27.484960420139952	27.842222543918773	22.76084024155363
33	22.0221440137439	27.29946507829529	27.95000580012482	22.728385107835987
34	22.072134229651503	27.10605294706067	28.126046388229742	22.695766435058083
35	22.017318565544446	27.368970706333766	27.91127438808683	22.702436340034954
36	22.11065890497534	27.613727555221345	27.893980536854084	22.38163300294923
37	22.252595875397983	27.2378029854567	27.47811785034318	23.03148328880214
38	22.076616668042888	27.780468654060126	27.560499393896222	22.582415284000763
39	22.407946648344613	27.34563483861609	27.740540618188508	22.50587789485079
40	22.503118689989694	27.122503683681693	27.76042425740508	22.613953368923532
41	22.49626251233991	27.238047720797816	27.75848701202951	22.507202754832765
42	22.162755149654544	27.583033251917144	27.758061972846253	22.496149625582063
43	22.22185844577731	27.338708559964086	27.734068390902568	22.70536460335603
44	22.06074767109185	27.67499689371336	27.699621275078222	22.56463416011657
45	22.19440901796905	27.61284631700816	27.513957478187205	22.678787186835578
46	22.27081574842151	27.43061017811728	27.535425049756952	22.763149023704262
47	22.366696817265893	27.532492996490088	27.604622157582593	22.496188028661432
48	22.05141195706091	27.601872369292344	27.59390951506478	22.752806158581965
49	22.455675290645477	27.28474044406543	27.575153088448694	22.6844311768404
50	22.162484317250104	27.734005944338097	27.532396224994226	22.57111351341757
51	22.28558590438797	27.591370159419643	27.531103608251335	22.591940327941057
52	22.25462372867896	27.686009789425082	27.428356440537627	22.631010041358333
53	22.190181065729515	27.3520691584703	27.766436647086966	22.691313128713215
54	22.319841302327518	27.774613136912674	27.578136321058487	22.32740923970132
55	22.30034597967658	27.27653637733883	27.638433097952813	22.784684545031777
56	22.395174530743827	27.634763464708513	27.336924217626446	22.63313778692122
57	22.228748276000367	27.517523393527338	27.461745521247	22.791982809225292
58	22.289402138694957	27.464419442299544	27.392652850279525	22.85352556872598
59	22.227043650533194	27.579877469826076	27.428715474876892	22.764363404763845
60	22.21774796483648	27.49627148929699	27.73097958442456	22.55500096144197
61	22.504437366454415	27.410727918369478	27.491459078714758	22.593375636461353
62	22.43799461447229	27.504988552965592	27.543443171745558	22.513573660816558
63	22.376227271245103	27.74851088977957	27.393146926529866	22.482114912445468
64	22.410921776409644	27.417754001647467	27.354759553848222	22.816564668094667
65	22.360482087239134	27.67089172800793	27.441772733748476	22.52685345100446
66	22.359567231989224	27.976055215060146	27.173287934549816	22.491089618400814
67	22.468205058105763	27.43771225390007	27.316386308032435	22.777696379961732
68	22.453748365676006	27.76566153445185	27.514285512868884	22.266304587003255
69	22.720902142479886	27.55319219799921	27.453322379677402	22.2725832798435
70	22.889256185128335	27.375849305526064	27.31864062580146	22.41625388354414
71	22.539306833416926	27.84375030733083	27.245571977467993	22.371370881784255
72	22.48207147072239	27.959731167595358	27.46272110129545	22.095476260386803
73	23.287673002706256	28.598460596754904	27.397404220108996	20.716462180429843
74	24.315462775392817	30.934292212134917	27.82322240372445	16.927022608747812
75	29.59552508891437	41.34634150990541	29.05813340118022	0.0
>>END_MODULE
>>Per base GC content	fail
#Base	%GC
1	69.4621675546493
2	43.25503644172089
3	49.997766232919595
4	48.74816382981049
5	30.35394183193827
6	48.24536308770078
7	49.92544743205087
8	44.84795979085004
9	64.2486979407174
10	37.46275607058953
11	53.51393765758282
12	44.67383661813901
13	53.11191356321522
14	51.72792074287196
15	46.94523270826143
16	45.37295046709965
17	44.01261085597642
18	43.79577383096155
19	45.05638788149005
20	44.72489352856266
21	45.52342774822497
22	45.0260849179667
23	45.10590517973902
24	45.10176524497357
25	45.485148284510636
26	44.74891818745708
27	44.98597321498591
28	45.06571023379298
29	44.98086628796783
30	44.8562967182187
31	45.426711827748754
32	44.67281703594128
33	44.75052912157989
34	44.767900664709586
35	44.7197549055794
36	44.49229190792457
37	45.28407916420012
38	44.659031952043655
39	44.9138245431954
40	45.11707205891323
41	45.00346526717268
42	44.65890477523661
43	44.92722304913334
44	44.625381831208415
45	44.87319620480463
46	45.03396477212577
47	44.862884845927326
48	44.804218115642875
49	45.14010646748588
50	44.73359783066768
51	44.877526232329025
52	44.885633770037295
53	44.88149419444273
54	44.647250542028836
55	45.08503052470836
56	45.02831231766504
57	45.020731085225655
58	45.14292770742094
59	44.99140705529704
60	44.77274892627845
61	45.09781300291577
62	44.95156827528885
63	44.85834218369057
64	45.22748644450431
65	44.88733553824359
66	44.85065685039004
67	45.24590143806749
68	44.720052952679254
69	44.99348542232339
70	45.305510068672476
71	44.91067771520118
72	44.57754773110919
73	44.0041351831361
74	41.24248538414063
75	29.59552508891437
>>END_MODULE
>>Per sequence GC content	warn
#GC Content	Count
0	25696.0
1	12857.0
2	27.0
3	54.5
4	73.5
5	95.5
6	183.0
7	333.0
8	422.5
9	577.5
10	1014.5
11	1758.5
12	2237.5
13	2932.0
14	4778.5
15	7703.0
16	9941.0
17	13735.5
18	21897.5
19	32351.5
20	39801.0
21	51434.5
22	72545.0
23	96528.5
24	113309.0
25	134452.0
26	170041.0
27	206104.0
28	230537.0
29	262192.0
30	312008.5
31	360881.5
32	395031.0
33	434961.5
34	501792.5
35	568149.5
36	608411.0
37	644787.0
38	683208.0
39	702009.0
40	712816.0
41	714905.5
42	710927.0
43	708330.0
44	709319.0
45	705002.0
46	690501.0
47	673386.0
48	663749.0
49	650784.5
50	626354.5
51	601458.0
52	585734.0
53	570668.0
54	546449.5
55	521605.0
56	504855.0
57	487018.5
58	457128.0
59	421084.0
60	389505.0
61	353856.5
62	310514.5
63	270546.5
64	239313.5
65	212174.0
66	176698.5
67	141887.5
68	117317.0
69	99105.5
70	78527.5
71	59311.5
72	46530.5
73	37773.5
74	28551.5
75	20728.5
76	15597.0
77	12206.0
78	8725.0
79	5882.5
80	4238.0
81	3171.5
82	2139.5
83	1339.0
84	949.0
85	747.5
86	543.5
87	378.0
88	298.5
89	258.0
90	199.5
91	153.0
92	137.5
93	106.5
94	70.0
95	58.0
96	53.5
97	41.0
98	26.5
99	58.5
100	93.0
>>END_MODULE
>>Per base N content	pass
#Base	N-Count
1	0.17878489061892025
2	0.16393028391058498
3	0.16393028391058498
4	0.16519369118217017
5	0.16393028391058498
6	0.16548082919843954
7	0.16525749963023004
8	0.16408980503073461
9	0.16417275601321243
10	0.1641918985476304
11	0.16442798980545187
12	0.16446627487428778
13	0.1639685689794209
14	0.1647406512009452
15	0.16402599658267475
16	0.1644981790983177
17	0.16401323489306277
18	0.16475979373536315
19	0.1641472326339885
20	0.16393028391058498
21	0.16408980503073461
22	0.16398771151383884
23	0.16394304560019693
24	0.16430037290933217
25	0.16398771151383884
26	0.16405790080670468
27	0.16442798980545187
28	0.16407066249631666
29	0.16398771151383884
30	0.16403875827228673
31	0.16393028391058498
32	0.16393028391058498
33	0.16393028391058498
34	0.16478531711458708
35	0.16393028391058498
36	0.0
37	0.0
38	0.0
39	0.0
40	0.0
41	0.0
42	0.0
43	4.704724406911485E-4
44	0.0
45	0.0
46	0.0
47	0.0
48	9.685337049729332E-4
49	0.0
50	3.915383856402514E-5
51	6.538629405197229E-6
52	0.0
53	0.0
54	0.0
55	0.0
56	0.0
57	0.0
58	0.0
59	0.0
60	0.0
61	0.0
62	1.5451692265977906E-4
63	0.0
64	0.0
65	0.0
66	0.0
67	0.0
68	0.0
69	0.0
70	0.0
71	0.0
72	0.0
73	0.0
74	0.0
75	0.004475042316083012
>>END_MODULE
>>Sequence Length Distribution	warn
#Length	Count
35	34249.0
36	11907.0
37	15387.0
38	16770.0
39	18143.0
40	18208.0
41	19792.0
42	21132.0
43	23543.0
44	24902.0
45	27316.0
46	27928.0
47	28549.0
48	29721.0
49	30191.0
50	30443.0
51	31746.0
52	32261.0
53	34032.0
54	35836.0
55	36927.0
56	38088.0
57	38837.0
58	38919.0
59	39977.0
60	41019.0
61	40982.0
62	42009.0
63	43375.0
64	45375.0
65	47340.0
66	46494.0
67	49727.0
68	48824.0
69	57165.0
70	65954.0
71	124641.0
72	382045.0
73	1062399.0
74	3216213.0
75	9653540.0
>>END_MODULE
>>Sequence Duplication Levels	warn
#Total Duplicate Percentage	28.064524073389965
#Duplication Level	Relative count
1	100.0
2	19.220524899518647
3	7.06690312022842
4	3.2968838798468987
5	1.8042137120242114
6	1.0927988935068849
7	0.7490739282559724
8	0.5333899361164557
9	0.38480763042034416
10++	2.7936212315213598
>>END_MODULE
>>Overrepresented sequences	warn
#Sequence	Count	Percentage	Possible Source
NNNNNNNNNNNNNNNNNNNNNNNNNNNNNNNNNNN	25691	0.16393028391058498	No Hit
>>END_MODULE
>>Kmer Content	warn
#Sequence	Count	Obs/Exp Overall	Obs/Exp Max	Max Obs/Exp Position
AAAAA	5264360	3.312623	7.4888124	71
TTTTT	5036140	3.0864859	5.449242	71
CCTGG	2372005	2.976628	11.790442	3
CCAGG	2313025	2.9179735	13.054858	3
CAGCA	2623770	2.7756078	7.3295913	4
CCCAG	2165340	2.719738	11.190638	2
TGCTG	2552705	2.683793	6.9358954	2
CTGGG	2094520	2.639937	9.867155	4
GGAGG	2006515	2.5535445	5.703564	6
CCAGC	2029165	2.548698	6.705777	3
AGCAG	2325445	2.4708047	5.5810475	7
GCTGG	1956290	2.4657116	5.9188914	3
TCCAG	2317160	2.438352	9.916642	2
CTGCT	2322425	2.4310288	6.6736517	9
AGGAG	2240775	2.391281	7.4356084	5
GCTGC	1887120	2.3681464	5.6704392	8
CTCCT	2245530	2.340277	6.6644983	1
CAGGA	2194650	2.331834	10.268891	4
AGAAG	2591780	2.3193262	5.0444794	5
CTCCA	2198760	2.3036592	7.2150736	1
CTGGA	2179300	2.3033366	8.810733	4
CAGCC	1824480	2.291607	5.4072976	9
TCCTG	2147960	2.2484052	9.09824	2
CAGAG	2110155	2.2420573	7.967984	4
GGCTG	1774540	2.2366338	8.172094	7
GGCAG	1748670	2.2156897	6.275464	7
CCTGC	1749540	2.185913	6.172612	3
CTCTG	2087580	2.1852016	7.4565773	2
CTGCC	1735095	2.1678653	5.80847	9
GCAGG	1708405	2.1646707	6.4091325	3
CCCTG	1726545	2.1571827	8.797872	2
CACAG	2013685	2.1302173	7.926474	7
CTGCA	2012810	2.118084	6.361815	4
TGCAG	1993060	2.1064966	6.5887	2
TGGAG	1979490	2.1013272	6.366666	5
CAGGG	1652285	2.0935626	9.157854	4
CTGTG	1967925	2.068983	9.236487	9
GCCTG	1643295	2.0621705	6.8440294	7
AGCTG	1934665	2.0447779	6.026516	7
GGAGA	1906005	2.0340254	5.678594	6
GCCAG	1592785	2.009362	5.3765726	2
CAGAA	2225270	1.9826516	5.499479	4
CTGGC	1579010	1.9814992	5.2177963	4
CAGGC	1558915	1.9666337	5.9024444	4
CTCAG	1856025	1.9530989	6.1860824	2
GGGAG	1534125	1.9523684	5.217957	7
CCCCA	1550425	1.9388837	6.6072183	1
CTGAG	1819470	1.9230264	5.689846	4
TTCTG	2175050	1.9074671	5.126919	2
CCAGA	1793750	1.8975545	7.064521	3
CCTCT	1806145	1.8823526	5.47648	1
CAGTG	1750450	1.8500781	6.6386623	9
AGAGG	1733620	1.8500619	5.15119	5
TCTGG	1740485	1.8298634	6.076652	3
GGCCA	1450210	1.8294979	5.8738747	1
GAGAG	1711525	1.8264828	5.81832	7
TGGGG	1434345	1.8157775	5.63854	5
CACTG	1721145	1.8111644	7.70328	7
ACCTG	1678220	1.7659943	5.2626834	7
ACACA	1985865	1.7616249	7.3587084	6
CACAC	1661605	1.750089	7.65643	5
GTGTG	1643725	1.7357115	7.3023276	9
TGGCC	1379150	1.730695	5.2867017	5
ACAGA	1931225	1.7206659	6.205086	8
CCTGA	1615795	1.7003042	5.433702	3
GCCCA	1326315	1.6658952	7.104186	1
TGTGT	1888180	1.663149	6.660136	10
TCAGG	1562845	1.6517956	5.7124863	3
CCTGT	1533750	1.6054729	5.467201	8
ACAGG	1476750	1.5690593	5.0842004	8
TGGGC	1241270	1.564499	6.0717335	5
ACAGC	1470885	1.5560052	6.0143766	8
GCTGT	1448255	1.5226266	5.5453095	8
CTGTC	1411645	1.4776579	5.9284368	9
GACAG	1384305	1.4708357	7.2514324	7
GCCCT	1132820	1.4153699	5.560068	1
AGACA	1587305	1.4142431	5.6795597	6
GGGCT	1119480	1.4109946	5.821707	6
AGGGC	1068735	1.3541633	5.5131373	5
GTCCT	1291515	1.3519102	9.437995	1
GGACA	1250885	1.3290758	6.558957	6
AGGAC	1222600	1.2990227	9.900119	5
GCACA	1219865	1.2904587	5.051478	6
GTGCT	1217215	1.2797221	5.8182273	1
TGTGC	1205760	1.2676789	6.459504	10
AGCAC	1176465	1.2445471	6.023601	5
ACTGC	1151885	1.2121309	5.4168506	8
GTCCA	1147780	1.2078111	6.8488007	1
GTCTT	1298435	1.1386966	5.053885	1
TGGAC	1061625	1.1220483	6.098526	5
GTGCA	1043300	1.1026803	5.681701	1
ACAGT	1242115	1.1008636	5.7050214	8
ACTGT	1219890	1.0754752	6.367838	8
GACTG	1002740	1.0598117	6.229969	7
TGCAC	1007030	1.0596997	5.303097	5
GGACC	814700	1.0277766	5.7964444	6
ACACT	1126135	0.99371576	5.2807016	6
AGACT	1112100	0.98563373	5.090059	6
CTACA	1096125	0.96723473	5.6677504	4
TGTAG	1082335	0.9583882	5.9955564	2
GGACT	901910	0.95324296	5.3643394	6
TAGGA	945820	0.8419382	6.1393385	4
TCCTA	941745	0.8266337	5.765863	2
GTAGG	724975	0.76959705	5.10541	3
GTGTA	787160	0.69701594	5.8380537	1
TACAC	765255	0.6752706	5.269719	5
>>END_MODULE
