##FastQC	0.10.1
>>Basic Statistics	pass
#Measure	Value	
Filename	KS28_S3_L003_R1_001.fastq.gz	
File type	Conventional base calls	
Encoding	Sanger / Illumina 1.9	
Total Sequences	23507213	
Filtered Sequences	0	
Sequence length	35-75	
%GC	45	
>>END_MODULE
>>Per base sequence quality	pass
#Base	Mean	Median	Lower Quartile	Upper Quartile	10th Percentile	90th Percentile
1	31.459509172780287	32.0	32.0	32.0	32.0	32.0
2	31.522975522449215	32.0	32.0	32.0	32.0	32.0
3	31.605589229144265	32.0	32.0	32.0	32.0	32.0
4	31.678062388765525	32.0	32.0	32.0	32.0	32.0
5	31.65562340376122	32.0	32.0	32.0	32.0	32.0
6	35.32814417430088	36.0	36.0	36.0	36.0	36.0
7	35.3411715799742	36.0	36.0	36.0	36.0	36.0
8	35.28767115012741	36.0	36.0	36.0	36.0	36.0
9	35.376568460072235	36.0	36.0	36.0	36.0	36.0
10	35.28173671630065	36.0	36.0	36.0	36.0	36.0
11	35.36048531146589	36.0	36.0	36.0	36.0	36.0
12	35.30610600244274	36.0	36.0	36.0	36.0	36.0
13	35.32785953826173	36.0	36.0	36.0	36.0	36.0
14	35.30059777822237	36.0	36.0	36.0	36.0	36.0
15	35.27108458157077	36.0	36.0	36.0	36.0	36.0
16	35.276848769779726	36.0	36.0	36.0	36.0	36.0
17	35.28382139558611	36.0	36.0	36.0	36.0	36.0
18	35.285755865657066	36.0	36.0	36.0	36.0	36.0
19	35.25607718788272	36.0	36.0	36.0	36.0	36.0
20	35.25895030601884	36.0	36.0	36.0	36.0	36.0
21	35.2512165946682	36.0	36.0	36.0	36.0	36.0
22	35.24139663004713	36.0	36.0	36.0	36.0	36.0
23	35.2290441236058	36.0	36.0	36.0	36.0	36.0
24	35.21366097291074	36.0	36.0	36.0	36.0	36.0
25	35.1993604260956	36.0	36.0	36.0	36.0	36.0
26	35.15907968332954	36.0	36.0	36.0	36.0	36.0
27	35.1408969663907	36.0	36.0	36.0	36.0	36.0
28	35.134468088582004	36.0	36.0	36.0	36.0	36.0
29	35.119304912921834	36.0	36.0	36.0	36.0	36.0
30	35.101189622095994	36.0	36.0	36.0	36.0	36.0
31	35.09611658345037	36.0	36.0	36.0	36.0	36.0
32	35.07742398046081	36.0	36.0	36.0	36.0	36.0
33	35.07598403945206	36.0	36.0	36.0	36.0	36.0
34	35.05825756545448	36.0	36.0	36.0	36.0	36.0
35	35.029151392808664	36.0	36.0	36.0	36.0	36.0
36	35.04421141376963	36.0	36.0	36.0	36.0	36.0
37	35.026789166615444	36.0	36.0	36.0	36.0	36.0
38	35.0164299854472	36.0	36.0	36.0	36.0	36.0
39	35.00306245382131	36.0	36.0	36.0	36.0	36.0
40	34.98356693805974	36.0	36.0	36.0	36.0	36.0
41	34.9734751963327	36.0	36.0	36.0	36.0	36.0
42	34.96404819594306	36.0	36.0	36.0	36.0	36.0
43	34.95034960761392	36.0	36.0	36.0	36.0	36.0
44	34.93978726747674	36.0	36.0	36.0	36.0	36.0
45	34.92509600293532	36.0	36.0	36.0	36.0	36.0
46	34.90960133232794	36.0	36.0	36.0	36.0	36.0
47	34.893731813210785	36.0	36.0	36.0	36.0	36.0
48	34.860854979611226	36.0	36.0	36.0	36.0	36.0
49	34.863167071429984	36.0	36.0	36.0	36.0	36.0
50	34.84047574085609	36.0	36.0	36.0	36.0	36.0
51	34.820660975903415	36.0	36.0	36.0	36.0	36.0
52	34.79864467136682	36.0	36.0	36.0	36.0	36.0
53	34.79064047899951	36.0	36.0	36.0	36.0	36.0
54	34.76267592773616	36.0	36.0	36.0	36.0	36.0
55	34.730880836904085	36.0	36.0	36.0	36.0	36.0
56	34.71588591999842	36.0	36.0	36.0	36.0	36.0
57	34.691947211965086	36.0	36.0	36.0	32.0	36.0
58	34.669988161367755	36.0	36.0	36.0	32.0	36.0
59	34.64503793768249	36.0	36.0	36.0	32.0	36.0
60	34.628076733375345	36.0	36.0	36.0	32.0	36.0
61	34.604092965950244	36.0	36.0	36.0	32.0	36.0
62	34.58067104622304	36.0	36.0	36.0	32.0	36.0
63	34.54639990921593	36.0	36.0	36.0	32.0	36.0
64	34.51731901667854	36.0	36.0	36.0	32.0	36.0
65	34.486896311059084	36.0	36.0	36.0	32.0	36.0
66	34.465342791838474	36.0	36.0	36.0	32.0	36.0
67	34.446127615806446	36.0	36.0	36.0	32.0	36.0
68	34.426846652701755	36.0	36.0	36.0	32.0	36.0
69	34.39790078326926	36.0	36.0	36.0	32.0	36.0
70	34.36409683001039	36.0	36.0	36.0	32.0	36.0
71	34.33529940265549	36.0	36.0	36.0	32.0	36.0
72	34.30354328874358	36.0	36.0	36.0	32.0	36.0
73	34.264432679117846	36.0	36.0	36.0	32.0	36.0
74	34.23257898349376	36.0	36.0	36.0	32.0	36.0
75	33.49978649272971	36.0	36.0	36.0	27.0	36.0
>>END_MODULE
>>Per sequence quality scores	pass
#Quality	Count
2	7713.0
3	0.0
4	0.0
5	0.0
6	0.0
7	0.0
8	0.0
9	0.0
10	0.0
11	1.0
12	2.0
13	13.0
14	31.0
15	19.0
16	30.0
17	68.0
18	155.0
19	557.0
20	2059.0
21	5386.0
22	11455.0
23	21662.0
24	39319.0
25	68332.0
26	111470.0
27	168074.0
28	239892.0
29	327573.0
30	434067.0
31	576245.0
32	799227.0
33	1272066.0
34	2981940.0
35	1.6439857E7
>>END_MODULE
>>Per base sequence content	fail
#Base	G	A	T	C
1	43.18475945647713	18.64108811501639	11.599525856038046	26.57462657246843
2	16.217445688664174	20.253944969369886	35.91695574469874	27.6116535972672
3	18.60805411259022	21.8957100609342	28.827226069310225	30.669009757165362
4	12.932858145917997	15.294610523628164	36.0234558182089	35.74907551224494
5	14.572617144234437	35.38342020329631	34.67606874225196	15.367893910217292
6	34.29728292091321	35.675478201663864	16.236498648907425	13.7907402285155
7	30.448107406540565	29.966765250324475	20.665337560373626	18.919789782761335
8	26.477176110130003	34.758228898487204	19.824004766058852	18.940590225323945
9	24.538994446690353	15.605344794570097	20.040915764165195	39.814744994574355
10	14.004170301495778	27.6271665354582	35.02964318389753	23.339019979148492
11	34.172739845528625	22.89788718908913	23.689363603480924	19.24000936190132
12	21.893865826932487	24.412740696610566	31.27515479052746	22.418238685929488
13	27.75310964063065	20.75412668354646	26.367071639822125	25.125692036000768
14	20.35497776548437	20.636605034149664	27.5267388667844	31.481678333581563
15	22.645925669592447	29.599726053524332	23.44924979406992	24.3050984828133
16	22.647201194771956	29.028822235116365	25.399623686834932	22.924352883276747
17	21.421736632694312	28.40308091661525	27.618289750845765	22.556892699844678
18	21.844625758342055	28.211258516420912	28.04711428413978	21.89700144109725
19	22.336358257930097	27.619033473904842	27.870907195651558	22.173701072513502
20	22.395326163789804	27.477000890699916	27.878264798603986	22.249408146906294
21	22.253703270282347	27.158407625694164	27.712857720377027	22.87503138364646
22	22.11761066226824	27.062827150493536	28.003263073838536	22.816299113399687
23	22.177333766137163	27.14734076714195	27.768311848889958	22.907013617830927
24	22.222304020861774	27.010754298825844	28.009488736752875	22.757452943559507
25	22.39335341788021	26.993013956554314	27.66976630277167	22.943866322793806
26	21.979538358311807	27.295108780693877	27.836977031198444	22.88837582979587
27	21.949904663841632	27.279554655922134	27.947214161106913	22.82332651912932
28	22.125781962096273	27.14941673626874	27.96084490354742	22.763956398087565
29	21.81367450718318	27.361266059974486	28.097848604302722	22.72721082853961
30	22.04169927112961	27.424350695277226	27.886509914451903	22.647440119141258
31	22.329093801035164	27.468752904440212	27.694384289314762	22.507769005209862
32	21.831272094581195	27.515477379149612	28.045342996427415	22.607907529841782
33	21.918392805642913	27.303594050702255	28.156073209176075	22.621939934478757
34	21.939619879307852	27.06389959911141	28.34084467482062	22.655635846760124
35	21.888171317675102	27.30519740605143	28.14661664600444	22.660014630269025
36	21.999164443068874	27.739464394047154	27.952290516403295	22.30908064648068
37	22.11556017038211	27.494857380560823	27.80760969328691	22.581972755770156
38	21.988366485221462	27.77107069984894	27.818378129635985	22.422184685293615
39	21.983644911460374	27.659009449755313	28.00925719869351	22.34808844009081
40	21.986645546870964	27.428341906859178	28.01402339436634	22.570989151903518
41	22.01158686704679	27.593383056032028	28.0121360331143	22.382894043806882
42	21.90800738957496	27.61987306027175	28.063586091025446	22.408533459127845
43	22.05445071853496	27.37387914266606	27.94364895392194	22.628021184877046
44	21.962548328368126	27.717441652316527	27.992934419783282	22.327075599532062
45	21.978697673274716	27.674383136168952	27.916600201325934	22.430318989230393
46	22.10076472215858	27.772312733765197	27.78878547336763	22.338137070708594
47	21.922522693592057	27.82085387933067	27.934645122350915	22.321978304726358
48	21.884879063849095	27.702447185932577	27.920364770305735	22.492308979912593
49	22.013620904015845	27.59597328215192	28.000732345332075	22.389673468500163
50	22.010941120101506	27.69918409598679	27.916772778667966	22.373102005243737
51	22.075377977865315	27.71738778572768	27.84782056435405	22.359413672052952
52	22.049382045375932	27.64994702069109	27.874818902076825	22.425852031856156
53	21.96160209479655	27.613746810393675	28.001106754966614	22.42354433984316
54	22.11724848581079	27.831109032239787	27.860453842616305	22.19118863933311
55	22.093741259243636	27.694093079123423	27.795327761102495	22.41683790053044
56	22.200648584078046	27.837456311768143	27.720153511493166	22.241741592660645
57	21.9767399005688	27.742055622764045	27.89264430229724	22.388560174369925
58	21.956977486650338	27.56706717880534	27.952064365920315	22.523890968624013
59	21.887098149348386	27.736144256824375	27.967049194616393	22.409708399210842
60	22.043992095235918	27.759566985577354	27.909021106422255	22.287419812764472
61	22.197488335652345	27.801102552881403	27.73765141075868	22.263757700707583
62	22.098271315365174	27.90247401651725	27.728816021238146	22.270438646879434
63	22.10012403371454	27.877883280578075	27.7632124020525	22.258780283654882
64	22.143472635206425	27.61705264550951	27.77487912215007	22.464595597133993
65	21.963998755766877	27.687218827956233	27.943334063674342	22.405448352602548
66	22.070177052644638	27.77725940237153	27.713468734731883	22.43909481025195
67	22.062319323511197	27.720981214639796	27.798238809502816	22.41846065234619
68	22.116907794611574	27.928903085930116	27.825181573800208	22.129007545658105
69	22.332801112693463	27.86232798347759	27.7251050062456	22.079765897583343
70	22.34199165039967	27.691325644277214	27.69526698882811	22.27141571649501
71	22.22162839037027	27.90982796158949	27.631391633566523	22.23715201447371
72	22.199162119274153	28.071247738545956	27.849007305415835	21.88058283676406
73	22.85904687094188	28.620814699074682	27.92180426509981	20.598334164883628
74	24.07765013581819	30.990029085937543	28.063481775375866	16.868839002868402
75	29.291531088909135	41.2254136120416	29.483055299049273	0.0
>>END_MODULE
>>Per base GC content	fail
#Base	%GC
1	69.75938602894556
2	43.82909928593137
3	49.27706386975558
4	48.68193365816294
5	29.94051105445173
6	48.08802314942871
7	49.3678971893019
8	45.41776633545395
9	64.35373944126471
10	37.343190280644265
11	53.41274920742995
12	44.31210451286198
13	52.87880167663141
14	51.836656099065934
15	46.95102415240575
16	45.571554078048706
17	43.978629332538986
18	43.74162719943931
19	44.510059330443596
20	44.6447343106961
21	45.12873465392881
22	44.93390977566793
23	45.084347383968094
24	44.97975696442128
25	45.337219740674016
26	44.867914188107676
27	44.77323118297095
28	44.88973836018384
29	44.54088533572279
30	44.68913939027087
31	44.83686280624502
32	44.43917962442298
33	44.54033274012168
34	44.595255726067975
35	44.54818594794413
36	44.30824508954955
37	44.69753292615227
38	44.41055117051508
39	44.33173335155118
40	44.557634698774486
41	44.39448091085367
42	44.31654084870281
43	44.682471903412
44	44.28962392790019
45	44.40901666250511
46	44.43890179286718
47	44.244500998318415
48	44.37718804376169
49	44.40329437251601
50	44.384043125345244
51	44.43479164991827
52	44.47523407723209
53	44.38514643463971
54	44.308437125143904
55	44.510579159774075
56	44.44239017673869
57	44.365300074938716
58	44.480868455274354
59	44.29680654855923
60	44.33141190800039
61	44.461246036359924
62	44.36870996224461
63	44.35890431736942
64	44.60806823234042
65	44.36944710836943
66	44.50927186289659
67	44.48077997585738
68	44.24591534026968
69	44.4125670102768
70	44.613407366894684
71	44.458780404843985
72	44.079744956038205
73	43.45738103582551
74	40.946489138686594
75	29.291531088909135
>>END_MODULE
>>Per sequence GC content	warn
#GC Content	Count
0	7715.0
1	3861.5
2	13.5
3	33.0
4	48.0
5	74.0
6	153.0
7	300.5
8	399.5
9	591.0
10	1134.0
11	2148.5
12	2841.5
13	3975.0
14	7049.5
15	12030.0
16	15924.0
17	22883.5
18	37371.5
19	55871.0
20	69104.5
21	90330.5
22	129923.0
23	174226.0
24	203690.0
25	240762.0
26	303904.0
27	367831.5
28	409385.5
29	458366.0
30	536029.5
31	608610.5
32	654728.5
33	707224.5
34	790889.0
35	865714.0
36	909651.0
37	951368.5
38	997907.0
39	1028709.5
40	1049032.0
41	1053879.0
42	1045424.0
43	1030891.0
44	1023899.5
45	1007265.0
46	971123.0
47	932239.0
48	910937.5
49	884946.5
50	839964.5
51	800222.0
52	778149.5
53	761833.5
54	732498.5
55	702853.0
56	686801.0
57	669194.0
58	633592.0
59	587380.5
60	547220.5
61	503948.0
62	448465.5
63	394819.0
64	354475.0
65	320140.5
66	273677.5
67	225536.5
68	191527.0
69	166906.0
70	136759.5
71	106639.5
72	85911.5
73	72272.0
74	57054.5
75	43581.0
76	35108.5
77	29155.5
78	22775.5
79	17127.0
80	13698.5
81	11554.0
82	8888.5
83	6112.0
84	4364.5
85	3542.0
86	2626.5
87	1691.0
88	1281.0
89	1055.0
90	730.0
91	523.5
92	450.5
93	423.5
94	323.0
95	196.0
96	146.5
97	112.0
98	66.0
99	50.0
100	46.0
>>END_MODULE
>>Per base N content	pass
#Base	N-Count
1	0.0628317784843316
2	0.03314301869813321
3	0.03303241434873628
4	0.03281120564994243
5	0.03284523775744917
6	0.03281120564994243
7	0.03281120564994243
8	0.03281120564994243
9	0.03281120564994243
10	0.03281120564994243
11	0.03281120564994243
12	0.03281120564994243
13	0.03281120564994243
14	0.03281120564994243
15	0.03289203190527095
16	0.03474678176438866
17	0.03281120564994243
18	0.03300263625466787
19	0.03967718333942863
20	0.03282396769025746
21	0.03281120564994243
22	0.03359819813603595
23	0.032879269864955915
24	0.03306644645624303
25	0.03495948243630583
26	0.03621016238717878
27	0.03513389698727791
28	0.03467871754937516
29	0.03582304716428953
30	0.03566990268050917
31	0.03704820303453242
32	0.04948693832824844
33	0.036473911220356064
34	0.04004302849512616
35	0.05723775081291006
36	0.006124148274183948
37	0.008593883946897205
38	0.006288244082983706
39	0.014227828371763234
40	0.021848725964537758
41	0.010163184522437287
42	0.018611599408640513
43	0.022986332258605024
44	0.012228213971216595
45	0.01851435631021728
46	0.011456127154981026
47	0.015429693235045476
48	0.043796241067855006
49	0.017629171343775563
50	0.015881613960880947
51	0.030843981958070785
52	0.0332487822220636
53	0.01435191980646932
54	0.03561630297704856
55	0.023327617550935622
56	0.015949844218883177
57	0.029449548127839998
58	0.026909119646452644
59	0.0182967998305484
60	0.011395729100347392
61	0.02671619412515522
62	0.012318125135426803
63	0.017048041032595943
64	0.03455468689635978
65	0.01954008901721746
66	0.02242886196477005
67	0.02090765476167476
68	0.010687699056757054
69	0.009916904910792694
70	0.025995592627192345
71	0.010059456706717571
72	0.006128106269592518
73	0.016245713951039745
74	0.007165224840785715
75	0.02517021807698362
>>END_MODULE
>>Sequence Length Distribution	warn
#Length	Count
35	10068.0
36	3693.0
37	5178.0
38	6124.0
39	7097.0
40	7999.0
41	8565.0
42	9772.0
43	11116.0
44	12536.0
45	14012.0
46	14606.0
47	15445.0
48	16319.0
49	16930.0
50	17432.0
51	18189.0
52	19081.0
53	20001.0
54	21640.0
55	22343.0
56	23278.0
57	24057.0
58	24677.0
59	25582.0
60	25637.0
61	26025.0
62	27309.0
63	28129.0
64	30619.0
65	32268.0
66	32085.0
67	33921.0
68	35525.0
69	44549.0
70	60698.0
71	153925.0
72	558046.0
73	1638632.0
74	5048656.0
75	1.5355449E7
>>END_MODULE
>>Sequence Duplication Levels	warn
#Total Duplicate Percentage	35.888796114682094
#Duplication Level	Relative count
1	100.0
2	23.142189992524834
3	10.584681303607345
4	5.63565885498948
5	3.5156400514784645
6	2.3419618843584074
7	1.6568667493815648
8	1.1667424458435764
9	0.8646532524679609
10++	5.2187449427032355
>>END_MODULE
>>Overrepresented sequences	pass
>>END_MODULE
>>Kmer Content	warn
#Sequence	Count	Obs/Exp Overall	Obs/Exp Max	Max Obs/Exp Position
AAAAA	8851955	3.5833879	6.935303	71
TTTTT	8121625	3.1349292	5.633672	71
CCTGG	3688215	3.1122696	12.1916	3
CCAGG	3492035	2.974908	13.61052	3
CCCAG	3391525	2.8791327	12.375218	2
CTGGG	3350040	2.8368685	10.981232	4
CCAGC	3165905	2.6875997	7.0579567	3
GGAGG	3010590	2.5828733	5.9039073	6
GCTGG	3022985	2.5599134	6.374534	3
CAGCC	2869375	2.4358692	6.0596857	5
CAGCA	3446545	2.4334905	6.7497134	4
TCCAG	3457595	2.4181647	9.398293	2
TGCTG	3422275	2.3791451	6.4881387	2
CAGGA	3303410	2.3406498	10.370174	4
GGCTG	2761960	2.3388731	8.695658	7
CTCCA	3345915	2.331838	7.0239735	1
AGGAG	3249865	2.310828	7.4416633	5
CTCCT	3309505	2.2846124	6.5480423	1
GGCAG	2659250	2.2734344	6.5135827	7
TCCTG	3266785	2.2630718	9.066566	2
CTGGA	3221525	2.261005	8.580534	4
CCTGC	2673335	2.247947	6.408991	3
CTGCC	2656205	2.2335427	5.9307637	9
GCCTG	2632900	2.2217507	8.080369	7
GCAGG	2587885	2.212423	6.626093	3
CAGAG	3112835	2.205617	8.200867	4
CCCTG	2621765	2.2045832	9.213864	2
AGCAG	3099475	2.1961505	5.758037	7
CTGCA	3139830	2.195927	6.6473413	4
CTGCT	3156350	2.1865675	6.6275196	9
GCTGC	2581150	2.178082	5.8562813	8
TGCAG	3076455	2.1591887	6.66392	2
CTCTG	3098220	2.146298	7.5609674	2
CAGGG	2484305	2.123871	9.616289	4
TGGAG	2970120	2.0919068	6.4056454	5
CAGGC	2429410	2.0696445	6.5554023	4
GCCAG	2429345	2.069589	5.611183	2
CTGGC	2445700	2.0637836	5.63922	4
AGCTG	2934575	2.0596113	6.08372	7
GGGAG	2380000	2.0418715	5.689225	7
CCCCA	2382220	2.01521	7.1916976	1
GGAGA	2822240	2.0067637	5.520525	6
CACAG	2819820	1.9909809	7.16312	7
CAGAA	3390040	1.990809	5.4761953	4
CTGTG	2820735	1.9609581	9.147882	9
CTCAG	2800890	1.9588798	6.2809486	2
CTGAG	2764515	1.9402559	5.9847345	4
TTCTG	3343410	1.90815	5.054594	2
GGCCA	2230775	1.900425	6.5723433	1
CCAGA	2661305	1.879059	7.0156093	3
TGGGG	2202670	1.8718324	6.1174316	5
TCTGG	2620955	1.8220723	6.373043	3
CCTCT	2637925	1.8210084	5.4962955	1
CACTG	2582570	1.8061916	7.619791	7
TGGCC	2122635	1.7911679	5.945767	5
CAGTG	2546185	1.7870225	6.815938	9
AGAGG	2509645	1.7844919	5.3007913	5
ACCTG	2527440	1.7676349	5.4448056	7
GCCCA	2058295	1.7473273	8.199869	1
CCTGA	2481045	1.7351874	5.6937423	3
GAGAG	2362465	1.679839	5.430441	7
ACAGA	2851175	1.6743592	5.8504524	8
TCAGG	2373580	1.6658808	5.9361076	3
GGGCC	1610595	1.6555051	5.5992713	6
TGGGC	1946160	1.64804	6.5807962	5
GGCCT	1934940	1.632783	5.465272	6
CCTGT	2326275	1.6115315	5.7120414	8
AGCCT	2298915	1.6078095	5.789925	6
AGGCC	1876715	1.5987968	5.2423544	5
AGGTG	2266780	1.5965323	5.402412	7
ACAGG	2237190	1.5851736	5.075355	8
AGGCT	2133780	1.4975789	5.214442	6
CCATG	2137780	1.4951155	5.0174456	9
GCCCT	1738435	1.4618107	6.027097	1
ACACA	2495465	1.4603198	6.277599	6
GGGCT	1718915	1.4556053	6.2236733	6
GTGTG	2076370	1.4485686	6.5911584	1
GACAG	2040285	1.4456555	7.3517885	7
CTGTC	2084920	1.4443324	5.9673367	9
ACAGC	2041320	1.441308	5.70791	8
TGTGT	2509325	1.4371697	5.572296	10
CACAC	2030935	1.4289383	6.805046	5
GCTGT	2055075	1.428676	5.373551	8
AGGGC	1616760	1.3821933	5.9340343	5
AGAGC	1944810	1.3780063	5.114786	5
AGACA	2323390	1.3644162	5.678634	6
ACTGG	1919535	1.3472124	5.0621524	8
ACTGC	1815740	1.2698879	5.401727	8
GGACA	1767385	1.2522906	6.1838145	6
GTGCT	1747365	1.2147577	5.7597513	1
GTCCT	1737940	1.2039614	6.840324	1
GTCCA	1658645	1.1600193	6.657723	1
TGTGC	1664565	1.1571957	5.6268272	10
AGCAC	1631010	1.1516018	5.692592	5
AGGAC	1613860	1.1435097	7.2022614	5
GTGCA	1530415	1.0741111	5.89715	1
TGCAC	1532800	1.0720061	5.6369495	5
TGGAC	1515800	1.0638536	6.0446677	5
ACAGT	1818650	1.0578886	5.7443366	8
GACTG	1505000	1.0562739	6.5128326	7
ACTGT	1826605	1.05245	6.558417	8
GCACT	1483340	1.0374148	5.188047	6
AGACT	1755750	1.0213004	5.776095	6
GGACC	1163965	0.99159616	5.0619717	6
GGACT	1360860	0.95511013	5.514845	6
ACACT	1604295	0.92992246	5.0630307	6
GTGTA	1098640	0.63524395	5.664377	1
>>END_MODULE
