##FastQC	0.10.1
>>Basic Statistics	pass
#Measure	Value	
Filename	005-primary_S6_L003_R2_001.fastq.gz	
File type	Conventional base calls	
Encoding	Sanger / Illumina 1.9	
Total Sequences	31193471	
Filtered Sequences	0	
Sequence length	35-75	
%GC	45	
>>END_MODULE
>>Per base sequence quality	pass
#Base	Mean	Median	Lower Quartile	Upper Quartile	10th Percentile	90th Percentile
1	31.31405430963422	32.0	32.0	32.0	32.0	32.0
2	31.057352514569477	32.0	32.0	32.0	32.0	32.0
3	31.110591924829397	32.0	32.0	32.0	32.0	32.0
4	31.16810758251302	32.0	32.0	32.0	32.0	32.0
5	31.116109329417043	32.0	32.0	32.0	32.0	32.0
6	34.771920668911775	36.0	36.0	36.0	36.0	36.0
7	34.75766717336458	36.0	36.0	36.0	32.0	36.0
8	34.688042892052636	36.0	36.0	36.0	32.0	36.0
9	34.83780971344933	36.0	36.0	36.0	36.0	36.0
10	34.65353108668157	36.0	36.0	36.0	32.0	36.0
11	34.80070236492758	36.0	36.0	36.0	36.0	36.0
12	34.69169279045605	36.0	36.0	36.0	32.0	36.0
13	34.73672166845427	36.0	36.0	36.0	32.0	36.0
14	34.686768394578465	36.0	36.0	36.0	32.0	36.0
15	34.63903520066747	36.0	36.0	36.0	32.0	36.0
16	34.64582985971648	36.0	36.0	36.0	32.0	36.0
17	34.632567436948584	36.0	36.0	36.0	32.0	36.0
18	34.62677208958247	36.0	36.0	36.0	32.0	36.0
19	34.60980235254999	36.0	36.0	36.0	32.0	36.0
20	34.59790184939663	36.0	36.0	36.0	32.0	36.0
21	34.57891585710356	36.0	36.0	36.0	32.0	36.0
22	34.577696691721165	36.0	36.0	36.0	32.0	36.0
23	34.55039729307457	36.0	36.0	36.0	32.0	36.0
24	34.542829331176385	36.0	36.0	36.0	32.0	36.0
25	34.53177291491543	36.0	36.0	36.0	32.0	36.0
26	34.511079097289304	36.0	36.0	36.0	32.0	36.0
27	34.510074496037966	36.0	36.0	36.0	32.0	36.0
28	34.497864152405484	36.0	36.0	36.0	32.0	36.0
29	34.4824350903431	36.0	36.0	36.0	32.0	36.0
30	34.4633823853716	36.0	36.0	36.0	32.0	36.0
31	34.45428391088635	36.0	36.0	36.0	32.0	36.0
32	34.44070687099874	36.0	36.0	36.0	32.0	36.0
33	34.42976724199753	36.0	36.0	36.0	32.0	36.0
34	34.42910864263871	36.0	36.0	36.0	32.0	36.0
35	34.39511088714686	36.0	36.0	36.0	32.0	36.0
36	34.44793558728285	36.0	36.0	36.0	32.0	36.0
37	34.44477349788366	36.0	36.0	36.0	32.0	36.0
38	34.42422598223424	36.0	36.0	36.0	32.0	36.0
39	34.4212195337732	36.0	36.0	36.0	32.0	36.0
40	34.41317632807647	36.0	36.0	36.0	32.0	36.0
41	34.388265879370984	36.0	36.0	36.0	32.0	36.0
42	34.37430413993459	36.0	36.0	36.0	32.0	36.0
43	34.36229747885042	36.0	36.0	36.0	32.0	36.0
44	34.336441311117014	36.0	36.0	36.0	32.0	36.0
45	34.31997095091694	36.0	36.0	36.0	32.0	36.0
46	34.28850239532749	36.0	36.0	36.0	32.0	36.0
47	34.270634888651834	36.0	36.0	36.0	32.0	36.0
48	34.24710067230492	36.0	36.0	36.0	32.0	36.0
49	34.224104753911675	36.0	36.0	36.0	32.0	36.0
50	34.19167368116314	36.0	36.0	36.0	32.0	36.0
51	34.16651954670042	36.0	36.0	36.0	32.0	36.0
52	34.14997845761007	36.0	36.0	36.0	32.0	36.0
53	34.12427554181454	36.0	36.0	36.0	32.0	36.0
54	34.09026699157849	36.0	36.0	36.0	32.0	36.0
55	34.071215469765136	36.0	36.0	36.0	32.0	36.0
56	34.05337578397232	36.0	36.0	36.0	32.0	36.0
57	34.010441846781305	36.0	36.0	36.0	32.0	36.0
58	33.97186190587927	36.0	36.0	36.0	32.0	36.0
59	33.937117410053524	36.0	36.0	36.0	32.0	36.0
60	33.91537042206063	36.0	36.0	36.0	32.0	36.0
61	33.870400176210524	36.0	36.0	36.0	32.0	36.0
62	33.84508819748816	36.0	36.0	36.0	32.0	36.0
63	33.81329387373996	36.0	36.0	36.0	32.0	36.0
64	33.787081292958895	36.0	36.0	36.0	27.0	36.0
65	33.760284559586395	36.0	36.0	36.0	27.0	36.0
66	33.729572624048494	36.0	36.0	36.0	27.0	36.0
67	33.694887885656485	36.0	36.0	36.0	27.0	36.0
68	33.66248374001392	36.0	36.0	36.0	27.0	36.0
69	33.65372291767958	36.0	36.0	36.0	27.0	36.0
70	33.61594337134627	36.0	36.0	36.0	27.0	36.0
71	33.583806555481225	36.0	36.0	36.0	27.0	36.0
72	33.56681717911755	36.0	36.0	36.0	27.0	36.0
73	33.53664540513163	36.0	36.0	36.0	27.0	36.0
74	33.46882195339774	36.0	36.0	36.0	27.0	36.0
75	32.25992421618497	36.0	32.0	36.0	14.0	36.0
>>END_MODULE
>>Per sequence quality scores	pass
#Quality	Count
2	69749.0
3	214.0
4	1642.0
5	1046.0
6	480.0
7	281.0
8	84.0
9	89.0
10	103.0
11	117.0
12	151.0
13	186.0
14	2325.0
15	7027.0
16	10952.0
17	15190.0
18	20578.0
19	27612.0
20	38142.0
21	52907.0
22	74644.0
23	107018.0
24	151812.0
25	213475.0
26	292520.0
27	386300.0
28	501899.0
29	640435.0
30	815676.0
31	1059106.0
32	1451638.0
33	2252014.0
34	4954634.0
35	1.8043425E7
>>END_MODULE
>>Per base sequence content	fail
#Base	G	A	T	C
1	43.31657746961918	18.324050947088743	12.474719273435637	25.88465230985643
2	16.70608605948698	19.33207441483361	37.06759112174548	26.894248403933922
3	19.601090700593435	21.098177351463697	28.966952697376207	30.33377925056666
4	13.624884709058776	14.790485522902133	36.273535882962015	35.31109388507708
5	15.311955995972271	34.40722233314682	34.98650900536022	15.29431266552069
6	34.183832072571406	35.07442427590224	16.54711510041525	14.194628551111101
7	30.054649654783912	29.85207751394292	20.897852295107494	19.195420536165674
8	26.395352300700413	34.66288246001323	20.236682249544607	18.70508298974175
9	24.845760216630403	16.10119898368383	20.242595487860555	38.81044531182521
10	14.390417497700097	27.708098965036026	34.81925484778874	23.08222868947514
11	34.265805095269634	22.9111103706019	23.631216302122446	19.19186823200602
12	22.144221835926434	24.365513666284656	30.86869250872379	22.62157198906512
13	27.466538626449257	20.833368547178097	26.428847944283223	25.271244882089427
14	20.63646360448129	20.670392407917667	27.40770862542617	31.285435362174873
15	22.83448552533888	29.301400420378055	23.52474669857207	24.33936735571099
16	22.763452053047757	28.867074804783204	25.337165771414206	23.032307370754836
17	21.597535426587815	28.264369627139306	27.558159671982363	22.579935274290513
18	22.05719050417403	28.05241548053255	27.94924329578441	21.94115071950901
19	22.368536405120267	27.540504943916332	27.899496603769023	22.191462047194378
20	22.48063101653874	27.334347055561338	27.85286928520307	22.33215264269685
21	22.439195968272188	27.057448650552523	27.67987330471463	22.823482076460657
22	22.33105348152675	26.846226353943674	27.96526769332895	22.857452471200624
23	22.429135006606785	26.962203837116345	27.655235043847487	22.953426112429383
24	22.466554228348006	26.821388915350763	27.822091237023344	22.889965619277888
25	22.628454468194235	26.814991854069664	27.49979954535762	23.05675413237848
26	22.25599418940048	27.086254300502482	27.677151777808845	22.980599732288194
27	22.238751773527373	27.138895140452245	27.72867885792759	22.893674228092788
28	22.433009738317466	26.997942063994696	27.717862932090554	22.851185265597284
29	22.13367923782143	27.216729449753917	27.905033187335647	22.744558125089004
30	22.371817255215905	27.253877351370136	27.60166392233358	22.772641471080373
31	22.607913719928877	27.311557682360093	27.427835347073177	22.652693250637853
32	22.12875103811292	27.327776098185357	27.78015406092291	22.76331880277881
33	22.286818148933904	27.126661771004702	27.83553429752527	22.750985782536127
34	22.33091847989572	26.8589036552538	27.9633729017064	22.84680496314408
35	22.274205016770694	27.114247419475806	27.79276590618877	22.81878165756473
36	22.49085143690635	27.550706481395064	27.507103149377528	22.451338932321054
37	22.590250567258373	27.28400251867289	27.45010898301982	22.675637931048914
38	22.4451260121766	27.522879763257247	27.477105568626296	22.554888655939855
39	22.42910880937408	27.391505066561983	27.668700307725686	22.510685816338256
40	22.43767416919371	27.199676242216142	27.589525519982267	22.773124068607885
41	22.47006691683681	27.367075695916675	27.582836997806726	22.580020389439788
42	22.448144268615305	27.351802043725787	27.61318385661281	22.58686983104609
43	22.595997739635113	27.114293063601135	27.454924175522937	22.834785021240815
44	22.49167028969578	27.46623418283189	27.52448923431147	22.51760629316086
45	22.531482813814492	27.391316098372176	27.4339869008829	22.64321418693043
46	22.648949166703694	27.55833362071713	27.28397970911176	22.50873750346742
47	22.371259200082342	27.644489948179512	27.49781606234688	22.486434789391264
48	22.392440396218383	27.503873117098188	27.43236916387825	22.67131732280518
49	22.486770550645748	27.41278057773101	27.556583670250784	22.54386520137246
50	22.52831490142175	27.446775442357946	27.485151385659123	22.539758270561176
51	22.638879241229084	27.479383761106153	27.355579614315133	22.52615738334963
52	22.58867888336079	27.424310092941383	27.378139989892624	22.608871033805205
53	22.48232932926101	27.487820754133462	27.437222196154043	22.592627720451482
54	22.6451272846037	27.666417902041466	27.316772519485383	22.371682293869448
55	22.632279299227065	27.5500928718449	27.23434704110252	22.583280787825515
56	22.720058832113125	27.697150785411534	27.199414343025367	22.38337603944997
57	22.47003179073663	27.580209852141298	27.408388192540574	22.541370164581505
58	22.469882878264443	27.377943567242085	27.469706599768667	22.682466954724806
59	22.359278393447674	27.566582620394424	27.49973095202342	22.574408034134482
60	22.553789375074746	27.606030306761788	27.379688003363455	22.460492314800014
61	22.714806725455965	27.660935165750107	27.23596683844733	22.388291270346606
62	22.575883899219832	27.799859955621365	27.21636918310777	22.407886962051034
63	22.613759756835705	27.730885211422894	27.249320398227304	22.4060346335141
64	22.641054522043376	27.50550508861542	27.243156033770514	22.61028435557069
65	22.441764832438146	27.570176852956727	27.43642858715829	22.551629727446834
66	22.538463148129416	27.58307321547524	27.245667511831726	22.632796124563612
67	22.531026621032233	27.64039317727595	27.302008180564545	22.52657202112727
68	22.588510084709853	27.845536525104244	27.307742068959552	22.258211321226355
69	22.82157028585968	27.811573721356453	27.173310198798607	22.193545793985265
70	22.803156843227747	27.665653538584923	27.165118585666097	22.366071032521234
71	22.71845012154008	27.8479566901564	27.103198563227355	22.33039462507617
72	22.70665673794087	28.016358474079556	27.33298274381884	21.944002044160733
73	23.33781565872283	28.540150697746263	27.437579443485525	20.684454200045376
74	24.5906362656718	30.91738601261248	27.41012959998158	17.081848121734136
75	29.919713248913865	41.193601503060954	28.88668524802518	0.0
>>END_MODULE
>>Per base GC content	fail
#Base	%GC
1	69.20122977947561
2	43.60033446342091
3	49.934869951160096
4	48.935978594135854
5	30.606268661492958
6	48.378460623682514
7	49.250070190949586
8	45.100435290442164
9	63.65620552845562
10	37.47264618717524
11	53.45767332727566
12	44.765793824991555
13	52.73778350853868
14	51.921898966656165
15	47.173852881049875
16	45.79575942380259
17	44.17747070087833
18	43.99834122368304
19	44.559998452314645
20	44.81278365923559
21	45.262678044732844
22	45.188505952727375
23	45.38256111903617
24	45.35651984762589
25	45.685208600572714
26	45.23659392168867
27	45.13242600162016
28	45.28419500391475
29	44.87823736291043
30	45.144458726296286
31	45.26060697056673
32	44.89206984089173
33	45.03780393147003
34	45.177723443039795
35	45.09298667433542
36	44.94219036922741
37	45.26588849830729
38	45.00001466811646
39	44.93979462571233
40	45.21079823780159
41	45.050087306276595
42	45.035014099661396
43	45.43078276087593
44	45.009276582856636
45	45.17469700074492
46	45.15768667017112
47	44.85769398947361
48	45.06375771902356
49	45.030635752018206
50	45.06807317198293
51	45.16503662457871
52	45.19754991716599
53	45.074957049712495
54	45.01680957847315
55	45.21556008705258
56	45.103434871563095
57	45.01140195531813
58	45.152349832989245
59	44.93368642758216
60	45.014281689874764
61	45.10309799580257
62	44.98377086127087
63	45.0197943903498
64	45.25133887761407
65	44.99339455988498
66	45.171259272693035
67	45.057598642159505
68	44.84672140593621
69	45.015116079844944
70	45.16922787574898
71	45.048844746616254
72	44.6506587821016
73	44.02226985876821
74	41.67248438740594
75	29.919713248913865
>>END_MODULE
>>Per sequence GC content	warn
#GC Content	Count
0	69891.0
1	35191.0
2	778.5
3	1329.5
4	1600.0
5	1718.0
6	2075.5
7	2595.0
8	2894.0
9	3522.0
10	5041.5
11	7470.5
12	9095.5
13	10782.0
14	14720.0
15	20789.0
16	25793.0
17	34322.0
18	52054.5
19	74588.5
20	90788.0
21	115921.5
22	161801.0
23	213277.0
24	248966.5
25	293792.0
26	369112.0
27	444946.0
28	496367.5
29	559345.5
30	655404.0
31	746321.0
32	808542.0
33	878282.0
34	986956.5
35	1086579.5
36	1149267.0
37	1215556.0
38	1290931.5
39	1347781.5
40	1386047.5
41	1405679.0
42	1410564.0
43	1401695.5
44	1398296.5
45	1381569.0
46	1343540.0
47	1299537.5
48	1273382.5
49	1241624.5
50	1188306.0
51	1142511.0
52	1117158.5
53	1099810.5
54	1067087.0
55	1033331.5
56	1016109.0
57	995806.0
58	948127.5
59	882154.0
60	823409.5
61	756093.5
62	672585.5
63	591112.0
64	524845.0
65	467067.0
66	393089.5
67	320332.5
68	267596.0
69	227365.0
70	182356.5
71	139193.0
72	109211.5
73	88987.5
74	67916.0
75	49617.5
76	37875.5
77	29834.0
78	21604.5
79	14999.0
80	11174.5
81	8670.0
82	6198.5
83	4330.0
84	3355.5
85	2801.5
86	2269.0
87	1878.0
88	1678.0
89	1555.0
90	1417.0
91	1319.5
92	1289.0
93	1270.5
94	1246.0
95	1300.5
96	1368.0
97	1481.5
98	1985.0
99	10433.5
100	18493.0
>>END_MODULE
>>Per base N content	pass
#Base	N-Count
1	0.23536976696181072
2	0.2326736899526186
3	0.22554719864294678
4	0.2245245487429084
5	0.2283458612220487
6	0.22556002183918553
7	0.22833303802580995
8	0.2291889863747449
9	0.23225052447674066
10	0.23268010155073796
11	0.2364084458571475
12	0.23712333904745644
13	0.2374920059393198
14	0.2416146635300701
15	0.2398418566500663
16	0.24122676184384867
17	0.24167877951126376
18	0.24542635861203133
19	0.24375293150287763
20	0.24302521511632996
21	0.24457361606215608
22	0.24489099016906454
23	0.24677920581521692
24	0.2549347586230465
25	0.24590402267192388
26	0.24979906852943679
27	0.2462374257741307
28	0.24950413501594612
29	0.2504947269253877
30	0.24952657560936392
31	0.24548406299510558
32	0.25043061094419405
33	0.2527772558558809
34	0.2491258507269037
35	0.2515750812085003
36	0.02405676702516244
37	0.02611291704264536
38	0.024697585908472156
39	0.021228306547591478
40	0.02345956228665723
41	0.0258808992940631
42	0.027131702864488315
43	0.024504248762480196
44	0.02061689044284703
45	0.025488922467305507
46	0.029248966865781195
47	0.03248159695873096
48	0.03324017624919718
49	0.029812589349609
50	0.029743249437278938
51	0.02467056381614857
52	0.026230285091802346
53	0.022832954233437286
54	0.02425443267468413
55	0.022819185494198792
56	0.019133190785624823
57	0.022271404532291563
58	0.02244549205875173
59	0.01736489324820606
60	0.02072913999878148
61	0.019005309649011103
62	0.018931354886581306
63	0.017029794352310952
64	0.019778391391398076
65	0.018992633365601246
66	0.015601149533426596
67	0.01803927569086802
68	0.01562576091636438
69	0.015922883100541654
70	0.01464296793197119
71	0.015632955611824366
72	0.020824225061279452
73	0.026072566358238247
74	0.03226695613911115
75	0.04884102577706543
>>END_MODULE
>>Sequence Length Distribution	warn
#Length	Count
35	92035.0
36	32521.0
37	41591.0
38	45107.0
39	48136.0
40	50301.0
41	52689.0
42	56836.0
43	61573.0
44	67997.0
45	72665.0
46	74751.0
47	76251.0
48	78132.0
49	80557.0
50	80611.0
51	82922.0
52	85159.0
53	89210.0
54	94265.0
55	96491.0
56	99258.0
57	100643.0
58	100822.0
59	102257.0
60	102017.0
61	102391.0
62	106555.0
63	109389.0
64	114964.0
65	118001.0
66	117469.0
67	119690.0
68	122479.0
69	133559.0
70	153649.0
71	269591.0
72	770882.0
73	2048130.0
74	6244529.0
75	1.8697396E7
>>END_MODULE
>>Sequence Duplication Levels	warn
#Total Duplicate Percentage	37.78098963600219
#Duplication Level	Relative count
1	100.0
2	22.785040949489023
3	11.056758449548486
4	6.4750140726704775
5	4.047379311985158
6	2.774892770215094
7	1.9487675511967717
8	1.4262948838905583
9	1.0822081803838866
10++	6.968944985768764
>>END_MODULE
>>Overrepresented sequences	warn
#Sequence	Count	Percentage	Possible Source
NNNNNNNNNNNNNNNNNNNNNNNNNNNNNNNNNNN	69746	0.22359166121654114	No Hit
>>END_MODULE
>>Kmer Content	warn
#Sequence	Count	Obs/Exp Overall	Obs/Exp Max	Max Obs/Exp Position
AAAAA	12411585	4.021871	8.476375	71
TTTTT	10286370	3.2102268	5.5779266	71
CCTGG	4907550	3.086943	11.730962	3
CCAGG	4648130	2.9458294	11.989621	3
CCCAG	4474990	2.8623421	10.881788	2
GGGGG	3824790	2.8013587	5.133012	71
CTGGG	4461440	2.7806017	10.238714	4
CCAGC	4165860	2.664613	6.530567	3
GGAGG	4117715	2.562037	5.82297	6
GCTGG	4086250	2.546764	6.505823	3
TCCAG	4563235	2.4383981	9.172621	2
CAGCA	4487665	2.4161158	6.5978856	4
CAGCC	3758955	2.4043438	5.6257305	9
CTCCA	4425465	2.3866613	6.9619374	1
CAGGA	4456720	2.3774564	10.007792	4
TGCTG	4497920	2.3636217	7.2178335	2
CTCCT	4364885	2.336357	6.638386	1
GGCTG	3745215	2.334213	8.09937	7
AGGAG	4403490	2.3275235	7.016864	5
TCCTG	4359560	2.3121126	9.358425	2
CTGGA	4342320	2.299077	8.772939	4
CTGCA	4226375	2.2583947	6.819014	4
CCTGC	3529780	2.240844	6.3038297	3
GGCAG	3548790	2.2284842	6.170007	7
CTGCC	3502690	2.2236462	5.686888	9
GCAGG	3525555	2.2138937	6.5743246	3
TGCAG	4180470	2.2133842	7.0422153	2
GCCTG	3481490	2.1899238	6.785693	7
CAGAG	4077195	2.174997	7.255755	4
CCCTG	3415760	2.1684597	8.67378	2
CTGCT	4080630	2.164181	6.4728565	9
CTTCT	4834295	2.1617324	5.055195	1
CTCTG	4049820	2.1478407	7.214165	2
AGCAG	4020025	2.1444995	5.396763	7
TGGAG	4065420	2.1327357	6.564881	5
GCTGC	3366040	2.1173036	5.542654	8
CAGGG	3305685	2.075825	8.566768	4
AGCTG	3917915	2.0743723	5.7892637	7
CAGGC	3229365	2.0466635	5.83248	4
CTGGC	3212090	2.020466	5.305347	4
GGAGA	3799340	2.0081918	5.5914874	6
GGGAG	3217165	2.001716	5.3210382	7
CCCCA	3098030	1.9999318	6.5147347	1
CAGAA	4401815	1.9947889	5.3989506	4
CACAG	3702645	1.9934685	6.8732915	7
CTCAG	3710855	1.9829226	5.9746947	2
CTGTG	3743890	1.9673848	8.473419	9
CTGAG	3677685	1.9471806	5.6722136	4
TTCTG	4340410	1.9230895	5.436704	2
CCAGA	3498715	1.8836745	6.5809917	3
GGCCA	2953590	1.8718865	5.903251	1
CCTCT	3437215	1.839811	5.414786	1
TGGGG	2974890	1.8371075	5.736694	5
TCTGG	3467045	1.821905	6.261891	3
CACTG	3383085	1.8077765	7.272311	7
ACCTG	3359805	1.7953366	5.291989	7
TGGCC	2830955	1.7807251	5.51752	5
CAGTG	3362135	1.78011	6.3025184	9
CCTGA	3273985	1.7494781	5.6448445	3
GCCCA	2663600	1.7037209	6.6104684	1
TCAGG	3192970	1.6905442	5.7644725	3
ACAGA	3666895	1.6617421	5.7386136	8
CCTGT	3063515	1.6247493	5.295904	8
GAGAG	3068565	1.6219311	5.2458572	7
TGGGC	2593000	1.6160927	6.179156	5
AGGTG	3062535	1.6066182	5.211424	7
ACAGC	2688575	1.447503	5.564105	8
CTGTC	2718665	1.4418565	5.5796595	9
GCTGT	2742675	1.4412543	5.000757	8
GCCCT	2240085	1.4220946	5.531205	1
GACAG	2663750	1.4209889	6.922162	7
GGGCT	2264160	1.4111425	5.6019874	6
GTGTG	2698655	1.4051203	6.920412	1
ACACA	3061530	1.4002441	5.5492125	6
CACAC	2510565	1.3641713	5.881299	5
AGACA	2982510	1.3515966	5.3406005	6
AGGGC	2136605	1.341694	5.1611433	5
ACTGC	2392965	1.2786986	5.2568145	8
GGACA	2350030	1.2536334	5.8360453	6
GTGCT	2301795	1.2095752	6.073441	1
GTCCT	2247885	1.1921761	6.7488484	1
GTCCA	2214485	1.1833264	6.672109	1
AGCAC	2151350	1.1582663	5.283839	5
GTCTT	2577000	1.1417819	5.4666724	1
TGTGC	2169450	1.140029	5.0210676	10
AGGAC	2115940	1.1287572	6.22003	5
TGCAC	2034485	1.0871421	5.483451	5
TGGAC	2053175	1.0870703	5.917172	5
GTGCA	2046535	1.0835549	5.9580593	1
ACAGT	2320740	1.0438212	5.3988714	8
GACTG	1959450	1.037447	5.918851	7
ACTGT	2319730	1.0355513	6.071314	8
AGACT	2224855	1.0006942	5.0765715	6
GGACT	1786435	0.9458426	5.1644073	6
GTGTA	1403235	0.6206753	5.4603176	1
>>END_MODULE
