##FastQC	0.10.1
>>Basic Statistics	pass
#Measure	Value	
Filename	040-F0_S2_L002_R2_001.fastq.gz	
File type	Conventional base calls	
Encoding	Sanger / Illumina 1.9	
Total Sequences	13144519	
Filtered Sequences	0	
Sequence length	35-76	
%GC	44	
>>END_MODULE
>>Per base sequence quality	pass
#Base	Mean	Median	Lower Quartile	Upper Quartile	10th Percentile	90th Percentile
1	31.325168155639624	32.0	32.0	32.0	32.0	32.0
2	31.097315466621488	32.0	32.0	32.0	32.0	32.0
3	31.168024254063614	32.0	32.0	32.0	32.0	32.0
4	31.229570363130062	32.0	32.0	32.0	32.0	32.0
5	31.212302633515918	32.0	32.0	32.0	32.0	32.0
6	34.918974212749816	36.0	36.0	36.0	36.0	36.0
7	34.9067719404567	36.0	36.0	36.0	36.0	36.0
8	34.835687939589114	36.0	36.0	36.0	36.0	36.0
9	34.925690548281	36.0	36.0	36.0	36.0	36.0
10-14	34.828719483763535	36.0	36.0	36.0	34.4	36.0
15-19	34.74405639339104	36.0	36.0	36.0	32.0	36.0
20-24	34.67214133891092	36.0	36.0	36.0	32.0	36.0
25-29	34.60281798063512	36.0	36.0	36.0	32.0	36.0
30-34	34.52739242873779	36.0	36.0	36.0	32.0	36.0
35-39	34.47430749169168	36.0	36.0	36.0	32.0	36.0
40-44	34.404337343435785	36.0	36.0	36.0	32.0	36.0
45-49	34.290319715692014	36.0	36.0	36.0	32.0	36.0
50-54	34.16846199391557	36.0	36.0	36.0	32.0	36.0
55-59	34.01506653296641	36.0	36.0	36.0	32.0	36.0
60-64	33.88528524569173	36.0	36.0	36.0	32.0	36.0
65-69	33.73194406831791	36.0	36.0	36.0	28.0	36.0
70-74	33.596369842572855	36.0	36.0	36.0	27.0	36.0
75-76	32.98757729254438	36.0	34.0	36.0	20.5	36.0
>>END_MODULE
>>Per sequence quality scores	pass
#Quality	Count
2	10543.0
3	0.0
4	0.0
5	0.0
6	0.0
7	0.0
8	0.0
9	0.0
10	0.0
11	0.0
12	0.0
13	0.0
14	887.0
15	2780.0
16	4678.0
17	7284.0
18	10284.0
19	13720.0
20	17983.0
21	24198.0
22	34074.0
23	47522.0
24	67510.0
25	94136.0
26	127986.0
27	168049.0
28	215148.0
29	272471.0
30	343045.0
31	439890.0
32	588494.0
33	887163.0
34	1851865.0
35	7914809.0
>>END_MODULE
>>Per base sequence content	fail
#Base	G	A	T	C
1	44.65023244319587	17.96298595840567	11.340435921298157	26.0463456771003
2	16.525444642077556	19.718511526446623	37.949185702340834	25.806858129134984
3	20.4847279327073	21.411704544432936	28.60556722328944	29.498000299570315
4	13.669991756441451	15.002492256339492	36.63972420552762	34.68779178169144
5	15.07264784845434	34.794995552327926	35.325777227172836	14.806579372044895
6	33.9501444729118	35.26555225198817	16.997544531538495	13.786758743561533
7	30.31479576329361	29.616834993455143	20.962776237751616	19.105593005499628
8	26.06387632076352	35.43445148936251	20.322804025437843	18.17886816443613
9	25.235176309138986	15.90275480935857	20.358648439741327	38.50342044176112
10-14	23.897534151120727	23.488771412403985	28.95826062115539	23.655433815319903
15-19	21.964367834995283	28.770188098409804	27.112933661520323	22.152510405074594
20-24	22.089504351157636	27.625238541626697	28.168464751268008	22.11679235594766
25-29	21.543981807184664	27.941362158724818	28.16830333784682	22.346352696243695
30-34	21.652154686440724	27.922420446024876	28.450560591857332	21.97486427567707
35-39	21.563463108407564	28.220861560005623	28.31118284788473	21.904492483702086
40-44	21.84051543170104	28.107470019691405	28.424518064231698	21.62749648437586
45-49	21.78258580314555	28.158152770170137	28.100002384861444	21.959259041822868
50-54	21.569118080916777	28.568046940403264	28.178452225912203	21.684382752767757
55-59	21.733245400107656	28.214684609773144	27.83384821097717	22.21822177914203
60-64	21.872288639785193	28.11474585412658	28.151688536643437	21.861276969444795
65-69	22.1476793787289	28.544508225976266	27.74937058034196	21.558441814952875
70-74	22.41794047626372	28.753632962817594	27.791177162149395	21.03724939876929
75-76	25.7796264279542	35.930013380237014	29.218290594331897	9.07206959747689
>>END_MODULE
>>Per base GC content	fail
#Base	%GC
1	70.69657812029617
2	42.33230277121254
3	49.982728232277616
4	48.35778353813289
5	29.87922722049923
6	47.73690321647334
7	49.420388768793245
8	44.242744485199644
9	63.738596750900115
10-14	47.552967966440626
15-19	44.11687824006988
20-24	44.206296707105295
25-29	43.890334503428356
30-34	43.627018962117795
35-39	43.46795559210965
40-44	43.4680119160769
45-49	43.74184484496842
50-54	43.253500833684534
55-59	43.95146717924969
60-64	43.733565609229984
65-69	43.706121193681774
70-74	43.455189875033014
75-76	34.85169602543109
>>END_MODULE
>>Per sequence GC content	fail
#GC Content	Count
0	10565.0
1	5325.0
2	125.5
3	238.0
4	310.0
5	411.0
6	669.0
7	977.0
8	1133.5
9	1359.0
10	2016.0
11	2979.5
12	3510.5
13	4109.5
14	5807.0
15	8560.5
16	12694.0
17	15878.5
18	20955.0
19	31045.0
20	44010.0
21	53317.5
22	65954.0
23	88746.5
24	113658.0
25	130336.0
26	151586.5
27	186895.5
28	222830.5
29	247794.0
30	279509.0
31	332426.0
32	387079.0
33	424004.0
34	472999.5
35	549060.0
36	609631.0
37	639091.0
38	649130.0
39	641135.5
40	612085.5
41	582948.0
42	572465.5
43	567040.0
44	553484.5
45	538396.5
46	529856.5
47	519998.0
48	501449.5
49	481733.5
50	469574.5
51	455027.5
52	430866.0
53	409384.5
54	397113.5
55	383551.5
56	362902.5
57	341717.0
58	324852.5
59	304800.5
60	276619.0
61	245884.5
62	221325.0
63	198922.5
64	170839.5
65	145779.0
66	120673.0
67	102684.0
68	89035.5
69	72215.0
70	56709.0
71	46406.5
72	38991.0
73	31290.0
74	24402.5
75	19777.0
76	16811.0
77	13587.0
78	10392.5
79	8431.5
80	7256.5
81	5880.0
82	4428.5
83	3486.0
84	2934.5
85	2349.5
86	1766.0
87	1428.5
88	1261.0
89	1094.0
90	957.0
91	886.0
92	886.5
93	878.0
94	862.5
95	889.5
96	925.0
97	975.5
98	1287.0
99	6086.5
100	10626.0
>>END_MODULE
>>Per base N content	pass
#Base	N-Count
1	0.38142894388147636
2	0.2700136840305834
3	0.14495014994462713
4	0.09008317459163016
5	0.08126581124801904
6	0.08040613734135117
7	0.08020833626548068
8	0.08021594399916802
9	0.08020833626548068
10-14	0.08020833626548068
15-19	0.08020833626548068
20-24	0.08020833626548068
25-29	0.08020833626548068
30-34	0.08020833626548068
35-39	0.01606276578674461
40-44	0.0
45-49	0.0
50-54	0.0
55-59	0.0
60-64	0.0
65-69	0.0
70-74	0.0
75-76	0.0
>>END_MODULE
>>Sequence Length Distribution	warn
#Length	Count
35	13532.0
36	4394.0
37	6061.0
38	6895.0
39	7919.0
40	8492.0
41	9390.0
42	10524.0
43	11788.0
44	12705.0
45	14080.0
46	14225.0
47	15150.0
48	15713.0
49	16551.0
50	16885.0
51	17922.0
52	18642.0
53	20180.0
54	21593.0
55	22190.0
56	23114.0
57	24056.0
58	24174.0
59	25364.0
60	27817.0
61	26728.0
62	26967.0
63	27837.0
64	30957.0
65	31913.0
66	32569.0
67	37258.0
68	33044.0
69	40956.0
70	39434.0
71	48395.0
72	96096.0
73	301411.0
74	863875.0
75	2634507.0
76	8463216.0
>>END_MODULE
>>Sequence Duplication Levels	warn
#Total Duplicate Percentage	26.58211794546608
#Duplication Level	Relative count
1	100.0
2	17.436251777243314
3	5.871879027864518
4	2.7578829876290576
5	1.4922199928245878
6	0.8404533797520496
7	0.5979510211674661
8	0.4384974155228085
9	0.3215647713833929
10++	3.121304330494173
>>END_MODULE
>>Overrepresented sequences	warn
#Sequence	Count	Percentage	Possible Source
CTGTAGGACGTGGAATATGGCAAGAAAACTGAAAATCATGGAAAATGAGA	13298	0.10116764257406452	No Hit
>>END_MODULE
>>Kmer Content	warn
#Sequence	Count	Obs/Exp Overall	Obs/Exp Max	Max Obs/Exp Position
AAAAA	6289715	4.179447	8.49982	71
GGGGG	2127185	4.0158744	7.0712905	72
TTTTT	5166470	3.359672	6.0709276	33
CCTGG	1909770	3.0206125	12.276379	3
CCAGG	1843450	2.9283454	12.681567	3
AGAAA	3339505	2.7344337	7.017542	48
GAAAA	3329550	2.7262824	7.417897	24
TTTCT	3303080	2.7067816	7.673246	16
CAGCA	2094990	2.7006948	6.7255282	4
CCCAG	1656620	2.6796038	10.512484	2
TGCTG	2121800	2.6630988	7.7097516	2
TTTTC	3214905	2.6345243	6.04254	24
CTGGG	1655810	2.571981	10.392048	4
CCAGC	1586325	2.5659008	6.3092794	3
GCTGC	1608145	2.5435436	5.5809216	8
CTGCT	1947020	2.4883416	6.3338966	9
GGAGG	1606135	2.4607046	5.505877	6
GCTGG	1578635	2.4521046	6.918826	3
TCCAG	1886050	2.4208605	9.227758	2
AGCAG	1906705	2.4139056	5.2693934	7
CAGCC	1422145	2.3003376	5.4878135	9
CTCCT	1743835	2.269351	6.052059	1
CTGGA	1793670	2.2610095	8.888211	4
CTCCA	1705300	2.2288156	6.0990763	1
GGCTG	1420070	2.2058043	7.952897	7
CTGCC	1365785	2.1996474	5.7464128	9
AGGAG	1765870	2.1955268	6.692002	5
CAGGA	1724120	2.1827517	9.05887	4
CCTGC	1353230	2.179427	5.977457	3
GGCAG	1392575	2.172465	6.133954	7
CCACC	1316080	2.167638	5.4108486	28
TCCTG	1692620	2.1632118	8.432986	2
CCCTG	1340630	2.1591341	8.826091	2
CAGAG	1686430	2.1350355	7.3604155	4
CTCTG	1659660	2.121088	7.1898923	2
GAGAA	2101715	2.120589	7.2306895	47
GCAGG	1340855	2.09178	6.4627132	3
AAAAT	3151455	2.0850766	5.996323	72
TTCTC	2011265	2.0769906	6.121228	17
GCCTG	1299675	2.055648	6.586001	7
CTGCA	1588235	2.0385969	6.1247864	4
TGGAA	2028635	2.0380256	6.367335	11
GGAAA	2008940	2.0269809	6.92559	40
GCCAG	1270140	2.0176346	5.1493797	2
CAGGG	1287395	2.0083807	9.001618	4
CTGGC	1265635	2.0018082	5.5603046	4
CCCCA	1211815	1.9959092	6.5691123	1
TGCAG	1574350	1.9845458	6.4912195	2
TGGAG	1575680	1.9506131	6.065934	5
AGCTG	1547190	1.9503092	5.4578156	7
CACAG	1507685	1.9435879	7.1553307	7
CAGGC	1213085	1.9270021	5.5502133	4
TGAAA	2354675	1.9197261	5.877388	30
CATTT	2328635	1.9165162	6.853785	14
CAGTG	1519710	1.9156692	9.725652	7
GGGAG	1246010	1.9089696	5.406998	7
CTGTG	1518285	1.9056193	8.556399	9
GTGTG	1535960	1.8932414	10.774113	9
GGAGA	1522390	1.8928053	5.2757745	6
CTGAA	1846180	1.8885846	6.65276	29
CTCAG	1450565	1.8618888	5.753517	2
TTCTG	1829160	1.8550695	5.0798483	2
CCTCT	1416470	1.8433325	5.480824	1
CCAGA	1418190	1.828218	6.201057	3
TGGGG	1196205	1.8247615	6.254129	5
CTGAG	1444015	1.8202522	5.557966	4
CACTG	1417870	1.8199228	7.353053	7
GGCCA	1132020	1.7982292	5.931131	1
GTGGA	1441135	1.784053	5.2962313	9
TCTGG	1401885	1.7595241	6.141549	3
ACCTG	1367225	1.7549168	5.921369	8
GAGAG	1399300	1.7397661	5.437988	7
AAATG	2110020	1.7202631	6.0278773	43
CACAC	1301605	1.7085571	7.076802	5
TGGCC	1080175	1.708473	5.335565	5
TCTCA	1637220	1.6980451	5.554874	18
TGTGT	1682255	1.6754966	7.6415625	10
TGGCA	1328675	1.6748604	5.734752	18
ACACA	1594435	1.6680268	6.90354	6
AAAAC	1999880	1.6674236	5.7792115	25
CCTGA	1281080	1.6443444	5.1987076	3
ACAGA	1593025	1.6366735	6.0066066	8
GCCCA	1008270	1.6308897	6.6435766	1
ATTTC	1950220	1.6050725	6.771649	15
GTCCT	1249080	1.5963564	15.315011	1
TCAGG	1243275	1.5672094	5.3203464	3
TGAGA	1552175	1.5593598	6.5621943	46
CCTGT	1218725	1.5575618	5.3487034	8
GGGCC	794955	1.5560764	5.163239	6
TGGGC	996870	1.5484449	6.261487	5
AGTGG	1216600	1.5060899	6.663944	8
AGGAC	1163130	1.472533	14.965451	5
CTGTC	1143355	1.4612371	5.705645	9
ATGGC	1157145	1.4586382	9.47183	17
ACAGC	1117100	1.4400767	5.354679	8
GCTGT	1133155	1.4222378	5.0239863	8
GCCCT	872905	1.4058459	5.8401833	1
GACAG	1101500	1.3945088	6.656945	7
GGGCT	896855	1.393091	5.793647	6
CACTT	1321065	1.3701445	5.793531	57
ACTGA	1326660	1.3571318	5.9749303	28
AATGA	1656190	1.3502632	5.497178	44
GGACA	1065565	1.349015	6.8288403	6
CTCAT	1289270	1.3371683	5.0837994	19
AGGGC	836135	1.3043994	5.3159666	5
TGTCC	1019065	1.3023914	5.006185	10
AACTG	1267970	1.2970939	5.985031	27
ATGAG	1266925	1.2727896	6.193473	45
AAACT	1529725	1.269926	5.2223616	26
AAGTG	1259755	1.2655864	5.0108266	7
GCAAG	998680	1.2643378	5.386362	20
GGCAA	998110	1.2636163	5.456008	19
TGTGC	1005905	1.2625246	7.9106426	10
GTCCA	949865	1.2192099	7.0262322	1
GTGCT	951160	1.1938134	6.6059146	1
GGAAT	1161205	1.1665802	5.774992	12
TACAG	1130795	1.1567681	7.3021693	5
AAATC	1387340	1.1517227	5.3958135	33
GTGCA	902595	1.1377655	6.371305	11
CTGTA	1115105	1.1357982	7.5805197	1
AGCAC	875885	1.1291214	5.288819	5
TGGAC	889890	1.1217502	5.980635	5
GTCTT	1091455	1.1069151	5.3488746	1
AATAT	1661050	1.0942501	5.410932	14
ACAGT	1062795	1.0872064	6.3573275	6
AATCA	1306505	1.0846162	5.2157817	34
GGACC	679325	1.0791171	7.5937233	6
AGTGT	1049210	1.049521	6.9956264	8
GACCT	817180	1.0489006	5.134238	7
TGCAC	813340	1.0439717	5.2144094	5
ACTGT	1021400	1.0403543	5.9189916	8
CTACA	982070	1.022967	8.271552	4
GACTG	795295	1.0025085	5.561389	7
TCCTA	952470	0.9878557	9.450793	2
TGTAG	983595	0.98388654	8.502137	2
TAGGA	963755	0.96821606	9.699564	4
TATGG	925085	0.92535913	7.3360248	16
ATATG	1129570	0.91694736	6.397368	15
GGACT	725440	0.91445285	5.045311	6
CCTAC	661005	0.86392903	7.848179	3
GTAGG	677315	0.8384821	8.344388	3
TGGCG	501925	0.77964354	5.4688153	18
GTGTA	727135	0.7273505	5.9331183	1
TACAC	674960	0.7030678	5.275579	5
GGACG	444865	0.6940047	8.07593	6
ACGTG	532175	0.67083275	5.9756813	8
GCGAG	427505	0.6669225	5.4039307	20
GGCGA	415690	0.6484907	5.4660954	19
GACGT	394240	0.4969589	5.8294344	7
>>END_MODULE
