##FastQC	0.10.1
>>Basic Statistics	pass
#Measure	Value	
Filename	004-F5_S4_L001_R2_001.fastq.gz	
File type	Conventional base calls	
Encoding	Sanger / Illumina 1.9	
Total Sequences	15788274	
Filtered Sequences	0	
Sequence length	35-75	
%GC	46	
>>END_MODULE
>>Per base sequence quality	pass
#Base	Mean	Median	Lower Quartile	Upper Quartile	10th Percentile	90th Percentile
1	31.30636680108288	32.0	32.0	32.0	32.0	32.0
2	31.047776026689174	32.0	32.0	32.0	32.0	32.0
3	31.08795280598753	32.0	32.0	32.0	32.0	32.0
4	31.159926221194286	32.0	32.0	32.0	32.0	32.0
5	31.10385340411498	32.0	32.0	32.0	32.0	32.0
6	34.765665518599434	36.0	36.0	36.0	36.0	36.0
7	34.74901239996215	36.0	36.0	36.0	32.0	36.0
8	34.66860304045901	36.0	36.0	36.0	32.0	36.0
9	34.81197127691095	36.0	36.0	36.0	36.0	36.0
10	34.61419107623797	36.0	36.0	36.0	32.0	36.0
11	34.777628447542774	36.0	36.0	36.0	36.0	36.0
12	34.65477353635996	36.0	36.0	36.0	32.0	36.0
13	34.71071296330428	36.0	36.0	36.0	32.0	36.0
14	34.654720205641226	36.0	36.0	36.0	32.0	36.0
15	34.60042966064562	36.0	36.0	36.0	32.0	36.0
16	34.598302702372656	36.0	36.0	36.0	32.0	36.0
17	34.592592388503014	36.0	36.0	36.0	32.0	36.0
18	34.58077304713612	36.0	36.0	36.0	32.0	36.0
19	34.57294464233392	36.0	36.0	36.0	32.0	36.0
20	34.55062104952068	36.0	36.0	36.0	32.0	36.0
21	34.538936745080555	36.0	36.0	36.0	32.0	36.0
22	34.515924033241376	36.0	36.0	36.0	32.0	36.0
23	34.49783510217773	36.0	36.0	36.0	32.0	36.0
24	34.48381773713833	36.0	36.0	36.0	32.0	36.0
25	34.46890173048681	36.0	36.0	36.0	32.0	36.0
26	34.450130140888106	36.0	36.0	36.0	32.0	36.0
27	34.43755979912687	36.0	36.0	36.0	32.0	36.0
28	34.419920315545575	36.0	36.0	36.0	32.0	36.0
29	34.4103347205654	36.0	36.0	36.0	32.0	36.0
30	34.379584367486906	36.0	36.0	36.0	32.0	36.0
31	34.37513277258806	36.0	36.0	36.0	32.0	36.0
32	34.35781954379561	36.0	36.0	36.0	32.0	36.0
33	34.34497602461168	36.0	36.0	36.0	32.0	36.0
34	34.3405070750609	36.0	36.0	36.0	32.0	36.0
35	34.31494873980525	36.0	36.0	36.0	32.0	36.0
36	34.36703541421154	36.0	36.0	36.0	32.0	36.0
37	34.360198705059574	36.0	36.0	36.0	32.0	36.0
38	34.34398842723946	36.0	36.0	36.0	32.0	36.0
39	34.3275723510332	36.0	36.0	36.0	32.0	36.0
40	34.32119891561274	36.0	36.0	36.0	32.0	36.0
41	34.303139479479896	36.0	36.0	36.0	32.0	36.0
42	34.28772602980372	36.0	36.0	36.0	32.0	36.0
43	34.26933479827004	36.0	36.0	36.0	32.0	36.0
44	34.236418870197134	36.0	36.0	36.0	32.0	36.0
45	34.22373997014537	36.0	36.0	36.0	32.0	36.0
46	34.19863200390292	36.0	36.0	36.0	32.0	36.0
47	34.18421537584256	36.0	36.0	36.0	32.0	36.0
48	34.15135849588546	36.0	36.0	36.0	32.0	36.0
49	34.12333259724699	36.0	36.0	36.0	32.0	36.0
50	34.09248053059787	36.0	36.0	36.0	32.0	36.0
51	34.06254902559429	36.0	36.0	36.0	32.0	36.0
52	34.038158247275405	36.0	36.0	36.0	32.0	36.0
53	34.004213279455385	36.0	36.0	36.0	32.0	36.0
54	33.974943884988946	36.0	36.0	36.0	32.0	36.0
55	33.943776351343466	36.0	36.0	36.0	32.0	36.0
56	33.91612042763302	36.0	36.0	36.0	32.0	36.0
57	33.8921990547745	36.0	36.0	36.0	32.0	36.0
58	33.851876848977746	36.0	36.0	36.0	32.0	36.0
59	33.82580372212604	36.0	36.0	36.0	32.0	36.0
60	33.78713053018024	36.0	36.0	36.0	32.0	36.0
61	33.770410205623165	36.0	36.0	36.0	32.0	36.0
62	33.727042196179575	36.0	36.0	36.0	27.0	36.0
63	33.70715249334269	36.0	36.0	36.0	27.0	36.0
64	33.67633188913717	36.0	36.0	36.0	27.0	36.0
65	33.6588477536274	36.0	36.0	36.0	27.0	36.0
66	33.619086950048924	36.0	36.0	36.0	27.0	36.0
67	33.5798030133319	36.0	36.0	36.0	27.0	36.0
68	33.55619310856136	36.0	36.0	36.0	27.0	36.0
69	33.535513882701174	36.0	36.0	36.0	27.0	36.0
70	33.509283686456435	36.0	36.0	36.0	27.0	36.0
71	33.45534720597375	36.0	36.0	36.0	27.0	36.0
72	33.43609382945095	36.0	36.0	36.0	27.0	36.0
73	33.40913794348957	36.0	36.0	36.0	27.0	36.0
74	33.34704604911976	36.0	36.0	36.0	27.0	36.0
75	32.119457931189764	36.0	32.0	36.0	14.0	36.0
>>END_MODULE
>>Per sequence quality scores	pass
#Quality	Count
2	38108.0
3	279.0
4	4575.0
5	4156.0
6	1603.0
7	845.0
8	322.0
9	201.0
10	238.0
11	178.0
12	230.0
13	186.0
14	1349.0
15	3589.0
16	5753.0
17	8071.0
18	10922.0
19	15363.0
20	21616.0
21	30599.0
22	42821.0
23	60128.0
24	84532.0
25	116332.0
26	156081.0
27	205865.0
28	264342.0
29	334074.0
30	422516.0
31	545794.0
32	748874.0
33	1154797.0
34	2506179.0
35	8997756.0
>>END_MODULE
>>Per base sequence content	fail
#Base	G	A	T	C
1	43.82207347751993	17.859022618075787	12.174275770541172	26.144628133863108
2	16.631320390376384	19.088698219547677	37.23891420762747	27.041067182448476
3	19.98674658420097	20.771926072936836	28.516621881202813	30.72470546165938
4	13.687041377267233	14.714866770123908	35.8916799882363	35.70641186437256
5	15.453301831447131	34.28386287689122	34.839812502317436	15.423022789344214
6	34.59473633917123	34.63585462185434	16.52522574261009	14.24418329636434
7	30.521873457030225	29.40426403417832	20.578249901170555	19.495612607620902
8	26.534649755274703	34.74882670628931	19.983607707870426	18.73291583056556
9	25.079221988243233	15.910159775353069	19.98292077597912	39.02769746042458
10	14.584792563671146	27.485534323829135	34.67456532458343	23.25510778791628
11	34.60919401692355	22.58244691716383	23.600343271898115	19.208015794014496
12	22.64037306419008	24.077988480828573	30.707382954249134	22.57425550073221
13	27.946299419780335	20.56605649826646	26.043326330116173	25.444317751837037
14	20.626111387079067	20.699240601278717	27.17123960436256	31.503408407279647
15	22.955168876951134	29.35715128596877	23.181148559114227	24.506531277965877
16	22.89500785509563	28.363459678722077	25.663628803805118	23.077903662377174
17	21.942820206645795	28.035380547599846	27.42213576942632	22.59966347632804
18	22.318685516505685	27.634112354349416	27.973363954503185	22.073838174641715
19	22.876751870203744	27.060433484603674	27.471944401794097	22.590870243398488
20	22.79785241955502	27.03958054004973	27.727629126756792	22.43493791363846
21	22.63804480609279	26.649254622454166	27.369145780549143	23.343554790903905
22	22.619036875919026	26.817412794499646	27.58620076060261	22.97734956897872
23	22.52436986496557	26.838717131616907	27.508118627739965	23.128794375677558
24	22.75333784058896	26.495843076825487	27.809038380169365	22.941780702416192
25	22.850708194647186	26.587758690587126	27.35943972587252	23.202093388893164
26	22.320415617696803	27.023730606107023	27.617113340862826	23.038740435333352
27	22.493456731486987	27.012689437959274	27.427590593150207	23.06626323740353
28	22.475477459730847	26.928560372820797	27.401680210755753	23.194281956692606
29	22.433227545013317	27.011302738257136	27.499670927626894	23.05579878910265
30	22.481543157967405	27.021849064061502	27.511493075422454	22.985114702548636
31	23.024987183216357	26.856161655627847	27.180313318644846	22.938537842510947
32	22.324072934121055	27.179803152136174	27.597173555880033	22.898950357862738
33	22.493801346527214	26.980602541341465	27.65813088996018	22.867465222171145
34	22.509496970096016	26.787404385219425	27.82113969742398	22.88195894726058
35	22.442671999255634	27.0406444663585	27.639054451844885	22.87762908254098
36	22.533721871989982	27.300819713267327	27.55325153056587	22.612206884176818
37	22.70704782309745	26.953071063516177	27.177037824103913	23.16284328928246
38	22.524230661404346	27.45095602476628	27.265756358686506	22.75905695514287
39	22.813772946135412	27.094337214459614	27.415182659693617	22.676707179711357
40	22.876456228748584	26.876281890941478	27.45157109167293	22.79569078863701
41	22.864962020748298	27.007858195436857	27.438161741510736	22.689018042304106
42	22.62749477719035	27.25751337032221	27.438516512499334	22.6764753399881
43	22.681022793128143	27.042443403617	27.395513629170605	22.881020174084252
44	22.522363653646117	27.3705048403401	27.377887897664138	22.72924360834965
45	22.619919326058756	27.327406866968662	27.21836747987259	22.83430632709999
46	22.73730087099629	27.16082225190385	27.199815436135438	22.90206144096442
47	22.777892568467973	27.27937371349853	27.278221852015953	22.66451186601754
48	22.49293285818013	27.330032685429572	27.271783287073028	22.90525116931727
49	22.834251100390937	27.068973519245027	27.27402968185679	22.822745698507248
50	22.644872861433505	27.47038246341593	27.206342281144547	22.67840239400602
51	22.728515779739084	27.34045953016322	27.19247008157969	22.738554608518008
52	22.717896985730786	27.411481819896455	27.116632350050047	22.753988844322713
53	22.614904187795478	27.173260203541496	27.403850603044468	22.807985005618562
54	22.749655847486505	27.557781361049976	27.233457349767015	22.459105441696504
55	22.75974532461187	27.118115596399534	27.209589577324483	22.912549501664113
56	22.805814035971864	27.4466366901143	27.018553682520995	22.728995591392838
57	22.677916427685357	27.360584979784853	27.092797585081275	22.868701007448518
58	22.71807398137689	27.28232549041487	27.07381453083969	22.925785997368546
59	22.63460955935423	27.392583211749415	27.137029929678103	22.83577729921825
60	22.695661715145594	27.332432496522387	27.314346094161024	22.657559694170995
61	22.93219771184456	27.27605742934819	27.104800261011945	22.686944597795307
62	22.856618288590376	27.363100418603008	27.181868051995128	22.59841324081149
63	22.808536821132545	27.58292332725027	27.030833963669632	22.57770588794756
64	22.90613328174609	27.239257890387297	26.98485133880769	22.869757489058923
65	22.77559704566717	27.488873633869034	27.0812117263462	22.654317594117604
66	22.770244106538286	27.7634955638905	26.86859484189661	22.5976654876746
67	22.89260134744852	27.352651690577627	26.95365174391216	22.801095218061697
68	22.885305456012563	27.62748192808029	27.13452964084245	22.352682975064695
69	23.130742858645124	27.450240809610104	27.054581782043	22.364434549701766
70	23.284789978034798	27.279116543322214	26.92195176774253	22.514141710900454
71	22.982624088006357	27.742254883412095	26.863915611017227	22.411205417564325
72	22.96071874758677	27.83798488892368	27.094363653866292	22.106932709623255
73	23.7101661408616	28.50651656168094	27.015481117982826	20.767836179474635
74	24.86142938184702	30.803023730117758	27.256983689838	17.078563198197223
75	30.26666612152798	41.170268093965554	28.563065784506463	0.0
>>END_MODULE
>>Per base GC content	fail
#Base	%GC
1	69.96670161138304
2	43.67238757282486
3	50.71145204586035
4	49.39345324163979
5	30.876324620791344
6	48.83891963553557
7	50.01748606465113
8	45.26756558584026
9	64.10691944866781
10	37.83990035158743
11	53.81720981093805
12	45.214628564922286
13	53.39061717161737
14	52.129519794358714
15	47.46170015491701
16	45.9729115174728
17	44.54248368297383
18	44.392523691147396
19	45.46762211360223
20	45.23279033319348
21	45.981599596996695
22	45.596386444897746
23	45.65316424064313
24	45.69511854300515
25	46.05280158354035
26	45.359156053030155
27	45.55971996889052
28	45.66975941642345
29	45.48902633411597
30	45.466657860516044
31	45.96352502572731
32	45.22302329198379
33	45.361266568698355
34	45.391455917356595
35	45.320301081796615
36	45.1459287561668
37	45.86989111237991
38	45.28328761654721
39	45.49048012584677
40	45.6721470173856
41	45.5539800630524
42	45.30397011717845
43	45.5620429672124
44	45.251607261995765
45	45.454225653158744
46	45.63936231196071
47	45.44240443448552
48	45.3981840274974
49	45.656996798898184
50	45.323275255439526
51	45.46707038825709
52	45.4718858300535
53	45.422889193414036
54	45.20876128918301
55	45.67229482627598
56	45.5348096273647
57	45.546617435133875
58	45.64385997874544
59	45.47038685857248
60	45.35322140931658
61	45.61914230963987
62	45.455031529401865
63	45.38624270908011
64	45.77589077080502
65	45.42991463978477
66	45.36790959421289
67	45.69369656551021
68	45.237988431077255
69	45.49517740834689
70	45.798931688935255
71	45.39382950557068
72	45.067651457210026
73	44.47800232033624
74	41.93999258004425
75	30.26666612152798
>>END_MODULE
>>Per sequence GC content	warn
#GC Content	Count
0	38330.0
1	19626.5
2	1549.0
3	2641.0
4	3111.0
5	3153.0
6	3027.0
7	2656.0
8	2472.0
9	2529.0
10	2849.0
11	3681.0
12	4254.0
13	4930.0
14	6550.5
15	8892.0
16	10748.0
17	14386.5
18	22180.5
19	31644.0
20	38123.5
21	48916.5
22	68820.0
23	91291.5
24	106761.5
25	126246.5
26	159749.0
27	194162.0
28	218131.5
29	248628.0
30	295949.0
31	343504.0
32	377220.0
33	416984.0
34	481302.5
35	543366.5
36	581710.5
37	618946.5
38	658927.5
39	681458.5
40	696391.0
41	702841.0
42	703806.5
43	704192.0
44	707036.5
45	704713.0
46	692041.0
47	676206.0
48	668773.0
49	658299.5
50	636195.5
51	615173.0
52	602980.0
53	591040.0
54	569400.0
55	546655.5
56	532661.5
57	516342.5
58	487457.5
59	451888.5
60	420759.5
61	385340.0
62	341176.5
63	298721.0
64	264689.0
65	235840.0
66	197328.5
67	159519.0
68	133315.5
69	112835.0
70	89584.0
71	67736.5
72	52958.0
73	42933.0
74	32222.0
75	22905.0
76	17008.0
77	13302.0
78	9687.0
79	6714.5
80	4968.0
81	3845.5
82	2783.5
83	1996.5
84	1617.0
85	1430.0
86	1192.5
87	1003.5
88	945.0
89	908.5
90	903.0
91	863.5
92	815.0
93	794.0
94	778.5
95	779.5
96	773.0
97	810.5
98	1037.5
99	5152.5
100	9079.0
>>END_MODULE
>>Per base N content	pass
#Base	N-Count
1	0.4078343205850114
2	0.30582823682943433
3	0.24304113293194685
4	0.24149568217526501
5	0.24135633825458058
6	0.24441557069506142
7	0.2625302803840369
8	0.27279105999807196
9	0.28609840442343476
10	0.2946997246184099
11	0.3112879849944332
12	0.31442322320983285
13	0.318394524949339
14	0.32774323526434873
15	0.3259444319246043
16	0.32930768746476025
17	0.32613444636190125
18	0.3341403879866792
19	0.33626221586982846
20	0.33323465250223044
21	0.3320375615472597
22	0.3347801032589123
23	0.33868173303807625
24	0.3491388609039848
25	0.3382573674614464
26	0.3457249348472164
27	0.3430710665396357
28	0.35671410313755636
29	0.34616196805299937
30	0.3600456896048295
31	0.33598986184303614
32	0.34840413841310325
33	0.34592128309908987
34	0.3406452155568113
35	0.3425200246714745
36	0.11794127294618177
37	0.10962226453056184
38	0.10222044894105765
39	0.111688567829498
40	0.11622629658259707
41	0.10132879301248097
42	0.10188818688578996
43	0.10615105409138122
44	0.11409483277793392
45	0.10053025703924201
46	0.1094020207576177
47	0.1138010942253798
48	0.11854383420473211
49	0.11164661518564083
50	0.11287336217939895
51	0.11858126779991138
52	0.10747254640156947
53	0.10585322088829899
54	0.1072732837852336
55	0.10057818779029451
56	0.08689357550171073
57	0.09633817457859177
58	0.09635952298743655
59	0.08993166354495685
60	0.08859170774387366
61	0.08866135123793538
62	0.0965002200657678
63	0.08804322694680998
64	0.0859342383002342
65	0.08733913947125381
66	0.08077089126941274
67	0.09173079398502201
68	0.0811006164032417
69	0.08308917535375977
70	0.08981513456541773
71	0.09065947719608414
72	0.09475017918901935
73	0.1051784138477859
74	0.12650508070972394
75	0.1953956314245142
>>END_MODULE
>>Sequence Length Distribution	warn
#Length	Count
35	48237.0
36	14217.0
37	18591.0
38	19858.0
39	21381.0
40	21868.0
41	24058.0
42	25306.0
43	27883.0
44	30259.0
45	32332.0
46	33431.0
47	34369.0
48	35211.0
49	36266.0
50	36279.0
51	37381.0
52	39095.0
53	40636.0
54	42323.0
55	43894.0
56	45188.0
57	45890.0
58	46274.0
59	46468.0
60	47829.0
61	48188.0
62	49421.0
63	51145.0
64	52843.0
65	55692.0
66	54662.0
67	57865.0
68	57549.0
69	65694.0
70	74555.0
71	133023.0
72	391802.0
73	1049254.0
74	3194525.0
75	9557532.0
>>END_MODULE
>>Sequence Duplication Levels	warn
#Total Duplicate Percentage	28.597752343977103
#Duplication Level	Relative count
1	100.0
2	19.404787369844676
3	7.45706340608461
4	3.526700385722073
5	1.9299904086997923
6	1.1757968024399164
7	0.7693740814087481
8	0.5202762846477095
9	0.3926222890776481
10++	2.8277085072762778
>>END_MODULE
>>Overrepresented sequences	warn
#Sequence	Count	Percentage	Possible Source
NNNNNNNNNNNNNNNNNNNNNNNNNNNNNNNNNNN	38106	0.24135633825458058	No Hit
>>END_MODULE
>>Kmer Content	warn
#Sequence	Count	Obs/Exp Overall	Obs/Exp Max	Max Obs/Exp Position
AAAAA	5829345	3.8720198	9.251098	71
TTTTT	4828305	3.0784159	5.2846375	71
CCTGG	2463000	2.9721158	11.620512	3
CCAGG	2366750	2.879458	11.973443	3
GGGGG	2064365	2.8401875	5.2705464	71
CCCAG	2206745	2.7153988	10.609987	2
CAGCA	2574195	2.7073925	7.152397	4
TGCTG	2594480	2.6541338	7.715743	2
CTGGG	2192200	2.6155212	9.948324	4
CCAGC	2078640	2.5577657	6.3774867	3
GGAGG	2083365	2.4778636	5.4673877	6
GCTGG	2064635	2.463323	6.3392034	3
TCCAG	2347180	2.4484942	9.317043	2
CTGCT	2329795	2.4105346	6.570678	9
AGCAG	2299935	2.3916752	5.441958	7
GCTGC	1949640	2.3526409	5.5930376	8
CTCCT	2240805	2.344892	6.555814	1
CTCCA	2217630	2.3397257	6.7990766	1
AGGAG	2270750	2.3347094	6.9581795	5
CAGGA	2229330	2.3182538	9.843036	4
CTGGA	2246905	2.3174708	8.973665	4
CAGCC	1865265	2.2952075	5.4080844	9
CTTCT	2573290	2.2828574	5.097519	1
TCCTG	2190725	2.2666452	9.15061	2
GGCTG	1874465	2.2364306	7.925523	7
CAGAG	2106720	2.1907532	7.331123	4
CCTGC	1792730	2.1879597	6.186934	3
CTGCA	2087090	2.1771777	6.434134	4
GGCAG	1804955	2.1712086	5.9171686	7
CTCTG	2098045	2.1707535	7.3355126	2
CTGCC	1774815	2.1660948	5.620618	9
GCAGG	1789865	2.1530566	6.3752007	3
CCCTG	1757700	2.1452067	8.685609	2
TGCAG	2075880	2.1410747	6.726142	2
TGGAG	2066495	2.10737	6.381447	5
CACAG	1984260	2.0869322	7.455571	7
AGCTG	2002555	2.0654469	5.8085885	7
CAGGG	1709405	2.05627	8.60749	4
GCCTG	1698730	2.0498667	6.182064	7
CTGTG	2003160	2.0492177	8.795708	9
GGAGA	1947045	2.0018866	5.47747	6
CAGAA	2212140	1.9886147	5.350465	4
CTGGC	1640645	1.9797751	5.136099	4
CCCCA	1585365	1.9730307	6.5565047	1
CTCAG	1863055	1.9434724	5.9664254	2
CAGGC	1595550	1.9411931	5.4809284	4
TTCTG	2179920	1.9120862	5.3575916	2
CTGAG	1846000	1.903975	5.631426	4
GGGAG	1597505	1.9000028	5.1452546	7
CCAGA	1798240	1.8912871	6.600699	3
CCTCT	1788710	1.871797	5.5277615	1
TCTGG	1784750	1.825786	6.289364	3
GGCCA	1498865	1.8235631	5.6027846	1
TGGGG	1531945	1.8071662	5.6849656	5
CAGTG	1751455	1.8064609	6.3168225	9
CACTG	1722815	1.7971792	7.364243	7
ACCTG	1710980	1.7848333	5.227557	7
TGGCC	1439535	1.7370945	5.12614	5
GAGAG	1673875	1.7210224	5.5111785	7
CCTGA	1636155	1.7067785	5.4725785	3
ACAGA	1887540	1.6968138	6.001823	8
GTGTG	1647580	1.6664636	7.8828754	1
GCCCA	1346050	1.656314	6.728019	1
TCAGG	1592640	1.6426581	5.5904036	3
ACACA	1796525	1.6334074	6.5455565	6
TGTGT	1858545	1.611821	6.2821383	10
CCTGT	1542270	1.5957178	5.2531457	8
CACAC	1497295	1.5927231	6.6338043	5
TGGGC	1299890	1.5509032	5.982527	5
ACAGC	1454885	1.5301656	5.8079104	8
GCTGT	1494085	1.528438	5.4541035	8
CTGTC	1426555	1.4759926	5.7708874	9
GACAG	1378535	1.4335222	6.8869915	7
GCCCT	1157465	1.4126426	5.6645794	1
GGGCT	1172060	1.3983889	5.6262445	6
AGACA	1542315	1.3864721	5.373092	6
GTCCT	1298725	1.3437326	9.24761	1
AGGGC	1107050	1.3316878	5.2259245	5
GGACA	1258325	1.3085172	6.2351327	6
GTGCT	1245060	1.2736872	6.6068945	1
AGGAC	1211595	1.2599233	8.899029	5
TGTGC	1205915	1.2336421	6.0384593	10
ACTGC	1168180	1.2186036	5.1979804	8
AGCAC	1158130	1.2180555	5.6171136	5
GTCCA	1166810	1.2171745	6.790711	1
GTCTT	1308720	1.1479254	5.4029346	1
TGGAC	1080005	1.1139233	6.0223327	5
GTGCA	1056275	1.0894481	5.7488585	1
ACAGT	1219365	1.0872133	5.4536233	8
ACTGT	1204160	1.0648984	6.177003	8
TGCAC	1014130	1.0579041	5.2113123	5
GACTG	1016565	1.0484911	5.853666	7
GGACC	832165	1.0124363	5.3248434	6
ACACT	1090765	0.9836381	5.0449796	6
CTACA	1063165	0.9587488	5.3936896	4
GGACT	918905	0.9477639	5.2232375	6
TGTAG	1078775	0.9432606	5.5766616	2
TCCTA	901010	0.8058919	5.479239	2
TAGGA	912320	0.80427593	5.569672	4
GTGTA	775990	0.6785111	5.7507133	1
TACAC	729785	0.6581109	5.0247316	5
>>END_MODULE
