##FastQC	0.10.1
>>Basic Statistics	pass
#Measure	Value	
Filename	029-F0_S5_L002_R1_001_trimmed.fq.gz	
File type	Conventional base calls	
Encoding	Sanger / Illumina 1.9	
Total Sequences	20139806	
Filtered Sequences	0	
Sequence length	20-51	
%GC	45	
>>END_MODULE
>>Per base sequence quality	pass
#Base	Mean	Median	Lower Quartile	Upper Quartile	10th Percentile	90th Percentile
1	35.19856551746328	36.0	36.0	36.0	36.0	36.0
2	35.185485947580624	36.0	36.0	36.0	36.0	36.0
3	35.16846497925551	36.0	36.0	36.0	36.0	36.0
4	35.15832252803229	36.0	36.0	36.0	36.0	36.0
5	35.13902561921401	36.0	36.0	36.0	36.0	36.0
6	35.097325962325556	36.0	36.0	36.0	36.0	36.0
7	35.07673072918379	36.0	36.0	36.0	36.0	36.0
8	35.06701509438572	36.0	36.0	36.0	36.0	36.0
9	35.04890990509045	36.0	36.0	36.0	36.0	36.0
10	35.02891959336649	36.0	36.0	36.0	36.0	36.0
11	35.01965450908514	36.0	36.0	36.0	36.0	36.0
12	34.99743825734965	36.0	36.0	36.0	36.0	36.0
13	34.99325926972683	36.0	36.0	36.0	36.0	36.0
14	34.97871786848393	36.0	36.0	36.0	36.0	36.0
15	34.961812740400774	36.0	36.0	36.0	36.0	36.0
16	34.941110654193984	36.0	36.0	36.0	36.0	36.0
17	34.93726344732417	36.0	36.0	36.0	36.0	36.0
18	34.920086618510624	36.0	36.0	36.0	36.0	36.0
19	34.90277240009164	36.0	36.0	36.0	36.0	36.0
20	34.89550688819942	36.0	36.0	36.0	36.0	36.0
21	34.88424289525608	36.0	36.0	36.0	36.0	36.0
22	34.86859943852965	36.0	36.0	36.0	36.0	36.0
23	34.8607274076671	36.0	36.0	36.0	36.0	36.0
24	34.83904019355271	36.0	36.0	36.0	36.0	36.0
25	34.826140078505674	36.0	36.0	36.0	36.0	36.0
26	34.80348271537416	36.0	36.0	36.0	36.0	36.0
27	34.7975925363962	36.0	36.0	36.0	36.0	36.0
28	34.77652609920379	36.0	36.0	36.0	36.0	36.0
29	34.76006456341378	36.0	36.0	36.0	36.0	36.0
30	34.73536440365104	36.0	36.0	36.0	36.0	36.0
31	34.71282537127284	36.0	36.0	36.0	32.0	36.0
32	34.690064025490116	36.0	36.0	36.0	32.0	36.0
33	34.65171064686347	36.0	36.0	36.0	32.0	36.0
34	34.64222654477969	36.0	36.0	36.0	32.0	36.0
35	34.608353635919414	36.0	36.0	36.0	32.0	36.0
36	34.57741480284055	36.0	36.0	36.0	32.0	36.0
37	34.566727715440344	36.0	36.0	36.0	32.0	36.0
38	34.5472530635872	36.0	36.0	36.0	32.0	36.0
39	34.50930365354856	36.0	36.0	36.0	32.0	36.0
40	34.490185268473965	36.0	36.0	36.0	32.0	36.0
41	34.46387082217562	36.0	36.0	36.0	32.0	36.0
42	34.42975321345158	36.0	36.0	36.0	32.0	36.0
43	34.39799467841153	36.0	36.0	36.0	32.0	36.0
44	34.37344152076783	36.0	36.0	36.0	32.0	36.0
45	34.368999347138434	36.0	36.0	36.0	32.0	36.0
46	34.33250468838589	36.0	36.0	36.0	32.0	36.0
47	34.33547867933183	36.0	36.0	36.0	32.0	36.0
48	34.33805863756534	36.0	36.0	36.0	32.0	36.0
49	34.37522870686262	36.0	36.0	36.0	32.0	36.0
50	34.465059966310704	36.0	36.0	36.0	32.0	36.0
51	34.57010611140604	36.0	36.0	36.0	32.0	36.0
>>END_MODULE
>>Per sequence quality scores	pass
#Quality	Count
14	15.0
15	103.0
16	369.0
17	1028.0
18	2207.0
19	4490.0
20	8530.0
21	15139.0
22	24698.0
23	38763.0
24	59090.0
25	87319.0
26	125517.0
27	172816.0
28	230923.0
29	299197.0
30	383868.0
31	498540.0
32	675724.0
33	1017727.0
34	2057720.0
35	9684981.0
36	4751042.0
>>END_MODULE
>>Per base sequence content	pass
#Base	G	A	T	C
1	22.441452912771094	26.866623805656502	27.337265701916568	23.35465757965584
2	22.35929972859468	27.088480318893804	27.64651964634884	22.90570030616268
3	22.28960769298985	27.061409994177666	27.582669362372382	23.0663129504601
4	22.570762238748706	26.71547947107948	27.871154335715982	22.842603954455836
5	22.645532370477298	26.856286683290985	27.442097125409916	23.0560838208218
6	22.135302114489352	27.275169322160696	27.64111562080754	22.948412942542408
7	22.25238711671237	27.207154753704295	27.534056784338055	23.00640134524528
8	22.215933209994983	27.116261579852726	27.499703190512065	23.168102019640223
9	22.214726197647575	27.108268083658615	27.57323842760449	23.10376729108932
10	22.29475357161229	27.15555448745767	27.614723477733765	22.93496846319627
11	22.83269575593973	27.031604807648524	27.312105426522564	22.823594009889174
12	22.104647593408643	27.319265690788143	27.713640143280333	22.86244657252288
13	22.22939167158694	27.141314117200814	27.84080134792048	22.788492863291765
14	22.269119262364214	26.925958604118055	27.98736868427386	22.817553449243867
15	22.202940207154324	27.195488564622423	27.749715185028805	22.851856043194452
16	22.295901816434494	27.480776086061326	27.689377878547084	22.533944218957103
17	22.438899794600545	27.124744293419624	27.2996759469324	23.136679965047435
18	22.356314313941837	27.60955109223004	27.338018578812186	22.696116015015942
19	22.595897618171907	27.169958563841117	27.566801635717038	22.66734218226994
20	22.667167661464436	26.910208599913034	27.629642955798467	22.792980782824067
21	22.661822134125735	27.047520843151705	27.64151023209266	22.6491467906299
22	22.374416970091538	27.326743804927666	27.663020546964347	22.635818678016452
23	22.39776797401503	27.134508344898055	27.597272146014067	22.87045153507285
24	22.262163945634324	27.433128718116954	27.59424785048762	22.710459485761103
25	22.388350682433213	27.397073259852213	27.394405159613445	22.82017089810113
26	22.46725566910778	27.257254861622577	27.37794443081285	22.897545038456798
27	22.548698228423053	27.305909692224517	27.498250744838025	22.6471413345144
28	22.247685215894105	27.33224543299078	27.473541165236863	22.946528185878247
29	22.614292235333068	27.06256629399014	27.48385206608759	22.83928940458921
30	22.34656867642597	27.503909028034297	27.395842340163707	22.753679955376025
31	22.442958590875982	27.36896205148917	27.438789235847395	22.749290121787453
32	22.39629802281183	27.42732330202192	27.350936516843543	22.825442158322705
33	22.311195660291506	27.12576857913671	27.702088249052252	22.86094751151953
34	22.498186608865	27.530100179001	27.48455981679916	22.48715339533484
35	22.459691898405985	27.073089686217877	27.507069105765492	22.960149309610642
36	22.61718148927276	27.405484527297435	27.215977426879068	22.761356556550737
37	22.38764587420595	27.29232345541796	27.372123500228035	22.947907170148056
38	22.445467082139643	27.21017635728614	27.32285121568895	23.02150534488527
39	22.38313075128357	27.284058065686086	27.405965368427903	22.92684581460244
40	22.40174004559422	27.190664334216464	27.643118071372996	22.764477548816316
41	22.66373757728062	27.194729498218447	27.391388830014034	22.7501440944869
42	22.586218955934008	27.274663772307644	27.462166778353247	22.6769504934051
43	22.542234577053573	27.479901241341764	27.326244475497184	22.651619706107475
44	22.56786301309922	27.180216160474014	27.28482633112243	22.967094495304337
45	22.507316920493256	27.37820822286181	27.40783460508796	22.706640251556973
46	22.494021756267095	27.69309735383954	27.12776879450499	22.68511209538838
47	22.5653867541779	27.263029456336973	27.286476233496554	22.885107555988572
48	22.566481827358764	27.612025352719883	27.48181372729519	22.339679092626163
49	22.83235302087204	27.54330237558838	27.457192377369005	22.16715222617057
50	22.976706974131584	27.67157631056545	27.493980113911558	21.85773660139141
51	22.336735524618753	28.30789724011158	27.648910141872236	21.706457093397436
>>END_MODULE
>>Per base GC content	pass
#Base	%GC
1	45.796110492426926
2	45.26500003475736
3	45.355920643449956
4	45.41336619320454
5	45.7016161912991
6	45.08371505703177
7	45.25878846195765
8	45.3840352296352
9	45.31849348873689
10	45.22972203480856
11	45.65628976582891
12	44.96709416593153
13	45.017884534878704
14	45.08667271160808
15	45.05479625034877
16	44.8298460353916
17	45.57557975964798
18	45.05243032895778
19	45.263239800441845
20	45.4601484442885
21	45.31096892475564
22	45.01023564810799
23	45.268219509087885
24	44.97262343139543
25	45.208521580534345
26	45.36480070756458
27	45.19583956293746
28	45.19421340177235
29	45.45358163992228
30	45.100248631801996
31	45.192248712663435
32	45.221740181134535
33	45.17214317181104
34	44.985340004199834
35	45.419841208016635
36	45.3785380458235
37	45.33555304435401
38	45.46697242702491
39	45.30997656588601
40	45.16621759441054
41	45.41388167176752
42	45.26316944933911
43	45.19385428316105
44	45.53495750840356
45	45.21395717205023
46	45.17913385165547
47	45.45049431016647
48	44.90616091998493
49	44.999505247042606
50	44.834443575523
51	44.043192618016185
>>END_MODULE
>>Per sequence GC content	pass
#GC Content	Count
0	6475.0
1	6115.0
2	4720.0
3	3931.0
4	4238.5
5	4950.0
6	5716.0
7	6943.0
8	8238.0
9	10308.0
10	12612.0
11	16660.5
12	20736.0
13	27282.5
14	34418.5
15	46202.5
16	58432.5
17	76463.0
18	95406.5
19	121423.5
20	148295.0
21	181398.0
22	215062.0
23	255742.0
24	297954.0
25	341948.5
26	423992.0
27	479978.0
28	545232.0
29	612426.0
30	684247.5
31	758420.5
32	836126.0
33	915088.0
34	989916.5
35	1062228.5
36	1115531.5
37	1163849.0
38	1193803.5
39	1224276.5
40	1241113.0
41	1254259.5
42	1262629.0
43	1265832.0
44	1254736.0
45	1241373.0
46	1224864.5
47	1205948.0
48	1182066.5
49	1156567.5
50	1132534.0
51	1109145.5
52	1080654.5
53	1049339.5
54	1018452.0
55	985460.5
56	947169.5
57	905299.0
58	855797.5
59	801862.5
60	744961.0
61	684214.0
62	622990.0
63	564566.0
64	501315.5
65	441024.5
66	387863.5
67	335834.5
68	286960.0
69	239034.0
70	200984.5
71	166858.0
72	139871.0
73	114318.0
74	92616.0
75	68573.0
76	56887.5
77	46859.0
78	37206.0
79	29984.5
80	23524.5
81	19023.5
82	15151.5
83	12233.5
84	9441.5
85	7444.5
86	5715.5
87	4737.5
88	3819.0
89	2996.0
90	2254.5
91	1880.0
92	1565.0
93	1341.0
94	1134.5
95	997.5
96	877.5
97	778.5
98	699.5
99	824.0
100	945.0
>>END_MODULE
>>Per base N content	pass
#Base	N-Count
1	0.001439934426379281
2	9.235441493329182E-4
3	5.958349350534955E-4
4	7.199672131896405E-4
5	0.005158937479338183
6	0.0011867045789815452
7	6.603837196842908E-4
8	0.003103306953403623
9	0.0012016004523578826
10	8.04377162322219E-4
11	0.004036781684987432
12	0.004091399887367337
13	0.0016832336915261247
14	0.003242335104916105
15	0.006420121425201415
16	0.004751783607051627
17	0.0025422290562282478
18	0.0020506652348091137
19	0.005536299604872063
20	0.005993106388413076
21	0.0025230612526118286
22	0.0035762760322469367
23	0.0017499270280429307
24	0.0076483633379562654
25	0.0035673890596015748
26	0.003732527765523513
27	0.0015251302837494794
28	0.0010633143975604935
29	0.004544216367658076
30	0.0019146308861532977
31	8.835573551297911E-4
32	0.004892408508630977
33	0.012704063517028508
34	0.002361258167027463
35	0.0010810574272705684
36	8.511036245130092E-4
37	0.002353436733554775
38	2.2987352776454264E-4
39	5.924157571686763E-4
40	0.001246993272971142
41	4.278054982830211E-4
42	4.507390954546621E-4
43	0.0011342015495323123
44	9.575087569257571E-4
45	7.905325392873161E-4
46	4.496732960971337E-4
47	9.87231747881195E-5
48	0.002946798911007917
49	0.0013003728925113582
50	0.0017956400316902407
51	8.123344143332212E-4
>>END_MODULE
>>Sequence Length Distribution	warn
#Length	Count
20	45169.0
21	45849.0
22	47954.0
23	48853.0
24	49470.0
25	50013.0
26	50911.0
27	52019.0
28	54203.0
29	57115.0
30	58310.0
31	59902.0
32	61697.0
33	61902.0
34	63516.0
35	63824.0
36	63144.0
37	64995.0
38	66518.0
39	68726.0
40	71878.0
41	75922.0
42	78185.0
43	85385.0
44	99286.0
45	137215.0
46	225044.0
47	552599.0
48	1146483.0
49	2276964.0
50	3054472.0
51	1.1202283E7
>>END_MODULE
>>Sequence Duplication Levels	warn
#Total Duplicate Percentage	31.179943905919398
#Duplication Level	Relative count
1	100.0
2	20.550109750255608
3	7.9849567076353285
4	4.037522432666252
5	2.317267611877337
6	1.5264937832021335
7	0.9759550417193968
8	0.7071205393849695
9	0.5090695895268942
10++	4.388580253533815
>>END_MODULE
>>Overrepresented sequences	pass
>>END_MODULE
>>Kmer Content	warn
#Sequence	Count	Obs/Exp Overall	Obs/Exp Max	Max Obs/Exp Position
AAAAA	5312315	3.909159	4.8369293	47
TTTTT	5091155	3.5733364	4.3718743	13
>>END_MODULE
