##FastQC	0.10.1
>>Basic Statistics	pass
#Measure	Value	
Filename	029-F5_S4_L004_R2_001.fastq.gz	
File type	Conventional base calls	
Encoding	Sanger / Illumina 1.9	
Total Sequences	24270625	
Filtered Sequences	0	
Sequence length	35-76	
%GC	46	
>>END_MODULE
>>Per base sequence quality	pass
#Base	Mean	Median	Lower Quartile	Upper Quartile	10th Percentile	90th Percentile
1	31.414648283676254	32.0	32.0	32.0	32.0	32.0
2	31.138808168310458	32.0	32.0	32.0	32.0	32.0
3	31.177836458682048	32.0	32.0	32.0	32.0	32.0
4	31.221704962274355	32.0	32.0	32.0	32.0	32.0
5	31.16229647979811	32.0	32.0	32.0	32.0	32.0
6	34.833767816032754	36.0	36.0	36.0	36.0	36.0
7	34.82577692169031	36.0	36.0	36.0	36.0	36.0
8	34.734129467205726	36.0	36.0	36.0	32.0	36.0
9	34.897784420467126	36.0	36.0	36.0	36.0	36.0
10-14	34.7779154924935	36.0	36.0	36.0	33.6	36.0
15-19	34.679429293642	36.0	36.0	36.0	32.0	36.0
20-24	34.613253041485336	36.0	36.0	36.0	32.0	36.0
25-29	34.540037868822914	36.0	36.0	36.0	32.0	36.0
30-34	34.45627661421986	36.0	36.0	36.0	32.0	36.0
35-39	34.40731079758131	36.0	36.0	36.0	32.0	36.0
40-44	34.31918224706729	36.0	36.0	36.0	32.0	36.0
45-49	34.18949801946927	36.0	36.0	36.0	32.0	36.0
50-54	34.02959666175597	36.0	36.0	36.0	32.0	36.0
55-59	33.87435384694765	36.0	36.0	36.0	32.0	36.0
60-64	33.720402057832636	36.0	36.0	36.0	27.0	36.0
65-69	33.58940579956327	36.0	36.0	36.0	27.0	36.0
70-74	33.460214719677744	36.0	36.0	36.0	27.0	36.0
75-76	32.48650951488124	36.0	34.0	36.0	20.5	36.0
>>END_MODULE
>>Per sequence quality scores	pass
#Quality	Count
2	42175.0
3	80.0
4	279.0
5	148.0
6	85.0
7	86.0
8	20.0
9	25.0
10	35.0
11	46.0
12	62.0
13	99.0
14	2199.0
15	7537.0
16	11520.0
17	14798.0
18	19338.0
19	24233.0
20	31023.0
21	41595.0
22	58354.0
23	84008.0
24	122680.0
25	174848.0
26	239220.0
27	316193.0
28	408620.0
29	517641.0
30	656567.0
31	851040.0
32	1162577.0
33	1800573.0
34	3832845.0
35	1.3850076E7
>>END_MODULE
>>Per base sequence content	fail
#Base	G	A	T	C
1	43.95962192875942	18.12925614464839	11.910503132464669	26.000618794127522
2	16.701061997466795	18.65410275168151	38.10860497030007	26.536230280551624
3	20.34936223865381	20.887283630911817	27.90203516159436	30.861318968840013
4	13.69756834715529	14.355053047684885	35.869153721807606	36.07822488335222
5	15.55900393727469	34.237809179082724	34.690880145204595	15.512306738437987
6	34.89514343569689	34.487604888861135	16.37170338606584	14.245548289376142
7	30.646228833542445	29.024915476153822	20.56508082318058	19.763774867123157
8	26.457480282623468	34.964680321256466	19.694271028205183	18.883568367914886
9	24.8647791008806	16.062557120258166	20.198598330468396	38.87406544839284
10-14	24.35295216649784	22.8918846153154	28.12457068081559	24.63059253737117
15-19	22.85746986718563	27.927117481043247	25.935494233417657	23.27991841835347
20-24	22.884426167632245	26.571947330709744	27.328082171288987	23.215544330369024
25-29	22.832393315417143	26.6471001935348	27.189882628404515	23.33062386264354
30-34	22.806411120600444	26.727065887394673	27.284573658994066	23.181949333010817
35-39	22.88526839968522	26.954641729779265	27.133536762806916	23.0265531077286
40-44	22.895565146718404	26.891623379430918	27.162663956546417	23.050147517304257
45-49	22.90501230175202	27.0617069158713	27.031318000792627	23.001962781584055
50-54	22.94066564705399	27.092749686459072	27.016246148594714	22.950338517892224
55-59	22.930274846154642	27.105474758004437	26.945821924489984	23.018428471350934
60-64	23.023030696102182	27.196355358620373	26.876350229161574	22.90426371611587
65-69	23.00454840981677	27.265651598583336	26.881050934204836	22.84874905739506
70-74	23.276336257721336	27.50583018745807	26.81046370457947	22.407369850241125
75-76	27.5322316598557	34.80353554717548	27.584905688542477	10.07932710442634
>>END_MODULE
>>Per base GC content	fail
#Base	%GC
1	69.96024072288695
2	43.237292278018415
3	51.21068120749383
4	49.77579323050751
5	31.071310675712677
6	49.140691725073026
7	50.4100037006656
8	45.341048650538355
9	63.738844549273445
10-14	48.98354470386901
15-19	46.137388285539096
20-24	46.09997049800127
25-29	46.163017178060684
30-34	45.98836045361126
35-39	45.91182150741382
40-44	45.94571266402266
45-49	45.90697508333607
50-54	45.89100416494622
55-59	45.948703317505576
60-64	45.92729441221805
65-69	45.85329746721183
70-74	45.683706107962465
75-76	37.611558764282044
>>END_MODULE
>>Per sequence GC content	warn
#GC Content	Count
0	42223.0
1	21163.5
2	162.5
3	271.0
4	325.0
5	381.0
6	538.0
7	816.0
8	996.5
9	1221.5
10	1942.5
11	3152.5
12	3902.0
13	4990.5
14	7716.0
15	12005.0
16	18609.5
17	23767.0
18	31836.5
19	48103.0
20	68238.5
21	82700.0
22	103907.5
23	141768.0
24	182079.5
25	208932.5
26	243734.0
27	300785.5
28	357099.0
29	395359.0
30	442456.5
31	514697.0
32	583348.5
33	629493.0
34	687249.0
35	770624.5
36	842421.5
37	890486.0
38	933444.0
39	985330.0
40	1014698.5
41	1026918.5
42	1041805.5
43	1049859.0
44	1044850.5
45	1031146.0
46	1023049.0
47	1008897.5
48	981115.0
49	952116.0
50	933322.5
51	914136.0
52	885063.0
53	859388.5
54	848019.0
55	835615.5
56	811312.5
57	786167.5
58	762757.0
59	721903.5
60	663253.5
61	599919.0
62	549787.0
63	499273.0
64	433550.5
65	373949.5
66	313321.5
67	269392.5
68	235149.0
69	192726.0
70	151399.0
71	123052.5
72	103196.0
73	81511.0
74	61754.0
75	49057.0
76	41041.0
77	32434.0
78	24586.0
79	19658.5
80	16609.5
81	13218.5
82	9894.0
83	7738.0
84	6286.5
85	5026.0
86	3903.5
87	3208.5
88	2832.0
89	2428.0
90	2073.5
91	1865.0
92	1799.5
93	1744.0
94	1578.5
95	1470.0
96	1480.0
97	1524.5
98	1795.5
99	15456.5
100	28892.0
>>END_MODULE
>>Per base N content	pass
#Base	N-Count
1	0.18990034249221022
2	0.19919140936832075
3	0.18067519892874617
4	0.1771235804599181
5	0.1738356552416759
6	0.17404578580073649
7	0.17531892977622124
8	0.17564442613241316
9	0.17812067056369582
10-14	0.17845687945819277
15-19	0.18209502227486932
20-24	0.18322478304534803
25-29	0.1833121314346046
30-34	0.1837406329668066
35-39	0.04636918687901355
40-44	0.011621433918806306
45-49	0.011948270826399269
50-54	0.011361031325716494
55-59	0.011572098065113707
60-64	0.011582593596514328
65-69	0.009231877708012334
70-74	0.009382510047179517
75-76	0.009816747163993412
>>END_MODULE
>>Sequence Length Distribution	warn
#Length	Count
35	55321.0
36	19293.0
37	25182.0
38	27299.0
39	29123.0
40	29810.0
41	30743.0
42	32443.0
43	35133.0
44	38097.0
45	41126.0
46	42659.0
47	44349.0
48	45390.0
49	47238.0
50	47036.0
51	47736.0
52	48346.0
53	50764.0
54	52981.0
55	54703.0
56	56168.0
57	57509.0
58	59058.0
59	59854.0
60	59892.0
61	59971.0
62	60804.0
63	62468.0
64	65161.0
65	66018.0
66	68870.0
67	68816.0
68	69352.0
69	73897.0
70	79062.0
71	98529.0
72	191213.0
73	595480.0
74	1596510.0
75	5116018.0
76	1.4861203E7
>>END_MODULE
>>Sequence Duplication Levels	warn
#Total Duplicate Percentage	37.08190120789551
#Duplication Level	Relative count
1	100.0
2	23.617321814591968
3	10.560407057960497
4	5.927937630229673
5	3.5968752682633705
6	2.344329205003941
7	1.6349433037560774
8	1.15733695440108
9	0.8568819797251422
10++	6.384473111230773
>>END_MODULE
>>Overrepresented sequences	warn
#Sequence	Count	Percentage	Possible Source
NNNNNNNNNNNNNNNNNNNNNNNNNNNNNNNNNNN	42175	0.17376973192902945	No Hit
GGGGGGGGGGGGGGGGGGGGGGGGGGGGGGGGGGGGGGGGGGGGGGGGGG	28652	0.11805217212164912	No Hit
>>END_MODULE
>>Kmer Content	warn
#Sequence	Count	Obs/Exp Overall	Obs/Exp Max	Max Obs/Exp Position
AAAAA	8697115	3.8231282	7.5903172	72
GGGGG	4361550	3.6611743	6.390151	72
TTTTT	7628410	3.2385614	5.6955547	72
CCTGG	4055650	3.0375497	11.881312	3
CCAGG	3852560	2.905611	12.152723	3
CCCAG	3702975	2.8241427	10.500448	2
CTGGG	3680005	2.7256088	10.124615	4
CCAGC	3427470	2.6140237	6.5929794	3
GGAGG	3404640	2.5110974	5.8392944	6
GCTGG	3334230	2.4695094	6.3108273	3
CAGCA	3678405	2.4375887	6.9394765	4
TCCAG	3685335	2.4252288	9.797939	2
TGCTG	3680335	2.378429	7.298061	2
CAGCC	3113430	2.3745153	5.5120473	9
CTCCA	3563620	2.3714557	7.3759427	1
CAGGA	3572660	2.3412335	10.150551	4
CTCCT	3530040	2.3328032	7.1184363	1
AGGAG	3562145	2.3084304	7.086541	5
TCCTG	3509355	2.2933903	9.965517	2
GGCTG	3087410	2.2867012	7.939938	7
CTGGA	3476315	2.2622836	8.982092	4
CTGCA	3402750	2.2392666	6.9581523	4
CCTGC	2942545	2.228609	6.5050335	3
CCCTG	2895990	2.1933494	8.679507	2
TGCAG	3366375	2.1907377	7.0720644	2
CTGCT	3343775	2.1851823	6.414296	9
CTGCC	2885110	2.1851091	5.502173	9
GCAGG	2927310	2.1832774	6.5817046	3
GGCAG	2927160	2.1831656	5.668779	7
CAGAG	3321660	2.176748	7.115623	4
GCCTG	2896705	2.169538	6.5507517	7
CTCTG	3303100	2.158601	7.26711	2
AGCAG	3289840	2.1558957	5.1601095	7
CTTCT	3720885	2.1217031	5.0859065	1
TGGAG	3268990	2.103748	6.637923	5
GCTGC	2794045	2.0926487	5.3250947	8
CAGGG	2798120	2.0869236	8.734534	4
CACAG	3093035	2.0496783	7.1388164	7
CCCCA	2643405	2.0386724	6.2856755	1
AGCTG	3124470	2.033313	5.576314	7
CTGTG	3140605	2.0296266	9.0018015	9
CAGGC	2687450	2.026882	5.90503	4
CTCAG	3017775	1.985924	5.9993873	2
CTGGC	2641265	1.9782214	5.194292	4
GGAGA	3041655	1.9711294	5.5685234	6
GGGAG	2668340	1.9680382	5.0077815	7
CTGAG	3007425	1.9571437	5.682162	4
CAGAA	3386415	1.9498715	5.385678	4
TCCCA	2856600	1.9009602	5.184068	2
TTCTG	3324930	1.8748782	5.4378114	2
CACTG	2811210	1.8499886	7.666685	7
CCAGA	2785850	1.8461144	6.44282	3
CCTCT	2793500	1.8460656	5.3058896	1
TGGGG	2515150	1.8421762	5.581906	5
GGCCA	2436975	1.837973	5.6593466	1
CAGTG	2804150	1.8248583	6.474053	9
ACCTG	2708325	1.7822825	5.0511146	7
TCTGG	2751945	1.7784538	6.1819706	3
TGGCC	2343805	1.7554336	5.229946	5
CCTGA	2632465	1.7323608	5.617354	3
GCCCA	2227865	1.6991227	6.3372216	1
ACAGA	2929225	1.6866252	5.7573447	8
TCAGG	2546355	1.6570929	5.743288	3
GAGAG	2523240	1.6351731	5.2839713	7
CCTGT	2499625	1.633524	5.417118	8
AGGTG	2492435	1.6039983	5.0083494	7
TGGGC	2164725	1.6033113	5.950166	5
ACACA	2681025	1.5610418	6.1561155	6
GTGTG	2423600	1.5488737	7.673998	1
TGTGT	2741810	1.5289036	5.7381024	10
CACAC	2265560	1.5181836	6.3061485	5
ACAGC	2214245	1.4673258	5.652115	8
CTGTC	2224815	1.4539335	5.794407	9
GCTGT	2247135	1.4522187	5.1213374	8
GCCCT	1915570	1.4508042	5.490756	1
GGGCT	1931665	1.4306946	5.5810766	6
GACAG	2174105	1.424733	6.8279634	7
AGACA	2383280	1.3722743	5.369186	6
AGGGC	1825595	1.3615847	5.153182	5
ACTGC	1944205	1.2794338	5.2929354	8
GGACA	1944260	1.2741113	5.994619	6
GTCCT	1910990	1.2488465	7.8232045	1
GTGCT	1923885	1.2433172	6.469688	1
GTCCA	1813410	1.1933608	7.0443525	1
TGTGC	1842210	1.1905345	5.583896	10
AGCAC	1792375	1.1877627	5.521474	5
AGGAC	1786705	1.1708624	7.0497146	5
GTCTT	2026565	1.1427495	5.674136	1
GTCCC	1490130	1.1285868	5.164617	1
TGCAC	1692645	1.1138883	5.6820693	5
GTGCA	1699015	1.105669	6.128421	1
ACAGT	1930600	1.1039084	5.7051635	8
TGGAC	1680190	1.0934184	6.0776153	5
ACTGT	1924135	1.0925748	6.6162863	8
GCACT	1598990	1.0522562	5.006999	6
GACTG	1609380	1.0473372	5.9027367	7
AGACT	1773225	1.0139221	5.011665	6
ACACT	1704690	0.98567545	5.1983504	6
GGACT	1464715	0.9531934	5.2085404	6
GTGTA	1207625	0.67810965	6.144796	1
TACAC	1130460	0.65364784	5.084463	5
>>END_MODULE
