##FastQC	0.10.1
>>Basic Statistics	pass
#Measure	Value	
Filename	008-F5_S2_L002_R1_001_trimmed.fq.gz	
File type	Conventional base calls	
Encoding	Sanger / Illumina 1.9	
Total Sequences	12711504	
Filtered Sequences	0	
Sequence length	20-50	
%GC	45	
>>END_MODULE
>>Per base sequence quality	pass
#Base	Mean	Median	Lower Quartile	Upper Quartile	10th Percentile	90th Percentile
1	35.375639342126625	36.0	36.0	36.0	36.0	36.0
2	35.36796991134959	36.0	36.0	36.0	36.0	36.0
3	35.35086296633349	36.0	36.0	36.0	36.0	36.0
4	35.35436585631409	36.0	36.0	36.0	36.0	36.0
5	35.34214645253622	36.0	36.0	36.0	36.0	36.0
6	35.307939564035856	36.0	36.0	36.0	36.0	36.0
7	35.30082309693645	36.0	36.0	36.0	36.0	36.0
8	35.29067512388778	36.0	36.0	36.0	36.0	36.0
9	35.28358461752441	36.0	36.0	36.0	36.0	36.0
10	35.25975730330573	36.0	36.0	36.0	36.0	36.0
11	35.25305841071206	36.0	36.0	36.0	36.0	36.0
12	35.23807639127518	36.0	36.0	36.0	36.0	36.0
13	35.23288880686345	36.0	36.0	36.0	36.0	36.0
14	35.22011400067215	36.0	36.0	36.0	36.0	36.0
15	35.206920833286134	36.0	36.0	36.0	36.0	36.0
16	35.19786793128492	36.0	36.0	36.0	36.0	36.0
17	35.185146147930254	36.0	36.0	36.0	36.0	36.0
18	35.163656558657415	36.0	36.0	36.0	36.0	36.0
19	35.154352466867806	36.0	36.0	36.0	36.0	36.0
20	35.1549010250872	36.0	36.0	36.0	36.0	36.0
21	35.13464928389831	36.0	36.0	36.0	36.0	36.0
22	35.12906061119709	36.0	36.0	36.0	36.0	36.0
23	35.12116446188415	36.0	36.0	36.0	36.0	36.0
24	35.10797793044699	36.0	36.0	36.0	36.0	36.0
25	35.0977457740318	36.0	36.0	36.0	36.0	36.0
26	35.09120030500168	36.0	36.0	36.0	36.0	36.0
27	35.092460773511675	36.0	36.0	36.0	36.0	36.0
28	35.07763827516577	36.0	36.0	36.0	36.0	36.0
29	35.065396054604186	36.0	36.0	36.0	36.0	36.0
30	35.05668612177919	36.0	36.0	36.0	36.0	36.0
31	35.04522267694716	36.0	36.0	36.0	36.0	36.0
32	35.03895113426712	36.0	36.0	36.0	36.0	36.0
33	35.021509942646205	36.0	36.0	36.0	36.0	36.0
34	35.00887372198593	36.0	36.0	36.0	36.0	36.0
35	35.00384275612383	36.0	36.0	36.0	36.0	36.0
36	34.99026184642475	36.0	36.0	36.0	36.0	36.0
37	34.99255797226531	36.0	36.0	36.0	36.0	36.0
38	34.98200699179973	36.0	36.0	36.0	36.0	36.0
39	34.96351188521244	36.0	36.0	36.0	36.0	36.0
40	34.95478749778124	36.0	36.0	36.0	36.0	36.0
41	34.94297463908198	36.0	36.0	36.0	36.0	36.0
42	34.927038873376105	36.0	36.0	36.0	36.0	36.0
43	34.92344074410744	36.0	36.0	36.0	36.0	36.0
44	34.91123586447235	36.0	36.0	36.0	36.0	36.0
45	34.89871987822758	36.0	36.0	36.0	36.0	36.0
46	34.893388707032315	36.0	36.0	36.0	36.0	36.0
47	34.906635033355585	36.0	36.0	36.0	36.0	36.0
48	34.92090523708943	36.0	36.0	36.0	36.0	36.0
49	35.00089329026058	36.0	36.0	36.0	36.0	36.0
50	35.081489457415415	36.0	36.0	36.0	36.0	36.0
>>END_MODULE
>>Per sequence quality scores	pass
#Quality	Count
14	8.0
15	49.0
16	155.0
17	449.0
18	1080.0
19	2438.0
20	5038.0
21	8638.0
22	13116.0
23	19815.0
24	28645.0
25	41308.0
26	57121.0
27	78471.0
28	104491.0
29	136036.0
30	175101.0
31	226636.0
32	304687.0
33	450146.0
34	885507.0
35	5167597.0
36	5004972.0
>>END_MODULE
>>Per base sequence content	pass
#Base	G	A	T	C
1	22.522557108762893	26.60855768635453	27.3489008255029	23.51998437937968
2	22.56472130516126	26.568913728684464	27.558356203696466	23.308008762457813
3	22.479788764404876	26.69764860055002	27.468014381315054	23.354548253730048
4	22.64872040318754	26.369672699627046	27.722966534880527	23.258640362304885
5	22.722906553336	26.43446907875618	27.38178721738464	23.46083715052318
6	22.247910384919653	26.86596600603299	27.571134393040847	23.314989216006506
7	22.31576627034853	26.84354487196986	27.591738169949686	23.248950687731924
8	22.457576683726067	26.714961650761733	27.517205923943465	23.310255741568735
9	22.21083440140044	26.848083882890965	27.682167459286266	23.25891425642233
10	22.357429015908853	26.880900918264793	27.537087552782037	23.224582513044318
11	22.811130148180496	26.836569560830043	27.31403646332596	23.038263827663503
12	22.189293717801483	26.99891388644095	27.693480596674885	23.11831179908268
13	22.31876448697769	26.814125192661464	27.803810370142866	23.063299950217978
14	22.35382366048864	26.551017606574234	27.95517740115305	23.139981331784075
15	22.236811848703223	26.854374872703517	27.821186964494345	23.087626314098916
16	22.345069843044513	27.184513679028647	27.730090433058187	22.740326044868656
17	22.46551383824429	26.90970461718506	27.457275959231254	23.1675055853394
18	22.349078441071963	27.2860237466786	27.460857503565272	22.904040308684166
19	22.480068738092417	27.07096553513458	27.657043994550417	22.791921732222587
20	22.56680868123441	26.77229491828262	27.616247876311068	23.044648524171897
21	22.52921879212593	26.971789770323273	27.67415856372836	22.824832873822444
22	22.360714050821002	27.1376489821188	27.703232621033756	22.79840434602644
23	22.479716667045	26.884661657548865	27.597470975617753	23.03815069978839
24	22.30044285822684	27.28442389386799	27.632709575206	22.78242367269917
25	22.377306243206483	27.16588532190115	27.545643348412934	22.911165086479436
26	22.493655534134348	27.141523853643264	27.428798360851037	22.936022251371355
27	22.37936563522622	27.278202377751064	27.572944453330816	22.769487533691894
28	22.283732587927947	27.21682258818911	27.52725428015857	22.972190543724373
29	22.535523449282902	27.043886104105475	27.566036625317274	22.854553821294353
30	22.383969465346173	27.276778191164347	27.535169689613788	22.804082653875692
31	22.450076331126485	27.25175632249502	27.52012400344592	22.77804334293258
32	22.496383585472216	27.196208263190247	27.43314809649696	22.874260054840576
33	22.346492362521	27.096508478703957	27.62640061567798	22.930598543097062
34	22.49518704790544	27.396273999316755	27.50590866121001	22.602630291567795
35	22.51710819635033	27.042979293817957	27.483047403434576	22.956865106397135
36	22.54417164432547	27.338042631400207	27.349317777733383	22.768467946540945
37	22.419140139912162	27.237961589055683	27.44502576238428	22.89787250864788
38	22.42033056450966	27.135620798084524	27.43882915137808	23.00521948602774
39	22.2990001387269	27.229207985017496	27.542668154983634	22.92912372127197
40	22.39585436154372	27.254587413844995	27.63405629895669	22.715501925654596
41	22.62719886309931	27.206913137509236	27.40665722848708	22.759230770904374
42	22.557745943849834	27.33516623282949	27.420167848716183	22.686919974604493
43	22.5539339079441	27.40233163041717	27.337786267265724	22.70594819437301
44	22.568626729840613	27.14380159035773	27.288648962341227	22.99892271746043
45	22.435231283211458	27.30020325325996	27.469523844187844	22.79504161934074
46	22.45833312386335	27.478558034462246	27.306781660055517	22.756327181618882
47	22.567860636206273	27.344320414483757	27.328371043192217	22.75944790611775
48	22.497046841157026	27.73136985090831	27.50045537258495	22.271127935349718
49	22.672258401748113	27.97523202232438	27.58337601160987	21.76913356431763
50	22.609149308492416	27.748723102707608	27.624842451492892	22.017285137307084
>>END_MODULE
>>Per base GC content	pass
#Base	%GC
1	46.042541488142575
2	45.872730067619074
3	45.834337018134924
4	45.90736076549242
5	46.18374370385918
6	45.56289960092616
7	45.56471695808045
8	45.7678324252948
9	45.46974865782277
10	45.58201152895317
11	45.849393975843995
12	45.307605516884166
13	45.382064437195666
14	45.493804992272715
15	45.32443816280214
16	45.085395887913165
17	45.63301942358369
18	45.253118749756126
19	45.271990470315004
20	45.61145720540631
21	45.354051665948376
22	45.15911839684745
23	45.517867366833386
24	45.08286653092601
25	45.28847132968592
26	45.4296777855057
27	45.148853168918116
28	45.255923131652324
29	45.39007727057725
30	45.188052119221865
31	45.228119674059066
32	45.37064364031279
33	45.27709090561806
34	45.09781733947323
35	45.47397330274747
36	45.31263959086641
37	45.31701264856004
38	45.4255500505374
39	45.22812385999887
40	45.11135628719832
41	45.38642963400368
42	45.24466591845433
43	45.259882102317114
44	45.56754944730104
45	45.2302729025522
46	45.21466030548223
47	45.327308542324026
48	44.76817477650674
49	44.441391966065744
50	44.626434445799504
>>END_MODULE
>>Per sequence GC content	warn
#GC Content	Count
0	2045.0
1	1989.5
2	1684.5
3	1540.5
4	1685.5
5	2022.5
6	2423.0
7	3047.5
8	3688.0
9	4867.5
10	6092.5
11	8204.5
12	10433.0
13	14371.0
14	18996.0
15	26704.0
16	34986.0
17	46862.5
18	59639.0
19	76916.0
20	94356.0
21	116234.5
22	139213.5
23	166600.0
24	195002.0
25	222356.0
26	253871.0
27	291327.5
28	330579.0
29	373276.5
30	417337.0
31	463410.0
32	512074.5
33	562543.0
34	613158.5
35	655641.0
36	695151.5
37	726358.5
38	751713.0
39	768025.0
40	783215.0
41	792743.5
42	800905.0
43	800224.0
44	794614.0
45	780748.5
46	768316.0
47	751385.0
48	732070.5
49	712084.0
50	694386.5
51	680885.0
52	663710.5
53	644219.0
54	626552.0
55	606966.0
56	584039.0
57	557107.5
58	528900.5
59	494051.5
60	458591.0
61	421965.0
62	384559.5
63	352066.0
64	313456.0
65	277447.0
66	243466.0
67	212438.5
68	181418.5
69	153414.0
70	128969.5
71	108513.0
72	90493.5
73	75054.5
74	60449.5
75	49636.5
76	41542.5
77	34148.5
78	27334.0
79	22189.5
80	17639.5
81	13947.0
82	10857.5
83	8853.5
84	6984.5
85	5436.0
86	4115.0
87	3157.5
88	2415.0
89	1831.0
90	1334.0
91	1028.5
92	749.5
93	620.0
94	523.0
95	459.5
96	399.0
97	350.5
98	329.0
99	466.5
100	586.0
>>END_MODULE
>>Per base N content	pass
#Base	N-Count
1	7.945558605810926E-4
2	1.573377941744738E-5
3	7.866889708723688E-5
4	0.0
5	0.0011485658974736586
6	5.664160590281056E-4
7	6.529518458240661E-4
8	3.0680869864022385E-4
9	5.349485001932108E-4
10	2.2813980155298694E-4
11	3.6974381631001336E-4
12	9.912281032991848E-4
13	6.922862943676846E-4
14	4.6414649281469766E-4
15	2.9107491922277645E-4
16	1.573377941744738E-5
17	7.945558605810926E-4
18	0.0
19	5.192147207757634E-4
20	0.001038429441551527
21	0.0015507022162132293
22	0.0010790909045081739
23	3.1527670102026695E-5
24	1.5775234459422154E-5
25	0.0014761001623157628
26	1.1849940880644946E-4
27	4.427792780879209E-4
28	0.001068395938037784
29	9.506023452152025E-5
30	9.357613326446765E-4
31	9.050569102166873E-4
32	8.902353345055295E-4
33	0.0012415275691542793
34	8.765665239881992E-5
35	0.0
36	2.5570783845209815E-4
37	5.201585026989424E-4
38	2.404443026001166E-5
39	5.218287802701836E-4
40	2.8149238253463623E-4
41	2.4174283043142553E-5
42	3.230147874554623E-4
43	2.2664485479754543E-4
44	0.0
45	0.0
46	0.0
47	1.0164219913062039E-4
48	3.606910262958186E-5
49	1.0362996062372387E-5
50	0.0
>>END_MODULE
>>Sequence Length Distribution	warn
#Length	Count
20	7582.0
21	8050.0
22	8604.0
23	9168.0
24	9583.0
25	10226.0
26	10906.0
27	11620.0
28	12190.0
29	13522.0
30	14160.0
31	14950.0
32	15777.0
33	16204.0
34	16811.0
35	17869.0
36	18091.0
37	19289.0
38	20709.0
39	22464.0
40	23847.0
41	26548.0
42	29204.0
43	37027.0
44	63425.0
45	119879.0
46	327679.0
47	716296.0
48	1440105.0
49	1911626.0
50	7738093.0
>>END_MODULE
>>Sequence Duplication Levels	warn
#Total Duplicate Percentage	35.62794739360092
#Duplication Level	Relative count
1	100.0
2	24.74651337393164
3	9.943046086409174
4	4.942325630777865
5	2.7779252394567004
6	1.7093757820735471
7	1.1974730966699783
8	0.8766807471504083
9	0.652201939921584
10++	4.829327852814706
>>END_MODULE
>>Overrepresented sequences	pass
>>END_MODULE
>>Kmer Content	warn
#Sequence	Count	Obs/Exp Overall	Obs/Exp Max	Max Obs/Exp Position
AAAAA	3113210	3.7568836	4.5450163	46
TTTTT	3142240	3.4935203	4.0080824	13
>>END_MODULE
