##FastQC	0.10.1
>>Basic Statistics	pass
#Measure	Value	
Filename	KS30_S4_L003_R2_001.fastq.gz	
File type	Conventional base calls	
Encoding	Sanger / Illumina 1.9	
Total Sequences	25206988	
Filtered Sequences	0	
Sequence length	35-75	
%GC	45	
>>END_MODULE
>>Per base sequence quality	pass
#Base	Mean	Median	Lower Quartile	Upper Quartile	10th Percentile	90th Percentile
1	31.518388630962175	32.0	32.0	32.0	32.0	32.0
2	31.303629652221836	32.0	32.0	32.0	32.0	32.0
3	31.345161706745763	32.0	32.0	32.0	32.0	32.0
4	31.36898252183085	32.0	32.0	32.0	32.0	32.0
5	31.341727500326495	32.0	32.0	32.0	32.0	32.0
6	35.08179862663481	36.0	36.0	36.0	36.0	36.0
7	35.07209869739296	36.0	36.0	36.0	36.0	36.0
8	35.02274885043782	36.0	36.0	36.0	36.0	36.0
9	35.10424367242925	36.0	36.0	36.0	36.0	36.0
10	34.96595733690991	36.0	36.0	36.0	36.0	36.0
11	35.08482469226391	36.0	36.0	36.0	36.0	36.0
12	35.00071111233123	36.0	36.0	36.0	36.0	36.0
13	35.03730723400987	36.0	36.0	36.0	36.0	36.0
14	34.981774419061885	36.0	36.0	36.0	36.0	36.0
15	34.95199914404688	36.0	36.0	36.0	36.0	36.0
16	34.95846108229988	36.0	36.0	36.0	36.0	36.0
17	34.95193138505878	36.0	36.0	36.0	36.0	36.0
18	34.940714217819284	36.0	36.0	36.0	36.0	36.0
19	34.939211697962484	36.0	36.0	36.0	36.0	36.0
20	34.91830400363582	36.0	36.0	36.0	36.0	36.0
21	34.90648684404499	36.0	36.0	36.0	36.0	36.0
22	34.90518692673635	36.0	36.0	36.0	36.0	36.0
23	34.886262174600155	36.0	36.0	36.0	36.0	36.0
24	34.87255914907406	36.0	36.0	36.0	36.0	36.0
25	34.85301778221182	36.0	36.0	36.0	36.0	36.0
26	34.83638985348031	36.0	36.0	36.0	36.0	36.0
27	34.8319740145074	36.0	36.0	36.0	36.0	36.0
28	34.82670607055472	36.0	36.0	36.0	36.0	36.0
29	34.80871340122033	36.0	36.0	36.0	36.0	36.0
30	34.7871554507028	36.0	36.0	36.0	36.0	36.0
31	34.77808629892631	36.0	36.0	36.0	36.0	36.0
32	34.75696064916602	36.0	36.0	36.0	32.0	36.0
33	34.74206394671192	36.0	36.0	36.0	32.0	36.0
34	34.72749060696978	36.0	36.0	36.0	32.0	36.0
35	34.71911927755907	36.0	36.0	36.0	32.0	36.0
36	34.712183946166135	36.0	36.0	36.0	32.0	36.0
37	34.701939478188024	36.0	36.0	36.0	32.0	36.0
38	34.6874207127509	36.0	36.0	36.0	32.0	36.0
39	34.67730010207357	36.0	36.0	36.0	32.0	36.0
40	34.66432591814419	36.0	36.0	36.0	32.0	36.0
41	34.64911317671807	36.0	36.0	36.0	32.0	36.0
42	34.64137872455357	36.0	36.0	36.0	32.0	36.0
43	34.62384764655624	36.0	36.0	36.0	32.0	36.0
44	34.590932553765995	36.0	36.0	36.0	32.0	36.0
45	34.57473542918699	36.0	36.0	36.0	32.0	36.0
46	34.55406534206572	36.0	36.0	36.0	32.0	36.0
47	34.5389500166162	36.0	36.0	36.0	32.0	36.0
48	34.51669414692462	36.0	36.0	36.0	32.0	36.0
49	34.501165324960134	36.0	36.0	36.0	32.0	36.0
50	34.473452177618704	36.0	36.0	36.0	32.0	36.0
51	34.45241851793492	36.0	36.0	36.0	32.0	36.0
52	34.429886670260544	36.0	36.0	36.0	32.0	36.0
53	34.39040557670526	36.0	36.0	36.0	32.0	36.0
54	34.354438971586525	36.0	36.0	36.0	32.0	36.0
55	34.33807258736484	36.0	36.0	36.0	32.0	36.0
56	34.32407982827162	36.0	36.0	36.0	32.0	36.0
57	34.29010595803768	36.0	36.0	36.0	32.0	36.0
58	34.26824586884866	36.0	36.0	36.0	32.0	36.0
59	34.23018192546719	36.0	36.0	36.0	32.0	36.0
60	34.21049573639363	36.0	36.0	36.0	32.0	36.0
61	34.18016892017853	36.0	36.0	36.0	32.0	36.0
62	34.1565761806149	36.0	36.0	36.0	32.0	36.0
63	34.12122861292128	36.0	36.0	36.0	32.0	36.0
64	34.08839099900542	36.0	36.0	36.0	32.0	36.0
65	34.05027811909898	36.0	36.0	36.0	32.0	36.0
66	34.01794436569673	36.0	36.0	36.0	32.0	36.0
67	33.987888915766376	36.0	36.0	36.0	32.0	36.0
68	33.95917916007887	36.0	36.0	36.0	32.0	36.0
69	33.92303325934788	36.0	36.0	36.0	32.0	36.0
70	33.91621362649959	36.0	36.0	36.0	32.0	36.0
71	33.86462374949607	36.0	36.0	36.0	32.0	36.0
72	33.85031720915677	36.0	36.0	36.0	32.0	36.0
73	33.82218476306204	36.0	36.0	36.0	27.0	36.0
74	33.78349620627764	36.0	36.0	36.0	27.0	36.0
75	32.7624026234001	36.0	32.0	36.0	14.0	36.0
>>END_MODULE
>>Per sequence quality scores	pass
#Quality	Count
2	8647.0
3	0.0
4	0.0
5	0.0
6	0.0
7	0.0
8	0.0
9	0.0
10	0.0
11	0.0
12	0.0
13	1.0
14	1275.0
15	4335.0
16	6906.0
17	9900.0
18	13180.0
19	17050.0
20	23273.0
21	33134.0
22	46963.0
23	69352.0
24	100832.0
25	144418.0
26	197716.0
27	265293.0
28	343507.0
29	438307.0
30	557628.0
31	725130.0
32	999660.0
33	1574013.0
34	3486413.0
35	1.6140055E7
>>END_MODULE
>>Per base sequence content	fail
#Base	G	A	T	C
1	44.90684402456366	17.933902525551414	11.211266901016577	25.94798654886835
2	17.284848327036823	19.73660357877229	35.961818521955244	27.016729572235647
3	20.09072447658223	21.196897601842288	28.76576389077407	29.94661403080141
4	13.751871919246605	14.596326295221262	36.06033880894933	35.5914629765828
5	15.246451371980571	34.65799410156656	34.96173155034744	15.133822976105435
6	34.69159791045458	35.07714119988215	16.2857453990379	13.945515490625365
7	30.43924994903434	29.96326623248729	20.58228754027894	19.015196278199426
8	26.842734859504425	34.178783009164874	19.984473535422097	18.9940085959086
9	25.056990855072563	15.620738682756933	20.107399133935047	39.21487132823545
10	14.475230730467533	27.20163204395083	34.77771413602189	23.545423089559744
11	34.40496737463788	22.762498531153298	23.591322936696507	19.241211157512314
12	22.16356227578633	24.252767275432934	31.101964212644003	22.481706236136738
13	27.98092563810193	20.62587318396388	26.186399149266222	25.206802028667973
14	20.631981287974472	20.52526394495574	27.324616330892574	31.518138436177207
15	22.943462825588398	29.240246411460184	23.339060297660073	24.477230465291345
16	22.93116836540945	28.591302895694604	25.300967234311177	23.176561504584768
17	21.752356633319632	28.023444083084676	27.4605181349042	22.763681148691497
18	22.190603738555644	27.8529407947928	27.889379701624005	22.067075765027546
19	22.58914188041189	27.272688309123204	27.677040325789704	22.4611294846752
20	22.640262318461605	27.167504392948437	27.733951366884902	22.458281921705055
21	22.5397298851576	26.879236158190835	27.503660296251738	23.07737366039983
22	22.435742892756313	26.773282415695544	27.762006236839166	23.02896845470898
23	22.45816897231449	26.872360366898757	27.560552498277563	23.10891816250919
24	22.491837855515964	26.711345798519037	27.84848415219081	22.948332193774185
25	22.713713573445172	26.708206702973026	27.40477636999991	23.17330335358189
26	22.21613319702277	27.00757958629102	27.658896274163446	23.117390942522764
27	22.250394123523414	27.061971251008625	27.71205877492551	22.975575850542455
28	22.42757965693059	26.902100420023682	27.706296220056707	22.964023702989017
29	22.119106968192867	27.120777514678444	27.86031032757276	22.89980518955593
30	22.306984416156602	27.18154738837767	27.695204219992103	22.816263975473625
31	22.658047210330235	27.20689032662904	27.441584348747405	22.693478114293317
32	22.111864427900233	27.30948438232501	27.792897159380452	22.785754030394305
33	22.233181938445867	27.119368691772213	27.90830158223512	22.739147787546806
34	22.250064895171036	26.829118166596032	28.074105384201836	22.8467115540311
35	22.166510882601358	27.107971116034978	27.90082489954398	22.82469310181968
36	22.337933834370773	27.477329464296307	27.733378251248663	22.451358450084257
37	22.453197578765486	27.229670686112645	27.549575242316177	22.767556492805692
38	22.284564714019933	27.577015021321614	27.582828112569878	22.555592152088575
39	22.32207286859688	27.388658413398677	27.81092186912657	22.478346848877877
40	22.312322394644664	27.192488445718716	27.775816746238103	22.719372413398517
41	22.349087762159765	27.33152842985322	27.801738221263804	22.517645586723212
42	22.249980514760267	27.407954113453403	27.82292609447399	22.51913927731234
43	22.392835950108505	27.162534073577643	27.6772477520838	22.76738222423005
44	22.290477542821197	27.515982437531015	27.733853293496363	22.45968672615142
45	22.301549783255954	27.458284717883807	27.670280740379237	22.569884758480995
46	22.464299702410823	27.534364976873444	27.517061612016708	22.48427370869903
47	22.239853179102994	27.62347754156533	27.695499018684938	22.441170260646743
48	22.194800036616144	27.50479948130591	27.651196186555655	22.649204295522296
49	22.38706030752578	27.38341228101403	27.72532911447987	22.504198296980324
50	22.3281851605072	27.530491820900306	27.646349503261984	22.494973515330507
51	22.42739477028462	27.519354403877315	27.616958905171025	22.43629192066704
52	22.37889700046321	27.504295287780174	27.58376146670282	22.533046245053796
53	22.301929079983253	27.453162196558683	27.708069363010363	22.5368393604477
54	22.448193025654465	27.703272572086945	27.579876377419755	22.26865802483883
55	22.416931554725743	27.50793780145483	27.502448767949062	22.57268187587037
56	22.508796010597855	27.68415302041286	27.46034855776	22.346702411229284
57	22.2924474061275	27.569316775564907	27.603326456079724	22.534909362227868
58	22.285757423482497	27.360642209837255	27.70551391873101	22.648086447949233
59	22.211443804634882	27.571951724766418	27.688386898614265	22.52821757198443
60	22.36867038397301	27.572737548735926	27.65368900385885	22.404903063432215
61	22.56734819010133	27.598507049824338	27.49644228679316	22.33770247328117
62	22.472761417447668	27.72896885269712	27.440809390543976	22.357460339311242
63	22.429182777911464	27.76203727969121	27.48228859075441	22.326491351642915
64	22.494242321923778	27.46448012437414	27.45011387710379	22.591163676598295
65	22.320712727521457	27.56203427977698	27.64145558359411	22.475797409107454
66	22.397653048898704	27.62886670250483	27.42966475005083	22.543815498545637
67	22.39537775895537	27.53284955495706	27.498991277398595	22.57278140868898
68	22.44543740706149	27.79933800734269	27.54429235305762	22.210932232538198
69	22.700235789376684	27.68607780987943	27.448911106121944	22.164775294621943
70	22.727973301000784	27.537734222971345	27.396740772678452	22.33755170334942
71	22.578610196072226	27.807234518361902	27.334659195632007	22.279496089933872
72	22.58688124382294	27.96933170029028	27.55004754976132	21.893739506125467
73	23.248420340567932	28.508417439506506	27.579448043491922	20.663714176433636
74	24.450016959662467	30.88156293339541	27.688432692422104	16.979987414520018
75	29.76990139067379	41.114173776464305	29.1159248328619	0.0
>>END_MODULE
>>Per base GC content	fail
#Base	%GC
1	70.85483057343201
2	44.30157789927247
3	50.037338507383645
4	49.34333489582941
5	30.380274348086004
6	48.63711340107995
7	49.45444622723377
8	45.83674345541303
9	64.27186218330802
10	38.02065382002728
11	53.64617853215019
12	44.645268511923064
13	53.1877276667699
14	52.15011972415168
15	47.42069329087975
16	46.107729869994216
17	44.516037782011125
18	44.25767950358319
19	45.05027136508709
20	45.09854424016666
21	45.61710354555743
22	45.4647113474653
23	45.56708713482367
24	45.44017004929015
25	45.88701692702706
26	45.33352413954553
27	45.22596997406587
28	45.39160335991961
29	45.018912157748794
30	45.12324839163023
31	45.35152532462355
32	44.89761845829454
33	44.97232972599268
34	45.09677644920213
35	44.991203984421034
36	44.78929228445503
37	45.22075407157118
38	44.84015686610851
39	44.80041971747475
40	45.03169480804318
41	44.866733348882974
42	44.76911979207261
43	45.16021817433856
44	44.75016426897262
45	44.871434541736946
46	44.948573411109855
47	44.68102343974974
48	44.84400433213844
49	44.8912586045061
50	44.8231586758377
51	44.86368669095166
52	44.91194324551701
53	44.838768440430954
54	44.7168510504933
55	44.989613430596116
56	44.855498421827136
57	44.82735676835537
58	44.933843871431726
59	44.73966137661932
60	44.77357344740523
61	44.905050663382504
62	44.83022175675891
63	44.75567412955438
64	45.08540599852207
65	44.79651013662891
66	44.94146854744434
67	44.968159167644345
68	44.65636963959969
69	44.86501108399863
70	45.06552500435021
71	44.85810628600609
72	44.48062074994841
73	43.91213451700157
74	41.43000437418248
75	29.76990139067379
>>END_MODULE
>>Per sequence GC content	warn
#GC Content	Count
0	8704.0
1	4417.0
2	158.0
3	257.0
4	328.0
5	449.5
6	725.5
7	1137.5
8	1399.5
9	1697.0
10	2634.0
11	4210.5
12	5177.5
13	6470.0
14	9734.5
15	14803.5
16	18731.0
17	26005.0
18	41655.5
19	61351.5
20	74989.0
21	96597.0
22	136950.5
23	182390.5
24	212903.5
25	250722.0
26	314033.0
27	378813.5
28	422015.0
29	472464.5
30	550812.5
31	625826.5
32	675148.0
33	729900.5
34	819213.0
35	898744.0
36	944634.5
37	989466.0
38	1038328.0
39	1071416.0
40	1093402.0
41	1099327.5
42	1094066.5
43	1079955.5
44	1072217.0
45	1057128.5
46	1021539.5
47	982793.5
48	963285.0
49	940972.5
50	899315.0
51	860563.0
52	839046.5
53	825664.0
54	801386.0
55	777002.0
56	764730.0
57	748475.0
58	714302.0
59	668634.0
60	627863.5
61	580185.0
62	518520.5
63	459509.0
64	414651.5
65	376839.0
66	322437.0
67	266120.5
68	226994.0
69	197602.0
70	162000.5
71	126203.0
72	101993.5
73	86437.0
74	68490.0
75	52272.5
76	42179.5
77	35491.0
78	28146.0
79	21451.0
80	17188.5
81	14461.0
82	11523.5
83	8365.5
84	6335.5
85	5435.5
86	4293.0
87	3130.0
88	2610.0
89	2301.0
90	1857.5
91	1595.0
92	1507.5
93	1470.0
94	1385.0
95	1292.5
96	1251.5
97	1277.0
98	1598.5
99	9866.5
100	17840.0
>>END_MODULE
>>Per base N content	pass
#Base	N-Count
1	0.08332213273557317
2	0.05528228918107947
3	0.04157577255957753
4	0.04862937214077303
5	0.05363195317108098
6	0.03483161098025675
7	0.034303979515521645
8	0.03459754890191561
9	0.034303979515521645
10	0.034303979515521645
11	0.034303979515521645
12	0.034303979515521645
13	0.035609173138813725
14	0.034303979515521645
15	0.034303979515521645
16	0.034303979515521645
17	0.034303979515521645
18	0.034303979515521645
19	0.034303979515521645
20	0.03657319152926958
21	0.035271965059847685
22	0.034303979515521645
23	0.034303979515521645
24	0.034303979515521645
25	0.034303979515521645
26	0.034303979515521645
27	0.03691039960823562
28	0.034303979515521645
29	0.034303979515521645
30	0.034303979515521645
31	0.034303979515521645
32	0.034303979515521645
33	0.034303979515521645
34	0.03434365105422354
35	0.034303979515521645
36	0.0
37	0.0
38	0.0
39	3.971889034794026E-6
40	0.0
41	1.4706952640313373E-4
42	7.953158441788565E-6
43	1.1935559912034922E-4
44	0.002217273451876389
45	0.0
46	0.0
47	0.0
48	0.0017445459386052368
49	0.001873821120800733
50	0.00410675663836017
51	4.0023167009992064E-6
52	0.0
53	0.0
54	0.0
55	0.0
56	0.0
57	0.0
58	0.0
59	0.0
60	0.0
61	0.0
62	0.0
63	0.0
64	0.0
65	0.0
66	0.0
67	0.0
68	8.224307722989113E-4
69	0.004763029252172845
70	0.0
71	0.0
72	6.927594442194244E-4
73	0.0
74	0.0
75	0.0040256060308587445
>>END_MODULE
>>Sequence Length Distribution	warn
#Length	Count
35	11399.0
36	4638.0
37	6416.0
38	7598.0
39	8777.0
40	9991.0
41	10927.0
42	12267.0
43	14032.0
44	15755.0
45	17582.0
46	18695.0
47	19413.0
48	20428.0
49	21501.0
50	22040.0
51	22708.0
52	23938.0
53	25635.0
54	27264.0
55	28124.0
56	29635.0
57	30598.0
58	31056.0
59	31994.0
60	32614.0
61	32636.0
62	34359.0
63	35642.0
64	37906.0
65	40074.0
66	39888.0
67	41711.0
68	43508.0
69	52555.0
70	69670.0
71	167522.0
72	604749.0
73	1735390.0
74	5396147.0
75	1.6370206E7
>>END_MODULE
>>Sequence Duplication Levels	warn
#Total Duplicate Percentage	37.5116751419549
#Duplication Level	Relative count
1	100.0
2	24.02824898969529
3	11.285360664942624
4	6.5315903105649005
5	3.9803237720151525
6	2.5971355587716594
7	1.8656037707498003
8	1.2645614368075162
9	0.9980466124146876
10++	5.618164132007877
>>END_MODULE
>>Overrepresented sequences	pass
>>END_MODULE
>>Kmer Content	warn
#Sequence	Count	Obs/Exp Overall	Obs/Exp Max	Max Obs/Exp Position
AAAAA	10429275	4.1265006	8.72113	71
TTTTT	8800225	3.299179	5.8115396	71
CCTGG	4071370	3.1030524	12.101058	3
GGGGG	3404400	3.0285468	5.282624	71
CCAGG	3809375	2.9348469	12.27159	3
CCCAG	3682675	2.863193	11.263941	2
CTGGG	3701855	2.7958403	11.291138	4
CCAGC	3452360	2.6841288	6.5297613	3
GGAGG	3378200	2.5556767	5.9219875	6
GCTGG	3372470	2.547071	7.141557	3
CAGCA	3687725	2.4161117	6.7652035	4
TCCAG	3720415	2.4113858	8.605903	2
CAGCC	3094135	2.4056172	5.6788793	9
TGCTG	3735215	2.373298	7.4863653	2
CTCCA	3596405	2.352337	6.3604803	1
GGCTG	3084010	2.3292105	8.227754	7
CAGGA	3577290	2.3225074	9.715475	4
CTCCT	3564805	2.3066597	6.0736084	1
AGGAG	3547435	2.2822428	7.0019426	5
CTGGA	3529750	2.2670639	8.661218	4
TCCTG	3514215	2.2533078	8.665654	2
CCTGC	2916305	2.24304	6.3185143	3
CTGCC	2915820	2.242667	5.7518854	9
GGCAG	2931125	2.2377443	6.3807817	7
GCCTG	2909525	2.2175357	7.27608	7
CTGCA	3409325	2.209753	6.8751006	4
CTGCT	3438005	2.204442	6.424637	9
GCAGG	2871150	2.1919568	6.869502	3
GCTGC	2866915	2.1850598	5.5571175	8
CCCTG	2839895	2.1842704	9.104536	2
AGCAG	3324070	2.1581078	5.4285316	7
CAGAG	3319365	2.1550531	7.611322	4
TGCAG	3352215	2.1530378	7.1508183	2
CTCTG	3332990	2.137107	7.4772663	2
TGGAG	3266225	2.0787885	6.5411534	5
CAGGG	2708520	2.0677984	9.262567	4
AGCTG	3199180	2.0547476	5.845903	7
CAGGC	2663930	2.0523646	6.3217974	4
CTGGC	2684430	2.0459764	5.7374687	4
GCCAG	2649470	2.041224	5.3917418	2
CCCCA	2598960	2.0391183	6.7579284	1
GGGAG	2652200	2.006443	5.5736256	7
CAGAA	3594460	1.9845563	5.422606	4
GGAGA	3076695	1.979392	5.394182	6
CACAG	2988390	1.9579238	6.8149943	7
CTGTG	3052460	1.9394858	8.794628	9
CTCAG	2992125	1.9393449	6.1267357	2
CTGAG	2981775	1.9151139	5.8889894	4
TTCTG	3572690	1.9097463	5.236046	2
GGCCA	2441150	1.8807285	6.57611	1
TGGGG	2490035	1.8635578	6.571691	5
CCAGA	2838490	1.8597127	6.583608	3
CCTCT	2832945	1.8330991	5.5966926	1
TCTGG	2842175	1.8058741	6.4807143	3
TGGCC	2345220	1.7874427	5.8372464	5
CACTG	2753940	1.7849656	7.264448	7
ACCTG	2730720	1.7699156	5.462952	7
CAGTG	2730925	1.754	6.4024005	9
AGAGG	2703200	1.739104	5.0654073	5
GCCCA	2215425	1.7224406	7.1424103	1
CCTGA	2638185	1.709939	5.649175	3
GGGCC	1833960	1.6614784	5.48302	6
ACAGA	2992475	1.6521912	5.679081	8
TCAGG	2555430	1.641284	5.8328977	3
GGCCT	2152860	1.6408328	5.1194673	1
TGGGC	2154680	1.6273304	6.559192	5
GAGAG	2519795	1.6211104	5.157986	7
CCTGT	2502665	1.604704	5.6543126	8
AGCCT	2465305	1.5978869	5.1174054	6
AGGTG	2476255	1.5760123	5.3071537	7
AGGCT	2321670	1.4911464	5.0341816	6
GCCCT	1888545	1.452551	6.040723	1
GTGTG	2297800	1.4467493	7.4011946	1
CTGTC	2250660	1.4431187	5.836625	9
GGGCT	1901385	1.4360284	5.8112073	6
GCTGT	2236565	1.4210788	5.0525827	8
TGTGT	2675555	1.4172245	5.4885087	10
ACACA	2542935	1.4168394	5.88632	6
ACAGC	2162115	1.4165677	5.3274794	8
GACAG	2168335	1.4077624	6.7534328	7
CACAC	2093835	1.3843839	6.2146845	5
AGGGC	1778815	1.3580223	5.5766006	5
AGACA	2400520	1.3253636	5.1913223	6
ACTGC	1940465	1.2577119	5.1250873	8
GGACA	1893155	1.2291054	5.680735	6
GTGCT	1905410	1.210668	6.492958	1
GTCCT	1882505	1.2070585	7.2714605	1
GTCCA	1787145	1.1583376	6.5469975	1
AGCAC	1737360	1.138278	5.4332213	5
TGTGC	1788165	1.1361724	5.478705	10
AGGAC	1745465	1.1332196	6.872807	5
GTCTT	2106765	1.1261505	5.2584324	1
TGCAC	1660105	1.0759966	5.6031814	5
GTGCA	1667655	1.0710901	6.197137	1
TGGAC	1645695	1.0569857	5.794715	5
ACAGT	1901830	1.0387675	5.4105997	8
ACTGT	1918935	1.0368687	6.185661	8
GCACT	1599650	1.0368127	5.058262	6
GACTG	1607455	1.0324253	5.8789115	7
AGACT	1847770	1.0092402	5.0371084	6
GGACT	1463090	0.93970346	5.111876	6
GTGTA	1165400	0.6239975	5.586783	1
>>END_MODULE
