##FastQC	0.10.1
>>Basic Statistics	pass
#Measure	Value	
Filename	004-F5_S4_L003_R1_001_trimmed.fq.gz	
File type	Conventional base calls	
Encoding	Sanger / Illumina 1.9	
Total Sequences	15547614	
Filtered Sequences	0	
Sequence length	20-50	
%GC	45	
>>END_MODULE
>>Per base sequence quality	pass
#Base	Mean	Median	Lower Quartile	Upper Quartile	10th Percentile	90th Percentile
1	35.04609466121297	36.0	36.0	36.0	36.0	36.0
2	35.0504351986099	36.0	36.0	36.0	36.0	36.0
3	35.01826466749174	36.0	36.0	36.0	36.0	36.0
4	34.99854556461204	36.0	36.0	36.0	36.0	36.0
5	35.00237213246997	36.0	36.0	36.0	36.0	36.0
6	34.945817602623784	36.0	36.0	36.0	36.0	36.0
7	34.91354744207053	36.0	36.0	36.0	36.0	36.0
8	34.90915319868373	36.0	36.0	36.0	36.0	36.0
9	34.88315930663059	36.0	36.0	36.0	36.0	36.0
10	34.86598155832786	36.0	36.0	36.0	36.0	36.0
11	34.83867112985954	36.0	36.0	36.0	32.0	36.0
12	34.81007683879983	36.0	36.0	36.0	32.0	36.0
13	34.785236242680064	36.0	36.0	36.0	32.0	36.0
14	34.77710895060811	36.0	36.0	36.0	32.0	36.0
15	34.770715943938406	36.0	36.0	36.0	32.0	36.0
16	34.754954876034354	36.0	36.0	36.0	32.0	36.0
17	34.74489860630705	36.0	36.0	36.0	32.0	36.0
18	34.738951584468204	36.0	36.0	36.0	32.0	36.0
19	34.729529881562534	36.0	36.0	36.0	32.0	36.0
20	34.73945603486168	36.0	36.0	36.0	32.0	36.0
21	34.73335740454803	36.0	36.0	36.0	32.0	36.0
22	34.72276233792114	36.0	36.0	36.0	32.0	36.0
23	34.71817419421112	36.0	36.0	36.0	32.0	36.0
24	34.70581962577217	36.0	36.0	36.0	32.0	36.0
25	34.695479108835805	36.0	36.0	36.0	32.0	36.0
26	34.67798206472341	36.0	36.0	36.0	32.0	36.0
27	34.67420246475025	36.0	36.0	36.0	32.0	36.0
28	34.65544533991237	36.0	36.0	36.0	32.0	36.0
29	34.641647617885006	36.0	36.0	36.0	32.0	36.0
30	34.631788850714315	36.0	36.0	36.0	32.0	36.0
31	34.6206461393001	36.0	36.0	36.0	32.0	36.0
32	34.61351936544124	36.0	36.0	36.0	32.0	36.0
33	34.585801432835225	36.0	36.0	36.0	32.0	36.0
34	34.56683569418059	36.0	36.0	36.0	32.0	36.0
35	34.53537181735052	36.0	36.0	36.0	32.0	36.0
36	34.516758763276535	36.0	36.0	36.0	32.0	36.0
37	34.496474162490244	36.0	36.0	36.0	32.0	36.0
38	34.48789212704692	36.0	36.0	36.0	32.0	36.0
39	34.46638453932545	36.0	36.0	36.0	32.0	36.0
40	34.44074966466887	36.0	36.0	36.0	32.0	36.0
41	34.424759179255354	36.0	36.0	36.0	32.0	36.0
42	34.39354647861051	36.0	36.0	36.0	32.0	36.0
43	34.381943782532424	36.0	36.0	36.0	32.0	36.0
44	34.359005965769654	36.0	36.0	36.0	32.0	36.0
45	34.355363432232366	36.0	36.0	36.0	32.0	36.0
46	34.315107220447665	36.0	36.0	36.0	32.0	36.0
47	34.329629384482935	36.0	36.0	36.0	32.0	36.0
48	34.34704785817695	36.0	36.0	36.0	32.0	36.0
49	34.41148662209799	36.0	36.0	36.0	32.0	36.0
50	34.51434954473458	36.0	36.0	36.0	32.0	36.0
>>END_MODULE
>>Per sequence quality scores	pass
#Quality	Count
14	6.0
15	62.0
16	249.0
17	696.0
18	1554.0
19	3189.0
20	6502.0
21	11749.0
22	19175.0
23	29598.0
24	44905.0
25	67738.0
26	98714.0
27	139357.0
28	190024.0
29	253615.0
30	332426.0
31	439160.0
32	599808.0
33	901330.0
34	1774725.0
35	7193997.0
36	3439035.0
>>END_MODULE
>>Per base sequence content	pass
#Base	G	A	T	C
1	22.523481738098205	26.676601310014515	27.323163541363964	23.47675341052331
2	22.51288204093567	26.833821575452028	27.508355944519845	23.144940439092455
3	22.421324063872987	26.841919652513585	27.442355361229748	23.294400922383684
4	22.652340685570632	26.531240860729465	27.700694441451844	23.115724012248062
5	22.709854840300018	26.599104666172313	27.36312475249231	23.32791574103536
6	22.243602425890227	27.01921040993305	27.557762568296663	23.179424595880064
7	22.38372317391188	26.991985619343804	27.438570393589934	23.18572081315438
8	22.35278673627992	26.91450276550473	27.413730492665948	23.318980005549406
9	22.310119295551907	26.977886753483045	27.49623671917551	23.215757231789542
10	22.351536223188877	27.0095866779465	27.49484756822522	23.1440295306394
11	22.864799715299984	26.878983775816618	27.206249867744802	23.0499666411386
12	22.213575665050598	27.166142663433757	27.59360375167534	23.026677919840306
13	22.331812456882453	26.98168992361143	27.687688927702993	22.998808691803127
14	22.362215835818926	26.779620332740446	27.816943487277214	23.041220344163417
15	22.30206373894476	27.033139378499815	27.61070739765337	23.05408948490205
16	22.41287268150592	27.29312680703224	27.543834440728826	22.75016607073301
17	22.560439177355445	26.95858670018435	27.209583412605948	23.27139070985426
18	22.4373849260729	27.396197255733256	27.27484744604542	22.891570372148422
19	22.675840979576737	27.048113430659743	27.444515116243245	22.831530473520274
20	22.720967752724405	26.79277095229054	27.485765012855996	23.000496282129056
21	22.73503665219557	26.893309981547553	27.478684017538598	22.89296934871828
22	22.4917078635016	27.152834549875198	27.486387404378416	22.869070182244787
23	22.53502124637177	26.9238287486604	27.47093107983488	23.07021892513295
24	22.418563786379355	27.22505488121239	27.432496806725354	22.9238845256829
25	22.504543099776882	27.209026330028706	27.27461724152498	23.011813328669437
26	22.566783506478657	27.064228744995283	27.280170957841083	23.088816790684973
27	22.63939813075355	27.13881910328675	27.354810940236174	22.866971825723528
28	22.362659588952337	27.19754992101546	27.34497459863881	23.09481589139339
29	22.708468583247754	26.899297067875082	27.371360262338495	23.02087408653867
30	22.496131218608543	27.31642522553066	27.291188948160805	22.89625460769999
31	22.56994502854062	27.20292926830738	27.311735846685163	22.915389856466835
32	22.561314878584692	27.23245804222495	27.209311765662953	22.99691531352741
33	22.488367171108656	27.006447591860272	27.481326314140542	23.023858922890533
34	22.610098631487112	27.36477330702946	27.342788761355784	22.68233930012764
35	22.58568300601505	26.944136374694843	27.341683375139468	23.128497244150637
36	22.686346256075733	27.259925256282024	27.104562203579885	22.949166284062365
37	22.526888515648498	27.178741969605312	27.20781191387835	23.08655760086784
38	22.520915048021067	27.068442994562993	27.234980518725482	23.17566143869046
39	22.48466059421627	27.196463231565048	27.274487393108366	23.04438878111032
40	22.530969620692026	27.14466781617802	27.46854828204126	22.85581428108869
41	22.757844200018475	27.072891597085615	27.25866159211705	22.910602610778863
42	22.691377644194816	27.177526751698867	27.291672300588154	22.83942330351816
43	22.63882543196747	27.369718290088237	27.206586922025867	22.784869355918428
44	22.68350400314639	27.06119708133812	27.147308662791637	23.107990252723866
45	22.58765846204092	27.283128027969532	27.27598190041179	22.85323160957775
46	22.55796291008736	27.552180091085717	27.04845160189461	22.841405396932313
47	22.657422356322087	27.207674997129455	27.1717151607772	22.963187485771254
48	22.657418030404788	27.642112917980498	27.39708325510825	22.303385796506458
49	22.836274728933937	27.793446975053254	27.502898821769218	21.86737947424359
50	22.80205911503441	27.55762604322011	27.577008401337544	22.06330644040793
>>END_MODULE
>>Per base GC content	pass
#Base	%GC
1	46.00023514862152
2	45.65782248002812
3	45.715724986256674
4	45.768064697818694
5	46.03777058133537
6	45.42302702177029
7	45.56944398706626
8	45.67176674182932
9	45.525876527341445
10	45.49556575382828
11	45.91476635643858
12	45.24025358489091
13	45.33062114868558
14	45.40343617998234
15	45.35615322384681
16	45.16303875223893
17	45.8318298872097
18	45.328955298221324
19	45.507371453097015
20	45.72146403485347
21	45.62800600091386
22	45.360778045746386
23	45.60524017150472
24	45.34244831206225
25	45.51635642844632
26	45.65560029716364
27	45.50636995647708
28	45.45747548034573
29	45.72934266978642
30	45.392385826308534
31	45.48533488500745
32	45.558230192112106
33	45.51222609399919
34	45.29243793161476
35	45.71418025016569
36	45.635512540138095
37	45.613446116516336
38	45.69657648671153
39	45.52904937532659
40	45.38678390178072
41	45.668446810797334
42	45.530800947712976
43	45.4236947878859
44	45.791494255870255
45	45.440890071618675
46	45.39936830701967
47	45.62060984209334
48	44.96080382691125
49	44.70365420317753
50	44.865365555442345
>>END_MODULE
>>Per sequence GC content	pass
#GC Content	Count
0	3263.0
1	3164.5
2	2669.5
3	2461.0
4	2711.0
5	3270.5
6	3919.5
7	4796.0
8	5682.0
9	7283.5
10	9113.0
11	12210.0
12	15406.5
13	20465.0
14	26369.0
15	35420.5
16	45260.0
17	59209.0
18	74411.0
19	94090.5
20	114192.5
21	138825.0
22	164659.0
23	196206.0
24	229559.0
25	261916.5
26	299343.0
27	343089.0
28	390475.0
29	444208.0
30	499420.0
31	557164.5
32	616930.5
33	680117.0
34	744738.0
35	801177.5
36	853752.5
37	892622.5
38	924236.5
39	948489.5
40	970259.0
41	984558.0
42	995796.0
43	997881.0
44	997561.0
45	988571.0
46	978253.5
47	963320.5
48	947632.5
49	930853.5
50	912422.5
51	894478.5
52	874195.0
53	850506.5
54	826221.0
55	799588.0
56	770874.5
57	737948.5
58	702291.0
59	657988.5
60	611349.5
61	559611.0
62	508634.0
63	463907.0
64	410921.0
65	361434.5
66	313852.5
67	270552.0
68	227483.5
69	188303.5
70	154642.5
71	126982.0
72	102854.5
73	82146.5
74	63565.0
75	50352.0
76	40085.5
77	30960.5
78	23170.5
79	17574.5
80	12847.0
81	9613.5
82	7090.0
83	5224.0
84	3679.0
85	2777.5
86	2118.5
87	1719.5
88	1366.0
89	1043.5
90	816.5
91	711.0
92	627.0
93	529.5
94	450.5
95	399.0
96	359.5
97	345.5
98	336.5
99	497.5
100	660.0
>>END_MODULE
>>Per base N content	pass
#Base	N-Count
1	0.0
2	0.0
3	4.5666171027914634E-4
4	7.075040581789591E-5
5	7.525270436994384E-4
6	1.2863710148708348E-5
7	3.987750146099588E-4
8	0.0
9	6.431855074354173E-5
10	6.496173625097717E-4
11	1.3506895656143766E-4
12	0.0
13	0.0
14	0.0
15	5.145484059483339E-5
16	1.4150081163579183E-4
17	0.0
18	0.0
19	6.431855074354174E-6
20	3.859113044612505E-5
21	0.0
22	0.0
23	0.0
24	0.0
25	0.0
26	0.0
27	0.0
28	0.0
29	0.0
30	0.0
31	0.0
32	0.0
33	0.0
34	0.0
35	0.0
36	7.408497978220901E-5
37	0.0
38	0.0
39	0.0
40	0.0
41	1.3734794981058689E-5
42	0.0
43	2.7728096346261813E-5
44	0.0
45	0.0
46	0.0
47	0.0
48	0.0
49	9.122955545662218E-5
50	0.0
>>END_MODULE
>>Sequence Length Distribution	warn
#Length	Count
20	35310.0
21	36196.0
22	36766.0
23	37441.0
24	38492.0
25	39865.0
26	41022.0
27	42197.0
28	44690.0
29	46808.0
30	47718.0
31	49012.0
32	50372.0
33	50313.0
34	51287.0
35	52311.0
36	52464.0
37	54528.0
38	56909.0
39	60308.0
40	62048.0
41	66029.0
42	69727.0
43	80460.0
44	113857.0
45	183837.0
46	435238.0
47	898030.0
48	1753019.0
49	2324640.0
50	8636720.0
>>END_MODULE
>>Sequence Duplication Levels	warn
#Total Duplicate Percentage	30.048868350730075
#Duplication Level	Relative count
1	100.0
2	20.300408048402982
3	7.834529337273111
4	3.727311101730688
5	2.0627550302518642
6	1.2832418742085268
7	0.8695652173913043
8	0.6261432390600816
9	0.42845082313212324
10++	3.573941184747432
>>END_MODULE
>>Overrepresented sequences	pass
>>END_MODULE
>>Kmer Content	warn
#Sequence	Count	Obs/Exp Overall	Obs/Exp Max	Max Obs/Exp Position
AAAAA	3768640	3.7793646	4.5902057	46
TTTTT	3670205	3.490619	4.19479	13
>>END_MODULE
