##FastQC	0.10.1
>>Basic Statistics	pass
#Measure	Value	
Filename	005-F0_S3_L002_R2_001.fastq.gz	
File type	Conventional base calls	
Encoding	Sanger / Illumina 1.9	
Total Sequences	20995442	
Filtered Sequences	0	
Sequence length	35-75	
%GC	46	
>>END_MODULE
>>Per base sequence quality	pass
#Base	Mean	Median	Lower Quartile	Upper Quartile	10th Percentile	90th Percentile
1	31.315233563551555	32.0	32.0	32.0	32.0	32.0
2	31.092701596851356	32.0	32.0	32.0	32.0	32.0
3	31.12747147690437	32.0	32.0	32.0	32.0	32.0
4	31.187589096719183	32.0	32.0	32.0	32.0	32.0
5	31.14684925423337	32.0	32.0	32.0	32.0	32.0
6	34.81576067796048	36.0	36.0	36.0	36.0	36.0
7	34.802015932791505	36.0	36.0	36.0	36.0	36.0
8	34.71470531556326	36.0	36.0	36.0	32.0	36.0
9	34.85714508891978	36.0	36.0	36.0	36.0	36.0
10	34.67800158720164	36.0	36.0	36.0	32.0	36.0
11	34.81629188849656	36.0	36.0	36.0	36.0	36.0
12	34.71893309033456	36.0	36.0	36.0	32.0	36.0
13	34.765271433675935	36.0	36.0	36.0	36.0	36.0
14	34.709407737165044	36.0	36.0	36.0	32.0	36.0
15	34.66352582622457	36.0	36.0	36.0	32.0	36.0
16	34.669749462764344	36.0	36.0	36.0	32.0	36.0
17	34.658198050795974	36.0	36.0	36.0	32.0	36.0
18	34.6453776491107	36.0	36.0	36.0	32.0	36.0
19	34.63563162899833	36.0	36.0	36.0	32.0	36.0
20	34.6205882210053	36.0	36.0	36.0	32.0	36.0
21	34.59770920755086	36.0	36.0	36.0	32.0	36.0
22	34.59271288501571	36.0	36.0	36.0	32.0	36.0
23	34.57705620105545	36.0	36.0	36.0	32.0	36.0
24	34.56554265444852	36.0	36.0	36.0	32.0	36.0
25	34.55742336836729	36.0	36.0	36.0	32.0	36.0
26	34.53811622541693	36.0	36.0	36.0	32.0	36.0
27	34.52014770634502	36.0	36.0	36.0	32.0	36.0
28	34.516657663125166	36.0	36.0	36.0	32.0	36.0
29	34.49594678692642	36.0	36.0	36.0	32.0	36.0
30	34.47955923004621	36.0	36.0	36.0	32.0	36.0
31	34.46178022829908	36.0	36.0	36.0	32.0	36.0
32	34.45356268279563	36.0	36.0	36.0	32.0	36.0
33	34.442074856056855	36.0	36.0	36.0	32.0	36.0
34	34.43120802124575	36.0	36.0	36.0	32.0	36.0
35	34.40711917377114	36.0	36.0	36.0	32.0	36.0
36	34.47975011791286	36.0	36.0	36.0	32.0	36.0
37	34.456591074425255	36.0	36.0	36.0	32.0	36.0
38	34.452348599180525	36.0	36.0	36.0	32.0	36.0
39	34.434576797400815	36.0	36.0	36.0	32.0	36.0
40	34.437467658325964	36.0	36.0	36.0	32.0	36.0
41	34.41119325645898	36.0	36.0	36.0	32.0	36.0
42	34.404221478811536	36.0	36.0	36.0	32.0	36.0
43	34.37810029317642	36.0	36.0	36.0	32.0	36.0
44	34.34519861128704	36.0	36.0	36.0	32.0	36.0
45	34.33710552078172	36.0	36.0	36.0	32.0	36.0
46	34.31166886017182	36.0	36.0	36.0	32.0	36.0
47	34.29668653284686	36.0	36.0	36.0	32.0	36.0
48	34.272477016578975	36.0	36.0	36.0	32.0	36.0
49	34.25313073671058	36.0	36.0	36.0	32.0	36.0
50	34.21632764180818	36.0	36.0	36.0	32.0	36.0
51	34.183858059016124	36.0	36.0	36.0	32.0	36.0
52	34.15407559621893	36.0	36.0	36.0	32.0	36.0
53	34.14001684465603	36.0	36.0	36.0	32.0	36.0
54	34.10941436414719	36.0	36.0	36.0	32.0	36.0
55	34.07298514483243	36.0	36.0	36.0	32.0	36.0
56	34.056182741940596	36.0	36.0	36.0	32.0	36.0
57	34.02503911815222	36.0	36.0	36.0	32.0	36.0
58	34.01197449599596	36.0	36.0	36.0	32.0	36.0
59	33.971144497530084	36.0	36.0	36.0	32.0	36.0
60	33.94141903228463	36.0	36.0	36.0	32.0	36.0
61	33.91761987812501	36.0	36.0	36.0	32.0	36.0
62	33.88340938152838	36.0	36.0	36.0	32.0	36.0
63	33.871857305392155	36.0	36.0	36.0	32.0	36.0
64	33.84347725132148	36.0	36.0	36.0	32.0	36.0
65	33.80474271679459	36.0	36.0	36.0	32.0	36.0
66	33.788565093549536	36.0	36.0	36.0	27.0	36.0
67	33.7539844392069	36.0	36.0	36.0	27.0	36.0
68	33.73436395496862	36.0	36.0	36.0	27.0	36.0
69	33.71892008476758	36.0	36.0	36.0	27.0	36.0
70	33.68379161995241	36.0	36.0	36.0	27.0	36.0
71	33.631672708614296	36.0	36.0	36.0	27.0	36.0
72	33.59692942834786	36.0	36.0	36.0	27.0	36.0
73	33.571481913052025	36.0	36.0	36.0	27.0	36.0
74	33.485803456499525	36.0	36.0	36.0	27.0	36.0
75	32.262074310981774	36.0	32.0	36.0	14.0	36.0
>>END_MODULE
>>Per sequence quality scores	pass
#Quality	Count
2	53490.0
3	986.0
4	9101.0
5	3371.0
6	1146.0
7	531.0
8	316.0
9	218.0
10	233.0
11	186.0
12	235.0
13	251.0
14	1381.0
15	3675.0
16	6200.0
17	9446.0
18	13353.0
19	18918.0
20	25967.0
21	35900.0
22	50295.0
23	71301.0
24	101405.0
25	140495.0
26	192416.0
27	255241.0
28	328524.0
29	418032.0
30	529088.0
31	685494.0
32	933985.0
33	1443802.0
34	3194608.0
35	1.2465852E7
>>END_MODULE
>>Per base sequence content	fail
#Base	G	A	T	C
1	44.094612844761365	17.757394049091328	11.967729233870534	26.18026387227677
2	16.86192364697077	18.962317367503225	37.03825007152693	27.137508913999074
3	20.042634301703345	20.671829763817602	28.342690127788778	30.94284580669028
4	13.74900916628625	14.545257463962303	35.74453394047167	35.96119942927978
5	15.588813090868806	34.17314419801333	34.65636851399271	15.58167419712515
6	34.85396762600338	34.45095699503873	16.364973816343717	14.33010156261417
7	30.67371073517971	29.313189945527295	20.44401361729267	19.569085702000326
8	26.775868150265847	34.349011692160225	19.89205083210598	18.983069325467948
9	25.106375131211646	15.688715223092158	19.907181155650463	39.297728490045735
10	14.611403128056487	27.19843381672978	34.61881049334381	23.571352561869922
11	34.809203291904886	22.539370770148945	23.374126528275355	19.27729940967081
12	22.668446071646983	24.0036258419036	30.583817797621226	22.744110288828185
13	27.92866836651354	20.451916370745035	25.966218816878662	25.653196445862758
14	20.811706468699754	20.465541230198664	27.010188493388142	31.71256380771344
15	23.14401932618422	29.08172381756462	23.069339725184612	24.704917131066548
16	23.072822113693807	28.28962493584478	25.30205410461012	23.335498845851294
17	22.063179441532004	27.902188618183672	27.206481401558353	22.828150538725975
18	22.480915689421213	27.543412992142034	27.71377828271959	22.26189303571716
19	22.975982549968947	26.96318464978425	27.324209886901222	22.73662291334558
20	22.959910371645	26.871147482204023	27.480796945233493	22.688145200917482
21	22.829351373851658	26.546535153004914	27.213242063934178	23.410871409209257
22	22.75449413741668	26.569152101215053	27.45335956875016	23.22299419261811
23	22.747479842468284	26.63988779201867	27.28953785432351	23.323094511189534
24	22.93390014698479	26.346673518596397	27.509107030000564	23.21031930441825
25	23.035970538112352	26.3917446152108	27.146653631459532	23.42563121521732
26	22.592259918547946	26.787658621752197	27.3544218655014	23.265659594198453
27	22.636364770494264	26.7827650261977	27.304764072997845	23.276106130310193
28	22.693354022025773	26.700085048344302	27.275956115169052	23.330604814460877
29	22.569797191487986	26.805704514587514	27.378905348921666	23.245592945002834
30	22.675212383897495	26.830294630037077	27.299701746528093	23.194791239537338
31	23.151289288382866	26.737605378943563	26.994986971747775	23.116118360925796
32	22.49971927945669	26.938000698969056	27.390686177569023	23.17159384400523
33	22.655652591325424	26.75454905661757	27.479480302299592	23.110318049757414
34	22.696914068255087	26.515433482999523	27.59778455927956	23.189867889465834
35	22.638565211924952	26.795786885191042	27.43228120194144	23.133366700942563
36	22.790522704346774	27.099017899549583	27.271211920469618	22.83924747563403
37	22.919296105027332	26.761924623179347	27.050892486667948	23.267886785125373
38	22.760514892614246	27.20291992366146	27.083286904967473	22.95327827875682
39	22.916845057464556	26.899694006184383	27.264216002681717	22.91924493366934
40	22.97694823827404	26.71046709316634	27.234228785296725	23.078355883262894
41	22.97543613791069	26.87040941824033	27.23110679602864	22.92304764782034
42	22.819510696949145	27.02039077613468	27.254913717613498	22.905184809302682
43	22.92283120957029	26.788240735603708	27.12826686672294	23.160661188103067
44	22.76674662160511	27.107442998301966	27.175767775677993	22.95004260441492
45	22.877666461403383	27.015722831260447	27.024496976095207	23.082113731240963
46	22.946539640910725	27.035698958247202	26.976458662331382	23.04130273851069
47	22.918270907025303	27.11293522571154	27.10624837120546	22.862545496057702
48	22.728470426979282	27.101420270386367	27.043474058685245	23.12663524394911
49	22.982798739859728	26.89429946957917	27.10375040419691	23.019151386364197
50	22.85734802777349	27.169747388706217	27.02936036570376	22.94354421781654
51	22.94749365898827	27.11947954278028	26.993844544074197	22.93918225415725
52	22.92217083071054	27.156321833979202	26.933016551880236	22.98849078343002
53	22.867775501982855	26.980457410388848	27.14655231571747	23.005214771910833
54	22.993383557806485	27.294898968489473	26.98273874597473	22.728978727729313
55	22.990004780374328	26.968691631639434	26.939284272727615	23.102019315258623
56	23.070079923207466	27.23584543007836	26.789124616492582	22.904950030221592
57	22.850723572972427	27.157323774969623	26.937945310573813	23.05400734148414
58	22.877614787972274	27.02166235674055	26.95339389041922	23.147328964867956
59	22.822723447570382	27.158571306192584	26.965104032814807	23.053601213422223
60	22.9307976815241	27.12477231421801	27.045606941268446	22.898823062989443
61	23.14265093985262	27.11553995689223	26.877693157025266	22.864115946229877
62	23.042524115289	27.231800377070154	26.891382186251228	22.83429332138962
63	22.98390558992802	27.359004741274273	26.82267773236578	22.834411936431927
64	23.05070436060702	27.06875469766963	26.778024991448525	23.102515950274828
65	22.90856289157838	27.239855878863583	26.934313877886417	22.917267351671622
66	22.991715125962443	27.370115776785305	26.692023571638725	22.946145525613527
67	23.02160100305728	27.163226550773334	26.813310408921158	23.001862037248223
68	23.04751723511736	27.42054249607901	26.908171006826876	22.623769261976754
69	23.279659253786914	27.289239336333516	26.780504351830647	22.65059705804892
70	23.38948502405787	27.12616251094891	26.70423270882565	22.780119756167576
71	23.184166208066976	27.469254324577	26.645489832372437	22.701089634983582
72	23.14040103096624	27.597550741650362	26.908020047432828	22.354028179950568
73	23.888961237633385	28.176683446623763	26.86104766153728	21.07330765420557
74	25.050539851478053	30.533000212545346	26.97213570415642	17.444324231820175
75	30.656421284728975	41.053859859240006	28.289718856031023	0.0
>>END_MODULE
>>Per base GC content	fail
#Base	%GC
1	70.27487671703814
2	43.999432560969844
3	50.985480108393624
4	49.71020859556603
5	31.170487287993957
6	49.18406918861755
7	50.24279643718004
8	45.758937475733795
9	64.40410362125738
10	38.18275568992641
11	54.086502701575704
12	45.41255636047517
13	53.5818648123763
14	52.5242702764132
15	47.848936457250765
16	46.408320959545094
17	44.89132998025798
18	44.742808725138374
19	45.712605463314524
20	45.648055572562484
21	46.240222783060915
22	45.97748833003479
23	46.070574353657825
24	46.14421945140303
25	46.46160175332967
26	45.857919512746406
27	45.91247090080445
28	46.02395883648665
29	45.81539013649082
30	45.87000362343483
31	46.267407649308666
32	45.67131312346192
33	45.76597064108284
34	45.88678195772092
35	45.771931912867515
36	45.6297701799808
37	46.187182890152705
38	45.713793171371066
39	45.836089991133896
40	46.055304121536935
41	45.898483785731024
42	45.72469550625182
43	46.08349239767335
44	45.71678922602004
45	45.95978019264435
46	45.987842379421416
47	45.78081640308301
48	45.85510567092839
49	46.001950126223925
50	45.80089224559003
51	45.886675913145524
52	45.910661614140565
53	45.87299027389369
54	45.7223622855358
55	46.09202409563295
56	45.97502995342906
57	45.904730914456565
58	46.02494375284023
59	45.87632466099261
60	45.82962074451354
61	46.006766886082495
62	45.87681743667862
63	45.81831752635995
64	46.15322031088185
65	45.825830243249996
66	45.937860651575974
67	46.0234630403055
68	45.671286497094115
69	45.93025631183584
70	46.16960478022544
71	45.88525584305055
72	45.494429210916806
73	44.96226889183896
74	42.49486408329823
75	30.656421284728975
>>END_MODULE
>>Per sequence GC content	warn
#GC Content	Count
0	53817.0
1	27696.0
2	2413.5
3	3639.5
4	4037.5
5	3775.5
6	3140.5
7	2442.0
8	2120.5
9	2144.0
10	2456.0
11	3262.5
12	3830.0
13	4650.5
14	6589.0
15	9559.0
16	12012.0
17	16292.5
18	25141.5
19	36452.5
20	44728.0
21	58172.5
22	83342.0
23	111517.0
24	130758.5
25	156625.0
26	200732.5
27	246296.5
28	278050.0
29	317693.5
30	380504.5
31	443880.5
32	488319.0
33	538992.0
34	621971.0
35	702151.5
36	751853.5
37	801324.0
38	856157.0
39	894088.5
40	919483.0
41	931265.0
42	936397.5
43	937325.5
44	940141.0
45	935985.0
46	919178.0
47	898405.0
48	888315.5
49	872665.0
50	842528.5
51	814744.0
52	799318.5
53	787485.5
54	763282.0
55	737269.5
56	723381.5
57	706782.0
58	671818.5
59	627361.5
60	587708.5
61	540028.5
62	481097.0
63	423764.5
64	376917.5
65	336543.5
66	283852.5
67	231284.5
68	192903.5
69	163088.5
70	130508.5
71	99483.5
72	77806.0
73	63678.5
74	48560.5
75	35068.5
76	26469.0
77	20697.5
78	14899.5
79	10217.0
80	7423.0
81	5599.5
82	3941.5
83	2730.0
84	2107.5
85	1826.0
86	1576.5
87	1373.5
88	1258.5
89	1172.0
90	1096.0
91	1034.0
92	991.0
93	985.0
94	976.0
95	984.0
96	999.5
97	1042.0
98	1321.5
99	6094.0
100	10630.0
>>END_MODULE
>>Per base N content	pass
#Base	N-Count
1	0.38654580360823076
2	0.28230889352079375
3	0.2553840019181306
4	0.25473147933727713
5	0.25635087844304494
6	0.26693412789309223
7	0.28579060159819447
8	0.30269903343782906
9	0.3075096013696687
10	0.32208419332157906
11	0.33017166297332534
12	0.3338581774082203
13	0.3354061324357925
14	0.335615701731833
15	0.33363908223508704
16	0.35020934543792887
17	0.34559882092503696
18	0.3409263782110422
19	0.34148840495951455
20	0.34578457552834563
21	0.34867091628744945
22	0.34327450691440553
23	0.3606401808544922
24	0.34707056893586713
25	0.34100734816633055
26	0.3474516040195772
27	0.3540339850906687
28	0.3487614121198306
29	0.3540196962750296
30	0.349147210142087
31	0.35604870809578576
32	0.36227386877589907
33	0.3603877451115342
34	0.3640980742391611
35	0.36651764702072
36	0.10206611615660127
37	0.12662234884457108
38	0.0925744551865947
39	0.11141238086023704
40	0.092700395949951
41	0.11754442498432789
42	0.0897001524281379
43	0.09979806917821363
44	0.10564340190505114
45	0.10398414276931278
46	0.09729659892887836
47	0.11783793654798766
48	0.11002591326018263
49	0.10051692042158747
50	0.10302702271504283
51	0.11331475096520421
52	0.11707782227369859
53	0.10363320749148125
54	0.09436559950637247
55	0.095322575620465
56	0.09118275290665274
57	0.1015561643046411
58	0.08301927843627306
59	0.08727705897205397
60	0.09381806166933503
61	0.09467854845693738
62	0.08512622257017088
63	0.08897808882009846
64	0.0803049815793689
65	0.0861205258174001
66	0.09698822845360437
67	0.08345089776260999
68	0.08096964722132317
69	0.08142113347617577
70	0.08321137535208908
71	0.09326137886916928
72	0.09553219457917937
73	0.10736238296895709
74	0.1235964691926219
75	0.20494278663906207
>>END_MODULE
>>Sequence Length Distribution	warn
#Length	Count
35	66851.0
36	19170.0
37	24610.0
38	27165.0
39	29256.0
40	30296.0
41	32243.0
42	34989.0
43	38609.0
44	41989.0
45	46255.0
46	46962.0
47	48242.0
48	49563.0
49	51004.0
50	51665.0
51	53838.0
52	55364.0
53	58870.0
54	62104.0
55	64489.0
56	66076.0
57	66726.0
58	67071.0
59	68405.0
60	68993.0
61	69119.0
62	72045.0
63	74098.0
64	77306.0
65	80236.0
66	79422.0
67	82504.0
68	83074.0
69	91404.0
70	105136.0
71	182575.0
72	532332.0
73	1392317.0
74	4278110.0
75	1.2524959E7
>>END_MODULE
>>Sequence Duplication Levels	warn
#Total Duplicate Percentage	33.34005895582251
#Duplication Level	Relative count
1	100.0
2	21.44697501015097
3	9.224465689712451
4	4.83038647521317
5	2.9744195489276883
6	1.8766379978590675
7	1.2218079805101325
8	0.8836883097707726
9	0.6688568159167251
10++	4.523273411834189
>>END_MODULE
>>Overrepresented sequences	warn
#Sequence	Count	Percentage	Possible Source
NNNNNNNNNNNNNNNNNNNNNNNNNNNNNNNNNNN	53482	0.25473147933727713	No Hit
>>END_MODULE
>>Kmer Content	warn
#Sequence	Count	Obs/Exp Overall	Obs/Exp Max	Max Obs/Exp Position
AAAAA	6746585	3.500316	7.973932	71
CCTGG	3353020	2.9698832	11.453402	3
CCAGG	3230290	2.8854744	11.94854	3
CCCAG	3048095	2.7473378	10.6025095	2
CTGGG	3016305	2.6477113	9.871427	4
CAGCA	3272450	2.563389	6.8540063	4
CCAGC	2831525	2.552137	6.3808346	3
TGCTG	3283990	2.5066319	7.4293895	2
GCTGG	2820970	2.4762464	6.4144273	3
GGAGG	2819190	2.4733427	5.561501	6
TCCAG	3131695	2.4324756	9.324072	2
CTCCA	3007475	2.3571048	6.913323	1
CAGGA	3022980	2.3467612	9.807606	4
CTCCT	3010075	2.3392775	6.521691	1
AGGAG	3018265	2.3221118	6.909178	5
CTGGA	3005480	2.3135295	8.887391	4
CAGCC	2540340	2.289683	5.2385383	9
TCCTG	2970210	2.2876194	9.349252	2
CTGCT	2963305	2.2823012	6.5033183	9
AGCAG	2937830	2.280659	5.4457293	7
GGCTG	2567755	2.2539742	8.006775	7
CTGCA	2853390	2.216308	6.536702	4
CCTGC	2462560	2.200888	6.176401	3
GCTGC	2484665	2.2007518	5.514073	8
GGCAG	2467570	2.1844258	5.9888577	7
TGCAG	2832165	2.1801167	6.944688	2
CAGAG	2808030	2.1798942	7.3005753	4
GCAGG	2459125	2.17695	6.4950438	3
CTGCC	2425475	2.1677434	5.608409	9
CTCTG	2804250	2.1597989	7.300267	2
TGGAG	2801870	2.1374764	6.5758486	5
CCCTG	2389800	2.1358595	8.536131	2
AGCTG	2706600	2.0834603	5.844727	7
CAGGG	2332890	2.0651999	8.648665	4
GCCTG	2329310	2.063149	6.239215	7
CACAG	2622160	2.054001	6.9760075	7
CTGTG	2645450	2.0192416	8.731641	9
GGAGA	2600845	2.0009682	5.532283	6
CAGAA	2939020	2.0007923	5.414163	4
CAGGC	2210325	1.9743849	5.6362553	4
CTGGC	2223560	1.9694823	5.1528273	4
CTCAG	2531375	1.9661901	5.935053	2
CCCCA	2157610	1.9622953	6.43626	1
GGGAG	2190380	1.9216727	5.204839	7
CTGAG	2493070	1.9190913	5.6590257	4
TTCTG	2888535	1.917166	5.264818	2
CCAGA	2413970	1.890921	6.5970044	3
CCTCT	2388055	1.8558751	5.4784236	1
GGCCA	2042960	1.8248854	5.8190913	1
TCTGG	2385135	1.8205463	6.1721654	3
CACTG	2332895	1.8120251	7.3693438	7
CAGTG	2349605	1.8086562	6.2926836	9
ACCTG	2320960	1.8027549	5.322719	7
TGGGG	2070715	1.8013905	5.710834	5
TGGCC	1960690	1.7366495	5.2203364	5
CCTGA	2215995	1.7212256	5.5811625	3
ACAGA	2470040	1.6815255	5.7667117	8
GCCCA	1849250	1.6667835	6.618121	1
GAGAG	2165780	1.6662498	5.343551	7
TCAGG	2161775	1.6640702	5.627129	3
AGGTG	2105575	1.6062903	5.170384	7
CCTGT	2083190	1.6044474	5.36346	8
TGGGC	1777140	1.5599728	5.933116	5
GTGTG	2057205	1.5561752	7.37076	1
ACACA	2263055	1.554542	6.112646	6
TGTGT	2328195	1.5314174	5.887084	10
CACAC	1905300	1.5059575	6.2432585	5
ACAGC	1907055	1.4938422	5.5663695	8
GCTGT	1950335	1.4886683	5.2650595	8
CTGTC	1877925	1.4463547	5.739001	9
GACAG	1838025	1.4268723	6.810829	7
GCCCT	1578820	1.4110544	5.537432	1
GGGCT	1598015	1.4027368	5.5247097	6
AGACA	2037700	1.387202	5.351347	6
AGGGC	1511585	1.3381364	5.2406178	5
GGACA	1675850	1.3009744	6.100485	6
GTCCT	1673750	1.2891017	8.434475	1
GTGCT	1637450	1.2498468	6.3788724	1
ACTGC	1587470	1.2330326	5.137582	8
AGGAC	1570705	1.2193496	7.926814	5
GTCCA	1560265	1.2119017	6.8612742	1
TGTGC	1561430	1.1918216	5.691849	10
AGCAC	1514710	1.1865089	5.357781	5
GTCTT	1722605	1.14332	5.4438295	1
TGGAC	1457695	1.1220905	6.0771017	5
GTGCA	1427900	1.0991552	5.944279	1
ACAGT	1604025	1.0827749	5.4328604	8
ACTGT	1591710	1.0654142	6.1943855	8
TGCAC	1368305	1.062801	5.246764	5
GACTG	1356375	1.0440973	5.823569	7
GGACC	1123040	1.0031615	5.0840306	6
ACACT	1439165	0.9802694	5.01307	6
GGACT	1241145	0.95539653	5.234598	6
TGTAG	1399970	0.9286786	5.045071	2
GTGTA	1005445	0.6669681	5.7786126	1
>>END_MODULE
