##FastQC	0.10.1
>>Basic Statistics	pass
#Measure	Value	
Filename	018-F5_S4_L002_R2_001_trimmed.fq.gz	
File type	Conventional base calls	
Encoding	Sanger / Illumina 1.9	
Total Sequences	16172732	
Filtered Sequences	0	
Sequence length	20-50	
%GC	45	
>>END_MODULE
>>Per base sequence quality	pass
#Base	Mean	Median	Lower Quartile	Upper Quartile	10th Percentile	90th Percentile
1	35.02942026121499	36.0	36.0	36.0	36.0	36.0
2	35.017528640182746	36.0	36.0	36.0	36.0	36.0
3	35.008608935089015	36.0	36.0	36.0	36.0	36.0
4	35.00089768382979	36.0	36.0	36.0	36.0	36.0
5	34.98724272435851	36.0	36.0	36.0	36.0	36.0
6	34.96599653045632	36.0	36.0	36.0	36.0	36.0
7	34.95144846275818	36.0	36.0	36.0	36.0	36.0
8	34.95002823270676	36.0	36.0	36.0	36.0	36.0
9	34.9327557026234	36.0	36.0	36.0	36.0	36.0
10	34.91664246955926	36.0	36.0	36.0	36.0	36.0
11	34.90983638385895	36.0	36.0	36.0	36.0	36.0
12	34.89124107170019	36.0	36.0	36.0	36.0	36.0
13	34.881643620879885	36.0	36.0	36.0	36.0	36.0
14	34.86887824518455	36.0	36.0	36.0	36.0	36.0
15	34.8652688364588	36.0	36.0	36.0	36.0	36.0
16	34.8382372254731	36.0	36.0	36.0	36.0	36.0
17	34.826730264249726	36.0	36.0	36.0	36.0	36.0
18	34.81559182456001	36.0	36.0	36.0	36.0	36.0
19	34.79054726189737	36.0	36.0	36.0	36.0	36.0
20	34.786470956174874	36.0	36.0	36.0	36.0	36.0
21	34.78411865573156	36.0	36.0	36.0	36.0	36.0
22	34.77461164763558	36.0	36.0	36.0	36.0	36.0
23	34.767383372058084	36.0	36.0	36.0	36.0	36.0
24	34.75051952379059	36.0	36.0	36.0	36.0	36.0
25	34.73412306101614	36.0	36.0	36.0	36.0	36.0
26	34.714176764654624	36.0	36.0	36.0	36.0	36.0
27	34.706641392879405	36.0	36.0	36.0	36.0	36.0
28	34.707305756861224	36.0	36.0	36.0	36.0	36.0
29	34.69160702558013	36.0	36.0	36.0	36.0	36.0
30	34.67205641848957	36.0	36.0	36.0	36.0	36.0
31	34.654011263700724	36.0	36.0	36.0	36.0	36.0
32	34.65291030449258	36.0	36.0	36.0	36.0	36.0
33	34.621714811188006	36.0	36.0	36.0	32.0	36.0
34	34.607793370808906	36.0	36.0	36.0	32.0	36.0
35	34.57696802484983	36.0	36.0	36.0	32.0	36.0
36	34.56088032921297	36.0	36.0	36.0	32.0	36.0
37	34.559393206547455	36.0	36.0	36.0	32.0	36.0
38	34.549606942494144	36.0	36.0	36.0	32.0	36.0
39	34.52723728639872	36.0	36.0	36.0	32.0	36.0
40	34.523138945982105	36.0	36.0	36.0	32.0	36.0
41	34.49511300506955	36.0	36.0	36.0	32.0	36.0
42	34.475023762763975	36.0	36.0	36.0	32.0	36.0
43	34.4662697594675	36.0	36.0	36.0	32.0	36.0
44	34.444650716806244	36.0	36.0	36.0	32.0	36.0
45	34.44776436706362	36.0	36.0	36.0	32.0	36.0
46	34.43833304812582	36.0	36.0	36.0	32.0	36.0
47	34.44320419809724	36.0	36.0	36.0	32.0	36.0
48	34.47072637454155	36.0	36.0	36.0	32.0	36.0
49	34.54336736170643	36.0	36.0	36.0	32.0	36.0
50	34.68251100967409	36.0	36.0	36.0	32.0	36.0
>>END_MODULE
>>Per sequence quality scores	pass
#Quality	Count
5	1.0
6	9.0
7	9.0
8	32.0
9	32.0
10	38.0
11	42.0
12	68.0
13	76.0
14	672.0
15	1496.0
16	3083.0
17	5692.0
18	9694.0
19	15235.0
20	23143.0
21	31907.0
22	43205.0
23	56734.0
24	73763.0
25	95391.0
26	120653.0
27	151896.0
28	188614.0
29	232940.0
30	287383.0
31	366002.0
32	487088.0
33	711992.0
34	1376624.0
35	6600192.0
36	5289026.0
>>END_MODULE
>>Per base sequence content	pass
#Base	G	A	T	C
1	22.62673874512058	26.567003924311688	27.25801273410204	23.548244596465693
2	22.72502023254065	26.628045516785587	27.48768733650722	23.159246914166538
3	22.556422453298765	26.708979719193398	27.44535223631297	23.289245591194867
4	22.833641567221072	26.29172094433654	27.770074936420386	23.104562552022003
5	22.860195571031387	26.418574492857328	27.334328590967598	23.386901345143684
6	22.34391831474695	26.873215206655725	27.545336379050838	23.237530099546483
7	22.466971085338063	26.839040173420198	27.497336687034075	23.196652054207664
8	22.522566142611243	26.74194568097647	27.381685589997062	23.353802586415224
9	22.401436772582244	26.806391641855136	27.534560730145436	23.257610855417184
10	22.440793140313176	26.855448586884208	27.52392634668077	23.179831926121842
11	23.012649995198522	26.75699960073215	27.197449484145565	23.03290091992376
12	22.282153507015888	27.036378729581116	27.59868849215244	23.082779271250555
13	22.433869304628644	26.89426354575853	27.75022841003427	22.92163873957855
14	22.49346820069729	26.593551573002213	27.883463289132965	23.029516937167532
15	22.366501379863454	26.937741970790057	27.727439402568283	22.968317246778206
16	22.452333043524504	27.16860690173749	27.685884743482088	22.69317531125592
17	22.589153611362114	26.838395454204512	27.281234797977387	23.291216136455983
18	22.480250488249244	27.341493702543353	27.288642809347174	22.889612999860233
19	22.69434538344045	27.023018714815066	27.53286225597542	22.749773645769064
20	22.80547999835976	26.68853607583534	27.51830283258101	22.987681093223884
21	22.750724875899117	26.88124882879908	27.566919666694474	22.80110662860733
22	22.480841601296074	27.17415763777531	27.612424028694903	22.73257673223371
23	22.580881705285694	26.929827840100923	27.499070065173232	22.990220389440154
24	22.394355519064156	27.2845365795733	27.536294554907858	22.784813346454687
25	22.511642412262116	27.17026537347378	27.42913951469994	22.88895269956416
26	22.618242337160883	27.0401922042634	27.32778505582515	23.013780402750577
27	22.67639363987026	27.166416392310715	27.41472439578842	22.7424655720306
28	22.39189818935392	27.189344826224538	27.419043617420556	22.999713367000982
29	22.76460871544842	26.94471566990763	27.37487554788704	22.9158000667569
30	22.50824794074592	27.330239120053186	27.355296629346746	22.806216309854143
31	22.56950506506584	27.25474175412132	27.368745506781313	22.807007674031528
32	22.604073094983537	27.265351868540133	27.26526424898873	22.8653107874876
33	22.45853513139825	27.039040722311054	27.57828095780617	22.92414318848453
34	22.622366234986128	27.429611292947204	27.380524020597196	22.56749845146947
35	22.61733443840032	26.995677379686484	27.36505819168194	23.021929990231257
36	22.678078414237294	27.314420870157292	27.192029839691166	22.815470875914244
37	22.553154168889456	27.19042299695334	27.286612690898494	22.969810143258712
38	22.593989325915	27.144008453990505	27.197824716605783	23.06417750348871
39	22.508588793379474	27.237276049699766	27.274805263427936	22.979329893492825
40	22.54780027706337	27.182507890018414	27.502951150847416	22.766740682070797
41	22.813141936794327	27.12617596183417	27.26587690590641	22.79480519546509
42	22.710612123260564	27.260895011478954	27.3142391558243	22.714253709436182
43	22.687416030814497	27.42114954413309	27.194546829674593	22.696887595377827
44	22.734789552018785	27.113140868544182	27.1055012084495	23.04656837098753
45	22.64867365503728	27.301280756171746	27.243207134895354	22.806838453895615
46	22.612218777627465	27.608924639760634	27.038042735254177	22.740813847357725
47	22.75556833282738	27.278092630306393	27.10109614249249	22.865242894373733
48	22.724710242436803	27.686646081989284	27.31982109676574	22.268822578808173
49	22.95580733493591	27.84583903657709	27.40341535501364	21.79493827347336
50	23.07158074074664	27.45257299731864	27.395041883028593	22.080804378906123
>>END_MODULE
>>Per base GC content	pass
#Base	%GC
1	46.17498334158628
2	45.88426714670719
3	45.84566804449363
4	45.938204119243075
5	46.247096916175074
6	45.58144841429343
7	45.66362313954573
8	45.87636872902647
9	45.65904762799943
10	45.620625066435025
11	46.045550915122284
12	45.36493277826644
13	45.3555080442072
14	45.52298513786482
15	45.33481862664166
16	45.145508354780425
17	45.880369747818094
18	45.36986348810947
19	45.44411902920951
20	45.79316109158365
21	45.551831504506445
22	45.21341833352979
23	45.571102094725845
24	45.17916886551884
25	45.40059511182628
26	45.632022739911456
27	45.418859211900866
28	45.3916115563549
29	45.680408782205326
30	45.31446425060006
31	45.37651273909737
32	45.469383882471135
33	45.38267831988277
34	45.1898646864556
35	45.63926442863158
36	45.493549290151535
37	45.52296431214817
38	45.65816682940371
39	45.4879186868723
40	45.31454095913416
41	45.60794713225941
42	45.424865832696746
43	45.38430362619232
44	45.78135792300632
45	45.4555121089329
46	45.35303262498519
47	45.620811227201116
48	44.993532821244976
49	44.75074560840927
50	45.15238511965276
>>END_MODULE
>>Per sequence GC content	warn
#GC Content	Count
0	2157.0
1	1880.5
2	1545.0
3	1664.5
4	1871.0
5	2172.5
6	2534.5
7	3006.0
8	3508.0
9	4399.0
10	5372.0
11	7256.0
12	9205.5
13	12520.0
14	16501.5
15	23492.0
16	31270.5
17	43402.5
18	56693.0
19	75691.5
20	95245.5
21	121869.5
22	150128.0
23	185408.0
24	222517.0
25	259322.5
26	302462.0
27	354180.5
28	409262.5
29	469307.5
30	530201.5
31	594944.5
32	663664.5
33	733720.0
34	802569.5
35	862527.0
36	918236.0
37	956621.0
38	986609.0
39	1007704.5
40	1027016.0
41	1037894.5
42	1046999.5
43	1046259.0
44	1039934.0
45	1020675.5
46	1001243.5
47	980412.5
48	958147.5
49	933677.5
50	909753.0
51	885208.0
52	857168.5
53	828683.5
54	801577.0
55	771696.5
56	737723.0
57	700406.0
58	662553.0
59	616441.0
60	569730.0
61	521953.5
62	473440.5
63	431883.0
64	383130.5
65	339108.0
66	298217.5
67	260100.5
68	221430.5
69	186881.0
70	157143.0
71	132394.5
72	110464.5
73	91737.5
74	74271.0
75	61450.5
76	51930.5
77	42805.0
78	34620.0
79	28436.5
80	22616.5
81	18191.5
82	14675.0
83	11999.0
84	9522.0
85	7696.5
86	6075.5
87	4779.0
88	3811.0
89	3071.5
90	2412.5
91	2008.0
92	1695.0
93	1578.5
94	1481.5
95	1501.0
96	1504.0
97	1705.0
98	2362.5
99	7694.5
100	12589.0
>>END_MODULE
>>Per base N content	pass
#Base	N-Count
1	0.0044766709792754865
2	0.004724000867633248
3	0.005503090015960197
4	0.003023607885173637
5	0.00435918928230555
6	0.008607080114850106
7	0.007073634807031985
8	0.007172566762375088
9	0.009200671846908735
10	0.005657671196183799
11	0.0039016289888436904
12	0.0031349063349346297
13	0.007154017020748257
14	0.00429735681021611
15	0.005206294149930884
16	0.007123100784703537
17	0.005892634590123672
18	0.016768966430656243
19	0.014103986883601361
20	0.02679201015635453
21	0.011169255180229392
22	0.0199220161749184
23	0.009501447343759762
24	0.011122793594139374
25	0.012554940282072626
26	0.007998755003417029
27	0.02322991933979748
28	0.010861226778055687
29	0.014121336760027928
30	0.007053559613190281
31	0.014693685715124995
32	0.006908950113062091
33	0.0060348547642953675
34	0.01241306383973467
35	0.003921673373000473
36	0.012280402051928664
37	0.014310393184672093
38	0.00790573035372334
39	0.014593267234541067
40	0.008834924443650105
41	0.010345500993110938
42	0.012801210379585488
43	0.005539664829855066
44	0.003048086640453975
45	0.002962523498124562
46	0.016031938381117904
47	0.022035937002009766
48	0.005805145432119083
49	0.0021749798586941224
50	0.008731638794430074
>>END_MODULE
>>Sequence Length Distribution	warn
#Length	Count
20	12299.0
21	12469.0
22	13580.0
23	14333.0
24	14837.0
25	15210.0
26	15906.0
27	16980.0
28	17560.0
29	19278.0
30	20210.0
31	20797.0
32	21971.0
33	22477.0
34	23250.0
35	24473.0
36	24505.0
37	25983.0
38	27954.0
39	30370.0
40	32315.0
41	36523.0
42	40634.0
43	52464.0
44	89051.0
45	164220.0
46	437464.0
47	938028.0
48	1895525.0
49	2552047.0
50	9540019.0
>>END_MODULE
>>Sequence Duplication Levels	warn
#Total Duplicate Percentage	35.75416805438551
#Duplication Level	Relative count
1	100.0
2	24.201811362180955
3	10.103528191992194
4	5.106272680145153
5	3.0075016009514224
6	1.8670143018327081
7	1.2563656877992255
8	0.9216906047022231
9	0.6922209008020004
10++	5.31515872289818
>>END_MODULE
>>Overrepresented sequences	pass
>>END_MODULE
>>Kmer Content	warn
#Sequence	Count	Obs/Exp Overall	Obs/Exp Max	Max Obs/Exp Position
AAAAA	3832410	3.6584158	4.3780713	46
TTTTT	3460430	3.093207	3.8985715	13
>>END_MODULE
