##FastQC	0.10.1
>>Basic Statistics	pass
#Measure	Value	
Filename	029-F5_S4_L002_R1_001_trimmed.fq.gz	
File type	Conventional base calls	
Encoding	Sanger / Illumina 1.9	
Total Sequences	24056050	
Filtered Sequences	0	
Sequence length	20-51	
%GC	45	
>>END_MODULE
>>Per base sequence quality	pass
#Base	Mean	Median	Lower Quartile	Upper Quartile	10th Percentile	90th Percentile
1	35.17222037699456	36.0	36.0	36.0	36.0	36.0
2	35.16275751837895	36.0	36.0	36.0	36.0	36.0
3	35.14441730874354	36.0	36.0	36.0	36.0	36.0
4	35.13489571230522	36.0	36.0	36.0	36.0	36.0
5	35.11676098112533	36.0	36.0	36.0	36.0	36.0
6	35.07219693174898	36.0	36.0	36.0	36.0	36.0
7	35.0544971846999	36.0	36.0	36.0	36.0	36.0
8	35.04633819766753	36.0	36.0	36.0	36.0	36.0
9	35.02862144865845	36.0	36.0	36.0	36.0	36.0
10	35.010976822878234	36.0	36.0	36.0	36.0	36.0
11	35.00092217965959	36.0	36.0	36.0	36.0	36.0
12	34.97814391805804	36.0	36.0	36.0	36.0	36.0
13	34.97504394944307	36.0	36.0	36.0	36.0	36.0
14	34.962921468819694	36.0	36.0	36.0	36.0	36.0
15	34.945315793740036	36.0	36.0	36.0	36.0	36.0
16	34.92481159625125	36.0	36.0	36.0	36.0	36.0
17	34.92488924823485	36.0	36.0	36.0	36.0	36.0
18	34.906305191417545	36.0	36.0	36.0	36.0	36.0
19	34.89680059693923	36.0	36.0	36.0	36.0	36.0
20	34.884843189135374	36.0	36.0	36.0	36.0	36.0
21	34.87489371828911	36.0	36.0	36.0	36.0	36.0
22	34.855703909450035	36.0	36.0	36.0	36.0	36.0
23	34.84995716135844	36.0	36.0	36.0	36.0	36.0
24	34.8286899571791	36.0	36.0	36.0	36.0	36.0
25	34.816965898716596	36.0	36.0	36.0	36.0	36.0
26	34.797338451447736	36.0	36.0	36.0	36.0	36.0
27	34.7890589714445	36.0	36.0	36.0	36.0	36.0
28	34.76784086940861	36.0	36.0	36.0	36.0	36.0
29	34.753545135895145	36.0	36.0	36.0	36.0	36.0
30	34.72637013163652	36.0	36.0	36.0	32.0	36.0
31	34.70623949516389	36.0	36.0	36.0	32.0	36.0
32	34.68158749952433	36.0	36.0	36.0	32.0	36.0
33	34.649180252045326	36.0	36.0	36.0	32.0	36.0
34	34.63254012143979	36.0	36.0	36.0	32.0	36.0
35	34.605561906691364	36.0	36.0	36.0	32.0	36.0
36	34.574655633652135	36.0	36.0	36.0	32.0	36.0
37	34.56166048883388	36.0	36.0	36.0	32.0	36.0
38	34.54749394720828	36.0	36.0	36.0	32.0	36.0
39	34.50548338719594	36.0	36.0	36.0	32.0	36.0
40	34.48309392807236	36.0	36.0	36.0	32.0	36.0
41	34.459164769953304	36.0	36.0	36.0	32.0	36.0
42	34.427873179455645	36.0	36.0	36.0	32.0	36.0
43	34.39186627891949	36.0	36.0	36.0	32.0	36.0
44	34.36829649438682	36.0	36.0	36.0	32.0	36.0
45	34.36325795230013	36.0	36.0	36.0	32.0	36.0
46	34.329139940434835	36.0	36.0	36.0	32.0	36.0
47	34.33052912639922	36.0	36.0	36.0	32.0	36.0
48	34.337622129826414	36.0	36.0	36.0	32.0	36.0
49	34.37022625486358	36.0	36.0	36.0	32.0	36.0
50	34.459614849544295	36.0	36.0	36.0	32.0	36.0
51	34.56456121271166	36.0	36.0	36.0	32.0	36.0
>>END_MODULE
>>Per sequence quality scores	pass
#Quality	Count
13	1.0
14	13.0
15	57.0
16	176.0
17	571.0
18	1515.0
19	3829.0
20	8211.0
21	15828.0
22	27366.0
23	44345.0
24	68569.0
25	102261.0
26	148167.0
27	204315.0
28	274262.0
29	358481.0
30	461822.0
31	603897.0
32	825173.0
33	1259048.0
34	2587304.0
35	1.1704237E7
36	5356602.0
>>END_MODULE
>>Per base sequence content	pass
#Base	G	A	T	C
1	22.72352801060538	26.618428639187954	27.215114415662644	23.44292893454402
2	22.587646076794655	26.54061550126705	27.47062251827415	23.40111590366414
3	22.622320798157457	26.612401404145885	27.338738658969596	23.426539138727062
4	22.739558711394604	26.497261562013126	27.474536669162664	23.28864305742961
5	22.95485484159689	26.502078953247516	27.072391173288896	23.470675031866698
6	22.528501454327625	26.81518669725667	27.259246110811574	23.397065737604127
7	22.559666715913128	26.783321196311555	27.288707115775544	23.36830497199977
8	22.710528392140894	26.602115271303013	27.310593724789918	23.376762611766182
9	22.439791409494905	26.767144397315484	27.484303645553275	23.308760547636336
10	22.629412433003335	26.835726229046635	27.279447615697478	23.255413722252552
11	22.93829735031288	26.83760087552175	27.073163816700813	23.150937957464564
12	22.415378112372235	26.902929288579013	27.462348562410238	23.219344036638514
13	22.583385178386752	26.742611113379	27.507495742996635	23.166507965237614
14	22.580098302722252	26.488374592111462	27.648909584733666	23.28261752043262
15	22.509930131352192	26.77857916871167	27.45420141855812	23.257289281378014
16	22.69049664367926	27.155933889926516	27.243242461248663	22.91032700514556
17	22.826697096393016	26.83469944929262	27.109714336786816	23.228889117527544
18	22.715826873078875	27.10923639505455	27.13211676604912	23.042819965817458
19	22.740102360652166	26.94609892241246	27.309004362589327	23.00479435434605
20	22.720292593946457	26.687885863816753	27.309171584534255	23.282649957702535
21	22.73942417647153	26.89688351317059	27.3362197590856	23.027472551272275
22	22.657645217019997	26.88952121164926	27.359681895579442	23.093151675751297
23	22.747331376940373	26.70158996897892	27.23747442735529	23.313604226725417
24	22.659926230010047	27.05638446253164	27.316390214641363	22.967299092816948
25	22.709323095055886	26.96507050399375	27.19146993497783	23.134136465972535
26	22.80681848120758	27.05799486727584	27.05262881451647	23.08255783700011
27	22.631362941929257	27.126111123765078	27.266696698748692	22.975829235556972
28	22.629417413162294	26.98365710542629	27.18871325753151	23.198212223879906
29	22.760124459296183	26.866742176934146	27.274255215465526	23.09887814830415
30	22.716407291835143	26.98698862513177	27.23352673595989	23.06307734707319
31	22.79261490473542	26.978094841284477	27.17050749422877	23.05878275975133
32	22.76504903896577	26.918286442707945	27.138865049286686	23.177799469039595
33	22.648433455419283	26.923003615035334	27.295870389326556	23.132692540218827
34	22.83542523948784	27.17537804517452	27.137395835055685	22.851800880281957
35	22.822849168490738	26.948974668373744	27.076871672695646	23.151304490439877
36	22.91714060488417	27.15552284317061	26.991994991843477	22.935341560101744
37	22.70197883068647	26.99304489315586	27.20573170179162	23.09924457436605
38	22.677506377120178	26.814211675424733	27.224033016137266	23.284248931317826
39	22.58507732158583	26.97851613800989	27.28057853942755	23.15582800097673
40	22.74787683419468	27.01674682620897	27.23365306064005	23.0017232789563
41	22.921176879604214	27.01825946670381	27.075824659108733	22.98473899458325
42	22.79166426921392	27.194567344928245	27.058609212091294	22.95515917376654
43	22.819338376518818	27.156683802645105	27.082636014647125	22.94134180618895
44	22.825002214859715	26.914571540989147	27.05892671425151	23.201499529899632
45	22.638127995647995	27.03064849396406	27.287965646827285	23.04325786356066
46	22.780313950888956	27.092021173012466	27.018026663784738	23.10963821231384
47	22.73343481629927	27.069170248226946	27.124650105850446	23.07274482962334
48	22.758255216125885	27.353531290009908	27.202911808016513	22.68530168584769
49	22.97867865470377	27.371949766428255	27.138558555016534	22.51081302385144
50	22.949837854657012	27.544557946411473	27.29298479724377	22.21261940168774
51	22.476189354525253	27.935068489801445	27.508872620389003	22.079869535284303
>>END_MODULE
>>Per base GC content	pass
#Base	%GC
1	46.166456945149406
2	45.9887619804588
3	46.04885993688452
4	46.02820176882421
5	46.42552987346359
6	45.925567191931755
7	45.9279716879129
8	46.08729100390707
9	45.74855195713124
10	45.88482615525589
11	46.089235307777436
12	45.63472214901075
13	45.74989314362436
14	45.86271582315487
15	45.767219412730206
16	45.60082364882482
17	46.05558621392056
18	45.75864683889633
19	45.74489671499821
20	46.00294255164899
21	45.766896727743806
22	45.7507968927713
23	46.06093560366579
24	45.627225322826995
25	45.843459561028425
26	45.88937631820769
27	45.607192177486226
28	45.8276296370422
29	45.85900260760033
30	45.779484638908336
31	45.85139766448675
32	45.94284850800536
33	45.781125995638114
34	45.6872261197698
35	45.97415365893061
36	45.852482164985915
37	45.80122340505252
38	45.961755308438
39	45.74090532256256
40	45.749600113150976
41	45.90591587418746
42	45.746823442980464
43	45.760680182707766
44	46.026501744759344
45	45.68138585920865
46	45.88995216320279
47	45.806179645922604
48	45.44355690197357
49	45.48949167855521
50	45.16245725634475
51	44.55605888980955
>>END_MODULE
>>Per sequence GC content	pass
#GC Content	Count
0	6339.0
1	5983.5
2	4619.0
3	3829.0
4	4154.0
5	5004.5
6	5914.5
7	7203.0
8	8568.5
9	10869.5
10	13363.0
11	17838.0
12	22327.5
13	30074.0
14	38585.0
15	52332.0
16	66701.5
17	88296.0
18	110683.0
19	140531.0
20	171393.0
21	211115.0
22	251314.0
23	299798.5
24	349935.0
25	400180.5
26	494530.5
27	557977.5
28	627739.5
29	699202.5
30	773531.0
31	850308.0
32	931320.0
33	1014552.0
34	1096461.5
35	1175996.5
36	1245943.0
37	1312789.0
38	1360015.5
39	1406907.0
40	1434149.5
41	1457676.0
42	1470710.5
43	1475855.0
44	1463263.5
45	1448682.5
46	1428990.5
47	1406435.5
48	1382301.5
49	1357683.5
50	1333581.0
51	1310155.5
52	1284506.0
53	1257553.0
54	1232796.0
55	1205279.0
56	1169636.5
57	1129729.5
58	1079343.0
59	1021093.5
60	954790.5
61	883100.5
62	809412.5
63	738602.0
64	660158.5
65	584120.0
66	514536.0
67	446603.5
68	384704.0
69	324202.5
70	274788.0
71	229617.5
72	192493.0
73	156995.0
74	126900.5
75	93624.5
76	77513.5
77	63510.0
78	50399.5
79	40462.5
80	31204.0
81	25194.0
82	20069.5
83	16064.5
84	12405.0
85	9817.0
86	7448.0
87	5974.5
88	4632.0
89	3595.0
90	2697.5
91	2201.5
92	1799.5
93	1544.0
94	1291.5
95	1136.5
96	991.0
97	892.5
98	820.0
99	939.5
100	1053.0
>>END_MODULE
>>Per base N content	pass
#Base	N-Count
1	0.0014133658684613642
2	8.72961271696725E-4
3	6.027589733144053E-4
4	7.60723393907146E-4
5	0.004805443952768638
6	0.0010808091935292786
7	7.316246848505885E-4
8	0.0028932430719091455
9	0.0012678723231785767
10	7.856651445270524E-4
11	0.0037745182604791727
12	0.0038493435123388917
13	0.001646155540913824
14	0.0031800732040380693
15	0.00616892631999019
16	0.004730618700908918
17	0.0025980990229069194
18	0.002061851384578931
19	0.005399889009209741
20	0.005890410104734568
21	0.0026030299018166276
22	0.003751563064338472
23	0.0017562818543007809
24	0.007257708707000223
25	0.003531657678646867
26	0.003674032899218079
27	0.0015859387297879278
28	0.001094962411927396
29	0.004385997252458764
30	0.0018437974716778475
31	8.987183977495069E-4
32	0.004744916330383356
33	0.012642308951564154
34	0.0022933101608800023
35	0.001124082128799656
36	7.904006830444023E-4
37	0.0022393967056611908
38	2.4328901375021716E-4
39	5.011758893780173E-4
40	0.0012198121629175879
41	4.737853470738688E-4
42	4.534411871812264E-4
43	0.0011223252812385875
44	9.050121034277999E-4
45	8.335569152884635E-4
46	4.3533912469010137E-4
47	9.083138053434466E-5
48	0.0030681325438879966
49	0.0014241976802427474
50	0.00176815858013248
51	9.466622886641664E-4
>>END_MODULE
>>Sequence Length Distribution	warn
#Length	Count
20	45569.0
21	47136.0
22	49188.0
23	49876.0
24	51101.0
25	51825.0
26	52999.0
27	54576.0
28	55954.0
29	59449.0
30	60500.0
31	63344.0
32	64368.0
33	65046.0
34	66175.0
35	66130.0
36	66239.0
37	68684.0
38	71855.0
39	73662.0
40	77241.0
41	79949.0
42	83599.0
43	90450.0
44	107154.0
45	152501.0
46	262658.0
47	670331.0
48	1407439.0
49	2804580.0
50	3720917.0
51	1.3415555E7
>>END_MODULE
>>Sequence Duplication Levels	warn
#Total Duplicate Percentage	37.151422369023415
#Duplication Level	Relative count
1	100.0
2	23.992167613080085
3	10.68102604268651
4	5.889171725083219
5	3.6467593499118856
6	2.3645976111219893
7	1.6354023888780105
8	1.1443117289994125
9	0.8983747797141178
10++	6.395927158801645
>>END_MODULE
>>Overrepresented sequences	pass
>>END_MODULE
>>Kmer Content	warn
#Sequence	Count	Obs/Exp Overall	Obs/Exp Max	Max Obs/Exp Position
AAAAA	6129020	3.9922316	4.9183884	47
TTTTT	5730825	3.52356	3.9206676	47
CCTGG	2460170	3.0238736	3.7045748	9
>>END_MODULE
