##FastQC	0.10.1
>>Basic Statistics	pass
#Measure	Value	
Filename	032-F5_S3_L004_R1_001.fastq.gz	
File type	Conventional base calls	
Encoding	Sanger / Illumina 1.9	
Total Sequences	43589240	
Filtered Sequences	0	
Sequence length	35-76	
%GC	45	
>>END_MODULE
>>Per base sequence quality	pass
#Base	Mean	Median	Lower Quartile	Upper Quartile	10th Percentile	90th Percentile
1	31.338417164419475	32.0	32.0	32.0	32.0	32.0
2	31.398510572792734	32.0	32.0	32.0	32.0	32.0
3	31.487702400867736	32.0	32.0	32.0	32.0	32.0
4	31.58200195736379	32.0	32.0	32.0	32.0	32.0
5	31.53488594891767	32.0	32.0	32.0	32.0	32.0
6	35.14318279006471	36.0	36.0	36.0	36.0	36.0
7	35.15302634319846	36.0	36.0	36.0	36.0	36.0
8	35.09170453533945	36.0	36.0	36.0	36.0	36.0
9	35.22034063911185	36.0	36.0	36.0	36.0	36.0
10-14	35.14323435783693	36.0	36.0	36.0	36.0	36.0
15-19	35.10808725731396	36.0	36.0	36.0	36.0	36.0
20-24	35.06652185722899	36.0	36.0	36.0	36.0	36.0
25-29	34.96926689705991	36.0	36.0	36.0	36.0	36.0
30-34	34.88634291857348	36.0	36.0	36.0	36.0	36.0
35-39	34.833772989555605	36.0	36.0	36.0	36.0	36.0
40-44	34.77330762612665	36.0	36.0	36.0	34.4	36.0
45-49	34.706017091951864	36.0	36.0	36.0	32.0	36.0
50-54	34.61607569276506	36.0	36.0	36.0	32.0	36.0
55-59	34.5041403269111	36.0	36.0	36.0	32.0	36.0
60-64	34.383569664806416	36.0	36.0	36.0	32.0	36.0
65-69	34.24952172245325	36.0	36.0	36.0	32.0	36.0
70-74	34.11065959335245	36.0	36.0	36.0	32.0	36.0
75-76	33.60127261880709	36.0	36.0	36.0	26.5	36.0
>>END_MODULE
>>Per sequence quality scores	pass
#Quality	Count
2	26112.0
3	0.0
4	0.0
5	0.0
6	0.0
7	0.0
8	0.0
9	0.0
10	0.0
11	0.0
12	0.0
13	0.0
14	1.0
15	11.0
16	27.0
17	60.0
18	235.0
19	1012.0
20	4064.0
21	11798.0
22	26527.0
23	49281.0
24	88751.0
25	154724.0
26	250131.0
27	379609.0
28	541529.0
29	742408.0
30	982915.0
31	1295318.0
32	1775619.0
33	2758686.0
34	6184126.0
35	2.8316296E7
>>END_MODULE
>>Per base sequence content	fail
#Base	G	A	T	C
1	43.064065555623095	18.862417317691236	11.461360166790593	26.612156959895074
2	16.395037105691767	20.586359179717306	35.20711598120319	27.81148773338774
3	18.472562392672998	22.041188135066886	28.685609995682587	30.80063947657753
4	12.959223221987182	15.382355004443207	35.62689988652789	36.03152188704172
5	14.732812574891316	35.3621714216665	34.098426081800184	15.80658992164199
6	34.32135543618447	35.70884992464269	16.013423094870504	13.956371544302328
7	30.377281447741773	30.10352700109138	20.516258612099662	19.002932939067186
8	26.45242784218801	34.37956291843874	19.925885487378224	19.242123751995035
9	24.399448542813545	15.534738460470516	20.158366497465472	39.90744649925047
10-14	23.578423498429775	23.272058343493505	28.686008395360552	24.463509762716168
15-19	22.106675926853146	28.573194022607044	26.417895505642964	22.902234544896842
20-24	22.219841959218982	27.210336162620756	27.75697243756295	22.812849440597308
25-29	22.014414545812354	27.21769876939958	27.84369269065936	22.924193994128707
30-34	22.005016725317837	27.3952837294606	27.938683413381042	22.66101613184052
35-39	21.994927815093817	27.672648291179726	27.834004041329663	22.498419852396797
40-44	22.014130732223517	27.597519298807498	27.882615282033974	22.50573468693501
45-49	22.01399592401549	27.795469024990975	27.78210976099198	22.408425290001553
50-54	22.11656335371341	27.762199148238814	27.752280702551417	22.36895679549636
55-59	22.073244512556876	27.768584745090948	27.75328439644737	22.40488634590481
60-64	22.182378594141824	27.86246642040459	27.639538244820415	22.315616740633168
65-69	22.149752923347155	27.830793153543954	27.70932687724527	22.31012704586362
70-74	22.430004463171294	28.084469184755882	27.61491450310126	21.87061184897156
75-76	26.43566883628487	35.39157616868015	28.48075503448173	9.691999960553238
>>END_MODULE
>>Per base GC content	fail
#Base	%GC
1	69.67622251551818
2	44.206524839079506
3	49.27320186925053
4	48.9907451090289
5	30.539402496533306
6	48.277726980486804
7	49.38021438680896
8	45.69455159418304
9	64.30689504206401
10-14	48.04193326114594
15-19	45.00891047174999
20-24	45.032691399816294
25-29	44.93860853994106
30-34	44.666032857158356
35-39	44.49334766749061
40-44	44.51986541915853
45-49	44.42242121401704
50-54	44.48552014920977
55-59	44.47813085846169
60-64	44.49799533477499
65-69	44.459879969210775
70-74	44.30061631214286
75-76	36.12766879683811
>>END_MODULE
>>Per sequence GC content	warn
#GC Content	Count
0	26135.0
1	13085.0
2	52.0
3	97.0
4	125.0
5	188.0
6	367.5
7	699.0
8	915.0
9	1263.0
10	2264.0
11	4180.0
12	5478.5
13	7496.5
14	12938.0
15	22338.5
16	37161.0
17	48445.0
18	66757.0
19	103123.5
20	149918.0
21	184081.0
22	231727.0
23	317005.5
24	407998.5
25	468233.0
26	544304.0
27	668067.0
28	786574.5
29	864024.0
30	954506.0
31	1093906.0
32	1223514.0
33	1306231.5
34	1405086.5
35	1546682.5
36	1662180.0
37	1733006.0
38	1795738.5
39	1865323.5
40	1892069.0
41	1883394.5
42	1883775.0
43	1873815.0
44	1829806.0
45	1770604.5
46	1732385.0
47	1688865.5
48	1619115.0
49	1554157.5
50	1512447.0
51	1469386.5
52	1412607.5
53	1369961.5
54	1353284.0
55	1337979.0
56	1305669.5
57	1270927.0
58	1237634.0
59	1176673.0
60	1084520.5
61	976796.0
62	890434.0
63	811950.0
64	707874.5
65	611073.0
66	510190.5
67	437125.5
68	383151.0
69	313380.0
70	245607.0
71	200900.5
72	168204.0
73	132037.5
74	100682.5
75	81030.5
76	68202.0
77	53641.0
78	39912.5
79	31755.5
80	27005.5
81	21331.5
82	15391.5
83	11515.0
84	9125.0
85	6786.0
86	4506.5
87	3129.5
88	2489.0
89	1774.5
90	1155.5
91	757.5
92	599.0
93	559.0
94	474.0
95	332.5
96	250.0
97	205.0
98	128.5
99	210.5
100	325.0
>>END_MODULE
>>Per base N content	pass
#Base	N-Count
1	0.05990469207538374
2	0.05990469207538374
3	0.05990469207538374
4	0.05990469207538374
5	0.05990469207538374
6	0.05990469207538374
7	0.05990469207538374
8	0.05990469207538374
9	0.05990469207538374
10-14	0.06038738000479017
15-19	0.059910198021346554
20-24	0.06261591163323793
25-29	0.062372273524383536
30-34	0.06349319235664581
35-39	0.02182652689090766
40-44	0.012456736630714367
45-49	0.011894720146137804
50-54	0.01382423807948954
55-59	0.011150199931304753
60-64	0.009904919349146897
65-69	0.007279187628323102
70-74	0.003943425905561006
75-76	4.568148746454457E-4
>>END_MODULE
>>Sequence Length Distribution	warn
#Length	Count
35	35063.0
36	13486.0
37	18473.0
38	20980.0
39	23857.0
40	26058.0
41	27428.0
42	31114.0
43	34751.0
44	39866.0
45	43376.0
46	45161.0
47	47340.0
48	49239.0
49	51762.0
50	52115.0
51	53954.0
52	56854.0
53	60649.0
54	66539.0
55	67559.0
56	69850.0
57	71612.0
58	72115.0
59	75067.0
60	74510.0
61	75162.0
62	79447.0
63	82339.0
64	89333.0
65	91400.0
66	94443.0
67	93385.0
68	94824.0
69	102927.0
70	113026.0
71	148064.0
72	314344.0
73	1033384.0
74	2946900.0
75	9206479.0
76	2.7795005E7
>>END_MODULE
>>Sequence Duplication Levels	warn
#Total Duplicate Percentage	43.156464601551306
#Duplication Level	Relative count
1	100.0
2	24.7625090172697
3	12.807564946070208
4	8.141182196650355
5	5.45034200439782
6	3.8120236056910923
7	2.9116003372241583
8	2.109389259236726
9	1.646140608567927
10++	12.186133829319381
>>END_MODULE
>>Overrepresented sequences	pass
>>END_MODULE
>>Kmer Content	warn
#Sequence	Count	Obs/Exp Overall	Obs/Exp Max	Max Obs/Exp Position
AAAAA	18839290	4.044124	7.3245125	72
TTTTT	16851875	3.5627317	6.3060303	72
CCTGG	7146900	3.2156234	12.509786	3
CCAGG	6693735	3.0209324	13.870724	3
CTGGG	6520390	2.9520667	11.156162	4
CCCAG	6574010	2.9484773	12.62465	2
CCAGC	6176350	2.7701247	7.314392	3
CCTCC	6043705	2.6855953	5.082038	1
GGAGG	5821055	2.6600168	6.0967994	6
GCTGG	5809530	2.630229	6.3911633	3
CAGCC	5585945	2.505325	6.848355	5
TCCAG	6533830	2.4337988	9.300703	2
GGCTG	5298065	2.3986664	8.735269	7
CTCCA	6434680	2.3819833	7.2235107	1
CAGGA	6304030	2.3700917	10.600411	4
AGGAG	6236450	2.3593342	7.7196493	5
CAGCA	6274380	2.3442972	6.6869326	4
GCCTG	5176780	2.3292022	8.832898	7
CTCCT	6296050	2.3235655	6.624531	1
TGCTG	6167470	2.3046443	6.1717825	2
TCCTG	6176495	2.2936857	8.99152	2
GGCAG	5048155	2.2925048	6.6202936	7
CCTGC	5103595	2.2820156	6.57616	3
CTGGA	6023615	2.257767	8.300242	4
CTGCC	5025815	2.2472372	5.9505563	9
GCAGG	4931980	2.2397466	6.77338	3
CTGCA	5962685	2.221052	6.703124	4
CAGAG	5864590	2.204878	8.087067	4
CCCTG	4918580	2.1992884	9.140319	2
TGCAG	5804745	2.1757302	6.5605264	2
CTCTG	5761540	2.1395893	7.3336935	2
CAGGC	4732015	2.1355937	6.932414	4
AGCAG	5657265	2.1269312	5.5742846	7
CTGCT	5720625	2.1243951	6.502074	9
CAGGG	4644400	2.1091487	9.623094	4
TGGAG	5587870	2.1075275	6.389785	5
GCTGC	4665805	2.099298	5.694958	8
GGGAG	4593945	2.0992706	5.650526	7
CTGGC	4621335	2.0792894	5.754807	4
AGCTG	5518450	2.0684214	6.0814977	7
GCCAG	4582570	2.0681481	5.860349	2
GGAGA	5351940	2.0247118	5.6024346	6
CCCCA	4506470	2.0086248	7.2423787	1
CTCAG	5332195	1.9861994	6.3509235	2
CAGAA	6330460	1.9703869	5.4367394	4
CTGAG	5243675	1.9654304	5.9710927	4
CACAG	5196795	1.9416789	6.688818	7
TCCCA	5227265	1.9350237	5.0753303	2
CTGTG	5144590	1.922417	9.00726	9
GGCCA	4239520	1.9133271	6.859435	1
TGGGG	4128345	1.8807611	6.101836	5
CCAGA	4950240	1.8495586	6.9923234	3
TGGCC	4046445	1.8206276	6.1508403	5
CCTCT	4907380	1.8110749	5.4344864	1
TCTGG	4828045	1.8041314	6.1633387	3
CACTG	4815200	1.7936227	7.3076143	7
AGAGG	4675240	1.7687069	5.2575197	5
CAGTG	4718525	1.768594	6.460261	9
ACCTG	4747210	1.7682971	5.4437547	7
GCCCA	3908920	1.7531708	8.218596	1
CCTGA	4640465	1.7285354	5.724379	3
TGGGC	3715550	1.6821924	6.767772	5
AGCCT	4513215	1.6811358	6.444731	6
TCAGG	4466915	1.6742858	6.126987	3
ACAGA	5367160	1.670555	5.601184	8
GGCCT	3678665	1.6551514	5.53609	6
GAGAG	4370155	1.6532893	5.2528753	7
GGGCC	3019960	1.6462826	5.6846733	6
CCTGT	4364640	1.6208402	5.7309766	8
AGGCC	3577500	1.6145524	5.218671	5
AGGTG	4267435	1.6095107	5.4587274	7
AGGCT	4117085	1.5431626	5.313403	6
GGGCT	3193755	1.445953	6.1138573	6
CTGTC	3889940	1.4445571	5.962136	9
GCCCT	3230280	1.4443837	5.931885	1
GACAG	3810575	1.4326413	6.9512296	7
GCTGT	3737165	1.3964943	5.227563	8
ACAGC	3716385	1.3885533	5.2957616	8
AGAGC	3669940	1.3797673	5.065849	5
ACACA	4432150	1.3709626	5.66862	6
GTGTG	3632680	1.365932	6.050104	1
AGGGC	3001860	1.3632264	5.821124	5
TGTGT	4368105	1.3556242	5.1847506	10
CACAC	3647700	1.3544279	6.414677	5
AGACA	4320135	1.3446631	5.549524	6
ACTGC	3454065	1.2866112	5.268056	8
GAGAC	3409020	1.2816707	5.0558934	5
GGACA	3232795	1.2154164	5.719904	6
GTGCT	3174555	1.1862595	5.3536544	1
GTCCT	3105955	1.1534187	6.1244135	1
GTCCA	3049640	1.1359662	6.364075	1
AGCAC	3016645	1.1271093	5.4635234	5
TGTGC	3000435	1.121195	5.301276	10
AGGAC	2924055	1.099341	6.5338473	5
TGCAC	2921305	1.0881624	5.629688	5
GTGCA	2837270	1.0634633	5.706284	1
GCACT	2829305	1.0538931	5.2237267	6
TGGAC	2798145	1.0487987	5.708799	5
AGACT	3317055	1.0293045	5.834021	6
GACTG	2737760	1.0261652	6.285961	7
ACAGT	3264590	1.0130243	5.308355	8
ACTGT	3262585	1.0093181	6.2019405	8
GGACT	2516990	0.94341636	5.3527083	6
GTGTA	1930500	0.60095376	5.246846	1
>>END_MODULE
