##FastQC	0.10.1
>>Basic Statistics	pass
#Measure	Value	
Filename	019-F0_S5_L003_R2_001.fastq.gz	
File type	Conventional base calls	
Encoding	Sanger / Illumina 1.9	
Total Sequences	14164749	
Filtered Sequences	0	
Sequence length	35-75	
%GC	45	
>>END_MODULE
>>Per base sequence quality	pass
#Base	Mean	Median	Lower Quartile	Upper Quartile	10th Percentile	90th Percentile
1	31.590244768897776	32.0	32.0	32.0	32.0	32.0
2	31.421060267287476	32.0	32.0	32.0	32.0	32.0
3	31.454420547797916	32.0	32.0	32.0	32.0	32.0
4	31.475913763103037	32.0	32.0	32.0	32.0	32.0
5	31.46436389377602	32.0	32.0	32.0	32.0	32.0
6	35.22444111081672	36.0	36.0	36.0	36.0	36.0
7	35.21250973102312	36.0	36.0	36.0	36.0	36.0
8	35.17207421042194	36.0	36.0	36.0	36.0	36.0
9	35.24402077297663	36.0	36.0	36.0	36.0	36.0
10	35.132617104616536	36.0	36.0	36.0	36.0	36.0
11	35.22037517219684	36.0	36.0	36.0	36.0	36.0
12	35.14868205571451	36.0	36.0	36.0	36.0	36.0
13	35.17453835574496	36.0	36.0	36.0	36.0	36.0
14	35.13045815354723	36.0	36.0	36.0	36.0	36.0
15	35.111537592371036	36.0	36.0	36.0	36.0	36.0
16	35.11279959849624	36.0	36.0	36.0	36.0	36.0
17	35.10623372147293	36.0	36.0	36.0	36.0	36.0
18	35.09174896074756	36.0	36.0	36.0	36.0	36.0
19	35.08376780979317	36.0	36.0	36.0	36.0	36.0
20	35.06893401358541	36.0	36.0	36.0	36.0	36.0
21	35.059018412539466	36.0	36.0	36.0	36.0	36.0
22	35.043255408196785	36.0	36.0	36.0	36.0	36.0
23	35.0298900460573	36.0	36.0	36.0	36.0	36.0
24	35.0226186853011	36.0	36.0	36.0	36.0	36.0
25	34.997810127097914	36.0	36.0	36.0	36.0	36.0
26	34.9879113283264	36.0	36.0	36.0	36.0	36.0
27	34.96637116548977	36.0	36.0	36.0	36.0	36.0
28	34.95675899375273	36.0	36.0	36.0	36.0	36.0
29	34.93735349634505	36.0	36.0	36.0	36.0	36.0
30	34.9128857842804	36.0	36.0	36.0	36.0	36.0
31	34.902048246672074	36.0	36.0	36.0	36.0	36.0
32	34.885800729684654	36.0	36.0	36.0	36.0	36.0
33	34.88443840409738	36.0	36.0	36.0	36.0	36.0
34	34.870502964789566	36.0	36.0	36.0	36.0	36.0
35	34.85957633276806	36.0	36.0	36.0	36.0	36.0
36	34.86371894553694	36.0	36.0	36.0	36.0	36.0
37	34.84989456464505	36.0	36.0	36.0	36.0	36.0
38	34.833507133465986	36.0	36.0	36.0	36.0	36.0
39	34.79808687182838	36.0	36.0	36.0	36.0	36.0
40	34.81114643377067	36.0	36.0	36.0	36.0	36.0
41	34.79903021834922	36.0	36.0	36.0	36.0	36.0
42	34.78531366207235	36.0	36.0	36.0	36.0	36.0
43	34.773789414494246	36.0	36.0	36.0	36.0	36.0
44	34.75364655031396	36.0	36.0	36.0	36.0	36.0
45	34.74556311855051	36.0	36.0	36.0	36.0	36.0
46	34.71172330516299	36.0	36.0	36.0	36.0	36.0
47	34.714927074677185	36.0	36.0	36.0	36.0	36.0
48	34.69374611049743	36.0	36.0	36.0	36.0	36.0
49	34.67675467572465	36.0	36.0	36.0	36.0	36.0
50	34.6615249162103	36.0	36.0	36.0	36.0	36.0
51	34.64218976040114	36.0	36.0	36.0	36.0	36.0
52	34.632155842031445	36.0	36.0	36.0	36.0	36.0
53	34.592802761885046	36.0	36.0	36.0	36.0	36.0
54	34.58973436110985	36.0	36.0	36.0	36.0	36.0
55	34.54003933763845	36.0	36.0	36.0	32.0	36.0
56	34.51997848414553	36.0	36.0	36.0	32.0	36.0
57	34.51884660562748	36.0	36.0	36.0	32.0	36.0
58	34.49183500539734	36.0	36.0	36.0	32.0	36.0
59	34.48298990975496	36.0	36.0	36.0	32.0	36.0
60	34.46502442936662	36.0	36.0	36.0	32.0	36.0
61	34.43146575035816	36.0	36.0	36.0	32.0	36.0
62	34.39742743026528	36.0	36.0	36.0	32.0	36.0
63	34.38440586030288	36.0	36.0	36.0	32.0	36.0
64	34.341099655561166	36.0	36.0	36.0	32.0	36.0
65	34.33836860343986	36.0	36.0	36.0	32.0	36.0
66	34.309721372285296	36.0	36.0	36.0	32.0	36.0
67	34.27806185996286	36.0	36.0	36.0	32.0	36.0
68	34.240636418033226	36.0	36.0	36.0	32.0	36.0
69	34.24198067457732	36.0	36.0	36.0	32.0	36.0
70	34.21698852497864	36.0	36.0	36.0	32.0	36.0
71	34.1834262976105	36.0	36.0	36.0	32.0	36.0
72	34.1714360177923	36.0	36.0	36.0	32.0	36.0
73	34.11907565698847	36.0	36.0	36.0	32.0	36.0
74	34.06907296429264	36.0	36.0	36.0	32.0	36.0
75	33.15884022858671	36.0	36.0	36.0	21.0	36.0
>>END_MODULE
>>Per sequence quality scores	pass
#Quality	Count
2	12439.0
3	956.0
4	1617.0
5	305.0
6	147.0
7	110.0
8	128.0
9	127.0
10	176.0
11	189.0
12	233.0
13	281.0
14	1199.0
15	2626.0
16	4309.0
17	6241.0
18	8372.0
19	11299.0
20	15854.0
21	22405.0
22	31065.0
23	42833.0
24	58086.0
25	77318.0
26	100673.0
27	129822.0
28	162873.0
29	203503.0
30	253198.0
31	324202.0
32	435098.0
33	657648.0
34	1444468.0
35	1.0154949E7
>>END_MODULE
>>Per base sequence content	fail
#Base	G	A	T	C
1	46.32540082916453	17.328548019401396	9.999058040598662	26.34699311083541
2	16.89291367504052	19.362221072942834	37.04464210825105	26.700223143765594
3	20.41260655980849	21.067692837542943	27.952253348265465	30.5674472543831
4	13.722274421180988	14.42601703823948	35.97178048210545	35.87992805847408
5	15.347768898114806	34.27019925466232	34.930266450660355	15.451765396562525
6	34.711933369718224	34.512768149224875	16.625281976413238	14.150016504643666
7	30.723680453748532	28.959218265278025	20.763266699948492	19.553834581024947
8	26.524670966611115	33.92135285694698	20.39277631949068	19.161199856951225
9	24.883204603595384	14.80426619667201	20.907892045416794	39.40463715431581
10	14.987598415096247	25.73797805328688	34.99660541333033	24.27781811828654
11	34.10449266009222	22.93520544172145	24.19277765145992	18.76752424672641
12	22.757504106102335	24.076425593920014	31.39015047156389	21.775919828413763
13	28.354765795514947	20.613387313829488	25.82006202856594	25.21178486208963
14	20.258012548771585	21.067874747514445	27.239361431805946	31.43475127190803
15	22.60442649450558	29.994197055553474	23.13317298075557	24.268203469185377
16	22.680216995267013	27.814132628262712	26.47344236819582	23.03220800827446
17	21.804505219559953	28.073009870254424	27.720649725247444	22.401835184938186
18	22.20268649646106	27.172770683698015	28.703743298725765	21.920799521115157
19	23.204570863747666	26.640013237652983	27.200535387007324	22.95488051159203
20	22.98926012632817	27.005926227515115	27.781863368788912	22.222950277367808
21	22.386819338832435	26.566135768873078	27.178794960817715	23.868249931476768
22	22.629718936590493	27.171442049712084	27.416847179873145	22.781991833824275
23	22.135135643327654	27.169162934435203	27.753374559770112	22.94232686246703
24	22.86217541690988	26.248693920579345	28.228817056425314	22.66031360608546
25	22.681129380931228	26.630124670406392	27.695433416701388	22.993312531960992
26	21.958374372780355	27.238647347366125	27.91971249225452	22.883265787599
27	22.12769521714591	27.21913353687909	27.692276700183744	22.96089454579126
28	22.112321517381815	27.051979329506743	27.368859223898017	23.466839929213428
29	22.34513002220017	26.948933386622414	27.444220710102922	23.261715881074494
30	22.05902738187444	26.989335474527802	27.87491797511222	23.076719168485536
31	23.20060160206664	26.645293713631645	27.251313919159227	22.90279076514248
32	21.963628728999005	27.463190267533953	27.765748118468363	22.80743288499868
33	22.0492431466427	27.27789385377478	28.116793674809298	22.556069324773226
34	22.214707790181382	26.92733342376098	28.214725743767964	22.643233042289673
35	22.01789367007286	27.367395805233535	28.01762164986758	22.597088874826028
36	22.078734218615416	27.383342487905043	28.19667003602982	22.341253257449722
37	22.277336458445596	26.881997593935107	27.344491862346835	23.496174085272457
38	22.254932862413316	27.82301020196993	27.299918246983257	22.622138688633502
39	22.760294224334555	27.091457620760618	27.573781688657995	22.574466466246832
40	23.00057822386001	26.66887259376099	27.707997375546274	22.62255180683273
41	22.89945385155446	26.86657159192106	27.74018948354293	22.493785072981556
42	22.25868021772718	27.695373350644324	27.77739143502938	22.26855499659912
43	22.27165080398578	27.364312549781438	27.798502460790136	22.565534185442647
44	21.987611010132767	27.71802272970838	27.703274608177615	22.591091651981237
45	22.191306311841192	27.65529947632749	27.491578127208456	22.661816084622863
46	22.388384749831012	27.076747678776663	27.52052193851912	23.014345632873198
47	22.89120282971718	27.176074666673493	27.456219114976328	22.476503388632995
48	22.09390949525416	27.524573120853645	27.457379741655526	22.92413764223667
49	22.92338391476098	26.9316055056401	27.274207435417114	22.870803144181806
50	22.21099450700684	27.96252007875862	27.211178979319335	22.615306434915205
51	22.334146517102578	27.5481909256807	27.524165474562313	22.59349708265441
52	22.369336438847423	27.806503926169217	27.174779013946342	22.64938062103701
53	22.18373949424271	27.133593509484193	27.99258013156424	22.690086864708856
54	22.39054139280684	27.90977589597586	27.580491629834153	22.119191081383153
55	22.354374486131814	26.895398605904468	27.714564895677622	23.035662012286096
56	22.586784505587293	27.46478032748414	27.10658735709668	22.841847809831886
57	22.353783181899292	27.47582741689466	27.153821548678497	23.016567852527547
58	22.567146077328175	27.505135512474453	26.87884892974636	23.04886948045101
59	22.561392391621414	27.486848589633954	27.013259118217274	22.938499900527358
60	22.267281891688853	27.265745179982698	27.838768222263727	22.628204706064718
61	22.76695373115197	27.130747645609148	27.305075809732394	22.797222813506494
62	22.703608709832302	27.206909000310166	27.60043785960164	22.489044430255895
63	22.586498468419062	27.782027621502138	27.243978729809072	22.387495180269738
64	22.64932717120322	27.277609307343532	27.053673222434433	23.01939029901882
65	22.68953738888165	27.704172025493307	27.096837527777762	22.509453057847278
66	22.555151400529276	28.42521506757144	26.771534880956676	22.24809865094261
67	22.94303609469825	27.245454480112922	26.84171793683644	22.96979148835238
68	22.784942403060622	27.745021212958214	27.32750554260785	22.142530841373315
69	23.153995446159197	27.332030129944414	27.29976700079681	22.214207423099573
70	23.563018080787934	27.063128972974184	26.96202813415004	22.411824812087847
71	22.93362529232015	27.924529898139898	26.913839841507414	22.22800496803254
72	22.704790082631774	27.984570736202542	27.238269156397386	22.072370024768297
73	23.815226197050457	28.725641933885676	26.854893334341355	20.604238534722512
74	24.533279649989908	31.03773170952832	27.69714631390273	16.731842326579034
75	29.7614980516812	41.594007001074424	28.644494947244382	0.0
>>END_MODULE
>>Per base GC content	fail
#Base	%GC
1	72.67239393999995
2	43.593136818806116
3	50.98005381419159
4	49.60220247965507
5	30.799534294677333
6	48.86194987436189
7	50.27751503477348
8	45.68587082356234
9	64.2878417579112
10	39.26541653338278
11	52.87201690681863
12	44.5334239345161
13	53.56655065760457
14	51.69276382067961
15	46.872629963690954
16	45.71242500354147
17	44.206340404498135
18	44.12348601757621
19	46.1594513753397
20	45.21221040369598
21	46.25506927030921
22	45.41171077041477
23	45.077462505794685
24	45.52248902299534
25	45.67444191289222
26	44.841640160379356
27	45.08858976293716
28	45.579161446595236
29	45.60684590327466
30	45.135746550359976
31	46.103392367209125
32	44.77106161399768
33	44.60531247141592
34	44.85794083247106
35	44.614982544898886
36	44.41998747606514
37	45.773510543718054
38	44.87707155104682
39	45.33476069058139
40	45.623130030692735
41	45.393238924536014
42	44.527235214326296
43	44.83718498942842
44	44.578702662114004
45	44.85312239646406
46	45.402730382704206
47	45.36770621835018
48	45.01804713749083
49	45.79418705894279
50	44.82630094192205
51	44.92764359975699
52	45.01871705988443
53	44.87382635895157
54	44.509732474189995
55	45.390036498417906
56	45.42863231541918
57	45.37035103442684
58	45.616015557779185
59	45.49989229214877
60	44.89548659775357
61	45.56417654465846
62	45.1926531400882
63	44.9739936486888
64	45.66871747022204
65	45.198990446728935
66	44.803250051471885
67	45.912827583050635
68	44.92747324443393
69	45.36820286925877
70	45.974842892875785
71	45.161630260352695
72	44.77716010740007
73	44.41946473177297
74	41.26512197656895
75	29.7614980516812
>>END_MODULE
>>Per sequence GC content	warn
#GC Content	Count
0	12541.0
1	6631.0
2	854.0
3	1003.0
4	1020.5
5	920.0
6	809.5
7	890.5
8	987.5
9	1095.5
10	1481.5
11	2065.5
12	2389.5
13	2869.5
14	3992.5
15	5674.5
16	7037.5
17	9683.0
18	15575.5
19	23508.0
20	29271.5
21	38631.5
22	55930.5
23	75949.0
24	89836.0
25	107530.0
26	138093.5
27	170388.0
28	192466.5
29	220577.0
30	267422.5
31	317051.5
32	351958.5
33	394174.5
34	465779.5
35	537953.0
36	579253.0
37	611933.0
38	642188.0
39	643968.0
40	641822.5
41	633042.5
42	618776.0
43	613771.0
44	614759.5
45	611999.0
46	600695.5
47	586819.5
48	579863.5
49	568668.5
50	547166.0
51	525757.5
52	512557.0
53	500894.5
54	479751.0
55	457370.0
56	443404.0
57	427735.5
58	401207.5
59	370246.5
60	344284.0
61	316142.5
62	280523.5
63	244872.0
64	216502.5
65	194245.5
66	164581.0
67	134488.5
68	113431.0
69	97793.5
70	79314.5
71	61572.0
72	49876.5
73	42225.0
74	33925.0
75	26591.0
76	21783.0
77	18342.0
78	14518.5
79	11247.5
80	9215.0
81	7705.0
82	6016.0
83	4389.5
84	3385.5
85	2817.0
86	2172.0
87	1597.5
88	1346.0
89	1213.0
90	1021.0
91	879.0
92	806.5
93	781.0
94	776.5
95	780.5
96	766.5
97	798.0
98	922.0
99	3584.0
100	6155.0
>>END_MODULE
>>Per base N content	pass
#Base	N-Count
1	0.09457280181950277
2	0.09097231444058769
3	0.0898003910976467
4	0.08965919551415984
5	0.09397272058968359
6	0.10015002736723398
7	0.10508481301009992
8	0.11104326663324567
9	0.11650753571418739
10	0.11119858177508121
11	0.11393071631555207
12	0.11503910164592397
13	0.11598511205528597
14	0.11938086583814511
15	0.11831483918281926
16	0.1276478672513011
17	0.12207770148274424
18	0.11916907246291479
19	0.12161175605723759
20	0.12332728239660301
21	0.114813188712345
22	0.12088459880228022
23	0.12822676914359724
24	0.12317196725476745
25	0.11750296457776978
26	0.12560053129074153
27	0.12166823429063234
28	0.12307313034632665
29	0.12715368270909708
30	0.12797967687249523
31	0.13075417008801216
32	0.13197551188517354
33	0.12627827009147852
34	0.12113169107338224
35	0.13230732150636768
36	0.042564949887421606
37	0.03994604209369853
38	0.05436395550952314
39	0.05115342447806316
40	0.046379421890025495
41	0.049128503680884804
42	0.05636716191977371
43	0.05034654186887044
44	0.05030849778059508
45	0.052921640123618705
46	0.04343098994735635
47	0.04820539266097607
48	0.05317803723573003
49	0.04755384828484085
50	0.04339103158807181
51	0.040461827557775214
52	0.04893066758903787
53	0.047377563463316355
54	0.04523684411951127
55	0.05233679896282286
56	0.04754472049510899
57	0.05438814915552268
58	0.05303269220025842
59	0.04702691754909829
60	0.04844065502586443
61	0.044821643556405014
62	0.05223547126087135
63	0.04706366650035711
64	0.04694475477431362
65	0.04941749916791853
66	0.04766881149494324
67	0.04527590370366569
68	0.05222192340289666
69	0.0443393699123557
70	0.05096445142662768
71	0.046079107115676365
72	0.04443367173928041
73	0.041536851219740295
74	0.04603930179446324
75	0.057038911820283554
>>END_MODULE
>>Sequence Length Distribution	warn
#Length	Count
35	14609.0
36	3557.0
37	4860.0
38	5817.0
39	6795.0
40	6963.0
41	7547.0
42	8369.0
43	9210.0
44	10157.0
45	11662.0
46	12461.0
47	13709.0
48	14417.0
49	15590.0
50	15704.0
51	16184.0
52	16390.0
53	17520.0
54	18482.0
55	19426.0
56	20749.0
57	21996.0
58	23060.0
59	24351.0
60	26027.0
61	24972.0
62	24705.0
63	24817.0
64	27066.0
65	28262.0
66	28505.0
67	35413.0
68	32809.0
69	43550.0
70	47874.0
71	101671.0
72	345284.0
73	972775.0
74	2967642.0
75	9093792.0
>>END_MODULE
>>Sequence Duplication Levels	warn
#Total Duplicate Percentage	32.27310346178519
#Duplication Level	Relative count
1	100.0
2	22.906890143818828
3	8.723851943976458
4	4.020274911604567
5	2.1829514313190983
6	1.3311737611985626
7	0.8619006645022741
8	0.6269025806404963
9	0.4164889117057969
10++	3.543771104635608
>>END_MODULE
>>Overrepresented sequences	pass
>>END_MODULE
>>Kmer Content	fail
#Sequence	Count	Obs/Exp Overall	Obs/Exp Max	Max Obs/Exp Position
AAAAA	5235565	3.7851808	10.458058	71
TTTTT	4453910	3.0210762	5.5175686	33
CCTGG	2182175	2.927539	11.842617	3
CAGCA	2473445	2.8836997	6.856221	4
CCAGG	2104535	2.8596296	12.4044695	3
TGCTG	2538085	2.8580458	7.733115	2
AGAAA	3235930	2.7266414	6.6921997	48
GAAAA	3176080	2.676211	6.816699	24
GCTGC	1982700	2.6599293	5.6504526	8
CTGCT	2335870	2.6546996	6.5020857	9
TTTCT	3278410	2.6493146	6.934693	16
CCCAG	1909640	2.6188388	10.597336	2
AGCAG	2244185	2.592405	5.2359066	7
TTTTC	3148865	2.544628	5.5389977	24
CCAGC	1834705	2.5160742	6.2881246	3
CTGGG	1876250	2.4940214	10.031641	4
GGAGG	1843255	2.458849	5.3471146	6
TCCAG	2112425	2.4315798	8.817559	2
GCTGG	1822670	2.4227998	6.5709715	3
CTCCT	2030540	2.3290665	6.053404	1
AGGAG	2016180	2.3076499	6.6248517	5
CTGGA	2009920	2.292358	8.511046	4
CTCCA	1943690	2.2580724	6.157453	1
CAGGA	1940535	2.241639	8.902672	4
TCCTG	1932725	2.196528	8.33728	2
CCTGC	1618815	2.1918657	6.1229653	3
GGCTG	1643995	2.1852944	8.193872	7
GGCAG	1615070	2.1744099	6.038039	7
CTGCC	1604110	2.171955	5.614594	9
GAGAA	2172965	2.133966	6.542794	47
GCAGG	1582340	2.1303446	6.4962077	3
CCCTG	1566230	2.1206658	8.825382	2
CAGAG	1835155	2.1199076	7.4711876	4
CTCTG	1855325	2.1085634	7.3340015	2
CTGCA	1813285	2.0872445	6.0019116	4
TTCTC	2146060	2.0661516	5.4944167	17
TGCAG	1801035	2.0541198	6.508247	2
AAAAT	2869170	2.0480418	5.5758204	42
AGCTG	1783355	2.0339556	5.6929297	7
TGGAG	1785510	2.0177264	5.8843803	5
CAGGG	1496730	2.0150857	9.115479	4
GCCTG	1499630	2.0118573	6.6085076	7
TGGAA	2072775	2.00977	5.571768	11
GGAAA	2019230	1.9829903	6.225705	40
GCCAG	1459235	1.9828	5.5551386	2
CACAG	1692500	1.9732245	6.3605485	7
CAGAA	1982505	1.9649552	5.1113014	4
CTGGC	1463850	1.9638562	5.7251124	4
GGAGA	1712425	1.9599824	5.0185485	6
CTGTG	1735495	1.9542785	8.871974	9
CCCCA	1401465	1.939738	6.6839232	1
TGAAA	2305825	1.9182918	5.4950213	30
CTGAA	1949290	1.9075426	5.955403	29
CAGGC	1400035	1.9023591	5.811884	4
TTCTG	1984610	1.8931799	5.0946	2
CAGTG	1643345	1.8742708	8.2769	7
CTCAG	1621120	1.8660463	5.85135	2
CCTCT	1625585	1.8645756	5.7458744	1
CTGAG	1609395	1.8355503	5.6704516	4
CCAGA	1572605	1.833443	6.4376273	3
CATTT	2230320	1.825484	6.3087726	14
CACTG	1555080	1.7900287	6.6182985	7
ACCTG	1551315	1.7856948	5.5843415	8
GGCCA	1313945	1.7853808	6.4718084	1
GTGTG	1596470	1.7812309	9.556667	9
TCTGG	1559855	1.7564964	6.0525713	3
TGGGG	1329685	1.7512761	5.8620067	5
GAGAG	1502920	1.7201903	5.00945	7
AAATG	2038515	1.6959081	5.638241	43
TGGCC	1256775	1.6860507	5.5065565	5
CCTGA	1443775	1.6619072	5.312537	3
TGTGT	1755410	1.6591729	7.6169376	10
ACAGA	1661405	1.6466975	5.402222	8
AAAAC	1923360	1.6356604	5.3802166	25
ACACA	1628995	1.6295274	6.2892914	6
CACAC	1375205	1.6181502	6.3625746	5
GCCCA	1175765	1.6124185	7.020395	1
TCAGG	1390830	1.5862721	5.3492837	3
CCTGT	1372790	1.5601661	5.5936074	8
ATTTC	1903745	1.5581872	6.041652	15
TGAGA	1586985	1.5387462	5.801492	46
GGCCT	1144165	1.5349766	5.2480197	1
GGGCC	962715	1.5246047	5.2252436	6
GTCCT	1332295	1.5141437	13.411866	1
TGGGC	1130490	1.5027136	6.2708845	5
GCTGT	1318985	1.4852614	5.4511766	8
CTGTC	1285900	1.4614162	5.8370543	9
AGTGG	1286045	1.453303	5.6797543	8
AGGAC	1217925	1.4069048	12.900322	5
GCCCT	1036830	1.4038615	6.069401	1
GACAG	1210595	1.3984376	6.067335	7
ATGGC	1221940	1.3936495	7.806337	17
GGGCT	1045020	1.3891019	6.061522	6
AATGA	1636620	1.3615581	5.1358914	44
GGACA	1157020	1.3365496	6.2114453	6
ACTGA	1351040	1.3221052	5.211317	28
TGTCC	1153605	1.3110638	5.1034937	10
AGGGC	972780	1.3096784	5.588517	5
ATGAG	1326365	1.2860483	5.520059	45
AACTG	1302090	1.2742034	5.2296004	27
TGTGC	1101845	1.240748	7.4457855	10
GTGCT	1085470	1.2223086	6.470474	1
GTCCA	1057455	1.2172202	6.948951	1
AGCAC	986550	1.150183	5.105308	5
TACAG	1160530	1.1356754	6.3268075	5
GTCTT	1189245	1.1344569	5.304108	1
GGAAT	1162370	1.1270381	5.02156	12
TGGAC	980790	1.1186125	5.7094035	5
CTGTA	1155085	1.116018	6.727726	1
GTGCA	968460	1.1045498	5.961309	11
ACAGT	1118670	1.0947117	5.6274137	6
AATAT	1517850	1.0697218	5.108498	14
ACTGT	1096240	1.0591632	5.735126	8
GGACC	766850	1.0419914	6.808388	6
AGTGT	1076375	1.030427	6.414927	8
GACTG	881855	1.005775	5.4113455	7
CTACA	1000015	0.987661	7.0885286	4
TGTAG	1024830	0.9810823	7.710045	2
TCCTA	943895	0.92041683	8.109521	2
TAGGA	947635	0.91883034	8.594326	4
ATATG	1070300	0.8791304	5.7164454	15
TATGG	909385	0.8705655	6.249521	16
CCTAC	713760	0.8292071	6.6170087	3
GTAGG	718750	0.81222785	7.219411	3
GTGTA	741485	0.70983267	5.8001986	1
GGACG	474805	0.6392421	6.2506146	6
>>END_MODULE
