##FastQC	0.10.1
>>Basic Statistics	pass
#Measure	Value	
Filename	005-F0_S3_L004_R1_001.fastq.gz	
File type	Conventional base calls	
Encoding	Sanger / Illumina 1.9	
Total Sequences	21228997	
Filtered Sequences	0	
Sequence length	35-75	
%GC	46	
>>END_MODULE
>>Per base sequence quality	pass
#Base	Mean	Median	Lower Quartile	Upper Quartile	10th Percentile	90th Percentile
1	31.35046318957038	32.0	32.0	32.0	32.0	32.0
2	31.408587838605847	32.0	32.0	32.0	32.0	32.0
3	31.48161465188393	32.0	32.0	32.0	32.0	32.0
4	31.57054297007061	32.0	32.0	32.0	32.0	32.0
5	31.50958111680924	32.0	32.0	32.0	32.0	32.0
6	35.09302394267614	36.0	36.0	36.0	36.0	36.0
7	35.10549000501531	36.0	36.0	36.0	36.0	36.0
8	35.042207505140254	36.0	36.0	36.0	36.0	36.0
9	35.19695447693549	36.0	36.0	36.0	36.0	36.0
10	35.05715192290997	36.0	36.0	36.0	36.0	36.0
11	35.1591137819653	36.0	36.0	36.0	36.0	36.0
12	35.10430068834623	36.0	36.0	36.0	36.0	36.0
13	35.13855379036513	36.0	36.0	36.0	36.0	36.0
14	35.1140360517268	36.0	36.0	36.0	36.0	36.0
15	35.071894023066655	36.0	36.0	36.0	36.0	36.0
16	35.082786200403156	36.0	36.0	36.0	36.0	36.0
17	35.08004772905663	36.0	36.0	36.0	36.0	36.0
18	35.08371153851498	36.0	36.0	36.0	36.0	36.0
19	35.07797579885663	36.0	36.0	36.0	36.0	36.0
20	35.05391559478764	36.0	36.0	36.0	36.0	36.0
21	35.05130256507173	36.0	36.0	36.0	36.0	36.0
22	35.03916572224303	36.0	36.0	36.0	36.0	36.0
23	35.02266541372633	36.0	36.0	36.0	36.0	36.0
24	35.016395263516216	36.0	36.0	36.0	36.0	36.0
25	35.00118333428565	36.0	36.0	36.0	36.0	36.0
26	34.95014126197295	36.0	36.0	36.0	36.0	36.0
27	34.93236369104014	36.0	36.0	36.0	36.0	36.0
28	34.913957593003566	36.0	36.0	36.0	36.0	36.0
29	34.90845073839334	36.0	36.0	36.0	36.0	36.0
30	34.88378815070726	36.0	36.0	36.0	36.0	36.0
31	34.86475206530012	36.0	36.0	36.0	36.0	36.0
32	34.856254301604544	36.0	36.0	36.0	36.0	36.0
33	34.84213060089461	36.0	36.0	36.0	36.0	36.0
34	34.83822014765936	36.0	36.0	36.0	36.0	36.0
35	34.82297161754745	36.0	36.0	36.0	36.0	36.0
36	34.856049889610546	36.0	36.0	36.0	36.0	36.0
37	34.85432160037209	36.0	36.0	36.0	36.0	36.0
38	34.827096509917965	36.0	36.0	36.0	36.0	36.0
39	34.8178104883231	36.0	36.0	36.0	36.0	36.0
40	34.806648655020524	36.0	36.0	36.0	36.0	36.0
41	34.796548334129426	36.0	36.0	36.0	36.0	36.0
42	34.792324465412634	36.0	36.0	36.0	36.0	36.0
43	34.77544621496476	36.0	36.0	36.0	32.0	36.0
44	34.75564813666278	36.0	36.0	36.0	32.0	36.0
45	34.75382987478634	36.0	36.0	36.0	32.0	36.0
46	34.724587617738734	36.0	36.0	36.0	32.0	36.0
47	34.72134522989152	36.0	36.0	36.0	32.0	36.0
48	34.70773398012185	36.0	36.0	36.0	32.0	36.0
49	34.69757662461944	36.0	36.0	36.0	32.0	36.0
50	34.68863527380467	36.0	36.0	36.0	32.0	36.0
51	34.666693891856404	36.0	36.0	36.0	32.0	36.0
52	34.652005868127695	36.0	36.0	36.0	32.0	36.0
53	34.61700249080889	36.0	36.0	36.0	32.0	36.0
54	34.59921520815441	36.0	36.0	36.0	32.0	36.0
55	34.58005589774956	36.0	36.0	36.0	32.0	36.0
56	34.56224663896394	36.0	36.0	36.0	32.0	36.0
57	34.54164857707628	36.0	36.0	36.0	32.0	36.0
58	34.512818175473406	36.0	36.0	36.0	32.0	36.0
59	34.49037711105139	36.0	36.0	36.0	32.0	36.0
60	34.474025395230896	36.0	36.0	36.0	32.0	36.0
61	34.44285283141789	36.0	36.0	36.0	32.0	36.0
62	34.429899412146035	36.0	36.0	36.0	32.0	36.0
63	34.38909124936125	36.0	36.0	36.0	32.0	36.0
64	34.37352835094339	36.0	36.0	36.0	32.0	36.0
65	34.34619811831917	36.0	36.0	36.0	32.0	36.0
66	34.320250905160144	36.0	36.0	36.0	32.0	36.0
67	34.28966983879081	36.0	36.0	36.0	32.0	36.0
68	34.260503325629465	36.0	36.0	36.0	32.0	36.0
69	34.242694297839115	36.0	36.0	36.0	32.0	36.0
70	34.21508768471545	36.0	36.0	36.0	32.0	36.0
71	34.17876338236546	36.0	36.0	36.0	32.0	36.0
72	34.150263069384636	36.0	36.0	36.0	32.0	36.0
73	34.11543494410871	36.0	36.0	36.0	32.0	36.0
74	34.09127596409113	36.0	36.0	36.0	32.0	36.0
75	33.31014156112019	36.0	36.0	36.0	27.0	36.0
>>END_MODULE
>>Per sequence quality scores	pass
#Quality	Count
2	36431.0
3	0.0
4	0.0
5	0.0
6	0.0
7	0.0
8	0.0
9	0.0
10	0.0
11	0.0
12	0.0
13	0.0
14	0.0
15	0.0
16	0.0
17	7.0
18	71.0
19	475.0
20	2224.0
21	6125.0
22	12710.0
23	23296.0
24	40360.0
25	69554.0
26	113179.0
27	172234.0
28	249993.0
29	344429.0
30	458940.0
31	608983.0
32	840824.0
33	1315480.0
34	3053330.0
35	1.3880352E7
>>END_MODULE
>>Per base sequence content	fail
#Base	G	A	T	C
1	42.43230279057141	18.335714088849908	12.1544066095084	27.077576511070276
2	16.05156732790168	19.606290243475	36.18109765471534	28.161044773907985
3	18.81908495648899	21.248347179855426	28.18051858373356	31.752049279922023
4	13.121722537428857	15.191812146985095	35.14100494468006	36.54546037090598
5	14.969178343009526	34.855156284519765	33.976702019000435	16.19896335347027
6	34.80720507367015	34.737736226286295	16.092867608618686	14.362191091424863
7	30.673579002294137	29.245264945339944	20.3047688453019	19.776387207064015
8	26.56455364225036	34.588984892318194	19.61240588075138	19.234055584680075
9	24.71119171817187	15.50109262612906	19.702131681467407	40.08558397423167
10	14.3282434402212	27.21382227248943	34.60286296283486	23.85507132445451
11	34.7927135992574	22.51605358243821	23.251376220209576	19.439856598094813
12	22.48202558256393	23.970076934361767	30.578713270994555	22.969184212079746
13	27.843915774584644	20.348345867450263	25.9351891357334	25.87254922223169
14	20.624236135251714	20.343404287867955	26.918243368128675	32.11411620875166
15	22.94349843039137	29.1455806343967	23.01584934777061	24.89507158744132
16	22.979064633541434	28.341532159733763	25.18261680189713	23.496786404827677
17	21.912441511296844	27.912567782061565	27.15672212042022	23.018268586221367
18	22.345251284506933	27.59503147665436	27.637301400838876	22.422415837999832
19	22.839047794266666	26.96426725258406	27.30557162123374	22.891113331915538
20	22.881391521913862	26.849688706879572	27.398414142015646	22.870505629190916
21	22.705248244994984	26.507776418598777	27.157208020259212	23.629767316147028
22	22.605540400333172	26.54431170805889	27.427622200029933	23.422525691578002
23	22.616881708339236	26.59339535164206	27.271949555502005	23.51777338451671
24	22.78998702371122	26.348297746844402	27.482099799457355	23.379615429987023
25	22.895501609149928	26.38508068587857	27.13724101991284	23.58217668505866
26	22.44260162643058	26.787592220527756	27.335506644955252	23.434299508086408
27	22.524431665066807	26.7247287799345	27.293034221530593	23.457805333468098
28	22.549658150982633	26.6469012236993	27.30119268839044	23.502247936927624
29	22.47867292987394	26.72678842329026	27.345118921507794	23.449419725328006
30	22.5546303930442	26.788877206063848	27.285726264315585	23.37076613657637
31	23.015452682794525	26.68927396521969	27.02487749713744	23.270395854848346
32	22.386972865862493	26.864264572775188	27.409026353863897	23.339736207498422
33	22.50347598304047	26.69535628672809	27.50820264049195	23.292965089739486
34	22.549708303241943	26.449429830573578	27.650705666209817	23.350156199974663
35	22.50607123271434	26.725475338852313	27.436224570446072	23.33222885798728
36	22.657533961989767	27.071001475007034	27.284443114021258	22.98702144898194
37	22.7728522287888	26.723315849050845	27.081184974156365	23.422646948003994
38	22.636688342809766	27.120421394592636	27.111952549486677	23.130937713110917
39	22.7820476065326	26.81933328267774	27.28122609531198	23.117393015477685
40	22.82262465783446	26.613404943501923	27.279034173505234	23.284936225158383
41	22.877556832419625	26.764272265465692	27.240850128297367	23.117320773817315
42	22.680211513135358	26.944682863515602	27.266539093961008	23.108566529388032
43	22.758954982178963	26.71120352848306	27.172275284052837	23.35756620528514
44	22.655880646191047	26.9997380698854	27.188584621522445	23.155796662401112
45	22.7412739184624	26.940425637169024	27.081432679005097	23.236867765363478
46	22.848303303057076	26.93128255349747	26.98394066616972	23.236473477275737
47	22.77428170029272	27.048336347649883	27.102046657900452	23.075335294156943
48	22.61985857837386	27.00754962587632	27.068901987819416	23.3036898079304
49	22.859860217498788	26.76032983065041	27.15139324974493	23.22841670210587
50	22.739309947150474	27.049710193138736	27.06133286758729	23.149646992123497
51	22.869285555212127	26.969098244936152	27.010552357364148	23.151063842487574
52	22.8143511242379	27.000763927071723	26.94979490747724	23.235090041213134
53	22.74473478130405	26.84321565623422	27.16794785158585	23.24410171087588
54	22.89325921731128	27.15365497392941	27.019462037232177	22.93362377152713
55	22.87792667166701	26.83354086832694	26.991595998502156	23.296936461503897
56	22.960892671875328	27.104518459539296	26.83829948784916	23.096289380736216
57	22.737019413843917	26.980209905777357	27.003019092529318	23.279751587849407
58	22.77261306682116	26.860936662911357	27.016215057652172	23.35023521261531
59	22.715615160438016	26.9837879927577	27.039820092496235	23.260776754308047
60	22.809758155202527	26.99272371497181	27.101277087936865	23.096241041888796
61	23.03015162758048	26.950135665095527	26.90718440035707	23.11252830696692
62	22.930828250714463	27.063585312380333	26.920539355782047	23.085047081123157
63	22.904608145457406	27.183301292738378	26.874929693131644	23.037160868672572
64	22.931544010488917	26.904003367487388	26.836804514531455	23.327648107492237
65	22.818885297346466	27.033191078157177	26.993811884585718	23.154111739910647
66	22.885904515654772	27.208747733111444	26.74792964956232	23.157418101671468
67	22.924441851370634	26.95992834668631	26.852348931707752	23.2632808702353
68	22.914345600540514	27.23983385263608	26.961607084434803	22.8842134623886
69	23.175738961943797	27.07859553604552	26.85976947308688	22.8858960289238
70	23.27583631479845	26.925449924089346	26.774439133766986	23.02427462734522
71	23.07994725969917	27.23209917191124	26.69168192961332	22.99627163877627
72	23.013781960391206	27.381031833439952	26.982295410629614	22.62289079553923
73	23.777565503369118	27.965838543046935	26.945768293371682	21.31082766021227
74	24.963622785971953	30.315562062922087	27.07502348052072	17.64579167058524
75	30.658350273154618	40.879851670689874	28.46179805615551	0.0
>>END_MODULE
>>Per base GC content	fail
#Base	%GC
1	69.5098793016417
2	44.21261210180966
3	50.571134236411005
4	49.66718290833484
5	31.168141696479797
6	49.169396165095016
7	50.44996620935815
8	45.79860922693043
9	64.79677569240353
10	38.18331476467571
11	54.23257019735222
12	45.451209794643674
13	53.716464996816335
14	52.73835234400337
15	47.83857001783269
16	46.47585103836911
17	44.930710097518215
18	44.76766712250676
19	45.7301611261822
20	45.75189715110478
21	46.335015561142015
22	46.02806609191117
23	46.134655092855944
24	46.169602453698246
25	46.47767829420859
26	45.876901134516984
27	45.9822369985349
28	46.05190608791026
29	45.928092655201944
30	45.92539652962057
31	46.28584853764287
32	45.726709073360915
33	45.796441072779956
34	45.899864503216605
35	45.838300090701615
36	45.64455541097171
37	46.195499176792794
38	45.76762605592069
39	45.89944062201028
40	46.10756088299285
41	45.99487760623694
42	45.78877804252339
43	46.1165211874641
44	45.81167730859216
45	45.97814168382588
46	46.08477678033282
47	45.84961699444966
48	45.92354838630426
49	46.08827691960466
50	45.888956939273974
51	46.020349397699704
52	46.049441165451036
53	45.988836492179935
54	45.82688298883841
55	46.17486313317091
56	46.057182052611545
57	46.01677100169332
58	46.122848279436475
59	45.97639191474606
60	45.905999197091326
61	46.1426799345474
62	46.01587533183762
63	45.94176901412998
64	46.25919211798115
65	45.97299703725711
66	46.04332261732624
67	46.18772272160594
68	45.798559062929115
69	46.0616349908676
70	46.30011094214367
71	46.07621889847544
72	45.636672755930434
73	45.08839316358139
74	42.60941445655719
75	30.658350273154618
>>END_MODULE
>>Per sequence GC content	warn
#GC Content	Count
0	36432.0
1	18217.5
2	9.5
3	23.5
4	32.0
5	49.0
6	101.0
7	210.0
8	300.5
9	411.0
10	723.5
11	1336.0
12	1766.0
13	2493.5
14	4333.5
15	7192.5
16	9532.5
17	13721.5
18	22767.5
19	34465.0
20	42934.0
21	56256.5
22	80951.5
23	109336.5
24	129176.5
25	154678.5
26	197974.0
27	243532.0
28	275552.5
29	315528.5
30	379174.5
31	443888.0
32	488959.0
33	539660.0
34	623580.5
35	707015.0
36	759634.0
37	810923.5
38	868573.5
39	907716.5
40	933104.5
41	945666.5
42	950258.0
43	950484.5
44	954418.0
45	950851.5
46	933541.5
47	913053.5
48	903245.5
49	886557.5
50	856072.0
51	827866.0
52	811845.5
53	800846.5
54	777597.5
55	753372.5
56	740515.0
57	723639.5
58	688757.5
59	643478.5
60	603541.5
61	555891.5
62	495844.5
63	435743.5
64	386707.0
65	345728.0
66	291343.0
67	236654.5
68	197631.0
69	167297.5
70	133059.5
71	100834.5
72	79022.5
73	64408.5
74	48644.5
75	34906.0
76	26136.0
77	20243.5
78	14229.5
79	9381.0
80	6652.5
81	4909.5
82	3271.0
83	2116.0
84	1552.0
85	1229.5
86	921.0
87	667.5
88	514.5
89	422.0
90	305.5
91	209.0
92	172.5
93	144.5
94	108.0
95	82.5
96	73.0
97	60.0
98	40.0
99	87.5
100	143.0
>>END_MODULE
>>Per base N content	pass
#Base	N-Count
1	0.18674928448103317
2	0.1716096149054993
3	0.1716096149054993
4	0.17299922365620948
5	0.1716096149054993
6	0.1731782241054535
7	0.17306046065200348
8	0.17177919427846733
9	0.17183101019798533
10	0.17182158912170933
11	0.17208066871929936
12	0.17201001064722934
13	0.17164729921060332
14	0.1724056958508214
15	0.1717132467445353
16	0.17209008979557536
17	0.1716661413631553
18	0.17251874876613343
19	0.17182158912170933
20	0.1716096149054993
21	0.1717697732021913
22	0.17169440459198332
23	0.17164258867246532
24	0.17192051042260734
25	0.1716567202868793
26	0.1717179572826733
27	0.17202885279978136
28	0.1717179572826733
29	0.17168498351570732
30	0.1716708519012933
31	0.1716096149054993
32	0.1716096149054993
33	0.1716096149054993
34	0.1724622223084774
35	0.1716096149054993
36	0.0
37	0.0
38	0.0
39	0.0
40	0.0
41	0.0
42	0.0
43	4.384468306966157E-4
44	0.0
45	0.0
46	0.0
47	0.0
48	9.538043183731374E-4
49	0.0
50	2.9044575775410302E-5
51	0.0
52	0.0
53	0.0
54	0.0
55	0.0
56	0.0
57	0.0
58	0.0
59	0.0
60	0.0
61	0.0
62	1.7591088414921303E-4
63	0.0
64	0.0
65	0.0
66	0.0
67	0.0
68	0.0
69	0.0
70	0.0
71	0.0
72	0.0
73	0.0
74	0.0
75	0.004255948959102872
>>END_MODULE
>>Sequence Length Distribution	warn
#Length	Count
35	49437.0
36	19031.0
37	24235.0
38	26418.0
39	29071.0
40	30100.0
41	32625.0
42	34920.0
43	38642.0
44	42725.0
45	46507.0
46	47363.0
47	48948.0
48	49802.0
49	51271.0
50	51985.0
51	54217.0
52	56350.0
53	59103.0
54	62976.0
55	64801.0
56	66626.0
57	67756.0
58	67756.0
59	69184.0
60	70332.0
61	70378.0
62	72628.0
63	74961.0
64	78563.0
65	81211.0
66	80696.0
67	83936.0
68	83968.0
69	93506.0
70	106388.0
71	186456.0
72	539805.0
73	1433223.0
74	4386961.0
75	1.2594136E7
>>END_MODULE
>>Sequence Duplication Levels	warn
#Total Duplicate Percentage	35.01506320639547
#Duplication Level	Relative count
1	100.0
2	22.74624468802315
3	9.831607493201426
4	5.338868141773916
5	3.2292274245718224
6	2.052828130562899
7	1.4331921856180831
8	1.0082340375569072
9	0.7484111413269905
10++	5.111617795217137
>>END_MODULE
>>Overrepresented sequences	warn
#Sequence	Count	Percentage	Possible Source
NNNNNNNNNNNNNNNNNNNNNNNNNNNNNNNNNNN	36431	0.1716096149054993	No Hit
>>END_MODULE
>>Kmer Content	warn
#Sequence	Count	Obs/Exp Overall	Obs/Exp Max	Max Obs/Exp Position
AAAAA	6096750	3.1478515	6.7049565	71
CCTGG	3446130	2.995454	11.598784	3
TTTTT	6048700	2.9909565	5.1093626	71
CCAGG	3341405	2.9296365	12.796234	3
CCCAG	3188285	2.7686858	11.220071	2
CTGGG	3053645	2.679894	9.725902	4
CAGCA	3402120	2.600507	7.154928	4
CCAGC	2944095	2.556633	6.6992536	3
TGCTG	3314680	2.514264	6.510463	2
GGAGG	2800875	2.5033083	5.613109	6
GCTGG	2839135	2.491639	5.8516984	3
TCCAG	3231065	2.4485023	9.838043	2
CAGGA	3081445	2.378104	10.432379	4
AGGAG	3041285	2.3697448	7.321347	5
CTCCA	3115765	2.3385758	7.2939696	1
CTGGA	3053475	2.3362389	8.888682	4
CTCCT	3124635	2.325051	6.6448665	1
AGCAG	2995005	2.3113937	5.565726	7
CAGCC	2655330	2.3058715	5.3894944	9
TCCTG	3057880	2.297321	9.290853	2
CTGCT	3043690	2.2866604	6.7053823	9
GGCTG	2577060	2.2616405	8.244167	7
CAGAG	2878275	2.2213078	7.7813063	4
CTGCA	2927685	2.2186007	6.5715775	4
CCTGC	2572445	2.2146704	6.3145823	3
GGCAG	2493030	2.206887	6.104125	7
TGCAG	2876730	2.2010098	6.7242537	2
GCAGG	2472340	2.188572	6.3911977	3
GCTGC	2515750	2.1867468	5.698518	8
TGGAG	2817805	2.1767163	6.556779	5
CTGCC	2508825	2.1598985	5.694685	9
CTCTG	2874295	2.1593974	7.29741	2
CCCTG	2490540	2.1441567	8.721959	2
AGCTG	2750280	2.1042619	6.008595	7
CACAG	2738830	2.0935023	7.356831	7
CAGGG	2361950	2.0908523	8.99967	4
GCCTG	2380320	2.069028	6.679525	7
GGAGA	2613000	2.0360284	5.6234727	6
CTGTG	2672255	2.0269694	8.907049	9
CAGAA	2980060	2.0050502	5.5418453	4
CAGGC	2279010	1.9981626	6.0375137	4
GCCAG	2278585	1.99779	5.186587	2
CTGGC	2277690	1.9798198	5.1746144	4
CTCAG	2596955	1.9679735	6.136957	2
CTGAG	2538750	1.9424186	5.681277	4
GGGAG	2169270	1.9388056	5.1746383	7
CCCCA	2250190	1.9353863	6.621824	1
TTCTG	2933990	1.9235262	5.1914415	2
CCAGA	2487005	1.9010128	6.9462824	3
TCCCA	2466475	1.8512433	5.017424	2
CCTCT	2474775	1.8414881	5.3611727	1
CAGTG	2406330	1.841103	6.5324106	9
GGCCA	2098375	1.8397875	5.884155	1
TCTGG	2419075	1.8349262	6.2091436	3
AGAGG	2334275	1.8188481	5.0791945	5
CACTG	2396120	1.8157806	7.5123343	7
ACCTG	2393955	1.81414	5.385155	7
TGGGG	2024740	1.7940576	5.5169735	5
TGGCC	2014735	1.7512534	5.366969	5
CCTGA	2271065	1.7210139	5.5264487	3
GAGAG	2184475	1.7021253	5.4935107	7
ACAGA	2525200	1.6990101	5.944777	8
GCCCA	1935780	1.6810186	7.0006495	1
TCAGG	2193070	1.677936	5.9064007	3
AGGTG	2115000	1.6338089	5.2314134	7
CCTGT	2139110	1.6070684	5.4572835	8
ACAGG	2068785	1.596584	5.064802	8
ACACA	2368625	1.5784414	6.4017124	6
TGGGC	1792950	1.5735018	5.974113	5
CACAC	2031100	1.5377	6.727874	5
GTGTG	2003365	1.5342547	6.2212863	1
ACAGC	1993065	1.5234557	5.8890204	8
TGTGT	2286130	1.5132426	5.720849	10
GCTGT	1961090	1.4875337	5.3485136	8
AGGCT	1940190	1.4844552	5.0165935	6
GACAG	1879655	1.4506229	7.1404705	7
CTGTC	1915390	1.4389925	5.733083	9
GCCCT	1639880	1.411806	5.4625826	1
GGGCT	1595065	1.3998368	5.6796875	6
AGACA	2077525	1.3978045	5.6338325	6
AGGGC	1525755	1.350633	5.365648	5
GGACA	1704525	1.3154664	6.355815	6
GTCCT	1701085	1.2779894	7.8572803	1
AGGAC	1614945	1.2463331	8.355021	5
ACTGC	1638865	1.2419325	5.252241	8
GTGCT	1632655	1.238408	5.4914107	1
GTCCA	1604000	1.2155118	6.8385663	1
AGCAC	1587140	1.2131754	5.7188725	5
TGTGC	1581190	1.1993704	5.716691	10
GTCTT	1738445	1.1397262	5.005489	1
TGGAC	1476095	1.1293724	6.119895	5
GTGCA	1436730	1.0992539	5.6193047	1
ACAGT	1636950	1.0918981	5.6308546	8
ACTGT	1617040	1.0693353	6.3238993	8
TGCAC	1404965	1.064683	5.361754	5
GACTG	1378100	1.0543956	6.1045914	7
GGACC	1150515	1.0087343	5.292107	6
AGACT	1476980	0.98519284	5.047199	6
ACACT	1466770	0.9690376	5.085518	6
GGACT	1265380	0.9681525	5.3627105	6
TGTAG	1400655	0.9351738	5.06874	2
TAGGA	1172020	0.7893138	5.037821	4
GTGTA	992025	0.6623443	5.546378	1
>>END_MODULE
