##FastQC	0.10.1
>>Basic Statistics	pass
#Measure	Value	
Filename	006-F5_S1_L003_R1_001_trimmed.fq.gz	
File type	Conventional base calls	
Encoding	Sanger / Illumina 1.9	
Total Sequences	21605820	
Filtered Sequences	0	
Sequence length	20-51	
%GC	45	
>>END_MODULE
>>Per base sequence quality	pass
#Base	Mean	Median	Lower Quartile	Upper Quartile	10th Percentile	90th Percentile
1	35.10902377229839	36.0	36.0	36.0	36.0	36.0
2	35.09575156138485	36.0	36.0	36.0	36.0	36.0
3	35.08159736589493	36.0	36.0	36.0	36.0	36.0
4	35.06622002775178	36.0	36.0	36.0	36.0	36.0
5	35.04240704587931	36.0	36.0	36.0	36.0	36.0
6	34.995343847167106	36.0	36.0	36.0	36.0	36.0
7	34.97136266987321	36.0	36.0	36.0	36.0	36.0
8	34.96766510134769	36.0	36.0	36.0	36.0	36.0
9	34.94575373672464	36.0	36.0	36.0	36.0	36.0
10	34.92078125245883	36.0	36.0	36.0	36.0	36.0
11	34.91005229146591	36.0	36.0	36.0	36.0	36.0
12	34.893591448970696	36.0	36.0	36.0	36.0	36.0
13	34.88946061755583	36.0	36.0	36.0	36.0	36.0
14	34.87771262557959	36.0	36.0	36.0	36.0	36.0
15	34.84609452453089	36.0	36.0	36.0	36.0	36.0
16	34.82507398469487	36.0	36.0	36.0	36.0	36.0
17	34.824250410306114	36.0	36.0	36.0	36.0	36.0
18	34.80757027504626	36.0	36.0	36.0	36.0	36.0
19	34.78692949399745	36.0	36.0	36.0	36.0	36.0
20	34.79127711885038	36.0	36.0	36.0	36.0	36.0
21	34.77725563509083	36.0	36.0	36.0	36.0	36.0
22	34.7607974394631	36.0	36.0	36.0	32.0	36.0
23	34.75208290191455	36.0	36.0	36.0	32.0	36.0
24	34.727052322074925	36.0	36.0	36.0	32.0	36.0
25	34.70921403894673	36.0	36.0	36.0	32.0	36.0
26	34.69035226673405	36.0	36.0	36.0	32.0	36.0
27	34.680573446939846	36.0	36.0	36.0	32.0	36.0
28	34.65581333755102	36.0	36.0	36.0	32.0	36.0
29	34.634182123984665	36.0	36.0	36.0	32.0	36.0
30	34.61529719307622	36.0	36.0	36.0	32.0	36.0
31	34.598491036112755	36.0	36.0	36.0	32.0	36.0
32	34.58366786152066	36.0	36.0	36.0	32.0	36.0
33	34.53365592063563	36.0	36.0	36.0	32.0	36.0
34	34.50862423086286	36.0	36.0	36.0	32.0	36.0
35	34.47199352772821	36.0	36.0	36.0	32.0	36.0
36	34.44294129455038	36.0	36.0	36.0	32.0	36.0
37	34.43118451007403	36.0	36.0	36.0	32.0	36.0
38	34.40312310853059	36.0	36.0	36.0	32.0	36.0
39	34.377235873501476	36.0	36.0	36.0	32.0	36.0
40	34.34876460430413	36.0	36.0	36.0	32.0	36.0
41	34.32239036726287	36.0	36.0	36.0	32.0	36.0
42	34.28306593662041	36.0	36.0	36.0	32.0	36.0
43	34.248199520662546	36.0	36.0	36.0	32.0	36.0
44	34.22507054122132	36.0	36.0	36.0	32.0	36.0
45	34.21593199337671	36.0	36.0	36.0	32.0	36.0
46	34.19702455317056	36.0	36.0	36.0	32.0	36.0
47	34.19919699133512	36.0	36.0	36.0	32.0	36.0
48	34.21113001371546	36.0	36.0	36.0	32.0	36.0
49	34.24181660728158	36.0	36.0	36.0	32.0	36.0
50	34.3478383008984	36.0	36.0	36.0	32.0	36.0
51	34.45553471527365	36.0	36.0	36.0	32.0	36.0
>>END_MODULE
>>Per sequence quality scores	pass
#Quality	Count
14	8.0
15	79.0
16	349.0
17	828.0
18	1991.0
19	4604.0
20	9297.0
21	16768.0
22	27928.0
23	43857.0
24	67053.0
25	99160.0
26	142247.0
27	196651.0
28	264198.0
29	346788.0
30	449160.0
31	592060.0
32	816897.0
33	1262674.0
34	2595072.0
35	1.0727515E7
36	3940636.0
>>END_MODULE
>>Per base sequence content	pass
#Base	G	A	T	C
1	22.87337187772557	26.47557360687275	26.89316048403087	23.757894031370807
2	22.72111697393904	26.620347014163414	27.214710454653755	23.443825557243787
3	22.712133450024485	26.6574348653745	27.108985936198195	23.521445748402822
4	22.93157909425934	26.394782196807963	27.36472437092009	23.308914338012602
5	23.09243969428141	26.498988388253224	26.892918282700602	23.515653634764767
6	22.571916186197907	26.882983252893027	27.115480006144743	23.429620554764323
7	22.6660364527119	26.793720317841483	27.080871270792468	23.459371958654152
8	22.707414404751816	26.675848257700068	27.048974589909786	23.567762747638326
9	22.54910577931419	26.742752454496337	27.209516495197555	23.49862527099192
10	22.715024231840676	26.773560742247337	27.170876191162975	23.340538834749015
11	23.179146650236344	26.697760171629703	26.866822947252896	23.256270230881054
12	22.489533590541733	26.92044936364712	27.27616287627096	23.31385416954019
13	22.59773039669043	26.759069383219643	27.37574421285036	23.267456007239566
14	22.61213865887013	26.539442485991056	27.539012780273747	23.309406074865066
15	22.572822623519272	26.83570642139832	27.31682467323412	23.274646281848288
16	22.70518661458611	27.137213601379333	27.19966657186702	22.957933212167532
17	22.830518340560744	26.782294409499524	26.935496532435955	23.451690717503784
18	22.718045556145743	27.20313532449927	26.984178412161093	23.094640707193893
19	22.900035328766762	26.857764496366954	27.170464817695787	23.0717353571705
20	22.92081251547353	26.62933102008952	27.22546309733837	23.224393367098585
21	22.929369463054435	26.763135858113312	27.207560530165797	23.099934148666453
22	22.69340722926004	26.950688667780614	27.301075633043986	23.05482846991536
23	22.751359183952054	26.72397743457046	27.191921517868355	23.332741863609126
24	22.6242886168081	27.095815515602645	27.258108312074892	23.021787555514365
25	22.762593458278122	27.00316593244051	27.041161221770093	23.193079387511276
26	22.825871016307232	26.990697457843876	26.97061167077076	23.21281985507813
27	22.811995084594503	27.02785707944548	27.129407861845333	23.030739974114688
28	22.611658657147615	26.977140173298352	27.098556929540706	23.312644240013324
29	22.90155896931669	26.77108067277813	27.12010008672527	23.207260271179912
30	22.69674676168497	27.08497615419794	27.078671665317362	23.139605418799732
31	22.819819330113013	26.984084738946912	27.066509638197527	23.129586292742545
32	22.736211440995163	27.04190299759598	27.029566339378597	23.192319222030267
33	22.667264329709162	26.8350249921808	27.294507949157556	23.20320272895248
34	22.848187624371338	27.18310273995043	27.106475977855204	22.862233657823023
35	22.82729030209117	26.82634583052988	27.079804294503663	23.266559572875288
36	22.96832834290251	27.07839006226036	26.883814275772178	23.069467319064948
37	22.73369324177007	26.935121198082008	27.038791716400368	23.292393843747554
38	22.720118306406064	26.82919345874962	27.070632478567326	23.380055756276988
39	22.67452532425866	26.934124354940202	27.110296805441557	23.28105351535958
40	22.77178648197748	26.893683488399585	27.226823679649957	23.107706349972975
41	23.032296689435285	26.88236474593957	27.042712919035417	23.04262564558973
42	22.9033695792828	27.014437236017063	27.056367825533368	23.025825359166767
43	22.86066065435049	27.095554495487196	27.01512724402779	23.028657606134527
44	22.90040146751365	26.830479281389678	26.943633396521115	23.32548585457555
45	22.758022272155777	26.973037577682916	27.150076642860764	23.11886350730054
46	22.83015804453048	27.19323027571572	26.856057809192986	23.120553870560812
47	22.848401267579828	26.925758710121123	26.97768225210111	23.24815777019794
48	22.881884815305277	27.2844404287988	27.13473194175071	22.69894281414521
49	23.154177282179422	27.19215203531789	27.095965324010134	22.557705358492555
50	23.21446683479849	27.417525425738386	27.194511897038026	22.1734958424251
51	22.588042391971097	27.968126464869236	27.450323206655607	21.99350793650406
>>END_MODULE
>>Per base GC content	pass
#Base	%GC
1	46.63126590909638
2	46.164942531182824
3	46.23357919842731
4	46.24049343227195
5	46.60809332904618
6	46.00153674096223
7	46.125408411366045
8	46.27517715239014
9	46.047731050306105
10	46.05556306658969
11	46.4354168811174
12	45.80338776008192
13	45.86518640393
14	45.92154473373519
15	45.84746890536756
16	45.66311982675364
17	46.282209058064524
18	45.812686263339636
19	45.971770685937265
20	46.14520588257211
21	46.02930361172089
22	45.748235699175396
23	46.084101047561184
24	45.646076172322466
25	45.955672845789394
26	46.03869087138536
27	45.842735058709195
28	45.92430289716094
29	46.1088192404966
30	45.8363521804847
31	45.94940562285556
32	45.92853066302543
33	45.870467058661646
34	45.71042128219436
35	46.09384987496646
36	46.037795661967465
37	46.02608708551762
38	46.10017406268305
39	45.95557883961824
40	45.87949283195046
41	46.074922335025015
42	45.92919493844957
43	45.88931826048501
44	46.2258873220892
45	45.876885779456316
46	45.9507119150913
47	46.096559037777766
48	45.58082762945049
49	45.71188264067197
50	45.387962677223584
51	44.58155032847515
>>END_MODULE
>>Per sequence GC content	pass
#GC Content	Count
0	4607.0
1	4403.5
2	3476.5
3	2974.5
4	3264.0
5	3929.0
6	4652.0
7	5717.0
8	6799.5
9	8852.0
10	11040.5
11	14943.5
12	18889.0
13	25447.5
14	32527.0
15	44378.5
16	56778.5
17	75781.0
18	95575.0
19	122037.5
20	148880.0
21	182167.0
22	216378.0
23	259655.0
24	304036.5
25	348584.5
26	433229.5
27	490368.0
28	555414.5
29	621409.0
30	689688.0
31	759601.0
32	834175.0
33	910620.0
34	985113.0
35	1057813.0
36	1113991.5
37	1165737.5
38	1198183.5
39	1231156.0
40	1251538.5
41	1269519.5
42	1280446.5
43	1285893.5
44	1278994.0
45	1269314.0
46	1257200.5
47	1244171.0
48	1227053.5
49	1208410.5
50	1188811.0
51	1169994.0
52	1149553.0
53	1127339.0
54	1103369.0
55	1076621.5
56	1045870.0
57	1010534.5
58	963018.5
59	909382.5
60	850212.5
61	786850.0
62	721772.5
63	660088.0
64	590772.5
65	522601.5
66	460703.0
67	400955.5
68	345370.0
69	290337.0
70	246570.0
71	206339.5
72	173291.0
73	142551.0
74	116965.0
75	86679.5
76	71740.0
77	58860.0
78	46456.5
79	37354.5
80	29176.5
81	23521.5
82	18408.0
83	14710.5
84	11367.5
85	9054.0
86	6878.5
87	5568.5
88	4402.0
89	3507.5
90	2716.0
91	2286.5
92	1903.0
93	1618.5
94	1337.5
95	1169.0
96	1012.0
97	923.0
98	846.0
99	1025.5
100	1213.0
>>END_MODULE
>>Per base N content	pass
#Base	N-Count
1	0.0011848659296430314
2	7.405412060268946E-5
3	3.193583950990983E-4
4	4.5820987122914097E-4
5	9.210481249959502E-4
6	0.0016523325659475085
7	0.0021244275847896537
8	0.0012450349026327165
9	0.002179968175241671
10	0.002633549663933144
11	0.0010922982788896694
12	0.002369731859286063
13	4.906085489928177E-4
14	0.0015551365326564788
15	0.013028896843535679
16	0.010941496319047367
17	0.004757977248722798
18	0.0030362189447102677
19	0.014014742324058981
20	0.001726386686550198
21	0.00154778360168688
22	0.0032479991165442405
23	0.0014867831713057166
24	0.003884900675186432
25	0.0015468106604513453
26	0.001110421426393243
27	9.064448885712905E-4
28	6.691517308568791E-4
29	3.70238903447974E-4
30	6.994506871070255E-4
31	6.865167821848707E-4
32	0.0011257839330472271
33	6.983907190291085E-4
34	0.002637993910583447
35	0.00236349132475536
36	0.002349034214751081
37	6.228560498364717E-4
38	0.005049873455411642
39	0.0015133138680751212
40	8.372450218128641E-4
41	0.0010693280371385778
42	0.001768907943531075
43	0.003397608209122641
44	0.0017835593241557202
45	0.0013341671473711327
46	2.0984781641146568E-4
47	9.572432499671503E-4
48	7.222413407077904E-4
49	0.0013717441285676984
50	0.0015232932482946416
51	0.0013924283168131079
>>END_MODULE
>>Sequence Length Distribution	warn
#Length	Count
20	26576.0
21	27514.0
22	28753.0
23	29506.0
24	29952.0
25	30215.0
26	31010.0
27	31954.0
28	32766.0
29	35143.0
30	35653.0
31	37127.0
32	38075.0
33	39139.0
34	39603.0
35	40344.0
36	40343.0
37	41522.0
38	43219.0
39	45520.0
40	47668.0
41	50422.0
42	53905.0
43	60924.0
44	76857.0
45	121070.0
46	224509.0
47	605513.0
48	1290245.0
49	2615435.0
50	3474634.0
51	1.2280704E7
>>END_MODULE
>>Sequence Duplication Levels	warn
#Total Duplicate Percentage	31.308102566124788
#Duplication Level	Relative count
1	100.0
2	19.993111267383288
3	8.02322076952884
4	4.263120882905897
5	2.49860072618723
6	1.5298727019618537
7	1.0297220109358631
8	0.7462793668106603
9	0.5762137803355387
10++	4.855121342154738
>>END_MODULE
>>Overrepresented sequences	pass
>>END_MODULE
>>Kmer Content	warn
#Sequence	Count	Obs/Exp Overall	Obs/Exp Max	Max Obs/Exp Position
AAAAA	5397900	3.9044943	4.8561587	47
TTTTT	4936025	3.4246047	4.1384063	13
>>END_MODULE
