##FastQC	0.10.1
>>Basic Statistics	pass
#Measure	Value	
Filename	040-F5_S4_L002_R2_001_trimmed.fq.gz	
File type	Conventional base calls	
Encoding	Sanger / Illumina 1.9	
Total Sequences	18082681	
Filtered Sequences	0	
Sequence length	20-51	
%GC	43	
>>END_MODULE
>>Per base sequence quality	pass
#Base	Mean	Median	Lower Quartile	Upper Quartile	10th Percentile	90th Percentile
1	34.68917463068668	36.0	36.0	36.0	32.0	36.0
2	34.68618060563033	36.0	36.0	36.0	32.0	36.0
3	34.66713016725783	36.0	36.0	36.0	32.0	36.0
4	34.6667761268365	36.0	36.0	36.0	32.0	36.0
5	34.64412683052917	36.0	36.0	36.0	32.0	36.0
6	34.64131789970746	36.0	36.0	36.0	32.0	36.0
7	34.627884991169175	36.0	36.0	36.0	32.0	36.0
8	34.608413486916014	36.0	36.0	36.0	32.0	36.0
9	34.60326187250663	36.0	36.0	36.0	32.0	36.0
10	34.5886936234732	36.0	36.0	36.0	32.0	36.0
11	34.57040623566826	36.0	36.0	36.0	32.0	36.0
12	34.54952940883047	36.0	36.0	36.0	32.0	36.0
13	34.557922965073594	36.0	36.0	36.0	32.0	36.0
14	34.55020834576466	36.0	36.0	36.0	32.0	36.0
15	34.53125490628298	36.0	36.0	36.0	32.0	36.0
16	34.52117869026169	36.0	36.0	36.0	32.0	36.0
17	34.48529800420634	36.0	36.0	36.0	32.0	36.0
18	34.483487597884405	36.0	36.0	36.0	32.0	36.0
19	34.46384017945127	36.0	36.0	36.0	32.0	36.0
20	34.47000287180867	36.0	36.0	36.0	32.0	36.0
21	34.443954516095964	36.0	36.0	36.0	32.0	36.0
22	34.43917677526295	36.0	36.0	36.0	32.0	36.0
23	34.42458160631295	36.0	36.0	36.0	32.0	36.0
24	34.39887872990662	36.0	36.0	36.0	32.0	36.0
25	34.385392601287634	36.0	36.0	36.0	32.0	36.0
26	34.34677489837302	36.0	36.0	36.0	32.0	36.0
27	34.35006958007137	36.0	36.0	36.0	32.0	36.0
28	34.314565740430346	36.0	36.0	36.0	32.0	36.0
29	34.292467444419934	36.0	36.0	36.0	32.0	36.0
30	34.27730900498036	36.0	36.0	36.0	32.0	36.0
31	34.25731344316688	36.0	36.0	36.0	32.0	36.0
32	34.242343228042216	36.0	36.0	36.0	32.0	36.0
33	34.2014020180154	36.0	36.0	36.0	32.0	36.0
34	34.17763319977237	36.0	36.0	36.0	32.0	36.0
35	34.14254425487604	36.0	36.0	36.0	32.0	36.0
36	34.130640322964595	36.0	36.0	36.0	32.0	36.0
37	34.105720915590744	36.0	36.0	36.0	32.0	36.0
38	34.07644236901384	36.0	36.0	36.0	32.0	36.0
39	34.06305932383937	36.0	36.0	36.0	32.0	36.0
40	34.043902775418545	36.0	36.0	36.0	32.0	36.0
41	34.028418982411594	36.0	36.0	36.0	32.0	36.0
42	34.00660355184803	36.0	36.0	36.0	32.0	36.0
43	33.976428731248845	36.0	36.0	36.0	32.0	36.0
44	33.94006515126472	36.0	36.0	36.0	32.0	36.0
45	33.93257161192072	36.0	36.0	36.0	32.0	36.0
46	33.910982385533885	36.0	36.0	36.0	32.0	36.0
47	33.919768599358015	36.0	36.0	36.0	32.0	36.0
48	33.903521668310006	36.0	36.0	36.0	32.0	36.0
49	33.959852302577794	36.0	36.0	36.0	32.0	36.0
50	34.04332326870729	36.0	36.0	36.0	32.0	36.0
51	34.16850321817327	36.0	36.0	36.0	32.0	36.0
>>END_MODULE
>>Per sequence quality scores	pass
#Quality	Count
14	923.0
15	2120.0
16	4269.0
17	7751.0
18	12336.0
19	18775.0
20	27623.0
21	39524.0
22	53988.0
23	74775.0
24	101000.0
25	135079.0
26	176721.0
27	226962.0
28	288326.0
29	359456.0
30	450593.0
31	573415.0
32	758893.0
33	1106094.0
34	2063253.0
35	7853321.0
36	3747484.0
>>END_MODULE
>>Per base sequence content	pass
#Base	G	A	T	C
1	21.890664332352046	27.433703000124815	27.811821709402494	22.863810958120645
2	21.976531024354188	27.808105446310755	28.063244604049586	22.15211892528547
3	21.708539790089752	27.77500747814995	28.199441222239113	22.31701150952118
4	22.218851286487883	27.057049781500876	28.649020573885032	22.07507835812621
5	21.99810415280787	27.42620411210041	28.16386574535048	22.41182598974123
6	21.385202780494772	27.939800519624274	28.397492606323144	22.27750409355781
7	21.459168582357893	27.962960802106725	28.353671670699715	22.224198944835667
8	21.55692510419224	27.858523854952704	28.099251432904225	22.485299607950836
9	21.59246740016041	27.794744595671407	28.23931915848098	22.37346884568721
10	21.522145969394693	27.82982235875311	28.418191970537997	22.2298397013142
11	22.335819561269705	27.70244633525305	27.91855920037521	22.043174903102035
12	21.429709455141083	28.156864571133006	28.363012099809758	22.050413873916153
13	21.486387997443522	27.946082773898407	28.691066330263748	21.876462898394326
14	21.5998003835825	27.628480533389933	28.806817971295295	21.96490111173227
15	21.40447536512976	28.021176727057235	28.58755844888266	21.986789458930343
16	21.473447438463356	28.25047347790961	28.65081787374339	21.625261209883647
17	21.673296122405745	27.92559908566656	27.9942227593353	22.4068820325924
18	21.6038152749584	28.624488813356823	27.99790031135317	21.77379560033161
19	21.9296795646619	28.030649879849122	28.341743129793638	21.697927425695337
20	22.15091888199543	27.688438456664695	28.347488959186972	21.813153702152903
21	22.116775115024186	27.77126178796828	28.385423747717613	21.72653934928992
22	21.665643994172765	28.313309139697285	28.42485475721289	21.596192108917062
23	21.661927514437544	28.05734749108198	28.405014920067593	21.875710074412883
24	21.45681226040937	28.367875251359298	28.353456632917716	21.821855855313615
25	21.600808421229047	28.407061506170944	28.09228112506142	21.89984894753859
26	21.73674953725247	28.05020745086304	28.180255606966366	22.03278740491812
27	21.984574251085466	28.176566049185347	28.174486278461064	21.664373421268127
28	21.43359527172222	28.34794536737608	28.171239876247906	22.047219484653795
29	22.025638133145208	27.930692519189876	28.149286198948364	21.89438314871655
30	21.591422637996192	28.647291432632578	27.991355730001043	21.76993019937019
31	21.69229426840429	28.36138920472929	28.211820645342534	21.734495881523888
32	21.726928450814537	28.50095101126825	27.950370594705596	21.821749943211614
33	21.58151518641463	27.94469250354196	28.54830108678309	21.92549122326032
34	21.759093230036555	28.569782730233744	28.200631900863154	21.470492138866547
35	21.678045549208292	27.907247031773945	28.306486406780774	22.108221012236992
36	21.891201683033103	28.327589654374364	27.858000697841877	21.923207964750656
37	21.60598179974274	28.28401004841365	27.99161740284252	22.118390749001087
38	21.7263743095526	28.261274954777505	27.888459872720638	22.123890862949256
39	21.696559548669775	28.27467986530181	27.98511945789601	22.043641128132407
40	21.59958960251017	28.11981028168642	28.48455871948787	21.796041396315534
41	21.96317037675754	28.099206393044852	28.131428655047642	21.806194575149966
42	21.967032731067153	28.066209622988296	28.23211961211837	21.734638033826183
43	21.817522887619027	28.499393806118363	28.021357312885613	21.661725993377
44	21.861092526968573	28.085086380062453	27.880372703541283	22.17344838942769
45	21.882673104413144	28.385852873541072	27.997594304248608	21.733879717797176
46	21.76431741666799	28.9029407596858	27.697421385239828	21.63532043840638
47	21.946514155000944	28.14074462662206	27.868316019817037	22.044425198559956
48	21.883437718196255	28.60779399030717	28.21579746134994	21.292970830146633
49	22.205633517861934	28.38979712026991	28.22814001722992	21.176429344638237
50	22.56795179001357	28.44569440946707	28.092158254520673	20.894195545998688
51	21.81865134296168	29.247960209602397	28.1113526514255	20.822035796010425
>>END_MODULE
>>Per base GC content	pass
#Base	%GC
1	44.75447529047269
2	44.12864994963966
3	44.02555129961094
4	44.293929644614096
5	44.4099301425491
6	43.66270687405258
7	43.68336752719356
8	44.042224712143074
9	43.965936245847615
10	43.75198567070889
11	44.37899446437174
12	43.480123329057236
13	43.362850895837845
14	43.56470149531477
15	43.3912648240601
16	43.098708648347
17	44.080178154998144
18	43.37761087529001
19	43.627606990357236
20	43.96407258414833
21	43.843314464314105
22	43.26183610308982
23	43.53763758885042
24	43.278668115722986
25	43.500657368767634
26	43.769536942170596
27	43.648947672353586
28	43.48081475637601
29	43.92002128186176
30	43.36135283736638
31	43.42679014992818
32	43.548678394026155
33	43.50700640967495
34	43.2295853689031
35	43.78626656144528
36	43.81440964778376
37	43.72437254874383
38	43.85026517250186
39	43.74020067680218
40	43.39563099882571
41	43.769364951907505
42	43.701670764893336
43	43.47924888099603
44	44.03454091639627
45	43.616552822210316
46	43.39963785507437
47	43.990939353560904
48	43.176408548342884
49	43.38206286250017
50	43.46214733601226
51	42.640687138972105
>>END_MODULE
>>Per sequence GC content	warn
#GC Content	Count
0	11472.0
1	9636.0
2	7029.5
3	6865.5
4	7572.0
5	8548.5
6	9702.0
7	11209.0
8	12675.5
9	15318.0
10	18184.5
11	22977.5
12	27727.5
13	35299.5
14	43578.0
15	57067.0
16	70975.5
17	91742.0
18	113336.5
19	141909.5
20	170974.5
21	205222.0
22	240293.5
23	284031.0
24	329012.0
25	373837.0
26	459019.5
27	517006.5
28	584345.5
29	654013.0
30	728055.5
31	802473.0
32	879181.5
33	956895.0
34	1022738.0
35	1083819.0
36	1116868.5
37	1144210.0
38	1148719.5
39	1151820.0
40	1145504.0
41	1135394.5
42	1122780.5
43	1105872.5
44	1076167.5
45	1045337.0
46	1015392.5
47	984656.0
48	953775.5
49	922409.5
50	893611.0
51	865564.0
52	838064.5
53	810459.5
54	783324.0
55	754836.0
56	724470.5
57	691958.0
58	654585.5
59	613106.0
60	567904.5
61	519927.5
62	473044.5
63	429317.0
64	381402.0
65	334759.5
66	293694.5
67	254409.5
68	218310.5
69	182871.5
70	154229.5
71	127846.5
72	106826.5
73	87424.0
74	71509.0
75	53348.5
76	44319.5
77	36808.5
78	29709.0
79	24203.0
80	19162.0
81	15686.0
82	12682.0
83	10363.0
84	8184.5
85	6728.5
86	5388.0
87	4485.5
88	3662.0
89	3018.5
90	2440.0
91	2180.0
92	1994.5
93	1999.5
94	2010.5
95	2134.5
96	2256.0
97	2740.0
98	3950.5
99	14205.5
100	23737.0
>>END_MODULE
>>Per base N content	pass
#Base	N-Count
1	0.0
2	0.0
3	0.0
4	0.0
5	0.0
6	0.0
7	0.0
8	0.0
9	0.0
10	0.0
11	0.0
12	0.0
13	0.0
14	0.0
15	0.0
16	0.0
17	0.0
18	0.0
19	0.0
20	0.0
21	0.0
22	0.0
23	0.0
24	0.0
25	0.0
26	0.0
27	0.0
28	0.0
29	0.0
30	0.0
31	0.0
32	0.0
33	0.0
34	0.0
35	0.0
36	0.0
37	0.0
38	0.0
39	0.0
40	0.0
41	0.0
42	0.0
43	0.0
44	0.0
45	0.0
46	0.0
47	0.0
48	0.0
49	0.0
50	0.0
51	0.0
>>END_MODULE
>>Sequence Length Distribution	warn
#Length	Count
20	25392.0
21	26101.0
22	26913.0
23	27518.0
24	28688.0
25	30091.0
26	31391.0
27	33152.0
28	35445.0
29	38351.0
30	38611.0
31	39345.0
32	40569.0
33	40945.0
34	41993.0
35	44118.0
36	43536.0
37	46217.0
38	48971.0
39	52148.0
40	53897.0
41	58259.0
42	59956.0
43	67185.0
44	80955.0
45	114786.0
46	198082.0
47	489004.0
48	1017276.0
49	2032573.0
50	2824194.0
51	1.0347019E7
>>END_MODULE
>>Sequence Duplication Levels	warn
#Total Duplicate Percentage	31.380321539617754
#Duplication Level	Relative count
1	100.0
2	20.33601053701556
3	8.194104425260203
4	4.084525190052828
5	2.4681813626537243
6	1.4717461953642859
7	1.0644390041374967
8	0.75162135463643
9	0.5597789517387507
10++	4.235565290841673
>>END_MODULE
>>Overrepresented sequences	pass
>>END_MODULE
>>Kmer Content	warn
#Sequence	Count	Obs/Exp Overall	Obs/Exp Max	Max Obs/Exp Position
GGGGG	1946250	4.8717556	6.5471296	47
AAAAA	6981980	4.857992	6.0300317	47
TTTTT	5592890	3.829507	5.0684867	13
CCTGG	1581895	3.0111163	3.6498358	19
AGAAA	3099935	2.78633	5.0411315	28
GAAAA	3010115	2.7055967	5.070949	4
GAGAA	1829270	2.1240244	5.1413975	27
>>END_MODULE
