##FastQC	0.10.1
>>Basic Statistics	pass
#Measure	Value	
Filename	040-F0_S2_L004_R2_001_trimmed.fq.gz	
File type	Conventional base calls	
Encoding	Sanger / Illumina 1.9	
Total Sequences	13192287	
Filtered Sequences	0	
Sequence length	20-51	
%GC	43	
>>END_MODULE
>>Per base sequence quality	pass
#Base	Mean	Median	Lower Quartile	Upper Quartile	10th Percentile	90th Percentile
1	34.750117398143324	36.0	36.0	36.0	32.0	36.0
2	34.74833741867502	36.0	36.0	36.0	32.0	36.0
3	34.72921730705222	36.0	36.0	36.0	32.0	36.0
4	34.729164927961314	36.0	36.0	36.0	32.0	36.0
5	34.70641519548506	36.0	36.0	36.0	32.0	36.0
6	34.695470466947846	36.0	36.0	36.0	32.0	36.0
7	34.676053515209304	36.0	36.0	36.0	32.0	36.0
8	34.657561573668005	36.0	36.0	36.0	32.0	36.0
9	34.643185900973805	36.0	36.0	36.0	32.0	36.0
10	34.62663615489869	36.0	36.0	36.0	32.0	36.0
11	34.61271377737613	36.0	36.0	36.0	32.0	36.0
12	34.58420408834344	36.0	36.0	36.0	32.0	36.0
13	34.59362322848192	36.0	36.0	36.0	32.0	36.0
14	34.581317249996154	36.0	36.0	36.0	32.0	36.0
15	34.57496793391472	36.0	36.0	36.0	32.0	36.0
16	34.54943286179265	36.0	36.0	36.0	32.0	36.0
17	34.532160723913904	36.0	36.0	36.0	32.0	36.0
18	34.52255223070875	36.0	36.0	36.0	32.0	36.0
19	34.48376016986289	36.0	36.0	36.0	32.0	36.0
20	34.500935736161594	36.0	36.0	36.0	32.0	36.0
21	34.46326924120522	36.0	36.0	36.0	32.0	36.0
22	34.466879278583676	36.0	36.0	36.0	32.0	36.0
23	34.43932849621821	36.0	36.0	36.0	32.0	36.0
24	34.406068040945314	36.0	36.0	36.0	32.0	36.0
25	34.40671627722667	36.0	36.0	36.0	32.0	36.0
26	34.36428160723167	36.0	36.0	36.0	32.0	36.0
27	34.35543744907771	36.0	36.0	36.0	32.0	36.0
28	34.34359283715158	36.0	36.0	36.0	32.0	36.0
29	34.32082439898395	36.0	36.0	36.0	32.0	36.0
30	34.298245807186994	36.0	36.0	36.0	32.0	36.0
31	34.284763083877316	36.0	36.0	36.0	32.0	36.0
32	34.267115922094355	36.0	36.0	36.0	32.0	36.0
33	34.221130446141636	36.0	36.0	36.0	32.0	36.0
34	34.208260403426465	36.0	36.0	36.0	32.0	36.0
35	34.14924978627143	36.0	36.0	36.0	32.0	36.0
36	34.13996048375795	36.0	36.0	36.0	32.0	36.0
37	34.13232762969666	36.0	36.0	36.0	32.0	36.0
38	34.08999159187924	36.0	36.0	36.0	32.0	36.0
39	34.069359442205354	36.0	36.0	36.0	32.0	36.0
40	34.06059633337859	36.0	36.0	36.0	32.0	36.0
41	34.023955537853595	36.0	36.0	36.0	32.0	36.0
42	33.99453475411949	36.0	36.0	36.0	32.0	36.0
43	33.97556047481323	36.0	36.0	36.0	32.0	36.0
44	33.94400978747819	36.0	36.0	36.0	32.0	36.0
45	33.94341207414038	36.0	36.0	36.0	32.0	36.0
46	33.91579444988408	36.0	36.0	36.0	32.0	36.0
47	33.920067593878656	36.0	36.0	36.0	32.0	36.0
48	33.91443562076314	36.0	36.0	36.0	32.0	36.0
49	33.960168063312075	36.0	36.0	36.0	32.0	36.0
50	34.04721081079959	36.0	36.0	36.0	32.0	36.0
51	34.17396153825856	36.0	36.0	36.0	32.0	36.0
>>END_MODULE
>>Per sequence quality scores	pass
#Quality	Count
14	717.0
15	1768.0
16	3348.0
17	5701.0
18	8929.0
19	13591.0
20	19358.0
21	27301.0
22	37735.0
23	52068.0
24	70999.0
25	95025.0
26	125741.0
27	161433.0
28	206357.0
29	258673.0
30	324338.0
31	414486.0
32	551542.0
33	803783.0
34	1501022.0
35	5796176.0
36	2712196.0
>>END_MODULE
>>Per base sequence content	pass
#Base	G	A	T	C
1	21.84333921783236	27.339846381450013	27.584557552454704	23.232256848262928
2	22.043407545046136	28.178154199939843	27.888216687204665	21.890221567809355
3	21.496250043680824	28.06242768975539	28.239735839585663	22.20158642697813
4	22.356320780468163	26.93819502259161	28.85564117881911	21.849843018121117
5	21.918830298340232	27.548779070679707	28.290242624345574	22.242148006634483
6	21.15513405674088	28.210188271374026	28.570209244234906	22.064468427650187
7	21.4022557271533	28.168580625936958	28.29397965644623	22.13518399046352
8	21.27961089820378	28.134836046281485	27.913493618098954	22.67205943741577
9	21.639735399934825	27.859384805682293	27.936922536630682	22.5639572577522
10	21.34268303896057	27.89341226430262	28.544459349618457	22.21944534711836
11	22.585750294850317	27.526174953592204	27.852039604656873	22.03603514690061
12	21.314169012884477	28.345090574291355	28.330892741246043	22.00984767157812
13	21.3207308179393	28.167769545947568	28.813176972271755	21.69832266384138
14	21.489655281150267	27.859164980264605	28.92965412289772	21.72152561568741
15	21.27943396016172	28.30001348515235	28.646996536688444	21.773556017997485
16	21.2477639396414	28.27846301403237	28.970541650587194	21.50323139573904
17	21.504125857783414	27.86937549190675	27.92178490355766	22.704713746752176
18	21.46044882134538	28.882058129875432	27.92801581712102	21.729477231658166
19	22.069554733004217	27.954266004067374	28.280259518307933	21.695919744620472
20	22.430121479315908	27.573164531669146	28.39816932424226	21.59854466477268
21	22.322101556935127	27.625433899798608	28.46680199293161	21.585662550334654
22	21.590508383896108	28.533874527303897	28.49052631898931	21.385090769810677
23	21.427007558401417	28.319124184000323	28.58126078680401	21.67260747079425
24	21.17478786482061	28.57665986413533	28.451339647509073	21.79721262353499
25	21.42516308946249	28.631620755960892	28.07091844359143	21.872297710985187
26	21.55873151719207	27.91987354859975	28.310654117536266	22.21074081667192
27	22.24425499391555	28.000420815900473	28.15444433580343	21.600879854380548
28	21.23623333023977	28.483528317212297	28.136929228253475	22.143309124294458
29	22.20069987209531	27.842360195777317	28.002659827461596	21.954280104665777
30	21.384522344410616	28.997870824365528	27.861966594539282	21.755640236684567
31	21.518391544331788	28.50898828260672	28.269860326623053	21.70275984643844
32	21.532872898961518	28.832143592686897	27.912192254336905	21.722791254014677
33	21.392075710799844	27.855282154411963	28.83879487383315	21.91384726095504
34	21.61434724779401	28.7447509297277	28.32910384522473	21.31179797725356
35	21.46122531387675	27.678781926184843	28.6091788756765	22.25081388426191
36	21.74108044353322	28.282093721003033	27.83572966158853	22.141096173875212
37	21.483386140921564	28.31905273276336	27.858222771111755	22.339338355203314
38	21.7095592170309	28.48062521352573	27.589950935247593	22.21986463419578
39	21.7295992922684	28.334328960906035	27.747983205526623	22.188088541298942
40	21.375859051456118	28.034524016223557	28.71347804207785	21.87613889024248
41	21.87985404920291	27.95185708571853	28.23424069986022	21.93404816521834
42	21.990233920523465	27.79431964894938	28.50068109229999	21.714765338227167
43	21.743440138036547	28.633129965964738	28.006350700596006	21.61707919540271
44	21.80971270099987	28.09320634857679	27.80194350617162	22.29513744425172
45	21.937497775227556	28.530899688736756	27.85416710023782	21.677435435797868
46	21.668406165755655	29.45597368259239	27.453891138101667	21.421729013550294
47	22.028741874612844	28.0729777166746	27.67068481911354	22.227595589599012
48	21.95184710739306	28.618591364655817	28.266464998586923	21.163096529364203
49	22.329103960619985	28.276261938532492	28.290696504217994	21.103937596629525
50	22.9819871889991	28.226185868467773	28.040443995712373	20.751382946820755
51	21.928760284346684	29.4000643843641	27.99528463694079	20.675890694348425
>>END_MODULE
>>Per base GC content	pass
#Base	%GC
1	45.07559606609529
2	43.93362911285549
3	43.69783647065895
4	44.20616379858928
5	44.16097830497472
6	43.21960248439107
7	43.53743971761681
8	43.95167033561955
9	44.20369265768703
10	43.562128386078925
11	44.62178544175093
12	43.3240166844626
13	43.01905348178068
14	43.211180896837675
15	43.052989978159204
16	42.75099533538044
17	44.20883960453559
18	43.189926053003546
19	43.765474477624686
20	44.02866614408858
21	43.907764107269784
22	42.97559915370679
23	43.09961502919567
24	42.9720004883556
25	43.29746080044768
26	43.76947233386399
27	43.8451348482961
28	43.37954245453423
29	44.15497997676109
30	43.14016258109518
31	43.22115139077023
32	43.255664152976195
33	43.30592297175488
34	42.92614522504757
35	43.71203919813866
36	43.88217661740843
37	43.822724496124884
38	43.92942385122668
39	43.91768783356734
40	43.2519979416986
41	43.813902214421255
42	43.70499925875063
43	43.36051933343926
44	44.10485014525159
45	43.614933211025416
46	43.090135179305946
47	44.25633746421186
48	43.11494363675726
49	43.43304155724951
50	43.733370135819854
51	42.604650978695105
>>END_MODULE
>>Per sequence GC content	warn
#GC Content	Count
0	7422.0
1	6168.5
2	4486.5
3	4435.5
4	4901.5
5	5657.0
6	6493.5
7	7503.0
8	8491.5
9	10232.5
10	12026.0
11	15018.0
12	18115.0
13	23157.5
14	28591.0
15	37625.5
16	46959.5
17	60602.5
18	74700.5
19	94327.5
20	114454.5
21	138147.5
22	162538.0
23	192834.0
24	224167.5
25	256304.0
26	318924.0
27	362307.0
28	415656.0
29	472067.5
30	533614.5
31	595324.0
32	660519.0
33	726507.5
34	779282.5
35	827289.5
36	846233.5
37	859867.5
38	855868.5
39	850810.5
40	840255.5
41	828796.5
42	822253.0
43	812380.0
44	793052.5
45	773558.0
46	754388.5
47	734273.0
48	713365.5
49	691771.0
50	671441.0
51	650407.5
52	626177.5
53	601444.0
54	577574.5
55	552366.5
56	524791.0
57	495594.5
58	465482.5
59	433735.0
60	399069.0
61	362638.0
62	328283.0
63	296587.0
64	262613.0
65	229806.0
66	201625.5
67	174842.5
68	148981.0
69	122632.0
70	102642.0
71	84845.0
72	70479.0
73	57526.5
74	47244.0
75	35654.5
76	30044.0
77	24991.5
78	20142.5
79	16542.0
80	13282.0
81	10900.5
82	8778.0
83	7227.5
84	5765.5
85	4699.5
86	3751.0
87	3080.5
88	2464.5
89	2051.0
90	1664.5
91	1489.5
92	1338.5
93	1221.0
94	1111.5
95	1133.0
96	1178.5
97	1311.0
98	1936.5
99	7315.5
100	12195.0
>>END_MODULE
>>Per base N content	pass
#Base	N-Count
1	0.0
2	0.003630909485216627
3	0.0
4	0.0
5	0.0
6	0.0
7	0.0
8	4.3965083537069805E-4
9	0.0
10	0.0
11	0.0
12	0.0010081648466259108
13	0.0
14	0.0
15	0.0
16	0.0
17	0.0
18	0.0
19	0.0
20	0.0
21	0.0
22	0.0
23	0.0
24	9.907329129628179E-5
25	0.0
26	0.0
27	0.0
28	0.0
29	0.0
30	0.0
31	0.0
32	0.0
33	0.0
34	0.0
35	8.950759304586712E-4
36	0.0
37	0.0
38	0.0
39	0.0
40	0.0
41	0.0038358345083377597
42	0.0
43	0.0
44	0.0018551429239691262
45	0.0
46	4.8544137057574804E-5
47	0.008490582413015334
48	0.0
49	0.0
50	0.0
51	0.0
>>END_MODULE
>>Sequence Length Distribution	warn
#Length	Count
20	16722.0
21	17005.0
22	18083.0
23	18878.0
24	19281.0
25	20296.0
26	21679.0
27	22513.0
28	23452.0
29	25783.0
30	26497.0
31	27066.0
32	28234.0
33	28565.0
34	30161.0
35	32076.0
36	30586.0
37	32263.0
38	34201.0
39	36644.0
40	38378.0
41	43576.0
42	44253.0
43	50320.0
44	60682.0
45	85207.0
46	146354.0
47	356425.0
48	737964.0
49	1482113.0
50	2057550.0
51	7579480.0
>>END_MODULE
>>Sequence Duplication Levels	warn
#Total Duplicate Percentage	25.556945815697123
#Duplication Level	Relative count
1	100.0
2	16.574857690615787
3	5.642476807017314
4	2.540230715190829
5	1.4063515616280062
6	0.8410533848951802
7	0.5771162570826412
8	0.3952491316993743
9	0.29742168880368197
10++	3.037246649902501
>>END_MODULE
>>Overrepresented sequences	pass
>>END_MODULE
>>Kmer Content	warn
#Sequence	Count	Obs/Exp Overall	Obs/Exp Max	Max Obs/Exp Position
AAAAA	4833845	4.550244	5.66513	47
GGGGG	1114235	3.8656788	5.1035056	47
TTTTT	4007670	3.7535968	5.6352715	13
TTTTC	2537235	3.0607955	5.832219	4
GAAAA	2469655	3.0177248	7.157373	4
AGAAA	2431995	2.971707	6.7674084	28
GGAAA	1453160	2.3049324	7.0727034	20
GAGAA	1435665	2.2771826	7.3752885	27
AAAAT	2370030	2.2287354	5.2210145	22
CCACC	842175	2.173037	5.5720806	8
TGAAA	1607545	1.9623172	5.73566	10
CTGAA	1237635	1.9439247	6.7115083	9
AAATG	1541350	1.8815137	5.856379	23
CATTT	1547570	1.8687932	5.7890377	1
AAAAC	1492845	1.8081622	5.430156	5
GTGGA	819715	1.6860553	5.352009	47
TGAGA	1057165	1.6751367	6.6921997	26
CATGG	759475	1.5484661	5.230164	17
AATGA	1180230	1.4406974	5.381606	24
CTTGA	881320	1.3828758	5.3337526	47
CACTT	886850	1.3793645	5.60971	37
ATGAG	867420	1.3744751	6.4199524	25
AACTG	872845	1.3709574	5.9165225	7
ACTGA	860350	1.3513318	5.956059	8
AAATC	1066165	1.2900598	5.122307	13
>>END_MODULE
