##FastQC	0.10.1
>>Basic Statistics	pass
#Measure	Value	
Filename	KS27_S1_L002_R1_001.fastq.gz	
File type	Conventional base calls	
Encoding	Sanger / Illumina 1.9	
Total Sequences	19665966	
Filtered Sequences	0	
Sequence length	35-75	
%GC	45	
>>END_MODULE
>>Per base sequence quality	pass
#Base	Mean	Median	Lower Quartile	Upper Quartile	10th Percentile	90th Percentile
1	31.438148016731038	32.0	32.0	32.0	32.0	32.0
2	31.499914725775483	32.0	32.0	32.0	32.0	32.0
3	31.58136813620038	32.0	32.0	32.0	32.0	32.0
4	31.658600701333462	32.0	32.0	32.0	32.0	32.0
5	31.642637285145312	32.0	32.0	32.0	32.0	32.0
6	35.3130824084614	36.0	36.0	36.0	36.0	36.0
7	35.32444157586767	36.0	36.0	36.0	36.0	36.0
8	35.26930845909121	36.0	36.0	36.0	36.0	36.0
9	35.373398743799314	36.0	36.0	36.0	36.0	36.0
10	35.27126203716614	36.0	36.0	36.0	36.0	36.0
11	35.3420136595375	36.0	36.0	36.0	36.0	36.0
12	35.305592514499416	36.0	36.0	36.0	36.0	36.0
13	35.3246015476687	36.0	36.0	36.0	36.0	36.0
14	35.28859075623338	36.0	36.0	36.0	36.0	36.0
15	35.26478445045618	36.0	36.0	36.0	36.0	36.0
16	35.28998550083937	36.0	36.0	36.0	36.0	36.0
17	35.27872081137535	36.0	36.0	36.0	36.0	36.0
18	35.267614415686474	36.0	36.0	36.0	36.0	36.0
19	35.274099782334616	36.0	36.0	36.0	36.0	36.0
20	35.25545447398821	36.0	36.0	36.0	36.0	36.0
21	35.251070758487025	36.0	36.0	36.0	36.0	36.0
22	35.23632172454686	36.0	36.0	36.0	36.0	36.0
23	35.21441474067432	36.0	36.0	36.0	36.0	36.0
24	35.206629158211705	36.0	36.0	36.0	36.0	36.0
25	35.18782194579204	36.0	36.0	36.0	36.0	36.0
26	35.16352413097836	36.0	36.0	36.0	36.0	36.0
27	35.1389651034686	36.0	36.0	36.0	36.0	36.0
28	35.12899020571886	36.0	36.0	36.0	36.0	36.0
29	35.10827365408849	36.0	36.0	36.0	36.0	36.0
30	35.0970294060307	36.0	36.0	36.0	36.0	36.0
31	35.07057527710563	36.0	36.0	36.0	36.0	36.0
32	35.04626225836046	36.0	36.0	36.0	36.0	36.0
33	35.031420322805396	36.0	36.0	36.0	36.0	36.0
34	35.02710723693919	36.0	36.0	36.0	36.0	36.0
35	35.0010150022633	36.0	36.0	36.0	36.0	36.0
36	35.01008988781426	36.0	36.0	36.0	36.0	36.0
37	35.002156957642775	36.0	36.0	36.0	36.0	36.0
38	34.98663406098739	36.0	36.0	36.0	36.0	36.0
39	34.98181670483066	36.0	36.0	36.0	36.0	36.0
40	34.97496349248137	36.0	36.0	36.0	36.0	36.0
41	34.96049726059133	36.0	36.0	36.0	36.0	36.0
42	34.95078891190145	36.0	36.0	36.0	36.0	36.0
43	34.93878619282256	36.0	36.0	36.0	36.0	36.0
44	34.92474455061217	36.0	36.0	36.0	36.0	36.0
45	34.91635800553335	36.0	36.0	36.0	36.0	36.0
46	34.895559583503605	36.0	36.0	36.0	36.0	36.0
47	34.88283551844675	36.0	36.0	36.0	36.0	36.0
48	34.86574016017405	36.0	36.0	36.0	36.0	36.0
49	34.84364678823857	36.0	36.0	36.0	36.0	36.0
50	34.825037450315435	36.0	36.0	36.0	36.0	36.0
51	34.81055911573689	36.0	36.0	36.0	36.0	36.0
52	34.788192171393746	36.0	36.0	36.0	36.0	36.0
53	34.75466416533592	36.0	36.0	36.0	36.0	36.0
54	34.74057545887596	36.0	36.0	36.0	36.0	36.0
55	34.71588374799147	36.0	36.0	36.0	36.0	36.0
56	34.691909851634584	36.0	36.0	36.0	32.0	36.0
57	34.67841052129604	36.0	36.0	36.0	32.0	36.0
58	34.65707802380456	36.0	36.0	36.0	32.0	36.0
59	34.62287472910505	36.0	36.0	36.0	32.0	36.0
60	34.59046075768701	36.0	36.0	36.0	32.0	36.0
61	34.57943875181309	36.0	36.0	36.0	32.0	36.0
62	34.554081468401066	36.0	36.0	36.0	32.0	36.0
63	34.518832114160595	36.0	36.0	36.0	32.0	36.0
64	34.492565843234146	36.0	36.0	36.0	32.0	36.0
65	34.46818930842095	36.0	36.0	36.0	32.0	36.0
66	34.439713979983736	36.0	36.0	36.0	32.0	36.0
67	34.41512490077399	36.0	36.0	36.0	32.0	36.0
68	34.38129372520282	36.0	36.0	36.0	32.0	36.0
69	34.35535851711929	36.0	36.0	36.0	32.0	36.0
70	34.321629166798154	36.0	36.0	36.0	32.0	36.0
71	34.266547215514755	36.0	36.0	36.0	32.0	36.0
72	34.245878626615045	36.0	36.0	36.0	32.0	36.0
73	34.22590039365428	36.0	36.0	36.0	32.0	36.0
74	34.19997151825013	36.0	36.0	36.0	32.0	36.0
75	33.43431259672102	36.0	36.0	36.0	27.0	36.0
>>END_MODULE
>>Per sequence quality scores	pass
#Quality	Count
2	10710.0
3	0.0
4	0.0
5	0.0
6	0.0
7	0.0
8	0.0
9	0.0
10	7.0
11	29.0
12	268.0
13	761.0
14	322.0
15	191.0
16	175.0
17	197.0
18	279.0
19	724.0
20	1961.0
21	5019.0
22	10597.0
23	19343.0
24	35115.0
25	60417.0
26	96565.0
27	145441.0
28	204867.0
29	277770.0
30	367509.0
31	486105.0
32	673240.0
33	1066863.0
34	2486749.0
35	1.3714742E7
>>END_MODULE
>>Per base sequence content	fail
#Base	G	A	T	C
1	43.36734818525926	18.6106105001531	11.547106382701491	26.474934931886146
2	16.33720356677637	20.355960264479492	35.71419958596919	27.592636582774947
3	18.594708729610147	21.87319291209948	28.924477246324415	30.607621111965962
4	13.025072074876265	15.310293115520155	35.88908594109239	35.77554886851119
5	14.599611422003356	35.391317213065044	34.58142697301933	15.42764439191227
6	34.33563521126359	35.555074937716405	16.226931870030082	13.882357980989921
7	30.37855624978886	30.005103978294663	20.660453366773755	18.955886405142728
8	26.40941435715719	34.66917449459829	19.91427636455104	19.00713478369348
9	24.48763831923634	15.59572157187879	20.185872928849157	39.73076718003571
10	14.141642316945655	27.474834212283984	35.026854903339846	23.356668567430514
11	34.04149505862452	22.91552956623918	23.769621723573582	19.273353651562715
12	21.81092426371857	24.410447770306323	31.319037513426434	22.45959045254867
13	27.65721291037878	20.840598565594874	26.37913238067212	25.123056143354226
14	20.274746072802976	20.762458255406703	27.510272069941657	31.452523601848668
15	22.537742576336832	29.708440327615172	23.49090747024613	24.262909625801875
16	22.53295505283676	28.947788825543665	25.591088714387645	22.92816740723194
17	21.387267297494013	28.40173051001244	27.70747819691496	22.503523995578583
18	21.825704025427093	28.16688828677683	28.161871816881956	21.84553587091412
19	22.25190004880654	27.567523895642022	27.949932518968435	22.230643536583003
20	22.290251523561942	27.480323838061434	27.97284349794274	22.256581140433887
21	22.143604091455465	27.167530068115287	27.77187377227183	22.916992068157413
22	22.078713812427928	27.104335347389753	28.018809053357867	22.798141786824452
23	22.090735603340473	27.183799919644112	27.8397988345293	22.88566564248611
24	22.153394135885712	26.982777257038965	28.102739655982695	22.761088951092628
25	22.342956027148293	26.99214509208425	27.722554961103995	22.942343919663465
26	21.883851912878146	27.32279587242133	27.936525106614734	22.85682710808579
27	21.866580822249293	27.327673768419825	28.01353871070864	22.79220669862224
28	22.040073823683116	27.18306777398799	27.987984060841953	22.788874341486945
29	21.779226763668575	27.345329937832375	28.137486851660682	22.73795644683837
30	21.95933161032561	27.41008593039237	27.95827248520245	22.672309974079575
31	22.298733915941764	27.42507846201674	27.754549468766616	22.521638153274882
32	21.761002800823963	27.534811839994788	28.095663608014913	22.608521751166332
33	21.859262954462338	27.35267033631773	28.20433792940521	22.583728779814727
34	21.90843008093468	27.084300809346797	28.37074240585396	22.63652670386456
35	21.794252339131166	27.357589956952904	28.185522894191596	22.662634809724334
36	21.94311883654678	27.724241932378245	28.031485378323907	22.301153852751067
37	22.024022101689784	27.490694870720418	27.87067902867132	22.614603998918476
38	21.921534603015576	27.815942691650434	27.876909562769086	22.3856131425649
39	21.976513013237845	27.627810669154567	28.074118843191222	22.321557474416366
40	21.99797790762924	27.406027718840996	28.03835075174105	22.557643621788714
41	22.02899808454535	27.564073604937043	28.05481771567629	22.352110594841314
42	21.928265239423126	27.634653158170142	28.094057120552275	22.343024481854464
43	22.043164293998966	27.414958288243024	27.985723618603192	22.556153799154817
44	21.922457086638943	27.728696938968117	28.02646749517692	22.322378479216017
45	21.983258522506613	27.683966159342972	27.908296438922886	22.42447887922753
46	22.117784600687195	27.72072178733065	27.784178765795524	22.377314846186636
47	21.91592106745367	27.79595162620103	27.96590612535832	22.322221180986983
48	21.854740389636053	27.704305997467003	27.942413162799305	22.498540450097632
49	22.02881398022798	27.57528626652752	28.023221429689038	22.372678323555462
50	21.975398293307276	27.751169579238866	27.934786848161004	22.338645279292855
51	22.053998262964498	27.723705974284645	27.922357840817213	22.299937921933648
52	22.038575635015906	27.681586324918474	27.85495401687838	22.424884023187243
53	21.944885040353864	27.610658315887143	28.015892219707645	22.428564424051352
54	22.074352545971724	27.85937105083786	27.89393571425776	22.172340688932653
55	22.085784509943643	27.638663193371382	27.820732310765315	22.45481998591966
56	22.183668257888606	27.82157526017346	27.726660357929973	22.268096124007965
57	21.955958954131724	27.755386424152178	27.883186523819205	22.40546809789689
58	21.977341144757666	27.571175875248265	27.91569620901414	22.535786770979925
59	21.8664114779403	27.747102115924893	27.961506018174326	22.42498038796048
60	21.99447079702996	27.719968147343632	27.99208786321695	22.29347319240946
61	22.19639817036474	27.73814497944713	27.802324673452972	22.263132176735155
62	22.120174640713117	27.85949219054549	27.773559603939812	22.24677356480158
63	22.10761916410127	27.896690182444615	27.76100301602213	22.234687637431982
64	22.147869835741	27.631194769733963	27.737515775795508	22.483419618729528
65	22.004643457588674	27.730222972690555	27.896683199106732	22.368450370614042
66	22.06583977069892	27.84755150523909	27.712811146158955	22.37379757790304
67	22.096131783562438	27.690678764481998	27.791011217136802	22.422178234818762
68	22.10541384148386	27.954689516478403	27.843645201436274	22.09625144060146
69	22.323856663724847	27.843986651921345	27.75717594164077	22.074980742713038
70	22.39328912897676	27.65287831058477	27.712486370621548	22.24134618981692
71	22.222912339289646	27.95952482748627	27.632518395958733	22.18504443726535
72	22.227043388210184	28.08926375254269	27.83965953810952	21.844033321137612
73	22.889841814338983	28.663336092566023	27.886498007683702	20.560324085411295
74	24.078971753547723	31.01441133281141	28.093685455738765	16.81293145790211
75	29.225508323991278	41.26360765784399	29.51088401816473	0.0
>>END_MODULE
>>Per base GC content	fail
#Base	%GC
1	69.84228311714541
2	43.92984014955132
3	49.2023298415761
4	48.80062094338745
5	30.027255813915627
6	48.21799319225351
7	49.334442654931586
8	45.41654914085067
9	64.21840549927205
10	37.49831088437617
11	53.314848710187235
12	44.27051471626724
13	52.78026905373301
14	51.727269674651644
15	46.80065220213871
16	45.4611224600687
17	43.890791293072596
18	43.67123989634121
19	44.482543585389536
20	44.54683266399583
21	45.06059615961288
22	44.87685559925238
23	44.97640124582659
24	44.91448308697834
25	45.285299946811755
26	44.74067902096394
27	44.658787520871535
28	44.828948165170054
29	44.51718321050695
30	44.63164158440519
31	44.820372069216646
32	44.369524551990295
33	44.442991734277065
34	44.54495678479924
35	44.45688714885551
36	44.24427268929785
37	44.63862610060826
38	44.30714774558048
39	44.298070487654215
40	44.55562152941796
41	44.381108679386664
42	44.27128972127758
43	44.599318093153784
44	44.24483556585496
45	44.40773740173414
46	44.49509944687383
47	44.238142248440646
48	44.353280839733685
49	44.40149230378344
50	44.314043572600134
51	44.353936184898146
52	44.46345965820315
53	44.37344946440522
54	44.24669323490438
55	44.5406044958633
56	44.45176438189657
57	44.36142705202862
58	44.51312791573759
59	44.29139186590078
60	44.28794398943942
61	44.4595303470999
62	44.366948205514696
63	44.342306801533255
64	44.63128945447053
65	44.37309382820271
66	44.439637348601956
67	44.51831001838119
68	44.20166528208532
69	44.398837406437885
70	44.634635318793684
71	44.407956776555
72	44.07107670934779
73	43.450165899750274
74	40.89190321144983
75	29.225508323991278
>>END_MODULE
>>Per sequence GC content	warn
#GC Content	Count
0	10722.0
1	5374.0
2	47.0
3	86.5
4	105.5
5	149.5
6	297.0
7	526.5
8	661.0
9	936.5
10	1612.0
11	2790.0
12	3615.5
13	4795.5
14	7792.0
15	12262.0
16	15712.0
17	22134.5
18	35672.0
19	52247.0
20	63565.5
21	81376.0
22	115209.5
23	152911.0
24	177501.0
25	208416.5
26	261496.0
27	314281.5
28	347924.0
29	387947.5
30	450477.5
31	509522.0
32	547869.0
33	590351.0
34	660476.5
35	725718.5
36	763182.5
37	798683.0
38	836972.5
39	858756.5
40	873168.5
41	875144.0
42	866076.0
43	851179.0
44	842967.5
45	830046.0
46	800058.5
47	767443.0
48	750539.5
49	731527.5
50	697749.5
51	665575.5
52	647544.5
53	635173.0
54	612060.5
55	589105.0
56	576436.0
57	562530.5
58	534094.0
59	495963.5
60	463335.0
61	427231.0
62	380282.5
63	335385.5
64	301057.5
65	272499.5
66	232439.0
67	191120.5
68	163170.0
69	142096.5
70	116054.0
71	90561.5
72	73123.0
73	61320.5
74	48433.5
75	36968.0
76	29612.0
77	24586.5
78	19230.5
79	14606.5
80	11778.0
81	9828.5
82	7623.5
83	5374.5
84	3889.5
85	3126.5
86	2292.0
87	1475.0
88	1115.0
89	924.5
90	629.5
91	423.5
92	344.5
93	297.5
94	216.5
95	157.0
96	131.0
97	106.5
98	69.5
99	138.0
100	221.0
>>END_MODULE
>>Per base N content	pass
#Base	N-Count
1	0.09591189164061405
2	0.05546129796014089
3	0.054530756333047666
4	0.05446973720995958
5	0.054459567356111564
6	0.054459567356111564
7	0.054459567356111564
8	0.054459567356111564
9	0.054459567356111564
10	0.054459567356111564
11	0.054459567356111564
12	0.054459567356111564
13	0.054459567356111564
14	0.05454092618689567
15	0.054459567356111564
16	0.054459567356111564
17	0.05451041662535163
18	0.054459567356111564
19	0.05498331482928425
20	0.054459567356111564
21	0.0547138137023119
22	0.05899023724540152
23	0.055440958252444855
24	0.05694609662195084
25	0.057195258041227166
26	0.06113099148040834
27	0.06002756233789889
28	0.06984655622815579
29	0.06759901852774483
30	0.07066522946292086
31	0.07818075145660273
32	0.07427044265204161
33	0.08577254735414472
34	0.07279581384407967
35	0.0853759230540722
36	0.025905691680441312
37	0.02504125062520419
38	0.03214610971995718
39	0.02356049740865087
40	0.023080710288733573
41	0.031761186056783255
42	0.027716727598420265
43	0.03898182135825217
44	0.03266411214726154
45	0.023985832266232007
46	0.030900665964567815
47	0.029102895569263227
48	0.030667007149473263
49	0.03757441086275603
50	0.05569205300357018
51	0.038794006903454366
52	0.038355522761112607
53	0.04193455832917579
54	0.03462476606661731
55	0.031244943245825503
56	0.03604651036813098
57	0.03600976106242637
58	0.0377530868487502
59	0.04684701083300239
60	0.04707437575137846
61	0.041547415481939125
62	0.03473935043545771
63	0.04304370272814047
64	0.03646403273761696
65	0.03161222834023751
66	0.025991275917220374
67	0.03375724875701959
68	0.025399815205470723
69	0.030154659548382402
70	0.0398718798321184
71	0.06432769385797618
72	0.027535023397602075
73	0.027813299754857527
74	0.029393118823343885
75	0.03355454041167885
>>END_MODULE
>>Sequence Length Distribution	warn
#Length	Count
35	13914.0
36	4471.0
37	6013.0
38	7008.0
39	7781.0
40	8494.0
41	9188.0
42	10218.0
43	11633.0
44	13191.0
45	14606.0
46	15002.0
47	15316.0
48	15851.0
49	16782.0
50	16685.0
51	17166.0
52	18064.0
53	19181.0
54	20662.0
55	21449.0
56	21874.0
57	22601.0
58	22749.0
59	23193.0
60	23324.0
61	23364.0
62	23862.0
63	25325.0
64	27202.0
65	28759.0
66	28106.0
67	30116.0
68	31034.0
69	38382.0
70	51116.0
71	128089.0
72	465285.0
73	1361528.0
74	4195405.0
75	1.2811977E7
>>END_MODULE
>>Sequence Duplication Levels	warn
#Total Duplicate Percentage	36.19520476956638
#Duplication Level	Relative count
1	100.0
2	24.389696782178216
3	10.857827970297029
4	5.75727103960396
5	3.4715346534653464
6	2.2176670792079207
7	1.4549814356435644
8	1.0264542079207921
9	0.7936262376237624
10++	4.733910891089109
>>END_MODULE
>>Overrepresented sequences	pass
>>END_MODULE
>>Kmer Content	warn
#Sequence	Count	Obs/Exp Overall	Obs/Exp Max	Max Obs/Exp Position
AAAAA	7870570	3.8094597	7.645807	71
TTTTT	7128685	3.276597	5.9220705	71
CCTGG	3099860	3.1380515	12.438662	3
CCAGG	2916650	2.9832592	13.861	3
CCCAG	2810755	2.8625944	12.475925	2
CTGGG	2774850	2.8211577	10.974225	4
CCAGC	2629210	2.6777008	7.067142	3
GGAGG	2511650	2.591228	6.016269	6
GCTGG	2504260	2.546052	6.3097754	3
TCCAG	2925855	2.4513113	9.519944	2
CAGCA	2874420	2.4332383	6.7481256	4
CAGCC	2379165	2.4230444	6.1052976	5
TGCTG	2873435	2.3929203	6.380759	2
CTCCA	2820195	2.352637	7.0907526	1
CAGGA	2755695	2.342801	10.48902	4
GGCTG	2300170	2.338556	8.6786	7
AGGAG	2718575	2.3212156	7.493192	5
CTGGA	2706395	2.277229	8.559507	4
GGCAG	2216740	2.2771485	6.501352	7
CTCCT	2757245	2.2764726	6.34949	1
CCTGC	2235925	2.253748	6.4371157	3
TCCTG	2711575	2.2484257	8.881234	2
GCAGG	2181380	2.240825	6.690577	3
GCCTG	2196265	2.223324	8.036968	7
CTGCC	2202460	2.2200162	5.914983	9
CAGAG	2599410	2.2099328	8.1819	4
AGCAG	2598150	2.2088616	5.662906	7
GCTGC	2180695	2.207562	5.7972026	8
CCCTG	2186330	2.2037575	9.218367	2
CTGCT	2657440	2.2035372	6.591805	9
CTGCA	2621530	2.1963446	6.7015786	4
TGCAG	2570605	2.1629722	6.525576	2
CTCTG	2581265	2.1403732	7.467158	2
CAGGG	2073910	2.1304262	9.815042	4
TGGAG	2474635	2.0912051	6.352813	5
AGCTG	2456470	2.066936	6.1199427	7
CTGGC	2034580	2.0596466	5.6192245	4
GCCAG	2012255	2.0582101	5.686601	2
CAGGC	2011400	2.0573356	6.540274	4
GGGAG	1958145	2.020186	5.5532575	7
CCCCA	1983320	2.0112207	7.137315	1
GGAGA	2353595	2.0095828	5.5622954	6
CAGAA	2840475	1.9985864	5.438017	4
CACAG	2347310	1.9870319	7.0874987	7
CTGTG	2348105	1.9554394	9.136606	9
CTCAG	2311780	1.936833	6.2735167	2
CTGAG	2295020	1.931088	6.021125	4
TTCTG	2794295	1.9060665	5.032426	2
CCAGA	2233090	1.890343	7.1105824	3
GGCCA	1842770	1.8848547	6.568124	1
TGGGG	1825670	1.8641467	6.080391	5
CCTCT	2214080	1.8280176	5.45999	1
TCTGG	2181810	1.8169533	6.2319565	3
CACTG	2152025	1.8029885	7.6699915	7
CAGTG	2140050	1.8006922	6.651971	9
TGGCC	1766950	1.7887195	5.9256444	5
ACCTG	2129330	1.7839744	5.499775	7
AGAGG	2089165	1.7838031	5.30534	5
GCCCA	1714805	1.7464315	8.2671175	1
CCTGA	2061055	1.7267729	5.7243857	3
GGCCC	1402775	1.7262241	5.1373544	6
ACAGA	2376200	1.6719179	5.787238	8
GGGCC	1350620	1.6692148	5.7724953	6
GAGAG	1945130	1.660821	5.3736825	7
TCAGG	1966860	1.6549658	5.909665	3
TGGGC	1623725	1.6508225	6.6079183	5
GGCCT	1615480	1.6353834	5.497153	6
AGGCC	1565390	1.6011398	5.315448	5
AGGTG	1893395	1.6000247	5.2980475	7
AGCCT	1906990	1.5976958	5.7914414	6
CCTGT	1926155	1.597159	5.746962	8
AGGCT	1762620	1.4831129	5.14941	6
GCCCT	1456115	1.4677219	6.091292	1
GGGCT	1436875	1.4608543	6.243319	6
CTGTC	1744055	1.4461627	5.942015	9
GACAG	1699260	1.444655	7.1902895	7
ACAGC	1705260	1.4435273	5.519929	8
GCTGT	1730405	1.4410353	5.36105	8
GTGTG	1716140	1.4353224	6.355413	1
ACACA	2044400	1.4322802	6.095403	6
TGTGT	2062430	1.4129113	5.521497	10
CACAC	1674220	1.4111625	6.6236796	5
AGGGC	1348465	1.3852122	6.0162735	5
AGAGC	1627965	1.3840423	5.135454	5
AGACA	1914560	1.3471035	5.607709	6
ACTGC	1509230	1.2644484	5.4678564	8
GGACA	1482530	1.2603981	6.0762506	6
GTCCT	1484775	1.2311687	7.3322744	1
GTGCT	1454105	1.21094	5.6577616	1
AGGAC	1382085	1.1750032	7.712393	5
GTCCA	1393160	1.1672037	6.627705	1
TGTGC	1386230	1.1544155	5.665809	10
AGCAC	1350830	1.1434971	5.5873895	5
TGGAC	1274125	1.072081	5.981127	5
TGCAC	1278280	1.0709561	5.5621495	5
GTGCA	1263630	1.0632503	5.7200723	1
ACAGT	1522505	1.0602345	5.6583624	8
GACTG	1255655	1.0565399	6.4002204	7
ACTGT	1525590	1.0514592	6.4189963	8
GCACT	1229260	1.0298866	5.1474924	6
AGACT	1466380	1.0211506	5.700714	6
GGACC	985625	1.0081344	5.3826594	6
GGACT	1128620	0.9496494	5.4288054	6
GTGTA	912805	0.6318332	5.495577	1
>>END_MODULE
