##FastQC	0.10.1
>>Basic Statistics	pass
#Measure	Value	
Filename	032-F5_S3_L004_R2_001.fastq.gz	
File type	Conventional base calls	
Encoding	Sanger / Illumina 1.9	
Total Sequences	43589240	
Filtered Sequences	0	
Sequence length	35-76	
%GC	45	
>>END_MODULE
>>Per base sequence quality	pass
#Base	Mean	Median	Lower Quartile	Upper Quartile	10th Percentile	90th Percentile
1	31.3650619740101	32.0	32.0	32.0	32.0	32.0
2	31.08789733429626	32.0	32.0	32.0	32.0	32.0
3	31.13737961478567	32.0	32.0	32.0	32.0	32.0
4	31.184755251525377	32.0	32.0	32.0	32.0	32.0
5	31.147525054348275	32.0	32.0	32.0	32.0	32.0
6	34.829401017315284	36.0	36.0	36.0	36.0	36.0
7	34.82151959979114	36.0	36.0	36.0	36.0	36.0
8	34.750493699821334	36.0	36.0	36.0	32.0	36.0
9	34.87542221428958	36.0	36.0	36.0	36.0	36.0
10-14	34.768092799966226	36.0	36.0	36.0	32.8	36.0
15-19	34.67868405138516	36.0	36.0	36.0	32.0	36.0
20-24	34.623103687974364	36.0	36.0	36.0	32.0	36.0
25-29	34.557833933328496	36.0	36.0	36.0	32.0	36.0
30-34	34.488203134535034	36.0	36.0	36.0	32.0	36.0
35-39	34.43622670204872	36.0	36.0	36.0	32.0	36.0
40-44	34.36204304249492	36.0	36.0	36.0	32.0	36.0
45-49	34.2602091253509	36.0	36.0	36.0	32.0	36.0
50-54	34.14569094364126	36.0	36.0	36.0	32.0	36.0
55-59	34.00745164196034	36.0	36.0	36.0	32.0	36.0
60-64	33.861386766581255	36.0	36.0	36.0	32.0	36.0
65-69	33.721557953503485	36.0	36.0	36.0	27.0	36.0
70-74	33.5975290180906	36.0	36.0	36.0	27.0	36.0
75-76	32.9397110868484	36.0	34.0	36.0	20.5	36.0
>>END_MODULE
>>Per sequence quality scores	pass
#Quality	Count
2	25916.0
3	0.0
4	0.0
5	0.0
6	0.0
7	0.0
8	0.0
9	0.0
10	0.0
11	0.0
12	0.0
13	1.0
14	2520.0
15	7622.0
16	13360.0
17	20956.0
18	30160.0
19	40058.0
20	53666.0
21	75730.0
22	107126.0
23	153199.0
24	220694.0
25	311508.0
26	427904.0
27	567712.0
28	731218.0
29	925551.0
30	1173134.0
31	1512601.0
32	2050746.0
33	3149535.0
34	6674650.0
35	2.5313673E7
>>END_MODULE
>>Per base sequence content	fail
#Base	G	A	T	C
1	44.790747085504954	18.166881531119415	11.315068970697038	25.727302412678593
2	17.230018292353265	19.77095032089362	36.13535349238887	26.863677894364248
3	19.987280670899494	21.277014396596204	28.893876188795087	29.841828743709215
4	13.719332699372103	14.581612560925988	36.28378813451839	35.41526660518352
5	15.389336000992799	34.50610904760508	34.88895839936025	15.21559655204188
6	34.46384117641347	35.19455431608475	16.322819056771696	14.018785450730093
7	30.240139618363376	30.08986871617051	20.743341348332372	18.926650317133742
8	26.70203852043954	34.00586714557785	20.269836542543576	19.022257791439035
9	24.83525341030904	15.678186363318316	20.45314242079373	39.033417805578914
10-14	23.740097983830715	23.262622928163864	28.709608199333246	24.28767088867217
15-19	22.26724125056376	28.458753344578803	26.466577745555313	22.807427659302125
20-24	22.34588723456602	27.144775106144714	27.801055035051213	22.70828262423805
25-29	22.1441269570968	27.185029079231754	27.8420028783042	22.828841085367248
30-34	22.135460662800035	27.39675307884394	27.910830419068866	22.556955839287163
35-39	22.143935474466666	27.637955896345122	27.82662660318018	22.391482026008024
40-44	22.160916133090435	27.58766871693125	27.86865666043144	22.38275848954687
45-49	22.167002691201894	27.810842233858708	27.732304219997594	22.289850854941804
50-54	22.260632521242464	27.79343558089295	27.70904199500465	22.236889902859932
55-59	22.213015704016918	27.80541947196229	27.695776566398518	22.285788257622276
60-64	22.32379990456799	27.913171012722092	27.590362410421832	22.172666672288084
65-69	22.292124816152924	27.90409674569115	27.63032484033858	22.173453597817346
70-74	22.572155879415213	28.18499746445513	27.534562506002803	21.708284150126854
75-76	26.605996061643577	35.44916979309981	28.330295602603584	9.61453854265303
>>END_MODULE
>>Per base GC content	fail
#Base	%GC
1	70.51804949818354
2	44.09369618671751
3	49.82910941460871
4	49.13459930455563
5	30.604932553034676
6	48.48262662714356
7	49.16678993549712
8	45.72429631187857
9	63.868671215887964
10-14	48.02776887250288
15-19	45.074668909865885
20-24	45.05416985880407
25-29	44.972968042464046
30-34	44.6924165020872
35-39	44.535417500474686
40-44	44.543674622637305
45-49	44.4568535461437
50-54	44.4975224241024
55-59	44.4988039616392
60-64	44.49646657685607
65-69	44.46557841397027
70-74	44.28044002954207
75-76	36.2205346042966
>>END_MODULE
>>Per sequence GC content	warn
#GC Content	Count
0	25963.0
1	13033.0
2	163.0
3	308.0
4	393.5
5	561.5
6	1029.0
7	1690.0
8	2054.0
9	2551.0
10	4096.0
11	6938.0
12	8773.5
13	10880.5
14	16267.0
15	25527.0
16	40363.0
17	51761.5
18	69896.5
19	105716.0
20	151886.5
21	185444.0
22	233211.0
23	318802.5
24	409555.5
25	469609.5
26	544274.0
27	666482.0
28	785016.5
29	861844.0
30	953851.5
31	1093999.5
32	1221774.0
33	1304255.0
34	1404859.0
35	1546877.0
36	1659961.0
37	1729802.5
38	1792602.0
39	1864570.5
40	1891463.5
41	1880586.0
42	1881177.5
43	1871525.5
44	1827621.0
45	1770591.5
46	1735872.0
47	1693067.0
48	1621791.0
49	1553753.5
50	1510337.5
51	1469346.0
52	1413318.0
53	1370289.0
54	1352112.5
55	1333785.0
56	1299780.5
57	1262349.0
58	1226099.5
59	1165354.0
60	1072893.0
61	963443.0
62	877006.0
63	799381.0
64	697581.5
65	601890.5
66	501867.0
67	430499.5
68	376264.0
69	307475.0
70	242377.5
71	198605.5
72	166428.5
73	131490.0
74	100635.5
75	80748.0
76	67959.5
77	54175.5
78	41281.5
79	33164.0
80	28190.0
81	22558.5
82	16755.0
83	13062.0
84	10772.0
85	8484.5
86	6381.5
87	5038.0
88	4426.5
89	3860.0
90	3352.5
91	3111.0
92	3048.5
93	3100.0
94	3261.5
95	3473.5
96	3593.0
97	3960.5
98	5412.5
99	24311.0
100	42125.0
>>END_MODULE
>>Per base N content	pass
#Base	N-Count
1	0.10262395031434364
2	0.11159175980127206
3	0.08042351736345943
4	0.062320425866567074
5	0.06299261010286024
6	0.06320137722061683
7	0.05945503982175417
8	0.059597276759126794
9	0.06375885424935145
10-14	0.06061082964511426
15-19	0.059605994506901246
20-24	0.06013731829231251
25-29	0.05953349955172423
30-34	0.05962343000245015
35-39	0.011903940746853407
40-44	1.1054301673025723E-5
45-49	1.8505548955937054E-6
50-54	0.0
55-59	1.4721489117068846E-4
60-64	0.0010527043129650387
65-69	0.0016234992641315194
70-74	6.180535065723513E-4
75-76	0.0
>>END_MODULE
>>Sequence Length Distribution	warn
#Length	Count
35	34788.0
36	13383.0
37	18333.0
38	20816.0
39	23641.0
40	25834.0
41	27219.0
42	30939.0
43	34473.0
44	39587.0
45	43071.0
46	44832.0
47	47037.0
48	48898.0
49	51445.0
50	51781.0
51	53631.0
52	56429.0
53	60216.0
54	66136.0
55	67025.0
56	69348.0
57	71180.0
58	71611.0
59	74527.0
60	74031.0
61	74673.0
62	79026.0
63	81716.0
64	88746.0
65	90647.0
66	93950.0
67	92466.0
68	93982.0
69	102166.0
70	111829.0
71	146676.0
72	310160.0
73	1028592.0
74	2906657.0
75	9142892.0
76	2.7924851E7
>>END_MODULE
>>Sequence Duplication Levels	warn
#Total Duplicate Percentage	41.6913682712829
#Duplication Level	Relative count
1	100.0
2	23.28469998136004
3	12.053276396726146
4	7.8474234490705435
5	5.175130903360277
6	3.599206954399878
7	2.678223442292376
8	2.0004066900513444
9	1.503905919034789
10++	11.311914323962517
>>END_MODULE
>>Overrepresented sequences	warn
#Sequence	Count	Percentage	Possible Source
GGGGGGGGGGGGGGGGGGGGGGGGGGGGGGGGGGGGGGGGGGGGGGGGGG	44446	0.10196553094295747	No Hit
>>END_MODULE
>>Kmer Content	warn
#Sequence	Count	Obs/Exp Overall	Obs/Exp Max	Max Obs/Exp Position
AAAAA	19903095	4.3177934	8.481143	72
GGGGG	7431635	3.917154	6.789463	72
TTTTT	16667655	3.504801	6.1079555	72
CCTGG	7029025	3.149962	12.285696	3
CCAGG	6559150	2.9577966	12.4018	3
CCCAG	6429750	2.9308026	11.615309	2
CTGGG	6456060	2.86224	11.273807	4
CCAGC	6039915	2.7531085	6.5948315	3
GGAGG	5897950	2.603025	6.002406	6
GCTGG	5820785	2.5805964	7.1463056	3
CAGCC	5438965	2.479184	5.8051395	9
TCCAG	6392805	2.3987927	8.435702	2
CTCCA	6271600	2.378764	6.4254227	1
GGCTG	5334905	2.3651857	8.347919	7
CAGCA	6182455	2.3343863	6.441478	4
CAGGA	6246690	2.3334038	9.707065	4
CTCCT	6185880	2.3316536	6.218404	1
AGGAG	6215880	2.2970521	7.002599	5
GCCTG	5115840	2.2925942	7.680533	7
TGCTG	6209520	2.2907467	7.350526	2
TCCTG	6107665	2.27754	8.778517	2
CCTGC	5010630	2.2697306	6.333457	3
CTGCC	4995325	2.2627976	5.7957397	9
GGCAG	5046380	2.251277	6.441983	7
CTGGA	6024225	2.2363033	8.456029	4
CTGCA	5943880	2.2303412	6.8292127	4
GCAGG	4942975	2.2051463	6.8118815	3
CCCTG	4813445	2.1804092	8.984893	2
TGCAG	5808745	2.156313	7.018374	2
CAGAG	5768250	2.1546862	7.391486	4
CTCTG	5728755	2.136245	7.405251	2
CTGCT	5716935	2.1318371	6.3822193	9
GCTGC	4695895	2.1044018	5.5602603	8
CAGGC	4648310	2.0961185	6.5056086	4
AGCAG	5588200	2.08743	5.2652307	7
TGGAG	5645625	2.0733366	6.3846784	5
CAGGG	4621225	2.061608	9.143327	4
GGGAG	4661405	2.0572834	5.5118337	7
CCCCA	4461215	2.0554993	6.8474383	1
CTGGC	4581625	2.053193	5.89184	4
GCCAG	4529060	2.0423439	5.469454	2
AGCTG	5480485	2.034457	5.7594037	7
GGAGA	5365420	1.9827683	5.405742	6
CTCAG	5261485	1.9742838	6.1295476	2
CAGAA	6283975	1.9654657	5.3220553	4
CTGAG	5223180	1.9389404	5.8371696	4
CACAG	5086885	1.9207183	6.527863	7
CTGTG	5160630	1.9038019	8.675387	9
TTCTG	6201630	1.9037303	5.19531	2
GGCCA	4198700	1.8933705	6.709504	1
TGGGG	4284040	1.8789718	6.2799034	5
CCAGA	4868355	1.838205	6.474459	3
CCTCT	4849850	1.8280617	5.557427	1
TGGCC	4009585	1.7968411	6.039137	5
TCTGG	4840015	1.7855242	6.3356366	3
CACTG	4742790	1.7796521	7.0773954	7
ACCTG	4679175	1.7557817	5.363675	7
CAGTG	4688110	1.7403128	6.24805	9
GCCCA	3793520	1.7291588	7.222157	1
CCTGA	4580730	1.7188418	5.560796	3
TCAGG	4462010	1.6563803	5.934038	3
ACAGA	5285980	1.6533183	5.518112	8
AGCCT	4398690	1.6505345	5.4338064	6
TGGGC	3703700	1.6420045	6.640324	5
GGCCT	3651625	1.6364263	5.192446	6
GGGCC	3020325	1.62661	5.400883	6
CCTGT	4336650	1.6171306	5.6200533	8
GAGAG	4340045	1.6038454	5.0240808	7
AGGTG	4285795	1.5739436	5.3423843	7
CTTGG	4173760	1.5397369	5.034809	3
CTGTC	3885240	1.4488006	5.874766	9
GCCCT	3167725	1.4349259	5.886623	1
GGGCT	3221755	1.4283382	5.8568625	6
GACAG	3774870	1.4100742	6.6954937	7
GTGTG	3804815	1.3886117	7.274722	1
GCTGT	3763685	1.3884566	5.0167255	8
ACAGC	3669080	1.3853799	5.156146	8
ACACA	4368100	1.381005	5.4429245	6
TGTGT	4486120	1.3623812	5.1844773	10
CACAC	3541040	1.3514946	5.9469295	5
AGGGC	2988825	1.3333663	5.4727354	5
AGACA	4263010	1.3333598	5.183525	6
ACTGC	3408700	1.2790574	5.0703926	8
GGACA	3214670	1.2008157	5.489009	6
GTGCT	3210050	1.1842158	6.285258	1
GTCCT	3106405	1.1583741	6.6436825	1
GTCCA	3029050	1.1366001	6.4151545	1
GTCTT	3678535	1.1292093	5.408154	1
AGCAC	2979630	1.1250559	5.2097006	5
TGTGC	3014770	1.1121751	5.141675	10
TGCAC	2899635	1.0880392	5.597805	5
AGGAC	2900015	1.0832789	6.091211	5
GTGCA	2869515	1.0652168	6.1292677	1
GCACT	2807070	1.0533059	5.095063	6
TGGAC	2791295	1.0361801	5.670204	5
AGACT	3251840	1.0107638	5.254689	6
GACTG	2715825	1.0081643	5.827319	7
ACAGT	3229500	1.0038198	5.1579504	8
ACTGT	3246280	1.0027577	5.9883885	8
GGACT	2502070	0.9288145	5.044744	6
GTGTA	1972450	0.6027598	5.444155	1
>>END_MODULE
