##FastQC	0.10.1
>>Basic Statistics	pass
#Measure	Value	
Filename	005-F5_S2_L003_R2_001_trimmed.fq.gz	
File type	Conventional base calls	
Encoding	Sanger / Illumina 1.9	
Total Sequences	17974264	
Filtered Sequences	0	
Sequence length	20-50	
%GC	45	
>>END_MODULE
>>Per base sequence quality	pass
#Base	Mean	Median	Lower Quartile	Upper Quartile	10th Percentile	90th Percentile
1	34.687203158916546	36.0	36.0	36.0	32.0	36.0
2	34.68591542885984	36.0	36.0	36.0	32.0	36.0
3	34.658916604318264	36.0	36.0	36.0	32.0	36.0
4	34.6499342059291	36.0	36.0	36.0	32.0	36.0
5	34.637473445366105	36.0	36.0	36.0	32.0	36.0
6	34.61660405121456	36.0	36.0	36.0	32.0	36.0
7	34.60980043466592	36.0	36.0	36.0	32.0	36.0
8	34.59456509596165	36.0	36.0	36.0	32.0	36.0
9	34.58348330702164	36.0	36.0	36.0	32.0	36.0
10	34.561605916103154	36.0	36.0	36.0	32.0	36.0
11	34.552406596453686	36.0	36.0	36.0	32.0	36.0
12	34.538630288283294	36.0	36.0	36.0	32.0	36.0
13	34.52840650387687	36.0	36.0	36.0	32.0	36.0
14	34.52868729423358	36.0	36.0	36.0	32.0	36.0
15	34.495220221534524	36.0	36.0	36.0	32.0	36.0
16	34.472803559578296	36.0	36.0	36.0	32.0	36.0
17	34.46685483199757	36.0	36.0	36.0	32.0	36.0
18	34.44965601929514	36.0	36.0	36.0	32.0	36.0
19	34.43821326981733	36.0	36.0	36.0	32.0	36.0
20	34.43571647773728	36.0	36.0	36.0	32.0	36.0
21	34.41514775972233	36.0	36.0	36.0	32.0	36.0
22	34.404586518268125	36.0	36.0	36.0	32.0	36.0
23	34.39165471122389	36.0	36.0	36.0	32.0	36.0
24	34.365543116000396	36.0	36.0	36.0	32.0	36.0
25	34.349845748579476	36.0	36.0	36.0	32.0	36.0
26	34.316719131914276	36.0	36.0	36.0	32.0	36.0
27	34.30077850405071	36.0	36.0	36.0	32.0	36.0
28	34.283531914684374	36.0	36.0	36.0	32.0	36.0
29	34.25654456727849	36.0	36.0	36.0	32.0	36.0
30	34.22980754999746	36.0	36.0	36.0	32.0	36.0
31	34.202909004984896	36.0	36.0	36.0	32.0	36.0
32	34.192472091025884	36.0	36.0	36.0	32.0	36.0
33	34.164274601532846	36.0	36.0	36.0	32.0	36.0
34	34.13996983815631	36.0	36.0	36.0	32.0	36.0
35	34.10890901052876	36.0	36.0	36.0	32.0	36.0
36	34.09935001062372	36.0	36.0	36.0	32.0	36.0
37	34.06230725412237	36.0	36.0	36.0	32.0	36.0
38	34.02200751329617	36.0	36.0	36.0	32.0	36.0
39	33.99717195756346	36.0	36.0	36.0	32.0	36.0
40	33.979049737473595	36.0	36.0	36.0	32.0	36.0
41	33.93971605992491	36.0	36.0	36.0	32.0	36.0
42	33.919205158390604	36.0	36.0	36.0	32.0	36.0
43	33.897163183478355	36.0	36.0	36.0	32.0	36.0
44	33.876203044124885	36.0	36.0	36.0	32.0	36.0
45	33.86680719919333	36.0	36.0	36.0	32.0	36.0
46	33.85788295159222	36.0	36.0	36.0	32.0	36.0
47	33.85813498920194	36.0	36.0	36.0	32.0	36.0
48	33.8739561288972	36.0	36.0	36.0	32.0	36.0
49	33.964000850767334	36.0	36.0	36.0	32.0	36.0
50	34.09109519245107	36.0	36.0	36.0	32.0	36.0
>>END_MODULE
>>Per sequence quality scores	pass
#Quality	Count
2	13.0
3	0.0
4	4.0
5	4.0
6	16.0
7	43.0
8	45.0
9	58.0
10	56.0
11	73.0
12	84.0
13	116.0
14	768.0
15	1754.0
16	3546.0
17	6164.0
18	10090.0
19	15728.0
20	24438.0
21	35566.0
22	50664.0
23	70612.0
24	95950.0
25	130766.0
26	172887.0
27	223522.0
28	285656.0
29	360691.0
30	456347.0
31	587430.0
32	789476.0
33	1172909.0
34	2230593.0
35	8066976.0
36	3181219.0
>>END_MODULE
>>Per base sequence content	pass
#Base	G	A	T	C
1	22.69305568491458	26.65953717622549	27.291688296051785	23.355718842808145
2	22.600461788141295	26.746490061272976	27.55204046563387	23.10100768495186
3	22.561808400537675	26.795894779707762	27.439435136892886	23.202861682861677
4	22.766885113487405	26.48410348385342	27.69398548428722	23.055025918371957
5	22.846090879895595	26.56604385824155	27.314800492917264	23.273064768945588
6	22.36877481017628	26.989805070690366	27.518808773243336	23.122611345890025
7	22.45763315405717	26.965624467256916	27.441576861668626	23.13516551701729
8	22.461781415155944	26.887860547123122	27.428077528620538	23.222280509100393
9	22.400065522777844	26.982364490927637	27.513201370814855	23.104368615479668
10	22.477895516518352	27.00590105746754	27.496531899072647	23.019671526941462
11	23.002818927906052	26.894302583103848	27.17324096589662	22.929637523093483
12	22.31835092167855	27.131864682118355	27.584789007183158	22.964995389019936
13	22.453968647879282	26.961404941801103	27.648718923168776	22.93590748715084
14	22.46635539228451	26.72138450109077	27.83966097666177	22.972599129962955
15	22.396662186610524	27.02156575319333	27.635228653960592	22.94654340623556
16	22.51577880544838	27.314878105302576	27.536753690391834	22.63258939885721
17	22.667147774200693	26.980462286102817	27.240766685844196	23.111623253852294
18	22.513901816710288	27.43111742391259	27.292117339840406	22.762863419536718
19	22.72882756889375	27.120631491893697	27.4620568064067	22.68848413280585
20	22.784309300512252	26.85851839314414	27.481452845677463	22.875719460666144
21	22.77010725112113	26.989853463693116	27.478688706428795	22.761350578756957
22	22.573888164407983	27.22265068134121	27.488282925898215	22.7151782283526
23	22.641028405323784	26.979711969572627	27.40744027040637	22.97181935469722
24	22.470180157264156	27.30711060832939	27.458105810092228	22.76460342431423
25	22.572729730758937	27.256278271895702	27.280300501978676	22.890691495366692
26	22.65414998083842	27.212326809165344	27.232763202425037	22.900760007571204
27	22.671084273809292	27.277573452166514	27.37775927707371	22.673582996950486
28	22.433795668286525	27.307250327706157	27.319653075802385	22.939300928204933
29	22.755253018182557	27.078887247053636	27.331021240981546	22.834838493782264
30	22.563211857976658	27.400582851779493	27.285360964017258	22.75084432622659
31	22.670817940257717	27.294238541939936	27.271068139603464	22.76387537819888
32	22.626820607091886	27.35769567576091	27.195995883340924	22.819487833806278
33	22.521622400956804	27.14195026583012	27.484946712326252	22.85148062088683
34	22.687673969911	27.468400991073132	27.295030926836144	22.548894112179724
35	22.64858603408475	27.1142314353512	27.30478907821791	22.93239345234614
36	22.728694334840842	27.39697283545659	27.141008955560924	22.733323874141647
37	22.55816339302969	27.317576462281316	27.219218562727608	22.905041581961385
38	22.567987791121034	27.236005902344186	27.23378169259342	22.96222461394136
39	22.525041488701895	27.36078957342868	27.25397284250885	22.86019609536057
40	22.587730015730152	27.292528401139155	27.404512474099736	22.715229109030957
41	22.829506876803507	27.249124889397496	27.19561445594832	22.72575377785068
42	22.742642339544208	27.34895481014896	27.261497877535092	22.646904972771743
43	22.68832005898632	27.505826099755982	27.18771842145119	22.61813541980651
44	22.742052432184497	27.210507430267338	27.093641179002283	22.953798958545885
45	22.61891730961398	27.42372894752726	27.24795834487014	22.70939539798862
46	22.64504136622317	27.625394169087443	27.022174149106664	22.707390315582725
47	22.67894732261971	27.38890835592424	27.12187433304883	22.81026998840722
48	22.68527235062045	27.78895036120934	27.306749682256825	22.219027605913386
49	22.886663364376428	27.96810551052077	27.412186077012223	21.73304504809058
50	22.931507103446524	27.715449567687312	27.44978869328606	21.903254635580108
>>END_MODULE
>>Per base GC content	pass
#Base	%GC
1	46.04877452772273
2	45.701469473093155
3	45.76467008339936
4	45.82191103185936
5	46.11915564884118
6	45.491386156066305
7	45.592798671074455
8	45.68406192425633
9	45.50443413825751
10	45.49756704345982
11	45.93245645099953
12	45.283346310698484
13	45.38987613503012
14	45.43895452224746
15	45.34320559284608
16	45.14836820430559
17	45.77877102805299
18	45.27676523624701
19	45.417311701699596
20	45.660028761178395
21	45.53145782987809
22	45.28906639276058
23	45.612847760021005
24	45.234783581578384
25	45.463421226125625
26	45.55490998840962
27	45.34466727075978
28	45.37309659649146
29	45.59009151196482
30	45.314056184203245
31	45.434693318456596
32	45.44630844089816
33	45.37310302184363
34	45.23656808209072
35	45.58097948643089
36	45.462018208982485
37	45.46320497499107
38	45.53021240506239
39	45.385237584062466
40	45.3029591247611
41	45.55526065465419
42	45.38954731231595
43	45.30645547879283
44	45.69585139073038
45	45.328312707602606
46	45.352431681805896
47	45.489217311026934
48	44.90429995653383
49	44.619708412467006
50	44.83476173902663
>>END_MODULE
>>Per sequence GC content	pass
#GC Content	Count
0	5981.0
1	5071.5
2	3955.5
3	4078.5
4	4482.0
5	5113.0
6	5856.5
7	6887.5
8	7953.0
9	9800.5
10	11914.0
11	15469.5
12	19125.0
13	24833.0
14	31524.5
15	41962.0
16	53323.0
17	69866.0
18	87708.0
19	110987.0
20	135281.0
21	164535.5
22	194894.0
23	233050.5
24	273492.5
25	311055.5
26	354715.5
27	405889.0
28	461365.5
29	522366.0
30	584220.0
31	650662.0
32	719909.0
33	790731.0
34	863777.5
35	926621.0
36	983281.0
37	1027377.0
38	1062853.5
39	1089854.5
40	1113766.5
41	1127639.0
42	1139774.0
43	1141619.5
44	1139524.0
45	1127856.5
46	1114279.5
47	1094854.5
48	1074195.0
49	1051688.0
50	1027172.0
51	1004867.0
52	982122.5
53	956609.5
54	929550.0
55	899374.5
56	866823.5
57	828162.0
58	787059.5
59	738828.5
60	688377.5
61	631476.5
62	574274.5
63	523577.5
64	463636.0
65	409537.5
66	358298.0
67	310041.0
68	262149.5
69	219464.5
70	182616.0
71	151210.0
72	123468.5
73	100146.5
74	79267.0
75	64029.0
76	52454.5
77	41584.0
78	31752.5
79	24744.0
80	18559.0
81	13703.5
82	10081.5
83	8015.5
84	6181.5
85	4742.0
86	3599.5
87	2892.0
88	2371.5
89	1965.0
90	1632.0
91	1431.5
92	1296.0
93	1232.0
94	1182.0
95	1189.0
96	1202.0
97	1265.5
98	1764.5
99	6247.0
100	10303.0
>>END_MODULE
>>Per base N content	pass
#Base	N-Count
1	0.005730415442879886
2	0.006047535520786832
3	0.007471794116298726
4	0.015811495814237513
5	0.0070545308558948505
6	0.010014318249693005
7	0.0069432606531204845
8	0.010325874817461231
9	0.010503907141900219
10	0.010526161182455092
11	0.006225567845225818
12	0.010826590729945882
13	0.012651422055445498
14	0.009435713195266298
15	0.011232726970072321
16	0.008784782509036254
17	0.010259112695796612
18	0.008973941853752677
19	0.0060085909498158036
20	0.007933565457812347
21	0.01060609809955219
22	0.011881650939764328
23	0.009325301304568816
24	0.006568963976855275
25	0.01110280007900566
26	0.01426573020448447
27	0.017087669047379368
28	0.017639994779782384
29	0.014729585488503021
30	0.014947925901450233
31	0.0105505592707417
32	0.011651395498656607
33	0.008712260870048042
34	0.008948109288613832
35	0.008765861648227182
36	0.005189201819372254
37	0.008139381407013067
38	0.007769612071631178
39	0.0039031587856259366
40	0.006061831499673147
41	0.005033399952552285
42	0.004145934540169336
43	0.0023595391199167453
44	0.004576487398523078
45	0.0034968468500834694
46	0.0012251297151573413
47	0.002360196248126868
48	7.649127798138175E-4
49	3.2866287734019704E-4
50	5.545283338268635E-4
>>END_MODULE
>>Sequence Length Distribution	warn
#Length	Count
20	31756.0
21	32539.0
22	33871.0
23	34624.0
24	35155.0
25	36461.0
26	37773.0
27	39336.0
28	41200.0
29	43755.0
30	44744.0
31	45835.0
32	47582.0
33	46958.0
34	48456.0
35	49782.0
36	50397.0
37	53103.0
38	55353.0
39	58543.0
40	60909.0
41	65642.0
42	70408.0
43	84951.0
44	124371.0
45	212710.0
46	514802.0
47	1069588.0
48	2124608.0
49	2860713.0
50	9918339.0
>>END_MODULE
>>Sequence Duplication Levels	warn
#Total Duplicate Percentage	31.244124870193463
#Duplication Level	Relative count
1	100.0
2	20.37107291897812
3	8.085008911762811
4	4.186739010615377
5	2.3342376326922114
6	1.4681145000465272
7	1.0586744737049312
8	0.7616157133347172
9	0.5461586365360801
10++	4.349226573516675
>>END_MODULE
>>Overrepresented sequences	pass
>>END_MODULE
>>Kmer Content	warn
#Sequence	Count	Obs/Exp Overall	Obs/Exp Max	Max Obs/Exp Position
AAAAA	4737365	4.042018	4.988824	46
TTTTT	4002885	3.284697	3.9935217	13
>>END_MODULE
