##FastQC	0.10.1
>>Basic Statistics	pass
#Measure	Value	
Filename	005-primary_S6_L002_R2_001.fastq.gz	
File type	Conventional base calls	
Encoding	Sanger / Illumina 1.9	
Total Sequences	30560658	
Filtered Sequences	0	
Sequence length	35-75	
%GC	45	
>>END_MODULE
>>Per base sequence quality	pass
#Base	Mean	Median	Lower Quartile	Upper Quartile	10th Percentile	90th Percentile
1	31.240992356905405	32.0	32.0	32.0	32.0	32.0
2	30.990005090858972	32.0	32.0	32.0	32.0	32.0
3	31.0301257584179	32.0	32.0	32.0	32.0	32.0
4	31.092233059903357	32.0	32.0	32.0	32.0	32.0
5	31.048274647751366	32.0	32.0	32.0	32.0	32.0
6	34.703905819043555	36.0	36.0	36.0	32.0	36.0
7	34.685007665738084	36.0	36.0	36.0	32.0	36.0
8	34.594290050953745	36.0	36.0	36.0	32.0	36.0
9	34.74328523947357	36.0	36.0	36.0	32.0	36.0
10	34.547911239345694	36.0	36.0	36.0	32.0	36.0
11	34.710015275194664	36.0	36.0	36.0	32.0	36.0
12	34.60048497646876	36.0	36.0	36.0	32.0	36.0
13	34.6515044931297	36.0	36.0	36.0	32.0	36.0
14	34.588957312372	36.0	36.0	36.0	32.0	36.0
15	34.54149112234429	36.0	36.0	36.0	32.0	36.0
16	34.54960452749414	36.0	36.0	36.0	32.0	36.0
17	34.53714704048584	36.0	36.0	36.0	32.0	36.0
18	34.52690868108926	36.0	36.0	36.0	32.0	36.0
19	34.51940059667564	36.0	36.0	36.0	32.0	36.0
20	34.50436741250794	36.0	36.0	36.0	32.0	36.0
21	34.47968541776817	36.0	36.0	36.0	32.0	36.0
22	34.47685593026171	36.0	36.0	36.0	32.0	36.0
23	34.4617981720158	36.0	36.0	36.0	32.0	36.0
24	34.450064262359795	36.0	36.0	36.0	32.0	36.0
25	34.4387735696005	36.0	36.0	36.0	32.0	36.0
26	34.42052023225416	36.0	36.0	36.0	32.0	36.0
27	34.40571220685104	36.0	36.0	36.0	32.0	36.0
28	34.404273527094865	36.0	36.0	36.0	32.0	36.0
29	34.38370852486226	36.0	36.0	36.0	32.0	36.0
30	34.36854798741572	36.0	36.0	36.0	32.0	36.0
31	34.35073089722086	36.0	36.0	36.0	32.0	36.0
32	34.34326675819611	36.0	36.0	36.0	32.0	36.0
33	34.329447225907245	36.0	36.0	36.0	32.0	36.0
34	34.319748612742565	36.0	36.0	36.0	32.0	36.0
35	34.29546782009733	36.0	36.0	36.0	32.0	36.0
36	34.37832684929046	36.0	36.0	36.0	32.0	36.0
37	34.35543154635932	36.0	36.0	36.0	32.0	36.0
38	34.34653827720269	36.0	36.0	36.0	32.0	36.0
39	34.3339764451108	36.0	36.0	36.0	32.0	36.0
40	34.33485432259217	36.0	36.0	36.0	32.0	36.0
41	34.31097898933456	36.0	36.0	36.0	32.0	36.0
42	34.29829407294619	36.0	36.0	36.0	32.0	36.0
43	34.27356955143799	36.0	36.0	36.0	32.0	36.0
44	34.2411773515198	36.0	36.0	36.0	32.0	36.0
45	34.23246476313795	36.0	36.0	36.0	32.0	36.0
46	34.21126579958353	36.0	36.0	36.0	32.0	36.0
47	34.18805821702596	36.0	36.0	36.0	32.0	36.0
48	34.163349479356235	36.0	36.0	36.0	32.0	36.0
49	34.14589276600145	36.0	36.0	36.0	32.0	36.0
50	34.10910991174379	36.0	36.0	36.0	32.0	36.0
51	34.076273725447116	36.0	36.0	36.0	32.0	36.0
52	34.043159946258086	36.0	36.0	36.0	32.0	36.0
53	34.03180907125002	36.0	36.0	36.0	32.0	36.0
54	33.99565387155513	36.0	36.0	36.0	32.0	36.0
55	33.96231550714074	36.0	36.0	36.0	32.0	36.0
56	33.94417236747153	36.0	36.0	36.0	32.0	36.0
57	33.907706629317865	36.0	36.0	36.0	32.0	36.0
58	33.896370969986684	36.0	36.0	36.0	32.0	36.0
59	33.85129491647691	36.0	36.0	36.0	32.0	36.0
60	33.82099589769899	36.0	36.0	36.0	32.0	36.0
61	33.79440311421677	36.0	36.0	36.0	32.0	36.0
62	33.76189115827074	36.0	36.0	36.0	27.0	36.0
63	33.74846054012236	36.0	36.0	36.0	27.0	36.0
64	33.71918530189808	36.0	36.0	36.0	27.0	36.0
65	33.677426792623926	36.0	36.0	36.0	27.0	36.0
66	33.65637048331475	36.0	36.0	36.0	27.0	36.0
67	33.6238144442181	36.0	36.0	36.0	27.0	36.0
68	33.6046630297992	36.0	36.0	36.0	27.0	36.0
69	33.58709609764823	36.0	36.0	36.0	27.0	36.0
70	33.55035554294712	36.0	36.0	36.0	27.0	36.0
71	33.4976072010875	36.0	36.0	36.0	27.0	36.0
72	33.459552405455575	36.0	36.0	36.0	27.0	36.0
73	33.43692891605645	36.0	36.0	36.0	27.0	36.0
74	33.348223037526004	36.0	36.0	36.0	27.0	36.0
75	32.13072946365142	36.0	32.0	36.0	14.0	36.0
>>END_MODULE
>>Per sequence quality scores	pass
#Quality	Count
2	88437.0
3	1565.0
4	13225.0
5	4791.0
6	1694.0
7	819.0
8	463.0
9	340.0
10	293.0
11	273.0
12	344.0
13	405.0
14	2894.0
15	7239.0
16	12303.0
17	18549.0
18	26631.0
19	35912.0
20	47327.0
21	63647.0
22	86060.0
23	117919.0
24	163320.0
25	224071.0
26	301682.0
27	394413.0
28	506419.0
29	640203.0
30	808885.0
31	1043153.0
32	1422219.0
33	2195062.0
34	4791519.0
35	1.7538582E7
>>END_MODULE
>>Per base sequence content	fail
#Base	G	A	T	C
1	43.37898584577909	18.31184646370885	12.457642638182817	25.851525052329237
2	16.716599148287585	19.35402420525027	37.06143526921326	26.867941377248883
3	19.614735269518473	21.128816058080172	28.97629325409491	30.28015541830645
4	13.655030251629327	14.815620891445372	36.27668957614968	35.252659280775624
5	15.340823728639794	34.42506750682452	34.97481305133473	15.259295713200963
6	34.19912192327213	35.09123614203932	16.542695634113866	14.166946300574681
7	30.05566426068081	29.887294053429525	20.901754588917033	19.15528709697264
8	26.419133626918807	34.670686218835876	20.223251738424903	18.686928415820415
9	24.84430998759129	16.142700401680692	20.264218923857186	38.748770686870834
10	14.417672604273395	27.712179524712766	34.80800537061969	23.06214250039415
11	34.260885866124156	22.94201012818346	23.614736241897255	19.18236776379513
12	22.160788722539625	24.38232970864117	30.854134891780287	22.602746677038912
13	27.467341088075997	20.847794323015485	26.439389042727807	25.245475546180707
14	20.661008197761266	20.71355117023066	27.40231623269449	31.223124399313583
15	22.869147801000846	29.315903057556497	23.512404850603502	24.302544290839155
16	22.76943540810302	28.89587342585954	25.345268464909743	22.989422701127697
17	21.619032127799866	28.271771468258056	27.5610389963601	22.548157407581986
18	22.053760324438336	28.091314235128717	27.94919904023304	21.90572640019991
19	22.38355677910164	27.559019427720976	27.89546905480627	22.161954738371115
20	22.496757533253884	27.37177664184963	27.837760319512146	22.293705505384338
21	22.458901269594723	27.075027944538405	27.663899000296848	22.802171785570025
22	22.33472691505756	26.88299651723362	27.953295266281536	22.828981301427284
23	22.425470595663615	26.99215622426489	27.671589410909327	22.910783769162165
24	22.47048833669346	26.8599650681053	27.84394174566384	22.8256048495374
25	22.64603662991728	26.832345735790085	27.496421588168786	23.025196046123845
26	22.26511198811129	27.1206521104316	27.66655855445587	22.94767734700124
27	22.25945436297184	27.159092323864943	27.73363243144552	22.8478208817177
28	22.426870888015397	27.04216120413451	27.727559446243077	22.803408461607013
29	22.14500772701568	27.246684215946477	27.91267757805485	22.695630478982995
30	22.380329659020536	27.287597312932732	27.610109898931956	22.72196312911478
31	22.62842099280939	27.35971018120573	27.41294414884618	22.598924677138697
32	22.149040243780487	27.346439070582303	27.78339225080511	22.7211284348321
33	22.309350036608443	27.172519018667035	27.83581072861463	22.68232021610989
34	22.346057366481098	26.881477637710095	27.977780373144785	22.794684622664025
35	22.294752797126822	27.15016506561919	27.77354625263953	22.781535884614456
36	22.475481133122482	27.58816324941918	27.507296092077116	22.429059525381223
37	22.596729700624145	27.300132022787395	27.45930789617929	22.64383038040917
38	22.465168251143133	27.551784511376244	27.479380234680274	22.503667002800356
39	22.43173613478499	27.4456206491973	27.64837413205902	22.474269083958696
40	22.450566424015975	27.243917389168704	27.583105499212042	22.72241068760328
41	22.498986590007995	27.404284990823513	27.56358290912277	22.53314551004572
42	22.462177834750282	27.393436835103007	27.580106641837933	22.564278688308775
43	22.585893963400537	27.172104953419645	27.464811357699553	22.777189725480266
44	22.513151076281652	27.492350560642603	27.52661885042256	22.467879512653184
45	22.549555523857904	27.41882523500055	27.440189451855858	22.591429789285694
46	22.663048596533567	27.596661720631598	27.284866871749653	22.45542281108518
47	22.384239466118352	27.6818452207305	27.504873863016787	22.429041450134363
48	22.392693819573022	27.544797562634503	27.42873173859942	22.633776879193054
49	22.492138228085803	27.46392130396978	27.540807013869152	22.503133454075268
50	22.528706995254762	27.495561811905155	27.477252934555917	22.49847825828417
51	22.621282673446892	27.518355187627	27.3649381883513	22.495423950574803
52	22.588114432313912	27.484937850520662	27.36849654787024	22.558451169295182
53	22.494595549080938	27.523876620419756	27.43997600951471	22.541551820984594
54	22.66537839993897	27.69331849881579	27.325945887536324	22.315357213708918
55	22.64770815496357	27.577014184510666	27.24346137276465	22.531816287761114
56	22.726539520433096	27.721743328838183	27.209426457169368	22.342290693559352
57	22.466090316400688	27.624362413639393	27.411223617321305	22.49832365263861
58	22.474839679817478	27.410106167922066	27.483430198364207	22.631623953896252
59	22.35876703244989	27.617137028835675	27.483802000903975	22.540293937810464
60	22.53844947322426	27.66472995349233	27.38095374995683	22.415866823326574
61	22.723846958410142	27.70010898532172	27.21904126416399	22.357002792104144
62	22.59049455316417	27.85161668285156	27.18867175196369	22.369217012020584
63	22.611308874917473	27.794214531791862	27.234798313081228	22.35967828020944
64	22.635709591704238	27.563617822522733	27.235853578373398	22.56481900739963
65	22.431697871306923	27.651671670566213	27.43696839629692	22.479662061829945
66	22.561824902892067	27.637818216857386	27.22525070670115	22.575106173549397
67	22.54138823280164	27.66865329897913	27.308404247817776	22.481554220401456
68	22.563693987788767	27.926164703841867	27.29730684144632	22.21283446692305
69	22.820018277017677	27.845956417286033	27.158594798229448	22.175430507466842
70	22.811085991097507	27.704440556362048	27.167623960657977	22.31684949188247
71	22.719918451238378	27.897157464619664	27.11236435786073	22.270559726281228
72	22.722834504544473	28.071756916077074	27.333320697784096	21.872087881594354
73	23.33432837233514	28.59465726522017	27.440868845089085	20.630145517355604
74	24.577846875795085	30.992853057871965	27.39681904155872	17.032481024774228
75	29.913171438984953	41.245966992464254	28.840861568550793	0.0
>>END_MODULE
>>Per base GC content	fail
#Base	%GC
1	69.23051089810834
2	43.58454052553647
3	49.89489068782492
4	48.90768953240495
5	30.600119441840757
6	48.36606822384682
7	49.21095135765344
8	45.106062042739225
9	63.59308067446212
10	37.479815104667544
11	53.44325362991928
12	44.763535399578544
13	52.71281663425671
14	51.88413259707485
15	47.17169209184
16	45.758858109230715
17	44.16718953538185
18	43.959486724638246
19	44.54551151747276
20	44.79046303863822
21	45.26107305516474
22	45.163708216484835
23	45.336254364825784
24	45.296093186230856
25	45.67123267604113
26	45.21278933511253
27	45.10727524468954
28	45.230279349622414
29	44.84063820599867
30	45.102292788135316
31	45.227345669948086
32	44.87016867861258
33	44.991670252718336
34	45.14074198914512
35	45.076288681741275
36	44.904540658503706
37	45.240560081033315
38	44.96883525394348
39	44.90600521874369
40	45.17297711161925
41	45.032132100053715
42	45.02645652305906
43	45.3630836888808
44	44.981030588934836
45	45.1409853131436
46	45.11847140761875
47	44.813280916252715
48	45.026470698766076
49	44.995271682161075
50	45.027185253538924
51	45.116706624021695
52	45.1465656016091
53	45.036147370065535
54	44.98073561364789
55	45.179524442724684
56	45.06883021399245
57	44.9644139690393
58	45.10646363371373
59	44.89906097026035
60	44.954316296550836
61	45.08084975051428
62	44.959711565184755
63	44.97098715512691
64	45.20052859910387
65	44.91135993313687
66	45.13693107644146
67	45.02294245320309
68	44.77652845471181
69	44.99544878448452
70	45.12793548297998
71	44.990478177519606
72	44.594922386138826
73	43.964473889690744
74	41.61032790056931
75	29.913171438984953
>>END_MODULE
>>Per sequence GC content	warn
#GC Content	Count
0	89029.0
1	45814.5
2	3876.5
3	5729.5
4	6325.5
5	5944.5
6	5076.0
7	4375.0
8	4151.0
9	4456.0
10	5679.0
11	8075.5
12	9657.5
13	11290.5
14	15000.0
15	20854.0
16	25827.0
17	34139.5
18	51792.0
19	74211.0
20	90060.5
21	114680.5
22	160056.0
23	210997.5
24	246004.0
25	290451.0
26	364093.5
27	438640.0
28	489727.5
29	551293.5
30	644938.0
31	733385.0
32	792953.0
33	861380.5
34	969467.0
35	1067549.5
36	1129565.0
37	1193520.0
38	1265850.0
39	1319711.5
40	1356193.5
41	1376510.5
42	1382055.5
43	1372132.5
44	1367421.5
45	1351979.0
46	1314039.5
47	1271284.0
48	1247580.5
49	1215252.5
50	1160490.0
51	1114879.5
52	1090579.0
53	1072289.0
54	1040254.5
55	1007348.0
56	989338.0
57	968397.0
58	920962.5
59	857101.0
60	799685.5
61	733429.5
62	651635.0
63	571225.5
64	506066.5
65	451481.0
66	380780.5
67	310316.0
68	259967.5
69	221205.5
70	177121.5
71	135132.0
72	106321.5
73	86874.5
74	66645.5
75	49020.5
76	37443.0
77	29596.5
78	21675.5
79	15115.0
80	11222.5
81	8755.0
82	6382.0
83	4637.5
84	3687.5
85	3130.5
86	2629.5
87	2281.0
88	2100.5
89	2041.5
90	1963.0
91	1851.5
92	1813.5
93	1836.0
94	1832.0
95	1908.5
96	2018.5
97	2220.0
98	2958.0
99	13808.5
100	24122.0
>>END_MODULE
>>Per base N content	pass
#Base	N-Count
1	0.4215125210982041
2	0.31692380445473395
3	0.2898236026200745
4	0.2893098702259617
5	0.29097541028076035
6	0.30185868380189984
7	0.3207522560541727
8	0.3376956085173297
9	0.3423551940537406
10	0.35683459433366915
11	0.36506085700118107
12	0.3689023973240367
13	0.3704959494000424
14	0.3704076005169784
15	0.3680810799296272
16	0.38459904888173546
17	0.38098656121867536
18	0.3760848342990521
19	0.37659529451231055
20	0.3803713912180818
21	0.3838955299980779
22	0.3782870120139429
23	0.3950373058067009
24	0.3823445162731771
25	0.3759375861606121
26	0.38277971632678853
27	0.3891244750031233
28	0.3844190789347533
29	0.3886140147898648
30	0.3844976112752546
31	0.39124812037751283
32	0.3974718083622414
33	0.3957997239457344
34	0.398561444586697
35	0.40071126740792035
36	0.10302329411490392
37	0.12621147449067566
38	0.09290831671152423
39	0.11163849895983631
40	0.0932246917151273
41	0.1170415902468781
42	0.09008189103192202
43	0.10072433766454292
44	0.10616448071444486
45	0.10475598644681719
46	0.09789950075998906
47	0.11759543706527392
48	0.11034048342710248
49	0.10122334488385841
50	0.1037349335007943
51	0.1133468342398068
52	0.11719054353010738
53	0.10373499759438803
54	0.0941296531104357
55	0.09580669801220702
56	0.09152887360201907
57	0.10116487096378667
58	0.08367739900768978
59	0.08799647028785978
60	0.09342559541714293
61	0.09491137988772383
62	0.08565030940438083
63	0.08947703171285412
64	0.08076066459797218
65	0.08685338442422688
66	0.09661004718146053
67	0.08390822597656983
68	0.08127673718571356
69	0.08177197903113255
70	0.08382120687399087
71	0.09338862095068197
72	0.09556949906037236
73	0.10752262420551646
74	0.12347250894550739
75	0.2029995995279368
>>END_MODULE
>>Sequence Length Distribution	warn
#Length	Count
35	110263.0
36	32400.0
37	40736.0
38	44533.0
39	47831.0
40	49489.0
41	51759.0
42	54881.0
43	60329.0
44	66333.0
45	71410.0
46	73243.0
47	75091.0
48	75774.0
49	78187.0
50	79272.0
51	80879.0
52	82794.0
53	86504.0
54	91180.0
55	93460.0
56	96332.0
57	97385.0
58	97846.0
59	99355.0
60	98795.0
61	99306.0
62	103472.0
63	106054.0
64	111913.0
65	114641.0
66	113408.0
67	116663.0
68	118586.0
69	129403.0
70	150632.0
71	262511.0
72	755201.0
73	2000929.0
74	6096029.0
75	1.8345849E7
>>END_MODULE
>>Sequence Duplication Levels	warn
#Total Duplicate Percentage	37.65668729551816
#Duplication Level	Relative count
1	100.0
2	22.673421483161697
3	11.041912002971698
4	6.333825981806255
5	4.072648525611134
6	2.7456590292980945
7	1.964007682154797
8	1.396539868960775
9	1.0155935096856796
10++	6.825420661202747
>>END_MODULE
>>Overrepresented sequences	warn
#Sequence	Count	Percentage	Possible Source
NNNNNNNNNNNNNNNNNNNNNNNNNNNNNNNNNNN	88415	0.2893098702259617	No Hit
>>END_MODULE
>>Kmer Content	warn
#Sequence	Count	Obs/Exp Overall	Obs/Exp Max	Max Obs/Exp Position
AAAAA	12383960	4.0724945	8.673511	71
GGGGG	4515220	3.3770092	6.118561	71
TTTTT	9993030	3.1871643	5.5022297	71
CCTGG	4774435	3.080197	11.828368	3
CCAGG	4528370	2.93939	12.068248	3
CCCAG	4354530	2.858728	10.899259	2
CTGGG	4352985	2.7766907	10.274349	4
CCAGC	4053760	2.6612737	6.5510254	3
GGAGG	4014865	2.547732	5.792785	6
GCTGG	3981890	2.539976	6.462236	3
TCCAG	4454165	2.438105	9.191507	2
CAGCA	4385395	2.4152026	6.6628666	4
CAGCC	3651605	2.397261	5.6234884	9
CTCCA	4303325	2.3823552	6.9671826	1
CAGGA	4345750	2.3664281	9.883576	4
TGCTG	4375655	2.3537169	7.1284676	2
CTCCT	4257285	2.3424826	6.6489587	1
GGCTG	3643980	2.3244293	8.091832	7
TCCTG	4250845	2.312611	9.407561	2
AGGAG	4288325	2.3088732	6.9648824	5
CTGGA	4234835	2.2919564	8.7706375	4
CTGCA	4118770	2.2545178	6.8077736	4
CCTGC	3432010	2.2393465	6.305543	3
GGCAG	3461580	2.2216387	6.117486	7
CTGCC	3397780	2.2170122	5.655019	9
TGCAG	4073965	2.2048914	7.048198	2
GCAGG	3427145	2.1995382	6.424853	3
GCCTG	3378250	2.179457	6.828965	7
CTTCT	4722280	2.1664562	5.026548	1
CCCTG	3316530	2.1639974	8.617745	2
CAGAG	3971405	2.1625829	7.1626267	4
CTGCT	3967705	2.158573	6.4199877	9
CTCTG	3954625	2.151457	7.266926	2
AGCAG	3925050	2.137341	5.385739	7
TGGAG	3966900	2.1227794	6.5022235	5
GCTGC	3265480	2.1067045	5.5188737	8
AGCTG	3820635	2.0677853	5.7541246	7
CAGGG	3221385	2.0674818	8.559331	4
CAGGC	3146110	2.0421572	5.8391905	4
CTGGC	3128715	2.0184712	5.2844296	4
CCCCA	3015685	2.0023212	6.458661	1
GGAGA	3711630	1.9983752	5.57036	6
CAGAA	4321530	1.996621	5.4235306	4
GGGAG	3141070	1.9932438	5.296959	7
CACAG	3615890	1.9914072	6.8196373	7
CTCAG	3623415	1.9833721	6.042156	2
CTGTG	3649995	1.9633758	8.522597	9
CTGAG	3597780	1.9471726	5.734426	4
TTCTG	4238245	1.9225073	5.381889	2
CCAGA	3419445	1.8832175	6.553038	3
GGCCA	2881995	1.8707188	5.9417973	1
TGGGG	2932225	1.8493596	5.7053275	5
CCTCT	3349520	1.8430036	5.405751	1
TCTGG	3382360	1.8194118	6.253529	3
CACTG	3300965	1.8068706	7.3142295	7
ACCTG	3276105	1.7932627	5.249411	7
TGGCC	2758585	1.7796842	5.485294	5
CAGTG	3286060	1.7784649	6.33914	9
CCTGA	3189510	1.7458625	5.686002	3
GCCCA	2599730	1.7067102	6.7070174	1
TCAGG	3114655	1.6856983	5.8113923	3
ACAGA	3586825	1.6571748	5.6802006	8
CCTGT	2983070	1.6228963	5.3549967	8
GAGAG	2991710	1.6107639	5.159347	7
TGGGC	2524595	1.6103936	6.157722	5
AGGTG	2985505	1.5976124	5.1937976	7
ACAGC	2620595	1.4432606	5.499233	8
CTGTC	2646310	1.4396871	5.6953673	9
GCTGT	2667010	1.4346163	5.0039024	8
GCCCT	2183720	1.424852	5.5138373	1
ACACA	3028490	1.4151437	5.601332	6
GACAG	2597515	1.414447	6.7864237	7
GGGCT	2210270	1.4098914	5.635356	6
GTGTG	2639445	1.4038074	6.872997	1
CACAC	2467970	1.3746779	5.928263	5
AGACA	2921460	1.3497648	5.286794	6
AGGGC	2078635	1.3340659	5.1993957	5
ACTGC	2328165	1.2743826	5.192658	8
GGACA	2293100	1.2486813	5.813376	6
GTGCT	2250845	1.2107563	6.1094003	1
GTCCT	2185420	1.1889465	6.737974	1
GTCCA	2151670	1.1777735	6.665431	1
AGCAC	2103350	1.1583942	5.325557	5
GTCTT	2517715	1.1420588	5.5089793	1
TGTGC	2112080	1.1361129	5.041535	10
AGGAC	2071530	1.1280279	6.1662903	5
TGCAC	1981195	1.0844595	5.4589133	5
GTGCA	1996560	1.0805684	5.9549127	1
TGGAC	1995480	1.079984	5.9438624	5
ACAGT	2269455	1.0421278	5.4008975	8
ACTGT	2272900	1.0373396	6.1019044	8
GACTG	1915775	1.0368463	5.870229	7
AGACT	2173645	0.99813217	5.0559525	6
GGACT	1743025	0.9433514	5.096384	6
GTGTA	1370735	0.6185544	5.407734	1
>>END_MODULE
