##FastQC	0.10.1
>>Basic Statistics	pass
#Measure	Value	
Filename	KS30_S4_L002_R1_001_trimmed.fq.gz	
File type	Conventional base calls	
Encoding	Sanger / Illumina 1.9	
Total Sequences	24711163	
Filtered Sequences	0	
Sequence length	20-50	
%GC	44	
>>END_MODULE
>>Per base sequence quality	pass
#Base	Mean	Median	Lower Quartile	Upper Quartile	10th Percentile	90th Percentile
1	35.28565992624467	36.0	36.0	36.0	36.0	36.0
2	35.27395092655089	36.0	36.0	36.0	36.0	36.0
3	35.25732908645376	36.0	36.0	36.0	36.0	36.0
4	35.24635833610907	36.0	36.0	36.0	36.0	36.0
5	35.228833665173916	36.0	36.0	36.0	36.0	36.0
6	35.1987615880321	36.0	36.0	36.0	36.0	36.0
7	35.18213145208908	36.0	36.0	36.0	36.0	36.0
8	35.17451635117295	36.0	36.0	36.0	36.0	36.0
9	35.158015428088106	36.0	36.0	36.0	36.0	36.0
10	35.139002118192494	36.0	36.0	36.0	36.0	36.0
11	35.126406434209514	36.0	36.0	36.0	36.0	36.0
12	35.11282811739779	36.0	36.0	36.0	36.0	36.0
13	35.098842697124375	36.0	36.0	36.0	36.0	36.0
14	35.09682559254698	36.0	36.0	36.0	36.0	36.0
15	35.070458480646984	36.0	36.0	36.0	36.0	36.0
16	35.060076856763075	36.0	36.0	36.0	36.0	36.0
17	35.049334545686904	36.0	36.0	36.0	36.0	36.0
18	35.03075589764836	36.0	36.0	36.0	36.0	36.0
19	35.02372903290711	36.0	36.0	36.0	36.0	36.0
20	35.014074772603784	36.0	36.0	36.0	36.0	36.0
21	34.99153866718972	36.0	36.0	36.0	36.0	36.0
22	34.98637995356685	36.0	36.0	36.0	36.0	36.0
23	34.976970959121275	36.0	36.0	36.0	36.0	36.0
24	34.96184540485479	36.0	36.0	36.0	36.0	36.0
25	34.955199916939094	36.0	36.0	36.0	36.0	36.0
26	34.93772303952996	36.0	36.0	36.0	36.0	36.0
27	34.92639242299013	36.0	36.0	36.0	36.0	36.0
28	34.90962333560915	36.0	36.0	36.0	36.0	36.0
29	34.891435973796746	36.0	36.0	36.0	36.0	36.0
30	34.87817204842233	36.0	36.0	36.0	36.0	36.0
31	34.8645527399368	36.0	36.0	36.0	36.0	36.0
32	34.84227151463565	36.0	36.0	36.0	36.0	36.0
33	34.81716394780381	36.0	36.0	36.0	36.0	36.0
34	34.80108287108839	36.0	36.0	36.0	36.0	36.0
35	34.78087515860402	36.0	36.0	36.0	36.0	36.0
36	34.75868143755006	36.0	36.0	36.0	36.0	36.0
37	34.74890467181704	36.0	36.0	36.0	36.0	36.0
38	34.72980070493043	36.0	36.0	36.0	36.0	36.0
39	34.70083994286852	36.0	36.0	36.0	32.0	36.0
40	34.67136192148865	36.0	36.0	36.0	32.0	36.0
41	34.66672333772389	36.0	36.0	36.0	32.0	36.0
42	34.645959770890954	36.0	36.0	36.0	32.0	36.0
43	34.61572487114695	36.0	36.0	36.0	32.0	36.0
44	34.59728338637317	36.0	36.0	36.0	32.0	36.0
45	34.58653059058538	36.0	36.0	36.0	32.0	36.0
46	34.5767077826853	36.0	36.0	36.0	32.0	36.0
47	34.577181997684455	36.0	36.0	36.0	32.0	36.0
48	34.59301828346242	36.0	36.0	36.0	32.0	36.0
49	34.65618383376727	36.0	36.0	36.0	32.0	36.0
50	34.75332048512849	36.0	36.0	36.0	32.0	36.0
>>END_MODULE
>>Per sequence quality scores	pass
#Quality	Count
7	2.0
8	6.0
9	3.0
10	7.0
11	15.0
12	10.0
13	25.0
14	54.0
15	106.0
16	289.0
17	641.0
18	1606.0
19	3700.0
20	7625.0
21	14267.0
22	24247.0
23	39424.0
24	59813.0
25	88641.0
26	130012.0
27	180078.0
28	240885.0
29	317269.0
30	412423.0
31	540759.0
32	742357.0
33	1138782.0
34	2306361.0
35	1.1383778E7
36	7077978.0
>>END_MODULE
>>Per base sequence content	pass
#Base	G	A	T	C
1	22.43689859511706	26.917460324911502	27.479827080124082	23.165813999847355
2	22.298014259942693	26.8313040176093	27.73228191659606	23.13839980585195
3	22.362242050349675	26.913146132673415	27.547615995193077	23.176995821783834
4	22.391519090867522	26.761939911043775	27.81958097254546	23.02696002554325
5	22.602289172477306	26.734579072165506	27.432361596935696	23.230770158421496
6	22.10370031275561	27.053501750741827	27.64729792007242	23.195500016430152
7	22.11957492973122	27.051861305196034	27.750765332385406	23.07779843268733
8	22.31472514664848	26.889016590147087	27.742821356956266	23.053436906248166
9	21.981829273158784	27.095903387521602	27.881581095399312	23.040686243920298
10	22.175244340986627	27.179949435961237	27.702173902398446	22.94263232065369
11	22.543297485361844	27.203241036836832	27.47115278339373	22.782308694407593
12	22.04067939280381	27.267774976426836	27.825170070780203	22.866375559989155
13	22.088469517727347	27.08316612896169	27.947950174574515	22.880414178736444
14	22.137795214727632	26.805569708485965	28.125241549715795	22.931393527070608
15	22.02797122135377	27.081520084380152	27.924042648060578	22.966466046205504
16	22.20215320783612	27.50263667187661	27.737869083474237	22.55734103681304
17	22.323245298572058	27.254550146271324	27.58991950908653	22.832285046070083
18	22.186933918099637	27.569078433742167	27.584275806535295	22.659711841622894
19	22.219238661251957	27.403181467966498	27.797940984093795	22.579638886687754
20	22.173781409123265	27.18446539075116	27.803759545802386	22.83799365432318
21	22.252911527872126	27.32445667209863	27.794165480829953	22.628466319199294
22	22.135474478263557	27.391023459147046	27.844859612733618	22.628642449855782
23	22.273161959281452	27.12430079489093	27.72647281990158	22.876064425926035
24	22.167312648904105	27.48410714726705	27.78238245917769	22.566197744651152
25	22.172692124601998	27.43736710999957	27.70832356755257	22.681617197845863
26	22.333841216125197	27.504266565453676	27.5728873124508	22.589004905970324
27	22.1159048059864	27.582142080010456	27.73402002911588	22.56793308488726
28	22.062317107786075	27.467717993406243	27.736941205818972	22.73302369298871
29	22.231839558812954	27.341197660197974	27.80691361128375	22.620049169705318
30	22.18957461452241	27.491275548703587	27.706410041910818	22.612739794863185
31	22.291658170739716	27.45980218697852	27.678321522561827	22.570218119719936
32	22.256697021984113	27.412168597064117	27.66371231641298	22.66742206453879
33	22.165713573375537	27.391840417725206	27.77724536165645	22.665200647242813
34	22.328448848347556	27.62410401094144	27.663115967357747	22.384331173353257
35	22.303645470533212	27.43092999433548	27.58665900855575	22.67876552657556
36	22.395823516750305	27.60174935994676	27.529842996672844	22.472584126630096
37	22.15637536558141	27.504436628520875	27.692852378925952	22.646335626971762
38	22.142314982974927	27.290374283491264	27.794166837278762	22.773143896255046
39	22.062087851181243	27.493997552011056	27.811412821920374	22.632501774887327
40	22.243606200436226	27.507926196090022	27.743673756842707	22.50479384663105
41	22.391450061755528	27.542058390540813	27.59473724206694	22.471754305636722
42	22.31223881814584	27.672619781696085	27.534464149789635	22.48067725036844
43	22.292258312631912	27.68142153412501	27.589478695393417	22.436841457849667
44	22.334506823401163	27.41685173788564	27.55331388970647	22.695327549006723
45	22.18009493856579	27.50636869428446	27.734883751516715	22.578652615633025
46	22.22773381230948	27.562545241421983	27.58564651945144	22.6240744268171
47	22.194375598822663	27.578339366995387	27.66007714221414	22.567207891967804
48	22.21939751517622	27.975053244691228	27.77883458101939	22.02671465911316
49	22.285115055955	28.274348894613155	27.952095421961467	21.488440627470382
50	21.963326462280925	28.262256333855508	28.102162481023896	21.672254722839675
>>END_MODULE
>>Per base GC content	pass
#Base	%GC
1	45.602712594964416
2	45.436414065794644
3	45.539237872133505
4	45.41847911641077
5	45.8330593308988
6	45.29920032918576
7	45.19737336241855
8	45.36816205289665
9	45.022515517079086
10	45.11787666164032
11	45.32560617976944
12	44.90705495279296
13	44.96888369646379
14	45.069188741798236
15	44.99443726755927
16	44.759494244649154
17	45.155530344642145
18	44.846645759722534
19	44.79887754793971
20	45.01177506344645
21	44.88137784707142
22	44.76411692811934
23	45.149226385207484
24	44.73351039355526
25	44.85430932244786
26	44.92284612209552
27	44.68383789087366
28	44.79534080077478
29	44.85188872851827
30	44.802314409385595
31	44.86187629045965
32	44.92411908652291
33	44.830914220618354
34	44.71278002170081
35	44.98241099710877
36	44.8684076433804
37	44.80271099255317
38	44.91545887922997
39	44.69458962606857
40	44.74840004706727
41	44.86320436739225
42	44.79291606851428
43	44.729099770481575
44	45.02983437240789
45	44.75874755419882
46	44.85180823912658
47	44.76158349079047
48	44.24611217428938
49	43.77355568342538
50	43.6355811851206
>>END_MODULE
>>Per sequence GC content	warn
#GC Content	Count
0	6318.0
1	5993.5
2	4802.5
3	4207.0
4	4588.5
5	5441.0
6	6384.0
7	7956.0
8	9548.0
9	12378.5
10	15503.5
11	21266.0
12	27269.5
13	37204.5
14	48700.0
15	66923.0
16	86273.0
17	113929.5
18	143499.5
19	182364.0
20	221952.5
21	270033.5
22	320033.5
23	380085.5
24	442395.0
25	499865.0
26	565544.5
27	640207.5
28	718252.5
29	799054.5
30	880768.5
31	964325.5
32	1050882.0
33	1135027.0
34	1220863.0
35	1295709.5
36	1365101.5
37	1421401.0
38	1467245.0
39	1493706.0
40	1514428.5
41	1520446.5
42	1523333.0
43	1508195.5
44	1488847.5
45	1455958.5
46	1420668.5
47	1384990.0
48	1349568.5
49	1314453.0
50	1280128.0
51	1249814.5
52	1218277.5
53	1188409.0
54	1159310.5
55	1128280.0
56	1092482.5
57	1050796.0
58	1006073.5
59	947243.5
60	885840.5
61	817649.5
62	748050.5
63	688317.0
64	616651.0
65	547612.0
66	481322.0
67	421032.0
68	360551.5
69	306332.0
70	259025.0
71	218235.0
72	181911.5
73	150465.5
74	121124.5
75	99508.0
76	83234.0
77	67950.5
78	54150.0
79	43890.0
80	35033.0
81	28249.5
82	22687.5
83	18403.0
84	14308.5
85	11268.5
86	8762.5
87	6830.0
88	5405.0
89	4209.0
90	3151.5
91	2520.0
92	1999.5
93	1612.0
94	1271.0
95	1103.5
96	967.0
97	856.5
98	736.5
99	918.0
100	1120.0
>>END_MODULE
>>Per base N content	pass
#Base	N-Count
1	2.630390160106993E-4
2	5.017975074665648E-4
3	5.624988188536492E-4
4	5.382182942988155E-4
5	0.0012625872768513566
6	0.002003143275773787
7	0.0013394756046083303
8	0.002885335667932748
9	0.0026263434060145208
10	0.0028974759302101646
11	0.009226599330836836
12	0.003492348781803592
13	0.013661841816186475
14	0.0037594345519067636
15	0.012067420703752389
16	0.008024713365372565
17	0.009254926609484144
18	0.011917690802330915
19	0.00683496766218571
20	0.007049445629086742
21	0.014503383062940347
22	0.009704311965497725
23	0.01655393625419965
24	0.012959395019214304
25	0.0076223180823011966
26	0.010389097120722569
27	0.009630217961896356
28	0.013564350342454984
29	0.01623044935193347
30	0.03281314857941675
31	0.016870269104331172
32	0.018229711001894997
33	0.020287917654207673
34	0.014290280574201234
35	0.01316304733645099
36	0.015591371954960936
37	0.015198837553254785
38	0.015981467950992537
39	0.025881823139659522
40	0.02554155063414135
41	0.02003043094302969
42	0.013506781705470759
43	0.020023556732128786
44	0.014718533829396845
45	0.012514089942208002
46	0.00538120975214846
47	0.011721727929765578
48	0.007770709406998788
49	0.0071357026196202135
50	0.019440680465740552
>>END_MODULE
>>Sequence Length Distribution	warn
#Length	Count
20	20372.0
21	21345.0
22	22740.0
23	23643.0
24	24247.0
25	24977.0
26	26108.0
27	27574.0
28	29153.0
29	31297.0
30	32118.0
31	33346.0
32	34917.0
33	35101.0
34	36536.0
35	37097.0
36	38214.0
37	40631.0
38	42844.0
39	46575.0
40	48896.0
41	52886.0
42	58722.0
43	74340.0
44	122227.0
45	236115.0
46	642681.0
47	1406977.0
48	2842857.0
49	3808050.0
50	1.4788577E7
>>END_MODULE
>>Sequence Duplication Levels	warn
#Total Duplicate Percentage	38.653063643187295
#Duplication Level	Relative count
1	100.0
2	24.648635595266843
3	11.627626177251871
4	6.632858407791999
5	4.146341463414634
6	2.7489334299283588
7	1.9592690976414715
8	1.4601947999678015
9	1.0891089108910892
10++	6.678741044836191
>>END_MODULE
>>Overrepresented sequences	pass
>>END_MODULE
>>Kmer Content	warn
#Sequence	Count	Obs/Exp Overall	Obs/Exp Max	Max Obs/Exp Position
AAAAA	7206830	4.2699885	5.1957765	46
TTTTT	6565815	3.6334252	4.211166	46
CCTGG	2392575	3.067863	3.798953	9
>>END_MODULE
