##FastQC	0.10.1
>>Basic Statistics	pass
#Measure	Value	
Filename	KS29_S2_L001_R2_001_trimmed.fq.gz	
File type	Conventional base calls	
Encoding	Sanger / Illumina 1.9	
Total Sequences	19783029	
Filtered Sequences	0	
Sequence length	20-50	
%GC	45	
>>END_MODULE
>>Per base sequence quality	pass
#Base	Mean	Median	Lower Quartile	Upper Quartile	10th Percentile	90th Percentile
1	35.01358391578964	36.0	36.0	36.0	36.0	36.0
2	35.009946858997175	36.0	36.0	36.0	36.0	36.0
3	34.99152748550285	36.0	36.0	36.0	36.0	36.0
4	34.98834475751919	36.0	36.0	36.0	36.0	36.0
5	34.969016473665384	36.0	36.0	36.0	36.0	36.0
6	34.96072972445221	36.0	36.0	36.0	36.0	36.0
7	34.94679186892968	36.0	36.0	36.0	36.0	36.0
8	34.94105245460642	36.0	36.0	36.0	36.0	36.0
9	34.92407103078098	36.0	36.0	36.0	36.0	36.0
10	34.904228518292115	36.0	36.0	36.0	36.0	36.0
11	34.89108725463628	36.0	36.0	36.0	36.0	36.0
12	34.882976666515525	36.0	36.0	36.0	36.0	36.0
13	34.86926238646266	36.0	36.0	36.0	36.0	36.0
14	34.862169236065924	36.0	36.0	36.0	36.0	36.0
15	34.843375400197814	36.0	36.0	36.0	36.0	36.0
16	34.826836426312674	36.0	36.0	36.0	36.0	36.0
17	34.81844125083171	36.0	36.0	36.0	36.0	36.0
18	34.80635387027942	36.0	36.0	36.0	36.0	36.0
19	34.79200030490781	36.0	36.0	36.0	36.0	36.0
20	34.78435799694779	36.0	36.0	36.0	36.0	36.0
21	34.769969412803725	36.0	36.0	36.0	36.0	36.0
22	34.75889167623825	36.0	36.0	36.0	36.0	36.0
23	34.74695048034171	36.0	36.0	36.0	36.0	36.0
24	34.73127263332278	36.0	36.0	36.0	36.0	36.0
25	34.712724557582746	36.0	36.0	36.0	32.0	36.0
26	34.70251555880544	36.0	36.0	36.0	32.0	36.0
27	34.68205761386324	36.0	36.0	36.0	32.0	36.0
28	34.66018974087276	36.0	36.0	36.0	32.0	36.0
29	34.65071923979832	36.0	36.0	36.0	32.0	36.0
30	34.62652899664223	36.0	36.0	36.0	32.0	36.0
31	34.60595340646718	36.0	36.0	36.0	32.0	36.0
32	34.59430063561732	36.0	36.0	36.0	32.0	36.0
33	34.563929903698394	36.0	36.0	36.0	32.0	36.0
34	34.53193201586361	36.0	36.0	36.0	32.0	36.0
35	34.50924865286969	36.0	36.0	36.0	32.0	36.0
36	34.49108611966912	36.0	36.0	36.0	32.0	36.0
37	34.47951032288797	36.0	36.0	36.0	32.0	36.0
38	34.46045510648276	36.0	36.0	36.0	32.0	36.0
39	34.4258613769083	36.0	36.0	36.0	32.0	36.0
40	34.41375688966998	36.0	36.0	36.0	32.0	36.0
41	34.37914481657961	36.0	36.0	36.0	32.0	36.0
42	34.36166542284774	36.0	36.0	36.0	32.0	36.0
43	34.34138739438638	36.0	36.0	36.0	32.0	36.0
44	34.32395646048262	36.0	36.0	36.0	32.0	36.0
45	34.2954372591192	36.0	36.0	36.0	32.0	36.0
46	34.29476097102637	36.0	36.0	36.0	32.0	36.0
47	34.30173571372386	36.0	36.0	36.0	32.0	36.0
48	34.316019045320374	36.0	36.0	36.0	32.0	36.0
49	34.38444423086327	36.0	36.0	36.0	32.0	36.0
50	34.516537377888106	36.0	36.0	36.0	32.0	36.0
>>END_MODULE
>>Per sequence quality scores	pass
#Quality	Count
14	692.0
15	1534.0
16	2876.0
17	4808.0
18	7843.0
19	12134.0
20	18478.0
21	27755.0
22	39747.0
23	57222.0
24	79442.0
25	108936.0
26	145075.0
27	188677.0
28	241519.0
29	307137.0
30	386500.0
31	498499.0
32	675771.0
33	1013134.0
34	1977192.0
35	8938803.0
36	5049255.0
>>END_MODULE
>>Per base sequence content	pass
#Base	G	A	T	C
1	22.567626019251147	26.791205734976174	27.472911251355896	23.16825699441678
2	22.433177447194765	26.79329843776704	27.741671914851867	23.031852200186332
3	22.442306484007073	26.8556953538308	27.55372294101171	23.14827522115041
4	22.53351597472763	26.62595803706298	27.86266956389742	22.97785642431197
5	22.70189767198946	26.659522159119316	27.458358373735386	23.180221795155838
6	22.216486666425045	26.99410186377425	27.68819678725639	23.101214682544317
7	22.29775329147018	27.014063417689982	27.66372631814875	23.024456972691087
8	22.389023440242646	26.899788702731016	27.673957309570746	23.0372305474556
9	22.159255794448868	27.093105914165115	27.805261772603174	22.942376518782844
10	22.32695003378906	27.130996977257627	27.68602320706298	22.856029781890328
11	22.712280308541224	27.117677480025936	27.419623152753807	22.750419058679032
12	22.13394116745216	27.23462620410656	27.798776415886568	22.83265621255471
13	22.257506674028534	27.072365915249886	27.893852857416324	22.77627455330526
14	22.27416236411522	26.829238333523143	28.045568754916143	22.85103054744549
15	22.20372825617351	27.06656296161725	27.894413944396483	22.835294837812754
16	22.328476594762105	27.41028181275982	27.75411692516854	22.50712466730954
17	22.46490160834319	27.13220002862049	27.533852374173843	22.869045988862474
18	22.2891145739108	27.518672696683605	27.57195574044804	22.620256988957554
19	22.39160140744878	27.301825215946458	27.767522354640434	22.539051021964333
20	22.394947709979093	27.113749871164828	27.77297652447459	22.71832589438149
21	22.41262517254932	27.230060531995665	27.785531502485366	22.57178279296965
22	22.277294855257466	27.343993404984847	27.815152691193713	22.56355904856398
23	22.417142017960913	27.09736162744735	27.706308405545542	22.779187949046197
24	22.27611756419868	27.430020610177248	27.764076641549007	22.529785184075063
25	22.325077990058677	27.401226123472927	27.634648288683984	22.639047597784412
26	22.452480020997143	27.403324591802754	27.540305765829736	22.603889621370364
27	22.32361315604385	27.50301292216748	27.680123131779837	22.49325079000883
28	22.202364754087515	27.42303232460199	27.671619307605898	22.702983613704593
29	22.445042442671753	27.28978063840714	27.694606126851127	22.570570792069976
30	22.354894648140103	27.45156967154446	27.66056546108074	22.532970219234702
31	22.419622829332983	27.466960254576744	27.6245465812529	22.488870334837372
32	22.400146218824652	27.433739482533625	27.58381316710741	22.58230113153431
33	22.308859019674223	27.333281900396177	27.745148124043347	22.612710955886257
34	22.4428616790075	27.62085460926264	27.598236839220974	22.33804687250888
35	22.427656575165898	27.37701254566521	27.554573004495765	22.640757874673128
36	22.506452074136757	27.570044278269755	27.46331391031554	22.460189737277947
37	22.307586114778648	27.49819274989806	27.580178749251623	22.61404238607167
38	22.331597444374523	27.331516728142525	27.63237939125314	22.704506436229817
39	22.22445189732291	27.485905901637125	27.686964155728155	22.60267804531181
40	22.37236190287176	27.447370574731135	27.702088488113795	22.47817903428331
41	22.567112605724095	27.493633134734374	27.536198205710566	22.403056053830966
42	22.480931359131464	27.57374208576346	27.508772367620367	22.43655418748471
43	22.429007316018964	27.646380446641416	27.509750062034833	22.414862175304783
44	22.509467613295527	27.36932957626757	27.45613084695451	22.66507196348239
45	22.352808264346024	27.505701862110616	27.619281735704444	22.522208137838913
46	22.392065753985907	27.636487063626536	27.43398492409105	22.537462258296507
47	22.390357742410576	27.554462882393015	27.516253577066063	22.538925798130347
48	22.393386024531313	27.935452990974635	27.667012383422616	22.00414860107143
49	22.50184045148813	28.211263259597242	27.784926002552858	21.501970286361775
50	22.328515006823444	28.12431897220452	27.904300700429463	21.642865320542576
>>END_MODULE
>>Per base GC content	pass
#Base	%GC
1	45.73588301366793
2	45.465029647381094
3	45.59058170515748
4	45.5113723990396
5	45.8821194671453
6	45.317701348969365
7	45.322210264161264
8	45.426253987698246
9	45.10163231323171
10	45.18297981567939
11	45.46269936722025
12	44.966597380006874
13	45.03378122733379
14	45.12519291156071
15	45.039023093986266
16	44.83560126207165
17	45.333947597205665
18	44.90937156286836
19	44.93065242941311
20	45.113273604360586
21	44.98440796551897
22	44.84085390382145
23	45.19632996700711
24	44.805902748273745
25	44.96412558784309
26	45.05636964236751
27	44.816863946052685
28	44.90534836779211
29	45.01561323474173
30	44.8878648673748
31	44.90849316417035
32	44.98244735035897
33	44.92156997556048
34	44.78090855151638
35	45.068414449839025
36	44.9666418114147
37	44.92162850085032
38	45.036103880604344
39	44.82712994263472
40	44.85054093715507
41	44.97016865955506
42	44.91748554661618
43	44.84386949132375
44	45.174539576777924
45	44.87501640218494
46	44.92952801228242
47	44.92928354054092
48	44.397534625602745
49	44.0038107378499
50	43.97138032736602
>>END_MODULE
>>Per sequence GC content	warn
#GC Content	Count
0	5825.0
1	5012.5
2	3895.5
3	3875.0
4	4250.0
5	4966.5
6	5757.5
7	6744.0
8	7740.5
9	9653.0
10	11717.0
11	15585.0
12	19634.0
13	26443.5
14	34368.5
15	47020.0
16	60650.5
17	81145.5
18	103143.5
19	132528.5
20	162359.0
21	198612.0
22	236641.0
23	283324.5
24	332070.0
25	377640.0
26	430052.0
27	490222.5
28	553828.5
29	621589.0
30	690601.0
31	761345.5
32	834558.0
33	907049.0
34	980254.0
35	1043298.5
36	1102461.5
37	1148260.5
38	1183995.0
39	1206956.0
40	1226387.5
41	1232944.5
42	1236669.0
43	1227240.0
44	1214094.5
45	1192119.0
46	1168433.5
47	1140328.5
48	1110968.0
49	1081502.5
50	1052496.0
51	1025647.0
52	996996.0
53	967762.5
54	938674.0
55	907963.0
56	874891.5
57	838531.0
58	799644.5
59	748633.0
60	696088.5
61	642160.5
62	586874.0
63	537484.5
64	479225.0
65	424884.0
66	372643.5
67	324865.0
68	277998.5
69	236146.5
70	198859.5
71	166951.5
72	138862.5
73	114687.5
74	92722.0
75	76339.5
76	63880.5
77	52421.5
78	41965.0
79	33990.0
80	27084.5
81	21790.5
82	17361.0
83	14180.0
84	11253.5
85	8879.5
86	6865.5
87	5439.0
88	4390.5
89	3468.5
90	2687.5
91	2255.0
92	1922.0
93	1732.5
94	1547.5
95	1430.0
96	1339.5
97	1382.0
98	2043.5
99	8269.5
100	13882.0
>>END_MODULE
>>Per base N content	pass
#Base	N-Count
1	0.0
2	0.0
3	0.0
4	0.0
5	0.0
6	0.0
7	0.0
8	0.0
9	0.0
10	0.0
11	0.0
12	0.0
13	0.0
14	0.0
15	0.0
16	0.0
17	0.0
18	0.0
19	0.0
20	0.0
21	0.0
22	0.0
23	4.5591961468511E-5
24	0.0
25	0.0
26	0.0
27	0.0
28	0.0
29	0.0
30	0.0
31	0.0
32	0.0
33	0.0
34	0.0
35	0.0
36	0.0
37	0.0
38	0.0
39	0.0
40	0.0
41	0.0
42	0.0
43	0.0
44	0.0
45	0.0
46	0.0
47	0.0
48	0.0
49	0.0
50	0.0
>>END_MODULE
>>Sequence Length Distribution	warn
#Length	Count
20	13319.0
21	14183.0
22	15205.0
23	16086.0
24	16596.0
25	17343.0
26	18365.0
27	19656.0
28	20854.0
29	22893.0
30	23708.0
31	25096.0
32	26198.0
33	26741.0
34	27787.0
35	29052.0
36	29558.0
37	31476.0
38	33826.0
39	36854.0
40	39515.0
41	43603.0
42	48314.0
43	62657.0
44	102288.0
45	198845.0
46	529038.0
47	1141203.0
48	2326245.0
49	3148404.0
50	1.1678121E7
>>END_MODULE
>>Sequence Duplication Levels	warn
#Total Duplicate Percentage	33.53962167310701
#Duplication Level	Relative count
1	100.0
2	21.81884337778834
3	9.42762942941159
4	4.96257462797398
5	3.0118513678082395
6	2.0212671161671665
7	1.277957643983723
8	0.9103870258710309
9	0.6438055068761696
10++	4.439064959752874
>>END_MODULE
>>Overrepresented sequences	pass
>>END_MODULE
>>Kmer Content	warn
#Sequence	Count	Obs/Exp Overall	Obs/Exp Max	Max Obs/Exp Position
AAAAA	5669185	4.2201366	5.3171244	46
TTTTT	4878840	3.4078293	3.8505273	13
>>END_MODULE
