##FastQC	0.10.1
>>Basic Statistics	pass
#Measure	Value	
Filename	030-F0_S1_L002_R1_001.fastq.gz	
File type	Conventional base calls	
Encoding	Sanger / Illumina 1.9	
Total Sequences	17316627	
Filtered Sequences	0	
Sequence length	35-76	
%GC	44	
>>END_MODULE
>>Per base sequence quality	pass
#Base	Mean	Median	Lower Quartile	Upper Quartile	10th Percentile	90th Percentile
1	31.280877274771814	32.0	32.0	32.0	32.0	32.0
2	31.366297662934013	32.0	32.0	32.0	32.0	32.0
3	31.45661155604957	32.0	32.0	32.0	32.0	32.0
4	31.544120283932894	32.0	32.0	32.0	32.0	32.0
5	31.517026323890907	32.0	32.0	32.0	32.0	32.0
6	35.107960978774905	36.0	36.0	36.0	36.0	36.0
7	35.11968092862426	36.0	36.0	36.0	36.0	36.0
8	35.05535356279257	36.0	36.0	36.0	36.0	36.0
9	35.17031827272135	36.0	36.0	36.0	36.0	36.0
10-14	35.10119521544236	36.0	36.0	36.0	36.0	36.0
15-19	35.0605398383877	36.0	36.0	36.0	36.0	36.0
20-24	35.01096363627859	36.0	36.0	36.0	36.0	36.0
25-29	34.88408630618422	36.0	36.0	36.0	36.0	36.0
30-34	34.77419751548613	36.0	36.0	36.0	33.6	36.0
35-39	34.72676644782467	36.0	36.0	36.0	32.0	36.0
40-44	34.660382480121534	36.0	36.0	36.0	32.0	36.0
45-49	34.56272563314373	36.0	36.0	36.0	32.0	36.0
50-54	34.450480012605944	36.0	36.0	36.0	32.0	36.0
55-59	34.316020208836896	36.0	36.0	36.0	32.0	36.0
60-64	34.18272453859434	36.0	36.0	36.0	32.0	36.0
65-69	34.03177820969565	36.0	36.0	36.0	32.0	36.0
70-74	33.8794274315961	36.0	36.0	36.0	32.0	36.0
75-76	33.4150305172444	36.0	36.0	36.0	26.5	36.0
>>END_MODULE
>>Per sequence quality scores	pass
#Quality	Count
2	27565.0
3	0.0
4	0.0
5	0.0
6	0.0
7	0.0
8	0.0
9	0.0
10	0.0
11	0.0
12	0.0
13	0.0
14	0.0
15	0.0
16	0.0
17	13.0
18	149.0
19	1065.0
20	4742.0
21	11865.0
22	21729.0
23	33881.0
24	51123.0
25	78045.0
26	116252.0
27	169324.0
28	234208.0
29	316000.0
30	414263.0
31	543979.0
32	739359.0
33	1129241.0
34	2420861.0
35	1.1002963E7
>>END_MODULE
>>Per base sequence content	fail
#Base	G	A	T	C
1	43.13693825610667	18.71411531753429	11.383214427711579	26.765731998647468
2	15.550502392784523	20.548066748791808	37.56827293464504	26.33315792377863
3	19.260391338755102	22.296698340256977	27.95788458621989	30.48502573476803
4	12.789149579080691	15.92369788482452	36.09475748308381	35.19239505301097
5	14.365955770185797	35.78944305943261	34.5231106233525	15.321490547029098
6	33.82966062589168	35.83002941397284	16.72624576162663	13.61406419850886
7	30.3137093267408	29.507916623816836	20.771595358961637	19.40677869048072
8	25.55862197729408	36.445603584509094	19.886237900008688	18.109536538188134
9	24.748288831401034	15.829563223267984	20.181725301233808	39.24042264409718
10-14	23.74885831934196	23.702812817492607	28.898628474735467	23.64970038842997
15-19	21.672863613773405	29.145329366491307	27.159272387585325	22.022534632149963
20-24	21.865042856927356	27.941377487177444	28.197968630600467	21.995611025294735
25-29	21.227237641770845	28.26789079907711	28.223542691046344	22.281328868105703
30-34	21.388819347602876	28.13957697872157	28.570163665257564	21.90144000841799
35-39	21.277752146445213	28.45208143356975	28.395273849965246	21.874892570019792
40-44	21.6549713890074	28.247585969865675	28.561569817759143	21.53587282336778
45-49	21.55983301512977	28.23170539231136	28.18609391008969	22.022367682469188
50-54	21.268340728514833	28.72087946054038	28.293360441089042	21.717419369855744
55-59	21.50832579641059	28.212121205248575	27.904807654098825	22.374745344242015
60-64	21.642084162908183	28.051885494705587	28.330752165303785	21.975278177082444
65-69	21.990256161455203	28.541973774172114	27.850616814080315	21.617153250292372
70-74	22.281157383851365	28.719533334769714	27.889797107117936	21.10951217426098
75-76	25.49313984008233	35.9016406144807	29.526059815701966	9.079159729735007
>>END_MODULE
>>Per base GC content	fail
#Base	%GC
1	69.90267025475413
2	41.88366031656315
3	49.745417073523136
4	47.98154463209167
5	29.687446317214892
6	47.44372482440053
7	49.72048801722153
8	43.66815851548221
9	63.98871147549821
10-14	47.398558707771926
15-19	43.695398245923364
20-24	43.86065388222209
25-29	43.508566509876545
30-34	43.29025935602087
35-39	43.152644716465005
40-44	43.19084421237518
45-49	43.58220069759896
50-54	42.98576009837058
55-59	43.8830711406526
60-64	43.61736233999063
65-69	43.607409411747575
70-74	43.39066955811235
75-76	34.57229956981734
>>END_MODULE
>>Per sequence GC content	fail
#GC Content	Count
0	27579.0
1	13808.0
2	63.5
3	153.5
4	217.5
5	282.5
6	503.0
7	905.0
8	1156.5
9	1482.5
10	2350.0
11	3560.5
12	4244.0
13	5368.5
14	7960.0
15	11839.0
16	17483.0
17	21758.0
18	28336.5
19	41294.0
20	57719.0
21	69558.5
22	85810.5
23	114664.0
24	145959.0
25	167117.5
26	193997.5
27	238865.5
28	284872.5
29	317331.5
30	359361.0
31	428448.5
32	503525.5
33	558066.0
34	628136.5
35	738951.5
36	833944.0
37	881832.5
38	894981.5
39	879374.0
40	831272.0
41	780983.5
42	760871.0
43	753941.5
44	738631.5
45	722940.5
46	714198.0
47	702310.5
48	679966.0
49	654561.5
50	637169.5
51	617883.5
52	586972.0
53	556663.0
54	537427.5
55	515205.0
56	483196.0
57	450945.5
58	424417.0
59	394569.0
60	353352.0
61	311321.5
62	279163.0
63	248644.0
64	210748.0
65	178113.5
66	146737.0
67	124214.0
68	106464.5
69	85543.5
70	66318.5
71	53662.5
72	45116.0
73	35907.5
74	27798.5
75	22668.5
76	19170.5
77	15416.0
78	11807.0
79	9435.5
80	8099.0
81	6428.0
82	4653.5
83	3516.0
84	2830.0
85	2143.0
86	1463.0
87	1022.5
88	788.5
89	589.0
90	403.0
91	257.5
92	203.0
93	175.5
94	138.5
95	111.5
96	96.5
97	73.0
98	49.0
99	94.0
100	142.0
>>END_MODULE
>>Per base N content	pass
#Base	N-Count
1	0.15918227031164903
2	0.15918227031164903
3	0.15918227031164903
4	0.15918227031164903
5	0.15918227031164903
6	0.15918227031164903
7	0.15918227031164903
8	0.15918227031164903
9	0.15918227031164903
10-14	0.1596257746961923
15-19	0.15924694803439493
20-24	0.16188718507362893
25-29	0.16142058150239075
30-34	0.16132702979627614
35-39	0.03426739374754552
40-44	0.005844087223804766
45-49	0.005157638378078561
50-54	0.007743235629743802
55-59	0.0015768113008072532
60-64	0.004367502936556747
65-69	0.0012586658438644262
70-74	2.8501541500221955E-4
75-76	0.0
>>END_MODULE
>>Sequence Length Distribution	warn
#Length	Count
35	35407.0
36	10865.0
37	14285.0
38	15443.0
39	16600.0
40	17226.0
41	18550.0
42	20089.0
43	22394.0
44	23575.0
45	25738.0
46	25954.0
47	26877.0
48	27257.0
49	28416.0
50	28489.0
51	29630.0
52	31010.0
53	33270.0
54	35291.0
55	36425.0
56	37807.0
57	38497.0
58	38520.0
59	39595.0
60	43448.0
61	42115.0
62	41815.0
63	42910.0
64	47887.0
65	48739.0
66	49682.0
67	59068.0
68	49739.0
69	64278.0
70	58551.0
71	70708.0
72	132498.0
73	392541.0
74	1133055.0
75	3429000.0
76	1.0933383E7
>>END_MODULE
>>Sequence Duplication Levels	warn
#Total Duplicate Percentage	28.105009755482
#Duplication Level	Relative count
1	100.0
2	17.359634377679217
3	6.283627329863432
4	2.8947350655838413
5	1.6262632399700265
6	1.0409704923344878
7	0.7162579068527182
8	0.5056335270807596
9	0.36656743018004334
10++	4.221938689403299
>>END_MODULE
>>Overrepresented sequences	warn
#Sequence	Count	Percentage	Possible Source
NNNNNNNNNNNNNNNNNNNNNNNNNNNNNNNNNNN	27565	0.15918227031164903	No Hit
CTGTAGGACGTGGAATATGGCAAGAAAACTGAAAATCATGGAAAATGAGA	22784	0.13157296741449706	No Hit
>>END_MODULE
>>Kmer Content	warn
#Sequence	Count	Obs/Exp Overall	Obs/Exp Max	Max Obs/Exp Position
AAAAA	7475300	3.6467135	7.753991	71
TTTTT	7322685	3.610146	6.745124	33
CCTGG	2435960	3.0025995	12.561597	3
CCAGG	2400255	2.9523537	13.982994	3
CAGCA	2959565	2.8917878	7.387357	4
GAAAA	4650710	2.856043	8.649447	24
AGAAA	4604000	2.827358	7.9680758	48
TGCTG	2865580	2.8061416	6.960889	2
TTTCT	4451270	2.762286	8.833233	16
TTTTC	4418800	2.7421362	6.811296	24
CCCAG	2134750	2.6310682	11.286556	2
GCTGC	2123830	2.6178637	5.7985945	8
AGCAG	2624695	2.5594306	5.428088	7
CTGGG	2075960	2.5537136	9.952548	4
CTGCT	2598790	2.5500124	6.5898895	9
CCAGC	2053455	2.5308723	6.8675566	3
CCTCC	2027890	2.5096884	5.0637617	1
GGAGG	2044145	2.504232	5.706763	6
GCTGG	1971975	2.4257977	6.0585046	3
TCCAG	2476315	2.4247153	10.079726	2
AAGAA	3926760	2.4114587	5.537157	22
CAGCC	1840595	2.2685237	5.4990606	9
CTGGA	2320125	2.267212	9.021712	4
AGGAG	2323270	2.2609456	7.1779757	5
CTCCT	2283965	2.2456114	6.3269324	1
GAGAA	2884965	2.2302754	8.478078	47
CAGAG	2268890	2.212473	8.1335125	4
GGCAG	1789240	2.19637	6.2276416	7
CTCCA	2221510	2.179602	6.8819246	1
CAGGA	2235015	2.17944	9.625062	4
GGCTG	1768005	2.174887	8.11204	7
CTGCC	1756185	2.1690605	6.001515	9
CCCTG	1746140	2.1566536	8.875309	2
CCTGC	1740180	2.1492925	6.1857033	3
TGGAA	2771155	2.1468172	7.669899	11
TCCTG	2181990	2.1410356	8.495767	2
CCACC	1731205	2.138	6.1106434	28
CTCTG	2173825	2.1330237	7.162996	2
TCCTC	2159840	2.1235712	5.5498405	44
TTCTC	2698490	2.1078308	7.04783	17
GGAAA	2714870	2.0987802	8.206088	40
GCAGG	1702105	2.0894082	6.315077	3
CACAG	2134085	2.0852122	7.981534	7
TTCCA	2663665	2.0762432	5.4528813	2
AAAAT	4236605	2.0711296	6.4283876	72
CAGGG	1680070	2.0623593	9.514848	4
ATTTT	4183640	2.058223	5.425542	22
GCCAG	1647110	2.0259728	5.716351	2
CAGTG	2072225	2.0249658	11.116159	7
GTGTG	2069920	2.0229099	12.29071	9
GCCTG	1638145	2.0192013	7.056946	7
TTCCT	2584475	2.018772	5.011328	43
TTTCC	2583240	2.0178075	5.010726	42
CACAC	2031095	1.988579	8.501097	5
CTGTG	2028955	1.9868699	9.063249	9
CTGGC	1603495	1.9764911	5.363204	4
TGAAA	3206430	1.9732566	6.827889	30
CTGCA	2009400	1.9675294	5.924155	4
CATTT	3164475	1.9596118	7.7313676	14
TGGAG	2000495	1.9509411	5.9931383	5
AGCTG	1980150	1.9349906	5.7380147	7
CCCCA	1564050	1.9315672	6.7469907	1
GGAGA	1984185	1.9309568	5.3867674	6
GGGAG	1576050	1.9307804	5.4267793	7
TGCAG	1975300	1.9302512	5.9146457	2
CTGAA	2482615	1.9271594	7.888184	29
CAGGC	1552680	1.9098225	5.726715	4
GTGGA	1955215	1.9067826	6.1452417	9
TTCAG	2449415	1.9054033	5.4493704	35
ACACA	2428505	1.8849727	7.9148226	6
CAGAA	2432635	1.884382	5.0978394	4
TCCAC	1918780	1.8825829	5.735652	55
CTCAG	1919560	1.8795614	5.878437	2
CACTG	1913320	1.8734515	7.9674544	7
GAGAG	1918030	1.8665767	5.921789	7
CCTCT	1873590	1.8421276	5.322838	1
CTGAG	1877630	1.8348087	5.506065	4
CCAGA	1863385	1.8207115	6.7527633	3
TGGGG	1473405	1.8088447	5.917889	5
AGAGG	1850240	1.8006052	5.153725	5
TGTTT	2892970	1.7916555	5.4606767	72
GGCCA	1442880	1.7747664	6.045393	1
AAATG	2872230	1.7675879	6.9726605	43
TGTGT	2264780	1.7619469	8.370453	10
TCTGG	1791650	1.7544873	5.8755703	3
ACCTG	1785845	1.7486328	6.671887	8
GTCCT	1743505	1.7107806	16.770725	1
TCTCA	2193865	1.7100488	6.4147406	18
TGGCA	1736660	1.6970537	6.8050685	18
TGGCC	1371035	1.6899577	5.3173356	5
AAAAC	2742780	1.6877593	6.658492	25
ACAGA	2178560	1.6875689	6.2860317	8
CCACT	1698730	1.6666839	5.8465137	56
ATTTC	2658290	1.646155	7.8363323	15
GCCCA	1320525	1.6275402	7.3768263	1
TGAGA	2099645	1.6265975	7.7705145	46
CCTGA	1656195	1.6216842	5.1139407	3
CATGG	1636715	1.5993879	6.152175	37
AGGAC	1639055	1.598299	17.781511	5
AGTGG	1634310	1.5938268	7.597219	8
TCAGG	1610010	1.5732919	5.445343	3
CCTGT	1595025	1.5650873	5.49615	8
ATGGC	1599790	1.5633051	11.710035	17
GGCCT	1250180	1.54099	5.0672574	6
ACAGC	1576820	1.5407091	6.068846	8
TGGGC	1244225	1.5305662	6.116805	5
CAAGA	1967555	1.524119	5.664155	21
GGGCC	978200	1.514646	5.154874	6
CTGTC	1515770	1.4873201	6.0652475	9
GCTGT	1514630	1.4832132	5.479599	8
CATCC	1484100	1.4561028	5.2797503	53
GACAG	1486665	1.4496982	7.0024943	7
ATGGA	1854930	1.4370165	5.2322083	38
ACTGA	1842525	1.430282	7.145765	28
TCATT	2287980	1.4168392	5.129975	20
CCCCT	1140260	1.4111699	5.024659	1
GGACA	1441720	1.4058708	7.45609	6
GGGCT	1140230	1.4026383	6.1043277	6
GCCCT	1133520	1.4000082	5.7430005	1
CACTT	1795330	1.3994035	6.910168	57
AATGA	2251150	1.3853713	6.404978	44
TGTGC	1405270	1.3761216	8.915809	10
AGACA	1769930	1.3710338	5.364384	6
CTCAT	1745070	1.3602273	5.9409823	19
ATGAG	1738940	1.3471589	7.4519663	45
AACTG	1727325	1.3408566	7.1071115	27
GCACA	1367985	1.3366567	5.2359524	6
TGTCC	1359680	1.3341597	5.31672	10
AGGGC	1086635	1.3338919	5.7703614	5
AAGTG	1701145	1.3178791	5.5329833	7
GCAAG	1341265	1.3079137	6.434026	20
GGCAA	1312090	1.2794641	6.450035	19
AAACT	2070865	1.2769904	6.0287166	26
GTGCT	1282835	1.2562263	6.0890594	1
AGCAC	1262595	1.2336802	5.9957104	5
GGAAT	1589980	1.2317594	7.000303	12
GTCCA	1252815	1.2267096	7.0255246	1
TACAG	1546820	1.2007375	8.140904	5
CTGTA	1508260	1.1732776	8.362918	1
GTGCA	1199085	1.1717386	7.0897045	11
AAATC	1881575	1.1602654	6.270396	33
TGGAC	1184050	1.1570466	6.1908064	5
AGTGT	1476650	1.1463786	8.27316	8
ACTGC	1161515	1.137312	5.0803137	8
ACAGT	1458060	1.1318364	7.254188	6
AATAT	2258255	1.1063143	6.3702188	14
GGACC	899010	1.1057974	8.715364	6
AATCA	1770595	1.09183	6.09821	34
GTCCC	881535	1.0887821	5.0245295	1
ACACT	1385340	1.0775533	5.32838	6
ACTGT	1382585	1.0755148	6.2328677	8
GACCT	1096010	1.0731721	5.949294	7
TAGGA	1363585	1.056371	11.47275	4
CTACA	1356845	1.055389	9.20233	4
TGCAC	1077285	1.0548372	5.3260336	5
TCCTA	1344965	1.0483581	10.723518	2
TGTAG	1340185	1.0404357	9.662762	2
TATGG	1317740	1.0230108	9.1553545	16
GACTG	1042465	1.0186905	6.0357904	7
ATATG	1585155	0.9775743	7.732864	15
GGACT	947800	0.9261845	5.4855227	6
GTAGG	936060	0.912873	9.854013	3
CCTAC	918120	0.90079993	8.975091	3
GAATA	1440565	0.8865325	5.6697564	13
TGGCG	675535	0.83100015	6.999124	18
CGTGG	647525	0.79654396	5.337817	9
GTGTA	1001125	0.7772108	6.009314	1
GGACG	627095	0.7697865	9.925614	6
ACGTG	767165	0.749669	7.425557	8
TACAC	963405	0.7493613	5.5533466	5
GCGAG	601115	0.73789483	6.9628844	20
GGCGA	577670	0.709115	7.0127916	19
GACGT	573315	0.56024	7.233754	7
>>END_MODULE
