##FastQC	0.10.1
>>Basic Statistics	pass
#Measure	Value	
Filename	018-F0_S3_L004_R2_001.fastq.gz	
File type	Conventional base calls	
Encoding	Sanger / Illumina 1.9	
Total Sequences	18888104	
Filtered Sequences	0	
Sequence length	35-75	
%GC	45	
>>END_MODULE
>>Per base sequence quality	pass
#Base	Mean	Median	Lower Quartile	Upper Quartile	10th Percentile	90th Percentile
1	31.541532225786135	32.0	32.0	32.0	32.0	32.0
2	31.300985477420074	32.0	32.0	32.0	32.0	32.0
3	31.327679316039344	32.0	32.0	32.0	32.0	32.0
4	31.367943759733638	32.0	32.0	32.0	32.0	32.0
5	31.32978137985687	32.0	32.0	32.0	32.0	32.0
6	35.08045836681119	36.0	36.0	36.0	36.0	36.0
7	35.068213622711944	36.0	36.0	36.0	36.0	36.0
8	35.01746607282552	36.0	36.0	36.0	36.0	36.0
9	35.1131968566035	36.0	36.0	36.0	36.0	36.0
10	34.959025215024226	36.0	36.0	36.0	36.0	36.0
11	35.09328400563656	36.0	36.0	36.0	36.0	36.0
12	34.9957993666278	36.0	36.0	36.0	36.0	36.0
13	35.03807152904283	36.0	36.0	36.0	36.0	36.0
14	34.98072993456622	36.0	36.0	36.0	36.0	36.0
15	34.946245054559206	36.0	36.0	36.0	36.0	36.0
16	34.955466202430905	36.0	36.0	36.0	36.0	36.0
17	34.9401976503306	36.0	36.0	36.0	36.0	36.0
18	34.93106841216037	36.0	36.0	36.0	36.0	36.0
19	34.92759834443944	36.0	36.0	36.0	36.0	36.0
20	34.916197941307395	36.0	36.0	36.0	36.0	36.0
21	34.9033582195439	36.0	36.0	36.0	36.0	36.0
22	34.895310032176866	36.0	36.0	36.0	36.0	36.0
23	34.87892474543766	36.0	36.0	36.0	36.0	36.0
24	34.87134568932911	36.0	36.0	36.0	36.0	36.0
25	34.85391964169617	36.0	36.0	36.0	36.0	36.0
26	34.83717942256142	36.0	36.0	36.0	36.0	36.0
27	34.820043398744524	36.0	36.0	36.0	36.0	36.0
28	34.81655104186211	36.0	36.0	36.0	36.0	36.0
29	34.797961510588884	36.0	36.0	36.0	36.0	36.0
30	34.77666487859236	36.0	36.0	36.0	36.0	36.0
31	34.77052392341762	36.0	36.0	36.0	36.0	36.0
32	34.75140697022846	36.0	36.0	36.0	36.0	36.0
33	34.74146356881559	36.0	36.0	36.0	36.0	36.0
34	34.731037376753115	36.0	36.0	36.0	36.0	36.0
35	34.72251328137541	36.0	36.0	36.0	36.0	36.0
36	34.721848229754066	36.0	36.0	36.0	36.0	36.0
37	34.711030470109655	36.0	36.0	36.0	36.0	36.0
38	34.69808909249823	36.0	36.0	36.0	36.0	36.0
39	34.680071486291666	36.0	36.0	36.0	36.0	36.0
40	34.67652478526859	36.0	36.0	36.0	36.0	36.0
41	34.6577323988407	36.0	36.0	36.0	36.0	36.0
42	34.645549694732715	36.0	36.0	36.0	36.0	36.0
43	34.63885166456063	36.0	36.0	36.0	36.0	36.0
44	34.620867857330104	36.0	36.0	36.0	32.0	36.0
45	34.604840439975064	36.0	36.0	36.0	32.0	36.0
46	34.58364983727213	36.0	36.0	36.0	32.0	36.0
47	34.57766568723578	36.0	36.0	36.0	32.0	36.0
48	34.5559662098404	36.0	36.0	36.0	32.0	36.0
49	34.548507461294726	36.0	36.0	36.0	32.0	36.0
50	34.52361218784329	36.0	36.0	36.0	32.0	36.0
51	34.50506519128816	36.0	36.0	36.0	32.0	36.0
52	34.490435483130916	36.0	36.0	36.0	32.0	36.0
53	34.465724420275016	36.0	36.0	36.0	32.0	36.0
54	34.44585625455816	36.0	36.0	36.0	32.0	36.0
55	34.42325847071596	36.0	36.0	36.0	32.0	36.0
56	34.40052645614211	36.0	36.0	36.0	32.0	36.0
57	34.38829569983136	36.0	36.0	36.0	32.0	36.0
58	34.37060252401236	36.0	36.0	36.0	32.0	36.0
59	34.35297318968642	36.0	36.0	36.0	32.0	36.0
60	34.33491827661453	36.0	36.0	36.0	32.0	36.0
61	34.306765795728055	36.0	36.0	36.0	32.0	36.0
62	34.27712171480802	36.0	36.0	36.0	32.0	36.0
63	34.260476684742414	36.0	36.0	36.0	32.0	36.0
64	34.22727862366253	36.0	36.0	36.0	32.0	36.0
65	34.21188688463324	36.0	36.0	36.0	32.0	36.0
66	34.17826561729615	36.0	36.0	36.0	32.0	36.0
67	34.155248193182565	36.0	36.0	36.0	32.0	36.0
68	34.119040943064775	36.0	36.0	36.0	32.0	36.0
69	34.11038803313252	36.0	36.0	36.0	32.0	36.0
70	34.10162638487736	36.0	36.0	36.0	32.0	36.0
71	34.067814698876155	36.0	36.0	36.0	32.0	36.0
72	34.04516419372008	36.0	36.0	36.0	32.0	36.0
73	34.00691814957102	36.0	36.0	36.0	32.0	36.0
74	33.94163531658031	36.0	36.0	36.0	32.0	36.0
75	32.93939452483217	36.0	36.0	36.0	14.0	36.0
>>END_MODULE
>>Per sequence quality scores	pass
#Quality	Count
2	13745.0
3	1386.0
4	1685.0
5	316.0
6	144.0
7	149.0
8	132.0
9	116.0
10	144.0
11	190.0
12	228.0
13	303.0
14	1482.0
15	3395.0
16	5933.0
17	9470.0
18	13877.0
19	18912.0
20	25498.0
21	34588.0
22	46897.0
23	63483.0
24	86157.0
25	115600.0
26	152048.0
27	193795.0
28	242620.0
29	301276.0
30	377075.0
31	479411.0
32	652242.0
33	1003065.0
34	2216826.0
35	1.2825916E7
>>END_MODULE
>>Per base sequence content	fail
#Base	G	A	T	C
1	45.622530879896914	17.679694719262105	10.672851123714574	26.024923277126412
2	16.999089829152076	19.42513467238009	36.33894069296658	27.236834805501253
3	19.959396872209183	20.84293716655908	28.68318836808021	30.51447759315153
4	13.69225940387308	14.308580492096809	36.05753615892027	35.94162394510984
5	15.185407959185165	34.41065285486706	35.1617627126978	15.242176473249971
6	34.83738255736622	34.74974087682693	16.342306785198772	14.070569780608075
7	30.6675462578945	29.581741441194577	20.588141935246604	19.162570365664315
8	26.753085794313165	33.878265464688376	20.198198601130603	19.17045013986786
9	24.722495159463474	15.16717166091476	20.65571318969233	39.454619989929434
10	14.611222672590014	26.43560650946214	35.042451539297566	23.910719278650284
11	34.22799198126276	22.916766915014062	23.796723060822465	19.05851804290071
12	22.118230422858375	24.251881200627626	31.360687072254468	22.269201304259532
13	27.921949457446786	20.518962930560576	26.215523925777706	25.34356368621493
14	20.41101338133803	20.666820921049172	27.38447562130669	31.537690076306102
15	22.76933973083516	29.52595554451336	23.35253339969957	24.35217132495191
16	22.80806003373779	28.45233184674295	25.695439748994843	23.044168370524414
17	21.70543317638907	28.192618682152602	27.57058477208033	22.531363369377992
18	22.127167269786884	27.726796530916165	28.176837862215965	21.969198337080982
19	22.67224868679835	27.16287866160411	27.671750759041707	22.493121892555827
20	22.587946597574028	27.13326455232643	27.863176356505026	22.415612493594512
21	22.297567897358032	26.839003204911638	27.615023735424543	23.248405162305787
22	22.375769315118614	26.824390995190583	27.849141045618797	22.950698644072002
23	22.250851684697466	26.95879000405875	27.795359080274867	22.99499923096892
24	22.501254577704824	26.59336403252781	28.07255473676551	22.832826653001852
25	22.585349295145395	26.690552677345146	27.617681795621714	23.106416231887746
26	22.084762588865768	27.09083559435768	27.83185515438027	22.99254666239628
27	22.1406106176684	27.122205738307002	27.798615729195593	22.93856791482901
28	22.271656990848573	26.926368263563976	27.707247406189488	23.094727339397963
29	22.087181479500785	27.065755531657665	27.89311247867343	22.953950510168116
30	22.133756594598267	27.146213072714183	27.799045308975035	22.920985023712518
31	22.692763019782035	27.047271430999565	27.52210519386793	22.737860355350467
32	21.994976538613255	27.334045872778585	27.919482159387766	22.751495429220395
33	22.11609288915154	27.171004338113118	28.06979671554221	22.643106057193133
34	22.199398335564666	26.856298025298315	28.192579259961224	22.751724379175798
35	22.036892012560642	27.197603708832563	28.055757781077457	22.70974649752934
36	22.177038943173493	27.472297677874174	27.967818946296674	22.38284443265566
37	22.315477908500448	27.123415116943146	27.607429129719552	22.953677844836857
38	22.228484877120188	27.593188543509566	27.586798620434166	22.591527958936076
39	22.360505327980068	27.34497745344555	27.813985674509357	22.480531544065023
40	22.473382218715592	27.018044921835514	27.771500148655555	22.73707271079334
41	22.38803704419081	27.27182928449451	27.849278663327194	22.490855007987488
42	22.192716111830137	27.51420751871459	27.885488562035455	22.407587807419823
43	22.31109553437812	27.26232230568275	27.768622197655464	22.657959962283673
44	22.150700794081477	27.622698552654327	27.78266383434229	22.443936818921905
45	22.229466198528907	27.52621310902707	27.685834047184926	22.558486645259094
46	22.349879385578763	27.444337186703336	27.55801466949691	22.64776875822099
47	22.370461345826904	27.484066947170383	27.692190162246565	22.453281544756155
48	22.13115509476986	27.51469611602134	27.65696823067089	22.697180558537905
49	22.480227927469695	27.289743621046647	27.651111422565123	22.57891702891854
50	22.27411005233949	27.662941815352966	27.58527635262457	22.47767177968298
51	22.301490514796622	27.600316724315764	27.656959308806687	22.441233452080926
52	22.34042945449153	27.587314353046168	27.517107507905486	22.55514868455682
53	22.18444494563768	27.417554797537928	27.832062519678324	22.565937737146065
54	22.338755545444204	27.78958694386639	27.64196537903069	22.229692131658716
55	22.348294948134374	27.376135837285442	27.577560015634294	22.69800919894589
56	22.422706000537335	27.690749661268942	27.405862105605138	22.480682232588585
57	22.295924731159126	27.626887733386184	27.496637290962617	22.580550244492077
58	22.325829155884854	27.491800088798772	27.4370318847809	22.74533887053547
59	22.231904932373627	27.608304339018968	27.521972570585717	22.637818158021688
60	22.25155261597836	27.593123820565236	27.711214128506352	22.444109434950054
61	22.54493636812061	27.51631064094557	27.493700095691537	22.445052895242284
62	22.45032436791729	27.682584610324984	27.51493784337025	22.35215317838747
63	22.428851274575916	27.820338710569082	27.410882138064895	22.33992787679011
64	22.465739817324884	27.500016113263186	27.337339857859895	22.696904211552035
65	22.330563387256404	27.711583249628557	27.501682638237906	22.456170724877136
66	22.37901340901726	27.931026146863875	27.2924823726032	22.397478071515664
67	22.506310857416953	27.57270680123155	27.323939646461405	22.597042694890092
68	22.4618174608512	27.913122032074174	27.481634788071823	22.143425719002803
69	22.73088353302496	27.7365794544046	27.399830315207435	22.13270669736301
70	22.861276463214043	27.51560340146957	27.26225451183665	22.360865623479732
71	22.575321488705523	27.948801042275157	27.217509643207098	22.258367825812222
72	22.558366243489004	28.074323051457846	27.450340312536635	21.916970392516514
73	23.308864690247404	28.672254415253416	27.415532348263227	20.603348546235953
74	24.385157294991952	31.090876668942695	27.693852900870887	16.830113135194473
75	29.61089846217022	41.40763275055034	28.98146878727944	0.0
>>END_MODULE
>>Per base GC content	fail
#Base	%GC
1	71.64745415702333
2	44.23592463465333
3	50.473874465360716
4	49.63388334898292
5	30.427584432435133
6	48.9079523379743
7	49.830116623558816
8	45.923535934181025
9	64.1771151493929
10	38.521941951240294
11	53.28651002416347
12	44.38743172711791
13	53.265513143661714
14	51.94870345764413
15	47.12151105578707
16	45.8522284042622
17	44.23679654576706
18	44.09636560686787
19	45.16537057935418
20	45.00355909116854
21	45.54597305966382
22	45.32646795919062
23	45.24585091566639
24	45.33408123070668
25	45.69176552703314
26	45.07730925126205
27	45.07917853249741
28	45.36638433024653
29	45.041131989668905
30	45.054741618310786
31	45.430623375132505
32	44.74647196783365
33	44.75919894634467
34	44.95112271474046
35	44.74663851008998
36	44.55988337582915
37	45.2691557533373
38	44.820012836056264
39	44.841036872045095
40	45.210454929508934
41	44.8788920521783
42	44.60030391924995
43	44.96905549666179
44	44.59463761300338
45	44.787952843788005
46	44.99764814379976
47	44.823742890583055
48	44.82833565330777
49	45.05914495638824
50	44.751781832022466
51	44.74272396687755
52	44.89557813904835
53	44.750382682783744
54	44.56844767710292
55	45.046304147080264
56	44.903388233125916
57	44.8764749756512
58	45.071168026420324
59	44.86972309039531
60	44.69566205092841
61	44.989989263362894
62	44.802477546304765
63	44.768779151366026
64	45.16264402887692
65	44.786734112133544
66	44.776491480532925
67	45.10335355230705
68	44.60524317985401
69	44.86359023038797
70	45.22214208669378
71	44.83368931451774
72	44.47533663600552
73	43.91221323648335
74	41.21527043018642
75	29.61089846217022
>>END_MODULE
>>Per sequence GC content	warn
#GC Content	Count
0	13806.0
1	7340.0
2	1049.5
3	1146.5
4	1068.5
5	940.5
6	837.5
7	984.0
8	1115.0
9	1309.5
10	1944.0
11	3006.0
12	3638.0
13	4442.0
14	6187.0
15	8979.0
16	11424.5
17	15878.0
18	25637.0
19	38689.5
20	48013.0
21	62874.0
22	90927.5
23	122838.0
24	144156.0
25	170908.0
26	216618.5
27	263725.0
28	295008.5
29	331763.0
30	391396.5
31	450937.0
32	490615.5
33	535354.5
34	611249.5
35	684353.5
36	725485.0
37	764039.5
38	805332.5
39	827470.0
40	841954.5
41	844688.5
42	838828.5
43	830439.0
44	827997.0
45	817977.5
46	793801.0
47	768148.0
48	755024.5
49	738274.5
50	705553.5
51	672582.5
52	653214.5
53	639200.5
54	614154.0
55	586875.0
56	570543.5
57	554381.0
58	522473.5
59	482435.5
60	449595.0
61	415791.5
62	370723.0
63	324365.5
64	288791.5
65	259640.0
66	221053.5
67	181991.5
68	154512.5
69	134123.5
70	109099.0
71	84778.0
72	68852.5
73	58389.5
74	46652.0
75	36177.5
76	29645.0
77	24952.0
78	19629.0
79	15110.5
80	12222.0
81	10297.0
82	8205.0
83	5967.0
84	4477.5
85	3695.0
86	2770.5
87	2044.0
88	1807.5
89	1669.0
90	1463.0
91	1297.5
92	1233.5
93	1195.0
94	1127.0
95	1175.5
96	1258.5
97	1329.0
98	1708.5
99	7119.0
100	12220.0
>>END_MODULE
>>Per base N content	pass
#Base	N-Count
1	0.07933035523311392
2	0.08377230451505349
3	0.07251124834975496
4	0.07591021311614972
5	0.07923505715555146
6	0.08367700643749103
7	0.09115261118850256
8	0.09231207113217929
9	0.09139085638240874
10	0.09841114809617736
11	0.09688637885517784
12	0.09656871859663628
13	0.10003650975238172
14	0.09974532118205194
15	0.10097360751507933
16	0.104017851659436
17	0.10163539972037425
18	0.10502377581148431
19	0.10538379077116476
20	0.10336135379178345
21	0.0986282159395141
22	0.10428786287919635
23	0.10697738640151494
24	0.10167775442151315
25	0.10228130891274212
26	0.10684502796045596
27	0.10881452156341366
28	0.1018789392519228
29	0.11009045693522229
30	0.1059396962236125
31	0.10602969996353259
32	0.10292721810510996
33	0.10829038213682007
34	0.10823743876039649
35	0.10736916738704953
36	0.038394220795488404
37	0.04237494726979423
38	0.04093177512712465
39	0.04311085512881058
40	0.04970047653268771
41	0.04506968903983683
42	0.048037104961684694
43	0.04359135646584856
44	0.04572596368344948
45	0.048316493601213595
46	0.034470655803960776
47	0.045129595532186005
48	0.038924829126123744
49	0.04378104298956316
50	0.043889964924825234
51	0.04668376607926708
52	0.0435970807155455
53	0.043419866743456
54	0.04352825537575292
55	0.0374643365759578
56	0.04513660699456034
57	0.04360719582598899
58	0.04135602410910597
59	0.04273860825124643
60	0.04264109816581877
61	0.03899620500214908
62	0.04012101968300507
63	0.04461218033096495
64	0.04016681762835488
65	0.0396982391645955
66	0.043358753092399484
67	0.04654667352258906
68	0.04029637254745474
69	0.03875665464912049
70	0.04444843090530521
71	0.040790507642447425
72	0.035984457100242555
73	0.042110820452920736
74	0.04183953510648957
75	0.05493870373232513
>>END_MODULE
>>Sequence Length Distribution	warn
#Length	Count
35	15472.0
36	2992.0
37	4101.0
38	4860.0
39	5729.0
40	6362.0
41	6903.0
42	7676.0
43	8818.0
44	9670.0
45	11121.0
46	11854.0
47	12759.0
48	13674.0
49	14674.0
50	14733.0
51	15269.0
52	15714.0
53	16713.0
54	17920.0
55	18824.0
56	20020.0
57	20689.0
58	21808.0
59	23154.0
60	23765.0
61	23859.0
62	24022.0
63	24479.0
64	26327.0
65	28023.0
66	28125.0
67	31504.0
68	31896.0
69	40485.0
70	51927.0
71	124365.0
72	454398.0
73	1305246.0
74	4028990.0
75	1.2319184E7
>>END_MODULE
>>Sequence Duplication Levels	warn
#Total Duplicate Percentage	39.929144831105624
#Duplication Level	Relative count
1	100.0
2	27.43951250592214
3	12.34091911584519
4	6.609923053046021
5	4.011533874630377
6	2.5771511656401627
7	1.8264690986914116
8	1.2448742873013021
9	0.9475421084445607
10++	6.371403832644459
>>END_MODULE
>>Overrepresented sequences	pass
>>END_MODULE
>>Kmer Content	warn
#Sequence	Count	Obs/Exp Overall	Obs/Exp Max	Max Obs/Exp Position
AAAAA	7411640	3.9326174	9.176344	71
GGGGG	2633920	3.1523595	5.341672	71
TTTTT	6086265	3.0226848	5.187681	71
CCTGG	2964605	3.0147107	12.203852	3
CCAGG	2795400	2.8804994	12.610036	3
CCCAG	2618870	2.7161875	11.312688	2
CTGGG	2610205	2.6371293	10.939589	4
CCAGC	2503375	2.5964005	6.500133	3
CAGCA	2942375	2.5767288	6.7039843	4
TGCTG	3002035	2.5437496	7.6652827	2
GGAGG	2456010	2.4981017	5.667459	6
GCTGG	2454680	2.4800003	6.9938464	3
TCCAG	2846785	2.4602559	8.915153	2
CTGCT	2769110	2.3616784	6.7006125	9
GCTGC	2302550	2.3414662	5.8396225	8
CTCCA	2691305	2.3410487	6.4650483	1
CTCCT	2713590	2.3294144	6.283093	1
CAGCC	2245505	2.328948	5.3780503	9
CAGGA	2662330	2.3163846	9.781287	4
AGCAG	2660960	2.3151925	5.3938355	7
AGGAG	2665605	2.3042128	6.9918733	5
CTGGA	2676740	2.2983167	8.768453	4
GGCTG	2224510	2.2474558	8.523016	7
TCCTG	2631750	2.2445288	8.754435	2
CCTGC	2180950	2.2322686	6.372105	3
GGCAG	2152495	2.2036572	6.2178016	7
CTGCC	2149710	2.2002933	5.7771997	9
CTGCA	2526085	2.1830995	6.5260925	4
GCAGG	2128660	2.179256	6.751773	3
CCCTG	2108150	2.1577554	9.175704	2
TGCAG	2491085	2.1389086	6.8779516	2
CAGAG	2452050	2.1334286	7.6805143	4
CTCTG	2484005	2.1185222	7.6728854	2
GCCTG	2072570	2.107599	6.977276	7
TGGAG	2429690	2.072682	6.3076086	5
AGCTG	2393055	2.0547376	5.970599	7
CAGGG	1993805	2.0411954	9.331793	4
CAGAA	2743920	2.0289302	5.3309913	4
CTGGC	1980405	2.0138762	5.8263297	4
GCCAG	1950360	2.0097342	5.503815	2
GGAGA	2307970	1.9950645	5.3926377	6
CCCCA	1889440	1.9724267	6.718337	1
CAGGC	1910360	1.9685166	6.0646896	4
CACAG	2227365	1.9505725	6.5687194	7
TTCTG	2737875	1.9456916	5.2794776	2
CTGTG	2287895	1.9386289	8.99892	9
GGGAG	1891520	1.9239373	5.2708287	7
CTCAG	2212580	1.9121616	6.1956806	2
CTGAG	2193455	1.8833559	5.9731927	4
CCAGA	2142830	1.8765426	6.8179407	3
CCTCT	2156750	1.8514087	5.7897067	1
GGCCA	1779135	1.8332965	6.5133586	1
TGGGG	1797940	1.8047211	6.0471873	5
TCTGG	2127945	1.8030965	6.5210376	3
ACCTG	2070775	1.7896105	5.5795784	7
CAGTG	2069875	1.7772471	6.3811755	9
CACTG	2042380	1.7650709	7.1735706	7
AGAGG	2033565	1.7578623	5.1835	5
TGGCC	1701615	1.7303745	5.74137	5
CCTGA	1985915	1.7162726	5.612193	3
GCCCA	1595900	1.6552036	7.434934	1
ACAGA	2224495	1.6448528	5.509157	8
GAGAG	1895420	1.6384465	5.106077	7
TCAGG	1907005	1.6374027	5.838958	3
GGGCC	1305045	1.5823498	5.41128	6
GGCCT	1550190	1.5763901	5.2001247	1
CCTGT	1848260	1.5763172	5.6143494	8
AGGTG	1826325	1.5579727	5.235653	7
TGGGC	1537020	1.5528744	6.5322976	5
GTGTG	1766620	1.4872358	7.5438843	1
TGTGT	2059980	1.454459	6.0872364	10
GCTGT	1716285	1.45428	5.3698797	8
CTGTC	1703115	1.452528	5.878552	9
ACAGC	1657515	1.4515371	5.3255196	8
CCTTG	1694685	1.4453384	5.0419602	2
ACACA	1934415	1.439684	5.8406334	6
GCCCT	1396995	1.4298668	6.322506	1
GGGCT	1400820	1.4152696	6.138059	6
GACAG	1609860	1.4006733	6.7270746	7
CACAC	1580220	1.3928688	6.061667	5
AGACA	1817870	1.3441831	5.2013645	6
GCTCT	1559795	1.3302953	5.0636144	1
AGGGC	1296155	1.3269631	5.641541	5
GTCCT	1521890	1.2979674	9.137897	1
GGACA	1459295	1.2696729	5.93855	6
ACTGC	1411785	1.2200966	5.0330024	8
AGGAC	1398350	1.216647	8.637552	5
GTGCT	1419920	1.2031575	6.557968	1
GTCCA	1382515	1.1948007	6.8923836	1
GTCTT	1624660	1.1545769	5.455109	1
TGTGC	1357035	1.1498724	5.9475565	10
AGCAC	1291730	1.131208	5.186047	5
GTCCC	1075395	1.1006994	5.0120306	1
TGGAC	1262355	1.08389	5.939616	5
GTGCA	1228840	1.0551132	5.9418397	1
ACAGT	1441995	1.0522387	5.306304	8
ACTGT	1447500	1.0423752	6.1354938	8
GACTG	1202755	1.0327158	5.8861885	7
TGCAC	1189445	1.0279453	5.2463875	5
GGACC	974750	1.004424	5.523492	6
AGACT	1355290	0.98896915	5.0058794	6
GGACT	1082920	0.9298225	5.1233644	6
TGTAG	1269245	0.9080903	5.423758	2
TAGGA	1086920	0.78799987	5.3876557	4
TCCTA	1076045	0.77993405	5.052743	2
GTGTA	894070	0.6396686	5.7026873	1
>>END_MODULE
