##FastQC	0.10.1
>>Basic Statistics	pass
#Measure	Value	
Filename	018-F0_S3_L004_R1_001.fastq.gz	
File type	Conventional base calls	
Encoding	Sanger / Illumina 1.9	
Total Sequences	18888104	
Filtered Sequences	0	
Sequence length	35-75	
%GC	45	
>>END_MODULE
>>Per base sequence quality	pass
#Base	Mean	Median	Lower Quartile	Upper Quartile	10th Percentile	90th Percentile
1	31.47708192415713	32.0	32.0	32.0	32.0	32.0
2	31.528413757145767	32.0	32.0	32.0	32.0	32.0
3	31.617895687147847	32.0	32.0	32.0	32.0	32.0
4	31.703111598707842	32.0	32.0	32.0	32.0	32.0
5	31.685932108378903	32.0	32.0	32.0	32.0	32.0
6	35.38454172001594	36.0	36.0	36.0	36.0	36.0
7	35.38167293022105	36.0	36.0	36.0	36.0	36.0
8	35.34056017480632	36.0	36.0	36.0	36.0	36.0
9	35.439706229910634	36.0	36.0	36.0	36.0	36.0
10	35.34712271808753	36.0	36.0	36.0	36.0	36.0
11	35.382687695916964	36.0	36.0	36.0	36.0	36.0
12	35.36279014558581	36.0	36.0	36.0	36.0	36.0
13	35.36870884446634	36.0	36.0	36.0	36.0	36.0
14	35.3336298338891	36.0	36.0	36.0	36.0	36.0
15	35.31770796052373	36.0	36.0	36.0	36.0	36.0
16	35.35083690771715	36.0	36.0	36.0	36.0	36.0
17	35.339768883102295	36.0	36.0	36.0	36.0	36.0
18	35.325678585844294	36.0	36.0	36.0	36.0	36.0
19	35.34335256730903	36.0	36.0	36.0	36.0	36.0
20	35.3320653041724	36.0	36.0	36.0	36.0	36.0
21	35.313605113567775	36.0	36.0	36.0	36.0	36.0
22	35.313278982369006	36.0	36.0	36.0	36.0	36.0
23	35.28967714281963	36.0	36.0	36.0	36.0	36.0
24	35.27860482979128	36.0	36.0	36.0	36.0	36.0
25	35.27065972317814	36.0	36.0	36.0	36.0	36.0
26	35.251063685375726	36.0	36.0	36.0	36.0	36.0
27	35.22240818877321	36.0	36.0	36.0	36.0	36.0
28	35.220179113795645	36.0	36.0	36.0	36.0	36.0
29	35.196787247677165	36.0	36.0	36.0	36.0	36.0
30	35.191291407544135	36.0	36.0	36.0	36.0	36.0
31	35.15244579339461	36.0	36.0	36.0	36.0	36.0
32	35.11914001532393	36.0	36.0	36.0	36.0	36.0
33	35.1085116325069	36.0	36.0	36.0	36.0	36.0
34	35.09807760482471	36.0	36.0	36.0	36.0	36.0
35	35.08298440118712	36.0	36.0	36.0	36.0	36.0
36	35.08416461788471	36.0	36.0	36.0	36.0	36.0
37	35.073527916798554	36.0	36.0	36.0	36.0	36.0
38	35.07118995926748	36.0	36.0	36.0	36.0	36.0
39	35.06120420321585	36.0	36.0	36.0	36.0	36.0
40	35.07614588900956	36.0	36.0	36.0	36.0	36.0
41	35.07923218690027	36.0	36.0	36.0	36.0	36.0
42	35.06503107100537	36.0	36.0	36.0	36.0	36.0
43	35.05668311209142	36.0	36.0	36.0	36.0	36.0
44	35.03767429541924	36.0	36.0	36.0	36.0	36.0
45	35.02692957832076	36.0	36.0	36.0	36.0	36.0
46	35.015580331853606	36.0	36.0	36.0	36.0	36.0
47	35.01157479520475	36.0	36.0	36.0	36.0	36.0
48	34.99166981447961	36.0	36.0	36.0	36.0	36.0
49	34.983900028160434	36.0	36.0	36.0	36.0	36.0
50	34.968891544660494	36.0	36.0	36.0	36.0	36.0
51	34.95684433397871	36.0	36.0	36.0	36.0	36.0
52	34.945948829011066	36.0	36.0	36.0	36.0	36.0
53	34.92341028300578	36.0	36.0	36.0	36.0	36.0
54	34.913413678632	36.0	36.0	36.0	36.0	36.0
55	34.88770592249385	36.0	36.0	36.0	36.0	36.0
56	34.87722890785692	36.0	36.0	36.0	36.0	36.0
57	34.87199783359227	36.0	36.0	36.0	36.0	36.0
58	34.8527846473737	36.0	36.0	36.0	36.0	36.0
59	34.84259982536207	36.0	36.0	36.0	36.0	36.0
60	34.82626374287181	36.0	36.0	36.0	36.0	36.0
61	34.81371879611616	36.0	36.0	36.0	36.0	36.0
62	34.78975176038902	36.0	36.0	36.0	36.0	36.0
63	34.77697330185733	36.0	36.0	36.0	36.0	36.0
64	34.759825323021076	36.0	36.0	36.0	36.0	36.0
65	34.73918436475391	36.0	36.0	36.0	36.0	36.0
66	34.71758115389884	36.0	36.0	36.0	36.0	36.0
67	34.70522921242142	36.0	36.0	36.0	36.0	36.0
68	34.67484416083161	36.0	36.0	36.0	32.0	36.0
69	34.65582618251769	36.0	36.0	36.0	32.0	36.0
70	34.641491142850334	36.0	36.0	36.0	32.0	36.0
71	34.61411554424239	36.0	36.0	36.0	32.0	36.0
72	34.595700129668465	36.0	36.0	36.0	32.0	36.0
73	34.5721863130939	36.0	36.0	36.0	32.0	36.0
74	34.53174249078546	36.0	36.0	36.0	32.0	36.0
75	33.93222169720738	36.0	36.0	36.0	32.0	36.0
>>END_MODULE
>>Per sequence quality scores	pass
#Quality	Count
2	6470.0
3	0.0
4	0.0
5	0.0
6	0.0
7	0.0
8	0.0
9	0.0
10	0.0
11	0.0
12	0.0
13	0.0
14	0.0
15	0.0
16	1.0
17	4.0
18	107.0
19	558.0
20	2383.0
21	6394.0
22	12881.0
23	22520.0
24	36984.0
25	58803.0
26	88717.0
27	127784.0
28	176780.0
29	234884.0
30	305933.0
31	396309.0
32	539087.0
33	828297.0
34	1885062.0
35	1.4158146E7
>>END_MODULE
>>Per base sequence content	fail
#Base	G	A	T	C
1	44.313774880200384	18.174672479365263	10.784129889536013	26.727422750898345
2	16.42099407286467	20.1476948446305	35.60451388899922	27.826797193505605
3	18.732993062623343	21.48707158962363	28.44037907102632	31.3395562767267
4	13.04312963592028	14.961279304534767	35.58388008156497	36.41171097797998
5	14.645422107006207	35.22312210902933	34.44768074627439	15.683775037690065
6	34.69697819493326	35.158159066461195	16.12831778612844	14.0165449524771
7	30.772063083960187	29.609687963495148	20.428964658432214	19.18928429411245
8	26.61668647118628	34.13325373392343	19.95452940203203	19.295530392858254
9	24.365740804000332	15.057393867501087	20.416358033420202	40.16050729507838
10	14.282572910934132	26.565133428872382	35.10515748293593	24.04713617725755
11	34.236900492632856	22.935918537018594	23.725962520033388	19.101218450315166
12	21.989343180793977	24.28488785839816	31.375370936146947	22.350398024660915
13	27.81493588291561	20.514596489529584	26.242666880066334	25.427800747488472
14	20.267468101750268	20.62929496274852	27.375803249064013	31.7274336864372
15	22.594675863328355	29.64525210053325	23.34764565397253	24.412426382165865
16	22.6817665537487	28.55522908760582	25.655843793365733	23.107160565279745
17	21.559639465505974	28.294136423475656	27.54881953271732	22.597404578301038
18	22.00568022873444	27.840101126841034	28.126389908839457	22.027828735585068
19	22.527891389060926	27.240942176932357	27.68052277678934	22.55064365721738
20	22.499279855643827	27.218660294759495	27.830651917728925	22.45140793186775
21	22.195053320257376	26.89666214071328	27.630842148809048	23.277442390220298
22	22.288077519566237	26.89046016305899	27.839827201386658	22.981635115988112
23	22.157832169750634	27.01733420628075	27.807382690452613	23.017450933516002
24	22.404977922435858	26.64814847376379	28.063959793263415	22.88291381053694
25	22.501211764795606	26.706739996796873	27.659961426899653	23.132086811507868
26	22.006145037893024	27.119378170551016	27.844307064198453	23.030169727357507
27	22.029708908875275	27.105103978744804	27.877308084085044	22.987879028294874
28	22.171873807532318	26.924436615044993	27.79278744174402	23.110902135678664
29	22.007752230711354	27.06569959123552	27.89731109227201	23.02923708578112
30	22.029371485504125	27.134543007891025	27.873575545766048	22.962509960838794
31	22.591920741936384	27.035505791882862	27.614972128025133	22.757601338155617
32	21.911110939277467	27.300413620643184	27.970282360160265	22.81819307991908
33	21.993537558900528	27.145064907758474	28.139429205763765	22.72196832757723
34	22.08320112753473	26.865754167283008	28.2357902135879	22.81525449159436
35	21.918682234047534	27.19053729326625	28.095214943363704	22.795565529322516
36	22.075004372396624	27.46995917224997	28.01885252422615	22.436183931127257
37	22.208825356903883	27.123656698639557	27.693771603659346	22.97374634079722
38	22.109528825550367	27.572781838875336	27.65104774904042	22.666641586533874
39	22.255067283321132	27.289451071491282	27.9192618166298	22.53621982855779
40	22.377325562685666	26.99001705150649	27.861646293448462	22.771011092359384
41	22.318332640891423	27.191334693185297	27.938811328441588	22.55152133748169
42	22.11408661606348	27.44119866679222	27.980879901216362	22.46383481592793
43	22.23306920223464	27.16445459392484	27.862627061190093	22.73984914265043
44	22.052456363577182	27.56879749194276	27.869890309398954	22.5088558350811
45	22.14468688529659	27.463278900576537	27.761720677070123	22.63031353705675
46	22.289793225818627	27.32267329211564	27.649193533383194	22.738339948682537
47	22.251376530443824	27.44337644406244	27.770365089537975	22.534881935955756
48	22.055842783539724	27.41491514135868	27.75905289780662	22.770189177294977
49	22.379448765435683	27.186887604223962	27.761135772433033	22.67252785790732
50	22.199312304445375	27.53518970478048	27.667458942323726	22.598039048450424
51	22.22531697242455	27.486526277985725	27.73887615720155	22.54928059238818
52	22.267041738906837	27.47888429997407	27.587917300436665	22.666156660682425
53	22.1173569922231	27.296552722850116	27.9111434343348	22.674946850591983
54	22.25803259837677	27.658356175373385	27.75286205190603	22.33074917434382
55	22.292260168127473	27.232853007361374	27.694200851654855	22.7806859728563
56	22.375994467028693	27.545910082356862	27.506554219506896	22.57154123110755
57	22.220761249201672	27.462512496281626	27.62405283751092	22.69267341700578
58	22.252821422872856	27.320638740739838	27.55823337647165	22.86830645991565
59	22.1508025505037	27.45481141817394	27.64451568309209	22.74987034823027
60	22.181828831621043	27.43348643844266	27.8370865592729	22.547598170663395
61	22.46156085255021	27.365179986416123	27.588823485019997	22.58443567601367
62	22.370565046275818	27.50787635896237	27.620871904611572	22.500686690150236
63	22.339392653467286	27.66154501503269	27.539388697424965	22.459673634075056
64	22.386184670749685	27.33911605629629	27.46532214236049	22.809377130593536
65	22.26892172576249	27.55039189359674	27.620705785649225	22.55998059499155
66	22.310393487109906	27.76142740841248	27.426550881953865	22.501628222523745
67	22.474748023805653	27.388463190907025	27.432867227744385	22.703921557542937
68	22.407881051976517	27.70609100220539	27.600370848179356	22.285657097638737
69	22.65944242978282	27.554494725683448	27.53354963862907	22.25251320590466
70	22.806240628700653	27.30504923107855	27.393989281603275	22.494720858617516
71	22.501461681735762	27.753823466125027	27.332420553177666	22.41229429896154
72	22.471062237132358	27.867907331370983	27.579461233496932	22.081569197999727
73	23.268688587264744	28.44252750946275	27.548169871045715	20.740614032226794
74	24.360224142643617	30.867467626091255	27.836438884114422	16.935869347150707
75	29.55998527835722	41.220868539460085	29.219146182182694	0.0
>>END_MODULE
>>Per base GC content	fail
#Base	%GC
1	71.04119763109873
2	44.24779126637027
3	50.07254933935005
4	49.45484061390026
5	30.32919714469627
6	48.713523147410356
7	49.96134737807264
8	45.91221686404453
9	64.52624809907871
10	38.329709088191684
11	53.33811894294802
12	44.33974120545489
13	53.24273663040409
14	51.99490178818746
15	47.00710224549422
16	45.78892711902844
17	44.15704404380701
18	44.03350896431951
19	45.078535046278304
20	44.950687787511576
21	45.47249571047767
22	45.26971263555435
23	45.175283103266636
24	45.2878917329728
25	45.633298576303474
26	45.03631476525053
27	45.01758793717015
28	45.282775943210986
29	45.03698931649247
30	44.99188144634292
31	45.349522080092
32	44.72930401919655
33	44.71550588647776
34	44.89845561912909
35	44.71424776337005
36	44.51118830352388
37	45.1825716977011
38	44.77617041208424
39	44.79128711187892
40	45.14833665504505
41	44.869853978373115
42	44.57792143199142
43	44.972918344885066
44	44.561312198658285
45	44.77500042235334
46	45.028133174501164
47	44.78625846639958
48	44.8260319608347
49	45.051976623343
50	44.797351352895795
51	44.77459756481273
52	44.933198399589266
53	44.79230384281509
54	44.58878177272059
55	45.072946140983774
56	44.94753569813624
57	44.91343466620745
58	45.12112788278851
59	44.900672898733966
60	44.72942700228444
61	45.04599652856388
62	44.87125173642605
63	44.799066287542345
64	45.19556180134322
65	44.82890232075404
66	44.81202170963365
67	45.178669581348586
68	44.69353814961525
69	44.911955635687484
70	45.30096148731817
71	44.9137559806973
72	44.552631435132085
73	44.00930261949154
74	41.29609348979432
75	29.55998527835722
>>END_MODULE
>>Per sequence GC content	warn
#GC Content	Count
0	6475.0
1	3241.5
2	18.0
3	34.5
4	41.0
5	69.5
6	144.5
7	249.5
8	309.0
9	430.0
10	774.0
11	1393.5
12	1806.5
13	2562.0
14	4474.5
15	7428.5
16	9837.5
17	14522.0
18	24690.0
19	37704.0
20	46717.0
21	61805.0
22	90700.5
23	123196.5
24	144433.0
25	171804.5
26	218107.5
27	264895.5
28	295916.0
29	332488.5
30	392479.5
31	451903.5
32	490515.5
33	535269.0
34	610218.5
35	683779.5
36	726683.5
37	765591.5
38	808069.0
39	830920.0
40	845224.5
41	845501.5
42	837670.5
43	828852.0
44	825524.0
45	816782.0
46	793117.5
47	766967.5
48	753995.5
49	735907.5
50	702515.5
51	671276.0
52	653467.0
53	640237.5
54	615859.0
55	588835.0
56	573455.5
57	558130.0
58	527298.0
59	487923.0
60	455229.0
61	421790.5
62	376348.5
63	328995.5
64	292448.5
65	263543.5
66	224798.5
67	184818.5
68	156817.5
69	135968.0
70	110603.0
71	85852.5
72	69570.5
73	58832.5
74	46909.5
75	36122.0
76	29154.5
77	24464.0
78	19119.5
79	14548.0
80	11697.0
81	9635.5
82	7342.0
83	5156.5
84	3764.0
85	2967.0
86	2118.0
87	1350.5
88	1016.0
89	818.0
90	538.5
91	343.0
92	258.5
93	219.5
94	165.5
95	126.5
96	108.5
97	79.0
98	43.0
99	115.5
100	194.0
>>END_MODULE
>>Per base N content	pass
#Base	N-Count
1	0.0778955897320345
2	0.034254364546065605
3	0.034259658883707966
4	0.034254364546065605
5	0.034254364546065605
6	0.034810269998513346
7	0.03763215196189094
8	0.03648857503114129
9	0.034254364546065605
10	0.034259658883707966
11	0.03439731166240931
12	0.034333779610701
13	0.034280836234277405
14	0.03692271071781477
15	0.034254364546065605
16	0.034677911557454366
17	0.034259658883707966
18	0.034254364546065605
19	0.034254364546065605
20	0.03427024755899269
21	0.03510675290648548
22	0.034259658883707966
23	0.03429671924720448
24	0.034370839974197515
25	0.03468850023273908
26	0.034561436129322456
27	0.0354561791908812
28	0.03475732662208975
29	0.034789092647943914
30	0.03527087737339862
31	0.03490556807607582
32	0.035964435604547706
33	0.03544029617795413
34	0.034714971920950875
35	0.03479438698558627
36	5.879263134472467E-4
37	0.0018752905309747405
38	0.0015100837831572673
39	0.0019132507720576349
40	0.002730244717930731
41	0.002874337974204779
42	0.002403217701602909
43	0.0011357533016454625
44	0.0017787549543635194
45	0.0035115189242448494
46	0.0020358595125110476
47	0.0026807297180324445
48	0.004965888920463119
49	0.0024181649568802304
50	0.002750535981381643
51	0.001456366693715255
52	0.004666294288551893
53	0.003195408358493612
54	0.0020323431365365558
55	0.0020610517798841667
56	0.0026311574375827563
57	0.0024247630102617363
58	0.001847446761444624
59	0.0031454183352618062
60	0.0028855434649250615
61	0.0013853209985501564
62	0.003162803701343895
63	0.0026643127040590613
64	3.6797797240565656E-4
65	5.906873959286032E-4
66	6.295754121710822E-4
67	1.0871340081826402E-4
68	5.553870941869539E-4
69	8.236151293408473E-4
70	1.2572947695881607E-4
71	5.865880105138501E-4
72	4.8025357388701233E-4
73	6.001946215993737E-4
74	9.42507530267956E-4
75	0.004047554942911559
>>END_MODULE
>>Sequence Length Distribution	warn
#Length	Count
35	8187.0
36	2842.0
37	3950.0
38	4715.0
39	5632.0
40	6262.0
41	6788.0
42	7608.0
43	8722.0
44	9635.0
45	11070.0
46	11842.0
47	12674.0
48	13610.0
49	14587.0
50	14701.0
51	15213.0
52	15713.0
53	16723.0
54	17847.0
55	18794.0
56	19992.0
57	20704.0
58	21813.0
59	23123.0
60	23700.0
61	23792.0
62	24031.0
63	24467.0
64	26290.0
65	27961.0
66	28120.0
67	31427.0
68	31763.0
69	40562.0
70	52162.0
71	125652.0
72	454492.0
73	1321546.0
74	4060374.0
75	1.2279018E7
>>END_MODULE
>>Sequence Duplication Levels	warn
#Total Duplicate Percentage	40.84538125036781
#Duplication Level	Relative count
1	100.0
2	28.372339808159442
3	12.69845217665249
4	6.944893509422074
5	4.084695036519346
6	2.730867759345388
7	1.876953432652689
8	1.2949652216446557
9	1.038790923636846
10++	6.766649256762919
>>END_MODULE
>>Overrepresented sequences	pass
>>END_MODULE
>>Kmer Content	warn
#Sequence	Count	Obs/Exp Overall	Obs/Exp Max	Max Obs/Exp Position
AAAAA	6486130	3.4419074	7.413992	71
TTTTT	6469750	3.196235	5.5970826	71
CCTGG	2992815	3.0432699	12.3865	3
CCAGG	2845805	2.935474	13.815284	3
CCCAG	2674335	2.742818	12.170749	2
CTGGG	2617185	2.6766214	10.793574	4
CCAGC	2546705	2.6119196	6.9695044	3
CAGCA	2991495	2.605857	6.892288	4
CCTCC	2535660	2.548988	5.002532	1
GGAGG	2439530	2.545441	5.7101483	6
TGCTG	2982160	2.538985	6.505479	2
GCTGG	2443895	2.499396	6.2576966	3
TCCAG	2884290	2.476787	9.664445	2
AGGAG	2692255	2.3722599	7.491696	5
AGCAG	2703010	2.36811	5.682632	7
CAGGA	2689695	2.3564446	10.406048	4
CAGCC	2278335	2.3366776	5.583267	5
CTGCT	2759365	2.335858	6.7143836	9
GCTGC	2293235	2.331896	6.0100956	8
CTCCA	2728285	2.329419	7.189503	1
CTGGA	2687825	2.321361	8.675222	4
AGAAG	3116700	2.3191574	5.006951	5
CTCCT	2741285	2.3072762	6.5264106	1
GGCTG	2220555	2.2709837	8.80445	7
GGCAG	2164570	2.2456217	6.377374	7
TCCTG	2648490	2.242	8.853905	2
CCTGC	2194670	2.218901	6.3391304	3
GCAGG	2133940	2.213845	6.673125	3
CAGAG	2487195	2.1790342	8.271065	4
CTGCC	2145155	2.1688395	5.8439717	9
CTGCA	2519945	2.1639185	6.3184204	4
CCCTG	2129050	2.1525567	9.134443	2
TGCAG	2487865	2.148664	6.4508257	2
GCCTG	2083700	2.1188285	7.6830354	7
CTCTG	2492375	2.1098456	7.580218	2
TGGAG	2417340	2.099768	6.326602	5
CAGGG	2014550	2.0899844	9.67665	4
AGCTG	2410380	2.0817435	6.325433	7
GGAGA	2322435	2.0463958	5.5550237	6
CAGAA	2756480	2.0393803	5.510594	4
GCCAG	1972170	2.0343113	5.88434	2
CTGGC	2000510	2.034236	5.772979	4
CAGGC	1944115	2.0053725	6.4423466	4
CACAG	2282705	1.9884379	6.735883	7
GGGAG	1878635	1.9601951	5.3212657	7
CCCCA	1907710	1.9453675	7.263512	1
CTGTG	2278935	1.9402654	9.204819	9
CTCAG	2241945	1.925195	6.341503	2
CTGAG	2203190	1.9028022	5.9340878	4
CCAGA	2177160	1.896499	7.303324	3
GGCCA	1798905	1.855587	6.8436327	1
CCTCT	2183490	1.8377931	5.6943674	1
TCTGG	2135820	1.8184186	6.404998	3
TGGGG	1753005	1.803132	5.959827	5
ACCTG	2098525	1.802038	5.6546087	7
CAGTG	2084090	1.7999406	6.595558	9
AGAGG	2040885	1.7983102	5.28091	5
CACTG	2060955	1.769776	7.1831985	7
TGGCC	1710755	1.7395961	5.856599	5
CCTGA	2007070	1.723504	5.6349754	3
GCCCA	1648490	1.6907039	8.276095	1
GAGAG	1917190	1.6893173	5.3656774	7
ACAGA	2254120	1.6677096	5.5445642	8
TCAGG	1921290	1.659337	5.8834834	3
GGCCC	1355190	1.6458572	5.028421	6
GGGCC	1309480	1.5994946	5.578822	6
GGCCT	1562385	1.5887247	5.4538007	6
AGGTG	1819360	1.5803462	5.248435	7
CCAAG	1806385	1.5735211	5.0163107	3
CCTGT	1857415	1.5723392	5.82501	8
TGGGC	1534375	1.5692207	6.5212364	5
AGGCC	1505385	1.5528185	5.2645464	5
AGCCT	1785280	1.5330493	5.4623227	6
CCATG	1727915	1.4837891	5.1011295	9
ACAGC	1682935	1.4659853	5.460652	8
AGGCT	1684450	1.4547884	5.249562	6
GCTGT	1707640	1.4538698	5.5454183	8
GTGTG	1694265	1.450783	6.414614	1
ACACA	1970555	1.4495727	6.0435767	6
CCTTG	1710930	1.4483367	5.006777	2
CTGTC	1695690	1.4354358	6.0523643	9
GCCCT	1418240	1.4338986	6.1942973	1
GACAG	1633755	1.4313345	6.96104	7
TGTGT	2000625	1.4261444	5.994782	10
GGGCT	1389900	1.4214646	6.3941917	6
CACAC	1637520	1.4182637	6.4934063	5
AGAGC	1565250	1.371317	5.1853952	5
AGACA	1852780	1.3707782	5.591888	6
AGGGC	1302825	1.351609	5.923976	5
GTCCT	1522785	1.2890682	8.583738	1
GGACA	1462940	1.2816832	6.1311784	6
AGGAC	1401580	1.2279257	8.8986225	5
ACTGC	1419505	1.2189523	5.0456557	8
GTCCA	1391650	1.1950327	6.9525204	1
GTGCT	1403570	1.1949873	5.620015	1
TGTGC	1353485	1.1523454	6.0477366	10
GTCTT	1620655	1.1486729	5.1445284	1
AGCAC	1311890	1.1427723	5.388001	5
GTCCC	1084555	1.0965294	5.047952	1
TGGAC	1266495	1.0938183	6.016594	5
ACAGT	1457525	1.0630333	5.488018	8
GTGCA	1221680	1.0551134	5.6982646	1
GACTG	1210805	1.0457212	6.316064	7
ACTGT	1453220	1.0448399	6.343702	8
TGCAC	1194780	1.0259771	5.154018	5
GGACC	979060	1.0099094	5.6565456	6
AGACT	1369775	0.9990335	5.502768	6
GGACT	1092160	0.94325244	5.450235	6
TGTAG	1258700	0.910191	5.2713184	2
TAGGA	1092380	0.80130255	5.46564	4
GTGTA	874270	0.632202	5.578256	1
>>END_MODULE
