##FastQC	0.10.1
>>Basic Statistics	pass
#Measure	Value	
Filename	029-F0_S5_L001_R2_001_trimmed.fq.gz	
File type	Conventional base calls	
Encoding	Sanger / Illumina 1.9	
Total Sequences	21020471	
Filtered Sequences	0	
Sequence length	20-51	
%GC	45	
>>END_MODULE
>>Per base sequence quality	pass
#Base	Mean	Median	Lower Quartile	Upper Quartile	10th Percentile	90th Percentile
1	34.78367592239013	36.0	36.0	36.0	32.0	36.0
2	34.77001271760276	36.0	36.0	36.0	32.0	36.0
3	34.743241528698384	36.0	36.0	36.0	32.0	36.0
4	34.73758271163381	36.0	36.0	36.0	32.0	36.0
5	34.72628567647224	36.0	36.0	36.0	32.0	36.0
6	34.706023047723335	36.0	36.0	36.0	32.0	36.0
7	34.69005242556173	36.0	36.0	36.0	32.0	36.0
8	34.676917039584886	36.0	36.0	36.0	32.0	36.0
9	34.65410841650503	36.0	36.0	36.0	32.0	36.0
10	34.639094338085954	36.0	36.0	36.0	32.0	36.0
11	34.62959269561562	36.0	36.0	36.0	32.0	36.0
12	34.60930280772491	36.0	36.0	36.0	32.0	36.0
13	34.59111111259115	36.0	36.0	36.0	32.0	36.0
14	34.578318392580265	36.0	36.0	36.0	32.0	36.0
15	34.56253948829215	36.0	36.0	36.0	32.0	36.0
16	34.52878938821114	36.0	36.0	36.0	32.0	36.0
17	34.52239923643956	36.0	36.0	36.0	32.0	36.0
18	34.504590881907454	36.0	36.0	36.0	32.0	36.0
19	34.47819085500035	36.0	36.0	36.0	32.0	36.0
20	34.47441191969485	36.0	36.0	36.0	32.0	36.0
21	34.45066112502825	36.0	36.0	36.0	32.0	36.0
22	34.4237479022607	36.0	36.0	36.0	32.0	36.0
23	34.39997816558534	36.0	36.0	36.0	32.0	36.0
24	34.36735090003507	36.0	36.0	36.0	32.0	36.0
25	34.34467145038086	36.0	36.0	36.0	32.0	36.0
26	34.3170692967199	36.0	36.0	36.0	32.0	36.0
27	34.296779139397366	36.0	36.0	36.0	32.0	36.0
28	34.263890923163885	36.0	36.0	36.0	32.0	36.0
29	34.24574064522023	36.0	36.0	36.0	32.0	36.0
30	34.2157069745675	36.0	36.0	36.0	32.0	36.0
31	34.16168523911743	36.0	36.0	36.0	32.0	36.0
32	34.14741332543245	36.0	36.0	36.0	32.0	36.0
33	34.105611795053996	36.0	36.0	36.0	32.0	36.0
34	34.058854839135975	36.0	36.0	36.0	32.0	36.0
35	34.02966233885192	36.0	36.0	36.0	32.0	36.0
36	34.00794023501481	36.0	36.0	36.0	32.0	36.0
37	33.97512388584569	36.0	36.0	36.0	32.0	36.0
38	33.95600564001628	36.0	36.0	36.0	32.0	36.0
39	33.92512149895982	36.0	36.0	36.0	32.0	36.0
40	33.90515235320716	36.0	36.0	36.0	32.0	36.0
41	33.88323805702241	36.0	36.0	36.0	32.0	36.0
42	33.85379888379199	36.0	36.0	36.0	32.0	36.0
43	33.85683784443058	36.0	36.0	36.0	32.0	36.0
44	33.83207584895456	36.0	36.0	36.0	27.0	36.0
45	33.81871183219052	36.0	36.0	36.0	27.0	36.0
46	33.82261461202009	36.0	36.0	36.0	27.0	36.0
47	33.80977907998433	36.0	36.0	36.0	27.0	36.0
48	33.829894043972686	36.0	36.0	36.0	27.0	36.0
49	33.867946157399125	36.0	36.0	36.0	27.0	36.0
50	33.97472629280322	36.0	36.0	36.0	32.0	36.0
51	34.12052769406274	36.0	36.0	36.0	32.0	36.0
>>END_MODULE
>>Per sequence quality scores	pass
#Quality	Count
2	16.0
3	19.0
4	21.0
5	22.0
6	25.0
7	36.0
8	110.0
9	133.0
10	169.0
11	180.0
12	221.0
13	218.0
14	1653.0
15	2839.0
16	5004.0
17	8249.0
18	12712.0
19	19374.0
20	29312.0
21	42894.0
22	60547.0
23	85074.0
24	117347.0
25	158369.0
26	207732.0
27	267198.0
28	337069.0
29	419665.0
30	525265.0
31	669633.0
32	896217.0
33	1328842.0
34	2528922.0
35	9613446.0
36	3681938.0
>>END_MODULE
>>Per base sequence content	pass
#Base	G	A	T	C
1	22.541299089839214	26.839087883720946	27.358511617461744	23.261101408978092
2	22.460859972284005	27.040764549219727	27.706787678044005	22.791587800452266
3	22.392583519557284	27.04307736773111	27.596769560248173	22.96756955246343
4	22.67727866432857	26.65502216814428	27.952148951888084	22.715550215639066
5	22.7713063865943	26.800461475379496	27.47221570129632	22.956016436729882
6	22.24662045629609	27.229466414379424	27.684939412523423	22.838973716801064
7	22.35518450941907	27.176664364466074	27.547967957478626	22.920183168636225
8	22.336995953593593	27.09948545696322	27.49832172856011	23.065196860883074
9	22.34468418234502	27.10931834481664	27.576369373251918	22.969628099586423
10	22.358090806981746	27.154839134206156	27.641664160435347	22.845405898376754
11	22.956325991370516	27.005859119268962	27.297145099555735	22.740669789804784
12	22.180982509538698	27.333083592391194	27.72541697047744	22.76051692759267
13	22.363645854642407	27.14922133887373	27.83061198201618	22.656520824467687
14	22.36267054367285	26.92605437984586	27.98636278683102	22.724912289650273
15	22.300212131517068	27.22080400999606	27.76125095691855	22.717732901568322
16	22.400508093795004	27.47919510381997	27.72144003245922	22.398856769925803
17	22.550080555817534	27.134243802664752	27.2900069387733	23.02566870274442
18	22.446646753101533	27.594791068159353	27.36593019783901	22.59263198090011
19	22.723102457308542	27.21210631490126	27.52757873797137	22.537212489818828
20	22.75601987858657	26.92306521082719	27.639178511880928	22.6817363987053
21	22.74979092075837	27.090456230027314	27.625474010703982	22.534278838510332
22	22.444110163258703	27.373288460171434	27.66778352404236	22.5148178525275
23	22.50709976316074	27.161485314633577	27.594778591754682	22.736636330451006
24	22.35913698745531	27.455885922405866	27.59933969960097	22.58563739053785
25	22.47119555319841	27.43087553942278	27.374613487310175	22.72331542006864
26	22.555027944771933	27.286375072572227	27.37869408801112	22.779902894644724
27	22.66841969169067	27.351492761270425	27.460518825265456	22.51956872177345
28	22.334135908626465	27.381266806685073	27.46535937100509	22.819237913683374
29	22.70113294110097	27.141390732166272	27.438759246816936	22.718717079915823
30	22.445330484195914	27.57780834762391	27.358379809432055	22.61848135874812
31	22.537244034918373	27.41150102181894	27.42652503527388	22.62472990798881
32	22.488933524353218	27.50831685772092	27.319860009095343	22.682889608830518
33	22.411095702383502	27.206745305684837	27.677679058160077	22.704479933771584
34	22.5611512995431	27.63749916305556	27.437581239201563	22.363768298199783
35	22.51379758980499	27.16439209224573	27.471495458295937	22.850314859653338
36	22.68909281015061	27.475559128157016	27.200494239345947	22.63485382234642
37	22.482856446476767	27.38922983075896	27.317732116873906	22.810181605890364
38	22.51258240343049	27.33029186488404	27.266914723113505	22.890211008571963
39	22.476612326746366	27.398868357116502	27.324922212807586	22.799597103329546
40	22.471973370161376	27.318518037211714	27.582187098185422	22.62732149444149
41	22.740296404956304	27.28869494371739	27.352794408019243	22.618214243307065
42	22.670171791458127	27.362913142132996	27.445940764441985	22.520974301966888
43	22.615337089695704	27.561521709715052	27.30071408329525	22.52242711729399
44	22.64532207992965	27.275142036790623	27.2292657167435	22.850270166536223
45	22.561053684527117	27.502281500832897	27.360903252499334	22.575761562140652
46	22.569619192283024	27.807804944394487	27.075967928566737	22.546607934755755
47	22.66415911287601	27.37406799847313	27.205274398267438	22.75649849038342
48	22.636817260750046	27.74449693146588	27.416751939254024	22.201933868530052
49	22.931102442852854	27.63070737555065	27.374287721562236	22.063902460034264
50	23.114504679268553	27.7448248184388	27.435958077124152	21.7047124251685
51	22.588451018732812	28.31071085058517	27.568067254055567	21.532770876626454
>>END_MODULE
>>Per base GC content	pass
#Base	%GC
1	45.802400498817306
2	45.25244777273627
3	45.360153072020715
4	45.39282887996763
5	45.72732282332419
6	45.08559417309716
7	45.2753676780553
8	45.40219281447666
9	45.31431228193144
10	45.2034967053585
11	45.6969957811753
12	44.94149943713136
13	45.0201666791101
14	45.08758283332312
15	45.01794503308539
16	44.79936486372081
17	45.575749258561956
18	45.039278734001634
19	45.26031494712737
20	45.437756277291875
21	45.284069759268704
22	44.958928015786206
23	45.243736093611744
24	44.94477437799316
25	45.19451097326705
26	45.33493083941666
27	45.18798841346412
28	45.15337382230984
29	45.41985002101679
30	45.063811842944034
31	45.16197394290718
32	45.171823133183736
33	45.115575636155086
34	44.92491959774288
35	45.36411244945833
36	45.323946632497034
37	45.29303805236714
38	45.40279341200245
39	45.276209430075916
40	45.09929486460286
41	45.35851064826337
42	45.19114609342502
43	45.137764206989694
44	45.495592246465876
45	45.13681524666777
46	45.116227127038776
47	45.420657603259436
48	44.838751129280105
49	44.99500490288712
50	44.81921710443705
51	44.12122189535926
>>END_MODULE
>>Per sequence GC content	pass
#GC Content	Count
0	9322.0
1	8397.5
2	6351.0
3	5534.0
4	5909.0
5	6806.0
6	7941.5
7	9469.5
8	10959.0
9	13406.5
10	15979.5
11	20019.5
12	24125.0
13	31229.0
14	39066.5
15	51445.5
16	64239.5
17	82925.5
18	102740.5
19	129838.5
20	157978.5
21	192602.0
22	227746.5
23	271177.5
24	316226.5
25	361494.5
26	445632.0
27	504592.0
28	572459.0
29	643059.0
30	719418.5
31	796902.5
32	877706.5
33	960961.5
34	1038474.5
35	1112256.0
36	1167881.5
37	1218263.0
38	1248706.5
39	1278720.0
40	1296760.5
41	1311274.5
42	1320624.0
43	1324543.0
44	1312373.0
45	1297177.5
46	1278748.5
47	1257649.0
48	1233565.0
49	1208151.5
50	1180704.5
51	1153560.5
52	1122532.5
53	1088074.5
54	1054593.5
55	1019613.5
56	979233.0
57	935334.0
58	884140.5
59	827331.5
60	766741.5
61	703271.5
62	639595.0
63	579179.5
64	513871.5
65	450939.0
66	395166.0
67	341855.5
68	292852.0
69	244806.5
70	206634.5
71	172025.0
72	143668.5
73	117270.0
74	95705.5
75	71793.0
76	59816.0
77	49212.0
78	39084.0
79	31623.5
80	25029.0
81	20386.5
82	16406.0
83	13533.5
84	10792.0
85	8737.0
86	6925.5
87	5748.0
88	4672.0
89	3906.0
90	3199.0
91	2786.0
92	2464.0
93	2246.5
94	2037.0
95	2010.0
96	1989.0
97	2069.5
98	2568.5
99	14399.5
100	25826.0
>>END_MODULE
>>Per base N content	pass
#Base	N-Count
1	0.01311102876809944
2	0.010856084052540974
3	0.023805365731338752
4	0.01069433696323931
5	0.012678117440850872
6	0.009995018665376242
7	0.0137913179966329
8	0.00866298381230373
9	0.011536373281074435
10	0.013596270036004426
11	0.010917928527862197
12	0.006455611770069282
13	0.025498952901673803
14	0.01696917257467732
15	0.018039557724467734
16	0.03343407481212005
17	0.02487575088112916
18	0.022102264026338896
19	0.017777908021185635
20	0.017530530119900738
21	0.013455176905538175
22	0.033385099512303236
23	0.030160042714591627
24	0.010060442852530764
25	0.02425363506049255
26	0.011534926066915505
27	0.016708278489889046
28	0.01841642158740336
29	0.016423437471191488
30	0.012724250274293462
31	0.038208757028223884
32	0.029186529312287615
33	0.021799833017317007
34	0.022132435454679515
35	0.021536471878819997
36	0.022254718808519654
37	0.036060293889149844
38	0.02616032690545312
39	0.02670555276524819
40	0.031015608365358417
41	0.017992614522814247
42	0.03498984288020241
43	0.01492790749843497
44	0.00797629291861124
45	0.009114854752700371
46	0.005219633224067625
47	0.013148966144098866
48	0.011003810355042675
49	0.00842074795265824
50	0.006517367210694718
51	0.008884429907116187
>>END_MODULE
>>Sequence Length Distribution	warn
#Length	Count
20	47131.0
21	47837.0
22	50201.0
23	51169.0
24	51989.0
25	52462.0
26	53280.0
27	54363.0
28	56050.0
29	59693.0
30	61190.0
31	62694.0
32	64917.0
33	65710.0
34	66707.0
35	66983.0
36	66661.0
37	68442.0
38	70764.0
39	73502.0
40	76177.0
41	81126.0
42	83949.0
43	92202.0
44	109335.0
45	150869.0
46	252587.0
47	607028.0
48	1239208.0
49	2513776.0
50	3423101.0
51	1.1199368E7
>>END_MODULE
>>Sequence Duplication Levels	warn
#Total Duplicate Percentage	29.945713427928798
#Duplication Level	Relative count
1	100.0
2	19.429241869647385
3	7.537042371273808
4	3.86055628543527
5	2.1652837983096456
6	1.3650702206734722
7	0.8873307713384433
8	0.683588947357328
9	0.4875752615272206
10++	4.095913220034144
>>END_MODULE
>>Overrepresented sequences	pass
>>END_MODULE
>>Kmer Content	warn
#Sequence	Count	Obs/Exp Overall	Obs/Exp Max	Max Obs/Exp Position
AAAAA	5885815	4.129458	5.0090284	47
GGGGG	2077615	3.7931616	5.553738	47
TTTTT	5278475	3.566417	4.425033	13
>>END_MODULE
