##FastQC	0.10.1
>>Basic Statistics	pass
#Measure	Value	
Filename	040-F0_S2_L003_R2_001_trimmed.fq.gz	
File type	Conventional base calls	
Encoding	Sanger / Illumina 1.9	
Total Sequences	13442527	
Filtered Sequences	0	
Sequence length	20-51	
%GC	43	
>>END_MODULE
>>Per base sequence quality	pass
#Base	Mean	Median	Lower Quartile	Upper Quartile	10th Percentile	90th Percentile
1	34.77941104377175	36.0	36.0	36.0	32.0	36.0
2	34.77661417380824	36.0	36.0	36.0	32.0	36.0
3	34.75231167473199	36.0	36.0	36.0	32.0	36.0
4	34.75161284779268	36.0	36.0	36.0	32.0	36.0
5	34.72837227702797	36.0	36.0	36.0	32.0	36.0
6	34.71996091211124	36.0	36.0	36.0	32.0	36.0
7	34.70092594941413	36.0	36.0	36.0	32.0	36.0
8	34.68622938231778	36.0	36.0	36.0	32.0	36.0
9	34.66615607318475	36.0	36.0	36.0	32.0	36.0
10	34.651334455195816	36.0	36.0	36.0	32.0	36.0
11	34.63504652064303	36.0	36.0	36.0	32.0	36.0
12	34.61485002038679	36.0	36.0	36.0	32.0	36.0
13	34.61744253889168	36.0	36.0	36.0	32.0	36.0
14	34.604994209794036	36.0	36.0	36.0	32.0	36.0
15	34.593644111706084	36.0	36.0	36.0	32.0	36.0
16	34.57131110839502	36.0	36.0	36.0	32.0	36.0
17	34.55277515901586	36.0	36.0	36.0	32.0	36.0
18	34.53834171209029	36.0	36.0	36.0	32.0	36.0
19	34.51192963941973	36.0	36.0	36.0	32.0	36.0
20	34.52805391426776	36.0	36.0	36.0	32.0	36.0
21	34.50284384448446	36.0	36.0	36.0	32.0	36.0
22	34.49740167954813	36.0	36.0	36.0	32.0	36.0
23	34.47519612763682	36.0	36.0	36.0	32.0	36.0
24	34.45058036021801	36.0	36.0	36.0	32.0	36.0
25	34.43911709205382	36.0	36.0	36.0	32.0	36.0
26	34.405719765132226	36.0	36.0	36.0	32.0	36.0
27	34.40348742309282	36.0	36.0	36.0	32.0	36.0
28	34.37868938888009	36.0	36.0	36.0	32.0	36.0
29	34.36048561182816	36.0	36.0	36.0	32.0	36.0
30	34.340386528920305	36.0	36.0	36.0	32.0	36.0
31	34.3199794206512	36.0	36.0	36.0	32.0	36.0
32	34.30547723892717	36.0	36.0	36.0	32.0	36.0
33	34.257794989295014	36.0	36.0	36.0	32.0	36.0
34	34.2407921779964	36.0	36.0	36.0	32.0	36.0
35	34.19071463405989	36.0	36.0	36.0	32.0	36.0
36	34.16718571627352	36.0	36.0	36.0	32.0	36.0
37	34.16779771936848	36.0	36.0	36.0	32.0	36.0
38	34.12954895283649	36.0	36.0	36.0	32.0	36.0
39	34.11988039793483	36.0	36.0	36.0	32.0	36.0
40	34.09046205323354	36.0	36.0	36.0	32.0	36.0
41	34.06359010248633	36.0	36.0	36.0	32.0	36.0
42	34.03607079237958	36.0	36.0	36.0	32.0	36.0
43	34.025291474787466	36.0	36.0	36.0	32.0	36.0
44	33.99308088004538	36.0	36.0	36.0	32.0	36.0
45	33.98215589515012	36.0	36.0	36.0	32.0	36.0
46	33.95583951038304	36.0	36.0	36.0	32.0	36.0
47	33.943235494766476	36.0	36.0	36.0	32.0	36.0
48	33.95485352942958	36.0	36.0	36.0	32.0	36.0
49	33.99884740369434	36.0	36.0	36.0	32.0	36.0
50	34.06933789340371	36.0	36.0	36.0	32.0	36.0
51	34.19149826757774	36.0	36.0	36.0	32.0	36.0
>>END_MODULE
>>Per sequence quality scores	pass
#Quality	Count
14	689.0
15	1489.0
16	2730.0
17	4700.0
18	7403.0
19	11086.0
20	16413.0
21	23876.0
22	33612.0
23	47641.0
24	66242.0
25	92126.0
26	123759.0
27	161562.0
28	207654.0
29	262371.0
30	331337.0
31	424556.0
32	568934.0
33	829341.0
34	1551846.0
35	5912627.0
36	2760533.0
>>END_MODULE
>>Per base sequence content	pass
#Base	G	A	T	C
1	21.835849762473973	27.32279429306707	27.607413397793433	23.23394254666552
2	22.05422388216144	28.16874386787544	27.858348359649938	21.918683890313183
3	21.48358712614079	28.047769589750498	28.255706683720998	22.21293660038771
4	22.371857612783668	26.9042122809201	28.860659904198073	21.86327020209816
5	21.92521540034846	27.524103168994934	28.316149188318533	22.23453224233807
6	21.164569727105626	28.178459303075975	28.582988897846363	22.073982071972033
7	21.385450815906857	28.14984117197607	28.301843842307328	22.16286416980974
8	21.258748448115448	28.098727270549652	27.929406427824173	22.713117853510727
9	21.64674097362795	27.83047413629893	27.9672118196229	22.555573070450222
10	21.340347689091494	27.844980337402337	28.549751099625837	22.264920873880335
11	22.565526556130404	27.500104705015655	27.886683805805262	22.047684933048675
12	21.319057049318182	28.312176720939448	28.352005541815167	22.016760687927203
13	21.322151705553576	28.15465425511141	28.816345319596532	21.706848719738485
14	21.478707091308056	27.832021464416624	28.946127465468358	21.743143978806962
15	21.28494887903145	28.261219040140297	28.671751970444248	21.78208011038401
16	21.236036944541752	28.28055320253402	28.98314431505326	21.500265537870966
17	21.472696316697	27.867007445847047	27.913144604433377	22.747151633022572
18	21.467474084299777	28.873008772829696	27.914215831591783	21.74530131127875
19	22.064370783856337	27.937090994870236	28.31564333104929	21.682894890224137
20	22.423633592106604	27.549745669099266	28.41260426703997	21.61401647175416
21	22.333988902302842	27.57648735003152	28.495537741346904	21.593986006318726
22	21.57869410045964	28.491003656652364	28.53441092753432	21.395891315353673
23	21.44830475814908	28.27538381566093	28.58803038858068	21.688281037609304
24	21.18047601108209	28.551443064206815	28.468446313847085	21.79963461086401
25	21.401220804810176	28.5828287218776	28.10749787595423	21.908452597357996
26	21.537630900436262	27.863252813246746	28.368673603511752	22.230442682805243
27	22.241469133467433	27.968727726816294	28.211007364648736	21.57879577506753
28	21.238408606009727	28.41040956710408	28.21045256343012	22.140729263456073
29	22.218795288003992	27.751199347377664	28.067164358060904	21.962841006557444
30	21.39316278774911	28.954171330240897	27.88106504865292	21.77160083335707
31	21.505934355814517	28.45988408784005	28.302782944277894	21.73139861206754
32	21.52290925457601	28.780301858281042	27.940999840588916	21.755789046554032
33	21.393603654324682	27.80208539593232	28.865131804067317	21.939179145675684
34	21.590074919154624	28.720693550904542	28.37836581374591	21.310865716194925
35	21.485001888399847	27.6025618068992	28.661601191953096	22.25083511274786
36	21.765040268687144	28.25002693717745	27.84101069055589	22.143922103579516
37	21.483972669883407	28.257706986175652	27.879520874698837	22.378799469242104
38	21.713917808417374	28.42555802840494	27.630814728666834	22.22970943451085
39	21.74032749279514	28.296202235489737	27.755062230174637	22.20840804154049
40	21.39116680963111	27.997161038841234	28.739822876807786	21.871849274719875
41	21.886383160295	27.928109677475945	28.251106456667657	21.934400705561398
42	22.004070515092295	27.750117418704583	28.516217022479744	21.729595043723375
43	21.75117949138015	28.581607391046827	28.03834025033777	21.628872867235252
44	21.7789753647217	28.04356170190826	27.871737308243542	22.30572562512649
45	21.97691236038236	28.481592350203616	27.87600922963055	21.665486059783472
46	21.70014706613307	29.360488613371693	27.5002235132084	21.439140807286833
47	22.02598160969705	28.05312597066672	27.685379366885464	22.23551305275076
48	21.95423354292496	28.562344641328867	28.283872059015565	21.1995497567306
49	22.31386222442795	28.212030790711413	28.33935801461978	21.134748970240853
50	22.95835277662395	28.17278904867081	28.09907066834337	20.769787506361872
51	21.943748324274733	29.36738562061115	27.96986303351347	20.71900302160065
>>END_MODULE
>>Per base GC content	pass
#Base	%GC
1	45.069792309139494
2	43.97290777247462
3	43.696523726528504
4	44.23512781488183
5	44.159747642686526
6	43.238551799077655
7	43.5483149857166
8	43.97186630162617
9	44.20231404407817
10	43.60526856297183
11	44.613211489179086
12	43.335817737245385
13	43.02900042529206
14	43.221851070115015
15	43.067028989415455
16	42.73630248241272
17	44.21984794971957
18	43.212775395578525
19	43.747265674080474
20	44.03765006386076
21	43.92797490862157
22	42.974585415813316
23	43.136585795758386
24	42.980110621946096
25	43.30967340216817
26	43.7680735832415
27	43.820264908534966
28	43.37913786946581
29	44.181636294561436
30	43.16476362110618
31	43.23733296788206
32	43.27869830113004
33	43.332782800000366
34	42.90094063534955
35	43.73583700114771
36	43.908962372266664
37	43.86277213912551
38	43.943627242928216
39	43.94873553433563
40	43.26301608435098
41	43.8207838658564
42	43.73366555881567
43	43.3800523586154
44	44.084700989848194
45	43.64239842016583
46	43.13928787341991
47	44.26149466244781
48	43.153783299655565
49	43.44861119466881
50	43.72814028298582
51	42.66275134587538
>>END_MODULE
>>Per sequence GC content	warn
#GC Content	Count
0	7599.0
1	6357.0
2	4594.5
3	4465.5
4	4945.5
5	5738.5
6	6618.5
7	7518.0
8	8446.0
9	10232.0
10	12007.5
11	15134.0
12	18358.5
13	23405.0
14	28792.5
15	37858.0
16	47354.5
17	61694.0
18	76476.0
19	95850.5
20	115686.5
21	140251.0
22	165561.0
23	196113.5
24	227528.5
25	259980.0
26	323279.5
27	367359.5
28	422279.0
29	479595.0
30	542031.0
31	605453.0
32	671995.5
33	738415.5
34	793143.5
35	843674.0
36	863214.0
37	877568.5
38	872410.5
39	866746.0
40	857281.0
41	845001.5
42	837080.5
43	827226.5
44	808337.0
45	788698.0
46	769445.0
47	749187.5
48	726890.0
49	704574.0
50	683996.0
51	661953.5
52	637680.0
53	613201.5
54	588862.5
55	563002.0
56	535937.0
57	507716.5
58	476194.5
59	442421.5
60	407860.0
61	371879.5
62	336384.5
63	303160.0
64	268565.0
65	235312.5
66	206583.0
67	179080.0
68	152277.5
69	125258.0
70	104855.5
71	86900.0
72	72510.5
73	59215.0
74	48748.0
75	36684.0
76	30535.5
77	25440.5
78	20569.5
79	16845.0
80	13477.5
81	11103.0
82	9018.5
83	7354.5
84	5792.5
85	4690.0
86	3660.0
87	2957.0
88	2339.0
89	1908.5
90	1503.0
91	1291.5
92	1132.0
93	1050.5
94	944.0
95	981.0
96	1042.0
97	1100.0
98	1699.0
99	6563.5
100	10886.0
>>END_MODULE
>>Per base N content	pass
#Base	N-Count
1	0.0
2	0.0
3	0.0
4	0.0
5	0.0
6	0.0
7	0.0
8	0.0
9	0.0
10	0.0
11	0.0
12	0.0
13	0.0
14	0.0
15	0.0
16	0.0
17	0.0
18	0.0
19	0.0
20	0.0
21	0.0
22	0.0
23	0.0
24	0.0
25	0.0
26	0.0
27	0.0
28	0.0
29	0.0
30	0.0
31	0.0
32	0.0
33	0.0
34	0.0
35	0.0
36	0.0
37	0.0
38	0.0
39	0.0
40	0.0
41	0.0
42	0.0
43	0.0
44	0.0
45	0.0
46	7.94007782070272E-6
47	3.6155070543765033E-4
48	0.0
49	0.0
50	0.0
51	0.0
>>END_MODULE
>>Sequence Length Distribution	warn
#Length	Count
20	17039.0
21	17596.0
22	18652.0
23	18837.0
24	19702.0
25	20818.0
26	22120.0
27	22907.0
28	23894.0
29	26299.0
30	27248.0
31	27654.0
32	28877.0
33	29540.0
34	30896.0
35	32287.0
36	31506.0
37	32648.0
38	34699.0
39	37680.0
40	38837.0
41	44121.0
42	44596.0
43	51413.0
44	61330.0
45	86996.0
46	147948.0
47	362253.0
48	747988.0
49	1504134.0
50	2089096.0
51	7742916.0
>>END_MODULE
>>Sequence Duplication Levels	warn
#Total Duplicate Percentage	26.01818900751284
#Duplication Level	Relative count
1	100.0
2	16.81084255465157
3	5.599435173637917
4	2.686224439297662
5	1.4549557574677832
6	0.8775923616472343
7	0.5984784000105575
8	0.42757883484767506
9	0.32728256494513397
10++	3.186386101048492
>>END_MODULE
>>Overrepresented sequences	pass
>>END_MODULE
>>Kmer Content	warn
#Sequence	Count	Obs/Exp Overall	Obs/Exp Max	Max Obs/Exp Position
AAAAA	4911425	4.56351	5.8139963	47
TTTTT	4134460	3.7831585	5.6456833	13
GGGGG	1035530	3.530065	4.812566	47
TTTTC	2592515	3.05654	5.787634	4
GAAAA	2513055	3.0283022	7.2435813	4
AGAAA	2474410	2.9817338	6.8807697	28
GGAAA	1476990	2.3082373	7.151247	20
GAGAA	1463000	2.2863739	7.41354	27
AAAAT	2416695	2.2386293	5.2264304	22
CCACC	854465	2.161491	5.4992414	8
TGGAA	1329375	2.071187	5.0383945	19
TGAAA	1635750	1.9650924	5.724277	10
CTGAA	1256400	1.9388131	6.6387506	9
AAATG	1572480	1.8890836	5.8776593	23
CATTT	1582810	1.8718401	5.752354	1
AAAAC	1517390	1.8110508	5.4896793	5
GTGGA	838950	1.6951711	5.6097074	47
TGAGA	1082170	1.6860377	6.720001	26
CATGG	774025	1.5490615	5.33083	17
AATGA	1202180	1.4442273	5.3683953	24
CTTGA	902475	1.3883917	5.4012213	47
ATGAG	886835	1.3817025	6.396048	25
CACTT	905820	1.3802412	5.630642	37
AACTG	887745	1.3699231	5.9346714	7
ACTGA	874240	1.3490831	5.9476075	8
AAATC	1086430	1.2927186	5.113286	13
>>END_MODULE
