##FastQC	0.10.1
>>Basic Statistics	pass
#Measure	Value	
Filename	040-F5_S4_L002_R1_001.fastq.gz	
File type	Conventional base calls	
Encoding	Sanger / Illumina 1.9	
Total Sequences	18304881	
Filtered Sequences	0	
Sequence length	35-76	
%GC	44	
>>END_MODULE
>>Per base sequence quality	pass
#Base	Mean	Median	Lower Quartile	Upper Quartile	10th Percentile	90th Percentile
1	31.31063938629265	32.0	32.0	32.0	32.0	32.0
2	31.408118741662403	32.0	32.0	32.0	32.0	32.0
3	31.487418355792645	32.0	32.0	32.0	32.0	32.0
4	31.575258752023572	32.0	32.0	32.0	32.0	32.0
5	31.53937116553776	32.0	32.0	32.0	32.0	32.0
6	35.14422257101808	36.0	36.0	36.0	36.0	36.0
7	35.154182810584786	36.0	36.0	36.0	36.0	36.0
8	35.094122764305325	36.0	36.0	36.0	36.0	36.0
9	35.208375678596326	36.0	36.0	36.0	36.0	36.0
10-14	35.14017916860536	36.0	36.0	36.0	36.0	36.0
15-19	35.10398446184927	36.0	36.0	36.0	36.0	36.0
20-24	35.06477512746464	36.0	36.0	36.0	36.0	36.0
25-29	34.95626620025555	36.0	36.0	36.0	36.0	36.0
30-34	34.86491395382467	36.0	36.0	36.0	36.0	36.0
35-39	34.81118024242325	36.0	36.0	36.0	36.0	36.0
40-44	34.751791737720936	36.0	36.0	36.0	32.8	36.0
45-49	34.66779972977087	36.0	36.0	36.0	32.0	36.0
50-54	34.56337287009975	36.0	36.0	36.0	32.0	36.0
55-59	34.44770328563368	36.0	36.0	36.0	32.0	36.0
60-64	34.322871925588274	36.0	36.0	36.0	32.0	36.0
65-69	34.18238910290667	36.0	36.0	36.0	32.0	36.0
70-74	34.04606980858868	36.0	36.0	36.0	32.0	36.0
75-76	33.5740861957086	36.0	36.0	36.0	26.5	36.0
>>END_MODULE
>>Per sequence quality scores	pass
#Quality	Count
2	15531.0
3	0.0
4	0.0
5	0.0
6	0.0
7	0.0
8	0.0
9	0.0
10	0.0
11	0.0
12	0.0
13	0.0
14	0.0
15	0.0
16	2.0
17	4.0
18	63.0
19	469.0
20	2085.0
21	5959.0
22	12767.0
23	23314.0
24	41015.0
25	70194.0
26	112148.0
27	167239.0
28	235420.0
29	321132.0
30	421479.0
31	553305.0
32	755118.0
33	1157169.0
34	2544932.0
35	1.1865536E7
>>END_MODULE
>>Per base sequence content	fail
#Base	G	A	T	C
1	43.0291781829316	18.83265944388401	11.467433233001719	26.670729140182676
2	15.950282541479059	20.6092179328407	36.1941895146629	27.24631001101734
3	18.706761038527887	22.153914709926813	28.582568543988714	30.556755707556583
4	12.886253475383214	15.585326979909073	35.97693193033104	35.55148761437667
5	14.489476115881647	35.53098387859601	34.43551575096983	15.544024254552513
6	33.87537009243084	35.807685893703166	16.454783794940774	13.86216021892522
7	30.207503273763148	29.956127473092266	20.721064444608476	19.115304808536116
8	26.00684004625643	35.16048410687094	20.07551389196445	18.757161954908184
9	24.414487119553183	15.7102248029591	20.35714773898471	39.51814033850301
10-14	23.510834045699973	23.500858798572573	28.91652675586111	24.071780399866345
15-19	21.73915368425537	28.940513462523526	26.949397853441887	22.370934999779216
20-24	21.886528887646993	27.627071798795612	28.169160806773018	22.317238506784378
25-29	21.46264814675508	27.795209986606878	28.253632334107714	22.48850953253033
30-34	21.52848277919989	27.826698520182397	28.45859741189802	22.18622128871969
35-39	21.466428291765904	28.14691946820868	28.324479308389726	22.062172931635686
40-44	21.678237460912662	28.01849145678516	28.38494044600014	21.918330636302034
45-49	21.6244806809063	28.141952903115335	28.174439345816403	22.05912707016196
50-54	21.573546165452516	28.32226963562511	28.18492886835035	21.919255330572028
55-59	21.6409617606881	28.121423457012867	28.022156736744876	22.215458045554158
60-64	21.76065294684889	28.097897449317816	28.143300815908066	21.998148787925224
65-69	21.89412977405457	28.322131618338396	27.9593738687389	21.824364738868134
70-74	22.175075832910224	28.539958054886704	27.929779911222287	21.35518620098079
75-76	25.71496787201478	35.78848767761558	29.188632262706353	9.307912187663293
>>END_MODULE
>>Per base GC content	fail
#Base	%GC
1	69.69990732311427
2	43.1965925524964
3	49.26351674608447
4	48.43774108975989
5	30.033500370434158
6	47.73753031135606
7	49.32280808229926
8	44.76400200116461
9	63.93262745805619
10-14	47.58261444556632
15-19	44.11008868403459
20-24	44.20376739443137
25-29	43.95115767928541
30-34	43.71470406791958
35-39	43.528601223401594
40-44	43.5965680972147
45-49	43.68360775106826
50-54	43.49280149602454
55-59	43.85641980624226
60-64	43.75880173477412
65-69	43.7184945129227
70-74	43.530262033891006
75-76	35.02288005967807
>>END_MODULE
>>Per sequence GC content	fail
#GC Content	Count
0	15554.0
1	7786.5
2	42.5
3	98.5
4	131.0
5	175.0
6	320.5
7	591.5
8	763.5
9	980.5
10	1666.5
11	2849.5
12	3576.5
13	4578.5
14	7131.5
15	11493.0
16	18368.0
17	23535.0
18	31415.5
19	46748.5
20	66121.0
21	80104.0
22	100153.0
23	136005.0
24	173473.0
25	198145.5
26	229205.5
27	279868.0
28	330223.5
29	364603.5
30	406113.5
31	472605.0
32	539525.5
33	584380.0
34	642158.0
35	730081.5
36	802730.0
37	841057.5
38	859543.0
39	865174.0
40	844783.5
41	814594.0
42	802645.0
43	793698.0
44	770376.5
45	743390.5
46	727598.5
47	710928.5
48	680536.5
49	649029.5
50	628825.0
51	610596.5
52	584030.0
53	559651.5
54	546395.0
55	532098.5
56	510519.0
57	490362.0
58	471937.0
59	446257.0
60	409095.5
61	366734.5
62	333392.0
63	301368.5
64	260237.0
65	223998.0
66	186400.5
67	158817.0
68	138292.5
69	112575.0
70	87996.5
71	71543.0
72	59647.0
73	47216.0
74	36296.0
75	29154.5
76	24479.5
77	19554.0
78	14867.5
79	11705.0
80	9767.0
81	7617.0
82	5445.0
83	4111.0
84	3257.5
85	2359.0
86	1573.0
87	1118.0
88	879.0
89	599.0
90	371.5
91	257.0
92	215.5
93	193.5
94	153.0
95	109.0
96	89.0
97	74.0
98	52.5
99	115.5
100	187.0
>>END_MODULE
>>Per base N content	pass
#Base	N-Count
1	0.08484622216336725
2	0.08484622216336725
3	0.08484622216336725
4	0.08484622216336725
5	0.08484622216336725
6	0.08484622216336725
7	0.08484622216336725
8	0.08484622216336725
9	0.08484622216336725
10-14	0.0852767084364001
15-19	0.08492926012466293
20-24	0.08762362344775691
25-29	0.0870718580470422
30-34	0.08692107859100533
35-39	0.0193964274268832
40-44	0.005796114561044236
45-49	0.0050928605227463074
50-54	0.007733840351276454
55-59	0.0015751209864565399
60-64	0.004306830826415423
65-69	0.0011915497359001183
70-74	2.7921721945262725E-4
75-76	0.0
>>END_MODULE
>>Sequence Length Distribution	warn
#Length	Count
35	20132.0
36	7011.0
37	9450.0
38	10825.0
39	12260.0
40	13244.0
41	14649.0
42	16007.0
43	18823.0
44	20712.0
45	22488.0
46	22977.0
47	23935.0
48	24307.0
49	25020.0
50	26116.0
51	27103.0
52	28117.0
53	30819.0
54	33640.0
55	34393.0
56	35164.0
57	35593.0
58	35970.0
59	36632.0
60	38516.0
61	38290.0
62	39534.0
63	40756.0
64	45141.0
65	45804.0
66	47501.0
67	49928.0
68	47267.0
69	54143.0
70	55259.0
71	68997.0
72	136599.0
73	423549.0
74	1215535.0
75	3717667.0
76	1.1655008E7
>>END_MODULE
>>Sequence Duplication Levels	warn
#Total Duplicate Percentage	34.09027372468623
#Duplication Level	Relative count
1	100.0
2	22.551047743779023
3	9.251845457792594
4	4.816049529705917
5	2.888736754375521
6	1.8015537563995714
7	1.216662697940231
8	0.8751041790689368
9	0.630283367067508
10++	4.795957852125253
>>END_MODULE
>>Overrepresented sequences	pass
>>END_MODULE
>>Kmer Content	warn
#Sequence	Count	Obs/Exp Overall	Obs/Exp Max	Max Obs/Exp Position
AAAAA	8277140	3.9674323	7.458033	72
TTTTT	7827985	3.6702635	6.3870664	72
CCTGG	2771845	3.1441162	12.809501	3
CCAGG	2650935	3.0202656	14.195539	3
CCCAG	2473600	2.8061204	12.3474245	2
CTGGG	2428285	2.7662957	10.76436	4
CCAGC	2376895	2.6964157	7.1689696	3
AGAAA	4387505	2.6168916	5.184419	48
TTTCT	4428410	2.583932	5.2847624	16
CCTCC	2288420	2.5735164	5.146186	1
GGAGG	2227645	2.5599446	5.894994	6
GCTGG	2235030	2.54614	6.258247	3
CAGCA	2777420	2.5430143	6.7303143	4
GAAAA	4175090	2.4901984	5.217729	24
TCCAG	2708770	2.4692383	9.704446	2
TGCTG	2705820	2.4662812	6.360317	2
CAGCC	2121940	2.4071877	6.360298	5
GCTGC	2051030	2.3264928	5.912256	8
AGCAG	2507300	2.3055937	5.5445786	7
CTCCA	2537715	2.303374	7.079487	1
CAGGA	2497125	2.2962375	10.247349	4
GGCTG	2014180	2.2945483	8.636353	7
CTGGA	2500270	2.2890062	8.650663	4
AGGAG	2475140	2.2858381	7.396411	5
CTGCT	2511870	2.279668	6.598733	9
GGCAG	1971310	2.2556424	6.500368	7
CTCCT	2491130	2.2511353	6.47862	1
CCTGC	1969815	2.2247736	6.4038944	3
TCCTG	2438615	2.2131848	8.680747	2
CTGCC	1946760	2.1987348	5.860226	9
GCAGG	1918350	2.1950436	6.613559	3
CAGAG	2378655	2.1872978	8.21446	4
GCCTG	1923695	2.1820557	8.27926	7
CCCTG	1909645	2.156816	9.010164	2
CTGCA	2339965	2.1330462	6.359724	4
CTCTG	2318700	2.104355	7.2647476	2
TGCAG	2293010	2.0992591	6.2701106	2
CAGGG	1817180	2.0792813	9.540515	4
GCCAG	1822960	2.0769365	5.877323	2
GAGAA	2769915	2.0557644	5.060622	47
CTGGC	1807130	2.049836	5.7256045	4
TGGAG	2219825	2.0410237	6.1660056	5
AGCTG	2217560	2.0301843	6.0718603	7
CAGGC	1775130	2.0224428	6.3524213	4
GGGAG	1727990	1.9857554	5.426308	7
GGAGA	2141430	1.9776509	5.4074893	6
CCCCA	1744670	1.9707018	7.2042193	1
CAGAA	2658535	1.9646267	5.30168	4
CACAG	2127090	1.9475703	6.9764156	7
CTCAG	2082655	1.8984895	6.0271134	2
CTGTG	2078820	1.8947878	8.758787	9
CTGAG	2057235	1.8834063	5.8270826	4
GGCCA	1643240	1.8721776	6.761309	1
CCAGA	2031915	1.8604276	7.052141	3
CAGTG	2028470	1.8570718	7.421592	7
TGGGG	1594765	1.8245882	5.975774	5
CACTG	1984740	1.809233	7.3784814	7
TCTGG	1973375	1.7986776	6.112492	3
CCTCT	1989120	1.7974889	5.4617605	1
ACCTG	1954995	1.7821182	5.430963	7
TGGCC	1559990	1.7695037	5.9589105	5
CATTT	3011100	1.764716	5.039394	14
AGAGG	1904175	1.7585413	5.1807404	5
GCCCA	1504675	1.7069451	8.112686	1
CCTGA	1845355	1.6821735	5.4790773	3
GAGAG	1817225	1.6782414	5.3196683	7
ACAGA	2235345	1.6518942	5.784563	8
TCAGG	1776390	1.6262915	5.6848874	3
TGGGC	1425955	1.6244439	6.524657	5
GGGCC	1143310	1.6208726	5.6527267	6
GCCCC	1150180	1.6166359	5.00277	1
GGCCT	1411640	1.6012295	5.4292192	6
CCTGT	1729935	1.5700165	5.580972	8
AGGTG	1705410	1.5680435	5.083813	7
AGGCC	1374140	1.5655866	5.065164	5
GTGTG	1697620	1.5540086	7.683938	9
AGCCT	1698915	1.5486828	5.858928	6
CACAC	1659185	1.5126303	6.8677316	5
ACACA	2019245	1.48579	6.1997237	6
AGTGG	1586970	1.4591435	5.3199205	8
AGGCT	1575360	1.4422479	5.153875	6
TGTGT	1967505	1.4410319	6.123462	10
CTGTC	1581090	1.4349312	5.873141	9
ACAGC	1559510	1.4278922	5.5598216	8
GACAG	1548465	1.4238946	7.025292	7
GCCCT	1256135	1.4187201	5.945252	1
GGGCT	1244295	1.4174975	6.007932	6
GCTGT	1544760	1.4080067	5.232659	8
GTCCT	1532265	1.3906195	10.69479	1
AGAGC	1476760	1.3579583	5.066837	5
AGGGC	1177115	1.3468965	5.8043437	5
ATGGC	1467200	1.343227	5.9790688	17
AGGAC	1445530	1.3292406	11.584903	5
AGACA	1797420	1.3282728	5.4430504	6
GGACA	1416870	1.3028862	6.5453234	6
ACTGC	1335235	1.2171625	5.1844263	8
TGTGC	1311215	1.1951368	6.5758767	10
GTCCA	1294785	1.1802895	6.5998707	1
GTGCT	1293285	1.178794	5.505769	1
AGCAC	1234330	1.1301564	5.4007626	5
TACAG	1520075	1.1183718	5.422409	5
TGGAC	1213175	1.1106662	5.965408	5
GTGCA	1203930	1.1022023	5.658125	1
CTGTA	1477835	1.0825073	5.5001802	1
TGCAC	1167270	1.0640504	5.442477	5
ACAGT	1429780	1.0519389	5.272972	8
GGACC	921190	1.0495311	6.581997	6
ACTGT	1395480	1.0221826	5.97031	8
GACTG	1113710	1.0196056	6.1447315	7
AGACT	1323710	0.9738995	5.5421686	6
AGTGT	1312520	0.9655617	5.258408	8
CTACA	1279120	0.93705124	5.9215918	4
GGACT	1018320	0.9322757	5.3457265	6
TGTAG	1259495	0.9265537	6.403791	2
TAGGA	1174155	0.86759275	7.1527176	4
TCCTA	1164485	0.84931654	6.581117	2
CCTAC	855615	0.7766047	5.5137267	3
GTAGG	843085	0.77517664	6.0853724	3
GTGTA	891575	0.6558915	5.3580832	1
GGACG	529020	0.6053233	5.4376607	6
>>END_MODULE
