##FastQC	0.10.1
>>Basic Statistics	pass
#Measure	Value	
Filename	KS28_S3_L004_R1_001_trimmed.fq.gz	
File type	Conventional base calls	
Encoding	Sanger / Illumina 1.9	
Total Sequences	23321277	
Filtered Sequences	0	
Sequence length	20-50	
%GC	44	
>>END_MODULE
>>Per base sequence quality	pass
#Base	Mean	Median	Lower Quartile	Upper Quartile	10th Percentile	90th Percentile
1	35.27104390552884	36.0	36.0	36.0	36.0	36.0
2	35.25387996549246	36.0	36.0	36.0	36.0	36.0
3	35.23914226480823	36.0	36.0	36.0	36.0	36.0
4	35.2325617503707	36.0	36.0	36.0	36.0	36.0
5	35.2167795957314	36.0	36.0	36.0	36.0	36.0
6	35.18282862469324	36.0	36.0	36.0	36.0	36.0
7	35.16845548380562	36.0	36.0	36.0	36.0	36.0
8	35.15885853935014	36.0	36.0	36.0	36.0	36.0
9	35.14353189149977	36.0	36.0	36.0	36.0	36.0
10	35.123876449818766	36.0	36.0	36.0	36.0	36.0
11	35.11183465639553	36.0	36.0	36.0	36.0	36.0
12	35.09900761437721	36.0	36.0	36.0	36.0	36.0
13	35.08491580456765	36.0	36.0	36.0	36.0	36.0
14	35.08357719862424	36.0	36.0	36.0	36.0	36.0
15	35.068026549318034	36.0	36.0	36.0	36.0	36.0
16	35.05248417571645	36.0	36.0	36.0	36.0	36.0
17	35.042691144228506	36.0	36.0	36.0	36.0	36.0
18	35.025405727139216	36.0	36.0	36.0	36.0	36.0
19	35.014289612013954	36.0	36.0	36.0	36.0	36.0
20	35.01115187646028	36.0	36.0	36.0	36.0	36.0
21	34.98728067614068	36.0	36.0	36.0	36.0	36.0
22	34.97801704933283	36.0	36.0	36.0	36.0	36.0
23	34.968883497148276	36.0	36.0	36.0	36.0	36.0
24	34.95150310113003	36.0	36.0	36.0	36.0	36.0
25	34.94402858962991	36.0	36.0	36.0	36.0	36.0
26	34.92607619637532	36.0	36.0	36.0	36.0	36.0
27	34.914761979911816	36.0	36.0	36.0	36.0	36.0
28	34.89450431393523	36.0	36.0	36.0	36.0	36.0
29	34.880156696213355	36.0	36.0	36.0	36.0	36.0
30	34.85777557037422	36.0	36.0	36.0	36.0	36.0
31	34.84674774159967	36.0	36.0	36.0	36.0	36.0
32	34.83231154847707	36.0	36.0	36.0	36.0	36.0
33	34.80312265444506	36.0	36.0	36.0	36.0	36.0
34	34.78289835564438	36.0	36.0	36.0	36.0	36.0
35	34.76700879981654	36.0	36.0	36.0	36.0	36.0
36	34.74949164161141	36.0	36.0	36.0	32.0	36.0
37	34.73032736083971	36.0	36.0	36.0	32.0	36.0
38	34.7133824165776	36.0	36.0	36.0	32.0	36.0
39	34.68070431307408	36.0	36.0	36.0	32.0	36.0
40	34.66020809854274	36.0	36.0	36.0	32.0	36.0
41	34.64650218839452	36.0	36.0	36.0	32.0	36.0
42	34.62570150650125	36.0	36.0	36.0	32.0	36.0
43	34.59534788589257	36.0	36.0	36.0	32.0	36.0
44	34.577238434338	36.0	36.0	36.0	32.0	36.0
45	34.56218680964431	36.0	36.0	36.0	32.0	36.0
46	34.552823134275954	36.0	36.0	36.0	32.0	36.0
47	34.5623461054165	36.0	36.0	36.0	32.0	36.0
48	34.56718970995223	36.0	36.0	36.0	32.0	36.0
49	34.62867301812615	36.0	36.0	36.0	32.0	36.0
50	34.73255723366132	36.0	36.0	36.0	32.0	36.0
>>END_MODULE
>>Per sequence quality scores	pass
#Quality	Count
8	1.0
9	1.0
10	5.0
11	25.0
12	19.0
13	49.0
14	73.0
15	146.0
16	309.0
17	613.0
18	1348.0
19	3169.0
20	6644.0
21	12439.0
22	21676.0
23	34732.0
24	54902.0
25	82750.0
26	120321.0
27	168794.0
28	229216.0
29	303831.0
30	395793.0
31	525517.0
32	723178.0
33	1104693.0
34	2237450.0
35	1.0953263E7
36	6340320.0
>>END_MODULE
>>Per base sequence content	pass
#Base	G	A	T	C
1	22.182259137537468	27.19106548556906	27.76977815721245	22.856897219681024
2	22.043083440800736	27.08565339645234	28.05301653765218	22.818246625094737
3	22.129730090845033	27.17303778807068	27.797321083276234	22.899911037808053
4	22.118219364273312	27.031158063618975	28.086221633800797	22.76440093830691
5	22.324933231816765	27.024202405146813	27.695902077562067	22.954962285474352
6	21.898409790997047	27.31609087881357	27.90753787685664	22.87796145333274
7	21.871690759907008	27.336484304489712	27.978487602452446	22.813337333150837
8	22.048962360454478	27.19569018297443	27.991885774789125	22.763461681781962
9	21.76856072710021	27.389637494462	28.12180273209732	22.719999046340476
10	21.97657134810329	27.46308040127139	27.913517601290806	22.64683064933452
11	22.282302662790645	27.522936448638447	27.72106153121558	22.473699357355322
12	21.788375671343708	27.539901120161893	28.069952078089806	22.601771130404593
13	21.89144747986751	27.345371013418003	28.18115805354043	22.582023453174063
14	21.896790760331697	27.090656595369666	28.35959559298998	22.652957051308658
15	21.80498242763493	27.34516197315497	28.187358395281464	22.662497203928638
16	21.970746267402234	27.772709263882113	27.973418125866207	22.283126342849453
17	22.057996703396558	27.526510075215853	27.850689945728302	22.564803275659283
18	21.932314838857973	27.809436365823476	27.849889389947553	22.40835940537099
19	21.966779265226858	27.662573444424176	28.053130671362375	22.317516618986595
20	21.945234524176268	27.456791091216843	28.04778426232073	22.55019012228616
21	22.000303320874348	27.585643086601458	28.053661874299845	22.36039171822435
22	21.900276605518513	27.6404841985807	28.083226521286335	22.376012674614454
23	22.013630100773657	27.396669319860457	27.99236354694831	22.597337032417574
24	21.92410543960338	27.719408118434814	28.04175482621082	22.31473161575099
25	21.949943344506593	27.681035103591327	27.950518358054367	22.41850319384771
26	22.074326467203935	27.777533392011765	27.828502544816985	22.319637595967308
27	21.87033223551523	27.833565635404163	28.004413523732197	22.291688605348405
28	21.84964635058956	27.71511026840458	27.95997419277198	22.475269188233877
29	21.98552313451912	27.605760604059405	28.04790283171858	22.360813429702894
30	21.947910872632253	27.723728123777423	27.984337725886494	22.344023277703826
31	22.06177239457049	27.715479551040524	27.913295949345283	22.309452105043704
32	22.00559443433511	27.6699104258411	27.922731238201592	22.4017639016222
33	21.925747483905784	27.632770566724112	28.040851306757748	22.400630642612356
34	22.07090147753602	27.852093862290317	27.935084804209474	22.141919855964197
35	22.046943011272905	27.694337720138506	27.867799133371708	22.39092013521688
36	22.162331326213522	27.84995502845642	27.762926682877687	22.224786962452377
37	21.95709980778333	27.7610494483156	27.938467804656486	22.343382939244584
38	21.91712344106105	27.57975118840274	28.021004384352636	22.48212098618357
39	21.835526570290153	27.76263136622626	28.03564748874529	22.366194574738298
40	21.994342595163303	27.76739136514194	27.985612690176037	22.25265334951872
41	22.159492649645244	27.797601868301797	27.820956958005493	22.221948524047466
42	22.04983056797451	27.912658153787	27.810413855813632	22.227097422424855
43	22.043029099174955	27.90395453175105	27.853085270513983	22.199931098560008
44	22.097701511495096	27.64234219955396	27.827792525706823	22.432163763244123
45	21.892236405705347	27.72759651498778	28.03640147647844	22.343765602828437
46	21.995834650859727	27.813829405807887	27.833453840938304	22.356882102394078
47	21.95497488976616	27.849920415790802	27.93512881232232	22.25997588212072
48	21.983017956354033	28.19518861393211	28.0018277395685	21.819965690145356
49	22.072403394990648	28.542908445199057	28.119319623868666	21.26536853594163
50	21.769412020515553	28.53164836691763	28.288407101117784	21.410532511449038
>>END_MODULE
>>Per base GC content	pass
#Base	%GC
1	45.03915635721849
2	44.86133006589547
3	45.02964112865308
4	44.88262030258022
5	45.279895517291116
6	44.77637124432979
7	44.68502809305785
8	44.812424042236444
9	44.488559773440684
10	44.62340199743781
11	44.75600202014597
12	44.3901468017483
13	44.473470933041575
14	44.54974781164036
15	44.46747963156356
16	44.25387261025168
17	44.62279997905584
18	44.340674244228964
19	44.28429588421345
20	44.495424646462425
21	44.360695039098694
22	44.27628928013297
23	44.61096713319123
24	44.238837055354374
25	44.368446538354306
26	44.39396406317124
27	44.16202084086363
28	44.32491553882344
29	44.346336564222014
30	44.291934150336076
31	44.37122449961419
32	44.40735833595731
33	44.32637812651814
34	44.212821333500216
35	44.43786314648979
36	44.3871182886659
37	44.300482747027914
38	44.399244427244625
39	44.20172114502846
40	44.24699594468202
41	44.38144117369271
42	44.276927990399365
43	44.242960197734966
44	44.529865274739215
45	44.23600200853378
46	44.35271675325381
47	44.214950771886876
48	43.802983646499385
49	43.33777193093227
50	43.17994453196459
>>END_MODULE
>>Per sequence GC content	warn
#GC Content	Count
0	4958.0
1	4738.0
2	3813.5
3	3376.5
4	3743.5
5	4545.5
6	5390.5
7	6819.5
8	8277.5
9	11018.0
10	14174.0
11	20112.5
12	26123.5
13	35625.5
14	46704.0
15	64301.5
16	83099.5
17	110770.0
18	140114.5
19	178144.0
20	217164.0
21	265411.5
22	315651.0
23	374817.0
24	436268.0
25	493997.0
26	558827.5
27	630449.5
28	706027.0
29	785773.0
30	865419.5
31	944791.0
32	1028707.5
33	1111254.0
34	1193326.0
35	1262954.5
36	1328367.5
37	1381715.5
38	1423091.5
39	1445303.0
40	1463895.5
41	1466936.0
42	1467378.5
43	1452253.5
44	1431206.0
45	1396451.0
46	1360296.5
47	1321185.5
48	1281807.0
49	1244195.5
50	1206423.5
51	1170369.0
52	1133654.0
53	1098287.0
54	1063577.5
55	1029794.5
56	991637.0
57	945630.0
58	897688.0
59	840250.5
60	780658.0
61	716506.0
62	650640.0
63	594002.0
64	528697.5
65	467979.0
66	408534.5
67	354903.0
68	302913.0
69	256896.5
70	216898.5
71	182686.5
72	151611.0
73	124933.5
74	100512.0
75	82487.0
76	69149.5
77	56449.0
78	44774.5
79	35837.0
80	28295.0
81	23014.5
82	18473.5
83	14887.5
84	11658.0
85	9204.0
86	7064.0
87	5441.0
88	4297.0
89	3309.0
90	2424.0
91	1905.0
92	1495.5
93	1251.5
94	1033.0
95	907.5
96	807.0
97	717.0
98	636.5
99	759.0
100	881.0
>>END_MODULE
>>Per base N content	pass
#Base	N-Count
1	1.37213755490319E-4
2	0.0010805583244862622
3	5.745826011157107E-4
4	5.274153726659136E-4
5	0.0012392117292719434
6	0.002169692508690669
7	9.133290599824357E-4
8	0.003220235324163424
9	0.002508438967557394
10	0.0025770458453025537
11	0.009304807794187258
12	0.005381351973135948
13	0.014986314857458279
14	0.0026285010036114233
15	0.012199160449061172
16	0.00826712876829172
17	0.009107563020669923
18	0.01231493455525613
19	0.005415655412008527
20	0.006642003351703254
21	0.013022905596034789
22	0.008386227109851072
23	0.0165920646871358
24	0.012012199026783936
25	0.006211206859445081
26	0.010132485260400347
27	0.009080819291696096
28	0.012408271582580737
29	0.015228617843300244
30	0.03259639615420478
31	0.015270607548503339
32	0.016410976628662644
33	0.018084167543497804
34	0.013009506977488731
35	0.009910849774445504
36	0.012938209984272888
37	0.012645898951110143
38	0.01252839748254346
39	0.023380035654554373
40	0.022345322839956872
41	0.017964252454642567
42	0.0115903321234962
43	0.018253697299391712
44	0.01360618012328048
45	0.012072133261427597
46	0.005699551058336228
47	0.010390188197409705
48	0.0069070205154207085
49	0.0065337881271526
50	0.019206664705557645
>>END_MODULE
>>Sequence Length Distribution	warn
#Length	Count
20	16186.0
21	16907.0
22	18024.0
23	18797.0
24	19163.0
25	19731.0
26	20729.0
27	21712.0
28	22819.0
29	25021.0
30	25530.0
31	26733.0
32	27670.0
33	28316.0
34	29028.0
35	29649.0
36	30834.0
37	32434.0
38	34886.0
39	38015.0
40	40522.0
41	44106.0
42	48650.0
43	63742.0
44	107411.0
45	214660.0
46	596834.0
47	1318112.0
48	2677105.0
49	3613885.0
50	1.4094066E7
>>END_MODULE
>>Sequence Duplication Levels	warn
#Total Duplicate Percentage	36.59425298706429
#Duplication Level	Relative count
1	100.0
2	23.264705424304246
3	10.505988070579807
4	5.976390338104063
5	3.6862842815093986
6	2.3928921835822523
7	1.7302331376243947
8	1.1835978259176776
9	0.9593371852174861
10++	6.037127594960365
>>END_MODULE
>>Overrepresented sequences	pass
>>END_MODULE
>>Kmer Content	warn
#Sequence	Count	Obs/Exp Overall	Obs/Exp Max	Max Obs/Exp Position
AAAAA	6711770	4.006975	4.791983	46
TTTTT	6139285	3.4349544	3.929898	46
CCTGG	2183610	3.0727808	3.7966962	9
>>END_MODULE
