##FastQC	0.10.1
>>Basic Statistics	pass
#Measure	Value	
Filename	KS28_S3_L001_R2_001_trimmed.fq.gz	
File type	Conventional base calls	
Encoding	Sanger / Illumina 1.9	
Total Sequences	23447955	
Filtered Sequences	0	
Sequence length	20-50	
%GC	44	
>>END_MODULE
>>Per base sequence quality	pass
#Base	Mean	Median	Lower Quartile	Upper Quartile	10th Percentile	90th Percentile
1	34.965584845245566	36.0	36.0	36.0	36.0	36.0
2	34.96106914227701	36.0	36.0	36.0	36.0	36.0
3	34.94221146364363	36.0	36.0	36.0	36.0	36.0
4	34.93872864392652	36.0	36.0	36.0	36.0	36.0
5	34.917508669732605	36.0	36.0	36.0	36.0	36.0
6	34.90877345167201	36.0	36.0	36.0	36.0	36.0
7	34.894110424555144	36.0	36.0	36.0	36.0	36.0
8	34.88900004286088	36.0	36.0	36.0	36.0	36.0
9	34.87283219368171	36.0	36.0	36.0	36.0	36.0
10	34.853863204701646	36.0	36.0	36.0	36.0	36.0
11	34.840548738685314	36.0	36.0	36.0	36.0	36.0
12	34.832545567406626	36.0	36.0	36.0	36.0	36.0
13	34.817926595304364	36.0	36.0	36.0	36.0	36.0
14	34.80867222749276	36.0	36.0	36.0	36.0	36.0
15	34.78780426693927	36.0	36.0	36.0	36.0	36.0
16	34.77318704339035	36.0	36.0	36.0	36.0	36.0
17	34.76367499852333	36.0	36.0	36.0	36.0	36.0
18	34.750713143214405	36.0	36.0	36.0	36.0	36.0
19	34.73959042483662	36.0	36.0	36.0	36.0	36.0
20	34.7291525423006	36.0	36.0	36.0	32.0	36.0
21	34.71734425027628	36.0	36.0	36.0	32.0	36.0
22	34.705369462022716	36.0	36.0	36.0	32.0	36.0
23	34.692979125609774	36.0	36.0	36.0	32.0	36.0
24	34.677721612092085	36.0	36.0	36.0	32.0	36.0
25	34.65817952050924	36.0	36.0	36.0	32.0	36.0
26	34.650820298999356	36.0	36.0	36.0	32.0	36.0
27	34.62665401391088	36.0	36.0	36.0	32.0	36.0
28	34.60356659387854	36.0	36.0	36.0	32.0	36.0
29	34.594056574638536	36.0	36.0	36.0	32.0	36.0
30	34.5671694386349	36.0	36.0	36.0	32.0	36.0
31	34.54704139235449	36.0	36.0	36.0	32.0	36.0
32	34.53348408141967	36.0	36.0	36.0	32.0	36.0
33	34.50672772648138	36.0	36.0	36.0	32.0	36.0
34	34.47500298090959	36.0	36.0	36.0	32.0	36.0
35	34.452837082573595	36.0	36.0	36.0	32.0	36.0
36	34.431331953130936	36.0	36.0	36.0	32.0	36.0
37	34.41838100499725	36.0	36.0	36.0	32.0	36.0
38	34.40298120840916	36.0	36.0	36.0	32.0	36.0
39	34.365584099650015	36.0	36.0	36.0	32.0	36.0
40	34.35017294500037	36.0	36.0	36.0	32.0	36.0
41	34.31835115492996	36.0	36.0	36.0	32.0	36.0
42	34.2987081492538	36.0	36.0	36.0	32.0	36.0
43	34.279379485916486	36.0	36.0	36.0	32.0	36.0
44	34.26203133237854	36.0	36.0	36.0	32.0	36.0
45	34.229989019980714	36.0	36.0	36.0	32.0	36.0
46	34.228924635004276	36.0	36.0	36.0	32.0	36.0
47	34.23773131976476	36.0	36.0	36.0	32.0	36.0
48	34.2522053840295	36.0	36.0	36.0	32.0	36.0
49	34.321290011086525	36.0	36.0	36.0	32.0	36.0
50	34.45756106249605	36.0	36.0	36.0	32.0	36.0
>>END_MODULE
>>Per sequence quality scores	pass
#Quality	Count
14	840.0
15	1835.0
16	3232.0
17	5629.0
18	9264.0
19	14197.0
20	22604.0
21	33983.0
22	48995.0
23	70403.0
24	98341.0
25	134138.0
26	179304.0
27	233217.0
28	299435.0
29	377689.0
30	479280.0
31	619270.0
32	840402.0
33	1267079.0
34	2472814.0
35	1.0594988E7
36	5641016.0
>>END_MODULE
>>Per base sequence content	pass
#Base	G	A	T	C
1	22.238843430056054	27.161038137440986	27.819048612128434	22.781069820374526
2	22.105271014039392	27.0598736648889	28.122571883134373	22.712283437937337
3	22.17748200216181	27.155856448888617	27.85398556078771	22.812675988161867
4	22.18097484407489	27.01079049324344	28.13722561306519	22.67100904961648
5	22.38600764970762	27.00699911783352	27.731932272985	22.875060959473863
6	21.953407024194647	27.291983458685415	27.945204603130634	22.8094049139893
7	21.95776987801282	27.3373221673276	28.0178719210268	22.687036033632786
8	22.1357086364248	27.207984662201884	27.996859427613195	22.659447273760122
9	21.830381370145073	27.418668280453456	28.180389291944653	22.57056105745682
10	22.020542942870712	27.496564199308636	27.95397295840938	22.52891989941127
11	22.32584462056499	27.522067489467634	27.765722000063548	22.386365889903832
12	21.824014077133803	27.570127117695336	28.106604605817438	22.49925419935342
13	21.955176901354513	27.369533931637108	28.202024440937386	22.473264726070994
14	21.961855522155343	27.13841782790866	28.356408906448344	22.543317743487652
15	21.896092857564764	27.370459385477325	28.205645225777687	22.527802531180225
16	22.02113574510016	27.752475642332136	28.033148306536752	22.193240306030955
17	22.132015350592408	27.51680050563045	27.881638292123984	22.469545851653162
18	21.99532965668008	27.80784081170405	27.914383151963573	22.2824463796523
19	22.042250592855538	27.66503091634217	28.096979032926328	22.195739457875966
20	22.03176780235206	27.450722248486066	28.09094439152583	22.42656555763605
21	22.04654610097586	27.59990817093846	28.086133576970283	22.267412151115398
22	21.943249332796462	27.63545236598363	28.15505168208586	22.26624661913404
23	22.078454363837235	27.409945007864415	28.012945562081864	22.498655066216482
24	21.984583357826672	27.74397910951376	28.080459826175584	22.19097770648398
25	22.020949009466595	27.67467827640114	28.00821606356213	22.29615665057014
26	22.15040452208928	27.775624818277073	27.859131645573093	22.21483901406055
27	21.929239234468234	27.87619461505692	28.014303848894524	22.18026230158032
28	21.89156056389706	27.742827576738556	28.007373603723423	22.358238255640966
29	22.037332163120833	27.641266360678106	28.066348228551856	22.2550532476492
30	22.019889552790197	27.744942312085414	28.00886359602605	22.226304539098344
31	22.086859116847403	27.773640540573847	27.944740336853453	22.1947600057253
32	22.0884484062611	27.715829575775437	27.91293204438356	22.2827899735799
33	21.964843237411856	27.6941119942694	28.055518288961416	22.285526479357326
34	22.117116596965065	27.918379689558968	27.920269653276424	22.04423406019954
35	22.105176955294244	27.759771924056448	27.85455672051793	22.280494400131374
36	22.18147665235192	27.912337705843775	27.80780560958995	22.098380032214358
37	21.98150850076904	27.809757973159506	27.96281011797835	22.24592340809311
38	21.969738385660158	27.63612457433039	28.01373259239127	22.38040444761818
39	21.86187476811641	27.810487905505234	28.05171435836251	22.275922968015845
40	22.03421633867154	27.81755475209835	27.982651608062316	22.165577301167797
41	22.198744265462185	27.837378377084537	27.860147118068905	22.10373023938437
42	22.10698859497251	27.933509742446873	27.835800302476954	22.123701360103667
43	22.085303320546938	27.943072750185944	27.884248112722354	22.087375816544764
44	22.14324574754698	27.70620446065334	27.828966170151325	22.321583621648358
45	21.939317963962253	27.81322768080347	28.01490945412638	22.232544901107897
46	22.005336712216632	27.876198614983977	27.845675264732826	22.27278940806656
47	22.009805461292515	27.90281807101438	27.905536010560507	22.181840457132598
48	22.019733689031685	28.266806903957526	27.976260978630645	21.737198428380147
49	22.127479139765285	28.590216702427558	28.09410695572634	21.188197202080822
50	21.83623443631746	28.52685830513149	28.293115781732105	21.343791476818947
>>END_MODULE
>>Per base GC content	pass
#Base	%GC
1	45.019913250430584
2	44.817554451976726
3	44.990157990323674
4	44.85198389369137
5	45.26106860918148
6	44.76281193818395
7	44.644805911645605
8	44.79515591018492
9	44.4009424276019
10	44.54946284228198
11	44.71221051046882
12	44.32326827648723
13	44.4284416274255
14	44.505173265642995
15	44.42389538874499
16	44.21437605113111
17	44.60156120224557
18	44.27777603633238
19	44.237990050731504
20	44.45833335998811
21	44.31395825209126
22	44.209495951930506
23	44.57710943005372
24	44.175561064310656
25	44.31710566003673
26	44.36524353614983
27	44.109501536048555
28	44.24979881953802
29	44.29238541077004
30	44.24619409188854
31	44.2816191225727
32	44.371238379841
33	44.250369716769185
34	44.161350657164604
35	44.38567135542562
36	44.279856684566276
37	44.227431908862144
38	44.35014283327834
39	44.137797736132256
40	44.199793639839335
41	44.30247450484656
42	44.23068995507617
43	44.172679137091706
44	44.464829369195336
45	44.171862865070146
46	44.2781261202832
47	44.19164591842512
48	43.756932117411836
49	43.31567634184611
50	43.18002591313641
>>END_MODULE
>>Per sequence GC content	warn
#GC Content	Count
0	7721.0
1	6597.0
2	5056.5
3	5133.5
4	5716.0
5	6614.0
6	7639.5
7	9040.5
8	10456.0
9	13451.0
10	16726.5
11	22383.5
12	28312.0
13	37830.0
14	48832.0
15	66607.0
16	85616.0
17	113343.5
18	142926.0
19	181056.0
20	220079.5
21	268728.5
22	319233.5
23	378952.0
24	441226.5
25	498622.5
26	564320.5
27	637921.5
28	714489.0
29	794919.5
30	876624.0
31	957323.5
32	1041034.0
33	1122728.5
34	1204905.0
35	1276320.5
36	1342995.0
37	1395144.5
38	1435046.0
39	1457264.0
40	1475854.0
41	1479085.0
42	1478257.5
43	1461848.5
44	1439535.5
45	1403536.0
46	1366807.0
47	1328281.0
48	1288386.5
49	1247578.0
50	1207759.5
51	1172440.5
52	1134426.5
53	1098067.0
54	1063073.5
55	1026636.0
56	987358.5
57	942013.0
58	893716.5
59	834871.0
60	775041.5
61	711403.0
62	646256.0
63	590078.0
64	524437.0
65	464385.5
66	406626.0
67	353726.0
68	302200.0
69	257521.5
70	218284.0
71	183367.5
72	152111.0
73	125930.5
74	101825.0
75	83969.0
76	70614.0
77	57790.0
78	46113.5
79	37131.0
80	29443.5
81	23821.5
82	19065.0
83	15470.0
84	12160.5
85	9574.5
86	7390.0
87	5814.5
88	4666.5
89	3734.5
90	2962.0
91	2429.0
92	1979.5
93	1793.5
94	1674.0
95	1620.5
96	1534.5
97	1598.5
98	2383.5
99	9941.0
100	16801.0
>>END_MODULE
>>Per base N content	pass
#Base	N-Count
1	0.0
2	0.0
3	0.0
4	0.0
5	0.0
6	0.0
7	0.0
8	0.0
9	0.0
10	0.0
11	0.0
12	0.0
13	0.0
14	0.0
15	0.0
16	0.0
17	0.0
18	0.0
19	0.0
20	0.0
21	0.0
22	0.0
23	3.847246529933245E-5
24	0.0
25	0.0
26	0.0
27	0.0
28	0.0
29	0.0
30	0.0
31	0.0
32	0.0
33	0.0
34	0.0
35	0.0
36	0.0
37	0.0
38	0.0
39	0.0
40	0.0
41	0.0
42	0.0
43	0.0
44	0.0
45	0.0
46	0.0
47	0.0
48	0.0
49	0.0
50	0.0
>>END_MODULE
>>Sequence Length Distribution	warn
#Length	Count
20	17464.0
21	18220.0
22	18917.0
23	19652.0
24	20426.0
25	21052.0
26	22414.0
27	23503.0
28	24435.0
29	26156.0
30	26454.0
31	28426.0
32	29330.0
33	29369.0
34	30881.0
35	31353.0
36	32457.0
37	34555.0
38	36868.0
39	39778.0
40	42780.0
41	46602.0
42	52392.0
43	68694.0
44	114742.0
45	227828.0
46	618794.0
47	1346605.0
48	2743045.0
49	3731323.0
50	1.392344E7
>>END_MODULE
>>Sequence Duplication Levels	warn
#Total Duplicate Percentage	35.04094919138931
#Duplication Level	Relative count
1	100.0
2	21.963089417293375
3	9.948519850654337
4	5.51149368474682
5	3.376246131384641
6	2.216612043465367
7	1.5710190332073577
8	1.0988008242907221
9	0.8706760856836518
10++	5.526702000653958
>>END_MODULE
>>Overrepresented sequences	pass
>>END_MODULE
>>Kmer Content	warn
#Sequence	Count	Obs/Exp Overall	Obs/Exp Max	Max Obs/Exp Position
AAAAA	7113770	4.2097316	5.253974	46
TTTTT	6047000	3.357943	3.8053248	46
CCTGG	2166175	3.0423589	3.7242491	9
>>END_MODULE
