##FastQC	0.10.1
>>Basic Statistics	pass
#Measure	Value	
Filename	019-F5_S6_L004_R2_001_trimmed.fq.gz	
File type	Conventional base calls	
Encoding	Sanger / Illumina 1.9	
Total Sequences	21365487	
Filtered Sequences	0	
Sequence length	20-50	
%GC	44	
>>END_MODULE
>>Per base sequence quality	pass
#Base	Mean	Median	Lower Quartile	Upper Quartile	10th Percentile	90th Percentile
1	34.99067692676511	36.0	36.0	36.0	36.0	36.0
2	34.98717894892824	36.0	36.0	36.0	36.0	36.0
3	34.96887807893169	36.0	36.0	36.0	36.0	36.0
4	34.96308836770255	36.0	36.0	36.0	36.0	36.0
5	34.94569208743054	36.0	36.0	36.0	36.0	36.0
6	34.9320453121429	36.0	36.0	36.0	36.0	36.0
7	34.917164490563685	36.0	36.0	36.0	36.0	36.0
8	34.91174804487255	36.0	36.0	36.0	36.0	36.0
9	34.89617521940876	36.0	36.0	36.0	36.0	36.0
10	34.874985859203676	36.0	36.0	36.0	36.0	36.0
11	34.869176583711855	36.0	36.0	36.0	36.0	36.0
12	34.85285605706062	36.0	36.0	36.0	36.0	36.0
13	34.84338250749913	36.0	36.0	36.0	36.0	36.0
14	34.836936270163186	36.0	36.0	36.0	36.0	36.0
15	34.82749702826806	36.0	36.0	36.0	36.0	36.0
16	34.80383775010605	36.0	36.0	36.0	36.0	36.0
17	34.792347396527866	36.0	36.0	36.0	36.0	36.0
18	34.78376388050504	36.0	36.0	36.0	36.0	36.0
19	34.76742369598222	36.0	36.0	36.0	36.0	36.0
20	34.76301569910389	36.0	36.0	36.0	36.0	36.0
21	34.74807375262307	36.0	36.0	36.0	36.0	36.0
22	34.74008849402677	36.0	36.0	36.0	36.0	36.0
23	34.73388547755183	36.0	36.0	36.0	36.0	36.0
24	34.71801774351647	36.0	36.0	36.0	36.0	36.0
25	34.70418343343558	36.0	36.0	36.0	36.0	36.0
26	34.68464493429892	36.0	36.0	36.0	36.0	36.0
27	34.681831851193714	36.0	36.0	36.0	36.0	36.0
28	34.66084278046345	36.0	36.0	36.0	36.0	36.0
29	34.65709372147682	36.0	36.0	36.0	36.0	36.0
30	34.6350464902722	36.0	36.0	36.0	36.0	36.0
31	34.618958878419434	36.0	36.0	36.0	32.0	36.0
32	34.6083462544177	36.0	36.0	36.0	32.0	36.0
33	34.584740090209	36.0	36.0	36.0	32.0	36.0
34	34.57021150217124	36.0	36.0	36.0	32.0	36.0
35	34.549848745295	36.0	36.0	36.0	32.0	36.0
36	34.531426790090336	36.0	36.0	36.0	32.0	36.0
37	34.52547599328604	36.0	36.0	36.0	32.0	36.0
38	34.50736633015747	36.0	36.0	36.0	32.0	36.0
39	34.494709857509335	36.0	36.0	36.0	32.0	36.0
40	34.482849127282684	36.0	36.0	36.0	32.0	36.0
41	34.46181774721051	36.0	36.0	36.0	32.0	36.0
42	34.43786353134478	36.0	36.0	36.0	32.0	36.0
43	34.43135073156764	36.0	36.0	36.0	32.0	36.0
44	34.405636253346444	36.0	36.0	36.0	32.0	36.0
45	34.408384311305056	36.0	36.0	36.0	32.0	36.0
46	34.40077102474064	36.0	36.0	36.0	32.0	36.0
47	34.404920163422666	36.0	36.0	36.0	32.0	36.0
48	34.42140060961563	36.0	36.0	36.0	32.0	36.0
49	34.50315008052603	36.0	36.0	36.0	32.0	36.0
50	34.64612917946212	36.0	36.0	36.0	32.0	36.0
>>END_MODULE
>>Per sequence quality scores	pass
#Quality	Count
2	1.0
3	0.0
4	0.0
5	5.0
6	6.0
7	17.0
8	16.0
9	17.0
10	51.0
11	53.0
12	88.0
13	101.0
14	2660.0
15	4273.0
16	6732.0
17	10743.0
18	16348.0
19	23896.0
20	34027.0
21	46666.0
22	61982.0
23	79817.0
24	102026.0
25	129727.0
26	163183.0
27	203656.0
28	253213.0
29	310537.0
30	382662.0
31	484262.0
32	641829.0
33	935421.0
34	1799892.0
35	8694009.0
36	6977571.0
>>END_MODULE
>>Per base sequence content	pass
#Base	G	A	T	C
1	22.273333980187264	26.969226743225715	27.591858758179928	23.16558051840709
2	22.334978312523955	26.99017019150172	27.86298180843238	22.81186968754195
3	22.22185400240123	27.117260070070987	27.75277159527337	22.908114332254417
4	22.443335094013044	26.73675997333003	28.11553834556799	22.704366587088938
5	22.569811645395287	26.78867694948425	27.656533660052922	22.984977745067543
6	22.06176636104876	27.19638772341584	27.834133267105017	22.907712648430383
7	22.062752028928095	27.223273764061535	27.86803531401876	22.84593889299161
8	22.18937444057422	27.066235591019716	27.74704591126016	22.997344057145906
9	22.027516714186106	27.20604976023091	27.919772842845838	22.84666068273715
10	22.06357144913294	27.303829045098954	27.852923066409573	22.779676439358532
11	22.64939478387305	27.18986143045025	27.51998953026324	22.64075425541346
12	21.915754072505273	27.50804877719996	27.921917687164495	22.654279463130273
13	22.036540690100907	27.296470859386606	28.104976175607106	22.56201227490538
14	22.14379886374439	26.979660493822827	28.22984403528059	22.646696607152194
15	22.005799116970515	27.341041961312506	28.048772382318592	22.604386539398387
16	22.103906143733067	27.600192883042606	27.994768080234255	22.301132892990072
17	22.265389752400722	27.274102156199408	27.6189379096241	22.841570181775765
18	22.17726589106659	27.764040095320258	27.56312912228964	22.495564891323514
19	22.321596037009567	27.483992095925487	27.83023886585003	22.364173001214912
20	22.430175819924685	27.15635328463272	27.78132976164685	22.63214113379575
21	22.3574920501536	27.388742685714867	27.84100925770849	22.412756006423045
22	22.118481788029367	27.678526480787767	27.899639750844674	22.30335198033819
23	22.246460470007083	27.40264677845394	27.7789045919499	22.57198815958908
24	22.088570092528688	27.746250167324504	27.797348225269065	22.367831514877746
25	22.136312378515218	27.664880211624183	27.724174393277817	22.47463301658278
26	22.320763643515768	27.52914899473274	27.591803872455284	22.558283489296212
27	22.33014114633603	27.59023480441025	27.702388003697138	22.377236045556582
28	22.062462292004007	27.642604967546593	27.67617835374367	22.618754386705735
29	22.411184504478275	27.405264726386253	27.65892891061829	22.524621858517186
30	22.196012862480575	27.802595063368308	27.591772903426055	22.409619170725065
31	22.213536699356148	27.73019241938185	27.669035337657355	22.387235543604646
32	22.283669914822344	27.721914436507067	27.520401917209885	22.474013731460705
33	22.09745476776544	27.55949948792347	27.857387247938238	22.485658496372846
34	22.25196693272928	27.938714486901993	27.656000966290495	22.15331761407823
35	22.270971205389024	27.529622232062607	27.600769655312984	22.598636907235388
36	22.378901296402187	27.790922217067365	27.429145037310832	22.401031449219616
37	22.198305458345835	27.7042569315292	27.568371200813413	22.52906640931155
38	22.253169066295715	27.598534257959066	27.47371642533856	22.674580250406663
39	22.16827872597278	27.72242360002159	27.548256279498013	22.561041394507622
40	22.183837132202143	27.68232767383519	27.751939955371192	22.38189523859148
41	22.44573279721932	27.640330100522103	27.50859647879275	22.405340623465822
42	22.38058428108639	27.775305040555804	27.556713126921473	22.287397551436335
43	22.333260911500634	27.927489357571893	27.484933327167976	22.254316403759496
44	22.366707799834582	27.62567754309006	27.38097171044858	22.62664294662678
45	22.25860818904662	27.83309497578632	27.533054244516613	22.375242590650444
46	22.249680260011917	28.056649873011757	27.33765582303806	22.356014043938266
47	22.38127117417765	27.76291810707081	27.39668516420543	22.459125554546105
48	22.368426510640386	28.19609534049788	27.56808593089069	21.86739221797104
49	22.550591554260762	28.39768492145629	27.66565727239793	21.386066251885016
50	22.600093088553173	28.143966344785188	27.629956676794393	21.625983889867243
>>END_MODULE
>>Per base GC content	pass
#Base	%GC
1	45.43891449859436
2	45.1468480000659
3	45.12996833465564
4	45.14770168110198
5	45.55478939046283
6	44.969479009479144
7	44.90869092191971
8	45.18671849772012
9	44.87417739692326
10	44.84324788849147
11	45.29014903928651
12	44.570033535635545
13	44.59855296500629
14	44.79049547089659
15	44.6101856563689
16	44.40503903672314
17	45.10695993417649
18	44.6728307823901
19	44.685769038224485
20	45.06231695372043
21	44.77024805657665
22	44.421833768367556
23	44.81844862959616
24	44.456401607406434
25	44.61094539509799
26	44.879047132811976
27	44.70737719189261
28	44.68121667870974
29	44.935806362995464
30	44.60563203320564
31	44.600772242960794
32	44.75768364628305
33	44.583113264138284
34	44.405284546807515
35	44.86960811262441
36	44.77993274562181
37	44.72737186765738
38	44.927749316702375
39	44.729320120480395
40	44.56573237079362
41	44.85107342068515
42	44.66798183252273
43	44.58757731526013
44	44.99335074646136
45	44.63385077969706
46	44.60569430395018
47	44.84039672872376
48	44.23581872861143
49	43.93665780614578
50	44.226076978420416
>>END_MODULE
>>Per sequence GC content	pass
#GC Content	Count
0	12977.0
1	10100.0
2	6824.5
3	7072.0
4	7801.0
5	8661.0
6	9644.0
7	10952.5
8	12238.0
9	14982.0
10	18090.5
11	23007.5
12	28096.5
13	36285.0
14	45749.0
15	60422.5
16	76403.0
17	100147.5
18	125530.0
19	157001.5
20	189147.5
21	228168.0
22	268340.0
23	316596.0
24	367831.0
25	415404.5
26	469763.0
27	534321.0
28	602987.5
29	677065.5
30	753129.0
31	831513.0
32	912121.5
33	992958.5
34	1074471.5
35	1146133.0
36	1211301.0
37	1255370.0
38	1288527.5
39	1310922.5
40	1331200.0
41	1340132.0
42	1347641.0
43	1341745.5
44	1327567.5
45	1300409.0
46	1274303.0
47	1245420.5
48	1214604.0
49	1180916.5
50	1147652.0
51	1119290.5
52	1087779.5
53	1053495.5
54	1021304.5
55	987502.5
56	948093.5
57	901008.5
58	852970.0
59	797524.5
60	740704.5
61	677785.5
62	613936.0
63	559914.0
64	496636.5
65	438505.0
66	383740.5
67	333500.0
68	283910.0
69	239553.0
70	201056.0
71	169088.5
72	140213.5
73	115455.5
74	93176.5
75	77140.0
76	64882.5
77	53171.5
78	42497.0
79	34419.5
80	27356.0
81	22062.5
82	17614.5
83	14300.5
84	11261.0
85	8939.5
86	6920.5
87	5438.5
88	4384.0
89	3551.0
90	2771.5
91	2324.5
92	2001.5
93	1918.0
94	1866.5
95	1891.5
96	1901.5
97	2221.0
98	3353.5
99	13043.5
100	21937.0
>>END_MODULE
>>Per base N content	pass
#Base	N-Count
1	0.002527440633578818
2	0.005068922604010852
3	0.0067258003526902985
4	0.0029580416304107646
5	0.0036741498099247634
6	0.004727250073915937
7	0.007582321900736454
8	0.004427701554380671
9	0.007484032542763945
10	0.0047834154213288
11	0.004928509235478695
12	0.003515014658921652
13	0.005845876576555451
14	0.005167211961983362
15	0.004001781003166462
16	0.005827154794084497
17	0.007923994430831367
18	0.006075218411824641
19	0.008527771915519641
20	0.015927556437164293
21	0.011615656255293288
22	0.013866625485853767
23	0.008496573776586138
24	0.012627113530730467
25	0.01338296362857068
26	0.0043333587330711375
27	0.01103937823653157
28	0.0074565186143452636
29	0.010829219934401538
30	0.01025334147719919
31	0.01256429403393167
32	0.009321452502131943
33	0.009709990192766901
34	0.011045784082571463
35	0.004320332720161859
36	0.011035093178227156
37	0.010225208168716608
38	0.007396599912472765
39	0.009297576308000927
40	0.007520383574360982
41	0.006099393665040872
42	0.0069853590178216044
43	0.00855540646390191
44	0.005751009458650046
45	0.004968781050269453
46	0.0080174158963374
47	0.010568856277782913
48	0.005419509020862818
49	0.0028598441410140015
50	0.007070726293379562
>>END_MODULE
>>Sequence Length Distribution	warn
#Length	Count
20	23602.0
21	24514.0
22	26436.0
23	27168.0
24	27813.0
25	28386.0
26	28839.0
27	29449.0
28	30492.0
29	32979.0
30	34089.0
31	35682.0
32	37644.0
33	38278.0
34	38948.0
35	40447.0
36	39629.0
37	41274.0
38	43231.0
39	46153.0
40	49038.0
41	55482.0
42	60881.0
43	76449.0
44	121667.0
45	220688.0
46	567691.0
47	1215845.0
48	2447702.0
49	3316168.0
50	1.2558823E7
>>END_MODULE
>>Sequence Duplication Levels	warn
#Total Duplicate Percentage	40.248787687117854
#Duplication Level	Relative count
1	100.0
2	26.79178086688221
3	12.318031872117642
4	6.744514286652115
5	4.116131361704223
6	2.6858249495330786
7	1.8299387832137992
8	1.3088575601910357
9	1.0298534407772726
10++	7.295137122318688
>>END_MODULE
>>Overrepresented sequences	pass
>>END_MODULE
>>Kmer Content	warn
#Sequence	Count	Obs/Exp Overall	Obs/Exp Max	Max Obs/Exp Position
AAAAA	7229935	4.8253593	6.315365	46
GGGGG	1876575	3.616708	4.6525426	46
TTTTT	5292795	3.4014893	4.146262	13
>>END_MODULE
