##FastQC	0.10.1
>>Basic Statistics	pass
#Measure	Value	
Filename	004-F0_S5_L003_R2_001.fastq.gz	
File type	Conventional base calls	
Encoding	Sanger / Illumina 1.9	
Total Sequences	15788651	
Filtered Sequences	0	
Sequence length	35-75	
%GC	45	
>>END_MODULE
>>Per base sequence quality	pass
#Base	Mean	Median	Lower Quartile	Upper Quartile	10th Percentile	90th Percentile
1	31.312904060011206	32.0	32.0	32.0	32.0	32.0
2	31.05028453665864	32.0	32.0	32.0	32.0	32.0
3	31.10866704191511	32.0	32.0	32.0	32.0	32.0
4	31.165959017017983	32.0	32.0	32.0	32.0	32.0
5	31.118229923506448	32.0	32.0	32.0	32.0	32.0
6	34.77005204561175	36.0	36.0	36.0	36.0	36.0
7	34.75432258272097	36.0	36.0	36.0	32.0	36.0
8	34.68168756152758	36.0	36.0	36.0	32.0	36.0
9	34.826945189934214	36.0	36.0	36.0	36.0	36.0
10	34.646423877505434	36.0	36.0	36.0	32.0	36.0
11	34.79220878338498	36.0	36.0	36.0	36.0	36.0
12	34.679762634565805	36.0	36.0	36.0	32.0	36.0
13	34.725774165253256	36.0	36.0	36.0	32.0	36.0
14	34.67356375158334	36.0	36.0	36.0	32.0	36.0
15	34.62572299558715	36.0	36.0	36.0	32.0	36.0
16	34.63077947571328	36.0	36.0	36.0	32.0	36.0
17	34.614645671754985	36.0	36.0	36.0	32.0	36.0
18	34.604029881970284	36.0	36.0	36.0	32.0	36.0
19	34.58474299039228	36.0	36.0	36.0	32.0	36.0
20	34.57104511335389	36.0	36.0	36.0	32.0	36.0
21	34.548995161144546	36.0	36.0	36.0	32.0	36.0
22	34.54192077587883	36.0	36.0	36.0	32.0	36.0
23	34.51356173494493	36.0	36.0	36.0	32.0	36.0
24	34.506494443382145	36.0	36.0	36.0	32.0	36.0
25	34.48984007563407	36.0	36.0	36.0	32.0	36.0
26	34.46730597819915	36.0	36.0	36.0	32.0	36.0
27	34.45679754400803	36.0	36.0	36.0	32.0	36.0
28	34.44133308159133	36.0	36.0	36.0	32.0	36.0
29	34.423669127907125	36.0	36.0	36.0	32.0	36.0
30	34.40297407295912	36.0	36.0	36.0	32.0	36.0
31	34.3895394863057	36.0	36.0	36.0	32.0	36.0
32	34.37259662019257	36.0	36.0	36.0	32.0	36.0
33	34.362139488674494	36.0	36.0	36.0	32.0	36.0
34	34.35894016531241	36.0	36.0	36.0	32.0	36.0
35	34.32578641455815	36.0	36.0	36.0	32.0	36.0
36	34.35886807612454	36.0	36.0	36.0	32.0	36.0
37	34.34967907451475	36.0	36.0	36.0	32.0	36.0
38	34.3333450989206	36.0	36.0	36.0	32.0	36.0
39	34.31442616041546	36.0	36.0	36.0	32.0	36.0
40	34.311893144398084	36.0	36.0	36.0	32.0	36.0
41	34.28803864666476	36.0	36.0	36.0	32.0	36.0
42	34.27247883035118	36.0	36.0	36.0	32.0	36.0
43	34.25403389742014	36.0	36.0	36.0	32.0	36.0
44	34.22922833271579	36.0	36.0	36.0	32.0	36.0
45	34.2115099024597	36.0	36.0	36.0	32.0	36.0
46	34.16765067461649	36.0	36.0	36.0	32.0	36.0
47	34.1547920295611	36.0	36.0	36.0	32.0	36.0
48	34.12901101937851	36.0	36.0	36.0	32.0	36.0
49	34.099214557027295	36.0	36.0	36.0	32.0	36.0
50	34.07173896086463	36.0	36.0	36.0	32.0	36.0
51	34.04228776418655	36.0	36.0	36.0	32.0	36.0
52	34.02616762692974	36.0	36.0	36.0	32.0	36.0
53	33.98889715363784	36.0	36.0	36.0	32.0	36.0
54	33.96292364367965	36.0	36.0	36.0	32.0	36.0
55	33.92693809517572	36.0	36.0	36.0	32.0	36.0
56	33.91099065724177	36.0	36.0	36.0	32.0	36.0
57	33.87045656221669	36.0	36.0	36.0	32.0	36.0
58	33.82585073225377	36.0	36.0	36.0	32.0	36.0
59	33.79437787825108	36.0	36.0	36.0	32.0	36.0
60	33.772212378553654	36.0	36.0	36.0	27.0	36.0
61	33.72601776764739	36.0	36.0	36.0	27.0	36.0
62	33.695618869922626	36.0	36.0	36.0	27.0	36.0
63	33.66461593340799	36.0	36.0	36.0	27.0	36.0
64	33.631550742434584	36.0	36.0	36.0	27.0	36.0
65	33.61018759697414	36.0	36.0	36.0	27.0	36.0
66	33.57588227561179	36.0	36.0	36.0	27.0	36.0
67	33.540378428640864	36.0	36.0	36.0	27.0	36.0
68	33.49971939825011	36.0	36.0	36.0	27.0	36.0
69	33.49197337810189	36.0	36.0	36.0	27.0	36.0
70	33.452695491424464	36.0	36.0	36.0	27.0	36.0
71	33.415936694517	36.0	36.0	36.0	27.0	36.0
72	33.40185365341939	36.0	36.0	36.0	27.0	36.0
73	33.36527034755754	36.0	36.0	36.0	27.0	36.0
74	33.29774546428666	36.0	36.0	36.0	27.0	36.0
75	32.09040477836139	36.0	32.0	36.0	14.0	36.0
>>END_MODULE
>>Per sequence quality scores	pass
#Quality	Count
2	28230.0
3	125.0
4	826.0
5	517.0
6	249.0
7	134.0
8	49.0
9	49.0
10	45.0
11	40.0
12	87.0
13	91.0
14	1213.0
15	3790.0
16	6040.0
17	8765.0
18	11831.0
19	16404.0
20	22675.0
21	31822.0
22	44835.0
23	63134.0
24	88169.0
25	121461.0
26	163074.0
27	213463.0
28	273566.0
29	343898.0
30	434651.0
31	557983.0
32	758362.0
33	1158295.0
34	2482027.0
35	8952751.0
>>END_MODULE
>>Per base sequence content	fail
#Base	G	A	T	C
1	43.96514623258546	17.99663877192575	11.937626653660374	26.100588341828416
2	16.570356419935393	19.256833268322726	37.54925053145933	26.62355978028255
3	20.081338238965895	20.97477715105505	28.507907461335147	30.4359771486439
4	13.55235570269312	14.830852290450162	36.21285193157392	35.40394007528279
5	15.26505130020048	34.52525224964839	35.00152445940385	15.208171990747276
6	34.31466936174622	34.97703279279247	16.648247765763102	14.060050079698206
7	30.371006830173474	29.484767693452685	20.720633715425663	19.42359176094818
8	26.335112470148985	35.00782860386249	20.067603603283477	18.589455322705046
9	24.984240805317377	15.900015318178362	20.176458561535483	38.93928531496878
10	14.442364219304068	27.51000731138783	34.908589884445554	23.139038584862544
11	34.42523414985705	22.792485603384254	23.762597336238198	19.019682910520498
12	22.492833448733005	24.275972557152027	30.97680666484032	22.254387329274643
13	27.82523417797469	20.772553628721845	26.14725774321914	25.254954450084327
14	20.374064543544463	20.975852334386037	27.382528043068632	31.267555079000868
15	22.74583168997616	29.68015694999678	23.28004678292804	24.29396457709902
16	22.607029929954546	28.62572881382823	25.971813645774667	22.795427610442566
17	21.707874452484337	28.281172061121218	27.61748978584221	22.393463700552243
18	22.035724131698434	27.8634315942001	28.287453525322892	21.813390748778573
19	22.69711534098449	27.264822652627696	27.604756510094475	22.43330549629334
20	22.598321552869802	27.285221335148535	27.976792729060296	22.139664382921367
21	22.424945599140553	26.888767123704966	27.518794062665325	23.16749321448916
22	22.320028914050827	27.14519759256891	27.814244358634504	22.72052913474576
23	22.222711606717983	27.128836307274963	27.720931608121823	22.92752047788523
24	22.47656347535824	26.764088746805943	28.104471163558927	22.654876614276894
25	22.58597493451912	26.86567760933012	27.613007872302713	22.935339583848055
26	22.035217984360255	27.344635163606	27.86789359003033	22.752253262003414
27	22.210706909532437	27.305720826383688	27.652111022309928	22.831461241773948
28	22.131729667957543	27.26378593671916	27.642067859091746	22.962416536231554
29	22.178504418256214	27.294522002045813	27.69898115035171	22.827992429346267
30	22.196297508274146	27.309506770240844	27.80264894542554	22.691546776059468
31	22.812902103926742	27.120819269446876	27.408139828958177	22.658138797668208
32	22.00797406461506	27.49967631542871	27.84356261202025	22.648787007935983
33	22.15779463698744	27.296877616092463	27.926117074259295	22.619210672660802
34	22.163780046286202	27.114004765708227	28.100491771077184	22.62172341692839
35	22.099144234617594	27.391543539667605	27.912184815974967	22.597127409739837
36	22.214028588647995	27.600935204529797	27.902954527746672	22.282081679075542
37	22.366063830882467	27.270440032542936	27.437914659053487	22.92558147752111
38	22.202742352829517	27.7872576039133	27.5357488823743	22.474251160882886
39	22.518283603189264	27.39211960910074	27.679421547346077	22.41017524036392
40	22.607416557921663	27.153884230372284	27.75956435353699	22.479134858169058
41	22.60041692747507	27.28557846867944	27.733994449392874	22.38001015445262
42	22.298168865172954	27.630074435990558	27.721107718392634	22.350648980443854
43	22.328116297909776	27.385135129081018	27.69653035762675	22.590218215382457
44	22.157547943800633	27.71170905548149	27.686025792226438	22.44471720849144
45	22.291929830418482	27.628918003337894	27.51126675246273	22.567885413780893
46	22.362265134430434	27.485534785529936	27.509712620160755	22.64248745987888
47	22.49063669567294	27.612383332838235	27.519625033515744	22.37735493797308
48	22.15205771846734	27.64384539211141	27.549758562763323	22.65433832665793
49	22.5773269489682	27.369785495266058	27.48463499113647	22.56825256462928
50	22.26630877538931	27.83555596138284	27.47222317090471	22.425912092323145
51	22.393653848913413	27.674410103216314	27.494155071012795	22.43778097685748
52	22.333414255343666	27.77815336059175	27.40874037093686	22.479692013127714
53	22.289113142935687	27.4456006649418	27.750972070501202	22.51431412162131
54	22.402063259101606	27.85726558304565	27.55921762885844	22.181453528994304
55	22.391888060507153	27.39512288943462	27.544758293163284	22.668230756894943
56	22.492145485641554	27.76491284038664	27.272118938259705	22.470822735712098
57	22.33311602131229	27.676746634944642	27.37308479790706	22.617052545836003
58	22.397040103484684	27.619515545278905	27.31752678146834	22.665917569768066
59	22.36374588718151	27.70769650662247	27.369624083955635	22.55893352224039
60	22.314739298846586	27.651814930749335	27.635881737348505	22.39756403305557
61	22.60028336785598	27.579762754614514	27.39640277735634	22.42355110017317
62	22.556746274470736	27.652199106007764	27.49448836456243	22.29656625495907
63	22.465604806327427	27.89710595527618	27.331356926472765	22.305932311923627
64	22.53404338220165	27.564566562517996	27.262723763171316	22.638666292109043
65	22.450463544739314	27.79891170449457	27.375405943270664	22.375218807495447
66	22.448129958407804	28.113868789997397	27.117509111608772	22.320492139986023
67	22.58103437541558	27.612662809049866	27.21725403831345	22.589048777221105
68	22.551109444608798	27.961466907542114	27.438490022013784	22.048933625835307
69	22.822352554556034	27.71890723281701	27.354606942427186	22.10413327019977
70	23.00597982475086	27.564646078546712	27.222719745857106	22.20665435084533
71	22.681346720761937	28.035102858107503	27.1453072755517	22.138243145578862
72	22.593346139388085	28.149448754650386	27.406927968752505	21.85027713720903
73	23.396074246471663	28.805321318440384	27.283649081700833	20.514955353387116
74	24.455305077955188	31.07888074726832	27.66377890069081	16.80203527408568
75	29.629111250857232	41.47428083250008	28.89660791664269	0.0
>>END_MODULE
>>Per base GC content	fail
#Base	%GC
1	70.06573457441388
2	43.19391620021795
3	50.5173153876098
4	48.95629577797591
5	30.47322329094776
6	48.37471944144443
7	49.794598591121655
8	44.924567792854035
9	63.923526120286155
10	37.581402804166615
11	53.44491706037755
12	44.747220778007645
13	53.08018862805902
14	51.641619622545335
15	47.03979626707518
16	45.40245754039711
17	44.10133815303658
18	43.84911488047701
19	45.13042083727783
20	44.73798593579117
21	45.59243881362971
22	45.04055804879658
23	45.15023208460322
24	45.131440089635134
25	45.52131451836717
26	44.78747124636367
27	45.042168151306385
28	45.094146204189094
29	45.006496847602484
30	44.88784428433362
31	45.47104090159495
32	44.65676107255104
33	44.777005309648246
34	44.785503463214596
35	44.696271644357424
36	44.49611026772354
37	45.291645308403574
38	44.6769935137124
39	44.92845884355318
40	45.08655141609073
41	44.980427081927694
42	44.648817845616804
43	44.91833451329224
44	44.60226515229207
45	44.859815244199375
46	45.00475259430931
47	44.86799163364602
48	44.80639604512527
49	45.145579513597475
50	44.69222086771245
51	44.83143482577089
52	44.81310626847138
53	44.803427264556994
54	44.58351678809591
55	45.06011881740209
56	44.962968221353655
57	44.950168567148296
58	45.062957673252754
59	44.9226794094219
60	44.712303331902156
61	45.02383446802916
62	44.85331252942981
63	44.771537118251054
64	45.172709674310696
65	44.825682352234764
66	44.76862209839383
67	45.170083152636685
68	44.60004307044411
69	44.9264858247558
70	45.212634175596186
71	44.8195898663408
72	44.44362327659711
73	43.91102959985878
74	41.25734035204086
75	29.629111250857232
>>END_MODULE
>>Per sequence GC content	warn
#GC Content	Count
0	28336.0
1	14315.5
2	462.0
3	786.5
4	946.5
5	989.5
6	1173.0
7	1449.5
8	1596.0
9	1853.5
10	2602.5
11	3720.0
12	4377.5
13	5087.0
14	6914.0
15	9768.0
16	12049.5
17	15954.0
18	24105.5
19	34533.5
20	41908.5
21	53360.0
22	74509.5
23	98168.5
24	114520.0
25	135135.0
26	170120.5
27	206937.5
28	232238.5
29	263701.5
30	313874.5
31	363693.0
32	397922.5
33	439529.5
34	507165.5
35	572101.0
36	611633.5
37	647634.5
38	685420.0
39	704205.5
40	715632.5
41	719303.5
42	716326.0
43	714063.5
44	716176.0
45	711278.5
46	695409.5
47	678141.5
48	669496.5
49	656202.5
50	629901.5
51	604349.0
52	588592.5
53	572966.0
54	548003.0
55	521745.0
56	504759.0
57	486711.5
58	455575.5
59	418438.0
60	386280.5
61	351901.0
62	309565.0
63	269015.0
64	237081.5
65	210664.0
66	176462.0
67	142135.0
68	117751.5
69	99715.0
70	79414.5
71	60143.0
72	47088.5
73	38419.0
74	29334.0
75	21417.0
76	16485.5
77	13068.5
78	9369.5
79	6528.5
80	4931.0
81	3870.0
82	2803.5
83	2046.0
84	1683.0
85	1461.0
86	1257.0
87	1099.5
88	1029.5
89	985.0
90	925.5
91	876.5
92	844.5
93	862.0
94	836.0
95	783.0
96	777.5
97	866.0
98	1117.0
99	5382.5
100	9486.0
>>END_MODULE
>>Per base N content	pass
#Base	N-Count
1	0.19080160806645227
2	0.18800846253425957
3	0.1807374170218849
4	0.17951501999759195
5	0.18346089225735623
6	0.1809654289020639
7	0.18381557740430135
8	0.18453761502486818
9	0.187457433823827
10	0.1879387922375382
11	0.19165665261712353
12	0.19237869023769036
13	0.19282204667137173
14	0.19699593081131503
15	0.1948614862663061
16	0.19650823873426554
17	0.1970466001180215
18	0.20066945554753224
19	0.1993077179297965
20	0.1985476783291999
21	0.19980807733352268
22	0.2001817634704827
23	0.20202485950192955
24	0.21041696342518432
25	0.20116981495125835
26	0.20510301988434604
27	0.20175251197838245
28	0.2052930297844952
29	0.20614807433516646
30	0.20484967335081383
31	0.20068845653754713
32	0.20629374859194746
33	0.20777582581311096
34	0.2048053377074457
35	0.20709179017257395
36	0.024587553784083567
37	0.02615689626856023
38	0.02473953215700356
39	0.021659008766104985
40	0.023896087141616857
41	0.026425997157019623
42	0.027539520809782038
43	0.02459580404796771
44	0.02105750724484626
45	0.025802782656807265
46	0.02941767850084681
47	0.03276235830489387
48	0.03362340891415298
49	0.030331450791892693
50	0.03039108421083729
51	0.02486240153791156
52	0.025955107291843454
53	0.022823310677345793
54	0.02399884690539018
55	0.02289666374127294
56	0.01877782984357871
57	0.022294639024649367
58	0.022577387278219736
59	0.017316569588226267
60	0.020726771916736764
61	0.019120878682216184
62	0.01858607470708086
63	0.01694597872192532
64	0.019726150044611965
65	0.01896577693527313
66	0.01543489852161895
67	0.017942807352365035
68	0.015217810778926942
69	0.015583157559635245
70	0.014117969258156175
71	0.01515232280018777
72	0.02083481633099925
73	0.02597330024564869
74	0.03220611171659732
75	0.04912135204884137
>>END_MODULE
>>Sequence Length Distribution	warn
#Length	Count
35	36779.0
36	12237.0
37	15813.0
38	16732.0
39	18329.0
40	18586.0
41	19939.0
42	21554.0
43	23796.0
44	25171.0
45	27842.0
46	27960.0
47	28756.0
48	29362.0
49	30347.0
50	30661.0
51	32090.0
52	33117.0
53	34678.0
54	36302.0
55	37873.0
56	38734.0
57	39664.0
58	39636.0
59	40399.0
60	41604.0
61	40973.0
62	42218.0
63	43425.0
64	45732.0
65	47749.0
66	47017.0
67	50553.0
68	49756.0
69	57767.0
70	66475.0
71	125651.0
72	383582.0
73	1053994.0
74	3204080.0
75	9771718.0
>>END_MODULE
>>Sequence Duplication Levels	warn
#Total Duplicate Percentage	27.123717989748844
#Duplication Level	Relative count
1	100.0
2	18.15675861929181
3	6.787333373870861
4	3.1531440230793657
5	1.7012249089594693
6	1.0255994486896245
7	0.6681935802068765
8	0.461452189364304
9	0.3547033666416685
10++	2.816682543864983
>>END_MODULE
>>Overrepresented sequences	warn
#Sequence	Count	Percentage	Possible Source
NNNNNNNNNNNNNNNNNNNNNNNNNNNNNNNNNNN	28229	0.17879298237702512	No Hit
>>END_MODULE
>>Kmer Content	warn
#Sequence	Count	Obs/Exp Overall	Obs/Exp Max	Max Obs/Exp Position
AAAAA	6040125	3.786469	9.145798	71
GGGGG	2106920	3.0603	5.4901514	71
TTTTT	4985175	3.0227263	5.212477	71
CCTGG	2379530	2.9646115	11.743274	3
CCAGG	2284975	2.865841	12.088703	3
CCCAG	2141295	2.7143586	10.571395	2
CAGCA	2560045	2.7141433	6.952303	4
TGCTG	2587200	2.677978	7.830366	2
CTGGG	2108755	2.5994573	10.055307	4
CCAGC	2007160	2.5443256	6.3500795	3
GGAGG	2033205	2.4963853	5.5487676	6
CTGCT	2334415	2.442166	6.6398244	9
GCTGG	1978460	2.4388425	6.4595947	3
TCCAG	2295290	2.4172895	9.368604	2
AGCAG	2292145	2.4044023	5.432941	7
GCTGC	1922145	2.394764	5.6409874	8
CTCCT	2225525	2.3531504	6.531295	1
AGGAG	2237725	2.3224783	6.872794	5
CTCCA	2170935	2.310777	6.819529	1
CAGCC	1808040	2.2919161	5.3791065	9
CTTCT	2607770	2.2907984	5.1552095	1
CAGGA	2180680	2.2874782	9.684443	4
CTGGA	2191765	2.2838366	8.8576565	4
TCCTG	2146155	2.2452161	9.055542	2
GGCTG	1795730	2.213592	7.90236	7
CAGAG	2099475	2.2022963	7.495541	4
CTGCC	1738835	2.1895509	5.78801	9
CCTGC	1734105	2.183595	6.165216	3
CTCTG	2087080	2.1834145	7.331107	2
GGCAG	1754535	2.1772714	6.038317	7
CCCTG	1720565	2.1665454	8.713138	2
GCAGG	1715480	2.1288066	6.3531613	3
CTGCA	2016090	2.1232495	6.502625	4
TGCAG	2003190	2.0873399	6.668055	2
CACAG	1965480	2.083789	7.5594826	7
TGGAG	2003885	2.0659688	6.3234916	5
CAGGG	1654605	2.0532644	8.654595	4
GCCTG	1645830	2.0505085	6.4424443	7
CTGTG	1980460	2.0499492	9.001769	9
AGCTG	1946785	2.0285654	5.8436255	7
GCCAG	1592640	1.9975066	5.0096374	2
GGAGA	1919970	1.9926883	5.4706535	6
CCCCA	1552675	1.9892591	6.4925494	1
CTGGC	1589615	1.9804714	5.288245	4
CAGAA	2225360	1.9732398	5.3058124	4
CTCAG	1841225	1.93909	5.9941893	2
CAGGC	1544040	1.936552	5.5935516	4
GGGAG	1569765	1.92737	5.2426767	7
TTCTG	2189370	1.9029032	5.34032	2
CTGAG	1824085	1.9007112	5.6756682	4
CCTCT	1790725	1.8934162	5.536147	1
CCAGA	1780010	1.8871552	6.6105056	3
CAGTG	1750500	1.8240349	6.416559	9
TCTGG	1754880	1.8164543	6.251563	3
GGCCA	1447725	1.8157526	5.695886	1
TGGGG	1486685	1.8132404	5.866408	5
CACTG	1706445	1.7971461	7.5496635	7
GAGAG	1704525	1.7690835	5.683111	7
GTGTG	1724905	1.7665344	8.336369	1
ACCTG	1666850	1.7554466	5.226802	7
TGGCC	1382420	1.7223309	5.209594	5
ACACA	1907530	1.7095076	6.918082	6
ACAGA	1919475	1.7020098	6.110809	8
TGTGT	1968855	1.6931331	6.7195263	10
CCTGA	1607395	1.6928315	5.4547033	3
CACAC	1569545	1.6818178	6.940928	5
GCCCA	1304955	1.6541932	6.6314483	1
TCAGG	1562220	1.6278455	5.5899377	3
CCTGT	1532220	1.6029437	5.401028	8
TGGGC	1253045	1.5446254	5.985791	5
ACAGC	1438530	1.5251201	5.845277	8
GCTGT	1462560	1.5138774	5.4322066	8
CTGTC	1418140	1.4835979	5.881142	9
GACAG	1378440	1.4459487	6.900716	7
GCCCT	1128405	1.4208939	5.5240927	1
AGACA	1575210	1.396748	5.35698	6
GGGCT	1131670	1.3950068	5.633042	6
GTCCT	1305530	1.36579	9.933282	1
AGGGC	1073025	1.331559	5.1764965	5
GGACA	1251010	1.3122779	6.2967286	6
AGGAC	1221645	1.2814747	9.555282	5
GTGCT	1234245	1.2775514	6.722825	1
TGTGC	1213640	1.2562234	6.3487606	10
AGCAC	1143865	1.2127182	5.629437	5
GTCCA	1148195	1.209224	6.865262	1
ACTGC	1142990	1.2037423	5.214457	8
GTCTT	1312590	1.1408447	5.381441	1
TGGAC	1066135	1.1109211	5.9616375	5
GTGCA	1054635	1.098938	5.8857093	1
ACAGT	1237055	1.0896188	5.5452757	8
ACTGT	1217780	1.065517	6.248468	8
TGCAC	1000195	1.0533575	5.2816825	5
GACTG	1006365	1.0486404	5.9447875	7
GGACC	814970	1.0221443	5.6290913	6
ACACT	1122565	0.9993489	5.12273	6
CTACA	1098440	0.9778719	5.8233438	4
TGTAG	1097765	0.95034385	5.998984	2
GGACT	907620	0.9457472	5.2375636	6
TCCTA	948490	0.83877283	5.937643	2
TAGGA	950740	0.82856625	6.0554323	4
GTAGG	738225	0.7610965	5.020735	3
GTGTA	814505	0.7051234	6.0289116	1
TACAC	765320	0.6813161	5.288923	5
>>END_MODULE
