##FastQC	0.10.1
>>Basic Statistics	pass
#Measure	Value	
Filename	032-F5_S3_L002_R1_001_trimmed.fq.gz	
File type	Conventional base calls	
Encoding	Sanger / Illumina 1.9	
Total Sequences	42606756	
Filtered Sequences	0	
Sequence length	20-51	
%GC	44	
>>END_MODULE
>>Per base sequence quality	pass
#Base	Mean	Median	Lower Quartile	Upper Quartile	10th Percentile	90th Percentile
1	35.092283627507335	36.0	36.0	36.0	36.0	36.0
2	35.080372394462515	36.0	36.0	36.0	36.0	36.0
3	35.07081599922792	36.0	36.0	36.0	36.0	36.0
4	35.05252580130719	36.0	36.0	36.0	36.0	36.0
5	35.0373623375598	36.0	36.0	36.0	36.0	36.0
6	34.978693026993184	36.0	36.0	36.0	36.0	36.0
7	34.964521495135656	36.0	36.0	36.0	36.0	36.0
8	34.953305175357634	36.0	36.0	36.0	36.0	36.0
9	34.93747529147725	36.0	36.0	36.0	36.0	36.0
10	34.92678823048627	36.0	36.0	36.0	36.0	36.0
11	34.89887580270134	36.0	36.0	36.0	36.0	36.0
12	34.88757311164455	36.0	36.0	36.0	36.0	36.0
13	34.866803917200365	36.0	36.0	36.0	36.0	36.0
14	34.85584335498342	36.0	36.0	36.0	36.0	36.0
15	34.83820150494443	36.0	36.0	36.0	36.0	36.0
16	34.82562169248464	36.0	36.0	36.0	36.0	36.0
17	34.8224103707872	36.0	36.0	36.0	36.0	36.0
18	34.801276844451614	36.0	36.0	36.0	36.0	36.0
19	34.80526428719426	36.0	36.0	36.0	36.0	36.0
20	34.796505347649564	36.0	36.0	36.0	36.0	36.0
21	34.77074271828178	36.0	36.0	36.0	32.0	36.0
22	34.758297816320045	36.0	36.0	36.0	32.0	36.0
23	34.750873529213486	36.0	36.0	36.0	32.0	36.0
24	34.74174201287075	36.0	36.0	36.0	32.0	36.0
25	34.72707170313451	36.0	36.0	36.0	32.0	36.0
26	34.71400602492983	36.0	36.0	36.0	32.0	36.0
27	34.69611993135801	36.0	36.0	36.0	32.0	36.0
28	34.66658897478141	36.0	36.0	36.0	32.0	36.0
29	34.6616679773095	36.0	36.0	36.0	32.0	36.0
30	34.646262452458444	36.0	36.0	36.0	32.0	36.0
31	34.62202991181397	36.0	36.0	36.0	32.0	36.0
32	34.603745068380974	36.0	36.0	36.0	32.0	36.0
33	34.581829979811474	36.0	36.0	36.0	32.0	36.0
34	34.565638845095314	36.0	36.0	36.0	32.0	36.0
35	34.548673907054734	36.0	36.0	36.0	32.0	36.0
36	34.535796621840426	36.0	36.0	36.0	32.0	36.0
37	34.5167034893687	36.0	36.0	36.0	32.0	36.0
38	34.48587795065611	36.0	36.0	36.0	32.0	36.0
39	34.47687677940955	36.0	36.0	36.0	32.0	36.0
40	34.451287564675255	36.0	36.0	36.0	32.0	36.0
41	34.43427363773535	36.0	36.0	36.0	32.0	36.0
42	34.41891042007843	36.0	36.0	36.0	32.0	36.0
43	34.392087970973485	36.0	36.0	36.0	32.0	36.0
44	34.365049961455455	36.0	36.0	36.0	32.0	36.0
45	34.33856881462674	36.0	36.0	36.0	32.0	36.0
46	34.32946033638159	36.0	36.0	36.0	32.0	36.0
47	34.3388927213063	36.0	36.0	36.0	32.0	36.0
48	34.33876225912804	36.0	36.0	36.0	32.0	36.0
49	34.363893119625835	36.0	36.0	36.0	32.0	36.0
50	34.439013290188264	36.0	36.0	36.0	32.0	36.0
51	34.54163897503432	36.0	36.0	36.0	32.0	36.0
>>END_MODULE
>>Per sequence quality scores	pass
#Quality	Count
12	1.0
13	5.0
14	15.0
15	64.0
16	259.0
17	810.0
18	2468.0
19	6553.0
20	15748.0
21	30706.0
22	53066.0
23	82733.0
24	127039.0
25	188858.0
26	274862.0
27	386598.0
28	524960.0
29	693046.0
30	900914.0
31	1180718.0
32	1595123.0
33	2396371.0
34	4706861.0
35	1.9552033E7
36	9886945.0
>>END_MODULE
>>Per base sequence content	pass
#Base	G	A	T	C
1	22.275389447348815	27.283109132849614	27.56064322153594	22.88085819826563
2	22.033285088971674	27.063082511001905	27.95121265652407	22.95241974350235
3	22.197051720885653	27.172267738872286	27.659889970963054	22.970790569279007
4	22.163929750548665	27.043418490058237	27.931399040130895	22.861252719262204
5	22.41542929160225	27.006815808774594	27.514957909246895	23.062796990376256
6	21.899006102667535	27.343219529249613	27.74159664506548	23.01617772301737
7	21.835412822468996	27.30586610090342	27.972608876972593	22.886112199654992
8	22.105877322221154	27.14268852322656	27.949979229675986	22.8014549248763
9	21.711708689987624	27.39048378548891	28.106203305438015	22.79160421908545
10	22.01388146139161	27.49488039579855	27.80942292576728	22.681815217042562
11	22.332417642578207	27.641530692954092	27.555455402082956	22.470596262384753
12	21.79317868094227	27.583695121301194	27.977790189633595	22.645336008122946
13	21.855663613523728	27.365767215968273	28.116522255611592	22.66204691489641
14	21.919534297831685	27.00716890970101	28.315111407831044	22.758185384636256
15	21.81780914938135	27.298388205944402	28.08533984949404	22.79846279518021
16	22.032136786031295	27.883790062722515	27.79521047790869	22.288862673337505
17	22.11757675433835	27.62180933770172	27.719075841467333	22.541538066492592
18	21.978157748426366	27.90366133638318	27.72487374038466	22.393307174805795
19	21.950377707967988	27.741723851974413	27.96358967103454	22.344308769023055
20	21.94620389940298	27.515041083782787	27.927393939760936	22.611361077053296
21	22.047805122420872	27.670354548317	27.900443057617608	22.38139727164452
22	21.893959426502306	27.690057087809972	27.98154633172253	22.43443715396519
23	22.063195011013416	27.40292524929833	27.854526492766496	22.679353246921753
24	21.99503794164889	27.736213183548113	27.90394227519133	22.36480659961167
25	22.01663187620238	27.707414053256617	27.801041748935027	22.474912321605974
26	22.19917013429479	27.91201296876836	27.61953975100434	22.269277145932513
27	21.861341067701094	27.97447637793653	27.861842483950916	22.30234007041146
28	21.846340138979674	27.798157438122427	27.851546017696343	22.503956405201553
29	21.974865703285403	27.669017415544158	27.97208373245599	22.384033148714455
30	22.033138037024685	27.72829143113258	27.838103208790255	22.400467323052485
31	22.14231262286253	27.78913365361553	27.751192510029117	22.317361213492827
32	22.049970341724634	27.71044492812195	27.805073329366152	22.434511400787258
33	21.96907695206255	27.699890209059504	27.899810398966444	22.4312224399115
34	22.14003865425298	27.93444264402841	27.752514743555906	22.1730039581627
35	22.146155071231146	27.801463077955628	27.63516271580962	22.4172191350036
36	22.302027339053087	27.940831035175183	27.589440366588125	22.167701259183602
37	21.935732933548742	27.810764638693087	27.88508851781958	22.368413909938596
38	21.90662505638782	27.575022883976885	28.027452937931223	22.490899121704068
39	21.845789904917464	27.755816683409236	27.969824555569883	22.42856885610342
40	22.049084472003415	27.816548444837597	27.85656735747928	22.27779972567971
41	22.26170324181598	27.88148596763288	27.6707748110846	22.186035979466546
42	22.105088775619777	28.024144123335077	27.633208863677734	22.237558237367413
43	22.09263751196442	27.966887267164616	27.74523918731977	22.1952360335512
44	22.105980381298938	27.695585891781597	27.726592198289385	22.471841528630076
45	21.92860894411141	27.72416800281675	27.941169614189455	22.406053438882388
46	22.050932651650047	27.758746506971566	27.72546663103116	22.464854210347227
47	21.971255162414497	27.843953586212365	27.851891807239227	22.33289944413391
48	22.0451525784602	28.156848380277673	27.839303244865626	21.958695796396498
49	22.268067010554915	28.156033549680703	27.79456029412356	21.78133914564082
50	22.172276593051304	28.446326298854984	27.852777286618736	21.528619821474972
51	21.78236844916465	28.766250217836454	28.115934395629854	21.335446937369046
>>END_MODULE
>>Per base GC content	pass
#Base	%GC
1	45.15624764561445
2	44.98570483247402
3	45.167842290164664
4	45.025182469810865
5	45.47822628197851
6	44.915183825684906
7	44.721525022123984
8	44.90733224709745
9	44.503312909073074
10	44.695696678434174
11	44.80301390496296
12	44.438514689065215
13	44.51771052842013
14	44.677719682467945
15	44.61627194456156
16	44.3209994593688
17	44.65911482083095
18	44.37146492323216
19	44.294686476991046
20	44.55756497645628
21	44.42920239406539
22	44.3283965804675
23	44.74254825793517
24	44.35984454126056
25	44.49154419780835
26	44.4684472802273
27	44.16368113811256
28	44.35029654418123
29	44.358898851999854
30	44.433605360077166
31	44.45967383635536
32	44.484481742511896
33	44.40029939197405
34	44.31304261241568
35	44.56337420623475
36	44.46972859823669
37	44.30414684348734
38	44.39752417809189
39	44.274358761020885
40	44.32688419768313
41	44.447739221282525
42	44.34264701298719
43	44.287873545515616
44	44.577821909929014
45	44.3346623829938
46	44.51578686199728
47	44.30415460654841
48	44.003848374856695
49	44.04940615619574
50	43.700896414526284
51	43.11781538653369
>>END_MODULE
>>Per sequence GC content	warn
#GC Content	Count
0	12713.0
1	12332.5
2	9960.5
3	8488.0
4	9215.5
5	10919.5
6	12868.0
7	15821.0
8	18832.5
9	23989.0
10	29453.5
11	39516.5
12	49738.5
13	67352.0
14	86463.5
15	117910.0
16	150307.0
17	198314.0
18	247996.5
19	314383.5
20	381951.5
21	465903.0
22	551510.0
23	656073.0
24	762379.0
25	866271.5
26	1061304.0
27	1187531.5
28	1322017.0
29	1458152.0
30	1595314.5
31	1734528.0
32	1874011.5
33	2015243.0
34	2145453.0
35	2271889.0
36	2379637.0
37	2479496.0
38	2535481.5
39	2588592.0
40	2605417.0
41	2614396.5
42	2594907.5
43	2564824.0
44	2511778.0
45	2452929.0
46	2385938.0
47	2315210.0
48	2245641.5
49	2178879.0
50	2120551.0
51	2065397.5
52	2022439.5
53	1980938.5
54	1940555.5
55	1897027.0
56	1844110.5
57	1782626.0
58	1700960.0
59	1605704.0
60	1501817.5
61	1390176.0
62	1269315.5
63	1153994.0
64	1029353.0
65	908501.5
66	799263.5
67	692103.0
68	594276.5
69	500629.0
70	426450.0
71	356832.0
72	298397.5
73	243586.0
74	198786.5
75	147415.0
76	122226.5
77	100604.5
78	79988.0
79	64299.5
80	50336.5
81	41068.0
82	32893.5
83	26777.0
84	21048.5
85	16694.5
86	12510.5
87	9762.5
88	7399.0
89	5718.5
90	4203.5
91	3401.5
92	2682.5
93	2234.0
94	1788.5
95	1522.0
96	1309.0
97	1161.0
98	1005.5
99	1287.0
100	1604.0
>>END_MODULE
>>Per base N content	pass
#Base	N-Count
1	2.300104706399145E-4
2	1.1735228093873188E-4
3	7.041136856323913E-6
4	0.0012439341779505579
5	8.61365742090292E-4
6	3.3328047786599854E-4
7	0.0033328047786599854
8	6.92378457538518E-4
9	0.00553198652345182
10	0.0010209648441669673
11	0.0024244981241942007
12	0.0012650575885195295
13	0.0016781376174238658
14	0.003924260274591194
15	1.689872845517739E-4
16	0.002351739710012187
17	0.0050719655821719915
18	0.0020935646919469767
19	0.0019339655898703014
20	6.689080013507717E-4
21	0.010352817001271076
22	0.010725209545045975
23	0.006359877782935298
24	0.0011509808845424894
25	0.0016839145093844226
26	0.002700807778023683
27	0.014518307657007562
28	0.0024408187440647365
29	0.004478494944396931
30	0.004243580875868428
31	0.006151466119691651
32	0.00967691385993963
33	0.013098896983362078
34	0.00551789457286652
35	0.0011221123777525241
36	0.0028650915083743736
37	7.093119999305164E-4
38	0.0029450404672255923
39	3.1506574852629813E-4
40	0.00722572230800844
41	0.008094718584660257
42	0.004665318137325569
43	4.409150231089687E-5
44	0.0020272376206550403
45	0.001450488213858206
46	7.195911927993239E-5
47	5.0162531618697745E-6
48	9.215569914463248E-4
49	0.003914053338272955
50	0.0014591502309605929
51	3.2115937248830785E-5
>>END_MODULE
>>Sequence Length Distribution	warn
#Length	Count
20	48291.0
21	51137.0
22	53682.0
23	55027.0
24	56802.0
25	58171.0
26	61094.0
27	64567.0
28	67952.0
29	73631.0
30	75181.0
31	78701.0
32	80376.0
33	81456.0
34	82753.0
35	83485.0
36	85835.0
37	90949.0
38	96437.0
39	102714.0
40	107057.0
41	111056.0
42	116209.0
43	128421.0
44	157697.0
45	237415.0
46	430264.0
47	1131609.0
48	2433712.0
49	4848410.0
50	6546914.0
51	2.4909751E7
>>END_MODULE
>>Sequence Duplication Levels	warn
#Total Duplicate Percentage	41.41560529244467
#Duplication Level	Relative count
1	100.0
2	23.567454387342433
3	11.917124692890251
4	7.576640240453214
5	5.028579147775723
6	3.5671166721545386
7	2.4931823746443436
8	1.978166713102505
9	1.6007699906284036
10++	11.12855972915242
>>END_MODULE
>>Overrepresented sequences	pass
>>END_MODULE
>>Kmer Content	warn
#Sequence	Count	Obs/Exp Overall	Obs/Exp Max	Max Obs/Exp Position
AAAAA	14124925	4.511042	5.5790024	47
TTTTT	12474860	3.8548505	4.319672	47
CCTGG	4167295	3.1535373	4.024369	9
CCAGG	3956610	3.0139132	3.4300036	30
>>END_MODULE
