##FastQC	0.10.1
>>Basic Statistics	pass
#Measure	Value	
Filename	040-F5_S4_L002_R2_001.fastq.gz	
File type	Conventional base calls	
Encoding	Sanger / Illumina 1.9	
Total Sequences	18304881	
Filtered Sequences	0	
Sequence length	35-76	
%GC	44	
>>END_MODULE
>>Per base sequence quality	pass
#Base	Mean	Median	Lower Quartile	Upper Quartile	10th Percentile	90th Percentile
1	31.2895763703681	32.0	32.0	32.0	32.0	32.0
2	31.049687894720538	32.0	32.0	32.0	32.0	32.0
3	31.121816743851	32.0	32.0	32.0	32.0	32.0
4	31.186882394919692	32.0	32.0	32.0	32.0	32.0
5	31.163204229516708	32.0	32.0	32.0	32.0	32.0
6	34.863121098684005	36.0	36.0	36.0	36.0	36.0
7	34.85026359909141	36.0	36.0	36.0	36.0	36.0
8	34.77985084961765	36.0	36.0	36.0	36.0	36.0
9	34.87282463076378	36.0	36.0	36.0	36.0	36.0
10-14	34.77523962051433	36.0	36.0	36.0	33.6	36.0
15-19	34.690567035098454	36.0	36.0	36.0	32.0	36.0
20-24	34.6243229660985	36.0	36.0	36.0	32.0	36.0
25-29	34.56231161513697	36.0	36.0	36.0	32.0	36.0
30-34	34.4959146798059	36.0	36.0	36.0	32.0	36.0
35-39	34.445978113851154	36.0	36.0	36.0	32.0	36.0
40-44	34.381171663322604	36.0	36.0	36.0	32.0	36.0
45-49	34.271824891843195	36.0	36.0	36.0	32.0	36.0
50-54	34.150434466427235	36.0	36.0	36.0	32.0	36.0
55-59	34.00380946990754	36.0	36.0	36.0	32.0	36.0
60-64	33.872430126466824	36.0	36.0	36.0	32.0	36.0
65-69	33.720095567301215	36.0	36.0	36.0	27.0	36.0
70-74	33.588138483915436	36.0	36.0	36.0	27.0	36.0
75-76	32.96884559685617	36.0	34.0	36.0	20.5	36.0
>>END_MODULE
>>Per sequence quality scores	pass
#Quality	Count
2	15575.0
3	0.0
4	0.0
5	0.0
6	0.0
7	0.0
8	0.0
9	0.0
10	0.0
11	0.0
12	0.0
13	0.0
14	1152.0
15	3679.0
16	6471.0
17	10219.0
18	15012.0
19	19729.0
20	25710.0
21	34745.0
22	47853.0
23	67629.0
24	95699.0
25	133710.0
26	182058.0
27	238618.0
28	304769.0
29	384923.0
30	484817.0
31	620728.0
32	833966.0
33	1259247.0
34	2644215.0
35	1.0874357E7
>>END_MODULE
>>Per base sequence content	fail
#Base	G	A	T	C
1	44.58624215868945	18.161578134942	11.341942728804042	25.91023697756451
2	16.72935675379915	19.811499156255813	37.202490058806816	26.256654031138225
3	20.263504559429002	21.377467496488382	28.832184660444593	29.526843283638026
4	13.679664507271166	14.732587860770147	36.63177172924419	34.955975902714506
5	15.155458878732938	34.630378192753255	35.292504343977754	14.921658584536058
6	34.0295864041442	35.2738235334482	16.76505673077654	13.93153333163106
7	30.084837554798415	29.886196884671296	20.971725225659192	19.057240334871096
8	26.225727343150947	34.755401299032485	20.45179521320221	18.56707614461436
9	24.92592665899953	15.81983482588131	20.620060706513414	38.63417780860575
10-14	23.738799055579253	23.45310204772122	28.947879159548208	23.86021973715132
15-19	21.95331632594479	28.800290180502202	26.999371107903166	22.247022385649846
20-24	22.066601105585963	27.53383534618536	28.195748925629	22.203814622599676
25-29	21.650026523696418	27.755648027322632	28.223788261840006	22.370537187140947
30-34	21.721000239156147	27.814600510265397	28.4067356082292	22.05766364234925
35-39	21.66261962339177	28.134424127552528	28.284128943235267	21.918827305820443
40-44	21.86701023633967	28.02575178355207	28.33850443064695	21.76873354946131
45-49	21.825960001413065	28.169580010421356	28.095598300788666	21.90886168737691
50-54	21.75637966693231	28.393284608166862	28.1123504505092	21.73798527439162
55-59	21.82336713918311	28.1995443589453	27.919574388033162	22.05751411383843
60-64	21.96183776806697	28.173233097978372	28.04915659624455	21.815772537710103
65-69	22.093441838815377	28.428547230456942	27.853249518234556	21.624761412493125
70-74	22.381944892416833	28.665454456801452	27.81330592154696	21.139294729234752
75-76	25.942279303523037	35.85520493275897	29.018999506157687	9.183516257560301
>>END_MODULE
>>Per base GC content	fail
#Base	%GC
1	70.49647913625395
2	42.98601078493737
3	49.79034784306703
4	48.63564040998567
5	30.077117463268994
6	47.961119735775256
7	49.142077889669515
8	44.79280348776531
9	63.56010446760527
10-14	47.599018792730575
15-19	44.20033871159463
20-24	44.27041572818564
25-29	44.020563710837365
30-34	43.778663881505395
35-39	43.581446929212206
40-44	43.635743785800976
45-49	43.73482168878998
50-54	43.49436494132393
55-59	43.880881253021535
60-64	43.777610305777074
65-69	43.7182032513085
70-74	43.52123962165159
75-76	35.125795561083336
>>END_MODULE
>>Per sequence GC content	fail
#GC Content	Count
0	15616.0
1	7859.5
2	171.5
3	321.5
4	403.0
5	566.5
6	891.0
7	1325.5
8	1601.5
9	1926.0
10	2869.0
11	4449.0
12	5425.5
13	6484.0
14	9065.0
15	13186.5
16	19750.0
17	24759.5
18	32597.0
19	47952.5
20	67486.0
21	81619.0
22	101507.5
23	137009.0
24	173961.0
25	198115.0
26	229393.0
27	280022.5
28	329382.0
29	362913.5
30	405624.5
31	474518.0
32	542238.5
33	587289.5
34	645384.5
35	732411.5
36	801578.5
37	837613.0
38	855228.5
39	860321.0
40	840368.5
41	810763.0
42	799789.0
43	791524.5
44	769998.0
45	743556.5
46	726142.0
47	709042.0
48	679881.0
49	649632.5
50	630211.5
51	610698.0
52	582161.0
53	557565.0
54	543822.5
55	529231.5
56	507167.0
57	485682.0
58	466975.5
59	440965.5
60	403284.0
61	361572.0
62	328549.0
63	297096.0
64	257282.5
65	220601.5
66	182947.5
67	156165.0
68	135652.0
69	110453.5
70	86435.0
71	70626.0
72	59502.5
73	47249.5
74	36429.0
75	29558.5
76	25035.5
77	19951.0
78	15084.0
79	12095.0
80	10391.5
81	8378.5
82	6274.5
83	4937.0
84	4101.0
85	3217.0
86	2432.5
87	2021.0
88	1837.0
89	1645.0
90	1470.0
91	1376.0
92	1348.0
93	1378.5
94	1515.5
95	1701.0
96	1784.0
97	1962.5
98	2765.5
99	12612.5
100	21836.0
>>END_MODULE
>>Per base N content	pass
#Base	N-Count
1	0.387891076702438
2	0.27606298014174474
3	0.151336684461374
4	0.0956575462031138
5	0.0861409587967275
6	0.08523409685099838
7	0.08508659520922315
8	0.08509752125676207
9	0.08508659520922315
10-14	0.08508659520922315
15-19	0.08508659520922315
20-24	0.08508659520922315
25-29	0.08508659520922315
30-34	0.08508659520922315
35-39	0.017041712542975068
40-44	0.0
45-49	0.0
50-54	0.0
55-59	0.0
60-64	0.0
65-69	0.0
70-74	0.0
75-76	0.0
>>END_MODULE
>>Sequence Length Distribution	warn
#Length	Count
35	20150.0
36	6977.0
37	9369.0
38	10739.0
39	12170.0
40	13156.0
41	14548.0
42	15898.0
43	18712.0
44	20597.0
45	22304.0
46	22864.0
47	23820.0
48	24177.0
49	24876.0
50	25974.0
51	26958.0
52	27951.0
53	30622.0
54	33465.0
55	34185.0
56	34921.0
57	35458.0
58	35790.0
59	36389.0
60	38446.0
61	38061.0
62	39289.0
63	40490.0
64	44946.0
65	45580.0
66	47203.0
67	49607.0
68	46912.0
69	53643.0
70	54649.0
71	68078.0
72	135802.0
73	422523.0
74	1198856.0
75	3679484.0
76	1.1719242E7
>>END_MODULE
>>Sequence Duplication Levels	warn
#Total Duplicate Percentage	32.791879666787686
#Duplication Level	Relative count
1	100.0
2	21.34561619936785
3	8.822348587154089
4	4.472491295175666
5	2.672399319673268
6	1.6942471513143007
7	1.1423941369267043
8	0.8168300570102122
9	0.6138999802909638
10++	4.412634222186535
>>END_MODULE
>>Overrepresented sequences	warn
#Sequence	Count	Percentage	Possible Source
GGGGGGGGGGGGGGGGGGGGGGGGGGGGGGGGGGGGGGGGGGGGGGGGGG	23038	0.12585714160064737	No Hit
>>END_MODULE
>>Kmer Content	warn
#Sequence	Count	Obs/Exp Overall	Obs/Exp Max	Max Obs/Exp Position
GGGGG	3561610	4.8166738	8.323356	72
AAAAA	9231250	4.459471	8.925635	72
TTTTT	7469015	3.498129	5.950994	72
CCTGG	2741290	3.098013	12.394664	3
CCAGG	2586330	2.9410486	12.598737	3
CCCAG	2405895	2.780747	11.066966	2
CTGGG	2421910	2.692897	10.854481	4
CCAGC	2311105	2.671188	6.605591	3
TTTCT	4423095	2.6029806	5.4100475	16
AGAAA	4347130	2.5801268	5.189901	48
GCTGG	2250630	2.5024526	7.1027827	3
CAGCA	2702440	2.5012593	6.500988	4
GGAGG	2255690	2.4829311	5.7070765	6
TGCTG	2743545	2.4675622	7.6390247	2
GAAAA	4156670	2.4670842	5.2329726	24
TCCAG	2653930	2.4411929	8.933533	2
CAGCC	2062800	2.3841956	5.6868024	9
GCTGC	2078650	2.3491437	5.720104	8
CTCCA	2479085	2.317771	6.3175516	1
CTGCT	2516665	2.3006363	6.415762	9
GGCTG	2042855	2.2714298	8.109743	7
CTCCT	2444035	2.2708921	6.086163	1
CTGGA	2502165	2.2644465	8.666717	4
CAGGA	2470180	2.24939	9.294793	4
CTGCC	1942050	2.2307718	5.8305283	9
AGCAG	2447970	2.2291653	5.3237166	7
CCTGC	1936770	2.224707	6.2647824	3
TCCTG	2417060	2.2095814	8.539933	2
GGCAG	1967085	2.2007716	6.262959	7
AGGAG	2455620	2.2000413	6.6204524	5
GCCTG	1910990	2.1596663	7.187053	7
CTGCA	2341265	2.153591	6.6079626	4
CCCTG	1870200	2.1482399	8.913302	2
GCAGG	1916410	2.144076	6.661068	3
CAGAG	2338030	2.129052	7.3058476	4
CTCTG	2305050	2.1071863	7.332018	2
TGCAG	2295840	2.0777233	6.757696	2
GCCAG	1786495	2.0315154	5.441968	2
CTGGC	1793820	2.027249	5.742606	4
CAGGG	1805755	2.0202754	8.933108	4
GAGAA	2749790	2.005181	5.032154	47
CCCCA	1706135	2.0043092	6.7369733	1
TGGAG	2250955	2.0042245	6.1282406	5
AGCTG	2200375	1.991328	5.7043047	7
CAGGC	1738785	1.9772615	5.9849973	4
CAGAA	2633325	1.9517537	5.219495	4
GGGAG	1756800	1.9337823	5.3197174	7
GGAGA	2148040	1.924474	5.1620646	6
CACAG	2062260	1.9087372	6.7030888	7
TTCTG	2603105	1.8938345	5.1059403	2
CTCAG	2051275	1.8868462	5.8806987	2
CTGTG	2091325	1.8809514	8.4016075	9
CTGAG	2048655	1.8540223	5.695025	4
CCAGA	1991390	1.843143	6.354861	3
GGCCA	1615090	1.836602	6.4216237	1
TGGGG	1678020	1.8356603	6.199036	5
CAGTG	2022995	1.8307999	7.4993715	7
CCTCT	1962600	1.8235635	5.680069	1
CACTG	1952570	1.7960532	7.20539	7
CATTT	3004810	1.7793106	5.1783414	14
ACCTG	1929440	1.7747773	5.323849	7
TCTGG	1971845	1.7734902	6.178172	3
TGGCC	1545270	1.7463552	5.6572676	5
CCTGA	1826755	1.6803236	5.364013	3
GCCCA	1450635	1.6766522	6.988832	1
ACAGA	2200135	1.6306843	5.6397996	8
GAGAG	1798615	1.6114168	5.0244575	7
GGGCC	1151675	1.6090289	5.409053	6
TCAGG	1769555	1.601438	5.546352	3
TGGGC	1430305	1.5903413	6.4562182	5
GTGTG	1788865	1.5829495	7.8551855	9
CCTGT	1717435	1.5700116	5.3563433	8
AGCCT	1668235	1.5345105	5.022529	6
AGGTG	1712750	1.5250131	5.0019	7
CACAC	1577615	1.4841241	6.263036	5
ACACA	1953865	1.4719112	5.9024262	6
TGTGT	2041745	1.4614546	6.206805	10
CTGTC	1581220	1.4454893	5.754028	9
AGTGG	1592890	1.418291	5.2543783	8
GCCCT	1227375	1.4098471	5.849076	1
ACAGC	1522345	1.4090154	5.226844	8
GTCCT	1534345	1.4026378	11.524328	1
GGGCT	1256420	1.3970004	5.737853	6
GACAG	1528945	1.3922846	6.5384493	7
ATGGC	1457595	1.3191159	5.976545	17
AGGGC	1170200	1.3092178	5.370786	5
AGGAC	1425515	1.2980994	11.079623	5
GGACA	1405040	1.2794546	6.20134	6
GTCCA	1287915	1.1846765	6.7534604	1
TGTGC	1312295	1.1802865	6.523212	10
GTGCT	1305720	1.174373	6.4337397	1
AGCAC	1209105	1.1190944	5.2164683	5
GTCTT	1529120	1.1124792	5.28316	1
TACAG	1509095	1.1115962	5.6024404	5
GTGCA	1210875	1.0958356	5.9499593	1
CTGTA	1487530	1.0889455	5.7988815	1
TGGAC	1203235	1.0889214	5.84527	5
TGCAC	1163305	1.0700552	5.455782	5
ACAGT	1416605	1.0434682	5.135601	8
GGACC	909645	1.034404	6.251151	6
ACTGT	1392435	1.0193312	5.7996044	8
GACTG	1103580	0.99873424	5.5739226	7
CTACA	1266205	0.9479841	6.2996635	4
AGTGT	1312315	0.9451745	5.1861663	8
TGTAG	1278630	0.9209134	6.5112324	2
GGACT	1012285	0.9161127	5.0045867	6
TCCTA	1159235	0.8625384	6.8235073	2
TAGGA	1173290	0.8502945	7.046925	4
CCTAC	845815	0.79077786	5.7528815	3
GTAGG	854275	0.7606366	6.089863	3
GTGTA	909555	0.6550929	5.571437	1
GGACG	525075	0.587453	5.321083	6
>>END_MODULE
