##FastQC	0.10.1
>>Basic Statistics	pass
#Measure	Value	
Filename	006-F0_S6_L001_R1_001_trimmed.fq.gz	
File type	Conventional base calls	
Encoding	Sanger / Illumina 1.9	
Total Sequences	22929935	
Filtered Sequences	0	
Sequence length	20-51	
%GC	45	
>>END_MODULE
>>Per base sequence quality	pass
#Base	Mean	Median	Lower Quartile	Upper Quartile	10th Percentile	90th Percentile
1	35.1328913928452	36.0	36.0	36.0	36.0	36.0
2	35.12433986402491	36.0	36.0	36.0	36.0	36.0
3	35.10417382343212	36.0	36.0	36.0	36.0	36.0
4	35.094498610658945	36.0	36.0	36.0	36.0	36.0
5	35.07145471629117	36.0	36.0	36.0	36.0	36.0
6	35.0263838078913	36.0	36.0	36.0	36.0	36.0
7	35.007025357900055	36.0	36.0	36.0	36.0	36.0
8	35.001364460911034	36.0	36.0	36.0	36.0	36.0
9	34.97702287424713	36.0	36.0	36.0	36.0	36.0
10	34.957126045058565	36.0	36.0	36.0	36.0	36.0
11	34.94577319996764	36.0	36.0	36.0	36.0	36.0
12	34.91220860416743	36.0	36.0	36.0	36.0	36.0
13	34.901576519950886	36.0	36.0	36.0	36.0	36.0
14	34.88509714484581	36.0	36.0	36.0	36.0	36.0
15	34.863580250009434	36.0	36.0	36.0	36.0	36.0
16	34.85258279188319	36.0	36.0	36.0	36.0	36.0
17	34.84862307721326	36.0	36.0	36.0	36.0	36.0
18	34.839279745014544	36.0	36.0	36.0	36.0	36.0
19	34.823715898017156	36.0	36.0	36.0	36.0	36.0
20	34.821298926490634	36.0	36.0	36.0	36.0	36.0
21	34.80775550127677	36.0	36.0	36.0	36.0	36.0
22	34.79156928544941	36.0	36.0	36.0	36.0	36.0
23	34.78177592072079	36.0	36.0	36.0	36.0	36.0
24	34.75998568674848	36.0	36.0	36.0	36.0	36.0
25	34.740660474315554	36.0	36.0	36.0	36.0	36.0
26	34.72069419422677	36.0	36.0	36.0	32.0	36.0
27	34.70528188682727	36.0	36.0	36.0	32.0	36.0
28	34.68934702658426	36.0	36.0	36.0	32.0	36.0
29	34.66938087979421	36.0	36.0	36.0	32.0	36.0
30	34.65337432690041	36.0	36.0	36.0	32.0	36.0
31	34.62039363066466	36.0	36.0	36.0	32.0	36.0
32	34.607667299765545	36.0	36.0	36.0	32.0	36.0
33	34.570226311059244	36.0	36.0	36.0	32.0	36.0
34	34.54413735886334	36.0	36.0	36.0	32.0	36.0
35	34.514879723978545	36.0	36.0	36.0	32.0	36.0
36	34.48285401766029	36.0	36.0	36.0	32.0	36.0
37	34.46540789226825	36.0	36.0	36.0	32.0	36.0
38	34.43188579917647	36.0	36.0	36.0	32.0	36.0
39	34.408912628952926	36.0	36.0	36.0	32.0	36.0
40	34.39102642231071	36.0	36.0	36.0	32.0	36.0
41	34.36448271255703	36.0	36.0	36.0	32.0	36.0
42	34.337521992518326	36.0	36.0	36.0	32.0	36.0
43	34.3113247394675	36.0	36.0	36.0	32.0	36.0
44	34.279256968731886	36.0	36.0	36.0	32.0	36.0
45	34.25751726194632	36.0	36.0	36.0	32.0	36.0
46	34.237246793016276	36.0	36.0	36.0	32.0	36.0
47	34.24001326494462	36.0	36.0	36.0	32.0	36.0
48	34.25468603764891	36.0	36.0	36.0	32.0	36.0
49	34.297945665083056	36.0	36.0	36.0	32.0	36.0
50	34.38599272232884	36.0	36.0	36.0	32.0	36.0
51	34.49857863959622	36.0	36.0	36.0	32.0	36.0
>>END_MODULE
>>Per sequence quality scores	pass
#Quality	Count
11	1.0
12	1.0
13	1.0
14	13.0
15	86.0
16	330.0
17	921.0
18	2097.0
19	4830.0
20	9813.0
21	18507.0
22	30683.0
23	49044.0
24	74040.0
25	109040.0
26	155038.0
27	212475.0
28	282899.0
29	363977.0
30	467371.0
31	604961.0
32	821659.0
33	1244585.0
34	2520496.0
35	1.1086487E7
36	4870580.0
>>END_MODULE
>>Per base sequence content	pass
#Base	G	A	T	C
1	22.72764422122913	26.601465446522454	27.12695811907178	23.54393221317663
2	22.663931655838702	26.648300488926434	27.36779121345426	23.3199766417806
3	22.583112293228595	26.739170699364774	27.31775274073957	23.359964266667063
4	22.853662669029532	26.491157029532975	27.511628429299083	23.143551872138413
5	22.999351146805935	26.51400459648684	27.092403271462157	23.394240985245066
6	22.530675064017004	26.912523651347144	27.29502729131591	23.261773993319945
7	22.621406600271524	26.846882302814763	27.20916886049584	23.322542236417874
8	22.64272579891728	26.715154260860896	27.1733381702012	23.468781770020627
9	22.555930086889838	26.792967483170948	27.314167803955236	23.33693462598398
10	22.63322686317293	26.808477529332862	27.29456047051388	23.26373513698033
11	23.111160151310337	26.698847116767016	27.00418050737853	23.18581222454412
12	22.45684760521889	26.967568337754482	27.392453254307235	23.183130802719393
13	22.578729028587023	26.820612397728333	27.485536050482946	23.1151225232017
14	22.64019853887156	26.563458286015546	27.58853183484205	23.207811340270844
15	22.55284192761127	26.89470382737551	27.4040257662369	23.14842847877632
16	22.70666998046875	27.14724909791509	27.26384427619348	22.882236645422683
17	22.84183799824364	26.8015865670263	26.98362096090607	23.372954473823988
18	22.773396175328607	27.17979245812317	26.998705349292262	23.04810601725596
19	22.917718973628862	26.870149028475314	27.205221012814373	23.00691098508145
20	22.950516595345814	26.613454934231555	27.226509847144932	23.2095186232777
21	22.912055859544484	26.78069977492246	27.276205151726174	23.031039213806878
22	22.746722889325284	26.945855990459357	27.30384482399032	23.003576296225038
23	22.808103571985868	26.700035221696915	27.196453910113284	23.295407296203933
24	22.636728859093484	27.09739235452148	27.26386477988529	23.00201400649975
25	22.76563922937107	26.999808122366844	27.084875784932393	23.149676863329695
26	22.859309735895668	26.931186145360385	27.003294128303207	23.206209990440737
27	22.838469153841583	26.99467544455203	27.127708415846215	23.039146985760173
28	22.66241960641202	26.986664521207814	27.1009991052192	23.249916767160965
29	22.952316253530896	26.735858145791187	27.116408606943672	23.195416993734252
30	22.753701932288408	27.066151761603606	27.067072437384997	23.113073868722985
31	22.84193838762867	26.949219145171003	27.09852200034271	23.110320466857612
32	22.81469104039095	26.99449652216364	27.013639131954125	23.17717330549128
33	22.70275784511488	26.822433076101866	27.297562356292705	23.177246722490548
34	22.893407351437737	27.161197762807728	27.089000205897406	22.856394679857132
35	22.87149349756909	26.801465028158045	27.072329297458598	23.25471217681427
36	23.01483035865082	27.07160762723414	26.889824888684764	23.023737125430273
37	22.79707455509978	26.96606377567825	27.01896364317276	23.217898026049212
38	22.798347126605474	26.829569351888473	26.998641764630687	23.373441756875366
39	22.729852916741457	26.957571646999263	27.056599665816655	23.25597577044263
40	22.78468242604786	26.93055727014813	27.217710440118932	23.06704986368508
41	23.031708797163443	26.86909482068015	27.002848164340044	23.096348217816363
42	22.893649199501553	27.0200136469154	27.05482379027312	23.031513363309923
43	22.91187428200314	27.105519888673573	26.98835727453819	22.994248554785102
44	22.94972528879427	26.825733543355295	26.939312543860094	23.28522862399034
45	22.79981142749387	27.012860644917968	27.128267018668677	23.05906090891948
46	22.865314568624328	27.224501934436233	26.84309049316631	23.067093003773127
47	22.905480757069576	26.94193481992018	26.947989337508822	23.204595085501424
48	22.90521107408086	27.289844616552276	27.09217329362999	22.712771015736873
49	23.151780237676853	27.241032902478928	27.066060089997862	22.541126769846358
50	23.211426994802135	27.44338138088246	27.137935671924495	22.20725595239091
51	22.64539255626894	27.956447726066607	27.400327436943133	21.997832280721312
>>END_MODULE
>>Per base GC content	pass
#Base	%GC
1	46.271576434405766
2	45.9839082976193
3	45.94307655989566
4	45.99721454116794
5	46.393592132051005
6	45.792449057336945
7	45.943948836689394
8	46.1115075689379
9	45.892864712873816
10	45.89696200015326
11	46.29697237585446
12	45.63997840793828
13	45.693851551788725
14	45.8480098791424
15	45.701270406387586
16	45.588906625891426
17	46.214792472067636
18	45.82150219258457
19	45.92462995871031
20	46.16003521862351
21	45.94309507335136
22	45.750299185550325
23	46.1035108681898
24	45.63874286559324
25	45.91531609270076
26	46.065519726336404
27	45.877616139601756
28	45.912336373572984
29	46.147733247265144
30	45.86677580101139
31	45.95225885448628
32	45.991864345882234
33	45.88000456760543
34	45.74980203129487
35	46.12620567438336
36	46.03856748408109
37	46.01497258114899
38	46.17178888348084
39	45.98582868718409
40	45.851732289732944
41	46.12805701497981
42	45.92516256281148
43	45.906122836788235
44	46.23495391278461
45	45.858872336413356
46	45.93240757239746
47	46.110075842571
48	45.61798208981774
49	45.69290700752321
50	45.41868294719304
51	44.64322483699026
>>END_MODULE
>>Per sequence GC content	pass
#GC Content	Count
0	6516.0
1	6141.5
2	4685.5
3	3831.5
4	4153.5
5	4861.0
6	5668.0
7	6919.5
8	8175.0
9	10216.5
10	12427.0
11	16662.5
12	21019.5
13	28343.0
14	36239.0
15	48516.5
16	61397.5
17	81390.5
18	102286.5
19	129746.5
20	158128.5
21	194049.0
22	230506.0
23	275649.0
24	322477.0
25	369901.0
26	458297.5
27	518482.0
28	587214.0
29	658101.5
30	732973.5
31	809704.5
32	891087.5
33	975468.0
34	1057151.5
35	1135146.5
36	1198161.5
37	1257302.0
38	1296339.0
39	1335733.0
40	1360313.0
41	1382092.5
42	1397445.0
43	1405854.0
44	1398583.5
45	1388874.5
46	1373386.5
47	1355397.0
48	1336332.0
49	1316632.5
50	1296093.5
51	1275142.0
52	1249945.5
53	1223405.0
54	1197859.0
55	1168494.0
56	1132359.5
57	1092739.0
58	1040414.5
59	981075.5
60	916742.0
61	846706.5
62	775381.5
63	707661.5
64	632270.0
65	559497.5
66	492548.0
67	426476.5
68	366121.0
69	307133.5
70	259966.0
71	217306.0
72	182135.0
73	149216.0
74	121940.5
75	90946.5
76	75449.5
77	62324.5
78	49546.5
79	39781.0
80	31109.5
81	24908.0
82	19531.0
83	15707.0
84	12307.0
85	9919.0
86	7664.0
87	6229.5
88	4961.0
89	3948.0
90	2978.5
91	2430.5
92	2024.5
93	1739.0
94	1464.0
95	1294.5
96	1137.0
97	1002.5
98	888.5
99	1128.5
100	1370.0
>>END_MODULE
>>Per base N content	pass
#Base	N-Count
1	0.0017662501005781307
2	4.579166927424784E-4
3	3.663333541939827E-4
4	6.105555903233045E-4
5	0.0010859167285035916
6	0.002093333452537044
7	0.003698222432815444
8	0.0021631112342882786
9	0.004932416947540409
10	0.004936778058899862
11	0.003925000223506957
12	0.004962944727056575
13	0.0029917223925841918
14	0.007104250404547592
15	0.01728744542886842
16	0.01570436200538728
17	0.012860917399024462
18	0.00760141709952514
19	0.0179459732441457
20	0.005045805842886166
21	0.007822927041240942
22	0.011261311573553447
23	0.0056416513504247414
24	0.009325353576787994
25	0.007133685891236922
26	0.003936063469509926
27	0.002074925470051532
28	0.0012401428093341772
29	6.952435846063978E-4
30	0.001559761339531977
31	0.0015866818408431715
32	0.002036502028589791
33	0.0034228809807460465
34	0.005926381404444722
35	0.004547709420430289
36	0.003446927426195228
37	0.0018409545884011547
38	0.007736388253394398
39	0.0036467912100283167
40	9.045275341181095E-4
41	0.0014775829818013653
42	0.0017809307330008649
43	0.003856403410797397
44	0.0019227257460574508
45	0.0019375449589393683
46	5.983931718589938E-4
47	0.0012936014002441684
48	0.0016229561237534318
49	0.0043848914181296925
50	0.0023786882909254715
51	0.002048721942931659
>>END_MODULE
>>Sequence Length Distribution	warn
#Length	Count
20	48474.0
21	51083.0
22	53359.0
23	54020.0
24	55895.0
25	55680.0
26	56397.0
27	57618.0
28	59230.0
29	62961.0
30	64507.0
31	66687.0
32	69721.0
33	69752.0
34	71481.0
35	71482.0
36	70771.0
37	71850.0
38	73823.0
39	76373.0
40	79459.0
41	83703.0
42	86688.0
43	95027.0
44	111483.0
45	156021.0
46	261731.0
47	646240.0
48	1333814.0
49	2671254.0
50	3550134.0
51	1.2593217E7
>>END_MODULE
>>Sequence Duplication Levels	warn
#Total Duplicate Percentage	34.84048442736295
#Duplication Level	Relative count
1	100.0
2	23.189336152858544
3	9.783248999320293
4	5.038894343327543
5	3.0292273997432217
6	1.851068650404048
7	1.2249830073257306
8	0.9591420587568915
9	0.6200438033381165
10++	5.350049089947889
>>END_MODULE
>>Overrepresented sequences	pass
>>END_MODULE
>>Kmer Content	warn
#Sequence	Count	Obs/Exp Overall	Obs/Exp Max	Max Obs/Exp Position
AAAAA	5760990	3.9615483	4.9092064	47
TTTTT	5415960	3.5609202	4.1864753	13
>>END_MODULE
