##FastQC	0.10.1
>>Basic Statistics	pass
#Measure	Value	
Filename	029-F0_S5_L003_R1_001.fastq.gz	
File type	Conventional base calls	
Encoding	Sanger / Illumina 1.9	
Total Sequences	21718396	
Filtered Sequences	0	
Sequence length	35-76	
%GC	45	
>>END_MODULE
>>Per base sequence quality	pass
#Base	Mean	Median	Lower Quartile	Upper Quartile	10th Percentile	90th Percentile
1	31.37470861107791	32.0	32.0	32.0	32.0	32.0
2	31.414815164066443	32.0	32.0	32.0	32.0	32.0
3	31.500660638106055	32.0	32.0	32.0	32.0	32.0
4	31.581996893324902	32.0	32.0	32.0	32.0	32.0
5	31.541959866649453	32.0	32.0	32.0	32.0	32.0
6	35.143297138517966	36.0	36.0	36.0	36.0	36.0
7	35.1571646911678	36.0	36.0	36.0	36.0	36.0
8	35.09020620123144	36.0	36.0	36.0	36.0	36.0
9	35.23435413922833	36.0	36.0	36.0	36.0	36.0
10-14	35.16242574267456	36.0	36.0	36.0	36.0	36.0
15-19	35.11518369036093	36.0	36.0	36.0	36.0	36.0
20-24	35.06552340237281	36.0	36.0	36.0	36.0	36.0
25-29	34.95220559566185	36.0	36.0	36.0	36.0	36.0
30-34	34.86212858444979	36.0	36.0	36.0	36.0	36.0
35-39	34.8363281829214	36.0	36.0	36.0	36.0	36.0
40-44	34.784959923717636	36.0	36.0	36.0	36.0	36.0
45-49	34.68812039942723	36.0	36.0	36.0	32.8	36.0
50-54	34.570237601448625	36.0	36.0	36.0	32.0	36.0
55-59	34.41417564324635	36.0	36.0	36.0	32.0	36.0
60-64	34.25571690825836	36.0	36.0	36.0	32.0	36.0
65-69	34.116211153708065	36.0	36.0	36.0	32.0	36.0
70-74	34.00745717541448	36.0	36.0	36.0	32.0	36.0
75-76	33.336615991699205	36.0	34.0	36.0	23.0	36.0
>>END_MODULE
>>Per sequence quality scores	pass
#Quality	Count
2	45842.0
3	0.0
4	0.0
5	0.0
6	0.0
7	0.0
8	0.0
9	0.0
10	0.0
11	0.0
12	0.0
13	0.0
14	0.0
15	0.0
16	2.0
17	12.0
18	192.0
19	1273.0
20	5062.0
21	12104.0
22	21112.0
23	32864.0
24	52838.0
25	84694.0
26	130482.0
27	192912.0
28	268431.0
29	359752.0
30	468212.0
31	612346.0
32	838730.0
33	1316951.0
34	3064241.0
35	1.4210344E7
>>END_MODULE
>>Per base sequence content	fail
#Base	G	A	T	C
1	41.7117459820463	19.084166588743443	12.549060476698127	26.655026952512127
2	15.597858157941449	19.743283303586555	37.6459605969314	27.012897941540597
3	18.888560055133333	21.919038422424826	28.19391551119591	30.99848601124593
4	12.864393514403819	15.535605968812668	35.835494518911	35.76450599787251
5	14.614696541995004	35.32462302320253	34.37210030714423	15.688580127658236
6	34.19436776363306	35.3525926483903	16.451952702093937	14.001086885882705
7	30.13337037040455	29.379046123150722	20.824064067980867	19.663519438463858
8	25.850492747647554	35.931053626628405	19.725875409054236	18.492578216669802
9	24.614367093052348	16.183597927590814	20.15156127884143	39.05047370051541
10-14	23.99441551305926	23.278117680141733	28.380507184937066	24.34695962186194
15-19	22.40066695457095	28.33299756189423	26.31034215806381	22.955993325471013
20-24	22.49627575675939	26.978449688070892	27.59492156509844	22.930352990071277
25-29	22.33943881769349	27.0810885206824	27.482942746083328	23.09652991554078
30-34	22.37157761101481	27.08437168491914	27.637939663378074	22.906111040687975
35-39	22.39490177739792	27.29865991918591	27.48062371359951	22.825814589816666
40-44	22.511607957566447	27.179644065150356	27.550132327876703	22.75861564940649
45-49	22.494521895929513	27.281711428411974	27.343557724335582	22.880208951322924
50-54	22.455283953676787	27.40501679076083	27.371667463601657	22.768031791960723
55-59	22.53703218592409	27.266167436694673	27.220465255503928	22.976335121877316
60-64	22.625773316772417	27.26767861221086	27.285911154951926	22.8206369160648
65-69	22.71190529800898	27.416097485024782	27.172388300925938	22.6996089160403
70-74	22.96333333792195	27.617006777436874	27.159707342147655	22.259952542493515
75-76	26.98014775812706	34.92489132337443	28.209115918281245	9.885845000217259
>>END_MODULE
>>Per base GC content	fail
#Base	%GC
1	68.36677293455843
2	42.610756099482046
3	49.887046066379256
4	48.62889951227633
5	30.30327666965324
6	48.19545464951577
7	49.796889808868414
8	44.343070964317356
9	63.664840793567755
10-14	48.3413751349212
15-19	45.35666028004196
20-24	45.426628746830666
25-29	45.43596873323427
30-34	45.27768865170279
35-39	45.22071636721458
40-44	45.270223606972934
45-49	45.37473084725244
50-54	45.22331574563751
55-59	45.5133673078014
60-64	45.446410232837216
65-69	45.411514214049284
70-74	45.22328588041547
75-76	36.86599275834432
>>END_MODULE
>>Per sequence GC content	warn
#GC Content	Count
0	45860.0
1	22941.0
2	34.0
3	76.5
4	107.5
5	154.5
6	314.5
7	517.0
8	615.0
9	854.5
10	1436.5
11	2399.5
12	3054.5
13	3964.0
14	6374.0
15	10287.5
16	16413.0
17	21298.0
18	28737.5
19	43139.0
20	61493.0
21	75116.5
22	94457.0
23	128970.5
24	165969.0
25	190744.0
26	222340.0
27	274362.0
28	326667.0
29	363102.5
30	407449.5
31	477456.0
32	546981.0
33	594248.0
34	655487.0
35	747583.0
36	826325.0
37	873219.0
38	909120.0
39	944596.5
40	953413.0
41	950681.5
42	957343.0
43	962505.0
44	956122.0
45	940884.5
46	931401.5
47	920001.0
48	897209.0
49	870172.5
50	851353.0
51	832251.5
52	800572.0
53	769993.0
54	753762.5
55	735294.5
56	705153.0
57	673702.5
58	646447.5
59	607300.5
60	553313.0
61	495938.0
62	450205.0
63	406321.0
64	349724.0
65	298625.0
66	248652.5
67	212789.0
68	184471.5
69	149562.0
70	116617.5
71	94862.0
72	79166.0
73	62180.5
74	47150.0
75	37540.0
76	31333.0
77	24770.0
78	18453.0
79	14387.5
80	12282.5
81	9745.5
82	6906.0
83	5143.0
84	4131.5
85	3118.0
86	2142.0
87	1526.0
88	1252.5
89	957.5
90	681.5
91	489.5
92	411.0
93	440.5
94	373.5
95	225.0
96	176.5
97	138.0
98	80.0
99	44.5
100	29.0
>>END_MODULE
>>Per base N content	pass
#Base	N-Count
1	0.23836935287486238
2	0.2119079143782073
3	0.21108372828269636
4	0.2112402775969275
5	0.21107451949950634
6	0.2432407991824074
7	0.2137174402750553
8	0.21107451949950634
9	0.21107451949950634
10-14	0.21148246859482625
15-19	0.21141248184258174
20-24	0.21152298724086255
25-29	0.21276341033656443
30-34	0.212837080602085
35-39	0.05183252858628552
40-44	0.0025639119763028245
45-49	0.0010233062941794168
50-54	0.0012099059457325344
55-59	0.0024882845755543584
60-64	0.00185606068565853
65-69	0.0010411629742735783
70-74	0.0030549052637271878
75-76	0.014352654724923572
>>END_MODULE
>>Sequence Length Distribution	warn
#Length	Count
35	60653.0
36	20947.0
37	27294.0
38	29616.0
39	31496.0
40	30856.0
41	32783.0
42	34279.0
43	37635.0
44	39767.0
45	43014.0
46	44437.0
47	46419.0
48	47395.0
49	49615.0
50	48481.0
51	49576.0
52	50525.0
53	52458.0
54	55360.0
55	56720.0
56	58217.0
57	59929.0
58	60918.0
59	61946.0
60	63365.0
61	61609.0
62	62731.0
63	63086.0
64	66849.0
65	67663.0
66	69937.0
67	72117.0
68	70731.0
69	77569.0
70	80848.0
71	95804.0
72	176365.0
73	526700.0
74	1440859.0
75	4478533.0
76	1.3113294E7
>>END_MODULE
>>Sequence Duplication Levels	warn
#Total Duplicate Percentage	32.84985490737149
#Duplication Level	Relative count
1	100.0
2	21.588183679438433
3	8.73574144486692
4	4.408452763966072
5	2.6455103831529687
6	1.65618601930389
7	1.1033928049137174
8	0.8357706931851419
9	0.6127522667446622
10++	4.655601052939456
>>END_MODULE
>>Overrepresented sequences	warn
#Sequence	Count	Percentage	Possible Source
NNNNNNNNNNNNNNNNNNNNNNNNNNNNNNNNNNN	45842	0.21107451949950634	No Hit
>>END_MODULE
>>Kmer Content	warn
#Sequence	Count	Obs/Exp Overall	Obs/Exp Max	Max Obs/Exp Position
AAAAA	7474990	3.4538152	6.4177155	72
TTTTT	7132325	3.2122724	5.670541	72
CCTGG	3436725	3.0209696	11.673247	3
CCAGG	3315915	2.9297218	12.803176	3
CCCAG	3148125	2.7747192	10.86927	2
CTGGG	3074225	2.7089016	9.707242	4
CAGCA	3531990	2.6505187	7.4435787	4
CCAGC	2921410	2.574895	6.5928273	3
TGCTG	3448900	2.5680597	6.8215117	2
GGAGG	2871260	2.5492213	5.8029594	6
GCTGG	2808560	2.4748068	5.6842465	3
TCCAG	3236440	2.416337	9.9072275	2
AGGAG	3109015	2.3444781	7.41219	5
CAGCC	2643695	2.3301206	5.4063287	9
AGCAG	3093730	2.3272862	5.4203863	7
CAGGA	3079810	2.3168151	10.3969	4
CTGCT	3112380	2.311858	6.578833	9
CTCCT	3105550	2.3011823	6.776753	1
CTCCA	3086165	2.2985454	7.16018	1
GGCTG	2581200	2.2744648	7.929991	7
CTGGA	3035355	2.2717233	8.826519	4
TCCTG	3031450	2.2517436	9.404418	2
GCTGC	2556825	2.247515	5.511459	8
CAGAG	2977635	2.2399528	7.5725317	4
GGCAG	2505115	2.2187417	5.810837	7
CCTGC	2506250	2.1977081	6.211103	3
GCAGG	2467240	2.1851964	6.382232	3
CCCTG	2490280	2.1837041	8.552658	2
CTCTG	2932965	2.1785896	7.164629	2
CTGCC	2478135	2.1730542	5.616849	9
CACAG	2875015	2.1575031	7.9137425	7
CTGCA	2885700	2.1544733	6.517013	4
TGCAG	2850770	2.1335762	6.5907626	2
CAGGG	2401815	2.1272504	8.911006	4
GCCTG	2416905	2.1245217	6.644279	7
TGGAG	2794275	2.0963855	6.3764205	5
CTGTG	2804525	2.0882564	9.164753	9
AGCTG	2706825	2.0258446	5.5638256	7
CAGGC	2278770	2.01337	5.8204403	4
GGAGA	2646330	1.9955719	5.6532936	6
GGGAG	2240940	1.9895977	5.181998	7
CTCAG	2634350	1.9668146	6.08681	2
CCCCA	2228470	1.9593762	6.4128137	1
CTGAG	2598485	1.9447607	5.5828123	4
CAGAA	3042310	1.9438342	5.4540415	4
CAGTG	2533530	1.896147	6.7169566	9
TTCTG	2977745	1.8736091	5.1220036	2
CACTG	2497085	1.8643321	7.834541	7
CCAGA	2467050	1.8513533	6.6041417	3
CCTCT	2496850	1.8501414	5.222319	1
TGGGG	2093870	1.8495383	5.4140496	5
TCCCA	2474510	1.8429908	5.0218	2
GGCCA	2065520	1.8249562	5.457354	1
TCTGG	2412230	1.7961525	5.9707866	3
ACACA	2809235	1.7905555	7.2630997	6
CACAC	2388745	1.7882373	7.4568505	5
GAGAG	2348440	1.7709359	5.766256	7
ACCTG	2371320	1.7704356	5.01691	7
GTGTG	2346150	1.7512022	7.143903	9
TGGCC	1986300	1.7460088	5.0149117	5
ACAGA	2710015	1.7315197	6.227781	8
CCTGA	2281405	1.7033048	5.440228	3
TGTGT	2675630	1.6876155	6.629561	10
GCCCA	1907530	1.6812739	6.545044	1
TCAGG	2205250	1.6504554	5.700395	3
CCTGT	2186420	1.6240603	5.379283	8
TGGGC	1810735	1.5955576	5.811906	5
ACAGG	2107945	1.5857204	5.1214814	8
ACAGC	2075645	1.5576307	6.212725	8
GCTGT	2031845	1.5129169	5.395497	8
CTGTC	1998470	1.484452	5.973239	9
GACAG	1963595	1.4771321	7.2645516	7
GGGCT	1630440	1.4366881	5.6045895	6
GCCCT	1633180	1.4321209	5.302139	1
AGACA	2210340	1.4122605	5.6148953	6
AGGGC	1558495	1.3803349	5.3355236	5
GTCCT	1810910	1.3451335	9.294336	1
GGACA	1762915	1.3261685	6.52517	6
GCACA	1763550	1.3234245	5.168945	6
AGGAC	1716255	1.2910683	9.559604	5
GTGCT	1729695	1.2879353	5.80718	1
TGTGC	1720045	1.2807498	6.3869486	10
AGCAC	1685090	1.2645456	6.0437207	5
ACTGC	1668980	1.2460661	5.363353	8
GTCCA	1608590	1.2009788	6.790295	1
ACAGT	1777750	1.1300691	5.9439774	8
GTGCA	1507560	1.1282896	5.6404786	1
GTCTT	1792605	1.1279142	5.0391974	1
TGGAC	1493755	1.1179576	6.1066957	5
TGCAC	1477115	1.1028191	5.43344	5
ACTGT	1742395	1.101944	6.6080513	8
GACTG	1418510	1.0616426	6.0833774	7
GGACC	1154070	1.0196595	5.591887	6
ACACT	1607805	1.0195574	5.389368	6
AGACT	1564095	0.99425423	5.006118	6
CTACA	1540775	0.97705173	5.664761	4
TGTAG	1531720	0.9710648	5.977961	2
GGACT	1277185	0.95587206	5.417433	6
TAGGA	1323095	0.8431043	6.17803	4
TCCTA	1314710	0.8294435	5.8273783	2
GTGTA	1136370	0.72042483	5.894052	1
TACAC	1099420	0.6971752	5.3694134	5
>>END_MODULE
