##FastQC	0.10.1
>>Basic Statistics	pass
#Measure	Value	
Filename	005-F0_S3_L001_R2_001.fastq.gz	
File type	Conventional base calls	
Encoding	Sanger / Illumina 1.9	
Total Sequences	21307669	
Filtered Sequences	0	
Sequence length	35-75	
%GC	46	
>>END_MODULE
>>Per base sequence quality	pass
#Base	Mean	Median	Lower Quartile	Upper Quartile	10th Percentile	90th Percentile
1	31.341264546581797	32.0	32.0	32.0	32.0	32.0
2	31.131434649186637	32.0	32.0	32.0	32.0	32.0
3	31.179156856622843	32.0	32.0	32.0	32.0	32.0
4	31.234774718905197	32.0	32.0	32.0	32.0	32.0
5	31.190174204414383	32.0	32.0	32.0	32.0	32.0
6	34.864936516519	36.0	36.0	36.0	36.0	36.0
7	34.85084623756827	36.0	36.0	36.0	36.0	36.0
8	34.77681852482315	36.0	36.0	36.0	36.0	36.0
9	34.90766967517658	36.0	36.0	36.0	36.0	36.0
10	34.73533130254651	36.0	36.0	36.0	32.0	36.0
11	34.866566962345814	36.0	36.0	36.0	36.0	36.0
12	34.76380921817398	36.0	36.0	36.0	32.0	36.0
13	34.81180977609517	36.0	36.0	36.0	36.0	36.0
14	34.763803867987626	36.0	36.0	36.0	32.0	36.0
15	34.71973940462469	36.0	36.0	36.0	32.0	36.0
16	34.71479611401885	36.0	36.0	36.0	32.0	36.0
17	34.71204039259292	36.0	36.0	36.0	32.0	36.0
18	34.6987412841827	36.0	36.0	36.0	32.0	36.0
19	34.69163970962755	36.0	36.0	36.0	32.0	36.0
20	34.671298019506494	36.0	36.0	36.0	32.0	36.0
21	34.657852062560195	36.0	36.0	36.0	32.0	36.0
22	34.640154772443665	36.0	36.0	36.0	32.0	36.0
23	34.6270946390241	36.0	36.0	36.0	32.0	36.0
24	34.61239725471613	36.0	36.0	36.0	32.0	36.0
25	34.60164272309655	36.0	36.0	36.0	32.0	36.0
26	34.58558540589306	36.0	36.0	36.0	32.0	36.0
27	34.57232304481546	36.0	36.0	36.0	32.0	36.0
28	34.557939021861095	36.0	36.0	36.0	32.0	36.0
29	34.54987774589515	36.0	36.0	36.0	32.0	36.0
30	34.52200365042277	36.0	36.0	36.0	32.0	36.0
31	34.516806038239096	36.0	36.0	36.0	32.0	36.0
32	34.5041627969723	36.0	36.0	36.0	32.0	36.0
33	34.493116539401846	36.0	36.0	36.0	32.0	36.0
34	34.48945964009484	36.0	36.0	36.0	32.0	36.0
35	34.46509221632831	36.0	36.0	36.0	32.0	36.0
36	34.52106519160512	36.0	36.0	36.0	32.0	36.0
37	34.51354545047602	36.0	36.0	36.0	32.0	36.0
38	34.498687029201534	36.0	36.0	36.0	32.0	36.0
39	34.492566049511424	36.0	36.0	36.0	32.0	36.0
40	34.48321232052853	36.0	36.0	36.0	32.0	36.0
41	34.46596789708952	36.0	36.0	36.0	32.0	36.0
42	34.45244365389553	36.0	36.0	36.0	32.0	36.0
43	34.43378266094532	36.0	36.0	36.0	32.0	36.0
44	34.403562686967895	36.0	36.0	36.0	32.0	36.0
45	34.391136401020965	36.0	36.0	36.0	32.0	36.0
46	34.37144654547086	36.0	36.0	36.0	32.0	36.0
47	34.35544762574362	36.0	36.0	36.0	32.0	36.0
48	34.32531825603387	36.0	36.0	36.0	32.0	36.0
49	34.2979729181612	36.0	36.0	36.0	32.0	36.0
50	34.270491324298646	36.0	36.0	36.0	32.0	36.0
51	34.24181509443152	36.0	36.0	36.0	32.0	36.0
52	34.22187841520869	36.0	36.0	36.0	32.0	36.0
53	34.19157458432414	36.0	36.0	36.0	32.0	36.0
54	34.16091437022061	36.0	36.0	36.0	32.0	36.0
55	34.13102040670391	36.0	36.0	36.0	32.0	36.0
56	34.110877884969646	36.0	36.0	36.0	32.0	36.0
57	34.08409925263	36.0	36.0	36.0	32.0	36.0
58	34.05248888108623	36.0	36.0	36.0	32.0	36.0
59	34.01991776261746	36.0	36.0	36.0	32.0	36.0
60	33.99165254147169	36.0	36.0	36.0	32.0	36.0
61	33.9745773737937	36.0	36.0	36.0	32.0	36.0
62	33.93477165059049	36.0	36.0	36.0	32.0	36.0
63	33.91632267032791	36.0	36.0	36.0	32.0	36.0
64	33.89219779400037	36.0	36.0	36.0	32.0	36.0
65	33.869256179366715	36.0	36.0	36.0	32.0	36.0
66	33.835462694214925	36.0	36.0	36.0	32.0	36.0
67	33.799484369974444	36.0	36.0	36.0	27.0	36.0
68	33.78063386044977	36.0	36.0	36.0	27.0	36.0
69	33.7581444523982	36.0	36.0	36.0	27.0	36.0
70	33.7356426034624	36.0	36.0	36.0	27.0	36.0
71	33.683177879119135	36.0	36.0	36.0	27.0	36.0
72	33.67016099572894	36.0	36.0	36.0	27.0	36.0
73	33.645259161158435	36.0	36.0	36.0	27.0	36.0
74	33.58639504277254	36.0	36.0	36.0	27.0	36.0
75	32.374756621804714	36.0	32.0	36.0	14.0	36.0
>>END_MODULE
>>Per sequence quality scores	pass
#Quality	Count
2	51608.0
3	295.0
4	6294.0
5	5738.0
6	2312.0
7	1163.0
8	391.0
9	294.0
10	302.0
11	233.0
12	299.0
13	217.0
14	1263.0
15	3632.0
16	6022.0
17	8577.0
18	11869.0
19	15998.0
20	21994.0
21	31639.0
22	45984.0
23	66236.0
24	95782.0
25	135891.0
26	187427.0
27	248595.0
28	325192.0
29	412839.0
30	525742.0
31	678297.0
32	929173.0
33	1441578.0
34	3221899.0
35	1.2822894E7
>>END_MODULE
>>Per base sequence content	fail
#Base	G	A	T	C
1	44.07518382353807	17.75377195998939	11.98400766911042	26.187036547362112
2	16.854672576903376	18.944019086499353	37.07330300382634	27.128005332770933
3	20.061918394762372	20.6389348673644	28.3765230430455	30.922623694827735
4	13.763018058388083	14.525624469268749	35.74459506822764	35.966762404115535
5	15.574705229971572	34.15553643003111	34.67379799701374	15.59596034298357
6	34.848136702185116	34.463119827439876	16.36492262307348	14.323820847301526
7	30.698383582086674	29.299292803340283	20.449328144586236	19.552995469986808
8	26.756023819266478	34.343561882491024	19.912721358489748	18.987692939752748
9	25.11001179590403	15.68380802017927	19.93613211261902	39.27004807129768
10	14.612836479075089	27.160972498934548	34.624772752798066	23.601418269192298
11	34.79851713955367	22.518531400760583	23.41362316243723	19.26932829724852
12	22.681470373949367	23.99595106914138	30.580374220080582	22.742204336828674
13	27.93108495845275	20.448379893302565	25.978375663881	25.642159484363685
14	20.81381149397057	20.45052658701006	27.020294362859055	31.715367556160317
15	23.126591918593213	29.06853827841741	23.10928310726877	24.69558669572061
16	23.085617979506825	28.292115142503732	25.30941836810178	23.31284850988766
17	22.07288545298331	27.875482261928692	27.226654360238296	22.824977924849705
18	22.47385402670168	27.536948401593786	27.72343391395522	22.26576365774931
19	22.96730461490994	26.959384094746362	27.362035808572017	22.711275481771683
20	22.967732244187584	26.855388307191276	27.501054213286125	22.675825235335015
21	22.811689011294934	26.530987514658776	27.229640922596012	23.427682551450282
22	22.749217888578173	26.5535462899064	27.468299382386853	23.228936439128574
23	22.73794893858133	26.604470850355565	27.317238314750153	23.340341896312953
24	22.922700554273057	26.3430223423547	27.53760492700558	23.196672176366665
25	23.052983326284448	26.355496686396478	27.161409969626142	23.430110017692925
26	22.585760789093452	26.78140370772949	27.36883450098618	23.264001002190877
27	22.654970146634742	26.746964155146134	27.315464232521595	23.28260146569752
28	22.720253410316282	26.66986544500778	27.27952050541891	23.330360639257027
29	22.603663927011002	26.786216105185375	27.3816352097707	23.228484758032927
30	22.695634762449735	26.809920740508264	27.330532913878038	23.163911583163966
31	23.17646622263775	26.7158558707722	27.019667111109978	23.08801079548007
32	22.508574459996467	26.919655152795503	27.399497118235427	23.172273268972607
33	22.65696986411638	26.7293151621425	27.495391574525236	23.118323399215885
34	22.718912412430324	26.476887633909314	27.634220128357036	23.169979825303326
35	22.654408186954498	26.77831751574773	27.452278337012626	23.11499596028515
36	22.81112675123646	27.059680785905694	27.302380024881234	22.826812437976614
37	22.927519433087458	26.739279253032798	27.07418348578152	23.25901782809822
38	22.7538894996732	27.176849448593998	27.10863680498098	22.960624246751824
39	22.941218476625195	26.863746381013005	27.277675260174544	22.917359882187256
40	22.98206270593456	26.679367494059658	27.259387205996372	23.07918259400941
41	23.003730342596914	26.79796760612014	27.249816195536177	22.948485855746775
42	22.811507837644722	27.01239933829283	27.260926649388534	22.915166174673917
43	22.92961698417398	26.76022728321717	27.164702105939437	23.145453626669415
44	22.776269625062678	27.08692390037645	27.188704541925375	22.9481019326355
45	22.872278020784528	27.01394074490762	27.045095756039732	23.068685478268115
46	22.973475214089042	27.02873213626314	26.97104416003089	23.02674848961693
47	22.922246670811504	27.098928668001115	27.12184142128567	22.85698323990171
48	22.74802010289701	27.087863716453274	27.05762507802627	23.106491102623444
49	23.0026625924806	26.886633168446473	27.104458407662634	23.006245831410297
50	22.870236840974144	27.152968452356575	27.040657636900956	22.936137069768325
51	22.98646326089197	27.069478885814714	27.007467452480928	22.936590400812392
52	22.957765583946394	27.115367109597173	26.946711138083714	22.980156168372723
53	22.852546515505804	26.99374812458602	27.159498534100653	22.994206825807527
54	23.022658023121405	27.283257354286818	26.980299215886856	22.713785406704925
55	22.995625746525107	26.947451790694387	26.96351363290532	23.093408829875184
56	23.074260894677245	27.224122559561607	26.81902709810226	22.882589447658887
57	22.875056276410678	27.120031026727982	26.973602557346176	23.031310139515163
58	22.915358103378995	26.98125497790473	26.983597084399268	23.119789834317007
59	22.85110138006488	27.119164622216267	26.995966013121514	23.033767984597343
60	22.93494708160126	27.094072588959424	27.078747650408737	22.892232679030577
61	23.144586873028828	27.07507282091695	26.890295825797928	22.890044480256293
62	23.032338006941774	27.191899395589846	26.927904905948232	22.84785769152015
63	23.016942456321058	27.30118528156547	26.85858811352217	22.823284148591302
64	23.073379860852466	26.995917717806822	26.82448341448612	23.106219006854587
65	22.928236899867716	27.200496466803127	26.958174835422717	22.91309179790644
66	23.001527513733624	27.34556585247715	26.72888439072509	22.924022243064137
67	23.03998461098172	27.101460379321274	26.832787622738792	23.02576738695822
68	23.040790313054785	27.386752965502392	26.94199254048807	22.630464180954753
69	23.295643860986978	27.236358027223247	26.811877499417037	22.656120612372735
70	23.422848030486662	27.069894993412753	26.719860922883072	22.787396053217513
71	23.189189214585053	27.42330144049458	26.67993100276157	22.707578342158794
72	23.15738642773623	27.51784755954195	26.946989242436864	22.37777677028496
73	23.89576757234466	28.148138902403254	26.89907876503339	21.057014760218692
74	25.091306791583957	30.49729434904035	27.016828244234198	17.3945706151415
75	30.682060225639578	40.98046576685362	28.337474007506795	0.0
>>END_MODULE
>>Per base GC content	fail
#Base	%GC
1	70.26222037090018
2	43.98267790967431
3	50.9845420895901
4	49.72978046250361
5	31.17066557295514
6	49.17195754948664
7	50.25137905207349
8	45.74371675901923
9	64.38005986720171
10	38.214254748267386
11	54.06784543680219
12	45.423674710778045
13	53.57324444281644
14	52.52917905013089
15	47.82217861431382
16	46.39846648939449
17	44.89786337783301
18	44.73961768445099
19	45.67858009668162
20	45.6435574795226
21	46.23937156274521
22	45.97815432770675
23	46.07829083489428
24	46.119372730639725
25	46.48309334397738
26	45.84976179128433
27	45.93757161233226
28	46.050614049573305
29	45.83214868504393
30	45.8595463456137
31	46.26447701811782
32	45.68084772896907
33	45.775293263332266
34	45.88889223773365
35	45.76940414723965
36	45.63793918921307
37	46.18653726118568
38	45.71451374642502
39	45.85857835881245
40	46.06124529994397
41	45.952216198343685
42	45.72667401231863
43	46.0750706108434
44	45.72437155769818
45	45.94096349905264
46	46.00022370370597
47	45.77922991071321
48	45.85451120552045
49	46.0089084238909
50	45.806373910742465
51	45.92305366170436
52	45.93792175231911
53	45.84675334131333
54	45.73644342982633
55	46.08903457640029
56	45.95685034233613
57	45.906366415925845
58	46.03514793769601
59	45.884869364662215
60	45.827179760631836
61	46.03463135328512
62	45.880195698461925
63	45.84022660491236
64	46.17959886770706
65	45.84132869777416
66	45.925549756797764
67	46.065751997939934
68	45.67125449400954
69	45.95176447335972
70	46.21024408370417
71	45.89676755674385
72	45.53516319802119
73	44.95278233256335
74	42.48587740672545
75	30.682060225639578
>>END_MODULE
>>Per sequence GC content	warn
#GC Content	Count
0	51829.0
1	26505.5
2	1920.0
3	3231.5
4	3819.0
5	3908.0
6	3638.0
7	2975.0
8	2667.0
9	2524.0
10	2714.5
11	3570.5
12	4125.5
13	4862.0
14	6643.0
15	9595.5
16	12144.5
17	16561.0
18	25435.5
19	36954.5
20	45673.0
21	59296.0
22	84301.0
23	112885.0
24	132977.0
25	159154.0
26	203111.0
27	248955.5
28	281039.0
29	321586.5
30	385621.5
31	449899.0
32	495008.0
33	545907.0
34	630059.0
35	711773.0
36	762412.0
37	813318.0
38	869829.5
39	909159.0
40	935398.5
41	946239.0
42	949950.0
43	951147.5
44	954917.0
45	951481.5
46	934418.5
47	912794.0
48	902862.0
49	886112.5
50	854093.0
51	826472.5
52	812210.5
53	799497.5
54	775035.0
55	749765.5
56	735164.5
57	717504.5
58	682155.5
59	637372.5
60	596650.5
61	548486.0
62	488900.0
63	430844.0
64	383716.0
65	343106.0
66	289699.5
67	235809.5
68	196880.0
69	166468.0
70	132721.0
71	101172.0
72	79468.5
73	65072.5
74	49690.5
75	36079.0
76	27105.5
77	20979.5
78	14927.5
79	10149.5
80	7452.0
81	5747.0
82	4081.5
83	2806.0
84	2172.5
85	1838.5
86	1526.5
87	1271.0
88	1146.5
89	1096.0
90	1074.5
91	994.5
92	908.5
93	899.5
94	880.0
95	872.5
96	879.0
97	932.0
98	1187.0
99	5647.0
100	9907.0
>>END_MODULE
>>Per base N content	pass
#Base	N-Count
1	0.41298745536172915
2	0.30706784491536826
3	0.24380893095345157
4	0.24225549965132273
5	0.24219918190018816
6	0.24515586383475357
7	0.26420534315602523
8	0.27447394644623024
9	0.2877414699843516
10	0.2965270391613461
11	0.3136429423603304
12	0.31675919125644386
13	0.3208140693381336
14	0.3301299640049787
15	0.3281963878826914
16	0.33155198722112683
17	0.32846389720058067
18	0.3365126424668977
19	0.3388216702634155
20	0.3353440491308552
21	0.3343631816319279
22	0.33736210187984433
23	0.3411588569355006
24	0.35110832630260963
25	0.340863188742044
26	0.3481798032436115
27	0.3451668035579115
28	0.35971555593434457
29	0.34833467705923155
30	0.3626769310148379
31	0.33844621858918494
32	0.3512585069723019
33	0.348597493231193
34	0.34329893147861457
35	0.3449321462615174
36	0.12059835198571839
37	0.11145691728845027
38	0.10382616985599072
39	0.11373911653455362
40	0.11879812233401388
41	0.10322125842480512
42	0.1030153606768968
43	0.10802514100139927
44	0.11622975384550618
45	0.10193557333904452
46	0.11077615578281332
47	0.1154813405998673
48	0.12048685473662116
49	0.11356036156647978
50	0.11487659374552074
51	0.12144651059041364
52	0.10926240400883207
53	0.10779445638942123
54	0.10917631838704978
55	0.10283994891944585
56	0.0885547396735356
57	0.09848255713489512
58	0.09811366414071224
59	0.09216241272540157
60	0.0906559338594708
61	0.09042057262463932
62	0.09864257483756078
63	0.09012125084268405
64	0.08750958486443519
65	0.08942436496547929
66	0.08308155791194771
67	0.09335925383821352
68	0.08319023342137308
69	0.08512732736889769
70	0.09201936607774687
71	0.09278749468027403
72	0.096674962722522
73	0.10698431095544281
74	0.12866636011409768
75	0.19970381520450464
>>END_MODULE
>>Sequence Length Distribution	warn
#Length	Count
35	65256.0
36	19863.0
37	25582.0
38	27470.0
39	30275.0
40	31168.0
41	33528.0
42	35906.0
43	39695.0
44	43533.0
45	47464.0
46	48282.0
47	49908.0
48	50735.0
49	52436.0
50	53031.0
51	55418.0
52	57174.0
53	60313.0
54	63469.0
55	65909.0
56	67459.0
57	68466.0
58	68287.0
59	70033.0
60	70500.0
61	70898.0
62	73481.0
63	75726.0
64	79247.0
65	81863.0
66	81436.0
67	84843.0
68	84508.0
69	93783.0
70	106804.0
71	186584.0
72	540706.0
73	1414206.0
74	4335621.0
75	1.2696803E7
>>END_MODULE
>>Sequence Duplication Levels	warn
#Total Duplicate Percentage	34.06027704979409
#Duplication Level	Relative count
1	100.0
2	21.96705390160995
3	9.596204848530126
4	5.056217548840163
5	3.0809457995592244
6	1.9409062044749916
7	1.2879608531620037
8	0.9308580180045571
9	0.7052407455829068
10++	4.850024280004482
>>END_MODULE
>>Overrepresented sequences	warn
#Sequence	Count	Percentage	Possible Source
NNNNNNNNNNNNNNNNNNNNNNNNNNNNNNNNNNN	51607	0.24219918190018816	No Hit
>>END_MODULE
>>Kmer Content	warn
#Sequence	Count	Obs/Exp Overall	Obs/Exp Max	Max Obs/Exp Position
AAAAA	6742150	3.4768896	7.875203	71
CCTGG	3425730	2.9803212	11.734598	3
CCAGG	3286220	2.8892455	12.071425	3
CCCAG	3094700	2.7487519	10.593826	2
CTGGG	3072350	2.645766	9.916661	4
CAGCA	3312535	2.5617633	6.7969527	4
CCAGC	2868710	2.5480247	6.2466836	3
TGCTG	3352455	2.5127923	7.4403806	2
GGAGG	2881235	2.4820366	5.5309715	6
GCTGG	2869525	2.4711025	6.35289	3
TCCAG	3172620	2.4278326	9.401291	2
CTCCA	3045960	2.3548	6.9527144	1
CAGGA	3074780	2.353767	9.893294	4
CTCCT	3057970	2.339296	6.5628963	1
AGGAG	3079735	2.3336387	6.879626	5
CTGGA	3066750	2.3230038	9.01901	4
CTGCT	3028275	2.2930741	6.497754	9
CAGCC	2579840	2.2914467	5.281135	9
TCCTG	3022510	2.288709	9.411155	2
AGCAG	2973745	2.276424	5.338715	7
GGCTG	2613795	2.2508798	7.9051514	7
CTGCA	2901045	2.2200112	6.5903816	4
CTTCT	3358170	2.2132902	5.0479527	1
GCTGC	2538855	2.2087564	5.4699807	8
CCTGC	2504670	2.2013526	6.203812	3
TGCAG	2888900	2.1882858	6.986448	2
CAGAG	2857785	2.1876557	7.380286	4
GGCAG	2509505	2.1839702	5.9710665	7
GCAGG	2500355	2.1760073	6.4590487	3
CTGCC	2465045	2.1665263	5.5979934	9
CTCTG	2845200	2.154446	7.309905	2
TGGAG	2853185	2.139303	6.6288114	5
CCCTG	2430520	2.1361823	8.623987	2
AGCTG	2753995	2.086098	5.865226	7
CAGGG	2376820	2.0684972	8.761483	4
GCCTG	2376820	2.067789	6.265426	7
CACAG	2659995	2.057119	7.0370245	7
CTGTG	2697445	2.0218375	8.734531	9
CAGAA	2981420	2.007536	5.4337063	4
GGAGA	2644450	2.0038056	5.5837984	6
CAGGC	2241500	1.9707274	5.655061	4
CTGGC	2264175	1.96979	5.2185316	4
CTCAG	2567485	1.9647559	5.968973	2
CCCCA	2189240	1.9644433	6.460215	1
CTGAG	2538185	1.9226259	5.701213	4
GGGAG	2231385	1.9222242	5.1119423	7
TTCTG	2938360	1.9169533	5.3942914	2
CCAGA	2447355	1.8926728	6.672854	3
CCTCT	2429980	1.8588942	5.4443583	1
GGCCA	2085290	1.8333876	5.822576	1
TCTGG	2427015	1.8191398	6.198728	3
CACTG	2367035	1.8113625	7.2959714	7
CAGTG	2381570	1.8039929	6.341786	9
ACCTG	2354030	1.8014104	5.370792	7
TGGGG	2108850	1.7976177	5.696177	5
TGGCC	1997775	1.738027	5.2089286	5
CCTGA	2245330	1.7182283	5.566021	3
ACAGA	2507545	1.6884526	5.797751	8
GAGAG	2199365	1.6665471	5.324623	7
GCCCA	1873500	1.6640666	6.5177274	1
TCAGG	2196385	1.663719	5.682985	3
AGGTG	2142165	1.6061839	5.097542	7
CCTGT	2113650	1.6005007	5.40236	8
GTGTG	2108965	1.5647101	7.3969207	1
TGGGC	1807000	1.556105	5.926662	5
ACACA	2281055	1.5516905	6.0635056	6
TGTGT	2379610	1.5366788	5.8101444	10
CACAC	1922870	1.5023034	6.2346277	5
ACAGC	1933055	1.4949366	5.6409745	8
GCTGT	1987635	1.489808	5.222686	8
CTGTC	1907180	1.4441574	5.687031	9
GACAG	1865560	1.4281	6.808137	7
GCCCT	1604625	1.4103038	5.511771	1
GGGCT	1626505	1.4006711	5.496845	6
AGACA	2068735	1.3929805	5.3355823	6
AGGGC	1538935	1.3393033	5.216689	5
GGACA	1700175	1.3014966	6.1202574	6
GTCCT	1706055	1.291861	8.38761	1
GTGCT	1667530	1.2498771	6.354628	1
ACTGC	1616025	1.2366556	5.1171336	8
AGGAC	1601635	1.2260635	7.9687095	5
GTCCA	1589130	1.2160743	6.942941	1
TGTGC	1594105	1.1948421	5.5995164	10
AGCAC	1540700	1.1915072	5.3956976	5
GTCTT	1748780	1.1408846	5.394399	1
TGGAC	1473745	1.1163332	6.0535374	5
GTGCA	1452200	1.1000134	5.8899274	1
ACAGT	1619120	1.078801	5.444263	8
ACTGT	1616390	1.0656891	6.2275214	8
TGCAC	1391885	1.0651335	5.294713	5
GACTG	1370780	1.0383393	5.8556	7
GGACC	1137805	1.0003585	5.0876064	6
GGACT	1265640	0.9586978	5.2151194	6
TGTAG	1424895	0.9299039	5.0619617	2
GTGTA	1022905	0.6675604	5.736387	1
>>END_MODULE
