##FastQC	0.10.1
>>Basic Statistics	pass
#Measure	Value	
Filename	005-primary_S6_L004_R2_001_trimmed.fq.gz	
File type	Conventional base calls	
Encoding	Sanger / Illumina 1.9	
Total Sequences	30201002	
Filtered Sequences	0	
Sequence length	20-50	
%GC	44	
>>END_MODULE
>>Per base sequence quality	pass
#Base	Mean	Median	Lower Quartile	Upper Quartile	10th Percentile	90th Percentile
1	34.606938537999504	36.0	36.0	36.0	32.0	36.0
2	34.596432462737496	36.0	36.0	36.0	32.0	36.0
3	34.578704971444324	36.0	36.0	36.0	32.0	36.0
4	34.565963970334494	36.0	36.0	36.0	32.0	36.0
5	34.55857752666617	36.0	36.0	36.0	32.0	36.0
6	34.531886789716445	36.0	36.0	36.0	32.0	36.0
7	34.52761891807431	36.0	36.0	36.0	32.0	36.0
8	34.518106253560724	36.0	36.0	36.0	32.0	36.0
9	34.50240796646416	36.0	36.0	36.0	32.0	36.0
10	34.477340420692	36.0	36.0	36.0	32.0	36.0
11	34.47111963371282	36.0	36.0	36.0	32.0	36.0
12	34.44672673443086	36.0	36.0	36.0	32.0	36.0
13	34.43365898919512	36.0	36.0	36.0	32.0	36.0
14	34.41920062784672	36.0	36.0	36.0	32.0	36.0
15	34.39990123506498	36.0	36.0	36.0	32.0	36.0
16	34.383778326295264	36.0	36.0	36.0	32.0	36.0
17	34.370442311814685	36.0	36.0	36.0	32.0	36.0
18	34.35424493531705	36.0	36.0	36.0	32.0	36.0
19	34.33991256316595	36.0	36.0	36.0	32.0	36.0
20	34.34200136803408	36.0	36.0	36.0	32.0	36.0
21	34.308607619249514	36.0	36.0	36.0	32.0	36.0
22	34.31113831572502	36.0	36.0	36.0	32.0	36.0
23	34.29164103813596	36.0	36.0	36.0	32.0	36.0
24	34.255921523809675	36.0	36.0	36.0	32.0	36.0
25	34.24095965096426	36.0	36.0	36.0	32.0	36.0
26	34.22504389777068	36.0	36.0	36.0	32.0	36.0
27	34.20207549775312	36.0	36.0	36.0	32.0	36.0
28	34.17554527142049	36.0	36.0	36.0	32.0	36.0
29	34.157990875521456	36.0	36.0	36.0	32.0	36.0
30	34.124482130840484	36.0	36.0	36.0	32.0	36.0
31	34.09137509648775	36.0	36.0	36.0	32.0	36.0
32	34.06548805673222	36.0	36.0	36.0	32.0	36.0
33	34.056095526867054	36.0	36.0	36.0	32.0	36.0
34	34.02545359724211	36.0	36.0	36.0	32.0	36.0
35	33.98926524410063	36.0	36.0	36.0	32.0	36.0
36	33.97042631971739	36.0	36.0	36.0	32.0	36.0
37	33.941844992748145	36.0	36.0	36.0	32.0	36.0
38	33.92782758691283	36.0	36.0	36.0	32.0	36.0
39	33.882446099528984	36.0	36.0	36.0	32.0	36.0
40	33.85750862953275	36.0	36.0	36.0	32.0	36.0
41	33.84416771554481	36.0	36.0	36.0	32.0	36.0
42	33.82354667175237	36.0	36.0	36.0	32.0	36.0
43	33.78904830300759	36.0	36.0	36.0	27.0	36.0
44	33.77634578979524	36.0	36.0	36.0	27.0	36.0
45	33.75154496269252	36.0	36.0	36.0	27.0	36.0
46	33.7587286467496	36.0	36.0	36.0	27.0	36.0
47	33.777888070367375	36.0	36.0	36.0	27.0	36.0
48	33.80789290127935	36.0	36.0	36.0	27.0	36.0
49	33.8858194645354	36.0	36.0	36.0	32.0	36.0
50	34.026481089420066	36.0	36.0	36.0	32.0	36.0
>>END_MODULE
>>Per sequence quality scores	pass
#Quality	Count
2	25.0
3	3.0
4	9.0
5	9.0
6	18.0
7	43.0
8	40.0
9	63.0
10	79.0
11	85.0
12	95.0
13	113.0
14	1692.0
15	3988.0
16	7818.0
17	13693.0
18	22077.0
19	34675.0
20	51944.0
21	73467.0
22	101586.0
23	136257.0
24	181436.0
25	238384.0
26	310794.0
27	395335.0
28	500667.0
29	626808.0
30	787420.0
31	1009258.0
32	1357698.0
33	2012601.0
34	3823721.0
35	1.3305676E7
36	5203425.0
>>END_MODULE
>>Per base sequence content	pass
#Base	G	A	T	C
1	22.41938412863836	27.09639545404754	27.691147324363307	22.793073092950795
2	22.290512505505202	26.917930242030288	27.945401623248685	22.84615562921583
3	22.386242558359598	27.025739734861936	27.663455305451862	22.9245624013266
4	22.424130797920245	26.89983123472837	27.85251523304933	22.823522734302053
5	22.59182772518214	26.867442559078043	27.512730726621637	23.02799898911819
6	22.209400337458877	27.150578483196675	27.690416661216748	22.949604518127696
7	22.20297679124873	27.204069405280528	27.755274060680595	22.837679742790147
8	22.391712842162093	27.076655527856992	27.748490856526715	22.783140773454203
9	22.078981114783865	27.29870949886165	27.93265835658082	22.689651029773668
10	22.304846771811746	27.354978202883373	27.63392712121332	22.706247904091562
11	22.584262258601402	27.394348893535263	27.431086450153288	22.590302397710047
12	22.086265739423318	27.410719116939863	27.802819255830325	22.700195887806494
13	22.276850222908447	27.203026753153214	27.843509576577436	22.676613447360904
14	22.287559769920286	26.942545175850412	27.99802317261853	22.77187188161077
15	22.235644938326214	27.19417113005923	27.82336964090277	22.74681429071179
16	22.430237348604155	27.620280778861673	27.538788818663285	22.410693053870894
17	22.560300993679895	27.373517159835824	27.454094572227472	22.612087274256808
18	22.421487109327202	27.583395602115807	27.48791036341844	22.507206925138547
19	22.40248795992194	27.46484607830953	27.663903801108386	22.468762160660148
20	22.380281490061993	27.268047161660142	27.61330612260306	22.73836522567481
21	22.415164337344535	27.409757970622195	27.611578616581085	22.563499075452185
22	22.37829493332206	27.38879202184659	27.638964726620536	22.593948318210813
23	22.500363208332594	27.17488532112006	27.510291904020352	22.814459566527002
24	22.4113268146786	27.49830464863303	27.588187890783427	22.50218064590494
25	22.461350056962335	27.418918958831124	27.501684167961958	22.61804681624459
26	22.57181644176821	27.59554850867326	27.340380447497818	22.49225460206071
27	22.299306585093554	27.676593321379112	27.556854158090736	22.467245935436598
28	22.328152563803126	27.555248204837806	27.46522722500196	22.651372006357107
29	22.40522017575794	27.4693869480794	27.59782037217394	22.527572503988726
30	22.436595120579685	27.518332630876213	27.51326703101715	22.531805217526948
31	22.545853965713622	27.53842247744008	27.40210440700527	22.513619149841023
32	22.502154386605792	27.46637268587979	27.425118328182265	22.606354599332157
33	22.383275011611513	27.525762397443128	27.498535640107885	22.592426950837478
34	22.544963720283775	27.6951985120724	27.39726164774205	22.362576119901778
35	22.53454290978754	27.568269330129464	27.31470896234145	22.58247879774155
36	22.603002863182812	27.734517966323207	27.28661543125269	22.37586373924129
37	22.36827047121094	27.612950847492485	27.495392595106726	22.523386086189845
38	22.348906539063623	27.40075499059826	27.565230118743617	22.685108351594497
39	22.246707198071523	27.60462134051857	27.568747347671575	22.579924113738333
40	22.438283654467604	27.660932854456675	27.454568467078104	22.446215023997617
41	22.59429052924327	27.686688763490388	27.332060509593582	22.38696019767276
42	22.453602756930323	27.837380249576267	27.291033861030677	22.417983132462734
43	22.484996661610943	27.78353218853772	27.340908496936205	22.390562652915133
44	22.490654397924644	27.554957015257404	27.337763942781905	22.616624644036047
45	22.29964980185486	27.6347235995976	27.548658200980096	22.516968397567442
46	22.414655115294828	27.626290256169977	27.36479301475069	22.594261613784504
47	22.36032036000698	27.763232643142715	27.43025644018835	22.446190556661954
48	22.41663982453854	28.083197483478774	27.46058715003807	22.039575541944618
49	22.573215879108595	28.37917915022004	27.548641970206315	21.498963000465046
50	22.385603637706577	28.229039568256287	27.659793005626916	21.725563788410224
>>END_MODULE
>>Per base GC content	pass
#Base	%GC
1	45.212457221589155
2	45.13666813472103
3	45.3108049596862
4	45.2476535322223
5	45.61982671430032
6	45.15900485558657
7	45.040656534038874
8	45.17485361561629
9	44.76863214455753
10	45.01109467590331
11	45.17456465631145
12	44.78646162722982
13	44.95346367026935
14	45.05943165153106
15	44.982459229038
16	44.840930402475045
17	45.172388267936704
18	44.92869403446575
19	44.87125012058209
20	45.1186467157368
21	44.97866341279672
22	44.97224325153287
23	45.3148227748596
24	44.91350746058354
25	45.079396873206925
26	45.06407104382892
27	44.76655252053015
28	44.97952457016024
29	44.93279267974666
30	44.96840033810663
31	45.05947311555465
32	45.10850898593795
33	44.97570196244899
34	44.90753984018556
35	45.117021707529084
36	44.9788666024241
37	44.891656557400786
38	45.03401489065812
39	44.826631311809855
40	44.88449867846522
41	44.98125072691603
42	44.87158588939305
43	44.87555931452608
44	45.10727904196069
45	44.8166181994223
46	45.00891672907933
47	44.806510916668934
48	44.45621536648316
49	44.072178879573634
50	44.1111674261168
>>END_MODULE
>>Per sequence GC content	pass
#GC Content	Count
0	15750.0
1	12793.0
2	9317.0
3	9658.0
4	10605.5
5	11948.5
6	13686.5
7	15870.0
8	18052.5
9	21800.0
10	26034.5
11	33024.5
12	40294.5
13	51701.5
14	65113.0
15	85292.0
16	107471.5
17	139840.0
18	174910.0
19	218146.0
20	263131.0
21	319230.5
22	377375.5
23	447358.0
24	520838.0
25	587852.0
26	665931.5
27	754667.5
28	848294.5
29	947729.5
30	1048718.0
31	1152891.5
32	1260083.5
33	1367345.0
34	1479415.0
35	1581758.0
36	1677245.0
37	1761881.0
38	1830324.0
39	1876238.5
40	1917235.0
41	1937957.0
42	1951149.0
43	1944595.5
44	1929079.0
45	1892903.5
46	1855091.5
47	1813596.5
48	1770803.0
49	1727451.0
50	1683960.5
51	1644687.0
52	1603691.0
53	1564024.0
54	1524769.5
55	1482850.5
56	1435253.5
57	1374768.5
58	1309247.0
59	1229344.0
60	1145625.5
61	1051195.5
62	955266.0
63	868549.5
64	767694.0
65	675848.5
66	586623.0
67	505164.0
68	428590.0
69	360266.5
70	299974.0
71	248912.5
72	204300.5
73	165275.0
74	129115.5
75	103199.5
76	84059.0
77	66338.0
78	50271.5
79	38758.0
80	29095.5
81	21903.5
82	16478.0
83	12770.5
84	9636.0
85	7586.5
86	5925.5
87	4922.0
88	4174.5
89	3496.5
90	3012.0
91	2823.0
92	2693.0
93	2604.5
94	2516.5
95	2635.0
96	2833.5
97	3284.0
98	4570.5
99	16030.0
100	26632.0
>>END_MODULE
>>Per base N content	pass
#Base	N-Count
1	0.00780768797008788
2	0.0076222636586693385
3	0.011678420470949937
4	0.009423528398163744
5	0.005383927327974085
6	0.005850799254938628
7	0.009208303750981507
8	0.0069004333035043
9	0.006741498179431265
10	0.007559351838723761
11	0.010006290519764873
12	0.01027780469005631
13	0.012009535312768762
14	0.010330783064747322
15	0.019605309784092594
16	0.009704976013709744
17	0.025419686406431153
18	0.008665275410398635
19	0.012353894748260338
20	0.005433594554246909
21	0.026254592935466316
22	0.005032358028842667
23	0.009457707910137891
24	0.014523257993765172
25	0.013416500873213529
26	0.010537349637472767
27	0.017086758912886524
28	0.013371151332991035
29	0.011376130297012793
30	0.012301144701783815
31	0.015405204770195663
32	0.019250158278316373
33	0.009643171974482355
34	0.006749773716602452
35	0.009718134869178113
36	0.005103793745696178
37	0.008487984919854991
38	0.004512266006965183
39	0.00606915008341643
40	0.003520993177951739
41	0.0060783212331561465
42	0.0044164953203566564
43	0.0038931078403093896
44	0.0017503597821134785
45	0.002891614591167448
46	0.006178028601055855
47	0.0030978012524819176
48	0.0018153964717298305
49	5.500912888452345E-4
50	9.629217713094125E-4
>>END_MODULE
>>Sequence Length Distribution	warn
#Length	Count
20	76749.0
21	78696.0
22	80580.0
23	81875.0
24	83976.0
25	85772.0
26	88075.0
27	91547.0
28	94899.0
29	100100.0
30	101861.0
31	104644.0
32	106509.0
33	106231.0
34	107375.0
35	107975.0
36	110779.0
37	115428.0
38	121407.0
39	125853.0
40	130807.0
41	136515.0
42	144957.0
43	166934.0
44	227333.0
45	376662.0
46	867604.0
47	1777476.0
48	3496762.0
49	4704928.0
50	1.6200693E7
>>END_MODULE
>>Sequence Duplication Levels	warn
#Total Duplicate Percentage	37.640679909648526
#Duplication Level	Relative count
1	100.0
2	22.834202558533995
3	11.07826197232218
4	6.343230347320198
5	4.005833584325413
6	2.6726693403928157
7	1.866588462818826
8	1.3918171298131035
9	1.0200846503812437
10++	7.308625144650699
>>END_MODULE
>>Overrepresented sequences	pass
>>END_MODULE
>>Kmer Content	warn
#Sequence	Count	Obs/Exp Overall	Obs/Exp Max	Max Obs/Exp Position
AAAAA	9235025	4.491401	5.490073	46
TTTTT	7330705	3.481443	3.8889952	46
GGGGG	2467945	3.3101115	4.393083	46
CCTGG	2823905	3.0274076	3.691045	19
>>END_MODULE
