##FastQC	0.10.1
>>Basic Statistics	pass
#Measure	Value	
Filename	KS30_S4_L004_R2_001.fastq.gz	
File type	Conventional base calls	
Encoding	Sanger / Illumina 1.9	
Total Sequences	25171048	
Filtered Sequences	0	
Sequence length	35-75	
%GC	45	
>>END_MODULE
>>Per base sequence quality	pass
#Base	Mean	Median	Lower Quartile	Upper Quartile	10th Percentile	90th Percentile
1	31.497248942515228	32.0	32.0	32.0	32.0	32.0
2	31.24438152118259	32.0	32.0	32.0	32.0	32.0
3	31.28377070354798	32.0	32.0	32.0	32.0	32.0
4	31.32200347796405	32.0	32.0	32.0	32.0	32.0
5	31.292280003597785	32.0	32.0	32.0	32.0	32.0
6	35.00862765030681	36.0	36.0	36.0	36.0	36.0
7	34.99927035219193	36.0	36.0	36.0	36.0	36.0
8	34.94836901506842	36.0	36.0	36.0	36.0	36.0
9	35.0440646333041	36.0	36.0	36.0	36.0	36.0
10	34.880230453654534	36.0	36.0	36.0	36.0	36.0
11	35.01264901644143	36.0	36.0	36.0	36.0	36.0
12	34.91484601674114	36.0	36.0	36.0	36.0	36.0
13	34.96074060960831	36.0	36.0	36.0	36.0	36.0
14	34.90652030062475	36.0	36.0	36.0	36.0	36.0
15	34.868606583245956	36.0	36.0	36.0	36.0	36.0
16	34.87345048168038	36.0	36.0	36.0	36.0	36.0
17	34.86514085547809	36.0	36.0	36.0	36.0	36.0
18	34.85238151387261	36.0	36.0	36.0	36.0	36.0
19	34.848194123661436	36.0	36.0	36.0	36.0	36.0
20	34.82735037492281	36.0	36.0	36.0	36.0	36.0
21	34.817675291072504	36.0	36.0	36.0	36.0	36.0
22	34.81103436773868	36.0	36.0	36.0	36.0	36.0
23	34.79866070733328	36.0	36.0	36.0	36.0	36.0
24	34.78369907363412	36.0	36.0	36.0	36.0	36.0
25	34.76639574164731	36.0	36.0	36.0	32.0	36.0
26	34.743880191241935	36.0	36.0	36.0	32.0	36.0
27	34.73848534236636	36.0	36.0	36.0	32.0	36.0
28	34.73417205354342	36.0	36.0	36.0	32.0	36.0
29	34.71154002010564	36.0	36.0	36.0	32.0	36.0
30	34.68759222897672	36.0	36.0	36.0	32.0	36.0
31	34.67702167188271	36.0	36.0	36.0	32.0	36.0
32	34.66436991419666	36.0	36.0	36.0	32.0	36.0
33	34.641102031190755	36.0	36.0	36.0	32.0	36.0
34	34.629438988793794	36.0	36.0	36.0	32.0	36.0
35	34.60622235514389	36.0	36.0	36.0	32.0	36.0
36	34.60417643089849	36.0	36.0	36.0	32.0	36.0
37	34.589800641076934	36.0	36.0	36.0	32.0	36.0
38	34.57114100188332	36.0	36.0	36.0	32.0	36.0
39	34.55545207234086	36.0	36.0	36.0	32.0	36.0
40	34.54003847773199	36.0	36.0	36.0	32.0	36.0
41	34.52785459834744	36.0	36.0	36.0	32.0	36.0
42	34.51204372747688	36.0	36.0	36.0	32.0	36.0
43	34.49199213098725	36.0	36.0	36.0	32.0	36.0
44	34.471021182255406	36.0	36.0	36.0	32.0	36.0
45	34.445557868713784	36.0	36.0	36.0	32.0	36.0
46	34.41988082166582	36.0	36.0	36.0	32.0	36.0
47	34.40204840518725	36.0	36.0	36.0	32.0	36.0
48	34.3770195299992	36.0	36.0	36.0	32.0	36.0
49	34.34977755705382	36.0	36.0	36.0	32.0	36.0
50	34.336172747453645	36.0	36.0	36.0	32.0	36.0
51	34.30739090591079	36.0	36.0	36.0	32.0	36.0
52	34.28343671817922	36.0	36.0	36.0	32.0	36.0
53	34.25245518410624	36.0	36.0	36.0	32.0	36.0
54	34.2149027850365	36.0	36.0	36.0	32.0	36.0
55	34.18552777114486	36.0	36.0	36.0	32.0	36.0
56	34.16649920561039	36.0	36.0	36.0	32.0	36.0
57	34.14685928847954	36.0	36.0	36.0	32.0	36.0
58	34.11679843833428	36.0	36.0	36.0	32.0	36.0
59	34.0780183126065	36.0	36.0	36.0	32.0	36.0
60	34.05929232329298	36.0	36.0	36.0	32.0	36.0
61	34.02663892669065	36.0	36.0	36.0	32.0	36.0
62	34.00795802997699	36.0	36.0	36.0	32.0	36.0
63	33.978791839682486	36.0	36.0	36.0	32.0	36.0
64	33.94667640857288	36.0	36.0	36.0	32.0	36.0
65	33.90862993660436	36.0	36.0	36.0	32.0	36.0
66	33.89313201830615	36.0	36.0	36.0	32.0	36.0
67	33.85271554364794	36.0	36.0	36.0	32.0	36.0
68	33.81865043310305	36.0	36.0	36.0	27.0	36.0
69	33.78834403883393	36.0	36.0	36.0	27.0	36.0
70	33.771344184685105	36.0	36.0	36.0	27.0	36.0
71	33.73240451139884	36.0	36.0	36.0	27.0	36.0
72	33.71293677886578	36.0	36.0	36.0	27.0	36.0
73	33.67527322998855	36.0	36.0	36.0	27.0	36.0
74	33.61999358391898	36.0	36.0	36.0	27.0	36.0
75	32.45231325974576	36.0	32.0	36.0	14.0	36.0
>>END_MODULE
>>Per sequence quality scores	pass
#Quality	Count
2	8545.0
3	0.0
4	0.0
5	0.0
6	0.0
7	0.0
8	0.0
9	0.0
10	0.0
11	0.0
12	0.0
13	0.0
14	2061.0
15	6041.0
16	10072.0
17	14284.0
18	19000.0
19	24311.0
20	31846.0
21	42446.0
22	58320.0
23	80379.0
24	112980.0
25	158019.0
26	214117.0
27	281476.0
28	363152.0
29	461209.0
30	586711.0
31	764458.0
32	1055750.0
33	1663899.0
34	3683291.0
35	1.5528681E7
>>END_MODULE
>>Per base sequence content	fail
#Base	G	A	T	C
1	44.91810595971615	17.94971584179131	11.204585560499055	25.927592637993484
2	17.275528116520768	19.764179274415135	35.941540840963235	27.018751768100863
3	20.096110913585964	21.23648737178268	28.763703439630135	29.903698275001222
4	13.761487323293464	14.612081489329459	36.051604911786875	35.574826275590205
5	15.242278840359184	34.65067259847744	34.97721919504378	15.12982936611959
6	34.669877634987266	35.098718120371416	16.268786932683128	13.962617311958194
7	30.411231346897406	30.010774365332416	20.57542924088275	19.002565046887426
8	26.860904894874725	34.17590451951461	19.975035869841726	18.98815471576894
9	25.024120215703498	15.629565945804359	20.112220155522685	39.23409368296946
10	14.471795592036294	27.21683530450051	34.77662377228529	23.534745331177902
11	34.39477384264991	22.780054909481777	23.588507868235524	19.23666337963278
12	22.155490652102454	24.273256917247064	31.097585959552593	22.473666471097886
13	27.952620611709417	20.65702684665353	26.173342135319366	25.217010406317687
14	20.63354349128145	20.545094420853125	27.31006529835287	31.511296789512556
15	22.916845752586696	29.2412960666115	23.356221755840426	24.48563642496138
16	22.914791108022918	28.605274284517723	25.31527964447734	23.16465496298202
17	21.74412458092901	28.063503857307044	27.450091113749693	22.742280448014256
18	22.17817122565271	27.887555542467297	27.86517700564208	22.069096226237907
19	22.567945645153028	27.324694208680274	27.672159641669985	22.43520050449671
20	22.629656517080196	27.19294658405008	27.727368775673867	22.450028123195853
21	22.515609834204493	26.91967090873273	27.47995698202202	23.084762275040763
22	22.413362454442627	26.81502313184026	27.765182978815737	23.00643143490137
23	22.431941687200197	26.91004944937314	27.55471504563755	23.103293817789115
24	22.473515452735366	26.730166708772973	27.84533398764026	22.950983850851404
25	22.680867638644692	26.739211913854515	27.399567523151415	23.18035292434938
26	22.205541316776	27.02861078645475	27.637882447545064	23.127965449224188
27	22.24620897213604	27.089034028133053	27.718601762312755	22.946155237418154
28	22.40763567916912	26.929514921468662	27.69714523233241	22.965704167029806
29	22.08757213064217	27.138409084342683	27.868169553720474	22.905849231294678
30	22.30261830470522	27.226039476279446	27.65702601207837	22.814316206936965
31	22.625149811209162	27.241598341786588	27.42410005872627	22.70915178827798
32	22.09863223861315	27.35990533215237	27.76454711202618	22.776915317208307
33	22.20308528130131	27.15764802889442	27.904024492317	22.735242197487267
34	22.23344792050298	26.875203949305043	28.039289255126963	22.852058875065012
35	22.14209770784727	27.135142318711296	27.903265426336958	22.819494547104473
36	22.305223050561178	27.518508055054053	27.708640303823678	22.46762859056109
37	22.425576165641502	27.26790417818652	27.53500300511026	22.771516651061717
38	22.28260497870389	27.606055477876907	27.549858850358476	22.561480693060723
39	22.317066957250503	27.441442967187967	27.773460747615935	22.468029327945597
40	22.30258199634607	27.23366640011669	27.74122408269633	22.72252752084091
41	22.32055202068824	27.365540961670632	27.791821322225374	22.52208569541576
42	22.218816332961858	27.444528237815064	27.80289123364322	22.53376419557986
43	22.357507203654027	27.212333192717548	27.65838627074712	22.771773332881303
44	22.24789720017315	27.55606868309047	27.730857566053547	22.465176550682838
45	22.284229061613832	27.509722503572938	27.63507097795541	22.57097745685782
46	22.455560764901993	27.58357452225954	27.466865117621587	22.493999595216884
47	22.205276349615936	27.69687338465583	27.65948107526574	22.438369190462492
48	22.167455826381747	27.57524736910455	27.60975399569189	22.647542808821814
49	22.345132486710725	27.44964156913932	27.701764242678923	22.503461701471025
50	22.304838622373698	27.56091756771083	27.64080886909949	22.49343494081598
51	22.37795322286517	27.587117595179716	27.58876848688162	22.44616069507349
52	22.374549027734336	27.55202767221208	27.53513118917913	22.53829211087446
53	22.27524371799112	27.503132067574864	27.68406118118519	22.53756303324883
54	22.427267493907564	27.756672907714595	27.551202136417036	22.264857461960805
55	22.398132617707805	27.583966553367155	27.464151679314973	22.55374914961006
56	22.485168521262626	27.74382557997368	27.409035019993038	22.361970878770652
57	22.24286024160312	27.641599731641687	27.557084603022417	22.558455423732777
58	22.257256558001785	27.442021145767026	27.636926606143426	22.663795690087763
59	22.16793441576364	27.638460749719236	27.662407488292672	22.531197346224452
60	22.33551062517854	27.621474071458053	27.621089626863338	22.42192567650007
61	22.517437265452646	27.69057000869356	27.452725849739366	22.339266876114426
62	22.44418923512371	27.78187603951523	27.411028207301847	22.362906518059216
63	22.399826338188095	27.81389502512376	27.455609872948656	22.330668763739492
64	22.45021553926805	27.554544747345144	27.39826087607501	22.59697883731179
65	22.28853037671216	27.61837162153517	27.60359215585666	22.489505845896016
66	22.348281407692316	27.68937240797121	27.402871991679305	22.559474192657174
67	22.360299534888437	27.639512415716055	27.44502437242807	22.555163676967442
68	22.417036560570626	27.875717286235886	27.505057632688846	22.202188520504645
69	22.651854741565586	27.758096502719397	27.401573285043206	22.188475470671808
70	22.6611053283278	27.61024424174556	27.37789146017197	22.350758969754672
71	22.514205207186635	27.90819321340986	27.282041087479076	22.29556049192443
72	22.532238611827307	28.052614281286075	27.510463364493965	21.904683742392653
73	23.171582360982676	28.599218940210235	27.54173783461354	20.687460864193547
74	24.392322212279442	30.959718869023245	27.63056793807103	17.017390980626285
75	29.668924367796713	41.299393618675175	29.03168201352811	0.0
>>END_MODULE
>>Per base GC content	fail
#Base	%GC
1	70.84569859770964
2	44.29427988462163
3	49.999809188587186
4	49.33631359888367
5	30.372108206478778
6	48.63249494694546
7	49.41379639378483
8	45.849059610643664
9	64.25821389867295
10	38.006540923214196
11	53.6314372222827
12	44.62915712320034
13	53.1696310180271
14	52.144840280794
15	47.40248217754808
16	46.07944607100494
17	44.48640502894327
18	44.247267451890615
19	45.00314614964974
20	45.07968464027605
21	45.60037210924525
22	45.41979388934399
23	45.53523550498931
24	45.42449930358677
25	45.86122056299407
26	45.333506766000184
27	45.19236420955419
28	45.373339846198924
29	44.993421361936846
30	45.116934511642185
31	45.33430159948714
32	44.875547555821456
33	44.93832747878857
34	45.085506795567994
35	44.961592254951746
36	44.772851641122266
37	45.19709281670322
38	44.84408567176462
39	44.7850962851961
40	45.02510951718698
41	44.842637716104
42	44.75258052854172
43	45.12928053653533
44	44.71307375085598
45	44.855206518471654
46	44.94956036011888
47	44.64364554007843
48	44.814998635203565
49	44.84859418818175
50	44.798273563189674
51	44.82411391793866
52	44.9128411386088
53	44.812806751239954
54	44.692124955868366
55	44.951881767317865
56	44.84713940003328
57	44.80131566533589
58	44.92105224808955
59	44.69913176198809
60	44.75743630167861
61	44.85670414156707
62	44.80709575318292
63	44.73049510192759
64	45.047194376579846
65	44.77803622260817
66	44.90775560034949
67	44.91546321185588
68	44.61922508107528
69	44.8403302122374
70	45.01186429808247
71	44.80976569911107
72	44.43692235421996
73	43.85904322517622
74	41.40971319290573
75	29.668924367796713
>>END_MODULE
>>Per sequence GC content	warn
#GC Content	Count
0	8616.0
1	4371.0
2	174.0
3	295.5
4	369.0
5	475.5
6	771.5
7	1184.0
8	1408.5
9	1722.5
10	2690.5
11	4414.0
12	5527.0
13	6781.5
14	10016.0
15	15105.0
16	19099.0
17	26512.5
18	42141.5
19	61700.5
20	75288.0
21	96897.0
22	137483.5
23	182736.0
24	212607.0
25	250682.5
26	314699.5
27	379439.5
28	422506.0
29	473449.5
30	552305.5
31	626729.0
32	675208.5
33	729253.0
34	817970.5
35	897491.0
36	942846.5
37	987496.5
38	1038078.5
39	1071358.0
40	1092174.5
41	1098507.0
42	1092246.0
43	1079579.0
44	1073195.5
45	1055431.0
46	1019373.0
47	981148.5
48	961394.0
49	939158.5
50	898052.5
51	860836.5
52	840843.0
53	826292.0
54	800600.5
55	776187.5
56	763131.5
57	746557.0
58	711409.5
59	664992.0
60	624118.0
61	576358.5
62	514712.5
63	456552.0
64	412479.0
65	374216.0
66	320216.0
67	263999.5
68	224308.5
69	194681.5
70	159465.5
71	124321.5
72	100305.5
73	85160.0
74	67914.0
75	51676.0
76	41438.0
77	34871.5
78	27823.0
79	21173.5
80	16971.0
81	14420.5
82	11450.5
83	8346.5
84	6402.5
85	5467.5
86	4301.0
87	3166.0
88	2694.5
89	2447.0
90	2045.0
91	1696.5
92	1544.5
93	1522.0
94	1465.0
95	1418.5
96	1408.0
97	1447.0
98	1830.5
99	10626.0
100	19079.0
>>END_MODULE
>>Per base N content	pass
#Base	N-Count
1	0.08192745888053608
2	0.06729954191815932
3	0.060863576280177134
4	0.034313231614353124
5	0.034309258796058076
6	0.03394773233120846
7	0.03394773233120846
8	0.03394773233120846
9	0.03394773233120846
10	0.03394773233120846
11	0.03394773233120846
12	0.03394773233120846
13	0.03394773233120846
14	0.03394773233120846
15	0.03394773233120846
16	0.03394773233120846
17	0.03394773233120846
18	0.03394773233120846
19	0.03394773233120846
20	0.03394773233120846
21	0.03394773233120846
22	0.03394773233120846
23	0.03394773233120846
24	0.03394773233120846
25	0.03394773233120846
26	0.03394773233120846
27	0.03394773233120846
28	0.03394773233120846
29	0.03394773233120846
30	0.03394773233120846
31	0.03394773233120846
32	0.03394773233120846
33	0.03394773233120846
34	0.03394773233120846
35	0.03394773233120846
36	0.0
37	0.0
38	0.0
39	0.0
40	0.0
41	0.0
42	0.0
43	0.0
44	0.0
45	0.0
46	0.0
47	0.0
48	0.0
49	0.0
50	0.0
51	0.0
52	0.0
53	0.0
54	0.0
55	0.0
56	0.0
57	0.0
58	0.0
59	0.0
60	0.0
61	0.0
62	0.0
63	0.0
64	0.0
65	0.0
66	0.0
67	0.0
68	0.0
69	0.0
70	0.0
71	0.0
72	0.0
73	0.0
74	0.0
75	0.0
>>END_MODULE
>>Sequence Length Distribution	warn
#Length	Count
35	11192.0
36	4373.0
37	6287.0
38	7169.0
39	8529.0
40	9657.0
41	10478.0
42	11866.0
43	13517.0
44	15477.0
45	17110.0
46	18159.0
47	18851.0
48	19838.0
49	20857.0
50	21478.0
51	22027.0
52	23322.0
53	25083.0
54	26594.0
55	27540.0
56	28984.0
57	30137.0
58	30114.0
59	31436.0
60	31788.0
61	31879.0
62	33950.0
63	35004.0
64	37546.0
65	39969.0
66	39179.0
67	41142.0
68	42861.0
69	52575.0
70	68834.0
71	167197.0
72	603523.0
73	1727696.0
74	5400631.0
75	1.6357199E7
>>END_MODULE
>>Sequence Duplication Levels	warn
#Total Duplicate Percentage	37.49264971117688
#Duplication Level	Relative count
1	100.0
2	23.85413208113962
3	11.391484450347042
4	6.44041803032459
5	4.026150611076855
6	2.703600056917896
7	1.8158389855966102
8	1.3114831855049092
9	0.9881579155401666
10++	5.574001169978972
>>END_MODULE
>>Overrepresented sequences	pass
>>END_MODULE
>>Kmer Content	warn
#Sequence	Count	Obs/Exp Overall	Obs/Exp Max	Max Obs/Exp Position
AAAAA	10556615	4.1497645	8.886956	71
TTTTT	8810440	3.3173668	5.9159656	71
GGGGG	3555010	3.181044	5.3386497	71
CCTGG	4061595	3.1079352	12.284473	3
CCAGG	3794005	2.9282882	12.315413	3
CCCAG	3654470	2.8441787	11.272131	2
CTGGG	3691140	2.8010404	11.277673	4
CCAGC	3432155	2.6711566	6.4851055	3
GGAGG	3360675	2.5509937	5.80684	6
GCTGG	3351855	2.5435722	7.1578355	3
TCCAG	3711940	2.4095187	8.516213	2
CAGCA	3678265	2.408313	6.6593394	4
CAGCC	3077140	2.3948576	5.6260557	9
TGCTG	3718055	2.3729467	7.6064425	2
CTCCA	3589295	2.3493896	6.3109217	1
GGCTG	3068615	2.328634	8.32352	7
CAGGA	3570070	2.318089	9.703064	4
CTCCT	3543495	2.2995198	6.081517	1
AGGAG	3545285	2.2829058	6.9496956	5
CTGGA	3510590	2.2599192	8.714212	4
TCCTG	3504845	2.2555768	8.711544	2
GGCAG	2932150	2.2443242	6.4236465	7
CCTGC	2906235	2.2424493	6.3064156	3
CTGCC	2900015	2.23765	5.770191	9
CTGCA	3415685	2.2172117	6.979272	4
GCCTG	2891575	2.2126355	7.3171573	7
CTGCT	3423470	2.203207	6.4501405	9
GCAGG	2870045	2.1967878	6.8872247	3
GCTGC	2856970	2.1861556	5.5138907	8
CCCTG	2828900	2.1827776	9.0618925	2
CAGAG	3320705	2.1561735	7.5675416	4
TGCAG	3346965	2.1545866	7.1657557	2
AGCAG	3315580	2.1528456	5.3867936	7
CTCTG	3323240	2.138703	7.396505	2
TGGAG	3244900	2.0715601	6.4960623	5
CAGGG	2702870	2.0688288	9.400929	4
AGCTG	3184285	2.0498624	5.856557	7
CTGGC	2676760	2.0482588	5.7298737	4
CAGGC	2651905	2.0467927	6.3057494	4
CCCCA	2602720	2.0425677	6.71972	1
GCCAG	2636700	2.0350575	5.4112563	2
GGGAG	2637770	2.0022569	5.5589156	7
CAGAA	3592555	1.9788404	5.36194	4
GGAGA	3064610	1.973386	5.4427767	6
CACAG	2983465	1.9533986	6.859174	7
CTGTG	3040465	1.9404937	8.821981	9
CTCAG	2976540	1.9321511	6.0257516	2
TTCTG	3567590	1.9149638	5.1967998	2
CTGAG	2966825	1.9098741	5.9027476	4
GGCCA	2438400	1.8820055	6.476681	1
TGGGG	2483020	1.8686265	6.5278816	5
CCAGA	2834630	1.8559499	6.5623817	3
CCTCT	2820740	1.8304942	5.5086718	1
TCTGG	2836575	1.8103666	6.411327	3
TGGCC	2337215	1.7884386	5.821905	5
CACTG	2745750	1.7823391	7.353993	7
ACCTG	2728120	1.770895	5.5686684	7
CAGTG	2727950	1.7560999	6.4465804	9
AGAGG	2690195	1.73229	5.0755315	5
GCCCA	2204190	1.7154636	7.103487	1
CCTGA	2629975	1.7071863	5.5742598	3
GGGCC	1823090	1.6587086	5.487693	6
ACAGA	2999195	1.6520076	5.698212	8
GGCCT	2143490	1.6402001	5.231364	1
TCAGG	2544060	1.6377218	5.7917123	3
TGGGC	2155535	1.6357385	6.605821	5
GAGAG	2518280	1.6215893	5.145767	7
CCTGT	2491985	1.6037407	5.6167827	8
AGCCT	2449530	1.5900548	5.129431	6
AGGTG	2471250	1.5776582	5.342297	7
AGGCT	2308120	1.485837	5.0396194	6
GCCCT	1879940	1.4505607	6.061246	1
GTGTG	2290380	1.4496502	7.4040947	1
CTGTC	2241245	1.4423747	5.820452	9
GGGCT	1898365	1.440584	5.93362	6
ACACA	2565785	1.425096	5.8342357	6
GCTGT	2225845	1.4205848	5.1323185	8
TGTGT	2667935	1.4201831	5.5462766	10
ACAGC	2162975	1.4161896	5.3938313	8
GACAG	2168075	1.4077569	6.809785	7
CACAC	2108505	1.39207	6.21516	5
AGGGC	1767970	1.3532382	5.6766205	5
AGACA	2407555	1.3261222	5.149444	6
ACTGC	1940845	1.2598538	5.1954865	8
GGACA	1895695	1.2308974	5.723525	6
GTCCT	1880345	1.2101139	7.2902145	1
GTGCT	1894870	1.2093489	6.4821525	1
GTCCA	1783125	1.1574736	6.5102286	1
AGCAC	1738505	1.1382713	5.3659196	5
TGTGC	1782700	1.1377594	5.4508004	10
AGGAC	1745805	1.133572	6.8052707	5
GTCTT	2106055	1.1304603	5.259399	1
TGCAC	1658155	1.0763522	5.6669793	5
GTGCA	1659105	1.0680379	6.2411447	1
TGGAC	1645050	1.05899	5.897326	5
ACAGT	1900440	1.0378174	5.4545593	8
GCACT	1598700	1.0377586	5.0368166	6
ACTGT	1913750	1.0361232	6.2177267	8
GACTG	1602670	1.0317082	5.9054065	7
AGACT	1840285	1.0049671	5.064225	6
GGACT	1461020	0.940522	5.1418214	6
GTGTA	1162360	0.62409437	5.613695	1
>>END_MODULE
