##FastQC	0.10.1
>>Basic Statistics	pass
#Measure	Value	
Filename	030-F5_S6_L001_R1_001_trimmed.fq.gz	
File type	Conventional base calls	
Encoding	Sanger / Illumina 1.9	
Total Sequences	9899976	
Filtered Sequences	0	
Sequence length	20-51	
%GC	42	
>>END_MODULE
>>Per base sequence quality	pass
#Base	Mean	Median	Lower Quartile	Upper Quartile	10th Percentile	90th Percentile
1	35.10319701785136	36.0	36.0	36.0	36.0	36.0
2	35.093249518988735	36.0	36.0	36.0	36.0	36.0
3	35.078683120039884	36.0	36.0	36.0	36.0	36.0
4	35.06465924765878	36.0	36.0	36.0	36.0	36.0
5	35.04563910053923	36.0	36.0	36.0	36.0	36.0
6	34.999812827829075	36.0	36.0	36.0	36.0	36.0
7	34.97329973325188	36.0	36.0	36.0	36.0	36.0
8	34.95939889147206	36.0	36.0	36.0	36.0	36.0
9	34.94592805073467	36.0	36.0	36.0	36.0	36.0
10	34.916144443178446	36.0	36.0	36.0	36.0	36.0
11	34.904940072581994	36.0	36.0	36.0	36.0	36.0
12	34.89054276495216	36.0	36.0	36.0	36.0	36.0
13	34.87445656433915	36.0	36.0	36.0	36.0	36.0
14	34.864721187202875	36.0	36.0	36.0	36.0	36.0
15	34.84625235455116	36.0	36.0	36.0	36.0	36.0
16	34.83397737529869	36.0	36.0	36.0	36.0	36.0
17	34.8211568391681	36.0	36.0	36.0	36.0	36.0
18	34.80118254832133	36.0	36.0	36.0	36.0	36.0
19	34.77065843391944	36.0	36.0	36.0	36.0	36.0
20	34.784977458531216	36.0	36.0	36.0	36.0	36.0
21	34.75615662736935	36.0	36.0	36.0	32.0	36.0
22	34.74980556320953	36.0	36.0	36.0	32.0	36.0
23	34.736796735393426	36.0	36.0	36.0	32.0	36.0
24	34.72751853214777	36.0	36.0	36.0	32.0	36.0
25	34.718789924647176	36.0	36.0	36.0	32.0	36.0
26	34.67810627483154	36.0	36.0	36.0	32.0	36.0
27	34.68165394950054	36.0	36.0	36.0	32.0	36.0
28	34.64601609216865	36.0	36.0	36.0	32.0	36.0
29	34.62642286284091	36.0	36.0	36.0	32.0	36.0
30	34.62191318755368	36.0	36.0	36.0	32.0	36.0
31	34.59339428167734	36.0	36.0	36.0	32.0	36.0
32	34.578692852092026	36.0	36.0	36.0	32.0	36.0
33	34.540355600496504	36.0	36.0	36.0	32.0	36.0
34	34.53299791140334	36.0	36.0	36.0	32.0	36.0
35	34.48854654411077	36.0	36.0	36.0	32.0	36.0
36	34.46861938623693	36.0	36.0	36.0	32.0	36.0
37	34.46256087968185	36.0	36.0	36.0	32.0	36.0
38	34.41908964943368	36.0	36.0	36.0	32.0	36.0
39	34.41806335627146	36.0	36.0	36.0	32.0	36.0
40	34.404139049917895	36.0	36.0	36.0	32.0	36.0
41	34.3830896791135	36.0	36.0	36.0	32.0	36.0
42	34.34511138388219	36.0	36.0	36.0	32.0	36.0
43	34.33433138384149	36.0	36.0	36.0	32.0	36.0
44	34.29655267099215	36.0	36.0	36.0	32.0	36.0
45	34.291326986348764	36.0	36.0	36.0	32.0	36.0
46	34.25113443034067	36.0	36.0	36.0	32.0	36.0
47	34.26932941666239	36.0	36.0	36.0	32.0	36.0
48	34.25352176430993	36.0	36.0	36.0	32.0	36.0
49	34.283844033672764	36.0	36.0	36.0	32.0	36.0
50	34.35122271691897	36.0	36.0	36.0	32.0	36.0
51	34.47098383494036	36.0	36.0	36.0	32.0	36.0
>>END_MODULE
>>Per sequence quality scores	pass
#Quality	Count
14	8.0
15	46.0
16	195.0
17	569.0
18	1200.0
19	2346.0
20	4631.0
21	8103.0
22	13289.0
23	21011.0
24	32017.0
25	47579.0
26	68262.0
27	94510.0
28	127828.0
29	167510.0
30	217504.0
31	281316.0
32	376307.0
33	547943.0
34	1030974.0
35	4372628.0
36	2484200.0
>>END_MODULE
>>Per base sequence content	pass
#Base	G	A	T	C
1	21.28663880987309	27.68258002919014	27.74454013209603	23.28624102884074
2	21.77162086185465	28.881334832876192	27.93342684263871	21.41361746263045
3	20.886613483487462	28.737371553894835	28.642360224455427	21.733654738162272
4	22.179071376103344	27.174265265008845	29.297146151838362	21.34951720704945
5	21.438821132011128	27.874174565537686	28.805099587492368	21.88190471495882
6	20.513046621896603	28.860286634668427	28.947125729008487	21.67954101442648
7	20.7788492628962	28.70579980785391	28.72875996274253	21.786590966507365
8	20.663104694015978	28.65616930195067	28.128297682461874	22.552428321571483
9	21.241012439175094	28.218140466203156	28.13834194635459	22.402505148267167
10	20.711937628183684	28.239643081677144	28.98814891852972	22.060270371609445
11	22.319831957134724	27.7486690461628	28.226878070436385	21.70462092626609
12	20.784994539347608	28.85258824418308	28.673122074975183	21.68929514149413
13	20.66113189677404	28.666884383284007	29.392955497019663	21.279028222922285
14	20.965646166454583	28.278895981265862	29.404594902640685	21.35086294963887
15	20.681652200000606	28.826538394326334	29.07181681998673	21.419992585686334
16	20.63204055448271	28.70715919630431	29.5464550080273	21.114345241185678
17	20.907294025050188	28.202016047327838	28.16443005965879	22.726259867963183
18	20.988780152154213	29.556666716498537	28.112680500802227	21.341872630545026
19	21.75314892400168	28.22709848889426	28.65517053639259	21.364582050711473
20	22.278861314833048	27.75357964217064	28.772618640312263	21.194940402684047
21	22.209878857340886	27.6993947117948	28.864921663941367	21.22580476692295
22	21.15366770322489	28.96969803915961	28.92773269393481	20.94890156368069
23	20.9183805697807	28.782727926051628	29.089074312933715	21.209817191233952
24	20.56618588214181	29.0197306244563	28.83509372247774	21.57898977092415
25	20.89467376858077	29.14355448214756	28.343435663232082	21.618336086039594
26	21.035708731665796	28.067674911602936	28.773132611969615	22.123483744761653
27	22.054400743714574	28.18319468856183	28.49371849800261	21.268686069720985
28	20.670797125158117	28.83135567479796	28.564993336057448	21.932853863986477
29	21.897056277761493	27.926083660320216	28.40365273998287	21.773207321935423
30	20.896254699811298	29.56354378568126	28.08373851072505	21.456463003782392
31	21.008417915754052	28.81348426335018	28.757687712095603	21.420410108800166
32	21.087117143103523	29.267015766713435	28.174414657916312	21.47145243226673
33	20.87521652293721	27.96676470094085	29.32952216091848	21.828496615203456
34	21.09176364275336	29.167153898199476	28.817613909323537	20.92346854972363
35	20.935267373890454	27.64074174566814	29.25492126428831	22.1690696161531
36	21.370225723314242	28.446222749384198	28.08904966111091	22.094501866190647
37	21.020074115090466	28.54030715400485	28.128987969916064	22.310630760988616
38	21.393139487700612	28.77129853123972	27.72732275799893	22.108239223060743
39	21.38578224983237	28.569378599036998	27.921027271450832	22.1238118796798
40	20.825004828661136	28.11943808287501	29.348816277518285	21.70674081094556
41	21.512399499469158	27.952207959333858	28.717608233137497	21.81778430805949
42	21.665743205222476	27.741785076863064	28.992050464147255	21.600421253767205
43	21.319046617180632	28.903014026246222	28.428325731144955	21.349613625428194
44	21.37375659092618	28.25624714651987	28.153527310052205	22.216468952501746
45	21.68688488071663	28.84838181202674	28.084103502288144	21.38062980496849
46	21.298652106568287	30.076533774903808	27.643881485796545	20.98093263273136
47	21.80195504622126	28.096441756805028	27.876017136777943	22.225586060195766
48	21.664125780982566	28.802044963771074	28.693210744237625	20.84061851100874
49	22.01107687842874	28.309205481352517	28.820448852438485	20.85926878778026
50	23.00667603027426	28.11404216657529	28.420136335587426	20.459145467563022
51	21.543162235807877	29.76954092377499	28.316353412922663	20.37094342749447
>>END_MODULE
>>Per base GC content	pass
#Base	%GC
1	44.57287983871383
2	43.185238324485105
3	42.62026822164973
4	43.528588583152796
5	43.32072584696995
6	42.19258763632309
7	42.56544022940356
8	43.21553301558746
9	43.64351758744226
10	42.772207999793125
11	44.02445288340082
12	42.474289680841736
13	41.94016011969633
14	42.31650911609346
15	42.10164478568694
16	41.74638579566839
17	43.63355389301337
18	42.33065278269923
19	43.117730974713155
20	43.4738017175171
21	43.43568362426383
22	42.10256926690558
23	42.128197761014654
24	42.145175653065955
25	42.51300985462036
26	43.15919247642745
27	43.32308681343556
28	42.60365098914459
29	43.67026359969691
30	42.35271770359369
31	42.428828024554214
32	42.55856957537026
33	42.70371313814067
34	42.015232192476994
35	43.10433699004355
36	43.46472758950489
37	43.33070487607908
38	43.50137871076135
39	43.50959412951217
40	42.5317456396067
41	43.33018380752864
42	43.26616445898968
43	42.66866024260882
44	43.59022554342793
45	43.06751468568512
46	42.27958473929965
47	44.027541106417026
48	42.5047442919913
49	42.870345666209005
50	43.46582149783728
51	41.91410566330235
>>END_MODULE
>>Per sequence GC content	warn
#GC Content	Count
0	7605.0
1	6807.0
2	4822.5
3	3978.5
4	4351.5
5	4951.5
6	5586.0
7	6419.5
8	7280.5
9	8929.5
10	10625.5
11	13164.0
12	15788.0
13	20154.5
14	24862.5
15	32085.5
16	39528.5
17	50731.0
18	62515.5
19	78281.0
20	94232.5
21	112003.5
22	130299.0
23	152974.5
24	176530.0
25	201305.0
26	249403.5
27	283286.5
28	327098.5
29	373019.0
30	425057.5
31	478196.5
32	534129.0
33	590582.5
34	634489.0
35	673391.5
36	681498.0
37	684620.0
38	672832.5
39	660064.0
40	645185.5
41	629873.5
42	622669.0
43	614197.0
44	597161.5
45	579181.0
46	562244.5
47	544529.5
48	527883.0
49	511605.5
50	495355.5
51	478728.0
52	460184.5
53	439925.0
54	420880.0
55	401305.5
56	379544.5
57	357055.5
58	333998.5
59	309348.0
60	283720.0
61	257355.0
62	232357.0
63	208965.0
64	184831.0
65	162085.5
66	142597.5
67	123858.0
68	105039.5
69	85410.5
70	70755.5
71	58313.5
72	48735.0
73	39901.5
74	32393.5
75	24404.5
76	20532.0
77	17086.5
78	13864.5
79	11366.5
80	9096.5
81	7433.0
82	5989.5
83	4917.0
84	3898.0
85	3168.5
86	2487.5
87	1998.5
88	1574.5
89	1250.0
90	945.0
91	768.0
92	629.0
93	539.0
94	443.0
95	395.0
96	353.5
97	314.0
98	279.0
99	480.5
100	687.0
>>END_MODULE
>>Per base N content	pass
#Base	N-Count
1	5.757589715369007E-4
2	7.070724211856675E-4
3	0.0010505075971901346
4	8.080827670693344E-4
5	3.838393143579338E-4
6	5.757589715369007E-4
7	0.002191924505675569
8	3.1313207223936703E-4
9	4.343444872997672E-4
10	0.0012121241506040015
11	0.0012222251851923681
12	6.060620753020007E-4
13	0.0025959658892102363
14	0.006212136271845508
15	0.002080813125203536
16	1.010103458836668E-4
17	1.010103458836668E-4
18	2.020206917673336E-4
19	7.070724211856674E-5
20	0.004575768668530105
21	0.003238678894298832
22	1.4198018342014238E-4
23	0.004105860882660492
24	2.0370313974778904E-4
25	0.00163322302272834
26	3.1716439479764454E-4
27	0.0063893503989498075
28	2.0564546146635906E-5
29	0.006557007249926208
30	0.004094604810147341
31	0.002074178213184659
32	0.0022155895538177105
33	0.0025253197216513297
34	8.16553251258565E-4
35	0.0049158491704031845
36	2.6353344376438764E-4
37	0.003109627374620935
38	0.0028869356080687726
39	0.002673871703374522
40	3.9570266901450254E-4
41	1.0738238890164353E-5
42	2.157619731173527E-5
43	2.0594750376450358E-4
44	5.448169115527881E-5
45	4.385093663408104E-5
46	1.6574334731065397E-4
47	0.0
48	0.0
49	0.002340769463620643
50	1.8260827546992133E-4
51	5.981390486809538E-4
>>END_MODULE
>>Sequence Length Distribution	warn
#Length	Count
20	19404.0
21	20041.0
22	20938.0
23	21384.0
24	21629.0
25	22469.0
26	23511.0
27	25124.0
28	25929.0
29	28284.0
30	28890.0
31	28679.0
32	30749.0
33	30598.0
34	32120.0
35	33765.0
36	31953.0
37	32754.0
38	34618.0
39	36682.0
40	37941.0
41	43040.0
42	43822.0
43	48257.0
44	55583.0
45	71675.0
46	111934.0
47	256191.0
48	522302.0
49	1040646.0
50	1434767.0
51	5684297.0
>>END_MODULE
>>Sequence Duplication Levels	warn
#Total Duplicate Percentage	25.233079651069968
#Duplication Level	Relative count
1	100.0
2	16.262335393276604
3	4.9050376937263405
4	2.0901413919176886
5	1.07548451807034
6	0.7092244475361569
7	0.4937392823632187
8	0.3630245575435985
9	0.29119616915261914
10++	3.2303361697997217
>>END_MODULE
>>Overrepresented sequences	warn
#Sequence	Count	Percentage	Possible Source
CAAGAAAACTGAAAATCATGGAAAATGAGAAACATCCACTTGACGACTTGA	13846	0.13985892491052504	No Hit
>>END_MODULE
>>Kmer Content	warn
#Sequence	Count	Obs/Exp Overall	Obs/Exp Max	Max Obs/Exp Position
TTTTT	3768920	4.435293	6.759988	13
AAAAA	3697020	4.424099	5.5929418	13
GAAAA	2173175	3.483108	9.1760235	4
TTTTC	2236560	3.476855	7.00281	4
AGAAA	2069995	3.3177338	8.505095	28
GCAGC	886195	3.2975767	3.6029522	31
GCTGC	844830	3.1331518	3.451368	31
TTTCT	1975505	3.0710306	4.904477	21
CAGCA	1103845	3.0667224	3.3362985	23
CCAGG	805325	2.9966552	6.4271836	35
AAGAA	1740380	2.7894354	6.047716	2
GGAAA	1185915	2.545804	9.309441	20
GAGAA	1160655	2.4915783	9.59837	27
TCCAG	872025	2.414581	5.1291776	34
TTTCC	1148780	2.3590846	5.2398996	22
AAAAT	1965290	2.343938	6.256961	22
TTTCA	1482960	2.3130713	5.0034924	14
ATTTT	1931135	2.280193	5.333267	2
GGTGG	588815	2.259931	5.9201355	18
TGGAA	1041370	2.22804	6.6873307	19
TCCTC	821170	2.2276158	6.021907	24
GAGGA	774500	2.2268555	5.499446	2
CCACC	616675	2.2172656	7.0007625	8
TTCCT	1058360	2.173402	5.207655	23
TTCCA	1039820	2.1424875	5.0841985	6
TGAAA	1321745	2.1113799	7.244818	10
TTCAG	997055	2.0899284	5.858321	15
CTGAA	980280	2.0616548	8.670205	9
AAACA	1301215	2.0500722	5.117912	30
TCCAC	751600	2.0457263	6.741916	35
AAATG	1279595	2.0440488	7.417706	23
CATTT	1276305	1.9907376	7.393608	1
AAAAC	1234915	1.9456164	7.0076284	5
GTGGA	638280	1.8290619	7.12638	47
TGAGA	846530	1.8111745	8.815269	26
CCACT	623080	1.6959169	6.8236866	36
CACCT	611770	1.665133	5.3376236	9
CATGG	588625	1.6580732	7.4902573	17
CAAGA	746290	1.5748055	6.3980145	1
AATGA	963465	1.5390567	6.785887	24
AGTGG	533560	1.528975	6.439718	46
CATCC	560090	1.5244689	6.3662677	33
ATGGA	703400	1.5049438	6.107951	18
ATGAG	702355	1.502708	8.484225	25
CTTGA	712425	1.493315	7.5437927	47
TCAGT	703385	1.4743662	5.147236	16
ACTGA	696255	1.4643136	7.9196024	8
AACTG	694575	1.4607804	7.940549	7
CACTT	700375	1.4430813	7.466036	37
GAAAC	682745	1.4407142	5.506501	29
AAATC	882025	1.3849926	6.5785174	13
AAACT	878840	1.3799914	6.322674	6
ACTTG	649640	1.3617113	6.3718767	46
AAGTG	622595	1.3320591	5.400275	47
ATCCA	613275	1.2678531	5.1623836	34
TCATG	597395	1.2522005	5.571148	16
AATCA	777085	1.2202113	6.3687944	14
GACTT	517845	1.0854555	5.5860033	45
CGCCA	294685	1.0778828	5.5059814	28
CTCGC	257085	0.9372095	5.266737	26
CCTCG	252210	0.9194375	5.694513	25
TCGCC	251590	0.9171773	5.2911506	27
GACGA	256370	0.724579	5.8697953	42
CGTCC	198165	0.7224152	5.1863804	40
TGACG	255225	0.7189327	5.7739487	41
CGACT	179275	0.49640092	5.7268434	44
ACGAC	176280	0.48974437	5.7432423	43
>>END_MODULE
