##FastQC	0.10.1
>>Basic Statistics	pass
#Measure	Value	
Filename	029-F5_S4_L003_R2_001_trimmed.fq.gz	
File type	Conventional base calls	
Encoding	Sanger / Illumina 1.9	
Total Sequences	25295644	
Filtered Sequences	0	
Sequence length	20-51	
%GC	45	
>>END_MODULE
>>Per base sequence quality	pass
#Base	Mean	Median	Lower Quartile	Upper Quartile	10th Percentile	90th Percentile
1	34.77007088651311	36.0	36.0	36.0	32.0	36.0
2	34.768428746071855	36.0	36.0	36.0	32.0	36.0
3	34.74603963433388	36.0	36.0	36.0	32.0	36.0
4	34.737232465795294	36.0	36.0	36.0	32.0	36.0
5	34.722009963454575	36.0	36.0	36.0	32.0	36.0
6	34.697218106010666	36.0	36.0	36.0	32.0	36.0
7	34.69227942961247	36.0	36.0	36.0	32.0	36.0
8	34.68216417024212	36.0	36.0	36.0	32.0	36.0
9	34.660768707845506	36.0	36.0	36.0	32.0	36.0
10	34.64583629497632	36.0	36.0	36.0	32.0	36.0
11	34.63498217321528	36.0	36.0	36.0	32.0	36.0
12	34.61819572571467	36.0	36.0	36.0	32.0	36.0
13	34.6091622731566	36.0	36.0	36.0	32.0	36.0
14	34.59773465344468	36.0	36.0	36.0	32.0	36.0
15	34.58285572804551	36.0	36.0	36.0	32.0	36.0
16	34.553253398094945	36.0	36.0	36.0	32.0	36.0
17	34.544078972648414	36.0	36.0	36.0	32.0	36.0
18	34.52799011561042	36.0	36.0	36.0	32.0	36.0
19	34.5068899609751	36.0	36.0	36.0	32.0	36.0
20	34.50473919541246	36.0	36.0	36.0	32.0	36.0
21	34.48374413878437	36.0	36.0	36.0	32.0	36.0
22	34.467799740372115	36.0	36.0	36.0	32.0	36.0
23	34.443285822493614	36.0	36.0	36.0	32.0	36.0
24	34.41142444800979	36.0	36.0	36.0	32.0	36.0
25	34.39264003435575	36.0	36.0	36.0	32.0	36.0
26	34.36599888502246	36.0	36.0	36.0	32.0	36.0
27	34.34965616733518	36.0	36.0	36.0	32.0	36.0
28	34.321714640832944	36.0	36.0	36.0	32.0	36.0
29	34.29816928458977	36.0	36.0	36.0	32.0	36.0
30	34.270050394661936	36.0	36.0	36.0	32.0	36.0
31	34.23470470298494	36.0	36.0	36.0	32.0	36.0
32	34.20269588762354	36.0	36.0	36.0	32.0	36.0
33	34.173529905144186	36.0	36.0	36.0	32.0	36.0
34	34.13549216745961	36.0	36.0	36.0	32.0	36.0
35	34.10347984766305	36.0	36.0	36.0	32.0	36.0
36	34.084341489010306	36.0	36.0	36.0	32.0	36.0
37	34.04075764247275	36.0	36.0	36.0	32.0	36.0
38	34.01649628683152	36.0	36.0	36.0	32.0	36.0
39	33.99382390655269	36.0	36.0	36.0	32.0	36.0
40	33.984226239410745	36.0	36.0	36.0	32.0	36.0
41	33.950261174050915	36.0	36.0	36.0	32.0	36.0
42	33.92376447891335	36.0	36.0	36.0	32.0	36.0
43	33.905894039983075	36.0	36.0	36.0	32.0	36.0
44	33.8810955175239	36.0	36.0	36.0	32.0	36.0
45	33.861389712204605	36.0	36.0	36.0	32.0	36.0
46	33.870669963273734	36.0	36.0	36.0	32.0	36.0
47	33.86401721656071	36.0	36.0	36.0	32.0	36.0
48	33.88026537406056	36.0	36.0	36.0	32.0	36.0
49	33.92852928349709	36.0	36.0	36.0	32.0	36.0
50	34.024553791628335	36.0	36.0	36.0	32.0	36.0
51	34.17071481029252	36.0	36.0	36.0	32.0	36.0
>>END_MODULE
>>Per sequence quality scores	pass
#Quality	Count
2	6.0
3	0.0
4	4.0
5	4.0
6	6.0
7	13.0
8	31.0
9	37.0
10	53.0
11	58.0
12	72.0
13	96.0
14	1462.0
15	2620.0
16	4434.0
17	7071.0
18	11374.0
19	18346.0
20	28856.0
21	43365.0
22	64296.0
23	93841.0
24	131486.0
25	178678.0
26	239232.0
27	311903.0
28	397941.0
29	501126.0
30	632426.0
31	811189.0
32	1093147.0
33	1627911.0
34	3097601.0
35	1.169157E7
36	4305389.0
>>END_MODULE
>>Per base sequence content	pass
#Base	G	A	T	C
1	22.843397039022868	26.583847926119713	27.18993002423664	23.382825010620778
2	22.719571174798027	26.44524866828265	27.502245324747214	23.332934832172107
3	22.75282080460317	26.58074725644522	27.318878417948905	23.347553521002702
4	22.883974628616972	26.400478520350557	27.490116483175882	23.22543036785659
5	23.085385066173714	26.468263931990165	27.053732317966393	23.392618683869728
6	22.648237627889586	26.762938437426875	27.24840225608869	23.34042167859485
7	22.68690468904948	26.756608600894637	27.24837836004321	23.308108350012674
8	22.86228448853543	26.577812083182806	27.269804235426058	23.290099192855703
9	22.56959680147522	26.769712391085214	27.465689300995177	23.195001506444385
10	22.766076673120825	26.797445336275132	27.261119190229827	23.17535880037422
11	23.082011165091938	26.795074145542173	27.039634467318084	23.083280222047804
12	22.522851111550633	26.87760926903049	27.453090925421737	23.14644869399714
13	22.723210577608427	26.7167405516672	27.459317324022635	23.100731546701734
14	22.722864663811364	26.466352670602667	27.602054486439076	23.20872817914689
15	22.625131957869314	26.76769381963147	27.427793515773548	23.179380706725667
16	22.83794741430263	27.13375728187966	27.20638729814837	22.82190800566934
17	22.965021361858984	26.826238602162274	27.042021704346116	23.166718331632627
18	22.84282574832433	27.101685274809697	27.11061221790138	22.94487675896459
19	22.892194399959546	26.9520108304575	27.252226064569918	22.903568705013033
20	22.86757042992833	26.69939704091177	27.23955258543561	23.19347994372429
21	22.843347768688695	26.914018160281245	27.281803625084688	22.960830445945373
22	22.790937219860158	26.889205741804545	27.331543401894802	22.98831363644049
23	22.916694838716143	26.694411561586378	27.17502009694579	23.213873502751685
24	22.776187655523163	27.053519537459753	27.276705265625612	22.893587541391472
25	22.850350311566473	26.969433076997923	27.13887296035043	23.041343651085175
26	22.940250882466536	27.086474514955654	26.99839199256493	22.97488261001288
27	22.757752462689528	27.145319184688034	27.20162333123786	22.895305021384583
28	22.72523009287526	27.019656314313785	27.156239712107517	23.098873880703437
29	22.88339349623105	26.904242083949303	27.213493474425587	22.998870945394064
30	22.831756595722734	27.04560451460813	27.17226676978553	22.950372119883603
31	22.8946920002634	27.025342039013466	27.096107264245084	22.98385869647805
32	22.874328016466418	26.989899797664375	27.071806838354096	23.06396534751511
33	22.75860711631119	26.992603113458983	27.243611619591228	23.0051781506386
34	22.956776888960228	27.215274240174598	27.069739981024238	22.758208889840937
35	22.93350916975202	27.016574746400106	26.99577142593442	23.054144657913454
36	23.01479736620601	27.210173187725328	26.9366063965365	22.838423049532157
37	22.777009228934585	27.06506243466545	27.13689488733497	23.021033449064998
38	22.795647909351526	26.890508067123477	27.132749399844453	23.181094623680547
39	22.683770237500404	27.059451381509586	27.20842473670313	23.048353644286884
40	22.842492052296283	27.089983471173433	27.151685652315994	22.91583882421429
41	23.030832308028582	27.095607792388503	27.008439835985765	22.865120063597153
42	22.881312811034782	27.250073411480756	27.016736811689302	22.851876965795153
43	22.925315271027983	27.21417594995314	27.013820881390643	22.846687897628236
44	22.95802636330691	26.9659465185022	26.97397450219424	23.102052615996655
45	22.73298282450698	27.120925120448923	27.209913307857303	22.936178747186794
46	22.861280849028923	27.149609182186886	26.960239837325346	23.028870131458845
47	22.851892760386903	27.109316975977936	27.04994456553345	22.988845698101713
48	22.855626345967604	27.414381691797363	27.110893409211744	22.619098553023292
49	23.111138377446267	27.446070906958642	27.02186747802056	22.42092323757453
50	23.11905891584701	27.602710622334374	27.19120048368737	22.08702997813124
51	22.747690359216215	27.92764626275812	27.381421688554507	21.943241689471158
>>END_MODULE
>>Per base GC content	pass
#Base	%GC
1	46.226222049643646
2	46.052506006970134
3	46.10037432560588
4	46.109404996473565
5	46.47800375004344
6	45.988659306484436
7	45.99501303906216
8	46.152383681391136
9	45.7645983079196
10	45.94143547349505
11	46.16529138713974
12	45.66929980554777
13	45.823942124310165
14	45.93159284295825
15	45.80451266459498
16	45.65985541997197
17	46.13173969349161
18	45.78770250728892
19	45.79576310497258
20	46.06105037365262
21	45.804178214634064
22	45.77925085630065
23	46.13056834146783
24	45.669775196914635
25	45.891693962651644
26	45.91513349247942
27	45.653057484074104
28	45.8241039735787
29	45.88226444162511
30	45.78212871560633
31	45.87855069674145
32	45.93829336398153
33	45.76378526694979
34	45.714985778801164
35	45.987653827665476
36	45.853220415738164
37	45.798042677999575
38	45.97674253303207
39	45.73212388178729
40	45.75833087651057
41	45.89595237162574
42	45.73318977682994
43	45.77200316865622
44	46.06007897930356
45	45.66916157169377
46	45.89015098048777
47	45.84073845848861
48	45.47472489899089
49	45.532061615020794
50	45.20608889397825
51	44.69093204868737
>>END_MODULE
>>Per sequence GC content	pass
#GC Content	Count
0	9481.0
1	8563.5
2	6588.5
3	5946.0
4	6456.0
5	7309.5
6	8346.5
7	9974.5
8	11639.0
9	14181.0
10	16873.5
11	21594.5
12	26397.0
13	34579.0
14	43479.5
15	57691.5
16	72635.5
17	94692.5
18	117910.0
19	149239.0
20	181539.0
21	222954.0
22	264992.5
23	316072.0
24	368649.0
25	420995.0
26	518838.0
27	586153.5
28	658884.0
29	732996.5
30	812608.5
31	894809.0
32	981522.0
33	1069762.5
34	1153910.5
35	1236532.0
36	1310600.5
37	1380834.5
38	1430123.0
39	1478115.5
40	1507189.5
41	1532407.0
42	1545540.5
43	1552101.5
44	1543196.5
45	1529618.0
46	1507995.0
47	1483177.5
48	1456212.0
49	1428720.5
50	1402663.0
51	1377875.5
52	1350679.5
53	1321625.5
54	1294468.0
55	1265001.0
56	1228068.5
57	1186053.5
58	1131095.5
59	1067633.5
60	997175.0
61	921586.0
62	843260.5
63	768962.5
64	688121.5
65	609563.0
66	535854.5
67	464027.5
68	399486.0
69	336939.5
70	285751.0
71	238421.0
72	199809.5
73	163421.0
74	132759.0
75	98888.5
76	82325.0
77	67624.0
78	53652.0
79	43001.0
80	33343.5
81	26988.0
82	21518.0
83	17444.0
84	13782.5
85	11282.0
86	8934.0
87	7272.0
88	5776.5
89	4759.5
90	3858.0
91	3321.0
92	2862.0
93	2553.0
94	2284.0
95	2223.5
96	2201.0
97	2323.0
98	2938.0
99	17048.5
100	30650.0
>>END_MODULE
>>Per base N content	pass
#Base	N-Count
1	0.0035025793373752415
2	0.003407701341780427
3	0.0043011358002982645
4	0.0039690628157164135
5	0.00607614496788459
6	0.004233930553418604
7	0.0034788598384765377
8	0.005068066264689684
9	0.003886044569570951
10	0.0053606067511070285
11	0.005024580516708726
12	0.0019173261609785465
13	0.004566003538000456
14	0.008384842860691745
15	0.00626985420889067
16	0.006696805189067335
17	0.004992954518177122
18	0.005657100487340824
19	0.007080270421263045
20	0.0035302520860903954
21	0.006674031470296262
22	0.007242974324826801
23	0.006339303546772726
24	0.004818360368160992
25	0.00570359153721218
26	0.006744945663958641
27	0.006587708843810559
28	0.00783356741544794
29	0.007280052032619955
30	0.004534416280187159
31	0.007475925090015
32	0.007939358577839032
33	0.0065844648922321536
34	0.006640014262342019
35	0.00822884752818411
36	0.005770303216693339
37	0.007353783171065074
38	0.009116711771994388
39	0.004467134519854588
40	0.006587624329965156
41	0.004760539437603233
42	0.006496169188074408
43	0.004648930247492639
44	0.006299457714288032
45	0.0038471175853655643
46	0.003498717151301724
47	0.001057038673232783
48	0.0064754414073913205
49	0.0029064385251741293
50	0.0023533661036271186
51	0.002129470792613345
>>END_MODULE
>>Sequence Length Distribution	warn
#Length	Count
20	48535.0
21	50278.0
22	52113.0
23	53195.0
24	54667.0
25	55187.0
26	56463.0
27	57864.0
28	59827.0
29	63426.0
30	64869.0
31	67660.0
32	68943.0
33	69778.0
34	70880.0
35	70482.0
36	71855.0
37	73270.0
38	76937.0
39	79508.0
40	83041.0
41	86650.0
42	91307.0
43	100205.0
44	118605.0
45	170101.0
46	296642.0
47	737389.0
48	1530113.0
49	3096554.0
50	4147853.0
51	1.3571447E7
>>END_MODULE
>>Sequence Duplication Levels	warn
#Total Duplicate Percentage	35.98725330365014
#Duplication Level	Relative count
1	100.0
2	22.667292466549203
3	10.192587349096309
4	5.489085690983096
5	3.377780513514969
6	2.231335646741096
7	1.555010117953019
8	1.1656805189009518
9	0.8702209022290274
10++	6.336223810659629
>>END_MODULE
>>Overrepresented sequences	pass
>>END_MODULE
>>Kmer Content	warn
#Sequence	Count	Obs/Exp Overall	Obs/Exp Max	Max Obs/Exp Position
AAAAA	6815715	4.2148075	5.2392697	47
TTTTT	5960665	3.527634	3.9390671	47
GGGGG	2412570	3.412328	4.8965044	47
>>END_MODULE
