##FastQC	0.10.1
>>Basic Statistics	pass
#Measure	Value	
Filename	008-F0_S1_L003_R2_001_trimmed.fq.gz	
File type	Conventional base calls	
Encoding	Sanger / Illumina 1.9	
Total Sequences	22460471	
Filtered Sequences	0	
Sequence length	20-50	
%GC	45	
>>END_MODULE
>>Per base sequence quality	pass
#Base	Mean	Median	Lower Quartile	Upper Quartile	10th Percentile	90th Percentile
1	34.983235302590046	36.0	36.0	36.0	36.0	36.0
2	34.97057100895168	36.0	36.0	36.0	36.0	36.0
3	34.95704319824816	36.0	36.0	36.0	36.0	36.0
4	34.95039084443064	36.0	36.0	36.0	36.0	36.0
5	34.92494306998282	36.0	36.0	36.0	36.0	36.0
6	34.914315287511116	36.0	36.0	36.0	36.0	36.0
7	34.901487996400434	36.0	36.0	36.0	36.0	36.0
8	34.895861222144454	36.0	36.0	36.0	36.0	36.0
9	34.8777827944926	36.0	36.0	36.0	36.0	36.0
10	34.85577265944245	36.0	36.0	36.0	36.0	36.0
11	34.84753258290977	36.0	36.0	36.0	36.0	36.0
12	34.830801500111015	36.0	36.0	36.0	36.0	36.0
13	34.827763718757275	36.0	36.0	36.0	36.0	36.0
14	34.814986293030096	36.0	36.0	36.0	36.0	36.0
15	34.80027458017243	36.0	36.0	36.0	36.0	36.0
16	34.78126277939585	36.0	36.0	36.0	36.0	36.0
17	34.77428803696948	36.0	36.0	36.0	36.0	36.0
18	34.75478052085373	36.0	36.0	36.0	36.0	36.0
19	34.738396447696935	36.0	36.0	36.0	36.0	36.0
20	34.74130480166689	36.0	36.0	36.0	36.0	36.0
21	34.73234345187243	36.0	36.0	36.0	36.0	36.0
22	34.71694646190657	36.0	36.0	36.0	36.0	36.0
23	34.713511690030515	36.0	36.0	36.0	36.0	36.0
24	34.693786402798075	36.0	36.0	36.0	36.0	36.0
25	34.682887708876756	36.0	36.0	36.0	36.0	36.0
26	34.66508716035801	36.0	36.0	36.0	36.0	36.0
27	34.66172131605971	36.0	36.0	36.0	36.0	36.0
28	34.64092455056819	36.0	36.0	36.0	36.0	36.0
29	34.63277876434953	36.0	36.0	36.0	32.0	36.0
30	34.609775343209996	36.0	36.0	36.0	32.0	36.0
31	34.594938165413325	36.0	36.0	36.0	32.0	36.0
32	34.58806189412005	36.0	36.0	36.0	32.0	36.0
33	34.5616245887484	36.0	36.0	36.0	32.0	36.0
34	34.55283758778251	36.0	36.0	36.0	32.0	36.0
35	34.52268839344666	36.0	36.0	36.0	32.0	36.0
36	34.50428910991431	36.0	36.0	36.0	32.0	36.0
37	34.49645081805794	36.0	36.0	36.0	32.0	36.0
38	34.483357167676594	36.0	36.0	36.0	32.0	36.0
39	34.46596080927052	36.0	36.0	36.0	32.0	36.0
40	34.453431432269454	36.0	36.0	36.0	32.0	36.0
41	34.428471354355366	36.0	36.0	36.0	32.0	36.0
42	34.40524478296931	36.0	36.0	36.0	32.0	36.0
43	34.39100097359298	36.0	36.0	36.0	32.0	36.0
44	34.369457783973075	36.0	36.0	36.0	32.0	36.0
45	34.36620928472126	36.0	36.0	36.0	32.0	36.0
46	34.36287190038724	36.0	36.0	36.0	32.0	36.0
47	34.36603644372512	36.0	36.0	36.0	32.0	36.0
48	34.38791258729103	36.0	36.0	36.0	32.0	36.0
49	34.47474149161809	36.0	36.0	36.0	32.0	36.0
50	34.603873227016756	36.0	36.0	36.0	32.0	36.0
>>END_MODULE
>>Per sequence quality scores	pass
#Quality	Count
5	7.0
6	10.0
7	15.0
8	38.0
9	76.0
10	85.0
11	69.0
12	82.0
13	61.0
14	2258.0
15	3755.0
16	5957.0
17	9510.0
18	14747.0
19	22199.0
20	32449.0
21	46214.0
22	61709.0
23	82482.0
24	107917.0
25	138989.0
26	177190.0
27	222266.0
28	276281.0
29	340962.0
30	422154.0
31	533400.0
32	707378.0
33	1031014.0
34	1959859.0
35	9243331.0
36	7018007.0
>>END_MODULE
>>Per base sequence content	pass
#Base	G	A	T	C
1	22.52626959798674	26.737601968345988	27.346316579593687	23.389811854073585
2	22.500491661304068	26.807030607491235	27.65508791865845	23.03738981254625
3	22.416540325614843	26.87257030016853	27.538800617123165	23.172088757093466
4	22.632782416172514	26.501771756071935	27.86461206543044	23.000833762325108
5	22.699464159696884	26.652558654143693	27.40620791138043	23.241769274779
6	22.203852598529984	27.022167640232976	27.60551042404533	23.16846933719171
7	22.28253409295064	27.019871943144018	27.58880574437027	23.10878821953507
8	22.400480294103556	26.907908129326774	27.548521405483594	23.143090171086076
9	22.187769002672724	27.010483092456393	27.70148977807097	23.10025812679991
10	22.28215528750024	27.095173637410426	27.602352700320658	23.020318374768674
11	22.75630561915423	27.076185718216767	27.35099432109122	22.816514341537786
12	22.074714507385288	27.27267019810686	27.76061610506461	22.89199918944324
13	22.239329627952365	27.092654129946165	27.89597446664781	22.772041775453662
14	22.280897533689746	26.81523127301987	28.04459297946727	22.859278213823114
15	22.172121609130883	27.114953167369933	27.88543932899018	22.827485894509
16	22.280982085637845	27.433776159145683	27.77674305364807	22.5084987015684
17	22.388900274664078	27.17564391382131	27.437774487652362	22.99768132386225
18	22.296254026805965	27.573220574231605	27.454346167384656	22.676179231577773
19	22.426530307639585	27.303187002492834	27.680233581239406	22.590049108628172
20	22.504137222103928	27.019713775384485	27.68747117436195	22.788677828149638
21	22.448337587691412	27.210316401349104	27.725050135954245	22.61629587500524
22	22.250250326492456	27.436639771637665	27.791520551834015	22.52158935003586
23	22.30801121923246	27.22393168496002	27.696527348552635	22.77152974725488
24	22.195994881380688	27.564805695692275	27.738834285816377	22.50036513711066
25	22.2901356382817	27.477851982002633	27.57084915994531	22.66116321977035
26	22.379381775393608	27.460120530980582	27.475108607630048	22.685389085995766
27	22.36522815631242	27.478309671142824	27.636948288127925	22.519513884416828
28	22.15925692521887	27.472674468697246	27.554480940647565	22.81358766543632
29	22.438032439857373	27.30532578847642	27.597867209483308	22.6587745621829
30	22.28488846005081	27.574457251243235	27.541815268838636	22.59883901986732
31	22.321235928489244	27.569728328454673	27.54148345271189	22.567552290344192
32	22.34142784345433	27.578321325874832	27.469646825207082	22.610604005463756
33	22.20530554227311	27.390528160907547	27.75427309460032	22.649893202219022
34	22.374137313349838	27.727347799300738	27.560465081533618	22.338049805815807
35	22.343181318605073	27.39170194211318	27.535066804988574	22.730049934293177
36	22.475671736014025	27.647792016908372	27.348028099212236	22.528508147865367
37	22.295920726372714	27.547200174068347	27.468443312194303	22.688435787364632
38	22.286835500641104	27.44262707083048	27.43685250655132	22.833684921977103
39	22.198826127428585	27.525397160341242	27.53326759632384	22.742509115906334
40	22.275106192170604	27.49663592513573	27.674674659583136	22.55358322311053
41	22.506856128249446	27.517140377665804	27.467536494562488	22.508466999522263
42	22.438757932773417	27.61775920479775	27.48809632371524	22.455386538713597
43	22.41742613597657	27.73931340288553	27.398584842300956	22.44467561883695
44	22.407766411619097	27.461766434706153	27.36542627096191	22.765040882712842
45	22.334932968829765	27.592796738704212	27.53333062051923	22.53893967194679
46	22.337047456580176	27.834183483949467	27.279751650422927	22.549017409047433
47	22.41821054262084	27.63646527587948	27.347067557927858	22.59825662357182
48	22.423914331707138	28.04484857740813	27.528763464006893	22.00247362687784
49	22.630711978254993	28.248415612384786	27.606827572139448	21.514044837220776
50	22.607919408726737	28.006764373618466	27.652244188723984	21.733072028930817
>>END_MODULE
>>Per base GC content	pass
#Base	%GC
1	45.916081452060325
2	45.53788147385032
3	45.58862908270831
4	45.63361617849762
5	45.94123343447588
6	45.37232193572169
7	45.39132231248571
8	45.54357046518963
9	45.28802712947263
10	45.302473662268916
11	45.572819960692016
12	44.96671369682853
13	45.01137140340603
14	45.14017574751286
15	44.999607503639886
16	44.789480787206244
17	45.38658159852633
18	44.97243325838374
19	45.01657941626776
20	45.292815050253566
21	45.064633462696655
22	44.771839676528316
23	45.07954096648734
24	44.69636001849135
25	44.951298858052056
26	45.06477086138938
27	44.88474204072925
28	44.97284459065519
29	45.09680700204027
30	44.88372747991813
31	44.88878821883343
32	44.95203184891808
33	44.85519874449213
34	44.71218711916564
35	45.073231252898246
36	45.00417988387939
37	44.984356513737346
38	45.120520422618206
39	44.941335243334926
40	44.82868941528113
41	45.01532312777171
42	44.89414447148702
43	44.862101754813516
44	45.17280729433194
45	44.873872640776554
46	44.88606486562761
47	45.01646716619266
48	44.42638795858498
49	44.144756815475766
50	44.34099143765756
>>END_MODULE
>>Per sequence GC content	pass
#GC Content	Count
0	11018.0
1	8817.5
2	6220.0
3	6517.0
4	7304.5
5	8229.0
6	9284.0
7	10785.5
8	12279.0
9	15051.0
10	18157.5
11	23416.0
12	28863.0
13	37256.0
14	47041.0
15	62636.5
16	79400.5
17	103328.5
18	128746.0
19	161667.5
20	195267.5
21	235765.5
22	278398.0
23	329471.5
24	382307.5
25	431487.5
26	488171.5
27	553769.5
28	622975.0
29	696684.0
30	771422.5
31	850553.0
32	934052.0
33	1016852.5
34	1098913.0
35	1169830.5
36	1234727.5
37	1281135.5
38	1317284.0
39	1338809.0
40	1357816.0
41	1367987.0
42	1376564.0
43	1373341.0
44	1363091.0
45	1338087.0
46	1312555.0
47	1284581.5
48	1255429.0
49	1224945.5
50	1196700.5
51	1171560.5
52	1141664.5
53	1110833.0
54	1082255.0
55	1051052.5
56	1015027.5
57	970479.5
58	923480.5
59	864232.5
60	803347.5
61	738618.5
62	672134.5
63	614124.5
64	546482.5
65	484348.0
66	424827.0
67	369810.0
68	316490.0
69	269433.5
70	227613.0
71	191422.5
72	158727.5
73	131360.0
74	106538.0
75	87791.5
76	73581.5
77	60380.5
78	48300.0
79	39486.5
80	31628.0
81	25452.0
82	20215.0
83	16299.5
84	12682.0
85	10020.0
86	7799.0
87	6136.5
88	4866.0
89	3809.5
90	2919.0
91	2418.0
92	2002.0
93	1803.0
94	1613.5
95	1484.0
96	1376.0
97	1489.0
98	2463.0
99	8041.0
100	12760.0
>>END_MODULE
>>Per base N content	pass
#Base	N-Count
1	8.548351457099897E-4
2	0.004024848811051201
3	0.006326670531530705
4	0.0037087378977938615
5	0.0018744041476245088
6	0.0057523281680068065
7	0.004078276007658076
8	0.00400258747913167
9	0.00602836868380899
10	0.005974941487202116
11	0.008597326387322865
12	0.008165456548083965
13	0.004728306899708381
14	0.002328535318782941
15	0.007408571262819912
16	0.006464690789431798
17	0.0029919230099849643
18	0.014051352707607958
19	0.01114402275891721
20	0.009639156721156915
21	0.010238463072140398
22	0.014954475793456663
23	0.010642411191086613
24	0.012509126727636117
25	0.013261838895431406
26	0.007448742918381685
27	0.009354253366467719
28	0.01359445991469779
29	0.010978913486879592
30	0.006279155910767535
31	0.006425622342208142
32	0.011142205743462665
33	0.009641773191957923
34	0.007659263253797655
35	0.013142801281432163
36	0.009391352551193733
37	0.014662201682549962
38	0.013159008621442921
39	0.0089199410738327
40	0.009600634990006095
41	0.007104669625105247
42	0.01161489365924664
43	0.00831076827574845
44	0.007974055898683687
45	0.009783669926718648
46	0.009320650707563534
47	0.007633744110167425
48	0.009450726639347247
49	0.006190113321764225
50	0.007009455560426985
>>END_MODULE
>>Sequence Length Distribution	warn
#Length	Count
20	15696.0
21	16707.0
22	17733.0
23	18684.0
24	19188.0
25	19698.0
26	20678.0
27	21528.0
28	22379.0
29	24041.0
30	25048.0
31	26254.0
32	28121.0
33	28538.0
34	29997.0
35	31387.0
36	31259.0
37	33000.0
38	34874.0
39	38780.0
40	41717.0
41	46690.0
42	53403.0
43	69550.0
44	117645.0
45	223791.0
46	601711.0
47	1301228.0
48	2635542.0
49	3540746.0
50	1.3324858E7
>>END_MODULE
>>Sequence Duplication Levels	warn
#Total Duplicate Percentage	39.08144050841474
#Duplication Level	Relative count
1	100.0
2	25.45922884971424
3	11.47790388794977
4	6.153908073734203
5	3.8613861386138613
6	2.5871367624567334
7	1.7467600418578444
8	1.3314014328262094
9	0.9643403364726717
10++	7.4096434033647265
>>END_MODULE
>>Overrepresented sequences	pass
>>END_MODULE
>>Kmer Content	warn
#Sequence	Count	Obs/Exp Overall	Obs/Exp Max	Max Obs/Exp Position
AAAAA	7355745	4.7912374	6.145424	46
TTTTT	5546260	3.4558034	4.1175685	13
CCTGG	2159545	3.021102	3.8081584	9
>>END_MODULE
