##FastQC	0.10.1
>>Basic Statistics	pass
#Measure	Value	
Filename	006-F5_S1_L004_R2_001.fastq.gz	
File type	Conventional base calls	
Encoding	Sanger / Illumina 1.9	
Total Sequences	20663953	
Filtered Sequences	0	
Sequence length	35-76	
%GC	46	
>>END_MODULE
>>Per base sequence quality	pass
#Base	Mean	Median	Lower Quartile	Upper Quartile	10th Percentile	90th Percentile
1	31.39264350823872	32.0	32.0	32.0	32.0	32.0
2	31.077827122429092	32.0	32.0	32.0	32.0	32.0
3	31.12986590707015	32.0	32.0	32.0	32.0	32.0
4	31.17841523352284	32.0	32.0	32.0	32.0	32.0
5	31.096424870885063	32.0	32.0	32.0	32.0	32.0
6	34.75708147419809	36.0	36.0	36.0	32.0	36.0
7	34.755005395143904	36.0	36.0	36.0	32.0	36.0
8	34.64579197407195	36.0	36.0	36.0	32.0	36.0
9	34.84062255658441	36.0	36.0	36.0	36.0	36.0
10-14	34.70410018838119	36.0	36.0	36.0	32.8	36.0
15-19	34.589092261291924	36.0	36.0	36.0	32.0	36.0
20-24	34.51110177225045	36.0	36.0	36.0	32.0	36.0
25-29	34.42249015955466	36.0	36.0	36.0	32.0	36.0
30-34	34.32156643019852	36.0	36.0	36.0	32.0	36.0
35-39	34.24792978645013	36.0	36.0	36.0	32.0	36.0
40-44	34.147035265726586	36.0	36.0	36.0	32.0	36.0
45-49	34.00828901332517	36.0	36.0	36.0	32.0	36.0
50-54	33.84075014881862	36.0	36.0	36.0	30.0	36.0
55-59	33.67315887383872	36.0	36.0	36.0	27.0	36.0
60-64	33.515664597418365	36.0	36.0	36.0	27.0	36.0
65-69	33.37933472639768	36.0	36.0	36.0	27.0	36.0
70-74	33.24305847093177	36.0	36.0	36.0	25.8	36.0
75-76	32.25321550440874	36.0	34.0	36.0	17.5	36.0
>>END_MODULE
>>Per sequence quality scores	pass
#Quality	Count
2	24489.0
3	70.0
4	235.0
5	131.0
6	63.0
7	67.0
8	28.0
9	30.0
10	32.0
11	49.0
12	81.0
13	79.0
14	1775.0
15	6109.0
16	9808.0
17	13072.0
18	17192.0
19	22411.0
20	30411.0
21	42199.0
22	59059.0
23	84543.0
24	120911.0
25	169394.0
26	228179.0
27	300175.0
28	385858.0
29	487209.0
30	617172.0
31	799256.0
32	1091937.0
33	1676253.0
34	3449135.0
35	1.1026541E7
>>END_MODULE
>>Per base sequence content	fail
#Base	G	A	T	C
1	44.63311646870246	17.889708687956546	11.467098968018467	26.01007587532253
2	16.78626072099937	18.48269589981035	38.211069706117264	26.51997367307301
3	20.72640465749293	20.663322165614822	27.62128371005486	30.98898946683738
4	13.505060801423491	14.302707915653729	35.83226584690428	36.359965436018506
5	15.405166018692453	34.493690312432214	34.750814374780184	15.35032929409515
6	35.298759823744916	34.48616372419651	16.21944527955142	13.995631172507153
7	31.026256001403933	28.84992869611891	20.249396183337	19.874419119140153
8	26.534871651926583	35.199355629911835	19.368211873489848	18.89756084467174
9	24.989704941865323	15.654826021391141	19.912907611743716	39.442561424999816
10-14	24.504900907307896	22.794314074784346	27.992547476087466	24.708237541820292
15-19	22.961372799947963	27.812544221220136	25.820142581279004	23.4059403975529
20-24	23.002829357017827	26.523225189834704	27.154366189004353	23.319579264143115
25-29	22.864713504247337	26.655042104328118	27.033690614540433	23.44655377688411
30-34	22.855181724267332	26.708923980271337	27.192004583070645	23.243889712390686
35-39	22.884449947950234	26.96418030716574	27.060514401324287	23.090855343559735
40-44	22.91298179076066	26.87020483420412	27.159053089413653	23.05776028562157
45-49	22.905638241917373	27.025739832595075	26.97412824035305	23.094493685134502
50-54	22.88204092064207	27.12356582360554	27.002219050474075	22.992174205278324
55-59	22.901148803312832	27.060186121667112	26.887351824379696	23.151313250640357
60-64	23.025692602254054	27.096677256172953	26.88941688790427	22.98821325366872
65-69	23.049283648022424	27.228761325762534	26.81789661254787	22.90405841366717
70-74	23.33427025052996	27.451163511589716	26.791579821340633	22.422986416539686
75-76	27.553534177256928	34.70529970606259	27.65723347743652	10.083932639243956
>>END_MODULE
>>Per base GC content	fail
#Base	%GC
1	70.64319234402498
2	43.306234394072376
3	51.71539412433032
4	49.865026237441995
5	30.755495312787602
6	49.294390996252076
7	50.90067512054409
8	45.43243249659832
9	64.43226636686515
10-14	49.21313844912819
15-19	46.36731319750086
20-24	46.322408621160946
25-29	46.31126728113145
30-34	46.099071436658015
35-39	45.97530529150997
40-44	45.97074207638222
45-49	46.000131927051875
50-54	45.874215125920394
55-59	46.05246205395319
60-64	46.01390585592278
65-69	45.9533420616896
70-74	45.75725666706965
75-76	37.63746681650088
>>END_MODULE
>>Per sequence GC content	warn
#GC Content	Count
0	24513.0
1	12296.0
2	127.0
3	213.5
4	252.5
5	313.5
6	449.0
7	640.0
8	761.0
9	918.5
10	1489.5
11	2451.5
12	3003.0
13	3814.5
14	5906.0
15	9402.0
16	14708.0
17	18677.0
18	25221.0
19	38356.0
20	55004.0
21	67072.5
22	84435.5
23	115566.0
24	149045.5
25	171601.0
26	200354.0
27	247576.0
28	295317.5
29	327809.0
30	367669.0
31	430977.0
32	492370.5
33	532619.5
34	583687.5
35	660515.0
36	725431.5
37	764398.0
38	795659.5
39	829575.0
40	845064.5
41	851917.0
42	862573.0
43	871573.0
44	871002.0
45	861527.0
46	857189.5
47	850123.0
48	832125.5
49	811226.0
50	798314.0
51	783581.5
52	759317.0
53	736116.0
54	723883.5
55	710128.5
56	686669.0
57	661322.5
58	639075.0
59	605040.0
60	555799.0
61	500959.0
62	457266.5
63	417323.5
64	364260.0
65	313503.0
66	262017.5
67	226078.0
68	198139.0
69	162630.0
70	128404.0
71	105109.5
72	88737.0
73	71011.0
74	54711.0
75	43750.5
76	36739.0
77	29476.0
78	22157.5
79	17808.5
80	15562.5
81	12451.0
82	9202.5
83	7212.5
84	5999.0
85	4697.5
86	3649.0
87	3082.5
88	2653.5
89	2298.0
90	2024.0
91	1821.5
92	1746.0
93	1645.5
94	1489.0
95	1409.0
96	1390.5
97	1374.5
98	1569.5
99	12240.0
100	22700.0
>>END_MODULE
>>Per base N content	pass
#Base	N-Count
1	0.13419987937448366
2	0.14308007765987465
3	0.12532452043420733
4	0.1215982246959234
5	0.118563955309035
6	0.11879624387453842
7	0.12013190312618308
8	0.12041258514283303
9	0.1229677593633706
10-14	0.12325037711806643
15-19	0.12696796203514402
20-24	0.12811004748220248
25-29	0.12825329209759626
30-34	0.1287759413699789
35-39	0.03552600805375136
40-44	0.011926345646016521
45-49	0.012206115444792354
50-54	0.011537884598818179
55-59	0.01174998803452947
60-64	0.011796349476169293
65-69	0.009218776484025332
70-74	0.009495088614144958
75-76	0.010128455134006075
>>END_MODULE
>>Sequence Length Distribution	warn
#Length	Count
35	31690.0
36	10088.0
37	13256.0
38	14595.0
39	15548.0
40	15417.0
41	16323.0
42	16998.0
43	18701.0
44	19824.0
45	21442.0
46	21957.0
47	23151.0
48	23986.0
49	24737.0
50	24334.0
51	25170.0
52	25654.0
53	26631.0
54	27997.0
55	28886.0
56	29438.0
57	30608.0
58	30923.0
59	31829.0
60	32328.0
61	32074.0
62	32862.0
63	32965.0
64	35365.0
65	36097.0
66	37219.0
67	37879.0
68	38430.0
69	42346.0
70	46293.0
71	63114.0
72	142932.0
73	501544.0
74	1383983.0
75	4502980.0
76	1.3096359E7
>>END_MODULE
>>Sequence Duplication Levels	warn
#Total Duplicate Percentage	31.199948873496325
#Duplication Level	Relative count
1	100.0
2	20.074883352030355
3	7.92062936313424
4	4.156454759165708
5	2.4079856521210994
6	1.529106615886989
7	1.0532257718773
8	0.7181084808254318
9	0.543047209380426
10++	4.503719158848454
>>END_MODULE
>>Overrepresented sequences	warn
#Sequence	Count	Percentage	Possible Source
NNNNNNNNNNNNNNNNNNNNNNNNNNNNNNNNNNN	24489	0.11851072251277382	No Hit
GGGGGGGGGGGGGGGGGGGGGGGGGGGGGGGGGGGGGGGGGGGGGGGGGG	22323	0.1080287009944322	No Hit
>>END_MODULE
>>Kmer Content	warn
#Sequence	Count	Obs/Exp Overall	Obs/Exp Max	Max Obs/Exp Position
AAAAA	7203315	3.7178721	7.509114	72
GGGGG	3726675	3.6013908	6.3300543	72
TTTTT	6230495	3.1264975	5.5805426	72
CCTGG	3456790	2.9929254	12.164633	3
CCAGG	3298180	2.8717232	12.401155	3
CCCAG	3210075	2.8247614	10.848233	2
CTGGG	3165560	2.7119086	10.439482	4
CCAGC	2915790	2.5658002	6.548508	3
CAGCA	3247685	2.4943924	7.2579775	4
GGAGG	2908910	2.4797144	5.6938453	6
TGCTG	3252250	2.4439132	7.8395905	2
GCTGG	2852570	2.4437726	6.44395	3
TCCAG	3094210	2.363172	9.727125	2
CAGCC	2668205	2.3479335	5.4261136	9
CTCCT	3029750	2.3254416	7.1804376	1
CTCCA	3001380	2.316674	7.2286134	1
CAGGA	3015255	2.2914822	10.169726	4
AGGAG	3026440	2.275758	7.222436	5
GGCTG	2649735	2.2700057	7.9504075	7
TCCTG	2978655	2.262145	9.996178	2
CTGCT	2938970	2.2320063	6.4914517	9
CCCTG	2540705	2.2231846	9.002722	2
CCTGC	2539670	2.222279	6.502782	3
CTGGA	2931385	2.215236	9.127401	4
CAGAG	2910680	2.212009	7.4457974	4
CTCTG	2899140	2.2017572	7.456977	2
AGCAG	2891580	2.1974938	5.198529	7
CTGCC	2508305	2.1948338	5.671516	9
GGCAG	2537380	2.1860259	5.771628	7
CTGCA	2857320	2.1822498	6.9112062	4
GCAGG	2514625	2.166422	6.6716495	3
GCCTG	2474460	2.1424136	6.576399	7
TGCAG	2821955	2.13254	7.1922235	2
CACAG	2771175	2.1284077	7.935841	7
GCTGC	2447315	2.1189113	5.2706122	8
CAGGG	2450680	2.1113312	9.076252	4
CTGTG	2783665	2.0917935	9.412967	9
CCCCA	2330175	2.0723042	6.496808	1
TGGAG	2758305	2.0624862	6.5509925	5
CAGGC	2315480	2.0160868	5.9810195	4
AGCTG	2655425	2.006694	5.5689936	7
CTCAG	2601735	1.9870491	6.0363727	2
GGGAG	2318370	1.9763057	5.0162454	7
GCCAG	2261225	1.9688472	5.0355678	2
CTGGC	2273500	1.9684204	5.2584915	4
CTGAG	2588940	1.9564517	5.8486543	4
GGAGA	2572935	1.934741	5.590161	6
CAGAA	2839185	1.9033067	5.241061	4
TCCCA	2457425	1.8968116	5.10148	2
CCTCT	2449145	1.8798065	5.4557996	1
TGGGG	2201110	1.8658117	5.811148	5
CAGTG	2465435	1.8631194	6.6869235	9
CACTG	2436390	1.8607687	7.9875417	7
TTCTG	2791610	1.8400683	5.3325515	2
CCAGA	2391560	1.8368435	6.4941473	3
GGCCA	2102720	1.8308369	5.725131	1
GTGTG	2409535	1.791582	8.671818	1
ACACA	2636135	1.7859987	7.3849516	6
TCTGG	2360580	1.773865	6.236534	3
TGGCC	2020020	1.7489547	5.252381	5
ACCTG	2286570	1.746345	5.0199857	7
TGTGT	2674920	1.744583	6.868987	10
CACAC	2235850	1.7355292	7.293586	5
ACAGA	2567700	1.7213113	6.1858053	8
GCCCA	1946190	1.7125839	6.5781612	1
GAGAG	2276320	1.7116988	5.5953426	7
CCTGA	2218190	1.6941205	5.6253314	3
CCTGT	2166560	1.6453981	5.563444	8
TCAGG	2147185	1.6226192	5.6754675	3
GGGCC	1632880	1.6117579	5.041935	6
TGGGC	1870795	1.6026942	6.1240273	5
AGGTG	2133465	1.5952704	5.012207	7
ACAGG	2098400	1.5947065	5.061446	8
CCATG	1982830	1.5143667	5.01465	9
ACAGC	1957565	1.5035126	5.924989	8
CTGTC	1965380	1.4926116	6.027872	9
GCTGT	1979050	1.4871632	5.442769	8
GCCCT	1693185	1.4815822	5.7681084	1
GACAG	1910580	1.4519701	7.0857325	7
GGGCT	1685990	1.4443734	5.707324	6
AGACA	2096885	1.4056906	5.501915	6
AGGGC	1601455	1.3796996	5.5022635	5
GTCCT	1736760	1.3189857	9.492212	1
GGACA	1715665	1.3038418	6.4223423	6
GCACA	1692800	1.3001591	5.208724	6
GTGCT	1727890	1.2984282	7.0748267	1
TGTGC	1692530	1.2718568	6.411683	10
ACTGC	1638160	1.2511284	5.331967	8
AGCAC	1612185	1.2382426	6.040816	5
AGGAC	1613160	1.2259419	8.729292	5
GTCCA	1556695	1.1889104	7.0152016	1
GTCCC	1306175	1.142938	5.1343484	1
ACAGT	1714275	1.1427476	6.0524664	8
GTGCA	1509445	1.1406815	6.431077	1
GTCTT	1711425	1.1280727	5.6491947	1
TGCAC	1469220	1.1221021	5.8243647	5
ACTGT	1688470	1.1192261	6.8754587	8
TGGAC	1438370	1.0869704	6.1669283	5
GCACT	1377925	1.0523765	5.0829535	6
GACTG	1390930	1.0511203	6.0318756	7
ACACT	1536145	1.0349048	5.5387726	6
AGACT	1515720	1.0103893	5.0606017	6
GGACC	1139955	0.99255806	5.3417206	6
CTACA	1467030	0.98834187	5.6673865	4
TGTAG	1471460	0.965105	5.9055333	2
GGACT	1259820	0.9520409	5.3650327	6
TCCTA	1239335	0.83025515	5.7939587	2
TAGGA	1237650	0.8163365	5.7130275	4
GTGTA	1127605	0.73957646	6.7378645	1
TACAC	1062845	0.71604145	5.72661	5
GTATA	942060	0.5450387	5.098313	1
>>END_MODULE
