##FastQC	0.10.1
>>Basic Statistics	pass
#Measure	Value	
Filename	008-F0_S1_L003_R2_001.fastq.gz	
File type	Conventional base calls	
Encoding	Sanger / Illumina 1.9	
Total Sequences	22658430	
Filtered Sequences	0	
Sequence length	35-75	
%GC	45	
>>END_MODULE
>>Per base sequence quality	pass
#Base	Mean	Median	Lower Quartile	Upper Quartile	10th Percentile	90th Percentile
1	31.51552314083544	32.0	32.0	32.0	32.0	32.0
2	31.310395910043194	32.0	32.0	32.0	32.0	32.0
3	31.347028103888928	32.0	32.0	32.0	32.0	32.0
4	31.374350826601844	32.0	32.0	32.0	32.0	32.0
5	31.358261494728453	32.0	32.0	32.0	32.0	32.0
6	35.093661520237724	36.0	36.0	36.0	36.0	36.0
7	35.07327776019786	36.0	36.0	36.0	36.0	36.0
8	35.024068216553395	36.0	36.0	36.0	36.0	36.0
9	35.10716413273117	36.0	36.0	36.0	36.0	36.0
10	34.97564005979232	36.0	36.0	36.0	36.0	36.0
11	35.09268175244269	36.0	36.0	36.0	36.0	36.0
12	35.00182669319984	36.0	36.0	36.0	36.0	36.0
13	35.03578844606621	36.0	36.0	36.0	36.0	36.0
14	34.980124924807235	36.0	36.0	36.0	36.0	36.0
15	34.95602850682947	36.0	36.0	36.0	36.0	36.0
16	34.96212945910197	36.0	36.0	36.0	36.0	36.0
17	34.95449627357235	36.0	36.0	36.0	36.0	36.0
18	34.94239909826056	36.0	36.0	36.0	36.0	36.0
19	34.93611137223541	36.0	36.0	36.0	36.0	36.0
20	34.92298658821463	36.0	36.0	36.0	36.0	36.0
21	34.91264487433595	36.0	36.0	36.0	36.0	36.0
22	34.89787659603953	36.0	36.0	36.0	36.0	36.0
23	34.881504367248745	36.0	36.0	36.0	36.0	36.0
24	34.874446022959226	36.0	36.0	36.0	36.0	36.0
25	34.848020979388245	36.0	36.0	36.0	36.0	36.0
26	34.835675463833994	36.0	36.0	36.0	36.0	36.0
27	34.821747623290754	36.0	36.0	36.0	36.0	36.0
28	34.81395476209075	36.0	36.0	36.0	36.0	36.0
29	34.79445751537066	36.0	36.0	36.0	36.0	36.0
30	34.77022097294473	36.0	36.0	36.0	36.0	36.0
31	34.76089274499601	36.0	36.0	36.0	36.0	36.0
32	34.743202243050376	36.0	36.0	36.0	36.0	36.0
33	34.73922248805412	36.0	36.0	36.0	36.0	36.0
34	34.72542828430743	36.0	36.0	36.0	36.0	36.0
35	34.707865814180415	36.0	36.0	36.0	36.0	36.0
36	34.71352179131037	36.0	36.0	36.0	36.0	36.0
37	34.70428767855718	36.0	36.0	36.0	36.0	36.0
38	34.68376343869819	36.0	36.0	36.0	36.0	36.0
39	34.66607028380036	36.0	36.0	36.0	36.0	36.0
40	34.668074045507	36.0	36.0	36.0	36.0	36.0
41	34.655815599292126	36.0	36.0	36.0	36.0	36.0
42	34.637503601685765	36.0	36.0	36.0	32.0	36.0
43	34.6317038290977	36.0	36.0	36.0	32.0	36.0
44	34.610349014597816	36.0	36.0	36.0	32.0	36.0
45	34.59636167024884	36.0	36.0	36.0	32.0	36.0
46	34.57733559200743	36.0	36.0	36.0	32.0	36.0
47	34.570952604739915	36.0	36.0	36.0	32.0	36.0
48	34.54693119381908	36.0	36.0	36.0	32.0	36.0
49	34.53614487498737	36.0	36.0	36.0	32.0	36.0
50	34.51014911173081	36.0	36.0	36.0	32.0	36.0
51	34.49308013000851	36.0	36.0	36.0	32.0	36.0
52	34.48243441893225	36.0	36.0	36.0	32.0	36.0
53	34.45204374560437	36.0	36.0	36.0	32.0	36.0
54	34.439517231165794	36.0	36.0	36.0	32.0	36.0
55	34.40508402242121	36.0	36.0	36.0	32.0	36.0
56	34.383552897497864	36.0	36.0	36.0	32.0	36.0
57	34.37044235953085	36.0	36.0	36.0	32.0	36.0
58	34.352564452929144	36.0	36.0	36.0	32.0	36.0
59	34.33050168848773	36.0	36.0	36.0	32.0	36.0
60	34.312225549175054	36.0	36.0	36.0	32.0	36.0
61	34.28181642862194	36.0	36.0	36.0	32.0	36.0
62	34.25050781692178	36.0	36.0	36.0	32.0	36.0
63	34.22851870965746	36.0	36.0	36.0	32.0	36.0
64	34.1961962670861	36.0	36.0	36.0	32.0	36.0
65	34.17877261586513	36.0	36.0	36.0	32.0	36.0
66	34.154066650058326	36.0	36.0	36.0	32.0	36.0
67	34.1232528560864	36.0	36.0	36.0	32.0	36.0
68	34.09152284112299	36.0	36.0	36.0	32.0	36.0
69	34.09096334044769	36.0	36.0	36.0	32.0	36.0
70	34.06741415813714	36.0	36.0	36.0	32.0	36.0
71	34.033706095340484	36.0	36.0	36.0	32.0	36.0
72	34.01318637780892	36.0	36.0	36.0	32.0	36.0
73	33.964667374751016	36.0	36.0	36.0	32.0	36.0
74	33.90814536296311	36.0	36.0	36.0	32.0	36.0
75	32.93487085830523	36.0	36.0	36.0	14.0	36.0
>>END_MODULE
>>Per sequence quality scores	pass
#Quality	Count
2	17893.0
3	1498.0
4	2522.0
5	542.0
6	221.0
7	205.0
8	219.0
9	229.0
10	281.0
11	324.0
12	375.0
13	438.0
14	2962.0
15	6161.0
16	9145.0
17	12766.0
18	17188.0
19	22958.0
20	31109.0
21	42262.0
22	57235.0
23	77092.0
24	105654.0
25	140750.0
26	185096.0
27	236157.0
28	295884.0
29	364843.0
30	453776.0
31	577482.0
32	774221.0
33	1178071.0
34	2561626.0
35	1.5481245E7
>>END_MODULE
>>Per base sequence content	fail
#Base	G	A	T	C
1	44.53166600593445	17.771021499379945	11.597107207576297	26.10020528710932
2	17.211044605729725	19.406902995630862	36.324395573680654	27.05765682495876
3	20.330353738674578	20.799063931192176	28.60477126189962	30.26581106823362
4	13.897729745707085	14.379961511740802	35.77759706637999	35.944711676172126
5	15.467933413206577	34.28185019225941	35.021721611766914	15.228494782767097
6	35.173114603356964	34.5326691120123	16.264107576360214	14.030108708270525
7	31.048907070862263	29.499772251670052	20.40307412314684	19.048246554320837
8	27.053629732542955	34.44578978221388	19.74562115676203	18.754959328481135
9	25.403985737836095	15.727825114551447	19.622187762007265	39.2460013856052
10	14.669265556616093	27.420770340845863	34.61285368145028	23.297110421087766
11	34.5758741073526	22.260820152988476	23.654105361850924	19.509200377808007
12	22.559514589520596	23.95576599898191	30.80480031088778	22.679919100609713
13	28.210948861380132	20.488018066784118	26.024964650906828	25.276068420928926
14	20.720997755365005	20.41182804763412	27.1753572267403	31.69181697026057
15	23.09604693505253	29.259086950816542	23.072798549781457	24.572067564349474
16	23.025544259550514	28.316833389338363	25.398266473046117	23.259355878065005
17	21.88924173871457	27.930339155576373	27.349917540241712	22.83050156546734
18	22.33598238786393	27.543351257809007	27.903817194029873	22.216849160297194
19	22.81194374638553	27.03963358987468	27.476508968166346	22.671913695573444
20	22.806113012544095	27.010779742069836	27.626558600901934	22.556548644484128
21	22.576715234875447	26.70859454683667	27.319429672204578	23.395260546083307
22	22.544881258259196	26.785875790561892	27.629056385575986	23.040186565602934
23	22.455524165839506	26.853915336845592	27.50935240329281	23.181208094022097
24	22.67457152732885	26.48601973687844	27.844715713228013	22.994693022564693
25	22.75459197408064	26.626952773877655	27.376532176766936	23.241923075274766
26	22.243030891440295	27.00004732210985	27.581751374937053	23.175170411512802
27	22.32647079524713	26.99908191485371	27.558880124342462	23.1155671655567
28	22.4416810635812	26.887903070343704	27.520115436295107	23.15030042977999
29	22.233016731223838	26.991380343751427	27.677576190432635	23.098026734592096
30	22.333186252577043	27.070743428269502	27.578061572252338	23.01800874690112
31	22.804234520289164	27.05572714459219	27.319861043369553	22.820177291749093
32	22.108873506739695	27.262528804706847	27.729532916350912	22.899064772202546
33	22.274539195002312	27.081326212062645	27.864092461283434	22.7800421316516
34	22.316162991545067	26.799126803867633	28.023440282834393	22.86126992175291
35	22.21524838328478	27.09709226119368	27.85947563320103	22.828183722320507
36	22.324389479282107	27.420957136123626	27.747664723508514	22.506988661085757
37	22.428905022744754	27.162775810130174	27.404552345019795	23.00376682210528
38	22.328269756985122	27.570037797755482	27.424175459968193	22.677516985291206
39	22.462374525734518	27.295535146946232	27.649615634450814	22.592474692868432
40	22.541006613124374	27.018697188620354	27.656993413859848	22.783302784395424
41	22.488881505642894	27.21176735216831	27.687306708834953	22.61204443335384
42	22.28989509585519	27.44182371003673	27.75033380201379	22.517947392094293
43	22.35402841354035	27.225384778594012	27.65213392508908	22.768452882776554
44	22.242087404221287	27.56969351608907	27.69810143423621	22.490117645453434
45	22.34150757257949	27.478672698394348	27.520676587078547	22.65914314194761
46	22.429198373512374	27.46706077856257	27.42393427991674	22.679806568008313
47	22.40942122313336	27.488421219006682	27.58605939484121	22.516098163018746
48	22.208367907451244	27.48086464659095	27.507829794459237	22.802937651498574
49	22.488023971250424	27.31152549264502	27.546087895769634	22.654362640334924
50	22.340488338266944	27.579739270893505	27.490284297171186	22.589488093668365
51	22.378975798963317	27.577906488591815	27.478885889024063	22.564231823420812
52	22.394089056385234	27.59223628352345	27.413203528761287	22.60047113133003
53	22.265607283284513	27.400518185177464	27.69950338730791	22.63437114423011
54	22.43533215689908	27.746336246121295	27.49775662150007	22.32057497547956
55	22.403654653178886	27.408555573545136	27.46933287683044	22.718456896445545
56	22.548071430338823	27.666750544513725	27.274360328690396	22.510817696457057
57	22.366281435117916	27.572223091539062	27.39286017659551	22.668635296747514
58	22.357447342850843	27.4630426744054	27.359525780570948	22.819984202172808
59	22.270166480565443	27.553150832295326	27.45312291711161	22.72355977002762
60	22.348736215029156	27.520813465796586	27.596030407302834	22.534419911871428
61	22.58362324760849	27.553641248479355	27.37590397141408	22.48683153249808
62	22.51585631755016	27.659165968370736	27.399271794754256	22.425705919324855
63	22.497515726831494	27.786094305965364	27.301337667555998	22.415052299647144
64	22.485550059824853	27.5018021324348	27.273128146975456	22.7395196607649
65	22.41973365880063	27.62183296616486	27.440435339871033	22.517998035163476
66	22.444770290498997	27.854617142702825	27.169337871213074	22.531274695585104
67	22.54128958196675	27.57987252881342	27.23068019633019	22.648157692889637
68	22.544148028270172	27.8689005718584	27.380364778827097	22.206586621044327
69	22.822644877905404	27.69823702625864	27.262764187520748	22.216353908315206
70	22.930259686023412	27.458161211399034	27.20146234177221	22.410116760805344
71	22.684983110874708	27.862900642216044	27.103917633603004	22.34819861330625
72	22.623793832822958	27.993900562879926	27.35606906976244	22.026236534534675
73	23.381443754889965	28.59447562886757	27.370040465258732	20.654040150983732
74	24.48738637075982	30.99980625130618	27.563037666595175	16.94976971133883
75	29.77291886733014	41.399577081109044	28.827504051560815	0.0
>>END_MODULE
>>Per base GC content	fail
#Base	%GC
1	70.63187129304376
2	44.26870143068848
3	50.596164806908206
4	49.84244142187921
5	30.696428195973674
6	49.20322331162749
7	50.0971536251831
8	45.808589061024094
9	64.64998712344129
10	37.96637597770386
11	54.085074485160604
12	45.23943369013031
13	53.487017282309054
14	52.41281472562558
15	47.668114499402
16	46.28490013761552
17	44.71974330418191
18	44.55283154816112
19	45.483857441958975
20	45.36266165702823
21	45.97197578095875
22	45.58506782386213
23	45.6367322598616
24	45.66926454989355
25	45.99651504935541
26	45.4182013029531
27	45.44203796080383
28	45.59198149336119
29	45.33104346581594
30	45.35119499947816
31	45.624411812038254
32	45.00793827894224
33	45.05458132665392
34	45.17743291329798
35	45.04343210560529
36	44.83137814036786
37	45.432671844850034
38	45.00578674227633
39	45.05484921860295
40	45.3243093975198
41	45.10092593899674
42	44.807842487949486
43	45.122481296316906
44	44.732205049674725
45	45.000650714527104
46	45.109004941520695
47	44.92551938615211
48	45.011305558949815
49	45.142386611585344
50	44.92997643193531
51	44.94320762238413
52	44.99456018771526
53	44.899978427514625
54	44.75590713237864
55	45.12211154962443
56	45.05888912679588
57	45.03491673186543
58	45.17743154502365
59	44.99372625059306
60	44.88315612690059
61	45.070454780106566
62	44.941562236875015
63	44.91256802647864
64	45.22506972058975
65	44.9377316939641
66	44.976044986084105
67	45.189447274856384
68	44.7507346493145
69	45.03899878622061
70	45.340376446828756
71	45.033181724180956
72	44.65003036735764
73	44.0354839058737
74	41.437156082098646
75	29.77291886733014
>>END_MODULE
>>Per sequence GC content	warn
#GC Content	Count
0	18069.0
1	9611.5
2	1457.5
3	1734.0
4	1710.5
5	1710.5
6	1750.5
7	2009.5
8	2242.0
9	2616.5
10	3632.0
11	5389.0
12	6525.5
13	7659.5
14	10389.0
15	14762.5
16	18302.5
17	24425.5
18	37749.0
19	54605.0
20	65972.0
21	83769.5
22	117230.0
23	154943.0
24	180104.0
25	211835.5
26	265490.5
27	319047.5
28	353684.5
29	396427.5
30	465219.5
31	533147.5
32	578271.0
33	628786.5
34	714004.5
35	794726.0
36	841067.5
37	884278.0
38	930296.5
39	955317.5
40	971856.0
41	974511.0
42	969142.0
43	963423.0
44	963098.5
45	955686.0
46	931744.0
47	907328.0
48	896705.5
49	876305.5
50	838682.5
51	805329.5
52	787074.0
53	774179.5
54	748625.0
55	720105.5
56	705402.0
57	687887.0
58	650961.0
59	603707.0
60	563562.0
61	521743.0
62	466286.5
63	409179.0
64	364700.5
65	329285.5
66	281663.0
67	232218.0
68	197356.0
69	171713.0
70	140376.5
71	109323.0
72	88553.5
73	74979.5
74	60251.5
75	46812.0
76	37789.5
77	31449.0
78	24822.5
79	19177.5
80	15539.5
81	12981.5
82	10061.5
83	7148.5
84	5338.0
85	4420.5
86	3378.0
87	2432.5
88	2027.0
89	1843.0
90	1541.0
91	1362.0
92	1314.0
93	1266.0
94	1270.5
95	1356.0
96	1396.0
97	1420.5
98	1761.5
99	7563.5
100	13051.0
>>END_MODULE
>>Per base N content	pass
#Base	N-Count
1	0.08564141469642865
2	0.08160759593669993
3	0.08038509287713226
4	0.08067196182612829
5	0.08485142174457806
6	0.09088890977883288
7	0.09533317180404821
8	0.10175903626155917
9	0.10714334576579225
10	0.10205914531589345
11	0.10438940385543041
12	0.10546185238783093
13	0.10674172923719781
14	0.10991935451838454
15	0.10856886377388018
16	0.11710873171706954
17	0.11285865790348226
18	0.11009588925622825
19	0.11223637295258321
20	0.11382959896162267
21	0.10595614965379331
22	0.11174207568662083
23	0.11834006151352941
24	0.11374574496114691
25	0.10829082156177634
26	0.11608483023757604
27	0.11233346705839727
28	0.11336619527478294
29	0.1171881723490992
30	0.11859603688340278
31	0.1212970183724115
32	0.1217207017432364
33	0.1170160509797016
34	0.11146403347451699
35	0.12278432353874473
36	0.04162429547798831
37	0.03935611835217152
38	0.052715204220044554
39	0.04969709876886191
40	0.04524665195557241
41	0.04812772490456061
42	0.05437041116915499
43	0.04952659585722353
44	0.04920700641878652
45	0.05181310192303918
46	0.04258507306972639
47	0.04714174403430077
48	0.05181211714784036
49	0.046312568762218995
50	0.04264651936723888
51	0.039603226013156224
52	0.04763714848523658
53	0.04587282819367801
54	0.04423269992255601
55	0.05109839241674164
56	0.045892894021075555
57	0.05316496895939739
58	0.05153944285875688
59	0.04614714747991668
60	0.04727185336053262
61	0.044277790999493506
62	0.0510512102258741
63	0.046089701018191605
64	0.04535028151345951
65	0.04800868321558283
66	0.045807600224776826
67	0.04392988159904769
68	0.05060112030463884
69	0.04300353753401802
70	0.04902400168056331
71	0.044644347711734624
72	0.04323282282865463
73	0.040796757139843993
74	0.044967668063866685
75	0.055090705706812876
>>END_MODULE
>>Sequence Length Distribution	warn
#Length	Count
35	20209.0
36	3875.0
37	5201.0
38	6094.0
39	7013.0
40	7448.0
41	8062.0
42	8626.0
43	9752.0
44	10639.0
45	11963.0
46	12652.0
47	13557.0
48	14614.0
49	15130.0
50	15528.0
51	16109.0
52	16399.0
53	17408.0
54	18659.0
55	19510.0
56	20584.0
57	21764.0
58	22559.0
59	23701.0
60	24806.0
61	24608.0
62	24888.0
63	25523.0
64	28062.0
65	29958.0
66	29636.0
67	33473.0
68	34095.0
69	44658.0
70	58160.0
71	146002.0
72	543560.0
73	1569795.0
74	4871323.0
75	1.4822827E7
>>END_MODULE
>>Sequence Duplication Levels	warn
#Total Duplicate Percentage	38.93297323839922
#Duplication Level	Relative count
1	100.0
2	25.659561123485283
3	11.635293455448968
4	6.2832192854788
5	3.8009697418042343
6	2.5875863399885817
7	1.818064858519013
8	1.2970095607214365
9	0.9255164317361273
10++	6.81231556009424
>>END_MODULE
>>Overrepresented sequences	pass
>>END_MODULE
>>Kmer Content	fail
#Sequence	Count	Obs/Exp Overall	Obs/Exp Max	Max Obs/Exp Position
AAAAA	9847970	4.383368	10.230899	71
TTTTT	7449440	3.1740935	5.6632357	71
CCTGG	3683830	3.0849392	12.368744	3
CCAGG	3435755	2.9024336	12.412179	3
CCCAG	3254335	2.773706	11.109443	2
CTGGG	3280175	2.722613	11.114265	4
CCAGC	3101565	2.6434987	6.3935037	3
GGAGG	3072550	2.549898	6.008059	6
GCTGG	3029650	2.5146723	7.1956744	3
CAGCA	3463805	2.5041065	6.8799706	4
TGCTG	3534260	2.4885921	7.8819175	2
TCCAG	3411260	2.4446754	8.904114	2
CAGCC	2791390	2.3791327	5.69365	9
CTCCA	3245235	2.3464463	6.423246	1
CTCCT	3256600	2.3341882	6.1879816	1
CAGGA	3239055	2.3209171	10.082177	4
AGGAG	3248450	2.3070626	7.234676	5
CTGCT	3238090	2.300394	6.489539	9
GGCTG	2764460	2.294559	8.432306	7
CTGGA	3206750	2.2777882	9.116886	4
GCTGC	2711950	2.2710605	5.6604004	8
TCCTG	3181975	2.260529	9.044549	2
CCTGC	2662960	2.249934	6.351513	3
AGCAG	3120010	2.2356162	5.454697	7
GGCAG	2663185	2.2298892	6.2930717	7
CTGCC	2632250	2.2239869	5.613371	9
GCAGG	2636690	2.207705	7.0530176	3
CCCTG	2595395	2.1928484	9.16302	2
CTGCA	3059535	2.192612	6.850504	4
GCCTG	2605540	2.1819499	7.134683	7
CAGAG	2999565	2.1493125	7.513779	4
TGCAG	3025115	2.1487713	7.1946197	2
CTCTG	3008880	2.1375594	7.466285	2
CAGGG	2479255	2.0758843	9.392774	4
TGGAG	2943065	2.0720015	6.666188	5
AGCTG	2876410	2.0431445	5.6569724	7
CTGGC	2438000	2.0416474	5.56538	4
CAGGC	2382510	2.0126803	6.021763	4
GCCAG	2381875	2.0121439	5.144351	2
CCCCA	2335790	2.0085845	6.6267776	1
GGGAG	2398505	1.9905106	5.6193395	7
GGAGA	2798190	1.987286	5.6873784	6
CAGAA	3226230	1.9783174	5.333907	4
CACAG	2720995	1.9671032	7.253281	7
CTGTG	2775380	1.954239	8.984982	9
CTCAG	2723660	1.9519078	6.2399797	2
TTCTG	3206020	1.9150839	5.285203	2
CTGAG	2694955	1.9142549	5.9341826	4
CCTCT	2598560	1.862534	5.588279	1
GGCCA	2188560	1.8488364	5.9730167	1
TGGGG	2244790	1.8467432	6.4634857	5
CCAGA	2550570	1.843897	6.470555	3
TCTGG	2552240	1.7971185	6.408274	3
CAGTG	2519635	1.7897234	6.6420264	9
CACTG	2494360	1.7875801	7.5151653	7
ACCTG	2490940	1.7851292	5.2760983	7
AGAGG	2475850	1.7583588	5.2264533	5
TGGCC	2097605	1.7565913	5.61674	5
CCTGA	2396575	1.7175025	5.651077	3
GCCCA	1967590	1.6769989	6.7856846	1
GAGAG	2329975	1.6547579	5.430576	7
ACAGA	2696070	1.6532243	5.951992	8
TCAGG	2318030	1.6465212	5.9024887	3
GGGCC	1639275	1.6182011	5.359154	6
CCTGT	2248610	1.5974506	5.4757724	8
TGGGC	1916425	1.5906725	6.504014	5
AGGTG	2245715	1.581047	5.2563987	7
GTGTG	2216660	1.547021	8.055811	1
TGTGT	2534775	1.5007309	6.15033	10
CTGTC	2074980	1.474101	5.8960075	9
ACACA	2381165	1.4731543	6.192356	6
GCCCT	1717770	1.4513432	5.91446	1
GCTGT	2058100	1.4491779	5.3417897	8
ACAGC	1995955	1.4429461	5.722623	8
GGGCT	1734675	1.4398161	6.0932403	6
CACAC	1969950	1.4368542	6.4077854	5
GACAG	1969585	1.4112891	7.2021775	7
AGGGC	1606680	1.3452758	5.5950837	5
AGACA	2190075	1.3429493	5.402221	6
GTCCT	1829980	1.300049	8.897334	1
GGACA	1765775	1.2652508	6.2865763	6
ACTGC	1724790	1.2360687	5.200855	8
GTGCT	1741025	1.2259146	6.6871314	1
AGGAC	1689350	1.2104892	8.612361	5
GTCCA	1651400	1.1834738	6.6215854	1
TGTGC	1659200	1.1682988	5.983435	10
GTCTT	1917830	1.1455965	5.2339783	1
AGCAC	1580770	1.1427943	5.533272	5
TGGAC	1514590	1.0758293	6.1335096	5
GTGCA	1498640	1.0644997	6.178337	1
TGCAC	1477755	1.0590314	5.7283	5
ACAGT	1737065	1.0559021	5.7122946	8
ACTGT	1734415	1.0451236	6.3369555	8
GACTG	1446140	1.0272086	6.0275545	7
GCACT	1418560	1.0166093	5.0920944	6
AGACT	1643580	0.99907583	5.1098413	6
GGACC	1181140	0.9977953	5.3925524	6
GGACT	1318075	0.9362425	5.2965136	6
CTACA	1488015	0.91258436	5.0779014	4
TGTAG	1521880	0.9089435	5.4098616	2
TAGGA	1306315	0.7870411	5.327878	4
TCCTA	1291010	0.78487813	5.033285	2
GTGTA	1088425	0.65006226	5.7412705	1
>>END_MODULE
