##FastQC	0.10.1
>>Basic Statistics	pass
#Measure	Value	
Filename	KS30_S4_L002_R2_001.fastq.gz	
File type	Conventional base calls	
Encoding	Sanger / Illumina 1.9	
Total Sequences	24865816	
Filtered Sequences	0	
Sequence length	35-75	
%GC	45	
>>END_MODULE
>>Per base sequence quality	pass
#Base	Mean	Median	Lower Quartile	Upper Quartile	10th Percentile	90th Percentile
1	31.422266335438177	32.0	32.0	32.0	32.0	32.0
2	31.2234128572334	32.0	32.0	32.0	32.0	32.0
3	31.28527935700964	32.0	32.0	32.0	32.0	32.0
4	31.324943448467568	32.0	32.0	32.0	32.0	32.0
5	31.305026104914475	32.0	32.0	32.0	32.0	32.0
6	35.03554848149765	36.0	36.0	36.0	36.0	36.0
7	35.028372445127076	36.0	36.0	36.0	36.0	36.0
8	34.96948465314792	36.0	36.0	36.0	36.0	36.0
9	35.064990185723246	36.0	36.0	36.0	36.0	36.0
10	34.912327510185065	36.0	36.0	36.0	36.0	36.0
11	35.04202102195239	36.0	36.0	36.0	36.0	36.0
12	34.952223043876785	36.0	36.0	36.0	36.0	36.0
13	34.9913082683472	36.0	36.0	36.0	36.0	36.0
14	34.93662311343412	36.0	36.0	36.0	36.0	36.0
15	34.9087309260231	36.0	36.0	36.0	36.0	36.0
16	34.91295660677293	36.0	36.0	36.0	36.0	36.0
17	34.899486306823796	36.0	36.0	36.0	36.0	36.0
18	34.89088872048277	36.0	36.0	36.0	36.0	36.0
19	34.88717374084969	36.0	36.0	36.0	36.0	36.0
20	34.87197182670378	36.0	36.0	36.0	36.0	36.0
21	34.8582115704548	36.0	36.0	36.0	36.0	36.0
22	34.85203308831691	36.0	36.0	36.0	36.0	36.0
23	34.836432836147424	36.0	36.0	36.0	36.0	36.0
24	34.82964283174942	36.0	36.0	36.0	36.0	36.0
25	34.807814109136814	36.0	36.0	36.0	36.0	36.0
26	34.79196837940086	36.0	36.0	36.0	36.0	36.0
27	34.783867096901226	36.0	36.0	36.0	36.0	36.0
28	34.77718362429771	36.0	36.0	36.0	36.0	36.0
29	34.75644849137466	36.0	36.0	36.0	36.0	36.0
30	34.737086689614365	36.0	36.0	36.0	32.0	36.0
31	34.7303257210622	36.0	36.0	36.0	32.0	36.0
32	34.71379571858812	36.0	36.0	36.0	32.0	36.0
33	34.69982621925619	36.0	36.0	36.0	32.0	36.0
34	34.68780751051966	36.0	36.0	36.0	32.0	36.0
35	34.67263756797686	36.0	36.0	36.0	32.0	36.0
36	34.65643509698183	36.0	36.0	36.0	32.0	36.0
37	34.64975557580128	36.0	36.0	36.0	32.0	36.0
38	34.63326040315645	36.0	36.0	36.0	32.0	36.0
39	34.6187901518716	36.0	36.0	36.0	32.0	36.0
40	34.60825852674298	36.0	36.0	36.0	32.0	36.0
41	34.59554797672229	36.0	36.0	36.0	32.0	36.0
42	34.589665154088294	36.0	36.0	36.0	32.0	36.0
43	34.56860518178179	36.0	36.0	36.0	32.0	36.0
44	34.54448841585226	36.0	36.0	36.0	32.0	36.0
45	34.5248912513441	36.0	36.0	36.0	32.0	36.0
46	34.504660757569575	36.0	36.0	36.0	32.0	36.0
47	34.48990949210619	36.0	36.0	36.0	32.0	36.0
48	34.46435836378907	36.0	36.0	36.0	32.0	36.0
49	34.44055928252991	36.0	36.0	36.0	32.0	36.0
50	34.41488746589487	36.0	36.0	36.0	32.0	36.0
51	34.40258030307395	36.0	36.0	36.0	32.0	36.0
52	34.37325047803243	36.0	36.0	36.0	32.0	36.0
53	34.34545831941791	36.0	36.0	36.0	32.0	36.0
54	34.312229492334865	36.0	36.0	36.0	32.0	36.0
55	34.28607403280745	36.0	36.0	36.0	32.0	36.0
56	34.26922393934408	36.0	36.0	36.0	32.0	36.0
57	34.23466632854153	36.0	36.0	36.0	32.0	36.0
58	34.21365868835428	36.0	36.0	36.0	32.0	36.0
59	34.17657693854597	36.0	36.0	36.0	32.0	36.0
60	34.14057109762753	36.0	36.0	36.0	32.0	36.0
61	34.1121742680365	36.0	36.0	36.0	32.0	36.0
62	34.08371085822275	36.0	36.0	36.0	32.0	36.0
63	34.07406253957176	36.0	36.0	36.0	32.0	36.0
64	34.03597853873272	36.0	36.0	36.0	32.0	36.0
65	33.9983777631204	36.0	36.0	36.0	32.0	36.0
66	33.9607078129337	36.0	36.0	36.0	32.0	36.0
67	33.94107800500572	36.0	36.0	36.0	32.0	36.0
68	33.9094239779123	36.0	36.0	36.0	32.0	36.0
69	33.886531986601916	36.0	36.0	36.0	32.0	36.0
70	33.85844769273461	36.0	36.0	36.0	32.0	36.0
71	33.82953532553664	36.0	36.0	36.0	27.0	36.0
72	33.80836599797164	36.0	36.0	36.0	27.0	36.0
73	33.777490956128055	36.0	36.0	36.0	27.0	36.0
74	33.717353529368054	36.0	36.0	36.0	27.0	36.0
75	32.66778866724748	36.0	32.0	36.0	14.0	36.0
>>END_MODULE
>>Per sequence quality scores	pass
#Quality	Count
2	8392.0
3	0.0
4	0.0
5	0.0
6	0.0
7	0.0
8	0.0
9	0.0
10	0.0
11	0.0
12	0.0
13	1.0
14	1842.0
15	5014.0
16	8548.0
17	13059.0
18	18345.0
19	24033.0
20	30781.0
21	40335.0
22	55234.0
23	77042.0
24	108144.0
25	150837.0
26	204804.0
27	268747.0
28	345879.0
29	438575.0
30	552388.0
31	718817.0
32	990126.0
33	1553991.0
34	3457577.0
35	1.5793305E7
>>END_MODULE
>>Per base sequence content	fail
#Base	G	A	T	C
1	44.92401926503862	17.952093814494834	11.190902264747802	25.932984655718744
2	17.301539100394862	19.757531683462915	35.90859470909514	27.03233450704708
3	20.099512506957993	21.2272715509985	28.751597405097346	29.921618536946166
4	13.764553057208099	14.61033611024841	36.05434535983766	35.57076547270583
5	15.264959202850632	34.649034125648186	34.97934657136349	15.10666010013769
6	34.71809870564223	35.08372790358325	16.265020060003	13.933153330771523
7	30.44463899396816	29.973041454335736	20.58706887728994	18.995250674406165
8	26.872000091401265	34.167764125518396	19.977516576134356	18.98271920694598
9	25.065268227311083	15.632874910932044	20.107686942943083	39.19416991881379
10	14.49962795823091	27.205912406691862	34.76696137137943	23.5274982636978
11	34.425449716752624	22.758971323818592	23.58488152271933	19.230697436709452
12	22.161608539967776	24.265269804304744	31.094328197483375	22.478793458244102
13	27.988278270507838	20.629301732955113	26.188622763163234	25.19379723337382
14	20.65607039570955	20.53816195917968	27.29465852937939	31.51110911573138
15	22.939171009835935	29.254089241105596	23.328406837329563	24.478332911728906
16	22.94839561814611	28.59372716979845	25.319948680120675	23.137928531934765
17	21.777091624618865	28.041135718648885	27.438148860477256	22.743623796254994
18	22.199786269084036	27.865405522309956	27.87787262268206	22.05693558592395
19	22.604586863063524	27.283639688489043	27.674983538117225	22.43678991033021
20	22.6796670483635	27.169082363482232	27.712183692083297	22.43906689607097
21	22.558825886383076	26.89909461253909	27.478056455085607	23.064023045992215
22	22.44444959381149	26.78520107312809	27.748579257448398	23.021770075612018
23	22.476641183736497	26.886012001887245	27.5713927557417	23.065954058634556
24	22.519441274365356	26.706049669507188	27.825976657919178	22.948532398208275
25	22.710579342412952	26.718536884594318	27.401463643215806	23.169420129776924
26	22.242155904811376	27.013696189918956	27.647828672834322	23.09631923243535
27	22.280780180601177	27.064747336650814	27.697777533182844	22.95669494956517
28	22.443198458536976	26.891809062757265	27.716991108974128	22.948001369731635
29	22.128097424737174	27.127050654967306	27.864311281812626	22.880540638482895
30	22.325322205551146	27.209311793530976	27.669266936107295	22.796099064810576
31	22.66903843294462	27.21740997779979	27.425199006944567	22.688352582311023
32	22.122288295038135	27.32071110827896	27.798886159724358	22.75811443695855
33	22.237911699941233	27.125542051340478	27.90886135264861	22.72768489606968
34	22.262829808913427	26.855610621599407	28.058667704264128	22.822891865223042
35	22.16193037540817	27.12442367318512	27.906395288586623	22.80725066282009
36	22.352880683727232	27.491508952408893	27.71879789208539	22.436812471778484
37	22.465541580282526	27.231366779556254	27.546232953886964	22.756858686274256
38	22.306357942692788	27.580092847108183	27.567602836500328	22.5459463736987
39	22.35120147904076	27.39878883768407	27.784666346548192	22.465343336726974
40	22.326482106934876	27.21742441924745	27.74732795726101	22.708765516556667
41	22.364213197355944	27.342301091084448	27.78717140503575	22.506314306523862
42	22.27732063611331	27.423693531762332	27.797402643471557	22.5015831886528
43	22.401804357842796	27.182860616986332	27.669254835297902	22.746080189872973
44	22.2938628916061	27.51003318414852	27.743186156830763	22.452917767414615
45	22.327543647343493	27.47821221340283	27.636365280812846	22.55787885844083
46	22.495364535962675	27.542616167415705	27.46787095126712	22.494148345354496
47	22.250214738759478	27.65371031335988	27.671307509259655	22.424767438620986
48	22.221503276027388	27.52653306002587	27.632776581669827	22.619187082276916
49	22.411301671008996	27.402540404751992	27.6968518852932	22.489306038945813
50	22.348798351174892	27.547438722235125	27.63725215325451	22.46651077333547
51	22.435257123592717	27.56077118213281	27.592917970111273	22.411053724163196
52	22.403577657232383	27.51644877824245	27.551166047501425	22.528807517023743
53	22.305933587105212	27.47877407023504	27.701059181993553	22.514233160666198
54	22.455055871437008	27.722792982323092	27.56426752135775	22.25788362488215
55	22.438013521330845	27.520631680239738	27.48542094183206	22.555933856597356
56	22.537215237049057	27.687402406525862	27.42841718089597	22.346965175529107
57	22.302452553006706	27.6048174993801	27.580201096821988	22.51252885079121
58	22.326604022054976	27.39885729355053	27.650762482112384	22.6237762022821
59	22.23178102113072	27.58470204402606	27.671766596447554	22.511750338395668
60	22.36470142129448	27.596002795204555	27.64337900467673	22.395916778824233
61	22.5505399461695	27.624827676754414	27.499770235672553	22.324862141403532
62	22.462659709954398	27.756135738055132	27.436292674910646	22.344911877079824
63	22.456227409383906	27.768961882998326	27.47881627701792	22.29599443059984
64	22.510529745315132	27.48045582368498	27.43612525807311	22.57288917292678
65	22.350628046851966	27.570768871785106	27.612996958331642	22.465606123031286
66	22.402593538026473	27.64338133003756	27.419863457452255	22.534161674483716
67	22.417076490257003	27.575000387049098	27.47253793515806	22.535385187535844
68	22.45898902597869	27.803804973149198	27.549781002236333	22.187424998635773
69	22.688111185720288	27.722107977641063	27.437796473688287	22.151984362950362
70	22.722351117559626	27.566941139220535	27.375080103408223	22.335627639811616
71	22.56899300514969	27.86365187286573	27.312742336927343	22.254612785057233
72	22.5933911035658	28.0127868996073	27.495142446071714	21.898679550755183
73	23.249171068233267	28.549914843160508	27.557770831087637	20.643143257518595
74	24.446842482512242	30.90737367686059	27.68711757893398	16.95866626169319
75	29.788375891627506	41.15073432443007	29.06088978394243	0.0
>>END_MODULE
>>Per base GC content	fail
#Base	%GC
1	70.85700392075736
2	44.333873607441944
3	50.021131043904155
4	49.33531852991393
5	30.37161930298832
6	48.65125203641375
7	49.43988966837433
8	45.85471929834725
9	64.25943814612488
10	38.02712622192871
11	53.65614715346207
12	44.64040199821188
13	53.182075503881656
14	52.16717951144093
15	47.417503921564844
16	46.08632415008088
17	44.52071542087386
18	44.25672185500799
19	45.041376773393736
20	45.11873394443447
21	45.62284893237529
22	45.46621966942351
23	45.54259524237105
24	45.467973672573635
25	45.87999947218987
26	45.338475137246725
27	45.237475130166345
28	45.39119982826861
29	45.00863806322007
30	45.12142127036172
31	45.357391015255644
32	44.88040273199669
33	44.96559659601091
34	45.08572167413647
35	44.96918103822826
36	44.78969315550572
37	45.22240026655678
38	44.85230431639149
39	44.81654481576774
40	45.03524762349154
41	44.870527503879806
42	44.77890382476611
43	45.14788454771577
44	44.74678065902072
45	44.88542250578432
46	44.989512881317175
47	44.674982177380464
48	44.8406903583043
49	44.900607709954805
50	44.815309124510364
51	44.84631084775591
52	44.932385174256126
53	44.82016674777141
54	44.71293949631916
55	44.9939473779282
56	44.88418041257816
57	44.814981403797916
58	44.950380224337074
59	44.743531359526386
60	44.760618200118714
61	44.87540208757303
62	44.807571587034225
63	44.75222183998375
64	45.08341891824191
65	44.81623416988325
66	44.936755212510185
67	44.95246167779284
68	44.64641402461446
69	44.84009554867065
70	45.057978757371245
71	44.823605790206926
72	44.49207065432098
73	43.892314325751855
74	41.405508744205434
75	29.788375891627506
>>END_MODULE
>>Per sequence GC content	warn
#GC Content	Count
0	8516.0
1	4373.5
2	292.5
3	429.5
4	505.0
5	630.0
6	915.0
7	1373.0
8	1680.5
9	1968.0
10	2913.0
11	4598.0
12	5659.0
13	6924.5
14	10040.5
15	14886.5
16	18781.5
17	26199.5
18	41598.5
19	60733.5
20	74120.5
21	95366.5
22	135093.5
23	179812.5
24	209532.5
25	247115.5
26	311088.0
27	375036.5
28	416491.0
29	466378.0
30	544953.5
31	619335.0
32	667615.5
33	721302.0
34	807923.5
35	885393.0
36	930201.5
37	975291.5
38	1024684.0
39	1056982.0
40	1078988.5
41	1085013.5
42	1077560.0
43	1063567.5
44	1056712.0
45	1041177.5
46	1007402.0
47	969852.0
48	949806.5
49	926692.0
50	885407.0
51	848817.5
52	829130.0
53	814959.0
54	789749.0
55	765874.0
56	753778.0
57	737392.0
58	702757.5
59	657316.5
60	617076.5
61	569964.0
62	509693.0
63	451954.0
64	408266.0
65	371175.5
66	317572.0
67	261732.5
68	223089.5
69	194174.0
70	158495.0
71	123875.0
72	100823.0
73	85561.0
74	68184.0
75	52001.0
76	41741.0
77	35221.5
78	28117.5
79	21548.0
80	17341.5
81	14636.0
82	11530.5
83	8499.5
84	6618.0
85	5672.5
86	4459.0
87	3280.0
88	2835.0
89	2568.0
90	2165.5
91	1921.0
92	1854.0
93	1784.0
94	1672.5
95	1619.5
96	1612.0
97	1724.5
98	2173.0
99	11165.5
100	19822.0
>>END_MODULE
>>Per base N content	pass
#Base	N-Count
1	0.3116447093471616
2	0.17137583580607207
3	0.07434704736816197
4	0.03416738867528015
5	0.033950223069293205
6	0.03374914380449047
7	0.03374914380449047
8	0.03374914380449047
9	0.03374914380449047
10	0.03374914380449047
11	0.03374914380449047
12	0.03374914380449047
13	0.03374914380449047
14	0.03374914380449047
15	0.03374914380449047
16	0.03374914380449047
17	0.03374914380449047
18	0.03374914380449047
19	0.03374914380449047
20	0.03374914380449047
21	0.03374914380449047
22	0.03374914380449047
23	0.03374914380449047
24	0.03374914380449047
25	0.03374914380449047
26	0.03374914380449047
27	0.03374914380449047
28	0.03374914380449047
29	0.03374914380449047
30	0.03374914380449047
31	0.03374914380449047
32	0.03374914380449047
33	0.03374914380449047
34	0.03374914380449047
35	0.03374914380449047
36	0.0
37	0.0
38	0.0
39	0.0
40	0.0
41	0.0
42	0.0
43	0.0
44	0.0
45	0.0
46	0.0
47	0.0
48	0.0
49	0.0
50	0.0
51	0.0
52	0.0
53	0.0
54	0.0
55	0.0
56	0.0
57	0.0
58	0.0
59	0.0
60	0.0
61	0.0
62	0.0
63	0.0
64	0.0
65	0.0
66	0.0
67	0.0
68	0.0
69	0.0
70	0.0
71	0.0
72	0.0
73	0.0
74	0.0
75	0.0
>>END_MODULE
>>Sequence Length Distribution	warn
#Length	Count
35	11109.0
36	4467.0
37	6386.0
38	7216.0
39	8723.0
40	9671.0
41	10714.0
42	12005.0
43	13512.0
44	15500.0
45	17103.0
46	18197.0
47	19118.0
48	19888.0
49	21064.0
50	21713.0
51	21917.0
52	23526.0
53	24970.0
54	26848.0
55	27604.0
56	28703.0
57	29911.0
58	30059.0
59	31238.0
60	31854.0
61	31800.0
62	33894.0
63	34914.0
64	37137.0
65	39227.0
66	38686.0
67	40914.0
68	42633.0
69	51521.0
70	68595.0
71	164757.0
72	596222.0
73	1712904.0
74	5320662.0
75	1.6158934E7
>>END_MODULE
>>Sequence Duplication Levels	warn
#Total Duplicate Percentage	37.25915566734697
#Duplication Level	Relative count
1	100.0
2	23.8305648102203
3	11.344249899577042
4	6.349093830486047
5	3.863330261572269
6	2.5487740522829485
7	1.8052503485267362
8	1.315343840331435
9	0.9506706678323606
10++	5.518930712097225
>>END_MODULE
>>Overrepresented sequences	pass
>>END_MODULE
>>Kmer Content	warn
#Sequence	Count	Obs/Exp Overall	Obs/Exp Max	Max Obs/Exp Position
AAAAA	10358065	4.142501	8.768939	71
GGGGG	3733560	3.3506622	5.7122083	71
TTTTT	8590835	3.2793272	5.8123827	71
CCTGG	4016940	3.1037426	12.191533	3
CCAGG	3760265	2.9326193	12.331311	3
CCCAG	3623315	2.8560154	11.455453	2
CTGGG	3647715	2.78865	11.261433	4
CCAGC	3390050	2.6721482	6.5034037	3
GGAGG	3335110	2.5463202	5.889567	6
GCTGG	3326435	2.5430338	7.2257967	3
CAGCA	3640625	2.415508	6.6439185	4
TCCAG	3660665	2.406277	8.443552	2
CAGCC	3049180	2.4034634	5.62874	9
TGCTG	3686905	2.3756557	7.63675	2
CTCCA	3531680	2.3463035	6.2786674	1
GGCTG	3038415	2.3228447	8.26847	7
CAGGA	3526000	2.3147159	9.729427	4
CTCCT	3500070	2.3037355	6.095354	1
AGGAG	3506690	2.2776945	6.9937363	5
CTGGA	3472115	2.258201	8.666149	4
TCCTG	3459605	2.2530208	8.65025	2
CCTGC	2874995	2.2451463	6.370426	3
CTGCC	2867525	2.2393126	5.7332573	9
GGCAG	2894160	2.2332768	6.4068522	7
CTGCA	3367235	2.2133956	6.9679484	4
CTGCT	3392575	2.2093685	6.4216995	9
GCCTG	2857945	2.2082293	7.2062726	7
GCTGC	2835150	2.1906164	5.5221524	8
GCAGG	2835695	2.1881626	6.8764377	3
CCCTG	2795505	2.1830707	9.070831	2
AGCAG	3280125	2.153306	5.440677	7
TGCAG	3308630	2.151873	7.1765394	2
CAGAG	3271210	2.1474535	7.524819	4
CTCTG	3278845	2.1353033	7.4287996	2
CAGGG	2681850	2.069448	9.324221	4
TGGAG	3214065	2.0682635	6.506108	5
AGCTG	3153495	2.0509758	5.8427334	7
CTGGC	2649330	2.0470405	5.732097	4
CAGGC	2621250	2.044305	6.413474	4
CCCCA	2560405	2.0397658	6.848009	1
GCCAG	2611780	2.036919	5.425636	2
GGGAG	2616940	1.9980049	5.538269	7
CAGAA	3538980	1.9764634	5.4007015	4
GGAGA	3026580	1.9658496	5.4015355	6
CACAG	2948590	1.9563516	6.7668247	7
CTGTG	3007685	1.9380004	8.812804	9
CTCAG	2941220	1.9333618	6.0684576	2
TTCTG	3519215	1.9112419	5.2314653	2
CTGAG	2929375	1.9052125	5.8880243	4
GGCCA	2415000	1.8834512	6.56749	1
TGGGG	2476935	1.8735726	6.4167814	5
CCAGA	2797985	1.8564272	6.572586	3
CCTCT	2786350	1.8339671	5.5710425	1
TCTGG	2797120	1.802323	6.3922467	3
TGGCC	2309375	1.7843696	5.802041	5
CACTG	2704495	1.7777545	7.2618523	7
ACCTG	2693740	1.770685	5.4864364	7
CAGTG	2692960	1.7514523	6.391215	9
AGAGG	2661785	1.7289047	5.097915	5
GCCCA	2175095	1.714481	7.1909633	1
CCTGA	2594785	1.7056385	5.5126133	3
GGGCC	1805810	1.6554421	5.5171456	6
ACAGA	2955575	1.6506411	5.7009854	8
GGCCT	2119885	1.6379573	5.1450114	1
TCAGG	2518065	1.6377037	5.8760834	3
TGGGC	2128515	1.6272333	6.616607	5
GAGAG	2488150	1.6161239	5.104264	7
CCTGT	2455510	1.5991175	5.5323205	8
AGCCT	2419375	1.5903357	5.0768843	6
AGGTG	2447225	1.5747988	5.345136	7
AGGCT	2283380	1.4850688	5.0047765	6
GCCCT	1856840	1.4500468	6.099982	1
GGGCT	1885800	1.4416795	5.921629	6
GTGTG	2254110	1.4370749	7.3464327	1
CTGTC	2200960	1.4333454	5.726545	9
ACACA	2516885	1.4206635	5.836716	6
ACAGC	2138215	1.4186784	5.33134	8
GCTGT	2201340	1.4184321	5.063791	8
TGTGT	2627630	1.4119421	5.47317	10
GACAG	2136895	1.402809	6.7494326	7
CACAC	2070400	1.3883661	6.1871333	5
AGGGC	1750120	1.350479	5.6233754	5
AGACA	2375685	1.3267816	5.1528735	6
ACTGC	1913005	1.2574818	5.1550264	8
GGACA	1870910	1.2281976	5.7289615	6
GTCCT	1861165	1.2120584	7.3216476	1
GTGCT	1880885	1.2119474	6.5287447	1
GTCCA	1754345	1.1531894	6.464172	1
AGCAC	1717010	1.1392142	5.331118	5
AGGAC	1728820	1.1349196	6.844239	5
TGTGC	1757680	1.1325603	5.412987	10
GTCTT	2077210	1.1281071	5.195974	1
TGCAC	1636300	1.0755944	5.6500854	5
GTGCA	1640030	1.0666459	6.1753063	1
TGGAC	1623685	1.0560153	5.8807206	5
ACTGT	1895195	1.0388927	6.249476	8
ACAGT	1872195	1.0358928	5.387525	8
GCACT	1574875	1.0352178	5.0083957	6
GACTG	1583945	1.0301691	5.8500104	7
AGACT	1809590	1.001253	5.0077724	6
GGACT	1447190	0.9412262	5.1191573	6
GTGTA	1149485	0.6234518	5.6050406	1
>>END_MODULE
