##FastQC	0.10.1
>>Basic Statistics	pass
#Measure	Value	
Filename	029-F0_S5_L002_R2_001_trimmed.fq.gz	
File type	Conventional base calls	
Encoding	Sanger / Illumina 1.9	
Total Sequences	20083739	
Filtered Sequences	0	
Sequence length	20-51	
%GC	45	
>>END_MODULE
>>Per base sequence quality	pass
#Base	Mean	Median	Lower Quartile	Upper Quartile	10th Percentile	90th Percentile
1	34.73396980512443	36.0	36.0	36.0	32.0	36.0
2	34.71695280445539	36.0	36.0	36.0	32.0	36.0
3	34.699513770817276	36.0	36.0	36.0	32.0	36.0
4	34.68675758034896	36.0	36.0	36.0	32.0	36.0
5	34.6699960599966	36.0	36.0	36.0	32.0	36.0
6	34.64959692017507	36.0	36.0	36.0	32.0	36.0
7	34.63379722271834	36.0	36.0	36.0	32.0	36.0
8	34.625026096983234	36.0	36.0	36.0	32.0	36.0
9	34.607849763432995	36.0	36.0	36.0	32.0	36.0
10	34.58653017747343	36.0	36.0	36.0	32.0	36.0
11	34.57485854601078	36.0	36.0	36.0	32.0	36.0
12	34.55128992664165	36.0	36.0	36.0	32.0	36.0
13	34.54561349358304	36.0	36.0	36.0	32.0	36.0
14	34.52889862788996	36.0	36.0	36.0	32.0	36.0
15	34.50728213506459	36.0	36.0	36.0	32.0	36.0
16	34.47520304859568	36.0	36.0	36.0	32.0	36.0
17	34.461761776529755	36.0	36.0	36.0	32.0	36.0
18	34.4472479950073	36.0	36.0	36.0	32.0	36.0
19	34.42524566765182	36.0	36.0	36.0	32.0	36.0
20	34.41059012965663	36.0	36.0	36.0	32.0	36.0
21	34.38740463272233	36.0	36.0	36.0	32.0	36.0
22	34.37410191519398	36.0	36.0	36.0	32.0	36.0
23	34.35048876649079	36.0	36.0	36.0	32.0	36.0
24	34.31236014241279	36.0	36.0	36.0	32.0	36.0
25	34.293934413649104	36.0	36.0	36.0	32.0	36.0
26	34.262170536432706	36.0	36.0	36.0	32.0	36.0
27	34.25465663226362	36.0	36.0	36.0	32.0	36.0
28	34.217255900958996	36.0	36.0	36.0	32.0	36.0
29	34.18386299427836	36.0	36.0	36.0	32.0	36.0
30	34.170283423098965	36.0	36.0	36.0	32.0	36.0
31	34.13618185275316	36.0	36.0	36.0	32.0	36.0
32	34.10829968703665	36.0	36.0	36.0	32.0	36.0
33	34.07439381076848	36.0	36.0	36.0	32.0	36.0
34	34.02429781799649	36.0	36.0	36.0	32.0	36.0
35	34.00628522265486	36.0	36.0	36.0	32.0	36.0
36	33.98257756699915	36.0	36.0	36.0	32.0	36.0
37	33.962548747118994	36.0	36.0	36.0	32.0	36.0
38	33.911234419278784	36.0	36.0	36.0	32.0	36.0
39	33.89170064032605	36.0	36.0	36.0	32.0	36.0
40	33.864865110281286	36.0	36.0	36.0	32.0	36.0
41	33.84067685311794	36.0	36.0	36.0	32.0	36.0
42	33.81767809579847	36.0	36.0	36.0	27.0	36.0
43	33.795151211229744	36.0	36.0	36.0	27.0	36.0
44	33.787243007376766	36.0	36.0	36.0	27.0	36.0
45	33.78272115448915	36.0	36.0	36.0	27.0	36.0
46	33.77199811923579	36.0	36.0	36.0	27.0	36.0
47	33.759095573237914	36.0	36.0	36.0	27.0	36.0
48	33.77850348905523	36.0	36.0	36.0	27.0	36.0
49	33.81718834079429	36.0	36.0	36.0	27.0	36.0
50	33.916202908645644	36.0	36.0	36.0	32.0	36.0
51	34.06844744206284	36.0	36.0	36.0	32.0	36.0
>>END_MODULE
>>Per sequence quality scores	pass
#Quality	Count
2	39.0
3	13.0
4	22.0
5	18.0
6	20.0
7	42.0
8	107.0
9	107.0
10	167.0
11	227.0
12	206.0
13	262.0
14	1497.0
15	3107.0
16	6426.0
17	12169.0
18	19100.0
19	27660.0
20	37721.0
21	50541.0
22	67248.0
23	90550.0
24	118949.0
25	157938.0
26	204922.0
27	259241.0
28	325637.0
29	403198.0
30	501329.0
31	637968.0
32	850625.0
33	1256037.0
34	2370453.0
35	8920323.0
36	3759870.0
>>END_MODULE
>>Per base sequence content	pass
#Base	G	A	T	C
1	22.583123085397627	26.821129890150537	27.325595465675818	23.27015155877602
2	22.52021449388349	27.035778227514378	27.65781666435779	22.786190614244344
3	22.42526636720975	27.024644516296707	27.566240537893023	22.98384857860052
4	22.683552899646827	26.654376703344994	27.92562995192014	22.73644044508804
5	22.80914507447828	26.792924186280274	27.440805614607207	22.95712512463424
6	22.27365791219681	27.217836905941144	27.674851895042774	22.83365328681927
7	22.404855065754646	27.17632957224181	27.499364125797854	22.91945123620569
8	22.370665017592458	27.0939568926717	27.45429182418476	23.08108626555108
9	22.370857588416083	27.119440826661222	27.546289449149803	22.96341213577289
10	22.41060130955244	27.16280070332796	27.590080904625957	22.83651708249364
11	22.992304609749358	27.00708535245469	27.253241827995932	22.747368209800015
12	22.214895851779286	27.340414322100866	27.694656312166394	22.750033513953458
13	22.368019985940165	27.152487060485125	27.791787759737076	22.687705193837633
14	22.38376031947285	26.94181476317481	27.959391735537846	22.71503318181449
15	22.3563371389661	27.21117063917122	27.725679520723922	22.706812701138762
16	22.440763470745125	27.486139993473422	27.665692992358586	22.40740354342286
17	22.588274806669503	27.119571207021835	27.250153921866406	23.042000064442252
18	22.488177451347195	27.624384695372573	27.313098955141818	22.574338898138414
19	22.757293373203563	27.207910889848126	27.49314380815401	22.541651928794305
20	22.8169311229084	26.916290076834688	27.579494255328303	22.687284544928605
21	22.788912816628578	27.074494770778486	27.578476253942103	22.55811615865083
22	22.501626293305872	27.379475708250485	27.614465336190996	22.504432662252647
23	22.551511214452642	27.174868488381325	27.535414265548276	22.738206031617754
24	22.399165761470403	27.4864743417456	27.552781664851246	22.56157823193275
25	22.52074569859538	27.445323861200936	27.33605096042171	22.697879479781967
26	22.6099954520188	27.292672696952852	27.321006619839306	22.776325231189045
27	22.714938782854095	27.34430181898787	27.42568356410912	22.515075834048915
28	22.375876454310596	27.404107424735823	27.393212142921108	22.82680397803247
29	22.765115534025583	27.133374860761723	27.381979167356384	22.71953043785631
30	22.47418467920662	27.56771845019713	27.32216835925549	22.63592851134076
31	22.582087223153085	27.40554056032667	27.38079612728618	22.631576089234063
32	22.55121900175729	27.513929011074133	27.26031636976935	22.67453561739923
33	22.443603016417573	27.217684883995304	27.646921783057326	22.6917903165298
34	22.631908713690798	27.637999698851722	27.37429063726276	22.35580095019472
35	22.588018680933466	27.1734203290466	27.408247519514227	22.830313470505708
36	22.7475424855843	27.49387290858935	27.112482979289183	22.646101626537163
37	22.5179747499364	27.4183019340063	27.278385425237424	22.785337890819882
38	22.584322613497857	27.320636344300585	27.200926100340507	22.894114941861055
39	22.51329121320564	27.399354764670846	27.265120601589626	22.822233420533884
40	22.52673543325666	27.330721711202926	27.537725983316502	22.60481687222391
41	22.805129940849355	27.278293751585313	27.30140589131622	22.615170416249107
42	22.74487013067895	27.370703169205974	27.379454205730053	22.50497249438502
43	22.672336917470744	27.566758836310136	27.237680062273316	22.523224183945803
44	22.71155081646047	27.28030367363303	27.153805220742782	22.854340289163723
45	22.630839952029813	27.48646294191693	27.287563084303105	22.59513402175015
46	22.645769785271874	27.807000878898315	27.01075962983358	22.536469705996236
47	22.743252409094122	27.37542466559421	27.150205592697496	22.73111733261417
48	22.708052500725074	27.745670769634874	27.350477727048034	22.19579900259202
49	23.00501800598757	27.62365101811407	27.3240463991326	22.04728457676576
50	23.18802600333882	27.722254059818447	27.39338990420041	21.696330032642326
51	22.695867466878695	28.245435212428937	27.501649507840533	21.55704781285184
>>END_MODULE
>>Per base GC content	pass
#Base	%GC
1	45.853274644173645
2	45.306405108127834
3	45.409114945810266
4	45.41999334473486
5	45.76627019911252
6	45.10731119901608
7	45.324306301960334
8	45.45175128314354
9	45.33426972418897
10	45.24711839204608
11	45.73967281954938
12	44.96492936573274
13	45.0557251797778
14	45.09879350128734
15	45.06314984010486
16	44.848167014167984
17	45.63027487111176
18	45.06251634948561
19	45.29894530199787
20	45.50421566783701
21	45.34702897527941
22	45.00605895555852
23	45.289717246070396
24	44.96074399340315
25	45.21862517837735
26	45.38632068320784
27	45.230014616903006
28	45.202680432343065
29	45.484645971881896
30	45.11011319054738
31	45.21366331238715
32	45.22575461915652
33	45.13539333294737
34	44.98770966388552
35	45.418332151439174
36	45.393644112121464
37	45.303312640756275
38	45.47843755535891
39	45.335524633739524
40	45.13155230548057
41	45.42030035709846
42	45.24984262506397
43	45.19556110141655
44	45.565891105624196
45	45.225973973779965
46	45.18223949126811
47	45.474369741708294
48	44.90385150331709
49	45.05230258275333
50	44.88435603598114
51	44.25291527973053
>>END_MODULE
>>Per sequence GC content	pass
#GC Content	Count
0	8967.0
1	7999.0
2	6002.5
3	5349.0
4	5823.0
5	6707.0
6	7701.0
7	9008.5
8	10353.5
9	12600.0
10	14969.5
11	19120.5
12	23377.0
13	29931.5
14	37048.5
15	48778.0
16	61183.0
17	79378.5
18	98529.5
19	124296.0
20	150714.0
21	183305.0
22	216739.0
23	258122.0
24	300939.0
25	344102.0
26	425077.0
27	482214.0
28	547224.0
29	614445.0
30	686477.5
31	760041.0
32	836443.5
33	914226.0
34	988618.0
35	1059431.0
36	1112269.5
37	1160959.0
38	1190271.0
39	1219213.0
40	1236260.0
41	1250318.0
42	1259660.5
43	1263197.5
44	1252261.5
45	1238539.0
46	1221332.0
47	1201188.5
48	1177597.0
49	1153471.5
50	1127162.5
51	1099987.0
52	1070180.0
53	1038452.5
54	1008179.0
55	975657.5
56	936602.0
57	894712.0
58	846389.0
59	792359.5
60	733839.0
61	672990.5
62	613168.5
63	555954.0
64	493173.5
65	433143.5
66	380968.5
67	330822.5
68	282901.5
69	235741.0
70	199358.0
71	166481.0
72	139229.0
73	113598.0
74	92797.5
75	70069.5
76	58763.5
77	48433.0
78	38508.5
79	31301.0
80	24899.5
81	20551.5
82	16759.5
83	13731.0
84	10924.5
85	9040.5
86	7354.0
87	6208.5
88	5118.0
89	4380.5
90	3734.5
91	3353.5
92	3061.5
93	2818.0
94	2571.5
95	2492.5
96	2442.5
97	2567.5
98	3174.5
99	13911.0
100	24166.0
>>END_MODULE
>>Per base N content	pass
#Base	N-Count
1	0.009425535753078647
2	0.009266202871885558
3	0.013543294901412532
4	0.01691418116915381
5	0.009848763718747789
6	0.016012954559905403
7	0.025304053194477382
8	0.014822937103494525
9	0.011855362191273248
10	0.010301866599640636
11	0.0150171240524486
12	0.012701818122611532
13	0.012059507445301893
14	0.011989799309779916
15	0.012213861173957698
16	0.013742461002903893
17	0.018651905404665933
18	0.014100959985588342
19	0.011232968124112746
20	0.026424362515366288
21	0.012934877880181113
22	0.011504288798864217
23	0.02455828307818474
24	0.0249853171680191
25	0.020386865718931026
26	0.032896345393844825
27	0.014915566498027067
28	0.022664159508556925
29	0.020929109896668248
30	0.010878102940560614
31	0.013676728846095923
32	0.0246171736617514
33	0.011917673822649034
34	0.022630138162268332
35	0.01840354369132022
36	0.020412094204860173
37	0.01621291231018644
38	0.028082130430541828
39	0.037786595468248974
40	0.03443691785414553
41	0.019371217180229168
42	0.02004245637279863
43	0.023095884373269045
44	0.006724360462028014
45	0.00390535240700967
46	0.010698534251806582
47	0.009650841493784725
48	0.004497299653707927
49	0.007744896910654149
50	0.010879114004955436
51	0.009093479760718497
>>END_MODULE
>>Sequence Length Distribution	warn
#Length	Count
20	44895.0
21	46300.0
22	48153.0
23	48706.0
24	49574.0
25	50599.0
26	51039.0
27	52589.0
28	54164.0
29	57100.0
30	58408.0
31	60189.0
32	62264.0
33	62714.0
34	63583.0
35	64262.0
36	63966.0
37	65485.0
38	67716.0
39	70152.0
40	73681.0
41	78088.0
42	81151.0
43	90090.0
44	105817.0
45	146052.0
46	244230.0
47	578911.0
48	1184702.0
49	2387433.0
50	3238761.0
51	1.0732965E7
>>END_MODULE
>>Sequence Duplication Levels	warn
#Total Duplicate Percentage	29.562174903670606
#Duplication Level	Relative count
1	100.0
2	19.290045830538787
3	7.241364855801476
4	3.7181421864520456
5	2.2146769505924437
6	1.3525598032640287
7	0.8872680527610105
8	0.6022244578582606
9	0.4813603845293986
10++	3.93960988151129
>>END_MODULE
>>Overrepresented sequences	pass
>>END_MODULE
>>Kmer Content	warn
#Sequence	Count	Obs/Exp Overall	Obs/Exp Max	Max Obs/Exp Position
AAAAA	5671145	4.156727	5.0354304	47
GGGGG	2179625	4.1222816	6.5338163	47
TTTTT	4998920	3.5642319	4.4393396	13
>>END_MODULE
