##FastQC	0.10.1
>>Basic Statistics	pass
#Measure	Value	
Filename	005-F5_S2_L001_R2_001.fastq.gz	
File type	Conventional base calls	
Encoding	Sanger / Illumina 1.9	
Total Sequences	18168987	
Filtered Sequences	0	
Sequence length	35-75	
%GC	46	
>>END_MODULE
>>Per base sequence quality	pass
#Base	Mean	Median	Lower Quartile	Upper Quartile	10th Percentile	90th Percentile
1	31.31501530602669	32.0	32.0	32.0	32.0	32.0
2	31.09261143728046	32.0	32.0	32.0	32.0	32.0
3	31.144631728780475	32.0	32.0	32.0	32.0	32.0
4	31.20461647091277	32.0	32.0	32.0	32.0	32.0
5	31.156886016815356	32.0	32.0	32.0	32.0	32.0
6	34.82014952181979	36.0	36.0	36.0	36.0	36.0
7	34.80751139290264	36.0	36.0	36.0	36.0	36.0
8	34.72885329270146	36.0	36.0	36.0	32.0	36.0
9	34.869059568373295	36.0	36.0	36.0	36.0	36.0
10	34.68273019293811	36.0	36.0	36.0	32.0	36.0
11	34.82869859502899	36.0	36.0	36.0	36.0	36.0
12	34.715272293386526	36.0	36.0	36.0	32.0	36.0
13	34.76596989144194	36.0	36.0	36.0	32.0	36.0
14	34.716248297167034	36.0	36.0	36.0	32.0	36.0
15	34.666977360928264	36.0	36.0	36.0	32.0	36.0
16	34.66306332873704	36.0	36.0	36.0	32.0	36.0
17	34.65941865663727	36.0	36.0	36.0	32.0	36.0
18	34.64441462806925	36.0	36.0	36.0	32.0	36.0
19	34.638574291456095	36.0	36.0	36.0	32.0	36.0
20	34.6187004812101	36.0	36.0	36.0	32.0	36.0
21	34.60322141239905	36.0	36.0	36.0	32.0	36.0
22	34.5849254006291	36.0	36.0	36.0	32.0	36.0
23	34.568626693386925	36.0	36.0	36.0	32.0	36.0
24	34.55438313649517	36.0	36.0	36.0	32.0	36.0
25	34.53774016129793	36.0	36.0	36.0	32.0	36.0
26	34.52075368868941	36.0	36.0	36.0	32.0	36.0
27	34.507622301672626	36.0	36.0	36.0	32.0	36.0
28	34.49151799161945	36.0	36.0	36.0	32.0	36.0
29	34.48288349812788	36.0	36.0	36.0	32.0	36.0
30	34.45532494464331	36.0	36.0	36.0	32.0	36.0
31	34.44951289799481	36.0	36.0	36.0	32.0	36.0
32	34.43346863531797	36.0	36.0	36.0	32.0	36.0
33	34.422972893315404	36.0	36.0	36.0	32.0	36.0
34	34.41775009250653	36.0	36.0	36.0	32.0	36.0
35	34.389904126190416	36.0	36.0	36.0	32.0	36.0
36	34.43371172669199	36.0	36.0	36.0	32.0	36.0
37	34.423825283054065	36.0	36.0	36.0	32.0	36.0
38	34.409552485052565	36.0	36.0	36.0	32.0	36.0
39	34.39786951816702	36.0	36.0	36.0	32.0	36.0
40	34.39027189221049	36.0	36.0	36.0	32.0	36.0
41	34.3718884261984	36.0	36.0	36.0	32.0	36.0
42	34.356303224183584	36.0	36.0	36.0	32.0	36.0
43	34.33994113546468	36.0	36.0	36.0	32.0	36.0
44	34.30541181221012	36.0	36.0	36.0	32.0	36.0
45	34.29327988357853	36.0	36.0	36.0	32.0	36.0
46	34.26841490993111	36.0	36.0	36.0	32.0	36.0
47	34.253635541560875	36.0	36.0	36.0	32.0	36.0
48	34.223034660682494	36.0	36.0	36.0	32.0	36.0
49	34.191260925568365	36.0	36.0	36.0	32.0	36.0
50	34.16474349277967	36.0	36.0	36.0	32.0	36.0
51	34.13709373140219	36.0	36.0	36.0	32.0	36.0
52	34.11635549346065	36.0	36.0	36.0	32.0	36.0
53	34.08186356509683	36.0	36.0	36.0	32.0	36.0
54	34.05041060855906	36.0	36.0	36.0	32.0	36.0
55	34.01657748852108	36.0	36.0	36.0	32.0	36.0
56	33.994998152206094	36.0	36.0	36.0	32.0	36.0
57	33.965612662019815	36.0	36.0	36.0	32.0	36.0
58	33.930832304302314	36.0	36.0	36.0	32.0	36.0
59	33.90596087395106	36.0	36.0	36.0	32.0	36.0
60	33.86841817785517	36.0	36.0	36.0	32.0	36.0
61	33.849424427202706	36.0	36.0	36.0	32.0	36.0
62	33.80685173762431	36.0	36.0	36.0	32.0	36.0
63	33.78926310957563	36.0	36.0	36.0	32.0	36.0
64	33.76210138680035	36.0	36.0	36.0	27.0	36.0
65	33.74282976700019	36.0	36.0	36.0	27.0	36.0
66	33.70903164332151	36.0	36.0	36.0	27.0	36.0
67	33.66545261000988	36.0	36.0	36.0	27.0	36.0
68	33.64606708810082	36.0	36.0	36.0	27.0	36.0
69	33.62226015696159	36.0	36.0	36.0	27.0	36.0
70	33.598047623434155	36.0	36.0	36.0	27.0	36.0
71	33.544701313471144	36.0	36.0	36.0	27.0	36.0
72	33.527974327706886	36.0	36.0	36.0	27.0	36.0
73	33.50439850112684	36.0	36.0	36.0	27.0	36.0
74	33.443351721212395	36.0	36.0	36.0	27.0	36.0
75	32.20342897828333	36.0	32.0	36.0	14.0	36.0
>>END_MODULE
>>Per sequence quality scores	pass
#Quality	Count
2	37995.0
3	310.0
4	5349.0
5	4708.0
6	1941.0
7	972.0
8	361.0
9	230.0
10	262.0
11	223.0
12	243.0
13	214.0
14	1225.0
15	3462.0
16	5687.0
17	8247.0
18	11409.0
19	15274.0
20	21851.0
21	31433.0
22	44637.0
23	64277.0
24	91031.0
25	127450.0
26	173009.0
27	227474.0
28	293305.0
29	371849.0
30	470904.0
31	610758.0
32	834270.0
33	1293016.0
34	2851893.0
35	1.0563718E7
>>END_MODULE
>>Per base sequence content	fail
#Base	G	A	T	C
1	44.62151599130158	17.720388688518792	11.503571302287755	26.154524017891873
2	16.910202648929136	19.11100048457367	36.90478844882339	27.074008417673806
3	20.26599753986251	20.761102691380707	28.28708046145393	30.685819307302854
4	13.731481136256788	14.515818567256074	35.85891589265044	35.893784403836705
5	15.483365968979196	34.30330043147664	34.75828930053638	15.455044299007781
6	34.86137697834917	34.620841665106674	16.338641068693818	14.179140287850336
7	30.73018031677864	29.31591214297886	20.426834095334797	19.5270734449077
8	26.828188808803304	34.38396490453922	19.833179155664716	18.954667130992757
9	25.116784255620594	15.546269122528642	19.912061833495983	39.42488478835478
10	14.482792530241738	27.20598034493135	34.798368256369365	23.512858868457542
11	34.7794475672123	22.627386648972475	23.439703069611937	19.153462714203286
12	22.600066222617833	24.120851696384698	30.751585868320756	22.527496212676716
13	27.98414637310061	20.539145851490783	25.95346136416701	25.5232464112416
14	20.631929207518283	20.584924630105995	27.10728862416912	31.675857538206607
15	22.99459156719024	29.298103805455177	23.137142746425333	24.57016188092925
16	22.951902460292256	28.374219150349244	25.48843521928157	23.185443170076937
17	21.961696691402857	28.00771910870228	27.310164194179336	22.72042000571553
18	22.369623590097643	27.639537776878786	27.86273396058288	22.128104672440692
19	22.901465707143217	27.063378609157677	27.395690359249354	22.639465324449752
20	22.857824876021894	27.022703129303405	27.64652564023083	22.47294635444387
21	22.69774199367978	26.67135681543315	27.280121122429446	23.350780068457624
22	22.601553710211846	26.7247983058464	27.57471268175108	23.098935302190675
23	22.5630756974619	26.78012990967162	27.442856389663874	23.213938003202607
24	22.755335418668267	26.484197191417923	27.734023338355357	23.026444051558457
25	22.864553285483126	26.556987700313634	27.30688266798134	23.2715763462219
26	22.392685542655936	26.967202819113766	27.541824997964063	23.09828664026623
27	22.504648457984004	26.946574562105262	27.439726844363143	23.109050135547587
28	22.48923266229196	26.886924925214785	27.41354958972078	23.210292822772477
29	22.425149173274214	26.982472550919447	27.510719279840636	23.08165899596571
30	22.503393952814047	26.99624477102104	27.505300419698813	22.995060856466097
31	23.031439443917836	26.866296379514704	27.165647098052485	22.936617078514974
32	22.291139055995508	27.144540680287317	27.58078226879196	22.98353799492522
33	22.461168678052747	26.946562769744393	27.65554365065387	22.936724901548992
34	22.483684119518834	26.710133722533858	27.831459212672776	22.97472294527453
35	22.424264006417634	27.01031161197819	27.63880814394849	22.926616237655686
36	22.550832487379754	27.303160758803095	27.521862893368414	22.624143860448736
37	22.680757952301807	26.95754123380434	27.252627715796468	23.10907309809739
38	22.513292373009115	27.43958508930599	27.282629833172106	22.764492704512783
39	22.73687614046983	27.102816316283356	27.469334041220545	22.690973502026267
40	22.814699645969153	26.894811870415385	27.44147413181826	22.8490143517972
41	22.7905898826832	27.04562966126659	27.456262870961734	22.707517585088475
42	22.578446407599404	27.24757765467346	27.474546997505232	22.699428940221907
43	22.663597947924615	27.019270765213477	27.373116192424042	22.94401509443787
44	22.509703524646408	27.33412193158138	27.40886085512248	22.747313688649733
45	22.602792991657754	27.271952840344117	27.261163531556104	22.86409063644202
46	22.68555967163116	27.239505474108594	27.203690754622116	22.871244099638126
47	22.71869615790658	27.335611937257415	27.297587314452937	22.648104590383067
48	22.470346490975732	27.352875832144814	27.286998460281854	22.8897792165976
49	22.79080964996078	27.10091299216515	27.301526476795257	22.80675088107881
50	22.6009819638647	27.443362177283824	27.250453908429574	22.7052019504219
51	22.71009069990503	27.32892534696655	27.225859835866483	22.73512411726194
52	22.671156980736736	27.393544164363387	27.15318124601019	22.78211760888968
53	22.58830487131963	27.18299919353698	27.440591972155804	22.78810396298759
54	22.74156886878288	27.503900601042197	27.249008211466315	22.50552231870861
55	22.723415143559208	27.137940218323532	27.24132976542491	22.89731487269235
56	22.77840708835589	27.475763125777036	27.061709167533742	22.68412061833334
57	22.647963679786574	27.358945081287565	27.149032939031496	22.84405829989436
58	22.679959966477707	27.277164144882153	27.128148825065573	22.914727063574567
59	22.592298013461225	27.42643718104486	27.17629034887049	22.80497445662342
60	22.6489298709829	27.352125548307576	27.349036937086947	22.64990764362258
61	22.908442622374185	27.30874768638838	27.12413159916305	22.658678092074393
62	22.808089181575042	27.402441680433302	27.179535152528278	22.609933985463375
63	22.777947390957387	27.577818104945536	27.0736293227909	22.570605181306185
64	22.848875827055895	27.25807561567553	27.00762522345243	22.88542333381614
65	22.689817771325323	27.470906398275208	27.166299077008453	22.672976753391012
66	22.752607782709827	27.67449343031176	26.911758609715786	22.661140177262627
67	22.805558154136342	27.337683113190366	27.035916035895802	22.82084269677749
68	22.796413404236528	27.636690291717	27.1721536666328	22.394742637413675
69	23.057544457059503	27.472744451109428	27.066881829677357	22.402829262153716
70	23.2043613553953	27.319959434488567	26.952464105951474	22.52321510416466
71	22.963466114660804	27.701531647244355	26.89132405405304	22.443678184041804
72	22.90905251248179	27.798591099840635	27.176128367526143	22.116228020151432
73	23.666762309465756	28.418237344134983	27.098372885877207	20.816627460522053
74	24.77893186798167	30.750968257595495	27.32001407403927	17.150085800383565
75	30.177975912836096	41.19236236148135	28.62966172568256	0.0
>>END_MODULE
>>Per base GC content	fail
#Base	%GC
1	70.77604000919345
2	43.98421106660294
3	50.95181684716537
4	49.625265540093494
5	30.938410267986978
6	49.040517266199515
7	50.257253761686336
8	45.782855939796065
9	64.54166904397538
10	37.99565139869928
11	53.932910281415595
12	45.12756243529455
13	53.50739278434221
14	52.3077867457249
15	47.56475344811949
16	46.13734563036919
17	44.68211669711838
18	44.49772826253833
19	45.54093103159297
20	45.330771230465764
21	46.0485220621374
22	45.70048901240252
23	45.77701370066451
24	45.78177947022672
25	46.136129631705025
26	45.49097218292217
27	45.61369859353159
28	45.699525485064434
29	45.506808169239925
30	45.49845480928015
31	45.96805652243281
32	45.27467705092073
33	45.39789357960174
34	45.45840706479336
35	45.35088024407332
36	45.17497634782849
37	45.7898310503992
38	45.2777850775219
39	45.42784964249609
40	45.66371399776636
41	45.498107467771675
42	45.277875347821315
43	45.60761304236248
44	45.257017213296145
45	45.46688362809978
46	45.55680377126928
47	45.36680074828965
48	45.36012570757333
49	45.59756053103959
50	45.3061839142866
51	45.44521481716697
52	45.45327458962642
53	45.37640883430722
54	45.24709118749149
55	45.62073001625156
56	45.46252770668923
57	45.492021979680935
58	45.59468703005227
59	45.39727247008465
60	45.29883751460548
61	45.56712071444857
62	45.41802316703842
63	45.34855257226357
64	45.734299160872034
65	45.362794524716335
66	45.413747959972454
67	45.62640085091383
68	45.1911560416502
69	45.460373719213216
70	45.72757645955996
71	45.407144298702605
72	45.025280532633225
73	44.48338976998781
74	41.92901766836523
75	30.177975912836096
>>END_MODULE
>>Per sequence GC content	warn
#GC Content	Count
0	38229.0
1	19614.0
2	1646.0
3	2759.5
4	3234.5
5	3353.5
6	3173.0
7	2634.0
8	2405.5
9	2343.5
10	2550.0
11	3391.0
12	3984.5
13	4660.0
14	6489.0
15	9294.5
16	11486.5
17	15700.0
18	24495.0
19	35581.0
20	43509.5
21	56044.0
22	79151.0
23	105375.5
24	123441.0
25	147094.0
26	186803.0
27	227093.0
28	255066.0
29	290562.0
30	346129.0
31	401054.0
32	438145.0
33	480666.5
34	552793.0
35	623853.5
36	666386.0
37	705740.5
38	750196.5
39	778357.0
40	796606.5
41	803482.0
42	804708.0
43	804334.5
44	805963.5
45	801551.0
46	787063.5
47	769111.5
48	759229.5
49	745105.5
50	718484.0
51	692964.5
52	677853.0
53	664324.5
54	640391.0
55	615238.0
56	599787.0
57	583013.0
58	550878.5
59	511281.0
60	477532.5
61	439667.0
62	391230.0
63	343438.5
64	305053.5
65	271914.5
66	229964.5
67	187732.0
68	156697.0
69	133692.0
70	107835.0
71	82793.5
72	65226.0
73	53825.5
74	41967.0
75	31306.5
76	24239.5
77	19180.5
78	14015.0
79	9932.5
80	7554.5
81	5977.0
82	4254.5
83	2852.0
84	2179.0
85	1859.0
86	1493.5
87	1231.0
88	1125.5
89	1067.5
90	985.5
91	903.5
92	870.0
93	865.5
94	820.5
95	816.5
96	850.0
97	860.5
98	1090.5
99	5184.0
100	9058.0
>>END_MODULE
>>Per base N content	pass
#Base	N-Count
1	0.38057707895327353
2	0.27501258050324984
3	0.21076023666041482
4	0.20923015686014856
5	0.20911457529250257
6	0.21241140191250069
7	0.23085491777829992
8	0.24103710349949614
9	0.25457115468242675
10	0.2628545003637242
11	0.27960281990404856
12	0.28240429694842095
13	0.2861854653756976
14	0.29572369664858034
15	0.29384136826120244
16	0.29690152786173496
17	0.29403950809145274
18	0.3020421556798957
19	0.3042161899284754
20	0.30106246429699135
21	0.29953788838089873
22	0.302311846004403
23	0.3061920843468048
24	0.31607706032262556
25	0.30555913766683857
26	0.31323705608903785
27	0.3111290684505416
28	0.32541715176525804
29	0.3136993823596219
30	0.32787738799086596
31	0.3033575839973907
32	0.31626969626870227
33	0.31335263765668386
34	0.30799185447157845
35	0.3104025557396238
36	0.11835127317838888
37	0.10906860261595676
38	0.10239451850258503
39	0.11232628883822231
40	0.11696217984718382
41	0.10118921162893121
42	0.10129481976626595
43	0.10654901021065505
44	0.11555981848327154
45	0.09992709167800716
46	0.1083548506086315
47	0.11264818167428176
48	0.11802820478109165
49	0.11146423642537459
50	0.11252873293793415
51	0.11922873671600856
52	0.10681353683143012
53	0.10505794977966551
54	0.10732242724308208
55	0.10150178007107338
56	0.08635178558807251
57	0.09544385098483656
58	0.0959336144191476
59	0.08998901834757944
60	0.08824368911948303
61	0.08813041665459197
62	0.09650692637049453
63	0.08753220851105652
64	0.08498436494425725
65	0.08684608295102653
66	0.08013651893084318
67	0.09065724657927256
68	0.08032253645907125
69	0.08195295634894773
70	0.08945911071569894
71	0.08984770308895927
72	0.09292820275296577
73	0.10294384008009701
74	0.12436781250629071
75	0.1928736935592385
>>END_MODULE
>>Sequence Length Distribution	warn
#Length	Count
35	46664.0
36	12620.0
37	15961.0
38	17831.0
39	18792.0
40	19623.0
41	20780.0
42	22180.0
43	24622.0
44	26832.0
45	28794.0
46	29401.0
47	30680.0
48	31450.0
49	32634.0
50	32659.0
51	34055.0
52	35076.0
53	36850.0
54	38984.0
55	40193.0
56	41580.0
57	42591.0
58	42673.0
59	43651.0
60	44580.0
61	44484.0
62	45960.0
63	47149.0
64	50182.0
65	52416.0
66	51664.0
67	55206.0
68	55321.0
69	63333.0
70	74169.0
71	143184.0
72	447840.0
73	1224049.0
74	3755017.0
75	1.1247257E7
>>END_MODULE
>>Sequence Duplication Levels	warn
#Total Duplicate Percentage	31.163278675604992
#Duplication Level	Relative count
1	100.0
2	20.570578091346878
3	8.348300215379991
4	4.1702145928888825
5	2.351291206628838
6	1.5226864539580545
7	0.9445235522672143
8	0.7241347234048643
9	0.5445321388449622
10++	3.933368156676422
>>END_MODULE
>>Overrepresented sequences	warn
#Sequence	Count	Percentage	Possible Source
NNNNNNNNNNNNNNNNNNNNNNNNNNNNNNNNNNN	37994	0.20911457529250257	No Hit
>>END_MODULE
>>Kmer Content	warn
#Sequence	Count	Obs/Exp Overall	Obs/Exp Max	Max Obs/Exp Position
AAAAA	6356115	3.666062	8.45383	71
TTTTT	5406595	2.9912539	5.1425548	71
CCTGG	2858945	2.9715986	11.790458	3
CCAGG	2735220	2.8667667	12.0260105	3
CCCAG	2580195	2.7322495	10.775308	2
CAGCA	2912270	2.642516	6.944025	4
CTGGG	2559700	2.6333325	10.274569	4
TGCTG	2936815	2.5939608	7.7298446	2
CCAGC	2409205	2.551183	6.4138517	3
GGAGG	2408850	2.4732862	5.5483503	6
GCTGG	2395720	2.4646354	6.616366	3
TCCAG	2672685	2.4050162	9.147839	2
CTGCT	2662290	2.3758	6.578268	9
AGCAG	2626550	2.3588696	5.522022	7
CTCCT	2590325	2.335482	6.471437	1
CTCCA	2559935	2.327378	6.7991166	1
GCTGC	2228455	2.3162649	5.6342998	8
CAGGA	2577845	2.315128	9.6787195	4
AGGAG	2600225	2.3113272	6.8397174	5
CAGCC	2161555	2.2889385	5.332785	9
CTGGA	2567820	2.2870047	8.893225	4
TCCTG	2536950	2.2639477	9.132188	2
CTTCT	2938970	2.2517478	5.0110836	1
GGCTG	2185790	2.2486665	8.145781	7
CCTGC	2098455	2.2036963	6.192562	3
GGCAG	2115745	2.1948035	6.143725	7
CAGAG	2442295	2.1933925	7.574164	4
CTGCA	2429480	2.1861682	6.547295	4
CTGCC	2075120	2.179191	5.6417003	9
GCAGG	2096805	2.1751559	6.5325146	3
CTCTG	2429110	2.1677125	7.4807143	2
CCCTG	2046030	2.148642	8.797752	2
TGCAG	2411410	2.1476998	6.9013395	2
TGGAG	2385380	2.1027727	6.5000925	5
GCCTG	1991565	2.0700405	6.5915594	7
CAGGG	1989950	2.064308	9.013172	4
AGCTG	2315010	2.061842	5.8382406	7
CACAG	2259150	2.0498922	7.2322993	7
CTGTG	2292800	2.0251303	9.012895	9
GCCAG	1901945	1.9934165	5.1013894	2
CAGAA	2559260	1.9898413	5.358971	4
GGAGA	2233240	1.9851159	5.461328	6
CTGGC	1905985	1.9810884	5.3979654	4
CCCCA	1848080	1.977226	6.611462	1
CAGGC	1868855	1.9587351	5.7199774	4
CTCAG	2158220	1.9420748	5.967931	2
GGGAG	1871880	1.9219524	5.287044	7
TTCTG	2517460	1.9090596	5.233151	2
CTGAG	2135870	1.9022926	5.739005	4
CCAGA	2076640	1.8842875	6.6588655	3
CCTCT	2076910	1.8725779	5.630974	1
GGCCA	1747005	1.8310249	5.9418664	1
TCTGG	2054940	1.8150388	6.341402	3
CACTG	2002470	1.801923	7.48392	7
TGGGG	1766405	1.7986192	5.9692726	5
CAGTG	2017780	1.7971166	6.354007	9
AGAGG	2016910	1.7928214	5.01028	5
ACCTG	1980820	1.7824413	5.338009	7
TGGCC	1671090	1.7369378	5.4279838	5
GAGAG	1920810	1.7073985	5.3910956	7
CCTGA	1889555	1.7003164	5.5280933	3
ACAGA	2163445	1.6820928	5.8859615	8
GCCCA	1567995	1.6603992	6.6992693	1
GTGTG	1875465	1.6395627	7.939722	1
TCAGG	1839045	1.6379281	5.62949	3
ACACA	2058355	1.6169332	6.567912	6
CCTGT	1799590	1.6059353	5.562831	8
TGTGT	2129055	1.5979973	6.2610083	10
AGGTG	1795050	1.5823818	5.1738057	7
CACAC	1714195	1.5714983	6.644464	5
TGGGC	1519920	1.5636423	6.186478	5
GCTGT	1700995	1.5024146	5.4670935	8
ACAGC	1652105	1.4990758	5.5991063	8
CTGTC	1640860	1.4642863	5.8787017	9
GACAG	1589575	1.4275761	6.7889028	7
GCCCT	1352185	1.4199995	5.6938944	1
GGGCT	1375165	1.4147229	5.7528086	6
AGACA	1785915	1.3885608	5.3086033	6
AGGGC	1293905	1.3422542	5.400483	5
GTCCT	1466375	1.3085779	8.916238	1
GGACA	1442340	1.2953463	6.0974116	6
GTGCT	1424280	1.2580044	6.620725	1
AGGAC	1372810	1.2329024	8.362788	5
ACTGC	1363220	1.2266939	5.132451	8
TGTGC	1366350	1.2068373	5.969166	10
GTCCA	1339700	1.2055295	6.8566613	1
AGCAC	1314065	1.1923474	5.51642	5
GTCTT	1502395	1.1393077	5.3799415	1
TGGAC	1243890	1.107859	6.036895	5
GTGCA	1230815	1.0962139	5.9870963	1
ACAGT	1400430	1.079816	5.486675	8
ACTGT	1390510	1.0632778	6.299289	8
TGCAC	1176455	1.0586334	5.33033	5
GACTG	1169200	1.041337	5.9737988	7
GGACC	960955	1.0071708	5.187364	6
ACACT	1263115	0.9840087	5.106708	6
GGACT	1072090	0.9548468	5.3257327	6
CTACA	1221045	0.9512348	5.222415	4
TGTAG	1235600	0.93515325	5.4014416	2
TCCTA	1034465	0.7992013	5.2120104	2
TAGGA	1039375	0.7932186	5.1640916	4
GTGTA	898205	0.67979884	5.957756	1
TACAC	840540	0.6548088	5.0756435	5
>>END_MODULE
