##FastQC	0.10.1
>>Basic Statistics	pass
#Measure	Value	
Filename	001-F5_S2_L001_R1_001.fastq.gz	
File type	Conventional base calls	
Encoding	Sanger / Illumina 1.9	
Total Sequences	20276854	
Filtered Sequences	0	
Sequence length	35-76	
%GC	45	
>>END_MODULE
>>Per base sequence quality	pass
#Base	Mean	Median	Lower Quartile	Upper Quartile	10th Percentile	90th Percentile
1	31.426426604442682	32.0	32.0	32.0	32.0	32.0
2	31.477772291500447	32.0	32.0	32.0	32.0	32.0
3	31.52716683761692	32.0	32.0	32.0	32.0	32.0
4	31.597323480259806	32.0	32.0	32.0	32.0	32.0
5	31.5714768178535	32.0	32.0	32.0	32.0	32.0
6	35.18042458657541	36.0	36.0	36.0	36.0	36.0
7	35.19339987357013	36.0	36.0	36.0	36.0	36.0
8	35.136800264972074	36.0	36.0	36.0	36.0	36.0
9	35.2529969885861	36.0	36.0	36.0	36.0	36.0
10-14	35.18812214163005	36.0	36.0	36.0	36.0	36.0
15-19	35.1443187291283	36.0	36.0	36.0	36.0	36.0
20-24	35.092752297767696	36.0	36.0	36.0	36.0	36.0
25-29	34.9902469485651	36.0	36.0	36.0	36.0	36.0
30-34	34.90361797742391	36.0	36.0	36.0	36.0	36.0
35-39	34.88956369304523	36.0	36.0	36.0	36.0	36.0
40-44	34.835161504833174	36.0	36.0	36.0	36.0	36.0
45-49	34.73924412246762	36.0	36.0	36.0	35.2	36.0
50-54	34.620992500749026	36.0	36.0	36.0	32.0	36.0
55-59	34.47109860125336	36.0	36.0	36.0	32.0	36.0
60-64	34.32692310486288	36.0	36.0	36.0	32.0	36.0
65-69	34.18245695970303	36.0	36.0	36.0	32.0	36.0
70-74	34.073891813878795	36.0	36.0	36.0	32.0	36.0
75-76	33.42592606311392	36.0	34.0	36.0	26.5	36.0
>>END_MODULE
>>Per sequence quality scores	pass
#Quality	Count
2	44047.0
3	0.0
4	0.0
5	0.0
6	0.0
7	0.0
8	0.0
9	0.0
10	0.0
11	0.0
12	0.0
13	0.0
14	0.0
15	0.0
16	1.0
17	17.0
18	134.0
19	758.0
20	2876.0
21	7439.0
22	14784.0
23	26778.0
24	45886.0
25	78481.0
26	123080.0
27	180853.0
28	250342.0
29	332464.0
30	429281.0
31	555012.0
32	748042.0
33	1152314.0
34	2632555.0
35	1.365171E7
>>END_MODULE
>>Per base sequence content	fail
#Base	G	A	T	C
1	41.75055646650616	19.133963990429695	12.493331844874215	26.62214769818993
2	15.814369442069012	19.93962804732606	36.964471253138626	27.281531257466302
3	18.71965197071287	21.746887970906617	28.53953831356838	30.99392174481213
4	13.04618243643984	15.450985528448854	35.62250899529477	35.88032303981654
5	14.65864326190627	35.23027229983462	34.348175218594236	15.762909219664875
6	34.138056017594224	35.28081747117758	16.404525402002484	14.176601109225711
7	30.15994271086558	29.646944193161133	20.687801746935065	19.505311349038223
8	25.97886195425084	35.466700196369196	19.86400601755357	18.690431831826398
9	24.56665553128639	16.13690082646466	20.25538028410986	39.041063358139084
10-14	23.90482971300803	23.24428761173888	28.396996807828458	24.45388586742463
15-19	22.34476143197849	28.3628117604507	26.36025274255685	22.93217406501396
20-24	22.458244780226842	26.993449211869113	27.651116905916567	22.89718910198748
25-29	22.29522826839307	27.057626255446998	27.590395841566895	23.056749634593032
30-34	22.338286150622018	27.10475952492029	27.674689931541863	22.882264392915825
35-39	22.39342082036682	27.315435090616553	27.519872556774526	22.7712715322421
40-44	22.48695142642336	27.224402712397744	27.538912554460797	22.749733306718095
45-49	22.47121971831478	27.3622749565855	27.388563118686022	22.77794220641369
50-54	22.496237299895373	27.427107161711266	27.37593214705144	22.70072339134192
55-59	22.5195899730353	27.36269320148083	27.286659427772786	22.831057397711085
60-64	22.624747563758685	27.400937513533	27.27399820701938	22.70031671568894
65-69	22.645333673687563	27.484060546750783	27.231513182847834	22.639092596713827
70-74	22.919763859245563	27.715816747045608	27.19677710894223	22.1676422847666
75-76	26.927579194934548	35.01598642499894	28.18098480086231	9.875449579204206
>>END_MODULE
>>Per base GC content	fail
#Base	%GC
1	68.37270416469609
2	43.09590069953531
3	49.71357371552501
4	48.926505476256374
5	30.421552481571148
6	48.31465712681994
7	49.665254059903795
8	44.66929378607723
9	63.60771888942548
10-14	48.358715580432666
15-19	45.27693549699245
20-24	45.35543388221432
25-29	45.35197790298611
30-34	45.22055054353785
35-39	45.164692352608924
40-44	45.23668473314145
45-49	45.24916192472847
50-54	45.196960691237294
55-59	45.35064737074638
60-64	45.32506427944762
65-69	45.28442627040138
70-74	45.087406144012164
75-76	36.80302877413875
>>END_MODULE
>>Per sequence GC content	warn
#GC Content	Count
0	44060.0
1	22037.0
2	28.0
3	61.0
4	79.0
5	124.0
6	230.5
7	457.0
8	634.0
9	839.5
10	1374.0
11	2292.0
12	2909.5
13	3882.5
14	6350.0
15	10315.0
16	16287.0
17	20868.0
18	27832.5
19	42028.5
20	59975.0
21	73076.0
22	91822.0
23	124590.5
24	160110.5
25	184860.5
26	215549.5
27	264489.0
28	313675.5
29	348115.5
30	390371.5
31	455160.5
32	518354.5
33	562553.0
34	617770.0
35	697731.0
36	765364.0
37	807952.0
38	844234.5
39	880483.5
40	894365.5
41	895067.5
42	901116.0
43	904528.5
44	894246.0
45	877071.5
46	867108.0
47	853050.5
48	826702.0
49	799818.5
50	782730.5
51	763981.0
52	736088.0
53	710946.0
54	697669.5
55	683246.5
56	658820.0
57	633916.5
58	611343.5
59	578571.0
60	531101.0
61	476938.0
62	433316.0
63	392060.5
64	338360.5
65	289113.0
66	240587.0
67	204825.0
68	176923.5
69	143596.5
70	112587.5
71	91744.0
72	76166.5
73	59762.0
74	45683.5
75	36323.5
76	30350.0
77	24508.0
78	18614.5
79	14529.5
80	12230.5
81	9546.5
82	6704.0
83	4931.0
84	3919.5
85	2986.0
86	2152.5
87	1606.0
88	1302.5
89	969.5
90	687.0
91	510.0
92	404.5
93	437.0
94	386.5
95	244.0
96	191.5
97	146.0
98	90.0
99	58.5
100	38.0
>>END_MODULE
>>Per base N content	pass
#Base	N-Count
1	0.24717838378675508
2	0.21837707170944765
3	0.21736113501630974
4	0.21726250038590797
5	0.21722797826526735
6	0.24990563131736315
7	0.21722797826526735
8	0.21722797826526735
9	0.21722797826526735
10-14	0.21783162220332603
15-19	0.21744990618367133
20-24	0.21785430816831844
25-29	0.22004399696323698
30-34	0.22200386706931952
35-39	0.058147727964045895
40-44	0.007797230937595104
45-49	0.002967604502390179
50-54	0.0029207204374131534
55-59	0.004191956655854873
60-64	0.002025901811595942
65-69	0.002473879219723789
70-74	0.00620973934493746
75-76	0.021381972722620272
>>END_MODULE
>>Sequence Length Distribution	warn
#Length	Count
35	59255.0
36	22137.0
37	28652.0
38	30767.0
39	33396.0
40	34001.0
41	35999.0
42	38179.0
43	41937.0
44	45160.0
45	48638.0
46	49829.0
47	52000.0
48	52708.0
49	54611.0
50	55390.0
51	56222.0
52	57949.0
53	60422.0
54	63505.0
55	65344.0
56	66981.0
57	68139.0
58	69253.0
59	69526.0
60	70120.0
61	70064.0
62	71561.0
63	72753.0
64	76537.0
65	77944.0
66	79935.0
67	80639.0
68	79910.0
69	85425.0
70	88665.0
71	102529.0
72	177949.0
73	495567.0
74	1321047.0
75	4080750.0
76	1.1985459E7
>>END_MODULE
>>Sequence Duplication Levels	warn
#Total Duplicate Percentage	34.99773840193513
#Duplication Level	Relative count
1	100.0
2	23.263395153238736
3	9.797143980879193
4	5.150818382597646
5	3.050403896771851
6	1.939309593682873
7	1.299428191087042
8	0.9772184068011981
9	0.7261065561371132
10++	5.068375034036245
>>END_MODULE
>>Overrepresented sequences	warn
#Sequence	Count	Percentage	Possible Source
NNNNNNNNNNNNNNNNNNNNNNNNNNNNNNNNNNN	44047	0.21722797826526735	No Hit
>>END_MODULE
>>Kmer Content	warn
#Sequence	Count	Obs/Exp Overall	Obs/Exp Max	Max Obs/Exp Position
AAAAA	7662650	3.797813	6.9893193	72
TTTTT	7139600	3.4449823	6.118918	72
CCTGG	3248645	3.082258	11.980834	3
CCAGG	3111215	2.9677346	12.968938	3
CCCAG	2938990	2.7955084	11.182365	2
CTGGG	2895315	2.7548306	9.90632	4
CCAGC	2766580	2.6315155	6.655137	3
GGAGG	2683975	2.5747683	5.914428	6
CAGCA	3147455	2.5453837	6.9809456	4
GCTGG	2640900	2.51276	5.819164	3
TGCTG	3078700	2.470227	6.4993877	2
TCCAG	3054495	2.4569986	9.907454	2
AGGAG	2907180	2.3644512	7.4114966	5
CAGCC	2482860	2.3616464	5.446234	9
CAGGA	2907220	2.3577836	10.480321	4
CTCCA	2928755	2.3491795	7.370056	1
CTCCT	2906025	2.3184848	6.730505	1
CTGGA	2852350	2.3009152	8.851057	4
GGCTG	2417900	2.3005803	8.06436	7
AGCAG	2811185	2.2798984	5.4210653	7
TCCTG	2845920	2.2769835	9.318778	2
CTGCT	2832630	2.2663503	6.5420623	9
GGCAG	2343260	2.2415469	6.0386667	7
CAGAG	2738970	2.2213314	7.615929	4
CCTGC	2345530	2.2190926	6.2638726	3
AGAAG	3215565	2.217249	5.0163894	5
GCTGC	2328735	2.2094634	5.5873485	8
GCAGG	2309100	2.2088697	6.471984	3
CTGCA	2736705	2.2013721	6.606837	4
CTGCC	2308275	2.1838458	5.744758	9
TGCAG	2697315	2.1758525	6.618131	2
GCCTG	2280610	2.163803	7.1019435	7
CCCTG	2286000	2.1627715	8.636721	2
CTCTG	2688715	2.1512058	7.166794	2
TGGAG	2627075	2.1252134	6.431096	5
CAGGG	2204830	2.1091256	8.949488	4
AGCTG	2563795	2.0681458	5.77847	7
CACAG	2527660	2.0441482	7.2737117	7
CAGGC	2128215	2.0300677	6.0005703	4
GCCAG	2123300	2.0253792	5.1472025	2
GGAGA	2485000	2.021086	5.683209	6
CTGGC	2121365	2.0127144	5.1967545	4
GGGAG	2079115	1.9945189	5.170477	7
CTGTG	2483935	1.9930112	8.67656	9
CAGAA	2869900	1.9732928	5.551656	4
CTCAG	2425095	1.950717	6.1197696	2
CCCCA	2049605	1.9440191	6.5040455	1
CTGAG	2401435	1.9371741	5.6858215	4
TTCTG	2822270	1.909583	5.1998477	2
CCAGA	2315290	1.8724022	6.8494506	3
GGCCA	1943975	1.8543242	5.7128224	1
CAGTG	2279645	1.8389292	6.4575	9
TGGGG	1920055	1.8320825	5.39077	5
CCTCT	2293445	1.829756	5.2876596	1
CACTG	2267250	1.8237481	7.5513835	7
TCTGG	2266935	1.8188989	6.041266	3
ACCTG	2221235	1.7867342	5.139031	7
TGGCC	1867470	1.7718233	5.294332	5
CCTGA	2125690	1.709879	5.490565	3
GAGAG	2088090	1.6982734	5.4655676	7
GCCCA	1780875	1.6939325	6.882099	1
ACAGA	2458875	1.6906792	5.984401	8
TCAGG	2059470	1.66132	5.7519755	3
TGGGC	1701480	1.618922	6.039333	5
CCTGT	2014005	1.611379	5.3317018	8
GGGCC	1411890	1.5885364	5.0551023	6
ACAGG	1950145	1.5815865	5.1044755	8
ACACA	2295730	1.5740309	6.4021573	6
AGCCT	1952110	1.5702535	5.018252	6
CACAC	1934920	1.5603586	6.707587	5
GTGTG	1915570	1.5413449	6.2322507	1
TGTGT	2227595	1.5115012	5.71009	10
ACAGC	1838065	1.4864646	5.748455	8
GCTGT	1816475	1.4574676	5.1010385	8
CTGTC	1816140	1.4530698	5.8264375	9
GACAG	1788015	1.4500976	7.100852	7
GGGCT	1491755	1.4193729	5.572234	6
GCCCT	1498820	1.4180249	5.389722	1
AGACA	1995400	1.3720021	5.5232596	6
AGGGC	1428265	1.3662689	5.425331	5
GGACA	1595250	1.2937633	6.2769017	6
GTCCT	1592235	1.2739264	7.971957	1
ACTGC	1559095	1.2541169	5.3704205	8
AGGAC	1511940	1.2261981	8.3550625	5
GTGCT	1526795	1.22504	5.440695	1
TGTGC	1488430	1.1942574	5.713676	10
AGCAC	1470385	1.1891177	5.5782366	5
GTCCA	1476440	1.1876303	6.6850176	1
GTCTT	1673860	1.1325544	5.1153216	1
TGGAC	1372735	1.1073488	6.0364532	5
GTGCA	1359405	1.096596	5.572804	1
TGCAC	1354005	1.0891451	5.450869	5
ACAGT	1576875	1.0784345	5.633131	8
ACTGT	1557280	1.0593389	6.3156466	8
GACTG	1295040	1.0446745	6.125352	7
GGACC	1054470	1.0058408	5.2581944	6
AGACT	1464900	1.0018542	5.26109	6
GGACT	1177995	0.95025736	5.3483925	6
TGTAG	1351430	0.9219218	5.0082297	2
TAGGA	1152735	0.7906027	5.126831	4
GTGTA	958710	0.6540152	5.451818	1
>>END_MODULE
