##FastQC	0.10.1
>>Basic Statistics	pass
#Measure	Value	
Filename	030-F5_S6_L003_R1_001_trimmed.fq.gz	
File type	Conventional base calls	
Encoding	Sanger / Illumina 1.9	
Total Sequences	9896302	
Filtered Sequences	0	
Sequence length	20-51	
%GC	42	
>>END_MODULE
>>Per base sequence quality	pass
#Base	Mean	Median	Lower Quartile	Upper Quartile	10th Percentile	90th Percentile
1	35.11607739941647	36.0	36.0	36.0	36.0	36.0
2	35.10241047615564	36.0	36.0	36.0	36.0	36.0
3	35.085013371661454	36.0	36.0	36.0	36.0	36.0
4	35.07719550191577	36.0	36.0	36.0	36.0	36.0
5	35.05984487943072	36.0	36.0	36.0	36.0	36.0
6	35.01395531381318	36.0	36.0	36.0	36.0	36.0
7	34.99185594780757	36.0	36.0	36.0	36.0	36.0
8	34.97916716769557	36.0	36.0	36.0	36.0	36.0
9	34.9669818079521	36.0	36.0	36.0	36.0	36.0
10	34.93377869834611	36.0	36.0	36.0	36.0	36.0
11	34.930436945032596	36.0	36.0	36.0	36.0	36.0
12	34.90573418232386	36.0	36.0	36.0	36.0	36.0
13	34.89958329889286	36.0	36.0	36.0	36.0	36.0
14	34.89066592753536	36.0	36.0	36.0	36.0	36.0
15	34.88085468693255	36.0	36.0	36.0	36.0	36.0
16	34.85763500345887	36.0	36.0	36.0	36.0	36.0
17	34.836387976033876	36.0	36.0	36.0	36.0	36.0
18	34.82274318225131	36.0	36.0	36.0	36.0	36.0
19	34.790228713715486	36.0	36.0	36.0	36.0	36.0
20	34.791379042393814	36.0	36.0	36.0	36.0	36.0
21	34.77411570110046	36.0	36.0	36.0	36.0	36.0
22	34.771946873363355	36.0	36.0	36.0	36.0	36.0
23	34.753430234118284	36.0	36.0	36.0	32.0	36.0
24	34.735803458055095	36.0	36.0	36.0	32.0	36.0
25	34.727276856957566	36.0	36.0	36.0	32.0	36.0
26	34.700578769094584	36.0	36.0	36.0	32.0	36.0
27	34.705606564643475	36.0	36.0	36.0	32.0	36.0
28	34.67548956326965	36.0	36.0	36.0	32.0	36.0
29	34.66497794734268	36.0	36.0	36.0	32.0	36.0
30	34.64781075383365	36.0	36.0	36.0	32.0	36.0
31	34.62166675290392	36.0	36.0	36.0	32.0	36.0
32	34.60973710095737	36.0	36.0	36.0	32.0	36.0
33	34.56768239050696	36.0	36.0	36.0	32.0	36.0
34	34.55705783006207	36.0	36.0	36.0	32.0	36.0
35	34.523181468559926	36.0	36.0	36.0	32.0	36.0
36	34.49678506248255	36.0	36.0	36.0	32.0	36.0
37	34.495550177808916	36.0	36.0	36.0	32.0	36.0
38	34.46351140146021	36.0	36.0	36.0	32.0	36.0
39	34.448138726235776	36.0	36.0	36.0	32.0	36.0
40	34.427079316495714	36.0	36.0	36.0	32.0	36.0
41	34.40353006790764	36.0	36.0	36.0	32.0	36.0
42	34.369450341176545	36.0	36.0	36.0	32.0	36.0
43	34.34449037855575	36.0	36.0	36.0	32.0	36.0
44	34.31884560217732	36.0	36.0	36.0	32.0	36.0
45	34.312198688965225	36.0	36.0	36.0	32.0	36.0
46	34.27083359328821	36.0	36.0	36.0	32.0	36.0
47	34.27417384150646	36.0	36.0	36.0	32.0	36.0
48	34.25743638446175	36.0	36.0	36.0	32.0	36.0
49	34.30817242876011	36.0	36.0	36.0	32.0	36.0
50	34.37575810589747	36.0	36.0	36.0	32.0	36.0
51	34.483213934788544	36.0	36.0	36.0	32.0	36.0
>>END_MODULE
>>Per sequence quality scores	pass
#Quality	Count
7	1.0
8	8.0
9	3.0
10	9.0
11	20.0
12	15.0
13	17.0
14	30.0
15	84.0
16	230.0
17	538.0
18	1163.0
19	2304.0
20	4438.0
21	7728.0
22	12666.0
23	20038.0
24	30575.0
25	45628.0
26	66565.0
27	91943.0
28	123945.0
29	164450.0
30	213228.0
31	276667.0
32	372064.0
33	542624.0
34	1027362.0
35	4424399.0
36	2467560.0
>>END_MODULE
>>Per base sequence content	pass
#Base	G	A	T	C
1	21.327217848485127	27.64020294679063	27.7123115057411	23.320267698983145
2	21.77722878629476	28.880058721968577	27.923138812096777	21.419573679639893
3	20.897309276660827	28.744294078452366	28.60026042061385	21.758136224272956
4	22.210066098794826	27.124282568937495	29.27297590692714	21.392675425340535
5	21.468886876452697	27.87826934709155	28.743173418758357	21.909670357697397
6	20.55940153895699	28.85757064112497	28.897394076079635	21.685633743838405
7	20.78366693296433	28.766382308188383	28.656137905138074	21.793812853709213
8	20.683470648305725	28.658318837908514	28.11689021653305	22.54132029725271
9	21.2875130984488	28.192772788774693	28.100353569699916	22.419360543076593
10	20.724681674250757	28.224940360657353	28.973968871941334	22.076409093150552
11	22.349777367111447	27.74611887981866	28.170992810105627	21.733110942964267
12	20.809306964409227	28.846547352051203	28.642540680833996	21.70160500270557
13	20.707034879937396	28.670269332955	29.34094408207596	21.28175170503165
14	20.945145929465212	28.27270778809551	29.420868882106966	21.36127740033232
15	20.717270937413186	28.802563389740964	29.056523540097984	21.423642132747865
16	20.669113598194926	28.677978899636695	29.540498515561218	21.11240898660716
17	20.93026451946708	28.167321497865732	28.141037301125337	22.761376681541844
18	20.989767765992053	29.57213955888807	28.075144916983923	21.36294775813595
19	21.76851836974622	28.197916916140965	28.640619478407476	21.392945235705337
20	22.295728062525328	27.730192784404238	28.77998203225503	21.1940971208154
21	22.229313047834623	27.714037971725524	28.835323286973306	21.221325693466543
22	21.175950226175488	28.96698821899103	28.87369780438838	20.983363750445097
23	20.92167010736021	28.78268574154096	29.056900952347647	21.238743198751184
24	20.596329555615817	29.05101579086873	28.78196368917168	21.570690964343772
25	20.907197368786438	29.15207762635395	28.31124252477585	21.629482480083766
26	21.028265451270475	28.05457004479768	28.767176690226837	22.149987813705007
27	22.090396303093947	28.163871633975614	28.439484128408694	21.30624793452175
28	20.687456884979692	28.847119394816005	28.500841967133823	21.964581753070476
29	21.921014846200105	27.93622034247265	28.358674280652473	21.784090530674767
30	20.91636452669609	29.570991915890353	28.040588256338218	21.472055301075336
31	21.00619421396327	28.792174943766742	28.731415024779967	21.470215817490022
32	21.09841656303605	29.287623945890466	28.121358280124266	21.492601210949218
33	20.912415144936617	27.941877822481064	29.328230335217604	21.817476697364715
34	21.10525644247604	29.165781767479583	28.794129342412706	20.934832447631674
35	20.96002800983957	27.635289877475856	29.213500255398657	22.19118185728592
36	21.384475721631535	28.421874433541273	28.058255353482892	22.1353944913443
37	21.054533819097273	28.5577002586657	28.05478146649982	22.332984455737204
38	21.39208984105573	28.77912319401286	27.692411193119813	22.136375771811593
39	21.384961273613392	28.545106839288504	27.9024661839682	22.167465703129903
40	20.864721745190355	28.10670702174517	29.321465022783126	21.70710621028135
41	21.519125395633527	27.961898955049808	28.67870612741533	21.840269521901337
42	21.73271938899475	27.720089436550378	28.944174842352066	21.603016332102808
43	21.350669522997638	28.886037421518434	28.390358106067076	21.37293494941685
44	21.425982265352257	28.234375224645696	28.109161797618682	22.230480712383365
45	21.715754828488837	28.854674328271823	28.025150448724602	21.404420394514737
46	21.289338152956024	30.068290013123942	27.600758635586786	21.041613198333245
47	21.813381494332766	28.09002144166338	27.891829178731513	22.204767885272343
48	21.710985584206636	28.73201939911017	28.696689055214343	20.860305961468857
49	22.05051419934878	28.256021242835715	28.83422222793793	20.859242329877574
50	23.01251417150377	28.137873531632817	28.393065911639464	20.456546385223948
51	21.593249420367005	29.76092283732001	28.296420133832527	20.349407608480462
>>END_MODULE
>>Per base GC content	pass
#Base	%GC
1	44.64748554746827
2	43.196802465934645
3	42.65544550093379
4	43.60274152413536
5	43.378557234150094
6	42.2450352827954
7	42.57747978667354
8	43.22479094555844
9	43.70687364152539
10	42.801090767401305
11	44.08288831007571
12	42.5109119671148
13	41.98878658496905
14	42.306423329797525
15	42.14091307016105
16	41.78152258480208
17	43.69164120100892
18	42.352715524128
19	43.16146360545156
20	43.48982518334073
21	43.45063874130117
22	42.15931397662059
23	42.160413306111394
24	42.167020519959586
25	42.5366798488702
26	43.17825326497549
27	43.396644237615696
28	42.65203863805017
29	43.705105376874876
30	42.38841982777143
31	42.47641003145329
32	42.59101777398527
33	42.729891842301335
34	42.04008889010771
35	43.15120986712549
36	43.51987021297584
37	43.38751827483448
38	43.52846561286732
39	43.5524269767433
40	42.571827955471704
41	43.359394917534864
42	43.33573572109756
43	42.723604472414486
44	43.65646297773562
45	43.12017522300358
46	42.33095135128927
47	44.018149379605106
48	42.57129154567549
49	42.90975652922635
50	43.46906055672772
51	41.942657028847464
>>END_MODULE
>>Per sequence GC content	warn
#GC Content	Count
0	7872.0
1	7007.5
2	4900.5
3	4063.5
4	4546.0
5	5131.0
6	5712.5
7	6554.5
8	7400.0
9	8844.0
10	10353.0
11	13040.0
12	15813.0
13	20192.0
14	24931.0
15	32185.5
16	39680.0
17	50816.0
18	62376.0
19	78106.5
20	94127.0
21	111659.5
22	129685.0
23	152486.5
24	176315.5
25	200494.5
26	248009.5
27	281699.0
28	324630.0
29	370203.5
30	422516.0
31	475907.5
32	532392.0
33	589205.5
34	632972.0
35	671574.5
36	678709.5
37	680843.0
38	669364.5
39	657281.5
40	642969.5
41	628356.0
42	622387.5
43	613772.0
44	595635.0
45	577798.0
46	561615.0
47	544844.5
48	528925.5
49	513202.0
50	497302.5
51	480558.0
52	462296.0
53	442935.5
54	423505.5
55	403049.0
56	381557.0
57	359471.0
58	335587.5
59	310107.0
60	284838.0
61	258455.0
62	232605.0
63	208565.0
64	184588.0
65	162118.5
66	142866.0
67	124298.0
68	105034.0
69	85064.0
70	70254.0
71	57973.5
72	48383.5
73	39121.5
74	31687.5
75	23873.0
76	20096.0
77	16894.5
78	13868.5
79	11349.5
80	8994.5
81	7376.5
82	5965.0
83	4874.0
84	3868.5
85	3157.0
86	2496.0
87	1975.5
88	1486.0
89	1175.0
90	934.5
91	780.0
92	631.5
93	540.5
94	447.5
95	378.0
96	316.5
97	275.0
98	235.0
99	402.5
100	579.0
>>END_MODULE
>>Per base N content	pass
#Base	N-Count
1	0.0011317358746731861
2	0.0017784420887721492
3	4.0419138381185214E-5
4	5.557631527412967E-4
5	6.062870757177781E-4
6	0.0012024693668402603
7	0.0010913167362920008
8	7.679636292425191E-4
9	9.296401827672599E-4
10	0.0015157176892944455
11	0.0019199090731062975
12	5.759727219318894E-4
13	0.0030112258093982986
14	0.003950970776760855
15	0.006618633909919079
16	0.0064973764947755235
17	0.0062851760182743
18	0.00817477073759471
19	0.004981658805481078
20	0.008002989399474672
21	0.008848405353345983
22	0.008023792624623143
23	0.009554686553425335
24	0.007537617293983168
25	0.010340916433859936
26	0.005852353311071199
27	0.011291544499710225
28	0.009078457406612695
29	0.011607475585386334
30	0.00902564492782017
31	0.011063946187122541
32	0.010920066568725803
33	0.009910925815051066
34	0.009963608756295678
35	0.009524034536438358
36	0.008778022361089903
37	0.009642726413225083
38	0.007830512898594858
39	0.00839133524353348
40	0.009418576618944808
41	0.007760443377851587
42	0.008400282180467393
43	0.008829547588065529
44	0.00877811092003533
45	0.008655647552549914
46	0.009441192907422534
47	0.007267453236174564
48	0.004213216376288571
49	0.005548011240050322
50	0.0070905147025683525
51	0.007971242993048654
>>END_MODULE
>>Sequence Length Distribution	warn
#Length	Count
20	18816.0
21	19305.0
22	20077.0
23	20678.0
24	21389.0
25	22191.0
26	23187.0
27	24337.0
28	25677.0
29	28206.0
30	28502.0
31	28611.0
32	29945.0
33	30610.0
34	31496.0
35	33666.0
36	31703.0
37	33236.0
38	34031.0
39	36784.0
40	37377.0
41	42980.0
42	43127.0
43	48441.0
44	54941.0
45	70930.0
46	112073.0
47	257036.0
48	521862.0
49	1042897.0
50	1439263.0
51	5682928.0
>>END_MODULE
>>Sequence Duplication Levels	warn
#Total Duplicate Percentage	24.937011872234446
#Duplication Level	Relative count
1	100.0
2	15.877566535024707
3	4.75457257165682
4	2.0802865628563514
5	1.1081117646679852
6	0.6957911080473396
7	0.4561297263865893
8	0.3781753522442485
9	0.275095188089087
10++	3.224476384978643
>>END_MODULE
>>Overrepresented sequences	warn
#Sequence	Count	Percentage	Possible Source
CAAGAAAACTGAAAATCATGGAAAATGAGAAACATCCACTTGACGACTTGA	13395	0.135353589653994	No Hit
>>END_MODULE
>>Kmer Content	warn
#Sequence	Count	Obs/Exp Overall	Obs/Exp Max	Max Obs/Exp Position
TTTTT	3743705	4.444948	6.6727233	13
AAAAA	3707245	4.4333997	5.6133385	13
GAAAA	2176110	3.4811246	9.238449	4
TTTTC	2214410	3.4639356	6.931953	4
AGAAA	2073170	3.3164513	8.545349	28
GCAGC	884300	3.2751918	3.5867794	22
GCTGC	849245	3.1408415	3.4832442	16
TTTCT	1954435	3.0572646	4.9527698	21
CAGCA	1099575	3.04445	3.3406417	23
CCAGG	806625	2.987506	6.373907	35
AAGAA	1750915	2.80094	6.0568724	2
GGAAA	1191315	2.5492854	9.348597	20
GAGAA	1162165	2.4869075	9.596315	27
TCCAG	875100	2.4194548	5.1188035	34
TTTCC	1147035	2.363933	5.2377934	22
AAAAT	1963810	2.3450978	6.2835727	22
TTTCA	1473685	2.3085566	5.0665636	14
ATTTT	1919305	2.282092	5.36853	2
GGTGG	589360	2.253485	5.879537	18
TGGAA	1045110	2.233211	6.7627654	19
TCCTC	819735	2.2257621	5.9060135	24
CCACC	620060	2.2213132	6.8769727	8
GAGGA	774840	2.2179768	5.601828	2
TTCCT	1058850	2.1821918	5.1528454	23
TTCCA	1042630	2.151854	5.0179257	6
TGAAA	1323910	2.1148186	7.2848744	10
TTCAG	990845	2.079308	5.9434047	15
CTGAA	985665	2.0714126	8.668977	9
TCCAC	756525	2.0570867	6.6726456	35
AAATG	1283115	2.0496523	7.4268775	23
AAACA	1292150	2.032924	5.1415544	30
CATTT	1268115	1.9865272	7.392748	1
AAAAC	1234555	1.9423105	6.989217	5
GTGGA	639210	1.827109	7.0011916	47
TGAGA	843745	1.8029305	8.908182	26
CCACT	626260	1.7028798	6.873576	36
CATGG	591075	1.6616248	7.5055165	17
CACCT	610280	1.6594286	5.2063603	9
CAAGA	749895	1.578199	6.4392557	1
AATGA	964740	1.5410789	6.8435717	24
AGTGG	533095	1.5237912	6.2784004	46
CATCC	558685	1.5191349	6.255686	33
CTTGA	717450	1.5055834	7.592212	47
ATGGA	701595	1.4991815	6.097937	18
ATGAG	699120	1.4938929	8.538632	25
TCAGT	701805	1.4727517	5.1800795	16
ACTGA	699840	1.4707402	7.9129844	8
AACTG	696395	1.4635004	7.9234385	7
CACTT	703060	1.4510254	7.597742	37
GAAAC	682510	1.4363834	5.483585	29
AAATC	880045	1.3825759	6.6166143	13
AAACT	878960	1.3808714	6.3272653	6
ACTTG	649980	1.363996	6.376957	46
AAGTG	620720	1.3263664	5.346673	47
ATCCA	613540	1.2680886	5.1195617	34
TCATG	596015	1.2507493	5.6235876	16
AATCA	779090	1.2239727	6.4170446	14
GACTT	515935	1.0826999	5.53939	45
CGCCA	296395	1.0796363	5.4067264	28
CTCGC	256640	0.9334839	5.244773	26
CCTCG	253345	0.92149895	5.664998	25
TCGCC	252565	0.91866183	5.2603817	27
CGTCC	197965	0.7200637	5.124229	40
GACGA	255520	0.71934855	5.878655	42
TGACG	254580	0.715673	5.789391	41
CGACT	179220	0.49550307	5.6661277	44
ACGAC	177265	0.49080276	5.7472315	43
>>END_MODULE
