##FastQC	0.10.1
>>Basic Statistics	pass
#Measure	Value	
Filename	030-F0_S1_L003_R2_001.fastq.gz	
File type	Conventional base calls	
Encoding	Sanger / Illumina 1.9	
Total Sequences	17808848	
Filtered Sequences	0	
Sequence length	35-76	
%GC	44	
>>END_MODULE
>>Per base sequence quality	pass
#Base	Mean	Median	Lower Quartile	Upper Quartile	10th Percentile	90th Percentile
1	31.35162083476708	32.0	32.0	32.0	32.0	32.0
2	31.106668606526373	32.0	32.0	32.0	32.0	32.0
3	31.159423282179734	32.0	32.0	32.0	32.0	32.0
4	31.193265841788307	32.0	32.0	32.0	32.0	32.0
5	31.193708879990442	32.0	32.0	32.0	32.0	32.0
6	34.855334943619035	36.0	36.0	36.0	36.0	36.0
7	34.84478327851414	36.0	36.0	36.0	36.0	36.0
8	34.779295381711385	36.0	36.0	36.0	32.0	36.0
9	34.87294787400061	36.0	36.0	36.0	36.0	36.0
10-14	34.774145469712586	36.0	36.0	36.0	32.8	36.0
15-19	34.70096756398842	36.0	36.0	36.0	32.0	36.0
20-24	34.62248337455629	36.0	36.0	36.0	32.0	36.0
25-29	34.53550995550077	36.0	36.0	36.0	32.0	36.0
30-34	34.443956240179034	36.0	36.0	36.0	32.0	36.0
35-39	34.39805739228357	36.0	36.0	36.0	32.0	36.0
40-44	34.32876174169788	36.0	36.0	36.0	32.0	36.0
45-49	34.21151773783991	36.0	36.0	36.0	32.0	36.0
50-54	34.08457756197056	36.0	36.0	36.0	32.0	36.0
55-59	33.91238360425787	36.0	36.0	36.0	32.0	36.0
60-64	33.76372308861287	36.0	36.0	36.0	29.0	36.0
65-69	33.604811970722245	36.0	36.0	36.0	27.0	36.0
70-74	33.46056642700363	36.0	36.0	36.0	27.0	36.0
75-76	32.84659653504082	36.0	34.0	36.0	20.5	36.0
>>END_MODULE
>>Per sequence quality scores	pass
#Quality	Count
2	27862.0
3	0.0
4	0.0
5	0.0
6	0.0
7	0.0
8	0.0
9	0.0
10	0.0
11	0.0
12	0.0
13	0.0
14	1215.0
15	4097.0
16	6779.0
17	9903.0
18	13386.0
19	18034.0
20	25226.0
21	36519.0
22	50823.0
23	70915.0
24	98864.0
25	135189.0
26	180276.0
27	235457.0
28	301026.0
29	380365.0
30	481078.0
31	618538.0
32	829173.0
33	1242802.0
34	2557762.0
35	1.0483559E7
>>END_MODULE
>>Per base sequence content	fail
#Base	G	A	T	C
1	44.544218980825164	18.104466362807965	11.30844452796917	26.0428701283977
2	16.255049587486443	19.65928654289928	38.62063595179133	25.465027917822948
3	20.6721536868175	21.463715906832455	28.230671985488353	29.633458420861697
4	13.487871383459934	15.017843752880939	36.729056476165496	34.76522838749363
5	15.005386888612327	34.9025219502494	35.366858475446406	14.725232685691866
6	33.92412058642513	35.367422327004604	17.027821116836723	13.680635969733542
7	30.303596115073837	29.391866868734507	20.98400709933233	19.32052991685932
8	25.747673438067846	35.955891690425226	20.311234074114566	17.985200797392356
9	25.161191993462673	15.858353059478759	20.4800806705146	38.50037427654397
10-14	23.91483689374706	23.587062044815738	28.994912880534297	23.503188180902903
15-19	21.811420356553906	28.9316509219455	27.292679944745473	21.964248776755124
20-24	21.96625091544417	27.80203415041213	28.282834259022533	21.948880675121167
25-29	21.336068764690552	28.183682277237043	28.257981868946974	22.222267089125427
30-34	21.481903197044304	28.09894681880971	28.60171421314881	21.817435770997175
35-39	21.36822267905074	28.42800862833797	28.417798683676182	21.78597000893511
40-44	21.73617383196872	28.272449301850877	28.573845450745626	21.417531415434777
45-49	21.65414904351339	28.26807494013661	28.16416057336627	21.913615442983726
50-54	21.339945840677835	28.811529976214633	28.27586905536511	21.572655127742422
55-59	21.57736902031849	28.334487193819573	27.86275432342601	22.225389462435928
60-64	21.721599851158718	28.16206739038078	28.306634419288194	21.809698339172307
65-69	22.075252784454253	28.722244967634197	27.779798533079397	21.422703714832156
70-74	22.35499147724908	28.906943980980948	27.84969589294537	20.888368648824603
75-76	25.517965146575	36.08353844423121	29.44463002325261	8.953866385941188
>>END_MODULE
>>Per base GC content	fail
#Base	%GC
1	70.58708910922287
2	41.72007750530939
3	50.305612107679195
4	48.25309977095356
5	29.73061957430419
6	47.60475655615867
7	49.62412603193316
8	43.73287423546021
9	63.661566270006645
10-14	47.41802507464997
15-19	43.77566913330903
20-24	43.91513159056534
25-29	43.55833585381598
30-34	43.29933896804148
35-39	43.15419268798585
40-44	43.153705247403494
45-49	43.56776448649712
50-54	42.91260096842026
55-59	43.80275848275442
60-64	43.53129819033102
65-69	43.49795649928641
70-74	43.24336012607368
75-76	34.471831532516184
>>END_MODULE
>>Per sequence GC content	fail
#GC Content	Count
0	27908.0
1	14021.0
2	209.5
3	434.5
4	583.5
5	779.5
6	1278.5
7	1938.5
8	2301.0
9	2660.0
10	3679.5
11	5148.5
12	5975.0
13	7091.0
14	9690.5
15	13606.0
16	19556.0
17	24003.0
18	30644.5
19	43870.5
20	60614.5
21	72610.0
22	89386.5
23	118982.5
24	150797.5
25	172570.5
26	200530.0
27	246501.0
28	294341.0
29	328486.5
30	372496.5
31	446309.0
32	524953.0
33	579501.5
34	650685.0
35	762878.5
36	855728.0
37	901584.0
38	914238.5
39	896434.5
40	847033.0
41	800011.5
42	782376.5
43	776810.5
44	761402.0
45	744696.0
46	736653.5
47	724177.0
48	701305.5
49	674605.5
50	655699.0
51	635745.0
52	603514.5
53	570710.5
54	549372.0
55	526314.0
56	492231.0
57	458536.0
58	431575.5
59	399935.0
60	358150.0
61	315697.5
62	282048.5
63	250836.0
64	212220.5
65	178942.0
66	146748.0
67	123789.5
68	106302.5
69	85555.0
70	66628.5
71	54346.0
72	45688.0
73	36525.5
74	28605.5
75	23497.0
76	20082.5
77	16227.5
78	12546.0
79	10168.0
80	8710.0
81	7052.0
82	5353.5
83	4293.5
84	3619.5
85	2884.0
86	2239.5
87	1847.0
88	1614.5
89	1406.5
90	1224.5
91	1120.0
92	1097.5
93	1061.5
94	1072.5
95	1111.0
96	1107.0
97	1191.5
98	1621.0
99	8395.0
100	14826.0
>>END_MODULE
>>Per base N content	pass
#Base	N-Count
1	0.20401656524891448
2	0.19997924627129168
3	0.1809718405143331
4	0.17046021168803283
5	0.16081893674425207
6	0.16006088658850925
7	0.15734313640051284
8	0.15660754699012536
9	0.15654016475405932
10-14	0.15645032177263796
15-19	0.15645032177263796
20-24	0.15645032177263796
25-29	0.15645032177263796
30-34	0.15645032177263796
35-39	0.03136777480932385
40-44	0.0
45-49	1.139099650168828E-6
50-54	0.0
55-59	0.0
60-64	0.0
65-69	8.459522703005758E-5
70-74	0.0
75-76	0.0
>>END_MODULE
>>Sequence Length Distribution	warn
#Length	Count
35	35764.0
36	10954.0
37	14517.0
38	15646.0
39	17197.0
40	17319.0
41	18931.0
42	20238.0
43	22964.0
44	24209.0
45	26105.0
46	26521.0
47	27474.0
48	27982.0
49	28959.0
50	28787.0
51	30569.0
52	31796.0
53	34180.0
54	35949.0
55	37575.0
56	39043.0
57	39566.0
58	40000.0
59	41077.0
60	44916.0
61	43180.0
62	43373.0
63	44010.0
64	49197.0
65	49992.0
66	51024.0
67	60343.0
68	51439.0
69	66435.0
70	60405.0
71	72089.0
72	135763.0
73	403246.0
74	1154291.0
75	3482101.0
76	1.1303722E7
>>END_MODULE
>>Sequence Duplication Levels	warn
#Total Duplicate Percentage	27.506192025642278
#Duplication Level	Relative count
1	100.0
2	17.014577415724315
3	5.863792271825928
4	2.8297336406023903
5	1.6279007449488183
6	1.0377029851546171
7	0.6545098879897101
8	0.4897100594887186
9	0.3945817031995284
10++	4.071091698376119
>>END_MODULE
>>Overrepresented sequences	warn
#Sequence	Count	Percentage	Possible Source
NNNNNNNNNNNNNNNNNNNNNNNNNNNNNNNNNNN	27862	0.15645032177263796	No Hit
CTGTAGGACGTGGAATATGGCAAGAAAACTGAAAATCATGGAAAATGAGA	21420	0.12027729137785892	No Hit
>>END_MODULE
>>Kmer Content	warn
#Sequence	Count	Obs/Exp Overall	Obs/Exp Max	Max Obs/Exp Position
AAAAA	8867205	4.248437	9.204639	71
GGGGG	2838085	4.103059	7.3005695	72
TTTTT	7219410	3.4221027	6.6666465	33
CCTGG	2486895	2.9755578	12.38198	3
CCAGG	2420605	2.9024522	12.851554	3
GAAAA	4751735	2.839374	8.679137	24
CAGCA	2935605	2.8223495	7.1729712	4
TGCTG	2990515	2.8148506	8.227869	2
AGAAA	4673955	2.792897	8.038603	48
TTTCT	4593330	2.7677102	8.998737	16
TTTTC	4547620	2.7401674	6.955387	24
GCTGC	2202400	2.635161	5.6359158	8
CCCAG	2150475	2.622521	10.352546	2
CTGCT	2691885	2.5769694	6.4474335	9
CCAGC	2068195	2.5221796	6.3860874	3
CTGGG	2137480	2.5146043	10.276433	4
AGCAG	2632385	2.4883943	5.12554	7
GGAGG	2107705	2.443229	5.5397587	6
GCTGG	2042280	2.4026077	6.745591	3
TCCAG	2496175	2.394738	9.414331	2
AAGAA	3981420	2.3790765	5.5598426	22
CTCCT	2321500	2.2602935	6.1365137	1
CAGCC	1847605	2.2531686	5.3649273	9
CTGGA	2381005	2.245949	8.954947	4
CTGCC	1797305	2.1871378	5.7337317	9
GAGAA	2926055	2.1806242	8.49809	47
AGGAG	2341460	2.1762717	6.6378794	5
CTCCA	2230290	2.1761444	6.199722	1
CCACC	1751755	2.172708	6.4345484	28
CCCTG	1777660	2.1632316	8.852181	2
CAGAG	2286785	2.1616986	7.4099045	4
GGCTG	1837290	2.1614504	7.945587	7
GGCAG	1829075	2.1563997	6.0637646	7
TCCTC	2212180	2.1538558	5.8237767	44
CTCTG	2244835	2.149004	7.2715425	2
CAGGA	2272500	2.1481948	8.947921	4
CCTGC	1763100	2.1455138	6.093764	3
TCCTG	2231405	2.1361473	8.421982	2
TTCTC	2768405	2.1204312	7.242852	17
TGGAA	2839630	2.1116886	7.615661	11
GTGTG	2261335	2.092815	12.559347	9
TTCCA	2720975	2.088571	5.431606	2
AAAAT	4357630	2.0833514	6.475905	72
GGAAA	2771260	2.0652642	8.131935	40
GCAGG	1750945	2.0642877	6.4101677	3
ATTTT	4320440	2.052341	5.460549	22
TTCCT	2656485	2.034707	5.1896	43
TTTCC	2651625	2.0309849	5.15062	42
CACAG	2108225	2.0268898	7.895708	7
CAGGG	1712970	2.019517	9.076677	4
GCCTG	1681915	2.0124032	6.4346156	7
GCCAG	1668380	2.0004888	5.289559	2
TTTCA	3298700	1.9918928	5.016626	34
CTGTG	2110330	1.9863681	8.980031	9
CAGTG	2101985	1.9827555	11.286706	7
CCCCA	1596455	1.9800887	6.3988166	1
CTGCA	2060915	1.9771657	6.099394	4
CTGGC	1642335	1.965046	5.537193	4
CATTT	3249315	1.9620721	7.90024	14
TGAAA	3270355	1.950002	6.8378396	30
TGGAG	2074155	1.9237	5.9635234	5
TGCAG	2033965	1.9185936	6.329599	2
CTGAA	2536030	1.9180766	7.951343	29
AGCTG	2031495	1.9162639	5.495798	7
TTCAG	2513705	1.8971238	5.5411053	35
GGGAG	1634540	1.8947413	5.2888775	7
TCCAC	1939840	1.8927457	5.623365	55
CACAC	1933185	1.8902967	7.6631365	5
CAGGC	1574455	1.887867	5.4917974	4
GTGGA	2030075	1.8828175	6.2223077	9
GGAGA	2019765	1.8772721	5.183343	6
CCTCT	1917005	1.866463	5.549852	1
CTCAG	1945500	1.8664408	5.6792665	2
CACTG	1938845	1.8600562	7.690847	7
TTCTG	2437165	1.8354225	5.093924	2
CTGAG	1931375	1.821823	5.4333234	4
TGTGT	2454935	1.8178068	8.715139	10
ACACA	2356645	1.8166838	7.55995	6
TGGGG	1560760	1.8053452	6.1402273	5
CCAGA	1875060	1.8027202	6.1762276	3
GAGAG	1931045	1.7948112	5.609421	7
TGTTT	3007810	1.781968	5.329519	72
GGCCA	1476000	1.7698135	5.7765603	1
AAATG	2927885	1.7457988	6.9825087	43
TCTGG	1854725	1.7457775	6.166055	3
ACCTG	1808855	1.7353486	6.6229496	8
TCTCA	2255515	1.7312925	6.665173	18
AAAAC	2823230	1.7157738	6.7726083	25
GTCCT	1788960	1.7125899	17.791441	1
TGGCC	1404475	1.6804476	5.240967	5
TGGCA	1779775	1.6788219	6.819925	18
CCACT	1710285	1.6687636	5.863722	56
ACAGA	2200930	1.6681995	6.3431	8
ATTTC	2739190	1.6540374	8.049081	15
CACCT	1691965	1.6508884	5.1225743	29
CCTGA	1689575	1.6209157	5.0544724	3
GCCCA	1313255	1.6015246	6.447918	1
TGAGA	2143170	1.5937667	7.8094516	46
AGGAC	1661855	1.5709519	17.459246	5
CCTGT	1640330	1.5703049	5.3523006	8
CATGG	1662255	1.567968	5.8956046	37
AGTGG	1679220	1.5574127	7.641191	8
TCAGG	1647005	1.553583	5.3003564	3
ATGGC	1630610	1.5381179	11.80164	17
GGGCC	1013305	1.5153373	5.0158186	6
CTGTC	1581415	1.513905	6.0067587	9
CAAGA	1994705	1.5118909	5.6881347	21
TGGGC	1282085	1.5082883	6.101999	5
ACAGC	1556220	1.496181	5.732099	8
GCTGT	1584490	1.4914162	5.558689	8
CATCC	1493160	1.4569099	5.1169076	53
CCCCT	1159175	1.4346524	5.002783	1
TCATT	2366560	1.4290278	5.2319136	20
GACAG	1502160	1.4199922	6.6902204	7
ACTGA	1870235	1.4145156	7.218378	28
ATGGA	1896480	1.4103159	5.0331063	38
CACTT	1821510	1.3981583	6.9741983	57
GGGCT	1184700	1.3937212	5.849784	6
GCCCT	1144935	1.3932697	5.76587	1
GGACA	1465450	1.3852901	7.175358	6
CTCAT	1799135	1.3809836	6.1447353	19
AATGA	2300840	1.371913	6.4667263	44
TGTGC	1446000	1.3610612	8.81742	10
TGTCC	1396215	1.336611	5.2043977	10
AACTG	1758415	1.3299426	7.150392	27
ATGAG	1769760	1.3160807	7.5013533	45
AGGGC	1106275	1.3042501	5.495337	5
AAGTG	1745645	1.2981477	5.572489	7
GCACA	1346585	1.2946339	5.0601597	6
GCAAG	1364845	1.2901883	6.4558287	20
AAACT	2108970	1.2789513	6.144014	26
GGCAA	1343150	1.2696799	6.49599	19
GTGCT	1341365	1.2625725	7.151098	1
GTCCA	1283350	1.2311984	7.077973	1
GGAAT	1638905	1.2187706	6.994993	12
AGCAC	1241610	1.1937088	5.690995	5
TACAG	1577765	1.1933117	8.365715	5
CTGTA	1557445	1.1754227	8.717149	1
GTGCA	1236870	1.1667118	7.048459	11
AAATC	1915015	1.1613303	6.3112955	33
TGGAC	1211995	1.1432477	6.059917	5
ACAGT	1484950	1.1231127	7.326994	6
AGTGT	1509675	1.1202667	8.173116	8
AATAT	2324635	1.1090132	6.5054755	14
GGACC	917275	1.0998683	8.534826	6
AATCA	1811335	1.0984551	6.186767	34
GTCTT	1455715	1.0962951	5.1775575	1
ACACT	1406765	1.0821227	5.1819725	6
GACCT	1116940	1.071551	5.9395127	7
CTACA	1387290	1.067142	9.647675	4
ACTGT	1411960	1.0656234	5.919283	8
TCCTA	1379495	1.0588756	11.1644	2
TGCAC	1092700	1.0482959	5.296457	5
TAGGA	1396065	1.0381826	11.410879	4
TGTAG	1391080	1.0322622	9.788786	2
GACTG	1062300	1.0020438	5.579263	7
TATGG	1349175	1.0011663	9.174426	16
ATATG	1622940	0.96563375	7.8542123	15
GGACT	966895	0.9120504	5.1458497	6
CCTAC	932500	0.9098612	9.244011	3
GTAGG	965280	0.8952606	9.803094	3
GAATA	1497845	0.89311445	5.748518	13
TGGCG	698780	0.8220686	6.997511	18
CGTGG	670780	0.7891284	5.259289	9
GTGTA	1058270	0.7852979	6.3048606	1
CCTCG	643965	0.78363997	5.035157	45
TACAC	987910	0.75992787	5.6435256	5
GGACG	638480	0.7527401	9.882457	6
ACGTG	779845	0.73561037	7.401864	8
GCGAG	603065	0.7109874	6.978984	20
GGCGA	585150	0.6898663	7.017068	19
GACGT	582865	0.5498035	7.241946	7
>>END_MODULE
