##FastQC	0.10.1
>>Basic Statistics	pass
#Measure	Value	
Filename	032-F5_S3_L004_R2_001_trimmed.fq.gz	
File type	Conventional base calls	
Encoding	Sanger / Illumina 1.9	
Total Sequences	43155897	
Filtered Sequences	0	
Sequence length	20-51	
%GC	44	
>>END_MODULE
>>Per base sequence quality	pass
#Base	Mean	Median	Lower Quartile	Upper Quartile	10th Percentile	90th Percentile
1	34.674139017432545	36.0	36.0	36.0	32.0	36.0
2	34.67350146840882	36.0	36.0	36.0	32.0	36.0
3	34.65258068903075	36.0	36.0	36.0	32.0	36.0
4	34.65299639120003	36.0	36.0	36.0	32.0	36.0
5	34.62956376506321	36.0	36.0	36.0	32.0	36.0
6	34.618368168781195	36.0	36.0	36.0	32.0	36.0
7	34.60794361428752	36.0	36.0	36.0	32.0	36.0
8	34.595745721610186	36.0	36.0	36.0	32.0	36.0
9	34.58409157849274	36.0	36.0	36.0	32.0	36.0
10	34.571054171345345	36.0	36.0	36.0	32.0	36.0
11	34.55439800034744	36.0	36.0	36.0	32.0	36.0
12	34.529339362358755	36.0	36.0	36.0	32.0	36.0
13	34.52970139862926	36.0	36.0	36.0	32.0	36.0
14	34.52074788296024	36.0	36.0	36.0	32.0	36.0
15	34.50621624201207	36.0	36.0	36.0	32.0	36.0
16	34.48988081512939	36.0	36.0	36.0	32.0	36.0
17	34.47875621725578	36.0	36.0	36.0	32.0	36.0
18	34.46285025659413	36.0	36.0	36.0	32.0	36.0
19	34.455033595988056	36.0	36.0	36.0	32.0	36.0
20	34.456067197490995	36.0	36.0	36.0	32.0	36.0
21	34.41976672537958	36.0	36.0	36.0	32.0	36.0
22	34.414229537847525	36.0	36.0	36.0	32.0	36.0
23	34.3919573829548	36.0	36.0	36.0	32.0	36.0
24	34.35946613453246	36.0	36.0	36.0	32.0	36.0
25	34.35650806581592	36.0	36.0	36.0	32.0	36.0
26	34.33447587840537	36.0	36.0	36.0	32.0	36.0
27	34.31342884361666	36.0	36.0	36.0	32.0	36.0
28	34.29615657790373	36.0	36.0	36.0	32.0	36.0
29	34.28375741008022	36.0	36.0	36.0	32.0	36.0
30	34.252301884553994	36.0	36.0	36.0	32.0	36.0
31	34.24555508187087	36.0	36.0	36.0	32.0	36.0
32	34.21758760778132	36.0	36.0	36.0	32.0	36.0
33	34.193805859778045	36.0	36.0	36.0	32.0	36.0
34	34.16575757137296	36.0	36.0	36.0	32.0	36.0
35	34.133691017911325	36.0	36.0	36.0	32.0	36.0
36	34.1290493334714	36.0	36.0	36.0	32.0	36.0
37	34.09902521412238	36.0	36.0	36.0	32.0	36.0
38	34.074588169768845	36.0	36.0	36.0	32.0	36.0
39	34.035503256041494	36.0	36.0	36.0	32.0	36.0
40	34.02565664135944	36.0	36.0	36.0	32.0	36.0
41	33.99748926419689	36.0	36.0	36.0	32.0	36.0
42	33.97608469947874	36.0	36.0	36.0	32.0	36.0
43	33.944292603476335	36.0	36.0	36.0	32.0	36.0
44	33.92539050563951	36.0	36.0	36.0	32.0	36.0
45	33.91129972178978	36.0	36.0	36.0	32.0	36.0
46	33.89271273948705	36.0	36.0	36.0	32.0	36.0
47	33.89801142902521	36.0	36.0	36.0	32.0	36.0
48	33.905768232693404	36.0	36.0	36.0	32.0	36.0
49	33.9452465950528	36.0	36.0	36.0	32.0	36.0
50	34.03613741219956	36.0	36.0	36.0	32.0	36.0
51	34.16014526933529	36.0	36.0	36.0	32.0	36.0
>>END_MODULE
>>Per sequence quality scores	pass
#Quality	Count
14	1601.0
15	3884.0
16	8094.0
17	14483.0
18	23741.0
19	38210.0
20	59278.0
21	88173.0
22	124994.0
23	175026.0
24	237726.0
25	320196.0
26	421427.0
27	544016.0
28	691199.0
29	868822.0
30	1093482.0
31	1400672.0
32	1872133.0
33	2770499.0
34	5232177.0
35	1.9019833E7
36	8146231.0
>>END_MODULE
>>Per base sequence content	pass
#Base	G	A	T	C
1	22.368203816966194	27.2486608261207	27.596383873100816	22.78675148381228
2	22.168908529770082	27.01295769514669	27.997375657852448	22.82075811723078
3	22.286099162763318	27.139811275386073	27.691149601177333	22.882939960673276
4	22.2856380438576	26.95963891099286	27.972844591783137	22.781878453366406
5	22.49118121678713	26.973122583919412	27.537831040796117	22.997865158497344
6	22.00147293891261	27.26197997923667	27.77113171810564	22.965415363745077
7	21.970851399520207	27.302630275533375	27.939331211213155	22.78718711373326
8	22.226777816683388	27.140829900011653	27.92824795057917	22.70414433272579
9	21.84763764729534	27.388986955826688	28.14727034870808	22.616105048169892
10	22.149628821294108	27.46243925830113	27.803340526093105	22.58459139431165
11	22.422488402917452	27.62501727168364	27.54603849388185	22.406455831517068
12	21.871181906507154	27.61472531323153	27.96967165534286	22.544421124918454
13	22.010248101203874	27.374592630990847	28.106360528203133	22.508798739602145
14	22.054327824538092	27.04175515109789	28.26401453317029	22.63990249119373
15	21.956721233253475	27.305190759909358	28.080535552302386	22.657552454534777
16	22.148650971152332	27.836904884632567	27.800965416151584	22.213478728063514
17	22.25726880384389	27.588931820835516	27.68467771623424	22.46912165908636
18	22.093064129798996	27.87973333053418	27.732017712434526	22.2951848272323
19	22.095895724285374	27.704047027454905	27.96920430132642	22.230852946933304
20	22.075377091571056	27.50086506138431	27.921352208250937	22.502405638793697
21	22.16047418152509	27.656614298757436	27.88918090302264	22.29373061669483
22	22.02016270395887	27.676860667495294	27.978806036473237	22.324170592072594
23	22.200720355431656	27.410873945613435	27.834142529314732	22.55426316964018
24	22.11727354504858	27.73348394973585	27.917094845253754	22.232147659961814
25	22.160345633587582	27.689206137019255	27.763411251774038	22.387036977619125
26	22.323805663175907	27.913978233498593	27.59281866105754	22.16939744226796
27	21.991291143635703	27.985300466675834	27.832872329145996	22.190536060542467
28	21.970796517279688	27.81134550631108	27.797489386284667	22.420368590124564
29	22.096822498857605	27.69299052850717	27.935911518634605	22.274275454000623
30	22.167408657646707	27.74121773133606	27.8066967862642	22.28467682475303
31	22.277860749117202	27.79751743024013	27.714898208556004	22.209723612086663
32	22.17522431414848	27.756847664243438	27.751450504399735	22.31647751720834
33	22.078170458672957	27.744974711659598	27.854108615544433	22.32274621412301
34	22.251582753642158	27.967555181381385	27.715764364337538	22.065097700638916
35	22.25029144426699	27.838107621668605	27.57820682187454	22.333394112189858
36	22.36805941364125	27.969762462658714	27.574585374593386	22.087592749106644
37	22.039442308094177	27.84899391011701	27.83358912269986	22.277974659088954
38	22.033249618259887	27.614828732610402	27.941480152200743	22.410441496928968
39	21.949767433131235	27.783213297726455	27.925135546807496	22.341883722334817
40	22.146539053607786	27.844509107811767	27.81968875537236	22.189263083208083
41	22.36192127691114	27.92254798908827	27.632243122895574	22.083287611105014
42	22.18919853226591	28.056030296737354	27.621724360248017	22.13304681074872
43	22.192884220042984	28.022457657135075	27.685180884877653	22.099477237944285
44	22.22217770473024	27.71141514777436	27.67551624223933	22.39089090525608
45	22.020427993103006	27.777384815158797	27.883923605043453	22.31826358669474
46	22.14385060026853	27.81133621269612	27.656412375731428	22.388400811303924
47	22.0712509311719	27.88959865101186	27.7737456776946	22.265404740121635
48	22.15612042914318	28.176930628781005	27.795025195100415	21.8719237469754
49	22.43766359614595	28.19100460092867	27.697450633189817	21.673881169735562
50	22.334848644770133	28.447077682524956	27.774235891289322	21.443837781415585
51	22.014753130050206	28.701032970884206	28.010776213466166	21.273437685599426
>>END_MODULE
>>Per base GC content	pass
#Base	%GC
1	45.154955300778475
2	44.98966664700087
3	45.16903912343659
4	45.067516497224005
5	45.48904637528447
6	44.966888302657686
7	44.758038513253474
8	44.93092214940918
9	44.463742695465235
10	44.73422021560577
11	44.82894423443452
12	44.41560303142561
13	44.51904684080602
14	44.69423031573182
15	44.614273687788256
16	44.36212969921585
17	44.72639046293024
18	44.388248957031294
19	44.326748671218674
20	44.57778273036475
21	44.45420479821992
22	44.344333296031465
23	44.754983525071836
24	44.349421205010394
25	44.54738261120671
26	44.49320310544387
27	44.18182720417817
28	44.39116510740425
29	44.37109795285823
30	44.45208548239974
31	44.487584361203865
32	44.49170183135682
33	44.40091667279597
34	44.31668045428108
35	44.58368555645685
36	44.455652162747896
37	44.317416967183135
38	44.443691115188855
39	44.29165115546605
40	44.33580213681587
41	44.44520888801616
42	44.32224534301463
43	44.29236145798727
44	44.613068609986314
45	44.338691579797754
46	44.53225141157245
47	44.33665567129354
48	44.02804417611858
49	44.11154476588151
50	43.77868642618572
51	43.28819081564963
>>END_MODULE
>>Per sequence GC content	warn
#GC Content	Count
0	17804.0
1	15578.0
2	12193.5
3	11807.0
4	12790.0
5	14797.0
6	17135.5
7	20275.5
8	23450.0
9	28850.5
10	34640.5
11	44741.5
12	54943.5
13	72684.5
14	91773.5
15	123049.5
16	155689.0
17	203515.0
18	253028.5
19	320419.0
20	388978.5
21	474286.5
22	561954.0
23	666428.5
24	772198.0
25	876079.5
26	1071680.5
27	1200861.0
28	1337388.0
29	1476312.5
30	1617176.0
31	1759155.0
32	1900318.5
33	2043160.5
34	2177040.5
35	2305069.0
36	2410431.0
37	2509798.5
38	2569792.0
39	2625602.0
40	2640524.5
41	2646773.5
42	2628645.0
43	2598486.5
44	2544380.0
45	2485555.0
46	2419301.5
47	2349980.0
48	2278298.5
49	2207766.5
50	2150492.5
51	2097019.5
52	2049844.5
53	2004133.5
54	1962544.5
55	1916200.5
56	1860126.5
57	1796955.0
58	1712976.0
59	1615506.0
60	1509825.0
61	1395854.5
62	1273302.5
63	1158166.0
64	1032412.5
65	909328.5
66	799575.0
67	693170.5
68	594818.0
69	500928.0
70	426322.0
71	355551.0
72	297424.5
73	243543.0
74	198422.5
75	147315.5
76	122953.0
77	101338.5
78	80920.5
79	65688.5
80	51915.5
81	42552.0
82	34070.5
83	27907.0
84	22296.0
85	18047.0
86	14062.0
87	11413.0
88	9051.5
89	7529.0
90	6131.5
91	5417.0
92	4869.5
93	4675.5
94	4503.5
95	4607.0
96	4746.5
97	5572.0
98	7902.5
99	27466.5
100	45511.0
>>END_MODULE
>>Per base N content	pass
#Base	N-Count
1	0.0
2	0.0033900349701919065
3	0.0
4	0.0
5	0.0
6	0.0
7	0.0
8	3.8928631236653474E-4
9	0.0
10	0.0
11	0.0
12	8.341849550711458E-4
13	0.0
14	0.0
15	0.0
16	0.0
17	0.0
18	0.0
19	0.0
20	0.0
21	0.0
22	0.0
23	0.0
24	5.355867969285168E-5
25	0.0
26	9.340241749741113E-6
27	0.0
28	0.0
29	0.0
30	0.0
31	0.0
32	0.0
33	0.0
34	0.0
35	7.356054239082868E-4
36	0.0
37	0.0
38	0.0
39	0.0
40	0.0
41	0.0035180813741365964
42	0.0
43	0.0
44	0.0017045861818376778
45	0.0
46	2.2081499822575148E-5
47	0.007973392246601908
48	0.0
49	0.0
50	0.0
51	0.0
>>END_MODULE
>>Sequence Length Distribution	warn
#Length	Count
20	49536.0
21	52215.0
22	54262.0
23	56331.0
24	58369.0
25	59740.0
26	62998.0
27	66511.0
28	70553.0
29	75898.0
30	76317.0
31	80500.0
32	82259.0
33	82895.0
34	85355.0
35	85823.0
36	88862.0
37	94090.0
38	99806.0
39	106159.0
40	110676.0
41	115448.0
42	122113.0
43	136165.0
44	169785.0
45	255130.0
46	461576.0
47	1190509.0
48	2526227.0
49	5049197.0
50	6905987.0
51	2.4624605E7
>>END_MODULE
>>Sequence Duplication Levels	warn
#Total Duplicate Percentage	39.79003715412282
#Duplication Level	Relative count
1	100.0
2	22.130925285325752
3	11.335792872813323
4	7.131295037920183
5	4.681889517924784
6	3.23410269262056
7	2.396818484343032
8	1.787137539748404
9	1.4272450145025184
10++	10.20927996844778
>>END_MODULE
>>Overrepresented sequences	pass
>>END_MODULE
>>Kmer Content	warn
#Sequence	Count	Obs/Exp Overall	Obs/Exp Max	Max Obs/Exp Position
AAAAA	15076450	4.750733	5.8309445	47
GGGGG	3981140	3.8095772	4.926353	47
TTTTT	12390875	3.7994592	4.2169204	47
CCTGG	4170930	3.1166322	3.9243166	9
>>END_MODULE
