##FastQC	0.10.1
>>Basic Statistics	pass
#Measure	Value	
Filename	029-F5_S4_L002_R2_001.fastq.gz	
File type	Conventional base calls	
Encoding	Sanger / Illumina 1.9	
Total Sequences	24451762	
Filtered Sequences	0	
Sequence length	35-76	
%GC	46	
>>END_MODULE
>>Per base sequence quality	pass
#Base	Mean	Median	Lower Quartile	Upper Quartile	10th Percentile	90th Percentile
1	31.315154629756336	32.0	32.0	32.0	32.0	32.0
2	31.072678197996527	32.0	32.0	32.0	32.0	32.0
3	31.119401661115464	32.0	32.0	32.0	32.0	32.0
4	31.154585792222253	32.0	32.0	32.0	32.0	32.0
5	31.109756671114337	32.0	32.0	32.0	32.0	32.0
6	34.793564774595794	36.0	36.0	36.0	36.0	36.0
7	34.775196936727916	36.0	36.0	36.0	36.0	36.0
8	34.67745670025743	36.0	36.0	36.0	32.0	36.0
9	34.83430003940003	36.0	36.0	36.0	36.0	36.0
10-14	34.71182559359117	36.0	36.0	36.0	32.8	36.0
15-19	34.606273502907484	36.0	36.0	36.0	32.0	36.0
20-24	34.544521871266376	36.0	36.0	36.0	32.0	36.0
25-29	34.46358830091672	36.0	36.0	36.0	32.0	36.0
30-34	34.388134278421326	36.0	36.0	36.0	32.0	36.0
35-39	34.34630602839793	36.0	36.0	36.0	32.0	36.0
40-44	34.25765595346184	36.0	36.0	36.0	32.0	36.0
45-49	34.12391013737399	36.0	36.0	36.0	32.0	36.0
50-54	33.97002025394223	36.0	36.0	36.0	32.0	36.0
55-59	33.80375719041937	36.0	36.0	36.0	30.0	36.0
60-64	33.643707493364204	36.0	36.0	36.0	27.0	36.0
65-69	33.51979830305031	36.0	36.0	36.0	27.0	36.0
70-74	33.385795283271406	36.0	36.0	36.0	27.0	36.0
75-76	32.40771024590391	36.0	34.0	36.0	20.5	36.0
>>END_MODULE
>>Per sequence quality scores	pass
#Quality	Count
2	50490.0
3	126.0
4	1494.0
5	4062.0
6	1474.0
7	1008.0
8	689.0
9	148.0
10	210.0
11	221.0
12	233.0
13	252.0
14	2074.0
15	7187.0
16	11950.0
17	17882.0
18	26320.0
19	34397.0
20	42175.0
21	53248.0
22	69269.0
23	95684.0
24	133445.0
25	187554.0
26	251065.0
27	329312.0
28	420289.0
29	527014.0
30	664075.0
31	855612.0
32	1163925.0
33	1793056.0
34	3809647.0
35	1.3896175E7
>>END_MODULE
>>Per base sequence content	fail
#Base	G	A	T	C
1	43.94943799392583	18.123053827164064	11.915759063510327	26.011749115399784
2	16.69929359949079	18.64433350858876	38.119093076546534	26.537279815373914
3	20.335763656850702	20.893186719943568	27.916636168430266	30.854413454775464
4	13.703099757963319	14.366024541355651	35.87387700471205	36.05699869596898
5	15.568124141308479	34.22820370698602	34.70708950062958	15.496582651075919
6	34.89354679449868	34.48649289290838	16.38463056987669	14.235329742716246
7	30.6544738517669	29.026180527823627	20.593430269957647	19.72591535045183
8	26.45927640939478	34.97489975722716	19.705952893642742	18.85987093973532
9	24.86275171784015	16.063477374052894	20.214996312977444	38.85877459512951
10-14	24.363514174337674	22.88015824107506	28.13523480866141	24.62109277592586
15-19	22.87142557271484	27.922750181985933	25.9433031850056	23.262521060293626
20-24	22.912644529087142	26.571668544904608	27.323387713867664	23.19229921214059
25-29	22.853724768742488	26.633310891005046	27.19841075116451	23.314553589087957
30-34	22.847546404263007	26.70537156562766	27.2912863320039	23.15579569810543
35-39	22.929125004349252	26.927646242672846	27.14674416322338	22.996484589754523
40-44	22.948286860976534	26.86290962315303	27.171969595022148	23.01683392084828
45-49	22.965729302164586	27.05093647332868	27.014146003520384	22.96918822098635
50-54	23.008173488243017	27.070586870960096	27.01521909157465	22.906020549222234
55-59	23.010275215038877	27.069211129093638	26.94386611727398	22.976647538593507
60-64	23.110186826462456	27.159472875157643	26.86826203986727	22.86207825851263
65-69	23.11111749908411	27.220873806554568	26.859979350149178	22.808029344212148
70-74	23.40719796345327	27.45900895037416	26.79226892365142	22.341524162521154
75-76	27.71743010330121	34.71593535936691	27.535633454620434	10.031001082711445
>>END_MODULE
>>Per base GC content	fail
#Base	%GC
1	69.9611871093256
2	43.2365734148647
3	51.19017711162617
4	49.760098453932294
5	31.0647067923844
6	49.12887653721493
7	50.38038920221874
8	45.3191473491301
9	63.72152631296966
10-14	48.98460695026354
15-19	46.13394663300846
20-24	46.104943741227736
25-29	46.168278357830445
30-34	46.003342102368435
35-39	45.925609594103776
40-44	45.96512078182482
45-49	45.934917523150936
50-54	45.91419403746525
55-59	45.98692275363238
60-64	45.972265084975085
65-69	45.919146843296254
70-74	45.748722125974425
75-76	37.74843118601265
>>END_MODULE
>>Per sequence GC content	warn
#GC Content	Count
0	50627.0
1	25544.0
2	790.0
3	1490.0
4	1871.5
5	2054.5
6	2147.5
7	2077.0
8	2112.5
9	2190.5
10	2647.5
11	3763.0
12	4537.0
13	5550.5
14	8143.5
15	12504.5
16	19327.0
17	24696.0
18	32949.5
19	48803.5
20	68973.5
21	84082.0
22	105719.5
23	143401.0
24	183934.5
25	211734.0
26	246226.5
27	302496.5
28	358349.5
29	396649.5
30	444834.5
31	517865.0
32	586604.5
33	633067.5
34	690867.5
35	775524.5
36	848364.5
37	895188.0
38	938730.5
39	991278.5
40	1020800.5
41	1033244.5
42	1046967.0
43	1056996.0
44	1052566.0
45	1036806.5
46	1027838.0
47	1014776.0
48	987989.0
49	959337.5
50	941230.0
51	920144.0
52	889584.5
53	864182.0
54	853276.5
55	840193.0
56	815420.5
57	790550.5
58	767047.5
59	725319.5
60	666137.5
61	603481.5
62	553563.0
63	502416.5
64	436359.0
65	376923.5
66	315585.0
67	271237.5
68	237605.5
69	195369.5
70	153685.0
71	124928.0
72	104618.5
73	82805.5
74	63147.0
75	50253.5
76	42232.0
77	33925.0
78	25923.5
79	20787.0
80	17695.5
81	14210.5
82	10691.0
83	8511.0
84	7265.0
85	5819.5
86	4542.5
87	3857.5
88	3374.5
89	2897.5
90	2547.5
91	2276.0
92	2141.0
93	2061.5
94	1877.5
95	1742.5
96	1715.5
97	1798.0
98	2116.5
99	15162.5
100	27974.0
>>END_MODULE
>>Per base N content	pass
#Base	N-Count
1	0.4081546352365118
2	0.2948989933731565
3	0.21038974614590147
4	0.20653726304059394
5	0.20668040200947482
6	0.20681945129353052
7	0.21057787164785918
8	0.2126554315390441
9	0.2320446272951618
10-14	0.2421412411915346
15-19	0.26240562950023805
20-24	0.26396052767076666
25-29	0.2686939288874151
30-34	0.2632047539150757
35-39	0.09879579870615728
40-44	0.06488102004497034
45-49	0.06676508196201182
50-54	0.059028361796452225
55-59	0.0665959571822534
60-64	0.06372707707831904
65-69	0.05078101097064231
70-74	0.054517936599641936
75-76	0.06326162438402687
>>END_MODULE
>>Sequence Length Distribution	warn
#Length	Count
35	63770.0
36	19787.0
37	25494.0
38	27875.0
39	30053.0
40	29842.0
41	31668.0
42	33126.0
43	35454.0
44	38831.0
45	41455.0
46	43481.0
47	45089.0
48	46233.0
49	47745.0
50	47229.0
51	48845.0
52	49588.0
53	51351.0
54	53633.0
55	55440.0
56	57325.0
57	58413.0
58	59234.0
59	60569.0
60	61027.0
61	59621.0
62	61537.0
63	62961.0
64	65913.0
65	66723.0
66	69895.0
67	69637.0
68	70675.0
69	74297.0
70	79774.0
71	98980.0
72	191500.0
73	602272.0
74	1603486.0
75	5126761.0
76	1.4985173E7
>>END_MODULE
>>Sequence Duplication Levels	warn
#Total Duplicate Percentage	36.92986806377326
#Duplication Level	Relative count
1	100.0
2	23.274009715994023
3	10.551351519681116
4	5.964281265570503
5	3.5835513203786746
6	2.4196562032884903
7	1.632567264573991
8	1.156109865470852
9	0.88596163428002
10++	6.2375435974090685
>>END_MODULE
>>Overrepresented sequences	warn
#Sequence	Count	Percentage	Possible Source
NNNNNNNNNNNNNNNNNNNNNNNNNNNNNNNNNNN	50490	0.206488186822692	No Hit
GGGGGGGGGGGGGGGGGGGGGGGGGGGGGGGGGGGGGGGGGGGGGGGGGG	27913	0.11415537252489207	No Hit
>>END_MODULE
>>Kmer Content	warn
#Sequence	Count	Obs/Exp Overall	Obs/Exp Max	Max Obs/Exp Position
GGGGG	4803765	3.963945	8.155105	72
AAAAA	8741245	3.8311355	7.6592827	72
TTTTT	7608645	3.211343	5.614335	72
CCTGG	4077325	3.0301006	11.800029	3
CCAGG	3872780	2.8998764	12.097946	3
CCCAG	3717490	2.824822	10.568736	2
CTGGG	3712640	2.7188168	9.955874	4
CCAGC	3435660	2.6106668	6.5357375	3
GGAGG	3426230	2.491174	5.705586	6
GCTGG	3353930	2.4561286	6.2125783	3
CAGCA	3702445	2.4427946	6.912157	4
TCCAG	3701230	2.4236474	9.690886	2
CTCCA	3581555	2.3800142	7.3343806	1
TGCTG	3700715	2.3700063	7.136331	2
CAGCC	3117185	2.3686662	5.404528	9
CAGGA	3595125	2.337372	10.089167	4
CTCCT	3543300	2.3369043	7.1273355	1
TCCTG	3534265	2.2969286	9.9024	2
AGGAG	3575340	2.2905858	7.0260644	5
GGCTG	3105705	2.2743502	7.8370132	7
CTGGA	3498170	2.2572503	9.000313	4
CTGCA	3421415	2.2404184	6.89048	4
CCTGC	2955285	2.2287722	6.4362245	3
CCCTG	2912605	2.1965845	8.722669	2
TGCAG	3385005	2.184229	7.1480846	2
CTGCT	3356625	2.1814802	6.383125	9
GCAGG	2951445	2.177744	6.5891113	3
CTGCC	2885695	2.1762898	5.503873	9
CAGAG	3346015	2.1754131	7.055659	4
GGCAG	2947010	2.1744716	5.58101	7
CTCTG	3327885	2.1628017	7.3093963	2
GCCTG	2909600	2.1622953	6.556449	7
AGCAG	3309555	2.1517084	5.0289183	7
CTTCT	3737970	2.1244717	5.030902	1
TGGAG	3289600	2.09169	6.4760475	5
GCTGC	2809045	2.0875669	5.2591944	8
CAGGG	2820435	2.0810773	8.627751	4
CACAG	3123780	2.0610037	7.219222	7
CCCCA	2641610	2.0370164	6.3255973	1
CAGGC	2706435	2.026536	5.89991	4
AGCTG	3133090	2.0216765	5.455146	7
CTGTG	3153635	2.0196462	8.850403	9
CTCAG	3037710	1.9891598	6.0259547	2
CTGGC	2660580	1.9772338	5.172859	4
GGAGA	3064450	1.9632778	5.5402803	6
CAGAA	3402450	1.9491588	5.313571	4
CTGAG	3014365	1.9450675	5.6700506	4
TCCCA	2867375	1.9054275	5.1113205	2
TTCTG	3340655	1.8709499	5.348069	2
TGGGG	2578130	1.8604473	5.5233736	5
CCTCT	2806265	1.8508093	5.344692	1
CCAGA	2800490	1.8477039	6.3964043	3
CACTG	2821450	1.847548	7.64733	7
GGCCA	2452075	1.836075	5.625055	1
CAGTG	2820050	1.8196826	6.4401526	9
ACCTG	2722055	1.7824619	5.1003594	7
TCTGG	2782885	1.7822107	6.15447	3
TGGCC	2355460	1.7504811	5.151258	5
CCTGA	2644910	1.7319456	5.6058273	3
GCCCA	2243660	1.7048976	6.4371266	1
ACAGA	2954845	1.6927396	5.8405476	8
TCAGG	2568645	1.6574594	5.717555	3
CCTGT	2521050	1.6384375	5.4013124	8
GAGAG	2532485	1.6224679	5.2280445	7
TGGGC	2184050	1.5994097	5.842802	5
ACACA	2677430	1.5565324	6.247402	6
GTGTG	2433415	1.5356615	7.5779824	1
TGTGT	2754880	1.5203679	5.761035	10
CACAC	2251300	1.5073576	6.3360085	5
ACAGC	2222680	1.4664772	5.670036	8
CTGTC	2250185	1.4624016	5.8586307	9
GCCCT	1927495	1.453649	5.5427675	1
GCTGT	2261730	1.4484537	5.031453	8
GGGCT	1947040	1.425844	5.50818	6
GACAG	2189985	1.4238195	6.889213	7
AGACA	2401195	1.3755707	5.403021	6
AGGGC	1840135	1.3577563	5.1454997	5
GGACA	1963970	1.2768757	5.9757733	6
ACTGC	1948495	1.2759179	5.314957	8
GTCCT	1926995	1.2523595	7.8952565	1
GTGCT	1933785	1.2384316	6.3434567	1
GTCCA	1830490	1.1986455	7.0383687	1
AGCAC	1798125	1.1863648	5.5021896	5
TGTGC	1846635	1.1826192	5.434269	10
AGGAC	1804310	1.1730728	6.980141	5
GTCTT	2037725	1.1412377	5.6536884	1
GTCCC	1492080	1.1252743	5.132593	1
TGCAC	1693635	1.1090298	5.550478	5
ACAGT	1941905	1.1041001	5.724808	8
GTGCA	1708015	1.102124	6.175836	1
ACTGT	1940045	1.094756	6.592581	8
TGGAC	1691975	1.091774	6.0657773	5
GACTG	1624930	1.0485121	5.972016	7
ACACT	1715490	0.9898132	5.168976	6
GGACT	1475175	0.9518803	5.218235	6
GTGTA	1219780	0.67826974	6.0555873	1
TACAC	1136200	0.65557104	5.0623856	5
>>END_MODULE
