##FastQC	0.10.1
>>Basic Statistics	pass
#Measure	Value	
Filename	004-F0_S5_L002_R1_001.fastq.gz	
File type	Conventional base calls	
Encoding	Sanger / Illumina 1.9	
Total Sequences	15530751	
Filtered Sequences	0	
Sequence length	35-75	
%GC	45	
>>END_MODULE
>>Per base sequence quality	pass
#Base	Mean	Median	Lower Quartile	Upper Quartile	10th Percentile	90th Percentile
1	31.31202869713126	32.0	32.0	32.0	32.0	32.0
2	31.36847310217001	32.0	32.0	32.0	32.0	32.0
3	31.46527885225898	32.0	32.0	32.0	32.0	32.0
4	31.549291660139293	32.0	32.0	32.0	32.0	32.0
5	31.5065944975874	32.0	32.0	32.0	32.0	32.0
6	35.094558595395675	36.0	36.0	36.0	36.0	36.0
7	35.104438156274604	36.0	36.0	36.0	36.0	36.0
8	35.03788786517793	36.0	36.0	36.0	36.0	36.0
9	35.18526663649427	36.0	36.0	36.0	36.0	36.0
10	35.05261812516343	36.0	36.0	36.0	36.0	36.0
11	35.14945909569988	36.0	36.0	36.0	36.0	36.0
12	35.08620980402042	36.0	36.0	36.0	36.0	36.0
13	35.123808436565625	36.0	36.0	36.0	36.0	36.0
14	35.095684104393925	36.0	36.0	36.0	36.0	36.0
15	35.0536370713818	36.0	36.0	36.0	36.0	36.0
16	35.06750169389748	36.0	36.0	36.0	36.0	36.0
17	35.059851130186814	36.0	36.0	36.0	36.0	36.0
18	35.06190505533184	36.0	36.0	36.0	36.0	36.0
19	35.05612008073531	36.0	36.0	36.0	36.0	36.0
20	35.04492216764019	36.0	36.0	36.0	36.0	36.0
21	35.03884216545613	36.0	36.0	36.0	36.0	36.0
22	35.024724239027464	36.0	36.0	36.0	36.0	36.0
23	35.00049791539379	36.0	36.0	36.0	36.0	36.0
24	34.989482157044435	36.0	36.0	36.0	36.0	36.0
25	34.967454439260536	36.0	36.0	36.0	36.0	36.0
26	34.920062397497716	36.0	36.0	36.0	36.0	36.0
27	34.89851875160448	36.0	36.0	36.0	36.0	36.0
28	34.8789287137499	36.0	36.0	36.0	36.0	36.0
29	34.8724122226929	36.0	36.0	36.0	36.0	36.0
30	34.84582786756416	36.0	36.0	36.0	36.0	36.0
31	34.825606372801936	36.0	36.0	36.0	36.0	36.0
32	34.80499835455478	36.0	36.0	36.0	36.0	36.0
33	34.79212949843829	36.0	36.0	36.0	36.0	36.0
34	34.792452470585616	36.0	36.0	36.0	36.0	36.0
35	34.78726901229696	36.0	36.0	36.0	36.0	36.0
36	34.81468214091715	36.0	36.0	36.0	36.0	36.0
37	34.79605501453747	36.0	36.0	36.0	32.0	36.0
38	34.78473613338387	36.0	36.0	36.0	32.0	36.0
39	34.77071087897616	36.0	36.0	36.0	32.0	36.0
40	34.76114976327096	36.0	36.0	36.0	32.0	36.0
41	34.74527189813653	36.0	36.0	36.0	32.0	36.0
42	34.73208785807149	36.0	36.0	36.0	32.0	36.0
43	34.71534329657038	36.0	36.0	36.0	32.0	36.0
44	34.701802702473586	36.0	36.0	36.0	32.0	36.0
45	34.689958396770265	36.0	36.0	36.0	32.0	36.0
46	34.66523836325243	36.0	36.0	36.0	32.0	36.0
47	34.666210883228125	36.0	36.0	36.0	32.0	36.0
48	34.64328625407573	36.0	36.0	36.0	32.0	36.0
49	34.62385803718512	36.0	36.0	36.0	32.0	36.0
50	34.60306300098562	36.0	36.0	36.0	32.0	36.0
51	34.59175327196986	36.0	36.0	36.0	32.0	36.0
52	34.578577356916476	36.0	36.0	36.0	32.0	36.0
53	34.550706148535326	36.0	36.0	36.0	32.0	36.0
54	34.53243556799342	36.0	36.0	36.0	32.0	36.0
55	34.49753314031887	36.0	36.0	36.0	32.0	36.0
56	34.48454817154059	36.0	36.0	36.0	32.0	36.0
57	34.46471861586343	36.0	36.0	36.0	32.0	36.0
58	34.42956020226172	36.0	36.0	36.0	32.0	36.0
59	34.41130702814512	36.0	36.0	36.0	32.0	36.0
60	34.38594425248037	36.0	36.0	36.0	32.0	36.0
61	34.36316124171569	36.0	36.0	36.0	32.0	36.0
62	34.334213822726646	36.0	36.0	36.0	32.0	36.0
63	34.30750169841545	36.0	36.0	36.0	32.0	36.0
64	34.2759125549231	36.0	36.0	36.0	32.0	36.0
65	34.24616691409062	36.0	36.0	36.0	32.0	36.0
66	34.212545333620625	36.0	36.0	36.0	32.0	36.0
67	34.18581128966608	36.0	36.0	36.0	32.0	36.0
68	34.13936570510299	36.0	36.0	36.0	32.0	36.0
69	34.134089628780664	36.0	36.0	36.0	32.0	36.0
70	34.09641100955361	36.0	36.0	36.0	32.0	36.0
71	34.06190791047972	36.0	36.0	36.0	32.0	36.0
72	34.032549831624806	36.0	36.0	36.0	32.0	36.0
73	33.995869626647924	36.0	36.0	36.0	32.0	36.0
74	33.954109868688526	36.0	36.0	36.0	32.0	36.0
75	33.22615160731782	36.0	36.0	36.0	21.0	36.0
>>END_MODULE
>>Per sequence quality scores	pass
#Quality	Count
2	26680.0
3	0.0
4	0.0
5	0.0
6	0.0
7	0.0
8	0.0
9	0.0
10	0.0
11	0.0
12	0.0
13	0.0
14	0.0
15	0.0
16	0.0
17	4.0
18	80.0
19	611.0
20	2495.0
21	7074.0
22	13733.0
23	22434.0
24	35971.0
25	57743.0
26	90341.0
27	135076.0
28	193308.0
29	263847.0
30	348301.0
31	460661.0
32	636430.0
33	987523.0
34	2239405.0
35	1.0009034E7
>>END_MODULE
>>Per base sequence content	fail
#Base	G	A	T	C
1	42.64282798875942	18.493134338986305	12.014751973448615	26.849285698805662
2	15.7801134940623	20.036498800863335	36.73958278441836	27.443804920656
3	18.844914990391878	21.712090972751607	28.319529754475454	31.123464282381057
4	12.90011507300244	15.571923012994457	35.70316467204	35.8247972419631
5	14.632847076100205	35.31535040054964	34.302242294943056	15.749560228407105
6	34.226812701439044	35.37008669336503	16.414560821771314	13.988539783424612
7	30.323106750478633	29.531798454741338	20.57918852409796	19.565906270682067
8	26.135135733060043	35.337667119816466	19.79955458150314	18.727642565620346
9	24.651812372610056	15.804567175236384	19.968325734360445	39.57529471779311
10	14.17975491490185	27.694516761276066	34.84114760388678	23.2845807199353
11	34.407282748428834	22.835427437190592	23.63554085361728	19.121748960763295
12	22.318352290384013	24.349648226128053	30.97548283364919	22.356516649838746
13	27.72343159850697	20.763547980029273	26.116148542534805	25.396871878928955
14	20.24637952338263	20.978308325862667	27.27686404389277	31.498448106861943
15	22.545521976515815	29.856218213950548	23.209980617967563	24.388279191566077
16	22.490474180231253	28.778060251233317	25.87421951165238	22.857246056883053
17	21.55514521134694	28.421399637527134	27.57341513901813	22.4500400121078
18	21.92192382010665	28.01282844295654	28.217208142473815	21.848039594462996
19	22.585524638382985	27.348295841064918	27.59623120191697	22.469948318635122
20	22.50548549545284	27.394589123668116	27.89790215716919	22.20202322370985
21	22.298606500760478	26.966873135125937	27.498366073460872	23.236154290652713
22	22.224271863634232	27.20086929448899	27.768926695169725	22.805932146707054
23	22.109193127405057	27.17523029919045	27.69171400208371	23.023862571320784
24	22.38040653335712	26.86812607737867	28.034239534326026	22.717227854938184
25	22.471510869629014	26.919220119670506	27.604266002135823	23.005003008564653
26	21.919741074440456	27.433461020235335	27.838528850811432	22.808269054512785
27	22.089815318685254	27.347457849586355	27.688381474812502	22.87434535691589
28	22.002137374112902	27.30620235162752	27.657522982189647	23.034137292069936
29	22.067320074305734	27.28847095659438	27.693526331469588	22.9506826376303
30	22.069035932562485	27.326629244667416	27.78783714290266	22.816497679867435
31	22.6856610757265	27.121824971002777	27.490560382495666	22.701953570775057
32	21.919636461933127	27.50251208214926	27.827529943587077	22.750321512330533
33	22.025466730641263	27.290632247491644	27.956450921825628	22.727450100041466
34	22.04741489266256	27.133205446926357	28.148971646614783	22.670408013796305
35	22.017817126869453	27.397017209222017	27.906444700878886	22.678720963029644
36	22.094975317269867	27.61706864046762	27.90304020323135	22.384915839031155
37	22.243537708819574	27.249194328860572	27.512636003023754	22.994631959296104
38	22.07881230232932	27.788913172605632	27.543366240380863	22.588908284684184
39	22.39308063867403	27.355133461414038	27.725006301120143	22.52677959879179
40	22.491660095990305	27.150808055481807	27.759345465371403	22.59818638315648
41	22.494094982220712	27.248351253633786	27.764964071590537	22.49258969255497
42	22.167348627153476	27.568948651269675	27.804016633681222	22.459686087895623
43	22.219551945665497	27.313795539989016	27.762664402815744	22.703988111529746
44	22.048989297710424	27.678261861692878	27.702116837514385	22.570632003082316
45	22.187014228953323	27.603742600257007	27.536680619257186	22.672562551532483
46	22.263081745840367	27.432147850653347	27.537887723765504	22.766882679740785
47	22.3470528209641	27.5364138738959	27.599881619455285	22.516651685684717
48	22.040826291439693	27.616524148688775	27.593166750037508	22.749482809834024
49	22.46267455430802	27.27612689139132	27.587313648949458	22.673884905351198
50	22.168439818999637	27.757234911535434	27.498979225887872	22.575346043577056
51	22.28096627869621	27.611973998800792	27.542995213606464	22.564064508896532
52	22.24833088378558	27.682244864136933	27.460253978902465	22.60917027317502
53	22.174185869125882	27.328157836947863	27.804988113058027	22.692668180868232
54	22.31404052483939	27.77026328359812	27.598811426615015	22.316884764947478
55	22.283744851868846	27.285623015879096	27.640432477988774	22.79019965426328
56	22.380551547887396	27.63416988513676	27.354606232551898	22.630672334423945
57	22.23340362868069	27.531243424247297	27.45668112542809	22.77867182164393
58	22.28639244223707	27.48863737814255	27.405871980120196	22.819098199500186
59	22.24465549322413	27.564809019983123	27.45400964451929	22.73652584227346
60	22.21097401662257	27.507027522839195	27.73608420907149	22.545914251466748
61	22.47655577020774	27.436277638367024	27.50401860961555	22.583147981809688
62	22.40729803897538	27.507248684067036	27.580008663065588	22.505444613892
63	22.387507665241717	27.761169612276742	27.395565398641224	22.45575732384031
64	22.401690900204795	27.44966464481452	27.342130402399604	22.80651405258108
65	22.319605753818777	27.67699849957293	27.458267232660948	22.545128513947343
66	22.325320676059842	28.00210893503932	27.202040633677832	22.470529755223005
67	22.45780134173821	27.45413240250437	27.330258760647556	22.757807495109862
68	22.440801046630277	27.790814715825253	27.528002490185767	22.240381747358708
69	22.730086887024665	27.555459507760443	27.445588076136456	22.268865529078433
70	22.875134519320532	27.37943095376018	27.34678622887121	22.39864829804808
71	22.540997944330396	27.852182102380464	27.253015285281883	22.35380466800726
72	22.46238211424979	27.957932987442668	27.505471637932672	22.07421326037487
73	23.274528030102466	28.582943525314736	27.42447970427742	20.718048740305377
74	24.32277127163388	30.93114392168773	27.819415301928156	16.92666950475023
75	29.56510010567399	41.360667448592096	29.074232445733912	0.0
>>END_MODULE
>>Per base GC content	fail
#Base	%GC
1	69.49211368756508
2	43.223918414718305
3	49.96837927277294
4	48.724912314965536
5	30.382407304507314
6	48.21535248486365
7	49.8890130211607
8	44.86277829868039
9	64.22710709040317
10	37.46433563483715
11	53.52903170919213
12	44.67486894022276
13	53.120303477435925
14	51.74482763024457
15	46.93380116808189
16	45.3477202371143
17	44.00518522345474
18	43.769963414569645
19	45.05547295701811
20	44.70750871916269
21	45.53476079141319
22	45.030204010341286
23	45.13305569872584
24	45.097634388295305
25	45.47651387819367
26	44.72801012895324
27	44.96416067560114
28	45.036274666182834
29	45.018002711936035
30	44.885533612429924
31	45.387614646501554
32	44.66995797426366
33	44.75291683068273
34	44.717822906458856
35	44.69653808989909
36	44.47989115630103
37	45.23816966811568
38	44.667720587013505
39	44.91986023746582
40	45.089846479146786
41	44.98668467477568
42	44.6270347150491
43	44.92354005719525
44	44.61962130079274
45	44.8595767804858
46	45.02996442558115
47	44.863704506648816
48	44.79030910127372
49	45.13655945965922
50	44.74378586257669
51	44.84503078759274
52	44.8575011569606
53	44.86685404999412
54	44.630925289786866
55	45.07394450613213
56	45.01122388231134
57	45.012075450324616
58	45.105490641737255
59	44.98118133549759
60	44.75688826808932
61	45.05970375201743
62	44.91274265286738
63	44.84326498908203
64	45.20820495278588
65	44.864734267766124
66	44.795850431282844
67	45.21560883684807
68	44.68118279398898
69	44.9989524161031
70	45.273782817368605
71	44.89480261233766
72	44.53659537462466
73	43.992576770407844
74	41.24944077638411
75	29.56510010567399
>>END_MODULE
>>Per sequence GC content	warn
#GC Content	Count
0	26689.0
1	13352.0
2	23.0
3	57.0
4	83.5
5	105.0
6	199.5
7	369.0
8	469.0
9	627.0
10	1103.0
11	1819.5
12	2233.5
13	2948.5
14	4891.0
15	7806.0
16	10007.5
17	13887.0
18	22157.5
19	32505.0
20	39612.5
21	51200.0
22	72730.5
23	96480.0
24	112611.5
25	133733.5
26	169151.0
27	205153.0
28	230068.0
29	260821.5
30	309404.0
31	358755.5
32	393252.5
33	433367.0
34	498641.5
35	563135.0
36	602453.5
37	638845.0
38	678089.5
39	696891.5
40	707310.5
41	708423.0
42	703352.0
43	700538.5
44	701640.5
45	696973.0
46	682221.0
47	664508.5
48	654942.5
49	643274.0
50	619107.5
51	594325.0
52	579314.0
53	564663.0
54	540273.0
55	515735.0
56	500402.0
57	482785.5
58	452963.5
59	416956.0
60	385101.5
61	350624.5
62	308623.5
63	269074.0
64	238023.5
65	211435.0
66	176600.0
67	141916.0
68	117345.0
69	99397.5
70	79148.5
71	59749.0
72	46757.0
73	38017.5
74	28761.0
75	20746.5
76	15585.5
77	12327.0
78	8884.5
79	5926.5
80	4277.0
81	3268.5
82	2145.5
83	1311.5
84	956.0
85	747.5
86	554.5
87	410.5
88	335.5
89	301.5
90	224.0
91	142.0
92	113.5
93	100.5
94	72.0
95	52.0
96	52.0
97	41.5
98	28.0
99	64.0
100	103.0
>>END_MODULE
>>Per base N content	pass
#Base	N-Count
1	0.17337860867127416
2	0.17178821552158038
3	0.17178821552158038
4	0.17178821552158038
5	0.17178821552158038
6	0.1717946543602431
7	0.17178821552158038
8	0.17178821552158038
9	0.17180109319890582
10	0.17275404132098957
11	0.1727154082890132
12	0.17228400609861041
13	0.17551630310729982
14	0.17245785474250408
15	0.17192343113349767
16	0.17279267435296594
17	0.17187835926285858
18	0.17233551680791223
19	0.1719813806814622
20	0.17180109319890582
21	0.1718397262308822
22	0.1718139708762313
23	0.17178821552158038
24	0.171820409714894
25	0.17178821552158038
26	0.1717946543602431
27	0.1718654815855331
28	0.17178821552158038
29	0.17190411461750948
30	0.17178821552158038
31	0.17178821552158038
32	0.17178821552158038
33	0.17178821552158038
34	0.17312749396342778
35	0.17178821552158038
36	0.0
37	0.0
38	0.0
39	0.0
40	0.0
41	0.0
42	0.0
43	3.1878403019522335E-4
44	0.0
45	0.0
46	0.0
47	0.0
48	0.0
49	0.0
50	0.0
51	0.0
52	0.0
53	0.0
54	0.0
55	0.0
56	0.0
57	0.0
58	0.0
59	0.0
60	0.0
61	0.0
62	0.0
63	0.0
64	0.0
65	0.0
66	0.0
67	0.0
68	0.0
69	0.0
70	0.0
71	0.0
72	0.0
73	0.0
74	0.0
75	0.0043213656268742484
>>END_MODULE
>>Sequence Length Distribution	warn
#Length	Count
35	35504.0
36	12503.0
37	16047.0
38	17063.0
39	18701.0
40	18617.0
41	20173.0
42	21235.0
43	24005.0
44	25256.0
45	27511.0
46	28114.0
47	28880.0
48	29554.0
49	30381.0
50	30521.0
51	31651.0
52	32939.0
53	34140.0
54	35955.0
55	37236.0
56	38262.0
57	38973.0
58	39143.0
59	40221.0
60	41289.0
61	40754.0
62	41544.0
63	42502.0
64	45569.0
65	47501.0
66	46638.0
67	49191.0
68	49058.0
69	56517.0
70	65423.0
71	124119.0
72	377298.0
73	1052120.0
74	3181479.0
75	9557164.0
>>END_MODULE
>>Sequence Duplication Levels	warn
#Total Duplicate Percentage	28.09051804750328
#Duplication Level	Relative count
1	100.0
2	19.14311135445897
3	7.088494969543494
4	3.3276298679077407
5	1.791116282253097
6	1.1080692628841284
7	0.7302717130928752
8	0.5105742248990487
9	0.3641092327698309
10++	2.8197933064129765
>>END_MODULE
>>Overrepresented sequences	warn
#Sequence	Count	Percentage	Possible Source
NNNNNNNNNNNNNNNNNNNNNNNNNNNNNNNNNNN	26680	0.17178821552158038	No Hit
>>END_MODULE
>>Kmer Content	warn
#Sequence	Count	Obs/Exp Overall	Obs/Exp Max	Max Obs/Exp Position
AAAAA	5257890	3.3356667	7.529048	71
TTTTT	5036125	3.110686	5.5650063	71
CCTGG	2353660	2.9850981	11.839182	3
CCAGG	2283985	2.9122622	13.136005	3
CAGCA	2597635	2.7760093	7.3528566	4
CCCAG	2138685	2.715678	11.331274	2
TGCTG	2532975	2.689273	6.8989363	2
CTGGG	2071100	2.637678	9.894189	4
GGAGG	1985050	2.5522325	5.732365	6
CCAGC	2008970	2.5509672	6.721474	3
AGCAG	2299925	2.468097	5.6412377	7
GCTGG	1934475	2.4636774	5.935017	3
CTGCT	2308165	2.4404228	6.7936373	9
TCCAG	2290525	2.4347565	9.8257	2
GCTGC	1882435	2.3874533	5.6761227	8
AGGAG	2211935	2.3835638	7.416491	5
CTCCT	2220640	2.3381402	6.535295	1
CAGGA	2157485	2.315242	10.264676	4
AGAAG	2559670	2.3117666	5.059643	5
CTCCA	2173895	2.3011942	7.175915	1
CTGGA	2155770	2.301064	8.827541	4
CAGCC	1805790	2.2929716	5.572967	9
CAGAG	2097785	2.2511766	7.9981356	4
TCCTG	2125390	2.2471745	9.040247	2
GGCTG	1755385	2.2355947	8.027149	7
GGCAG	1728405	2.2130363	6.179256	7
CCTGC	1730030	2.185057	6.2628407	3
CTCTG	2054955	2.1727037	7.3367314	2
CTGCC	1712380	2.1627648	5.7016373	9
CCCTG	1708555	2.1579337	8.796077	2
GCAGG	1684440	2.1567438	6.412693	3
CACAG	1994835	2.1318164	7.9137683	7
CTGCA	1993570	2.119103	6.3622127	4
TGCAG	1972215	2.105138	6.423383	2
TGGAG	1958465	2.0991714	6.3886814	5
CAGGG	1638525	2.0979545	9.276688	4
GCCTG	1623585	2.059159	6.8323355	7
CTGTG	1932895	2.0521648	9.153267	9
AGCTG	1920370	2.0497987	5.9850583	7
GGAGA	1887335	2.0337772	5.6825676	6
GCCAG	1587440	2.024112	5.358003	2
CAGAA	2204045	1.9823242	5.468971	4
CTGGC	1561175	1.980006	5.229097	4
CAGGC	1540720	1.9645402	5.8834963	4
CTCAG	1835160	1.9507178	6.1224265	2
GGGAG	1516930	1.9503579	5.275807	7
CCCCA	1533185	1.9387428	6.749621	1
CTGAG	1799120	1.9203768	5.7050853	4
TTCTG	2153585	1.9061159	5.135497	2
CCAGA	1775375	1.8972865	6.998448	3
CCTCT	1781675	1.8759484	5.3826065	1
AGAGG	1718750	1.8521115	5.2380385	5
CAGTG	1732175	1.8489199	6.6151404	9
GGCCA	1437550	1.8329903	5.789778	1
GAGAG	1691420	1.8226608	5.8318896	7
TCTGG	1716385	1.822295	6.1056128	3
CACTG	1703195	1.8104433	7.7228427	7
TGGGG	1414350	1.8087702	5.721622	5
ACCTG	1658720	1.7631677	5.215884	7
ACACA	1963125	1.758314	7.354184	6
CACAC	1640490	1.7458647	7.6660933	5
TGGCC	1365280	1.7315564	5.2277822	5
ACAGA	1919710	1.7265925	6.221635	8
GTGTG	1616900	1.7238243	7.3667526	9
CCTGA	1593325	1.6936545	5.4012337	3
GCCCA	1312850	1.667042	7.203245	1
TGTGT	1866500	1.6589034	6.6043634	10
TCAGG	1543130	1.6471336	5.773301	3
CCTGT	1512370	1.5990286	5.46752	8
AGGTG	1474440	1.5803716	5.1276207	7
GGCCT	1243120	1.5766234	5.0048203	6
TGGGC	1232285	1.5693935	6.0934014	5
ACAGG	1459955	1.5667081	5.136349	8
ACAGC	1456445	1.5564562	6.151335	8
GCTGT	1431140	1.519449	5.449956	8
CTGTC	1399430	1.4796172	5.963381	9
GACAG	1371565	1.4718548	7.1771283	7
GCCCT	1119590	1.4140608	5.5726943	1
GGGCT	1107725	1.4107585	5.835202	6
AGACA	1567965	1.4102321	5.656066	6
GTCCT	1285945	1.3596296	9.4341545	1
AGGGC	1059255	1.3562618	5.5921974	5
GGACA	1239565	1.3302029	6.5527864	6
AGGAC	1213135	1.3018404	9.914351	5
GCACA	1207040	1.2899251	5.0378075	6
GTGCT	1199600	1.2736217	5.874288	1
TGTGC	1189445	1.2628402	6.485643	10
AGCAC	1159510	1.2391312	5.8931384	5
ACTGC	1140230	1.212029	5.3051496	8
GTCCA	1134975	1.2064431	6.8235464	1
TGGAC	1054400	1.1254643	6.166374	5
GTGCA	1034475	1.1041963	5.650245	1
ACAGT	1228565	1.0990819	5.6775913	8
ACTGT	1208405	1.0752814	6.402296	8
TGCAC	1000665	1.0636758	5.3336687	5
GACTG	990280	1.0570227	6.191554	7
GGACC	809155	1.0317369	5.776954	6
ACACT	1113905	0.99237156	5.26217	6
AGACT	1103975	0.9876229	5.0572543	6
CTACA	1083210	0.9650254	5.601274	4
TGTAG	1072945	0.95872235	5.9948225	2
GGACT	897110	0.9575732	5.4916377	6
TAGGA	935880	0.8407325	6.1777854	4
TCCTA	934225	0.82785684	5.721708	2
GTAGG	718665	0.7702977	5.0979114	3
GTGTA	783465	0.7000596	5.857876	1
TACAC	755200	0.6728033	5.21534	5
>>END_MODULE
