##FastQC	0.10.1
>>Basic Statistics	pass
#Measure	Value	
Filename	040-F0_S2_L003_R1_001.fastq.gz	
File type	Conventional base calls	
Encoding	Sanger / Illumina 1.9	
Total Sequences	13597867	
Filtered Sequences	0	
Sequence length	35-76	
%GC	44	
>>END_MODULE
>>Per base sequence quality	pass
#Base	Mean	Median	Lower Quartile	Upper Quartile	10th Percentile	90th Percentile
1	31.338361303283815	32.0	32.0	32.0	32.0	32.0
2	31.423965538124474	32.0	32.0	32.0	32.0	32.0
3	31.504695699700548	32.0	32.0	32.0	32.0	32.0
4	31.586459552810744	32.0	32.0	32.0	32.0	32.0
5	31.55405542648711	32.0	32.0	32.0	32.0	32.0
6	35.149678916553604	36.0	36.0	36.0	36.0	36.0
7	35.16740037242606	36.0	36.0	36.0	36.0	36.0
8	35.09776400960533	36.0	36.0	36.0	36.0	36.0
9	35.216625813445596	36.0	36.0	36.0	36.0	36.0
10-14	35.15093624610389	36.0	36.0	36.0	36.0	36.0
15-19	35.11635561665665	36.0	36.0	36.0	36.0	36.0
20-24	35.07175804852334	36.0	36.0	36.0	36.0	36.0
25-29	34.965336092785726	36.0	36.0	36.0	36.0	36.0
30-34	34.87073224057862	36.0	36.0	36.0	36.0	36.0
35-39	34.81353467056517	36.0	36.0	36.0	36.0	36.0
40-44	34.74185198438833	36.0	36.0	36.0	32.8	36.0
45-49	34.66119329726435	36.0	36.0	36.0	32.0	36.0
50-54	34.55902346413196	36.0	36.0	36.0	32.0	36.0
55-59	34.429494373214645	36.0	36.0	36.0	32.0	36.0
60-64	34.29418468271432	36.0	36.0	36.0	32.0	36.0
65-69	34.13809576246593	36.0	36.0	36.0	32.0	36.0
70-74	33.99287307179847	36.0	36.0	36.0	32.0	36.0
75-76	33.51952433687195	36.0	36.0	36.0	26.5	36.0
>>END_MODULE
>>Per sequence quality scores	pass
#Quality	Count
2	10938.0
3	0.0
4	0.0
5	0.0
6	0.0
7	0.0
8	0.0
9	0.0
10	0.0
11	0.0
12	0.0
13	2.0
14	3.0
15	9.0
16	10.0
17	40.0
18	87.0
19	522.0
20	2064.0
21	5626.0
22	10935.0
23	18975.0
24	31713.0
25	52398.0
26	82884.0
27	123577.0
28	175360.0
29	238498.0
30	313797.0
31	414192.0
32	565865.0
33	865665.0
34	1879735.0
35	8804972.0
>>END_MODULE
>>Per base sequence content	fail
#Base	G	A	T	C
1	43.04550351297192	18.58769557123615	11.430978994591051	26.93582192120088
2	15.753434790157511	20.51490811499788	36.877303178665315	26.854353916179292
3	18.952730230650356	22.14624069942516	28.324737694588677	30.576291375335813
4	12.906477983361803	15.851919149647427	35.928891657562936	35.312711209427825
5	14.423561056365275	35.6617672764758	34.46650821535904	15.448163451799887
6	33.856699297077334	35.734050264539164	16.640007738192907	13.769242700190592
7	30.34949987594695	29.693244146635344	20.705238100530295	19.25201787688741
8	25.92446019258657	35.815466467808875	19.888637086423284	18.371436253181276
9	24.749196396594787	15.80954367455891	20.101103075117948	39.34015685372836
10-14	23.734358101848525	23.537788363531355	28.852815521426926	23.875038013193198
15-19	21.83495943244475	28.90744507415758	26.99773683344599	22.259858659951686
20-24	21.968261518999892	27.687011986825272	28.10865504594673	22.236071448228113
25-29	21.425659767285545	27.963773104392946	28.1489844970376	22.461582631283907
30-34	21.52465713546498	27.879366997035547	28.46903517456447	22.126940692934998
35-39	21.42791084001535	28.19884063193968	28.31647358695057	22.0567749410944
40-44	21.723960058111743	28.04727684489901	28.4535404853839	21.775222611605344
45-49	21.652376834254888	28.089989336587024	28.148368523942086	22.109265305216
50-54	21.451357666918323	28.45082828621457	28.220794555094997	21.877019491772113
55-59	21.62960341165851	28.067287475598096	27.90754635830289	22.395562754440498
60-64	21.746809708192295	27.959618391216733	28.23542511756173	22.058146783029244
65-69	22.025275862683834	28.33900457504768	27.8488184753124	21.786901086956085
70-74	22.295995341336397	28.529669254837593	27.87517491940481	21.2991604844212
75-76	25.685199954663595	35.74060516563306	29.372446790461225	9.201748089242114
>>END_MODULE
>>Per base GC content	fail
#Base	%GC
1	69.9813254341728
2	42.607788706336805
3	49.529021605986166
4	48.21918919278963
5	29.871724508165165
6	47.62594199726793
7	49.60151775283436
8	44.29589644576784
9	64.08935325032314
10-14	47.60939611504172
15-19	44.09481809239644
20-24	44.204332967228
25-29	43.887242398569455
30-34	43.65159782839998
35-39	43.48468578110975
40-44	43.499182669717094
45-49	43.76164213947089
50-54	43.32837715869044
55-59	44.02516616609901
60-64	43.80495649122154
65-69	43.81217694963992
70-74	43.5951558257576
75-76	34.886948043905704
>>END_MODULE
>>Per sequence GC content	fail
#GC Content	Count
0	10941.0
1	5478.5
2	24.5
3	51.5
4	69.5
5	114.0
6	224.5
7	407.0
8	527.5
9	715.0
10	1222.5
11	1949.0
12	2360.0
13	3015.5
14	4832.5
15	7658.0
16	11901.0
17	15207.5
18	20469.5
19	30637.5
20	43799.0
21	53630.0
22	66917.0
23	90961.0
24	116757.0
25	133538.0
26	155084.0
27	191367.0
28	227964.0
29	252931.0
30	284950.5
31	338516.0
32	395247.5
33	434206.5
34	484604.0
35	563659.0
36	629561.5
37	663308.0
38	674044.5
39	667849.5
40	639094.5
41	606244.0
42	593907.0
43	587131.5
44	572367.5
45	557859.5
46	549671.5
47	538838.5
48	519244.5
49	498722.5
50	484877.5
51	470650.0
52	448834.0
53	426704.5
54	412807.0
55	399687.0
56	379501.0
57	358427.0
58	341115.0
59	319923.5
60	290579.0
61	259179.5
62	234242.5
63	210549.5
64	180896.5
65	154790.0
66	128017.5
67	108692.0
68	94287.5
69	76239.0
70	59349.0
71	48445.0
72	40879.5
73	32436.0
74	24831.0
75	20266.0
76	17257.0
77	13714.5
78	10304.5
79	8178.0
80	6952.0
81	5521.5
82	3991.0
83	2962.0
84	2329.0
85	1729.0
86	1193.5
87	842.0
88	664.5
89	487.5
90	333.5
91	240.0
92	199.0
93	237.0
94	235.5
95	141.5
96	89.0
97	63.5
98	33.5
99	44.5
100	61.0
>>END_MODULE
>>Per base N content	pass
#Base	N-Count
1	0.0804390865126126
2	0.0804390865126126
3	0.0804390865126126
4	0.0804390865126126
5	0.0804390865126126
6	0.09780945790983248
7	0.0804390865126126
8	0.0804390865126126
9	0.08046114879635166
10-14	0.08190108051505432
15-19	0.08070971719314507
20-24	0.08138629389447624
25-29	0.08179076909635902
30-34	0.0829291829372945
35-39	0.02420337479934719
40-44	0.00979415073522976
45-49	0.010583317740380618
50-54	0.010735856230169587
55-59	0.00931539329658274
60-64	0.008818672023608058
65-69	0.0073875539762593145
70-74	0.0046152075794643
75-76	3.371462257719533E-4
>>END_MODULE
>>Sequence Length Distribution	warn
#Length	Count
35	13975.0
36	4644.0
37	6309.0
38	7263.0
39	7841.0
40	8507.0
41	9575.0
42	10429.0
43	12099.0
44	13225.0
45	14321.0
46	14946.0
47	15745.0
48	16210.0
49	16984.0
50	17437.0
51	18533.0
52	19455.0
53	20821.0
54	22327.0
55	23097.0
56	24410.0
57	24927.0
58	25154.0
59	26237.0
60	28339.0
61	27681.0
62	28138.0
63	28784.0
64	32103.0
65	32957.0
66	33918.0
67	38390.0
68	34321.0
69	42878.0
70	40709.0
71	50627.0
72	100121.0
73	313705.0
74	904126.0
75	2763908.0
76	8702691.0
>>END_MODULE
>>Sequence Duplication Levels	warn
#Total Duplicate Percentage	27.908517426991736
#Duplication Level	Relative count
1	100.0
2	18.412357341225597
3	6.3165149703026495
4	2.944733872548026
5	1.5852101112890475
6	0.9885602697424878
7	0.6703019737420013
8	0.5128620948288095
9	0.35001655483705313
10++	3.3609697755974945
>>END_MODULE
>>Overrepresented sequences	warn
#Sequence	Count	Percentage	Possible Source
CTGTAGGACGTGGAATATGGCAAGAAAACTGAAAATCATGGAAAATGAGA	14559	0.10706826298565797	No Hit
>>END_MODULE
>>Kmer Content	warn
#Sequence	Count	Obs/Exp Overall	Obs/Exp Max	Max Obs/Exp Position
AAAAA	5824970	3.7316797	7.495932	71
TTTTT	5767550	3.6469092	6.3834863	33
CCTGG	1998310	3.0537567	12.439002	3
CCAGG	1952000	2.990796	14.138583	3
AGAAA	3479915	2.7731926	7.0577064	48
GAAAA	3464710	2.7610755	7.5284576	24
CAGCA	2236020	2.7541134	6.949009	4
CCCAG	1765970	2.704188	11.761687	2
TTTCT	3423910	2.6986012	7.356086	16
TGCTG	2186775	2.680976	6.5743585	2
TTTTC	3338700	2.6314416	5.896601	24
CTGGG	1715420	2.6229827	10.3566065	4
CCAGC	1694985	2.5954905	6.8256564	3
GCTGC	1662030	2.539864	5.7117634	8
GGAGG	1642675	2.5197966	5.73762	6
AGCAG	2016345	2.484989	5.4833875	7
GCTGG	1619970	2.477034	6.1578803	3
CTGCT	2018530	2.4732645	6.54394	9
TCCAG	1988395	2.4427183	9.971919	2
AAGAA	3010600	2.3991892	5.0304847	22
CAGCC	1506835	2.3073804	5.6623673	9
CTGGA	1855020	2.280199	8.7574005	4
AGGAG	1841270	2.2705472	7.166746	5
CTCCT	1831585	2.2428951	6.3030133	1
CAGGA	1811600	2.2326565	9.878246	4
GGCTG	1451750	2.2198153	8.258006	7
CTCCA	1806275	2.2176917	6.8979106	1
GGCAG	1444080	2.2138677	6.378798	7
CAGAG	1782010	2.1961892	8.140959	4
GAGAA	2197095	2.178016	7.3743963	47
CTGCC	1425765	2.1775396	5.810774	9
CCTGC	1420230	2.1690862	6.096295	3
TCCTG	1765690	2.1634645	8.53671	2
CCCTG	1406650	2.1483457	8.769551	2
CCACC	1392655	2.1312954	5.0642424	28
GCAGG	1386845	2.1261227	6.4340663	3
CTCTG	1726280	2.1151762	7.159947	2
TGGAA	2106875	2.0831263	6.5231643	11
GCCTG	1359805	2.078013	7.3618565	7
AAAAT	3242225	2.0716596	6.053804	72
GGAAA	2081550	2.0634742	7.1285367	40
CAGGG	1345950	2.063428	9.574863	4
GCCAG	1341310	2.0551152	5.629496	2
TTCTC	2089845	2.0531147	5.7985253	17
CTGCA	1649280	2.02612	5.995023	4
CTGGC	1315195	2.009841	5.4784427	4
TGCAG	1625660	1.998269	6.051411	2
CACAG	1611615	1.9850317	7.423903	7
TGGAG	1611480	1.9819951	6.047136	5
AGCTG	1607420	1.9758478	5.8219137	7
CCCCA	1275915	1.9526387	7.057931	1
CAGTG	1587750	1.9516696	9.643805	7
CAGGC	1272985	1.9504296	5.9304776	4
TGAAA	2452950	1.9496863	5.962777	30
GGAGA	1577170	1.9448743	5.4009724	6
GGGAG	1263190	1.937682	5.478074	7
CAGAA	1946405	1.9283774	5.2533994	4
CTGTG	1558090	1.9102108	8.868982	9
CATTT	2413570	1.907268	6.683662	14
CTGAA	1922775	1.8999923	6.737126	29
CTCAG	1521365	1.8689778	5.9659944	2
CCAGA	1497815	1.844864	6.881244	3
CTGAG	1499095	1.8426943	5.670786	4
CACTG	1494180	1.8355817	7.724233	7
GGCCA	1189000	1.8217502	6.204984	1
CCTCT	1486290	1.8200592	5.4135017	1
GTGTG	1482025	1.8180163	10.384767	9
GTGGA	1472715	1.811325	5.2159514	9
TGGGG	1182600	1.8093238	5.9812546	5
CACAC	1459775	1.7969612	7.933929	5
GAGAG	1453695	1.7926121	5.7592435	7
AGAGG	1439840	1.7755268	5.1370597	5
TCTGG	1445105	1.7716917	6.04642	3
ACCTG	1426325	1.7522227	5.9467564	8
AAATG	2199190	1.7479894	6.0178914	43
ACACA	1735340	1.7182643	7.3432775	6
TGGCC	1122900	1.7159818	5.5048513	5
TGGCA	1382205	1.6990129	5.927946	18
TCTCA	1694695	1.6692683	5.2205286	18
ACAGA	1677550	1.6620126	6.052932	8
GCCCA	1084080	1.6600261	7.668418	1
AAAAC	2075040	1.6526637	5.7659297	25
CCTGA	1336725	1.64215	5.245916	3
TGTGT	1646725	1.6196721	7.4031525	10
CCACT	1317645	1.6177661	5.050401	56
TGAGA	1616270	1.5980515	6.6474566	46
ATTTC	2017350	1.5941643	6.4173183	15
GTCCT	1296140	1.5881345	14.222788	1
TCAGG	1291485	1.5874991	5.5173225	3
TGGGC	1023480	1.5649642	6.354173	5
GGCCT	1022055	1.5618734	5.1758986	6
GGGCC	819170	1.5612837	5.4369607	6
CCTGT	1266675	1.5520315	5.455936	8
CATGG	1262310	1.5516374	5.295597	37
AGTGG	1254525	1.542968	6.679317	8
CAAGA	1540470	1.5262022	5.00815	21
AGGAC	1219405	1.5028222	15.61647	5
ATGGC	1205830	1.4822121	9.677207	17
AGCCT	1201285	1.4757637	5.245401	6
ACAGC	1189095	1.4646125	5.712138	8
CTGTC	1182125	1.4484341	5.8828487	9
GACAG	1156990	1.4259005	7.0744696	7
GCTGT	1161230	1.4236627	5.245114	8
GGGCT	919335	1.40572	6.0159173	6
GCCCT	919445	1.4042482	5.7376432	1
ACTGA	1386160	1.3697358	6.0000896	28
CACTT	1388800	1.3679628	5.8512263	57
AATGA	1718435	1.3658692	5.509093	44
GGACA	1107065	1.3643718	7.1921687	6
AGACA	1350780	1.3382688	5.423925	6
AGGGC	872770	1.3380126	5.772817	5
ATGAG	1324355	1.3094269	6.3277783	45
AACTG	1319615	1.3039793	6.0046773	27
TGTCC	1055720	1.2935525	5.1111455	10
GCAAG	1041240	1.2832476	5.52103	20
GGCAA	1039260	1.2808074	5.598403	19
TGTGC	1038345	1.2730061	7.8936315	10
AAACT	1590175	1.2631868	5.203303	26
GTCCA	980475	1.2045014	6.8503895	1
GTGCT	971015	1.19046	5.5875587	1
GGAAT	1200780	1.1872449	5.8833795	12
ACTGC	948130	1.1647661	5.137076	8
TACAG	1175140	1.1612161	7.1006684	5
AGCAC	942435	1.1608005	5.6449566	5
AAATC	1438180	1.1424464	5.382583	33
GTGCA	928910	1.1418205	6.440961	11
CTGTA	1150290	1.1336926	7.449973	1
TGGAC	920680	1.1317042	6.022366	5
ACAGT	1107705	1.0945799	6.2646894	6
GGACC	708445	1.0854583	7.815244	6
AATAT	1702825	1.0852002	5.378709	14
AATCA	1352395	1.0743014	5.2151313	34
AGTGT	1086255	1.0712065	7.0027704	8
GACCT	858780	1.0550005	5.22068	7
ACTGT	1066995	1.0515996	6.157607	8
TGCAC	853055	1.0479676	5.2866426	5
ACACT	1036745	1.0238632	5.0784917	6
GACTG	829685	1.0198525	6.15265	7
CTACA	1015310	1.0026945	7.9387045	4
TGTAG	1012350	0.99832535	8.566812	2
TAGGA	1000540	0.98926204	9.962779	4
TCCTA	980845	0.9661285	8.980631	2
AGACT	961465	0.95007265	5.175556	6
TATGG	953200	0.9399948	7.4905996	16
GGACT	759820	0.9339742	5.4283824	6
ATATG	1164315	0.9230201	6.4292073	15
GTAGG	699455	0.86027527	8.603755	3
CCTAC	691370	0.84884393	7.546023	3
TGGCG	515980	0.7889653	5.529446	18
GTGTA	731620	0.7214845	5.732355	1
GGACG	465170	0.71313554	8.204795	6
GCGAG	452985	0.69445515	5.4898477	20
TACAC	700405	0.6917023	5.23384	5
ACGTG	561465	0.6901554	6.0208826	8
GGCGA	429875	0.6590261	5.5158134	19
GACGT	416845	0.51238775	5.9003716	7
>>END_MODULE
