##FastQC	0.10.1
>>Basic Statistics	pass
#Measure	Value	
Filename	KS25_S6_L004_R1_001_trimmed.fq.gz	
File type	Conventional base calls	
Encoding	Sanger / Illumina 1.9	
Total Sequences	14418896	
Filtered Sequences	0	
Sequence length	20-50	
%GC	45	
>>END_MODULE
>>Per base sequence quality	pass
#Base	Mean	Median	Lower Quartile	Upper Quartile	10th Percentile	90th Percentile
1	35.24429290564271	36.0	36.0	36.0	36.0	36.0
2	35.22855848325697	36.0	36.0	36.0	36.0	36.0
3	35.210700874741036	36.0	36.0	36.0	36.0	36.0
4	35.20191955056753	36.0	36.0	36.0	36.0	36.0
5	35.186855429153525	36.0	36.0	36.0	36.0	36.0
6	35.151937915357735	36.0	36.0	36.0	36.0	36.0
7	35.13330223062847	36.0	36.0	36.0	36.0	36.0
8	35.11929873133144	36.0	36.0	36.0	36.0	36.0
9	35.10455495344443	36.0	36.0	36.0	36.0	36.0
10	35.07776108517601	36.0	36.0	36.0	36.0	36.0
11	35.06688105663568	36.0	36.0	36.0	36.0	36.0
12	35.053174736817574	36.0	36.0	36.0	36.0	36.0
13	35.03917477454585	36.0	36.0	36.0	36.0	36.0
14	35.034093941727576	36.0	36.0	36.0	36.0	36.0
15	35.019581180140285	36.0	36.0	36.0	36.0	36.0
16	34.99967625815458	36.0	36.0	36.0	36.0	36.0
17	34.98784587946262	36.0	36.0	36.0	36.0	36.0
18	34.96695246293475	36.0	36.0	36.0	36.0	36.0
19	34.944585701984394	36.0	36.0	36.0	36.0	36.0
20	34.94847823300758	36.0	36.0	36.0	36.0	36.0
21	34.919558379122215	36.0	36.0	36.0	36.0	36.0
22	34.91457164112881	36.0	36.0	36.0	36.0	36.0
23	34.9038189373562	36.0	36.0	36.0	36.0	36.0
24	34.88330161472752	36.0	36.0	36.0	36.0	36.0
25	34.87565235651828	36.0	36.0	36.0	36.0	36.0
26	34.8493033184705	36.0	36.0	36.0	36.0	36.0
27	34.83881893078576	36.0	36.0	36.0	36.0	36.0
28	34.81683270356729	36.0	36.0	36.0	36.0	36.0
29	34.80051440802596	36.0	36.0	36.0	36.0	36.0
30	34.77713613650936	36.0	36.0	36.0	36.0	36.0
31	34.76473361681938	36.0	36.0	36.0	36.0	36.0
32	34.75410267276527	36.0	36.0	36.0	36.0	36.0
33	34.716040316663054	36.0	36.0	36.0	32.0	36.0
34	34.69560404751844	36.0	36.0	36.0	32.0	36.0
35	34.670601494563634	36.0	36.0	36.0	32.0	36.0
36	34.6504489899366	36.0	36.0	36.0	32.0	36.0
37	34.637861979840046	36.0	36.0	36.0	32.0	36.0
38	34.61513328881209	36.0	36.0	36.0	32.0	36.0
39	34.58414498668371	36.0	36.0	36.0	32.0	36.0
40	34.558418870078434	36.0	36.0	36.0	32.0	36.0
41	34.54166853312592	36.0	36.0	36.0	32.0	36.0
42	34.515521721316084	36.0	36.0	36.0	32.0	36.0
43	34.49416606826491	36.0	36.0	36.0	32.0	36.0
44	34.46991869691288	36.0	36.0	36.0	32.0	36.0
45	34.45665530846445	36.0	36.0	36.0	32.0	36.0
46	34.445831880113325	36.0	36.0	36.0	32.0	36.0
47	34.45652680004511	36.0	36.0	36.0	32.0	36.0
48	34.455483366467185	36.0	36.0	36.0	32.0	36.0
49	34.52788665691828	36.0	36.0	36.0	32.0	36.0
50	34.63590889115945	36.0	36.0	36.0	32.0	36.0
>>END_MODULE
>>Per sequence quality scores	pass
#Quality	Count
9	2.0
10	2.0
11	14.0
12	18.0
13	29.0
14	45.0
15	136.0
16	286.0
17	649.0
18	1422.0
19	2867.0
20	5572.0
21	9812.0
22	16356.0
23	25632.0
24	39126.0
25	57613.0
26	82003.0
27	113498.0
28	152497.0
29	199671.0
30	260511.0
31	341153.0
32	468634.0
33	712843.0
34	1426442.0
35	6632199.0
36	3869864.0
>>END_MODULE
>>Per base sequence content	pass
#Base	G	A	T	C
1	22.702517622553373	26.42682882256952	26.7830353825654	24.087618172311707
2	22.815221887257465	26.82524660227465	27.17360517170542	23.185926338762464
3	22.383084023318176	26.98423134526845	27.264566837936176	23.368117793477193
4	22.844408892109374	26.38647749335139	27.708070973421794	23.061042641117442
5	23.009211488331776	26.442820846823306	27.26792102552138	23.280046639323533
6	22.316912004644017	26.933854976351633	27.548306711946317	23.20092630705803
7	22.324472599767	26.92602394133304	27.330913520496164	23.418589938403798
8	22.436440943927295	26.76280327394619	27.148274907113745	23.65248087501277
9	22.54499306934662	26.816607268662306	27.0702110627737	23.56818859921737
10	22.352137554048483	26.863406936737544	27.4110630926746	23.373392416539378
11	23.29096506813362	26.519404958622655	26.97224188960789	23.217388083635836
12	22.274656977014356	27.106386195713313	27.546540362723874	23.072416464548454
13	22.238126547547463	26.899249158774406	27.86149012784631	23.001134165831814
14	22.447093980881142	26.551240732504173	27.865500103720635	23.13616518289405
15	22.240974560532532	26.977398122307676	27.67117529694638	23.11045202021341
16	22.31521430406968	27.216677538708456	27.644103105103685	22.824005052118178
17	22.54185125944101	26.84520466623067	26.98890456192028	23.62403951240804
18	22.57189353122259	27.512214211586674	26.99152444208739	22.924367815103352
19	22.867460441918052	26.932301704322686	27.227742789741484	22.972495064017785
20	22.92037558763596	26.605583044457116	27.431838390227732	23.042202977679196
21	22.893544645749937	26.565781437473497	27.51870601710217	23.021967899674394
22	22.418238451785946	27.289371007428787	27.54315206833617	22.7492384724491
23	22.44080419685941	27.02942029447128	27.464905304209093	23.06487020446022
24	22.290114930844894	27.345182935411298	27.39209106222507	22.97261107151873
25	22.365017149004863	27.330682774040703	27.326479792259406	22.97782028469502
26	22.65501932162854	26.942742177535905	27.20110888127925	23.20112961955631
27	22.937871246489735	27.000362406556423	27.16747092657803	22.894295420375812
28	22.349843955493505	27.10767341730682	27.2174915014771	23.324991125722576
29	22.92525257992312	26.724975293641496	27.15833289111013	23.191439235325255
30	22.420446397143607	27.558824736498988	27.061685136396225	22.959043729961184
31	22.602182382386918	27.12671861197309	27.316587012163357	22.954511993476636
32	22.577469591325634	27.305328646681847	27.015804323076992	23.101397438915523
33	22.378197773411173	26.847441994638505	27.697199168265264	23.07716106368506
34	22.594028770981765	27.441227093759498	27.37428765434379	22.59045648091495
35	22.609823979667702	26.76002460327083	27.293174107888373	23.336977309173097
36	22.90581467167739	27.220036450659997	26.84264796037453	23.031500917288085
37	22.509744644668174	27.146614225635872	27.04447065537632	23.299170474319634
38	22.64768910420215	27.161644685883463	26.797472909642977	23.393193300271406
39	22.695637534481197	27.074078199715206	26.951033429331194	23.2792508364724
40	22.527036255877796	26.987531778517354	27.555261793062808	22.93017017254204
41	22.913304463938484	26.86451650067092	27.13088405327293	23.09129498211767
42	22.795885455284136	26.950305844884724	27.27045721332179	22.983351486509353
43	22.764301398138766	27.21711498422884	27.165958740265218	22.852624877367177
44	22.794041429416158	26.87656367422806	27.000523875037985	23.3288710213178
45	22.662875766314738	27.292651909063746	26.969513278366662	23.07495904625485
46	22.62022725854979	27.797162687082828	26.681008783715697	22.90160127065169
47	22.968510120505492	27.0596545372213	26.831193277684832	23.140642064588373
48	22.85530014310213	27.50924717055562	27.333868659643052	22.301584026699192
49	23.006462113512043	27.430192879011823	27.591910578837737	21.971434428638396
50	23.212580938915007	27.258676785979368	27.58038178983448	21.948360485271145
>>END_MODULE
>>Per base GC content	pass
#Base	%GC
1	46.79013579486508
2	46.00114822601993
3	45.75120181679537
4	45.90545153322682
5	46.289258127655316
6	45.51783831170205
7	45.7430625381708
8	46.088921818940065
9	46.11318166856399
10	45.72552997058786
11	46.508353151769455
12	45.347073441562806
13	45.23926071337928
14	45.58325916377519
15	45.35142658074594
16	45.13921935618785
17	46.16589077184906
18	45.496261346325944
19	45.83995550593583
20	45.962578565315155
21	45.915512545424335
22	45.16747692423505
23	45.50567440131963
24	45.26272600236363
25	45.342837433699884
26	45.85614894118484
27	45.83216666686555
28	45.67483508121608
29	46.11669181524838
30	45.37949012710479
31	45.55669437586356
32	45.67886703024116
33	45.455358837096234
34	45.18448525189672
35	45.9468012888408
36	45.937315588965475
37	45.808915118987805
38	46.04088240447356
39	45.9748883709536
40	45.45720642841984
41	46.004599446056154
42	45.779236941793485
43	45.61692627550594
44	46.122912450733956
45	45.73783481256959
46	45.52182852920147
47	46.10915218509387
48	45.15688416980132
49	44.97789654215044
50	45.16094142418615
>>END_MODULE
>>Per sequence GC content	pass
#GC Content	Count
0	5953.0
1	5428.0
2	3969.5
3	3341.5
4	3722.0
5	4338.5
6	5008.5
7	5882.5
8	6806.5
9	8576.0
10	10453.5
11	13334.5
12	16330.5
13	20942.5
14	26275.5
15	34800.0
16	44049.5
17	56867.0
18	70626.5
19	88549.5
20	106967.0
21	128897.5
22	151532.5
23	179766.5
24	210019.0
25	239720.0
26	274150.0
27	316725.5
28	363410.0
29	416847.5
30	471699.0
31	531497.0
32	593277.5
33	653773.0
34	712296.5
35	761624.0
36	807213.0
37	831068.5
38	847874.5
39	858650.0
40	868426.0
41	870820.5
42	872139.5
43	870627.5
44	865347.0
45	854770.0
46	845369.0
47	834880.0
48	823661.0
49	812542.5
50	801772.0
51	790633.0
52	776682.5
53	760763.5
54	745011.5
55	724416.5
56	700321.5
57	672742.0
58	643860.5
59	605346.5
60	564032.0
61	519418.0
62	473896.5
63	433642.0
64	386318.5
65	341925.0
66	298835.0
67	260489.5
68	223292.0
69	188971.0
70	158802.0
71	133478.0
72	111057.0
73	91764.0
74	74016.0
75	60885.5
76	50783.0
77	41355.5
78	33022.0
79	26566.5
80	21080.5
81	17150.0
82	13775.5
83	11024.5
84	8588.5
85	6790.0
86	5200.0
87	4042.5
88	3229.5
89	2559.5
90	1996.5
91	1641.0
92	1358.0
93	1146.0
94	934.0
95	791.5
96	669.0
97	577.0
98	510.5
99	598.5
100	686.0
>>END_MODULE
>>Per base N content	pass
#Base	N-Count
1	1.0403015598420296E-4
2	9.15465372660986E-4
3	7.004697169602998E-4
4	6.241809359052177E-4
5	0.0011235256846293918
6	0.002434305650030349
7	0.0010403015598420295
8	0.0031555813981874897
9	0.0023718875564398274
10	0.0024967237436208708
11	0.009321101976184585
12	0.005312473298926631
13	0.014793088180953661
14	0.00247591771242403
15	0.01200508000057702
16	0.008190640947822913
17	0.009355778694845987
18	0.01160976540783705
19	0.005499727579698196
20	0.006630188608059868
21	0.01297471264623293
22	0.008299357909357654
23	0.016432011090701568
24	0.011915855214610695
25	0.006286594149159831
26	0.009835701747896672
27	0.009145313914479314
28	0.012461470182029588
29	0.015360932231019683
30	0.03172780607128835
31	0.014975446213094653
32	0.016230650021926984
33	0.017912543694269076
34	0.013217864992555863
35	0.009900091988652564
36	0.013138231903626589
37	0.012562418619171716
38	0.012611230149113023
39	0.02311885912079824
40	0.02249358211636264
41	0.01804163144633818
42	0.011823348661356085
43	0.017796361995733416
44	0.013426359948932721
45	0.011501226488717793
46	0.005907845408779418
47	0.010180263265624542
48	0.006609990195593818
49	0.006230918409659377
50	0.018385983977340724
>>END_MODULE
>>Sequence Length Distribution	warn
#Length	Count
20	21660.0
21	22630.0
22	24567.0
23	24588.0
24	25180.0
25	25743.0
26	26794.0
27	27903.0
28	27984.0
29	30767.0
30	31284.0
31	33010.0
32	34015.0
33	36300.0
34	36702.0
35	38120.0
36	37131.0
37	37997.0
38	39333.0
39	42142.0
40	43518.0
41	49826.0
42	52845.0
43	63641.0
44	91003.0
45	156017.0
46	391576.0
47	828599.0
48	1654074.0
49	2196780.0
50	8267167.0
>>END_MODULE
>>Sequence Duplication Levels	warn
#Total Duplicate Percentage	31.839659557816482
#Duplication Level	Relative count
1	100.0
2	21.440719929384915
3	8.379800067457499
4	4.125671883858282
5	2.2619790881755617
6	1.402254802758581
7	1.0132977387385447
8	0.6638104874880694
9	0.47363775323473056
10++	3.765420138216108
>>END_MODULE
>>Overrepresented sequences	pass
>>END_MODULE
>>Kmer Content	warn
#Sequence	Count	Obs/Exp Overall	Obs/Exp Max	Max Obs/Exp Position
AAAAA	3885585	4.2321706	5.290978	46
TTTTT	3725170	3.8734148	5.259077	13
GAAAA	2167315	2.8185508	5.1192737	4
AGAAA	2140745	2.783997	5.1753592	28
GAGAA	1413700	2.1951194	5.1191316	27
>>END_MODULE
