##FastQC	0.10.1
>>Basic Statistics	pass
#Measure	Value	
Filename	006-F5_S1_L001_R2_001.fastq.gz	
File type	Conventional base calls	
Encoding	Sanger / Illumina 1.9	
Total Sequences	21702184	
Filtered Sequences	0	
Sequence length	35-76	
%GC	46	
>>END_MODULE
>>Per base sequence quality	pass
#Base	Mean	Median	Lower Quartile	Upper Quartile	10th Percentile	90th Percentile
1	31.32850209914357	32.0	32.0	32.0	32.0	32.0
2	31.08013838607211	32.0	32.0	32.0	32.0	32.0
3	31.14952453633238	32.0	32.0	32.0	32.0	32.0
4	31.194776249247543	32.0	32.0	32.0	32.0	32.0
5	31.116939797395506	32.0	32.0	32.0	32.0	32.0
6	34.792039409489846	36.0	36.0	36.0	36.0	36.0
7	34.78126994038941	36.0	36.0	36.0	32.0	36.0
8	34.67337476265062	36.0	36.0	36.0	32.0	36.0
9	34.85658802819108	36.0	36.0	36.0	36.0	36.0
10-14	34.72181932472787	36.0	36.0	36.0	32.8	36.0
15-19	34.60149598768493	36.0	36.0	36.0	32.0	36.0
20-24	34.5233288225738	36.0	36.0	36.0	32.0	36.0
25-29	34.432101128623735	36.0	36.0	36.0	32.0	36.0
30-34	34.33800037821078	36.0	36.0	36.0	32.0	36.0
35-39	34.27342927643602	36.0	36.0	36.0	32.0	36.0
40-44	34.17626309196589	36.0	36.0	36.0	32.0	36.0
45-49	34.02656521724901	36.0	36.0	36.0	32.0	36.0
50-54	33.85051004193584	36.0	36.0	36.0	31.0	36.0
55-59	33.66490390777416	36.0	36.0	36.0	27.0	36.0
60-64	33.52247265413584	36.0	36.0	36.0	27.0	36.0
65-69	33.39842000209397	36.0	36.0	36.0	27.0	36.0
70-74	33.26113255115165	36.0	36.0	36.0	25.8	36.0
75-76	32.25274571869859	36.0	34.0	36.0	17.5	36.0
>>END_MODULE
>>Per sequence quality scores	pass
#Quality	Count
2	33994.0
3	156.0
4	2542.0
5	3835.0
6	1577.0
7	698.0
8	303.0
9	245.0
10	167.0
11	140.0
12	207.0
13	243.0
14	1976.0
15	6685.0
16	9666.0
17	11753.0
18	14897.0
19	19023.0
20	27315.0
21	39199.0
22	57878.0
23	84734.0
24	123142.0
25	174282.0
26	237180.0
27	312963.0
28	400879.0
29	508112.0
30	640707.0
31	831780.0
32	1134507.0
33	1746558.0
34	3635947.0
35	1.1638894E7
>>END_MODULE
>>Per base sequence content	fail
#Base	G	A	T	C
1	44.55828034049516	17.96839573101434	11.504248694960088	25.969075233530415
2	16.763350974640932	18.47314392624608	38.26201927174986	26.501485827363126
3	20.691976951518807	20.69257239784991	27.653561569912256	30.96188908071903
4	13.494572882675218	14.298947675833446	35.8852606267462	36.32121881474514
5	15.351386166445934	34.52368618055421	34.80175341299468	15.323174240005176
6	35.2679367943357	34.51716808216039	16.236923493559043	13.977971629944872
7	30.992050461305855	28.860635349267177	20.281004158571708	19.866310030855256
8	26.512148206859	35.22721513676443	19.395484120331023	18.865152536045553
9	24.981394905022267	15.65812456487898	19.953340577637128	39.40713995246162
10-14	24.47915883189709	22.812254149836487	28.026909637213286	24.681677381053134
15-19	22.93440181698965	27.83640657869664	25.85064603923415	23.378545565079566
20-24	22.9781385188585	26.52614164042044	27.20417918528061	23.29154065544045
25-29	22.832116899419493	26.6705329863337	27.074744534839795	23.422605579407012
30-34	22.83614481961038	26.714479676015166	27.242086270528194	23.20728923384626
35-39	22.857508847771943	26.955769887177617	27.116703527528852	23.070017737521592
40-44	22.88358921344401	26.868539939169562	27.21011591944864	23.037754927937787
45-49	22.89366467268915	27.025819568468723	27.013974600599695	23.066541158242433
50-54	22.866570343787618	27.117235191994194	27.04818840137549	22.9680060628427
55-59	22.893525217651952	27.045273682268817	26.94643815850501	23.114762941574224
60-64	23.009119594880655	27.086053969759988	26.95365082720929	22.951175608150063
65-69	23.05140872992551	27.198458113008613	26.87632672107572	22.87380643599015
70-74	23.335788446727214	27.440901178901218	26.832537395523538	22.39077297884803
75-76	27.54116676228086	34.67421747092565	27.728537459933257	10.056078306860234
>>END_MODULE
>>Per base GC content	fail
#Base	%GC
1	70.52735557402558
2	43.26483680200406
3	51.653866032237836
4	49.81579169742035
5	30.674560406451114
6	49.24590842428057
7	50.85836049216111
8	45.377300742904545
9	64.38853485748389
10-14	49.16083621295023
15-19	46.31294738206921
20-24	46.26967917429895
25-29	46.2547224788265
30-34	46.043434053456636
35-39	45.927526585293535
40-44	45.921344141381795
45-49	45.960205830931585
50-54	45.83457640663032
55-59	46.008288159226176
60-64	45.96029520303072
65-69	45.92521516591566
70-74	45.72656142557525
75-76	37.597245069141096
>>END_MODULE
>>Per sequence GC content	warn
#GC Content	Count
0	34112.0
1	17306.5
2	848.0
3	1575.5
4	1959.5
5	2147.5
6	2229.5
7	1997.5
8	1869.0
9	1820.5
10	2100.5
11	2912.5
12	3400.0
13	4180.0
14	6431.5
15	10143.5
16	15851.0
17	20307.0
18	27292.5
19	40950.0
20	58566.5
21	71546.5
22	89509.5
23	121868.5
24	157324.5
25	181112.5
26	211186.0
27	261726.0
28	312665.0
29	346819.0
30	388468.0
31	454073.0
32	518622.0
33	561423.0
34	614599.5
35	695656.5
36	764260.5
37	804704.0
38	836830.5
39	873672.5
40	891306.0
41	895688.0
42	905164.5
43	915401.0
44	914099.5
45	905431.0
46	902209.0
47	892623.5
48	872358.5
49	851690.0
50	838863.0
51	821639.5
52	794535.0
53	770280.5
54	757763.0
55	743734.0
56	719233.5
57	692485.0
58	668946.5
59	632890.5
60	579805.5
61	522387.0
62	478203.0
63	435662.0
64	379216.0
65	326504.0
66	273116.0
67	235216.0
68	206157.0
69	169458.5
70	133375.0
71	108897.0
72	91875.0
73	73655.0
74	56468.5
75	44818.5
76	38194.5
77	30845.5
78	23232.0
79	18715.5
80	16324.0
81	13041.0
82	9479.0
83	7389.5
84	6256.0
85	4994.5
86	3797.0
87	3181.5
88	2854.5
89	2456.0
90	2092.5
91	1838.5
92	1734.5
93	1652.0
94	1494.5
95	1363.5
96	1315.0
97	1326.5
98	1471.0
99	11778.5
100	21954.0
>>END_MODULE
>>Per base N content	pass
#Base	N-Count
1	0.3979783785816211
2	0.2642176474035977
3	0.17400552866015695
4	0.15690125933869145
5	0.15686439668929172
6	0.1572468466768137
7	0.16076262186331108
8	0.16902446316002115
9	0.18480628493427204
10-14	0.20238055303558386
15-19	0.21505946129661418
20-24	0.22069852508853488
25-29	0.21720025966050238
30-34	0.2217896595107663
35-39	0.10639262678194535
40-44	0.06948335088135275
45-49	0.06464956628194383
50-54	0.07156196835278456
55-59	0.07211205223736655
60-64	0.06695543280133895
65-69	0.055310335438929374
70-74	0.05544026846773393
75-76	0.06601945362889775
>>END_MODULE
>>Sequence Length Distribution	warn
#Length	Count
35	41741.0
36	10741.0
37	14317.0
38	15258.0
39	16241.0
40	16354.0
41	17259.0
42	18105.0
43	20048.0
44	21007.0
45	22448.0
46	23523.0
47	24105.0
48	25315.0
49	26061.0
50	25661.0
51	26481.0
52	27262.0
53	27932.0
54	29851.0
55	30939.0
56	31445.0
57	32388.0
58	33274.0
59	33492.0
60	34064.0
61	33873.0
62	34358.0
63	34886.0
64	37080.0
65	37997.0
66	39862.0
67	40599.0
68	40311.0
69	44433.0
70	49451.0
71	66344.0
72	151541.0
73	524869.0
74	1452132.0
75	4712922.0
76	1.3756214E7
>>END_MODULE
>>Sequence Duplication Levels	warn
#Total Duplicate Percentage	31.906700894042675
#Duplication Level	Relative count
1	100.0
2	20.32788069187159
3	8.443288917777055
4	4.26533781099917
5	2.5674358141046474
6	1.6372368468566063
7	1.0876394756797747
8	0.7734806629834254
9	0.5755967211930813
10++	4.762936482143502
>>END_MODULE
>>Overrepresented sequences	warn
#Sequence	Count	Percentage	Possible Source
NNNNNNNNNNNNNNNNNNNNNNNNNNNNNNNNNNN	33993	0.15663400513054354	No Hit
GGGGGGGGGGGGGGGGGGGGGGGGGGGGGGGGGGGGGGGGGGGGGGGGGG	21707	0.10002219131493863	No Hit
>>END_MODULE
>>Kmer Content	warn
#Sequence	Count	Obs/Exp Overall	Obs/Exp Max	Max Obs/Exp Position
AAAAA	7485065	3.680234	7.316765	72
GGGGG	3725325	3.4479146	6.08053	72
TTTTT	6595800	3.1283305	5.542007	72
CCTGG	3628690	3.0027409	12.226304	3
CCAGG	3466650	2.8893816	12.538714	3
CCCAG	3363795	2.8343072	10.883304	2
CTGGG	3313425	2.7122054	10.35393	4
CCAGC	3047470	2.5677743	6.488316	3
CAGCA	3394425	2.492979	7.2537956	4
GGAGG	3047375	2.4852824	5.7684026	6
GCTGG	2984190	2.4427097	6.452194	3
TGCTG	3408580	2.4408972	7.8441415	2
TCCAG	3246160	2.3669844	9.763485	2
CAGCC	2792065	2.352572	5.4427495	9
CTCCT	3173805	2.3227437	7.0832076	1
CTCCA	3142980	2.3168056	7.2042418	1
CAGGA	3163675	2.2983797	10.391411	4
AGGAG	3176720	2.282897	7.261175	5
TCCTG	3127690	2.2642388	10.0188465	2
GGCTG	2763790	2.2623014	7.9515753	7
CCCTG	2664575	2.2290428	9.144268	2
CTGCT	3074245	2.225548	6.459858	9
CTGGA	3072530	2.2161496	9.200369	4
CAGAG	3050210	2.215948	7.443414	4
CCTGC	2647755	2.2149723	6.5368	3
AGCAG	3032715	2.2032382	5.161772	7
CTCTG	3037180	2.1987157	7.4442225	2
CTGCC	2622455	2.1938074	5.6248336	9
GGCAG	2652215	2.186659	5.739191	7
CTGCA	2989235	2.1796436	6.9558487	4
GCAGG	2626035	2.1650746	6.749254	3
GCCTG	2585215	2.139265	6.534704	7
TGCAG	2959340	2.1345081	7.27379	2
CACAG	2901105	2.1306684	7.883419	7
GCTGC	2560175	2.1185443	5.291626	8
CAGGG	2558625	2.1094973	9.13159	4
CTGTG	2931940	2.0995736	9.440683	9
CCCCA	2432695	2.0721805	6.413633	1
TGGAG	2886915	2.0597494	6.6008983	5
CAGGC	2424425	2.0207086	5.984243	4
AGCTG	2782535	2.0069823	5.6368327	7
CTCAG	2736650	1.9954678	6.0752406	2
GGGAG	2429420	1.98131	5.043708	7
GCCAG	2369835	1.9752088	5.010801	2
CTGGC	2380885	1.9701821	5.320703	4
CTGAG	2710875	1.9552958	5.7834673	4
GGAGA	2699990	1.9403027	5.582461	6
CAGAA	2982520	1.909285	5.3096128	4
TCCCA	2573810	1.8972496	5.10313	2
CCTCT	2569240	1.8802938	5.4829974	1
CACTG	2564470	1.86992	7.97867	7
CAGTG	2590470	1.86845	6.7164335	9
TGGGG	2297855	1.8605679	5.7618785	5
CCAGA	2503130	1.8383822	6.5392494	3
TTCTG	2930800	1.8360845	5.301093	2
GGCCA	2200655	1.8342007	5.6332073	1
GTGTG	2553305	1.8086567	8.709027	1
ACACA	2754750	1.7827569	7.326069	6
TCTGG	2471995	1.7702051	6.195917	3
TGTGT	2839275	1.7595091	6.8613997	10
TGGCC	2121290	1.7553672	5.315149	5
CACAC	2339185	1.7367586	7.2921257	5
ACAGA	2687710	1.7205598	6.141236	8
GCCCA	2038185	1.7173587	6.633552	1
GAGAG	2378270	1.7091042	5.4865794	7
CCTGA	2328870	1.6981292	5.6449723	3
CCTGT	2283470	1.6530799	5.591442	8
TCAGG	2247260	1.6209002	5.739907	3
GGGCC	1707450	1.6150476	5.1265855	6
TGGGC	1955460	1.6006426	6.228045	5
ACAGG	2192680	1.5929608	5.066404	8
AGGTG	2229110	1.5904201	5.058238	7
ACAGC	2047945	1.5040791	5.9091673	8
CTGTC	2065555	1.495324	6.0623126	9
GCTGT	2075885	1.4865491	5.4367104	8
GCCCT	1774010	1.4840431	5.8814	1
GACAG	2001635	1.4541686	7.088303	7
GGGCT	1758145	1.4391302	5.711938	6
AGACA	2195700	1.4055957	5.474544	6
AGGGC	1674790	1.3808061	5.4463387	5
GTCCT	1823600	1.3201646	9.381469	1
GGACA	1797765	1.3060591	6.499441	6
GCACA	1769310	1.2994403	5.2076297	6
GTGCT	1813860	1.298912	7.1176853	1
TGTGC	1776205	1.2719473	6.3699937	10
ACTGC	1717485	1.2523288	5.3524017	8
AGCAC	1682420	1.2356254	6.0671515	5
AGGAC	1692800	1.229803	8.769049	5
GTCCA	1632715	1.1905175	6.984269	1
ACAGT	1806050	1.1478634	6.06645	8
GTGCA	1589285	1.146317	6.5254254	1
GTCCC	1361745	1.139164	5.0881033	1
GTCTT	1800855	1.128198	5.693025	1
ACTGT	1778810	1.1224399	6.8906956	8
TGCAC	1539285	1.1223917	5.7946577	5
TGGAC	1512335	1.0908146	6.2516437	5
GACTG	1459320	1.0525761	6.0751143	7
GCACT	1438465	1.0488775	5.0480556	6
ACACT	1618745	1.0400672	5.502403	6
AGACT	1594205	1.013222	5.0553656	6
GGACC	1194175	0.9953203	5.382318	6
CTACA	1539505	0.98915434	5.725579	4
TGTAG	1547075	0.96565574	5.8604226	2
GGACT	1324965	0.9556686	5.38464	6
TCCTA	1292730	0.824639	5.658161	2
TAGGA	1303745	0.8196541	5.6618404	4
GTGTA	1189565	0.74250454	6.733702	1
TACAC	1111745	0.7143123	5.729008	5
GTATA	992295	0.5457695	5.085613	1
>>END_MODULE
