##FastQC	0.10.1
>>Basic Statistics	pass
#Measure	Value	
Filename	006-F0_S6_L003_R2_001_trimmed.fq.gz	
File type	Conventional base calls	
Encoding	Sanger / Illumina 1.9	
Total Sequences	23083506	
Filtered Sequences	0	
Sequence length	20-51	
%GC	45	
>>END_MODULE
>>Per base sequence quality	pass
#Base	Mean	Median	Lower Quartile	Upper Quartile	10th Percentile	90th Percentile
1	34.72563223281593	36.0	36.0	36.0	32.0	36.0
2	34.72088109145985	36.0	36.0	36.0	32.0	36.0
3	34.69861727243686	36.0	36.0	36.0	32.0	36.0
4	34.69002949551944	36.0	36.0	36.0	32.0	36.0
5	34.67331461693904	36.0	36.0	36.0	32.0	36.0
6	34.65104416980679	36.0	36.0	36.0	32.0	36.0
7	34.64291676489698	36.0	36.0	36.0	32.0	36.0
8	34.63154080666949	36.0	36.0	36.0	32.0	36.0
9	34.608374438441025	36.0	36.0	36.0	32.0	36.0
10	34.59381027301485	36.0	36.0	36.0	32.0	36.0
11	34.58271078925359	36.0	36.0	36.0	32.0	36.0
12	34.56503518139749	36.0	36.0	36.0	32.0	36.0
13	34.554229933702445	36.0	36.0	36.0	32.0	36.0
14	34.54681074010161	36.0	36.0	36.0	32.0	36.0
15	34.529438682321484	36.0	36.0	36.0	32.0	36.0
16	34.499739121084986	36.0	36.0	36.0	32.0	36.0
17	34.488836877725596	36.0	36.0	36.0	32.0	36.0
18	34.472414805619216	36.0	36.0	36.0	32.0	36.0
19	34.44574489681074	36.0	36.0	36.0	32.0	36.0
20	34.45013708056307	36.0	36.0	36.0	32.0	36.0
21	34.426474265008345	36.0	36.0	36.0	32.0	36.0
22	34.41031303882215	36.0	36.0	36.0	32.0	36.0
23	34.3847352971231	36.0	36.0	36.0	32.0	36.0
24	34.35374306779589	36.0	36.0	36.0	32.0	36.0
25	34.33475951147117	36.0	36.0	36.0	32.0	36.0
26	34.30350690901128	36.0	36.0	36.0	32.0	36.0
27	34.29224211404173	36.0	36.0	36.0	32.0	36.0
28	34.26306399397343	36.0	36.0	36.0	32.0	36.0
29	34.239232898272355	36.0	36.0	36.0	32.0	36.0
30	34.213227858837236	36.0	36.0	36.0	32.0	36.0
31	34.17518575059987	36.0	36.0	36.0	32.0	36.0
32	34.14531334077057	36.0	36.0	36.0	32.0	36.0
33	34.11185143244066	36.0	36.0	36.0	32.0	36.0
34	34.07727328921975	36.0	36.0	36.0	32.0	36.0
35	34.040581959187605	36.0	36.0	36.0	32.0	36.0
36	34.02277775947514	36.0	36.0	36.0	32.0	36.0
37	33.97999318139748	36.0	36.0	36.0	32.0	36.0
38	33.957062910442566	36.0	36.0	36.0	32.0	36.0
39	33.9346791634055	36.0	36.0	36.0	32.0	36.0
40	33.924486053103095	36.0	36.0	36.0	32.0	36.0
41	33.89021279382374	36.0	36.0	36.0	32.0	36.0
42	33.860670175492785	36.0	36.0	36.0	32.0	36.0
43	33.846552263052416	36.0	36.0	36.0	32.0	36.0
44	33.82241537539653	36.0	36.0	36.0	27.0	36.0
45	33.802818375989695	36.0	36.0	36.0	27.0	36.0
46	33.816187705096254	36.0	36.0	36.0	27.0	36.0
47	33.81166053438418	36.0	36.0	36.0	27.0	36.0
48	33.823725713248734	36.0	36.0	36.0	27.0	36.0
49	33.87669466261695	36.0	36.0	36.0	32.0	36.0
50	33.97517641687691	36.0	36.0	36.0	32.0	36.0
51	34.117070122437795	36.0	36.0	36.0	32.0	36.0
>>END_MODULE
>>Per sequence quality scores	pass
#Quality	Count
2	2.0
3	0.0
4	4.0
5	3.0
6	5.0
7	12.0
8	20.0
9	34.0
10	37.0
11	41.0
12	47.0
13	62.0
14	1427.0
15	2628.0
16	4581.0
17	7526.0
18	11929.0
19	18914.0
20	29380.0
21	44567.0
22	64559.0
23	92369.0
24	128342.0
25	174617.0
26	231008.0
27	297750.0
28	377486.0
29	472909.0
30	594835.0
31	759578.0
32	1013830.0
33	1501589.0
34	2826150.0
35	1.0440059E7
36	3987206.0
>>END_MODULE
>>Per base sequence content	pass
#Base	G	A	T	C
1	22.82055690930589	26.50770667270753	27.140368523058456	23.53136789492812
2	22.76548818252237	26.546808094006092	27.385200036737373	23.30250368673417
3	22.69733887893308	26.618402244291307	27.34276714914482	23.34149172763079
4	22.941891446839712	26.339906040153316	27.55760977975383	23.16059273325314
5	23.103339414364193	26.420260217403385	27.10096338033514	23.375436987897277
6	22.60458669857068	26.8084119915233	27.330884097318098	23.25611721258792
7	22.71361573331075	26.719573430283095	27.23312153732149	23.33368929908466
8	22.769321094456334	26.626476162510134	27.172199287240527	23.43200345579301
9	22.64809283162895	26.727945014978783	27.3291758095366	23.294786343855666
10	22.72145245056453	26.731167421082652	27.30236665180103	23.245013476551787
11	23.244689580214427	26.608735260819994	26.98821992001163	23.15835523895394
12	22.54146497506227	26.87685828625415	27.395168308445278	23.1865084302383
13	22.692760116854036	26.72535246658157	27.47359121674663	23.108296199817765
14	22.737652874699414	26.474920681573515	27.588957252965645	23.198469190761422
15	22.663475959851542	26.827463594736216	27.40144683096155	23.10761361445069
16	22.816924315115568	27.073980008606696	27.27234641766607	22.836749258611665
17	22.976590383415754	26.725505630103097	26.945127154468135	23.352776832013014
18	22.87327042688671	27.115922550407102	26.992637144454047	23.01816987825214
19	23.004559331222993	26.841419512627517	27.197694435300672	22.956326720848818
20	23.055033905022267	26.530777400718357	27.22213018606649	23.192058508192883
21	22.991312313850802	26.744714014049652	27.270169238383858	22.993804433715688
22	22.838884746539335	26.911051994089846	27.28437692620161	22.96568633316921
23	22.90206154541323	26.688678117855186	27.181754978527934	23.227505358203658
24	22.70445049306519	27.070676174706737	27.240522564456636	22.98435076777144
25	22.861187026687293	26.96101383617532	27.077686781354153	23.100112355783235
26	22.9436158148548	26.921628100096285	26.966055404200805	23.168700680848104
27	22.941354358540515	26.98921479467539	27.11158823144614	22.957842615337956
28	22.74677705946845	26.962078885415707	27.057666494597488	23.233477560518356
29	23.047086832324993	26.75074313671847	27.063877741112364	23.138292289844177
30	22.821117157651734	27.075176368947872	27.045325814889708	23.058380658510682
31	22.910225418826506	26.96620906593075	27.073445111850297	23.050120403392448
32	22.905188806564038	27.000747204727933	26.966665984655098	23.127398004052935
33	22.760004705592372	26.84960814739708	27.271686338657002	23.118700808353545
34	22.954830420473854	27.18898985738731	27.07687662432572	22.77930309781312
35	22.958473049427404	26.837348769892433	27.00729502274355	23.196883157936615
36	23.056782242587197	27.094878709932196	26.846991357432394	23.001347690048217
37	22.862700193921047	26.991295983598533	26.988421767469468	23.157582055010952
38	22.88200227474892	26.849513750093628	26.947979287793277	23.32050468736417
39	22.808841793158926	26.98811288358098	27.006074901752925	23.196970421507167
40	22.844203132118206	26.941694017485467	27.170091497097555	23.044011353298767
41	23.106816344474737	26.910628893458878	26.951948501362878	23.030606260703514
42	22.969287471105222	27.05339740462087	27.031193414968058	22.946121709305846
43	22.983475597533555	27.136378661544715	26.95007232580597	22.930073415115764
44	23.030461469448777	26.875693446919612	26.866699396055083	23.227145687576527
45	22.857836295088912	27.08559235643214	27.062138231855464	22.994433116623476
46	22.9232166023432	27.255130137116808	26.79302147314317	23.028631787396826
47	23.01552948472829	26.95830024117666	26.8728659392014	23.153304334893647
48	22.987730776974843	27.320595954210024	27.02619007698943	22.665483191825704
49	23.275077379915114	27.230176709406212	26.988462216877384	22.506283693801286
50	23.38126416968573	27.43204882360537	27.070255377171982	22.11643162953692
51	22.88006440850631	27.888803146354224	27.24047681057602	21.990655634563446
>>END_MODULE
>>Per base GC content	pass
#Base	%GC
1	46.35192480423401
2	46.06799186925654
3	46.03883060656388
4	46.10248418009286
5	46.47877640226147
6	45.8607039111586
7	46.04730503239541
8	46.201324550249346
9	45.94287917548462
10	45.96646592711632
11	46.40304481916837
12	45.727973405300574
13	45.801056316671804
14	45.936122065460836
15	45.77108957430223
16	45.65367357372724
17	46.32936721542877
18	45.89144030513885
19	45.96088605207181
20	46.24709241321515
21	45.985116747566494
22	45.80457107970855
23	46.12956690361688
24	45.68880126083663
25	45.96129938247053
26	46.11231649570291
27	45.89919697387847
28	45.9802546199868
29	46.18537912216917
30	45.87949781616242
31	45.960345822218954
32	46.03258681061697
33	45.87870551394592
34	45.734133518286974
35	46.155356207364015
36	46.05812993263541
37	46.020282248932
38	46.20250696211309
39	46.0058122146661
40	45.88821448541698
41	46.13742260517825
42	45.91540918041107
43	45.91354901264932
44	46.257607157025305
45	45.852269411712385
46	45.95184838974002
47	46.16883381962194
48	45.65321396880054
49	45.781361073716404
50	45.49769579922265
51	44.87072004306975
>>END_MODULE
>>Per sequence GC content	pass
#GC Content	Count
0	9499.0
1	8536.0
2	6459.0
3	5686.0
4	6131.0
5	6980.0
6	7955.5
7	9347.5
8	10700.0
9	12995.0
10	15581.5
11	19748.0
12	23935.0
13	30907.5
14	38520.0
15	51033.5
16	64121.0
17	83599.5
18	104162.5
19	131768.0
20	160284.0
21	195936.5
22	232338.5
23	276716.0
24	322778.5
25	370255.5
26	458319.5
27	519698.0
28	588553.0
29	659942.5
30	737310.5
31	816160.0
32	897980.0
33	981714.5
34	1062390.5
35	1140187.5
36	1205028.5
37	1265781.5
38	1305375.0
39	1344056.0
40	1369347.0
41	1392935.0
42	1408884.0
43	1417761.0
44	1412347.0
45	1402797.5
46	1387764.5
47	1370192.0
48	1348861.0
49	1328027.0
50	1307216.5
51	1285091.5
52	1258306.5
53	1228829.0
54	1201266.5
55	1172931.5
56	1137936.0
57	1096927.5
58	1042668.5
59	981725.5
60	916262.0
61	846679.0
62	775482.0
63	707328.0
64	631708.5
65	558587.0
66	491585.5
67	426222.0
68	365959.0
69	307294.0
70	259903.0
71	216635.0
72	181838.5
73	149647.5
74	122646.0
75	91498.0
76	75893.5
77	62894.5
78	50361.5
79	40809.5
80	32128.0
81	25824.5
82	20355.5
83	16460.5
84	12921.0
85	10541.0
86	8428.0
87	7028.0
88	5691.0
89	4656.0
90	3753.5
91	3291.0
92	2883.5
93	2571.0
94	2303.0
95	2225.5
96	2146.0
97	2278.5
98	2931.0
99	15603.5
100	27780.0
>>END_MODULE
>>Per base N content	pass
#Base	N-Count
1	0.0031061139499346416
2	0.003231744779150966
3	0.004076503803191769
4	0.003812245852081569
5	0.005826671217101943
6	0.004046179120277483
7	0.00329672624253872
8	0.004786967802897879
9	0.003708275510661162
10	0.005163860290546852
11	0.004981912193061141
12	0.001776159999265276
13	0.004479388876195842
14	0.00804903726496313
15	0.006381179704677444
16	0.006381179704677444
17	0.004631012290767269
18	0.005601402144024396
19	0.006983341265403965
20	0.003422357071755044
21	0.00653378978692682
22	0.007118484166659379
23	0.00626720072928061
24	0.004656043629883091
25	0.0054520372146243095
26	0.006410373011652994
27	0.006184365720836058
28	0.007375111322226739
29	0.007403584911458526
30	0.004329519507704768
31	0.00698735773668394
32	0.0075760086745299314
33	0.006094491050620798
34	0.006289311003506999
35	0.00787511386440407
36	0.005797007531312891
37	0.007468771567780509
38	0.008655761985861406
39	0.0040823179995892085
40	0.006510273891214103
41	0.004476243992875956
42	0.0063898277640882985
43	0.004526977722812272
44	0.0059987840100966154
45	0.0037665905296281276
46	0.00329057026102685
47	0.0011067862334382737
48	0.006423834814430915
49	0.002813832631001063
50	0.0022761652543498985
51	0.002124677202287166
>>END_MODULE
>>Sequence Length Distribution	warn
#Length	Count
20	49401.0
21	51684.0
22	53524.0
23	55400.0
24	56338.0
25	57173.0
26	57577.0
27	58683.0
28	60072.0
29	63834.0
30	64980.0
31	68382.0
32	71223.0
33	71145.0
34	72982.0
35	73500.0
36	72567.0
37	74345.0
38	75869.0
39	78509.0
40	81684.0
41	86508.0
42	90578.0
43	99870.0
44	118663.0
45	167666.0
46	280110.0
47	680807.0
48	1390451.0
49	2808172.0
50	3754656.0
51	1.2237153E7
>>END_MODULE
>>Sequence Duplication Levels	warn
#Total Duplicate Percentage	32.603952740471506
#Duplication Level	Relative count
1	100.0
2	21.036632151234592
3	8.850760338187904
4	4.586143649477154
5	2.59852243746666
6	1.6982469473207304
7	1.0990376113469786
8	0.8184322637690267
9	0.597017106695799
10++	4.863826024684502
>>END_MODULE
>>Overrepresented sequences	pass
>>END_MODULE
>>Kmer Content	warn
#Sequence	Count	Obs/Exp Overall	Obs/Exp Max	Max Obs/Exp Position
AAAAA	6081405	4.1889234	5.1915307	47
TTTTT	5410590	3.55073	4.2484913	13
GGGGG	2275300	3.4959466	5.0879874	47
>>END_MODULE
