##FastQC	0.10.1
>>Basic Statistics	pass
#Measure	Value	
Filename	040-F0_S2_L004_R2_001.fastq.gz	
File type	Conventional base calls	
Encoding	Sanger / Illumina 1.9	
Total Sequences	13350155	
Filtered Sequences	0	
Sequence length	35-76	
%GC	44	
>>END_MODULE
>>Per base sequence quality	pass
#Base	Mean	Median	Lower Quartile	Upper Quartile	10th Percentile	90th Percentile
1	31.39930502679557	32.0	32.0	32.0	32.0	32.0
2	31.143059387699992	32.0	32.0	32.0	32.0	32.0
3	31.19234675552456	32.0	32.0	32.0	32.0	32.0
4	31.229087152920698	32.0	32.0	32.0	32.0	32.0
5	31.215875471108763	32.0	32.0	32.0	32.0	32.0
6	34.90772466686716	36.0	36.0	36.0	36.0	36.0
7	34.89968393625392	36.0	36.0	36.0	36.0	36.0
8	34.83040661325655	36.0	36.0	36.0	36.0	36.0
9	34.93291208978472	36.0	36.0	36.0	36.0	36.0
10-14	34.83307356356537	36.0	36.0	36.0	34.4	36.0
15-19	34.7480036898448	36.0	36.0	36.0	32.0	36.0
20-24	34.68199606671234	36.0	36.0	36.0	32.0	36.0
25-29	34.60507251039407	36.0	36.0	36.0	32.0	36.0
30-34	34.52289578660323	36.0	36.0	36.0	32.0	36.0
35-39	34.46952911951443	36.0	36.0	36.0	32.0	36.0
40-44	34.38726633462885	36.0	36.0	36.0	32.0	36.0
45-49	34.276255721491296	36.0	36.0	36.0	32.0	36.0
50-54	34.15797071008082	36.0	36.0	36.0	32.0	36.0
55-59	33.99802745853766	36.0	36.0	36.0	32.0	36.0
60-64	33.85315201999678	36.0	36.0	36.0	31.0	36.0
65-69	33.705292516060595	36.0	36.0	36.0	27.0	36.0
70-74	33.56816350354339	36.0	36.0	36.0	27.0	36.0
75-76	32.936054420838026	36.0	34.0	36.0	20.5	36.0
>>END_MODULE
>>Per sequence quality scores	pass
#Quality	Count
2	10447.0
3	0.0
4	0.0
5	0.0
6	0.0
7	0.0
8	0.0
9	0.0
10	0.0
11	0.0
12	0.0
13	0.0
14	972.0
15	3054.0
16	5108.0
17	7892.0
18	10852.0
19	14154.0
20	18180.0
21	24633.0
22	33846.0
23	47809.0
24	67970.0
25	94961.0
26	129143.0
27	169915.0
28	218135.0
29	276418.0
30	348222.0
31	448669.0
32	603196.0
33	915821.0
34	1916205.0
35	7984553.0
>>END_MODULE
>>Per base sequence content	fail
#Base	G	A	T	C
1	44.649580798013346	17.962248834483407	11.324734675902652	26.063435691600596
2	16.509201167419306	19.7209993267658	37.93236696424178	25.837432541573115
3	20.47566668616151	21.425387984878	28.599340474444507	29.499604854515983
4	13.674869406790735	15.03276440640953	36.64129731321447	34.65106887358526
5	15.06878131240788	34.78427916118563	35.33151747699874	14.815422049407756
6	33.93314803951519	35.276544463956725	17.004582367350306	13.785725129177779
7	30.301113037856602	29.628264726634196	20.946912780999405	19.1237094545098
8	26.052730768515726	35.44176595434616	20.318383758300794	18.18711951883732
9	25.231115719452372	15.890011145432108	20.365074187555575	38.51379894755995
10-14	23.886843933187944	23.50030150204678	28.951950878443032	23.660903686322246
15-19	21.965232641778762	28.772240555488988	27.11386553901184	22.148661263720413
20-24	22.081067187893236	27.61515035415274	28.170929654353653	22.132852803600368
25-29	21.525261999216113	27.94120561844271	28.170344266605646	22.36318811573553
30-34	21.651457133001692	27.922671376544272	28.457406786341988	21.968464704112048
35-39	21.55108478329224	28.226199260365004	28.314638119464714	21.908077836878046
40-44	21.8346598834861	28.117411164657053	28.429264183801866	21.618664768054973
45-49	21.789846323581834	28.17156208959875	28.07280578205339	21.965785804766025
50-54	21.559620822803073	28.587161770209374	28.16934871196124	21.683868695026316
55-59	21.712262241821083	28.223455765219352	27.835940280964177	22.228341711995384
60-64	21.85740135309523	28.11903233227119	28.151860990743664	21.871705323889916
65-69	22.122023607283378	28.553181753948376	27.754550779188015	21.570243859580234
70-74	22.399426364584432	28.77000624066205	27.77053769719138	21.06002969756214
75-76	25.748374185809798	35.96159142129443	29.20682991152928	9.083204481366494
>>END_MODULE
>>Per base GC content	fail
#Base	%GC
1	70.71301648961395
2	42.346633708992414
3	49.97527154067749
4	48.32593828037599
5	29.884203361815636
6	47.718873168692966
7	49.4248224923664
8	44.23985028735305
9	63.74491466701232
10-14	47.54774761951019
15-19	44.113893905499175
20-24	44.213919991493604
25-29	43.888450114951645
30-34	43.619921837113736
35-39	43.45916262017028
40-44	43.453324651541074
45-49	43.755632128347855
50-54	43.24348951782939
55-59	43.94060395381647
60-64	43.72910667698515
65-69	43.69226746686361
70-74	43.459456062146565
75-76	34.83157866717629
>>END_MODULE
>>Per sequence GC content	fail
#GC Content	Count
0	10476.0
1	5279.0
2	132.5
3	247.0
4	311.0
5	417.5
6	679.0
7	1004.0
8	1177.0
9	1379.0
10	2001.0
11	2891.5
12	3370.5
13	4071.0
14	5786.0
15	8523.5
16	12835.5
17	16103.5
18	21132.5
19	31462.0
20	44528.0
21	53527.5
22	66653.5
23	90213.5
24	115531.0
25	132620.5
26	153969.0
27	189522.0
28	225617.5
29	250674.5
30	283575.5
31	337472.5
32	392649.0
33	430513.5
34	480325.5
35	556691.0
36	618657.0
37	650161.5
38	659877.5
39	650771.5
40	621800.0
41	592793.0
42	581508.0
43	576584.0
44	563133.5
45	547556.5
46	539706.0
47	529141.0
48	509186.0
49	488628.0
50	475467.5
51	462033.5
52	440020.0
53	417873.5
54	404656.5
55	390103.5
56	368185.5
57	347177.5
58	330475.0
59	309610.0
60	280425.0
61	249346.5
62	225098.0
63	201493.0
64	172407.0
65	147732.5
66	122265.5
67	103711.0
68	89719.5
69	72815.0
70	57100.0
71	46559.0
72	39100.0
73	31300.5
74	24292.0
75	19812.0
76	16944.0
77	13702.0
78	10517.5
79	8432.5
80	7205.5
81	5790.0
82	4374.0
83	3464.0
84	2892.0
85	2299.0
86	1742.5
87	1456.0
88	1274.0
89	1090.5
90	956.0
91	879.5
92	857.5
93	850.5
94	866.5
95	890.0
96	896.5
97	952.0
98	1204.0
99	6153.0
100	10907.0
>>END_MODULE
>>Per base N content	pass
#Base	N-Count
1	0.12260531806559549
2	0.13107712981609576
3	0.09958685872935558
4	0.08113763473158177
5	0.0823511037886826
6	0.08224623609238994
7	0.07825377308353348
8	0.07840358407823729
9	0.08283049897173479
10-14	0.07947772891026358
15-19	0.0784275538373899
20-24	0.07897586207800583
25-29	0.0783406634604617
30-34	0.07845302170648956
35-39	0.01567103163974838
40-44	1.955945605212902E-5
45-49	0.0
50-54	0.0
55-59	1.8403934147656297E-4
60-64	0.001136870081429946
65-69	0.0017132899951952639
70-74	6.695016484395911E-4
75-76	0.0
>>END_MODULE
>>Sequence Length Distribution	warn
#Length	Count
35	13530.0
36	4407.0
37	6042.0
38	6945.0
39	7680.0
40	8435.0
41	9292.0
42	10237.0
43	11649.0
44	12714.0
45	13764.0
46	14299.0
47	15242.0
48	15959.0
49	16702.0
50	16874.0
51	18089.0
52	18885.0
53	20420.0
54	21649.0
55	22480.0
56	23676.0
57	23779.0
58	24749.0
59	25250.0
60	27677.0
61	26694.0
62	27473.0
63	28073.0
64	31072.0
65	32079.0
66	33247.0
67	37595.0
68	33455.0
69	41550.0
70	39620.0
71	49408.0
72	97704.0
73	305849.0
74	878820.0
75	2680601.0
76	8596490.0
>>END_MODULE
>>Sequence Duplication Levels	warn
#Total Duplicate Percentage	26.88287884253527
#Duplication Level	Relative count
1	100.0
2	17.63305798347901
3	6.041029128414372
4	2.739497703195525
5	1.510757312105393
6	0.9027208299164616
7	0.6313712156062697
8	0.41069130814515536
9	0.3366868678787394
10++	3.1355214646212106
>>END_MODULE
>>Overrepresented sequences	warn
#Sequence	Count	Percentage	Possible Source
CTGTAGGACGTGGAATATGGCAAGAAAACTGAAAATCATGGAAAATGAGA	13484	0.10100257262930655	No Hit
>>END_MODULE
>>Kmer Content	warn
#Sequence	Count	Obs/Exp Overall	Obs/Exp Max	Max Obs/Exp Position
AAAAA	6422395	4.1835494	8.613985	71
GGGGG	2139995	3.9981134	7.010453	72
TTTTT	5294530	3.3881865	6.131124	33
CCTGG	1937735	3.0234215	12.229113	3
CCAGG	1870105	2.9282753	12.448269	3
AGAAA	3400685	2.7348483	7.1125407	48
GAAAA	3385670	2.7227733	7.4209495	24
TTTCT	3359145	2.7091956	7.707403	16
CAGCA	2128750	2.699925	6.6634755	4
CCCAG	1690685	2.6928976	10.431488	2
TGCTG	2165795	2.6813278	7.7061925	2
TTTTC	3272265	2.6391256	6.058882	24
CTGGG	1681255	2.5788536	10.548209	4
CCAGC	1617320	2.576043	6.2941732	3
GCTGC	1649570	2.5738018	5.7628736	8
CTGCT	1987210	2.5025775	6.43307	9
GGAGG	1630635	2.4676309	5.5690384	6
GCTGG	1602240	2.4576535	6.9039946	3
TCCAG	1913705	2.4185798	9.179752	2
AGCAG	1935715	2.4135551	5.2636113	7
AAGAA	2948390	2.3711104	5.0091996	22
CAGCC	1439835	2.2933474	5.5682735	9
CTGGA	1817865	2.2585819	8.87793	4
CTCCT	1762635	2.257966	6.0983753	1
CTCCA	1731510	2.225982	6.106903	1
GGCTG	1439270	2.2076762	8.0005455	7
AGGAG	1797630	2.2034588	6.7147746	5
CTGCC	1387335	2.2018964	5.7215323	9
CAGGA	1761405	2.1962159	9.022974	4
GGCAG	1411755	2.1731718	6.296357	7
CCACC	1338065	2.1679318	5.487807	28
CCTGC	1363475	2.1640272	5.998621	3
TCCTG	1716180	2.161258	8.412584	2
CCCTG	1357795	2.1550121	8.793731	2
CAGAG	1715520	2.139004	7.311182	4
CTCTG	1692500	2.1314368	7.2530704	2
GAGAA	2140045	2.124754	7.2970243	47
GCAGG	1359595	2.0928795	6.44901	3
AAAAT	3210170	2.083696	6.0579686	72
TTCTC	2044200	2.077814	6.1997905	17
GCCTG	1315645	2.052783	6.6500597	7
TGGAA	2064810	2.0427923	6.4796643	11
CTGCA	1610525	2.0354147	6.2315035	4
GGAAA	2038145	2.0235817	6.9955935	40
CAGGG	1306925	2.0118024	8.835097	4
GCCAG	1281000	2.0058343	5.200988	2
CCCCA	1235420	2.0016265	6.5127673	1
CTGGC	1281425	1.99939	5.553386	4
TGCAG	1590050	1.975536	6.4603014	2
AGCTG	1570115	1.9507681	5.565758	7
TGGAG	1596765	1.9503115	6.024899	5
CACAG	1535495	1.9474909	7.249294	7
TGAAA	2394785	1.919074	5.905403	30
CAGTG	1543420	1.9176012	9.786969	7
CAGGC	1224275	1.9170122	5.537232	4
CATTT	2368470	1.9169955	6.876085	14
GGGAG	1262940	1.9112002	5.33042	7
CAGAA	1889125	1.9079088	5.0588017	4
GTGTG	1564745	1.9044297	10.894507	9
GGAGA	1550345	1.9003471	5.1624575	6
CTGTG	1534100	1.8992679	8.484116	9
CTGAA	1877855	1.8898067	6.7168984	29
CTCAG	1476430	1.8659426	5.653607	2
TTCTG	1854350	1.8529505	5.1047993	2
CCTCT	1443740	1.8494562	5.602385	1
CCAGA	1439560	1.8258152	6.3753743	3
CACTG	1440955	1.8211087	7.3546696	7
CTGAG	1464895	1.8200389	5.539229	4
TGGGG	1204425	1.8161913	6.3084393	5
GTGGA	1466295	1.7909534	5.3229413	9
GGCCA	1140320	1.7855526	5.9394293	1
TCTGG	1421050	1.7593082	6.245439	3
ACCTG	1387050	1.7529825	5.928585	8
GAGAG	1418900	1.7392275	5.4534264	7
CACAC	1338665	1.7270709	7.2586255	5
AAATG	2147050	1.7205502	6.0652976	43
TGGCC	1093345	1.7059313	5.341402	5
TCTCA	1666260	1.699682	5.569693	18
TGTGT	1710355	1.6801463	7.739834	10
TGGCA	1349610	1.6768048	5.832504	18
ACACA	1631735	1.6763232	7.018801	6
AAAAC	2047275	1.6747663	5.8085146	25
CCTGA	1302770	1.6464677	5.234983	3
ACAGA	1620265	1.6363755	5.9663186	8
GCCCA	1025955	1.6341256	6.6223783	1
CCACT	1261105	1.6212423	5.0574436	56
ATTTC	1983480	1.6053917	6.772455	15
GTCCT	1272120	1.6020344	15.338227	1
TCAGG	1266630	1.5737075	5.345845	3
TGAGA	1581565	1.5647002	6.6209726	46
CCTGT	1236140	1.5567235	5.360308	8
GGGCC	803260	1.5528193	5.0807395	6
TGGGC	1004300	1.5404816	6.2871614	5
CATGG	1225515	1.5226246	5.065345	37
AGTGG	1227120	1.4988219	6.7063565	8
AGGAC	1180315	1.4716812	15.025439	5
CTGTC	1164885	1.4669889	5.7720838	9
ATGGC	1171175	1.4551107	9.498974	17
ACAGC	1133155	1.4371971	5.428472	8
GCTGT	1147465	1.4206007	5.130741	8
GCCCT	883400	1.4020804	5.7457595	1
GGGCT	910020	1.3958668	5.850958	6
GACAG	1119265	1.3955607	6.614259	7
CACTT	1344000	1.3709582	5.816458	57
ACTGA	1347025	1.3555982	5.9991703	28
AATGA	1686510	1.3514941	5.5675764	44
GGACA	1077875	1.3439534	6.8148293	6
CTCAT	1309410	1.3356743	5.0951176	19
AGACA	1312985	1.3260401	5.014455	6
AGGGC	848555	1.3062152	5.3679776	5
TGTCC	1032070	1.2997293	5.142192	10
AACTG	1282670	1.2908334	5.9728785	27
ATGAG	1291685	1.2779113	6.2861013	45
AAACT	1558510	1.270416	5.223543	26
AAGTG	1283245	1.2695613	5.1316323	7
GCAAG	1017170	1.2682631	5.4741397	20
GGCAA	1014120	1.2644602	5.5489054	19
TGTGC	1019890	1.2626585	7.8386803	10
GTCCA	955975	1.2081809	7.033534	1
GTGCT	965660	1.1955199	6.5448236	1
GGAAT	1184795	1.172161	5.841084	12
TACAG	1148560	1.1558698	7.271524	5
AAATC	1412380	1.1512985	5.4286733	33
AGCAC	897250	1.1379954	5.3234468	5
CTGTA	1131230	1.1343957	7.710505	1
GTGCA	913000	1.1343446	6.379635	11
TGGAC	901820	1.1204541	5.9213004	5
GTCTT	1108450	1.1076133	5.218992	1
AATAT	1687635	1.0915489	5.4211235	14
ACAGT	1081865	1.0887504	6.3037195	6
GGACC	689830	1.0801598	7.625378	6
AATCA	1323380	1.0787504	5.2765975	34
AGTGT	1073060	1.0578558	7.17448	8
GACCT	832660	1.0523329	5.2202196	7
TGCAC	829045	1.0477642	5.251533	5
ACTGT	1036085	1.0389845	5.805616	8
CTACA	993505	1.0170367	8.310744	4
GACTG	804560	0.99961466	5.5486665	7
TCCTA	968700	0.9881303	9.461812	2
TGTAG	1001095	0.98691046	8.652393	2
TAGGA	980005	0.96955484	9.836137	4
TATGG	934200	0.9209633	7.3528214	16
GGACT	736360	0.9148805	5.0425024	6
ATATG	1145100	0.91438043	6.4477706	15
CCTAC	670220	0.86161655	7.8427186	3
GTAGG	688585	0.8410475	8.511787	3
TGGCG	510535	0.7831025	5.4271607	18
GTGTA	743395	0.7328618	5.974959	1
TACAC	686530	0.70279074	5.249604	5
GGACG	453285	0.6977599	8.098517	6
ACGTG	544045	0.67594135	6.014089	8
GCGAG	434420	0.6687203	5.4057374	20
GGCGA	419005	0.6449914	5.4475455	19
GACGT	404570	0.5026525	5.842731	7
>>END_MODULE
