##FastQC	0.10.1
>>Basic Statistics	pass
#Measure	Value	
Filename	029-F0_S5_L003_R2_001_trimmed.fq.gz	
File type	Conventional base calls	
Encoding	Sanger / Illumina 1.9	
Total Sequences	21251523	
Filtered Sequences	0	
Sequence length	20-51	
%GC	45	
>>END_MODULE
>>Per base sequence quality	pass
#Base	Mean	Median	Lower Quartile	Upper Quartile	10th Percentile	90th Percentile
1	34.7999129285934	36.0	36.0	36.0	32.0	36.0
2	34.79479451896224	36.0	36.0	36.0	32.0	36.0
3	34.77344710776729	36.0	36.0	36.0	32.0	36.0
4	34.7642048525181	36.0	36.0	36.0	32.0	36.0
5	34.749144896579885	36.0	36.0	36.0	32.0	36.0
6	34.72879920182662	36.0	36.0	36.0	32.0	36.0
7	34.7188253284247	36.0	36.0	36.0	32.0	36.0
8	34.70525194829566	36.0	36.0	36.0	32.0	36.0
9	34.68374304279274	36.0	36.0	36.0	32.0	36.0
10	34.667431553023285	36.0	36.0	36.0	32.0	36.0
11	34.65565634990019	36.0	36.0	36.0	32.0	36.0
12	34.639015519028916	36.0	36.0	36.0	32.0	36.0
13	34.62834291923454	36.0	36.0	36.0	32.0	36.0
14	34.61875038320783	36.0	36.0	36.0	32.0	36.0
15	34.60307263625294	36.0	36.0	36.0	32.0	36.0
16	34.57466540162792	36.0	36.0	36.0	32.0	36.0
17	34.561441078834676	36.0	36.0	36.0	32.0	36.0
18	34.54663635166289	36.0	36.0	36.0	32.0	36.0
19	34.51500219537207	36.0	36.0	36.0	32.0	36.0
20	34.51762454860294	36.0	36.0	36.0	32.0	36.0
21	34.497301594802416	36.0	36.0	36.0	32.0	36.0
22	34.48169231590994	36.0	36.0	36.0	32.0	36.0
23	34.454702064224726	36.0	36.0	36.0	32.0	36.0
24	34.42702876600036	36.0	36.0	36.0	32.0	36.0
25	34.40842260828539	36.0	36.0	36.0	32.0	36.0
26	34.37289637409141	36.0	36.0	36.0	32.0	36.0
27	34.36365904136248	36.0	36.0	36.0	32.0	36.0
28	34.33606900976387	36.0	36.0	36.0	32.0	36.0
29	34.31020657024861	36.0	36.0	36.0	32.0	36.0
30	34.28629040957313	36.0	36.0	36.0	32.0	36.0
31	34.24708511294481	36.0	36.0	36.0	32.0	36.0
32	34.21866405283701	36.0	36.0	36.0	32.0	36.0
33	34.17922973083501	36.0	36.0	36.0	32.0	36.0
34	34.14975842907988	36.0	36.0	36.0	32.0	36.0
35	34.10773771131019	36.0	36.0	36.0	32.0	36.0
36	34.088258271417835	36.0	36.0	36.0	32.0	36.0
37	34.054449742961246	36.0	36.0	36.0	32.0	36.0
38	34.024551124341414	36.0	36.0	36.0	32.0	36.0
39	34.00900802150774	36.0	36.0	36.0	32.0	36.0
40	33.99667074399571	36.0	36.0	36.0	32.0	36.0
41	33.9619640868074	36.0	36.0	36.0	32.0	36.0
42	33.93015448141973	36.0	36.0	36.0	32.0	36.0
43	33.91938234010703	36.0	36.0	36.0	32.0	36.0
44	33.89029185241123	36.0	36.0	36.0	32.0	36.0
45	33.87377901966169	36.0	36.0	36.0	32.0	36.0
46	33.88563558621166	36.0	36.0	36.0	32.0	36.0
47	33.87926671448217	36.0	36.0	36.0	32.0	36.0
48	33.88915859386121	36.0	36.0	36.0	32.0	36.0
49	33.94392408724522	36.0	36.0	36.0	32.0	36.0
50	34.03707811210436	36.0	36.0	36.0	32.0	36.0
51	34.177602571271954	36.0	36.0	36.0	32.0	36.0
>>END_MODULE
>>Per sequence quality scores	pass
#Quality	Count
4	3.0
5	3.0
6	5.0
7	13.0
8	15.0
9	35.0
10	42.0
11	39.0
12	50.0
13	51.0
14	1345.0
15	2547.0
16	4587.0
17	7518.0
18	11777.0
19	18026.0
20	27519.0
21	39839.0
22	56684.0
23	79640.0
24	110644.0
25	150468.0
26	199885.0
27	259443.0
28	331918.0
29	414558.0
30	519105.0
31	663076.0
32	888797.0
33	1319462.0
34	2515980.0
35	9808468.0
36	3819981.0
>>END_MODULE
>>Per base sequence content	pass
#Base	G	A	T	C
1	22.569145665714643	26.81596633585969	27.331451307716364	23.2834366907093
2	22.470374889763008	27.02019269197636	27.689564918640503	22.819867499620134
3	22.388180716353418	27.017690959533052	27.605833578188843	22.988294745924684
4	22.672314619661734	26.618090581610005	27.94176780200925	22.767826996719016
5	22.78565800750926	26.78275508337601	27.44146587692398	22.99012103219075
6	22.24052650065071	27.21491128176421	27.69898593209958	22.845576285485507
7	22.37361343756429	27.150441141952786	27.541937802118667	22.934007618364262
8	22.359223552707014	27.098282895499366	27.467055689981258	23.075437861812365
9	22.33980672938109	27.11059074183883	27.576405525252532	22.973197003527552
10	22.374846643695122	27.133074379154902	27.64651535840659	22.84556361874339
11	22.964742060366085	26.99979991036436	27.289685181640166	22.74577284762939
12	22.190858104474277	27.319405054993133	27.71333747460779	22.776399365924796
13	22.3403902388386	27.12917600031284	27.834190492355827	22.696243268492736
14	22.374660243893096	26.899634170708982	28.000246778769988	22.72545880662794
15	22.3337058797232	27.211224391357234	27.735408926525224	22.719660802394337
16	22.41449800726094	27.468208692005348	27.697195332474863	22.420097968258858
17	22.563090339606447	27.091853925181926	27.281233176850595	23.063822558361036
18	22.462345803745198	27.592641515524868	27.361313604469835	22.583699076260093
19	22.752915928588443	27.195540556553254	27.509540467894457	22.542003046963845
20	22.793342000314624	26.899829074404703	27.631435608888843	22.675393316391826
21	22.775292164675573	27.074582966693413	27.605718578162964	22.54440629046805
22	22.46386701239606	27.347468869675996	27.64853159946111	22.540132518466837
23	22.510116542397835	27.15895191213396	27.582970763776505	22.747960781691702
24	22.354070754831476	27.475264585205572	27.58375730918664	22.586907350776308
25	22.46930842409298	27.421171409810285	27.37760335104041	22.73191681505633
26	22.570369217858495	27.28508664365183	27.352029583222194	22.79251455526748
27	22.682340485057438	27.346744581042703	27.443067772057134	22.52784716184273
28	22.352363560446626	27.37885837834725	27.438466319353623	22.8303117418525
29	22.725977044972225	27.115147104479504	27.412811026698698	22.746064823849572
30	22.439302286710145	27.54494598922782	27.360500950678208	22.655250773383827
31	22.530859700055803	27.378589272652725	27.447197851271493	22.643353176019975
32	22.513322507660227	27.470533192161557	27.330942905314565	22.68520139486365
33	22.41825224204007	27.212690371107406	27.6665985599771	22.70245882687543
34	22.58122441430827	27.613392775014635	27.42907853240291	22.376304278274183
35	22.541331879574088	27.162042289819894	27.460391819632505	22.836234010973516
36	22.70625668496821	27.462094179163028	27.15185310430747	22.679796031561292
37	22.45134442939592	27.398072685196656	27.319611804015747	22.830971081391674
38	22.53877149857675	27.31334544060255	27.253542267943182	22.894340792877518
39	22.498798062523022	27.367103447257602	27.313010668074405	22.82108782214497
40	22.490484944721015	27.294818163319135	27.57821646392732	22.63648042803253
41	22.75404718546011	27.257466289212374	27.350500774786468	22.63798575054105
42	22.682811597225168	27.33828097009815	27.432942259480477	22.54596517319621
43	22.636351490296082	27.546497798519514	27.280895675359357	22.536255035825047
44	22.64709485821569	27.25435281246666	27.218500837273545	22.8800514920441
45	22.577359743169204	27.47043571493023	27.350306564610477	22.60189797729009
46	22.5746169915951	27.774397740959294	27.0823705628916	22.568614704554008
47	22.694374282003192	27.334835459260514	27.20624484986141	22.764545408874884
48	22.66096537511716	27.714277194765625	27.41143286071475	22.213324569402463
49	22.943473839123097	27.604123813175878	27.38447545134715	22.067926896353875
50	23.145489791083453	27.70102109425841	27.425750571409196	21.727738543248943
51	22.60743303056756	28.262687108141698	27.561282366971223	21.56859749431952
>>END_MODULE
>>Per base GC content	pass
#Base	%GC
1	45.852582356423945
2	45.29024238938314
3	45.3764754622781
4	45.44014161638075
5	45.77577903970001
6	45.086102786136216
7	45.30762105592856
8	45.434661414519375
9	45.31300373290864
10	45.22041026243851
11	45.710514907995474
12	44.96725747039907
13	45.03663350733134
14	45.10011905052104
15	45.05336668211754
16	44.83459597551979
17	45.62691289796748
18	45.04604488000529
19	45.29491897555229
20	45.46873531670645
21	45.31969845514362
22	45.0039995308629
23	45.258077324089534
24	44.94097810560779
25	45.20122523914931
26	45.36288377312598
27	45.21018764690017
28	45.18267530229913
29	45.4720418688218
30	45.09455306009397
31	45.17421287607578
32	45.19852390252388
33	45.12071106891549
34	44.95752869258246
35	45.3775658905476
36	45.3860527165295
37	45.2823155107876
38	45.43311229145427
39	45.31988588466799
40	45.126965372753546
41	45.39203293600116
42	45.228776770421376
43	45.17260652612113
44	45.52714635025979
45	45.17925772045929
46	45.14323169614911
47	45.458919690878076
48	44.874289944519624
49	45.011400735476975
50	44.873228334332396
51	44.176030524887075
>>END_MODULE
>>Per sequence GC content	pass
#GC Content	Count
0	9615.0
1	8573.5
2	6408.5
3	5690.0
4	6226.0
5	7138.0
6	8164.5
7	9522.5
8	10849.0
9	13226.5
10	15765.5
11	20087.0
12	24569.0
13	31577.5
14	39097.0
15	51588.5
16	64719.5
17	83965.5
18	104401.5
19	131310.5
20	159003.5
21	193488.0
22	228561.0
23	272090.5
24	317430.0
25	363297.0
26	448908.0
27	509437.5
28	578489.5
29	649468.0
30	725568.0
31	803528.0
32	885952.5
33	969616.5
34	1046658.0
35	1120642.5
36	1177043.5
37	1227935.5
38	1261065.0
39	1293797.5
40	1310057.5
41	1323602.5
42	1333169.5
43	1337398.5
44	1325314.0
45	1309449.5
46	1292238.5
47	1272473.5
48	1247184.5
49	1221206.5
50	1193481.0
51	1164728.5
52	1134648.5
53	1102938.5
54	1070638.0
55	1035133.5
56	993575.5
57	949199.0
58	897396.0
59	839997.0
60	778347.0
61	713120.0
62	648559.0
63	587927.5
64	522447.5
65	459522.0
66	403861.5
67	350014.0
68	298760.5
69	248567.0
70	209360.0
71	173733.0
72	144894.5
73	118485.0
74	96940.0
75	72448.5
76	60071.5
77	49608.5
78	39714.0
79	32003.0
80	25127.0
81	20714.0
82	16849.0
83	13720.0
84	10834.5
85	8756.5
86	6828.5
87	5712.5
88	4686.5
89	3820.5
90	3080.5
91	2723.5
92	2415.5
93	2207.5
94	2006.5
95	1916.5
96	1861.5
97	2025.0
98	2645.0
99	14274.0
100	25452.0
>>END_MODULE
>>Per base N content	pass
#Base	N-Count
1	0.0031103653135824663
2	0.0033691702942890258
3	0.004211462867861282
4	0.0041126464206824144
5	0.005768998297204393
6	0.00411735196578617
7	0.003609153094580562
8	0.004893766907905848
9	0.0037738471732120093
10	0.005524309951809101
11	0.004926705723632137
12	0.001957506763162339
13	0.004216168412965037
14	0.008098243123563427
15	0.006460713427456469
16	0.006470124517663982
17	0.0049078835432171146
18	0.005500782226290323
19	0.00713831192239728
20	0.003557392098439251
21	0.006239387029035928
22	0.007274783068237843
23	0.006041342112343187
24	0.004821138607592472
25	0.005471304034127223
26	0.006325330509260236
27	0.006624054151834137
28	0.007663976340628379
29	0.007396414110644966
30	0.004285868386677031
31	0.007377346888223948
32	0.007968321720916646
33	0.006571522645179623
34	0.006451144359700953
35	0.008066163527662332
36	0.005756262998638128
37	0.007389873484082474
38	0.008797307072975446
39	0.004245314979255869
40	0.006830752757436177
41	0.00455308764959197
42	0.006231563700009807
43	0.004626771804836502
44	0.006303135124601106
45	0.003526481245881838
46	0.003224775160652435
47	0.0011933899952123695
48	0.006474569821884746
49	0.002613694106973711
50	0.0021948222859148395
51	0.00197555110632179
>>END_MODULE
>>Sequence Length Distribution	warn
#Length	Count
20	47517.0
21	48736.0
22	50688.0
23	51464.0
24	52640.0
25	52956.0
26	53973.0
27	55802.0
28	57407.0
29	61085.0
30	61422.0
31	63785.0
32	66081.0
33	66481.0
34	67652.0
35	68147.0
36	68236.0
37	69455.0
38	71703.0
39	74578.0
40	77241.0
41	81824.0
42	84829.0
43	93341.0
44	109877.0
45	151387.0
46	254183.0
47	608648.0
48	1248594.0
49	2524214.0
50	3418350.0
51	1.1389227E7
>>END_MODULE
>>Sequence Duplication Levels	warn
#Total Duplicate Percentage	30.037564186511357
#Duplication Level	Relative count
1	100.0
2	19.45435481714483
3	7.559092796273231
4	3.8766563223486528
5	2.187084380079799
6	1.3926126088088553
7	0.9098777681606114
8	0.6727325184544041
9	0.4742904994124146
10++	4.212318886472869
>>END_MODULE
>>Overrepresented sequences	pass
>>END_MODULE
>>Kmer Content	warn
#Sequence	Count	Obs/Exp Overall	Obs/Exp Max	Max Obs/Exp Position
AAAAA	5941610	4.1317935	5.0586495	47
GGGGG	2060610	3.708816	5.4185534	47
TTTTT	5308610	3.556465	4.4439406	13
>>END_MODULE
