##FastQC	0.10.1
>>Basic Statistics	pass
#Measure	Value	
Filename	032-F0_S5_L002_R1_001.fastq.gz	
File type	Conventional base calls	
Encoding	Sanger / Illumina 1.9	
Total Sequences	31362874	
Filtered Sequences	0	
Sequence length	35-76	
%GC	45	
>>END_MODULE
>>Per base sequence quality	pass
#Base	Mean	Median	Lower Quartile	Upper Quartile	10th Percentile	90th Percentile
1	31.328935766537214	32.0	32.0	32.0	32.0	32.0
2	31.398737564675994	32.0	32.0	32.0	32.0	32.0
3	31.47991223635946	32.0	32.0	32.0	32.0	32.0
4	31.57463891861441	32.0	32.0	32.0	32.0	32.0
5	31.541946634099922	32.0	32.0	32.0	32.0	32.0
6	35.13279978741744	36.0	36.0	36.0	36.0	36.0
7	35.13934405373691	36.0	36.0	36.0	36.0	36.0
8	35.08029066468845	36.0	36.0	36.0	36.0	36.0
9	35.203683884327695	36.0	36.0	36.0	36.0	36.0
10-14	35.124021516650544	36.0	36.0	36.0	36.0	36.0
15-19	35.08568935359686	36.0	36.0	36.0	36.0	36.0
20-24	35.05128871799185	36.0	36.0	36.0	36.0	36.0
25-29	34.94443804480419	36.0	36.0	36.0	36.0	36.0
30-34	34.84264081155318	36.0	36.0	36.0	34.4	36.0
35-39	34.781339087611805	36.0	36.0	36.0	32.0	36.0
40-44	34.739610537621445	36.0	36.0	36.0	32.0	36.0
45-49	34.66218578896016	36.0	36.0	36.0	32.0	36.0
50-54	34.56248866455106	36.0	36.0	36.0	32.0	36.0
55-59	34.45434347216214	36.0	36.0	36.0	32.0	36.0
60-64	34.33292049605438	36.0	36.0	36.0	32.0	36.0
65-69	34.19717137539033	36.0	36.0	36.0	32.0	36.0
70-74	34.06685878135981	36.0	36.0	36.0	32.0	36.0
75-76	33.58350261362455	36.0	36.0	36.0	26.5	36.0
>>END_MODULE
>>Per sequence quality scores	pass
#Quality	Count
2	15032.0
3	0.0
4	0.0
5	0.0
6	0.0
7	0.0
8	0.0
9	0.0
10	0.0
11	0.0
12	0.0
13	0.0
14	0.0
15	1.0
16	2.0
17	10.0
18	99.0
19	767.0
20	3592.0
21	10073.0
22	21586.0
23	39178.0
24	68980.0
25	118094.0
26	190560.0
27	286076.0
28	407815.0
29	556003.0
30	732950.0
31	963288.0
32	1315563.0
33	2028509.0
34	4460478.0
35	2.0144218E7
>>END_MODULE
>>Per base sequence content	fail
#Base	G	A	T	C
1	42.98934197767107	18.69847053586655	11.638912815752995	26.67327467070939
2	16.205852383714323	20.534338535966846	35.63944529259781	27.62036378772102
3	18.639385128966772	22.009345970290394	28.564020451551336	30.787248449191495
4	12.954333507231535	15.481273001184578	35.68405123389355	35.88034225769034
5	14.609056661699393	35.501668663508	34.22112756597408	15.668147108818529
6	34.22335738453703	35.65936053907634	16.196690668531506	13.920591407855124
7	30.47158397697679	29.9955862990505	20.451050506124155	19.081779217848553
8	26.361718934273053	34.88871737965248	19.768017843142122	18.981545842932345
9	24.53777200995207	15.739606573237165	19.905405290737395	39.81721612607337
10-14	23.638257617759567	23.313371478031026	28.718710548168463	24.329660356040943
15-19	22.02449420725269	28.693712034840065	26.57731287215507	22.704480885752183
20-24	22.11087830130087	27.332520092274226	27.92435409845772	22.63224750796719
25-29	21.83015120564486	27.42689608099554	27.980703368444683	22.762249344914924
30-34	21.842419709187475	27.545676356247007	28.120555921695033	22.491348012870485
35-39	21.791616882970153	27.823879143930213	28.045100039537584	22.33940393356205
40-44	21.905098223056577	27.740027868828264	28.076300530658965	22.278573377456194
45-49	21.87307199903866	27.90261215950999	27.94137019409345	22.282945647357906
50-54	21.910929519224702	27.973500783923384	27.919785668291304	22.19578402856061
55-59	21.917193467313304	27.88956139132031	27.841334252170764	22.35191088919562
60-64	22.03715605930226	27.93129815762945	27.83713279473352	22.194412988334772
65-69	22.065403431345427	28.010573729077983	27.79704975879823	22.12697308077836
70-74	22.357276009719246	28.2668959501194	27.70735576607966	21.668472274081694
75-76	26.16415769259477	35.54173407800209	28.78323079198705	9.510877437416095
>>END_MODULE
>>Per base GC content	fail
#Base	%GC
1	69.66261664838045
2	43.82621617143534
3	49.42663357815827
4	48.83467576492187
5	30.277203770517918
6	48.14394879239215
7	49.55336319482534
8	45.3432647772054
9	64.35498813602544
10-14	47.9679179738005
15-19	44.72897509300488
20-24	44.74312580926806
25-29	44.59240055055979
30-34	44.33376772205796
35-39	44.1310208165322
40-44	44.18367160051277
45-49	44.15601764639657
50-54	44.10671354778531
55-59	44.26910435650892
60-64	44.23156904763703
65-69	44.19237651212378
70-74	44.02574828380094
75-76	35.67503513001086
>>END_MODULE
>>Per sequence GC content	warn
#GC Content	Count
0	15044.0
1	7533.0
2	39.5
3	84.5
4	112.0
5	196.0
6	377.5
7	639.5
8	807.0
9	1099.5
10	1924.0
11	3406.0
12	4366.5
13	5884.5
14	9817.0
15	16289.5
16	26830.5
17	35041.5
18	48096.0
19	73850.0
20	106464.0
21	130157.5
22	164221.0
23	224935.0
24	289490.5
25	331920.0
26	385321.0
27	472399.5
28	556398.0
29	612210.0
30	682177.0
31	789179.0
32	889396.5
33	955929.0
34	1039789.5
35	1164175.0
36	1264245.5
37	1321395.5
38	1361262.0
39	1395495.5
40	1395055.0
41	1371417.0
42	1364559.0
43	1356022.0
44	1323624.5
45	1280795.5
46	1253501.0
47	1222898.0
48	1170911.5
49	1122500.5
50	1092538.0
51	1061024.5
52	1014864.5
53	973810.0
54	954216.0
55	937516.5
56	905722.5
57	873328.0
58	846102.5
59	803261.0
60	739360.0
61	665295.0
62	606644.5
63	552854.5
64	481024.5
65	415947.5
66	348392.0
67	298139.0
68	260400.0
69	212202.0
70	166465.0
71	136618.0
72	114336.0
73	89969.0
74	68771.0
75	55079.5
76	46242.5
77	36626.5
78	27368.0
79	21621.5
80	18365.5
81	14447.5
82	10223.5
83	7624.5
84	6206.0
85	4556.5
86	2943.0
87	2020.0
88	1545.5
89	1107.5
90	729.0
91	473.5
92	405.5
93	367.0
94	297.5
95	228.0
96	197.0
97	140.5
98	75.0
99	163.0
100	262.0
>>END_MODULE
>>Per base N content	pass
#Base	N-Count
1	0.04792928097087021
2	0.04792928097087021
3	0.04792928097087021
4	0.04792928097087021
5	0.04792928097087021
6	0.04792928097087021
7	0.04792928097087021
8	0.04792928097087021
9	0.04792928097087021
10-14	0.0483157251468727
15-19	0.04799942760347792
20-24	0.05061717239306576
25-29	0.05013634911137289
30-34	0.05000243281275817
35-39	0.011986226179449761
40-44	0.005813371123316077
45-49	0.005130317084865737
50-54	0.007498292731424934
55-59	0.0015347510057524831
60-64	0.004265054528895741
65-69	0.0012351221776970343
70-74	2.7576400011688617E-4
75-76	0.0
>>END_MODULE
>>Sequence Length Distribution	warn
#Length	Count
35	19866.0
36	7541.0
37	10245.0
38	11953.0
39	13688.0
40	15189.0
41	16553.0
42	18536.0
43	21159.0
44	24257.0
45	26660.0
46	27697.0
47	29207.0
48	30429.0
49	32072.0
50	32847.0
51	34307.0
52	36667.0
53	39530.0
54	42463.0
55	44483.0
56	45964.0
57	47482.0
58	48066.0
59	49696.0
60	51066.0
61	51575.0
62	53590.0
63	56172.0
64	61215.0
65	63638.0
66	66368.0
67	66969.0
68	66766.0
69	73883.0
70	79790.0
71	103996.0
72	222068.0
73	734865.0
74	2119977.0
75	6583142.0
76	2.0181237E7
>>END_MODULE
>>Sequence Duplication Levels	warn
#Total Duplicate Percentage	41.74669779261841
#Duplication Level	Relative count
1	100.0
2	25.63556277001378
3	12.764518392641252
4	7.6250623515188405
5	4.8579230814754695
6	3.335277855276841
7	2.3241264446529875
8	1.8067145188153635
9	1.3831469128600535
10++	9.3565323255637
>>END_MODULE
>>Overrepresented sequences	pass
>>END_MODULE
>>Kmer Content	warn
#Sequence	Count	Obs/Exp Overall	Obs/Exp Max	Max Obs/Exp Position
AAAAA	13584355	3.9447963	7.308382	72
TTTTT	12383485	3.541418	6.2210517	72
CCTGG	4949555	3.151122	12.675299	3
CCAGG	4710865	3.008361	14.01193	3
CCCAG	4478360	2.8463364	12.405841	2
CTGGG	4389375	2.8077853	10.999814	4
CCAGC	4260910	2.7081304	7.2290983	3
CCTCC	4142870	2.6126194	5.138246	1
GGAGG	4032520	2.5997407	6.0215836	6
GCTGG	4011320	2.5659518	6.346099	3
TCCAG	4740590	2.4725182	9.75274	2
CAGCA	4700955	2.4593675	6.7687387	4
CAGCC	3814455	2.4243743	6.4202466	5
TGCTG	4604975	2.405837	6.3095794	2
CTCCA	4531545	2.3522923	7.249849	1
CAGGA	4454540	2.341544	10.516396	4
AGGAG	4422155	2.3355842	7.649274	5
GGCTG	3636720	2.3263285	8.673471	7
CTGGA	4377875	2.2942066	8.684173	4
CTCCT	4431535	2.2933424	6.61099	1
GGCAG	3529555	2.2647038	6.563007	7
CCTGC	3564435	2.2585392	6.478583	3
TCCTG	4333790	2.2534332	8.997568	2
AGCAG	4242180	2.229916	5.622738	7
GCCTG	3495250	2.2252424	8.397806	7
GCTGC	3494430	2.2247202	5.8496585	8
CTGCT	4275125	2.222929	6.65818	9
GCAGG	3453460	2.215878	6.6800327	3
CTGCC	3493145	2.2133675	5.955051	9
CAGAG	4174260	2.1942139	8.232744	4
CCCTG	3429410	2.1729832	9.096903	2
CTGCA	4158670	2.16901	6.53447	4
TGCAG	4066205	2.1308773	6.449013	2
CTCTG	4078870	2.1208827	7.3957453	2
CAGGG	3261380	2.0926318	9.68607	4
TGGAG	3962450	2.0863879	6.4095144	5
GCCAG	3237410	2.067412	5.782623	2
CAGGC	3230550	2.063031	6.5657425	4
CTGGC	3233190	2.0584025	5.6305394	4
AGCTG	3922365	2.0554986	6.1414495	7
GGGAG	3138455	2.0233426	5.6349473	7
GGAGA	3825220	2.0203097	5.679194	6
CAGAA	4623195	1.990901	5.489041	4
CCCCA	3142135	1.9876043	7.1861315	1
CACAG	3737990	1.9555795	7.112879	7
CTCAG	3707145	1.9335111	6.3301244	2
TTCTG	4498980	1.9196883	5.0006723	2
CTGAG	3644465	1.9098662	5.95017	4
CTGTG	3647860	1.9057989	8.921736	9
GGCCA	2952490	1.885462	6.652456	1
CCAGA	3588595	1.8774215	7.154821	3
TGGGG	2878745	1.8502331	6.1285777	5
TCTGG	3469300	1.8125116	6.248246	3
CCTCT	3492625	1.8074515	5.4010396	1
CAGTG	3429060	1.7969842	6.627004	9
TGGCC	2811615	1.7900078	6.006269	5
CACTG	3411150	1.7791309	7.4905987	7
ACCTG	3408320	1.7776549	5.4473057	7
AGAGG	3342840	1.7655382	5.2877064	5
GCCCA	2701530	1.7170265	8.041995	1
CCTGA	3271655	1.7063755	5.6246867	3
GAGAG	3185670	1.6825283	5.4965425	7
ACAGA	3855805	1.6604377	5.8746758	8
TCAGG	3158230	1.655057	5.9629564	3
GGGCC	2105735	1.64144	5.6779356	6
TGGGC	2548065	1.6299402	6.6541743	5
GGCCT	2547505	1.6218628	5.468941	6
AGCCT	3054940	1.5933448	6.0535254	6
AGGTG	3010895	1.5853562	5.2765994	7
AGGCC	2480330	1.5839401	5.173379	5
CCTGT	3040695	1.5810648	5.638629	8
AGGCT	2826320	1.481121	5.2121344	6
GCCCT	2267270	1.4366142	5.921131	1
CTGTC	2762230	1.4362719	5.8989954	9
GTGTG	2734815	1.4355853	6.314922	1
GACAG	2721615	1.430626	7.1911564	7
GGGCT	2228630	1.4256048	6.0991387	6
ACACA	3319905	1.422889	6.1202188	6
CACAC	2730940	1.42196	6.8530383	5
ACAGC	2713785	1.419753	5.5965047	8
GCTGT	2703265	1.4123019	5.2130346	8
TGTGT	3230055	1.3848052	5.543209	10
AGAGC	2611575	1.3727832	5.141655	5
AGGGC	2119970	1.3602575	5.812867	5
AGACA	3109930	1.3392389	5.6249104	6
GTCCT	2427930	1.2624464	8.1438875	1
GGACA	2387360	1.2549238	6.2786927	6
ACTGC	2381550	1.2421292	5.3326206	8
AGGAC	2286200	1.2017488	8.859698	5
GTGCT	2258265	1.1798148	5.4773297	1
GTCCA	2229755	1.1629585	6.628897	1
TGTGC	2185665	1.1418854	5.8184767	10
AGCAC	2157805	1.1288844	5.6206675	5
TGGAC	2063175	1.081198	6.0229955	5
GTGCA	2032565	1.0651569	5.6994514	1
TGCAC	2028130	1.0577983	5.5640097	5
ACAGT	2410825	1.035006	5.477334	8
GACTG	1964840	1.029666	6.349179	7
ACTGT	2372895	1.0156065	6.224579	8
GCACT	1941840	1.0127926	5.1083245	6
GGACC	1577485	1.0073829	5.7124357	6
AGACT	2342205	1.0055463	5.739175	6
GGACT	1789655	0.937861	5.4602604	6
TGTAG	2083205	0.89586186	5.155152	2
TAGGA	1831130	0.7898752	5.300008	4
GTGTA	1449005	0.6231304	5.443923	1
>>END_MODULE
