##FastQC	0.10.1
>>Basic Statistics	pass
#Measure	Value	
Filename	KS29_S2_L004_R2_001_trimmed.fq.gz	
File type	Conventional base calls	
Encoding	Sanger / Illumina 1.9	
Total Sequences	19665367	
Filtered Sequences	0	
Sequence length	20-50	
%GC	45	
>>END_MODULE
>>Per base sequence quality	pass
#Base	Mean	Median	Lower Quartile	Upper Quartile	10th Percentile	90th Percentile
1	34.92651197407096	36.0	36.0	36.0	36.0	36.0
2	34.9176234036212	36.0	36.0	36.0	36.0	36.0
3	34.907505006135914	36.0	36.0	36.0	36.0	36.0
4	34.89466995454496	36.0	36.0	36.0	36.0	36.0
5	34.87746269876377	36.0	36.0	36.0	36.0	36.0
6	34.86040367311731	36.0	36.0	36.0	36.0	36.0
7	34.85428769267311	36.0	36.0	36.0	36.0	36.0
8	34.85080471673882	36.0	36.0	36.0	36.0	36.0
9	34.82958894181837	36.0	36.0	36.0	36.0	36.0
10	34.80632418403379	36.0	36.0	36.0	36.0	36.0
11	34.79700714459079	36.0	36.0	36.0	36.0	36.0
12	34.786222092880344	36.0	36.0	36.0	36.0	36.0
13	34.762821258306545	36.0	36.0	36.0	36.0	36.0
14	34.75466758387982	36.0	36.0	36.0	32.0	36.0
15	34.73525070750014	36.0	36.0	36.0	32.0	36.0
16	34.72394357044036	36.0	36.0	36.0	32.0	36.0
17	34.70693966708071	36.0	36.0	36.0	32.0	36.0
18	34.69252859608468	36.0	36.0	36.0	32.0	36.0
19	34.67609727293673	36.0	36.0	36.0	32.0	36.0
20	34.6631265005123	36.0	36.0	36.0	32.0	36.0
21	34.65334435698054	36.0	36.0	36.0	32.0	36.0
22	34.6400020612842	36.0	36.0	36.0	32.0	36.0
23	34.62075873142252	36.0	36.0	36.0	32.0	36.0
24	34.603146512019066	36.0	36.0	36.0	32.0	36.0
25	34.581289613333844	36.0	36.0	36.0	32.0	36.0
26	34.55799438347843	36.0	36.0	36.0	32.0	36.0
27	34.54457516375964	36.0	36.0	36.0	32.0	36.0
28	34.525476705968245	36.0	36.0	36.0	32.0	36.0
29	34.50310963786886	36.0	36.0	36.0	32.0	36.0
30	34.491531224566614	36.0	36.0	36.0	32.0	36.0
31	34.46346922742829	36.0	36.0	36.0	32.0	36.0
32	34.44709045258895	36.0	36.0	36.0	32.0	36.0
33	34.416893150045915	36.0	36.0	36.0	32.0	36.0
34	34.381863888136	36.0	36.0	36.0	32.0	36.0
35	34.35659912334509	36.0	36.0	36.0	32.0	36.0
36	34.344289430198685	36.0	36.0	36.0	32.0	36.0
37	34.32760489012931	36.0	36.0	36.0	32.0	36.0
38	34.304175791413954	36.0	36.0	36.0	32.0	36.0
39	34.27101072681896	36.0	36.0	36.0	32.0	36.0
40	34.25904601470192	36.0	36.0	36.0	32.0	36.0
41	34.233363868116655	36.0	36.0	36.0	32.0	36.0
42	34.223440716006245	36.0	36.0	36.0	32.0	36.0
43	34.20303881860959	36.0	36.0	36.0	32.0	36.0
44	34.17855575325561	36.0	36.0	36.0	32.0	36.0
45	34.154498334054146	36.0	36.0	36.0	32.0	36.0
46	34.1609475704635	36.0	36.0	36.0	32.0	36.0
47	34.1571970362713	36.0	36.0	36.0	32.0	36.0
48	34.180912626523316	36.0	36.0	36.0	32.0	36.0
49	34.25633021839873	36.0	36.0	36.0	32.0	36.0
50	34.413112190822815	36.0	36.0	36.0	32.0	36.0
>>END_MODULE
>>Per sequence quality scores	pass
#Quality	Count
14	1039.0
15	2229.0
16	4179.0
17	6687.0
18	10329.0
19	15770.0
20	23861.0
21	33798.0
22	47079.0
23	65511.0
24	89269.0
25	120428.0
26	159142.0
27	205299.0
28	260015.0
29	328645.0
30	413837.0
31	534703.0
32	725181.0
33	1090570.0
34	2124692.0
35	8927247.0
36	4475857.0
>>END_MODULE
>>Per base sequence content	pass
#Base	G	A	T	C
1	22.551981867411882	26.80437136006666	27.481017770987954	23.162629001533507
2	22.427890616025625	26.79125693408112	27.724766082422974	23.056086367470286
3	22.436565765591865	26.85828339740621	27.542470984650326	23.162679852351598
4	22.49940720658811	26.644069241118157	27.85955126085366	22.996972291440073
5	22.679658101473517	26.69212834929549	27.433772275900065	23.194441273330927
6	22.220068407571546	27.02172809691271	27.646099866836966	23.112103628678785
7	22.275053397172805	27.035061181416044	27.66265180812542	23.027233613285734
8	22.36430675308526	26.91891282781552	27.658690529396175	23.05808988970305
9	22.12607575541306	27.106206561006463	27.79894217077159	22.96877551280889
10	22.306708031434145	27.158557478230637	27.681786970972876	22.85294751936234
11	22.681168370770806	27.148244932321887	27.41570498023251	22.754881716674802
12	22.148312818164033	27.26204397812662	27.763687298589446	22.825955905119898
13	22.253868946356302	27.086842569477596	27.859068178081802	22.800220306084295
14	22.24966866878203	26.83098667825523	28.050933399819083	22.868411253143663
15	22.170173584861143	27.11844635292085	27.88048654266152	22.830893519556486
16	22.318510506312954	27.430751737305485	27.737656764808914	22.513080991572647
17	22.427397363090147	27.171305778325927	27.526152957125085	22.875143901458845
18	22.284740478019046	27.545471182917662	27.554924350000686	22.6148639890626
19	22.400166750002683	27.327585597563477	27.725884800420964	22.54636285201288
20	22.384194508040455	27.138979913265793	27.741018003884697	22.73580757480905
21	22.396154383573872	27.264027850585208	27.747554001063897	22.592263764777027
22	22.25393076152485	27.369281457613088	27.79082120533899	22.585966575523074
23	22.380425461482595	27.127664128280532	27.68993918105911	22.801971229177763
24	22.26123874141967	27.4779331672577	27.730397297338925	22.5304307939837
25	22.320263366144193	27.425866256483296	27.605777452382334	22.64809292499018
26	22.427485532509255	27.4610417737668	27.521538079492103	22.589934614231836
27	22.31001442698623	27.53521275841788	27.64700732844266	22.507765486153232
28	22.193527444250392	27.483063839292367	27.62304408092873	22.70036463552852
29	22.413356696522403	27.341484557207345	27.66813743810314	22.57702130816711
30	22.322347051386764	27.517341509839106	27.620842210598916	22.539469228175214
31	22.41113734918053	27.49779975633364	27.585783824705253	22.505279069780578
32	22.38455735063421	27.458995740941816	27.54543876403189	22.611008144392088
33	22.292379938064936	27.38953931259752	27.702412038334966	22.615668711002574
34	22.430203456248986	27.654565039887313	27.565050662858546	22.350180841005155
35	22.415953076829073	27.396165379540026	27.52235251101343	22.66552903261747
36	22.474980187817472	27.62078580387255	27.447847050312834	22.456386957997136
37	22.311101035137163	27.50303142281544	27.54950219211122	22.636365349936185
38	22.296691501746942	27.381492911872446	27.57763931986258	22.744176266518036
39	22.215167558030995	27.560875141830792	27.63323625260995	22.590721047528266
40	22.348252682364613	27.51268758072081	27.653288203426072	22.485771533488496
41	22.54781529545911	27.521872553368105	27.495775146452985	22.434537004719807
42	22.45681284618631	27.636578772690978	27.470807734246026	22.435800646876686
43	22.417953160749686	27.692263098988224	27.46430374327492	22.425479996987168
44	22.48171449805415	27.404366937889822	27.429562388004886	22.684356176051143
45	22.346644596120697	27.55015088983786	27.590882764906965	22.512321749134482
46	22.381263614345375	27.656397051431487	27.418135151150132	22.544204183073006
47	22.37988574139453	27.581758692245995	27.492736371644288	22.54561919471519
48	22.385554886502277	27.986952208059858	27.615296766373877	22.012196139063988
49	22.50609649087806	28.244092629420454	27.76433990894261	21.485470970758875
50	22.354742427177683	28.107738414907896	27.90009893949043	21.637420218423994
>>END_MODULE
>>Per base GC content	pass
#Base	%GC
1	45.714610868945385
2	45.48397698349591
3	45.59924561794346
4	45.49637949802818
5	45.874099374804445
6	45.33217203625033
7	45.302287010458535
8	45.42239664278831
9	45.094851268221944
10	45.15965555079649
11	45.436050087445615
12	44.974268723283934
13	45.0540892524406
14	45.118079921925684
15	45.00106710441763
16	44.8315914978856
17	45.30254126454899
18	44.899604467081645
19	44.94652960201556
20	45.12000208284951
21	44.988418148350895
22	44.83989733704792
23	45.18239669066036
24	44.79166953540337
25	44.96835629113437
26	45.01742014674109
27	44.81777991313946
28	44.89389207977891
29	44.99037800468951
30	44.86181627956197
31	44.91641641896111
32	44.9955654950263
33	44.90804864906751
34	44.78038429725414
35	45.08148210944654
36	44.93136714581461
37	44.94746638507334
38	45.040867768264974
39	44.80588860555926
40	44.83402421585311
41	44.98235230017892
42	44.892613493062996
43	44.843433157736854
44	45.16607067410529
45	44.858966345255176
46	44.92546779741838
47	44.925504936109725
48	44.397751025566265
49	43.99156746163694
50	43.992162645601674
>>END_MODULE
>>Per sequence GC content	warn
#GC Content	Count
0	6316.0
1	5428.5
2	4220.5
3	4236.0
4	4672.5
5	5352.5
6	6044.0
7	6938.0
8	7927.0
9	9985.0
10	12172.5
11	16057.0
12	20134.0
13	26789.5
14	34596.5
15	47479.0
16	61298.0
17	81625.0
18	103415.0
19	132001.0
20	161175.5
21	197605.0
22	235898.5
23	281698.5
24	329418.0
25	374846.0
26	427475.5
27	487613.5
28	550904.0
29	618019.5
30	686007.5
31	756199.0
32	829792.5
33	901254.0
34	972241.0
35	1035078.5
36	1095469.0
37	1141317.0
38	1175250.0
39	1198594.5
40	1219222.5
41	1225578.5
42	1229748.5
43	1221909.0
44	1209181.5
45	1186679.5
46	1162718.0
47	1134292.5
48	1104809.5
49	1076141.0
50	1047575.0
51	1019662.5
52	991341.5
53	963604.0
54	934782.5
55	905243.5
56	873118.0
57	834837.5
58	794198.0
59	744288.0
60	693296.5
61	638181.5
62	581880.5
63	533866.5
64	476339.5
65	421467.0
66	368956.0
67	321582.0
68	274641.5
69	232422.5
70	195862.0
71	164287.0
72	136107.0
73	112259.0
74	90409.0
75	74092.0
76	61907.5
77	50790.5
78	40811.0
79	33125.0
80	26558.0
81	21579.5
82	17188.5
83	13843.5
84	10934.0
85	8830.5
86	6951.0
87	5495.0
88	4540.0
89	3717.5
90	2905.0
91	2427.5
92	2085.5
93	1814.5
94	1580.0
95	1533.0
96	1480.0
97	1558.0
98	2258.0
99	8641.5
100	14423.0
>>END_MODULE
>>Per base N content	pass
#Base	N-Count
1	0.0
2	0.0
3	0.0
4	0.0
5	0.0
6	0.0
7	0.0
8	0.0
9	0.0
10	0.0
11	0.0
12	0.0
13	0.0
14	0.0
15	0.0
16	0.0
17	0.0
18	0.0
19	0.0
20	0.0
21	0.0
22	0.0
23	0.0
24	0.0
25	0.0
26	0.0
27	0.0
28	0.0
29	0.0
30	0.0
31	0.0
32	0.0
33	0.0
34	0.0
35	0.0
36	0.0
37	0.0
38	0.0
39	0.0
40	0.0
41	0.0
42	0.0
43	0.0
44	0.0
45	0.0
46	0.0
47	0.0
48	0.0
49	0.0
50	0.0
>>END_MODULE
>>Sequence Length Distribution	warn
#Length	Count
20	13069.0
21	14055.0
22	14751.0
23	15558.0
24	16046.0
25	17139.0
26	18343.0
27	19363.0
28	20301.0
29	22188.0
30	22847.0
31	24215.0
32	25537.0
33	26188.0
34	26914.0
35	28480.0
36	29309.0
37	31078.0
38	33460.0
39	36796.0
40	39243.0
41	43503.0
42	48583.0
43	63063.0
44	103859.0
45	200976.0
46	531916.0
47	1152871.0
48	2364413.0
49	3196720.0
50	1.1464583E7
>>END_MODULE
>>Sequence Duplication Levels	warn
#Total Duplicate Percentage	33.39073625413868
#Duplication Level	Relative count
1	100.0
2	21.819232393270664
3	9.29987925120934
4	4.975887281374314
5	2.890563074575342
6	1.9393885518293812
7	1.30897615396582
8	0.9037639546340126
9	0.6622663733137765
10++	4.358068315665489
>>END_MODULE
>>Overrepresented sequences	pass
>>END_MODULE
>>Kmer Content	warn
#Sequence	Count	Obs/Exp Overall	Obs/Exp Max	Max Obs/Exp Position
AAAAA	5671710	4.228207	5.2731175	46
TTTTT	4858785	3.4314969	3.907274	13
>>END_MODULE
