##FastQC	0.10.1
>>Basic Statistics	pass
#Measure	Value	
Filename	004-F5_S4_L004_R2_001.fastq.gz	
File type	Conventional base calls	
Encoding	Sanger / Illumina 1.9	
Total Sequences	15698363	
Filtered Sequences	0	
Sequence length	35-75	
%GC	46	
>>END_MODULE
>>Per base sequence quality	pass
#Base	Mean	Median	Lower Quartile	Upper Quartile	10th Percentile	90th Percentile
1	31.311723585446458	32.0	32.0	32.0	32.0	32.0
2	30.99446025040955	32.0	32.0	32.0	32.0	32.0
3	31.039167841895363	32.0	32.0	32.0	32.0	32.0
4	31.108177585140567	32.0	32.0	32.0	32.0	32.0
5	31.055455718535747	32.0	32.0	32.0	32.0	32.0
6	34.699215007322735	36.0	36.0	36.0	32.0	36.0
7	34.68149494313516	36.0	36.0	36.0	32.0	36.0
8	34.591776034227266	36.0	36.0	36.0	32.0	36.0
9	34.75526811298732	36.0	36.0	36.0	32.0	36.0
10	34.54136166936642	36.0	36.0	36.0	32.0	36.0
11	34.72472601124079	36.0	36.0	36.0	32.0	36.0
12	34.59823791818293	36.0	36.0	36.0	32.0	36.0
13	34.652825584425585	36.0	36.0	36.0	32.0	36.0
14	34.60442627043342	36.0	36.0	36.0	32.0	36.0
15	34.5396537205822	36.0	36.0	36.0	32.0	36.0
16	34.54348877013482	36.0	36.0	36.0	32.0	36.0
17	34.524190707018306	36.0	36.0	36.0	32.0	36.0
18	34.50971250951453	36.0	36.0	36.0	32.0	36.0
19	34.50048008190408	36.0	36.0	36.0	32.0	36.0
20	34.482548594398025	36.0	36.0	36.0	32.0	36.0
21	34.47055020959829	36.0	36.0	36.0	32.0	36.0
22	34.452419656750195	36.0	36.0	36.0	32.0	36.0
23	34.43736541192225	36.0	36.0	36.0	32.0	36.0
24	34.4223981188357	36.0	36.0	36.0	32.0	36.0
25	34.411549344348835	36.0	36.0	36.0	32.0	36.0
26	34.3813624388734	36.0	36.0	36.0	32.0	36.0
27	34.37002654353196	36.0	36.0	36.0	32.0	36.0
28	34.35828258016457	36.0	36.0	36.0	32.0	36.0
29	34.34084318218403	36.0	36.0	36.0	32.0	36.0
30	34.311639054339615	36.0	36.0	36.0	32.0	36.0
31	34.30300133841981	36.0	36.0	36.0	32.0	36.0
32	34.27246911031424	36.0	36.0	36.0	32.0	36.0
33	34.263090680219335	36.0	36.0	36.0	32.0	36.0
34	34.24512402981126	36.0	36.0	36.0	32.0	36.0
35	34.22598432715564	36.0	36.0	36.0	32.0	36.0
36	34.26034359800377	36.0	36.0	36.0	32.0	36.0
37	34.24588575753824	36.0	36.0	36.0	32.0	36.0
38	34.22704829487305	36.0	36.0	36.0	32.0	36.0
39	34.20093421511945	36.0	36.0	36.0	32.0	36.0
40	34.207716432665386	36.0	36.0	36.0	32.0	36.0
41	34.16874751651449	36.0	36.0	36.0	32.0	36.0
42	34.171611991672826	36.0	36.0	36.0	32.0	36.0
43	34.14822712915787	36.0	36.0	36.0	32.0	36.0
44	34.10653696861196	36.0	36.0	36.0	32.0	36.0
45	34.09088341877777	36.0	36.0	36.0	32.0	36.0
46	34.06442953385438	36.0	36.0	36.0	32.0	36.0
47	34.04479946265891	36.0	36.0	36.0	32.0	36.0
48	34.014618543684776	36.0	36.0	36.0	32.0	36.0
49	33.989945908387114	36.0	36.0	36.0	32.0	36.0
50	33.95881487195159	36.0	36.0	36.0	32.0	36.0
51	33.91815689631089	36.0	36.0	36.0	32.0	36.0
52	33.892927650816645	36.0	36.0	36.0	32.0	36.0
53	33.875311394794544	36.0	36.0	36.0	32.0	36.0
54	33.841549652320154	36.0	36.0	36.0	27.0	36.0
55	33.79373625254198	36.0	36.0	36.0	27.0	36.0
56	33.76976531767811	36.0	36.0	36.0	27.0	36.0
57	33.742964245051176	36.0	36.0	36.0	27.0	36.0
58	33.71806388908272	36.0	36.0	36.0	27.0	36.0
59	33.67247416048147	36.0	36.0	36.0	27.0	36.0
60	33.643424186114885	36.0	36.0	36.0	27.0	36.0
61	33.62011352334228	36.0	36.0	36.0	27.0	36.0
62	33.59045904931256	36.0	36.0	36.0	27.0	36.0
63	33.54903194300796	36.0	36.0	36.0	27.0	36.0
64	33.52027801423885	36.0	36.0	36.0	27.0	36.0
65	33.48758649331346	36.0	36.0	36.0	27.0	36.0
66	33.471116614969716	36.0	36.0	36.0	27.0	36.0
67	33.449596582453374	36.0	36.0	36.0	27.0	36.0
68	33.41782963447129	36.0	36.0	36.0	27.0	36.0
69	33.396443239175554	36.0	36.0	36.0	27.0	36.0
70	33.368822016214345	36.0	36.0	36.0	27.0	36.0
71	33.30909742130376	36.0	36.0	36.0	27.0	36.0
72	33.26554628832861	36.0	36.0	36.0	27.0	36.0
73	33.225540205344494	36.0	36.0	36.0	21.0	36.0
74	33.14011555380577	36.0	36.0	36.0	21.0	36.0
75	31.83411545053689	36.0	32.0	36.0	14.0	36.0
>>END_MODULE
>>Per sequence quality scores	pass
#Quality	Count
2	29097.0
3	94.0
4	825.0
5	366.0
6	225.0
7	121.0
8	58.0
9	41.0
10	71.0
11	55.0
12	82.0
13	115.0
14	1428.0
15	4067.0
16	6626.0
17	9907.0
18	14460.0
19	19602.0
20	26581.0
21	36693.0
22	50641.0
23	69174.0
24	94923.0
25	127345.0
26	169757.0
27	220172.0
28	279853.0
29	352352.0
30	446865.0
31	577971.0
32	792316.0
33	1224271.0
34	2611683.0
35	8530526.0
>>END_MODULE
>>Per base sequence content	fail
#Base	G	A	T	C
1	43.88988548966643	17.832170443306676	12.131808316065243	26.146135750961648
2	16.650403446577172	19.12888499797093	37.17218090674984	27.048530648702062
3	19.97269637381014	20.762556288759303	28.470677193366946	30.79407014406361
4	13.681805103717693	14.74647736663546	35.85347382083401	35.71824370881283
5	15.472315011124033	34.28044174466678	34.8256213949012	15.421621849307988
6	34.60617830598212	34.612534797964386	16.521754391787105	14.259532504266382
7	30.51709516152132	29.425456344531153	20.558192527700548	19.499255966246984
8	26.5445334968226	34.760456250952956	19.95244285167504	18.7425674005494
9	25.06381766338126	15.943074312378878	19.928241348842064	39.064866675397795
10	14.580522616259811	27.530558071345464	34.628066258566186	23.26085305382854
11	34.60471814254253	22.58851400032373	23.59548697188906	19.21128088524468
12	22.665431888526317	24.075914217939662	30.664658545845132	22.593995347688896
13	27.90894788483442	20.611812369165705	26.02478086731887	25.45445887868101
14	20.63615234306558	20.716335053944608	27.137756156857094	31.509756446132727
15	22.977527932108654	29.367809210185335	23.153242156912057	24.50142070079395
16	22.889309552612723	28.393116207530994	25.630221096972296	23.087353142883988
17	21.933911288587783	28.067371741948214	27.369090351776332	22.629626617687666
18	22.315277092659034	27.65564791466876	27.949091507012724	22.079983485659486
19	22.858735911171966	27.098449052021145	27.43049458309197	22.61232045371492
20	22.81409566621572	27.037049425063874	27.697136687743377	22.45171822097703
21	22.63418490899438	26.67066515995473	27.332063441483513	23.363086489567372
22	22.60059678444178	26.848578299520526	27.563759586231495	22.987065329806196
23	22.525064338531593	26.858233720189066	27.444904097844997	23.17179784343434
24	22.770110478559992	26.5056112527372	27.76852612184201	22.955752146860803
25	22.87529145206705	26.599960782271136	27.305362871227974	23.21938489443384
26	22.313883256131504	27.063787126197543	27.58537180709467	23.036957810576283
27	22.491852047988225	27.03423994227349	27.395464697697687	23.078443312040598
28	22.461253296793853	26.99154818167113	27.3607559004615	23.186442621073514
29	22.44116482682876	27.033667827265244	27.451558637548423	23.073608708357575
30	22.475747078826693	27.057399468442938	27.477767051824355	22.98908640090601
31	23.03120070162049	26.882172352672434	27.14940376110509	22.937223184601987
32	22.315194708456133	27.219568008496665	27.52405341513715	22.941183867910055
33	22.484269502828962	27.0236880527889	27.61260819584309	22.879434248539045
34	22.507240919414997	26.82197542201539	27.760810183765162	22.90997347480445
35	22.43129002255279	27.099571460591797	27.573418184480897	22.89572033237452
36	22.52782259658747	27.31603208405794	27.533644872408452	22.622500446946137
37	22.69756050808357	27.00151909987242	27.152163117272988	23.148757274771018
38	22.52562562151276	27.481971090000744	27.236892344677972	22.755510943808527
39	22.803511500588634	27.119811073384	27.38315183053097	22.693525595496396
40	22.84803017452636	26.91428730177805	27.409875461684614	22.82780706201098
41	22.84664695461986	27.054896698751595	27.403894132775434	22.69456221385311
42	22.613839925952625	27.286208213076907	27.4033452314759	22.696606629494568
43	22.69293384361236	27.079287570191184	27.32544568751884	22.902332898677617
44	22.511389848847653	27.431604417653833	27.3245136920283	22.732492041470216
45	22.63223956111553	27.341444317486847	27.17186590906077	22.85445021233685
46	22.73067219257475	27.23232905113049	27.127454412327722	22.90954434396704
47	22.751138407161406	27.341777545504137	27.236351552654476	22.670732494679985
48	22.49307280524163	27.372132567068114	27.20696301458289	22.92783161310736
49	22.83268787390184	27.164425514359962	27.17460204387767	22.828284567860525
50	22.61825708451887	27.524805068009446	27.15620425509211	22.700733592379574
51	22.717450657235062	27.40642562848439	27.1192334481438	22.75689026613675
52	22.71519509488189	27.471508630481534	27.027183983579533	22.786112291057048
53	22.615119941128338	27.251309219440163	27.343271492847656	22.790299346583847
54	22.77291535488865	27.586255161035666	27.153724109322948	22.48710537475274
55	22.743609698805013	27.187168451970905	27.13194589500299	22.93727595422109
56	22.83324939128181	27.484577390831404	26.94185982744099	22.740313390445795
57	22.65613289687304	27.422232453263295	27.019115525315534	22.902519124548135
58	22.691834044269473	27.32891332727932	27.03916474615175	22.940087882299455
59	22.637912404094212	27.454474687839355	27.056388214700338	22.851224693366095
60	22.67158260181483	27.389326783471756	27.24071715635519	22.698373458358226
61	22.91676230510235	27.37341566294339	27.019969709832818	22.689852322121443
62	22.846976624320533	27.46027138014474	27.09306553584957	22.599686459685156
63	22.797924648875533	27.65921748328566	26.958430627148978	22.584427240689834
64	22.861875827929527	27.356411663238088	26.879299617569735	22.902412891262646
65	22.752535926406914	27.55925200410211	27.016086856687814	22.672125212803163
66	22.768794395497757	27.82735841015129	26.75056861279326	22.653278581557696
67	22.887752129805826	27.42633641461395	26.85087449783275	22.83503695774747
68	22.867398718678658	27.711759357017694	27.062199085718074	22.35864283858557
69	23.1141312668036	27.542058468882985	26.936683161788828	22.407127102524587
70	23.23752573951996	27.377547055800267	26.838863637123772	22.546063567555997
71	22.961373916581834	27.801731367973996	26.775825281782396	22.461069433661766
72	22.93537424246644	27.91174432727231	27.006924062080607	22.145957368180643
73	23.68947482166102	28.561416700596016	26.95377256192642	20.795335915816544
74	24.818239759558654	30.831844795175446	27.17679980089041	17.17311564437549
75	30.183238894556734	41.39647160059805	28.42028950484522	0.0
>>END_MODULE
>>Per base GC content	fail
#Base	%GC
1	70.03602124062807
2	43.698934095279235
3	50.76676651787375
4	49.40004881253052
5	30.89393686043202
6	48.8657108102485
7	50.0163511277683
8	45.287100897372
9	64.12868433877905
10	37.841375670088354
11	53.81599902778721
12	45.25942723621521
13	53.36340676351543
14	52.1459087891983
15	47.47894863290261
16	45.976662695496714
17	44.56353790627545
18	44.39526057831852
19	45.47105636488688
20	45.26581388719275
21	45.99727139856176
22	45.587662114247976
23	45.69686218196593
24	45.725862625420795
25	46.09467634650089
26	45.350841066707794
27	45.57029536002882
28	45.64769591786737
29	45.51477353518633
30	45.464833479732704
31	45.968423886222475
32	45.25637857636619
33	45.36370375136801
34	45.41721439421945
35	45.32701035492731
36	45.15032304353361
37	45.846317782854584
38	45.28113656532129
39	45.49703709608503
40	45.67583723653733
41	45.54120916847297
42	45.31044655544719
43	45.59526674228997
44	45.24388189031787
45	45.48668977345238
46	45.640216536541786
47	45.421870901841395
48	45.420904418349
49	45.66097244176237
50	45.318990676898444
51	45.47434092337181
52	45.50130738593894
53	45.40541928771219
54	45.26002072964139
55	45.680885653026095
56	45.5735627817276
57	45.55865202142117
58	45.63192192656893
59	45.48913709746031
60	45.36995606017305
61	45.60661462722379
62	45.44666308400569
63	45.38235188956536
64	45.76428871919217
65	45.42466113921007
66	45.42207297705546
67	45.7227890875533
68	45.22604155726423
69	45.52125836932819
70	45.78358930707596
71	45.422443350243604
72	45.081331610647084
73	44.48481073747757
74	41.99135540393414
75	30.183238894556734
>>END_MODULE
>>Per sequence GC content	warn
#GC Content	Count
0	29163.0
1	14712.5
2	403.0
3	674.5
4	808.0
5	920.5
6	1125.0
7	1369.0
8	1524.5
9	1757.0
10	2405.5
11	3452.5
12	4104.5
13	4771.0
14	6384.0
15	8823.0
16	10793.5
17	14471.5
18	21977.5
19	31366.5
20	38138.5
21	48742.0
22	68467.5
23	90612.0
24	105674.0
25	125394.5
26	158942.5
27	193304.0
28	217011.5
29	246439.5
30	293120.5
31	340848.0
32	374498.0
33	413972.0
34	478000.0
35	539857.5
36	578120.0
37	615083.5
38	654947.0
39	678051.0
40	692904.5
41	699246.5
42	701369.0
43	702090.5
44	704066.5
45	702800.0
46	690988.0
47	673665.0
48	665385.0
49	655646.0
50	633631.0
51	611694.5
52	598793.0
53	586472.0
54	566064.0
55	543656.5
56	529320.0
57	514412.5
58	486108.0
59	450616.0
60	419515.5
61	383437.5
62	338557.0
63	296080.5
64	263340.5
65	235217.5
66	196201.0
67	157409.0
68	130786.5
69	110987.0
70	88209.5
71	66502.0
72	52001.5
73	42024.0
74	31309.0
75	22203.0
76	16666.5
77	13198.5
78	9639.5
79	6520.5
80	4737.5
81	3741.5
82	2805.5
83	2059.0
84	1658.0
85	1481.5
86	1313.5
87	1165.5
88	1095.0
89	1067.0
90	999.0
91	939.0
92	926.0
93	930.0
94	966.0
95	1010.0
96	1024.0
97	1048.5
98	1337.5
99	6111.5
100	10621.0
>>END_MODULE
>>Per base N content	pass
#Base	N-Count
1	0.1988614991257369
2	0.19816715921271538
3	0.18716601215043885
4	0.19272710154555606
5	0.1884464004304143
6	0.18691757860357797
7	0.1893127327989549
8	0.19145945344747092
9	0.1929309444558009
10	0.19526239774172632
11	0.19754289030009053
12	0.19945391758363595
13	0.20128850377583957
14	0.20157515786837138
15	0.20032024995217654
16	0.20457547070353768
17	0.20593867016580011
18	0.2037091383349971
19	0.20472198279527618
20	0.20448628943030558
21	0.2067858922615052
22	0.20642279707763161
23	0.21134687737823363
24	0.2082956038155061
25	0.2037091383349971
26	0.20426970633817043
27	0.20874788027261185
28	0.20629539525872856
29	0.20581126834689706
30	0.20583037861973252
31	0.20966517336871368
32	0.20967791355060394
33	0.2118118940172297
34	0.20944859027657853
35	0.21802273268875233
36	0.0234930837485332
37	0.03921689184529601
38	0.022631413361517347
39	0.025913405917776286
40	0.01853869297852456
41	0.03930539359415225
42	0.017831808988132327
43	0.023072200395300693
44	0.026868754813608745
45	0.026739109067112254
46	0.02387157404195708
47	0.030129334062497848
48	0.025951733290106475
49	0.023935207718797962
50	0.025317159026469277
51	0.027517576524414774
52	0.03134614863013128
53	0.022009467692168723
54	0.018845777641475023
55	0.022888849483177324
56	0.01753778057461788
57	0.021004439626183553
58	0.016720660466088413
59	0.018251676893745433
60	0.015338385751466016
61	0.018763520400374704
62	0.016625705274046932
63	0.017365528571076802
64	0.01416384223589692
65	0.017124480698585916
66	0.01991042639233975
67	0.017685602832008658
68	0.014625542248714773
69	0.013829766943458516
70	0.015605719273174772
71	0.017891079388776307
72	0.020113438094710404
73	0.025232559973296508
74	0.029032315884175132
75	0.06843656776438166
>>END_MODULE
>>Sequence Length Distribution	warn
#Length	Count
35	38435.0
36	13609.0
37	17600.0
38	19038.0
39	20664.0
40	21179.0
41	22584.0
42	24411.0
43	27010.0
44	29593.0
45	31659.0
46	32307.0
47	33285.0
48	33928.0
49	35136.0
50	34953.0
51	36221.0
52	37833.0
53	39636.0
54	41489.0
55	43173.0
56	43986.0
57	45149.0
58	45350.0
59	45909.0
60	46925.0
61	46951.0
62	48501.0
63	49508.0
64	52481.0
65	54537.0
66	53729.0
67	56917.0
68	56502.0
69	64463.0
70	72852.0
71	131116.0
72	389745.0
73	1039691.0
74	3196160.0
75	9524148.0
>>END_MODULE
>>Sequence Duplication Levels	warn
#Total Duplicate Percentage	28.499197510806535
#Duplication Level	Relative count
1	100.0
2	19.323698108530547
3	7.317996846403316
4	3.471710585205638
5	1.9465541103483417
6	1.2022226659597468
7	0.7353801874255497
8	0.5570436063925746
9	0.37870702535959955
10++	2.7783324496836075
>>END_MODULE
>>Overrepresented sequences	warn
#Sequence	Count	Percentage	Possible Source
NNNNNNNNNNNNNNNNNNNNNNNNNNNNNNNNNNN	29096	0.18534416614012558	No Hit
>>END_MODULE
>>Kmer Content	warn
#Sequence	Count	Obs/Exp Overall	Obs/Exp Max	Max Obs/Exp Position
AAAAA	5894340	3.8928323	9.370643	71
GGGGG	2262770	3.1257699	5.697694	71
TTTTT	4735660	3.0633333	5.1787515	71
CCTGG	2446815	2.9676437	11.587041	3
CCAGG	2360525	2.8748994	12.043445	3
CCCAG	2204310	2.7138386	10.564745	2
CAGCA	2559940	2.6899648	7.020196	4
TGCTG	2583765	2.6635802	7.714878	2
CTGGG	2176640	2.6115596	9.8371525	4
CCAGC	2070980	2.549689	6.3679457	3
GGAGG	2066870	2.4633865	5.5322504	6
GCTGG	2044940	2.4535441	6.3199177	3
TCCAG	2336065	2.444547	9.507775	2
CTGCT	2331225	2.4293735	6.595625	9
AGCAG	2293955	2.384539	5.469761	7
GCTGC	1950705	2.365932	5.55498	8
CTCCT	2231705	2.3509543	6.5551457	1
CTCCA	2213210	2.3411725	6.916226	1
AGGAG	2252610	2.3163712	6.9337955	5
CAGGA	2226725	2.314654	9.796664	4
CTGGA	2233980	2.312573	8.970877	4
CTTCT	2559030	2.2913156	5.1493807	1
CAGCC	1859415	2.2892206	5.3590364	9
TCCTG	2178085	2.2697861	9.17617	2
GGCTG	1863695	2.2360842	7.9198318	7
CAGAG	2099855	2.182774	7.423408	4
CCTGC	1779975	2.1823373	6.181499	3
CTCTG	2087460	2.1753457	7.488978	2
CTGCA	2076595	2.1730278	6.529718	4
GGCAG	1800835	2.1696546	5.9698815	7
CTGCC	1765540	2.1646392	5.5023923	9
CCCTG	1747980	2.1431098	8.666039	2
GCAGG	1777805	2.141908	6.4063897	3
TGCAG	2062725	2.135293	6.7891707	2
TGGAG	2056080	2.1055171	6.4440436	5
CACAG	1973205	2.0734282	7.4740334	7
AGCTG	1993255	2.063379	5.857517	7
CTGTG	1989945	2.0514164	8.840426	9
CAGGG	1700480	2.0487463	8.566236	4
GCCTG	1683910	2.042347	6.1568546	7
CAGAA	2219215	1.9903142	5.4251804	4
GGAGA	1932610	1.9873136	5.548834	6
CTGGC	1627665	1.9741297	5.180957	4
CCCCA	1583430	1.9706411	6.397226	1
CTCAG	1862605	1.9491005	5.9293823	2
CAGGC	1591770	1.9386272	5.564564	4
TTCTG	2169045	1.9212362	5.3676467	2
CTGAG	1842525	1.9073464	5.7341866	4
CCAGA	1800565	1.8920195	6.749313	3
GGGAG	1583865	1.8877199	5.099354	7
CCTCT	1781605	1.8768035	5.475504	1
TCTGG	1773145	1.8279194	6.243664	3
GGCCA	1492405	1.8176099	5.632658	1
TGGGG	1529675	1.815579	5.767749	5
CAGTG	1742850	1.8041645	6.333581	9
CACTG	1714190	1.7937933	7.355111	7
ACCTG	1707085	1.7863585	5.1750712	7
TGGCC	1423645	1.7266821	5.1677947	5
CCTGA	1634450	1.7103503	5.488239	3
GAGAG	1654560	1.7013931	5.452007	7
ACAGA	1885680	1.6911817	5.9789014	8
GCCCA	1346245	1.6574309	6.6299605	1
GTGTG	1624655	1.6568247	7.8164754	1
TCAGG	1596715	1.6528885	5.6370816	3
ACACA	1806235	1.6375473	6.5116153	6
TGTGT	1829880	1.6033838	6.250978	10
CCTGT	1531275	1.595744	5.2467384	8
CACAC	1500535	1.593897	6.5829186	5
TGGGC	1292775	1.5510874	5.9296575	5
GCTGT	1479165	1.524858	5.4907193	8
ACAGC	1448305	1.5218674	5.93986	8
CTGTC	1414830	1.4743968	5.786833	9
GACAG	1377930	1.4323417	6.8966393	7
GCCCT	1149390	1.4092089	5.578663	1
GGGCT	1166645	1.3997551	5.521712	6
AGACA	1548485	1.3887666	5.3415074	6
GTCCT	1286605	1.3407731	9.327193	1
AGGGC	1098010	1.3228878	5.075374	5
GGACA	1257135	1.3067769	6.177756	6
GTGCT	1235400	1.2735628	6.5654464	1
AGGAC	1216235	1.2642617	8.779758	5
TGTGC	1197800	1.2348013	6.0357804	10
ACTGC	1159925	1.2137895	5.168361	8
GTCCA	1159095	1.2129208	6.874267	1
AGCAC	1150635	1.2090782	5.5695987	5
GTCTT	1296845	1.1486832	5.487004	1
TGGAC	1075315	1.1131452	6.0520096	5
GTGCA	1051560	1.0885545	5.7472277	1
ACAGT	1211595	1.0821224	5.5052514	8
ACTGT	1200455	1.06773	6.220518	8
TGCAC	1007015	1.0537785	5.3223224	5
GACTG	1013075	1.0487156	5.9010196	7
GGACC	829995	1.0108565	5.312591	6
CTACA	1061505	0.9583813	5.3927217	4
GGACT	918040	0.9503373	5.1894336	6
TGTAG	1070470	0.94187385	5.5447683	2
TCCTA	895655	0.8052925	5.528814	2
TAGGA	906645	0.8010486	5.5183587	4
GTGTA	770920	0.67830896	5.7245755	1
>>END_MODULE
