##FastQC	0.10.1
>>Basic Statistics	pass
#Measure	Value	
Filename	KS26_S5_L004_R1_001_trimmed.fq.gz	
File type	Conventional base calls	
Encoding	Sanger / Illumina 1.9	
Total Sequences	20610886	
Filtered Sequences	0	
Sequence length	20-50	
%GC	45	
>>END_MODULE
>>Per base sequence quality	pass
#Base	Mean	Median	Lower Quartile	Upper Quartile	10th Percentile	90th Percentile
1	35.28104687008603	36.0	36.0	36.0	36.0	36.0
2	35.26561779052099	36.0	36.0	36.0	36.0	36.0
3	35.24862710899473	36.0	36.0	36.0	36.0	36.0
4	35.24172177751117	36.0	36.0	36.0	36.0	36.0
5	35.22740468313686	36.0	36.0	36.0	36.0	36.0
6	35.19493392957489	36.0	36.0	36.0	36.0	36.0
7	35.17784009867407	36.0	36.0	36.0	36.0	36.0
8	35.16685168216446	36.0	36.0	36.0	36.0	36.0
9	35.15519963576529	36.0	36.0	36.0	36.0	36.0
10	35.13407283898422	36.0	36.0	36.0	36.0	36.0
11	35.12399360221584	36.0	36.0	36.0	36.0	36.0
12	35.10945817661599	36.0	36.0	36.0	36.0	36.0
13	35.09932634628128	36.0	36.0	36.0	36.0	36.0
14	35.09508751831435	36.0	36.0	36.0	36.0	36.0
15	35.080162492772025	36.0	36.0	36.0	36.0	36.0
16	35.06555273751939	36.0	36.0	36.0	36.0	36.0
17	35.057098564321784	36.0	36.0	36.0	36.0	36.0
18	35.039036846839096	36.0	36.0	36.0	36.0	36.0
19	35.02682038996286	36.0	36.0	36.0	36.0	36.0
20	35.02510018249579	36.0	36.0	36.0	36.0	36.0
21	35.001718307075954	36.0	36.0	36.0	36.0	36.0
22	34.993769119385036	36.0	36.0	36.0	36.0	36.0
23	34.98562459919073	36.0	36.0	36.0	36.0	36.0
24	34.9673460031634	36.0	36.0	36.0	36.0	36.0
25	34.95982493953984	36.0	36.0	36.0	36.0	36.0
26	34.94401753962416	36.0	36.0	36.0	36.0	36.0
27	34.93145766544919	36.0	36.0	36.0	36.0	36.0
28	34.91225072925631	36.0	36.0	36.0	36.0	36.0
29	34.901158781742346	36.0	36.0	36.0	36.0	36.0
30	34.87718498965561	36.0	36.0	36.0	36.0	36.0
31	34.86726064457641	36.0	36.0	36.0	36.0	36.0
32	34.85277432852208	36.0	36.0	36.0	36.0	36.0
33	34.82483650484086	36.0	36.0	36.0	36.0	36.0
34	34.80450906431027	36.0	36.0	36.0	36.0	36.0
35	34.787303374268234	36.0	36.0	36.0	36.0	36.0
36	34.77337069995169	36.0	36.0	36.0	36.0	36.0
37	34.75429579154958	36.0	36.0	36.0	32.0	36.0
38	34.73725965369519	36.0	36.0	36.0	32.0	36.0
39	34.70456974832064	36.0	36.0	36.0	32.0	36.0
40	34.687191222462516	36.0	36.0	36.0	32.0	36.0
41	34.67233398653867	36.0	36.0	36.0	32.0	36.0
42	34.6522378708273	36.0	36.0	36.0	32.0	36.0
43	34.62358282456269	36.0	36.0	36.0	32.0	36.0
44	34.606477254315244	36.0	36.0	36.0	32.0	36.0
45	34.58952133384075	36.0	36.0	36.0	32.0	36.0
46	34.58181373665163	36.0	36.0	36.0	32.0	36.0
47	34.592936695969094	36.0	36.0	36.0	32.0	36.0
48	34.597208920424954	36.0	36.0	36.0	32.0	36.0
49	34.660425654205085	36.0	36.0	36.0	32.0	36.0
50	34.76151895985283	36.0	36.0	36.0	32.0	36.0
>>END_MODULE
>>Per sequence quality scores	pass
#Quality	Count
9	1.0
10	7.0
11	22.0
12	22.0
13	43.0
14	71.0
15	144.0
16	300.0
17	664.0
18	1406.0
19	3039.0
20	6170.0
21	11350.0
22	19498.0
23	31516.0
24	48774.0
25	73586.0
26	106929.0
27	149209.0
28	201725.0
29	265029.0
30	343654.0
31	451389.0
32	620314.0
33	946389.0
34	1912116.0
35	9588904.0
36	5828615.0
>>END_MODULE
>>Per base sequence content	pass
#Base	G	A	T	C
1	22.636933353503924	26.620220615669428	27.292797886318798	23.450048144507853
2	22.530974367598223	26.56943095156873	27.55858360943222	23.34101107140083
3	22.597713895793582	26.644828260778436	27.345000558930703	23.412457284497282
4	22.65806087130597	26.465445576442054	27.596146129871375	23.280347422380597
5	22.816863181176565	26.44356374365879	27.249784540552348	23.4897885346123
6	22.399977409429205	26.790980792241033	27.426524969058054	23.38251682927171
7	22.444911559426775	26.792910625541833	27.43471393175071	23.327463883280682
8	22.549744595268688	26.66243543436611	27.457186429127013	23.33063354123819
9	22.29737371514309	26.830329917916558	27.569831476573757	23.302464890366593
10	22.443322827596226	26.907716064267976	27.427276016885905	23.221685091249892
11	22.78081021658102	26.89971783212467	27.25028783529998	23.069184115994325
12	22.283233768855144	26.977301045718143	27.57762341725474	23.16184176817197
13	22.40519208576392	26.807553596386153	27.6499083406469	23.13734597720303
14	22.42050057769639	26.584577318523202	27.825262379643352	23.169659724137055
15	22.35043466218513	26.82085543878235	27.666194464805592	23.162515434226925
16	22.478788690724144	27.16596897565652	27.520252998046356	22.834989335572985
17	22.585507918662366	26.921428644212625	27.323085015170623	23.169978421954387
18	22.47696216408266	27.21641258476345	27.333064154821287	22.973561096332602
19	22.52566526483906	27.063306213822365	27.52307377445698	22.8879547468816
20	22.53230388659763	26.80899314622463	27.52301279064425	23.13569017653349
21	22.545295327120684	26.971139019522923	27.5447439473383	22.93882170601809
22	22.421741980725432	27.075649479373208	27.545226993726708	22.957381546174652
23	22.534858970098398	26.832914040503557	27.493672915213587	23.13855407418446
24	22.463772524792315	27.166334071113162	27.499281697766165	22.870611706328354
25	22.50748915407985	27.08336388001824	27.407758713453035	23.00138825244888
26	22.60937414750192	27.113484593075714	27.31137750915097	22.9657637502714
27	22.45734617209462	27.218608597147053	27.45500412919878	22.86904110155955
28	22.41657824887686	27.126903591984213	27.39879348615204	23.057724672986893
29	22.59723251247668	26.999904636849788	27.464870905191912	22.93799194548162
30	22.51955321350897	27.144279639905033	27.417555768127595	22.9186113784584
31	22.585485093995494	27.14564265096064	27.364739178619622	22.904133076424245
32	22.57539982218565	27.113611553182253	27.348762101554414	22.962226523077682
33	22.4849870122416	27.033894169732626	27.474714793405475	23.006404024620302
34	22.63326974561139	27.289347424648057	27.356677916297436	22.72070491344312
35	22.619437727782064	27.062559779280598	27.305054324779217	23.01294816815813
36	22.716410045643627	27.239095929571356	27.21879781269782	22.8256962120872
37	22.52281831528828	27.13861394650845	27.371651639579568	22.966916098623702
38	22.507972440491915	26.981362331145903	27.404119535909764	23.10654569245241
39	22.438110011576118	27.14249866452303	27.42788126925635	22.991510054644507
40	22.570426838519033	27.149332771973565	27.431716002413292	22.84852438709411
41	22.74423550082015	27.147340654262592	27.29225073374223	22.81617311117503
42	22.674040437251367	27.27270279884049	27.21414902471448	22.83910773919366
43	22.643337451872362	27.29763804018844	27.22260680132643	22.836417706612764
44	22.66605877392525	27.04749783568531	27.215926428938904	23.070516961450537
45	22.52591155624905	27.169389590198495	27.38303269326885	22.921666160283614
46	22.580041282248096	27.301935655563675	27.17873005058131	22.939293011606914
47	22.613273662481546	27.252946882498254	27.256191987532098	22.8775874674881
48	22.59809854573593	27.60355849740076	27.369524683324475	22.428818273538834
49	22.72555826745885	27.906871598323217	27.478460105030244	21.88911002918768
50	22.49076436641901	27.778696813798003	27.68926719161353	22.041271628169458
>>END_MODULE
>>Per base GC content	pass
#Base	%GC
1	46.086981498011774
2	45.871985438999054
3	46.01017118029086
4	45.93840829368657
5	46.30665171578887
6	45.78249423870091
7	45.77237544270746
8	45.88037813650688
9	45.59983860550968
10	45.665007918846115
11	45.84999433257535
12	45.445075537027115
13	45.542538062966955
14	45.59016030183345
15	45.512950096412055
16	45.31377802629713
17	45.755486340616756
18	45.45052326041527
19	45.41362001172066
20	45.667994063131125
21	45.48411703313878
22	45.37912352690008
23	45.67341304428286
24	45.33438423112067
25	45.508877406528725
26	45.57513789777332
27	45.32638727365417
28	45.47430292186375
29	45.5352244579583
30	45.43816459196737
31	45.48961817041974
32	45.537626345263334
33	45.4913910368619
34	45.35397465905451
35	45.63238589594019
36	45.54210625773082
37	45.48973441391198
38	45.614518132944326
39	45.42962006622062
40	45.41895122561314
41	45.56040861199518
42	45.51314817644503
43	45.479755158485126
44	45.73657573537579
45	45.44757771653266
46	45.51933429385501
47	45.49086112996965
48	45.02691681927477
49	44.61466829664653
50	44.53203599458847
>>END_MODULE
>>Per sequence GC content	pass
#GC Content	Count
0	2128.0
1	2090.0
2	1794.0
3	1653.5
4	1827.5
5	2256.5
6	2720.0
7	3446.0
8	4226.0
9	5697.0
10	7329.5
11	10689.5
12	14184.0
13	20156.5
14	27100.0
15	38531.0
16	51042.0
17	69792.5
18	89942.5
19	117119.5
20	145085.5
21	180873.5
22	218095.5
23	263420.5
24	310758.5
25	356680.5
26	408778.5
27	468371.0
28	531823.0
29	601468.0
30	672313.5
31	744643.5
32	821720.5
33	900152.0
34	977766.5
35	1047298.0
36	1114623.0
37	1169627.5
38	1214459.0
39	1245854.0
40	1273354.5
41	1288641.0
42	1303370.0
43	1304886.5
44	1298647.5
45	1277864.0
46	1257957.5
47	1231779.0
48	1203299.5
49	1174144.0
50	1145916.5
51	1120558.5
52	1091490.5
53	1059987.0
54	1030135.0
55	997838.0
56	960218.0
57	915162.5
58	868566.5
59	812324.0
60	753742.0
61	691273.0
62	627802.5
63	573097.5
64	508993.5
65	450182.0
66	393456.0
67	341981.5
68	292156.5
69	247558.5
70	208134.5
71	175117.0
72	145754.5
73	120063.0
74	96596.0
75	79681.0
76	66984.5
77	54697.0
78	43559.0
79	35248.5
80	28001.5
81	22569.0
82	18083.0
83	14732.5
84	11452.0
85	8843.0
86	6808.5
87	5373.5
88	4352.5
89	3392.5
90	2487.0
91	2044.0
92	1717.0
93	1409.0
94	1114.5
95	965.5
96	852.0
97	762.5
98	678.5
99	740.5
100	804.0
>>END_MODULE
>>Per base N content	pass
#Base	N-Count
1	9.703610024333743E-5
2	0.0010431380776158774
3	4.948841112410209E-4
4	6.01623821508692E-4
5	0.0013536535983945572
6	0.0025083831912902726
7	0.001018879052555043
8	0.0031876358929936346
9	0.0025083831912902726
10	0.0027170108068134483
11	0.009111689812849384
12	0.005463132443699897
13	0.014846523337230626
14	0.002809195102044619
15	0.011974254770027839
16	0.008320845595866183
17	0.00958716670404174
18	0.012153771555478013
19	0.005453428833675563
20	0.006642121061656446
21	0.01283717303504223
22	0.00846416715243309
23	0.01671315097893258
24	0.012298333130551163
25	0.00663904861410469
26	0.010486683520764315
27	0.009359487064974165
28	0.012299384605810829
29	0.015431777315346023
30	0.03248896931694157
31	0.01556995213893749
32	0.01614359615925692
33	0.01795786235502404
34	0.01292416995416323
35	0.010414484153209575
36	0.012870921431189236
37	0.012528825933404942
38	0.01248851034782431
39	0.023253900678288333
40	0.02235205923186468
41	0.017693948709336625
42	0.011475123084652662
43	0.017977478686095134
44	0.013636630847081346
45	0.01117259621063618
46	0.005647813062475752
47	0.010105910570803392
48	0.006765170979649227
49	0.0065202682635713
50	0.018891847065085222
>>END_MODULE
>>Sequence Length Distribution	warn
#Length	Count
20	14451.0
21	15556.0
22	16235.0
23	17144.0
24	17450.0
25	18322.0
26	19152.0
27	20007.0
28	21263.0
29	22834.0
30	23785.0
31	25089.0
32	26396.0
33	26945.0
34	27604.0
35	28154.0
36	29177.0
37	30745.0
38	33317.0
39	35939.0
40	38403.0
41	42131.0
42	46857.0
43	60321.0
44	101464.0
45	198520.0
46	545995.0
47	1192340.0
48	2409793.0
49	3219774.0
50	1.2285723E7
>>END_MODULE
>>Sequence Duplication Levels	warn
#Total Duplicate Percentage	36.3936832564921
#Duplication Level	Relative count
1	100.0
2	23.391749463722885
3	10.435139509490362
4	5.639234575740915
5	3.4894796756781874
6	2.299989932703998
7	1.6858848765981833
8	1.1801968543572032
9	0.8487504936847078
10++	5.911051567787751
>>END_MODULE
>>Overrepresented sequences	pass
>>END_MODULE
>>Kmer Content	warn
#Sequence	Count	Obs/Exp Overall	Obs/Exp Max	Max Obs/Exp Position
AAAAA	4741780	3.5716772	4.2856565	46
TTTTT	4572910	3.1984322	3.6507032	13
>>END_MODULE
