##FastQC	0.10.1
>>Basic Statistics	pass
#Measure	Value	
Filename	040-F5_S4_L001_R2_001_trimmed.fq.gz	
File type	Conventional base calls	
Encoding	Sanger / Illumina 1.9	
Total Sequences	18641437	
Filtered Sequences	0	
Sequence length	20-51	
%GC	43	
>>END_MODULE
>>Per base sequence quality	pass
#Base	Mean	Median	Lower Quartile	Upper Quartile	10th Percentile	90th Percentile
1	34.74881121020874	36.0	36.0	36.0	32.0	36.0
2	34.739668084600986	36.0	36.0	36.0	32.0	36.0
3	34.71795344961872	36.0	36.0	36.0	32.0	36.0
4	34.72506861997817	36.0	36.0	36.0	32.0	36.0
5	34.69894429276026	36.0	36.0	36.0	32.0	36.0
6	34.692806729438296	36.0	36.0	36.0	32.0	36.0
7	34.67781416207345	36.0	36.0	36.0	32.0	36.0
8	34.657086039021564	36.0	36.0	36.0	32.0	36.0
9	34.65406663660103	36.0	36.0	36.0	32.0	36.0
10	34.633613063198936	36.0	36.0	36.0	32.0	36.0
11	34.6264200554925	36.0	36.0	36.0	32.0	36.0
12	34.605484652282975	36.0	36.0	36.0	32.0	36.0
13	34.60694006583291	36.0	36.0	36.0	32.0	36.0
14	34.59404470803404	36.0	36.0	36.0	32.0	36.0
15	34.5786969641879	36.0	36.0	36.0	32.0	36.0
16	34.559286765285314	36.0	36.0	36.0	32.0	36.0
17	34.53378631700979	36.0	36.0	36.0	32.0	36.0
18	34.53184392383484	36.0	36.0	36.0	32.0	36.0
19	34.51224581023448	36.0	36.0	36.0	32.0	36.0
20	34.515809805864215	36.0	36.0	36.0	32.0	36.0
21	34.49321470832878	36.0	36.0	36.0	32.0	36.0
22	34.486155166416346	36.0	36.0	36.0	32.0	36.0
23	34.4738951493563	36.0	36.0	36.0	32.0	36.0
24	34.446984048390384	36.0	36.0	36.0	32.0	36.0
25	34.428279929723715	36.0	36.0	36.0	32.0	36.0
26	34.39803833250413	36.0	36.0	36.0	32.0	36.0
27	34.398599688942696	36.0	36.0	36.0	32.0	36.0
28	34.37653246019884	36.0	36.0	36.0	32.0	36.0
29	34.34961439686655	36.0	36.0	36.0	32.0	36.0
30	34.33134689193976	36.0	36.0	36.0	32.0	36.0
31	34.30757486183761	36.0	36.0	36.0	32.0	36.0
32	34.279503126012614	36.0	36.0	36.0	32.0	36.0
33	34.24287104654144	36.0	36.0	36.0	32.0	36.0
34	34.22029271744215	36.0	36.0	36.0	32.0	36.0
35	34.18585021882797	36.0	36.0	36.0	32.0	36.0
36	34.161006556684654	36.0	36.0	36.0	32.0	36.0
37	34.14918518207913	36.0	36.0	36.0	32.0	36.0
38	34.11431644293404	36.0	36.0	36.0	32.0	36.0
39	34.10446758002113	36.0	36.0	36.0	32.0	36.0
40	34.08320472268374	36.0	36.0	36.0	32.0	36.0
41	34.052454288176044	36.0	36.0	36.0	32.0	36.0
42	34.03360849242517	36.0	36.0	36.0	32.0	36.0
43	34.00611569804317	36.0	36.0	36.0	32.0	36.0
44	33.98038029389286	36.0	36.0	36.0	32.0	36.0
45	33.949955820893614	36.0	36.0	36.0	32.0	36.0
46	33.93666192875949	36.0	36.0	36.0	32.0	36.0
47	33.932402734513005	36.0	36.0	36.0	32.0	36.0
48	33.939765655489325	36.0	36.0	36.0	32.0	36.0
49	33.99962664057231	36.0	36.0	36.0	32.0	36.0
50	34.07269707457804	36.0	36.0	36.0	32.0	36.0
51	34.1945750764519	36.0	36.0	36.0	32.0	36.0
>>END_MODULE
>>Per sequence quality scores	pass
#Quality	Count
14	857.0
15	1891.0
16	3392.0
17	5905.0
18	9510.0
19	14945.0
20	22613.0
21	33746.0
22	48611.0
23	68159.0
24	95948.0
25	130648.0
26	174192.0
27	227391.0
28	292174.0
29	369015.0
30	463642.0
31	589880.0
32	787803.0
33	1150589.0
34	2147985.0
35	8212114.0
36	3790427.0
>>END_MODULE
>>Per base sequence content	pass
#Base	G	A	T	C
1	21.80913413488456	27.4687729277523	27.848453957707232	22.873638979655915
2	21.910011551148123	27.843899587783927	28.113009742757495	22.133079118310462
3	21.6387610032424	27.806874545132978	28.255745520047622	22.298618931577003
4	22.125043257126585	27.114261631225105	28.679049796429318	22.081645315218992
5	21.91893790162207	27.441843673317674	28.217250633628726	22.42196779143153
6	21.261617331324835	27.981689394438853	28.48140408918046	22.27528918505585
7	21.398629300949278	27.98871674967976	28.390692198246303	22.22196175112466
8	21.474208238345575	27.880651046375878	28.16162187496597	22.48351884031258
9	21.496003768379015	27.835230728189035	28.293838076967994	22.37492742646396
10	21.4408631695078	27.855449126588255	28.488442173208	22.21524553069594
11	22.254990320756924	27.732416765939234	27.978567317530295	22.034025595773546
12	21.32561990795023	28.190981199571684	28.40445186709587	22.078947025382217
13	21.392159842612994	27.982359943603058	28.755503129935743	21.8699770838482
14	21.50667891107322	27.67488901204344	28.85369298514916	21.964739091734184
15	21.31132916416261	28.03765074548706	28.649336421864902	22.001683668485427
16	21.384896454066283	28.27365722932197	28.71449770744605	21.6269486091657
17	21.58822841822763	27.945259799445722	28.05470415183121	22.41180763049544
18	21.528656830479324	28.626870342667253	28.09650886892464	21.74796395792878
19	21.84968358394259	28.035419157868567	28.40826058634857	21.706636671840265
20	22.088248883388122	27.710884091178162	28.40122786671435	21.799639158719366
21	22.0165366203015	27.804375213398448	28.45794656599596	21.72114160030409
22	21.59995347630654	28.33040623555213	28.462779269928767	21.606861018212562
23	21.569098092916406	28.090542533014677	28.460885126178976	21.87947424788994
24	21.376992615682045	28.391708856049913	28.410616577895524	21.820681950372517
25	21.506408816888143	28.43494203806306	28.147455024891094	21.911194120157703
26	21.64403273578312	28.081869774729	28.249830956071314	22.02426653341656
27	21.919366110372522	28.186322654653605	28.228786890601608	21.665524344372265
28	21.349097988073872	28.373683583973552	28.243348026419845	22.03387040153273
29	21.936666892234026	27.965995258076916	28.21005986499603	21.887277984693032
30	21.50335720743891	28.681214456451453	28.04925155453752	21.76617678157212
31	21.627668653475514	28.352154869606373	28.28810959206116	21.732066884856945
32	21.63333234144419	28.530792431195362	28.039023658857648	21.796851568502795
33	21.502232550030723	27.967534414600397	28.61758874050629	21.912644294862595
34	21.67395371699026	28.585167097855685	28.250852468171733	21.49002671698233
35	21.576852816463365	27.911768586884474	28.395765747802383	22.115612848849782
36	21.78481975548909	28.32716378643518	27.931922548917036	21.956093909158696
37	21.516016369794418	28.310682431224187	28.04517024062604	22.128130958355353
38	21.644443003445957	28.290114223290907	27.946302612611206	22.11914016065193
39	21.599038438050762	28.306269884053304	28.02875338815959	22.065938289736344
40	21.493124611720766	28.130043854227065	28.56536409949928	21.81146743455289
41	21.894400222656724	28.096332701219424	28.19675267961027	21.81251439651358
42	21.881560947528637	28.092797726536666	28.29385184741418	21.73178947852052
43	21.73877888884337	28.529793241977657	28.084273987928164	21.6471538812508
44	21.78361758737583	28.109572306924708	27.937621083123677	22.16918902257579
45	21.804674322706717	28.39544813867589	28.061916402097342	21.737961136520052
46	21.660637515790555	28.943860189261155	27.756036471079444	21.63946582386885
47	21.859490205097764	28.17217591338611	27.916942934926155	22.05139094658997
48	21.831005702818313	28.6042981095186	28.273142231847014	21.29155395581607
49	22.115399941522323	28.418715712426025	28.290921717060623	21.17496262899103
50	22.46109886361571	28.50325436427234	28.154880707645347	20.8807660644666
51	21.7241509377098	29.324854370985708	28.166168094121314	20.78482659718318
>>END_MODULE
>>Per base GC content	pass
#Base	%GC
1	44.682773114540474
2	44.043090669458586
3	43.937379934819404
4	44.20668857234558
5	44.3409056930536
6	43.53690651638068
7	43.620591052073934
8	43.95772707865815
9	43.870931194842974
10	43.656108700203745
11	44.28901591653047
12	43.40456693333245
13	43.262136926461196
14	43.4714180028074
15	43.31301283264804
16	43.01184506323198
17	44.00003604872307
18	43.2766207884081
19	43.55632025578286
20	43.887888042107484
21	43.73767822060559
22	43.2068144945191
23	43.448572340806344
24	43.19767456605456
25	43.41760293704585
26	43.668299269199686
27	43.58489045474479
28	43.3829683896066
29	43.82394487692706
30	43.26953398901103
31	43.35973553833246
32	43.43018390994699
33	43.41487684489332
34	43.16398043397259
35	43.692465665313144
36	43.740913664647785
37	43.64414732814977
38	43.76358316409789
39	43.664976727787106
40	43.304592046273655
41	43.706914619170306
42	43.61335042604915
43	43.38593277009418
44	43.952806609951615
45	43.542635459226766
46	43.30010333965941
47	43.91088115168773
48	43.12255965863439
49	43.29036257051335
50	43.341864928082316
51	42.50897753489298
>>END_MODULE
>>Per sequence GC content	warn
#GC Content	Count
0	11962.0
1	9959.5
2	7085.0
3	6760.0
4	7455.5
5	8660.5
6	9929.5
7	11350.5
8	12841.0
9	15608.5
10	18528.0
11	23396.5
12	28323.0
13	36454.0
14	45261.0
15	59333.0
16	73818.5
17	95003.5
18	116911.0
19	146381.5
20	176619.5
21	212927.0
22	249941.5
23	294773.0
24	340807.5
25	387139.0
26	475127.5
27	535160.5
28	605395.0
29	677092.5
30	752680.5
31	829709.0
32	910218.5
33	991073.5
34	1058606.0
35	1121316.0
36	1154322.0
37	1182041.5
38	1187466.0
39	1190299.0
40	1183351.0
41	1173861.5
42	1160665.5
43	1142192.5
44	1112245.0
45	1082439.0
46	1051453.0
47	1017895.0
48	984354.5
49	950992.5
50	920689.0
51	891244.0
52	862656.5
53	833533.5
54	805341.5
55	775717.0
56	744260.0
57	711253.0
58	672308.5
59	628638.0
60	582525.0
61	534048.0
62	485823.5
63	440402.0
64	391119.5
65	343540.0
66	301333.0
67	260523.0
68	222916.5
69	186380.5
70	157641.5
71	131114.0
72	109222.5
73	88706.0
74	72356.5
75	54156.0
76	45103.0
77	37373.0
78	30080.5
79	24600.0
80	19636.5
81	16095.5
82	12952.5
83	10456.5
84	8108.0
85	6492.0
86	5041.5
87	4095.5
88	3230.0
89	2584.0
90	2006.0
91	1694.5
92	1428.5
93	1312.0
94	1201.5
95	1199.5
96	1219.5
97	1381.5
98	2244.5
99	8997.0
100	15046.0
>>END_MODULE
>>Per base N content	pass
#Base	N-Count
1	0.0
2	0.0
3	0.0
4	0.0
5	0.0
6	0.0
7	0.0
8	0.0
9	0.0
10	0.0
11	0.0
12	0.0
13	0.0
14	0.0
15	0.0
16	0.0
17	0.0
18	0.0
19	0.0
20	0.0
21	0.0
22	0.0
23	0.0
24	0.0
25	0.0
26	0.0
27	0.0
28	0.0
29	0.0
30	0.0
31	0.0
32	0.0
33	0.0
34	0.0
35	0.0
36	0.0
37	0.0
38	0.0
39	0.0
40	0.0
41	0.0
42	0.0
43	0.0
44	0.0
45	0.0
46	0.0
47	0.0
48	0.0
49	0.0
50	0.0
51	0.0
>>END_MODULE
>>Sequence Length Distribution	warn
#Length	Count
20	26025.0
21	27034.0
22	27996.0
23	28271.0
24	29710.0
25	30871.0
26	32484.0
27	34245.0
28	36304.0
29	39573.0
30	40300.0
31	40617.0
32	42144.0
33	42135.0
34	43787.0
35	45410.0
36	45227.0
37	47945.0
38	50533.0
39	53872.0
40	55799.0
41	60763.0
42	62167.0
43	68807.0
44	82662.0
45	117823.0
46	202319.0
47	499446.0
48	1042550.0
49	2093177.0
50	2907272.0
51	1.0684169E7
>>END_MODULE
>>Sequence Duplication Levels	warn
#Total Duplicate Percentage	31.62122807190153
#Duplication Level	Relative count
1	100.0
2	20.277124295858243
3	8.404377009906547
4	4.28276462420593
5	2.5345506082777574
6	1.5705148957906172
7	1.1057633508154734
8	0.7791422959877409
9	0.5812991460370218
10++	4.350391010007266
>>END_MODULE
>>Overrepresented sequences	pass
>>END_MODULE
>>Kmer Content	warn
#Sequence	Count	Obs/Exp Overall	Obs/Exp Max	Max Obs/Exp Position
AAAAA	7227275	4.861914	6.1372094	47
TTTTT	5846690	3.834042	5.017292	13
GGGGG	1380335	3.4176793	4.551499	47
CCTGG	1633815	3.0335875	3.7825904	19
AGAAA	3197220	2.791181	5.0752954	28
GAAAA	3110720	2.7156665	5.119616	4
GGAAA	1916260	2.1709645	5.013458	20
GAGAA	1888920	2.1399906	5.2283015	27
>>END_MODULE
