##FastQC	0.10.1
>>Basic Statistics	pass
#Measure	Value	
Filename	004-F5_S4_L004_R2_001_trimmed.fq.gz	
File type	Conventional base calls	
Encoding	Sanger / Illumina 1.9	
Total Sequences	15370983	
Filtered Sequences	0	
Sequence length	20-50	
%GC	45	
>>END_MODULE
>>Per base sequence quality	pass
#Base	Mean	Median	Lower Quartile	Upper Quartile	10th Percentile	90th Percentile
1	34.5731449315896	36.0	36.0	36.0	32.0	36.0
2	34.556344444594075	36.0	36.0	36.0	32.0	36.0
3	34.54228223399896	36.0	36.0	36.0	32.0	36.0
4	34.52821397304258	36.0	36.0	36.0	32.0	36.0
5	34.518841833342734	36.0	36.0	36.0	32.0	36.0
6	34.48916533184637	36.0	36.0	36.0	32.0	36.0
7	34.48018418861045	36.0	36.0	36.0	32.0	36.0
8	34.46998562160923	36.0	36.0	36.0	32.0	36.0
9	34.45293186519041	36.0	36.0	36.0	32.0	36.0
10	34.424985376667195	36.0	36.0	36.0	32.0	36.0
11	34.41766450460585	36.0	36.0	36.0	32.0	36.0
12	34.38847931846649	36.0	36.0	36.0	32.0	36.0
13	34.38047781329275	36.0	36.0	36.0	32.0	36.0
14	34.363973989171676	36.0	36.0	36.0	32.0	36.0
15	34.34556911552111	36.0	36.0	36.0	32.0	36.0
16	34.32230885949194	36.0	36.0	36.0	32.0	36.0
17	34.309646624422136	36.0	36.0	36.0	32.0	36.0
18	34.2914660044839	36.0	36.0	36.0	32.0	36.0
19	34.26706828053873	36.0	36.0	36.0	32.0	36.0
20	34.27594975545806	36.0	36.0	36.0	32.0	36.0
21	34.23958349362908	36.0	36.0	36.0	32.0	36.0
22	34.245019232385545	36.0	36.0	36.0	32.0	36.0
23	34.22410425454402	36.0	36.0	36.0	32.0	36.0
24	34.18411127104092	36.0	36.0	36.0	32.0	36.0
25	34.171430277569804	36.0	36.0	36.0	32.0	36.0
26	34.14729404101694	36.0	36.0	36.0	32.0	36.0
27	34.12936168055483	36.0	36.0	36.0	32.0	36.0
28	34.10153910438521	36.0	36.0	36.0	32.0	36.0
29	34.080858396751076	36.0	36.0	36.0	32.0	36.0
30	34.05265379059769	36.0	36.0	36.0	32.0	36.0
31	34.01492176739802	36.0	36.0	36.0	32.0	36.0
32	33.99226411441819	36.0	36.0	36.0	32.0	36.0
33	33.97775062303285	36.0	36.0	36.0	32.0	36.0
34	33.94828079779554	36.0	36.0	36.0	32.0	36.0
35	33.90347888043918	36.0	36.0	36.0	32.0	36.0
36	33.88309478211614	36.0	36.0	36.0	32.0	36.0
37	33.860827430435144	36.0	36.0	36.0	32.0	36.0
38	33.84057209102803	36.0	36.0	36.0	32.0	36.0
39	33.800328887232034	36.0	36.0	36.0	27.0	36.0
40	33.776059901811266	36.0	36.0	36.0	27.0	36.0
41	33.75897856415221	36.0	36.0	36.0	27.0	36.0
42	33.73591338518655	36.0	36.0	36.0	27.0	36.0
43	33.70457826008062	36.0	36.0	36.0	27.0	36.0
44	33.6871683280676	36.0	36.0	36.0	27.0	36.0
45	33.6692752895296	36.0	36.0	36.0	27.0	36.0
46	33.67845560592289	36.0	36.0	36.0	27.0	36.0
47	33.69515430418229	36.0	36.0	36.0	27.0	36.0
48	33.7243918300691	36.0	36.0	36.0	27.0	36.0
49	33.80850305821338	36.0	36.0	36.0	27.0	36.0
50	33.9582493919732	36.0	36.0	36.0	32.0	36.0
>>END_MODULE
>>Per sequence quality scores	pass
#Quality	Count
2	8.0
3	5.0
4	2.0
5	4.0
6	8.0
7	10.0
8	27.0
9	25.0
10	33.0
11	36.0
12	46.0
13	76.0
14	884.0
15	2090.0
16	4319.0
17	7551.0
18	12142.0
19	18807.0
20	27828.0
21	39482.0
22	53888.0
23	72750.0
24	96702.0
25	127330.0
26	166533.0
27	211898.0
28	266147.0
29	334104.0
30	418378.0
31	536553.0
32	721459.0
33	1064845.0
34	1983062.0
35	6634371.0
36	2569580.0
>>END_MODULE
>>Per base sequence content	pass
#Base	G	A	T	C
1	22.578950600994258	26.716078945135752	27.365564197575203	23.339406256294787
2	22.567529444586715	26.875869232098502	27.585178239425034	22.971423083889746
3	22.47859506902066	26.898436545882333	27.486923718214022	23.136044666882984
4	22.736275712199042	26.52643358827299	27.796690230421646	22.94060046910632
5	22.811105645280552	26.64320010159895	27.349955631783686	23.195738621336808
6	22.26970918667493	27.097255145163334	27.6217746885407	23.01126097962104
7	22.43415232030839	27.0750033279899	27.4510889586339	23.03975539306781
8	22.412605611718426	27.02795319187143	27.402690179167443	23.1567510172427
9	22.382070608935692	27.07821174274711	27.49963061112437	23.040087037192826
10	22.414219373133363	27.110572714052083	27.520698893109547	22.954509019705004
11	22.974589988101755	26.935124014825995	27.20199033240719	22.888295664665062
12	22.279377921936135	27.256280906141622	27.572523744726414	22.89181742719583
13	22.445874389192465	27.059822165144155	27.66504548088798	22.8292579647754
14	22.471323733023524	26.852772867621493	27.794930792821944	22.88097260653304
15	22.370936778068863	27.13962957870634	27.617386413348356	22.87204722987644
16	22.466004177464765	27.35395545846352	27.58351887806645	22.596521486005273
17	22.65547963992151	27.04217194994145	27.197828102117466	23.104520308019577
18	22.499203303742256	27.508584735625018	27.270896636907295	22.721315323725438
19	22.766673565749354	27.141607239885662	27.42864898631958	22.663070208045404
20	22.800582579908255	26.90974097236662	27.45824206395575	22.831434383769373
21	22.787894939097455	27.047851198941007	27.469736565085462	22.69451729687607
22	22.55928993580076	27.272504456692065	27.47238648302862	22.695819124478554
23	22.623133045137912	27.07458411089337	27.396315919854146	22.905966924114573
24	22.441410555282463	27.42495183502448	27.396609837293944	22.73702777239911
25	22.559978318102957	27.336830522537802	27.249689419072258	22.853501740286983
26	22.657535924949364	27.22078774596845	27.210806484598425	22.910869844483763
27	22.686961046512284	27.324288577921042	27.32285217397751	22.665898201589165
28	22.41973125602364	27.353301950663894	27.285664598384134	22.941302194928326
29	22.754637824153097	27.15048420184878	27.260173337858117	22.834704636140007
30	22.541099036053478	27.508319565880186	27.23959882324834	22.710982574818
31	22.630711161103523	27.386785587395053	27.222569358665123	22.7599338928363
32	22.63833924225401	27.44375884506755	27.122234885208513	22.79566702746993
33	22.525589077390777	27.229550853436724	27.43592482075779	22.80893524841471
34	22.67730832300557	27.55876678374473	27.261347462075907	22.502577431173794
35	22.645866392526532	27.160442034675903	27.24641630199729	22.947275270800276
36	22.734251099866203	27.45290292063811	27.060209849553374	22.752636129942314
37	22.557307358614253	27.384682675471172	27.13956484766291	22.91844511825166
38	22.590585958993664	27.297839759144193	27.156310830901614	22.95526345096053
39	22.5341856293295	27.416122821995003	27.184862687443772	22.864828861231725
40	22.567668773244716	27.349549993120874	27.368675968554268	22.71410526508014
41	22.807565282025173	27.322519058646368	27.166233052197764	22.703682607130702
42	22.739021785013144	27.409090452250084	27.22484527816429	22.627042484572485
43	22.677567187385357	27.603248579823042	27.10725108481697	22.611933147974632
44	22.746151337564804	27.299605174571152	27.021199553004386	22.933043934859658
45	22.63407691527649	27.519878170927186	27.159436327052706	22.686608586743617
46	22.62311094162472	27.790854114701517	26.913567185099684	22.67246775857408
47	22.733711439125074	27.461824250782225	27.01839815455966	22.786066155533046
48	22.71852315665924	27.8496608005816	27.27211704925142	22.15969899350774
49	22.930120872798614	27.98837322451307	27.369487937304722	21.712017965383595
50	22.96329073488238	27.718832039094483	27.384538356487386	21.933338869535753
>>END_MODULE
>>Per base GC content	pass
#Base	%GC
1	45.91835685728904
2	45.538952528476464
3	45.614639735903644
4	45.67687618130537
5	46.00684426661736
6	45.28097016629597
7	45.47390771337621
8	45.56935662896113
9	45.42215764612851
10	45.36872839283837
11	45.86288565276681
12	45.17119534913196
13	45.27513235396787
14	45.35229633955657
15	45.2429840079453
16	45.06252566347003
17	45.75999994794109
18	45.22051862746769
19	45.42974377379476
20	45.63201696367763
21	45.48241223597353
22	45.25510906027932
23	45.529099969252485
24	45.178438327681576
25	45.413480058389936
26	45.56840576943313
27	45.352859248101446
28	45.361033450951965
29	45.5893424602931
30	45.25208161087148
31	45.39064505393982
32	45.43400626972394
33	45.33452432580549
34	45.17988575417936
35	45.59314166332681
36	45.48688722980852
37	45.475752476865914
38	45.545849409954194
39	45.39901449056122
40	45.281774038324855
41	45.51124788915587
42	45.36606426958563
43	45.28950033535999
44	45.679195272424465
45	45.32068550202011
46	45.295578700198796
47	45.519777594658116
48	44.87822215016698
49	44.64213883818221
50	44.89662960441813
>>END_MODULE
>>Per sequence GC content	pass
#GC Content	Count
0	7310.0
1	5932.5
2	4307.0
3	4412.0
4	4840.5
5	5519.0
6	6319.0
7	7182.5
8	8031.5
9	9723.0
10	11626.0
11	14597.0
12	17749.5
13	22624.5
14	28308.5
15	37079.0
16	46757.0
17	60690.5
18	75673.0
19	95096.5
20	115452.0
21	139902.0
22	165437.0
23	197144.0
24	230552.5
25	261935.5
26	299258.0
27	343876.5
28	391741.5
29	444575.5
30	498635.5
31	556264.5
32	616445.5
33	678416.0
34	742302.0
35	798595.5
36	849003.0
37	885967.0
38	916207.5
39	940017.5
40	960900.5
41	975724.0
42	988925.5
43	991108.5
44	987962.5
45	977467.0
46	966890.0
47	952087.0
48	936266.5
49	919002.0
50	900298.5
51	880607.5
52	857974.0
53	833563.0
54	809167.5
55	782805.0
56	754755.5
57	720181.0
58	682803.5
59	639573.0
60	594451.0
61	544330.5
62	494122.0
63	449488.0
64	397207.0
65	348767.0
66	303104.5
67	262071.0
68	220735.0
69	182333.5
70	149707.5
71	123013.0
72	99509.0
73	79656.0
74	61922.5
75	49194.5
76	39546.5
77	30750.5
78	23021.0
79	17504.5
80	12994.5
81	9869.0
82	7435.0
83	5711.0
84	4272.5
85	3341.5
86	2633.5
87	2240.0
88	1924.5
89	1643.0
90	1432.0
91	1304.0
92	1208.5
93	1161.5
94	1147.0
95	1191.5
96	1251.5
97	1430.5
98	2066.0
99	7286.0
100	12037.0
>>END_MODULE
>>Per base N content	pass
#Base	N-Count
1	0.007279950800804348
2	0.00712381244582731
3	0.011346053794998017
4	0.00867218446601626
5	0.0048533005338695645
6	0.0059657863130809525
7	0.008750253643504778
8	0.006525282085082002
9	0.006518776320291292
10	0.007019720209175953
11	0.009693589538157708
12	0.009530945418389962
13	0.011580261327463572
14	0.0096220261254599
15	0.01895779860012857
16	0.008938920822435364
17	0.024578779379301897
18	0.008203769401085149
19	0.01164531897537067
20	0.0047557140620089165
21	0.025247394471498742
22	0.004764471084235457
23	0.009079945381442543
24	0.01354846340525884
25	0.012937140377124555
26	0.010217866295655149
27	0.01626777202802266
28	0.012968228371430768
29	0.010656244269606308
30	0.011837428640768758
31	0.014172233085814882
32	0.018122005241203755
33	0.009148714477520423
34	0.006602117439763796
35	0.00933308997159822
36	0.00478165023332001
37	0.008011576591458333
38	0.004288363563208832
39	0.00609611695948004
40	0.0033201314301694396
41	0.005758963281016846
42	0.0043061738458913205
43	0.003906885932047259
44	0.0016439617672349106
45	0.0028890872981846213
46	0.006083530554947162
47	0.0029764762147100137
48	0.0017141305957653124
49	4.96371989035611E-4
50	9.577134361376072E-4
>>END_MODULE
>>Sequence Length Distribution	warn
#Length	Count
20	34747.0
21	35482.0
22	36345.0
23	37590.0
24	37991.0
25	38894.0
26	40305.0
27	42035.0
28	43539.0
29	46140.0
30	47311.0
31	48145.0
32	49774.0
33	49549.0
34	50609.0
35	51403.0
36	52293.0
37	54507.0
38	56886.0
39	60179.0
40	62307.0
41	66687.0
42	71386.0
43	83800.0
44	120198.0
45	195796.0
46	451972.0
47	920650.0
48	1806987.0
49	2428662.0
50	8248814.0
>>END_MODULE
>>Sequence Duplication Levels	warn
#Total Duplicate Percentage	28.66897390328313
#Duplication Level	Relative count
1	100.0
2	19.194031498888844
3	7.196295222714536
4	3.4832360208152164
5	1.9138128562949466
6	1.227103951854459
7	0.7826411031512692
8	0.5355639294932848
9	0.39615166949632147
10++	3.3031043383438927
>>END_MODULE
>>Overrepresented sequences	pass
>>END_MODULE
>>Kmer Content	warn
#Sequence	Count	Obs/Exp Overall	Obs/Exp Max	Max Obs/Exp Position
AAAAA	4368895	4.325741	5.399223	46
TTTTT	3483505	3.3748586	4.082861	13
>>END_MODULE
