##FastQC	0.10.1
>>Basic Statistics	pass
#Measure	Value	
Filename	040-F0_S2_L003_R2_001.fastq.gz	
File type	Conventional base calls	
Encoding	Sanger / Illumina 1.9	
Total Sequences	13597867	
Filtered Sequences	0	
Sequence length	35-76	
%GC	44	
>>END_MODULE
>>Per base sequence quality	pass
#Base	Mean	Median	Lower Quartile	Upper Quartile	10th Percentile	90th Percentile
1	31.41392837567833	32.0	32.0	32.0	32.0	32.0
2	31.164924763567697	32.0	32.0	32.0	32.0	32.0
3	31.21832710968566	32.0	32.0	32.0	32.0	32.0
4	31.25945745755566	32.0	32.0	32.0	32.0	32.0
5	31.241543618569	32.0	32.0	32.0	32.0	32.0
6	34.92462200137713	36.0	36.0	36.0	36.0	36.0
7	34.917730258723665	36.0	36.0	36.0	36.0	36.0
8	34.850551560770526	36.0	36.0	36.0	36.0	36.0
9	34.957312128438964	36.0	36.0	36.0	36.0	36.0
10-14	34.857159023543915	36.0	36.0	36.0	34.4	36.0
15-19	34.783085979587824	36.0	36.0	36.0	32.0	36.0
20-24	34.71429925002208	36.0	36.0	36.0	32.0	36.0
25-29	34.63653181782114	36.0	36.0	36.0	32.0	36.0
30-34	34.554638385564445	36.0	36.0	36.0	32.0	36.0
35-39	34.49805346674816	36.0	36.0	36.0	32.0	36.0
40-44	34.43105021368485	36.0	36.0	36.0	32.0	36.0
45-49	34.32438014905606	36.0	36.0	36.0	32.0	36.0
50-54	34.20401875161873	36.0	36.0	36.0	32.0	36.0
55-59	34.04691383471662	36.0	36.0	36.0	32.0	36.0
60-64	33.90663064079614	36.0	36.0	36.0	32.0	36.0
65-69	33.75612729562234	36.0	36.0	36.0	28.0	36.0
70-74	33.6240219217815	36.0	36.0	36.0	27.0	36.0
75-76	33.03893344629395	36.0	34.0	36.0	20.5	36.0
>>END_MODULE
>>Per sequence quality scores	pass
#Quality	Count
2	10923.0
3	0.0
4	0.0
5	0.0
6	0.0
7	0.0
8	0.0
9	0.0
10	0.0
11	0.0
12	0.0
13	0.0
14	674.0
15	2455.0
16	4053.0
17	6015.0
18	8213.0
19	10721.0
20	14965.0
21	20717.0
22	29706.0
23	43859.0
24	63624.0
25	91200.0
26	126906.0
27	168959.0
28	220503.0
29	280163.0
30	354993.0
31	460393.0
32	620739.0
33	943607.0
34	1981565.0
35	8132914.0
>>END_MODULE
>>Per base sequence content	fail
#Base	G	A	T	C
1	44.60779411888154	17.99149829952736	11.345767286273055	26.05494029531804
2	16.51865509788541	19.71736612376982	37.9497421146094	25.814236663735375
3	20.470676542500232	21.420638540781102	28.615544808605907	29.493140108112758
4	13.652588065054625	14.995707770341642	36.68131663316652	34.670387531437214
5	15.08270083436869	34.76355628308475	35.3350870581585	14.81865582438806
6	33.924231639241015	35.26242136581423	17.019172502918156	13.7941744920266
7	30.273631075495587	29.64242442352648	20.972369280437224	19.111575220540708
8	26.03949975417534	35.416856800511084	20.33014840743892	18.21349503787466
9	25.210400699731185	15.879228658831885	20.368019800202138	38.54235084123479
10-14	23.891672770565624	23.460782645457286	28.98613109761842	23.66141348635867
15-19	21.956616587217848	28.751657473527526	27.123319268851038	22.168406670403588
20-24	22.08014252505935	27.594974999528958	28.181551348117722	22.143331127293965
25-29	21.52271033132984	27.910817914609794	28.192292542016805	22.37417921204356
30-34	21.646318701247317	27.889341414817046	28.476616964050194	21.987722919885442
35-39	21.546064648093925	28.2085422232613	28.328306796692203	21.91708633195257
40-44	21.842167551457127	28.075163322948892	28.45554249049765	21.62712663509633
45-49	21.787644114274688	28.104251347911436	28.135097647045725	21.97300689076815
50-54	21.555639624798903	28.535020276124296	28.204880785691955	21.704459313384845
55-59	21.729681914752742	28.15912622291056	27.868686870664472	22.242504991672227
60-64	21.86759760325639	28.064532547439686	28.18900370322528	21.87886614607865
65-69	22.143552565332993	28.4740401730338	27.796946243950387	21.58546101768282
70-74	22.426720953059483	28.68965711681029	27.81991299333476	21.063708936795468
75-76	25.767570223862872	35.856966748005455	29.28306615042173	9.092396877709943
>>END_MODULE
>>Per base GC content	fail
#Base	%GC
1	70.66273441419958
2	42.332891761620786
3	49.96381665061299
4	48.322975596491844
5	29.90135665875675
6	47.71840613126761
7	49.385206296036294
8	44.252994792049996
9	63.75275154096598
10-14	47.553086256924296
15-19	44.12502325762143
20-24	44.22347365235332
25-29	43.896889543373405
30-34	43.63404162113276
35-39	43.46315098004649
40-44	43.46929418655346
45-49	43.76065100504284
50-54	43.26009893818375
55-59	43.972186906424966
60-64	43.746463749335035
65-69	43.72901358301581
70-74	43.49042988985495
75-76	34.85996710157282
>>END_MODULE
>>Per sequence GC content	fail
#GC Content	Count
0	10941.0
1	5491.5
2	81.0
3	191.5
4	263.0
5	328.0
6	579.0
7	950.0
8	1135.5
9	1326.5
10	1937.5
11	2838.5
12	3328.0
13	4020.0
14	5878.5
15	8631.5
16	12762.0
17	16018.0
18	21247.0
19	31681.5
20	44917.5
21	54386.5
22	67683.5
23	91527.0
24	117086.0
25	134180.0
26	156112.0
27	192547.5
28	229280.5
29	254489.5
30	287136.0
31	341957.5
32	399130.5
33	438093.0
34	488877.5
35	566804.5
36	630512.5
37	662807.5
38	672427.0
39	663983.0
40	634175.0
41	604008.0
42	593642.5
43	587710.0
44	573216.5
45	557769.0
46	549425.5
47	538495.0
48	519378.0
49	498782.0
50	484638.0
51	470505.5
52	447948.5
53	425172.0
54	410662.0
55	396698.0
56	376032.0
57	354622.0
58	337156.0
59	316318.0
60	287064.0
61	255303.0
62	230219.5
63	206432.0
64	177303.0
65	152000.5
66	125425.5
67	106310.0
68	92023.0
69	74638.0
70	58446.5
71	47684.5
72	40113.0
73	32024.5
74	24883.5
75	20330.5
76	17286.0
77	13911.5
78	10632.5
79	8526.5
80	7400.5
81	5942.0
82	4449.5
83	3530.0
84	2859.0
85	2213.0
86	1656.5
87	1330.0
88	1192.0
89	1016.0
90	871.5
91	796.5
92	747.5
93	739.5
94	727.5
95	735.5
96	752.5
97	792.0
98	1041.5
99	5411.5
100	9572.0
>>END_MODULE
>>Per base N content	pass
#Base	N-Count
1	0.1288805075090086
2	0.12379882815444511
3	0.10495028374670821
4	0.09452217763271253
5	0.08491773011164178
6	0.08367488812767473
7	0.08113772549768283
8	0.08050527336382977
9	0.08041702422887353
10-14	0.0803287750939173
15-19	0.0803287750939173
20-24	0.0803287750939173
25-29	0.0803287750939173
30-34	0.0803287750939173
35-39	0.016086905045743262
40-44	0.0
45-49	0.0
50-54	0.0
55-59	0.0
60-64	0.0
65-69	7.697829760093132E-5
70-74	0.0
75-76	0.0
>>END_MODULE
>>Sequence Length Distribution	warn
#Length	Count
35	13931.0
36	4628.0
37	6265.0
38	7250.0
39	7819.0
40	8472.0
41	9536.0
42	10403.0
43	12009.0
44	13150.0
45	14257.0
46	14897.0
47	15689.0
48	16173.0
49	16989.0
50	17401.0
51	18465.0
52	19402.0
53	20733.0
54	22299.0
55	23049.0
56	24393.0
57	24944.0
58	25139.0
59	26195.0
60	28430.0
61	27611.0
62	28057.0
63	28696.0
64	32076.0
65	32908.0
66	33856.0
67	38361.0
68	34251.0
69	42729.0
70	40822.0
71	50371.0
72	100357.0
73	311717.0
74	896785.0
75	2729421.0
76	8747931.0
>>END_MODULE
>>Sequence Duplication Levels	warn
#Total Duplicate Percentage	27.354522084599207
#Duplication Level	Relative count
1	100.0
2	17.89247225349847
3	6.062007399067074
4	2.9033295801833683
5	1.5716315479062786
6	0.9389576966382499
7	0.6326738512680286
8	0.45842046002895287
9	0.34783657712723176
10++	3.2337408181866922
>>END_MODULE
>>Overrepresented sequences	warn
#Sequence	Count	Percentage	Possible Source
CTGTAGGACGTGGAATATGGCAAGAAAACTGAAAATCATGGAAAATGAGA	13715	0.10086140716040243	No Hit
>>END_MODULE
>>Kmer Content	warn
#Sequence	Count	Obs/Exp Overall	Obs/Exp Max	Max Obs/Exp Position
AAAAA	6500935	4.1946464	8.624303	71
GGGGG	1969450	3.6092832	6.5042725	72
TTTTT	5474375	3.4188998	6.221444	33
CCTGG	1985195	3.033439	12.168514	3
CCAGG	1912355	2.9412649	12.671919	3
AGAAA	3449530	2.7425263	7.082138	48
GAAAA	3445380	2.7392268	7.4444237	24
CAGCA	2177470	2.7179816	6.651627	4
TTTCT	3447805	2.7156878	7.7480655	16
CCCAG	1716130	2.6840851	10.543265	2
TGCTG	2203815	2.6700654	7.718809	2
TTTTC	3343825	2.633787	6.1012783	24
CTGGG	1722885	2.588856	10.47196	4
CCAGC	1652555	2.5846515	6.3158917	3
GCTGC	1671565	2.5542026	5.6527357	8
CTGCT	2020750	2.4896588	6.373249	9
GGAGG	1663280	2.4738312	5.6198015	6
GCTGG	1626070	2.443379	6.93515	3
AGCAG	1975440	2.4248102	5.2288356	7
TCCAG	1953220	2.4222107	9.235688	2
AAGAA	2984425	2.3727477	5.0408077	22
CAGCC	1474915	2.3068166	5.557	9
CTCCT	1802480	2.2582817	5.9733644	1
CTGGA	1850190	2.256299	8.8463545	4
CTCCA	1762080	2.2221165	6.139301	1
AGGAG	1832310	2.2117312	6.7085457	5
GGCTG	1463785	2.199525	7.902848	7
CTGCC	1413730	2.1967416	5.6354	9
CAGGA	1788790	2.1957011	9.048878	4
GGCAG	1442230	2.1813216	6.2230487	7
CCTGC	1397555	2.171608	6.0073147	3
CCACC	1360570	2.163951	5.583064	28
TCCTG	1751220	2.157585	8.360962	2
CCCTG	1385515	2.1528995	8.877588	2
CAGAG	1751880	2.1503952	7.4706616	4
GAGAA	2179410	2.1350157	7.3054695	47
CTCTG	1720155	2.1193113	7.2432976	2
TCCTC	1689810	2.1171205	5.0436583	44
GCAGG	1383310	2.0922072	6.5142164	3
AAAAT	3255320	2.0867944	6.0539446	72
TTCTC	2094895	2.0810602	6.2013707	17
GCCTG	1345890	2.056561	6.609911	7
TGGAA	2106095	2.0497766	6.429222	11
CTGCA	1641195	2.0352652	6.1123166	4
GGAAA	2076365	2.0340698	7.045019	40
GCCAG	1317590	2.0264966	5.219541	2
CAGGG	1337835	2.0234277	8.952255	4
CTGGC	1309550	2.0010326	5.472989	4
CCCCA	1256205	1.9979612	6.495738	1
TGCAG	1624865	1.9815161	6.6015253	2
AGCTG	1601805	1.9533945	5.624938	7
TGGAG	1626695	1.9507697	6.051596	5
CACAG	1557875	1.9445851	7.1798887	7
TGAAA	2438220	1.9258842	6.006734	30
CAGTG	1575240	1.9209986	9.802567	7
GGGAG	1289855	1.9184285	5.5677524	7
CAGGC	1247175	1.9181961	5.57663	4
CATTT	2413845	1.9137273	7.007468	14
CAGAA	1920810	1.9134934	5.0246243	4
GGAGA	1582540	1.9102408	5.2220564	6
CTGTG	1575565	1.9088995	8.513648	9
CTGAA	1914730	1.8950322	6.7700343	29
GTGTG	1590125	1.894513	10.792483	9
CTCAG	1505120	1.8665167	5.821805	2
TTCTG	1899495	1.8555816	5.0996323	2
CCTCT	1465830	1.8365016	5.521052	1
CACTG	1473755	1.8276207	7.434987	7
CCAGA	1463640	1.8269582	6.3325753	3
CTGAG	1493850	1.8217438	5.561611	4
TGGGG	1227290	1.8135034	6.283938	5
GGCCA	1173445	1.8047969	6.0411105	1
GTGGA	1496660	1.7948288	5.340206	9
ACCTG	1422035	1.7634822	5.984156	8
TCTGG	1451155	1.7581688	6.15469	3
GAGAG	1442550	1.7412627	5.497816	7
AAATG	2181860	1.7233924	6.0727763	43
CACAC	1351105	1.7149992	7.0952997	5
TGGCC	1119090	1.7100037	5.3302774	5
TCTCA	1697015	1.6968428	5.60084	18
TGTGT	1743650	1.6750231	7.6861963	10
AAAAC	2070855	1.6742525	5.8462954	25
TGGCA	1372855	1.6741909	5.7840242	18
ACACA	1650155	1.6716594	6.989425	6
ACAGA	1649255	1.6429728	6.043153	8
CCTGA	1323060	1.6407423	5.2226305	3
GCCCA	1043225	1.6316389	6.6135	1
CCACT	1282580	1.6174308	5.07177	56
ATTTC	2026545	1.6066707	6.834665	15
GTCCT	1296490	1.5973364	15.348219	1
TCAGG	1285190	1.5672839	5.3225183	3
GGGCC	825830	1.5650477	5.1654625	6
TGAGA	1607020	1.5640472	6.6219745	46
CCTGT	1264045	1.5573629	5.314737	8
TGGGC	1029100	1.5463549	6.1993704	5
CATGG	1250080	1.5244673	5.0877433	37
CAAGA	1524360	1.5185535	5.0042167	21
AGTGG	1254525	1.504455	6.6906986	8
AGGAC	1207505	1.4821863	15.208151	5
CTGTC	1190925	1.4672753	5.7649074	9
ATGGC	1197740	1.4606389	9.564629	17
ACAGC	1158655	1.446267	5.462465	8
GCTGT	1175185	1.4238131	5.1494684	8
GACAG	1142820	1.402787	6.7111616	7
GCCCT	901965	1.4015292	5.886681	1
GGGCT	927590	1.3938233	5.789996	6
CACTT	1364990	1.3648516	5.8365498	57
ACTGA	1372775	1.3586526	5.9829025	28
AATGA	1712255	1.3524641	5.556085	44
GGACA	1100375	1.3506866	6.9165115	6
CTCAT	1334615	1.3344796	5.176598	19
AGGGC	864800	1.3079791	5.4029417	5
TGTCC	1053310	1.2977273	5.069656	10
AACTG	1310465	1.2969836	5.9933743	27
ATGAG	1313715	1.2785853	6.259747	45
AAGTG	1306200	1.2712713	5.0493712	7
GCAAG	1034765	1.2701519	5.443948	20
AAACT	1581090	1.2699724	5.2145014	26
TGTGC	1045770	1.2670186	7.8726835	10
GGCAA	1029210	1.2633331	5.557372	19
GTCCA	975000	1.209109	6.920836	1
GTGCT	990340	1.1998614	6.494294	1
GGAAT	1204185	1.1719844	5.8127313	12
TACAG	1172690	1.1606259	7.344737	5
AAATC	1434640	1.15234	5.4449463	33
GTGCA	934815	1.140003	6.5121884	11
CTGTA	1155795	1.1364655	7.6350765	1
AGCAC	908830	1.1344281	5.278797	5
TGGAC	918060	1.1195704	5.9310904	5
GTCTT	1126200	1.100164	5.1994433	1
ACAGT	1100945	1.089619	6.4281487	6
AATAT	1710040	1.0890774	5.383195	14
AATCA	1346800	1.0817847	5.2753377	34
GGACC	703340	1.08176	7.678033	6
AGTGT	1088980	1.0529673	7.0687885	8
GACCT	847575	1.0510876	5.150125	7
TGCAC	843380	1.0458854	5.268963	5
ACTGT	1060210	1.0424792	5.7962675	8
ACACT	1027840	1.0344632	5.017891	6
CTACA	1011915	1.0184355	8.444706	4
GACTG	822775	1.0033706	5.636551	7
TGTAG	1022415	0.98860383	8.649466	2
TCCTA	984275	0.98417515	9.512751	2
TAGGA	1001470	0.97469	9.791831	4
TATGG	953490	0.921958	7.3211393	16
GGACT	751815	0.91683525	5.1579504	6
ATATG	1165875	0.9149045	6.371198	15
CCTAC	683775	0.8622922	7.9352384	3
GTAGG	704925	0.8453621	8.438254	3
TGGCG	521285	0.78329766	5.4421663	18
GTGTA	757305	0.7322609	5.991028	1
TACAC	699480	0.7039873	5.37626	5
GGACG	461810	0.6984712	8.075303	6
ACGTG	555230	0.67710066	5.992201	8
GCGAG	444150	0.671761	5.4121776	20
GGCGA	431020	0.65190244	5.475123	19
GACGT	411780	0.502164	5.857196	7
>>END_MODULE
