##FastQC	0.10.1
>>Basic Statistics	pass
#Measure	Value	
Filename	029-F5_S4_L001_R1_001_trimmed.fq.gz	
File type	Conventional base calls	
Encoding	Sanger / Illumina 1.9	
Total Sequences	25111560	
Filtered Sequences	0	
Sequence length	20-51	
%GC	45	
>>END_MODULE
>>Per base sequence quality	pass
#Base	Mean	Median	Lower Quartile	Upper Quartile	10th Percentile	90th Percentile
1	35.145626277300174	36.0	36.0	36.0	36.0	36.0
2	35.1360571784469	36.0	36.0	36.0	36.0	36.0
3	35.12020559455486	36.0	36.0	36.0	36.0	36.0
4	35.10790301359215	36.0	36.0	36.0	36.0	36.0
5	35.085623792388844	36.0	36.0	36.0	36.0	36.0
6	35.041949046574565	36.0	36.0	36.0	36.0	36.0
7	35.025184655991104	36.0	36.0	36.0	36.0	36.0
8	35.01919550199191	36.0	36.0	36.0	36.0	36.0
9	34.99798475283893	36.0	36.0	36.0	36.0	36.0
10	34.97723136276679	36.0	36.0	36.0	36.0	36.0
11	34.96785349058362	36.0	36.0	36.0	36.0	36.0
12	34.94496403250137	36.0	36.0	36.0	36.0	36.0
13	34.936613933981	36.0	36.0	36.0	36.0	36.0
14	34.92448967726418	36.0	36.0	36.0	36.0	36.0
15	34.90315591703582	36.0	36.0	36.0	36.0	36.0
16	34.89170967474741	36.0	36.0	36.0	36.0	36.0
17	34.88345682227627	36.0	36.0	36.0	36.0	36.0
18	34.870403790126936	36.0	36.0	36.0	36.0	36.0
19	34.856506127058616	36.0	36.0	36.0	36.0	36.0
20	34.850830772759636	36.0	36.0	36.0	36.0	36.0
21	34.83450703536962	36.0	36.0	36.0	36.0	36.0
22	34.81671260092848	36.0	36.0	36.0	36.0	36.0
23	34.80632101331572	36.0	36.0	36.0	36.0	36.0
24	34.78513105433166	36.0	36.0	36.0	36.0	36.0
25	34.76841819374753	36.0	36.0	36.0	36.0	36.0
26	34.75193545165565	36.0	36.0	36.0	36.0	36.0
27	34.7318897332033	36.0	36.0	36.0	32.0	36.0
28	34.71694831561444	36.0	36.0	36.0	32.0	36.0
29	34.701298630121194	36.0	36.0	36.0	32.0	36.0
30	34.68134465632835	36.0	36.0	36.0	32.0	36.0
31	34.65132658324125	36.0	36.0	36.0	32.0	36.0
32	34.63576967009328	36.0	36.0	36.0	32.0	36.0
33	34.6013725295115	36.0	36.0	36.0	32.0	36.0
34	34.57494227772192	36.0	36.0	36.0	32.0	36.0
35	34.54840390278995	36.0	36.0	36.0	32.0	36.0
36	34.516023717373336	36.0	36.0	36.0	32.0	36.0
37	34.49524802564043	36.0	36.0	36.0	32.0	36.0
38	34.46791535861883	36.0	36.0	36.0	32.0	36.0
39	34.44282667412174	36.0	36.0	36.0	32.0	36.0
40	34.42503064592213	36.0	36.0	36.0	32.0	36.0
41	34.39810604470245	36.0	36.0	36.0	32.0	36.0
42	34.373397110597416	36.0	36.0	36.0	32.0	36.0
43	34.3451293857929	36.0	36.0	36.0	32.0	36.0
44	34.31115293209246	36.0	36.0	36.0	32.0	36.0
45	34.28969680038283	36.0	36.0	36.0	32.0	36.0
46	34.2684481299868	36.0	36.0	36.0	32.0	36.0
47	34.27218470317805	36.0	36.0	36.0	32.0	36.0
48	34.29309905368973	36.0	36.0	36.0	32.0	36.0
49	34.33033879083676	36.0	36.0	36.0	32.0	36.0
50	34.42070892444865	36.0	36.0	36.0	32.0	36.0
51	34.530931868204064	36.0	36.0	36.0	32.0	36.0
>>END_MODULE
>>Per sequence quality scores	pass
#Quality	Count
14	16.0
15	62.0
16	260.0
17	649.0
18	1748.0
19	4198.0
20	9217.0
21	17320.0
22	30618.0
23	49153.0
24	76375.0
25	112744.0
26	162353.0
27	222637.0
28	297849.0
29	388304.0
30	498805.0
31	651660.0
32	887007.0
33	1358464.0
34	2792159.0
35	1.2313386E7
36	5236576.0
>>END_MODULE
>>Per base sequence content	pass
#Base	G	A	T	C
1	22.72235911804427	26.634362819030134	27.205248728781683	23.438029334143916
2	22.60163287996795	26.526900466958114	27.487350396990056	23.384116256083875
3	22.639820059802194	26.629903628838058	27.31947341639397	23.41080289496578
4	22.751334950924697	26.507237148371992	27.45492586836024	23.28650203234307
5	22.94441722118163	26.517969908748196	27.083619974047522	23.453992896022644
6	22.540721899652173	26.820516126858685	27.257034039707783	23.381727933781363
7	22.572259431781724	26.802371999239206	27.286330348037435	23.33903822094163
8	22.694201149848467	26.611737400253222	27.31595576927542	23.378105680622895
9	22.419764270645352	26.78700416506009	27.49283740766048	23.30039415663407
10	22.637326900479668	26.85061560080646	27.26804248111111	23.24401501760276
11	22.93383564494242	26.855968053300256	27.07098105081226	23.13921525094507
12	22.413772298726098	26.898242385897735	27.465630005033383	23.222355310342785
13	22.558064639067787	26.776714974733434	27.49976892459758	23.1654514616012
14	22.584555593163653	26.51396717326884	27.616037074866384	23.285440158701125
15	22.50008583221924	26.80071415592755	27.47081883777838	23.22838117407483
16	22.709927647002125	27.162488758321228	27.239027763063252	22.888555831613395
17	22.80269277793129	26.861506528546325	27.11828170601122	23.217518987511166
18	22.704519579811926	27.103113855239425	27.14905243661063	23.043314128338018
19	22.744098034124523	26.964988273556813	27.3069018272285	22.984011865090164
20	22.723675870483152	26.70212169440534	27.310158839947324	23.264043595164186
21	22.736514130510553	26.90810781952213	27.33287284170485	23.022505208262466
22	22.66769446116454	26.894888488228506	27.37272097198547	23.06469607862148
23	22.763364404930396	26.69829124176928	27.23864065792342	23.299703695376913
24	22.653301948811478	27.065781796690942	27.317878767428322	22.96303748706926
25	22.71517886969162	26.978239618668386	27.18685175832502	23.119729753314967
26	22.806509092988115	27.074862697786596	27.051783781682808	23.066844427542485
27	22.64577520894071	27.120549983569862	27.25885647239778	22.974818335091644
28	22.602006262005126	27.017154861300064	27.17905927682127	23.201779599873536
29	22.76567216513922	26.86175564982457	27.279222922205136	23.09334926283107
30	22.723707789668016	26.983066009879487	27.230024611204428	23.063201589248074
31	22.814073484912907	26.979311302755942	27.14821061881817	23.05840459351298
32	22.7730662795126	26.94129794480698	27.12263730213712	23.1629984735433
33	22.649234285579244	26.956484064085835	27.27610990208666	23.11817174824826
34	22.836277580186263	27.156816328542487	27.144448315220256	22.86245777605099
35	22.797263148834553	26.976039245425394	27.068465305299572	23.15823230044048
36	22.929850728049633	27.13183057947078	27.01539063759144	22.92292805488815
37	22.70008386668144	27.005785182612335	27.1784318631973	23.11569908750893
38	22.680934394392875	26.830339363231076	27.22718359020671	23.261542652169336
39	22.57194259247731	27.007177547807764	27.269880131481976	23.15099972823295
40	22.75659910767732	27.0255643993099	27.21382281274782	23.004013680264958
41	22.920870884097752	27.02589624221134	27.083302512679058	22.96993036101185
42	22.801414126452503	27.183322572966507	27.06680019981048	22.94846310077051
43	22.821671140796123	27.144643246823147	27.072899136407997	22.96078647597273
44	22.810657481494275	26.907561820900018	27.088951238594046	23.19282945901166
45	22.663966025905054	27.005160640936698	27.275203364783156	23.055669968375085
46	22.768330472353615	27.06296044452238	27.06058262509717	23.10812645802684
47	22.758010468506754	27.034339083260694	27.14494819356294	23.062702254669613
48	22.751387047305975	27.36403843425003	27.202054454611062	22.68252006383293
49	22.996556614165282	27.367973699652325	27.15642320309343	22.479046483088965
50	22.947518654516642	27.59478214061961	27.28017245363012	22.17752675123362
51	22.477005886105843	27.995607565688374	27.513867117386088	22.0135194308197
>>END_MODULE
>>Per base GC content	pass
#Base	%GC
1	46.16038845218819
2	45.98574913605183
3	46.050622954767974
4	46.037836983267766
5	46.39841011720428
6	45.92244983343354
7	45.911297652723356
8	46.07230683047136
9	45.72015842727943
10	45.88134191808243
11	46.07305089588749
12	45.636127609068886
13	45.72351610066899
14	45.86999575186478
15	45.72846700629407
16	45.59848347861552
17	46.020211765442454
18	45.74783370814994
19	45.72810989921468
20	45.98771946564734
21	45.759019338773015
22	45.732390539786024
23	46.063068100307305
24	45.61633943588074
25	45.83490862300659
26	45.8733535205306
27	45.62059354403235
28	45.803785861878666
29	45.85902142797029
30	45.78690937891609
31	45.872478078425885
32	45.9360647530559
33	45.7674060338275
34	45.69873535623725
35	45.95549544927503
36	45.85277878293778
37	45.81578295419037
38	45.94247704656221
39	45.72294232071026
40	45.76061278794228
41	45.8908012451096
42	45.74987722722301
43	45.78245761676885
44	46.00348694050594
45	45.71963599428015
46	45.876456930380456
47	45.820712723176364
48	45.43390711113891
49	45.47560309725425
50	45.125045405750264
51	44.49052531692554
>>END_MODULE
>>Per sequence GC content	pass
#GC Content	Count
0	6591.0
1	6259.5
2	4840.0
3	3969.0
4	4285.5
5	5090.0
6	6064.0
7	7542.0
8	8991.5
9	11421.5
10	14028.5
11	18599.5
12	23292.0
13	31533.0
14	40473.5
15	54830.5
16	69711.5
17	91786.5
18	115004.5
19	146344.5
20	178521.5
21	219850.0
22	261808.0
23	312301.5
24	364234.0
25	416911.5
26	516481.5
27	583474.5
28	655971.0
29	730736.5
30	809781.5
31	890441.0
32	973816.0
33	1059525.0
34	1145529.0
35	1229124.0
36	1300894.0
37	1369722.5
38	1418942.0
39	1467743.5
40	1496729.0
41	1522798.0
42	1537026.5
43	1542408.0
44	1530529.0
45	1515339.0
46	1493102.0
47	1468562.5
48	1443101.5
49	1417471.5
50	1391790.0
51	1366624.5
52	1339743.5
53	1312246.0
54	1287471.0
55	1258556.5
56	1221300.0
57	1180021.5
58	1126518.0
59	1065167.0
60	996391.5
61	921620.5
62	844310.5
63	769768.0
64	687393.5
65	608109.0
66	535165.5
67	463358.5
68	399114.5
69	337239.0
70	286387.0
71	238821.0
72	199523.5
73	163103.5
74	132742.0
75	98653.5
76	81874.5
77	66872.0
78	52605.5
79	41964.0
80	32412.5
81	26193.5
82	20838.5
83	16725.5
84	12949.5
85	10405.5
86	8039.0
87	6501.0
88	5189.0
89	4118.5
90	3112.5
91	2561.5
92	2138.5
93	1905.0
94	1659.5
95	1445.0
96	1255.0
97	1128.5
98	1010.5
99	1221.5
100	1454.0
>>END_MODULE
>>Per base N content	pass
#Base	N-Count
1	0.0016446608653544422
2	3.982229698194776E-4
3	4.2211634800864626E-4
4	5.973344547292163E-4
5	0.0010951131670035633
6	0.002241995320083659
7	0.0036955091599247514
8	0.002385355589218671
9	0.004930000366365132
10	0.005153005229464039
11	0.003922496252721854
12	0.004830444623910263
13	0.002823400856020096
14	0.006845452851196819
15	0.017673135400588413
16	0.01632714176259858
17	0.012798886249998009
18	0.007753401222385228
19	0.018433741272943616
20	0.004985751582139859
21	0.007788195242553805
22	0.011537367859459668
23	0.005868620769165073
24	0.009220838726205962
25	0.007000052339471802
26	0.004068078097584444
27	0.0022062604620588255
28	0.0011745273054107961
29	6.576801841731861E-4
30	0.0017134346831983404
31	0.0016811303724764684
32	0.001955698598860605
33	0.003237059199412488
34	0.005796913030670566
35	0.004637592564635312
36	0.003326744806274837
37	0.0017594679501708717
38	0.008216009631460774
39	0.0034444629819179473
40	8.502866387465484E-4
41	0.001433139884665441
42	0.0016237290155693682
43	0.0040721633054316775
44	0.0019337517065358808
45	0.0019174010939178928
46	6.836721588186764E-4
47	0.0012619000437661748
48	0.0015666645388758601
49	0.00425880518787844
50	0.002307693126328779
51	0.0019939131140167573
>>END_MODULE
>>Sequence Length Distribution	warn
#Length	Count
20	47987.0
21	49202.0
22	51095.0
23	52310.0
24	54009.0
25	54090.0
26	55109.0
27	56974.0
28	58751.0
29	61502.0
30	63211.0
31	65926.0
32	67419.0
33	67935.0
34	69327.0
35	68944.0
36	69575.0
37	71932.0
38	74778.0
39	77182.0
40	80393.0
41	83056.0
42	87046.0
43	94416.0
44	112277.0
45	160353.0
46	275543.0
47	704592.0
48	1472669.0
49	2950630.0
50	3910894.0
51	1.3942433E7
>>END_MODULE
>>Sequence Duplication Levels	warn
#Total Duplicate Percentage	38.282502434178824
#Duplication Level	Relative count
1	100.0
2	24.836460698776943
3	10.984422931357317
4	6.205330464921716
5	3.837297318831919
6	2.514640850962113
7	1.7529182104298633
8	1.2174813752440141
9	0.9784470738217601
10++	7.0292020238237525
>>END_MODULE
>>Overrepresented sequences	pass
>>END_MODULE
>>Kmer Content	warn
#Sequence	Count	Obs/Exp Overall	Obs/Exp Max	Max Obs/Exp Position
AAAAA	6417270	4.0010347	4.9500074	47
TTTTT	5966980	3.5204737	3.9778855	47
CCTGG	2565210	3.0215025	3.7380056	9
>>END_MODULE
