##FastQC	0.10.1
>>Basic Statistics	pass
#Measure	Value	
Filename	018-F0_S3_L002_R1_001_trimmed.fq.gz	
File type	Conventional base calls	
Encoding	Sanger / Illumina 1.9	
Total Sequences	18398314	
Filtered Sequences	0	
Sequence length	20-50	
%GC	44	
>>END_MODULE
>>Per base sequence quality	pass
#Base	Mean	Median	Lower Quartile	Upper Quartile	10th Percentile	90th Percentile
1	35.32878376790395	36.0	36.0	36.0	36.0	36.0
2	35.3308780902424	36.0	36.0	36.0	36.0	36.0
3	35.30303494113645	36.0	36.0	36.0	36.0	36.0
4	35.3045636681709	36.0	36.0	36.0	36.0	36.0
5	35.29541337320365	36.0	36.0	36.0	36.0	36.0
6	35.273142365110196	36.0	36.0	36.0	36.0	36.0
7	35.247020949854424	36.0	36.0	36.0	36.0	36.0
8	35.246794679121145	36.0	36.0	36.0	36.0	36.0
9	35.22840875528051	36.0	36.0	36.0	36.0	36.0
10	35.22260300590587	36.0	36.0	36.0	36.0	36.0
11	35.180661336685525	36.0	36.0	36.0	36.0	36.0
12	35.150310077325564	36.0	36.0	36.0	36.0	36.0
13	35.14562894186935	36.0	36.0	36.0	36.0	36.0
14	35.129567415796906	36.0	36.0	36.0	36.0	36.0
15	35.11996376407099	36.0	36.0	36.0	36.0	36.0
16	35.114051700606915	36.0	36.0	36.0	36.0	36.0
17	35.10034881457073	36.0	36.0	36.0	36.0	36.0
18	35.08538842200432	36.0	36.0	36.0	36.0	36.0
19	35.080966060259655	36.0	36.0	36.0	36.0	36.0
20	35.10028625449049	36.0	36.0	36.0	36.0	36.0
21	35.09590822052434	36.0	36.0	36.0	36.0	36.0
22	35.09315583992823	36.0	36.0	36.0	36.0	36.0
23	35.086107888714835	36.0	36.0	36.0	36.0	36.0
24	35.06875806831736	36.0	36.0	36.0	36.0	36.0
25	35.05839554418923	36.0	36.0	36.0	36.0	36.0
26	35.050975974757854	36.0	36.0	36.0	36.0	36.0
27	35.05199199521616	36.0	36.0	36.0	36.0	36.0
28	35.035344533260144	36.0	36.0	36.0	36.0	36.0
29	35.02510679633145	36.0	36.0	36.0	36.0	36.0
30	35.013501762089355	36.0	36.0	36.0	36.0	36.0
31	35.00190876406593	36.0	36.0	36.0	36.0	36.0
32	34.99700779981845	36.0	36.0	36.0	36.0	36.0
33	34.97820568012775	36.0	36.0	36.0	36.0	36.0
34	34.96408199142552	36.0	36.0	36.0	36.0	36.0
35	34.954479029403	36.0	36.0	36.0	36.0	36.0
36	34.93873974342151	36.0	36.0	36.0	36.0	36.0
37	34.94261155290972	36.0	36.0	36.0	36.0	36.0
38	34.933853758720076	36.0	36.0	36.0	36.0	36.0
39	34.91664354606749	36.0	36.0	36.0	36.0	36.0
40	34.90538243594509	36.0	36.0	36.0	36.0	36.0
41	34.896488301658074	36.0	36.0	36.0	36.0	36.0
42	34.87682546212325	36.0	36.0	36.0	36.0	36.0
43	34.873376169433264	36.0	36.0	36.0	36.0	36.0
44	34.85888684143459	36.0	36.0	36.0	36.0	36.0
45	34.84886930964922	36.0	36.0	36.0	36.0	36.0
46	34.84313056263113	36.0	36.0	36.0	36.0	36.0
47	34.85506839343257	36.0	36.0	36.0	36.0	36.0
48	34.8681095430019	36.0	36.0	36.0	36.0	36.0
49	34.94490418947089	36.0	36.0	36.0	36.0	36.0
50	35.03372945918045	36.0	36.0	36.0	36.0	36.0
>>END_MODULE
>>Per sequence quality scores	pass
#Quality	Count
14	8.0
15	39.0
16	190.0
17	545.0
18	1501.0
19	3718.0
20	7740.0
21	13606.0
22	21208.0
23	31723.0
24	44632.0
25	62962.0
26	87770.0
27	119476.0
28	158798.0
29	207864.0
30	267661.0
31	347152.0
32	469834.0
33	695570.0
34	1365831.0
35	7586546.0
36	6903940.0
>>END_MODULE
>>Per base sequence content	pass
#Base	G	A	T	C
1	22.18594259061282	26.904957408468604	27.64938044555697	23.2597195553616
2	22.28113706331784	26.91381875517133	27.84447503783908	22.96056914367175
3	22.16325536065027	27.0194699167819	27.81437570172996	23.002899020837873
4	22.400791724719994	26.634891653659132	28.080198000751587	22.88411862086928
5	22.474938754638515	26.711560002191526	27.693725144210322	23.119776098959633
6	22.004326510202084	27.112032698850975	27.851452859518865	23.032187931428076
7	22.01664612022908	27.116987398903618	27.883987970319424	22.982378510547875
8	22.175569272428678	26.942910105925748	27.79014760359197	23.091373018053606
9	21.99450142220342	27.063765761585962	27.912500410365965	23.029232405844656
10	22.035183521582898	27.12889014794433	27.898549385507508	22.937376944965266
11	22.570251284905513	27.06089821635113	27.638040377775262	22.730810120968094
12	21.927563696132673	27.308327302364727	27.993039496752246	22.771069504750354
13	22.002597536009628	27.134788420935628	28.159877553272178	22.702736489782563
14	22.077056593198318	26.851116776635653	28.27620044506484	22.795626185101188
15	21.936215847262588	27.174387981825898	28.125270915432317	22.764125255479197
16	22.071937903868573	27.432060071597874	28.051856061577823	22.444145962955734
17	22.188003209452425	27.109464351695284	27.696419977786903	23.006112461065385
18	22.10881388370695	27.562514695640044	27.663436986671712	22.665234433981286
19	22.23279932550041	27.306102021107247	27.93040113854418	22.530697514848168
20	22.369992368230772	26.96586542963991	27.888423001231704	22.775719200897615
21	22.30688242698703	27.1869458979354	27.970226398644854	22.535945276432713
22	22.101669092082343	27.425052314781773	27.99722831411373	22.47605027902215
23	22.191496774590732	27.179653975053714	27.893398187472812	22.735451062882746
24	22.04047123283787	27.550451354116877	27.903922332574737	22.505155080470512
25	22.121940417980817	27.44848158757303	27.809556120932434	22.620021873513714
26	22.263469312152345	27.338988344508763	27.688113872634467	22.709428470704427
27	22.26932749061519	27.40516948436073	27.821532055455656	22.503970969568424
28	22.057757519536413	27.41761105760435	27.782287867721806	22.742343555137428
29	22.354740734846725	27.19783050095494	27.80045755575269	22.646971208445645
30	22.173025083773883	27.52300448732622	27.725018659701256	22.578951769198643
31	22.200618645385237	27.474337093069824	27.79895837739346	22.526085884151485
32	22.24644751476605	27.471531247684705	27.642712558790976	22.639308678758265
33	22.071723355870436	27.298444644311555	27.960666461879075	22.66916553793894
34	22.206081837450427	27.652209616897956	27.814009374722314	22.327699170929304
35	22.255720502886664	27.22431011068003	27.76850464989807	22.751464736535237
36	22.356350374937797	27.53751521728246	27.569348071011497	22.536786336768248
37	22.167527343160867	27.453205044312988	27.70351801170709	22.67574960081905
38	22.241396399011165	27.32101356711129	27.611397274723988	22.826192759153557
39	22.14230938459011	27.42099644197354	27.718824464301743	22.717869709134604
40	22.16161061051707	27.407090422473058	27.91216882927823	22.519130137731647
41	22.43429963516832	27.34091492336838	27.67074829582743	22.554037145635867
42	22.334752913427536	27.53096747090152	27.67681780519406	22.457461810476886
43	22.303952772871085	27.65426816623923	27.61689265480663	22.424886406083054
44	22.342428934128332	27.332712648761287	27.550229675035858	22.77462874207452
45	22.208084423854473	27.575738972715126	27.702594763666998	22.513581839763404
46	22.249491295074886	27.79868768229093	27.49202049958403	22.45980052305016
47	22.37800951910517	27.48218254647707	27.53678709289067	22.603020841527094
48	22.299530736423996	27.932678852699283	27.72665460686308	22.041135804013646
49	22.473380709225285	28.11552167761993	27.860756410567845	21.550341202586935
50	22.426397583244356	27.857469729588885	27.88405339851573	21.832079288651034
>>END_MODULE
>>Per base GC content	pass
#Base	%GC
1	45.445662145974424
2	45.24170620698959
3	45.16615438148814
4	45.284910345589275
5	45.59471485359815
6	45.03651444163016
7	44.99902463077696
8	45.266942290482284
9	45.02373382804807
10	44.97256046654816
11	45.301061405873604
12	44.69863320088302
13	44.70533402579219
14	44.872682778299506
15	44.70034110274179
16	44.5160838668243
17	45.19411567051782
18	44.77404831768824
19	44.76349684034857
20	45.14571156912839
21	44.842827703419744
22	44.57771937110449
23	44.92694783747348
24	44.54562631330838
25	44.74196229149454
26	44.97289778285677
27	44.77329846018361
28	44.80010107467384
29	45.00171194329237
30	44.751976852972525
31	44.72670452953672
32	44.885756193524315
33	44.74088889380937
34	44.533781008379734
35	45.0071852394219
36	44.89313671170604
37	44.843276943979916
38	45.06758915816472
39	44.86017909372472
40	44.680740748248716
41	44.98833678080419
42	44.79221472390442
43	44.72883917895414
44	45.11705767620285
45	44.72166626361788
46	44.709291818125045
47	44.98103036063226
48	44.34066654043764
49	44.02372191181222
50	44.25847687189539
>>END_MODULE
>>Per sequence GC content	warn
#GC Content	Count
0	2805.0
1	2805.0
2	2489.5
3	2392.5
4	2698.5
5	3179.5
6	3692.0
7	4617.0
8	5622.5
9	7434.0
10	9340.0
11	12760.0
12	16364.0
13	22767.5
14	30230.0
15	42125.5
16	54939.5
17	74345.0
18	95015.5
19	122470.5
20	150536.5
21	184577.5
22	220049.5
23	262666.5
24	307193.0
25	349919.5
26	397977.0
27	453699.0
28	513299.0
29	578209.5
30	644539.0
31	712520.5
32	783827.0
33	856278.5
34	928117.5
35	990086.5
36	1046943.0
37	1086208.0
38	1117159.0
39	1135726.5
40	1152482.0
41	1160552.0
42	1166801.5
43	1160395.5
44	1147682.0
45	1123334.0
46	1098949.5
47	1071288.0
48	1042558.5
49	1013322.0
50	985312.0
51	960181.5
52	931835.0
53	902965.5
54	875190.5
55	845777.5
56	812756.0
57	773292.5
58	732834.0
59	686032.0
60	636853.5
61	583088.5
62	529400.5
63	483366.5
64	429233.0
65	380027.0
66	332889.5
67	288858.0
68	246017.5
69	208775.5
70	176100.5
71	148120.0
72	123198.5
73	101943.5
74	81988.0
75	67317.0
76	56270.0
77	46143.0
78	36876.5
79	29732.5
80	23660.5
81	19193.5
82	15285.5
83	12357.0
84	9665.5
85	7630.0
86	5935.0
87	4686.0
88	3685.5
89	2782.0
90	1965.5
91	1508.0
92	1156.0
93	949.5
94	771.5
95	646.5
96	519.5
97	453.0
98	409.5
99	576.5
100	731.0
>>END_MODULE
>>Per base N content	pass
#Base	N-Count
1	9.403035517276203E-4
2	3.804696452077076E-5
3	1.7936426131220503E-4
4	0.0
5	0.0010109622001233374
6	6.196219936239809E-4
7	8.315979388111323E-4
8	2.663287516453953E-4
9	5.543986258740882E-4
10	2.2828178712462459E-4
11	4.022107677910052E-4
12	0.0011903264614355424
13	5.92445590394859E-4
14	5.217869419991419E-4
15	2.4458762906209776E-4
16	1.0870561291648789E-5
17	8.696449033319031E-4
18	0.0
19	4.4569301295760037E-4
20	0.0012011970227271912
21	0.0015773931065963098
22	0.0011594827726989167
23	4.3584752157758496E-5
24	5.452947443511009E-6
25	0.0014245198508478594
26	1.7481922462975612E-4
27	5.413810630919475E-4
28	0.0012864082971255015
29	9.863940098264572E-5
30	0.0011741044353825042
31	8.789059817791804E-4
32	0.001171556843938068
33	0.0013824899006634188
34	1.6547299047807738E-4
35	0.0
36	2.821464997569114E-4
37	6.260970897068031E-4
38	6.659408651171185E-5
39	5.781307908623537E-4
40	2.9516144077766686E-4
41	3.348051180319173E-5
42	4.8653824182192133E-4
43	1.7378713676946756E-4
44	0.0
45	0.0
46	0.0
47	1.407785228285573E-4
48	6.242776717164696E-5
49	0.0
50	0.0
>>END_MODULE
>>Sequence Length Distribution	warn
#Length	Count
20	13550.0
21	14504.0
22	15217.0
23	16337.0
24	16743.0
25	17340.0
26	18058.0
27	18648.0
28	19631.0
29	21628.0
30	22208.0
31	23514.0
32	25288.0
33	25801.0
34	26762.0
35	27369.0
36	27397.0
37	28701.0
38	30609.0
39	32734.0
40	35402.0
41	39442.0
42	43517.0
43	55398.0
44	92350.0
45	172152.0
46	469959.0
47	1029542.0
48	2063314.0
49	2760356.0
50	1.1194843E7
>>END_MODULE
>>Sequence Duplication Levels	warn
#Total Duplicate Percentage	40.578794822082536
#Duplication Level	Relative count
1	100.0
2	27.72042284273579
3	12.541917623116282
4	6.748016379800443
5	3.987838739711129
6	2.6497705344857416
7	1.7871120302548427
8	1.3149980637559837
9	0.9705938089627499
10++	7.066054758628645
>>END_MODULE
>>Overrepresented sequences	pass
>>END_MODULE
>>Kmer Content	warn
#Sequence	Count	Obs/Exp Overall	Obs/Exp Max	Max Obs/Exp Position
AAAAA	4701775	3.7681665	4.475042	46
TTTTT	4758690	3.4754124	4.099409	13
>>END_MODULE
