##FastQC	0.10.1
>>Basic Statistics	pass
#Measure	Value	
Filename	KS30_S4_L003_R1_001_trimmed.fq.gz	
File type	Conventional base calls	
Encoding	Sanger / Illumina 1.9	
Total Sequences	25057492	
Filtered Sequences	0	
Sequence length	20-50	
%GC	44	
>>END_MODULE
>>Per base sequence quality	pass
#Base	Mean	Median	Lower Quartile	Upper Quartile	10th Percentile	90th Percentile
1	35.25231132469283	36.0	36.0	36.0	36.0	36.0
2	35.243007400740666	36.0	36.0	36.0	36.0	36.0
3	35.23057678717407	36.0	36.0	36.0	36.0	36.0
4	35.21580060765858	36.0	36.0	36.0	36.0	36.0
5	35.20248123794672	36.0	36.0	36.0	36.0	36.0
6	35.16126865370245	36.0	36.0	36.0	36.0	36.0
7	35.143272558961606	36.0	36.0	36.0	36.0	36.0
8	35.135450746626994	36.0	36.0	36.0	36.0	36.0
9	35.1211655579896	36.0	36.0	36.0	36.0	36.0
10	35.10383197967298	36.0	36.0	36.0	36.0	36.0
11	35.09897486947217	36.0	36.0	36.0	36.0	36.0
12	35.08087888444702	36.0	36.0	36.0	36.0	36.0
13	35.07797727721513	36.0	36.0	36.0	36.0	36.0
14	35.06215845544319	36.0	36.0	36.0	36.0	36.0
15	35.034843630799124	36.0	36.0	36.0	36.0	36.0
16	35.038108522592765	36.0	36.0	36.0	36.0	36.0
17	35.020865296494954	36.0	36.0	36.0	36.0	36.0
18	35.010736230106346	36.0	36.0	36.0	36.0	36.0
19	34.99693476905031	36.0	36.0	36.0	36.0	36.0
20	34.979332608387146	36.0	36.0	36.0	36.0	36.0
21	34.968429460532604	36.0	36.0	36.0	36.0	36.0
22	34.96021336482828	36.0	36.0	36.0	36.0	36.0
23	34.94742208604329	36.0	36.0	36.0	36.0	36.0
24	34.93796733073365	36.0	36.0	36.0	36.0	36.0
25	34.92413059297111	36.0	36.0	36.0	36.0	36.0
26	34.91006974552037	36.0	36.0	36.0	36.0	36.0
27	34.894992643436126	36.0	36.0	36.0	36.0	36.0
28	34.86430145142504	36.0	36.0	36.0	36.0	36.0
29	34.86632918632251	36.0	36.0	36.0	36.0	36.0
30	34.845206079199606	36.0	36.0	36.0	36.0	36.0
31	34.82711622453105	36.0	36.0	36.0	36.0	36.0
32	34.80682789828194	36.0	36.0	36.0	36.0	36.0
33	34.799322187636186	36.0	36.0	36.0	36.0	36.0
34	34.773823921319696	36.0	36.0	36.0	36.0	36.0
35	34.74318747756224	36.0	36.0	36.0	36.0	36.0
36	34.73092326865039	36.0	36.0	36.0	36.0	36.0
37	34.7084621803997	36.0	36.0	36.0	32.0	36.0
38	34.68831114356321	36.0	36.0	36.0	32.0	36.0
39	34.66817542783114	36.0	36.0	36.0	32.0	36.0
40	34.652343006892664	36.0	36.0	36.0	32.0	36.0
41	34.63316091111553	36.0	36.0	36.0	32.0	36.0
42	34.61261946522864	36.0	36.0	36.0	32.0	36.0
43	34.58391001330792	36.0	36.0	36.0	32.0	36.0
44	34.562930933110074	36.0	36.0	36.0	32.0	36.0
45	34.541153361343405	36.0	36.0	36.0	32.0	36.0
46	34.53738295267712	36.0	36.0	36.0	32.0	36.0
47	34.5485924454934	36.0	36.0	36.0	32.0	36.0
48	34.57627319264715	36.0	36.0	36.0	32.0	36.0
49	34.63665218073621	36.0	36.0	36.0	32.0	36.0
50	34.7375473878688	36.0	36.0	36.0	32.0	36.0
>>END_MODULE
>>Per sequence quality scores	pass
#Quality	Count
9	1.0
10	5.0
11	7.0
12	16.0
13	20.0
14	47.0
15	137.0
16	275.0
17	633.0
18	1482.0
19	3687.0
20	7707.0
21	14446.0
22	24951.0
23	40376.0
24	62229.0
25	93506.0
26	133661.0
27	186436.0
28	251411.0
29	330178.0
30	428670.0
31	565185.0
32	778893.0
33	1196516.0
34	2430062.0
35	1.1621859E7
36	6885096.0
>>END_MODULE
>>Per base sequence content	pass
#Base	G	A	T	C
1	22.50088316899393	26.895365266404152	27.448465313288338	23.155286251313576
2	22.371021671895814	26.79208219276378	27.69946280306199	23.137433332278416
3	22.417439063733912	26.896937650424075	27.516983742826294	23.16863954301572
4	22.439540628380854	26.74539429336117	27.780966672303048	23.034098405954925
5	22.64378543747293	26.729810822151368	27.40557370383765	23.220830036538057
6	22.187033399166207	27.037528969584923	27.61330689056576	23.16213074068311
7	22.175062936102893	27.049442155455765	27.716393238499492	23.059101669941846
8	22.368976676124095	26.86942782391599	27.703459592590534	23.058135907369376
9	22.02281168275321	27.094230040356273	27.852399200816475	23.03055907607405
10	22.245536981570364	27.1487641680963	27.68638447985718	22.919314370476155
11	22.563746696664033	27.214008838375527	27.457630676652435	22.76461378830801
12	22.081954877284733	27.28301039274737	27.790983096354044	22.84405163361386
13	22.122831698065013	27.085530818671792	27.91768783635743	22.87394964690576
14	22.16479251631883	26.80961842299982	28.095085904832363	22.93050315584899
15	22.102661209482605	27.06386245737498	27.889972254644164	22.943504078498254
16	22.234725430503964	27.508812021385115	27.72095904166075	22.535503506450176
17	22.35558660078522	27.24292737890724	27.571328863011836	22.830157157295705
18	22.22467266266295	27.5554781312159	27.56078608852236	22.65906311759879
19	22.20880061931041	27.40352770013958	27.809551033479835	22.578120647070175
20	22.20863598349875	27.188892341108062	27.77722206983495	22.825249605558238
21	22.273428487352433	27.292387645185478	27.800233999175	22.633949868287086
22	22.13689195453954	27.371957786086504	27.83151617966122	22.65963407971274
23	22.273307142462375	27.132976065275933	27.722688869477473	22.871027922784222
24	22.17907212838789	27.475450748852193	27.764600036320903	22.580877086439013
25	22.17357109763943	27.43951226093743	27.69486918505869	22.69204745636445
26	22.354087856513395	27.486751385984466	27.551077086252867	22.608083671249275
27	22.127700607595905	27.59640525009467	27.730423890803497	22.545470251505932
28	22.07946649978557	27.481599552723473	27.693288232842907	22.745645714648052
29	22.255216515653874	27.347163229529908	27.78129798644691	22.616322268369306
30	22.2138449432326	27.474615305675815	27.70454379123129	22.6069959598603
31	22.292231700593504	27.48095786114726	27.65310143734576	22.573709000913478
32	22.29408064293584	27.421143419407613	27.63139824860028	22.653377689056267
33	22.169708643643705	27.399442919222476	27.746820747647234	22.684027689486584
34	22.31659309948144	27.634358279904802	27.650593582200823	22.398455038412937
35	22.30761573479813	27.45242696507189	27.57041451681862	22.669542783311357
36	22.396767242913345	27.613618823041325	27.509619872426487	22.47999406161884
37	22.164625905662984	27.50930160185811	27.682711215158058	22.643361277320846
38	22.174668215816567	27.306003480975576	27.770385229079608	22.748943074128242
39	22.072697759362452	27.53107401982149	27.783025808112978	22.613202412703078
40	22.241551409323414	27.49946028316918	27.745188615417344	22.513799692090064
41	22.427267034066595	27.51908260489096	27.591862877385786	22.46178748365666
42	22.32179015118704	27.642704589620866	27.538354544416087	22.49715071477601
43	22.282469652730345	27.67251934751329	27.600345044468312	22.444665955288055
44	22.372803544663995	27.402295382763352	27.546479817034015	22.67842125553864
45	22.193281002129904	27.488293504470874	27.73767919828011	22.580746295119113
46	22.210280879040788	27.566168608069493	27.60543685196792	22.6181136609218
47	22.196361599575543	27.574022073039167	27.659866612918265	22.569749714467022
48	22.212256884052284	27.961421618105824	27.78192582421263	22.04439567362926
49	22.258295675184424	28.28452570177296	27.952123847344	21.50505477569861
50	21.96459000133279	28.273804528188677	28.104881689479832	21.656723780998696
>>END_MODULE
>>Per base GC content	pass
#Base	%GC
1	45.656169420307506
2	45.50845500417424
3	45.58607860674963
4	45.47363903433578
5	45.86461547401098
6	45.34916413984932
7	45.23416460604474
8	45.427112583493475
9	45.05337075882726
10	45.16485135204652
11	45.32836048497204
12	44.92600651089859
13	44.99678134497078
14	45.095295672167815
15	45.04616528798086
16	44.77022893695414
17	45.185743758080925
18	44.88373578026174
19	44.78692126638059
20	45.03388558905698
21	44.90737835563952
22	44.796526034252274
23	45.144335065246594
24	44.759949214826904
25	44.86561855400388
26	44.96217152776267
27	44.67317085910184
28	44.825112214433624
29	44.87153878402319
30	44.82084090309289
31	44.86594070150698
32	44.9474583319921
33	44.85373633313029
34	44.71504813789438
35	44.97715851810949
36	44.87676130453219
37	44.80798718298383
38	44.92361128994481
39	44.68590017206554
40	44.755351101413474
41	44.88905451772325
42	44.81894086596305
43	44.7271356080184
44	45.05122480020263
45	44.77402729724902
46	44.82839453996259
47	44.76611131404257
48	44.25665255768154
49	43.76335045088304
50	43.62131378233149
>>END_MODULE
>>Per sequence GC content	warn
#GC Content	Count
0	6613.0
1	6312.5
2	5087.5
3	4428.5
4	4769.5
5	5645.0
6	6645.0
7	8173.5
8	9753.0
9	12726.0
10	15993.5
11	21955.0
12	28108.0
13	37988.5
14	49379.5
15	67788.0
16	87568.5
17	115764.5
18	145695.5
19	184563.0
20	224200.5
21	272675.5
22	323494.5
23	384259.5
24	446897.5
25	505570.0
26	572441.0
27	646602.5
28	724172.0
29	806049.0
30	889804.0
31	974488.5
32	1061229.0
33	1147474.5
34	1235612.0
35	1312490.0
36	1384411.5
37	1440604.5
38	1485080.5
39	1512413.5
40	1535800.5
41	1542628.5
42	1544944.0
43	1530439.5
44	1511357.5
45	1478008.5
46	1442797.5
47	1406473.5
48	1369889.0
49	1333281.0
50	1297735.0
51	1267486.5
52	1235782.0
53	1205396.0
54	1175917.0
55	1145399.5
56	1110674.5
57	1068511.0
58	1022653.0
59	962733.0
60	900135.0
61	832495.5
62	763094.5
63	701209.5
64	626925.0
65	556156.5
66	489071.0
67	427597.5
68	365811.0
69	311318.0
70	263728.5
71	222081.5
72	185234.0
73	153528.5
74	123420.5
75	101120.5
76	84794.0
77	69567.0
78	55507.0
79	44581.0
80	35300.5
81	28550.5
82	22874.0
83	18414.0
84	14380.0
85	11445.0
86	8977.0
87	7030.5
88	5566.0
89	4326.5
90	3257.0
91	2607.0
92	2109.5
93	1749.5
94	1390.5
95	1170.0
96	997.0
97	927.0
98	860.5
99	1017.5
100	1181.0
>>END_MODULE
>>Per base N content	pass
#Base	N-Count
1	0.0
2	8.02155299500844E-4
3	0.0
4	1.795870073509352E-4
5	0.0013169713872401914
6	0.00243041083281599
7	0.0013249530320113441
8	0.001169310958973867
9	0.0016721545795564856
10	0.0016083014213872642
11	0.002494263990985211
12	0.012742695877145245
13	0.0017639434944247412
14	0.004629353967268552
15	0.01999801097412303
16	0.0032405477770879863
17	0.0062895360796683085
18	0.0030809148816649326
19	0.010088798990736982
20	0.017415948890655137
21	0.005871404029644439
22	0.014479424126678252
23	0.01878179906828032
24	0.009307665856077374
25	0.014889293054842349
26	0.007171311639319704
27	0.011975708233984368
28	0.037874278470260425
29	0.012901441603219144
30	0.01124072393326316
31	0.0261767052756921
32	0.027757754767149794
33	0.009878640096687595
34	0.03044560790176444
35	0.017712661885384947
36	0.011314183027936475
37	0.023752056715886906
38	0.02045869671083811
39	0.01395085978253663
40	0.006249716643335347
41	0.020293576855161234
42	0.007921880550791984
43	0.011739008080618576
44	0.029007206137830515
45	0.01297550323936494
46	0.016411927624575058
47	0.011358263959749076
48	0.0046131044116332915
49	0.004908804088885054
50	0.006285727927081276
>>END_MODULE
>>Sequence Length Distribution	warn
#Length	Count
20	20891.0
21	21794.0
22	22526.0
23	23615.0
24	24567.0
25	25366.0
26	26677.0
27	28216.0
28	29406.0
29	31761.0
30	32558.0
31	34685.0
32	35674.0
33	36100.0
34	37205.0
35	37844.0
36	39154.0
37	41538.0
38	43473.0
39	47335.0
40	49791.0
41	54907.0
42	59934.0
43	75724.0
44	123734.0
45	241067.0
46	657003.0
47	1434216.0
48	2897409.0
49	3868809.0
50	1.4954513E7
>>END_MODULE
>>Sequence Duplication Levels	warn
#Total Duplicate Percentage	38.21304992585269
#Duplication Level	Relative count
1	100.0
2	24.49857994319773
3	11.676467058682347
4	6.4658586343453734
5	4.038561542461698
6	2.6593063722548904
7	1.9104764190567622
8	1.3576543061722468
9	1.0360414416576662
10++	6.363454538181527
>>END_MODULE
>>Overrepresented sequences	pass
>>END_MODULE
>>Kmer Content	warn
#Sequence	Count	Obs/Exp Overall	Obs/Exp Max	Max Obs/Exp Position
AAAAA	7389730	4.3195386	5.3174925	46
TTTTT	6719900	3.6832676	4.281435	46
CCTGG	2422060	3.05909	3.7550218	9
>>END_MODULE
