##FastQC	0.10.1
>>Basic Statistics	pass
#Measure	Value	
Filename	004-F5_S4_L002_R1_001.fastq.gz	
File type	Conventional base calls	
Encoding	Sanger / Illumina 1.9	
Total Sequences	15551325	
Filtered Sequences	0	
Sequence length	35-75	
%GC	46	
>>END_MODULE
>>Per base sequence quality	pass
#Base	Mean	Median	Lower Quartile	Upper Quartile	10th Percentile	90th Percentile
1	31.30938784958838	32.0	32.0	32.0	32.0	32.0
2	31.35339181709597	32.0	32.0	32.0	32.0	32.0
3	31.440414627049464	32.0	32.0	32.0	32.0	32.0
4	31.533550292338433	32.0	32.0	32.0	32.0	32.0
5	31.49263622231546	32.0	32.0	32.0	32.0	32.0
6	35.07066966962622	36.0	36.0	36.0	36.0	36.0
7	35.07000072341103	36.0	36.0	36.0	36.0	36.0
8	35.00706930116887	36.0	36.0	36.0	36.0	36.0
9	35.16108273732303	36.0	36.0	36.0	36.0	36.0
10	35.02352686989694	36.0	36.0	36.0	36.0	36.0
11	35.099721277768936	36.0	36.0	36.0	36.0	36.0
12	35.057028388256306	36.0	36.0	36.0	36.0	36.0
13	35.084495115367986	36.0	36.0	36.0	36.0	36.0
14	35.043307242308934	36.0	36.0	36.0	36.0	36.0
15	35.01048650195401	36.0	36.0	36.0	36.0	36.0
16	35.03502672601852	36.0	36.0	36.0	36.0	36.0
17	35.01742179524896	36.0	36.0	36.0	36.0	36.0
18	35.014558630856214	36.0	36.0	36.0	36.0	36.0
19	35.026753861809205	36.0	36.0	36.0	36.0	36.0
20	35.01726528125417	36.0	36.0	36.0	36.0	36.0
21	34.99817539663019	36.0	36.0	36.0	36.0	36.0
22	35.00140856164989	36.0	36.0	36.0	36.0	36.0
23	34.96824675710912	36.0	36.0	36.0	36.0	36.0
24	34.94889515845113	36.0	36.0	36.0	36.0	36.0
25	34.94294788386198	36.0	36.0	36.0	36.0	36.0
26	34.89293851167023	36.0	36.0	36.0	36.0	36.0
27	34.861432707502416	36.0	36.0	36.0	36.0	36.0
28	34.85269846781544	36.0	36.0	36.0	36.0	36.0
29	34.84281866657664	36.0	36.0	36.0	36.0	36.0
30	34.8222948205378	36.0	36.0	36.0	36.0	36.0
31	34.78485048701638	36.0	36.0	36.0	32.0	36.0
32	34.75180050574469	36.0	36.0	36.0	32.0	36.0
33	34.73759129849064	36.0	36.0	36.0	32.0	36.0
34	34.7343309332163	36.0	36.0	36.0	32.0	36.0
35	34.73412439133	36.0	36.0	36.0	32.0	36.0
36	34.764058657879595	36.0	36.0	36.0	32.0	36.0
37	34.75150055679162	36.0	36.0	36.0	32.0	36.0
38	34.746700191321246	36.0	36.0	36.0	32.0	36.0
39	34.74106431941327	36.0	36.0	36.0	32.0	36.0
40	34.741621940726944	36.0	36.0	36.0	32.0	36.0
41	34.736350289738034	36.0	36.0	36.0	32.0	36.0
42	34.72385235038636	36.0	36.0	36.0	32.0	36.0
43	34.70911027037435	36.0	36.0	36.0	32.0	36.0
44	34.69759666496062	36.0	36.0	36.0	32.0	36.0
45	34.683542150841554	36.0	36.0	36.0	32.0	36.0
46	34.66406417456587	36.0	36.0	36.0	32.0	36.0
47	34.66469271656605	36.0	36.0	36.0	32.0	36.0
48	34.640825644396465	36.0	36.0	36.0	32.0	36.0
49	34.62385947012236	36.0	36.0	36.0	32.0	36.0
50	34.600584003976095	36.0	36.0	36.0	32.0	36.0
51	34.59219290673896	36.0	36.0	36.0	32.0	36.0
52	34.5788083724203	36.0	36.0	36.0	32.0	36.0
53	34.55643749157128	36.0	36.0	36.0	32.0	36.0
54	34.535258334018984	36.0	36.0	36.0	32.0	36.0
55	34.50306822344864	36.0	36.0	36.0	32.0	36.0
56	34.48917083289158	36.0	36.0	36.0	32.0	36.0
57	34.46885376009814	36.0	36.0	36.0	32.0	36.0
58	34.43731532633855	36.0	36.0	36.0	32.0	36.0
59	34.41914219159083	36.0	36.0	36.0	32.0	36.0
60	34.393489941624914	36.0	36.0	36.0	32.0	36.0
61	34.37144756139471	36.0	36.0	36.0	32.0	36.0
62	34.34459015515266	36.0	36.0	36.0	32.0	36.0
63	34.31909579881155	36.0	36.0	36.0	32.0	36.0
64	34.2879079570241	36.0	36.0	36.0	32.0	36.0
65	34.25927468869653	36.0	36.0	36.0	32.0	36.0
66	34.22545182752918	36.0	36.0	36.0	32.0	36.0
67	34.1997228651872	36.0	36.0	36.0	32.0	36.0
68	34.15686296145809	36.0	36.0	36.0	32.0	36.0
69	34.14585846092576	36.0	36.0	36.0	32.0	36.0
70	34.11204728171817	36.0	36.0	36.0	32.0	36.0
71	34.076614068872196	36.0	36.0	36.0	32.0	36.0
72	34.04908014523981	36.0	36.0	36.0	32.0	36.0
73	34.01492366168133	36.0	36.0	36.0	32.0	36.0
74	33.97287551753078	36.0	36.0	36.0	32.0	36.0
75	33.230722375717754	36.0	36.0	36.0	21.0	36.0
>>END_MODULE
>>Per sequence quality scores	pass
#Quality	Count
2	27416.0
3	0.0
4	0.0
5	0.0
6	0.0
7	0.0
8	0.0
9	0.0
10	0.0
11	0.0
12	0.0
13	0.0
14	0.0
15	0.0
16	1.0
17	5.0
18	82.0
19	589.0
20	2553.0
21	6836.0
22	13466.0
23	22057.0
24	35485.0
25	57800.0
26	90388.0
27	135706.0
28	194185.0
29	266816.0
30	354271.0
31	469355.0
32	647097.0
33	1006896.0
34	2286288.0
35	9934033.0
>>END_MODULE
>>Per base sequence content	fail
#Base	G	A	T	C
1	42.30601942788263	18.36917022445984	12.335956940073698	26.988853407583825
2	15.90334625125669	19.867882503047397	36.299117702893	27.929653542802914
3	18.75710557179896	21.436688401097946	28.288673941595512	31.51753208550759
4	13.047351668964305	15.422842275099654	35.27608928910882	36.25371676682722
5	14.812673792406281	35.08718712535612	34.06818475939276	16.031954322844847
6	34.55306263390233	34.938577648194155	16.241875677060463	14.266484040843064
7	30.524895501513182	29.409686696823588	20.392447546555445	19.67297025510778
8	26.355103367013	35.009219328019725	19.69504070753318	18.9406365974341
9	24.732797647808937	15.788967843086429	19.718809225176468	39.75942528392816
10	14.297006658119335	27.61124838819582	34.60634809121222	23.485396862472623
11	34.656010661330505	22.555132562549577	23.453303792391615	19.335552983728306
12	22.482951703051786	24.08423097432478	30.640663732770207	22.792153589853232
13	27.79918317841501	20.50691922570019	26.034344024266424	25.659553571618375
14	20.460546645337715	20.634865931456403	27.062513571891134	31.84207385131475
15	22.78104059891701	29.455187350951473	23.08712373389474	24.676648316236776
16	22.812857718012722	28.43360657057734	25.544137209115064	23.20939850229487
17	21.791250660031043	28.10703837072806	27.32944337215457	22.772267597086323
18	22.206160189350047	27.699059788102698	27.887743761353907	22.20703626119335
19	22.754096185267937	27.076374840206018	27.424863412178453	22.744665562347592
20	22.73745409177304	27.06055421876427	27.627769712081484	22.57422197738121
21	22.522556181743976	26.659466587786163	27.326631239152217	23.491345991317647
22	22.503840206195527	26.834187220664695	27.531827363551415	23.13014520958836
23	22.412924476689472	26.843941174867748	27.438488592016352	23.304645756426424
24	22.63839336269966	26.533180897431585	27.728911197713046	23.099514542155703
25	22.740110110153314	26.56919078822222	27.36542709700244	23.325272004622033
26	22.218097401762492	27.06664455883145	27.562312273430116	23.15294576597594
27	22.36537582991473	26.983704593515384	27.438642288231474	23.21227728833841
28	22.337209010952076	26.92615629220707	27.430211037696754	23.306423659144098
29	22.297592831483776	26.973994004850077	27.486320754048503	23.242092409617644
30	22.3817088794159	26.9900728579615	27.50713995654701	23.121078306075585
31	22.882116868889142	26.848385931661927	27.199244726312166	23.070252473136758
32	22.169158554072947	27.178837495118014	27.57418894944566	23.07781500136338
33	22.313458549647514	26.980098891329497	27.67764871592587	23.028793843097123
34	22.374275768570094	26.744484464977354	27.839410429138727	23.04182933731383
35	22.28536639837299	27.026859021139586	27.628994733220868	23.05877984726656
36	22.416852683211445	27.269407754819248	27.570226979610617	22.74351258235869
37	22.543760608185085	26.938559637088378	27.23150021873611	23.286179535990428
38	22.39489425918064	27.415021388566856	27.267162573712223	22.92292177854028
39	22.644376054455837	27.06080313771911	27.450955031096264	22.84386577672879
40	22.729286738313654	26.815456103560837	27.47871980391951	22.976537354206002
41	22.75004346540656	26.953337964887737	27.470519559627505	22.826099010078202
42	22.499890566124495	27.1855698478434	27.473280274248435	22.84125931178367
43	22.54306705654363	26.973091867388664	27.43989301042698	23.043948065640723
44	22.406865733150713	27.295749234983766	27.408538544319327	22.888846487546193
45	22.5270884933767	27.22358082280595	27.23663905829229	23.012691625525065
46	22.59329020796644	27.091389242421982	27.249268703383684	23.066051846227893
47	22.65230677961968	27.1932771610577	27.308333549703338	22.846082509619286
48	22.390733073567706	27.241720488074805	27.298711920040887	23.068834518316606
49	22.742208569013204	26.966156936911162	27.292730140389725	22.998904353685905
50	22.501712542744254	27.376608960065884	27.227894830962775	22.893783666227087
51	22.615115205360755	27.211657406852936	27.24934732456835	22.923880063217954
52	22.580019719040813	27.277725655926087	27.182367431106734	22.959887193926363
53	22.520254855140447	27.044949699013344	27.420268660281543	23.014526785564662
54	22.650421196552657	27.412893971230538	27.280816237593502	22.655868594623303
55	22.624295729467576	27.002191736233684	27.267595154042368	23.105917380256376
56	22.732650576062614	27.309083761791786	27.035414873250264	22.92285078889533
57	22.56732152573711	27.177664797082024	27.158381552654287	23.09663212452658
58	22.59461754791429	27.129436249619825	27.132236124293385	23.1437100781725
59	22.525596784583804	27.213100908513027	27.184772264023778	23.07653004287939
60	22.549765056333662	27.203173080304477	27.399331727259234	22.84773013610263
61	22.799701858115355	27.129038580960135	27.162008812675282	22.909250748249228
62	22.70635456843247	27.257199533842346	27.21066849456441	22.825777403160778
63	22.715886065171194	27.412774491164537	27.083496155745706	22.787843287918562
64	22.751711957828427	27.104810556266678	27.0487995433816	23.09467794252329
65	22.64249385774661	27.319029462518134	27.174229282348133	22.86424739738712
66	22.67400951733797	27.596329868314502	26.89872209310747	22.83093852124006
67	22.768774335813795	27.154509266521398	27.020226876303198	23.056489521361605
68	22.755879534372248	27.470255059988524	27.202210839291773	22.57165456634746
69	22.97882305757663	27.26628622071895	27.15075012918755	22.60414059251687
70	23.114382856151153	27.115103531591387	27.03620393931676	22.734309672940693
71	22.85949769695109	27.521443308647637	26.952373541880853	22.66668545252042
72	22.773691924460376	27.660981997384006	27.188807538669145	22.376518539486476
73	23.589051326135262	28.253947019273674	27.13538171364475	21.021619940946316
74	24.70748848900684	30.60619652765975	27.387283695508646	17.299031287824764
75	30.170969571817587	41.084947434655206	28.744082993527215	0.0
>>END_MODULE
>>Per base GC content	fail
#Base	%GC
1	69.29487283546646
2	43.8329997940596
3	50.27463765730654
4	49.30106843579153
5	30.844628115251126
6	48.81954667474539
7	50.19786575662096
8	45.295739964447094
9	64.4922229317371
10	37.78240352059196
11	53.991563645058804
12	45.27510529290502
13	53.45873675003339
14	52.302620496652466
15	47.45768891515379
16	46.0222562203076
17	44.563518257117366
18	44.41319645054339
19	45.49876174761553
20	45.311676069154245
21	46.013902173061624
22	45.63398541578389
23	45.7175702331159
24	45.73790790485536
25	46.065382114775346
26	45.371043167738435
27	45.57765311825314
28	45.643632670096174
29	45.53968524110142
30	45.502787185491485
31	45.952369342025904
32	45.24697355543633
33	45.34225239274463
34	45.41610510588392
35	45.34414624563955
36	45.160365265570135
37	45.82994014417551
38	45.317816037720924
39	45.48824183118463
40	45.705824092519656
41	45.576142475484765
42	45.341149877908165
43	45.587015122184354
44	45.295712220696906
45	45.53978011890176
46	45.65934205419433
47	45.49838928923896
48	45.45956759188431
49	45.74111292269911
50	45.395496208971345
51	45.53899526857872
52	45.53990691296718
53	45.534781640705106
54	45.30628979117596
55	45.73021310972395
56	45.65550136495795
57	45.663953650263686
58	45.738327626086786
59	45.60212682746319
60	45.39749519243629
61	45.70895260636458
62	45.532131971593245
63	45.50372935308976
64	45.84638990035172
65	45.50674125513373
66	45.504948038578036
67	45.8252638571754
68	45.32753410071971
69	45.5829636500935
70	45.84869252909185
71	45.526183149471514
72	45.15021046394685
73	44.61067126708158
74	42.0065197768316
75	30.170969571817587
>>END_MODULE
>>Per sequence GC content	warn
#GC Content	Count
0	27420.0
1	13714.0
2	11.5
3	36.0
4	59.5
5	89.5
6	166.5
7	278.0
8	343.5
9	467.0
10	836.5
11	1464.5
12	1867.0
13	2589.5
14	4155.5
15	6561.0
16	8622.5
17	12300.5
18	19669.5
19	28820.5
20	35420.0
21	46052.5
22	65722.5
23	88031.5
24	103354.0
25	122986.5
26	155933.0
27	189664.0
28	213217.0
29	242256.5
30	288407.0
31	335662.0
32	369234.0
33	407651.5
34	470896.0
35	533773.5
36	572952.0
37	611366.0
38	651358.5
39	673438.5
40	688311.0
41	695425.0
42	696950.5
43	695470.0
44	696904.5
45	696100.5
46	684386.0
47	667880.0
48	660432.5
49	650583.0
50	628944.5
51	608516.5
52	596883.0
53	584617.0
54	565277.0
55	544287.5
56	530086.0
57	515157.5
58	487879.5
59	453239.5
60	422124.0
61	385810.5
62	340886.0
63	298902.5
64	265019.0
65	235833.5
66	197446.5
67	159011.0
68	132076.5
69	111764.5
70	89048.0
71	66981.0
72	51769.5
73	41732.5
74	31098.5
75	22100.5
76	16490.0
77	12789.0
78	9087.0
79	6034.0
80	4219.5
81	3074.5
82	2053.0
83	1310.0
84	928.0
85	722.0
86	542.5
87	407.5
88	324.5
89	263.0
90	196.0
91	153.0
92	137.0
93	112.0
94	72.0
95	50.0
96	43.0
97	28.0
98	14.0
99	54.5
100	96.0
>>END_MODULE
>>Per base N content	pass
#Base	N-Count
1	0.17784336704428721
2	0.17629365986499543
3	0.17629365986499543
4	0.17629365986499543
5	0.17629365986499543
6	0.17629365986499543
7	0.17629365986499543
8	0.17630009018524145
9	0.17629365986499543
10	0.17729678982337518
11	0.17721319566017688
12	0.17675021260246312
13	0.1799460817647371
14	0.17691097060861374
15	0.17643512691040794
16	0.17731608078411326
17	0.17640940562942384
18	0.17673092164172505
19	0.17638368434843976
20	0.1763129508257335
21	0.17632581146622556
22	0.1763129508257335
23	0.17629365986499543
24	0.1763386721067176
25	0.17629365986499543
26	0.17630009018524145
27	0.17645441787114602
28	0.17629365986499543
29	0.17646727851163807
30	0.17632581146622556
31	0.17629365986499543
32	0.17629365986499543
33	0.17629365986499543
34	0.1776504574369065
35	0.17629365986499543
36	0.0
37	0.0
38	0.0
39	0.0
40	0.0
41	0.0
42	0.0
43	3.057355998532469E-4
44	0.0
45	0.0
46	0.0
47	0.0
48	0.0
49	0.0
50	0.0
51	0.0
52	0.0
53	0.0
54	0.0
55	0.0
56	0.0
57	0.0
58	0.0
59	0.0
60	0.0
61	0.0
62	0.0
63	0.0
64	0.0
65	0.0
66	0.0
67	0.0
68	0.0
69	0.0
70	0.0
71	0.0
72	0.0
73	0.0
74	0.0
75	0.004080711778686122
>>END_MODULE
>>Sequence Length Distribution	warn
#Length	Count
35	37024.0
36	13888.0
37	18076.0
38	19385.0
39	21130.0
40	21513.0
41	22883.0
42	24666.0
43	27334.0
44	29421.0
45	32193.0
46	32160.0
47	33575.0
48	34345.0
49	35205.0
50	35732.0
51	37011.0
52	37908.0
53	39890.0
54	42263.0
55	43542.0
56	44351.0
57	45738.0
58	45529.0
59	46649.0
60	46972.0
61	47550.0
62	48948.0
63	50017.0
64	52329.0
65	54643.0
66	53780.0
67	56769.0
68	56696.0
69	64418.0
70	73689.0
71	130970.0
72	388563.0
73	1048312.0
74	3195146.0
75	9361112.0
>>END_MODULE
>>Sequence Duplication Levels	warn
#Total Duplicate Percentage	29.69850260064266
#Duplication Level	Relative count
1	100.0
2	20.423333753307293
3	7.774417986084862
4	3.707670124452284
5	2.0522727590889365
6	1.255722145226996
7	0.8266487477776377
8	0.5963630254924195
9	0.391275740904064
10++	2.963616255792141
>>END_MODULE
>>Overrepresented sequences	warn
#Sequence	Count	Percentage	Possible Source
NNNNNNNNNNNNNNNNNNNNNNNNNNNNNNNNNNN	27416	0.17629365986499543	No Hit
>>END_MODULE
>>Kmer Content	warn
#Sequence	Count	Obs/Exp Overall	Obs/Exp Max	Max Obs/Exp Position
AAAAA	4959780	3.3490944	7.4685903	71
TTTTT	4884525	3.1788037	5.604764	71
CCTGG	2450435	2.9862072	11.6581335	3
CCAGG	2385615	2.9287467	13.019647	3
CAGCA	2622260	2.7629213	7.405475	4
CCCAG	2239165	2.7302246	11.399158	2
TGCTG	2537785	2.6528172	6.847522	2
CTGGG	2151035	2.6393282	9.700303	4
CCAGC	2101935	2.5628996	6.7164984	3
GGAGG	2019390	2.5132751	5.619984	6
GCTGG	2019985	2.4785295	5.813083	3
TCCAG	2356030	2.4641597	9.945762	2
AGCAG	2309425	2.4499984	5.686816	7
CTGCT	2317305	2.4058387	6.8069735	9
AGGAG	2234160	2.386412	7.4364557	5
CAGGA	2219190	2.354271	10.400074	4
GCTGC	1921650	2.3418067	5.6439576	8
CTGGA	2219635	2.337431	8.960424	4
CTCCT	2260985	2.3313735	6.501519	1
CTCCA	2238845	2.325642	7.209861	1
AGAAG	2525325	2.315046	5.1119633	5
CAGCC	1891150	2.3058884	5.3877783	9
TCCTG	2178965	2.2622135	8.989782	2
GGCTG	1832770	2.2488158	8.114218	7
CAGAG	2102320	2.230287	7.8339314	4
GGCAG	1786820	2.208673	6.166059	7
CCTGC	1810925	2.1918359	6.1558337	3
GCAGG	1762830	2.1790192	6.3217	3
CTGCA	2073270	2.1684225	6.4871984	4
CTCTG	2088145	2.1679237	7.296983	2
TGCAG	2049995	2.1587882	6.616536	2
CTGCC	1781465	2.1561794	5.706962	9
CCCTG	1770300	2.1426659	8.668088	2
CACAG	2027795	2.1365683	7.7313604	7
TGGAG	2014855	2.1363392	6.386691	5
AGCTG	1985665	2.0910442	5.982909	7
CAGGG	1690515	2.0896313	9.15466	4
GCCTG	1684765	2.0531282	6.6508846	7
CTGTG	1959615	2.04844	9.081842	9
GGAGA	1905350	2.0351944	5.61103	6
GCCAG	1646350	2.0211737	5.1657615	2
CAGAA	2202440	2.0052907	5.578985	4
CTGGC	1628695	1.9847989	5.096738	4
CAGGC	1613685	1.9810721	5.885978	4
CTCAG	1874565	1.9605979	6.1537623	2
CTGAG	1829880	1.9269917	5.6942115	4
CCCCA	1591025	1.9267269	6.7796593	1
GGGAG	1543225	1.9206537	5.2416906	7
TTCTG	2152755	1.9171393	5.1321487	2
CCAGA	1813570	1.9108521	7.064128	3
CCTCT	1794460	1.8503246	5.3527303	1
GGCCA	1500320	1.8418971	5.7909684	1
AGAGG	1719900	1.8371063	5.163449	5
TCTGG	1756320	1.8359301	6.1018414	3
CAGTG	1742080	1.8345321	6.6103873	9
ACCTG	1722275	1.8013185	5.309113	7
CACTG	1721910	1.8009368	7.5801773	7
TGGGG	1451890	1.7936958	5.495687	5
GAGAG	1651015	1.7635272	5.6298466	7
TGGCC	1431840	1.7449028	5.2012067	5
ACAGA	1886775	1.717882	6.1471095	8
CCTGA	1635885	1.7109637	5.4904957	3
GCCCA	1369985	1.6704292	7.1208596	1
TCAGG	1584370	1.6684525	5.7812214	3
ACACA	1830410	1.6552074	6.85357	6
CACAC	1553200	1.6253653	7.107509	5
GTGTG	1535440	1.6160489	6.568029	9
AGGTG	1512630	1.6038328	5.050381	7
CCTGT	1534655	1.5932872	5.3623185	8
ACAGG	1484100	1.5744362	5.1294746	8
TGTGT	1754975	1.5736175	6.128107	10
TGGGC	1281220	1.5720619	5.98417	5
ACAGC	1489420	1.5693142	6.077953	8
GCTGT	1455735	1.5217203	5.529026	8
GACAG	1383720	1.4679463	7.326752	7
CTGTC	1407115	1.4608743	5.799314	9
AGACA	1550225	1.411458	5.705037	6
GGGCT	1148085	1.4087046	5.728216	6
GCCCT	1163300	1.4079891	5.482958	1
AGGGC	1095060	1.3535944	5.4697304	5
GTCCT	1279855	1.3287525	8.598172	1
GGACA	1248795	1.3248085	6.591813	6
AGGAC	1208195	1.2817372	9.259444	5
GCACA	1216435	1.2816861	5.0277057	6
GTGCT	1207430	1.2621602	5.6722283	1
AGCAC	1182980	1.2464366	6.02341	5
TGTGC	1186180	1.239947	6.1238146	10
ACTGC	1166395	1.2199265	5.3141727	8
GTCCA	1157285	1.2103984	6.8391023	1
TGGAC	1074770	1.131808	6.1945305	5
ACAGT	1213775	1.097	5.7191844	8
GTGCA	1039995	1.0951875	5.6029353	1
ACTGT	1186665	1.0646133	6.2439246	8
GACTG	1006940	1.0603783	6.1616497	7
TGCAC	1009620	1.0559564	5.308297	5
GGACC	832365	1.0218692	5.491252	6
AGACT	1094705	0.98938555	5.0806036	6
ACACT	1089335	0.97782415	5.0932703	6
GGACT	910485	0.95880437	5.4448156	6
CTACA	1058760	0.950379	5.124447	4
TGTAG	1048810	0.9473921	5.55891	2
TAGGA	890620	0.8104572	5.6862383	4
TCCTA	892245	0.79502124	5.2143846	2
GTGTA	747135	0.6748885	5.5863647	1
>>END_MODULE
