##FastQC	0.10.1
>>Basic Statistics	pass
#Measure	Value	
Filename	040-F0_S2_L002_R1_001_trimmed.fq.gz	
File type	Conventional base calls	
Encoding	Sanger / Illumina 1.9	
Total Sequences	13011870	
Filtered Sequences	0	
Sequence length	20-51	
%GC	43	
>>END_MODULE
>>Per base sequence quality	pass
#Base	Mean	Median	Lower Quartile	Upper Quartile	10th Percentile	90th Percentile
1	35.136202790221546	36.0	36.0	36.0	36.0	36.0
2	35.12195249414573	36.0	36.0	36.0	36.0	36.0
3	35.11226664576267	36.0	36.0	36.0	36.0	36.0
4	35.094179391586295	36.0	36.0	36.0	36.0	36.0
5	35.07842031929307	36.0	36.0	36.0	36.0	36.0
6	35.024568413302624	36.0	36.0	36.0	36.0	36.0
7	35.00270406943814	36.0	36.0	36.0	36.0	36.0
8	34.98675732235259	36.0	36.0	36.0	36.0	36.0
9	34.97206719710541	36.0	36.0	36.0	36.0	36.0
10	34.956021847743635	36.0	36.0	36.0	36.0	36.0
11	34.9374591046483	36.0	36.0	36.0	36.0	36.0
12	34.91892026280619	36.0	36.0	36.0	36.0	36.0
13	34.90490828758664	36.0	36.0	36.0	36.0	36.0
14	34.89440895121147	36.0	36.0	36.0	36.0	36.0
15	34.878126741198614	36.0	36.0	36.0	36.0	36.0
16	34.86298095508178	36.0	36.0	36.0	36.0	36.0
17	34.85113469470568	36.0	36.0	36.0	36.0	36.0
18	34.83037126869543	36.0	36.0	36.0	36.0	36.0
19	34.81194002091936	36.0	36.0	36.0	36.0	36.0
20	34.817923864901815	36.0	36.0	36.0	36.0	36.0
21	34.793108792282275	36.0	36.0	36.0	36.0	36.0
22	34.7837946455332	36.0	36.0	36.0	36.0	36.0
23	34.77412495124848	36.0	36.0	36.0	36.0	36.0
24	34.76583120800581	36.0	36.0	36.0	36.0	36.0
25	34.750590287506284	36.0	36.0	36.0	36.0	36.0
26	34.7222053107945	36.0	36.0	36.0	32.0	36.0
27	34.71216038063326	36.0	36.0	36.0	32.0	36.0
28	34.68542690280377	36.0	36.0	36.0	32.0	36.0
29	34.67644139586925	36.0	36.0	36.0	32.0	36.0
30	34.66879668304985	36.0	36.0	36.0	32.0	36.0
31	34.63633236889277	36.0	36.0	36.0	32.0	36.0
32	34.62346354215237	36.0	36.0	36.0	32.0	36.0
33	34.583473213561355	36.0	36.0	36.0	32.0	36.0
34	34.5802110471734	36.0	36.0	36.0	32.0	36.0
35	34.543738438799465	36.0	36.0	36.0	32.0	36.0
36	34.526873851186544	36.0	36.0	36.0	32.0	36.0
37	34.5254229910916	36.0	36.0	36.0	32.0	36.0
38	34.483118294773746	36.0	36.0	36.0	32.0	36.0
39	34.481173580376264	36.0	36.0	36.0	32.0	36.0
40	34.455175233568305	36.0	36.0	36.0	32.0	36.0
41	34.43881896075709	36.0	36.0	36.0	32.0	36.0
42	34.41231772963085	36.0	36.0	36.0	32.0	36.0
43	34.40194957969088	36.0	36.0	36.0	32.0	36.0
44	34.364241407513795	36.0	36.0	36.0	32.0	36.0
45	34.34897003920598	36.0	36.0	36.0	32.0	36.0
46	34.330530491068416	36.0	36.0	36.0	32.0	36.0
47	34.34114236136312	36.0	36.0	36.0	32.0	36.0
48	34.32010788579628	36.0	36.0	36.0	32.0	36.0
49	34.360894041129505	36.0	36.0	36.0	32.0	36.0
50	34.43239825194455	36.0	36.0	36.0	32.0	36.0
51	34.533772987523086	36.0	36.0	36.0	32.0	36.0
>>END_MODULE
>>Per sequence quality scores	pass
#Quality	Count
12	1.0
13	2.0
14	11.0
15	60.0
16	229.0
17	600.0
18	1405.0
19	2721.0
20	5340.0
21	9659.0
22	15813.0
23	25267.0
24	38623.0
25	57879.0
26	83849.0
27	117318.0
28	158716.0
29	211357.0
30	274052.0
31	357269.0
32	482787.0
33	712816.0
34	1369475.0
35	5865793.0
36	3220828.0
>>END_MODULE
>>Per base sequence content	pass
#Base	G	A	T	C
1	21.70905548960708	27.36388898666307	27.61497565064193	23.312079873087914
2	21.94389579967814	28.226687037825492	27.820803482361477	22.008613680134893
3	21.399381041936564	28.118255435595827	28.19456270187822	22.28780082058939
4	22.279222953084464	27.04187392846636	28.752223763737994	21.926679354711183
5	21.83253218663785	27.53895205308795	28.28764366036094	22.340872099913263
6	21.077953488915426	28.28923356857836	28.43333328465965	22.19947965784656
7	21.28483628858069	28.185383438194968	28.291420959660705	22.23835931356364
8	21.19186659775473	28.125616989227066	27.94916911797199	22.73334729504622
9	21.517375577351586	27.82232081810535	27.974736410410284	22.68556719413278
10	21.261433994989297	27.843386441497824	28.525393246579416	22.36978631693346
11	22.446397117272653	27.50190657282094	27.901351159318473	22.150345150587935
12	21.239445764237608	28.277370576478017	28.346861778985545	22.13632188029883
13	21.197379639747346	28.12698716211615	28.827728636330868	21.84790456180563
14	21.38405702034	27.812141346978642	28.942200263969394	21.861601368711963
15	21.19693039829614	28.225976457922858	28.638223723896004	21.938869419884995
16	21.188464171030606	28.265244936697087	28.944017960635943	21.60227293163636
17	21.39955845648068	27.857868332414252	27.924341959892168	22.8182312512129
18	21.350497186819645	28.866416817967465	27.919877389481762	21.86320860573113
19	21.923302254192617	27.912832690100643	28.35283935798622	21.811025697720524
20	22.312607729171287	27.539749316696945	28.409629231813966	21.738013722317813
21	22.235123751428816	27.530359231571307	28.500788008268024	21.73372900873185
22	21.510145502670987	28.426348062115558	28.527855102225598	21.53565133298786
23	21.361594322103237	28.21707257830302	28.62810498405437	21.793228115539375
24	21.116676899055996	28.496629956263682	28.43970150577606	21.946991638904258
25	21.312858192323578	28.559150897422033	28.100237596813386	22.027753313441004
26	21.443540828487478	27.85270252194255	28.373562576132645	22.330194073437323
27	22.117897695734186	27.961948180375757	28.19290732614832	21.72724679774174
28	21.142723756200247	28.37221613254964	28.246599626097474	22.238460485152643
29	22.070432862842495	27.735213416735988	28.15533746129693	22.039016259124583
30	21.328586182393998	28.85894636477051	27.90672716328592	21.905740289549566
31	21.42184320307331	28.372615206057773	28.356910799282353	21.84863079158657
32	21.471992067340455	28.653534965546584	27.98552565507963	21.88894731203333
33	21.299806546624353	27.74204980774447	28.840356625316655	22.117787020314527
34	21.487776351959702	28.658715041415107	28.404602458882835	21.448906147742356
35	21.397875447454126	27.543355248536006	28.702840439698953	22.355928864310915
36	21.70696992550485	28.164323558176573	27.87467951899474	22.25402699732384
37	21.44798085555694	28.124545118100425	27.96704300364286	22.460431022699776
38	21.682375526464654	28.277457810697104	27.691295569808243	22.34887109303
39	21.60635513378191	28.21322227707564	27.875192402017916	22.305230187124533
40	21.30484697731095	27.916895852625316	28.79362905395393	21.984628116109803
41	21.83771266638381	27.797144961237265	28.348431666957513	22.016710705421414
42	21.92119056624973	27.646622104130152	28.535253590408516	21.8969337392116
43	21.658839316207313	28.46832755629785	28.12250435617958	21.750328771315257
44	21.721859680524933	27.945323071680857	27.945193449442996	22.38762379835122
45	21.912219364905084	28.356647440480963	27.93201638098695	21.799116813627002
46	21.59629282537379	29.28607657324751	27.56606925563623	21.551561345742467
47	21.94952308951004	27.908010646340582	27.8094760716246	22.332990192524775
48	21.8959377512317	28.447020429320073	28.346506435367967	21.310535384080254
49	22.20177794146917	28.083595396379184	28.45747372282668	21.257152939324957
50	22.863218329700707	28.087883497452992	28.160640259506064	20.888257913340233
51	21.733293546328987	29.285337054229327	28.18483217702897	20.796537222412713
>>END_MODULE
>>Per base GC content	pass
#Base	%GC
1	45.021135362695
2	43.95250947981303
3	43.687181862525954
4	44.20590230779565
5	44.17340428655111
6	43.277433146761986
7	43.523195602144334
8	43.92521389280095
9	44.202942771484366
10	43.63122031192276
11	44.59674226786059
12	43.37576764453644
13	43.04528420155298
14	43.24565838905197
15	43.135799818181134
16	42.79073710266697
17	44.217789707693576
18	43.213705792550776
19	43.73432795191314
20	44.0506214514891
21	43.968852760160665
22	43.04579683565885
23	43.15482243764261
24	43.06366853796026
25	43.340611505764585
26	43.7737349019248
27	43.84514449347593
28	43.38118424135289
29	44.109449121967074
30	43.23432647194356
31	43.27047399465987
32	43.36093937937379
33	43.41759356693888
34	42.93668249970206
35	43.753804311765045
36	43.960996922828684
37	43.908411878256715
38	44.03124661949465
39	43.91158532090644
40	43.289475093420755
41	43.85442337180522
42	43.81812430546133
43	43.40916808752257
44	44.10948347887616
45	43.711336178532086
46	43.147854171116265
47	44.28251328203482
48	43.20647313531196
49	43.458930880794135
50	43.75147624304094
51	42.5298307687417
>>END_MODULE
>>Per sequence GC content	warn
#GC Content	Count
0	5641.0
1	5196.5
2	3870.0
3	3275.5
4	3625.0
5	4208.0
6	4844.0
7	5773.0
8	6700.5
9	8350.0
10	10101.0
11	13088.0
12	16101.0
13	21279.5
14	26820.0
15	35554.5
16	44696.5
17	58768.0
18	73141.5
19	92183.5
20	111688.0
21	134871.0
22	158718.0
23	188018.0
24	218205.5
25	249749.5
26	312134.0
27	355341.5
28	407367.5
29	461174.0
30	520344.0
31	580786.0
32	647183.0
33	714598.5
34	768042.0
35	816962.0
36	836056.5
37	849799.5
38	845196.0
39	840628.0
40	830728.0
41	817975.0
42	811544.0
43	803138.0
44	783203.5
45	762571.0
46	743632.5
47	723890.0
48	702720.5
49	681715.0
50	661829.5
51	640556.5
52	617757.5
53	594463.5
54	570943.5
55	546724.0
56	521800.5
57	495327.0
58	465180.0
59	432121.0
60	398185.0
61	363190.0
62	329033.5
63	297134.5
64	263254.5
65	230566.5
66	202977.0
67	176478.0
68	149942.5
69	122995.0
70	103057.5
71	85658.0
72	71371.0
73	58037.0
74	47509.5
75	35561.0
76	29632.0
77	24789.0
78	20131.0
79	16415.0
80	13059.5
81	10645.0
82	8452.0
83	6858.0
84	5381.0
85	4340.5
86	3378.5
87	2686.0
88	2077.0
89	1645.5
90	1256.0
91	1021.5
92	812.5
93	682.0
94	544.5
95	469.5
96	406.5
97	364.0
98	336.5
99	466.5
100	593.0
>>END_MODULE
>>Per base N content	pass
#Base	N-Count
1	2.151881320671049E-4
2	7.685290430968032E-5
3	2.3055871292904093E-5
4	0.0011220524029213325
5	7.992702048206753E-4
6	3.6120865025549747E-4
7	0.0033661572087639977
8	7.301025909419631E-4
9	0.005641003176330535
10	9.452907230090679E-4
11	0.002328643000583314
12	0.0011604788550761728
13	0.0017215050565368391
14	0.0039425539910866005
15	1.460205181883926E-4
16	0.0023363282910142816
17	0.005341276849522782
18	0.002013546092913624
19	0.0019136373173110398
20	5.687114918916344E-4
21	0.010711363009400529
22	0.010948585105332169
23	0.006504060022521177
24	0.0011512271269906282
25	0.0016481237272016323
26	0.002836366747490203
27	0.014639501878140974
28	0.0024803882157455664
29	0.00469707964720336
30	0.004355042413274169
31	0.006358003455531866
32	0.010022975261040122
33	0.013225563317502187
34	0.005785327512113177
35	0.001380677365049044
36	0.0029659555755219293
37	8.24528583710423E-4
38	0.002924883662354927
39	3.7454252021852245E-4
40	0.007512419067670432
41	0.008544362111669363
42	0.004777144211930846
43	1.613997359823119E-5
44	0.0020010032560454603
45	0.0015871220106149974
46	9.831084759434584E-5
47	8.285089258580619E-6
48	8.610539419603607E-4
49	0.0040023727445132095
50	0.0014175901675945975
51	1.3082090905356567E-5
>>END_MODULE
>>Sequence Length Distribution	warn
#Length	Count
20	16325.0
21	16699.0
22	17711.0
23	18424.0
24	18924.0
25	19955.0
26	20880.0
27	22062.0
28	23126.0
29	25030.0
30	25701.0
31	26351.0
32	27765.0
33	28364.0
34	29615.0
35	31458.0
36	30212.0
37	31571.0
38	33055.0
39	36028.0
40	36551.0
41	41856.0
42	42613.0
43	47786.0
44	57418.0
45	80209.0
46	136305.0
47	340065.0
48	711347.0
49	1424718.0
50	1949708.0
51	7644038.0
>>END_MODULE
>>Sequence Duplication Levels	warn
#Total Duplicate Percentage	26.41261754529795
#Duplication Level	Relative count
1	100.0
2	17.15761691291546
3	5.756783999575585
4	2.7010000265259024
5	1.4735138863099817
6	0.9032069816175495
7	0.593517069418287
8	0.43237221146449506
9	0.3375421098702883
10++	3.273959521472718
>>END_MODULE
>>Overrepresented sequences	pass
>>END_MODULE
>>Kmer Content	warn
#Sequence	Count	Obs/Exp Overall	Obs/Exp Max	Max Obs/Exp Position
AAAAA	4216580	4.0751514	4.9764667	47
TTTTT	4195275	3.946034	5.6590605	13
GAAAA	2440440	3.066696	7.338148	4
TTTTC	2519665	3.0415504	5.5945377	4
AGAAA	2409310	3.0275774	6.8923106	28
GGAAA	1434020	2.3430257	7.1886134	20
GAGAA	1423135	2.3252409	7.3968334	27
AAAAT	2332165	2.2417443	5.189033	22
CCACC	840405	2.1560209	5.3465233	8
TGGAA	1296370	2.1066587	5.218596	19
TGAAA	1598025	1.997237	5.7695518	10
CTGAA	1227585	1.9583613	6.690234	9
AAATG	1528425	1.91025	5.805819	23
CATTT	1540455	1.8696393	5.6888843	1
AAAAC	1466010	1.8084877	5.4944906	5
GTGGA	807735	1.7066847	5.2384367	47
TGAGA	1045930	1.6996827	6.7020717	26
CATGG	757675	1.571605	5.442682	17
AATGA	1163500	1.4541607	5.3025336	24
CTTGA	880645	1.3972867	5.4625964	47
ATGAG	855535	1.3902824	6.3539915	25
CACTT	887950	1.3830858	5.628831	37
AACTG	864625	1.3793327	5.967217	7
ACTGA	854790	1.3636429	5.9498262	8
AAATC	1056055	1.2957122	5.143603	13
>>END_MODULE
