##FastQC	0.10.1
>>Basic Statistics	pass
#Measure	Value	
Filename	019-F0_S5_L003_R2_001_trimmed.fq.gz	
File type	Conventional base calls	
Encoding	Sanger / Illumina 1.9	
Total Sequences	14010636	
Filtered Sequences	0	
Sequence length	20-50	
%GC	45	
>>END_MODULE
>>Per base sequence quality	pass
#Base	Mean	Median	Lower Quartile	Upper Quartile	10th Percentile	90th Percentile
1	35.13060477768461	36.0	36.0	36.0	36.0	36.0
2	35.117500518891504	36.0	36.0	36.0	36.0	36.0
3	35.10760646411769	36.0	36.0	36.0	36.0	36.0
4	35.10077815168419	36.0	36.0	36.0	36.0	36.0
5	35.07796655340985	36.0	36.0	36.0	36.0	36.0
6	35.07009039418339	36.0	36.0	36.0	36.0	36.0
7	35.050556805558294	36.0	36.0	36.0	36.0	36.0
8	35.04362806941812	36.0	36.0	36.0	36.0	36.0
9	35.0254054134302	36.0	36.0	36.0	36.0	36.0
10	35.00353103171048	36.0	36.0	36.0	36.0	36.0
11	34.994852553445824	36.0	36.0	36.0	36.0	36.0
12	34.9794714529733	36.0	36.0	36.0	36.0	36.0
13	34.97971969295327	36.0	36.0	36.0	36.0	36.0
14	34.96636633768802	36.0	36.0	36.0	36.0	36.0
15	34.95849917162933	36.0	36.0	36.0	36.0	36.0
16	34.9363202355696	36.0	36.0	36.0	36.0	36.0
17	34.92434497620236	36.0	36.0	36.0	36.0	36.0
18	34.909059517355246	36.0	36.0	36.0	36.0	36.0
19	34.87534341767212	36.0	36.0	36.0	36.0	36.0
20	34.88909639790799	36.0	36.0	36.0	36.0	36.0
21	34.88098725512107	36.0	36.0	36.0	36.0	36.0
22	34.87054904977299	36.0	36.0	36.0	36.0	36.0
23	34.86155992021695	36.0	36.0	36.0	36.0	36.0
24	34.84314100036547	36.0	36.0	36.0	36.0	36.0
25	34.838931276006115	36.0	36.0	36.0	36.0	36.0
26	34.806457818990694	36.0	36.0	36.0	36.0	36.0
27	34.812277601464416	36.0	36.0	36.0	36.0	36.0
28	34.79562053741854	36.0	36.0	36.0	36.0	36.0
29	34.781125967297136	36.0	36.0	36.0	36.0	36.0
30	34.76937300889916	36.0	36.0	36.0	36.0	36.0
31	34.75256998397808	36.0	36.0	36.0	36.0	36.0
32	34.7468389863013	36.0	36.0	36.0	36.0	36.0
33	34.7112564415233	36.0	36.0	36.0	36.0	36.0
34	34.71137607474819	36.0	36.0	36.0	36.0	36.0
35	34.666085784063384	36.0	36.0	36.0	36.0	36.0
36	34.6486206962908	36.0	36.0	36.0	36.0	36.0
37	34.65375330997577	36.0	36.0	36.0	36.0	36.0
38	34.63141671933947	36.0	36.0	36.0	32.0	36.0
39	34.62687656233671	36.0	36.0	36.0	32.0	36.0
40	34.614510538620245	36.0	36.0	36.0	32.0	36.0
41	34.586213241580104	36.0	36.0	36.0	32.0	36.0
42	34.56040618988974	36.0	36.0	36.0	32.0	36.0
43	34.55480756343921	36.0	36.0	36.0	32.0	36.0
44	34.521013860766324	36.0	36.0	36.0	32.0	36.0
45	34.531537960192175	36.0	36.0	36.0	32.0	36.0
46	34.52477855317344	36.0	36.0	36.0	32.0	36.0
47	34.52376222788043	36.0	36.0	36.0	32.0	36.0
48	34.540776848425445	36.0	36.0	36.0	32.0	36.0
49	34.62251989470874	36.0	36.0	36.0	32.0	36.0
50	34.744466486887035	36.0	36.0	36.0	32.0	36.0
>>END_MODULE
>>Per sequence quality scores	pass
#Quality	Count
4	1.0
5	2.0
6	4.0
7	5.0
8	22.0
9	51.0
10	41.0
11	31.0
12	46.0
13	59.0
14	960.0
15	1844.0
16	3213.0
17	5165.0
18	8211.0
19	12111.0
20	17760.0
21	24395.0
22	32625.0
23	43257.0
24	56447.0
25	73758.0
26	94922.0
27	120911.0
28	151944.0
29	187690.0
30	234088.0
31	297756.0
32	395831.0
33	573104.0
34	1095256.0
35	5647565.0
36	4931561.0
>>END_MODULE
>>Per base sequence content	pass
#Base	G	A	T	C
1	22.323175663103083	26.61292089684836	27.217095086131295	23.846808353917258
2	22.587351392711533	27.209601943743362	27.446988168518665	22.756058495026437
3	22.090642846996833	27.202518824443906	27.797470468696357	22.909367859862908
4	22.82350427024045	26.271031165299952	28.260866927369044	22.644597637090552
5	22.614664718868134	26.67755481002719	27.73772127128614	22.970059199818536
6	21.915578668225955	27.272162733807363	27.950986393547844	22.861272204418842
7	22.070274134678197	27.25888590817105	27.740847140566544	22.92999281658421
8	22.06833321139684	27.084405630967822	27.405939675339624	23.441321482295713
9	22.296872832976046	26.97817634898769	27.479650005578275	23.245300812457987
10	22.001609017808903	27.023040818102256	27.911041344020244	23.064308820068597
11	23.147308699569724	26.68313035438948	27.297017427634568	22.87254351840623
12	21.929059973590554	27.483273174842886	27.80682061444105	22.780846237125505
13	22.006749340701234	27.304601347569772	28.166174052875665	22.522475258853326
14	22.177895878789705	26.952378865470365	28.250573206190992	22.61915204954894
15	21.970278986140094	27.391445648964147	28.057055940915728	22.581219423980027
16	22.025609977546978	27.402172038565293	28.244652846143126	22.3275651377446
17	22.233172952872213	26.905224305073716	27.393282064594672	23.4683206774594
18	22.224995138671364	27.83633898123113	27.333544823734364	22.605121056363146
19	22.721309013286064	27.10900677594717	27.617702493917466	22.551981716849298
20	22.966958486908062	26.670775872560842	27.747354505380216	22.614911135150876
21	22.858630795643467	26.86517368262268	27.791170403890575	22.48502511784328
22	22.21696567012836	27.693323991248736	27.83067237970337	22.259037958919535
23	22.21860614654718	27.36971867830492	27.86033117794055	22.551343997207347
24	21.938974293623794	27.714972128471715	27.757246808907045	22.58880676899745
25	22.133703957291598	27.657303050071935	27.556808043047337	22.65218494958913
26	22.33227516088286	27.072078627255642	27.592222921407256	23.003423290454243
27	22.84788393665033	27.15964377060444	27.526560998441106	22.46591129430412
28	22.03831456192172	27.514087572103534	27.522351050442406	22.92524681553234
29	22.86509072070939	26.92680139796735	27.34857748778064	22.859530393542627
30	22.152629454469736	27.9552409829695	27.278220094748352	22.613909467812416
31	22.268199745584866	27.5428291316486	27.607606603897022	22.58136451886951
32	22.30943953110674	27.787327188806298	27.258543371987763	22.644689908099195
33	22.11733577831352	27.120576230324577	28.064510592845643	22.69757739851626
34	22.320245736887887	27.881625385311832	27.66979404424086	22.128334833559425
35	22.28427840375515	26.877389948548814	27.808137747198508	23.03019390049753
36	22.509904169626324	27.441547306473453	27.2011499732652	22.847398550635024
37	22.2744825015044	27.44051365077866	27.261239520709545	23.023764327007395
38	22.48067045870516	27.482441201883024	26.984053610710323	23.052834728701495
39	22.478193865499154	27.450827744868445	27.12115422631125	22.94982416332115
40	22.18673870838057	27.23566625972155	27.93802128690886	22.63957374498902
41	22.684226565719378	27.084917250410506	27.429748844016572	22.801107339853537
42	22.62505202572679	27.165252272331518	27.698485805376816	22.511209896564875
43	22.50470332034188	27.722973072145297	27.354008944038554	22.418314663474273
44	22.55935745673725	27.23658573775057	27.151084484784622	23.052972320727562
45	22.603404139743283	27.687477258120364	27.180356408892347	22.528762193244006
46	22.4130453645258	28.390931589417207	26.898815877069822	22.29720716898718
47	22.7865507577314	27.323286184556174	26.975190824729818	22.914972232982606
48	22.647712933786906	27.903031184549793	27.501746035527592	21.947509846135713
49	23.037086668750856	27.770851340118856	27.65093180511588	21.541130186014406
50	23.495811549260264	27.325917800494025	27.42512832639474	21.753142323850966
>>END_MODULE
>>Per base GC content	pass
#Base	%GC
1	46.16998401702034
2	45.34340988773798
3	45.00001070685975
4	45.468101907331004
5	45.58472391868667
6	44.77685087264479
7	45.00026695126241
8	45.50965469369255
9	45.54217364543403
10	45.0659178378775
11	46.01985221797595
12	44.70990621071606
13	44.52922459955456
14	44.79704792833864
15	44.551498410120125
16	44.353175115291585
17	45.70149363033161
18	44.830116195034506
19	45.273290730135365
20	45.58186962205894
21	45.34365591348675
22	44.476003629047895
23	44.76995014375453
24	44.527781062621244
25	44.785888906880736
26	45.3356984513371
27	45.313795230954454
28	44.963561377454056
29	45.72462111425201
30	44.76653892228215
31	44.84956426445437
32	44.954129439205936
33	44.814913176829776
34	44.44858057044731
35	45.31447230425268
36	45.35730272026135
37	45.29824682851179
38	45.533505187406654
39	45.428018028820304
40	44.82631245336959
41	45.485333905572915
42	45.136261922291666
43	44.92301798381615
44	45.61232977746481
45	45.13216633298729
46	44.71025253351297
47	45.701522990714004
48	44.595222779922615
49	44.57821685476526
50	45.24895387311123
>>END_MODULE
>>Per sequence GC content	warn
#GC Content	Count
0	4013.0
1	3304.5
2	2479.5
3	2587.5
4	2852.5
5	3234.5
6	3683.5
7	4247.0
8	4802.5
9	5877.5
10	7094.0
11	9422.0
12	11870.0
13	15579.0
14	20019.0
15	27500.0
16	35524.0
17	47763.0
18	61049.0
19	79398.5
20	98176.0
21	120592.5
22	144351.0
23	174363.5
24	206088.5
25	236884.0
26	272671.0
27	317090.5
28	365713.0
29	422417.5
30	480702.0
31	542924.0
32	607558.5
33	675423.5
34	741840.5
35	792865.0
36	835959.5
37	852696.0
38	863975.0
39	872468.0
40	880119.0
41	883555.5
42	886594.0
43	884509.5
44	877271.5
45	861896.5
46	848368.0
47	833329.5
48	816539.5
49	797963.5
50	778640.5
51	759903.0
52	738560.0
53	713484.0
54	688377.0
55	661876.5
56	633626.5
57	602347.0
58	570079.0
59	530972.5
60	490475.5
61	448454.0
62	406257.0
63	369835.5
64	327837.0
65	290429.5
66	255316.5
67	222335.5
68	188191.5
69	156883.5
70	130335.0
71	108720.5
72	89743.0
73	74123.5
74	59880.5
75	49448.0
76	41741.5
77	34436.0
78	27688.0
79	22607.5
80	18036.0
81	14573.0
82	11742.5
83	9621.5
84	7623.5
85	6191.5
86	4916.0
87	3796.5
88	2943.5
89	2360.5
90	1859.5
91	1557.5
92	1310.0
93	1160.5
94	1031.5
95	963.0
96	899.0
97	927.0
98	1415.5
99	4297.0
100	6728.0
>>END_MODULE
>>Per base N content	pass
#Base	N-Count
1	7.637055162949063E-4
2	0.003968413710840822
3	0.006609264561580217
4	0.0038185275814745312
5	0.0020627186374694195
6	0.005795597002163214
7	0.00419681162225612
8	0.004360972621085866
9	0.006616401996311945
10	0.0060454072177736976
11	0.00870053293797655
12	0.008943205718855304
13	0.004817768443916465
14	0.0029049359358133352
15	0.00775839155338844
16	0.006709188647824409
17	0.002919210805276791
18	0.015131361631263562
19	0.011933790871449376
20	0.010285043448420187
21	0.010445919289483145
22	0.01596503257310118
23	0.0109210427941599
24	0.012662872250620471
25	0.013706228917429052
26	0.007793324485561501
27	0.009726392475991073
28	0.014008454819849326
29	0.011321566124949944
30	0.006082236758840397
31	0.006882268581183385
32	0.011473944674685365
33	0.010194458199449266
34	0.007715477663473596
35	0.013550439210181694
36	0.01000945556976082
37	0.014935446536490477
38	0.013909734712775368
39	0.009183555411636487
40	0.010069862253291142
41	0.007024196543680806
42	0.01176079347935279
43	0.00853755484876124
44	0.008947352907687707
45	0.010370464315134387
46	0.009727146309686746
47	0.007833119889310725
48	0.009963217172975575
49	0.006508256098337054
50	0.007461161922500001
>>END_MODULE
>>Sequence Length Distribution	warn
#Length	Count
20	14740.0
21	15342.0
22	16686.0
23	17585.0
24	18309.0
25	18634.0
26	19298.0
27	19847.0
28	20521.0
29	22524.0
30	23562.0
31	24543.0
32	26475.0
33	26913.0
34	28684.0
35	29896.0
36	28382.0
37	29521.0
38	30555.0
39	33250.0
40	34927.0
41	41963.0
42	45432.0
43	55965.0
44	88988.0
45	149886.0
46	374669.0
47	789532.0
48	1577200.0
49	2144123.0
50	8242684.0
>>END_MODULE
>>Sequence Duplication Levels	warn
#Total Duplicate Percentage	33.067400945465174
#Duplication Level	Relative count
1	100.0
2	22.783768630906007
3	8.758619183189044
4	3.997407873946949
5	2.297963433547645
6	1.3615943031476856
7	0.9167097474133349
8	0.6509440144460059
9	0.4929408252572103
10++	4.365111148326404
>>END_MODULE
>>Overrepresented sequences	pass
>>END_MODULE
>>Kmer Content	warn
#Sequence	Count	Obs/Exp Overall	Obs/Exp Max	Max Obs/Exp Position
AAAAA	3861475	4.0841455	5.0608053	46
TTTTT	3344165	3.3574345	5.1463785	13
GAAAA	2307285	2.9754484	6.653394	4
AGAAA	2305960	2.9737399	6.443592	28
TTTTC	2412260	2.9401693	5.2352266	4
GAGAA	1450330	2.2804537	6.563778	27
GGAAA	1426435	2.242882	6.2608266	20
AAAAT	2125805	2.2250807	5.098492	22
TGAAA	1536690	1.9611547	5.255805	10
CTGAA	1272125	1.9505544	5.8146987	9
AAATG	1445375	1.8446167	5.3961415	23
CATTT	1469540	1.8099027	5.3683596	1
TGAGA	1052855	1.638315	5.822775	26
ATGAG	879350	1.3683293	5.531178	25
AACTG	877930	1.3461338	5.1314893	7
ACTGA	850510	1.3040906	5.1009026	8
>>END_MODULE
