##FastQC	0.10.1
>>Basic Statistics	pass
#Measure	Value	
Filename	004-F0_S5_L001_R1_001.fastq.gz	
File type	Conventional base calls	
Encoding	Sanger / Illumina 1.9	
Total Sequences	15736083	
Filtered Sequences	0	
Sequence length	35-75	
%GC	45	
>>END_MODULE
>>Per base sequence quality	pass
#Base	Mean	Median	Lower Quartile	Upper Quartile	10th Percentile	90th Percentile
1	31.315601220456195	32.0	32.0	32.0	32.0	32.0
2	31.376464841981324	32.0	32.0	32.0	32.0	32.0
3	31.466973769774853	32.0	32.0	32.0	32.0	32.0
4	31.552633142567945	32.0	32.0	32.0	32.0	32.0
5	31.512015791985846	32.0	32.0	32.0	32.0	32.0
6	35.09336122591626	36.0	36.0	36.0	36.0	36.0
7	35.11098511618171	36.0	36.0	36.0	36.0	36.0
8	35.05197195515555	36.0	36.0	36.0	36.0	36.0
9	35.18458278340296	36.0	36.0	36.0	36.0	36.0
10	35.07076792871517	36.0	36.0	36.0	36.0	36.0
11	35.162387298033444	36.0	36.0	36.0	36.0	36.0
12	35.097470698394254	36.0	36.0	36.0	36.0	36.0
13	35.12904151560461	36.0	36.0	36.0	36.0	36.0
14	35.10891458821106	36.0	36.0	36.0	36.0	36.0
15	35.06593502334729	36.0	36.0	36.0	36.0	36.0
16	35.07639912677126	36.0	36.0	36.0	36.0	36.0
17	35.073195597659215	36.0	36.0	36.0	36.0	36.0
18	35.070098702453464	36.0	36.0	36.0	36.0	36.0
19	35.06227521804505	36.0	36.0	36.0	36.0	36.0
20	35.0593589268689	36.0	36.0	36.0	36.0	36.0
21	35.046590183846895	36.0	36.0	36.0	36.0	36.0
22	35.03129190409074	36.0	36.0	36.0	36.0	36.0
23	35.0055253902766	36.0	36.0	36.0	36.0	36.0
24	34.99570147157968	36.0	36.0	36.0	36.0	36.0
25	34.97417521247187	36.0	36.0	36.0	36.0	36.0
26	34.92563200130554	36.0	36.0	36.0	36.0	36.0
27	34.907884128470855	36.0	36.0	36.0	36.0	36.0
28	34.888273149042234	36.0	36.0	36.0	36.0	36.0
29	34.87745349335028	36.0	36.0	36.0	36.0	36.0
30	34.852092480701835	36.0	36.0	36.0	36.0	36.0
31	34.83572201544692	36.0	36.0	36.0	36.0	36.0
32	34.81339396849902	36.0	36.0	36.0	36.0	36.0
33	34.796763972330346	36.0	36.0	36.0	36.0	36.0
34	34.802197980272474	36.0	36.0	36.0	36.0	36.0
35	34.78793604482132	36.0	36.0	36.0	36.0	36.0
36	34.824852028189326	36.0	36.0	36.0	36.0	36.0
37	34.805272223006334	36.0	36.0	36.0	36.0	36.0
38	34.791204956605704	36.0	36.0	36.0	36.0	36.0
39	34.77786554648693	36.0	36.0	36.0	32.0	36.0
40	34.77224487916057	36.0	36.0	36.0	32.0	36.0
41	34.75683004198181	36.0	36.0	36.0	32.0	36.0
42	34.74142000267313	36.0	36.0	36.0	32.0	36.0
43	34.72462124413655	36.0	36.0	36.0	32.0	36.0
44	34.714209137080395	36.0	36.0	36.0	32.0	36.0
45	34.702752915350736	36.0	36.0	36.0	32.0	36.0
46	34.68581565956204	36.0	36.0	36.0	32.0	36.0
47	34.68097354324614	36.0	36.0	36.0	32.0	36.0
48	34.65919747185185	36.0	36.0	36.0	32.0	36.0
49	34.63539053582536	36.0	36.0	36.0	32.0	36.0
50	34.618210094676755	36.0	36.0	36.0	32.0	36.0
51	34.60024232348915	36.0	36.0	36.0	32.0	36.0
52	34.58647262058317	36.0	36.0	36.0	32.0	36.0
53	34.5532217713324	36.0	36.0	36.0	32.0	36.0
54	34.53457979854565	36.0	36.0	36.0	32.0	36.0
55	34.50276086115027	36.0	36.0	36.0	32.0	36.0
56	34.48815367861328	36.0	36.0	36.0	32.0	36.0
57	34.470721970687286	36.0	36.0	36.0	32.0	36.0
58	34.4360177557864	36.0	36.0	36.0	32.0	36.0
59	34.42097814915178	36.0	36.0	36.0	32.0	36.0
60	34.39920769008952	36.0	36.0	36.0	32.0	36.0
61	34.36562694329403	36.0	36.0	36.0	32.0	36.0
62	34.33602783979249	36.0	36.0	36.0	32.0	36.0
63	34.30917330924759	36.0	36.0	36.0	32.0	36.0
64	34.282718510463305	36.0	36.0	36.0	32.0	36.0
65	34.24737300711847	36.0	36.0	36.0	32.0	36.0
66	34.20993151939809	36.0	36.0	36.0	32.0	36.0
67	34.18763549553909	36.0	36.0	36.0	32.0	36.0
68	34.15113475578929	36.0	36.0	36.0	32.0	36.0
69	34.127165333632554	36.0	36.0	36.0	32.0	36.0
70	34.101815378514864	36.0	36.0	36.0	32.0	36.0
71	34.049329541516904	36.0	36.0	36.0	32.0	36.0
72	34.03415171100973	36.0	36.0	36.0	32.0	36.0
73	34.004896942335826	36.0	36.0	36.0	32.0	36.0
74	33.95364993786558	36.0	36.0	36.0	32.0	36.0
75	33.18988576978648	36.0	36.0	36.0	21.0	36.0
>>END_MODULE
>>Per sequence quality scores	pass
#Quality	Count
2	27764.0
3	0.0
4	0.0
5	0.0
6	0.0
7	0.0
8	0.0
9	0.0
10	0.0
11	0.0
12	0.0
13	0.0
14	0.0
15	0.0
16	1.0
17	9.0
18	95.0
19	584.0
20	2662.0
21	7333.0
22	14024.0
23	22994.0
24	36910.0
25	59257.0
26	92452.0
27	136648.0
28	194223.0
29	264839.0
30	351723.0
31	463013.0
32	635562.0
33	986389.0
34	2239012.0
35	1.0200589E7
>>END_MODULE
>>Per base sequence content	fail
#Base	G	A	T	C
1	42.57796380619957	18.530131855156043	12.01511790748074	26.876786431163644
2	15.786177739550286	20.031608769351795	36.72861714689796	27.453596344199966
3	18.845702909026578	21.69323338540555	28.313027630656457	31.148036074911417
4	12.908446791792297	15.566191391962436	35.703540270604385	35.82182154564088
5	14.619922093509816	35.29988791289507	34.32248861256255	15.75770138103256
6	34.24977844577074	35.33742045361139	16.406753636344938	14.006047464272928
7	30.357819477993566	29.51343212434283	20.55007565421415	19.578672743449456
8	26.127862567598736	35.31099031029355	19.81303028032471	18.74811684178301
9	24.645349626707443	15.787100720903371	19.951866774749863	39.61568287763932
10	14.157193660072325	27.691227030163258	34.83102391993847	23.32055538982595
11	34.404886080889106	22.82753156851205	23.638268825483603	19.129313525115233
12	22.3209858435202	24.350019954529518	30.95034425621807	22.37864994573221
13	27.758643497742145	20.74394895635309	26.104554272707865	25.392853273196902
14	20.222485962292243	20.973614654282752	27.28635128585804	31.517548097566962
15	22.562540301118304	29.83561377158881	23.197955528127753	24.403890399165128
16	22.507243154104515	28.779094287910944	25.852516898570887	22.861145659413655
17	21.554423691961418	28.411638649689902	27.553609850235045	22.48032780811364
18	21.945705851181536	28.01240523109823	28.187956719708136	21.853932198012096
19	22.56957541276706	27.330206963636776	27.6030879187233	22.497129704872865
20	22.50627297158534	27.39303163016412	27.896492706228216	22.20420269202232
21	22.309433669185292	26.924933363296244	27.528391023604705	23.237241943913762
22	22.23782824884063	27.189777594916425	27.766542046924307	22.805852109318636
23	22.12689318113253	27.200210233034383	27.663685458175152	23.009211127657935
24	22.401168450933547	26.846965611024327	28.0395120572736	22.712353880768525
25	22.50383174788054	26.90183035192494	27.58767438940948	23.006663510785046
26	21.925248653277286	27.4331072599175	27.81073519069736	22.83090889610785
27	22.07024966008455	27.343665948193816	27.680054605464445	22.906029786257193
28	22.005779230737545	27.27771189266019	27.66013346176634	23.056375414835923
29	22.0540783827159	27.305483530691717	27.688039006105686	22.9523990804867
30	22.075299741383613	27.323358590617087	27.78937610197166	22.811965566027645
31	22.691791527788556	27.104504307558308	27.4548600649121	22.748844099741035
32	21.90223536967896	27.500332785449544	27.85441268413253	22.74301916073897
33	22.041862022282587	27.279417995012707	27.95536556139457	22.723354421310134
34	22.06477344902405	27.1250220981634	28.11866120111261	22.691543251699944
35	22.019855976941642	27.39148774553711	27.894889828433573	22.693766449087676
36	22.110767669893523	27.613397918910138	27.883244792084017	22.392589619112325
37	22.250730786967708	27.248208237980727	27.481159931390746	23.019901043660816
38	22.084801087331858	27.81109178816965	27.53539792201835	22.568709202480143
39	22.413301602006104	27.341353479531698	27.728984650769057	22.51636026769314
40	22.51669951931611	27.146719410014818	27.72679602390722	22.60978504676185
41	22.498386140283557	27.243373888143687	27.75553056386744	22.502709407705318
42	22.188888595294724	27.5789632198056	27.754506164494085	22.477642020405593
43	22.236218342386106	27.320305959054576	27.7308340785609	22.712641619998422
44	22.087194667462267	27.640452661801323	27.696005826520896	22.576346844215507
45	22.21430310265821	27.60771967888969	27.511369316936307	22.666607901515793
46	22.275972082435793	27.42131780265992	27.525766267961437	22.776943846942846
47	22.381649824420162	27.522010214519394	27.59764122315532	22.49869873790512
48	22.057584603221084	27.60564455420478	27.590280382843268	22.746490459730868
49	22.47796016792995	27.26795033782073	27.568099802229113	22.68598969202021
50	22.158996386472378	27.77742319781808	27.501846255560807	22.56173416014874
51	22.28687006975683	27.577162787665426	27.560166894843206	22.57580024773453
52	22.247033419853484	27.6852524597614	27.445363697901136	22.622350422483976
53	22.164352317913924	27.33411105770449	27.772807055278736	22.728729569102853
54	22.314537017519037	27.77311460416722	27.59339465359234	22.318953724721403
55	22.3038990593323	27.288191879685474	27.599690856179443	22.80821820480278
56	22.39215783522653	27.658203771131955	27.32454164079116	22.62509675285035
57	22.274973621177963	27.541950047103974	27.40627525346119	22.776801078256874
58	22.298789975497716	27.498893959543945	27.37858036052709	22.82373570443125
59	22.24435321264579	27.552389498813284	27.45429577836031	22.748961510180614
60	22.23810385284374	27.500190308491735	27.714042393666215	22.54766344499831
61	22.512983034004918	27.446485822522188	27.466786487604594	22.5737446558683
62	22.431481391362215	27.536953777262624	27.540613662149187	22.490951169225973
63	22.40554825358651	27.728764356256736	27.389077144645675	22.47661024551108
64	22.426276575596887	27.41748908955415	27.35879797358219	22.797436361266776
65	22.35182526470469	27.680149578009853	27.431344382008298	22.536680775277155
66	22.339394260169286	27.99399742960246	27.180182967791318	22.486425342436938
67	22.453235275737292	27.445073718150763	27.319045762858863	22.782645243253082
68	22.43339960999078	27.780352685994348	27.527667094674474	22.2585806093404
69	22.72295631489075	27.530122414377384	27.48290920038034	22.264012070351527
70	22.873730748709526	27.38039306419165	27.329191862670122	22.416684324428708
71	22.545072182693023	27.852863898089424	27.24392310579024	22.358140813427312
72	22.4870203915512	27.946047006870593	27.51333876319519	22.053593838383016
73	23.297998567447532	28.570581149483655	27.40174986900269	20.729670414066124
74	24.328438641267276	30.920512457366446	27.800179228844396	16.95086967252188
75	29.577323083073164	41.32426434784983	29.098412569077013	0.0
>>END_MODULE
>>Per base GC content	fail
#Base	%GC
1	69.45475023736321
2	43.239774083750255
3	49.993738983937995
4	48.73026833743318
5	30.377623474542375
6	48.25582591004366
7	49.93649222144302
8	44.87597940938174
9	64.26103250434677
10	37.47774904989828
11	53.53419960600434
12	44.69963578925241
13	53.151496770939055
14	51.740034059859205
15	46.96643070028343
16	45.368388813518166
17	44.03475150007506
18	43.79963804919363
19	45.06670511763993
20	44.71047566360766
21	45.546675613099055
22	45.043680358159264
23	45.136104308790465
24	45.11352233170208
25	45.510495258665586
26	44.75615754938514
27	44.976279446341735
28	45.06215464557347
29	45.0064774632026
30	44.88726530741126
31	45.44063562752959
32	44.64525453041793
33	44.76521644359273
34	44.75631670072399
35	44.71362242602932
36	44.50335728900585
37	45.270631830628524
38	44.653510289812
39	44.929661869699245
40	45.12648456607796
41	45.00109554798888
42	44.66653061570032
43	44.948859962384525
44	44.66354151167777
45	44.880911004174
46	45.052915929378635
47	44.88034856232528
48	44.80407506295195
49	45.16394985995016
50	44.72073054662112
51	44.86267031749136
52	44.869383842337456
53	44.89308188701678
54	44.63349074224045
55	45.11211726413508
56	45.01725458807688
57	45.05177469943484
58	45.12252567992896
59	44.993314722826405
60	44.78576729784206
61	45.08672768987322
62	44.92243256058819
63	44.88215849909759
64	45.22371293686366
65	44.88850603998185
66	44.825819602606224
67	45.23588051899038
68	44.69198021933117
69	44.98696838524228
70	45.290415073138234
71	44.90321299612033
72	44.540614229934214
73	44.02766898151365
74	41.27930831378916
75	29.577323083073164
>>END_MODULE
>>Per sequence GC content	warn
#GC Content	Count
0	27774.0
1	13894.5
2	28.5
3	59.5
4	79.5
5	116.0
6	197.0
7	367.0
8	496.5
9	657.5
10	1091.5
11	1832.5
12	2322.0
13	3051.0
14	4913.0
15	7796.5
16	10091.5
17	14016.5
18	22240.0
19	32794.0
20	40369.5
21	52125.5
22	73485.5
23	97266.0
24	113623.5
25	135062.5
26	170899.5
27	207404.5
28	232371.0
29	263789.0
30	313352.5
31	362583.5
32	397020.5
33	437772.5
34	504577.5
35	570404.5
36	610873.5
37	647557.0
38	685513.0
39	703600.5
40	714129.0
41	716253.0
42	712939.5
43	710825.5
44	712116.5
45	707440.5
46	691300.5
47	673144.0
48	664488.0
49	652503.0
50	627962.5
51	602776.0
52	587082.0
53	572639.5
54	548504.5
55	523536.0
56	508030.5
57	491185.5
58	461191.0
59	424197.0
60	391642.0
61	356249.5
62	313411.5
63	272548.5
64	240316.0
65	213669.5
66	179409.0
67	145140.0
68	120268.0
69	101501.0
70	80417.0
71	61005.5
72	48257.0
73	39084.0
74	29402.5
75	21393.5
76	16219.0
77	12740.0
78	9168.5
79	6176.5
80	4364.5
81	3234.5
82	2206.5
83	1414.5
84	988.5
85	755.5
86	522.5
87	363.0
88	298.5
89	254.0
90	205.0
91	167.5
92	148.0
93	197.5
94	191.0
95	105.5
96	76.5
97	57.0
98	25.0
99	26.5
100	42.0
>>END_MODULE
>>Per base N content	pass
#Base	N-Count
1	0.17850058365858898
2	0.17656236307345355
3	0.17647339557118502
4	0.1764352666416414
5	0.1764352666416414
6	0.1906192284318785
7	0.17647975039277564
8	0.1764352666416414
9	0.18066757782098633
10	0.176441621463232
11	0.17658778235981595
12	0.17710887773024583
13	0.17667039504049387
14	0.17701991022797733
15	0.17648610521436625
16	0.17667674986208448
17	0.17710252290865522
18	0.17711523255183645
19	0.17646068592800382
20	0.1767784270075342
21	0.17649246003595684
22	0.1764352666416414
23	0.17666404021890325
24	0.1764352666416414
25	0.17696271683366185
26	0.1764352666416414
27	0.176441621463232
28	0.1764352666416414
29	0.17649246003595684
30	0.17714065183819888
31	0.1764352666416414
32	0.1764352666416414
33	0.1764352666416414
34	0.1764352666416414
35	0.176441621463232
36	0.0
37	0.0
38	0.0
39	0.0
40	0.0
41	0.0
42	0.0
43	0.0
44	0.0
45	0.0
46	0.0
47	0.0
48	0.0
49	0.0
50	0.0
51	0.0
52	0.0
53	0.0
54	0.0
55	0.0
56	0.0
57	0.0
58	0.0
59	0.0
60	0.0
61	0.0
62	0.0
63	0.0
64	0.0
65	0.0
66	0.0
67	0.0
68	0.0
69	8.910732216114867E-5
70	0.0
71	0.0
72	0.0
73	0.0
74	0.0
75	0.0
>>END_MODULE
>>Sequence Length Distribution	warn
#Length	Count
35	36809.0
36	12760.0
37	16597.0
38	17667.0
39	19315.0
40	19744.0
41	20995.0
42	22008.0
43	24719.0
44	26067.0
45	28509.0
46	28981.0
47	29905.0
48	30347.0
49	31361.0
50	31299.0
51	32739.0
52	33498.0
53	35167.0
54	36904.0
55	38348.0
56	39417.0
57	39844.0
58	40326.0
59	40799.0
60	41857.0
61	41599.0
62	42758.0
63	43857.0
64	46826.0
65	48041.0
66	47422.0
67	50457.0
68	49992.0
69	58240.0
70	66777.0
71	124909.0
72	380921.0
73	1065288.0
74	3222105.0
75	9670909.0
>>END_MODULE
>>Sequence Duplication Levels	warn
#Total Duplicate Percentage	28.95466249181523
#Duplication Level	Relative count
1	100.0
2	20.064722676497492
3	7.309366078110708
4	3.501538376250797
5	1.9201984643955983
6	1.108046677938853
7	0.7726529367741221
8	0.5315020650275799
9	0.4171632896305125
10++	2.967264462122682
>>END_MODULE
>>Overrepresented sequences	warn
#Sequence	Count	Percentage	Possible Source
NNNNNNNNNNNNNNNNNNNNNNNNNNNNNNNNNNN	27764	0.1764352666416414	No Hit
>>END_MODULE
>>Kmer Content	warn
#Sequence	Count	Obs/Exp Overall	Obs/Exp Max	Max Obs/Exp Position
AAAAA	5368965	3.3668501	7.6125445	71
TTTTT	5125735	3.131793	5.5771255	71
CCTGG	2386420	2.984852	11.745602	3
CCAGG	2316755	2.912831	12.953329	3
CAGCA	2630860	2.7738757	7.275142	4
CCCAG	2172920	2.7204332	11.118232	2
TGCTG	2570975	2.6940732	6.915908	2
CTGGG	2105820	2.645075	9.761605	4
CCAGC	2046135	2.561702	6.6797557	3
GGAGG	2010060	2.548742	5.736717	6
AGCAG	2330415	2.4675353	5.5994062	7
GCTGG	1964245	2.4672458	5.86651	3
CTGCT	2348900	2.4509544	6.6272836	9
TCCAG	2325665	2.439367	9.807825	2
GCTGC	1910765	2.389919	5.6359725	8
AGGAG	2247090	2.389414	7.489837	5
CTCCT	2247470	2.3351984	6.645328	1
AGAAG	2602945	2.3210797	5.00888	5
CAGGA	2189225	2.3180375	10.284125	4
CTGGA	2189645	2.3064528	8.84823	4
CTCCA	2208250	2.3064148	7.1788507	1
CAGCC	1829565	2.2905624	5.4243546	9
TCCTG	2154280	2.2478788	9.0873	2
CAGAG	2122750	2.2476513	7.9606886	4
GGCTG	1783785	2.240574	8.179	7
GGCAG	1752910	2.2132764	6.176056	7
CCTGC	1754725	2.1854665	6.240291	3
CTCTG	2092335	2.1832426	7.4132104	2
CCCTG	1732825	2.1581905	8.788724	2
GCAGG	1707285	2.1556687	6.3576417	3
CTGCC	1730180	2.154896	5.6547284	9
CACAG	2022710	2.132666	7.9171457	7
CTGCA	2024180	2.1231422	6.3925424	4
TGGAG	1987315	2.1022213	6.372352	5
TGCAG	1995430	2.1018772	6.491376	2
CAGGG	1661890	2.0983517	9.273484	4
GCCTG	1648065	2.0613427	6.8834777	7
CTGTG	1963530	2.0575438	9.302046	9
AGCTG	1940410	2.0439222	5.947603	7
GGAGA	1916000	2.0373538	5.731973	6
GCCAG	1600020	2.0116878	5.2416115	2
CTGGC	1588370	1.9866786	5.1807127	4
CAGAA	2226820	1.977285	5.4263477	4
CAGGC	1562795	1.9648851	5.871728	4
CTCAG	1861020	1.9520056	6.16938	2
GGGAG	1537410	1.9494251	5.1591597	7
CCCCA	1555285	1.9389361	6.6722164	1
CTGAG	1828080	1.9255999	5.770996	4
TTCTG	2183565	1.9088534	5.0741973	2
CCAGA	1790445	1.887775	6.8796496	3
CCTCT	1804220	1.8746465	5.4608026	1
AGAGG	1741150	1.8514293	5.2280474	5
CAGTG	1756640	1.8503487	6.5726423	9
TCTGG	1748600	1.832323	6.1598153	3
GGCCA	1455210	1.8296196	5.8002353	1
GAGAG	1715910	1.8245908	5.885401	7
CACTG	1727675	1.8121412	7.6373434	7
TGGGG	1435075	1.8102235	5.6468234	5
ACACA	2001035	1.7692859	7.4294324	6
ACCTG	1683310	1.7656071	5.256628	7
CACAC	1673665	1.7571826	7.6287456	5
TGGCC	1387380	1.7352872	5.287659	5
GTGTG	1639700	1.7255074	7.378607	9
ACAGA	1942235	1.7245904	6.266119	8
CCTGA	1615640	1.694629	5.4578457	3
GCCCA	1327275	1.66171	7.096616	1
TGTGT	1890305	1.6595073	6.6107383	10
TCAGG	1563210	1.6466002	5.8106546	3
CCTGT	1536800	1.6035707	5.5212846	8
GGCCT	1265525	1.582875	5.0370793	6
AGGTG	1485425	1.5713121	5.0240912	7
ACAGG	1479735	1.5668018	5.1181893	8
TGGGC	1245080	1.563918	5.951377	5
ACAGC	1476360	1.5566161	6.1172323	8
GCTGT	1449205	1.5185931	5.5537853	8
CTGTC	1416615	1.4781637	5.9605913	9
GACAG	1391220	1.4730786	7.173691	7
GCCCT	1137515	1.4167466	5.571529	1
GGGCT	1124855	1.4129059	5.851153	6
AGACA	1589655	1.4115201	5.6609187	6
AGGGC	1074180	1.3562917	5.612578	5
GTCCT	1299185	1.3556317	9.34096	1
GGACA	1254985	1.3288276	6.5756283	6
AGGAC	1226560	1.2987301	9.866917	5
GCACA	1226000	1.2926463	5.029861	6
GTGCT	1216215	1.2744474	5.869187	1
TGTGC	1203305	1.2609192	6.557469	10
AGCAC	1177805	1.2418314	5.8940897	5
ACTGC	1154665	1.2111168	5.2001452	8
GTCCA	1146210	1.2022483	6.8891215	1
GTCTT	1298995	1.1355699	5.010776	1
TGGAC	1065570	1.1224134	6.189311	5
ACAGT	1246140	1.1007578	5.629862	8
GTGCA	1042950	1.0985867	5.699719	1
ACTGT	1221365	1.0732753	6.446788	8
GACTG	1006115	1.0597868	6.2226286	7
TGCAC	1010325	1.0597199	5.391789	5
GGACC	821115	1.032379	5.928451	6
ACACT	1134005	0.9974682	5.278682	6
AGACT	1115970	0.9857743	5.151597	6
CTACA	1102715	0.9699456	5.690717	4
TGTAG	1085890	0.9582799	6.006887	2
GGACT	901970	0.95008606	5.4146924	6
TAGGA	945100	0.83838505	6.1485143	4
TCCTA	945755	0.8275676	5.7068334	2
GTAGG	728370	0.77048427	5.0994797	3
GTGTA	791300	0.6983091	5.861077	1
TACAC	768885	0.67630947	5.2829356	5
>>END_MODULE
