##FastQC	0.10.1
>>Basic Statistics	pass
#Measure	Value	
Filename	005-F5_S2_L001_R1_001_trimmed.fq.gz	
File type	Conventional base calls	
Encoding	Sanger / Illumina 1.9	
Total Sequences	17896752	
Filtered Sequences	0	
Sequence length	20-50	
%GC	45	
>>END_MODULE
>>Per base sequence quality	pass
#Base	Mean	Median	Lower Quartile	Upper Quartile	10th Percentile	90th Percentile
1	35.095368980919	36.0	36.0	36.0	36.0	36.0
2	35.08327097564966	36.0	36.0	36.0	36.0	36.0
3	35.05648198064095	36.0	36.0	36.0	36.0	36.0
4	35.04887663415127	36.0	36.0	36.0	36.0	36.0
5	35.03301196775817	36.0	36.0	36.0	36.0	36.0
6	34.98299551784592	36.0	36.0	36.0	36.0	36.0
7	34.96869331373648	36.0	36.0	36.0	36.0	36.0
8	34.950801463863385	36.0	36.0	36.0	36.0	36.0
9	34.94184397258229	36.0	36.0	36.0	36.0	36.0
10	34.91786152034738	36.0	36.0	36.0	36.0	36.0
11	34.902138723272245	36.0	36.0	36.0	36.0	36.0
12	34.88164332835366	36.0	36.0	36.0	36.0	36.0
13	34.8674108575679	36.0	36.0	36.0	36.0	36.0
14	34.87483684190293	36.0	36.0	36.0	36.0	36.0
15	34.86322780804025	36.0	36.0	36.0	36.0	36.0
16	34.84502070543303	36.0	36.0	36.0	36.0	36.0
17	34.82729452807973	36.0	36.0	36.0	36.0	36.0
18	34.81488669005415	36.0	36.0	36.0	36.0	36.0
19	34.808478208783356	36.0	36.0	36.0	36.0	36.0
20	34.799898886680666	36.0	36.0	36.0	36.0	36.0
21	34.790677903533044	36.0	36.0	36.0	36.0	36.0
22	34.77874693963153	36.0	36.0	36.0	32.0	36.0
23	34.76451861901053	36.0	36.0	36.0	32.0	36.0
24	34.755811181473256	36.0	36.0	36.0	32.0	36.0
25	34.74544246281689	36.0	36.0	36.0	32.0	36.0
26	34.73626519518375	36.0	36.0	36.0	32.0	36.0
27	34.73381515123247	36.0	36.0	36.0	32.0	36.0
28	34.71667631678735	36.0	36.0	36.0	32.0	36.0
29	34.69516417848625	36.0	36.0	36.0	32.0	36.0
30	34.680282620954706	36.0	36.0	36.0	32.0	36.0
31	34.66742310946766	36.0	36.0	36.0	32.0	36.0
32	34.659329104824295	36.0	36.0	36.0	32.0	36.0
33	34.630288831847125	36.0	36.0	36.0	32.0	36.0
34	34.61141408037384	36.0	36.0	36.0	32.0	36.0
35	34.58960724089948	36.0	36.0	36.0	32.0	36.0
36	34.57720019035441	36.0	36.0	36.0	32.0	36.0
37	34.559655877344596	36.0	36.0	36.0	32.0	36.0
38	34.53426397219162	36.0	36.0	36.0	32.0	36.0
39	34.525011173314084	36.0	36.0	36.0	32.0	36.0
40	34.50712393938483	36.0	36.0	36.0	32.0	36.0
41	34.48010135138318	36.0	36.0	36.0	32.0	36.0
42	34.45649039729125	36.0	36.0	36.0	32.0	36.0
43	34.43957659520634	36.0	36.0	36.0	32.0	36.0
44	34.42235584185798	36.0	36.0	36.0	32.0	36.0
45	34.39816401299708	36.0	36.0	36.0	32.0	36.0
46	34.3801891033503	36.0	36.0	36.0	32.0	36.0
47	34.391699125575634	36.0	36.0	36.0	32.0	36.0
48	34.411064535359685	36.0	36.0	36.0	32.0	36.0
49	34.47553470198843	36.0	36.0	36.0	32.0	36.0
50	34.58102602761365	36.0	36.0	36.0	32.0	36.0
>>END_MODULE
>>Per sequence quality scores	pass
#Quality	Count
14	5.0
15	47.0
16	235.0
17	674.0
18	1607.0
19	3395.0
20	6873.0
21	12528.0
22	20536.0
23	32130.0
24	49203.0
25	74134.0
26	108171.0
27	151993.0
28	208511.0
29	276854.0
30	364030.0
31	478356.0
32	657125.0
33	991586.0
34	1982817.0
35	8381699.0
36	4094243.0
>>END_MODULE
>>Per base sequence content	pass
#Base	G	A	T	C
1	22.568050510643193	26.640104291602107	27.295413472719588	23.49643172503511
2	22.452353365571582	26.740036404371025	27.550088418278357	23.257521811779032
3	22.441710210071104	26.77613450791101	27.428036741071065	23.354118540946818
4	22.629642518374286	26.50457468483667	27.68144744923548	23.184335347553567
5	22.71093068527318	26.573123395616605	27.321363026524537	23.394582892585678
6	22.24633832999418	27.004011677649665	27.514048359165955	23.2356016331902
7	22.332454514651598	26.947163373555156	27.47650523402235	23.243876877770894
8	22.351402086814414	26.832947118002192	27.44825988536914	23.36739090981425
9	22.27320481012689	26.922492373192842	27.541303327723	23.262999488957263
10	22.367428290290327	26.95936414862347	27.52160950927367	23.151598051812535
11	22.854733641053976	26.849581421254538	27.21898923335363	23.07669570433786
12	22.175671876103554	27.084964914304006	27.627633215233693	23.111729994358754
13	22.3220727425848	26.892293082007285	27.706329059038197	23.07930511636972
14	22.343713540870432	26.6655424403266	27.863167573646884	23.12757644515608
15	22.26515802005806	26.972980061683838	27.65400326662717	23.107858651630934
16	22.397136642447744	27.27478147990205	27.58129519814545	22.746786679504748
17	22.5401123064118	26.912503453140545	27.316342093805623	23.23104214664203
18	22.39380642923364	27.37411235290068	27.32608129117507	22.90599992669061
19	22.584852268165754	27.03093276366572	27.523273496777517	22.860941471391012
20	22.643857388200946	26.796957347344367	27.51773059156209	23.0414546728926
21	22.64539124639668	26.955515503587634	27.503908033546704	22.89518521646898
22	22.417463979336976	27.167357714595898	27.53561130544692	22.879567000620206
23	22.491297730732683	26.90960151733574	27.494496489231217	23.104604262700352
24	22.346464441598734	27.22503837794384	27.49869812490019	22.929799055557236
25	22.461138327013707	27.18462000622468	27.3396673619704	23.01457430479121
26	22.53931744876169	27.10753580737354	27.302162569186294	23.05098417467848
27	22.560629800132343	27.214702525817113	27.39604974797562	22.828617926074923
28	22.323624176617642	27.240990760860928	27.379339432209605	23.056045630311825
29	22.62278195692353	26.96222860429226	27.44101092717711	22.973978511607097
30	22.44779638277894	27.322744344423956	27.35258565674357	22.87687361605353
31	22.559738624967792	27.191291112743425	27.334179835655952	22.914790426632827
32	22.51172817589234	27.232851081190272	27.29603620419831	22.95938453871908
33	22.428494505378904	27.020094642216286	27.54650237749493	23.00490847490988
34	22.57112041089564	27.369481448758975	27.385067336337226	22.674330804008154
35	22.54440450674228	26.993444362277565	27.392962674516152	23.06918845646401
36	22.662724328673207	27.275769865923028	27.19671250281851	22.864793302585262
37	22.43071940071865	27.2089050462576	27.326300971529033	23.034074581494718
38	22.484060363601717	27.090743702377946	27.32730994048732	23.097885993533012
39	22.421040890205905	27.215075519086056	27.35999373908368	23.003889851624354
40	22.464072189440234	27.19780097244185	27.501859245709646	22.83626759240827
41	22.710671272105685	27.133350970449744	27.309394285197353	22.84658347224722
42	22.62779314928979	27.21966945560886	27.349228404221083	22.803308990880268
43	22.585567597471652	27.39696790146377	27.244407991399573	22.773056509665007
44	22.628366435344414	27.092924463768416	27.220157467391697	23.058551633495476
45	22.53321040967213	27.287647373257496	27.326170127147908	22.852972089922464
46	22.531669963072353	27.514273026282794	27.116649599522425	22.837407411122427
47	22.550886409433144	27.249716510035654	27.274996388812557	22.924400691718645
48	22.558680922890193	27.68891076746554	27.430880583295664	22.321527726348602
49	22.73660246146593	27.86269991044782	27.571915430568644	21.8287821975176
50	22.702854187741327	27.642097728364952	27.64461415468178	22.010433929211946
>>END_MODULE
>>Per base GC content	pass
#Base	%GC
1	46.0644822356783
2	45.70987517735062
3	45.79582875101792
4	45.81397786592785
5	46.10551357785886
6	45.48193996318438
7	45.57633139242249
8	45.71879299662866
9	45.53620429908416
10	45.51902634210286
11	45.931429345391834
12	45.287401870462304
13	45.40137785895452
14	45.47128998602651
15	45.373016671688994
16	45.14392332195249
17	45.77115445305383
18	45.29980635592425
19	45.44579373955677
20	45.68531206109354
21	45.54057646286566
22	45.29703097995718
23	45.59590199343304
24	45.27626349715597
25	45.47571263180492
26	45.59030162344017
27	45.389247726207266
28	45.37966980692947
29	45.596760468530626
30	45.32466999883247
31	45.47452905160062
32	45.471112714611415
33	45.43340298028878
34	45.245451214903795
35	45.61359296320629
36	45.52751763125847
37	45.46479398221337
38	45.58194635713473
39	45.42493074183026
40	45.3003397818485
41	45.5572547443529
42	45.43110214017006
43	45.358624107136656
44	45.68691806883989
45	45.38618249959459
46	45.36907737419478
47	45.47528710115179
48	44.880208649238796
49	44.56538465898353
50	44.71328811695327
>>END_MODULE
>>Per sequence GC content	pass
#GC Content	Count
0	2923.0
1	2893.5
2	2520.0
3	2346.5
4	2608.0
5	3174.0
6	3786.0
7	4765.5
8	5820.0
9	7658.5
10	9646.5
11	13031.0
12	16565.0
13	22510.0
14	29494.0
15	39908.5
16	51077.5
17	67446.0
18	85264.0
19	108107.5
20	131480.0
21	161414.5
22	192757.5
23	230419.5
24	269976.0
25	307884.0
26	351575.5
27	402565.0
28	457147.5
29	517596.5
30	579911.5
31	645836.0
32	714326.5
33	784752.0
34	857127.5
35	921935.5
36	982240.5
37	1026157.0
38	1060362.0
39	1086537.0
40	1110397.5
41	1124940.0
42	1137989.5
43	1139491.5
44	1136013.0
45	1122981.5
46	1109167.0
47	1090303.0
48	1070410.5
49	1049508.5
50	1027741.0
51	1005589.5
52	981009.0
53	954800.5
54	928151.0
55	898734.5
56	866254.0
57	827597.5
58	786366.0
59	738123.5
60	687533.0
61	630178.5
62	573289.5
63	523717.5
64	464915.0
65	410680.5
66	358599.5
67	310316.0
68	262597.0
69	219086.0
70	181457.5
71	151162.0
72	124139.0
73	100385.5
74	78907.5
75	63472.5
76	51945.0
77	41137.5
78	31224.5
79	24064.0
80	17990.0
81	13547.5
82	10061.5
83	7676.0
84	5598.0
85	4192.5
86	3095.5
87	2383.5
88	1846.5
89	1433.0
90	1117.5
91	935.0
92	784.5
93	687.5
94	605.5
95	544.0
96	495.5
97	459.5
98	416.5
99	596.0
100	797.0
>>END_MODULE
>>Per base N content	pass
#Base	N-Count
1	5.0288454575444754E-5
2	0.0
3	2.793803031969153E-4
4	0.0
5	4.4142087905112615E-4
6	0.0
7	0.0
8	0.0
9	5.587606063938306E-5
10	6.537499094807818E-4
11	0.0
12	0.0
13	0.0
14	0.0
15	2.793803031969153E-5
16	0.0
17	0.0
18	0.0
19	0.0
20	0.0
21	0.0
22	0.0
23	0.0
24	0.0
25	0.0
26	0.0
27	0.0
28	0.0
29	0.0
30	0.0
31	0.0
32	0.0
33	0.0
34	0.0
35	0.0
36	0.0
37	0.0
38	0.0
39	0.0
40	0.0
41	0.0
42	0.0
43	0.0
44	0.0
45	0.0
46	0.0
47	0.0
48	0.0
49	6.987766982195403E-5
50	0.0
>>END_MODULE
>>Sequence Length Distribution	warn
#Length	Count
20	31629.0
21	32303.0
22	33727.0
23	34332.0
24	35339.0
25	36069.0
26	37720.0
27	39273.0
28	40732.0
29	42887.0
30	44307.0
31	46037.0
32	46566.0
33	46803.0
34	48194.0
35	48804.0
36	49559.0
37	51672.0
38	54260.0
39	57371.0
40	59824.0
41	63492.0
42	67389.0
43	80801.0
44	117762.0
45	200165.0
46	492380.0
47	1036620.0
48	2041084.0
49	2706494.0
50	1.0173157E7
>>END_MODULE
>>Sequence Duplication Levels	warn
#Total Duplicate Percentage	33.31432420075611
#Duplication Level	Relative count
1	100.0
2	21.950518260766998
3	9.034545803046164
4	4.631909529215752
5	2.670922843283252
6	1.653568848325789
7	1.1670082420417853
8	0.7939784438907156
9	0.5868215797001017
10++	4.953334414579125
>>END_MODULE
>>Overrepresented sequences	pass
>>END_MODULE
>>Kmer Content	warn
#Sequence	Count	Obs/Exp Overall	Obs/Exp Max	Max Obs/Exp Position
AAAAA	4214475	3.6592247	4.502283	46
TTTTT	4126110	3.361759	3.986793	13
>>END_MODULE
