##FastQC	0.10.1
>>Basic Statistics	pass
#Measure	Value	
Filename	004-primary_S1_L001_R2_001_trimmed.fq.gz	
File type	Conventional base calls	
Encoding	Sanger / Illumina 1.9	
Total Sequences	27468323	
Filtered Sequences	0	
Sequence length	20-50	
%GC	45	
>>END_MODULE
>>Per base sequence quality	pass
#Base	Mean	Median	Lower Quartile	Upper Quartile	10th Percentile	90th Percentile
1	34.70361590694852	36.0	36.0	36.0	32.0	36.0
2	34.68778352431635	36.0	36.0	36.0	32.0	36.0
3	34.67491470083558	36.0	36.0	36.0	32.0	36.0
4	34.66004757552909	36.0	36.0	36.0	32.0	36.0
5	34.64829895148677	36.0	36.0	36.0	32.0	36.0
6	34.633713241248834	36.0	36.0	36.0	32.0	36.0
7	34.624115057915986	36.0	36.0	36.0	32.0	36.0
8	34.611849001484366	36.0	36.0	36.0	32.0	36.0
9	34.604832045989845	36.0	36.0	36.0	32.0	36.0
10	34.58000290006783	36.0	36.0	36.0	32.0	36.0
11	34.57609170388742	36.0	36.0	36.0	32.0	36.0
12	34.56210952521565	36.0	36.0	36.0	32.0	36.0
13	34.55130060178774	36.0	36.0	36.0	32.0	36.0
14	34.5472247796125	36.0	36.0	36.0	32.0	36.0
15	34.51985842018823	36.0	36.0	36.0	32.0	36.0
16	34.50224030786299	36.0	36.0	36.0	32.0	36.0
17	34.49689895520742	36.0	36.0	36.0	32.0	36.0
18	34.48086339308009	36.0	36.0	36.0	32.0	36.0
19	34.47745368364862	36.0	36.0	36.0	32.0	36.0
20	34.46791644324264	36.0	36.0	36.0	32.0	36.0
21	34.4514389817582	36.0	36.0	36.0	32.0	36.0
22	34.43774862996428	36.0	36.0	36.0	32.0	36.0
23	34.42424207751347	36.0	36.0	36.0	32.0	36.0
24	34.39263468744207	36.0	36.0	36.0	32.0	36.0
25	34.3814092714847	36.0	36.0	36.0	32.0	36.0
26	34.36672928560216	36.0	36.0	36.0	32.0	36.0
27	34.34447465931159	36.0	36.0	36.0	32.0	36.0
28	34.31882921677079	36.0	36.0	36.0	32.0	36.0
29	34.29353882769415	36.0	36.0	36.0	32.0	36.0
30	34.263171650104766	36.0	36.0	36.0	32.0	36.0
31	34.240408661047795	36.0	36.0	36.0	32.0	36.0
32	34.21583512763495	36.0	36.0	36.0	32.0	36.0
33	34.192736009877216	36.0	36.0	36.0	32.0	36.0
34	34.160786899479966	36.0	36.0	36.0	32.0	36.0
35	34.13665185674071	36.0	36.0	36.0	32.0	36.0
36	34.117090275785856	36.0	36.0	36.0	32.0	36.0
37	34.09045806991404	36.0	36.0	36.0	32.0	36.0
38	34.06270891339012	36.0	36.0	36.0	32.0	36.0
39	34.03372606711424	36.0	36.0	36.0	32.0	36.0
40	34.003840619703034	36.0	36.0	36.0	32.0	36.0
41	33.991559210538384	36.0	36.0	36.0	32.0	36.0
42	33.958720208641736	36.0	36.0	36.0	32.0	36.0
43	33.944466193635556	36.0	36.0	36.0	32.0	36.0
44	33.93063495643084	36.0	36.0	36.0	32.0	36.0
45	33.92031182891108	36.0	36.0	36.0	32.0	36.0
46	33.906902328798786	36.0	36.0	36.0	32.0	36.0
47	33.905146023171554	36.0	36.0	36.0	32.0	36.0
48	33.93732852119256	36.0	36.0	36.0	32.0	36.0
49	34.01365800989539	36.0	36.0	36.0	32.0	36.0
50	34.15305864471993	36.0	36.0	36.0	32.0	36.0
>>END_MODULE
>>Per sequence quality scores	pass
#Quality	Count
2	100.0
3	36.0
4	45.0
5	41.0
6	62.0
7	65.0
8	109.0
9	164.0
10	207.0
11	244.0
12	286.0
13	344.0
14	1538.0
15	2996.0
16	5401.0
17	9149.0
18	14986.0
19	23910.0
20	37229.0
21	55506.0
22	79191.0
23	109991.0
24	150584.0
25	201630.0
26	263864.0
27	341509.0
28	434497.0
29	542139.0
30	677330.0
31	862349.0
32	1152798.0
33	1694038.0
34	3217637.0
35	1.2239054E7
36	5349294.0
>>END_MODULE
>>Per base sequence content	pass
#Base	G	A	T	C
1	22.68379599917585	26.70869373468982	27.396036036245963	23.211474229888374
2	22.602544337413452	26.513441736878185	27.6235560000249	23.26045792568346
3	22.66736321997545	26.637291079520242	27.37869945030642	23.316646250197888
4	22.704861769854208	26.525207187727247	27.533771444780953	23.23615959763759
5	22.879431536976146	26.484919771337523	27.209199657672595	23.426449034013736
6	22.50084384759548	26.753584486166908	27.416064018083645	23.329507648153967
7	22.525345277140175	26.788371428060636	27.429201314414918	23.25708198038427
8	22.685359764060507	26.694425810446592	27.44759053819627	23.172623887296627
9	22.37543285523678	26.909781828325613	27.628228397036757	23.086556919400856
10	22.596041654831254	26.94035606752523	27.349278731651467	23.114323545992054
11	22.851508845714704	27.01304222308173	27.1625361323673	22.972912798836266
12	22.39655700149504	27.01334670608677	27.527813436107003	23.062282856311185
13	22.56412840825973	26.814034980651208	27.579491391860717	23.042345219228345
14	22.57585564938011	26.555263968815506	27.70061812399816	23.16826225780622
15	22.504164965324666	26.81239621267616	27.53602275359681	23.14741606840236
16	22.686794071132528	27.207218841058044	27.289769575727902	22.81621751208153
17	22.832654798667193	26.978455788494543	27.179982496045042	23.00890691679322
18	22.689427232653546	27.188944941466186	27.23486373776526	22.886764088115005
19	22.692429921029824	27.08592039940677	27.38171670813073	22.83993297143267
20	22.66528602908902	26.870079826212717	27.3528732589489	23.111760885749362
21	22.6865250123781	27.032280584604056	27.364929055942305	22.916265347075537
22	22.656159562765076	27.013365630912833	27.371690074948162	22.958784731373928
23	22.756420625909282	26.795375202306104	27.26473343426538	23.183470737519233
24	22.657068711782262	27.125896691119838	27.345516960020877	22.87151763707702
25	22.73534636534194	27.05848119822873	27.215004984408836	22.991167452020502
26	22.82816179648935	27.232974816818512	27.091808684871477	22.84705470182066
27	22.567778051679813	27.3071951674632	27.293933149863058	22.83109363099393
28	22.61546239825642	27.169416914767915	27.207101720407532	23.008018966568137
29	22.669787918259555	27.092476760373362	27.31325843682618	22.924476884540905
30	22.70581423027093	27.11958393972356	27.28125847026345	22.893343359742058
31	22.794893193911296	27.157489151795016	27.15860095030978	22.88901670398391
32	22.766798943314402	27.10754477376593	27.175799855643383	22.949856427276284
33	22.650965158558197	27.16801749833056	27.248603706927778	22.93241363618347
34	22.828797475189344	27.320479631730628	27.123194636751197	22.72752825632883
35	22.802827815566836	27.220473437733155	27.03163671332746	22.945062033372547
36	22.852907322483944	27.366288751103113	27.022572393544504	22.75823153286844
37	22.63849292183558	27.24460881482951	27.226661961694674	22.890236301640236
38	22.628369955783327	27.030165595769073	27.30388894775882	23.037575500688778
39	22.515115681474633	27.225753652202688	27.322043805809994	22.937086860512686
40	22.704169100523185	27.267945908519277	27.223426299236365	22.804458691721173
41	22.857228073131424	27.313136980451976	27.083663373332683	22.745971573083914
42	22.718842724150214	27.459862358329655	27.068626266461848	22.75266865105828
43	22.763551470109324	27.410293596064083	27.07053203513457	22.755622898692017
44	22.786488219970927	27.179007013952905	27.09695234407719	22.93755242199898
45	22.585128052969456	27.262158494091	27.280133015456887	22.872580437482657
46	22.708032133593555	27.284634483778508	27.067495010543208	22.93983837208473
47	22.653274820267665	27.36149110226994	27.174285758442572	22.81094831901982
48	22.70474247676888	27.69745203549426	27.211908017382	22.385897470354855
49	22.828268691767367	28.018695127041948	27.301603783331135	21.85143239785955
50	22.654907023591612	27.87205037234391	27.387588013356005	22.085454590708473
>>END_MODULE
>>Per base GC content	pass
#Base	%GC
1	45.895270229064224
2	45.86300226309692
3	45.98400947017333
4	45.9410213674918
5	46.305880570989885
6	45.83035149574945
7	45.782427257524446
8	45.85798365135714
9	45.46198977463764
10	45.710365200823304
11	45.82442164455097
12	45.458839857806225
13	45.60647362748808
14	45.744117907186336
15	45.65158103372703
16	45.50301158321406
17	45.84156171546041
18	45.57619132076856
19	45.532362892462494
20	45.77704691483838
21	45.602790359453635
22	45.614944294139
23	45.939891363428515
24	45.52858634885928
25	45.72651381736244
26	45.675216498310014
27	45.39887168267374
28	45.623481364824556
29	45.59426480280045
30	45.59915759001299
31	45.683909897895205
32	45.716655370590686
33	45.58337879474166
34	45.55632573151818
35	45.74788984893938
36	45.61113885535239
37	45.52872922347582
38	45.66594545647211
39	45.45220254198732
40	45.50862779224436
41	45.60319964621534
42	45.47151137520849
43	45.519174368801345
44	45.72404064196991
45	45.457708490452106
46	45.647870505678284
47	45.46422313928748
48	45.09063994712374
49	44.67970108962692
50	44.740361614300085
>>END_MODULE
>>Per sequence GC content	pass
#GC Content	Count
0	13339.0
1	10902.5
2	8004.0
3	8182.0
4	8940.5
5	9991.0
6	11311.0
7	13260.5
8	15229.0
9	18182.5
10	21501.5
11	27065.5
12	32847.0
13	42461.5
14	53770.0
15	70261.5
16	88047.5
17	114244.0
18	142850.5
19	178113.0
20	214737.0
21	261823.5
22	310673.0
23	369046.5
24	430444.5
25	487290.0
26	553366.0
27	630426.5
28	713038.5
29	800036.5
30	887965.0
31	980370.0
32	1076905.5
33	1174880.5
34	1276636.0
35	1369954.5
36	1458924.0
37	1539275.5
38	1605860.0
39	1654065.5
40	1696255.0
41	1721810.5
42	1741354.5
43	1740596.5
44	1733159.5
45	1710854.5
46	1686142.0
47	1654648.0
48	1623031.5
49	1590515.5
50	1557745.5
51	1530264.0
52	1499380.0
53	1468595.5
54	1439190.5
55	1405764.5
56	1367066.0
57	1316855.0
58	1260711.0
59	1187218.5
60	1109226.0
61	1021444.0
62	933368.0
63	855140.0
64	762274.0
65	673230.5
66	585910.5
67	506827.5
68	431806.0
69	364015.0
70	303958.0
71	253469.0
72	208702.0
73	168825.5
74	132491.5
75	106422.5
76	86516.0
77	68172.0
78	51893.0
79	39897.5
80	29615.5
81	22206.5
82	16572.0
83	12681.5
84	9378.5
85	7211.0
86	5488.5
87	4417.0
88	3584.5
89	2856.5
90	2316.5
91	1989.0
92	1768.5
93	1670.0
94	1589.0
95	1533.0
96	1495.5
97	1666.5
98	2508.0
99	9836.5
100	16499.0
>>END_MODULE
>>Per base N content	pass
#Base	N-Count
1	0.00921789073180769
2	0.010419274594957981
3	0.01298586739350633
4	0.02371094878999348
5	0.012334207661676325
6	0.017594812759410175
7	0.01432923298593802
8	0.029350171832477727
9	0.018355689206072025
10	0.03044597953795723
11	0.010885265911573851
12	0.020084953857576235
13	0.0214210383356858
14	0.016076700423247534
15	0.017143383671438552
16	0.03220436864674993
17	0.02169043956560435
18	0.016833936312748324
19	0.026197449330998476
20	0.031112201498431483
21	0.017902430658186183
22	0.016713574293886237
23	0.02171790140380818
24	0.031216928532206496
25	0.01863689492444905
26	0.027464639969217716
27	0.030216102973216336
28	0.03402414874182788
29	0.027799381490804027
30	0.02918505404904361
31	0.0363906415975747
32	0.02516487059420254
33	0.023863434453770295
34	0.024234360611915706
35	0.019150864822660818
36	0.008200255045135236
37	0.01669285269992694
38	0.014189707411161278
39	0.00819407056472041
40	0.008424439750470272
41	0.007522198977269804
42	0.011402152100316032
43	0.003800523305250462
44	0.00404148923841447
45	0.0028350554729186426
46	9.648027785022807E-4
47	0.003220714429010051
48	6.831511641839666E-4
49	1.3123717123841852E-4
50	7.845592251584877E-4
>>END_MODULE
>>Sequence Length Distribution	warn
#Length	Count
20	64223.0
21	67039.0
22	69233.0
23	71046.0
24	73165.0
25	74291.0
26	76953.0
27	79709.0
28	82715.0
29	87367.0
30	89361.0
31	92254.0
32	94648.0
33	95304.0
34	96326.0
35	96966.0
36	98666.0
37	103624.0
38	107474.0
39	113310.0
40	117140.0
41	122322.0
42	130259.0
43	151450.0
44	205149.0
45	340075.0
46	791564.0
47	1626856.0
48	3200353.0
49	4264109.0
50	1.4785372E7
>>END_MODULE
>>Sequence Duplication Levels	warn
#Total Duplicate Percentage	37.62816114366389
#Duplication Level	Relative count
1	100.0
2	23.66502837334093
3	11.147517629460788
4	6.2168087312328355
5	3.922406629152124
6	2.6125634146148426
7	1.7538444491931207
8	1.277393926443004
9	0.9323234481721554
10++	6.761323614375826
>>END_MODULE
>>Overrepresented sequences	pass
>>END_MODULE
>>Kmer Content	warn
#Sequence	Count	Obs/Exp Overall	Obs/Exp Max	Max Obs/Exp Position
AAAAA	7901580	4.5160527	5.660089	46
TTTTT	6419580	3.5277457	3.876141	46
CCTGG	2675785	3.0061255	3.5894027	19
>>END_MODULE
