##FastQC	0.10.1
>>Basic Statistics	pass
#Measure	Value	
Filename	019-F5_S6_L002_R1_001.fastq.gz	
File type	Conventional base calls	
Encoding	Sanger / Illumina 1.9	
Total Sequences	21202010	
Filtered Sequences	0	
Sequence length	35-75	
%GC	45	
>>END_MODULE
>>Per base sequence quality	pass
#Base	Mean	Median	Lower Quartile	Upper Quartile	10th Percentile	90th Percentile
1	31.45750388760311	32.0	32.0	32.0	32.0	32.0
2	31.535389474865827	32.0	32.0	32.0	32.0	32.0
3	31.630072054489172	32.0	32.0	32.0	32.0	32.0
4	31.701986085281536	32.0	32.0	32.0	32.0	32.0
5	31.68760730704306	32.0	32.0	32.0	32.0	32.0
6	35.4027753029076	36.0	36.0	36.0	36.0	36.0
7	35.40139222649174	36.0	36.0	36.0	36.0	36.0
8	35.369759753910124	36.0	36.0	36.0	36.0	36.0
9	35.43859572748055	36.0	36.0	36.0	36.0	36.0
10	35.36962085198526	36.0	36.0	36.0	36.0	36.0
11	35.42120813073855	36.0	36.0	36.0	36.0	36.0
12	35.377301255871494	36.0	36.0	36.0	36.0	36.0
13	35.40003961888519	36.0	36.0	36.0	36.0	36.0
14	35.37731875421245	36.0	36.0	36.0	36.0	36.0
15	35.35393281108725	36.0	36.0	36.0	36.0	36.0
16	35.37089775922188	36.0	36.0	36.0	36.0	36.0
17	35.36630357216132	36.0	36.0	36.0	36.0	36.0
18	35.362029260433324	36.0	36.0	36.0	36.0	36.0
19	35.35195615887362	36.0	36.0	36.0	36.0	36.0
20	35.34987027173367	36.0	36.0	36.0	36.0	36.0
21	35.334797502689604	36.0	36.0	36.0	36.0	36.0
22	35.32837278163721	36.0	36.0	36.0	36.0	36.0
23	35.3087500194557	36.0	36.0	36.0	36.0	36.0
24	35.31074478315971	36.0	36.0	36.0	36.0	36.0
25	35.29516998624187	36.0	36.0	36.0	36.0	36.0
26	35.25997115367836	36.0	36.0	36.0	36.0	36.0
27	35.25000308932974	36.0	36.0	36.0	36.0	36.0
28	35.23840857541337	36.0	36.0	36.0	36.0	36.0
29	35.23000682482463	36.0	36.0	36.0	36.0	36.0
30	35.20329124455653	36.0	36.0	36.0	36.0	36.0
31	35.193182910488204	36.0	36.0	36.0	36.0	36.0
32	35.178564249332965	36.0	36.0	36.0	36.0	36.0
33	35.17146671471242	36.0	36.0	36.0	36.0	36.0
34	35.15572264139107	36.0	36.0	36.0	36.0	36.0
35	35.14336032291278	36.0	36.0	36.0	36.0	36.0
36	35.15478361248265	36.0	36.0	36.0	36.0	36.0
37	35.13797146895808	36.0	36.0	36.0	36.0	36.0
38	35.116773585692755	36.0	36.0	36.0	36.0	36.0
39	35.10129871676778	36.0	36.0	36.0	36.0	36.0
40	35.10202140102213	36.0	36.0	36.0	36.0	36.0
41	35.07839274593942	36.0	36.0	36.0	36.0	36.0
42	35.07125714439399	36.0	36.0	36.0	36.0	36.0
43	35.06015195413326	36.0	36.0	36.0	36.0	36.0
44	35.043408432930406	36.0	36.0	36.0	36.0	36.0
45	35.029956521279026	36.0	36.0	36.0	36.0	36.0
46	35.01989158018196	36.0	36.0	36.0	36.0	36.0
47	35.0204042859912	36.0	36.0	36.0	36.0	36.0
48	35.00061975216101	36.0	36.0	36.0	36.0	36.0
49	34.987046912556785	36.0	36.0	36.0	36.0	36.0
50	34.97351860871088	36.0	36.0	36.0	36.0	36.0
51	34.95658703064502	36.0	36.0	36.0	36.0	36.0
52	34.950415298111274	36.0	36.0	36.0	36.0	36.0
53	34.92759718866839	36.0	36.0	36.0	36.0	36.0
54	34.91001343703118	36.0	36.0	36.0	36.0	36.0
55	34.897336367055644	36.0	36.0	36.0	36.0	36.0
56	34.87749369056763	36.0	36.0	36.0	36.0	36.0
57	34.87726289153777	36.0	36.0	36.0	36.0	36.0
58	34.86147226865489	36.0	36.0	36.0	36.0	36.0
59	34.83874673490637	36.0	36.0	36.0	36.0	36.0
60	34.82264857305961	36.0	36.0	36.0	36.0	36.0
61	34.808386515995274	36.0	36.0	36.0	36.0	36.0
62	34.783500802145234	36.0	36.0	36.0	36.0	36.0
63	34.77178277778571	36.0	36.0	36.0	36.0	36.0
64	34.74885280928659	36.0	36.0	36.0	36.0	36.0
65	34.727851247644736	36.0	36.0	36.0	36.0	36.0
66	34.701334838133704	36.0	36.0	36.0	36.0	36.0
67	34.68725844399188	36.0	36.0	36.0	36.0	36.0
68	34.6542258167615	36.0	36.0	36.0	32.0	36.0
69	34.655875040899886	36.0	36.0	36.0	32.0	36.0
70	34.62707610762841	36.0	36.0	36.0	32.0	36.0
71	34.596727523519014	36.0	36.0	36.0	32.0	36.0
72	34.57643478993082	36.0	36.0	36.0	32.0	36.0
73	34.54695882171224	36.0	36.0	36.0	32.0	36.0
74	34.51237458729431	36.0	36.0	36.0	32.0	36.0
75	33.9237690281797	36.0	36.0	36.0	32.0	36.0
>>END_MODULE
>>Per sequence quality scores	pass
#Quality	Count
2	15448.0
3	0.0
4	0.0
5	0.0
6	0.0
7	0.0
8	0.0
9	0.0
10	0.0
11	0.0
12	0.0
13	0.0
14	0.0
15	1.0
16	5.0
17	12.0
18	105.0
19	795.0
20	3339.0
21	8820.0
22	17189.0
23	28149.0
24	44123.0
25	67927.0
26	99923.0
27	141972.0
28	194550.0
29	256483.0
30	329911.0
31	427177.0
32	575959.0
33	882425.0
34	2008448.0
35	1.6099249E7
>>END_MODULE
>>Per base sequence content	fail
#Base	G	A	T	C
1	45.16731800654877	17.99057995997932	10.18872366963719	26.65337836383472
2	16.785838117576603	20.456235419413492	34.89688416648251	27.861042296527394
3	18.38883533817332	21.582760808478508	28.82523837515497	31.203165478193206
4	12.918806741745072	14.994211897144993	35.666013202142	36.42096815896794
5	14.399061065216717	35.497552646814526	34.63879132442536	15.464594963543401
6	34.697002751083446	35.495296499734124	15.939240165535114	13.868460583647312
7	30.495372491298966	29.996527987882132	20.466284241869918	19.041815278948988
8	26.54049297852101	33.83109538961536	20.188277833845813	19.44013379801782
9	24.28997898478639	14.345309355612116	20.525554035304275	40.839157624297215
10	13.796841505875992	26.244251542204694	35.94378169699345	24.01512525492586
11	34.302154946951156	22.678891598079176	24.005667430146676	19.013286024823
12	21.61782382214504	24.309138611802354	31.97864661316284	22.094390952889768
13	27.87910388923355	20.476437623828925	26.2197019156738	25.424756571263725
14	20.082700104312092	20.721312533976718	27.632740431493048	31.563246930218142
15	22.628407842206585	29.874325379367093	23.35750292744869	24.139763850977626
16	22.657957283335094	28.6416415856534	25.757406480447663	22.94299465056384
17	21.485197663654247	28.347121804775032	27.6660109478624	22.501669583708317
18	21.87610920883108	27.885425052600098	28.266468966319323	21.971996772249504
19	22.43326320066276	27.25424553130784	27.774302820586982	22.538188447442412
20	22.46318314709027	27.26788458022989	27.91777768935695	22.35115458332289
21	22.185646834017593	26.925017574971992	27.647377952002934	23.24195763900748
22	22.21649899115269	26.96222547921427	27.87555938775514	22.9457161418779
23	22.118372180968553	27.0723825872021	27.80901565201893	23.00022957981042
24	22.34314845419469	26.717289006116236	28.124473428015364	22.81508911167371
25	22.47582183848286	26.73326640036654	27.713047222669708	23.077864538480895
26	21.965919678737606	27.160369708520836	27.887996178684272	22.98571443405729
27	21.984151715483062	27.14514796619	27.94572781002751	22.92497250829943
28	22.114530525061962	26.95988753975466	27.8193967680093	23.106185167174072
29	21.94006741765334	27.108359266982053	27.949128213570955	23.002445101793654
30	21.968620026350735	27.217824402003803	27.909146510519477	22.904409061125982
31	22.556631519564906	27.06706480109319	27.633761136052858	22.742542543289048
32	21.853481851104846	27.35247079827083	28.024177475561956	22.76986987506237
33	21.95998041387443	27.15544377329145	28.18186040439289	22.702715408441236
34	22.051249810079167	26.859712611720532	28.298537287424953	22.79050029077535
35	21.912484205159444	27.18987136482668	28.124706918417463	22.772937511596414
36	22.03195777397913	27.4906857767554	28.063232150065794	22.41412429919968
37	22.19284020947832	27.14260301230983	27.685702996570193	22.978853781641657
38	22.102402840049905	27.607673509157106	27.662329465290984	22.627594185502005
39	22.242349494923044	27.32666432821832	27.92199968624269	22.50898649061595
40	22.33309188303237	27.020899292334327	27.916264354595587	22.729744470037712
41	22.29663607752295	27.23471705341765	27.941532215704285	22.527114653355113
42	22.04734271024274	27.52228881593128	27.994889179052606	22.435479294773376
43	22.176267489082132	27.238780193230994	27.881125650369505	22.703826667317372
44	22.032549507532583	27.589000707453682	27.867216824120945	22.511232960892798
45	22.10048542807015	27.48752166881981	27.81936918315958	22.59262371995046
46	22.23813143387954	27.35146394486311	27.702802352350968	22.707602268906378
47	22.242583354637166	27.46073276399607	27.7837538385526	22.512930042814165
48	22.01426817752462	27.475848436939366	27.76454922769683	22.745334157839185
49	22.369993552824436	27.205327581504935	27.765191312264175	22.659487553406453
50	22.147560636721707	27.606446777255293	27.69701085595575	22.548981730067247
51	22.18070923367542	27.516789195321945	27.759664292494907	22.54283727850773
52	22.204986782045953	27.517643897480554	27.638266482501145	22.639102837972345
53	22.070460973357584	27.321370616326874	27.967127025323546	22.641041384991993
54	22.223843491744944	27.72200291157644	27.785956004335738	22.26819759234288
55	22.2731633080432	27.263110636294325	27.718735154478352	22.744990901184128
56	22.354467383274486	27.586744177465366	27.51853882573792	22.540249613522224
57	22.15891234088972	27.508981422835976	27.6545885366117	22.677517699662605
58	22.23327772653986	27.358229179014366	27.551947056935767	22.85654603751001
59	22.151946108687508	27.50640715816083	27.623486647460677	22.71816008569099
60	22.156941487672462	27.489402749837417	27.855157363859885	22.498498398630236
61	22.429882650560117	27.390944908099474	27.60758444136462	22.571587999975794
62	22.33786821900908	27.572130772304575	27.61601832705491	22.473982681631433
63	22.294486010897355	27.704430801352014	27.58600389306421	22.415079294686425
64	22.336473142922088	27.390009033901848	27.490326796825954	22.783191026350114
65	22.239810693698598	27.582161472110712	27.647061031075417	22.530966803115277
66	22.2682199560591	27.797096674081295	27.424898814642567	22.50978455521704
67	22.41718817185628	27.408356051604432	27.46678354774848	22.707672228790805
68	22.393562609693262	27.732133049752576	27.608373658362318	22.265930682191843
69	22.60906423515972	27.577087044880848	27.555640546868997	22.25820817309043
70	22.743949910622224	27.350096706083242	27.414815316793685	22.491138066500845
71	22.473514074994736	27.757774111642146	27.38430390543906	22.384407907924057
72	22.38947284080317	27.89200022096225	27.645383456596097	22.073143481638485
73	23.20953410540583	28.47067024557984	27.574449264167338	20.745346384847
74	24.30545507142524	30.917855247093428	27.868527100627453	16.908162580853876
75	29.487219131401133	41.256900178006326	29.255880690592544	0.0
>>END_MODULE
>>Per base GC content	fail
#Base	%GC
1	71.82069637038349
2	44.646880414104
3	49.59200081636653
4	49.33977490071301
5	29.863656028760115
6	48.56546333473076
7	49.537187770247954
8	45.98062677653883
9	65.1291366090836
10	37.81196676080185
11	53.31544097177415
12	43.71221477503481
13	53.303860460497276
14	51.64594703453024
15	46.768171693184215
16	45.60095193389893
17	43.98686724736257
18	43.84810598108058
19	44.97145164810517
20	44.814337730413165
21	45.42760447302507
22	45.162215133030585
23	45.11860176077897
24	45.158237565868404
25	45.55368637696376
26	44.95163411279489
27	44.909124223782484
28	45.220715692236034
29	44.94251251944699
30	44.873029087476716
31	45.29917406285395
32	44.623351726167215
33	44.66269582231567
34	44.84175010085451
35	44.685421716755855
36	44.44608207317881
37	45.17169399111998
38	44.72999702555191
39	44.751335985538994
40	45.06283635307008
41	44.82375073087807
42	44.48282200501612
43	44.8800941563995
44	44.54378246842538
45	44.69310914802061
46	44.945733702785915
47	44.75551339745133
48	44.75960233536381
49	45.02948110623089
50	44.696542366788954
51	44.72354651218315
52	44.8440896200183
53	44.71150235834958
54	44.49204108408782
55	45.018154209227326
56	44.89471699679671
57	44.83643004055232
58	45.08982376404987
59	44.870106194378494
60	44.6554398863027
61	45.00147065053591
62	44.811850900640515
63	44.70956530558378
64	45.1196641692722
65	44.77077749681387
66	44.77800451127614
67	45.12486040064709
68	44.659493291885106
69	44.86727240825015
70	45.23508797712307
71	44.85792198291879
72	44.46261632244165
73	43.954880490252826
74	41.21361765227912
75	29.487219131401133
>>END_MODULE
>>Per sequence GC content	warn
#GC Content	Count
0	15466.0
1	7749.5
2	55.5
3	113.5
4	149.0
5	188.0
6	333.0
7	599.0
8	763.5
9	991.5
10	1716.5
11	2849.5
12	3501.0
13	4812.0
14	7867.5
15	12303.5
16	15824.0
17	21763.0
18	34400.0
19	50346.5
20	61354.5
21	78679.0
22	110732.5
23	146252.0
24	170076.5
25	200489.5
26	251541.0
27	302960.5
28	337135.5
29	377924.0
30	443054.0
31	507749.0
32	551588.0
33	601325.0
34	684573.5
35	766289.0
36	813457.0
37	855469.5
38	901526.5
39	925577.5
40	940557.0
41	942355.0
42	934144.0
43	924369.0
44	921288.0
45	911048.0
46	885708.0
47	860145.0
48	846495.5
49	825021.0
50	787989.0
51	756176.0
52	738290.5
53	722945.0
54	696491.0
55	668040.5
56	650689.5
57	632871.0
58	598985.5
59	555012.0
60	517031.5
61	478057.5
62	426409.0
63	373049.0
64	331934.0
65	297602.0
66	252676.0
67	208086.0
68	176570.0
69	152978.0
70	124083.0
71	96102.0
72	77593.0
73	65287.5
74	52030.0
75	40263.5
76	32738.5
77	27534.0
78	21482.0
79	16129.5
80	12775.0
81	10600.5
82	8006.0
83	5453.5
84	3963.0
85	3083.5
86	2139.5
87	1288.0
88	917.0
89	736.5
90	485.5
91	336.0
92	286.0
93	246.0
94	191.5
95	149.5
96	130.5
97	98.5
98	60.0
99	181.0
100	309.0
>>END_MODULE
>>Per base N content	pass
#Base	N-Count
1	0.0800018488813089
2	0.07286101647909798
3	0.07286101647909798
4	0.07286101647909798
5	0.07286101647909798
6	0.07286101647909798
7	0.07286101647909798
8	0.07286101647909798
9	0.07288931568280554
10	0.07290818181861058
11	0.07399298462740089
12	0.07304967783714847
13	0.07321003999149138
14	0.0780444872915351
15	0.07297892982787953
16	0.07388450434652187
17	0.07353548083412846
18	0.074228811324964
19	0.07309684317666108
20	0.07286573301304923
21	0.0737288587261302
22	0.07288931568280554
23	0.07300251249763584
24	0.07286101647909798
25	0.07376187446378905
26	0.0735307643001772
27	0.07365339418291002
28	0.07311099277851486
29	0.07344115015510322
30	0.07312514238036866
31	0.07325248879705273
32	0.07395053582183954
33	0.07350246509646963
34	0.07334681947607798
35	0.0731204258464174
36	9.441804751880938E-6
37	8.500179660741774E-4
38	4.724345539955609E-6
39	4.584862881403872E-4
40	0.0011492246446164667
41	0.0015331878382240762
42	0.0011553382593673784
43	2.8428856502314395E-5
44	3.3191515471015815E-5
45	0.0013192482543806752
46	1.8999188307177546E-4
47	4.183885375613777E-4
48	0.001199336081811854
49	6.670144670673518E-5
50	0.0010064164054078045
51	7.544575789036089E-4
52	9.9434243059454E-4
53	0.0011199456529620575
54	1.3896576597522892E-4
55	0.0
56	3.0268555597499127E-4
57	6.062315406104405E-4
58	4.818610630722401E-5
59	5.308604886570798E-4
60	2.7068871426244335E-4
61	2.9049878690127413E-5
62	3.5885827590711853E-4
63	2.5258125903403016E-4
64	0.0
65	4.8738026285392335E-6
66	0.0
67	1.6632045921665805E-4
68	5.882329873216183E-5
69	4.912161465498181E-6
70	0.0
71	0.0
72	1.0948568006930642E-4
73	3.063670737093649E-5
74	0.0
75	0.0013808428473772762
>>END_MODULE
>>Sequence Length Distribution	warn
#Length	Count
35	19619.0
36	6368.0
37	9070.0
38	10377.0
39	11885.0
40	12251.0
41	13084.0
42	14040.0
43	15589.0
44	17120.0
45	19076.0
46	20450.0
47	21456.0
48	22575.0
49	23573.0
50	23279.0
51	23851.0
52	24476.0
53	25422.0
54	26726.0
55	28044.0
56	29541.0
57	31268.0
58	31795.0
59	33105.0
60	33839.0
61	33177.0
62	33520.0
63	33746.0
64	35828.0
65	37624.0
66	37772.0
67	42384.0
68	42443.0
69	52813.0
70	64923.0
71	145949.0
72	509602.0
73	1470655.0
74	4498822.0
75	1.3614873E7
>>END_MODULE
>>Sequence Duplication Levels	warn
#Total Duplicate Percentage	40.55910409803469
#Duplication Level	Relative count
1	100.0
2	27.483047137629985
3	12.56452825201741
4	7.04462670664321
5	4.29665237753054
6	2.7711012546357097
7	1.9269684730447423
8	1.3471434117170917
9	1.0274962625236432
10++	6.730761288830521
>>END_MODULE
>>Overrepresented sequences	pass
>>END_MODULE
>>Kmer Content	warn
#Sequence	Count	Obs/Exp Overall	Obs/Exp Max	Max Obs/Exp Position
AAAAA	7619410	3.5967305	7.767111	71
TTTTT	7733640	3.3821425	6.0845065	71
CCTGG	3346575	3.0583413	12.713186	3
CCAGG	3198520	2.9680429	14.311608	3
CCCAG	3007270	2.7734509	12.720675	2
CTGGG	2927215	2.6916153	10.879948	4
CAGCA	3390580	2.6489573	6.8623714	4
CCAGC	2856210	2.634136	7.0446696	3
CCTCC	2848410	2.5712352	5.0827956	1
TGCTG	3364870	2.5654929	6.18211	2
GGAGG	2728685	2.5634248	5.671371	6
GCTGG	2739515	2.5190227	6.0408163	3
TCCAG	3218755	2.4765844	9.662482	2
AGCAG	3051975	2.3991365	5.765902	7
AGGAG	3014400	2.3842285	7.4797893	5
GCTGC	2594815	2.3713288	6.1341996	8
CTGCT	3118395	2.3629832	6.91761	9
CAGGA	2995115	2.3544393	10.409475	4
CAGCC	2544870	2.347003	5.761571	5
AGAAG	3524170	2.346841	5.1278505	5
CTCCA	3046745	2.3298519	7.1960993	1
CTCCT	3080240	2.319749	6.449184	1
CTGGA	2986690	2.312216	8.501942	4
GGCTG	2483370	2.2834938	9.164607	7
GGCAG	2411400	2.2514555	6.5878544	7
TCCTG	2963035	2.2452583	8.698788	2
CCTGC	2467510	2.2411518	6.3046017	3
GCAGG	2376975	2.2193139	6.4832406	3
CAGAG	2778420	2.1840968	8.530029	4
CTGCC	2403865	2.1833453	6.0655417	9
CCCTG	2385185	2.166379	9.430292	2
CTGCA	2807165	2.1598978	6.196108	4
TGCAG	2766855	2.1420257	6.058582	2
GCCTG	2340665	2.1390684	7.9895887	7
CTCTG	2790315	2.1143785	7.5758266	2
TGGAG	2692220	2.097113	6.1851006	5
CAGGG	2241990	2.0932822	9.914874	4
AGCTG	2682080	2.076395	6.487985	7
GCCAG	2204550	2.0456955	6.071591	2
GGAGA	2576620	2.0379682	5.3815656	6
CTGGC	2227175	2.035353	5.8941045	4
CAGAA	3050135	2.0187051	5.6072226	4
CAGGC	2174925	2.0182054	6.6227593	4
CACAG	2546300	1.9893469	6.6087666	7
GGGAG	2091905	1.9652108	5.5095744	7
CCCCA	2134140	1.9561311	7.6698065	1
CTGTG	2551400	1.9452753	9.431026	9
CTCAG	2506810	1.9287976	6.507134	2
TTCTG	3031155	1.9162617	5.0735493	2
CTGAG	2458260	1.9031196	5.9241147	4
CCAGA	2424085	1.8938642	7.526428	3
GGCCA	2003370	1.8590121	7.132355	1
CCTCT	2451520	1.8462559	5.7824893	1
TCTGG	2371245	1.8079189	6.42064	3
TGGGG	1953715	1.8075595	6.041328	5
CAGTG	2333365	1.806429	6.4634504	9
AGAGG	2282480	1.805319	5.4259777	5
ACCTG	2332935	1.7950141	6.0112844	7
CACTG	2300460	1.7700272	7.1394734	7
TGGCC	1908400	1.7440333	6.1095743	5
CCTGA	2234450	1.7192374	5.714137	3
GCCCA	1845855	1.7023373	8.574442	1
GAGAG	2150365	1.7008232	5.453906	7
ACAGA	2509625	1.6609733	5.5191207	8
GGCCC	1510630	1.6547269	5.27187	6
TCAGG	2133130	1.6514126	6.0205097	3
GGGCC	1455270	1.6039279	5.7599387	6
GGCCT	1753995	1.6029269	5.731233	6
TGGGC	1720710	1.5822171	6.8018546	5
CCAAG	2021070	1.5790007	5.2146287	3
CCTGT	2080120	1.5762239	6.1418834	8
AGGTG	2018040	1.5719583	5.4048963	7
AGGCC	1679710	1.5586743	5.5139523	5
AGCCT	1998385	1.5376036	5.6271935	6
CCATG	1927020	1.4826938	5.134042	9
GTGTG	1928210	1.4792101	6.681675	9
ACACA	2236810	1.4713293	5.97201	6
ACAGC	1879960	1.4687557	5.3253336	8
AGGCT	1879080	1.4547338	5.4370127	6
GCTGT	1901945	1.4501084	5.7075214	8
TGTGT	2275160	1.4472103	6.268042	10
CACAC	1861230	1.4452001	6.3468785	5
GCCCT	1588970	1.443205	6.466615	1
CTGTC	1893670	1.4349402	6.208512	9
GACAG	1818350	1.4293925	6.8143477	7
GGGCT	1552155	1.4272285	6.5905113	6
CCCCT	1548010	1.3973755	5.073665	1
AGAGC	1737295	1.3656754	5.3197546	5
AGACA	2061805	1.3645875	5.496656	6
AGGGC	1454130	1.3576798	6.134479	5
GTCCT	1713880	1.2987032	8.864592	1
GGACA	1646510	1.2943102	6.1513195	6
TGTCC	1655480	1.2544503	5.009137	10
AGGAC	1576200	1.2390399	9.033686	5
ACTGC	1581970	1.2172043	5.1573668	8
GTGCT	1573120	1.1994009	5.4942946	1
GTCCA	1546645	1.1900245	6.9230385	1
TGTGC	1525100	1.1627889	6.232796	10
AGCAC	1480310	1.1565213	5.476221	5
GTCTT	1799025	1.1373231	5.168063	1
TGGAC	1409920	1.0915226	5.911697	5
GTGCA	1366300	1.0577532	5.5140805	1
ACAGT	1614830	1.0525553	5.2835712	8
GACTG	1345345	1.0415303	6.3275948	7
ACTGT	1618995	1.0392689	6.2994027	8
TGCAC	1335005	1.0271838	5.1084566	5
GGACC	1093200	1.0144268	5.6896935	6
AGACT	1524115	0.99342674	5.68543	6
GGACT	1218165	0.943071	5.454564	6
TGTAG	1407210	0.90889627	5.0575438	2
TAGGA	1218965	0.7994336	5.3524866	4
TCCTA	1221105	0.77904475	5.016808	2
GTGTA	978545	0.63202786	5.431424	1
>>END_MODULE
