##FastQC	0.10.1
>>Basic Statistics	pass
#Measure	Value	
Filename	004-F5_S4_L001_R2_001_trimmed.fq.gz	
File type	Conventional base calls	
Encoding	Sanger / Illumina 1.9	
Total Sequences	15439675	
Filtered Sequences	0	
Sequence length	20-50	
%GC	45	
>>END_MODULE
>>Per base sequence quality	pass
#Base	Mean	Median	Lower Quartile	Upper Quartile	10th Percentile	90th Percentile
1	34.67461782712395	36.0	36.0	36.0	32.0	36.0
2	34.653921471792636	36.0	36.0	36.0	32.0	36.0
3	34.63706347445785	36.0	36.0	36.0	32.0	36.0
4	34.62392427301741	36.0	36.0	36.0	32.0	36.0
5	34.61038473931608	36.0	36.0	36.0	32.0	36.0
6	34.59342227087034	36.0	36.0	36.0	32.0	36.0
7	34.58274186470894	36.0	36.0	36.0	32.0	36.0
8	34.56615848455359	36.0	36.0	36.0	32.0	36.0
9	34.5573502680594	36.0	36.0	36.0	32.0	36.0
10	34.52835334940664	36.0	36.0	36.0	32.0	36.0
11	34.523720609404016	36.0	36.0	36.0	32.0	36.0
12	34.508155450163294	36.0	36.0	36.0	32.0	36.0
13	34.495434392239474	36.0	36.0	36.0	32.0	36.0
14	34.49248990020839	36.0	36.0	36.0	32.0	36.0
15	34.46849010746664	36.0	36.0	36.0	32.0	36.0
16	34.44475845508406	36.0	36.0	36.0	32.0	36.0
17	34.4399279129904	36.0	36.0	36.0	32.0	36.0
18	34.42371565463651	36.0	36.0	36.0	32.0	36.0
19	34.40912668174686	36.0	36.0	36.0	32.0	36.0
20	34.405374206387116	36.0	36.0	36.0	32.0	36.0
21	34.38888176964149	36.0	36.0	36.0	32.0	36.0
22	34.375907987715074	36.0	36.0	36.0	32.0	36.0
23	34.35981571187326	36.0	36.0	36.0	32.0	36.0
24	34.328279053379894	36.0	36.0	36.0	32.0	36.0
25	34.31768488805005	36.0	36.0	36.0	32.0	36.0
26	34.294553937241375	36.0	36.0	36.0	32.0	36.0
27	34.28265041250886	36.0	36.0	36.0	32.0	36.0
28	34.252833988401775	36.0	36.0	36.0	32.0	36.0
29	34.22781622365228	36.0	36.0	36.0	32.0	36.0
30	34.19915849385375	36.0	36.0	36.0	32.0	36.0
31	34.1723758336074	36.0	36.0	36.0	32.0	36.0
32	34.15039980724924	36.0	36.0	36.0	32.0	36.0
33	34.119693821355185	36.0	36.0	36.0	32.0	36.0
34	34.09396243849978	36.0	36.0	36.0	32.0	36.0
35	34.06566479050404	36.0	36.0	36.0	32.0	36.0
36	34.040150198530135	36.0	36.0	36.0	32.0	36.0
37	34.021177202366665	36.0	36.0	36.0	32.0	36.0
38	33.98592814461308	36.0	36.0	36.0	32.0	36.0
39	33.96420968071666	36.0	36.0	36.0	32.0	36.0
40	33.92975723978915	36.0	36.0	36.0	32.0	36.0
41	33.918917342036536	36.0	36.0	36.0	32.0	36.0
42	33.8829636674534	36.0	36.0	36.0	32.0	36.0
43	33.871592687930345	36.0	36.0	36.0	32.0	36.0
44	33.849717410161425	36.0	36.0	36.0	32.0	36.0
45	33.848369945336444	36.0	36.0	36.0	32.0	36.0
46	33.8302721752541	36.0	36.0	36.0	32.0	36.0
47	33.83052080924778	36.0	36.0	36.0	32.0	36.0
48	33.8616265763607	36.0	36.0	36.0	32.0	36.0
49	33.94051968039992	36.0	36.0	36.0	32.0	36.0
50	34.081855217019815	36.0	36.0	36.0	32.0	36.0
>>END_MODULE
>>Per sequence quality scores	pass
#Quality	Count
2	50.0
3	10.0
4	17.0
5	25.0
6	29.0
7	52.0
8	53.0
9	99.0
10	134.0
11	137.0
12	167.0
13	205.0
14	998.0
15	2033.0
16	3750.0
17	6210.0
18	9994.0
19	15601.0
20	22854.0
21	33369.0
22	46393.0
23	63434.0
24	86622.0
25	115484.0
26	152627.0
27	197043.0
28	249938.0
29	314262.0
30	394761.0
31	504750.0
32	679893.0
33	1002178.0
34	1890911.0
35	6767705.0
36	2877887.0
>>END_MODULE
>>Per base sequence content	pass
#Base	G	A	T	C
1	22.579116909605297	26.69841506112638	27.39847447844029	23.323993550828035
2	22.581155418808954	26.851525039472087	27.602769118659165	22.964550423059794
3	22.475798881129823	26.878224732207794	27.550759451722	23.095216934940378
4	22.715649067734095	26.522109721091482	27.833551103579797	22.928690107594633
5	22.783089538201693	26.638818061458018	27.40105962284547	23.177032777494812
6	22.273067481745525	27.061377204973443	27.65036988323016	23.015185430050877
7	22.43024768291198	27.059332222616643	27.481544915361834	23.02887517910954
8	22.423952063221193	26.97002266877352	27.442723932692076	23.163301335313207
9	22.372845254937207	27.059875095542058	27.54467390805121	23.022605741469526
10	22.417573333115648	27.0805320906603	27.550356932899877	22.951537643324176
11	22.969567906400577	26.914465329934284	27.23033436101102	22.885632402654117
12	22.287912911697056	27.220082797735827	27.64157310256484	22.850431188002272
13	22.45324250733801	27.021159009647523	27.705858677050603	22.819739805963863
14	22.468179159317	26.82407637131321	27.853012299502307	22.854732169867482
15	22.385411886520775	27.082604030441953	27.679075547531028	22.852908535506245
16	22.46715254788317	27.347984060290337	27.60041181967295	22.58445157215354
17	22.662643418584423	27.001602199078484	27.21776173592038	23.117992646416717
18	22.493934427949867	27.480659288523007	27.297775505621967	22.727630777905162
19	22.77251853404281	27.123939598795914	27.45567523776731	22.64786662939397
20	22.826200827190906	26.87821049267415	27.496125559284206	22.799463120850742
21	22.802874754659	27.008608174659088	27.497313090400215	22.691203980281692
22	22.56742860787471	27.25437581434338	27.50069963566879	22.677495942113122
23	22.610341083082385	27.044796954347838	27.46339666524263	22.881465297327146
24	22.448143126488436	27.36884877452994	27.447564889446834	22.73544320953479
25	22.542501690100764	27.329562108170386	27.2917340138762	22.83620218785265
26	22.658133002447062	27.15712420872187	27.278221535388912	22.906521253442147
27	22.71083189930231	27.271152746011452	27.356723208398527	22.66129214628771
28	22.41444004728593	27.322751986044054	27.344538318522265	22.918269648147753
29	22.753570314104888	27.063085020336334	27.35192746633056	22.831417199228216
30	22.558572508984675	27.466563965643047	27.285639882585595	22.689223642786683
31	22.636037280258044	27.333265978454623	27.291024593161406	22.739672148125926
32	22.63505441820794	27.39099003255004	27.20796592672221	22.76598962251981
33	22.518178964745246	27.16312367808353	27.491442911310347	22.827254445860877
34	22.651069279135395	27.53891073988788	27.333311631729444	22.476708349247282
35	22.654489679588906	27.1028873536274	27.318355347987712	22.924267618795987
36	22.697174619990808	27.428243105451998	27.129078196682844	22.74550407787435
37	22.570243458893962	27.33604410798146	27.20507555092408	22.888636882200494
38	22.603083288046626	27.266478008709406	27.184500467861984	22.945938235381988
39	22.52024981619152	27.369087631194095	27.255347020044717	22.855315532569666
40	22.57790275147582	27.308134403450868	27.434236791450235	22.67972605362308
41	22.807962524248957	27.242873158448067	27.24173109463909	22.70743322266389
42	22.735771788399575	27.332043689523605	27.30132783985311	22.63085668222371
43	22.67840640095036	27.547342400181684	27.163942244700085	22.61030895416787
44	22.778003178287772	27.20622347209382	27.114725391887607	22.901047957730796
45	22.643446718858577	27.466926898529703	27.210413848614344	22.67921253399737
46	22.602564205750447	27.753231343064776	27.017458709578392	22.62674574160638
47	22.71934098759488	27.411339655170618	27.11236842273313	22.75695093450137
48	22.715110096894826	27.790933384309653	27.330473880611876	22.163482638183652
49	22.902787079998355	27.940145076549495	27.46267289471819	21.694394948733965
50	22.951451536584166	27.70151159657593	27.452772856402934	21.894264010436974
>>END_MODULE
>>Per base GC content	pass
#Base	%GC
1	45.90311046043333
2	45.54570584186875
3	45.5710158160702
4	45.644339175328724
5	45.96012231569651
6	45.2882529117964
7	45.45912286202152
8	45.5872533985344
9	45.39545099640673
10	45.36911097643983
11	45.855200309054695
12	45.138344099699324
13	45.272982313301874
14	45.322911329184485
15	45.238320422027016
16	45.051604120036714
17	45.78063606500113
18	45.22156520585503
19	45.420385163436784
20	45.62566394804165
21	45.49407873494069
22	45.24492454998783
23	45.491806380409535
24	45.183586336023225
25	45.37870387795341
26	45.56465425588921
27	45.37212404559002
28	45.33270969543368
29	45.584987513333104
30	45.24779615177136
31	45.37570942838397
32	45.40104404072775
33	45.34543341060612
34	45.127777628382674
35	45.5787572983849
36	45.442678697865155
37	45.458880341094456
38	45.54902152342862
39	45.375565348761185
40	45.257628805098896
41	45.515395746912844
42	45.36662847062328
43	45.28871535511823
44	45.67905113601857
45	45.32265925285595
46	45.22930994735683
47	45.476291922096244
48	44.87859273507848
49	44.59718202873232
50	44.845715547021136
>>END_MODULE
>>Per sequence GC content	pass
#GC Content	Count
0	7521.0
1	6142.5
2	4473.5
3	4451.0
4	4792.5
5	5513.0
6	6367.0
7	7252.5
8	8146.5
9	9840.0
10	11696.5
11	14643.5
12	17744.5
13	22764.5
14	28685.0
15	37508.0
16	47040.0
17	60965.5
18	76326.0
19	96271.0
20	116647.5
21	141046.0
22	166729.5
23	198723.5
24	232423.0
25	263994.5
26	300832.0
27	345250.0
28	393932.5
29	447112.5
30	501128.0
31	559254.0
32	620718.0
33	683353.5
34	746098.0
35	801924.0
36	852933.0
37	890105.0
38	920406.0
39	944130.0
40	965817.0
41	980054.0
42	991586.0
43	994432.5
44	993229.0
45	982306.0
46	970304.0
47	954856.5
48	938775.5
49	922886.0
50	904680.5
51	883446.5
52	860750.5
53	836912.0
54	812210.5
55	785160.0
56	756378.5
57	723292.5
58	687166.0
59	642383.0
60	596240.0
61	546104.0
62	496111.5
63	451847.0
64	399266.0
65	350950.5
66	305589.5
67	264065.0
68	222455.0
69	184511.0
70	151926.5
71	125095.5
72	101667.0
73	81266.0
74	62735.0
75	49747.0
76	40125.5
77	31441.5
78	23796.5
79	18076.5
80	13309.0
81	10096.5
82	7613.0
83	5813.5
84	4301.5
85	3335.5
86	2582.0
87	2154.0
88	1803.5
89	1499.0
90	1292.0
91	1162.5
92	1068.5
93	1006.0
94	954.0
95	977.0
96	1008.0
97	1107.0
98	1633.5
99	6164.5
100	10277.0
>>END_MODULE
>>Per base N content	pass
#Base	N-Count
1	0.009158223861577396
2	0.01003907141827791
3	0.012688090908649308
4	0.023847652233612432
5	0.012422541277585183
6	0.01710528233269159
7	0.014216620492335491
8	0.028141784072527435
9	0.017850116663725112
10	0.029540777250816483
11	0.010563693860136305
12	0.01956647403523714
13	0.021192155922971176
14	0.015965361965196805
15	0.01657418307056334
16	0.0308555717655974
17	0.021962897535084125
18	0.01650941486786477
19	0.02519483084974263
20	0.029430671306228923
21	0.017702906665368324
22	0.017139762726859464
23	0.021310377527655713
24	0.029674898344836442
25	0.018415591719054512
26	0.02745600252829227
27	0.029936411818515744
28	0.033359313983917734
29	0.02719259703753162
30	0.028886293732911107
31	0.035128750941425174
32	0.024441867741519886
33	0.023422857041936248
34	0.024216359221995894
35	0.018735482705411817
36	0.00818995761917457
37	0.016765849856979535
38	0.014320603239860466
39	0.00801534939408968
40	0.008365695274381368
41	0.0075924174381702455
42	0.011250317762374376
43	0.003766356222949841
44	0.004421122224208252
45	0.0028918015441653224
46	9.126380463854394E-4
47	0.003237395061249881
48	7.726038190364324E-4
49	1.6723065204067385E-4
50	8.019904685228318E-4
>>END_MODULE
>>Sequence Length Distribution	warn
#Length	Count
20	35425.0
21	36476.0
22	37215.0
23	38173.0
24	39007.0
25	39948.0
26	41272.0
27	42951.0
28	44220.0
29	46714.0
30	47704.0
31	48995.0
32	50138.0
33	50230.0
34	51089.0
35	52557.0
36	52949.0
37	55340.0
38	57231.0
39	60396.0
40	63019.0
41	66810.0
42	70902.0
43	83757.0
44	118305.0
45	193149.0
46	448085.0
47	912671.0
48	1791370.0
49	2409363.0
50	8354214.0
>>END_MODULE
>>Sequence Duplication Levels	warn
#Total Duplicate Percentage	28.42945384095871
#Duplication Level	Relative count
1	100.0
2	19.054572505045357
3	7.2501601427164335
4	3.4026022330438135
5	1.8803854445768444
6	1.1702472052513035
7	0.7914149728273971
8	0.5331202689020065
9	0.3974294511065345
10++	3.2772432034053574
>>END_MODULE
>>Overrepresented sequences	pass
>>END_MODULE
>>Kmer Content	warn
#Sequence	Count	Obs/Exp Overall	Obs/Exp Max	Max Obs/Exp Position
AAAAA	4350245	4.3156776	5.559363	46
TTTTT	3540095	3.3833516	4.138966	13
>>END_MODULE
