##FastQC	0.10.1
>>Basic Statistics	pass
#Measure	Value	
Filename	005-F0_S3_L004_R2_001.fastq.gz	
File type	Conventional base calls	
Encoding	Sanger / Illumina 1.9	
Total Sequences	21228997	
Filtered Sequences	0	
Sequence length	35-75	
%GC	46	
>>END_MODULE
>>Per base sequence quality	pass
#Base	Mean	Median	Lower Quartile	Upper Quartile	10th Percentile	90th Percentile
1	31.358794671269678	32.0	32.0	32.0	32.0	32.0
2	31.09650799799915	32.0	32.0	32.0	32.0	32.0
3	31.144108174305174	32.0	32.0	32.0	32.0	32.0
4	31.19787345582083	32.0	32.0	32.0	32.0	32.0
5	31.159590723951773	32.0	32.0	32.0	32.0	32.0
6	34.81535043789398	36.0	36.0	36.0	36.0	36.0
7	34.804457318449856	36.0	36.0	36.0	36.0	36.0
8	34.72408856621912	36.0	36.0	36.0	32.0	36.0
9	34.87373482600238	36.0	36.0	36.0	36.0	36.0
10	34.68764685397054	36.0	36.0	36.0	32.0	36.0
11	34.83469360328234	36.0	36.0	36.0	36.0	36.0
12	34.729127052022285	36.0	36.0	36.0	32.0	36.0
13	34.77466307051624	36.0	36.0	36.0	32.0	36.0
14	34.73525899504343	36.0	36.0	36.0	32.0	36.0
15	34.67884271687447	36.0	36.0	36.0	32.0	36.0
16	34.68183282516833	36.0	36.0	36.0	32.0	36.0
17	34.6667055443081	36.0	36.0	36.0	32.0	36.0
18	34.654420084001146	36.0	36.0	36.0	32.0	36.0
19	34.644727021253054	36.0	36.0	36.0	32.0	36.0
20	34.62760030537476	36.0	36.0	36.0	32.0	36.0
21	34.61559502787626	36.0	36.0	36.0	32.0	36.0
22	34.6027960247015	36.0	36.0	36.0	32.0	36.0
23	34.58719688923598	36.0	36.0	36.0	32.0	36.0
24	34.57544838317138	36.0	36.0	36.0	32.0	36.0
25	34.566758099782106	36.0	36.0	36.0	32.0	36.0
26	34.54080077358341	36.0	36.0	36.0	32.0	36.0
27	34.531977370386365	36.0	36.0	36.0	32.0	36.0
28	34.521131403428996	36.0	36.0	36.0	32.0	36.0
29	34.50557442727982	36.0	36.0	36.0	32.0	36.0
30	34.477356702250226	36.0	36.0	36.0	32.0	36.0
31	34.469393019368745	36.0	36.0	36.0	32.0	36.0
32	34.44433705464276	36.0	36.0	36.0	32.0	36.0
33	34.434191544706515	36.0	36.0	36.0	32.0	36.0
34	34.41749348779879	36.0	36.0	36.0	32.0	36.0
35	34.402309115216326	36.0	36.0	36.0	32.0	36.0
36	34.44019623102104	36.0	36.0	36.0	32.0	36.0
37	34.425377876195036	36.0	36.0	36.0	32.0	36.0
38	34.41061743329776	36.0	36.0	36.0	32.0	36.0
39	34.38661717575074	36.0	36.0	36.0	32.0	36.0
40	34.39324139939259	36.0	36.0	36.0	32.0	36.0
41	34.357877330830476	36.0	36.0	36.0	32.0	36.0
42	34.35930805963988	36.0	36.0	36.0	32.0	36.0
43	34.339646861813655	36.0	36.0	36.0	32.0	36.0
44	34.29952516295427	36.0	36.0	36.0	32.0	36.0
45	34.28496336527184	36.0	36.0	36.0	32.0	36.0
46	34.26346237454309	36.0	36.0	36.0	32.0	36.0
47	34.244755125785574	36.0	36.0	36.0	32.0	36.0
48	34.219626580827565	36.0	36.0	36.0	32.0	36.0
49	34.194767857342896	36.0	36.0	36.0	32.0	36.0
50	34.16247267367894	36.0	36.0	36.0	32.0	36.0
51	34.12575133929174	36.0	36.0	36.0	32.0	36.0
52	34.10172488122768	36.0	36.0	36.0	32.0	36.0
53	34.08617023087887	36.0	36.0	36.0	32.0	36.0
54	34.05616077681854	36.0	36.0	36.0	32.0	36.0
55	34.013569806177664	36.0	36.0	36.0	32.0	36.0
56	33.99493788577852	36.0	36.0	36.0	32.0	36.0
57	33.96616189507138	36.0	36.0	36.0	32.0	36.0
58	33.947385413381035	36.0	36.0	36.0	32.0	36.0
59	33.90319134014568	36.0	36.0	36.0	32.0	36.0
60	33.87500361089792	36.0	36.0	36.0	32.0	36.0
61	33.85447389211592	36.0	36.0	36.0	32.0	36.0
62	33.82879990184787	36.0	36.0	36.0	32.0	36.0
63	33.786399095950934	36.0	36.0	36.0	27.0	36.0
64	33.76303212036695	36.0	36.0	36.0	27.0	36.0
65	33.72868775937089	36.0	36.0	36.0	27.0	36.0
66	33.71322150077212	36.0	36.0	36.0	27.0	36.0
67	33.69342548357101	36.0	36.0	36.0	27.0	36.0
68	33.66977618333327	36.0	36.0	36.0	27.0	36.0
69	33.64764035937689	36.0	36.0	36.0	27.0	36.0
70	33.620669846711245	36.0	36.0	36.0	27.0	36.0
71	33.566274480487	36.0	36.0	36.0	27.0	36.0
72	33.52733937417573	36.0	36.0	36.0	27.0	36.0
73	33.49119087205229	36.0	36.0	36.0	27.0	36.0
74	33.406397926454765	36.0	36.0	36.0	27.0	36.0
75	32.105156790611915	36.0	32.0	36.0	14.0	36.0
>>END_MODULE
>>Per sequence quality scores	pass
#Quality	Count
2	39177.0
3	109.0
4	1046.0
5	511.0
6	325.0
7	136.0
8	93.0
9	61.0
10	79.0
11	105.0
12	93.0
13	137.0
14	1491.0
15	4313.0
16	7407.0
17	11051.0
18	16204.0
19	21479.0
20	28767.0
21	39274.0
22	54054.0
23	75475.0
24	105307.0
25	147060.0
26	199702.0
27	264329.0
28	339776.0
29	431843.0
30	549608.0
31	714177.0
32	977014.0
33	1524110.0
34	3388599.0
35	1.2286085E7
>>END_MODULE
>>Per base sequence content	fail
#Base	G	A	T	C
1	44.070917581917584	17.753429193807648	11.969398643614943	26.206254580659827
2	16.848537093061793	18.9761138188957	37.032940197182604	27.142408890859905
3	20.050142120783104	20.654317676536976	28.328122623366212	30.967417579313704
4	13.745498474072207	14.552546092751244	35.72536707291213	35.976588360264415
5	15.602593981717385	34.17408707388259	34.637172019841614	15.586146924558411
6	34.85118386914578	34.46641790199525	16.338070018061774	14.344328210797194
7	30.666036906565907	29.31125982649222	20.43915573069657	19.583547536245305
8	26.760028413363944	34.3746013485257	19.87881608718189	18.986554150928463
9	25.080736877422716	15.682840220153857	19.908663627280994	39.327759275142434
10	14.606989224373102	27.21583479864088	34.59536367504796	23.581812301938058
11	34.801004905968	22.539044225453264	23.367188275820144	19.292762592758592
12	22.670881740795785	24.010139135583188	30.567811605103852	22.751167518517175
13	27.926573249326385	20.444446185594963	25.971153709092704	25.65782685598595
14	20.810366542895373	20.472555302961506	26.989890867664652	31.72718728647847
15	23.125546984008878	29.091695264099055	23.074368491002392	24.70838926088967
16	23.066395320818163	28.29805687831281	25.297993864273423	23.337553936595604
17	22.03341620167689	27.91214067491347	27.202227646080235	22.8522154773294
18	22.45057922876173	27.557671530114565	27.715932224830347	22.275817016293363
19	22.95358057876996	26.970337524001426	27.347662385654715	22.728419511573904
20	22.955713039603662	26.87838904328913	27.471858668398635	22.694039248708574
21	22.819912137065046	26.55461554183638	27.19979023160904	23.425682089489534
22	22.74056945167757	26.5746098703126	27.43391216005304	23.25090851795679
23	22.711363477584406	26.6506753095208	27.296307275744937	23.341653937149857
24	22.916119797477336	26.36384435827126	27.508678669474758	23.211357174776648
25	23.024807898304505	26.426063090787586	27.127883177473482	23.421245833434423
26	22.556462382806696	26.807020220259474	27.35572185013654	23.280795546797293
27	22.62462318130682	26.790038368324492	27.281029060148104	23.30430939022058
28	22.702111013165954	26.704485298195802	27.261403825525456	23.33199986311279
29	22.590283206994737	26.815912880910357	27.37161295335132	23.22219095874358
30	22.6845575682235	26.838726615464033	27.27874729388699	23.197968522425477
31	23.152192861278927	26.750635682257574	26.990832401411602	23.106339055051897
32	22.499029124288754	26.938075382816752	27.36134273373582	23.201552759158673
33	22.624573526415638	26.77949637550559	27.454254105277347	23.141675992801424
34	22.688643336846724	26.523363830419267	27.604278702401793	23.183714130332216
35	22.649289340041616	26.795323086800476	27.409482468656726	23.14590510450118
36	22.80199688189124	27.118567294772365	27.2399551327879	22.839480690548488
37	22.916639577702476	26.782456602060883	27.03222670245452	23.268677117782122
38	22.747519795937464	27.2107583393207	27.081080034751892	22.960641829989946
39	22.929004808303343	26.915736836732922	27.23811484332047	22.91714351164326
40	22.982417431203544	26.726572193870897	27.20180214805799	23.08920822686757
41	22.97514389089458	26.85379726955083	27.225800282228192	22.945258557326394
42	22.804515314752983	27.030959113909525	27.235167559192252	22.92935801214524
43	22.916285398036347	26.801447501103226	27.10929247331747	23.172974627542956
44	22.76221234397426	27.11982642311558	27.157681383216232	22.960279849693936
45	22.86470427210374	27.03206805656321	27.016677227123846	23.0865504442092
46	22.9630204456946	27.06114255199817	26.92869210652707	23.047144895780168
47	22.909463799754377	27.147168827725043	27.071592957719194	22.87177441480139
48	22.748123926471177	27.10829882108418	27.03445275856433	23.109124493880305
49	22.99384645715478	26.924233649455303	27.052801733766213	23.029118159623703
50	22.861200055660078	27.187952788867133	26.99757266675776	22.953274488715035
51	22.97456848673147	27.10983238069276	26.95800013241636	22.957599000159405
52	22.929680564770084	27.170196479687025	26.872380673164077	23.027742282378814
53	22.83726983006375	27.02093567628705	27.11916734521876	23.022627148430438
54	22.99769997994664	27.306163781667113	26.938631323158933	22.757504915227315
55	22.984434417313004	26.99142713150132	26.917237288853592	23.10690116233208
56	23.050675187276283	27.254061148753916	26.77613585915862	22.91912780481118
57	22.852284300671897	27.161602431022807	26.91549950934536	23.070613758959933
58	22.870166791897717	27.040311180984972	26.933005683969697	23.156516343147615
59	22.803391464844967	27.17144780260698	26.94907158413653	23.076089148411523
60	22.895278237143067	27.17588575000226	27.019221686585748	22.90961432626893
61	23.109948182486143	27.149810397043268	26.83732493455522	22.90291648591537
62	23.02104397483523	27.26546113020777	26.85515020262287	22.85834469233414
63	23.00196997275546	27.382817990524906	26.777034094836576	22.838177941883057
64	23.031026917465727	27.0910720920744	26.741206795832433	23.13669419462744
65	22.900285467590976	27.2703348964957	26.895017360875524	22.9343622750378
66	22.99256187705931	27.38969392130989	26.662171610998247	22.955572590632556
67	23.0189492534603	27.178353507702287	26.761662906993788	23.041034331843623
68	23.018694130454193	27.461715459263974	26.85982502538838	22.65976538489346
69	23.268059124100755	27.324842347634842	26.73802097580203	22.669077552462376
70	23.390062125863786	27.12185129445067	26.67151953035302	22.81656704933252
71	23.153440390013973	27.480304123012633	26.619290252929712	22.74696523404368
72	23.131793750477154	27.604196323914298	26.872123642409836	22.39188628319872
73	23.841933248638643	28.225287730320332	26.842618247829265	21.09016077321176
74	25.05229811780829	30.56224743629794	26.902633580747032	17.482820865146735
75	30.595695741867594	41.19363070411409	28.21067355401831	0.0
>>END_MODULE
>>Per base GC content	fail
#Base	%GC
1	70.2771721625774
2	43.9909459839217
3	51.017559700096804
4	49.72208683433663
5	31.188740906275797
6	49.19551207994298
7	50.24958444281121
8	45.74658256429241
9	64.40849615256514
10	38.18880152631116
11	54.0937674987266
12	45.42204925931296
13	53.58440010531233
14	52.53755382937384
15	47.83393624489855
16	46.40394925741377
17	44.88563167900629
18	44.72639624505509
19	45.68200009034386
20	45.64975228831224
21	46.24559422655458
22	45.99147796963436
23	46.05301741473426
24	46.12747697225398
25	46.44605373173893
26	45.837257929603986
27	45.928932571527405
28	46.034110876278746
29	45.81247416573832
30	45.88252609064898
31	46.258531916330824
32	45.70058188344743
33	45.76624951921706
34	45.872357467178944
35	45.795194444542794
36	45.641477572439726
37	46.185316695484595
38	45.70816162592741
39	45.84614831994661
40	46.07162565807111
41	45.920402448220976
42	45.73387332689822
43	46.08926002557931
44	45.72249219366819
45	45.95125471631294
46	46.01016534147476
47	45.78123821455576
48	45.85724842035149
49	46.02296461677848
50	45.81447454437511
51	45.932167486890876
52	45.95742284714889
53	45.85989697849419
54	45.755204895173954
55	46.09133557964508
56	45.96980299208746
57	45.92289805963183
58	46.02668313504533
59	45.87948061325649
60	45.804892563412
61	46.01286466840151
62	45.879388667169366
63	45.840147914638514
64	46.16772111209317
65	45.834647742628775
66	45.948134467691865
67	46.05998358530392
68	45.678459515347654
69	45.93713667656313
70	46.206629175196305
71	45.900405624057655
72	45.52368003367587
73	44.9320940218504
74	42.53511898295503
75	30.595695741867594
>>END_MODULE
>>Per sequence GC content	warn
#GC Content	Count
0	39231.0
1	19739.0
2	381.5
3	626.0
4	743.0
5	821.0
6	951.0
7	1125.5
8	1262.0
9	1495.5
10	2165.5
11	3192.0
12	3808.5
13	4556.5
14	6524.0
15	9512.5
16	11898.0
17	16267.5
18	25257.0
19	36976.0
20	45646.5
21	59026.0
22	83863.5
23	112309.5
24	132084.0
25	157870.0
26	202585.5
27	249035.0
28	280350.0
29	320218.0
30	383697.0
31	447935.5
32	493250.0
33	544510.0
34	627997.5
35	709931.5
36	761677.5
37	811469.0
38	866905.5
39	905326.5
40	931656.0
41	943745.5
42	948008.5
43	949013.5
44	952133.5
45	947841.5
46	931506.0
47	910821.5
48	900699.5
49	884520.0
50	853143.0
51	825333.0
52	810228.0
53	797115.0
54	772742.0
55	746923.0
56	731839.5
57	715899.0
58	681395.0
59	635948.5
60	595569.5
61	547326.0
62	487456.5
63	428660.5
64	381005.0
65	339894.5
66	286401.0
67	233174.0
68	194446.5
69	164689.0
70	131571.5
71	99947.0
72	78058.5
73	63752.0
74	48317.0
75	34964.0
76	26487.5
77	20650.0
78	14907.5
79	10213.0
80	7429.5
81	5655.5
82	4044.5
83	2927.5
84	2315.5
85	1955.5
86	1608.5
87	1376.0
88	1262.0
89	1187.5
90	1114.5
91	1049.5
92	1023.0
93	983.5
94	977.0
95	1010.5
96	1019.5
97	1075.5
98	1400.5
99	6281.5
100	10893.0
>>END_MODULE
>>Per base N content	pass
#Base	N-Count
1	0.19828068184285863
2	0.1975364168170545
3	0.1866597842564112
4	0.19267985199677592
5	0.18746057573987127
6	0.1860332826840571
7	0.1883084726047114
8	0.1901926878599116
9	0.19183195513193582
10	0.1939846710610021
11	0.19662257241828243
12	0.1986952091990027
13	0.20017431817433484
14	0.20071131952206692
15	0.19955252714011879
16	0.20369309016342127
17	0.2053088047447555
18	0.20286874598927118
19	0.2038438273838373
20	0.20291585137065118
21	0.20597770116035155
22	0.20570920048648556
23	0.2102642908659321
24	0.20731078345340576
25	0.2029441145994792
26	0.2033350892649332
27	0.20761225789423776
28	0.20571862156276155
29	0.20475767178260942
30	0.2055160684228275
31	0.2085732076743899
32	0.20968489467495804
33	0.2110368191205642
34	0.20891236642032593
35	0.21773049381466303
36	0.02393176406189468
37	0.04035827981375167
38	0.0224756752863957
39	0.025895748435453357
40	0.01888624658549613
41	0.04070504288828314
42	0.01791916098358208
43	0.022929256072177922
44	0.027669542675697777
45	0.027012795338221155
46	0.02400855159002351
47	0.030839055883714123
48	0.02637351965675021
49	0.02434086990918021
50	0.025020437713897756
51	0.028387676080020054
52	0.03190161089755525
53	0.02195347804318015
54	0.01854763368447936
55	0.023536505163676617
56	0.017855860229820233
57	0.020936866235650727
58	0.01657632281657741
59	0.017372532276290487
60	0.015755738359151106
61	0.018879864781917787
62	0.016474243582769662
63	0.01751743814576959
64	0.013787389943830053
65	0.01630643454244521
66	0.019297252437604745
67	0.01747541479134273
68	0.01395876417447416
69	0.013419379961605174
70	0.01536319469715893
71	0.017640207938323278
72	0.020226105402520844
73	0.024950687264212207
74	0.028957175743801473
75	0.07026747528929747
>>END_MODULE
>>Sequence Length Distribution	warn
#Length	Count
35	52121.0
36	18888.0
37	24029.0
38	26247.0
39	28881.0
40	29842.0
41	32380.0
42	34681.0
43	38322.0
44	42400.0
45	46137.0
46	47039.0
47	48571.0
48	49435.0
49	50913.0
50	51577.0
51	53713.0
52	55930.0
53	58626.0
54	62408.0
55	64198.0
56	66076.0
57	67198.0
58	67176.0
59	68718.0
60	69831.0
61	69863.0
62	72130.0
63	74483.0
64	77836.0
65	80703.0
66	79795.0
67	83032.0
68	83210.0
69	92291.0
70	105214.0
71	184570.0
72	538175.0
73	1407217.0
74	4342175.0
75	1.2682966E7
>>END_MODULE
>>Sequence Duplication Levels	warn
#Total Duplicate Percentage	33.869109174176394
#Duplication Level	Relative count
1	100.0
2	22.03705358472582
3	9.311053525154142
4	4.953385160694606
5	2.9770946891847614
6	1.958418967622792
7	1.2249426622583623
8	0.9263396181455336
9	0.6880528996515056
10++	4.852857951329938
>>END_MODULE
>>Overrepresented sequences	warn
#Sequence	Count	Percentage	Possible Source
NNNNNNNNNNNNNNNNNNNNNNNNNNNNNNNNNNN	39174	0.1845306210180349	No Hit
>>END_MODULE
>>Kmer Content	warn
#Sequence	Count	Obs/Exp Overall	Obs/Exp Max	Max Obs/Exp Position
AAAAA	6858445	3.5091016	8.043212	71
CCTGG	3398280	2.9695733	11.568484	3
CCAGG	3277425	2.885465	11.944973	3
CCCAG	3101125	2.753432	10.51564	2
CTGGG	3060295	2.6517103	9.984857	4
CAGCA	3308530	2.5540297	6.861894	4
CCAGC	2874570	2.5522778	6.38352	3
TGCTG	3334865	2.5147843	7.5547204	2
GCTGG	2855475	2.4742362	6.375967	3
GGAGG	2853970	2.4705198	5.5115743	6
TCCAG	3164545	2.4246776	9.393768	2
CTCCA	3036975	2.3466911	6.966218	1
CAGGA	3065025	2.3461342	9.859224	4
CTCCT	3047520	2.337293	6.6155577	1
AGGAG	3058465	2.3214016	6.877471	5
CTGGA	3047805	2.3155696	8.916281	4
TCCTG	3016635	2.294126	9.391226	2
CTGCT	3014495	2.2924986	6.538849	9
CAGCC	2576510	2.2876358	5.2688284	9
AGCAG	2963860	2.268697	5.405395	7
GGCTG	2608540	2.2602696	7.9766955	7
CTGCA	2883750	2.2095323	6.5929317	4
GCTGC	2527275	2.208449	5.5710983	8
CCTGC	2498500	2.2018425	6.2532487	3
GGCAG	2500945	2.1833084	5.8926105	7
CAGAG	2848975	2.180758	7.3817215	4
TGCAG	2869360	2.179996	6.959496	2
GCAGG	2495635	2.1786728	6.4523435	3
CTGCC	2462160	2.1698174	5.60707	9
CTCTG	2846305	2.1645916	7.3472223	2
TGGAG	2840495	2.1398957	6.530221	5
CCCTG	2425460	2.137475	8.563421	2
AGCTG	2740940	2.082429	5.9211655	7
CAGGG	2365990	2.0654936	8.621069	4
GCCTG	2361085	2.0632246	6.250435	7
CACAG	2657355	2.0513532	7.0475116	7
CTGTG	2684775	2.0245588	8.747291	9
CAGAA	2981160	2.000838	5.3646736	4
GGAGA	2630470	1.9965496	5.4663873	6
CAGGC	2237620	1.9700142	5.6918635	4
CCCCA	2199545	1.9695181	6.312222	1
CTGGC	2251815	1.9677393	5.180817	4
CTCAG	2556000	1.9584098	5.865639	2
CTGAG	2533130	1.9245452	5.667942	4
TTCTG	2927530	1.9212487	5.3640666	2
GGGAG	2217230	1.9193299	5.074644	7
CCAGA	2453605	1.8940678	6.5834064	3
CCTCT	2426880	1.8612938	5.4869924	1
GGCCA	2082780	1.8336921	5.773529	1
TCTGG	2423420	1.8274739	6.2791457	3
CACTG	2357295	1.8061618	7.3698106	7
TGGGG	2100470	1.8047092	5.6607676	5
CAGTG	2375320	1.8046491	6.2934766	9
ACCTG	2347535	1.7986836	5.297677	7
TGGCC	1988650	1.7377738	5.1871643	5
CCTGA	2245850	1.7207725	5.5524077	3
ACAGA	2502020	1.6792582	5.8107276	8
GAGAG	2196555	1.6672044	5.237511	7
GCCCA	1874265	1.6641254	6.6220307	1
TCAGG	2186370	1.6610945	5.617444	3
AGGTG	2133095	1.6069738	5.1047344	7
CCTGT	2112315	1.6063982	5.361893	8
ACACA	2320100	1.5703825	6.115367	6
GTGTG	2087340	1.5607871	7.4666095	1
TGGGC	1797905	1.557864	6.0141425	5
TGTGT	2351345	1.5301236	5.83448	10
CACAC	1953120	1.520519	6.1975074	5
GCTGT	1977245	1.4910183	5.242347	8
ACAGC	1930530	1.4902785	5.6332445	8
CTGTC	1906855	1.4501475	5.731755	9
GACAG	1861580	1.424953	6.824239	7
GCCCT	1598790	1.408959	5.5267787	1
GGGCT	1620550	1.4041878	5.571762	6
AGACA	2075315	1.3928703	5.263759	6
AGGGC	1533125	1.338408	5.2127137	5
GGACA	1693315	1.2961539	6.082739	6
GTCCT	1699140	1.292182	8.3969	1
GTGCT	1655695	1.2485411	6.4252925	1
ACTGC	1603295	1.2284464	5.1113486	8
AGGAC	1591925	1.2185446	7.827619	5
GTCCA	1582935	1.2128464	6.8733206	1
TGTGC	1580665	1.1919618	5.6517124	10
AGCAC	1543865	1.1917912	5.467584	5
GTCTT	1737130	1.1400255	5.4221387	1
TGGAC	1477085	1.1222152	6.07926	5
GTGCA	1441680	1.0953163	5.9221177	1
ACAGT	1624355	1.0820801	5.4518523	8
ACTGT	1610895	1.0651177	6.2529407	8
TGCAC	1382355	1.0591618	5.2825074	5
GACTG	1370785	1.0414537	5.8180003	7
GGACC	1140820	1.0043849	5.072312	6
GGACT	1257945	0.95572364	5.188359	6
TGTAG	1412065	0.9257911	5.064238	2
GTGTA	1011255	0.66300833	5.791256	1
>>END_MODULE
