##FastQC	0.10.1
>>Basic Statistics	pass
#Measure	Value	
Filename	008-F5_S2_L002_R1_001.fastq.gz	
File type	Conventional base calls	
Encoding	Sanger / Illumina 1.9	
Total Sequences	12771607	
Filtered Sequences	0	
Sequence length	35-75	
%GC	46	
>>END_MODULE
>>Per base sequence quality	pass
#Base	Mean	Median	Lower Quartile	Upper Quartile	10th Percentile	90th Percentile
1	31.51410335441734	32.0	32.0	32.0	32.0	32.0
2	31.578486716667683	32.0	32.0	32.0	32.0	32.0
3	31.658301653033952	32.0	32.0	32.0	32.0	32.0
4	31.721907587666923	32.0	32.0	32.0	32.0	32.0
5	31.708716843542085	32.0	32.0	32.0	32.0	32.0
6	35.42867174036908	36.0	36.0	36.0	36.0	36.0
7	35.431162264858294	36.0	36.0	36.0	36.0	36.0
8	35.39509233254672	36.0	36.0	36.0	36.0	36.0
9	35.46576284409628	36.0	36.0	36.0	36.0	36.0
10	35.3968932022415	36.0	36.0	36.0	36.0	36.0
11	35.445662476147284	36.0	36.0	36.0	36.0	36.0
12	35.4026720364947	36.0	36.0	36.0	36.0	36.0
13	35.42328682678695	36.0	36.0	36.0	36.0	36.0
14	35.40244606649735	36.0	36.0	36.0	36.0	36.0
15	35.377923545564784	36.0	36.0	36.0	36.0	36.0
16	35.39625295391566	36.0	36.0	36.0	36.0	36.0
17	35.390759361762385	36.0	36.0	36.0	36.0	36.0
18	35.3862124006791	36.0	36.0	36.0	36.0	36.0
19	35.37832443481858	36.0	36.0	36.0	36.0	36.0
20	35.37596639169996	36.0	36.0	36.0	36.0	36.0
21	35.361771780168304	36.0	36.0	36.0	36.0	36.0
22	35.3532366756979	36.0	36.0	36.0	36.0	36.0
23	35.33547281872986	36.0	36.0	36.0	36.0	36.0
24	35.338090343681884	36.0	36.0	36.0	36.0	36.0
25	35.324603395641596	36.0	36.0	36.0	36.0	36.0
26	35.28955956756264	36.0	36.0	36.0	36.0	36.0
27	35.28098531375104	36.0	36.0	36.0	36.0	36.0
28	35.269821565915706	36.0	36.0	36.0	36.0	36.0
29	35.2619984313642	36.0	36.0	36.0	36.0	36.0
30	35.23695585058325	36.0	36.0	36.0	36.0	36.0
31	35.229147122989296	36.0	36.0	36.0	36.0	36.0
32	35.21368007957025	36.0	36.0	36.0	36.0	36.0
33	35.20740130823005	36.0	36.0	36.0	36.0	36.0
34	35.19335851784353	36.0	36.0	36.0	36.0	36.0
35	35.17964207636518	36.0	36.0	36.0	36.0	36.0
36	35.17847994425723	36.0	36.0	36.0	36.0	36.0
37	35.1644284211731	36.0	36.0	36.0	36.0	36.0
38	35.14241855936442	36.0	36.0	36.0	36.0	36.0
39	35.13201063980502	36.0	36.0	36.0	36.0	36.0
40	35.13125087485797	36.0	36.0	36.0	36.0	36.0
41	35.10925733384853	36.0	36.0	36.0	36.0	36.0
42	35.101797498383334	36.0	36.0	36.0	36.0	36.0
43	35.0918699456733	36.0	36.0	36.0	36.0	36.0
44	35.07702112584608	36.0	36.0	36.0	36.0	36.0
45	35.06482105147647	36.0	36.0	36.0	36.0	36.0
46	35.05648444202743	36.0	36.0	36.0	36.0	36.0
47	35.05556958893478	36.0	36.0	36.0	36.0	36.0
48	35.03833263644063	36.0	36.0	36.0	36.0	36.0
49	35.02443215059527	36.0	36.0	36.0	36.0	36.0
50	35.013285957879184	36.0	36.0	36.0	36.0	36.0
51	34.999893994764	36.0	36.0	36.0	36.0	36.0
52	34.991247974246896	36.0	36.0	36.0	36.0	36.0
53	34.970803711850266	36.0	36.0	36.0	36.0	36.0
54	34.95531339937363	36.0	36.0	36.0	36.0	36.0
55	34.94744507648354	36.0	36.0	36.0	36.0	36.0
56	34.93080183022899	36.0	36.0	36.0	36.0	36.0
57	34.929256926038015	36.0	36.0	36.0	36.0	36.0
58	34.91519039113312	36.0	36.0	36.0	36.0	36.0
59	34.89298510921847	36.0	36.0	36.0	36.0	36.0
60	34.87910878329179	36.0	36.0	36.0	36.0	36.0
61	34.863168231256324	36.0	36.0	36.0	36.0	36.0
62	34.84166654130739	36.0	36.0	36.0	36.0	36.0
63	34.83165938372207	36.0	36.0	36.0	36.0	36.0
64	34.81188421014077	36.0	36.0	36.0	36.0	36.0
65	34.78805084262913	36.0	36.0	36.0	36.0	36.0
66	34.76604148976441	36.0	36.0	36.0	36.0	36.0
67	34.752710304704486	36.0	36.0	36.0	36.0	36.0
68	34.723600276601964	36.0	36.0	36.0	36.0	36.0
69	34.726601358224926	36.0	36.0	36.0	36.0	36.0
70	34.698221352936905	36.0	36.0	36.0	32.0	36.0
71	34.67253020548036	36.0	36.0	36.0	32.0	36.0
72	34.64873567521813	36.0	36.0	36.0	32.0	36.0
73	34.62395990826496	36.0	36.0	36.0	32.0	36.0
74	34.58860806425551	36.0	36.0	36.0	32.0	36.0
75	34.01266262687834	36.0	36.0	36.0	32.0	36.0
>>END_MODULE
>>Per sequence quality scores	pass
#Quality	Count
2	3594.0
3	0.0
4	0.0
5	0.0
6	0.0
7	0.0
8	0.0
9	0.0
10	0.0
11	0.0
12	0.0
13	0.0
14	0.0
15	0.0
16	1.0
17	5.0
18	66.0
19	372.0
20	1586.0
21	4321.0
22	8409.0
23	14317.0
24	23707.0
25	37638.0
26	57043.0
27	82230.0
28	113602.0
29	150801.0
30	193659.0
31	251265.0
32	340692.0
33	520898.0
34	1184696.0
35	9782705.0
>>END_MODULE
>>Per base sequence content	fail
#Base	G	A	T	C
1	43.46789590992345	18.02079345216798	11.541896450061941	26.969414187846635
2	16.442362644837534	19.824870165780688	35.565455642941465	28.16731154644031
3	18.922482300104175	21.088199079997803	28.28942921658993	31.699889403308095
4	13.267287556803083	14.949796808634202	34.99762257447576	36.78529306008696
5	14.958208454205051	34.95773383062814	34.15630137594628	15.927756339220519
6	35.141998993892	34.65363796230471	15.985831154777177	14.218531889026115
7	31.242653026747387	29.467709658503637	19.97646775578941	19.313169558959565
8	26.89524203961885	34.409026682538624	19.44860175189358	19.247129525948946
9	24.78421856119809	15.58204205948428	19.62216200924623	40.01157737007139
10	14.567120773038422	27.17032501626918	34.37043855004152	23.892115660650877
11	34.565070827777724	22.477011047729803	23.385071529539143	19.572846594953333
12	22.3824850086012	23.966822337239037	30.637552290932607	23.01314036322716
13	28.05548611085004	20.288148013087767	25.972638368314666	25.683727507747523
14	20.622769268557803	20.341552891808064	26.962661837071984	32.07301600256215
15	22.914336949508623	29.211774872842284	23.05297257942159	24.820915598227504
16	23.00466255108611	28.3160750829639	25.283063319011745	23.39619904693825
17	21.85320321154492	27.987287843548085	27.240221128927967	22.91928781597903
18	22.3297659305041	27.54235018129938	27.768927410699014	22.35895647749751
19	22.775806091083833	26.984273307574092	27.473881134156446	22.76603946718563
20	22.726938440137623	26.926825172691345	27.559053638033365	22.78718274913767
21	22.53669198221291	26.594246576887436	27.336208144291724	23.532853296607932
22	22.57389972486709	26.55915631651633	27.548958095352518	23.31798586326406
23	22.48426006792135	26.687540721912423	27.453596306329185	23.374602903837037
24	22.653054942848193	26.366483179489244	27.715964888193646	23.264496989468917
25	22.74395558788324	26.418367296589164	27.368471178467008	23.469205937060593
26	22.256000399751223	26.85510529849723	27.562697853945284	23.326196447806264
27	22.328045527195524	26.831414867673526	27.576171515364784	23.26436808976616
28	22.46540445649404	26.704690971331864	27.502875554101223	23.327029018072874
29	22.218986688930755	26.8400592264456	27.670482603112717	23.270471481510924
30	22.37488706126198	26.868235423853914	27.527086500108393	23.229791014775707
31	22.826916988970677	26.822408518318426	27.296814543522434	23.05385994918846
32	22.19321019993363	26.99262610955125	27.67892604312679	23.135237647388326
33	22.321794653399042	26.808506472273297	27.786942670794197	23.082756203533464
34	22.3601604454402	26.540062722657055	27.945573738752504	23.15420309315024
35	22.245906477267816	26.84409024578367	27.80846392568407	23.101539351264442
36	22.35573869130728	27.17544328778385	27.716759506028488	22.752058514880382
37	22.47208825724159	26.898196693753157	27.44190834022285	23.187806708782404
38	22.349928048445708	27.279839525470724	27.450959500300215	22.919272925783353
39	22.486091719505254	27.060846013993928	27.64371733127135	22.80934493522947
40	22.574578641316045	26.76946507593571	27.602573602082032	23.05338268066621
41	22.536930964312127	26.972284157741655	27.6550164478197	22.835768430126517
42	22.367847502249475	27.14132192684452	27.679698266482916	22.811132304423083
43	22.493445741722418	26.881867264553588	27.571698781388378	23.052988212335617
44	22.31645925287409	27.282471700447864	27.607011574041927	22.794057472636123
45	22.39612973537461	27.161823210378603	27.515241066552043	22.92680598769474
46	22.513789864446686	27.140276723170576	27.391646914132288	22.954286498250447
47	22.39321458500916	27.28357276437054	27.534846891785953	22.78836575883435
48	22.302709239867	27.218508914977075	27.488991099173184	22.98979074598274
49	22.56075086274555	27.035425857369365	27.524347775062726	22.87947550482236
50	22.404182259680784	27.27580611698452	27.49615992348496	22.823851699849733
51	22.474485271440418	27.251678536314444	27.47213360370949	22.801702588535644
52	22.517590506840197	27.20050584873811	27.38588021258509	22.8960234318366
53	22.373135182977123	27.093815456996012	27.57827313964701	22.95477622037986
54	22.52608723724314	27.395778525311183	27.453485304780358	22.62464893266532
55	22.549286040896348	27.038963361780887	27.429138923008328	22.98261167431444
56	22.575345711013657	27.3440349732293	27.288043077307012	22.792576238450042
57	22.455877707458892	27.238087790335836	27.379808173684523	22.926226328520748
58	22.456312103478812	27.129847598159063	27.373081725446596	23.04075857291553
59	22.33667171679556	27.230410802247125	27.472574278417326	22.960343202539992
60	22.435529216818725	27.253191995193728	27.56705147260491	22.74422731538264
61	22.67142154486743	27.208006550067847	27.32700040329758	22.79357150176714
62	22.59754516271967	27.340670417269486	27.343042302250257	22.718742117760588
63	22.603960603555606	27.400657574341707	27.256358442009272	22.739023380093414
64	22.614967988163844	27.137162018041984	27.209234832012168	23.038635161782
65	22.483154249720734	27.284214055840078	27.397814940993626	22.834816753445565
66	22.532586695776676	27.446981343931597	27.213234276073962	22.807197684217773
67	22.66109333263867	27.222624102532244	27.23150510076286	22.88477746406622
68	22.59948989340879	27.501558355725166	27.354987814156008	22.543963936710043
69	22.85215515944881	27.396573691119414	27.26652727492359	22.484743874508183
70	22.96800862923383	27.141795195616197	27.188711778319025	22.70148439683095
71	22.742312309583987	27.495514725828425	27.088752332358734	22.673420632228858
72	22.72969521560035	27.61779497476476	27.317535907618108	22.334973902016785
73	23.483450992262256	28.181564423588178	27.353633779129293	20.98135080502027
74	24.65721689080824	30.608247242972393	27.505128571269864	17.2294072949495
75	30.043439714385144	41.04119588058099	28.915364405033856	0.0
>>END_MODULE
>>Per base GC content	fail
#Base	%GC
1	70.43731009777008
2	44.60967419127784
3	50.62237170341227
4	50.05258061689004
5	30.88596479342557
6	49.36053088291812
7	50.555822585706956
8	46.1423715655678
9	64.79579593126948
10	38.4592364336893
11	54.13791742273105
12	45.39562537182836
13	53.73921361859756
14	52.69578527111995
15	47.73525254773613
16	46.400861598024356
17	44.77249102752395
18	44.68872240800161
19	45.541845558269465
20	45.51412118927529
21	46.06954527882085
22	45.891885588131146
23	45.858862971758384
24	45.91755193231711
25	46.21316152494383
26	45.58219684755749
27	45.592413616961686
28	45.79243347456691
29	45.48945817044168
30	45.60467807603769
31	45.88077693815914
32	45.328447847321954
33	45.40455085693251
34	45.514363538590445
35	45.34744582853226
36	45.10779720618766
37	45.659894966024
38	45.26920097422906
39	45.29543665473472
40	45.627961321982255
41	45.37269939443864
42	45.17897980667256
43	45.54643395405803
44	45.110516725510216
45	45.32293572306935
46	45.46807636269713
47	45.181580343843514
48	45.292499985849744
49	45.44022636756791
50	45.22803395953052
51	45.27618785997606
52	45.4136139386768
53	45.32791140335698
54	45.15073616990846
55	45.53189771521079
56	45.3679219494637
57	45.382104035979644
58	45.497070676394344
59	45.29701491933555
60	45.17975653220137
61	45.464993046634575
62	45.31628728048025
63	45.34298398364902
64	45.65360314994585
65	45.3179710031663
66	45.33978437999445
67	45.5458707967049
68	45.14345383011884
69	45.336899033956996
70	45.66949302606478
71	45.41573294181284
72	45.064669117617136
73	44.464801797282526
74	41.88662418575774
75	30.043439714385144
>>END_MODULE
>>Per sequence GC content	warn
#GC Content	Count
0	3599.0
1	1802.0
2	10.0
3	22.0
4	29.5
5	43.5
6	74.5
7	150.0
8	209.0
9	278.0
10	495.5
11	880.5
12	1124.5
13	1578.5
14	2656.0
15	4559.0
16	6159.5
17	8924.0
18	15096.0
19	23156.0
20	28807.5
21	37658.5
22	55024.5
23	75179.5
24	88533.0
25	105553.5
26	134354.0
27	164188.5
28	184084.0
29	208034.5
30	247533.5
31	286574.0
32	311943.5
33	341147.5
34	390933.5
35	439812.0
36	468802.0
37	495628.0
38	525294.5
39	544455.5
40	557414.0
41	561839.0
42	561911.5
43	559673.0
44	560447.5
45	555404.0
46	540427.0
47	525360.0
48	518215.0
49	506973.0
50	484916.5
51	465478.0
52	455397.0
53	446722.5
54	431130.0
55	413574.5
56	403547.0
57	394495.5
58	373634.0
59	346602.0
60	324778.0
61	301169.5
62	269319.5
63	235814.5
64	209474.5
65	188630.0
66	161598.5
67	133394.5
68	113061.0
69	98016.0
70	79828.5
71	62085.0
72	50293.5
73	42633.5
74	34063.5
75	26284.0
76	21258.0
77	17825.0
78	13815.5
79	10474.0
80	8426.5
81	6923.5
82	5189.0
83	3494.0
84	2526.5
85	2006.5
86	1386.0
87	842.0
88	620.5
89	512.5
90	330.5
91	216.0
92	185.5
93	167.0
94	126.0
95	93.0
96	83.5
97	72.0
98	44.0
99	87.5
100	149.0
>>END_MODULE
>>Per base N content	pass
#Base	N-Count
1	0.035320535622494494
2	0.028140546448070316
3	0.028140546448070316
4	0.028140546448070316
5	0.028140546448070316
6	0.028140546448070316
7	0.028140546448070316
8	0.028140546448070316
9	0.02814837631630851
10	0.028187525657499483
11	0.029244557869655716
12	0.028336293154025173
13	0.02861816841060017
14	0.032995064755750786
15	0.028226674998690453
16	0.029001831954271688
17	0.02874344630241128
18	0.029557752599183487
19	0.028445911309359896
20	0.028156206184546707
21	0.028931363140127942
22	0.028156206184546707
23	0.028218845130452263
24	0.028140546448070316
25	0.029283707210846686
26	0.02870429696122031
27	0.028798255380078637
28	0.028445911309359896
29	0.028672977488267526
30	0.028367612626977953
31	0.02850855025526545
32	0.0291271098460828
33	0.028829574853031417
34	0.02860250867412378
35	0.028430251572883508
36	1.566512229447673E-5
37	8.068384177600959E-4
38	0.0
39	5.171648583657841E-4
40	0.0010345464853869525
41	0.0015600138504144267
42	0.0010820887417840647
43	3.137415094684442E-5
44	1.569265618998785E-5
45	0.0014678431285435754
46	1.2564959860843068E-4
47	4.478459435096555E-4
48	0.0010769802699572895
49	9.438789997462538E-5
50	9.365952558695598E-4
51	8.97815520332135E-4
52	8.905708330486264E-4
53	0.001238240364222488
54	9.471764433429834E-5
55	0.0
56	2.530343363640785E-4
57	5.223957798652678E-4
58	2.376957583033467E-5
59	5.31422707422611E-4
60	2.8586016514776984E-4
61	2.3849644211007664E-5
62	3.342913965572284E-4
63	2.2313838237582925E-4
64	0.0
65	0.0
66	0.0
67	1.0419932914868828E-4
68	5.6200329446331215E-5
69	8.042449334378745E-6
70	0.0
71	0.0
72	8.139080609454356E-5
73	0.0
74	0.0
75	0.0011471411371211612
>>END_MODULE
>>Sequence Length Distribution	warn
#Length	Count
35	4391.0
36	1339.0
37	1733.0
38	2256.0
39	2674.0
40	2917.0
41	3184.0
42	3764.0
43	4534.0
44	5034.0
45	5956.0
46	6234.0
47	6838.0
48	7259.0
49	7899.0
50	8109.0
51	8995.0
52	9208.0
53	10049.0
54	11086.0
55	11643.0
56	12406.0
57	12923.0
58	13510.0
59	14096.0
60	14766.0
61	14915.0
62	15622.0
63	16496.0
64	17784.0
65	18857.0
66	19042.0
67	20645.0
68	21420.0
69	26896.0
70	35531.0
71	85196.0
72	313658.0
73	900945.0
74	2790340.0
75	8281457.0
>>END_MODULE
>>Sequence Duplication Levels	warn
#Total Duplicate Percentage	35.273723073913786
#Duplication Level	Relative count
1	100.0
2	24.86363155588462
3	10.03006905305148
4	4.925129568909505
5	2.677505628503649
6	1.702905667789849
7	1.153654372100754
8	0.8076336108550792
9	0.6323567186956982
10++	4.3078829271240995
>>END_MODULE
>>Overrepresented sequences	pass
>>END_MODULE
>>Kmer Content	warn
#Sequence	Count	Obs/Exp Overall	Obs/Exp Max	Max Obs/Exp Position
AAAAA	4160110	3.401417	7.3417287	71
TTTTT	4156315	3.1926131	5.6551566	71
CCTGG	2075090	3.0139709	12.209817	3
CCAGG	1985945	2.9207397	13.762873	3
CCCAG	1861680	2.7203457	11.9913645	2
CAGCA	2096305	2.653592	7.190284	4
CTGGG	1810950	2.6473725	10.34578	4
CCAGC	1782875	2.6051934	6.926422	3
TGCTG	2070030	2.5722663	6.816393	2
GGAGG	1697080	2.5283716	5.8654466	6
GCTGG	1716845	2.5098035	6.2955394	3
TCCAG	1988030	2.4853017	9.797933	2
AGCAG	1879325	2.3943527	5.7946754	7
AGGAG	1852395	2.375343	7.799891	5
CAGGA	1864085	2.3749359	10.957317	4
CTGCT	1911805	2.3603497	6.751412	9
CTGGA	1860420	2.3408508	8.954903	4
CTCCA	1877580	2.3321052	7.2651167	1
CAGCC	1593955	2.329137	5.553312	9
GCTGC	1602480	2.327527	5.9045424	8
CTCCT	1889945	2.3183308	6.5463185	1
TCCTG	1836250	2.267068	9.065295	2
GGCTG	1550365	2.2664313	8.555788	7
GGCAG	1514225	2.2414162	6.3653936	7
CCTGC	1550720	2.2378395	6.4790545	3
GCAGG	1501155	2.2220693	6.7842464	3
CTGCA	1747300	2.1843574	6.691634	4
CTGCC	1506005	2.1733115	5.7866664	9
CAGAG	1704740	2.1719227	8.308801	4
TGCAG	1721455	2.166	6.741628	2
CCCTG	1484740	2.1426241	9.205536	2
TGGAG	1672575	2.118141	6.5373807	5
GCCTG	1450095	2.106195	7.2634	7
CTCTG	1701650	2.1008885	7.5296917	2
AGCTG	1666125	2.0963817	6.1251397	7
CAGGG	1403040	2.0768356	9.53372	4
CAGAA	1874710	2.0557692	5.512883	4
GGAGA	1599105	2.0505471	5.864517	6
GCCAG	1384150	2.0356762	5.528948	2
CTGGC	1398640	2.0314589	5.5926046	4
CACAG	1589135	2.0115945	7.2289414	7
CAGGC	1364515	2.006799	6.350589	4
GGGAG	1307800	1.9484081	5.3196635	7
TTCTG	1842995	1.9466778	5.1481233	2
CTGTG	1563735	1.9431325	8.890929	9
CTCAG	1550000	1.9377061	6.450802	2
CCCCA	1324655	1.9231595	6.9936976	1
CTGAG	1513980	1.9049468	6.045738	4
CCAGA	1502380	1.9017766	7.185406	3
GGCCA	1261555	1.8553753	6.3598247	1
CCTCT	1496895	1.8361899	5.5232286	1
TCTGG	1466845	1.8227348	6.2840858	3
AGAGG	1405805	1.8026767	5.308022	5
ACCTG	1437555	1.7971349	5.3706226	7
TGGGG	1217610	1.7915272	5.9343767	5
CAGTG	1408190	1.7718381	6.6126127	9
CACTG	1407560	1.7596371	7.4426804	7
TGGCC	1202030	1.7458922	5.699443	5
CCTGA	1379135	1.7241023	5.7830405	3
GAGAG	1317645	1.6896282	5.610811	7
GCCCA	1153110	1.6849606	8.005934	1
ACAGA	1525515	1.672849	5.92663	8
TCAGG	1321380	1.6626104	6.0620446	3
AGGTG	1256905	1.5917387	5.1738963	7
GGCCT	1089455	1.5823823	5.154073	6
GGGCC	919305	1.5708368	5.3673906	6
CCTGT	1266625	1.5637987	5.40993	8
TGGGC	1065005	1.5568985	6.2796693	5
AGGCC	1057205	1.5548369	5.052965	5
AGCCT	1224210	1.5304254	5.250149	6
ACAGC	1171825	1.483346	5.8704214	8
ACACA	1345935	1.4664184	6.2829747	6
GCTGT	1176620	1.4620947	5.3636117	8
AGGCT	1156350	1.4549634	5.1171546	6
GTGTG	1147320	1.434929	6.657384	1
CTGTC	1160520	1.4327993	5.8181844	9
GACAG	1122130	1.429649	7.435124	7
GCCCT	988155	1.4260036	5.9720163	1
TGTGT	1340495	1.425088	5.719199	10
CACAC	1127580	1.4181445	6.6748123	5
GGGCT	967005	1.4136353	6.023139	6
AGACA	1262370	1.3842899	5.8309174	6
AGAGC	1077725	1.3730748	5.1600356	5
AGGGC	910135	1.3472182	5.708413	5
GGACA	1010435	1.2873439	6.5353928	6
GTCCT	1020140	1.2594837	7.9281354	1
ACTGC	975875	1.2199734	5.333411	8
AGGAC	954200	1.2156979	8.57031	5
GTGCT	971690	1.207444	5.7787642	1
GTCCA	955275	1.1942209	6.7814713	1
AGCAC	921505	1.1664803	5.706295	5
TGTGC	928615	1.153918	5.7834935	10
TGGAC	870945	1.095856	6.3084073	5
ACAGT	975775	1.0567361	5.7210712	8
GTGCA	834205	1.0496284	5.6971197	1
GACTG	827500	1.0411918	6.425711	7
ACTGT	966875	1.0341029	6.3243937	8
TGCAC	817340	1.0217837	5.4235454	5
GGACC	678540	0.99793214	5.551103	6
AGACT	920305	0.99666387	5.507819	6
GGACT	751095	0.9450562	5.5309873	6
TGTAG	838595	0.9027182	5.157252	2
TAGGA	711830	0.77588916	5.073545	4
GTGTA	580470	0.6248557	5.5128455	1
>>END_MODULE
