##FastQC	0.10.1
>>Basic Statistics	pass
#Measure	Value	
Filename	005-F0_S3_L003_R2_001_trimmed.fq.gz	
File type	Conventional base calls	
Encoding	Sanger / Illumina 1.9	
Total Sequences	21037069	
Filtered Sequences	0	
Sequence length	20-50	
%GC	45	
>>END_MODULE
>>Per base sequence quality	pass
#Base	Mean	Median	Lower Quartile	Upper Quartile	10th Percentile	90th Percentile
1	34.75659532228563	36.0	36.0	36.0	32.0	36.0
2	34.75587673358869	36.0	36.0	36.0	32.0	36.0
3	34.72941829491551	36.0	36.0	36.0	32.0	36.0
4	34.723611212189304	36.0	36.0	36.0	32.0	36.0
5	34.71275166706921	36.0	36.0	36.0	32.0	36.0
6	34.69186648577328	36.0	36.0	36.0	32.0	36.0
7	34.687992562081725	36.0	36.0	36.0	32.0	36.0
8	34.675268688808316	36.0	36.0	36.0	32.0	36.0
9	34.65908958134805	36.0	36.0	36.0	32.0	36.0
10	34.64260648667359	36.0	36.0	36.0	32.0	36.0
11	34.63368399846956	36.0	36.0	36.0	32.0	36.0
12	34.619755489702484	36.0	36.0	36.0	32.0	36.0
13	34.609850782920375	36.0	36.0	36.0	32.0	36.0
14	34.61210794146276	36.0	36.0	36.0	32.0	36.0
15	34.580742165175195	36.0	36.0	36.0	32.0	36.0
16	34.56135956962446	36.0	36.0	36.0	32.0	36.0
17	34.55813269424557	36.0	36.0	36.0	32.0	36.0
18	34.5394947841831	36.0	36.0	36.0	32.0	36.0
19	34.532184925571144	36.0	36.0	36.0	32.0	36.0
20	34.52754915620612	36.0	36.0	36.0	32.0	36.0
21	34.50750219273753	36.0	36.0	36.0	32.0	36.0
22	34.49737427708136	36.0	36.0	36.0	32.0	36.0
23	34.48516795937895	36.0	36.0	36.0	32.0	36.0
24	34.4608673763381	36.0	36.0	36.0	32.0	36.0
25	34.4477911656253	36.0	36.0	36.0	32.0	36.0
26	34.41570132561688	36.0	36.0	36.0	32.0	36.0
27	34.401044713912306	36.0	36.0	36.0	32.0	36.0
28	34.381670012283905	36.0	36.0	36.0	32.0	36.0
29	34.36265782844428	36.0	36.0	36.0	32.0	36.0
30	34.33279706455034	36.0	36.0	36.0	32.0	36.0
31	34.31018797129468	36.0	36.0	36.0	32.0	36.0
32	34.29831577919525	36.0	36.0	36.0	32.0	36.0
33	34.27025984255897	36.0	36.0	36.0	32.0	36.0
34	34.24735552999087	36.0	36.0	36.0	32.0	36.0
35	34.21997751187106	36.0	36.0	36.0	32.0	36.0
36	34.21196437498477	36.0	36.0	36.0	32.0	36.0
37	34.17679110557868	36.0	36.0	36.0	32.0	36.0
38	34.14109086064632	36.0	36.0	36.0	32.0	36.0
39	34.11547349786211	36.0	36.0	36.0	32.0	36.0
40	34.09650875600716	36.0	36.0	36.0	32.0	36.0
41	34.05887699435073	36.0	36.0	36.0	32.0	36.0
42	34.04038239582784	36.0	36.0	36.0	32.0	36.0
43	34.01729341066487	36.0	36.0	36.0	32.0	36.0
44	33.99748168660824	36.0	36.0	36.0	32.0	36.0
45	33.98770419942405	36.0	36.0	36.0	32.0	36.0
46	33.979647746854575	36.0	36.0	36.0	32.0	36.0
47	33.98079586336034	36.0	36.0	36.0	32.0	36.0
48	33.997664277704345	36.0	36.0	36.0	32.0	36.0
49	34.086125371887555	36.0	36.0	36.0	32.0	36.0
50	34.206792473107065	36.0	36.0	36.0	32.0	36.0
>>END_MODULE
>>Per sequence quality scores	pass
#Quality	Count
2	11.0
3	0.0
4	1.0
5	9.0
6	14.0
7	39.0
8	45.0
9	69.0
10	69.0
11	104.0
12	91.0
13	105.0
14	841.0
15	1913.0
16	3715.0
17	6276.0
18	10110.0
19	16082.0
20	25139.0
21	36730.0
22	52166.0
23	74112.0
24	102268.0
25	139616.0
26	186375.0
27	244327.0
28	314565.0
29	398421.0
30	504243.0
31	648460.0
32	874211.0
33	1298398.0
34	2502639.0
35	9491694.0
36	4104211.0
>>END_MODULE
>>Per base sequence content	pass
#Base	G	A	T	C
1	22.79926685012527	26.559269793677526	27.215992844201658	23.425470511995545
2	22.71931919567306	26.56688418766006	27.463464231303703	23.25033238536318
3	22.69683273320281	26.65457563394016	27.32250607356429	23.326085559292746
4	22.890757008869034	26.350863942760927	27.551843720825154	23.206535327544888
5	23.01072147640558	26.378968748688237	27.183451467032434	23.42685830787375
6	22.552783150466475	26.781938669976093	27.386805299862587	23.27847287969485
7	22.600399590331488	26.77372165892168	27.335551673871617	23.290327076875215
8	22.668236881842464	26.69450103159467	27.305195377835958	23.332066708726906
9	22.559846791301496	26.813043523940784	27.41217818802209	23.21493149673563
10	22.653634033741085	26.835795195506133	27.340917875016224	23.169652895736558
11	23.116823774306557	26.758055502259875	27.05037782465262	23.074742898780947
12	22.467642877948457	26.948528630498547	27.444001407378103	23.139827084174893
13	22.654991309707164	26.75004251371409	27.508248516274943	23.0867176603038
14	22.666353094288112	26.49598650174547	27.660140596042332	23.17751980792408
15	22.597151446661208	26.79958318213409	27.45570192968188	23.14756344152282
16	22.751300541219297	27.098073945387274	27.318180346628125	22.832445166765304
17	22.89540968527759	26.765362859186	27.093066583680592	23.246160871855825
18	22.748591030945907	27.17977856113657	27.130018781500087	22.941611626417437
19	22.918260678255407	26.88568510683449	27.28739623088547	22.908657984024636
20	22.95627994386416	26.661733079228384	27.26151241314464	23.120474563762812
21	22.93388783208584	26.819049940865465	27.279736541931292	22.9673256851174
22	22.784235554841338	26.955641813529528	27.324785411846264	22.935337219782866
23	22.8652719208409	26.737785597757963	27.204186009424365	23.19275647197678
24	22.70261796444562	27.042029072489164	27.249905772485565	23.005447190579652
25	22.812931199670302	26.99445464585899	27.103777754454146	23.088836400016564
26	22.91789207077543	26.979843867644526	27.025487681263854	23.07677638031619
27	22.87403675425642	27.071500999834345	27.164359189636645	22.890103056272586
28	22.68332097367103	27.060511284479343	27.12884113802014	23.12732660382949
29	22.939237027551282	26.846134189941928	27.176945425792432	23.037683356714357
30	22.804390771185908	27.11180810547283	27.10912936334952	22.974671759991743
31	22.899361233127983	27.03394380299412	27.085080859428224	22.98161410444967
32	22.88169076769905	27.067553852558024	27.022658365127946	23.02809701461498
33	22.752906414249104	26.936011833382395	27.248158147545894	23.062923604822608
34	22.91708335097579	27.210720771221546	27.08786975908648	22.78432611871618
35	22.907958583101713	26.907024578387794	27.042511994928663	23.14250484358183
36	22.97461113286061	27.170553244147456	26.925293159907703	22.92954246308423
37	22.77372702766324	27.060977159479645	27.057787688984902	23.107508123872215
38	22.793603049682876	26.934540106720572	27.082103782893984	23.18975306070257
39	22.73036601057464	27.07126714187601	27.10227444538037	23.096092402168974
40	22.836750479550457	27.042084425668104	27.20056312765439	22.92060196712705
41	23.05681167836577	27.01280628651371	27.008677942472115	22.921704092648408
42	22.92853007821448	27.150029006786404	27.044432304652638	22.87700861034648
43	22.896490208700435	27.266028002947678	26.95610008251686	22.88138170583503
44	22.976443823617913	26.959744779305606	26.91813564091609	23.14567575616039
45	22.798007421547297	27.149697225595563	27.073691159752993	22.978604193104147
46	22.875252411044077	27.313445141340907	26.828715197630192	22.982587249984824
47	22.887103814503607	27.131713640732215	26.97760224315023	23.00358030161395
48	22.9180385845323	27.499236076157946	27.109055874783035	22.473669464526715
49	23.10299551340959	27.6753579681843	27.232561687014012	21.9890848313921
50	23.111914177374832	27.454958985732613	27.24604097317137	22.187085863721187
>>END_MODULE
>>Per base GC content	pass
#Base	%GC
1	46.22473736212081
2	45.96965158103624
3	46.022918292495554
4	46.09729233641392
5	46.43757978427933
6	45.83125603016133
7	45.89072666720671
8	46.000303590569374
9	45.774778288037126
10	45.823286929477646
11	46.1915666730875
12	45.607469962123346
13	45.74170897001096
14	45.8438729022122
15	45.74471488818403
16	45.583745707984605
17	46.14157055713341
18	45.69020265736334
19	45.82691866228004
20	46.07675450762698
21	45.901213517203246
22	45.719572774624204
23	46.058028392817675
24	45.70806515502527
25	45.90176759968686
26	45.99466845109162
27	45.76413981052901
28	45.810647577500525
29	45.97692038426564
30	45.77906253117765
31	45.88097533757765
32	45.909787782314034
33	45.81583001907171
34	45.701409469691974
35	46.05046342668354
36	45.90415359594484
37	45.881235151535456
38	45.983356110385444
39	45.82645841274361
40	45.7573524466775
41	45.97851577101418
42	45.80553868856096
43	45.77787191453546
44	46.12211957977831
45	45.77661161465144
46	45.8578396610289
47	45.890684116117555
48	45.39170804905902
49	45.09208034480169
50	45.299000041096015
>>END_MODULE
>>Per sequence GC content	pass
#GC Content	Count
0	5967.0
1	5043.5
2	3906.5
3	4055.0
4	4478.5
5	5092.5
6	5903.5
7	7014.0
8	8104.5
9	9884.5
10	11880.5
11	15518.0
12	19422.0
13	25403.5
14	32408.0
15	43543.5
16	55763.5
17	73442.5
18	92574.0
19	117191.0
20	143086.5
21	176075.5
22	210511.5
23	252742.0
24	297479.0
25	339735.5
26	389155.5
27	448744.5
28	513131.0
29	584457.5
30	658194.5
31	736252.5
32	816696.0
33	899697.0
34	986123.0
35	1064360.0
36	1137150.0
37	1194948.0
38	1241825.5
39	1278750.5
40	1312013.0
41	1332909.0
42	1350628.0
43	1354777.0
44	1353032.5
45	1339855.5
46	1325800.5
47	1305698.0
48	1283580.5
49	1259394.0
50	1233616.5
51	1209307.0
52	1183625.5
53	1155454.0
54	1126551.5
55	1096113.5
56	1061824.5
57	1018399.5
58	971568.5
59	914129.0
60	853091.0
61	784460.0
62	715800.5
63	653941.5
64	579986.0
65	510866.5
66	445319.0
67	385047.0
68	326121.0
69	272872.0
70	225775.5
71	186424.0
72	152850.5
73	123967.0
74	96806.0
75	76622.0
76	61577.5
77	48081.5
78	36192.5
79	27641.0
80	20239.0
81	14966.0
82	11162.0
83	8585.5
84	6343.0
85	4907.5
86	3792.0
87	3054.0
88	2446.5
89	1974.5
90	1693.5
91	1518.0
92	1372.5
93	1274.5
94	1170.5
95	1161.5
96	1174.0
97	1275.5
98	1921.0
99	6742.5
100	11036.0
>>END_MODULE
>>Per base N content	pass
#Base	N-Count
1	0.005994181033489028
2	0.005918124811018113
3	0.007819530372791001
4	0.01581018724614156
5	0.0068450600223823954
6	0.010381674367279966
7	0.007249108704259133
8	0.010267590033573594
9	0.010609843034692713
10	0.010357906797757806
11	0.006583616757638623
12	0.010505265728795204
13	0.012739417263878347
14	0.009758964045799345
15	0.011703151232712124
16	0.008499282861124807
17	0.010529033298317366
18	0.009545055920099896
19	0.006208089159188478
20	0.007919354164784077
21	0.010792156689345602
22	0.012184672637108495
23	0.00948620037977364
24	0.006510277260033628
25	0.01137058269470486
26	0.014520483947262259
27	0.017845033554327403
28	0.0183552091330859
29	0.015149289919657617
30	0.015385734989707736
31	0.010598068993576275
32	0.011826674402154964
33	0.009098581949944659
34	0.009464056292543944
35	0.009051581374462976
36	0.005369787010769945
37	0.007993096852665462
38	0.008010475748750396
39	0.003928853270881589
40	0.005998465388372191
41	0.005077248162112706
42	0.004404796603004451
43	0.0022371011787255183
44	0.004797034364450252
45	0.0032997278796518645
46	0.0010922117824095688
47	0.0026787450128916658
48	9.052959341866315E-4
49	3.3638674095275845E-4
50	7.865627508273491E-4
>>END_MODULE
>>Sequence Length Distribution	warn
#Length	Count
20	49605.0
21	51325.0
22	53173.0
23	54360.0
24	55704.0
25	57339.0
26	59956.0
27	61998.0
28	64594.0
29	68504.0
30	70004.0
31	72031.0
32	73563.0
33	73858.0
34	75119.0
35	76520.0
36	77208.0
37	80716.0
38	84729.0
39	88394.0
40	91139.0
41	95762.0
42	101362.0
43	117359.0
44	159958.0
45	261978.0
46	605994.0
47	1243805.0
48	2444445.0
49	3251513.0
50	1.1315054E7
>>END_MODULE
>>Sequence Duplication Levels	warn
#Total Duplicate Percentage	34.19485451670583
#Duplication Level	Relative count
1	100.0
2	21.968965439805977
3	9.501994865000412
4	5.02196971398202
5	3.039081388994932
6	1.8713555350954016
7	1.3488730696967655
8	0.9454088163301969
9	0.7021325967677947
10++	5.308661381958635
>>END_MODULE
>>Overrepresented sequences	pass
>>END_MODULE
>>Kmer Content	warn
#Sequence	Count	Obs/Exp Overall	Obs/Exp Max	Max Obs/Exp Position
AAAAA	5035175	3.854236	4.7111945	46
TTTTT	4446975	3.2485552	3.8580692	13
>>END_MODULE
