##FastQC	0.10.1
>>Basic Statistics	pass
#Measure	Value	
Filename	001-F5_S2_L003_R2_001_trimmed.fq.gz	
File type	Conventional base calls	
Encoding	Sanger / Illumina 1.9	
Total Sequences	20008516	
Filtered Sequences	0	
Sequence length	20-51	
%GC	45	
>>END_MODULE
>>Per base sequence quality	pass
#Base	Mean	Median	Lower Quartile	Upper Quartile	10th Percentile	90th Percentile
1	34.85541641369105	36.0	36.0	36.0	36.0	36.0
2	34.85514892758663	36.0	36.0	36.0	36.0	36.0
3	34.832390118287634	36.0	36.0	36.0	36.0	36.0
4	34.82543597935999	36.0	36.0	36.0	36.0	36.0
5	34.81256191113824	36.0	36.0	36.0	36.0	36.0
6	34.79380884619329	36.0	36.0	36.0	36.0	36.0
7	34.788025758631974	36.0	36.0	36.0	36.0	36.0
8	34.77781665566802	36.0	36.0	36.0	36.0	36.0
9	34.75748241398812	36.0	36.0	36.0	32.0	36.0
10	34.74506435159909	36.0	36.0	36.0	32.0	36.0
11	34.73396437796786	36.0	36.0	36.0	32.0	36.0
12	34.72150423349738	36.0	36.0	36.0	32.0	36.0
13	34.71144711581808	36.0	36.0	36.0	32.0	36.0
14	34.70085392639814	36.0	36.0	36.0	32.0	36.0
15	34.688844240122556	36.0	36.0	36.0	32.0	36.0
16	34.66145100416243	36.0	36.0	36.0	32.0	36.0
17	34.65015496401632	36.0	36.0	36.0	32.0	36.0
18	34.63832620070374	36.0	36.0	36.0	32.0	36.0
19	34.61274164460772	36.0	36.0	36.0	32.0	36.0
20	34.611744269290135	36.0	36.0	36.0	32.0	36.0
21	34.59258453801147	36.0	36.0	36.0	32.0	36.0
22	34.57681265763166	36.0	36.0	36.0	32.0	36.0
23	34.5518767921086	36.0	36.0	36.0	32.0	36.0
24	34.523941342649415	36.0	36.0	36.0	32.0	36.0
25	34.50475244220225	36.0	36.0	36.0	32.0	36.0
26	34.47672494721011	36.0	36.0	36.0	32.0	36.0
27	34.462457846097934	36.0	36.0	36.0	32.0	36.0
28	34.43580427743178	36.0	36.0	36.0	32.0	36.0
29	34.411567021896275	36.0	36.0	36.0	32.0	36.0
30	34.38898096996446	36.0	36.0	36.0	32.0	36.0
31	34.35266148537281	36.0	36.0	36.0	32.0	36.0
32	34.32380177294443	36.0	36.0	36.0	32.0	36.0
33	34.29223858305258	36.0	36.0	36.0	32.0	36.0
34	34.258875031162106	36.0	36.0	36.0	32.0	36.0
35	34.225285631662054	36.0	36.0	36.0	32.0	36.0
36	34.207058127241815	36.0	36.0	36.0	32.0	36.0
37	34.17186733309391	36.0	36.0	36.0	32.0	36.0
38	34.14555631454451	36.0	36.0	36.0	32.0	36.0
39	34.12576511489172	36.0	36.0	36.0	32.0	36.0
40	34.11627906103979	36.0	36.0	36.0	32.0	36.0
41	34.07958346368677	36.0	36.0	36.0	32.0	36.0
42	34.05609932815354	36.0	36.0	36.0	32.0	36.0
43	34.04381298068367	36.0	36.0	36.0	32.0	36.0
44	34.01899040047494	36.0	36.0	36.0	32.0	36.0
45	34.00194920323627	36.0	36.0	36.0	32.0	36.0
46	34.010826370614176	36.0	36.0	36.0	32.0	36.0
47	34.0060346376347	36.0	36.0	36.0	32.0	36.0
48	34.01948852871746	36.0	36.0	36.0	32.0	36.0
49	34.06458093822834	36.0	36.0	36.0	32.0	36.0
50	34.15452997649573	36.0	36.0	36.0	32.0	36.0
51	34.29357646385479	36.0	36.0	36.0	32.0	36.0
>>END_MODULE
>>Per sequence quality scores	pass
#Quality	Count
2	1.0
3	1.0
4	2.0
5	5.0
6	4.0
7	10.0
8	15.0
9	29.0
10	32.0
11	33.0
12	52.0
13	54.0
14	1233.0
15	2148.0
16	3617.0
17	5916.0
18	9391.0
19	14414.0
20	22589.0
21	33741.0
22	49546.0
23	71192.0
24	100063.0
25	136006.0
26	180693.0
27	233471.0
28	295495.0
29	370469.0
30	459071.0
31	583699.0
32	772916.0
33	1136882.0
34	2181967.0
35	9332584.0
36	4011175.0
>>END_MODULE
>>Per base sequence content	pass
#Base	G	A	T	C
1	22.50144705406482	26.869988446058606	27.504143240284545	23.12442125959203
2	22.42563433441181	26.91461869262931	27.779065607440927	22.880681365517948
3	22.409794216983688	26.94795635185909	27.638329695155246	23.00391973600197
4	22.59564435585207	26.644427274423432	27.91066217820393	22.849266191520574
5	22.705357133931848	26.73518318777009	27.517326141306143	23.042133536991923
6	22.218027732281474	27.120977742102674	27.72247026524248	22.938524260373367
7	22.28275806676767	27.107012331242665	27.67299668224343	22.937232919746236
8	22.36762970880323	26.984998954147688	27.634791870391282	23.012579466657805
9	22.213091865411865	27.153975484583786	27.749854968605398	22.88307768139895
10	22.320258875141867	27.145203622064805	27.695687658462585	22.838849844330745
11	22.811522429870852	27.090699315197348	27.37608206835871	22.721696186573087
12	22.15217697483499	27.309073319919484	27.77704696549581	22.76170273974972
13	22.31491181943057	27.078687295387528	27.883005086207323	22.723395798974583
14	22.334537351160115	26.827506827393865	28.03625968678209	22.801696134663928
15	22.26003402562488	27.117572338940327	27.836605826460914	22.785787808973875
16	22.401669717732815	27.467047635917723	27.666705619283128	22.464577027066337
17	22.566834095003564	27.168548496531187	27.37136678051527	22.89325062794998
18	22.426859689249053	27.548042183646515	27.45411725990929	22.570980867195146
19	22.571469256844885	27.24403937408636	27.62645229817372	22.55803907089504
20	22.627313851649696	26.984645352899285	27.635026086551463	22.753014708899556
21	22.616687267024485	27.147175754836283	27.664676120030133	22.571460858109095
22	22.470918143898533	27.305992157742377	27.664403912647	22.55868578571209
23	22.526610487026318	27.093455644468666	27.561685937425757	22.81824793107926
24	22.362895785567076	27.415107651127496	27.625775229502903	22.59622133380253
25	22.451063551158136	27.36692376854152	27.458177170969172	22.723835509331174
26	22.561077491437416	27.343680462924176	27.38697438135624	22.70826766428217
27	22.51618166706609	27.429289658724127	27.532386279618798	22.522142394590983
28	22.324540542066902	27.405426603006433	27.474844183875867	22.795188671050802
29	22.59300323070418	27.21918315422786	27.503426201151548	22.684387413916408
30	22.44759673815425	27.510599319630735	27.40493704222778	22.636866899987243
31	22.548940800420826	27.387292541247238	27.433372229332104	22.63039442899983
32	22.511166921070004	27.432680663987004	27.366721553031965	22.68943086191103
33	22.41454099969373	27.277265937033167	27.62278448309988	22.68540858017322
34	22.589244812311208	27.57573417256149	27.434449854184855	22.400571160942448
35	22.560508900103144	27.25574693334498	27.406927314144408	22.776816852407464
36	22.655999116243542	27.530378732965826	27.24354263010202	22.570079520688612
37	22.454662111899914	27.43452302298486	27.391743367790784	22.719071497324446
38	22.470370706743743	27.28549987025219	27.41017787221347	22.833951550790594
39	22.392766259051783	27.416377749692582	27.43757685476158	22.753279136494058
40	22.46927364237411	27.41021864247276	27.558022352368933	22.562485362784198
41	22.72944015600002	27.38317505292473	27.346739136289937	22.540645654785312
42	22.610638229225337	27.47940349106144	27.396383000331088	22.513575279382138
43	22.588083113976943	27.584892813578342	27.3307134438829	22.496310628561815
44	22.603995722151694	27.319197555490245	27.29698001154152	22.779826710816536
45	22.469474713534087	27.455358211973298	27.461155328422613	22.614011746070002
46	22.547519504965333	27.631621976191123	27.20726895062917	22.61358956821437
47	22.558329853110195	27.415458719675623	27.320096853390485	22.706114573823694
48	22.55084113061171	27.748180573683822	27.470013683664764	22.230964612039706
49	22.82474386325819	27.713287814524058	27.397424454673803	22.064543867543954
50	22.910144736798046	27.878761585153068	27.513203518570094	21.697890159478792
51	22.481723445207688	28.276560451710527	27.662044133118858	21.57967196996293
>>END_MODULE
>>Per base GC content	pass
#Base	%GC
1	45.625868313656845
2	45.306315699929755
3	45.41371395298566
4	45.44491054737264
5	45.74749067092377
6	45.15655199265483
7	45.219990986513906
8	45.380209175461026
9	45.09616954681081
10	45.159108719472606
11	45.53321861644394
12	44.91387971458471
13	45.03830761840515
14	45.13623348582404
15	45.045821834598755
16	44.86624674479915
17	45.46008472295354
18	44.997840556444196
19	45.12950832773992
20	45.38032856054925
21	45.18814812513358
22	45.02960392961062
23	45.344858418105574
24	44.9591171193696
25	45.17489906048931
26	45.269345155719584
27	45.03832406165707
28	45.1197292131177
29	45.27739064462059
30	45.08446363814149
31	45.17933522942065
32	45.200597782981035
33	45.09994957986695
34	44.989815973253656
35	45.33732575251061
36	45.22607863693216
37	45.17373360922436
38	45.30432225753434
39	45.14604539554584
40	45.03175900515831
41	45.27008581078533
42	45.124213508607475
43	45.08439374253876
44	45.38382243296823
45	45.08348645960409
46	45.1611090731797
47	45.264444426933885
48	44.781805742651414
49	44.88928773080214
50	44.60803489627684
51	44.061395415170615
>>END_MODULE
>>Per sequence GC content	warn
#GC Content	Count
0	11472.0
1	10185.0
2	7502.5
3	6438.5
4	6879.5
5	7829.0
6	8948.5
7	10500.0
8	12018.5
9	14254.0
10	16742.5
11	21047.0
12	25309.0
13	32174.5
14	39741.0
15	51990.0
16	64733.0
17	83093.5
18	102444.5
19	128690.0
20	156046.5
21	189300.5
22	223023.5
23	264505.5
24	307618.5
25	351653.0
26	432144.0
27	487838.0
28	551602.5
29	617405.5
30	687739.5
31	760242.5
32	834491.0
33	910566.5
34	984098.0
35	1054255.0
36	1109621.5
37	1160591.0
38	1193748.0
39	1226383.5
40	1245983.0
41	1261102.0
42	1265662.5
43	1265039.5
44	1251838.5
45	1236464.0
46	1217650.5
47	1195269.5
48	1167582.0
49	1138898.5
50	1113083.5
51	1087993.5
52	1060502.5
53	1032137.0
54	1004925.0
55	974567.5
56	938902.5
57	899914.0
58	854220.5
59	803715.5
60	747035.0
61	686796.5
62	627012.5
63	569332.5
64	506232.5
65	445393.5
66	389823.0
67	336422.0
68	288216.0
69	240943.0
70	202652.0
71	168641.0
72	141222.0
73	115161.5
74	93573.5
75	70244.5
76	58606.5
77	48246.0
78	38426.0
79	30904.5
80	24129.5
81	19403.5
82	15433.5
83	12614.0
84	9991.0
85	8060.0
86	6300.5
87	5224.0
88	4284.0
89	3498.5
90	2783.5
91	2391.5
92	2087.5
93	1900.5
94	1690.5
95	1586.0
96	1524.5
97	1648.0
98	2196.5
99	12792.0
100	22976.0
>>END_MODULE
>>Per base N content	pass
#Base	N-Count
1	0.0031236699413389776
2	0.003468523102862801
3	0.00395331667775861
4	0.003873350727260333
5	0.005877497361623421
6	0.003928327318227899
7	0.00359346990051636
8	0.004553061306495694
9	0.003893342214884902
10	0.005162801679045063
11	0.004997871906142364
12	0.0016892807042761192
13	0.004383133661686854
14	0.008066565256513777
15	0.006207356907428817
16	0.006507229221797359
17	0.004752976182741389
18	0.005232771885731056
19	0.006732133457573766
20	0.0034835167185812282
21	0.006423992419087635
22	0.007009061586137071
23	0.00611162251233535
24	0.004668819511219062
25	0.0052703841354950895
26	0.00629264979365649
27	0.006388635102526376
28	0.007432295395122664
29	0.0070412957626487995
30	0.004279872998502713
31	0.007153884448122009
32	0.007746170898585397
33	0.006468776279403635
34	0.006457248933795787
35	0.007695443531034842
36	0.005412504519204114
37	0.007164708445312771
38	0.008618997024001674
39	0.003959998253758182
40	0.006454970788576546
41	0.004373842439974938
42	0.006317083488621536
43	0.0043199268158695394
44	0.006006746593961327
45	0.003605863585611294
46	0.0032090143767730425
47	0.0011481790330801636
48	0.006324349250329195
49	0.0026909892225881636
50	0.0022128515722528797
51	0.001961886210222521
>>END_MODULE
>>Sequence Length Distribution	warn
#Length	Count
20	52079.0
21	53630.0
22	55377.0
23	56560.0
24	57963.0
25	59160.0
26	60794.0
27	63138.0
28	64765.0
29	68586.0
30	70331.0
31	72094.0
32	74117.0
33	74130.0
34	75558.0
35	75654.0
36	76393.0
37	79292.0
38	81513.0
39	85090.0
40	87380.0
41	91197.0
42	93774.0
43	100495.0
44	114588.0
45	153097.0
46	244497.0
47	563913.0
48	1149775.0
49	2315646.0
50	3135888.0
51	1.0602042E7
>>END_MODULE
>>Sequence Duplication Levels	warn
#Total Duplicate Percentage	31.908384159859686
#Duplication Level	Relative count
1	100.0
2	20.82829876059069
3	8.474723430117718
4	4.348423786818705
5	2.4976304346253193
6	1.6590575279825774
7	1.1446266939679186
8	0.77128448531593
9	0.5817192553414706
10++	4.400518048491075
>>END_MODULE
>>Overrepresented sequences	pass
>>END_MODULE
>>Kmer Content	warn
#Sequence	Count	Obs/Exp Overall	Obs/Exp Max	Max Obs/Exp Position
AAAAA	6070280	4.4918275	5.50767	47
TTTTT	5391720	3.8143857	4.433974	13
GGGGG	1857575	3.6174781	5.316355	47
>>END_MODULE
