##FastQC	0.10.1
>>Basic Statistics	pass
#Measure	Value	
Filename	001-F0_S3_L002_R2_001_trimmed.fq.gz	
File type	Conventional base calls	
Encoding	Sanger / Illumina 1.9	
Total Sequences	20646702	
Filtered Sequences	0	
Sequence length	20-51	
%GC	45	
>>END_MODULE
>>Per base sequence quality	pass
#Base	Mean	Median	Lower Quartile	Upper Quartile	10th Percentile	90th Percentile
1	34.7378143976699	36.0	36.0	36.0	32.0	36.0
2	34.722768556450326	36.0	36.0	36.0	32.0	36.0
3	34.70376188894478	36.0	36.0	36.0	32.0	36.0
4	34.69226867322442	36.0	36.0	36.0	32.0	36.0
5	34.67756613138505	36.0	36.0	36.0	32.0	36.0
6	34.65946023728148	36.0	36.0	36.0	32.0	36.0
7	34.64369277960228	36.0	36.0	36.0	32.0	36.0
8	34.63405361301771	36.0	36.0	36.0	32.0	36.0
9	34.61930830405747	36.0	36.0	36.0	32.0	36.0
10	34.60026322848075	36.0	36.0	36.0	32.0	36.0
11	34.58588514524015	36.0	36.0	36.0	32.0	36.0
12	34.56419364216135	36.0	36.0	36.0	32.0	36.0
13	34.56012737530672	36.0	36.0	36.0	32.0	36.0
14	34.541495828244145	36.0	36.0	36.0	32.0	36.0
15	34.52275724229468	36.0	36.0	36.0	32.0	36.0
16	34.491267854788624	36.0	36.0	36.0	32.0	36.0
17	34.47806322772519	36.0	36.0	36.0	32.0	36.0
18	34.46475553335346	36.0	36.0	36.0	32.0	36.0
19	34.44216747062073	36.0	36.0	36.0	32.0	36.0
20	34.42885527189766	36.0	36.0	36.0	32.0	36.0
21	34.40516964839937	36.0	36.0	36.0	32.0	36.0
22	34.39351257615612	36.0	36.0	36.0	32.0	36.0
23	34.36877971674544	36.0	36.0	36.0	32.0	36.0
24	34.328063352017175	36.0	36.0	36.0	32.0	36.0
25	34.31362911256534	36.0	36.0	36.0	32.0	36.0
26	34.27890116253455	36.0	36.0	36.0	32.0	36.0
27	34.26989558319166	36.0	36.0	36.0	32.0	36.0
28	34.2359704384999	36.0	36.0	36.0	32.0	36.0
29	34.20167975410866	36.0	36.0	36.0	32.0	36.0
30	34.1834455557019	36.0	36.0	36.0	32.0	36.0
31	34.15205023780103	36.0	36.0	36.0	32.0	36.0
32	34.12439558717404	36.0	36.0	36.0	32.0	36.0
33	34.092539291418156	36.0	36.0	36.0	32.0	36.0
34	34.03998326490402	36.0	36.0	36.0	32.0	36.0
35	34.025371121310606	36.0	36.0	36.0	32.0	36.0
36	34.001210722385856	36.0	36.0	36.0	32.0	36.0
37	33.97962617192363	36.0	36.0	36.0	32.0	36.0
38	33.9287345580009	36.0	36.0	36.0	32.0	36.0
39	33.907088901155724	36.0	36.0	36.0	32.0	36.0
40	33.87891585808611	36.0	36.0	36.0	32.0	36.0
41	33.85836968281767	36.0	36.0	36.0	32.0	36.0
42	33.83556957141186	36.0	36.0	36.0	32.0	36.0
43	33.81033922996568	36.0	36.0	36.0	27.0	36.0
44	33.803888131845945	36.0	36.0	36.0	27.0	36.0
45	33.79804049582955	36.0	36.0	36.0	27.0	36.0
46	33.78853656185621	36.0	36.0	36.0	27.0	36.0
47	33.7765728745248	36.0	36.0	36.0	27.0	36.0
48	33.797467879873025	36.0	36.0	36.0	27.0	36.0
49	33.834194242036595	36.0	36.0	36.0	27.0	36.0
50	33.92947425993027	36.0	36.0	36.0	32.0	36.0
51	34.08758704307521	36.0	36.0	36.0	32.0	36.0
>>END_MODULE
>>Per sequence quality scores	pass
#Quality	Count
2	39.0
3	21.0
4	21.0
5	10.0
6	36.0
7	39.0
8	109.0
9	102.0
10	196.0
11	194.0
12	245.0
13	236.0
14	1595.0
15	3192.0
16	6669.0
17	12447.0
18	19780.0
19	28891.0
20	39664.0
21	53336.0
22	70255.0
23	93801.0
24	123950.0
25	162439.0
26	210389.0
27	266839.0
28	332382.0
29	410505.0
30	506381.0
31	640982.0
32	846561.0
33	1241445.0
34	2344396.0
35	9177395.0
36	4052160.0
>>END_MODULE
>>Per base sequence content	pass
#Base	G	A	T	C
1	22.609248987443213	26.791892260547563	27.37934860784098	23.219510144168247
2	22.547659057763994	26.955193093997103	27.64519371594657	22.85195413229233
3	22.462058309291542	26.994033205137356	27.586062410451817	22.95784607511928
4	22.736403422829504	26.628497436559478	27.8431228172244	22.791976323386614
5	22.841903376098983	26.765751087991895	27.394813725663532	22.99753181024559
6	22.328629928323878	27.15771581009182	27.6542388169092	22.859415444675104
7	22.4206328924495	27.122932995207794	27.493572095980927	22.96286201636178
8	22.43100809830955	27.03088803257131	27.464327963444134	23.073775905675006
9	22.432320000682026	27.091641899606845	27.539265453473092	22.936772646238033
10	22.434379194786917	27.10324000303807	27.595216819138614	22.8671639830364
11	23.031625681428856	26.97009640434787	27.2209880742048	22.777289840018476
12	22.311262695472863	27.239516047387713	27.630004015661562	22.81921724147786
13	22.44967751632763	27.051228326887887	27.736100146960656	22.762994009823824
14	22.502149508943166	26.858311636412076	27.85619724620657	22.783341608438185
15	22.430982174585136	27.14053978854723	27.653787266099318	22.77469077076832
16	22.5401543638095	27.437790756985653	27.516942245280678	22.505112633924174
17	22.686145785294357	27.057694245398917	27.191609149075518	23.064550820231208
18	22.579535552790766	27.508263528421516	27.24863498465684	22.663565934130876
19	22.820000097847174	27.11364062738639	27.43803791422959	22.628321360536848
20	22.895350812249173	26.867726424164807	27.501319440427423	22.7356033231586
21	22.86617287300192	26.99634486830968	27.49453251051773	22.642949748170675
22	22.614697004864468	27.275674341484773	27.501360609935382	22.608268043715377
23	22.66495369619563	27.04371938323673	27.41784031129647	22.87348660927117
24	22.49461386541462	27.362285001753957	27.44478890037475	22.698312232456672
25	22.608452532873404	27.317539815821014	27.26357687778938	22.810430773516206
26	22.757795318290743	27.206401817865522	27.190433439207833	22.845369424635898
27	22.792431077537685	27.296383034087953	27.325423421791506	22.585762466582857
28	22.48890881046339	27.30322997214153	27.282310991988588	22.92555022540649
29	22.84732074920587	27.074667356864733	27.26986940811953	22.808142485809867
30	22.578031087428183	27.47835735364089	27.207078081907476	22.736533477023446
31	22.70220062997418	27.29411132088097	27.250489125944437	22.75319892320042
32	22.66083633005536	27.384351526074273	27.15208903006326	22.802723113807104
33	22.565530519298377	27.12965936296371	27.528266583634498	22.776543534103414
34	22.780053474277594	27.500364152241342	27.259034239695	22.460548133786066
35	22.732871650148564	27.090093789385833	27.26422899912159	22.912805561344012
36	22.86479076618662	27.395924384682402	27.02872610677106	22.71055874235992
37	22.63392776619251	27.296783724185165	27.175215505534783	22.894073004087538
38	22.680792403707002	27.200057909276747	27.137527106677123	22.981622580339124
39	22.64120492531988	27.328463434485066	27.17515115989173	22.85518048030332
40	22.636267839235718	27.259514171653926	27.37591321176823	22.728304777342135
41	22.931815285754833	27.197903918937595	27.146648628064607	22.723632167242968
42	22.83407558458909	27.273977181019166	27.231532800059682	22.66041443433206
43	22.788178028065516	27.460434682374853	27.119950484712867	22.63143680484676
44	22.825761844929122	27.192376713938394	27.039497254563376	22.942364186569105
45	22.721327223778847	27.371427193057674	27.223239216169194	22.68400636699429
46	22.75602374368842	27.62090376987423	26.932475141726336	22.690597344711016
47	22.829289395511577	27.292534959013874	27.03566153210871	22.84251411336584
48	22.804976921505688	27.635452490169595	27.248008571865213	22.311562016459508
49	23.0920906172125	27.54872875583821	27.17076228015209	22.188418346797203
50	23.270871904505956	27.672685376978123	27.277211803347406	21.779230915168515
51	22.80622732436872	28.138073516027234	27.431077022224198	21.624622137379845
>>END_MODULE
>>Per base GC content	pass
#Base	%GC
1	45.828759131611456
2	45.39961319005633
3	45.41990438441083
4	45.52837974621612
5	45.83943518634457
6	45.18804537299898
7	45.38349490881128
8	45.50478400398456
9	45.36909264692006
10	45.30154317782332
11	45.80891552144733
12	45.13047993695072
13	45.21267152615145
14	45.285491117381355
15	45.205672945353456
16	45.04526699773367
17	45.75069660552556
18	45.243101486921645
19	45.44832145838402
20	45.63095413540778
21	45.509122621172594
22	45.222965048579844
23	45.5384403054668
24	45.19292609787129
25	45.41888330638961
26	45.603164742926644
27	45.37819354412054
28	45.41445903586988
29	45.65546323501574
30	45.31456456445163
31	45.455399553174594
32	45.46355944386246
33	45.34207405340179
34	45.240601608063656
35	45.645677211492576
36	45.57534950854654
37	45.528000770280045
38	45.66241498404613
39	45.4963854056232
40	45.364572616577846
41	45.6554474529978
42	45.494490018921155
43	45.41961483291228
44	45.76812603149823
45	45.40533359077313
46	45.44662108839944
47	45.67180350887742
48	45.116538937965196
49	45.280508964009705
50	45.05010281967447
51	44.430849461748565
>>END_MODULE
>>Per sequence GC content	pass
#GC Content	Count
0	10329.0
1	9101.0
2	6849.5
3	6219.0
4	6705.0
5	7537.5
6	8529.0
7	9959.5
8	11443.5
9	13720.5
10	16135.0
11	20296.5
12	24601.0
13	31401.0
14	38826.0
15	50413.0
16	62669.5
17	81064.0
18	100314.0
19	125721.5
20	152439.5
21	186006.0
22	220275.5
23	261130.0
24	303621.5
25	347306.0
26	428467.5
27	487021.5
28	554067.5
29	622965.0
30	695894.5
31	772091.0
32	853469.5
33	935936.5
34	1013363.0
35	1086835.0
36	1143810.5
37	1197050.5
38	1233557.5
39	1268480.5
40	1289653.5
41	1306795.0
42	1314381.5
43	1316219.5
44	1307180.0
45	1296409.0
46	1281058.5
47	1261145.5
48	1235921.5
49	1209848.0
50	1181423.0
51	1152885.0
52	1122767.5
53	1090364.5
54	1058313.0
55	1024301.0
56	986398.0
57	945120.5
58	895280.5
59	840588.0
60	781382.5
61	718289.5
62	655108.5
63	593404.0
64	527346.0
65	465261.0
66	407495.0
67	351747.5
68	301740.5
69	252327.5
70	212446.5
71	177294.5
72	149139.0
73	122220.0
74	99142.5
75	74665.0
76	62710.0
77	52123.5
78	41960.0
79	33927.5
80	26755.0
81	21884.5
82	17758.0
83	14596.5
84	11701.0
85	9571.5
86	7612.5
87	6458.5
88	5432.0
89	4648.5
90	3962.5
91	3526.5
92	3165.0
93	2924.5
94	2688.5
95	2666.5
96	2671.0
97	2882.5
98	3607.0
99	16141.0
100	28177.0
>>END_MODULE
>>Per base N content	pass
#Base	N-Count
1	0.009367113449886572
2	0.009386487004074549
3	0.013503367269019528
4	0.017179499176188044
5	0.009769114699287082
6	0.015242143757390405
7	0.02450270265924311
8	0.014583442914999209
9	0.011362589531248139
10	0.009832078750398005
11	0.015164649540638498
12	0.01226345980098904
13	0.011628975901332814
14	0.011875988717229512
15	0.011963169711075406
16	0.013290258172951786
17	0.01812395994285189
18	0.014423611092948404
19	0.010960588281847629
20	0.026038056828640237
21	0.012806164370617587
22	0.011379769518485645
23	0.024110037212382925
24	0.024508650852242218
25	0.0198463082593375
26	0.03186237272584846
27	0.014423922655655314
28	0.0227001994165009
29	0.02059880758621375
30	0.010809687184398875
31	0.01327521437432359
32	0.023477103631140528
33	0.011840025215395037
34	0.021905536961004474
35	0.018130460648910697
36	0.019569101150646685
37	0.015657428284456924
38	0.02730627869462906
39	0.03670486974048348
40	0.03326003544906474
41	0.018841701152705347
42	0.020510664698094882
43	0.022467994693121444
44	0.006318218268878933
45	0.003993107464828412
46	0.010346898843815741
47	0.009438230758332002
48	0.004246203205683398
49	0.007000820771073222
50	0.010233418371936542
51	0.00833911891010721
>>END_MODULE
>>Sequence Length Distribution	warn
#Length	Count
20	62865.0
21	64968.0
22	66806.0
23	67424.0
24	68518.0
25	69669.0
26	71635.0
27	73672.0
28	75714.0
29	80358.0
30	80987.0
31	83111.0
32	85071.0
33	84424.0
34	86328.0
35	86344.0
36	86971.0
37	88868.0
38	91126.0
39	94894.0
40	97771.0
41	101194.0
42	104613.0
43	113047.0
44	128391.0
45	168943.0
46	266378.0
47	598627.0
48	1199896.0
49	2402439.0
50	3247043.0
51	1.0648607E7
>>END_MODULE
>>Sequence Duplication Levels	warn
#Total Duplicate Percentage	29.571141653211523
#Duplication Level	Relative count
1	100.0
2	19.057537463654665
3	7.425631849698054
4	3.744268619995527
5	2.1282990382464773
6	1.3496700961753523
7	0.8701912323864908
8	0.6898624468798926
9	0.47318832475956163
10++	4.051107134869157
>>END_MODULE
>>Overrepresented sequences	warn
#Sequence	Count	Percentage	Possible Source
GGGGGGGGGGGGGGGGGGGGGGGGGGGGGGGGGGGGGGGGGGGGGGGGGGG	22231	0.10767337078822564	No Hit
>>END_MODULE
>>Kmer Content	warn
#Sequence	Count	Obs/Exp Overall	Obs/Exp Max	Max Obs/Exp Position
GGGGG	2412930	4.39294	7.18239	47
AAAAA	5771630	4.2273345	5.186384	47
TTTTT	5153170	3.66707	4.5055056	13
>>END_MODULE
