##FastQC	0.10.1
>>Basic Statistics	pass
#Measure	Value	
Filename	004-primary_S1_L004_R2_001.fastq.gz	
File type	Conventional base calls	
Encoding	Sanger / Illumina 1.9	
Total Sequences	27952566	
Filtered Sequences	0	
Sequence length	35-75	
%GC	46	
>>END_MODULE
>>Per base sequence quality	pass
#Base	Mean	Median	Lower Quartile	Upper Quartile	10th Percentile	90th Percentile
1	31.28846027946057	32.0	32.0	32.0	32.0	32.0
2	31.00047187081143	32.0	32.0	32.0	32.0	32.0
3	31.0507771629982	32.0	32.0	32.0	32.0	32.0
4	31.104108009261118	32.0	32.0	32.0	32.0	32.0
5	31.069605058798537	32.0	32.0	32.0	32.0	32.0
6	34.70963928678319	36.0	36.0	36.0	32.0	36.0
7	34.69032138230172	36.0	36.0	36.0	32.0	36.0
8	34.60887057739171	36.0	36.0	36.0	32.0	36.0
9	34.75515002808687	36.0	36.0	36.0	32.0	36.0
10	34.55820882419167	36.0	36.0	36.0	32.0	36.0
11	34.72754268785199	36.0	36.0	36.0	32.0	36.0
12	34.60938416172598	36.0	36.0	36.0	32.0	36.0
13	34.65850323007913	36.0	36.0	36.0	32.0	36.0
14	34.61099961270103	36.0	36.0	36.0	32.0	36.0
15	34.55485453464272	36.0	36.0	36.0	32.0	36.0
16	34.56240221380749	36.0	36.0	36.0	32.0	36.0
17	34.542629395812895	36.0	36.0	36.0	32.0	36.0
18	34.53306830578631	36.0	36.0	36.0	32.0	36.0
19	34.52373241869816	36.0	36.0	36.0	32.0	36.0
20	34.510018006933606	36.0	36.0	36.0	32.0	36.0
21	34.497877296846376	36.0	36.0	36.0	32.0	36.0
22	34.48529312121113	36.0	36.0	36.0	32.0	36.0
23	34.46943740334966	36.0	36.0	36.0	32.0	36.0
24	34.45610485277094	36.0	36.0	36.0	32.0	36.0
25	34.44607468237442	36.0	36.0	36.0	32.0	36.0
26	34.41836341608137	36.0	36.0	36.0	32.0	36.0
27	34.41528978055181	36.0	36.0	36.0	32.0	36.0
28	34.40530790625805	36.0	36.0	36.0	32.0	36.0
29	34.388490845527386	36.0	36.0	36.0	32.0	36.0
30	34.36270065510265	36.0	36.0	36.0	32.0	36.0
31	34.357009835876966	36.0	36.0	36.0	32.0	36.0
32	34.32906370742493	36.0	36.0	36.0	32.0	36.0
33	34.318680975478244	36.0	36.0	36.0	32.0	36.0
34	34.3014786549471	36.0	36.0	36.0	32.0	36.0
35	34.28142242826652	36.0	36.0	36.0	32.0	36.0
36	34.31510256213799	36.0	36.0	36.0	32.0	36.0
37	34.29974903278097	36.0	36.0	36.0	32.0	36.0
38	34.28356395765709	36.0	36.0	36.0	32.0	36.0
39	34.266090917932196	36.0	36.0	36.0	32.0	36.0
40	34.26882473334675	36.0	36.0	36.0	32.0	36.0
41	34.23326347975824	36.0	36.0	36.0	32.0	36.0
42	34.23511844770034	36.0	36.0	36.0	32.0	36.0
43	34.21311864502675	36.0	36.0	36.0	32.0	36.0
44	34.174634631515715	36.0	36.0	36.0	32.0	36.0
45	34.15773405001664	36.0	36.0	36.0	32.0	36.0
46	34.13910702585295	36.0	36.0	36.0	32.0	36.0
47	34.1158981276415	36.0	36.0	36.0	32.0	36.0
48	34.086331925986734	36.0	36.0	36.0	32.0	36.0
49	34.06454786603955	36.0	36.0	36.0	32.0	36.0
50	34.02973380034614	36.0	36.0	36.0	32.0	36.0
51	33.99345730860455	36.0	36.0	36.0	32.0	36.0
52	33.964400840118024	36.0	36.0	36.0	32.0	36.0
53	33.954046162333206	36.0	36.0	36.0	32.0	36.0
54	33.92055155704173	36.0	36.0	36.0	32.0	36.0
55	33.878958643062944	36.0	36.0	36.0	32.0	36.0
56	33.85733104408024	36.0	36.0	36.0	32.0	36.0
57	33.825596756085524	36.0	36.0	36.0	27.0	36.0
58	33.80679065694545	36.0	36.0	36.0	27.0	36.0
59	33.75637925725126	36.0	36.0	36.0	27.0	36.0
60	33.726191685920185	36.0	36.0	36.0	27.0	36.0
61	33.706971132191896	36.0	36.0	36.0	27.0	36.0
62	33.67955757856718	36.0	36.0	36.0	27.0	36.0
63	33.63402809017226	36.0	36.0	36.0	27.0	36.0
64	33.61309915794009	36.0	36.0	36.0	27.0	36.0
65	33.57467126582854	36.0	36.0	36.0	27.0	36.0
66	33.559591426997066	36.0	36.0	36.0	27.0	36.0
67	33.54020868447235	36.0	36.0	36.0	27.0	36.0
68	33.517211415739936	36.0	36.0	36.0	27.0	36.0
69	33.49217318143708	36.0	36.0	36.0	27.0	36.0
70	33.46217352648431	36.0	36.0	36.0	27.0	36.0
71	33.41009379766556	36.0	36.0	36.0	27.0	36.0
72	33.36344241074904	36.0	36.0	36.0	27.0	36.0
73	33.32829594333851	36.0	36.0	36.0	27.0	36.0
74	33.23750136516317	36.0	36.0	36.0	27.0	36.0
75	31.925767931852754	36.0	32.0	36.0	14.0	36.0
>>END_MODULE
>>Per sequence quality scores	pass
#Quality	Count
2	45375.0
3	146.0
4	1442.0
5	657.0
6	404.0
7	186.0
8	116.0
9	81.0
10	100.0
11	120.0
12	151.0
13	179.0
14	2631.0
15	6831.0
16	11289.0
17	17742.0
18	25716.0
19	34817.0
20	46818.0
21	62648.0
22	84676.0
23	117030.0
24	161450.0
25	220014.0
26	295029.0
27	382976.0
28	489034.0
29	615094.0
30	774078.0
31	997487.0
32	1356879.0
33	2090907.0
34	4517822.0
35	1.5592641E7
>>END_MODULE
>>Per base sequence content	fail
#Base	G	A	T	C
1	43.31043410106506	17.931969605148616	12.59133919474358	26.166257099042735
2	16.78697265657408	19.058778171747708	37.01348447978726	27.14076469189096
3	19.853737397047407	20.776943707513496	28.625963950176043	30.743354945263057
4	13.877011508669579	14.684919037951913	35.6576999503674	35.78036950301111
5	15.650369118564257	34.15168844218044	34.59441571441907	15.603526724836234
6	34.61706838257202	34.55098758382606	16.411329949085783	14.420614084516126
7	30.447720246487965	29.565325642496415	20.565303460973368	19.421650650042256
8	26.616166824926612	34.60230478751085	19.864399095148258	18.91712929241428
9	25.01735168679754	16.283647830566117	19.841266826513376	38.85773365612297
10	14.760847394038384	27.56466439493584	34.26780294061647	23.4066852704093
11	34.554893516310706	22.57705576194483	23.340007800357018	19.528042921387446
12	22.551439523966597	24.070176479788092	30.380426625541713	22.9979573707036
13	27.73172199435346	20.559574095133325	26.1250743071733	25.583629603339915
14	20.961742915329804	20.39100910575778	27.003393043856903	31.64385493505551
15	23.17377452168858	28.814608234102973	23.235068999562518	24.776548244645927
16	23.122403297401036	28.42261190093862	25.02752875699616	23.42745604466418
17	21.965617985549937	27.880486135930717	27.185745110663532	22.968150767855814
18	22.438220584236003	27.649328657732642	27.557575417858754	22.3548753401726
19	22.751174233563358	27.120771382021463	27.517630841030886	22.61042354338429
20	22.79752340023364	26.95992558230218	27.467409553413173	22.775141464051007
21	22.741503966482835	26.687317415791245	27.332132738390474	23.23904587933544
22	22.651913484395454	26.51307778394037	27.567031314821072	23.26797741684311
23	22.73421230626865	26.626583145731182	27.316739469168915	23.322465078831257
24	22.783019468097212	26.504650856472622	27.482498246016462	23.2298314294137
25	22.961921115401086	26.478622553172627	27.11334768523216	23.44610864619413
26	22.551589773533383	26.756862852055047	27.343251071706597	23.34829630270497
27	22.60957062054069	26.780142216112925	27.359383492189927	23.250903671156458
28	22.7689819798493	26.65387035319008	27.374432664612158	23.20271500234846
29	22.441793381139348	26.90040886319088	27.543893772913858	23.113903982755915
30	22.678628293265817	26.914652628206177	27.262803055540672	23.14391602298734
31	22.93252937108862	26.984043751790516	27.06392767923965	23.019499197881213
32	22.436890070681514	26.987368336843204	27.44938023030811	23.126361362167174
33	22.60842352886527	26.804198574353123	27.50573517560512	23.081642721176486
34	22.640963354500872	26.540240874466964	27.61388760207058	23.204908168961584
35	22.58313880633721	26.798797462744034	27.456163275857676	23.161900455061083
36	22.786414285837754	27.20130123980488	27.174637959452518	22.837646514904844
37	22.89873164027007	26.94912356232455	27.105721509524805	23.04642328788057
38	22.736928982297943	27.185280708039134	27.15352142179846	22.92426888786446
39	22.74582705536022	27.08243220787373	27.30680053024402	22.864940206522036
40	22.734858248374284	26.880584583665545	27.26561363627031	23.118943531689865
41	22.760106404664604	27.064693184610217	27.253769641044812	22.92143076968037
42	22.734208880008143	27.035550651349766	27.27290756475188	22.957332903890208
43	22.850611809630664	26.80685736831237	27.171585057493846	23.17094576456312
44	22.761982261449027	27.14758287512362	27.23340872683292	22.85702613659443
45	22.8354404211844	27.09232699545394	27.093445613533508	22.978786969828146
46	22.945742324819633	27.25108787320938	26.956014536687224	22.84715526528377
47	22.681161101345342	27.326283595608437	27.173566999792236	22.818988303253985
48	22.711957894225808	27.19246680637389	27.09674527793534	22.99883002146496
49	22.786811725273946	27.105129381374148	27.20693878108894	22.901120112262966
50	22.8133175825342	27.15421926080685	27.146604423606963	22.885858733051982
51	22.92146436098201	27.195179107353862	27.01622476415092	22.86713176751321
52	22.875713637956455	27.129774713244263	27.028662041880054	22.965849606919228
53	22.765761141906264	27.199252388144902	27.106052607480308	22.92893386246853
54	22.939400929484034	27.36175256528574	26.99046001164314	22.70838649358709
55	22.925581766573856	27.2651066923221	26.887500807812657	22.92181073329138
56	22.997939658015564	27.411983677219638	26.86433767609061	22.725738988674188
57	22.781226393355723	27.27642962811585	27.05943578078831	22.882908197740115
58	22.767271931756756	27.074965649990556	27.137161280499512	23.02060113775318
59	22.661654360396195	27.271066820441796	27.138669312304646	22.92860950685736
60	22.84282216650333	27.331088607537485	27.03136022137606	22.79472900458313
61	23.030834317311466	27.36742254606885	26.871525651391497	22.73021748522818
62	22.867307046925877	27.53923252843629	26.849136364011972	22.74432406062586
63	22.91763450499075	27.457689646410966	26.87698091992526	22.747694928673027
64	22.938151584811806	27.26025717204934	26.85729595126637	22.94429529187249
65	22.744234025634594	27.323809082000327	27.079382085658203	22.852574806706873
66	22.871405303156216	27.30956928959104	26.866501959250378	22.952523448002367
67	22.85038151873044	27.366926310280377	26.917651181899426	22.865040989089753
68	22.891420056864014	27.583515466424462	26.942098701474364	22.582965775237156
69	23.12119975825699	27.540728021389615	26.777083610511465	22.560988609841935
70	23.089986137985775	27.38432991507399	26.790986346389545	22.734697600550692
71	22.996365357618544	27.584209397125083	26.74001540149582	22.679409843760556
72	23.021706509463666	27.740764398820943	26.95130949468464	22.28621959703075
73	23.631236191447943	28.299968437595297	27.067331351482473	21.00146401947429
74	24.920479970313824	30.674410142255432	26.950631013295627	17.454478874135113
75	30.459148258604763	41.13203869765877	28.40881304373647	0.0
>>END_MODULE
>>Per base GC content	fail
#Base	%GC
1	69.4766912001078
2	43.92773734846504
3	50.59709234231047
4	49.65738101168068
5	31.253895843400485
6	49.03768246708815
7	49.86937089653022
8	45.533296117340896
9	63.8750853429205
10	38.16753266444769
11	54.08293643769815
12	45.549396894670195
13	53.31535159769337
14	52.60559785038531
15	47.95032276633451
16	46.54985934206521
17	44.93376875340575
18	44.793095924408604
19	45.36159777694764
20	45.57266486428465
21	45.980549845818274
22	45.91989090123857
23	46.0566773850999
24	46.01285089751091
25	46.408029761595216
26	45.89988607623835
27	45.86047429169715
28	45.97169698219776
29	45.55569736389526
30	45.82254431625316
31	45.95202856896983
32	45.56325143284869
33	45.69006625004175
34	45.845871523462456
35	45.7450392613983
36	45.6240608007426
37	45.94515492815064
38	45.661197870162404
39	45.61076726188226
40	45.853801780064146
41	45.681537174344975
42	45.69154178389835
43	46.021557574193785
44	45.61900839804346
45	45.81422739101255
46	45.7928975901034
47	45.50014940459933
48	45.71078791569077
49	45.68793183753691
50	45.69917631558618
51	45.78859612849522
52	45.84156324487568
53	45.69469500437479
54	45.647787423071115
55	45.847392499865244
56	45.723678646689756
57	45.66413459109584
58	45.787873069509935
59	45.590263867253555
60	45.63755117108646
61	45.76105180253965
62	45.61163110755174
63	45.66532943366378
64	45.8824468766843
65	45.596808832341466
66	45.82392875115858
67	45.7154225078202
68	45.47438583210117
69	45.68218836809892
70	45.824683738536464
71	45.6757752013791
72	45.30792610649442
73	44.63270021092223
74	42.37495884444893
75	30.459148258604763
>>END_MODULE
>>Per sequence GC content	warn
#GC Content	Count
0	45489.0
1	22932.0
2	614.0
3	1068.0
4	1293.0
5	1386.0
6	1673.5
7	2131.0
8	2401.5
9	2844.0
10	4112.5
11	6093.0
12	7283.5
13	8560.5
14	11761.5
15	16495.0
16	20209.5
17	27021.0
18	41415.5
19	59593.5
20	72626.0
21	93165.5
22	130600.0
23	172643.5
24	201663.5
25	238602.5
26	300815.0
27	363878.0
28	406097.5
29	458071.0
30	539941.0
31	619056.5
32	672747.5
33	733715.5
34	831409.0
35	922873.0
36	980745.5
37	1042145.5
38	1111564.0
39	1164472.5
40	1202264.0
41	1223631.5
42	1234725.0
43	1233789.0
44	1234380.5
45	1224615.5
46	1196388.5
47	1163432.0
48	1146770.0
49	1125332.5
50	1084855.0
51	1049199.5
52	1031252.5
53	1020204.0
54	995351.5
55	968741.5
56	955580.5
57	937477.0
58	896585.0
59	838937.0
60	785302.0
61	722228.0
62	643928.0
63	567998.0
64	506534.5
65	453053.0
66	382905.0
67	313483.0
68	263464.5
69	223916.5
70	179003.0
71	136628.0
72	107547.0
73	87370.0
74	66806.5
75	49042.0
76	37321.5
77	29682.0
78	21634.0
79	14974.5
80	11082.5
81	8632.0
82	6216.0
83	4373.0
84	3503.0
85	2999.0
86	2503.0
87	2203.0
88	2095.0
89	1971.0
90	1827.0
91	1801.5
92	1832.5
93	1820.0
94	1849.5
95	2003.5
96	2117.5
97	2298.5
98	3136.0
99	13850.5
100	23911.0
>>END_MODULE
>>Per base N content	pass
#Base	N-Count
1	0.17585505387949
2	0.1747853846405371
3	0.16424610177112184
4	0.16998797176616987
5	0.16535512339010308
6	0.16392412775270793
7	0.1661994108161662
8	0.16814198739393013
9	0.16992357696248708
10	0.17223821240597376
11	0.17427738118926184
12	0.1764202971562611
13	0.17819115425753757
14	0.17848450836320356
15	0.17731109194053957
16	0.18185808057836264
17	0.1832890762157578
18	0.18085638363218604
19	0.1815539940054162
20	0.18102452561957996
21	0.1838793619161833
22	0.18331411863941222
23	0.18837268821760406
24	0.18528173764083056
25	0.18090289099040138
26	0.1809243559249623
27	0.18577900862482535
28	0.1835287679850215
29	0.18265586064621042
30	0.18288481994819367
31	0.18633351943431598
32	0.18675208565825405
33	0.1889271990270947
34	0.1865338588235513
35	0.19516276251704404
36	0.023813763889435156
37	0.03981658677333608
38	0.022451744913691903
39	0.02585650527948908
40	0.019019456785442413
41	0.040287794276983764
42	0.017773502730477383
43	0.022902629566263773
44	0.027374709877541117
45	0.02665450166974604
46	0.023704914816579627
47	0.03033860213723783
48	0.025842957925537414
49	0.024581526978812003
50	0.025409392727632756
51	0.028362449574646093
52	0.03210752636736945
53	0.02221509967319046
54	0.01864336216708898
55	0.023082477689977687
56	0.01772115436950955
57	0.020776271610430677
58	0.016703454842514148
59	0.017832030638979212
60	0.015426012265400477
61	0.01908639244946868
62	0.016634359939983807
63	0.017456733167815944
64	0.014110893678940818
65	0.016786114569138814
66	0.019503665525932166
67	0.017454061851934544
68	0.014007176691497076
69	0.0135022364545912
70	0.015450066285578129
71	0.017828260324836198
72	0.01996125960214358
73	0.02514099287923538
74	0.029096843565175775
75	0.06914489444778284
>>END_MODULE
>>Sequence Length Distribution	warn
#Length	Count
35	61133.0
36	23650.0
37	30303.0
38	34032.0
39	37145.0
40	38302.0
41	40718.0
42	44169.0
43	48301.0
44	53499.0
45	57562.0
46	59944.0
47	62389.0
48	64498.0
49	66833.0
50	67413.0
51	69339.0
52	71175.0
53	74232.0
54	79063.0
55	81672.0
56	83654.0
57	86292.0
58	86338.0
59	88561.0
60	88495.0
61	88942.0
62	91630.0
63	94140.0
64	99336.0
65	102619.0
66	100952.0
67	103681.0
68	106419.0
69	116406.0
70	135986.0
71	240175.0
72	703011.0
73	1845777.0
74	5725275.0
75	1.6799505E7
>>END_MODULE
>>Sequence Duplication Levels	warn
#Total Duplicate Percentage	37.338388400989295
#Duplication Level	Relative count
1	100.0
2	23.48876966588673
3	11.120827523181521
4	6.344291870514366
5	3.854789534636383
6	2.5414982707412572
7	1.7930719355880662
8	1.3251085218185972
9	0.9217461180307721
10++	6.173335539221479
>>END_MODULE
>>Overrepresented sequences	warn
#Sequence	Count	Percentage	Possible Source
NNNNNNNNNNNNNNNNNNNNNNNNNNNNNNNNNNN	45375	0.16232856761701234	No Hit
>>END_MODULE
>>Kmer Content	warn
#Sequence	Count	Obs/Exp Overall	Obs/Exp Max	Max Obs/Exp Position
AAAAA	10676530	4.0689583	8.753691	71
GGGGG	4360310	3.331201	5.900384	71
TTTTT	8705515	3.2208989	5.5138454	71
CCTGG	4540900	3.04424	11.633717	3
CCAGG	4331410	2.9210587	11.914253	3
CCCAG	4145485	2.8158088	10.582284	2
CTGGG	4092605	2.7240806	9.988633	4
CCAGC	3868395	2.6275961	6.3510513	3
GGAGG	3775525	2.5098906	5.816229	6
GCTGG	3762890	2.504619	6.4282813	3
TCCAG	4196415	2.4479878	9.314304	2
CAGCA	4118000	2.416525	6.637192	4
CTCCA	4051115	2.380248	7.019511	1
CAGGA	4074205	2.3737283	10.145493	4
CAGCC	3490625	2.370997	5.586271	9
TGCTG	4102385	2.3619807	7.1912	2
CTCCT	4024850	2.350841	6.7722254	1
AGGAG	4021680	2.3263702	7.0908256	5
TCCTG	3994535	2.3164504	9.567138	2
CTGGA	3992755	2.3125265	9.040338	4
GGCTG	3440010	2.2897065	7.791555	7
CTGCA	3869625	2.2573543	6.8040986	4
CCTGC	3296130	2.225656	6.3146815	3
TGCAG	3827665	2.2169094	7.06157	2
GGCAG	3282670	2.1979682	5.890787	7
GCAGG	3277020	2.1941853	6.5068097	3
CTTCT	4365220	2.1896904	5.1067233	1
CTGCC	3239785	2.18761	5.535601	9
CTGCT	3757910	2.1792302	6.3595443	9
CAGAG	3711300	2.1622913	7.1943173	4
AGCAG	3702545	2.1571903	5.3946776	7
CCCTG	3188625	2.153065	8.606728	2
CTCTG	3704820	2.1484432	7.2429943	2
GCCTG	3201120	2.1460452	6.4531155	7
TGGAG	3715160	2.1363616	6.7048745	5
GCTGC	3137875	2.1036456	5.417388	8
AGCTG	3580970	2.0740285	5.640383	7
CAGGG	3068545	2.0545971	8.523854	4
CAGGC	3004300	2.0260694	5.730769	4
GGAGA	3476855	2.0112123	5.64769	6
CAGAA	3952920	2.0040112	5.4600205	4
CTGGC	2978405	1.9967362	5.1343174	4
CACAG	3402375	1.9965818	6.9461675	7
CCCCA	2907225	1.988947	6.4005504	1
CTCAG	3393690	1.9797165	5.9639244	2
CTGTG	3411335	1.9641031	8.325447	9
GGGAG	2948970	1.960414	5.2105265	7
CTGAG	3352480	1.9416915	5.7152243	4
TTCTG	3877215	1.9309886	5.4513693	2
CCAGA	3219825	1.8894578	6.561764	3
GGCCA	2744730	1.8510181	5.70437	1
CCTCT	3160310	1.8458791	5.3840556	1
TCTGG	3181270	1.8316416	6.270481	3
TGGGG	2766360	1.8281507	5.6959677	5
ACCTG	3069060	1.7903428	5.1942935	7
CACTG	3060440	1.7853143	7.245317	7
TGGCC	2636495	1.7675179	5.297172	5
CAGTG	3041860	1.7617865	6.169058	9
CCTGA	2983270	1.7402972	5.6972775	3
GCCCA	2493825	1.6939236	6.4248986	1
TCAGG	2889840	1.6737394	5.783472	3
ACAGA	3273945	1.6597911	5.7182274	8
GAGAG	2784455	1.6106884	5.206634	7
CCTGT	2776435	1.6100682	5.19607	8
AGGTG	2790900	1.6048762	5.0397468	7
TGGGC	2395780	1.594656	5.895005	5
ACAGC	2466410	1.4473388	5.657805	8
CTGTC	2470920	1.4328985	5.587548	9
ACACA	2797400	1.4284118	5.707065	6
GCCCT	2104235	1.420849	5.3885436	1
GACAG	2419620	1.4097279	6.887876	7
GGGCT	2109295	1.4039687	5.4158792	6
GTGTG	2442655	1.3963209	6.8943076	1
CACAC	2331755	1.378176	5.890228	5
AGACA	2682520	1.3599565	5.3149686	6
AGGGC	1995125	1.3358704	5.059501	5
ACTGC	2167475	1.2644013	5.2006655	8
GGACA	2162800	1.2600985	5.9291067	6
GTGCT	2104015	1.2114033	6.048281	1
GTCCT	2074435	1.2029749	6.769691	1
GTCCA	2040415	1.1902806	6.8340225	1
AGCAC	1985245	1.1649816	5.251909	5
GTCTT	2306590	1.1487622	5.4864664	1
AGGAC	1956440	1.1398683	6.2805557	5
TGGAC	1891745	1.0956621	6.059317	5
TGCAC	1848170	1.0781341	5.4103355	5
GTGCA	1856875	1.075466	5.9000893	1
ACAGT	2076280	1.0463907	5.418091	8
ACTGT	2074620	1.0393754	6.1055717	8
GACTG	1789615	1.0365103	5.812354	7
AGACT	1991260	1.0035429	5.036131	6
GGACT	1634165	0.94647676	5.116137	6
GTGTA	1244255	0.6189086	5.3882174	1
>>END_MODULE
