##FastQC	0.10.1
>>Basic Statistics	pass
#Measure	Value	
Filename	004-F0_S5_L004_R2_001_trimmed.fq.gz	
File type	Conventional base calls	
Encoding	Sanger / Illumina 1.9	
Total Sequences	15370225	
Filtered Sequences	0	
Sequence length	20-50	
%GC	44	
>>END_MODULE
>>Per base sequence quality	pass
#Base	Mean	Median	Lower Quartile	Upper Quartile	10th Percentile	90th Percentile
1	34.57093842152604	36.0	36.0	36.0	32.0	36.0
2	34.55623323666374	36.0	36.0	36.0	32.0	36.0
3	34.538776758310306	36.0	36.0	36.0	32.0	36.0
4	34.526237124049906	36.0	36.0	36.0	32.0	36.0
5	34.51352156523408	36.0	36.0	36.0	32.0	36.0
6	34.48740067240395	36.0	36.0	36.0	32.0	36.0
7	34.477443693895175	36.0	36.0	36.0	32.0	36.0
8	34.46282861831886	36.0	36.0	36.0	32.0	36.0
9	34.449844488288235	36.0	36.0	36.0	32.0	36.0
10	34.420966446489885	36.0	36.0	36.0	32.0	36.0
11	34.409645141824534	36.0	36.0	36.0	32.0	36.0
12	34.38042338352236	36.0	36.0	36.0	32.0	36.0
13	34.37223716633947	36.0	36.0	36.0	32.0	36.0
14	34.35347172861815	36.0	36.0	36.0	32.0	36.0
15	34.33738484635065	36.0	36.0	36.0	32.0	36.0
16	34.31398030933184	36.0	36.0	36.0	32.0	36.0
17	34.29694477471865	36.0	36.0	36.0	32.0	36.0
18	34.28296970278574	36.0	36.0	36.0	32.0	36.0
19	34.24943401934585	36.0	36.0	36.0	32.0	36.0
20	34.26213936360723	36.0	36.0	36.0	32.0	36.0
21	34.229205240668854	36.0	36.0	36.0	32.0	36.0
22	34.23239230354899	36.0	36.0	36.0	32.0	36.0
23	34.20946380747065	36.0	36.0	36.0	32.0	36.0
24	34.17088711513632	36.0	36.0	36.0	32.0	36.0
25	34.155230689351	36.0	36.0	36.0	32.0	36.0
26	34.13187046404484	36.0	36.0	36.0	32.0	36.0
27	34.11351717576623	36.0	36.0	36.0	32.0	36.0
28	34.08864891259288	36.0	36.0	36.0	32.0	36.0
29	34.06391663043587	36.0	36.0	36.0	32.0	36.0
30	34.03518942292381	36.0	36.0	36.0	32.0	36.0
31	33.9992350584509	36.0	36.0	36.0	32.0	36.0
32	33.974735997449805	36.0	36.0	36.0	32.0	36.0
33	33.95170291755686	36.0	36.0	36.0	32.0	36.0
34	33.92960312315949	36.0	36.0	36.0	32.0	36.0
35	33.880096620646775	36.0	36.0	36.0	32.0	36.0
36	33.859386397068484	36.0	36.0	36.0	32.0	36.0
37	33.83812046410357	36.0	36.0	36.0	32.0	36.0
38	33.81683006686273	36.0	36.0	36.0	27.0	36.0
39	33.77856335238064	36.0	36.0	36.0	27.0	36.0
40	33.75523736292787	36.0	36.0	36.0	27.0	36.0
41	33.73577324715443	36.0	36.0	36.0	27.0	36.0
42	33.71334103349209	36.0	36.0	36.0	27.0	36.0
43	33.682558714389295	36.0	36.0	36.0	27.0	36.0
44	33.66211082629153	36.0	36.0	36.0	27.0	36.0
45	33.64612278729751	36.0	36.0	36.0	27.0	36.0
46	33.653921310878296	36.0	36.0	36.0	27.0	36.0
47	33.66952237088666	36.0	36.0	36.0	27.0	36.0
48	33.70059296842515	36.0	36.0	36.0	27.0	36.0
49	33.786418169215494	36.0	36.0	36.0	27.0	36.0
50	33.9369424076207	36.0	36.0	36.0	32.0	36.0
>>END_MODULE
>>Per sequence quality scores	pass
#Quality	Count
2	6.0
3	1.0
4	3.0
5	7.0
6	12.0
7	12.0
8	18.0
9	34.0
10	32.0
11	21.0
12	43.0
13	76.0
14	1063.0
15	2456.0
16	4788.0
17	8562.0
18	13679.0
19	21111.0
20	30303.0
21	41662.0
22	56516.0
23	75916.0
24	100491.0
25	132077.0
26	170091.0
27	215981.0
28	271681.0
29	336947.0
30	418301.0
31	532747.0
32	711938.0
33	1042549.0
34	1937032.0
35	6672502.0
36	2571567.0
>>END_MODULE
>>Per base sequence content	pass
#Base	G	A	T	C
1	22.37770327752321	26.972729328212665	27.547942865787306	23.101624528476826
2	22.301862342572498	27.215345453987073	27.81443565670371	22.668356546736714
3	22.22189977366063	27.20666895923256	27.727669199008492	22.843762068098318
4	22.4874078160259	26.814892374248473	28.08936564516598	22.608334164559647
5	22.537897407552837	26.951085773698548	27.63136363651151	22.879653182237107
6	22.00940363486455	27.418881547305503	27.8876188597377	22.68409595809225
7	22.2023560257798	27.376755912512333	27.695359703589034	22.725528358118833
8	22.10992470456972	27.327817407198935	27.651373757880453	22.91088413035089
9	22.14739581144161	27.370523206084478	27.7096104273989	22.772470555075014
10	22.147366114296517	27.4056444116686	27.80539606827804	22.641593405756847
11	22.76032351578405	27.220712703702855	27.425367975097032	22.59359580541606
12	21.984014758330517	27.58089245944153	27.864840146281956	22.570252635945998
13	22.118208147831336	27.375627690864775	27.947097794550686	22.5590663667532
14	22.149873779002085	27.178633895600267	28.12099855817146	22.550493767226186
15	22.071952037614636	27.478678789362466	27.902470773970734	22.546898399052164
16	22.14028546084028	27.70307538739455	27.913521732360635	22.24311741940454
17	22.32917754454074	27.356803662423502	27.4469742074887	22.86704458554706
18	22.190608721044967	27.87054375373846	27.52652570333154	22.41232182188503
19	22.499309135361514	27.47503761446441	27.68963347768343	22.336019772490644
20	22.59323593345046	27.205666731926108	27.746793096917173	22.454304237706257
21	22.55316071802221	27.31769697844633	27.763375019716445	22.365767283815014
22	22.245482471253574	27.665929055405762	27.76625289668924	22.32233557665142
23	22.287112494323566	27.413830947664984	27.729459389980526	22.56959716803092
24	22.116724327773493	27.754439461283237	27.703449516970004	22.425386693973273
25	22.242583195370223	27.706297035119114	27.51254817750625	22.53857159200441
26	22.31641692378545	27.53931474337554	27.545383719763265	22.598884613075736
27	22.45284511893264	27.613061605812263	27.596733541714308	22.33735973354079
28	22.100528266428434	27.70878481374548	27.57307502413505	22.617611895691034
29	22.52589529734922	27.39344656624136	27.56233615486362	22.5183219815458
30	22.193363897010606	27.900410870645526	27.504946959239774	22.401278273104094
31	22.309040974194712	27.72062948351915	27.544575424826096	22.42575411746004
32	22.282989262776702	27.809458541040005	27.449712872052466	22.457839324130827
33	22.191340840611893	27.503546217332385	27.808625603205932	22.49648733884979
34	22.33375758966762	27.899096542658626	27.59340986998372	22.173735997690038
35	22.31151798811378	27.46856562804474	27.590868167098375	22.629048216743104
36	22.424153612018785	27.790760682974703	27.325529505023333	22.45955619998318
37	22.254951836338314	27.727063594320285	27.4105215878347	22.6074629815067
38	22.31349199426012	27.65373457624753	27.362201665699843	22.67057176379251
39	22.227030398188088	27.75406818188035	27.43071302939704	22.58818839053452
40	22.23021100333806	27.65225988822707	27.72653359031952	22.39099551811535
41	22.508442987041626	27.602599542298783	27.47700281142392	22.411954659235676
42	22.452707325042198	27.670011885559102	27.574849932796543	22.302430856602157
43	22.38223810707391	27.910274429450638	27.425761129133896	22.281726334341556
44	22.423928193400776	27.62518148926824	27.31943005384042	22.631460263490563
45	22.366935984996378	27.85087634370178	27.421666318708652	22.360521352593192
46	22.31626458904039	28.191668389013675	27.191581891034243	22.300485130911692
47	22.43893053153599	27.75905831971747	27.33634508468561	22.46566606406093
48	22.4298753880891	28.19249693351946	27.562130592574853	21.815497085816588
49	22.642678861584333	28.280831017149428	27.712052090161542	21.364438031104697
50	22.808240657808145	27.960386113044738	27.695723344254038	21.535649884893076
>>END_MODULE
>>Per base GC content	pass
#Base	%GC
1	45.479327806000036
2	44.97021888930921
3	45.065661841758946
4	45.095741980585544
5	45.41755058978995
6	44.6934995929568
7	44.927884383898636
8	45.020808834920615
9	44.91986636651662
10	44.78895952005336
11	45.35391932120012
12	44.554267394276515
13	44.67727451458454
14	44.70036754622828
15	44.618850436666804
16	44.38340288024482
17	45.1962221300878
18	44.602930542930004
19	44.83532890785216
20	45.04754017115672
21	44.91892800183722
22	44.56781804790499
23	44.85670966235449
24	44.54211102174676
25	44.78115478737463
26	44.91530153686119
27	44.79020485247343
28	44.71814016211947
29	45.04421727889502
30	44.5946421701147
31	44.73479509165475
32	44.740828586907526
33	44.68782817946169
34	44.50749358735766
35	44.940566204856886
36	44.88370981200197
37	44.862414817845014
38	44.98406375805263
39	44.81521878872261
40	44.62120652145341
41	44.9203976462773
42	44.755138181644355
43	44.663964441415466
44	45.055388456891336
45	44.72745733758957
46	44.61674971995209
47	44.90459659559692
48	44.24537247390569
49	44.00711689268903
50	44.343890542701224
>>END_MODULE
>>Per sequence GC content	pass
#GC Content	Count
0	7448.0
1	6149.0
2	4619.5
3	4823.0
4	5332.0
5	5978.0
6	6694.0
7	7646.5
8	8651.0
9	10523.5
10	12627.0
11	16040.5
12	19543.5
13	24854.5
14	31144.5
15	40644.5
16	50932.0
17	66281.0
18	83132.5
19	104396.0
20	126218.5
21	152569.5
22	180109.0
23	213475.5
24	248931.5
25	281577.0
26	319731.0
27	367170.0
28	418391.0
29	474142.0
30	531498.0
31	591357.0
32	653379.5
33	718107.5
34	782832.5
35	836920.5
36	885643.5
37	918350.0
38	943355.0
39	962525.5
40	979468.0
41	990306.5
42	998939.0
43	996994.5
44	991260.5
45	978438.5
46	964857.5
47	945527.5
48	924612.0
49	904138.0
50	882419.0
51	859048.5
52	832494.5
53	803486.0
54	774704.5
55	743514.5
56	710252.0
57	674216.5
58	636893.5
59	591680.0
60	545078.5
61	497000.0
62	449272.0
63	407050.0
64	357663.0
65	313291.5
66	271825.5
67	233692.5
68	195596.5
69	161468.5
70	132251.5
71	108584.0
72	88570.5
73	71378.5
74	55547.5
75	44364.0
76	36073.0
77	28382.0
78	21606.5
79	16757.5
80	12555.5
81	9491.5
82	7192.0
83	5558.5
84	4168.5
85	3350.5
86	2719.5
87	2355.0
88	2082.0
89	1843.5
90	1656.0
91	1568.5
92	1528.0
93	1530.5
94	1517.5
95	1561.0
96	1647.0
97	2008.5
98	2796.5
99	8848.0
100	14457.0
>>END_MODULE
>>Per base N content	pass
#Base	N-Count
1	0.00748199847432292
2	0.007072115079642621
3	0.011125406427036688
4	0.00888731297036966
5	0.005009685934981433
6	0.005523666699739268
7	0.008412368719390901
8	0.006714280370001089
9	0.0066557255993324755
10	0.007696699300107838
11	0.009459848505796108
12	0.010077926640631481
13	0.011658905448684063
14	0.010058408383741942
15	0.019622354259615588
16	0.009511897190834877
17	0.024645052365856714
18	0.008223692236125367
19	0.011723966304982522
20	0.005217880675136506
21	0.025553935328856657
22	0.004970871736746814
23	0.009046127723861387
24	0.014234743782155678
25	0.012766806198698575
26	0.010061231853214336
27	0.016398031945585215
28	0.013326213661904491
29	0.011262462292818312
30	0.01179158258010607
31	0.014439406073331633
32	0.018715612487656193
33	0.009159998601506441
34	0.0061716401089843
35	0.00920087342818131
36	0.005213957805674033
37	0.008096646242785952
38	0.004245576984475022
39	0.005983268047331411
40	0.003740311734737366
41	0.005724898970344886
42	0.004302717927301914
43	0.003932763638473407
44	0.001459996276660213
45	0.0028938942071138254
46	0.005880374905300273
47	0.0031465582069422804
48	0.0018325874491772946
49	6.718867048071285E-4
50	9.027912404541706E-4
>>END_MODULE
>>Sequence Length Distribution	warn
#Length	Count
20	30122.0
21	30917.0
22	31931.0
23	32864.0
24	33069.0
25	34254.0
26	35007.0
27	36495.0
28	37813.0
29	40084.0
30	40903.0
31	42024.0
32	42993.0
33	43462.0
34	44476.0
35	45759.0
36	45907.0
37	48050.0
38	49980.0
39	53137.0
40	55438.0
41	59561.0
42	64064.0
43	76810.0
44	112789.0
45	189604.0
46	442329.0
47	910687.0
48	1794769.0
49	2446591.0
50	8418336.0
>>END_MODULE
>>Sequence Duplication Levels	warn
#Total Duplicate Percentage	27.05029384838014
#Duplication Level	Relative count
1	100.0
2	17.81740650028001
3	6.565053404314178
4	3.0099386676922455
5	1.6658907353804424
6	1.0410973692555783
7	0.7199292890445249
8	0.473655446025545
9	0.36704923452691807
10++	3.2845508707298476
>>END_MODULE
>>Overrepresented sequences	pass
>>END_MODULE
>>Kmer Content	warn
#Sequence	Count	Obs/Exp Overall	Obs/Exp Max	Max Obs/Exp Position
AAAAA	4536775	4.2181973	5.3118286	46
GGGGG	1364465	3.6463714	4.9530163	46
TTTTT	3606695	3.305916	4.147436	13
>>END_MODULE
