##FastQC	0.10.1
>>Basic Statistics	pass
#Measure	Value	
Filename	KS26_S5_L004_R1_001.fastq.gz	
File type	Conventional base calls	
Encoding	Sanger / Illumina 1.9	
Total Sequences	20718475	
Filtered Sequences	0	
Sequence length	35-75	
%GC	46	
>>END_MODULE
>>Per base sequence quality	pass
#Base	Mean	Median	Lower Quartile	Upper Quartile	10th Percentile	90th Percentile
1	31.527137446168215	32.0	32.0	32.0	32.0	32.0
2	31.562962235396185	32.0	32.0	32.0	32.0	32.0
3	31.625840801506868	32.0	32.0	32.0	32.0	32.0
4	31.691208402162804	32.0	32.0	32.0	32.0	32.0
5	31.670642506265544	32.0	32.0	32.0	32.0	32.0
6	35.33883541139008	36.0	36.0	36.0	36.0	36.0
7	35.352307638472425	36.0	36.0	36.0	36.0	36.0
8	35.301082005311684	36.0	36.0	36.0	36.0	36.0
9	35.39521895313241	36.0	36.0	36.0	36.0	36.0
10	35.291302907187905	36.0	36.0	36.0	36.0	36.0
11	35.36963845070643	36.0	36.0	36.0	36.0	36.0
12	35.321297682382514	36.0	36.0	36.0	36.0	36.0
13	35.34540939909911	36.0	36.0	36.0	36.0	36.0
14	35.315751086892256	36.0	36.0	36.0	36.0	36.0
15	35.28800010618542	36.0	36.0	36.0	36.0	36.0
16	35.29740388711042	36.0	36.0	36.0	36.0	36.0
17	35.29359318193062	36.0	36.0	36.0	36.0	36.0
18	35.28960384391226	36.0	36.0	36.0	36.0	36.0
19	35.287462277025696	36.0	36.0	36.0	36.0	36.0
20	35.2787393859828	36.0	36.0	36.0	36.0	36.0
21	35.26732426011084	36.0	36.0	36.0	36.0	36.0
22	35.25027290859969	36.0	36.0	36.0	36.0	36.0
23	35.23377420394117	36.0	36.0	36.0	36.0	36.0
24	35.22602768784865	36.0	36.0	36.0	36.0	36.0
25	35.21116993408057	36.0	36.0	36.0	36.0	36.0
26	35.177414167789856	36.0	36.0	36.0	36.0	36.0
27	35.15989806199539	36.0	36.0	36.0	36.0	36.0
28	35.14632491049655	36.0	36.0	36.0	36.0	36.0
29	35.13495027988305	36.0	36.0	36.0	36.0	36.0
30	35.112400840312816	36.0	36.0	36.0	36.0	36.0
31	35.101110240980574	36.0	36.0	36.0	36.0	36.0
32	35.0860347588324	36.0	36.0	36.0	36.0	36.0
33	35.07508515950136	36.0	36.0	36.0	36.0	36.0
34	35.07105093400938	36.0	36.0	36.0	36.0	36.0
35	35.05443513579064	36.0	36.0	36.0	36.0	36.0
36	35.04891249869872	36.0	36.0	36.0	36.0	36.0
37	35.04009765281867	36.0	36.0	36.0	36.0	36.0
38	35.02057976301005	36.0	36.0	36.0	36.0	36.0
39	35.00854737646638	36.0	36.0	36.0	36.0	36.0
40	35.006240918564856	36.0	36.0	36.0	36.0	36.0
41	34.981530157293406	36.0	36.0	36.0	36.0	36.0
42	34.97200524523241	36.0	36.0	36.0	36.0	36.0
43	34.96103352633684	36.0	36.0	36.0	36.0	36.0
44	34.94221873502156	36.0	36.0	36.0	36.0	36.0
45	34.933930198885236	36.0	36.0	36.0	36.0	36.0
46	34.915457253701355	36.0	36.0	36.0	36.0	36.0
47	34.90191147154441	36.0	36.0	36.0	36.0	36.0
48	34.88146726407794	36.0	36.0	36.0	36.0	36.0
49	34.86842978297865	36.0	36.0	36.0	36.0	36.0
50	34.84232966450975	36.0	36.0	36.0	36.0	36.0
51	34.83062932974308	36.0	36.0	36.0	36.0	36.0
52	34.8149968645252	36.0	36.0	36.0	36.0	36.0
53	34.78466955759047	36.0	36.0	36.0	36.0	36.0
54	34.762247167436314	36.0	36.0	36.0	36.0	36.0
55	34.74358019713588	36.0	36.0	36.0	32.0	36.0
56	34.726861745114356	36.0	36.0	36.0	32.0	36.0
57	34.70507512184875	36.0	36.0	36.0	32.0	36.0
58	34.684763222817374	36.0	36.0	36.0	32.0	36.0
59	34.64902467880417	36.0	36.0	36.0	32.0	36.0
60	34.628431195238086	36.0	36.0	36.0	32.0	36.0
61	34.60994121643817	36.0	36.0	36.0	32.0	36.0
62	34.585574454635534	36.0	36.0	36.0	32.0	36.0
63	34.55111892189512	36.0	36.0	36.0	32.0	36.0
64	34.52777537097418	36.0	36.0	36.0	32.0	36.0
65	34.501595215095506	36.0	36.0	36.0	32.0	36.0
66	34.47710384573798	36.0	36.0	36.0	32.0	36.0
67	34.45994517923604	36.0	36.0	36.0	32.0	36.0
68	34.4189747922811	36.0	36.0	36.0	32.0	36.0
69	34.39294939286842	36.0	36.0	36.0	32.0	36.0
70	34.36728510112761	36.0	36.0	36.0	32.0	36.0
71	34.33419981460022	36.0	36.0	36.0	32.0	36.0
72	34.318853196420925	36.0	36.0	36.0	32.0	36.0
73	34.2943872543767	36.0	36.0	36.0	32.0	36.0
74	34.264237048880275	36.0	36.0	36.0	32.0	36.0
75	33.47459602531467	36.0	36.0	36.0	27.0	36.0
>>END_MODULE
>>Per sequence quality scores	pass
#Quality	Count
2	6136.0
3	0.0
4	0.0
5	0.0
6	0.0
7	0.0
8	0.0
9	0.0
10	2.0
11	21.0
12	101.0
13	369.0
14	62.0
15	69.0
16	63.0
17	110.0
18	241.0
19	747.0
20	2301.0
21	5738.0
22	11717.0
23	21022.0
24	36629.0
25	62469.0
26	99058.0
27	148227.0
28	210061.0
29	282799.0
30	373633.0
31	494197.0
32	685207.0
33	1092282.0
34	2558106.0
35	1.4627108E7
>>END_MODULE
>>Per base sequence content	fail
#Base	G	A	T	C
1	43.619572017819685	18.033083974352504	11.463493411465889	26.88385059636192
2	16.527336675978507	19.808322951840445	35.51204429398341	28.152296078197637
3	18.882845631292536	21.23778970593326	28.36585476898577	31.513509893788434
4	13.149537524333931	14.954635964958655	35.28536355609964	36.61046295460777
5	14.8579742732098	35.045689431792326	34.361667216821814	15.734669078176058
6	35.169132757048835	34.815391926522636	15.970740919217283	14.044734397211247
7	31.094305669678352	29.504465912806854	20.137015911143592	19.2642125063712
8	26.96711366108869	34.40163373146799	19.428332068145465	19.202920539297853
9	24.828209889766676	15.396295898787674	19.45745963312014	40.31803457832551
10	14.244591110641824	27.393868939669247	34.599848911318034	23.7616910383709
11	34.726749113173554	22.3985374128919	23.332627956697696	19.542085517236853
12	22.298442488798585	24.01887107004187	30.828493102589714	22.854193338569825
13	28.132911497827457	20.31874816262905	25.97642883307385	25.571911506469647
14	20.663316714897178	20.2211213432303	27.040414269021685	32.07514767285084
15	22.989692279563403	29.15371363900523	23.049980014328657	24.806614067102707
16	23.03476686046902	28.4059178444308	25.098671859320188	23.460643435779996
17	21.88853706961826	27.902840910435078	27.20739555296	23.00122646698666
18	22.367449663700466	27.63824018137208	27.59295799474893	22.40135216017853
19	22.75061680805945	27.06990027847251	27.400457834720065	22.779025078747978
20	22.763263247991336	26.92666936780282	27.46359742668501	22.846469957520835
21	22.647703907182567	26.60877228794694	27.28341919850972	23.460104606360776
22	22.536494566197476	26.559709639695022	27.554375806410885	23.349419987696614
23	22.605408325212522	26.633721857670857	27.335283679930722	23.4255861371859
24	22.663552518657728	26.459636175777963	27.59210937660309	23.284701928961216
25	22.831429975865575	26.428872394138075	27.240574492674725	23.499123137321625
26	22.40781177613471	26.780681748775248	27.41972435813405	23.39178211695599
27	22.45523402910009	26.780748351207663	27.424863457234526	23.339154162457717
28	22.558247783824708	26.650481428743188	27.447483683184593	23.343787104247514
29	22.307574754953144	26.818426200585343	27.558014923106672	23.315984121354838
30	22.454881197490398	26.895664246414803	27.416663886257226	23.232790669837573
31	22.793406316411634	26.885572442006843	27.234755474817362	23.08626576676416
32	22.287973041938578	26.966246072273787	27.564531854244095	23.18124903154354
33	22.40998829165066	26.795961549095022	27.63679439930904	23.157255759945276
34	22.423773652121728	26.57357102259984	27.81688013934217	23.185775185936265
35	22.359351196361068	26.808265875378485	27.653573861915177	23.17880906634527
36	22.487595686982417	27.155020143471376	27.508238996356205	22.849145173190003
37	22.591233883015818	26.90570663764556	27.312299311249465	23.190760168089152
38	22.47792650482811	27.207249269313767	27.3233725433775	22.99145168248063
39	22.530193065729865	27.05404315477758	27.509612408329755	22.906151371162803
40	22.539088698231748	26.805190933498412	27.50960723671377	23.146113131556067
41	22.555485230129346	26.969769790872384	27.525572210700993	22.949172768297277
42	22.430079579876754	27.076601798223138	27.52401974241836	22.969298879481748
43	22.549275566338917	26.83042180520664	27.46709320482344	23.153209423631008
44	22.478941222484067	27.16512224254903	27.47295492800253	22.882981606964368
45	22.5242071138884	27.079309267780665	27.379268589009424	23.017215029321505
46	22.626263938233244	27.11051762455871	27.279494250718837	22.98372418648921
47	22.47012389603861	27.2191042961428	27.421266365353624	22.889505442464966
48	22.432797570895392	27.125585426537008	27.365060123444866	23.076556879122734
49	22.61886816276777	26.99143813163812	27.427884592036445	22.961809113557667
50	22.536900148376404	27.14131301938304	27.383744432482125	22.93804239975843
51	22.610216107477804	27.140054215953587	27.323432993520164	22.92629668304845
52	22.594069630143014	27.112684951979404	27.308310081309433	22.98493533656815
53	22.50874745522596	27.030403990217387	27.431546028973468	23.02930252558318
54	22.656262723458674	27.28820875058964	27.31119935472225	22.744329171229435
55	22.648802328022764	27.053967347905306	27.255994362863067	23.041235961208862
56	22.744144225307632	27.239860141295086	27.165656818131406	22.85033881526587
57	22.55203436404335	27.134782266763857	27.31656898729992	22.996614381892872
58	22.54038244576055	26.97361611335748	27.34627319901749	23.139728241864486
59	22.470642352912222	27.13587720109735	27.367568433849137	23.025912012141287
60	22.6008808950169	27.144562463301973	27.37318660878978	22.88137003289135
61	22.781645946871087	27.142218054796498	27.222869929111067	22.853266069221352
62	22.7052092007209	27.270945481841203	27.149101665669463	22.874743651768433
63	22.684347501933715	27.288678317364845	27.15073091383972	22.87624326686172
64	22.706820723688917	27.030462799483026	27.142872363524905	23.11984411330316
65	22.57085897675469	27.14180084033809	27.314326958703933	22.97301322420329
66	22.64968744620097	27.25386017298799	27.09168145830736	23.004770922503674
67	22.70336515025192	27.11756496269406	27.159345789159637	23.01972409789438
68	22.706341109767163	27.33662749367283	27.220337320907078	22.73669407565293
69	22.947333545198216	27.249892708599738	27.11211921496503	22.690654531237012
70	22.979247140801334	27.065265270652205	27.08941747688922	22.866070111657237
71	22.828293320154533	27.334406451867345	27.009531753860006	22.82776847411812
72	22.84161933412149	27.476448123272174	27.214870750625714	22.467061791980623
73	23.533029582284893	28.041990551547443	27.2857806981612	21.13919916800647
74	24.756340978106454	30.447912714760466	27.341731900411602	17.454014406721477
75	30.34462838825035	40.88076330340813	28.77460830834152	0.0
>>END_MODULE
>>Per base GC content	fail
#Base	%GC
1	70.50342261418162
2	44.67963275417615
3	50.39635552508097
4	49.7600004789417
5	30.592643351385856
6	49.21386715426008
7	50.35851817604955
8	46.170034200386546
9	65.14624446809219
10	38.00628214901272
11	54.2688346304104
12	45.15263582736841
13	53.7048230042971
14	52.73846438774802
15	47.796306346666114
16	46.49541029624901
17	44.88976353660492
18	44.768801823878995
19	45.52964188680743
20	45.60973320551217
21	46.10780851354334
22	45.88591455389409
23	46.030994462398425
24	45.94825444761894
25	46.3305531131872
26	45.7995938930907
27	45.794388191557815
28	45.90203488807222
29	45.62355887630798
30	45.68767186732797
31	45.87967208317579
32	45.469222073482115
33	45.567244051595935
34	45.60954883805799
35	45.538160262706334
36	45.33674086017242
37	45.781994051104974
38	45.469378187308735
39	45.43634443689267
40	45.68520182978782
41	45.50465799842662
42	45.3993784593585
43	45.702484989969925
44	45.36192282944844
45	45.54142214320991
46	45.60998812472245
47	45.359629338503574
48	45.50935445001812
49	45.58067727632544
50	45.474942548134834
51	45.53651279052625
52	45.57900496671116
53	45.53804998080914
54	45.40059189468811
55	45.69003828923163
56	45.59448304057351
57	45.54864874593622
58	45.68011068762503
59	45.49655436505351
60	45.482250927908254
61	45.634912016092436
62	45.579952852489335
63	45.560590768795436
64	45.82666483699207
65	45.54387220095798
66	45.654458368704645
67	45.723089248146294
68	45.443035185420094
69	45.63798807643523
70	45.84531725245857
71	45.65606179427265
72	45.308681126102115
73	44.67222875029136
74	42.21035538482793
75	30.34462838825035
>>END_MODULE
>>Per sequence GC content	warn
#GC Content	Count
0	6140.0
1	3071.5
2	5.0
3	16.5
4	26.0
5	30.0
6	67.5
7	149.5
8	198.0
9	282.5
10	509.5
11	932.5
12	1236.5
13	1871.0
14	3476.5
15	6132.0
16	8378.0
17	12543.0
18	21802.0
19	33917.5
20	42397.0
21	56684.5
22	83943.0
23	115408.0
24	136842.5
25	164682.0
26	212285.5
27	261566.0
28	294697.0
29	334719.5
30	399731.0
31	462989.5
32	504147.0
33	551104.5
34	630011.0
35	704587.0
36	747683.5
37	791537.0
38	842291.5
39	878236.0
40	903079.0
41	914063.5
42	918299.0
43	917951.5
44	919515.0
45	913796.0
46	893393.0
47	866655.0
48	852552.5
49	834502.0
50	799590.0
51	767241.0
52	750322.5
53	736695.0
54	709915.0
55	681155.5
56	664625.0
57	646560.5
58	611254.0
59	566336.5
60	528328.5
61	486857.5
62	433284.5
63	380025.0
64	338343.0
65	305052.0
66	259615.0
67	212926.0
68	181119.5
69	157398.5
70	128203.5
71	99510.0
72	80356.5
73	67713.5
74	53836.0
75	41593.0
76	33619.0
77	28115.5
78	22106.0
79	16738.5
80	13324.0
81	11189.5
82	8662.5
83	5985.0
84	4327.5
85	3475.0
86	2583.0
87	1726.5
88	1320.5
89	1101.5
90	744.5
91	508.0
92	427.0
93	370.5
94	252.5
95	152.5
96	116.0
97	98.5
98	66.0
99	69.5
100	89.0
>>END_MODULE
>>Per base N content	pass
#Base	N-Count
1	0.0717041191496961
2	0.029616079368775937
3	0.029616079368775937
4	0.02964503902917565
5	0.029616079368775937
6	0.029616079368775937
7	0.029616079368775937
8	0.029616079368775937
9	0.029616079368775937
10	0.029616079368775937
11	0.029616079368775937
12	0.029616079368775937
13	0.029616079368775937
14	0.029620905978842555
15	0.029616079368775937
16	0.029616079368775937
17	0.029616079368775937
18	0.029616079368775937
19	0.029910502582839713
20	0.02993946224323943
21	0.02972709140030818
22	0.03428823791326341
23	0.030209752406970106
24	0.03161429593635632
25	0.03169152169742223
26	0.03465506027832647
27	0.03209213033295163
28	0.03979539999927601
29	0.03687530090897134
30	0.03907623509934974
31	0.04616652528721346
32	0.04331399873784147
33	0.05323750903481072
34	0.03869975951415343
35	0.05134547788869596
36	0.01787989538788509
37	0.017544244285419983
38	0.023189322536572812
39	0.013860897750394173
40	0.014570407131003714
41	0.02108190030634742
42	0.016983751501794996
43	0.029447854897690598
44	0.02227389995030723
45	0.014367969162376936
46	0.021082495791495813
47	0.019262981736967257
48	0.021250633758912046
49	0.02591199718672519
50	0.04407447132863566
51	0.02760474095501025
52	0.02603081593103454
53	0.02915536526909243
54	0.02317052428515179
55	0.018283773831425557
56	0.02247384527492654
57	0.0229131100248817
58	0.02330093817605151
59	0.03470731738753778
60	0.03275153201117566
61	0.02836973362564066
62	0.02175958939300681
63	0.030627531979398444
64	0.02454364332706074
65	0.02078654015965485
66	0.015422482536932097
67	0.0229910145804447
68	0.015481784192264704
69	0.019162608427183304
70	0.028548953484832912
71	0.051648152084773316
72	0.01688982585970698
73	0.01588452015813257
74	0.01614812438222672
75	0.01712638454826856
>>END_MODULE
>>Sequence Length Distribution	warn
#Length	Count
35	8063.0
36	2766.0
37	4152.0
38	4979.0
39	5888.0
40	6636.0
41	7403.0
42	8152.0
43	9483.0
44	10853.0
45	12126.0
46	12922.0
47	13902.0
48	14513.0
49	15562.0
50	15767.0
51	16586.0
52	17338.0
53	18253.0
54	19550.0
55	20894.0
56	21513.0
57	22812.0
58	23443.0
59	24193.0
60	24525.0
61	24935.0
62	26006.0
63	27097.0
64	29483.0
65	31442.0
66	31091.0
67	33431.0
68	35413.0
69	43012.0
70	58086.0
71	140334.0
72	511106.0
73	1461757.0
74	4561021.0
75	1.3341987E7
>>END_MODULE
>>Sequence Duplication Levels	warn
#Total Duplicate Percentage	36.455246875539224
#Duplication Level	Relative count
1	100.0
2	23.748748942905245
3	10.679566455377024
4	5.754474711190075
5	3.5324421410338966
6	2.3438409198470027
7	1.6657485782560457
8	1.1505846024935797
9	0.8712788325018814
10++	5.423187034005477
>>END_MODULE
>>Overrepresented sequences	pass
>>END_MODULE
>>Kmer Content	warn
#Sequence	Count	Obs/Exp Overall	Obs/Exp Max	Max Obs/Exp Position
AAAAA	6263905	3.183894	6.32946	71
CCTGG	3378875	3.0073204	12.080742	3
CCAGG	3237305	2.9132328	13.43881	3
TTTTT	6044670	2.907808	5.120483	71
CCCAG	3094310	2.7687209	12.113182	2
CTGGG	3013075	2.6970794	10.539697	4
CCAGC	2884910	2.5813544	6.8452206	3
CAGCA	3270865	2.5444655	7.0936236	4
GCTGG	2809380	2.5147467	6.291753	3
GGAGG	2746965	2.5003288	5.705593	6
TGCTG	3225475	2.4685147	6.7455406	2
TCCAG	3168630	2.4379315	9.477281	2
CAGGA	3020080	2.3628092	10.650509	4
CAGCC	2607140	2.3328123	5.592865	9
AGGAG	2964305	2.3324335	7.4752755	5
CTCCA	3033950	2.3210373	7.091671	1
CTGGA	2981930	2.3074036	8.820644	4
CTCCT	3045685	2.304489	6.511922	1
AGCAG	2929125	2.2916489	5.7630143	7
GGCTG	2555680	2.2876534	8.567592	7
TCCTG	2993825	2.2782025	9.142925	2
CTGCT	2970975	2.2608142	6.704526	9
GGCAG	2466545	2.232322	6.456739	7
CCTGC	2509135	2.2205236	6.2848063	3
GCTGC	2477410	2.204984	5.785217	8
CAGAG	2812655	2.2005267	8.282574	4
CTGCA	2857800	2.19878	6.686742	4
GCAGG	2426735	2.1962926	6.7287006	3
CTGCC	2468025	2.1841424	5.740252	9
TGCAG	2818285	2.180776	6.757459	2
CCCTG	2451965	2.1699293	9.234185	2
CTCTG	2834515	2.156973	7.6378274	2
TGGAG	2734910	2.1283615	6.5565286	5
GCCTG	2376715	2.115362	7.285618	7
CAGGG	2318265	2.0981228	9.666116	4
AGCTG	2703220	2.0917392	6.106723	7
CACAG	2628000	2.0443692	7.3940535	7
CTGGC	2280915	2.0300965	5.547035	4
GCCAG	2250630	2.0253296	5.5688114	2
CAGAA	2990505	2.0225396	5.605754	4
GGAGA	2569195	2.021545	5.6217327	6
CAGGC	2246290	2.0214243	6.384459	4
CTGTG	2610615	1.9979515	9.208589	9
CTCAG	2564660	1.9732393	6.4243217	2
GGGAG	2161725	1.9676348	5.399283	7
CCCCA	2201650	1.9587882	6.9975376	1
CTGAG	2520115	1.9500535	6.134606	4
TTCTG	2954910	1.9335022	5.1316824	2
CCAGA	2437730	1.8963546	7.1371636	3
GGCCA	2074740	1.8670471	6.360688	1
CCTCT	2436285	1.8433921	5.5822144	1
TCTGG	2392235	1.8308213	6.3273582	3
TGGGG	2027885	1.8255903	6.087127	5
CACTG	2342770	1.8025178	7.669403	7
CAGTG	2328370	1.8016819	6.985106	9
AGAGG	2288490	1.8006753	5.4051104	5
ACCTG	2317400	1.7829982	5.4860654	7
TGGCC	1972755	1.7558229	5.738514	5
CCTGA	2257180	1.7366652	5.726417	3
GAGAG	2162065	1.701199	5.5413594	7
ACAGA	2508090	1.6962725	5.9840593	8
GCCCA	1894645	1.695287	7.905891	1
TCAGG	2163015	1.673731	6.0027804	3
AGGTG	2061485	1.6042886	5.282464	7
CCTGT	2099320	1.5975133	5.662883	8
GGCCT	1788490	1.5918202	5.3499475	6
ACAGG	2022490	1.5823281	5.0968614	8
TGGGC	1764635	1.5795692	6.431408	5
GGGCC	1511800	1.5737785	5.42125	6
AGGCC	1741115	1.5668199	5.133757	5
AGCCT	2013760	1.5493789	5.217724	6
ACACA	2294450	1.5429608	6.6153083	6
GTGTG	1964330	1.5119336	6.897943	1
TGTGT	2286240	1.5045215	5.892853	10
CACAC	1939160	1.4999315	7.105514	5
AGGCT	1912330	1.4797521	5.1452384	6
ACAGC	1900965	1.4787953	5.8725724	8
GCTGT	1911505	1.4629096	5.3940754	8
CCTTG	1919125	1.4603909	5.0176144	2
GACAG	1851825	1.4488057	7.4861436	7
CTGTC	1903245	1.4483069	5.9799285	9
GCCCT	1632745	1.4449395	6.0455637	1
GGGCT	1600175	1.432357	6.1345596	6
AGACA	2078140	1.4054886	5.932719	6
AGAGC	1753385	1.3717895	5.1721253	5
AGGGC	1508390	1.3651534	5.8665967	5
GGACA	1656975	1.2963614	6.4228716	6
GTCCT	1634405	1.2437284	7.3102775	1
ACTGC	1611480	1.2398663	5.2922783	8
GTGCT	1606265	1.2293038	5.903892	1
AGGAC	1524220	1.1924984	7.8353677	5
GTCCA	1546430	1.1898171	6.7170177	1
TGTGC	1540060	1.1786361	5.716146	10
AGCAC	1514685	1.1783011	5.837196	5
GTCTT	1753190	1.147174	5.0042276	1
TGGAC	1417770	1.0970639	6.2415257	5
ACAGT	1630355	1.0905627	6.026843	8
GTGCA	1400010	1.0833212	5.883714	1
ACTGT	1627760	1.0768986	6.6877527	8
GACTG	1378455	1.066642	6.5306206	7
TGCAC	1368750	1.0531107	5.6192946	5
AGACT	1520530	1.0170996	5.4935627	6
GCACT	1317770	1.0138869	5.0694227	6
GGACC	1103895	0.99338907	5.21592	6
ACACT	1446780	0.9622651	5.190341	6
GGACT	1238700	0.95850027	5.6113634	6
GTGTA	981105	0.65279394	5.8034544	1
>>END_MODULE
