##FastQC	0.10.1
>>Basic Statistics	pass
#Measure	Value	
Filename	019-F0_S5_L003_R1_001_trimmed.fq.gz	
File type	Conventional base calls	
Encoding	Sanger / Illumina 1.9	
Total Sequences	14041490	
Filtered Sequences	0	
Sequence length	20-50	
%GC	45	
>>END_MODULE
>>Per base sequence quality	pass
#Base	Mean	Median	Lower Quartile	Upper Quartile	10th Percentile	90th Percentile
1	35.38788832239314	36.0	36.0	36.0	36.0	36.0
2	35.374650339814366	36.0	36.0	36.0	36.0	36.0
3	35.36325097977494	36.0	36.0	36.0	36.0	36.0
4	35.35669362724326	36.0	36.0	36.0	36.0	36.0
5	35.33597851794931	36.0	36.0	36.0	36.0	36.0
6	35.307770471652226	36.0	36.0	36.0	36.0	36.0
7	35.29481607721118	36.0	36.0	36.0	36.0	36.0
8	35.284598073281394	36.0	36.0	36.0	36.0	36.0
9	35.26947517677967	36.0	36.0	36.0	36.0	36.0
10	35.248545560335835	36.0	36.0	36.0	36.0	36.0
11	35.23440995222017	36.0	36.0	36.0	36.0	36.0
12	35.221376292686884	36.0	36.0	36.0	36.0	36.0
13	35.21166891832704	36.0	36.0	36.0	36.0	36.0
14	35.20316761255394	36.0	36.0	36.0	36.0	36.0
15	35.19217397868745	36.0	36.0	36.0	36.0	36.0
16	35.17514337865853	36.0	36.0	36.0	36.0	36.0
17	35.15930780850181	36.0	36.0	36.0	36.0	36.0
18	35.14366609241612	36.0	36.0	36.0	36.0	36.0
19	35.113367384800334	36.0	36.0	36.0	36.0	36.0
20	35.12681011772967	36.0	36.0	36.0	36.0	36.0
21	35.1133158180764	36.0	36.0	36.0	36.0	36.0
22	35.107656066514764	36.0	36.0	36.0	36.0	36.0
23	35.097762667878506	36.0	36.0	36.0	36.0	36.0
24	35.08045092196218	36.0	36.0	36.0	36.0	36.0
25	35.07340405947013	36.0	36.0	36.0	36.0	36.0
26	35.05027194856098	36.0	36.0	36.0	36.0	36.0
27	35.055787208986125	36.0	36.0	36.0	36.0	36.0
28	35.04467805585215	36.0	36.0	36.0	36.0	36.0
29	35.027174314306954	36.0	36.0	36.0	36.0	36.0
30	35.018320849819276	36.0	36.0	36.0	36.0	36.0
31	35.00358079628255	36.0	36.0	36.0	36.0	36.0
32	35.00356567806994	36.0	36.0	36.0	36.0	36.0
33	34.96912364569472	36.0	36.0	36.0	36.0	36.0
34	34.97333248934121	36.0	36.0	36.0	36.0	36.0
35	34.93723276276357	36.0	36.0	36.0	36.0	36.0
36	34.93109158019767	36.0	36.0	36.0	36.0	36.0
37	34.93480504120854	36.0	36.0	36.0	36.0	36.0
38	34.91466449169887	36.0	36.0	36.0	36.0	36.0
39	34.90656369249744	36.0	36.0	36.0	36.0	36.0
40	34.89773957609404	36.0	36.0	36.0	36.0	36.0
41	34.878488823040854	36.0	36.0	36.0	36.0	36.0
42	34.8523131527693	36.0	36.0	36.0	36.0	36.0
43	34.84949829819736	36.0	36.0	36.0	36.0	36.0
44	34.83765223279742	36.0	36.0	36.0	36.0	36.0
45	34.84176628998622	36.0	36.0	36.0	36.0	36.0
46	34.82826237466589	36.0	36.0	36.0	36.0	36.0
47	34.83672536999992	36.0	36.0	36.0	36.0	36.0
48	34.86152047625551	36.0	36.0	36.0	36.0	36.0
49	34.93068070188294	36.0	36.0	36.0	36.0	36.0
50	35.02612903797773	36.0	36.0	36.0	36.0	36.0
>>END_MODULE
>>Per sequence quality scores	pass
#Quality	Count
11	1.0
12	0.0
13	4.0
14	9.0
15	74.0
16	302.0
17	757.0
18	1746.0
19	3442.0
20	6606.0
21	10930.0
22	16480.0
23	23963.0
24	34360.0
25	47942.0
26	66832.0
27	90279.0
28	119854.0
29	156227.0
30	201097.0
31	260523.0
32	348850.0
33	510530.0
34	987625.0
35	5653183.0
36	5499874.0
>>END_MODULE
>>Per base sequence content	pass
#Base	G	A	T	C
1	22.259593450853412	26.63128653392304	27.255511949590215	23.853608065633335
2	22.561224353172797	27.18750275971441	27.381964700154715	22.869308186958083
3	22.054648192937375	27.18109169191387	27.773051704131944	22.99120841101681
4	22.73099708613026	26.35191555866856	28.198802617818014	22.718284737383172
5	22.57391344973065	26.648859311568106	27.70444576387706	23.07278147482418
6	21.88598984850385	27.271977524810588	27.872778759302257	22.96925386738331
7	21.990059310695216	27.202045140395093	27.773195719169507	23.034699829740184
8	22.02972516426283	27.02367554046902	27.42246144232802	23.52413785294012
9	22.22694239233763	26.92587688574555	27.482844298387427	23.364336423529398
10	21.9308839112735	27.012038913720943	27.91245943994741	23.14461773505815
11	23.05967692701921	26.646961570789852	27.337843541196882	22.95551796099405
12	21.922559441467847	27.376312691861536	27.82547807280426	22.875649793866355
13	21.92516998421317	27.213868424281795	28.205931139167884	22.655030452337154
14	22.153580910678908	26.835811449909187	28.24763745479612	22.762970184615785
15	21.918303726711084	27.30920685854542	28.043437511305992	22.729051903437504
16	21.98098437661022	27.33774506735219	28.242625572146977	22.43864498389061
17	22.23058083198197	26.810968414140746	27.40247596217189	23.555974791705392
18	22.16428461905126	27.767669934324697	27.340567157675927	22.72747828894812
19	22.61534121505336	27.01832837844392	27.67736914708362	22.688961259419102
20	22.873899186297027	26.601734237843424	27.76118084860139	22.763185727258158
21	22.78949996845328	26.800838251591685	27.837980325540755	22.57168145441428
22	22.175906371913058	27.54248967385556	27.91561830327926	22.365985650952126
23	22.176755703651217	27.239671034796466	27.89483334164573	22.688739919906585
24	21.892165843493153	27.57918877702429	27.810916485591385	22.717728893891174
25	22.091574641033947	27.533060207210703	27.59968099388471	22.775684157870636
26	22.30256492103314	26.95492244982865	27.632500596263892	23.110012032874312
27	22.79313498783894	27.061120478173663	27.558272314945526	22.587472219041874
28	22.019846459278103	27.36059814865258	27.581606675743604	23.037948716325708
29	22.80117765922365	26.81613063511682	27.43429223680482	22.948399468854713
30	22.14249902182815	27.831941887032208	27.324252117905296	22.70130697323435
31	22.238181796632286	27.405304196474333	27.68139640229517	22.675117604598206
32	22.269254159245904	27.619209996669706	27.330307110898744	22.781228733185642
33	22.086371058977797	26.954839058780212	28.093750890817553	22.865038991424434
34	22.255345497833893	27.71428322253885	27.756776850674907	22.273594428952354
35	22.265620903456448	26.71829792366053	27.857508450896244	23.15857272198678
36	22.470977636243504	27.32867698775668	27.25193406399798	22.94841131200184
37	22.241444374723006	27.285325001864923	27.341506831482302	23.13172379192977
38	22.48309673576116	27.298000367330026	27.04070811144142	23.178194785467394
39	22.465725371657374	27.28070025955344	27.19070567156882	23.062868697220363
40	22.16553554697782	27.081335696812065	27.98698982268387	22.76613893352624
41	22.649469404144895	26.952047627958066	27.52365103389886	22.87483193399818
42	22.60044100819472	26.98033912499615	27.735408705499392	22.683811161309734
43	22.42503425057426	27.578256359791624	27.454520496417175	22.542188893216945
44	22.528966285789547	27.102914983054365	27.232261454840906	23.135857276315182
45	22.577220901013533	27.535187549207553	27.261543099188536	22.626048450590385
46	22.39539155386327	28.220290148045592	26.973363206826285	22.410955091264857
47	22.749071907163163	27.12531288665656	27.106735027982705	23.01888017819757
48	22.660653730202878	27.75366732821935	27.554395224584887	22.031283716992885
49	22.982555134069514	27.628546616103606	27.745778847744653	21.643119402082224
50	23.379341522836285	27.202229489422024	27.552803587232198	21.865625400509487
>>END_MODULE
>>Per base GC content	pass
#Base	%GC
1	46.11320151648675
2	45.430532540130876
3	45.045856603954185
4	45.44928182351343
5	45.64669492455483
6	44.855243715887156
7	45.0247591404354
8	45.55386301720295
9	45.59127881586703
10	45.07550164633166
11	46.01519488801327
12	44.798209235334205
13	44.58020043655033
14	44.91655109529469
15	44.64735563014859
16	44.41962936050083
17	45.78655562368736
18	44.89176290799938
19	45.304302474472465
20	45.637084913555185
21	45.36118142286756
22	44.541892022865184
23	44.865495623557806
24	44.60989473738432
25	44.86725879890458
26	45.41257695390746
27	45.38060720688081
28	45.05779517560381
29	45.749577128078364
30	44.843805995062496
31	44.913299401230496
32	45.050482892431546
33	44.95141005040223
34	44.52893992678625
35	45.42419362544322
36	45.41938894824535
37	45.373168166652775
38	45.661291521228556
39	45.52859406887774
40	44.931674480504064
41	45.524301338143076
42	45.284252169504455
43	44.96722314379121
44	45.66482356210473
45	45.20326935160392
46	44.80634664512812
47	45.76795208536073
48	44.69193744719576
49	44.62567453615174
50	45.24496692334577
>>END_MODULE
>>Per sequence GC content	warn
#GC Content	Count
0	2034.0
1	2009.0
2	1747.0
3	1649.0
4	1811.0
5	2140.5
6	2528.0
7	3147.0
8	3802.0
9	4925.5
10	6156.5
11	8307.0
12	10516.0
13	14324.5
14	18894.5
15	26318.5
16	34284.0
17	46574.0
18	59833.5
19	78056.0
20	96860.5
21	118981.0
22	141832.5
23	171602.0
24	203362.5
25	233746.0
26	268866.0
27	313232.5
28	361605.5
29	418431.0
30	476825.5
31	538751.5
32	603796.0
33	673339.0
34	741446.0
35	793992.0
36	839690.0
37	857088.5
38	867486.5
39	874373.5
40	881309.0
41	885252.0
42	888570.5
43	885795.5
44	878665.0
45	864223.5
46	850779.0
47	834063.5
48	816141.0
49	799225.5
50	781161.5
51	763229.5
52	742510.5
53	717864.0
54	694309.0
55	668942.5
56	640806.0
57	608437.0
58	574942.5
59	535871.5
60	495749.0
61	453381.5
62	410755.5
63	374714.5
64	333309.5
65	295324.5
66	259038.0
67	225816.0
68	191158.5
69	159079.0
70	132052.0
71	110171.5
72	91241.5
73	75370.5
74	60576.5
75	50095.0
76	42114.0
77	34507.5
78	27716.5
79	22635.0
80	18094.0
81	14565.0
82	11619.5
83	9520.0
84	7560.0
85	5945.0
86	4572.0
87	3623.0
88	2913.5
89	2287.0
90	1701.0
91	1328.0
92	1033.0
93	873.0
94	720.5
95	629.0
96	541.5
97	472.5
98	413.5
99	617.0
100	826.0
>>END_MODULE
>>Per base N content	pass
#Base	N-Count
1	6.267141165218221E-4
2	0.0012961587409883138
3	7.121751324111615E-6
4	1.7804378310279037E-4
5	7.19296883735273E-4
6	0.002898552788913427
7	6.409576191700453E-5
8	8.617319102175053E-4
9	6.694446244664918E-4
10	0.0019442381114824709
11	0.00321903159849845
12	8.118796509487241E-4
13	2.7774830164035297E-4
14	0.0027276307571347485
15	0.0018658988469172429
16	0.002129403645909373
17	5.697401059289292E-4
18	9.899234340515143E-4
19	0.00339707538160124
20	0.005270095979842595
21	0.0013830460934330334
22	0.001170451578775031
23	5.859134963030288E-4
24	0.0017098479587455897
25	0.0024570288575532146
26	0.005852906559853034
27	0.0022409578428424885
28	0.002330439823764085
29	0.002341029847122107
30	0.0036650790188872055
31	0.0027534024574658944
32	0.003482206467912553
33	0.003372752713107562
34	0.0021220927148121052
35	0.002847471856454793
36	0.002452210182145939
37	0.0029545415984830624
38	0.004008808238474695
39	0.002901308431341858
40	0.0011633186772359813
41	0.0013803089116581628
42	0.0016287305703547937
43	0.003929265204380841
44	0.004221127413910629
45	2.7022091235137E-4
46	0.001047170000309598
47	0.001053774996713783
48	5.40300202429705E-4
49	0.001507480538235431
50	1.4279983592298853E-4
>>END_MODULE
>>Sequence Length Distribution	warn
#Length	Count
20	14481.0
21	15323.0
22	16446.0
23	17389.0
24	17901.0
25	18159.0
26	19173.0
27	19663.0
28	20176.0
29	22232.0
30	23122.0
31	24344.0
32	26123.0
33	26956.0
34	28523.0
35	29554.0
36	28061.0
37	28911.0
38	30406.0
39	32714.0
40	34141.0
41	40240.0
42	44375.0
43	54337.0
44	86307.0
45	144057.0
46	367292.0
47	780735.0
48	1549285.0
49	2077693.0
50	8403371.0
>>END_MODULE
>>Sequence Duplication Levels	warn
#Total Duplicate Percentage	34.10664163022274
#Duplication Level	Relative count
1	100.0
2	23.572404119449264
3	9.162452474991694
4	4.313609685873537
5	2.3528108966077297
6	1.4654313240559595
7	0.9457015244915286
8	0.7094607065076963
9	0.5300653353512237
10++	4.598575172566535
>>END_MODULE
>>Overrepresented sequences	pass
>>END_MODULE
>>Kmer Content	warn
#Sequence	Count	Obs/Exp Overall	Obs/Exp Max	Max Obs/Exp Position
TTTTT	3622125	3.602806	5.2861457	13
AAAAA	3317840	3.5702918	4.237023	13
GCAGC	1338195	3.019842	3.288586	46
AGAAA	2297675	3.0076787	6.298779	28
CAGCA	1621015	3.007165	3.2752097	23
GAAAA	2286555	2.9931226	6.5922227	4
TTTTC	2447185	2.9436903	5.2101507	4
GAGAA	1452100	2.3122451	6.426439	27
GGAAA	1423855	2.2672691	6.1743937	20
TGAAA	1544930	1.9907535	5.1974015	10
CTGAA	1275005	1.9558444	5.72705	9
AAATG	1450125	1.8685905	5.3091545	23
CATTT	1483350	1.8126049	5.322637	1
TGAGA	1052055	1.6490797	5.6553993	26
ATGAG	878995	1.3778107	5.359564	25
>>END_MODULE
