##FastQC	0.10.1
>>Basic Statistics	pass
#Measure	Value	
Filename	KS28_S3_L001_R1_001_trimmed.fq.gz	
File type	Conventional base calls	
Encoding	Sanger / Illumina 1.9	
Total Sequences	23470305	
Filtered Sequences	0	
Sequence length	20-50	
%GC	44	
>>END_MODULE
>>Per base sequence quality	pass
#Base	Mean	Median	Lower Quartile	Upper Quartile	10th Percentile	90th Percentile
1	35.28278805920929	36.0	36.0	36.0	36.0	36.0
2	35.27381591334241	36.0	36.0	36.0	36.0	36.0
3	35.25431821188519	36.0	36.0	36.0	36.0	36.0
4	35.24759686761634	36.0	36.0	36.0	36.0	36.0
5	35.21150449472216	36.0	36.0	36.0	36.0	36.0
6	35.18955582383782	36.0	36.0	36.0	36.0	36.0
7	35.18004452860753	36.0	36.0	36.0	36.0	36.0
8	35.17792410452272	36.0	36.0	36.0	36.0	36.0
9	35.16504391400112	36.0	36.0	36.0	36.0	36.0
10	35.143440871347856	36.0	36.0	36.0	36.0	36.0
11	35.12956094946359	36.0	36.0	36.0	36.0	36.0
12	35.11951676810335	36.0	36.0	36.0	36.0	36.0
13	35.11327219650533	36.0	36.0	36.0	36.0	36.0
14	35.10160596549555	36.0	36.0	36.0	36.0	36.0
15	35.07775480548719	36.0	36.0	36.0	36.0	36.0
16	35.06350058084034	36.0	36.0	36.0	36.0	36.0
17	35.059544773704474	36.0	36.0	36.0	36.0	36.0
18	35.03460841263034	36.0	36.0	36.0	36.0	36.0
19	35.027204375912454	36.0	36.0	36.0	36.0	36.0
20	35.01419938939865	36.0	36.0	36.0	36.0	36.0
21	35.00518184334622	36.0	36.0	36.0	36.0	36.0
22	34.99356013306876	36.0	36.0	36.0	36.0	36.0
23	34.986003906285866	36.0	36.0	36.0	36.0	36.0
24	34.97232609953989	36.0	36.0	36.0	36.0	36.0
25	34.95457848258968	36.0	36.0	36.0	36.0	36.0
26	34.94702788244599	36.0	36.0	36.0	36.0	36.0
27	34.94534840522377	36.0	36.0	36.0	36.0	36.0
28	34.909218108951826	36.0	36.0	36.0	36.0	36.0
29	34.90190444214102	36.0	36.0	36.0	36.0	36.0
30	34.893419942063865	36.0	36.0	36.0	36.0	36.0
31	34.87057922389788	36.0	36.0	36.0	36.0	36.0
32	34.85484697358686	36.0	36.0	36.0	36.0	36.0
33	34.840948430391705	36.0	36.0	36.0	36.0	36.0
34	34.81533917903681	36.0	36.0	36.0	36.0	36.0
35	34.802161596472786	36.0	36.0	36.0	36.0	36.0
36	34.78209701716132	36.0	36.0	36.0	36.0	36.0
37	34.765881726430486	36.0	36.0	36.0	36.0	36.0
38	34.7474849195503	36.0	36.0	36.0	36.0	36.0
39	34.72402586668606	36.0	36.0	36.0	32.0	36.0
40	34.7130477735324	36.0	36.0	36.0	32.0	36.0
41	34.69575045050079	36.0	36.0	36.0	32.0	36.0
42	34.67066024364304	36.0	36.0	36.0	32.0	36.0
43	34.65363242291147	36.0	36.0	36.0	32.0	36.0
44	34.63384066371093	36.0	36.0	36.0	32.0	36.0
45	34.613365927899785	36.0	36.0	36.0	32.0	36.0
46	34.5885087628769	36.0	36.0	36.0	32.0	36.0
47	34.60772947563895	36.0	36.0	36.0	32.0	36.0
48	34.624383464414244	36.0	36.0	36.0	32.0	36.0
49	34.69169326492947	36.0	36.0	36.0	32.0	36.0
50	34.78243210251543	36.0	36.0	36.0	32.0	36.0
>>END_MODULE
>>Per sequence quality scores	pass
#Quality	Count
8	3.0
9	5.0
10	14.0
11	13.0
12	30.0
13	97.0
14	100.0
15	177.0
16	244.0
17	625.0
18	1406.0
19	3098.0
20	6684.0
21	12925.0
22	21977.0
23	35165.0
24	55527.0
25	82954.0
26	120184.0
27	168502.0
28	229504.0
29	302070.0
30	391763.0
31	514163.0
32	705443.0
33	1068243.0
34	2150203.0
35	1.0687494E7
36	6911692.0
>>END_MODULE
>>Per base sequence content	pass
#Base	G	A	T	C
1	22.18663668482884	27.19817705926692	27.77358309847177	22.841603157432473
2	22.05847064094801	27.09346995837951	28.066441098088248	22.781618302584235
3	22.1325424328923	27.179700979472138	27.80419249097636	22.883564096659203
4	22.119131009274632	27.041837027639488	28.08527233313373	22.75375962995215
5	22.401819757062928	27.01323215656312	27.675189367713077	22.90975871866088
6	21.934464702897248	27.305348348004156	27.901305056053626	22.858881893044973
7	21.90794430839098	27.314170559515205	27.992245435486314	22.7856396966075
8	22.054120641828764	27.191748626839036	28.003540359036343	22.75059037229586
9	21.73787422962515	27.396104770681674	28.157111113317278	22.7089098863759
10	21.981585204932355	27.468962513167742	27.931665226557218	22.617787055342685
11	22.302207013247667	27.515852276755766	27.740623619466277	22.441317090530287
12	21.76664134799047	27.540744070795707	28.102797376374372	22.589817204839456
13	21.860810127287746	27.35473300728356	28.192746792283728	22.59171007314496
14	21.90510509097883	27.106185948603745	28.364063260772944	22.624645699644482
15	21.791726083921155	27.358418601408392	28.20399527713264	22.645860037537812
16	21.982844077895287	27.761034009957864	28.00088985102409	22.255232061122758
17	22.049701681426537	27.542996304482614	27.859788416939786	22.547513597151063
18	21.96331961697481	27.81593227201246	27.860735946910864	22.360012164101864
19	21.955204388319654	27.671515892608074	28.074641285174135	22.29863843389814
20	21.933519772270788	27.444686356042403	28.073360566890514	22.548433304796298
21	21.96298035453835	27.598063989790507	28.07968712448482	22.35926853118632
22	21.863528310347686	27.643698914150484	28.104614020728892	22.38815875477294
23	21.9940672795023	27.39242005147614	28.023302875227273	22.590209793794287
24	21.91081421062054	27.72522488248694	28.062473807382034	22.30148709951049
25	21.93402842015387	27.661734587437813	28.011030775236527	22.393206217171787
26	22.08476756230838	27.769467657852037	27.83497756096341	22.31078721887617
27	21.858083747972486	27.83009626406218	28.01712696481139	22.294693023153943
28	21.81836081180678	27.72136964392495	27.993861298932394	22.466408245335874
29	21.976194815946215	27.621179743905	28.06422319848866	22.33840224166013
30	21.957962052476578	27.71275227205654	28.01063400197711	22.31865167348977
31	22.034934945992745	27.738503305372625	27.935058871097656	22.291502877536974
32	22.000974797249846	27.64725166742656	27.944854474787466	22.406919060536133
33	21.92249224547495	27.638228855993592	28.057109341920672	22.382169556610783
34	22.058495435225524	27.853034282013105	27.9511387013616	22.13733158139977
35	22.03282773658207	27.713903766450642	27.882061554169223	22.371206942798057
36	22.140179890236787	27.861396893545347	27.79279380355163	22.205629412666234
37	21.910679150351328	27.774821661596054	27.961289083766477	22.353210104286138
38	21.90196816298677	27.600076183478805	28.044804192037624	22.4531514614968
39	21.83918933406476	27.754573566563938	28.048007394562052	22.358229704809247
40	21.985414863047865	27.783530183263792	28.011055251767537	22.219999701920806
41	22.137189890592808	27.812475807113973	27.843743986573678	22.206590315719538
42	22.055547341354863	27.911495730122386	27.83373155195025	22.199225376572496
43	22.028319700847884	27.891032302251944	27.87362689058064	22.207021106319534
44	22.0699774764692	27.657882615719924	27.84605071272916	22.426089195081712
45	21.890813418652503	27.741415218505306	28.044690906072233	22.32308045676996
46	21.96931584264159	27.84365668309516	27.84990624761069	22.337121226652567
47	21.953699140015843	27.849232042093657	27.924859572769762	22.272209245120738
48	21.941166759552836	28.22005708986854	28.032523623528455	21.80625252705017
49	22.050662403851344	28.55693237948764	28.138232833587868	21.254172383073147
50	21.7222866685287	28.518595510914235	28.342660726436453	21.41645709412061
>>END_MODULE
>>Per base GC content	pass
#Base	%GC
1	45.02823984226131
2	44.840088943532244
3	45.0161065295515
4	44.87289063922678
5	45.311578475723806
6	44.793346595942225
7	44.693584004998485
8	44.80471101412462
9	44.44678411600105
10	44.59937226027504
11	44.74352410377796
12	44.35645855282992
13	44.45252020043271
14	44.52975079062331
15	44.43758612145896
16	44.23807613901805
17	44.5972152785776
18	44.323331781076675
19	44.25384282221779
20	44.48195307706709
21	44.32224888572467
22	44.25168706512063
23	44.58427707329658
24	44.212301310131025
25	44.32723463732566
26	44.39555478118455
27	44.152776771126426
28	44.284769057142654
29	44.31459705760634
30	44.27661372596635
31	44.326437823529716
32	44.40789385778598
33	44.30466180208573
34	44.195827016625294
35	44.40403467938013
36	44.34580930290302
37	44.26388925463747
38	44.35511962448357
39	44.19741903887401
40	44.20541456496867
41	44.34378020631235
42	44.25477271792736
43	44.23534080716742
44	44.49606667155091
45	44.213893875422464
46	44.306437069294155
47	44.22590838513658
48	43.747419286603005
49	43.30483478692449
50	43.13874376264931
>>END_MODULE
>>Per sequence GC content	warn
#GC Content	Count
0	5105.0
1	4919.5
2	4021.0
3	3589.5
4	3981.0
5	4813.0
6	5653.0
7	7091.5
8	8634.0
9	11414.5
10	14498.5
11	20243.0
12	26140.5
13	35911.0
14	47290.5
15	65239.5
16	84488.0
17	112158.0
18	141361.0
19	179411.0
20	218587.5
21	267438.5
22	317910.0
23	377825.5
24	440077.0
25	497966.5
26	563670.0
27	636231.5
28	712010.5
29	793146.5
30	875054.5
31	955177.5
32	1038648.0
33	1121030.0
34	1204225.0
35	1274951.5
36	1340270.5
37	1393278.0
38	1434950.0
39	1456497.0
40	1475331.0
41	1480664.0
42	1481356.5
43	1464076.5
44	1441939.5
45	1407736.0
46	1371871.5
47	1330983.5
48	1288903.0
49	1247799.5
50	1208346.5
51	1173310.5
52	1135619.5
53	1099838.5
54	1065393.5
55	1030441.0
56	992571.5
57	947507.5
58	899551.5
59	842096.5
60	782747.5
61	717787.5
62	651273.5
63	595501.0
64	530594.0
65	469796.5
66	411412.0
67	358878.0
68	306349.0
69	260047.5
70	220482.0
71	185708.0
72	154051.5
73	127160.5
74	102549.5
75	84580.5
76	70900.5
77	57783.5
78	45999.0
79	37036.5
80	29259.5
81	23602.0
82	18870.5
83	15171.0
84	11723.5
85	9128.5
86	6886.0
87	5309.0
88	4311.5
89	3345.0
90	2414.5
91	1873.5
92	1497.0
93	1285.0
94	1069.0
95	933.5
96	819.5
97	739.5
98	663.0
99	978.0
100	1303.0
>>END_MODULE
>>Per base N content	pass
#Base	N-Count
1	4.090274923994384E-4
2	5.666735050950553E-4
3	4.2607030458274826E-5
4	1.8321023097058175E-4
5	0.0015295923934520663
6	0.0034724729823493988
7	0.003293523454424644
8	0.0015721994239103411
9	0.0030847490051790975
10	0.004362959918927343
11	0.004776248114372609
12	0.011844754467400402
13	0.0037579400864198396
14	0.004959458345343191
15	0.02087318422150884
16	0.005146929279359599
17	0.006825646279415627
18	0.005317357401192699
19	0.012428470784678767
20	0.020843359300188047
21	0.008220681289814662
22	0.017162509722186248
23	0.022463172248330797
24	0.012800791349622693
25	0.0188220574664792
26	0.0112303535176567
27	0.01595909739904853
28	0.04255334117081228
29	0.016553570639539363
30	0.01694597141126067
31	0.03180848700011538
32	0.032148143609519106
33	0.01521612987421994
34	0.036945650024436054
35	0.024735817875177243
36	0.0195586891035494
37	0.03270060269292499
38	0.0256297609257117
39	0.020219223714052152
40	0.01080638179591782
41	0.02603038959587635
42	0.010519388808201361
43	0.016801947991461473
44	0.033406055283834314
45	0.01447999523282158
46	0.018660455791444607
47	0.013587368082809533
48	0.005936751884504077
49	0.004992082221052542
50	0.006593780321811627
>>END_MODULE
>>Sequence Length Distribution	warn
#Length	Count
20	17261.0
21	18243.0
22	18696.0
23	19114.0
24	20163.0
25	20484.0
26	21691.0
27	22735.0
28	23891.0
29	25861.0
30	26229.0
31	27754.0
32	28833.0
33	29128.0
34	29903.0
35	30837.0
36	31803.0
37	33664.0
38	35991.0
39	38622.0
40	41562.0
41	45295.0
42	49714.0
43	65458.0
44	109244.0
45	216383.0
46	600007.0
47	1322314.0
48	2671193.0
49	3602705.0
50	1.4225527E7
>>END_MODULE
>>Sequence Duplication Levels	warn
#Total Duplicate Percentage	37.37068625128327
#Duplication Level	Relative count
1	100.0
2	23.87148125965388
3	11.014878794565456
4	6.180846704283958
5	3.7102417804116885
6	2.4989755067301327
7	1.7897109352835483
8	1.2593386501907133
9	0.987453897802856
10++	6.301421681429877
>>END_MODULE
>>Overrepresented sequences	pass
>>END_MODULE
>>Kmer Content	warn
#Sequence	Count	Obs/Exp Overall	Obs/Exp Max	Max Obs/Exp Position
AAAAA	6738280	3.9934072	4.865571	46
TTTTT	6174500	3.4257941	3.9852855	46
CCTGG	2183115	3.0574272	3.7733552	9
>>END_MODULE
