##FastQC	0.10.1
>>Basic Statistics	pass
#Measure	Value	
Filename	005-primary_S6_L002_R1_001_trimmed.fq.gz	
File type	Conventional base calls	
Encoding	Sanger / Illumina 1.9	
Total Sequences	29938020	
Filtered Sequences	0	
Sequence length	20-50	
%GC	44	
>>END_MODULE
>>Per base sequence quality	pass
#Base	Mean	Median	Lower Quartile	Upper Quartile	10th Percentile	90th Percentile
1	35.095301860310066	36.0	36.0	36.0	36.0	36.0
2	35.0861106713136	36.0	36.0	36.0	36.0	36.0
3	35.06269429307616	36.0	36.0	36.0	36.0	36.0
4	35.0543106057114	36.0	36.0	36.0	36.0	36.0
5	35.037363826999915	36.0	36.0	36.0	36.0	36.0
6	34.98782234095641	36.0	36.0	36.0	36.0	36.0
7	34.975538596072816	36.0	36.0	36.0	36.0	36.0
8	34.960556275932746	36.0	36.0	36.0	36.0	36.0
9	34.95465338055089	36.0	36.0	36.0	36.0	36.0
10	34.93314337421112	36.0	36.0	36.0	36.0	36.0
11	34.914515288586216	36.0	36.0	36.0	36.0	36.0
12	34.89728926629083	36.0	36.0	36.0	36.0	36.0
13	34.88520727155637	36.0	36.0	36.0	36.0	36.0
14	34.8871567658783	36.0	36.0	36.0	36.0	36.0
15	34.88409370425967	36.0	36.0	36.0	36.0	36.0
16	34.86023073670203	36.0	36.0	36.0	36.0	36.0
17	34.847083841884	36.0	36.0	36.0	36.0	36.0
18	34.83708495084177	36.0	36.0	36.0	36.0	36.0
19	34.83721081086859	36.0	36.0	36.0	36.0	36.0
20	34.82484857047994	36.0	36.0	36.0	36.0	36.0
21	34.80950630205493	36.0	36.0	36.0	36.0	36.0
22	34.79887468290358	36.0	36.0	36.0	36.0	36.0
23	34.7873831626255	36.0	36.0	36.0	32.0	36.0
24	34.77860788138325	36.0	36.0	36.0	32.0	36.0
25	34.7676280417286	36.0	36.0	36.0	32.0	36.0
26	34.75699769129639	36.0	36.0	36.0	32.0	36.0
27	34.75421151214979	36.0	36.0	36.0	32.0	36.0
28	34.73524080891952	36.0	36.0	36.0	32.0	36.0
29	34.71912994065145	36.0	36.0	36.0	32.0	36.0
30	34.70090596635265	36.0	36.0	36.0	32.0	36.0
31	34.694061968012406	36.0	36.0	36.0	32.0	36.0
32	34.68362040791456	36.0	36.0	36.0	32.0	36.0
33	34.667707401251825	36.0	36.0	36.0	32.0	36.0
34	34.64764532988064	36.0	36.0	36.0	32.0	36.0
35	34.627745516068956	36.0	36.0	36.0	32.0	36.0
36	34.618058645317724	36.0	36.0	36.0	32.0	36.0
37	34.59435949800337	36.0	36.0	36.0	32.0	36.0
38	34.57248235739856	36.0	36.0	36.0	32.0	36.0
39	34.554816989628655	36.0	36.0	36.0	32.0	36.0
40	34.53461731804319	36.0	36.0	36.0	32.0	36.0
41	34.514784299620686	36.0	36.0	36.0	32.0	36.0
42	34.49960520830885	36.0	36.0	36.0	32.0	36.0
43	34.47629459408584	36.0	36.0	36.0	32.0	36.0
44	34.45765537042232	36.0	36.0	36.0	32.0	36.0
45	34.43811755936672	36.0	36.0	36.0	32.0	36.0
46	34.42602147388814	36.0	36.0	36.0	32.0	36.0
47	34.4316305478164	36.0	36.0	36.0	32.0	36.0
48	34.44186856056948	36.0	36.0	36.0	32.0	36.0
49	34.513925411742115	36.0	36.0	36.0	32.0	36.0
50	34.61053185837407	36.0	36.0	36.0	32.0	36.0
>>END_MODULE
>>Per sequence quality scores	pass
#Quality	Count
14	2.0
15	18.0
16	119.0
17	423.0
18	1376.0
19	3946.0
20	9508.0
21	19168.0
22	32286.0
23	51859.0
24	79017.0
25	119295.0
26	174785.0
27	248133.0
28	342599.0
29	456165.0
30	602095.0
31	793445.0
32	1082781.0
33	1627730.0
34	3237842.0
35	1.3904909E7
36	7150519.0
>>END_MODULE
>>Per base sequence content	pass
#Base	G	A	T	C
1	22.324041888427708	27.056668369964253	27.68612578940628	22.93316395220176
2	22.19606669994431	26.86970973627644	27.941824869089523	22.992398694689722
3	22.29359857465524	26.98381188869538	27.66169573004494	23.060893806604447
4	22.308195809700887	26.87114499208798	27.860482758938588	22.96017643927254
5	22.490355073582023	26.82761251412084	27.552994486609332	23.129037925687804
6	22.140451052586414	27.113252023338752	27.691967707814445	23.054329216260385
7	22.09190237212182	27.129636232790038	27.822986632524955	22.955474762563185
8	22.264424968651902	27.005216109816217	27.805275699595366	22.92508322193652
9	21.956658805081865	27.21894366701512	27.956865766245315	22.867531761657702
10	22.19990908550095	27.28282389025139	27.684770993030632	22.83249603121703
11	22.46696675331234	27.33515108881616	27.51062361505537	22.687258542816124
12	22.00856302454204	27.297509988970546	27.880618023503224	22.81330896298419
13	22.15355925341756	27.109872329566215	27.9120730095043	22.824495407511918
14	22.172824723179563	26.83203330870659	28.080792479353246	22.914349488760603
15	22.09868588503849	27.103575987991192	27.870644084010898	22.92709404295942
16	22.31060036702494	27.55009516327399	27.603218248902234	22.536086220798836
17	22.41748118279031	27.289379858788255	27.55060621911536	22.742532739306075
18	22.310707254521176	27.507396948762814	27.54624721340957	22.635648583306445
19	22.28298331018551	27.37358382418076	27.741313553802154	22.60211931183158
20	22.244236592800725	27.15775458764474	27.69940029434144	22.898608525213092
21	22.307507998855407	27.313889837230054	27.68938605593012	22.68921610798442
22	22.259312585858947	27.305491924004567	27.725444492329455	22.709750997807035
23	22.37453607469316	27.070719577666463	27.593782042516274	22.960962305124102
24	22.30136072381551	27.39751363193096	27.677755880001808	22.623369764251724
25	22.31553220780455	27.330642934721304	27.6037314606025	22.75009339687164
26	22.450117560358276	27.4825692979424	27.440945007526054	22.626368134173276
27	22.173083203744152	27.572484819066812	27.65245489438516	22.601977082803877
28	22.21190518240048	27.42190859058698	27.590186731665955	22.775999495346593
29	22.28715734277894	27.319553807460444	27.730455520624492	22.662833329136124
30	22.343658854342138	27.3605840142772	27.628666556472524	22.667090574908134
31	22.423743241510934	27.398458975490126	27.527974690758118	22.64982309224083
32	22.39575370579633	27.337750238190196	27.536393246477004	22.730102809536472
33	22.290410398005925	27.378755393737634	27.60909158380957	22.72174262444687
34	22.44877476134866	27.56534740404818	27.493747903427757	22.492129931175413
35	22.413344222476795	27.45391108892088	27.432377355024627	22.700367333577702
36	22.52462971806098	27.56054348959512	27.39356282657986	22.521263965764046
37	22.238264336781707	27.467668044471054	27.627116976322625	22.666950642424617
38	22.223516622818355	27.272586601891557	27.71966587940357	22.78423089588652
39	22.15858858998849	27.449153750445056	27.709567222436576	22.682690437129878
40	22.329422937256098	27.511453413380586	27.595705534728644	22.563418114634672
41	22.497106923203184	27.525027737839075	27.459325161022978	22.518540177934764
42	22.36740053030127	27.67284284478991	27.408395134286128	22.551361490622686
43	22.370262364054415	27.62460781897137	27.497873082241835	22.50725673473238
44	22.403327297172236	27.375494157554737	27.49499557307702	22.72618297219601
45	22.197660489107037	27.46359236000892	27.70070857272945	22.63803857815459
46	22.306902346690542	27.4917746058083	27.507632758942645	22.69369028855851
47	22.243063646403762	27.596014200342207	27.6011069526692	22.559815200584836
48	22.304883250447602	27.948975413551498	27.64247855974168	22.103662776259224
49	22.417891123315663	28.27884478691382	27.71488265737869	21.588381432391827
50	22.14050506866804	28.162892880401408	27.868053770381522	21.82854828054903
>>END_MODULE
>>Per base GC content	pass
#Base	%GC
1	45.25720584062947
2	45.18846539463403
3	45.35449238125968
4	45.26837224897343
5	45.61939299926983
6	45.1947802688468
7	45.04737713468501
8	45.18950819058843
9	44.82419056673956
10	45.032405116717975
11	45.15422529612847
12	44.82187198752623
13	44.97805466092948
14	45.087174211940166
15	45.02577992799791
16	44.846686587823775
17	45.16001392209639
18	44.94635583782762
19	44.88510262201709
20	45.14284511801382
21	44.99672410683983
22	44.96906358366598
23	45.33549837981726
24	44.92473048806723
25	45.0656256046762
26	45.07648569453155
27	44.775060286548026
28	44.98790467774707
29	44.94999067191506
30	45.010749429250275
31	45.07356633375176
32	45.1258565153328
33	45.01215302245279
34	44.94090469252407
35	45.11371155605449
36	45.04589368382502
37	44.90521497920632
38	45.007747518704875
39	44.84127902711837
40	44.89284105189077
41	45.015647101137944
42	44.91876202092396
43	44.8775190987868
44	45.12951026936825
45	44.83569906726162
46	45.000592635249056
47	44.802878846988605
48	44.40854602670682
49	44.00627255570749
50	43.96905334921707
>>END_MODULE
>>Per sequence GC content	warn
#GC Content	Count
0	7250.0
1	7180.5
2	6258.5
3	5774.0
4	6295.5
5	7543.5
6	9021.0
7	11157.0
8	13371.5
9	17061.5
10	21145.0
11	28261.0
12	35675.0
13	47055.0
14	60549.0
15	81122.0
16	103305.5
17	135363.5
18	169667.5
19	212921.0
20	258343.0
21	315048.5
22	373218.5
23	441816.5
24	513693.5
25	581843.5
26	660233.0
27	747775.0
28	840123.0
29	939115.5
30	1039957.5
31	1142060.0
32	1246996.0
33	1354212.0
34	1465202.5
35	1564801.0
36	1660027.5
37	1744133.5
38	1813265.0
39	1860354.0
40	1901484.0
41	1922092.5
42	1936227.0
43	1929485.5
44	1913666.5
45	1877668.5
46	1839876.5
47	1797530.0
48	1754039.0
49	1710144.5
50	1667210.0
51	1630293.0
52	1592019.5
53	1553116.5
54	1513384.5
55	1473102.0
56	1428028.5
57	1369676.5
58	1306770.5
59	1228133.5
60	1143947.0
61	1050352.5
62	956712.0
63	870839.0
64	769315.0
65	676911.5
66	588013.5
67	506277.0
68	428488.5
69	360100.5
70	299961.5
71	249218.5
72	204754.0
73	165664.5
74	129517.0
75	103601.0
76	83830.5
77	65871.0
78	49870.5
79	38132.0
80	28143.5
81	20850.0
82	15318.5
83	11592.0
84	8397.5
85	6278.0
86	4617.5
87	3610.5
88	2790.0
89	2082.5
90	1597.5
91	1326.5
92	1142.5
93	973.0
94	811.5
95	682.0
96	566.5
97	536.0
98	525.0
99	717.5
100	916.0
>>END_MODULE
>>Per base N content	pass
#Base	N-Count
1	4.676327960232507E-5
2	1.3360937029235734E-5
3	0.0
4	4.676327960232507E-5
5	0.0
6	1.0020702771926801E-5
7	1.8371288415199136E-4
8	0.0
9	1.202484332631216E-4
10	3.3402342573089335E-6
11	0.0
12	0.0
13	0.0
14	0.0012759694862920128
15	0.0
16	0.0
17	0.0
18	0.0
19	0.0
20	0.0
21	0.0
22	0.0
23	2.55851336907397E-4
24	0.0
25	0.0
26	0.0
27	0.0
28	0.0
29	0.0
30	0.0
31	0.0
32	0.0
33	0.0
34	0.0
35	0.0
36	0.0
37	0.0
38	0.0
39	0.0
40	0.0
41	0.0
42	0.0
43	0.0
44	0.0
45	0.0
46	0.0
47	0.0
48	0.0
49	0.0
50	0.0
>>END_MODULE
>>Sequence Length Distribution	warn
#Length	Count
20	75935.0
21	77769.0
22	79566.0
23	80737.0
24	83409.0
25	84246.0
26	86622.0
27	90235.0
28	93446.0
29	97999.0
30	100068.0
31	103508.0
32	104808.0
33	104891.0
34	105653.0
35	105952.0
36	108643.0
37	113233.0
38	118331.0
39	123674.0
40	126720.0
41	131363.0
42	137888.0
43	157624.0
44	211375.0
45	345948.0
46	812104.0
47	1698535.0
48	3317104.0
49	4387812.0
50	1.6672822E7
>>END_MODULE
>>Sequence Duplication Levels	warn
#Total Duplicate Percentage	39.99151007191758
#Duplication Level	Relative count
1	100.0
2	24.76783496335535
3	11.950021797603085
4	7.092857789147262
5	4.417099191432309
6	3.054954636309049
7	2.14850336834659
8	1.600684362481801
9	1.2058598537504215
10++	8.272396008982257
>>END_MODULE
>>Overrepresented sequences	pass
>>END_MODULE
>>Kmer Content	warn
#Sequence	Count	Obs/Exp Overall	Obs/Exp Max	Max Obs/Exp Position
AAAAA	8066455	4.020581	4.885685	46
TTTTT	7583305	3.5713456	4.0764413	46
CCTGG	2839540	3.0550072	3.7206514	9
>>END_MODULE
