##FastQC	0.10.1
>>Basic Statistics	pass
#Measure	Value	
Filename	030-F5_S6_L004_R2_001_trimmed.fq.gz	
File type	Conventional base calls	
Encoding	Sanger / Illumina 1.9	
Total Sequences	9727816	
Filtered Sequences	0	
Sequence length	20-51	
%GC	42	
>>END_MODULE
>>Per base sequence quality	pass
#Base	Mean	Median	Lower Quartile	Upper Quartile	10th Percentile	90th Percentile
1	34.729243131243436	36.0	36.0	36.0	32.0	36.0
2	34.72727136286295	36.0	36.0	36.0	32.0	36.0
3	34.70709612517342	36.0	36.0	36.0	32.0	36.0
4	34.705510054877685	36.0	36.0	36.0	32.0	36.0
5	34.683763960995975	36.0	36.0	36.0	32.0	36.0
6	34.67718930950174	36.0	36.0	36.0	32.0	36.0
7	34.649973128603584	36.0	36.0	36.0	32.0	36.0
8	34.63442945466896	36.0	36.0	36.0	32.0	36.0
9	34.62015430801734	36.0	36.0	36.0	32.0	36.0
10	34.60190838313554	36.0	36.0	36.0	32.0	36.0
11	34.59055866188258	36.0	36.0	36.0	32.0	36.0
12	34.56310614838932	36.0	36.0	36.0	32.0	36.0
13	34.56759698168633	36.0	36.0	36.0	32.0	36.0
14	34.55849802257773	36.0	36.0	36.0	32.0	36.0
15	34.54955387725261	36.0	36.0	36.0	32.0	36.0
16	34.52687478875011	36.0	36.0	36.0	32.0	36.0
17	34.50895021040694	36.0	36.0	36.0	32.0	36.0
18	34.497202558107595	36.0	36.0	36.0	32.0	36.0
19	34.45229473912747	36.0	36.0	36.0	32.0	36.0
20	34.4705396360293	36.0	36.0	36.0	32.0	36.0
21	34.43546771606604	36.0	36.0	36.0	32.0	36.0
22	34.4425035524886	36.0	36.0	36.0	32.0	36.0
23	34.41023894999001	36.0	36.0	36.0	32.0	36.0
24	34.37952770658239	36.0	36.0	36.0	32.0	36.0
25	34.38040288296387	36.0	36.0	36.0	32.0	36.0
26	34.327057185972215	36.0	36.0	36.0	32.0	36.0
27	34.32796856494124	36.0	36.0	36.0	32.0	36.0
28	34.30878951369912	36.0	36.0	36.0	32.0	36.0
29	34.28571501987585	36.0	36.0	36.0	32.0	36.0
30	34.26953841247348	36.0	36.0	36.0	32.0	36.0
31	34.25083171702157	36.0	36.0	36.0	32.0	36.0
32	34.2293874183222	36.0	36.0	36.0	32.0	36.0
33	34.17930205684055	36.0	36.0	36.0	32.0	36.0
34	34.16968941281949	36.0	36.0	36.0	32.0	36.0
35	34.11184939316705	36.0	36.0	36.0	32.0	36.0
36	34.09971101922279	36.0	36.0	36.0	32.0	36.0
37	34.09054501944735	36.0	36.0	36.0	32.0	36.0
38	34.049063961261794	36.0	36.0	36.0	32.0	36.0
39	34.02907538692081	36.0	36.0	36.0	32.0	36.0
40	34.02172199419486	36.0	36.0	36.0	32.0	36.0
41	33.97995307643984	36.0	36.0	36.0	32.0	36.0
42	33.94979576670502	36.0	36.0	36.0	32.0	36.0
43	33.93278943043346	36.0	36.0	36.0	32.0	36.0
44	33.89323288567459	36.0	36.0	36.0	32.0	36.0
45	33.90095188084664	36.0	36.0	36.0	32.0	36.0
46	33.87378911416913	36.0	36.0	36.0	32.0	36.0
47	33.878416726111276	36.0	36.0	36.0	32.0	36.0
48	33.86789293830537	36.0	36.0	36.0	32.0	36.0
49	33.91312094396166	36.0	36.0	36.0	32.0	36.0
50	33.99786724794699	36.0	36.0	36.0	32.0	36.0
51	34.129148499612945	36.0	36.0	36.0	32.0	36.0
>>END_MODULE
>>Per sequence quality scores	pass
#Quality	Count
14	685.0
15	1532.0
16	2916.0
17	5144.0
18	8080.0
19	11463.0
20	16654.0
21	22839.0
22	31230.0
23	41639.0
24	56271.0
25	74240.0
26	96607.0
27	124049.0
28	155943.0
29	193251.0
30	240422.0
31	304676.0
32	400925.0
33	574536.0
34	1054380.0
35	4194291.0
36	2116043.0
>>END_MODULE
>>Per base sequence content	pass
#Base	G	A	T	C
1	21.44290146935345	27.56542681317163	27.68258569035434	23.30908602712058
2	21.874383513045544	28.80905540243292	27.989039729336334	21.3275213551852
3	21.020473660274824	28.64179380037616	28.652957662850532	21.684774876498487
4	22.312551964387485	27.02435983575347	29.399014126089558	21.264074073769486
5	21.543592107416508	27.82168166009719	28.82657319998651	21.808153032499792
6	20.646391749186048	28.70219790341429	29.059698497586716	21.59171184981295
7	20.8894164938975	28.664357960718007	28.67746470533571	21.768760840048785
8	20.76518651958537	28.663963341246074	28.059950418245823	22.510899720922737
9	21.388747484533013	28.178092595501397	28.076322578469824	22.35683734149577
10	20.812616110337615	28.193409497054635	29.01930916456479	21.974665228042962
11	22.513861281915695	27.745724220112717	28.081904509707012	21.65850998826458
12	20.893648070946107	28.857177456345894	28.652319628377537	21.59685484433046
13	20.847598268717256	28.685184834910526	29.32270717291528	21.144509723456938
14	21.065817856752226	28.296032737461317	29.41039386435763	21.227755541428827
15	20.794410585068633	28.83732587047288	29.080319775785235	21.287943768673255
16	20.74302186636754	28.656175240156678	29.57740977008611	21.02339312338967
17	21.034351389870036	28.159475878244404	28.095987835296228	22.71018489658933
18	21.06045180130874	29.57297917641534	28.06621753536457	21.30035148691135
19	21.937935503714296	28.234395058459167	28.56247486588973	21.265194571936803
20	22.433596605856852	27.717208055744475	28.765963500954378	21.083231837444295
21	22.329958297230103	27.742646399215936	28.790112948992768	21.13728235456119
22	21.259247563823543	29.07980999732725	28.845278672994585	20.815663765854627
23	20.99887614748155	28.877942667389707	29.027048569704295	21.09613261542445
24	20.651680102401187	29.12194421323854	28.76289341389247	21.4634822704678
25	20.96449760310372	29.231873621179677	28.313265900222067	21.490362875494537
26	21.125430526224626	28.073016248409466	28.735106457393726	22.06644676797218
27	22.26559218960785	28.15859099417161	28.413506791407173	21.16231002481336
28	20.775428166629638	28.899265199073266	28.421002310139464	21.904304324157632
29	22.0936588787507	27.99856230189437	28.1943107512927	21.71346806806223
30	20.96906116493335	29.732852032646207	27.930793426665108	21.367293375755338
31	21.090360311365735	28.9599040393464	28.62136211168297	21.328373537604897
32	21.135719586822525	29.4302081060611	28.10284657873246	21.331225728383913
33	20.953823595876404	28.043007698490968	29.358562399236533	21.644606306396096
34	21.194347384656503	29.29674526867918	28.713371428449737	20.79553591821458
35	21.02200595518982	27.769429819046287	29.12241877584536	22.086145449918533
36	21.425350456468266	28.549358096865273	27.991005722578453	22.034285724088008
37	21.09463435686711	28.698317051821686	27.96800215831819	22.23904643299301
38	21.45059719385921	28.989199494895523	27.561398497769712	21.998804813475555
39	21.50070245817565	28.693891512114494	27.795403788041064	22.0100022416688
40	20.947301841447054	28.22080831362303	29.26331784608507	21.568571998844845
41	21.643535546192506	28.07839624231379	28.56877140913342	21.709296802360285
42	21.814444542720874	27.885114903313184	28.885167797004108	21.41527275696183
43	21.42286392287302	29.068105215374896	28.257245622173016	21.251785239579068
44	21.481579935713903	28.385728557296346	28.00455917819505	22.1281323287947
45	21.846258243757923	28.996546067729284	27.87830942356796	21.278886264944834
46	21.369324001020132	30.300522704895506	27.43734040768373	20.892812886400634
47	21.923673407952244	28.325670942937194	27.68548942011301	22.06516622899755
48	21.74794426176042	28.955956994710924	28.580869368798755	20.7152293747299
49	22.19888969527036	28.412575948500994	28.67566728483687	20.712867071391777
50	23.224220972853203	28.228425902944892	28.20881488595611	20.3385382382458
51	21.82674786939443	29.909005092820344	27.985923612980653	20.278323424804572
>>END_MODULE
>>Per base GC content	pass
#Base	%GC
1	44.75198749647403
2	43.20190486823075
3	42.70524853677331
4	43.576626038156974
5	43.3517451399163
6	42.238103598999
7	42.658177333946284
8	43.27608624050811
9	43.74558482602878
10	42.78728133838058
11	44.17237127018028
12	42.490502915276565
13	41.99210799217419
14	42.29357339818105
15	42.08235435374189
16	41.76641498975721
17	43.744536286459365
18	42.36080328822009
19	43.2031300756511
20	43.51682844330115
21	43.46724065179129
22	42.074911329678166
23	42.095008762906
24	42.115162372868994
25	42.454860478598256
26	43.19187729419681
27	43.427902214421216
28	42.67973249078727
29	43.80712694681293
30	42.33635454068869
31	42.41873384897063
32	42.46694531520643
33	42.59842990227251
34	41.989883302871085
35	43.10815140510835
36	43.459636180556274
37	43.333680789860125
38	43.44940200733476
39	43.510704699844446
40	42.5158738402919
41	43.35283234855279
42	43.229717299682704
43	42.67464916245209
44	43.6097122645086
45	43.12514450870275
46	42.262136887420766
47	43.98883963694979
48	42.463173636490325
49	42.91175676666214
50	43.562759211099
51	42.10507129419901
>>END_MODULE
>>Per sequence GC content	warn
#GC Content	Count
0	8824.0
1	7130.5
2	4944.0
3	4888.0
4	5395.0
5	6046.0
6	6797.5
7	7593.0
8	8366.5
9	9896.5
10	11422.0
11	14083.0
12	16869.5
13	20797.0
14	25010.0
15	32029.0
16	39320.0
17	50376.5
18	62038.5
19	77346.0
20	92917.0
21	110402.0
22	128025.0
23	149791.0
24	173087.5
25	197843.0
26	245022.0
27	278520.0
28	321631.5
29	367172.5
30	419122.0
31	471887.5
32	526250.5
33	580521.5
34	622614.5
35	660090.0
36	667077.5
37	668641.0
38	657769.0
39	646591.5
40	633201.0
41	618813.0
42	611396.0
43	602651.5
44	585705.0
45	568269.0
46	552741.5
47	536570.5
48	520920.0
49	504944.5
50	488475.5
51	471784.0
52	452673.0
53	432181.5
54	412650.5
55	392666.0
56	371483.0
57	349662.0
58	326750.0
59	301900.5
60	276495.0
61	250471.0
62	225241.0
63	201638.0
64	177781.5
65	155491.5
66	136925.5
67	119113.0
68	100712.5
69	81833.5
70	67805.5
71	55669.0
72	46151.0
73	37462.0
74	30671.0
75	23276.0
76	19615.5
77	16467.0
78	13350.5
79	10908.0
80	8756.0
81	7137.5
82	5693.5
83	4827.5
84	4027.0
85	3351.5
86	2740.0
87	2313.0
88	1909.0
89	1587.5
90	1316.0
91	1186.5
92	1074.5
93	1083.5
94	1102.0
95	1136.0
96	1180.0
97	1402.0
98	2002.0
99	7012.5
100	11637.0
>>END_MODULE
>>Per base N content	pass
#Base	N-Count
1	0.0
2	0.0032792561043506582
3	0.0
4	0.0
5	0.0
6	0.0
7	0.0
8	4.523111868069873E-4
9	0.0
10	0.0
11	0.0
12	9.663011718149273E-4
13	0.0
14	0.0
15	0.0
16	0.0
17	0.0
18	0.0
19	0.0
20	0.0
21	0.0
22	0.0
23	0.0
24	3.108843405588726E-5
25	0.0
26	1.0409240324272818E-5
27	0.0
28	0.0
29	0.0
30	0.0
31	0.0
32	0.0
33	0.0
34	0.0
35	8.546717264657327E-4
36	0.0
37	0.0
38	0.0
39	0.0
40	0.0
41	0.0035058334447336486
42	0.0
43	0.0
44	0.0017625378238954237
45	0.0
46	1.1244833420724431E-5
47	0.0075423725820401065
48	0.0
49	0.0
50	0.0
51	0.0
>>END_MODULE
>>Sequence Length Distribution	warn
#Length	Count
20	18389.0
21	19037.0
22	20082.0
23	20417.0
24	21189.0
25	21853.0
26	22900.0
27	24353.0
28	24910.0
29	27670.0
30	28131.0
31	28031.0
32	29657.0
33	29792.0
34	31086.0
35	33055.0
36	31137.0
37	32301.0
38	34095.0
39	36146.0
40	37417.0
41	43550.0
42	43107.0
43	48428.0
44	55360.0
45	72750.0
46	115894.0
47	259336.0
48	523181.0
49	1044387.0
50	1463824.0
51	5486351.0
>>END_MODULE
>>Sequence Duplication Levels	warn
#Total Duplicate Percentage	23.672145433419676
#Duplication Level	Relative count
1	100.0
2	14.721646084270482
3	4.520515796751217
4	1.9263093131378481
5	1.0040657368117265
6	0.6139833437989585
7	0.46302462910458647
8	0.32602008131473625
9	0.2809861790319614
10++	2.9995116041583416
>>END_MODULE
>>Overrepresented sequences	warn
#Sequence	Count	Percentage	Possible Source
CAAGAAAACTGAAAATCATGGAAAATGAGAAACATCCACTTGACGACTTGA	12754	0.13110856537582538	No Hit
>>END_MODULE
>>Kmer Content	warn
#Sequence	Count	Obs/Exp Overall	Obs/Exp Max	Max Obs/Exp Position
GGGGG	984360	5.0503345	7.0332346	47
AAAAA	4193400	5.038397	6.2978606	47
TTTTT	3323675	4.0435133	6.5169687	13
TTTTC	2165620	3.4833899	7.2207026	4
GAAAA	2125820	3.4146059	9.212151	4
AGAAA	2009030	3.2270117	8.690943	28
GCTGC	836530	3.1636703	3.6118667	25
GCAGC	831595	3.137175	3.4249392	31
TTTCT	1910885	3.0736501	5.11014	21
TGCTG	1049550	3.0021567	3.3823023	27
CCAGG	782375	2.9514935	6.1909814	35
AAGAA	1698460	2.7281573	6.071466	2
GGAAA	1159640	2.4901488	9.4316435	20
GAGAA	1125795	2.417472	9.898037	27
TTTCC	1116220	2.3738277	5.4789133	22
TTTCA	1450135	2.3267272	5.1896906	14
AAAAT	1929075	2.3235822	6.4313188	22
ATTTT	1896335	2.3012965	5.588322	2
GGTGG	587750	2.2612762	5.896533	18
TCCTC	798875	2.2462485	6.1469154	24
CCACC	600610	2.2272458	7.1012454	8
TTCCT	1033700	2.198335	5.389644	23
TGGAA	1013555	2.1818874	6.6464305	19
GAGGA	755180	2.1679068	5.574172	2
TTCCA	1019385	2.1624932	5.2386317	6
TTCAG	972250	2.080272	6.1557975	15
TGAAA	1289160	2.0758872	7.3925705	10
TCCAC	734045	2.0588217	6.7166963	35
CTGAA	960315	2.0496185	8.888772	9
AAACA	1264610	2.0139332	5.022166	30
AAATG	1244410	2.003828	7.648413	23
CATTT	1246515	2.000021	7.607768	1
AAAAC	1213450	1.9324594	7.0731907	5
GTGGA	628560	1.8089215	7.423777	47
TGAGA	822035	1.7696006	9.149095	26
CCACT	607735	1.7045523	7.0046825	36
CACCT	589515	1.6534495	5.4907312	9
GCCAT	575455	1.6279202	5.066749	29
CATGG	568045	1.6208025	7.35252	17
CAAGA	733835	1.5623378	6.5410595	1
CATCC	542735	1.5222429	6.285096	33
AATGA	939280	1.5124882	7.098334	24
AGTGG	525165	1.511363	6.6157203	46
CTTGA	695785	1.4887345	7.5620522	47
ATGAG	685340	1.4753367	8.8075075	25
TCAGT	685715	1.4671882	5.455369	16
ATGGA	679690	1.4631736	6.001847	18
CACTT	687920	1.4593333	7.6946363	37
ACTGA	682505	1.4566835	8.108559	8
AACTG	679200	1.4496295	8.088376	7
GAAAC	659440	1.4039505	5.310753	29
AAATC	859805	1.3726864	6.7475457	13
AAACT	857925	1.3696848	6.4537916	6
ACTTG	632480	1.3532842	6.376483	46
AAGTG	611685	1.3167788	5.412512	47
ATCCA	593230	1.2553269	5.100161	34
TCATG	579965	1.2409205	5.524595	16
AATCA	759995	1.2133386	6.559944	14
GACTT	503710	1.0777618	5.587482	45
CGCCA	282965	1.0583613	5.5644975	28
CTCGC	246250	0.92333716	5.4441633	26
CCTCG	245730	0.92138743	5.8193645	25
TCGCC	241330	0.90488917	5.446153	27
CGTCC	195425	0.7327641	5.3554583	40
GACGA	248800	0.70813304	5.818789	42
TGACG	245955	0.7017833	5.739782	41
CGACT	172930	0.4892063	5.748432	44
ACGAC	172510	0.48680285	5.851067	43
>>END_MODULE
