##FastQC	0.10.1
>>Basic Statistics	pass
#Measure	Value	
Filename	004-F0_S5_L001_R1_001_trimmed.fq.gz	
File type	Conventional base calls	
Encoding	Sanger / Illumina 1.9	
Total Sequences	15459647	
Filtered Sequences	0	
Sequence length	20-50	
%GC	44	
>>END_MODULE
>>Per base sequence quality	pass
#Base	Mean	Median	Lower Quartile	Upper Quartile	10th Percentile	90th Percentile
1	35.112897726578105	36.0	36.0	36.0	36.0	36.0
2	35.09938778032901	36.0	36.0	36.0	36.0	36.0
3	35.074859988717726	36.0	36.0	36.0	36.0	36.0
4	35.06591470038094	36.0	36.0	36.0	36.0	36.0
5	35.046072526753036	36.0	36.0	36.0	36.0	36.0
6	34.99905385937984	36.0	36.0	36.0	36.0	36.0
7	34.983309450726786	36.0	36.0	36.0	36.0	36.0
8	34.965466481867274	36.0	36.0	36.0	36.0	36.0
9	34.95509658144199	36.0	36.0	36.0	36.0	36.0
10	34.93140250873775	36.0	36.0	36.0	36.0	36.0
11	34.91702055033986	36.0	36.0	36.0	36.0	36.0
12	34.89560292029954	36.0	36.0	36.0	36.0	36.0
13	34.87996213626352	36.0	36.0	36.0	36.0	36.0
14	34.886881569805574	36.0	36.0	36.0	36.0	36.0
15	34.873489090662936	36.0	36.0	36.0	36.0	36.0
16	34.854768417416	36.0	36.0	36.0	36.0	36.0
17	34.83624716657502	36.0	36.0	36.0	36.0	36.0
18	34.823102299813186	36.0	36.0	36.0	36.0	36.0
19	34.81078487755898	36.0	36.0	36.0	36.0	36.0
20	34.80701810332409	36.0	36.0	36.0	36.0	36.0
21	34.79382544746723	36.0	36.0	36.0	36.0	36.0
22	34.78140160391068	36.0	36.0	36.0	36.0	36.0
23	34.76676069212527	36.0	36.0	36.0	32.0	36.0
24	34.75837619615333	36.0	36.0	36.0	32.0	36.0
25	34.749844277492016	36.0	36.0	36.0	32.0	36.0
26	34.73535937145558	36.0	36.0	36.0	32.0	36.0
27	34.73293880513033	36.0	36.0	36.0	32.0	36.0
28	34.714370517151316	36.0	36.0	36.0	32.0	36.0
29	34.69245655936177	36.0	36.0	36.0	32.0	36.0
30	34.67818631024862	36.0	36.0	36.0	32.0	36.0
31	34.66326050357699	36.0	36.0	36.0	32.0	36.0
32	34.652533701546105	36.0	36.0	36.0	32.0	36.0
33	34.62278421757677	36.0	36.0	36.0	32.0	36.0
34	34.60760598219045	36.0	36.0	36.0	32.0	36.0
35	34.57946533292715	36.0	36.0	36.0	32.0	36.0
36	34.56807051870303	36.0	36.0	36.0	32.0	36.0
37	34.55524035634698	36.0	36.0	36.0	32.0	36.0
38	34.525335697629195	36.0	36.0	36.0	32.0	36.0
39	34.5148694388413	36.0	36.0	36.0	32.0	36.0
40	34.49871277904409	36.0	36.0	36.0	32.0	36.0
41	34.47000915328891	36.0	36.0	36.0	32.0	36.0
42	34.446142307594926	36.0	36.0	36.0	32.0	36.0
43	34.426830731956976	36.0	36.0	36.0	32.0	36.0
44	34.40933365482254	36.0	36.0	36.0	32.0	36.0
45	34.38717685558406	36.0	36.0	36.0	32.0	36.0
46	34.36998222392193	36.0	36.0	36.0	32.0	36.0
47	34.38035077915972	36.0	36.0	36.0	32.0	36.0
48	34.39650888431648	36.0	36.0	36.0	32.0	36.0
49	34.46139583384558	36.0	36.0	36.0	32.0	36.0
50	34.572657293904776	36.0	36.0	36.0	32.0	36.0
>>END_MODULE
>>Per sequence quality scores	pass
#Quality	Count
14	12.0
15	68.0
16	300.0
17	798.0
18	1794.0
19	3503.0
20	6539.0
21	11804.0
22	18895.0
23	29215.0
24	44033.0
25	65107.0
26	94494.0
27	132931.0
28	181199.0
29	241125.0
30	315325.0
31	413769.0
32	563319.0
33	841561.0
34	1658173.0
35	7141500.0
36	3694183.0
>>END_MODULE
>>Per base sequence content	pass
#Base	G	A	T	C
1	22.277080485325722	26.955262471216983	27.55342654207039	23.2142305013869
2	22.225255207961734	27.200769849402125	27.77340258804098	22.80057235459516
3	22.10540097030902	27.22349223405427	27.69991431220359	22.97119248343312
4	22.392244790582865	26.844351620706476	28.058564338500098	22.704839250210565
5	22.45614284748633	26.933810880189707	27.62583552642005	22.98421074590391
6	21.901839026466774	27.45080143162389	27.837640794773645	22.809718747135687
7	22.029767046412317	27.3734857835684	27.730440916952432	22.866306253066856
8	21.983878415852573	27.298184751566453	27.692508114836002	23.02542871774498
9	22.019888175906836	27.3361510793461	27.724756556395434	22.91920418835163
10	22.035826685118273	27.35614091443095	27.82344465921297	22.784587741237804
11	22.65384196676677	27.146066142389923	27.498027606969295	22.70206428387401
12	21.889154390135815	27.521301100859546	27.892971941726742	22.696572567277894
13	22.028510741545393	27.305959832071196	27.998045492241836	22.667483934141575
14	22.04801959579025	27.139429509612995	28.14753144104778	22.66501945354897
15	21.984921258869704	27.41970935168891	27.93486345030151	22.660505939139874
16	22.075568737112818	27.63805020903776	27.9255276656705	22.360853388178914
17	22.231199716267778	27.28035122664832	27.521365785389534	22.967083271694367
18	22.079947879793117	27.828462059968125	27.560564610563233	22.531025449675532
19	22.397717101819982	27.363147425034995	27.767031161837007	22.472104311308012
20	22.49544248972826	27.138478647022147	27.767477485093934	22.598601378155657
21	22.467148057868574	27.232163921896817	27.813933537525337	22.486754482709273
22	22.166809620138654	27.560740936743382	27.813536713062568	22.458912730055392
23	22.194980917635366	27.313705795472565	27.79731271776663	22.69400056912544
24	22.0466107524107	27.63361814036427	27.762276722013645	22.557494385211385
25	22.168942577488618	27.60700529011979	27.581881797333235	22.642170335058353
26	22.235162407479024	27.408258098030398	27.600864754416847	22.755714740073728
27	22.35167147517481	27.501991239269692	27.67619306709171	22.47014421846379
28	22.017371946026927	27.58787334823704	27.66727727363528	22.727477432100756
29	22.42746757703692	27.266247522821857	27.654727672457874	22.651557227683348
30	22.118119430237158	27.766211985755334	27.58208081133945	22.53358777266806
31	22.234453252482425	27.568522438815073	27.65533141095609	22.54169289774641
32	22.20917277399925	27.659496999240773	27.53765875947318	22.59367146728679
33	22.11109958405116	27.32183582538133	27.86795810683662	22.69910648373089
34	22.262532259393954	27.75453191630258	27.694296748727147	22.28863907557632
35	22.239350204944785	27.280229020224766	27.707868923450206	22.77255185138024
36	22.33784795563371	27.63523218914068	27.43280107560855	22.594118779617062
37	22.211684797097238	27.52993316889274	27.52366207193935	22.734719962070677
38	22.232437283190304	27.48718336013346	27.493644135734318	22.786735220941917
39	22.177886874660036	27.539937867021713	27.574468281949954	22.707706976368296
40	22.17544301388033	27.479702749862806	27.83161642426759	22.513237811989274
41	22.439852777122383	27.42781617136777	27.600863151649307	22.531467899860537
42	22.372335864131685	27.50806630053203	27.668532291071536	22.451065544264754
43	22.32136866730498	27.714412910913786	27.52395555414599	22.440262867635248
44	22.35271069707647	27.40384595352083	27.486709055648145	22.75673429375456
45	22.284763525805417	27.6783172764846	27.543176573242267	22.493742624467714
46	22.229467213405005	28.004582120523224	27.326534514628083	22.439416151443687
47	22.320273158786026	27.55724710573108	27.47774220384114	22.644737531641752
48	22.307128575595577	27.9952088229765	27.744305155747174	21.953357445680748
49	22.538905695961407	28.102751206191407	27.888000951083164	21.470342146764022
50	22.57675461171484	27.869803094196676	27.893792553849174	21.65964974023931
>>END_MODULE
>>Per base GC content	pass
#Base	%GC
1	45.49131098671263
2	45.02582756255689
3	45.07659345374214
4	45.097084040793426
5	45.44035359339024
6	44.711557773602465
7	44.89607329947917
8	45.00930713359755
9	44.939092364258464
10	44.82041442635608
11	45.35590625064078
12	44.58572695741371
13	44.69599467568697
14	44.71303904933922
15	44.64542719800958
16	44.436422125291735
17	45.198282987962145
18	44.61097332946865
19	44.869821413127994
20	45.09404386788391
21	44.95390254057784
22	44.625722350194046
23	44.888981486760805
24	44.604105137622085
25	44.811112912546974
26	44.99087714755275
27	44.8218156936386
28	44.74484937812768
29	45.07902480472028
30	44.65170720290522
31	44.77614615022883
32	44.802844241286046
33	44.81020606778205
34	44.55117133497027
35	45.01190205632503
36	44.93196673525077
37	44.94640475916791
38	45.01917250413222
39	44.88559385102833
40	44.6886808258696
41	44.97132067698292
42	44.82340140839644
43	44.76163153494023
44	45.10944499083103
45	44.77850615027313
46	44.66888336484869
47	44.96501069042778
48	44.26048602127632
49	44.00924784272543
50	44.23640435195415
>>END_MODULE
>>Per sequence GC content	pass
#GC Content	Count
0	4114.0
1	3957.0
2	3272.0
3	2928.5
4	3178.0
5	3836.5
6	4566.5
7	5585.5
8	6636.0
9	8498.0
10	10536.5
11	13910.5
12	17387.0
13	22837.5
14	29270.0
15	39113.0
16	49668.5
17	65025.5
18	81782.5
19	103447.0
20	125847.5
21	152526.0
22	179617.5
23	212789.5
24	248603.5
25	282812.0
26	322262.0
27	369096.5
28	418567.0
29	473588.5
30	530966.0
31	590730.5
32	652989.5
33	718637.5
34	784204.5
35	839220.5
36	888841.0
37	922465.5
38	949522.0
39	967908.0
40	983499.0
41	993417.5
42	1001583.0
43	999910.0
44	994901.5
45	981850.0
46	968209.5
47	949545.5
48	928960.5
49	908538.5
50	886804.5
51	863999.0
52	838851.0
53	810318.0
54	782236.0
55	753734.0
56	722542.0
57	686469.5
58	648651.5
59	603632.0
60	557011.5
61	508394.0
62	459682.0
63	416929.0
64	367618.0
65	322831.5
66	280363.0
67	241352.0
68	202018.5
69	166716.0
70	137204.0
71	113147.5
72	92030.0
73	73828.0
74	57263.0
75	45783.5
76	37184.0
77	29047.0
78	21862.0
79	16792.0
80	12465.0
81	9295.5
82	6745.0
83	5150.5
84	3846.0
85	2869.0
86	2082.5
87	1653.5
88	1318.5
89	1038.5
90	835.5
91	722.0
92	642.5
93	544.5
94	450.5
95	416.5
96	401.0
97	373.5
98	356.0
99	554.0
100	748.0
>>END_MODULE
>>Per base N content	pass
#Base	N-Count
1	5.821607699063245E-5
2	0.0
3	2.328643079625298E-4
4	0.0
5	5.304131459146512E-4
6	0.0
7	6.468452998959161E-6
8	0.0
9	5.821607699063245E-5
10	7.050613768865485E-4
11	0.0
12	0.0
13	0.0
14	0.0
15	6.468452998959161E-6
16	0.0
17	0.0
18	0.0
19	0.0
20	0.0
21	0.0
22	0.0
23	0.0
24	0.0
25	0.0
26	0.0
27	0.0
28	0.0
29	0.0
30	0.0
31	0.0
32	0.0
33	0.0
34	0.0
35	0.0
36	0.0
37	0.0
38	0.0
39	0.0
40	0.0
41	0.0
42	0.0
43	0.0
44	0.0
45	0.0
46	0.0
47	0.0
48	0.0
49	9.907106466539514E-5
50	0.0
>>END_MODULE
>>Sequence Length Distribution	warn
#Length	Count
20	31031.0
21	31998.0
22	32694.0
23	33427.0
24	34057.0
25	34766.0
26	36231.0
27	37277.0
28	38872.0
29	41043.0
30	41836.0
31	43217.0
32	43952.0
33	44449.0
34	44933.0
35	45802.0
36	46013.0
37	47498.0
38	50467.0
39	53026.0
40	54489.0
41	58025.0
42	62013.0
43	72877.0
44	104923.0
45	174631.0
46	419058.0
47	875801.0
48	1722100.0
49	2311780.0
50	8791361.0
>>END_MODULE
>>Sequence Duplication Levels	warn
#Total Duplicate Percentage	29.425502101821582
#Duplication Level	Relative count
1	100.0
2	19.87042390887875
3	7.312689400536417
4	3.516667247204709
5	1.960360862447316
6	1.226792991744749
7	0.7823330662858337
8	0.6151381100003483
9	0.4367968232958306
10++	3.6079278275105366
>>END_MODULE
>>Overrepresented sequences	pass
>>END_MODULE
>>Kmer Content	warn
#Sequence	Count	Obs/Exp Overall	Obs/Exp Max	Max Obs/Exp Position
AAAAA	4008235	3.768149	4.601685	46
TTTTT	3845010	3.4623206	4.2136226	13
>>END_MODULE
