##FastQC	0.10.1
>>Basic Statistics	pass
#Measure	Value	
Filename	040-F5_S4_L004_R2_001.fastq.gz	
File type	Conventional base calls	
Encoding	Sanger / Illumina 1.9	
Total Sequences	18578734	
Filtered Sequences	0	
Sequence length	35-76	
%GC	44	
>>END_MODULE
>>Per base sequence quality	pass
#Base	Mean	Median	Lower Quartile	Upper Quartile	10th Percentile	90th Percentile
1	31.369086182083237	32.0	32.0	32.0	32.0	32.0
2	31.104611541346145	32.0	32.0	32.0	32.0	32.0
3	31.15320839407034	32.0	32.0	32.0	32.0	32.0
4	31.194712190830657	32.0	32.0	32.0	32.0	32.0
5	31.17352544043098	32.0	32.0	32.0	32.0	32.0
6	34.85687598519899	36.0	36.0	36.0	36.0	36.0
7	34.846147374735004	36.0	36.0	36.0	36.0	36.0
8	34.78053197812079	36.0	36.0	36.0	32.0	36.0
9	34.89105129552961	36.0	36.0	36.0	36.0	36.0
10-14	34.787510203870724	36.0	36.0	36.0	33.6	36.0
15-19	34.70295963115679	36.0	36.0	36.0	32.0	36.0
20-24	34.643145856978194	36.0	36.0	36.0	32.0	36.0
25-29	34.57317280068706	36.0	36.0	36.0	32.0	36.0
30-34	34.50087638910164	36.0	36.0	36.0	32.0	36.0
35-39	34.45037692997304	36.0	36.0	36.0	32.0	36.0
40-44	34.37311517336941	36.0	36.0	36.0	32.0	36.0
45-49	34.26566094172853	36.0	36.0	36.0	32.0	36.0
50-54	34.14864548333295	36.0	36.0	36.0	32.0	36.0
55-59	33.99685689251006	36.0	36.0	36.0	32.0	36.0
60-64	33.84850377373689	36.0	36.0	36.0	31.0	36.0
65-69	33.70228173141914	36.0	36.0	36.0	27.0	36.0
70-74	33.57008472940955	36.0	36.0	36.0	27.0	36.0
75-76	32.92760797548682	36.0	34.0	36.0	20.5	36.0
>>END_MODULE
>>Per sequence quality scores	pass
#Quality	Count
2	15330.0
3	0.0
4	0.0
5	0.0
6	0.0
7	0.0
8	0.0
9	0.0
10	0.0
11	0.0
12	0.0
13	1.0
14	1344.0
15	4055.0
16	6810.0
17	10315.0
18	14733.0
19	19259.0
20	25424.0
21	34650.0
22	47920.0
23	67666.0
24	95731.0
25	134163.0
26	181793.0
27	239103.0
28	308323.0
29	388539.0
30	490539.0
31	632475.0
32	850297.0
33	1295158.0
34	2731079.0
35	1.0984027E7
>>END_MODULE
>>Per base sequence content	fail
#Base	G	A	T	C
1	44.585356542008505	18.16407417329698	11.330167984861255	25.920401299833262
2	16.7111162853119	19.820843297712194	37.21181722782491	26.256223189150994
3	20.2677592098197	21.381619375639797	28.828852225686337	29.52176918885417
4	13.663064531265034	14.775726048514676	36.61270089691911	34.94850852330118
5	15.136244913737986	34.642888003435694	35.27478259145683	14.946084491369488
6	34.030658819023216	35.293514919851305	16.751833045704327	13.923993215421152
7	30.092126422503114	29.877025786865385	20.964544002813277	19.066303787818224
8	26.18708613062011	34.77087005999717	20.45095786730592	18.591085942076806
9	24.89512783769515	15.804402400525788	20.631102324027882	38.66936743775118
10-14	23.719905899794163	23.459450665537553	28.944911946707435	23.875731487960852
15-19	21.934927006162113	28.801794621917676	26.997664735020816	22.265613636899392
20-24	22.040527962521608	27.544486472595064	28.203502828558424	22.211482736324903
25-29	21.624131094775038	27.75819664214101	28.226229735366953	22.391442527717004
30-34	21.697103397868847	27.82786488510088	28.407158376568564	22.06787334046171
35-39	21.62873215390593	28.139576212911106	28.28731524251969	21.94437639066328
40-44	21.84878254179613	28.032554748330895	28.340120574984702	21.778542134888276
45-49	21.80034041918685	28.1757838695277	28.095922681843078	21.927953029442378
50-54	21.748375961637034	28.393876796709094	28.110758668456626	21.746988573197246
55-59	21.794572628906845	28.205243979325605	27.91806351904232	22.08211987272523
60-64	21.943640410644523	28.186149382465132	28.04010056440226	21.830109642488086
65-69	22.06744771260533	28.437412894273912	27.839948418492277	21.655190974628482
70-74	22.361044554115463	28.690806441981437	27.806965467117166	21.141183536785928
75-76	25.905203252623053	35.89959578277592	28.986678627332058	9.208522337268974
>>END_MODULE
>>Per base GC content	fail
#Base	%GC
1	70.50575784184177
2	42.9673394744629
3	49.789528398673866
4	48.611573054566215
5	30.082329405107476
6	47.95465203444437
7	49.15843021032134
8	44.77817207269691
9	63.56449527544633
10-14	47.59563738775501
15-19	44.2005406430615
20-24	44.25201069884651
25-29	44.015573622492035
30-34	43.76497673833055
35-39	43.57310854456921
40-44	43.6273246766844
45-49	43.72829344862922
50-54	43.49536453483428
55-59	43.87669250163208
60-64	43.77375005313261
65-69	43.72263868723381
70-74	43.50222809090139
75-76	35.11372558989203
>>END_MODULE
>>Per sequence GC content	fail
#GC Content	Count
0	15380.0
1	7747.5
2	160.0
3	309.5
4	414.5
5	549.5
6	883.5
7	1313.5
8	1550.5
9	1899.5
10	2858.5
11	4438.0
12	5413.5
13	6470.0
14	9169.5
15	13414.0
16	20005.0
17	25043.0
18	33048.0
19	48814.5
20	68412.0
21	82337.5
22	102147.5
23	137847.0
24	175908.0
25	200905.0
26	232066.5
27	283543.0
28	334518.5
29	368615.0
30	411975.0
31	481604.5
32	549798.0
33	595401.5
34	654440.0
35	743377.0
36	814083.5
37	851257.0
38	868986.5
39	873246.5
40	853567.0
41	824535.5
42	813599.5
43	805125.5
44	781750.5
45	754470.0
46	738090.0
47	721349.5
48	691568.5
49	660112.0
50	640250.0
51	620993.5
52	591835.5
53	565956.5
54	551253.0
55	537126.5
56	515002.0
57	492228.0
58	473256.5
59	447976.5
60	409910.5
61	366275.5
62	332341.5
63	300393.5
64	259910.0
65	223407.0
66	185550.0
67	158123.5
68	137133.5
69	111316.5
70	87287.0
71	71303.0
72	59838.0
73	47718.0
74	36879.5
75	29656.0
76	24914.0
77	19883.0
78	15017.0
79	11943.0
80	10225.5
81	8229.5
82	6165.5
83	4760.0
84	3933.0
85	3199.0
86	2467.0
87	2004.5
88	1788.5
89	1573.5
90	1408.0
91	1358.5
92	1356.0
93	1369.0
94	1424.5
95	1554.0
96	1644.0
97	1825.5
98	2610.5
99	12406.5
100	21602.0
>>END_MODULE
>>Per base N content	pass
#Base	N-Count
1	0.12611731240675494
2	0.1353375316100656
3	0.10346776050510222
4	0.08534488948493477
5	0.08604461423474818
6	0.0863837116135039
7	0.08251369549722817
8	0.08266978794141733
9	0.08684122394992037
10-14	0.08366555008538257
15-19	0.08266871144180223
20-24	0.08322310874357747
25-29	0.08259873896682089
30-34	0.08269131793371927
35-39	0.016525685037885162
40-44	1.5142445416675968E-5
45-49	0.0
50-54	0.0
55-59	1.546675165425747E-4
60-64	0.0011329619219981278
65-69	0.001695184874828227
70-74	6.847960156650841E-4
75-76	0.0
>>END_MODULE
>>Sequence Length Distribution	warn
#Length	Count
35	19858.0
36	6756.0
37	9419.0
38	10445.0
39	11929.0
40	13249.0
41	14249.0
42	16178.0
43	18192.0
44	20408.0
45	22355.0
46	23184.0
47	23602.0
48	24515.0
49	25153.0
50	25938.0
51	27155.0
52	28622.0
53	31091.0
54	33152.0
55	34244.0
56	35131.0
57	35602.0
58	36103.0
59	36618.0
60	38583.0
61	38341.0
62	39692.0
63	41008.0
64	45152.0
65	46286.0
66	47948.0
67	50819.0
68	47500.0
69	54619.0
70	55619.0
71	69148.0
72	136862.0
73	429416.0
74	1216340.0
75	3741806.0
76	1.1896447E7
>>END_MODULE
>>Sequence Duplication Levels	warn
#Total Duplicate Percentage	33.08962703619798
#Duplication Level	Relative count
1	100.0
2	21.57592724234718
3	8.787641165822665
4	4.633829963430632
5	2.7078920947139307
6	1.6862949147325452
7	1.1520450264926385
8	0.8515752676745839
9	0.6038709299172609
10++	4.571537452456157
>>END_MODULE
>>Overrepresented sequences	warn
#Sequence	Count	Percentage	Possible Source
GGGGGGGGGGGGGGGGGGGGGGGGGGGGGGGGGGGGGGGGGGGGGGGGGG	22738	0.1223872412404419	No Hit
>>END_MODULE
>>Kmer Content	warn
#Sequence	Count	Obs/Exp Overall	Obs/Exp Max	Max Obs/Exp Position
GGGGG	3520570	4.6992154	8.203847	72
AAAAA	9296915	4.426803	8.87313	72
TTTTT	7661700	3.538037	5.9516296	72
CCTGG	2790885	3.1051283	12.231686	3
CCAGG	2637150	2.9521284	12.616587	3
CCCAG	2445275	2.778998	11.000214	2
CTGGG	2464540	2.7009304	10.840572	4
CCAGC	2351565	2.6724987	6.528458	3
TTTCT	4484290	2.5994773	5.4214177	16
AGAAA	4414830	2.5834348	5.3076463	48
GCTGG	2291510	2.511304	7.055505	3
CAGCA	2735565	2.491812	6.546757	4
GGAGG	2286085	2.4829762	5.6798134	6
TGCTG	2782250	2.4659176	7.6186304	2
GAAAA	4211035	2.4641795	5.260356	24
TCCAG	2696070	2.4408243	8.94477	2
CAGCC	2103270	2.3903172	5.742885	9
GCTGC	2110465	2.3480954	5.6488767	8
CTCCA	2514735	2.3113072	6.271017	1
CTGCT	2556545	2.300361	6.370432	9
CTCCT	2488420	2.2731407	6.080676	1
GGCTG	2072200	2.2709582	8.225032	7
CTGGA	2539350	2.2644765	8.618067	4
CAGGA	2518880	2.2600372	9.395028	4
CTGCC	1971380	2.2267323	5.7722535	9
AGCAG	2476665	2.22216	5.2518983	7
CCTGC	1966355	2.2210565	6.266044	3
AGGAG	2500965	2.2103221	6.744531	5
TCCTG	2455480	2.2094233	8.476801	2
GGCAG	1993620	2.1982784	6.361437	7
GCCTG	1946890	2.1661024	7.3458853	7
CTGCA	2375695	2.1507802	6.6056256	4
CCCTG	1898695	2.1446326	8.870051	2
GCAGG	1942020	2.1413813	6.646207	3
CAGAG	2373590	2.1296773	7.465946	4
CTCTG	2345705	2.1106486	7.218523	2
TGCAG	2334950	2.082202	6.86766	2
AAAAT	4302685	2.036236	5.056987	72
CTGGC	1826130	2.0317454	5.6658626	4
GCCAG	1813055	2.0296044	5.439355	2
CAGGG	1830100	2.017972	8.963491	4
GAGAA	2793550	2.0089643	5.0935116	47
CCCCA	1736020	2.002974	6.734014	1
AGCTG	2244175	2.001253	5.6863813	7
TGGAG	2277380	2.0004175	6.145599	5
CAGGC	1772185	1.9838527	5.9133067	4
CAGAA	2673870	1.9521635	5.231584	4
GGGAG	1778790	1.93199	5.2940507	7
GGAGA	2180430	1.9270372	5.2996044	6
CACAG	2100370	1.9132159	6.7895555	7
TTCTG	2642630	1.8941908	5.237662	2
CTCAG	2082275	1.8851392	5.8950973	2
CTGTG	2116465	1.8758302	8.383746	9
CTGAG	2078270	1.8533064	5.684945	4
CCAGA	2018585	1.8387185	6.496383	3
GGCCA	1641875	1.8379786	6.412063	1
CAGTG	2051875	1.8297685	7.4625506	7
TGGGG	1694925	1.8296493	6.2076836	5
CCTCT	1991705	1.8193978	5.589868	1
CACTG	1983910	1.7960868	7.174213	7
TCTGG	2010765	1.782148	6.2198057	3
CATTT	3052015	1.7800894	5.160497	14
ACCTG	1953890	1.7689089	5.4073744	7
TGGCC	1564770	1.7409571	5.757529	5
GCCCA	1474300	1.6755075	7.0241127	1
CCTGA	1848180	1.6732069	5.3834324	3
ACAGA	2236835	1.633089	5.777325	8
GAGAG	1831115	1.6183169	5.113376	7
TCAGG	1801440	1.6064421	5.584612	3
GGGCC	1163460	1.6006044	5.2476153	6
GTGTG	1826840	1.594861	7.9889116	9
TGGGC	1453915	1.5933696	6.4265	5
GGCCT	1423825	1.5841422	5.0173573	6
CCTGT	1743045	1.5683796	5.474191	8
AGCCT	1697680	1.5369551	5.101486	6
AGGTG	1739665	1.5280964	5.0124846	7
CACAC	1618000	1.496259	6.361543	5
ACACA	1997435	1.4805008	6.0425916	6
TGTGT	2071270	1.4623927	6.2760625	10
CTGTC	1610505	1.4491209	5.7408066	9
AGTGG	1617815	1.4210652	5.234083	8
ACAGC	1546995	1.4091496	5.301346	8
GCCCT	1244795	1.4060329	5.9418254	1
GTCCT	1562360	1.4058005	11.606296	1
GCTGT	1582595	1.4026593	5.038311	8
GACAG	1557040	1.3970368	6.656788	7
GGGCT	1274435	1.3966744	5.7557244	6
ATGGC	1473915	1.3143703	6.0106406	17
AGGGC	1186435	1.3082304	5.3700285	5
AGGAC	1450425	1.3013777	11.222184	5
GGACA	1425150	1.2787	6.213273	6
TGTGC	1333555	1.1819344	6.508825	10
GTCCA	1303345	1.1799531	6.735562	1
GTGCT	1328060	1.1770641	6.4524813	1
GTCTT	1560590	1.1186036	5.240823	1
AGCAC	1226270	1.1170028	5.1374016	5
TACAG	1532090	1.111725	5.558249	5
GTGCA	1232485	1.0990739	6.0799994	1
CTGTA	1512145	1.0905452	5.8647127	1
TGGAC	1221135	1.0889525	5.750862	5
TGCAC	1179965	1.0682539	5.4249845	5
ACAGT	1441210	1.04578	5.1867027	8
GGACC	922845	1.0330685	6.258698	6
ACTGT	1407005	1.014719	5.745026	8
GACTG	1121610	1.0002006	5.6706715	7
CTACA	1288240	0.94900817	6.1625566	4
AGTGT	1332725	0.9467399	5.2824574	8
TGTAG	1300535	0.9238727	6.556888	2
TCCTA	1175300	0.8605162	6.8238115	2
TAGGA	1196475	0.8551781	7.163819	4
CCTAC	860800	0.79116625	5.7137938	3
GTAGG	868930	0.7632555	6.1450477	3
GTGTA	922990	0.65567267	5.5631604	1
GGACG	531550	0.58611715	5.364152	6
>>END_MODULE
