##FastQC	0.10.1
>>Basic Statistics	pass
#Measure	Value	
Filename	001-F5_S2_L004_R1_001_trimmed.fq.gz	
File type	Conventional base calls	
Encoding	Sanger / Illumina 1.9	
Total Sequences	18764080	
Filtered Sequences	0	
Sequence length	20-51	
%GC	45	
>>END_MODULE
>>Per base sequence quality	pass
#Base	Mean	Median	Lower Quartile	Upper Quartile	10th Percentile	90th Percentile
1	35.18836521694642	36.0	36.0	36.0	36.0	36.0
2	35.18160810442079	36.0	36.0	36.0	36.0	36.0
3	35.16830982387626	36.0	36.0	36.0	36.0	36.0
4	35.15703002758462	36.0	36.0	36.0	36.0	36.0
5	35.133587204914924	36.0	36.0	36.0	36.0	36.0
6	35.09286732949337	36.0	36.0	36.0	36.0	36.0
7	35.075712211843054	36.0	36.0	36.0	36.0	36.0
8	35.07138362232521	36.0	36.0	36.0	36.0	36.0
9	35.05057444862738	36.0	36.0	36.0	36.0	36.0
10	35.037154392861254	36.0	36.0	36.0	36.0	36.0
11	35.023608884634896	36.0	36.0	36.0	36.0	36.0
12	35.010249796419544	36.0	36.0	36.0	36.0	36.0
13	35.00289356046233	36.0	36.0	36.0	36.0	36.0
14	34.9917567501311	36.0	36.0	36.0	36.0	36.0
15	34.97248050530588	36.0	36.0	36.0	36.0	36.0
16	34.96311335274631	36.0	36.0	36.0	36.0	36.0
17	34.95714332916935	36.0	36.0	36.0	36.0	36.0
18	34.9376899373697	36.0	36.0	36.0	36.0	36.0
19	34.920959034495695	36.0	36.0	36.0	36.0	36.0
20	34.91586477994125	36.0	36.0	36.0	36.0	36.0
21	34.90890911301063	36.0	36.0	36.0	36.0	36.0
22	34.89775097556733	36.0	36.0	36.0	36.0	36.0
23	34.882766618763135	36.0	36.0	36.0	36.0	36.0
24	34.862855789078885	36.0	36.0	36.0	36.0	36.0
25	34.84855472150607	36.0	36.0	36.0	36.0	36.0
26	34.83379596766418	36.0	36.0	36.0	36.0	36.0
27	34.822184441747545	36.0	36.0	36.0	36.0	36.0
28	34.805977902005466	36.0	36.0	36.0	36.0	36.0
29	34.78740526776792	36.0	36.0	36.0	36.0	36.0
30	34.76511804929629	36.0	36.0	36.0	36.0	36.0
31	34.74411675751412	36.0	36.0	36.0	32.0	36.0
32	34.7205790618801	36.0	36.0	36.0	32.0	36.0
33	34.69177108849728	36.0	36.0	36.0	32.0	36.0
34	34.67819373442592	36.0	36.0	36.0	32.0	36.0
35	34.65795856146515	36.0	36.0	36.0	32.0	36.0
36	34.637638576724	36.0	36.0	36.0	32.0	36.0
37	34.610502863742575	36.0	36.0	36.0	32.0	36.0
38	34.58712329373835	36.0	36.0	36.0	32.0	36.0
39	34.55480693737547	36.0	36.0	36.0	32.0	36.0
40	34.540229012243785	36.0	36.0	36.0	32.0	36.0
41	34.517689425952184	36.0	36.0	36.0	32.0	36.0
42	34.47978539750144	36.0	36.0	36.0	32.0	36.0
43	34.46107594569842	36.0	36.0	36.0	32.0	36.0
44	34.435962515348116	36.0	36.0	36.0	32.0	36.0
45	34.415460234660856	36.0	36.0	36.0	32.0	36.0
46	34.397145159073055	36.0	36.0	36.0	32.0	36.0
47	34.39664345648714	36.0	36.0	36.0	32.0	36.0
48	34.40278814925389	36.0	36.0	36.0	32.0	36.0
49	34.43843515276779	36.0	36.0	36.0	32.0	36.0
50	34.51766985947034	36.0	36.0	36.0	32.0	36.0
51	34.627887691250855	36.0	36.0	36.0	32.0	36.0
>>END_MODULE
>>Per sequence quality scores	pass
#Quality	Count
14	6.0
15	60.0
16	264.0
17	624.0
18	1498.0
19	3316.0
20	6582.0
21	12284.0
22	21224.0
23	34383.0
24	53489.0
25	79724.0
26	114957.0
27	159265.0
28	212944.0
29	276719.0
30	354914.0
31	455809.0
32	612420.0
33	913928.0
34	1840843.0
35	9037147.0
36	4571680.0
>>END_MODULE
>>Per base sequence content	pass
#Base	G	A	T	C
1	22.41495923399291	26.914070421255403	27.48773369139878	23.183236653352907
2	22.340461760220286	26.966415069382133	27.734498345526998	22.958624824870586
3	22.307029499388776	27.02774922721627	27.61577473267668	23.04944654071828
4	22.501481164916957	26.755202410239164	27.857459840405646	22.885856584438233
5	22.592165419080576	26.810858068097932	27.49815184439028	23.098824668431213
6	22.134035275986484	27.190876791989055	27.689279951327883	22.985807980696578
7	22.200184171710408	27.145827190146072	27.677094199102743	22.97689443904078
8	22.284169146938936	27.05183984444886	27.608360234074958	23.055630774537242
9	22.14081435825383	27.164766400768535	27.73140606353043	22.963013177447202
10	22.25684636604416	27.19692803927853	27.65073218233044	22.89549341234687
11	22.723412487665584	27.15433722447585	27.355093424460343	22.76715686339822
12	22.090691667219158	27.334555135994655	27.74132823180625	22.83342496497994
13	22.224997054183675	27.118708110718355	27.827665241643007	22.828629593454963
14	22.24700279325024	26.866428577062518	28.004923735080585	22.88164489460666
15	22.16711724296126	27.143865033257867	27.80265365863226	22.88636406514861
16	22.343598958958992	27.49819516864794	27.63857390130192	22.519631971091147
17	22.481557383820125	27.17629053013455	27.38873062380815	22.953421462237177
18	22.358870887156666	27.5651189369394	27.43209779824967	22.64391237765426
19	22.486550624141426	27.25872877070701	27.62040058632372	22.634320018827847
20	22.532051258136924	27.02284078834173	27.623377851234665	22.82173010228668
21	22.56651821967483	27.162732463383303	27.624862023164397	22.645887293777463
22	22.367731611522824	27.31054330339281	27.65652769214515	22.665197392939216
23	22.443842496915316	27.06405841362434	27.587071516674598	22.905027572785738
24	22.307119783421776	27.42198231494786	27.595560001954865	22.6753378996755
25	22.396813200958583	27.376197511158974	27.43605212863793	22.790937159244518
26	22.511269697071693	27.33562307193208	27.396722875993195	22.756384355003032
27	22.461706778611294	27.419960230198605	27.50992505323517	22.608407937954937
28	22.25794693908739	27.373858259058892	27.48503198780798	22.88316281404574
29	22.5195627033914	27.17598873208422	27.526608981291478	22.777839583232897
30	22.37719981386581	27.45849953307204	27.43557871335675	22.728721939705395
31	22.469674595548756	27.3710028484015	27.453465132639288	22.70585742341046
32	22.43367850551413	27.406637227570908	27.39608269882619	22.76360156808877
33	22.37169261151481	27.213031541726817	27.640194785595064	22.77508106116331
34	22.535120195940312	27.52397483376161	27.448148800744093	22.49275616955399
35	22.498690850592897	27.204734627385136	27.43982193553557	22.8567525864864
36	22.61728035509389	27.49055163868226	27.251971807501068	22.64019619872278
37	22.37838504344624	27.377100112270718	27.417746354811577	22.826768489471462
38	22.4156858516206	27.248493867832813	27.423626634747595	22.912193645798993
39	22.330898947633905	27.38509001944714	27.481708547304084	22.80230248561487
40	22.385251351244488	27.345299675847595	27.582700230904024	22.686748742003893
41	22.6450745788187	27.30933614622183	27.364500202172533	22.681089072786932
42	22.554405709603767	27.422905958059317	27.403294840747634	22.619393491589282
43	22.523886278412586	27.52841309415145	27.332663599943913	22.61503702749205
44	22.53654855871327	27.256175546601774	27.300219889546483	22.907056005138468
45	22.41129684782665	27.377204141908628	27.505846570306208	22.705652439958513
46	22.473809214508705	27.57247952438439	27.240780993626313	22.712930267480587
47	22.502511376855963	27.341764997869543	27.363306052587355	22.79241757268714
48	22.47348239208104	27.70639206423905	27.50836122983566	22.31176431384425
49	22.741422075019262	27.656529231048882	27.44704814967075	22.15500054426111
50	22.79657860821585	27.873369424067352	27.504284702723098	21.825767264993704
51	22.283930589275126	28.312728655978344	27.729733437171504	21.67360731757503
>>END_MODULE
>>Per base GC content	pass
#Base	%GC
1	45.59819588734582
2	45.29908658509087
3	45.356476040107054
4	45.38733774935519
5	45.690990087511786
6	45.11984325668306
7	45.17707861075119
8	45.33979992147618
9	45.103827535701036
10	45.15233977839103
11	45.490569351063805
12	44.924116632199095
13	45.05362664763864
14	45.1286476878569
15	45.05348130810987
16	44.86323093005014
17	45.4349788460573
18	45.00278326481092
19	45.12087064296927
20	45.3537813604236
21	45.21240551345229
22	45.03292900446204
23	45.34887006970105
24	44.98245768309728
25	45.1877503602031
26	45.267654052074725
27	45.07011471656623
28	45.14110975313313
29	45.2974022866243
30	45.1059217535712
31	45.17553201895922
32	45.197280073602904
33	45.14677367267812
34	45.0278763654943
35	45.355443437079295
36	45.25747655381667
37	45.205153532917706
38	45.327879497419595
39	45.13320143324878
40	45.072000093248384
41	45.32616365160563
42	45.17379920119305
43	45.13892330590464
44	45.44360456385174
45	45.11694928778517
46	45.1867394819893
47	45.2949289495431
48	44.78524670592529
49	44.896422619280365
50	44.622345873209554
51	43.957537906850156
>>END_MODULE
>>Per sequence GC content	pass
#GC Content	Count
0	8218.0
1	7625.5
2	5593.5
3	4380.0
4	4694.5
5	5367.5
6	6161.0
7	7438.5
8	8743.0
9	10801.0
10	12999.5
11	16943.5
12	20987.5
13	27624.0
14	34764.5
15	46005.5
16	57862.0
17	75446.0
18	93863.5
19	118578.0
20	143836.5
21	175464.5
22	208077.0
23	247445.5
24	288006.5
25	328637.5
26	405501.5
27	458880.0
28	518472.0
29	579542.0
30	643989.0
31	710549.0
32	780284.5
33	851889.0
34	921288.0
35	987550.5
36	1037592.0
37	1084453.0
38	1116242.0
39	1147427.5
40	1165233.0
41	1179383.5
42	1184511.5
43	1184328.0
44	1172709.0
45	1159158.5
46	1139778.0
47	1117434.5
48	1093044.0
49	1068092.0
50	1044635.5
51	1021804.0
52	996495.5
53	970119.0
54	946050.0
55	919578.0
56	887601.0
57	852084.5
58	809715.0
59	762351.0
60	709363.0
61	652849.5
62	596160.5
63	541403.0
64	481016.0
65	422616.5
66	369661.0
67	319027.0
68	273592.5
69	228559.0
70	192319.5
71	160357.5
72	134355.5
73	109430.5
74	88534.0
75	66026.5
76	55115.0
77	45416.0
78	36013.0
79	28761.5
80	22422.5
81	18046.0
82	14239.0
83	11399.0
84	8867.0
85	7150.0
86	5589.5
87	4549.0
88	3545.5
89	2758.5
90	2086.5
91	1727.5
92	1449.0
93	1251.0
94	1034.5
95	884.5
96	767.5
97	694.0
98	634.5
99	741.0
100	847.0
>>END_MODULE
>>Per base N content	pass
#Base	N-Count
1	0.0015188594378194936
2	5.276038047162451E-4
3	5.222744733554749E-4
4	7.088010709824302E-4
5	0.0041515491300399485
6	8.207170295586035E-4
7	3.677238638931405E-4
8	0.0018492779821872429
9	6.768250828178094E-4
10	2.0251459170926578E-4
11	0.0027978989644043303
12	0.0029204735857020435
13	9.646089762993976E-4
14	0.001470895455572562
15	0.003741190615260647
16	0.0029524495738666645
17	0.0010765249348755708
18	7.727530473116721E-4
19	0.0020464632425357386
20	0.0028884975975374226
21	9.45751531836962E-4
22	0.0015483282260824944
23	9.939234742321042E-4
24	0.004633696336745152
25	0.003199061032356449
26	0.0019294873195014747
27	6.795701267713607E-4
28	3.3814500956050477E-4
29	0.0033488740423355677
30	0.0014496906283321606
31	9.423857326988451E-4
32	0.003258079081931949
33	0.013221280253048974
34	0.001755846578919674
35	7.49838448984909E-4
36	3.651690111734414E-4
37	0.0018162437394585948
38	2.492019449305613E-4
39	3.4128646453899966E-4
40	0.0012284409330460266
41	3.845970378795363E-4
42	3.749170135610368E-4
43	9.21642958995583E-4
44	6.468497542845055E-4
45	7.035358126990677E-4
46	4.728143006467745E-4
47	1.6164745337009795E-4
48	0.002069148087878634
49	7.529769339386915E-4
50	7.733231387394542E-4
51	2.724041995777151E-4
>>END_MODULE
>>Sequence Length Distribution	warn
#Length	Count
20	48805.0
21	49982.0
22	52190.0
23	53406.0
24	54267.0
25	54933.0
26	56516.0
27	58652.0
28	60530.0
29	64017.0
30	65346.0
31	67299.0
32	69291.0
33	68782.0
34	69548.0
35	70539.0
36	71079.0
37	72535.0
38	75824.0
39	78680.0
40	81028.0
41	83661.0
42	85370.0
43	91710.0
44	103389.0
45	136739.0
46	216946.0
47	512778.0
48	1050332.0
49	2079389.0
50	2781674.0
51	1.0278843E7
>>END_MODULE
>>Sequence Duplication Levels	warn
#Total Duplicate Percentage	32.239247179386105
#Duplication Level	Relative count
1	100.0
2	21.25510782788256
3	8.660403972835807
4	4.364011807989297
5	2.5564587665595417
6	1.653409338781683
7	1.0971832419619876
8	0.7510870039408437
9	0.5802201637413295
10++	4.5007052801489085
>>END_MODULE
>>Overrepresented sequences	pass
>>END_MODULE
>>Kmer Content	warn
#Sequence	Count	Obs/Exp Overall	Obs/Exp Max	Max Obs/Exp Position
AAAAA	5444510	4.298733	5.3818035	47
TTTTT	5092915	3.8392494	4.420897	13
CCTGG	1807450	3.0095923	3.6085851	19
>>END_MODULE
