##FastQC	0.10.1
>>Basic Statistics	pass
#Measure	Value	
Filename	032-F5_S3_L003_R2_001_trimmed.fq.gz	
File type	Conventional base calls	
Encoding	Sanger / Illumina 1.9	
Total Sequences	43802950	
Filtered Sequences	0	
Sequence length	20-51	
%GC	44	
>>END_MODULE
>>Per base sequence quality	pass
#Base	Mean	Median	Lower Quartile	Upper Quartile	10th Percentile	90th Percentile
1	34.72943002697307	36.0	36.0	36.0	32.0	36.0
2	34.731932027409115	36.0	36.0	36.0	32.0	36.0
3	34.70364708313024	36.0	36.0	36.0	32.0	36.0
4	34.704453695470285	36.0	36.0	36.0	32.0	36.0
5	34.68110780210009	36.0	36.0	36.0	32.0	36.0
6	34.66893601914939	36.0	36.0	36.0	32.0	36.0
7	34.663660803667334	36.0	36.0	36.0	32.0	36.0
8	34.655671570065486	36.0	36.0	36.0	32.0	36.0
9	34.635129277822614	36.0	36.0	36.0	32.0	36.0
10	34.62301461431251	36.0	36.0	36.0	32.0	36.0
11	34.60480198251488	36.0	36.0	36.0	32.0	36.0
12	34.589953393549976	36.0	36.0	36.0	32.0	36.0
13	34.58481568022245	36.0	36.0	36.0	32.0	36.0
14	34.572349579195006	36.0	36.0	36.0	32.0	36.0
15	34.553092679830925	36.0	36.0	36.0	32.0	36.0
16	34.54181693242122	36.0	36.0	36.0	32.0	36.0
17	34.52648501984456	36.0	36.0	36.0	32.0	36.0
18	34.508464589713704	36.0	36.0	36.0	32.0	36.0
19	34.507971632047614	36.0	36.0	36.0	32.0	36.0
20	34.50757980912245	36.0	36.0	36.0	32.0	36.0
21	34.487558471496165	36.0	36.0	36.0	32.0	36.0
22	34.472803287534305	36.0	36.0	36.0	32.0	36.0
23	34.45451040291166	36.0	36.0	36.0	32.0	36.0
24	34.428640763857956	36.0	36.0	36.0	32.0	36.0
25	34.41418216901504	36.0	36.0	36.0	32.0	36.0
26	34.40482207553542	36.0	36.0	36.0	32.0	36.0
27	34.38540314684112	36.0	36.0	36.0	32.0	36.0
28	34.35877497263017	36.0	36.0	36.0	32.0	36.0
29	34.34962577411649	36.0	36.0	36.0	32.0	36.0
30	34.32297037321512	36.0	36.0	36.0	32.0	36.0
31	34.304945101656294	36.0	36.0	36.0	32.0	36.0
32	34.284169558948456	36.0	36.0	36.0	32.0	36.0
33	34.25949126258328	36.0	36.0	36.0	32.0	36.0
34	34.22614793443838	36.0	36.0	36.0	32.0	36.0
35	34.20043438345065	36.0	36.0	36.0	32.0	36.0
36	34.18291683988577	36.0	36.0	36.0	32.0	36.0
37	34.16327242461197	36.0	36.0	36.0	32.0	36.0
38	34.13884783334901	36.0	36.0	36.0	32.0	36.0
39	34.11405099381711	36.0	36.0	36.0	32.0	36.0
40	34.08362405669828	36.0	36.0	36.0	32.0	36.0
41	34.06424289592565	36.0	36.0	36.0	32.0	36.0
42	34.04528376733937	36.0	36.0	36.0	32.0	36.0
43	34.0208133727094	36.0	36.0	36.0	32.0	36.0
44	34.004930827159654	36.0	36.0	36.0	32.0	36.0
45	33.974507774315654	36.0	36.0	36.0	32.0	36.0
46	33.95749053476577	36.0	36.0	36.0	32.0	36.0
47	33.94377261138042	36.0	36.0	36.0	32.0	36.0
48	33.97220012373363	36.0	36.0	36.0	32.0	36.0
49	34.00714617120167	36.0	36.0	36.0	32.0	36.0
50	34.080894701109	36.0	36.0	36.0	32.0	36.0
51	34.20469310797514	36.0	36.0	36.0	32.0	36.0
>>END_MODULE
>>Per sequence quality scores	pass
#Quality	Count
14	1255.0
15	2817.0
16	5785.0
17	10117.0
18	16502.0
19	28267.0
20	46096.0
21	71904.0
22	106892.0
23	154606.0
24	217583.0
25	299523.0
26	404351.0
27	529912.0
28	683897.0
29	866064.0
30	1097467.0
31	1413696.0
32	1898864.0
33	2814644.0
34	5332434.0
35	1.9453001E7
36	8347273.0
>>END_MODULE
>>Per base sequence content	pass
#Base	G	A	T	C
1	22.343860402096205	27.237325339959977	27.626132486510613	22.7926817714332
2	22.141360342168735	27.00797777318651	28.00491519406798	22.845746690576778
3	22.25592111946798	27.138005545288618	27.690192098933974	22.915881236309428
4	22.247444521430634	26.961923797369813	27.98626119930279	22.80437048189677
5	22.46796848157487	26.966759088143604	27.53732796535393	23.02794446492759
6	21.97640569870294	27.258805628388043	27.783226928779907	22.981561744129106
7	21.931468086053567	27.286472714737247	27.970065943047217	22.811993256161973
8	22.183928251407725	27.124250763932565	27.965262613591097	22.726558371068613
9	21.81039633175391	27.375955272418867	28.164767441462274	22.648880954364945
10	22.106602409198466	27.453838154736154	27.830545659595984	22.609013776469393
11	22.406347061099765	27.614281686507415	27.57804896702163	22.40132228537119
12	21.854368256019285	27.5915229453724	27.98051957687781	22.5735892217305
13	21.975777887105778	27.357349219630184	28.13382203710024	22.533050856163797
14	22.02866473605088	27.01006667359162	28.296934338897266	22.664334251460232
15	21.933990747198536	27.29643779699769	28.10038136700839	22.66919008879539
16	22.129466166091554	27.829525180381687	27.812482949207755	22.228525704319
17	22.220336758140718	27.587411350148795	27.704392055786197	22.487859835924294
18	22.067379023558917	27.86926679595781	27.75619906878418	22.3071551116991
19	22.066470408956473	27.698691526483948	27.99219687258507	22.242641191974514
20	22.05721304158738	27.469743476181396	27.949717998445312	22.523325483785907
21	22.117625310723657	27.65097543098362	27.92375651282889	22.30764274546383
22	21.994845721770577	27.64757908650007	28.010309929468498	22.347265262260862
23	22.182709728080642	27.381205288962434	27.85226587858174	22.583819104375184
24	22.08697331160441	27.7201508666352	27.934630423110402	22.25824539864999
25	22.134613840500307	27.672013204512226	27.78966743931917	22.403705515668296
26	22.304329154147425	27.885764383767373	27.625266470868006	22.184639991217196
27	21.94211512311764	27.961623277389	27.876647743048473	22.21961385644489
28	21.950266157197	27.784529663113688	27.83993850476984	22.425265674919473
29	22.075232559980556	27.657746873919802	27.964200330315897	22.302820235783745
30	22.12910276448461	27.72905695547843	27.83632745881762	22.30551282121933
31	22.245579868967326	27.78503577229553	27.74173523242708	22.227649126310066
32	22.155306520670123	27.728978580036966	27.776056571119128	22.33965832817378
33	22.049833429142403	27.729209601156015	27.882266595011867	22.338690374689715
34	22.249348957953586	27.93506366697165	27.726461897518522	22.089125477556244
35	22.226437166607568	27.814208108907224	27.598377031845878	22.36097769263933
36	22.338191495607095	27.976542904869905	27.58795661027279	22.09730898925021
37	22.004197222013154	27.839985711584635	27.85859511428408	22.297221952118125
38	22.006070013664754	27.58961533287127	27.974973251875923	22.429341401588054
39	21.918869328340712	27.75831649418881	27.952921730624837	22.36989244684564
40	22.113174146808785	27.813394199413622	27.845538946346032	22.227892707431565
41	22.321462249104364	27.896974839247967	27.673731008834757	22.107831902812915
42	22.185752134306075	28.037146394822294	27.638352545032003	22.13874892583963
43	22.18713494605359	27.989793385829607	27.71856455515842	22.10450711295838
44	22.200542137413102	27.693649134329085	27.69789291823226	22.407915810025557
45	21.998813337544124	27.74991321732141	27.914550503195418	22.33672294193905
46	22.118099848832244	27.77817186130656	27.69389813927131	22.409830150589883
47	22.053276725996188	27.857376651565723	27.810610434182763	22.278736188255326
48	22.13074013137683	28.151405077752546	27.812983428920347	21.904871361950278
49	22.390710235811	28.17313672104157	27.73044659452188	21.70570644862555
50	22.294374374424343	28.435068679158626	27.799408932409126	21.471148014007902
51	21.9541900762964	28.711874947721423	28.040554130598437	21.293380845383744
>>END_MODULE
>>Per base GC content	pass
#Base	%GC
1	45.136542173529406
2	44.98710703274551
3	45.17180235577741
4	45.0518150033274
5	45.49591294650246
6	44.95796744283205
7	44.74346134221553
8	44.91048662247634
9	44.45927728611886
10	44.71561618566786
11	44.80766934647096
12	44.427957477749786
13	44.508828743269575
14	44.69299898751112
15	44.603180835993925
16	44.35799187041056
17	44.708196594065015
18	44.37453413525802
19	44.30911160093099
20	44.58053852537329
21	44.42526805618749
22	44.34211098403144
23	44.76652883245582
24	44.3452187102544
25	44.53831935616861
26	44.48896914536462
27	44.16172897956253
28	44.37553183211647
29	44.3780527957643
30	44.43461558570394
31	44.473228995277395
32	44.49496484884391
33	44.388523803832115
34	44.33847443550983
35	44.5874148592469
36	44.43550048485731
37	44.30141917413128
38	44.43541141525281
39	44.28876177518635
40	44.341066854240346
41	44.429294151917276
42	44.32450106014571
43	44.29164205901197
44	44.60845794743866
45	44.33553627948317
46	44.52792999942213
47	44.332012914251514
48	44.03561149332711
49	44.09641668443655
50	43.765522388432245
51	43.24757092168014
>>END_MODULE
>>Per sequence GC content	warn
#GC Content	Count
0	17601.0
1	15656.0
2	12376.5
3	11963.5
4	13098.0
5	15079.5
6	17384.5
7	20531.5
8	23721.0
9	29286.5
10	35178.5
11	45396.5
12	55725.5
13	73508.5
14	92691.0
15	124481.5
16	157540.0
17	206219.0
18	256674.5
19	325083.5
20	394845.5
21	481145.5
22	569053.0
23	673700.0
24	780773.5
25	887587.0
26	1087312.0
27	1218382.5
28	1355562.5
29	1494628.5
30	1636933.0
31	1781863.5
32	1925228.5
33	2069139.5
34	2206918.0
35	2340776.0
36	2448685.5
37	2548052.5
38	2606629.5
39	2661895.0
40	2679418.0
41	2687489.0
42	2667309.0
43	2636377.5
44	2581336.5
45	2520571.0
46	2453248.0
47	2383424.5
48	2313352.0
49	2244260.0
50	2186438.5
51	2131722.0
52	2083774.5
53	2037600.5
54	1994129.0
55	1947239.5
56	1891566.0
57	1828101.0
58	1743360.0
59	1644058.5
60	1536957.0
61	1422672.0
62	1298460.5
63	1180752.0
64	1053832.0
65	929803.0
66	817383.0
67	707580.5
68	606813.0
69	510952.5
70	434301.0
71	361604.0
72	303074.5
73	248558.5
74	202359.0
75	150017.5
76	124579.0
77	102353.5
78	81599.0
79	66312.0
80	52347.5
81	42757.5
82	34335.5
83	28065.0
84	22095.5
85	17623.0
86	13533.0
87	10835.5
88	8392.5
89	6729.5
90	5253.0
91	4441.5
92	3728.5
93	3309.5
94	2885.0
95	2732.0
96	2654.5
97	2999.5
98	4856.5
99	18678.5
100	30989.0
>>END_MODULE
>>Per base N content	pass
#Base	N-Count
1	0.0
2	0.0
3	0.0
4	0.0
5	0.0
6	0.0
7	0.0
8	0.0
9	0.0
10	0.0
11	0.0
12	0.0
13	0.0
14	0.0
15	0.0
16	0.0
17	0.0
18	0.0
19	0.0
20	0.0
21	0.0
22	0.0
23	0.0
24	0.0
25	0.0
26	2.300608556975491E-6
27	0.0
28	0.0
29	0.0
30	0.0
31	0.0
32	0.0
33	0.0
34	0.0
35	0.0
36	0.0
37	0.0
38	0.0
39	0.0
40	0.0
41	0.0
42	0.0
43	0.0
44	0.0
45	0.0
46	9.667465529624485E-6
47	4.546321479631123E-4
48	0.0
49	0.0
50	0.0
51	0.0
>>END_MODULE
>>Sequence Length Distribution	warn
#Length	Count
20	50649.0
21	52681.0
22	54916.0
23	57333.0
24	59826.0
25	60785.0
26	63679.0
27	67037.0
28	71399.0
29	76631.0
30	77697.0
31	81718.0
32	83812.0
33	84652.0
34	86406.0
35	86943.0
36	90040.0
37	94700.0
38	101337.0
39	107640.0
40	112732.0
41	117251.0
42	123223.0
43	137546.0
44	169585.0
45	256841.0
46	463694.0
47	1201085.0
48	2555551.0
49	5105081.0
50	6992416.0
51	2.5058064E7
>>END_MODULE
>>Sequence Duplication Levels	warn
#Total Duplicate Percentage	40.44285007422068
#Duplication Level	Relative count
1	100.0
2	22.785693515556847
3	11.586424625098658
4	7.3310347692435505
5	4.809537656295435
6	3.4586466165413534
7	2.424292776139243
8	1.8867611016491506
9	1.4871432725460059
10++	10.391725169276784
>>END_MODULE
>>Overrepresented sequences	pass
>>END_MODULE
>>Kmer Content	warn
#Sequence	Count	Obs/Exp Overall	Obs/Exp Max	Max Obs/Exp Position
AAAAA	15205765	4.74009	5.925179	47
TTTTT	12662970	3.8035293	4.255401	47
CCTGG	4252310	3.128963	3.9300077	9
CCAGG	4047755	3.0006483	3.4946759	30
>>END_MODULE
