##FastQC	0.10.1
>>Basic Statistics	pass
#Measure	Value	
Filename	001-F5_S2_L001_R2_001.fastq.gz	
File type	Conventional base calls	
Encoding	Sanger / Illumina 1.9	
Total Sequences	20276854	
Filtered Sequences	0	
Sequence length	35-76	
%GC	45	
>>END_MODULE
>>Per base sequence quality	pass
#Base	Mean	Median	Lower Quartile	Upper Quartile	10th Percentile	90th Percentile
1	31.35677960693508	32.0	32.0	32.0	32.0	32.0
2	31.183018430768403	32.0	32.0	32.0	32.0	32.0
3	31.23068415840051	32.0	32.0	32.0	32.0	32.0
4	31.260193815076047	32.0	32.0	32.0	32.0	32.0
5	31.240733892940195	32.0	32.0	32.0	32.0	32.0
6	34.93130132514639	36.0	36.0	36.0	36.0	36.0
7	34.9097148896964	36.0	36.0	36.0	36.0	36.0
8	34.839084356971746	36.0	36.0	36.0	36.0	36.0
9	34.946318398307746	36.0	36.0	36.0	36.0	36.0
10-14	34.843736350816556	36.0	36.0	36.0	36.0	36.0
15-19	34.75791029515723	36.0	36.0	36.0	35.2	36.0
20-24	34.69174709252234	36.0	36.0	36.0	32.0	36.0
25-29	34.62052424897867	36.0	36.0	36.0	32.0	36.0
30-34	34.546154566186644	36.0	36.0	36.0	32.0	36.0
35-39	34.52544001506094	36.0	36.0	36.0	32.0	36.0
40-44	34.443630038143844	36.0	36.0	36.0	32.0	36.0
45-49	34.30892779278956	36.0	36.0	36.0	32.0	36.0
50-54	34.144617636656335	36.0	36.0	36.0	32.0	36.0
55-59	33.97588029610667	36.0	36.0	36.0	32.0	36.0
60-64	33.8403213680409	36.0	36.0	36.0	29.0	36.0
65-69	33.72653095246072	36.0	36.0	36.0	27.0	36.0
70-74	33.595850097102286	36.0	36.0	36.0	27.0	36.0
75-76	32.65680703040837	36.0	34.0	36.0	20.5	36.0
>>END_MODULE
>>Per sequence quality scores	pass
#Quality	Count
2	52370.0
3	168.0
4	2324.0
5	3644.0
6	1442.0
7	751.0
8	306.0
9	219.0
10	144.0
11	116.0
12	180.0
13	239.0
14	2057.0
15	6524.0
16	8729.0
17	10346.0
18	12638.0
19	15927.0
20	21639.0
21	30688.0
22	45170.0
23	66377.0
24	98612.0
25	140456.0
26	191722.0
27	252455.0
28	322702.0
29	404391.0
30	503470.0
31	641085.0
32	861314.0
33	1319386.0
34	2886915.0
35	1.2372348E7
>>END_MODULE
>>Per base sequence content	fail
#Base	G	A	T	C
1	43.11777171205156	18.477868856196885	12.38129850292616	26.023060928825398
2	16.533137027653897	19.157356023059712	37.74800512372079	26.561501825565603
3	19.881927730386618	21.017736358674785	28.680718245279273	30.41961766565932
4	13.708595846011901	14.729435998659046	36.09714394776216	35.46482420756689
5	15.336508335679092	34.40040659702587	34.94678989245046	15.316295174844582
6	34.29312600816057	34.87851490578206	16.599642618621836	14.22871646743554
7	30.192494602354316	29.56036284679231	20.801184475666883	19.445958075186496
8	26.211973645528055	35.03931733738437	20.143403259668492	18.60530575741909
9	24.85401647582043	16.13934017583705	20.457200060142284	38.549443288200244
10-14	24.053546948830746	23.15606790139769	28.437333562020328	24.353051587751235
15-19	22.4864384219667	28.20151408703581	26.414736985049842	22.897310505947647
20-24	22.56212687905081	26.885042503087455	27.69925105590147	22.85357956196027
25-29	22.42569855865254	26.969017559446705	27.60424899192082	23.001034889979934
30-34	22.441958883231745	27.05818291500421	27.682062497917602	22.817795703846436
35-39	22.50954912867415	27.27209588603461	27.53017210870049	22.68818287659076
40-44	22.594679388640763	27.20969317190108	27.554978861069596	22.640648578388564
45-49	22.584291384296623	27.375583144318533	27.366718590655832	22.673406880729015
50-54	22.603676388896275	27.46211382427709	27.360827727227626	22.573382059599005
55-59	22.60972531364221	27.42794336293683	27.271462742901896	22.69086858051907
60-64	22.720209224518534	27.477703926505953	27.244739265266276	22.557347583709234
65-69	22.735618461880286	27.604039093291327	27.190472076609822	22.46987036821856
70-74	23.024731993427203	27.8560683025347	27.139096022669317	21.980103681368778
75-76	27.007964683280388	35.14000737423294	28.056404922144136	9.795623020342536
>>END_MODULE
>>Per base GC content	fail
#Base	%GC
1	69.14083264087697
2	43.0946388532195
3	50.301545396045945
4	49.173420053578795
5	30.652803510523675
6	48.5218424755961
7	49.63845267754081
8	44.817279402947136
9	63.403459764020674
10-14	48.40659853658199
15-19	45.38374892791435
20-24	45.415706441011075
25-29	45.426733448632476
30-34	45.259754587078184
35-39	45.1977320052649
40-44	45.23532796702933
45-49	45.25769826502564
50-54	45.17705844849528
55-59	45.300593894161274
60-64	45.27755680822777
65-69	45.20548883009885
70-74	45.004835674795984
75-76	36.803587703622924
>>END_MODULE
>>Per sequence GC content	warn
#GC Content	Count
0	52512.0
1	26510.0
2	856.0
3	1588.0
4	1981.5
5	2153.5
6	2307.5
7	2237.0
8	2202.0
9	2262.5
10	2755.0
11	3954.0
12	4737.0
13	5749.0
14	8190.0
15	12235.0
16	18298.0
17	22904.5
18	30279.5
19	44129.0
20	61901.0
21	75377.5
22	93974.5
23	126562.5
24	161396.0
25	185429.5
26	215481.5
27	263868.5
28	312887.0
29	347545.5
30	389730.0
31	454941.5
32	518679.5
33	562359.5
34	616973.5
35	695251.5
36	761650.0
37	804544.5
38	840359.5
39	877702.5
40	892621.0
41	892561.0
42	897916.5
43	902839.0
44	894253.0
45	877123.5
46	867002.0
47	853071.5
48	827788.5
49	800672.5
50	782009.0
51	762553.5
52	732960.5
53	706136.5
54	693449.5
55	679456.5
56	655186.5
57	629666.5
58	606052.0
59	572167.0
60	524169.5
61	470938.5
62	428057.5
63	386707.0
64	333547.0
65	285428.5
66	237472.5
67	202282.0
68	174945.0
69	141859.0
70	111546.0
71	91255.0
72	76044.0
73	59810.0
74	45627.0
75	36651.5
76	31166.0
77	25076.0
78	18944.5
79	14961.5
80	12714.5
81	10166.0
82	7473.0
83	5823.5
84	4856.5
85	3855.5
86	2980.5
87	2440.5
88	2095.0
89	1777.0
90	1561.5
91	1372.0
92	1240.0
93	1202.5
94	1126.0
95	1037.0
96	991.5
97	1007.0
98	1173.5
99	10887.5
100	20452.0
>>END_MODULE
>>Per base N content	pass
#Base	N-Count
1	0.504506271041849
2	0.3666643750554203
3	0.2762657362922276
4	0.25859041052423615
5	0.25845725377319384
6	0.2590194711664837
7	0.26247661496206465
8	0.27054985946044685
9	0.2867012801887314
10-14	0.3044920084742929
15-19	0.31752065680405844
20-24	0.3232542878693115
25-29	0.31982476177024305
30-34	0.32422287993985655
35-39	0.12807649482980307
40-44	0.07111317732689446
45-49	0.0665727063054475
50-54	0.07373870306256997
55-59	0.07484293757005699
60-64	0.06978288917921216
65-69	0.05806293915380557
70-74	0.05909949696948055
75-76	0.07077477588549877
>>END_MODULE
>>Sequence Length Distribution	warn
#Length	Count
35	67530.0
36	21986.0
37	28462.0
38	30510.0
39	33081.0
40	33780.0
41	35793.0
42	37872.0
43	41716.0
44	44746.0
45	48208.0
46	49386.0
47	51549.0
48	52256.0
49	54186.0
50	54863.0
51	55666.0
52	57381.0
53	59911.0
54	63048.0
55	64815.0
56	66506.0
57	67606.0
58	68689.0
59	68858.0
60	69593.0
61	69500.0
62	70984.0
63	72076.0
64	75823.0
65	77160.0
66	79416.0
67	79758.0
68	79120.0
69	84204.0
70	87524.0
71	101101.0
72	175164.0
73	492482.0
74	1300099.0
75	4047729.0
76	1.2056717E7
>>END_MODULE
>>Sequence Duplication Levels	warn
#Total Duplicate Percentage	33.535413132728564
#Duplication Level	Relative count
1	100.0
2	21.913166985996344
3	9.214448989857893
4	4.761834308583434
5	2.8643502319147203
6	1.7406549833923908
7	1.2487146672190208
8	0.860340733397939
9	0.6339742119707943
10++	4.714489676650959
>>END_MODULE
>>Overrepresented sequences	warn
#Sequence	Count	Percentage	Possible Source
NNNNNNNNNNNNNNNNNNNNNNNNNNNNNNNNNNN	52369	0.2582698479754305	No Hit
GGGGGGGGGGGGGGGGGGGGGGGGGGGGGGGGGGGGGGGGGGGGGGGGGG	20444	0.10082431919665644	No Hit
>>END_MODULE
>>Kmer Content	warn
#Sequence	Count	Obs/Exp Overall	Obs/Exp Max	Max Obs/Exp Position
AAAAA	8090960	4.0631332	8.167789	72
GGGGG	3319860	3.6165047	6.692802	72
TTTTT	7273770	3.492963	6.1722426	72
CCTGG	3214885	3.0402102	11.810236	3
CCAGG	3071610	2.9308224	12.110865	3
CCCAG	2896750	2.795068	10.584359	2
CTGGG	2880610	2.6937957	9.96508	4
CCAGC	2714300	2.6190224	6.4748664	3
CAGCA	3080385	2.5174844	6.8123894	4
GGAGG	2694720	2.5143242	5.765581	6
GCTGG	2647070	2.4754014	6.1813817	3
TGCTG	3097335	2.4587898	7.163147	2
TCCAG	3005000	2.4340022	9.499322	2
CAGCC	2445035	2.3592093	5.456329	9
CTCCA	2875160	2.3550298	7.1306677	1
CTCCT	2873220	2.3324802	6.6408076	1
CAGGA	2882765	2.3297706	9.859094	4
AGGAG	2890065	2.3096893	6.9212065	5
CTGGA	2841795	2.2762046	8.81343	4
TCCTG	2825980	2.2686121	9.285813	2
CTGCT	2823295	2.2664568	6.529018	9
GGCTG	2423035	2.2658956	7.8371077	7
AGCAG	2773030	2.2410858	5.269491	7
GCTGC	2341070	2.2138722	5.4863977	8
CCTGC	2313385	2.2123	6.2239265	3
GGCAG	2334950	2.203145	5.8303647	7
CTGCA	2716005	2.1999207	6.674934	4
CTTCT	3224870	2.1976392	5.130632	1
CTGCC	2295505	2.1952012	5.636295	9
GCAGG	2307295	2.1770513	6.3611107	3
CAGAG	2692075	2.1756601	7.085706	4
TGCAG	2694105	2.157909	6.796294	2
CCCTG	2252115	2.153707	8.645076	2
CTCTG	2669875	2.1432958	7.2738547	2
GCCTG	2260270	2.1374624	6.5144954	7
TGGAG	2636230	2.0880647	6.4342966	5
CAGGG	2190935	2.0672596	8.570467	4
AGCTG	2551060	2.0433335	5.6412654	7
CACAG	2469735	2.018423	6.9805927	7
CAGGC	2106365	2.0098195	5.754613	4
CCCCA	2048870	1.9991882	6.310471	1
CTGGC	2107910	1.9933803	5.216724	4
GGAGA	2479000	1.9811733	5.4504714	6
CTGTG	2489570	1.9763213	8.553644	9
CAGAA	2849965	1.9727942	5.3758655	4
GGGAG	2096675	1.9563148	5.099836	7
CTCAG	2394035	1.9391302	5.8525147	2
CTGAG	2385370	1.9106199	5.584147	4
TTCTG	2817480	1.8986598	5.4155693	2
CCAGA	2284300	1.8668737	6.53055	3
GGCCA	1930255	1.8417814	5.595686	1
CCTCT	2268630	1.8416741	5.3148503	1
TGGGG	1962090	1.8144342	5.5553293	5
CACTG	2233685	1.8092494	7.4096394	7
CAGTG	2257125	1.8078991	6.3360534	9
TCTGG	2262345	1.795941	6.188461	3
ACCTG	2194275	1.7773279	5.1279755	7
TGGCC	1849935	1.7494221	5.2159686	5
CCTGA	2107360	1.7069281	5.473021	3
GCCCA	1743815	1.6826036	6.3903904	1
ACAGA	2410800	1.6687969	5.781596	8
GAGAG	2073230	1.6568891	5.276109	7
TCAGG	2049235	1.6413845	5.6455054	3
CCTGT	1996455	1.6026945	5.2973285	8
TGGGC	1698530	1.5883765	5.982857	5
GTGTG	2008575	1.5767521	7.304963	1
ACACA	2221490	1.5550507	6.1003294	6
TGTGT	2299005	1.5320336	5.7987366	10
CACAC	1846335	1.5259147	6.302661	5
ACAGC	1794810	1.4668318	5.4784136	8
GCTGT	1830750	1.4533235	5.0296617	8
CTGTC	1807955	1.4513721	5.757092	9
GACAG	1760810	1.4230376	6.8103094	7
GCCCT	1476930	1.4123944	5.415522	1
GGGCT	1499130	1.401908	5.469949	6
AGACA	1965255	1.360383	5.247009	6
AGGGC	1425205	1.344754	5.1682544	5
GGACA	1579180	1.2762494	6.010863	6
GTCCT	1588335	1.2750679	8.47941	1
ACTGC	1539760	1.2471812	5.201441	8
GTGCT	1535830	1.2192041	6.1410713	1
AGGAC	1499745	1.2120522	7.9895434	5
GTCCA	1471335	1.191758	6.8266706	1
TGTGC	1487870	1.1811315	5.6592135	10
AGCAC	1435020	1.1727886	5.331687	5
GTCTT	1677715	1.1305883	5.4026213	1
GTGCA	1367965	1.0957048	5.864519	1
TGGAC	1365640	1.0938425	5.9550624	5
TGCAC	1338150	1.0838803	5.395877	5
ACAGT	1558640	1.0693079	5.4629602	8
ACTGT	1547715	1.0523559	6.190409	8
GACTG	1285500	1.0296525	5.8860903	7
GGACC	1047540	0.9995259	5.04431	6
GGACT	1175100	0.9412249	5.2167654	6
TGTAG	1364575	0.9175106	5.0998874	2
TAGGA	1147380	0.7784063	5.019019	4
GTGTA	978245	0.6577507	5.651931	1
>>END_MODULE
