##FastQC	0.10.1
>>Basic Statistics	pass
#Measure	Value	
Filename	004-primary_S1_L004_R1_001_trimmed.fq.gz	
File type	Conventional base calls	
Encoding	Sanger / Illumina 1.9	
Total Sequences	27470293	
Filtered Sequences	0	
Sequence length	20-50	
%GC	45	
>>END_MODULE
>>Per base sequence quality	pass
#Base	Mean	Median	Lower Quartile	Upper Quartile	10th Percentile	90th Percentile
1	35.08380227324113	36.0	36.0	36.0	36.0	36.0
2	35.070793311159804	36.0	36.0	36.0	36.0	36.0
3	35.05623998986833	36.0	36.0	36.0	36.0	36.0
4	35.05149457270077	36.0	36.0	36.0	36.0	36.0
5	35.03404539587547	36.0	36.0	36.0	36.0	36.0
6	34.984262563198726	36.0	36.0	36.0	36.0	36.0
7	34.96923869723559	36.0	36.0	36.0	36.0	36.0
8	34.94961768336435	36.0	36.0	36.0	36.0	36.0
9	34.943911519254634	36.0	36.0	36.0	36.0	36.0
10	34.92242569090909	36.0	36.0	36.0	36.0	36.0
11	34.90139904951141	36.0	36.0	36.0	36.0	36.0
12	34.89501349694377	36.0	36.0	36.0	36.0	36.0
13	34.87979829701853	36.0	36.0	36.0	36.0	36.0
14	34.878639008328015	36.0	36.0	36.0	36.0	36.0
15	34.8614604511135	36.0	36.0	36.0	36.0	36.0
16	34.839084060734265	36.0	36.0	36.0	36.0	36.0
17	34.84187729632152	36.0	36.0	36.0	36.0	36.0
18	34.814209954003765	36.0	36.0	36.0	36.0	36.0
19	34.80933337696835	36.0	36.0	36.0	36.0	36.0
20	34.795485435848825	36.0	36.0	36.0	32.0	36.0
21	34.78732191920893	36.0	36.0	36.0	32.0	36.0
22	34.78629797419677	36.0	36.0	36.0	32.0	36.0
23	34.76776705636788	36.0	36.0	36.0	32.0	36.0
24	34.751006071234215	36.0	36.0	36.0	32.0	36.0
25	34.74772054821376	36.0	36.0	36.0	32.0	36.0
26	34.72542410532096	36.0	36.0	36.0	32.0	36.0
27	34.72107288506504	36.0	36.0	36.0	32.0	36.0
28	34.706364624780576	36.0	36.0	36.0	32.0	36.0
29	34.6969242369014	36.0	36.0	36.0	32.0	36.0
30	34.69200719910129	36.0	36.0	36.0	32.0	36.0
31	34.67012385824185	36.0	36.0	36.0	32.0	36.0
32	34.65551788641955	36.0	36.0	36.0	32.0	36.0
33	34.62779177791925	36.0	36.0	36.0	32.0	36.0
34	34.6083614973944	36.0	36.0	36.0	32.0	36.0
35	34.59683591320457	36.0	36.0	36.0	32.0	36.0
36	34.58057538797188	36.0	36.0	36.0	32.0	36.0
37	34.56012901929752	36.0	36.0	36.0	32.0	36.0
38	34.53675851690628	36.0	36.0	36.0	32.0	36.0
39	34.5120433613774	36.0	36.0	36.0	32.0	36.0
40	34.50013852750576	36.0	36.0	36.0	32.0	36.0
41	34.47158418861036	36.0	36.0	36.0	32.0	36.0
42	34.46773306716378	36.0	36.0	36.0	32.0	36.0
43	34.42990470293432	36.0	36.0	36.0	32.0	36.0
44	34.42248468865245	36.0	36.0	36.0	32.0	36.0
45	34.402105548316655	36.0	36.0	36.0	32.0	36.0
46	34.39214820395155	36.0	36.0	36.0	32.0	36.0
47	34.39172620460346	36.0	36.0	36.0	32.0	36.0
48	34.4127796403897	36.0	36.0	36.0	32.0	36.0
49	34.48017430152673	36.0	36.0	36.0	32.0	36.0
50	34.58003728858266	36.0	36.0	36.0	32.0	36.0
>>END_MODULE
>>Per sequence quality scores	pass
#Quality	Count
14	5.0
15	23.0
16	99.0
17	360.0
18	1163.0
19	3597.0
20	8400.0
21	17094.0
22	29655.0
23	48123.0
24	73616.0
25	111213.0
26	164121.0
27	232475.0
28	319111.0
29	425862.0
30	561024.0
31	736943.0
32	1009441.0
33	1525896.0
34	3067256.0
35	1.2928289E7
36	6206527.0
>>END_MODULE
>>Per base sequence content	pass
#Base	G	A	T	C
1	22.630543874626742	26.712126306341546	27.36720641707087	23.290123401960845
2	22.5379239055223	26.532875247831544	27.580778959887986	23.348421886758167
3	22.63112421682656	26.659469314628225	27.317951672002856	23.39145479654236
4	22.646691238248728	26.54828414891241	27.520930305025633	23.284094307813234
5	22.857818288472302	26.48430520012594	27.19579420331291	23.462082308088846
6	22.452101633738437	26.76834952491146	27.372257432841522	23.40729140850858
7	22.457527796633602	26.777210442624927	27.43961325574461	23.325648504996863
8	22.624354483721667	26.660260951297875	27.458371344137262	23.257013220843195
9	22.305298306711034	26.872756642663866	27.614456750638787	23.20748829998631
10	22.556408631529713	26.9306003029312	27.341095083760393	23.171895981778697
11	22.801329421568237	26.970793504095496	27.17773705580789	23.050140018528378
12	22.37878933435475	26.961448864051068	27.522902649782438	23.13685915181174
13	22.49308007016889	26.78123600647434	27.587510624659156	23.138173298697616
14	22.511207487666194	26.51299445344577	27.711129380719964	23.264668678168075
15	22.458540940935723	26.765065811274745	27.535705571105485	23.240687676684047
16	22.665080419782928	27.204995592875548	27.251591382734798	22.87833260460673
17	22.756146066589096	26.956319686870465	27.20404911589403	23.0834851306464
18	22.641454898205854	27.159510093321536	27.224303723298476	22.974731285174133
19	22.626212978507365	27.044331125263206	27.402103064572337	22.927352831657092
20	22.59873966397082	26.816153726500115	27.366977847669844	23.21812876185922
21	22.629180576152347	26.994735633270096	27.369774103081035	23.006309687496522
22	22.585574803495167	26.97588730035228	27.395658379192845	23.042879516959715
23	22.712686094799285	26.73060734700803	27.294882769492357	23.261823788700333
24	22.626897660401514	27.067941794189345	27.34708727997372	22.958073265435424
25	22.667992819904683	27.016203121078796	27.229907138563973	23.085896920452548
26	22.795648300177533	27.160568592530964	27.110166012965298	22.933617094326205
27	22.536130108778448	27.221296865321282	27.31035541683559	22.932217609064676
28	22.55909698034129	27.1089722473509	27.231741392197424	23.10018938011039
29	22.621899358720633	27.0136008175697	27.34668890981016	23.017810913899506
30	22.675403900714006	27.03164228709507	27.300447661228354	22.992506150962566
31	22.76826636724455	27.064126470332706	27.194588464395782	22.973018698026962
32	22.70789790223294	27.017987770506817	27.22638866329859	23.047725663961653
33	22.611020467151693	27.062653724235314	27.281559075094673	23.04476673351832
34	22.78473013770794	27.219593172180208	27.168395782132627	22.82728090797923
35	22.75782617076663	27.108896322551235	27.097654652942264	23.035622853739866
36	22.855938966221068	27.24572278233046	27.056854485122845	22.841483766325624
37	22.632722723593908	27.125546211035367	27.270506288380115	22.971224776990613
38	22.591234163194077	26.92605647985506	27.365507442755867	23.117201914194997
39	22.496771849266363	27.112503037526736	27.351121017807756	23.03960409539914
40	22.67742208031461	27.17522127354221	27.252022381327777	22.895334264815403
41	22.820666884834374	27.191362990088823	27.132458488359617	22.855511636717182
42	22.687217177323465	27.356029565059934	27.086661680677576	22.87009157693902
43	22.73148839581942	27.274169743308498	27.141218223904424	22.853123636967656
44	22.7461929797427	27.06456062375916	27.143974332552617	23.045272063945518
45	22.567154383809857	27.13832269182616	27.322842982122143	22.971679942241842
46	22.680698545228392	27.163910232725264	27.12284726801878	23.032543954027567
47	22.609009968451275	27.26990926585877	27.23810728966273	22.882973476027225
48	22.649708826979005	27.576390945699398	27.288673812282788	22.48522641503881
49	22.779748488271043	27.918531924086214	27.350542757226904	21.95117683041584
50	22.49559363598211	27.830686385767923	27.5194558474415	22.154264130808468
>>END_MODULE
>>Per base GC content	pass
#Base	%GC
1	45.92066727658759
2	45.88634579228047
3	46.02257901336892
4	45.930785546061955
5	46.31990059656115
6	45.859393042247014
7	45.78317630163046
8	45.881367704564866
9	45.51278660669734
10	45.72830461330841
11	45.851469440096615
12	45.51564848616649
13	45.6312533688665
14	45.77587616583427
15	45.69922861761977
16	45.54341302438966
17	45.839631197235505
18	45.61618618337999
19	45.55356581016446
20	45.816868425830044
21	45.63549026364887
22	45.62845432045488
23	45.974509883499614
24	45.584970925836934
25	45.75388974035723
26	45.729265394503734
27	45.46834771784312
28	45.65928636045168
29	45.639710272620135
30	45.66791005167657
31	45.74128506527151
32	45.75562356619459
33	45.65578720067001
34	45.61201104568717
35	45.7934490245065
36	45.69742273254669
37	45.60394750058452
38	45.708436077389074
39	45.5363759446655
40	45.57275634513001
41	45.676178521551556
42	45.557308754262486
43	45.58461203278708
44	45.79146504368822
45	45.5388343260517
46	45.71324249925596
47	45.49198344447849
48	45.13493524201782
49	44.73092531868688
50	44.64985776679058
>>END_MODULE
>>Per sequence GC content	pass
#GC Content	Count
0	5823.0
1	5785.5
2	5014.5
3	4488.0
4	4827.0
5	5747.0
6	6877.5
7	8713.5
8	10594.5
9	13556.5
10	16846.0
11	22632.0
12	28732.5
13	38067.0
14	48825.0
15	65739.5
16	84129.5
17	110451.5
18	138787.0
19	175274.5
20	213437.5
21	261089.5
22	310282.0
23	369292.0
24	431361.0
25	489090.5
26	555292.5
27	631395.5
28	712095.5
29	798964.0
30	888027.0
31	979364.0
32	1073759.5
33	1170834.5
34	1272615.0
35	1365628.5
36	1454715.5
37	1536483.5
38	1603762.0
39	1651079.0
40	1693349.0
41	1717799.5
42	1736999.0
43	1737049.0
44	1729859.0
45	1706723.5
46	1681934.5
47	1651857.5
48	1622283.5
49	1591933.5
50	1560408.5
51	1531433.5
52	1501180.5
53	1473144.5
54	1445004.5
55	1413859.0
56	1376879.5
57	1326684.0
58	1270438.0
59	1196237.0
60	1118113.5
61	1031581.0
62	943916.0
63	863297.0
64	767527.0
65	676417.5
66	587247.5
67	507114.5
68	431941.0
69	365137.5
70	305749.5
71	254178.0
72	208173.5
73	167819.0
74	130472.0
75	104047.5
76	84403.5
77	66633.5
78	50460.0
79	38326.5
80	28302.5
81	21097.0
82	15511.5
83	11744.5
84	8441.5
85	6251.0
86	4576.5
87	3518.5
88	2684.0
89	2078.5
90	1644.5
91	1337.0
92	1107.0
93	932.0
94	770.5
95	672.0
96	601.0
97	543.0
98	486.5
99	652.0
100	834.0
>>END_MODULE
>>Per base N content	pass
#Base	N-Count
1	2.3661924537899908E-4
2	7.644621773783047E-5
3	1.8201480413769158E-5
4	2.8030279837204503E-4
5	5.824473732406131E-5
6	1.638133237239224E-4
7	5.460444124130747E-4
8	1.2012977073087643E-4
9	9.464769815159962E-5
10	1.0556858639986111E-4
11	0.0
12	0.0
13	0.0
14	9.646784619297653E-4
15	0.0
16	0.0
17	0.0
18	0.0
19	0.0
20	0.0
21	0.0
22	0.0
23	5.425942538461959E-4
24	0.0
25	0.0
26	0.0
27	0.0
28	8.732254943199468E-4
29	0.0
30	1.4956063758447605E-5
31	0.0
32	0.0
33	0.0
34	0.0
35	0.0
36	0.0
37	0.0
38	0.0
39	0.0
40	0.0
41	0.0
42	1.4091329428860805E-4
43	0.0
44	0.0
45	0.0
46	0.0
47	0.0
48	0.0
49	0.0
50	0.0
>>END_MODULE
>>Sequence Length Distribution	warn
#Length	Count
20	62438.0
21	64380.0
22	67108.0
23	69049.0
24	71188.0
25	72039.0
26	75105.0
27	77266.0
28	80980.0
29	85735.0
30	87433.0
31	91467.0
32	92563.0
33	93291.0
34	94120.0
35	94864.0
36	97186.0
37	100282.0
38	105138.0
39	110387.0
40	113003.0
41	117646.0
42	124072.0
43	143283.0
44	193598.0
45	319829.0
46	758901.0
47	1582444.0
48	3110693.0
49	4081724.0
50	1.5233081E7
>>END_MODULE
>>Sequence Duplication Levels	warn
#Total Duplicate Percentage	39.23935637087178
#Duplication Level	Relative count
1	100.0
2	25.17470584411363
3	11.748358577650654
4	6.801339140609764
5	4.2108171357992585
6	2.780666970031853
7	1.905512578820776
8	1.405772606123643
9	1.0685496977182605
10++	7.421341740882792
>>END_MODULE
>>Overrepresented sequences	pass
>>END_MODULE
>>Kmer Content	warn
#Sequence	Count	Obs/Exp Overall	Obs/Exp Max	Max Obs/Exp Position
AAAAA	7011110	4.0471597	4.957185	46
TTTTT	6502330	3.5522325	4.0234666	46
CCTGG	2702155	3.015487	3.5785587	19
>>END_MODULE
