##FastQC	0.10.1
>>Basic Statistics	pass
#Measure	Value	
Filename	KS25_S6_L002_R2_001_trimmed.fq.gz	
File type	Conventional base calls	
Encoding	Sanger / Illumina 1.9	
Total Sequences	14237144	
Filtered Sequences	0	
Sequence length	20-50	
%GC	45	
>>END_MODULE
>>Per base sequence quality	pass
#Base	Mean	Median	Lower Quartile	Upper Quartile	10th Percentile	90th Percentile
1	34.88331079604168	36.0	36.0	36.0	36.0	36.0
2	34.880005217338535	36.0	36.0	36.0	36.0	36.0
3	34.862894552446754	36.0	36.0	36.0	36.0	36.0
4	34.85837714361813	36.0	36.0	36.0	36.0	36.0
5	34.83434865869166	36.0	36.0	36.0	36.0	36.0
6	34.82062799954822	36.0	36.0	36.0	36.0	36.0
7	34.807295058615686	36.0	36.0	36.0	36.0	36.0
8	34.79904895251463	36.0	36.0	36.0	36.0	36.0
9	34.77655146284957	36.0	36.0	36.0	36.0	36.0
10	34.75610080223955	36.0	36.0	36.0	32.0	36.0
11	34.74772461386919	36.0	36.0	36.0	32.0	36.0
12	34.729205801388254	36.0	36.0	36.0	32.0	36.0
13	34.71793387774964	36.0	36.0	36.0	32.0	36.0
14	34.70524397308898	36.0	36.0	36.0	32.0	36.0
15	34.69415621560054	36.0	36.0	36.0	32.0	36.0
16	34.66689583247876	36.0	36.0	36.0	32.0	36.0
17	34.65546242982441	36.0	36.0	36.0	32.0	36.0
18	34.63980416296977	36.0	36.0	36.0	32.0	36.0
19	34.61462326994796	36.0	36.0	36.0	32.0	36.0
20	34.61321891525435	36.0	36.0	36.0	32.0	36.0
21	34.594779073749386	36.0	36.0	36.0	32.0	36.0
22	34.59815032142039	36.0	36.0	36.0	32.0	36.0
23	34.577746102405875	36.0	36.0	36.0	32.0	36.0
24	34.551243267856755	36.0	36.0	36.0	32.0	36.0
25	34.5340303622018	36.0	36.0	36.0	32.0	36.0
26	34.504405085634176	36.0	36.0	36.0	32.0	36.0
27	34.493160990162174	36.0	36.0	36.0	32.0	36.0
28	34.47058842389	36.0	36.0	36.0	32.0	36.0
29	34.445957941626695	36.0	36.0	36.0	32.0	36.0
30	34.425905326340484	36.0	36.0	36.0	32.0	36.0
31	34.41372513486784	36.0	36.0	36.0	32.0	36.0
32	34.389997415789416	36.0	36.0	36.0	32.0	36.0
33	34.35765387525249	36.0	36.0	36.0	32.0	36.0
34	34.326630796921435	36.0	36.0	36.0	32.0	36.0
35	34.294714578456876	36.0	36.0	36.0	32.0	36.0
36	34.27966173168013	36.0	36.0	36.0	32.0	36.0
37	34.254706274029246	36.0	36.0	36.0	32.0	36.0
38	34.22923918121632	36.0	36.0	36.0	32.0	36.0
39	34.20485737068604	36.0	36.0	36.0	32.0	36.0
40	34.17361902831646	36.0	36.0	36.0	32.0	36.0
41	34.14244935833842	36.0	36.0	36.0	32.0	36.0
42	34.11909388164522	36.0	36.0	36.0	32.0	36.0
43	34.117891752714826	36.0	36.0	36.0	32.0	36.0
44	34.08663336098187	36.0	36.0	36.0	32.0	36.0
45	34.06548575282374	36.0	36.0	36.0	32.0	36.0
46	34.0542295757406	36.0	36.0	36.0	32.0	36.0
47	34.06355985058206	36.0	36.0	36.0	32.0	36.0
48	34.08377189446315	36.0	36.0	36.0	32.0	36.0
49	34.169457373762164	36.0	36.0	36.0	32.0	36.0
50	34.31329189229902	36.0	36.0	36.0	32.0	36.0
>>END_MODULE
>>Per sequence quality scores	pass
#Quality	Count
14	949.0
15	2003.0
16	3748.0
17	6506.0
18	10269.0
19	15472.0
20	21770.0
21	30249.0
22	40543.0
23	54838.0
24	72518.0
25	95851.0
26	124117.0
27	156864.0
28	198726.0
29	246899.0
30	307403.0
31	391338.0
32	523984.0
33	767898.0
34	1452668.0
35	6321458.0
36	3391073.0
>>END_MODULE
>>Per base sequence content	pass
#Base	G	A	T	C
1	22.814870735310397	26.381316365136154	26.75916602374746	24.044646875805988
2	22.951077828530778	26.756356471494563	27.20873652749456	23.0838291724801
3	22.482205700806286	26.93276123357325	27.25720130385701	23.327831761763456
4	22.91805154179799	26.284576457188326	27.79040515429218	23.006966846721504
5	23.08860541131002	26.37881586363108	27.277704011422514	23.254874713636386
6	22.40335561682877	26.841183877890117	27.602312654841448	23.153147850439666
7	22.434176405043033	26.870803582516267	27.339443922179896	23.355576090260797
8	22.53463896972595	26.761245092414605	27.111385541931725	23.59273039592772
9	22.640039322493333	26.813228832973806	27.049842299832044	23.49688954470082
10	22.415513954203174	26.8517688660029	27.412541447919608	23.320175731874315
11	23.40472920692521	26.51911787926005	26.930204541023116	23.145948372791622
12	22.36957777486833	27.105611912052023	27.53706782764858	22.987742485431067
13	22.322517774632328	26.909947669279738	27.892455115997983	22.87507944008995
14	22.538417817506094	26.57920717806886	27.839466960508368	23.042908043916675
15	22.339073061282516	26.961875218793878	27.6987083926383	23.000343327285304
16	22.400138679499204	27.208799742420247	27.65679689690573	22.73426468117482
17	22.66026107483355	26.851059454059044	26.93960249330905	23.549076977798357
18	22.641394931455352	27.56530382779018	26.935535666422982	22.85776557433148
19	23.00518980492155	26.960091153113293	27.18010016615692	22.85461887580824
20	23.022047118438923	26.582129112411874	27.416313271819128	22.979510497330082
21	22.971802557970506	26.57923149455813	27.526469307927528	22.922496639543837
22	22.487026363264086	27.30006028481829	27.544039060278337	22.668874291639295
23	22.50082668485785	27.055007980993835	27.44986160748474	22.994303726663578
24	22.36324477814773	27.395278360910048	27.380677467321217	22.860799393621
25	22.447549287186558	27.353834249074776	27.298221072541658	22.90039539119701
26	22.73488881473589	26.957865120297477	27.16992267255109	23.13732339241555
27	23.012934270334256	27.020349579255452	27.152034453086127	22.814681697324165
28	22.392566680201284	27.158037201510187	27.1694652738003	23.27993084448823
29	23.026538887525312	26.777863019081344	27.092848911431428	23.10274918196191
30	22.50640348720043	27.59780455138241	27.03315145729195	22.862640504125213
31	22.693087068901406	27.174291482631563	27.25777913521507	22.874842313251957
32	22.603446596515592	27.358473137688105	27.033955233134254	23.00412503266205
33	22.40790810883378	26.940472641489105	27.645305079216637	23.006314170460477
34	22.64161289732951	27.519436830598575	27.316906403170726	22.522043868901193
35	22.665784534001563	26.830818873717583	27.228024870867486	23.275371721413368
36	22.909553577492943	27.34208460775992	26.79058796694318	22.957773847803956
37	22.568641486654997	27.242679240574397	26.953743731117047	23.23493554165356
38	22.703901929212066	27.292204819217265	26.70274607906471	23.30114717250596
39	22.764538835120373	27.16107246607199	26.873956776243084	23.200431922564547
40	22.569141361535102	27.06978018416728	27.51442072463195	22.846657729665665
41	22.9793396058373	26.944854203210728	27.07000593355597	23.005800257396007
42	22.846336703741976	27.03551632214749	27.245937751874997	22.872209222235533
43	22.824271387353914	27.326580853687776	27.099836222237528	22.74931153672078
44	22.888381551008266	26.931980118142985	26.923982751374936	23.255655579473814
45	22.71667738802696	27.414829107733652	26.86904744536581	22.99944605887358
46	22.65630329126876	27.896190131066067	26.625421762327033	22.82208481533814
47	23.0281899383496	27.16501952897318	26.743361699505407	23.063428833171816
48	22.930700286887173	27.578860379336064	27.276293511781187	22.21414582199558
49	23.098690151891425	27.51936401694569	27.501622704815436	21.880323126347452
50	23.44125067780413	27.29753393149418	27.40425602191594	21.856959368785752
>>END_MODULE
>>Per base GC content	pass
#Base	%GC
1	46.85951761111639
2	46.03490700101088
3	45.81003746256974
4	45.9250183885195
5	46.34348012494641
6	45.556503467268435
7	45.78975249530383
8	46.12736936565368
9	46.13692886719415
10	45.73568968607749
11	46.55067757971683
12	45.3573202602994
13	45.19759721472228
14	45.58132586142277
15	45.33941638856782
16	45.13440336067403
17	46.20933805263191
18	45.49916050578683
19	45.859808680729785
20	46.00155761576901
21	45.89429919751434
22	45.15590065490338
23	45.49513041152143
24	45.22404417176873
25	45.34794467838357
26	45.872212207151435
27	45.827615967658424
28	45.67249752468952
29	46.129288069487224
30	45.36904399132564
31	45.567929382153366
32	45.60757162917764
33	45.41422227929426
34	45.1636567662307
35	45.94115625541493
36	45.8673274252969
37	45.80357702830856
38	46.00504910171803
39	45.96497075768492
40	45.41579909120077
41	45.98513986323331
42	45.71854592597751
43	45.57358292407469
44	46.14403713048208
45	45.71612344690054
46	45.4783881066069
47	46.09161877152141
48	45.14484610888275
49	44.979013278238874
50	45.29821004658989
>>END_MODULE
>>Per sequence GC content	pass
#GC Content	Count
0	9153.0
1	7381.0
2	5170.0
3	5144.5
4	5665.5
5	6256.5
6	6852.0
7	7580.5
8	8311.0
9	9911.5
10	11738.5
11	14681.0
12	17682.0
13	22000.5
14	27083.5
15	35463.5
16	44425.0
17	57156.5
18	70885.0
19	87913.5
20	105553.5
21	127624.5
22	150615.5
23	178224.5
24	207916.0
25	237581.0
26	272437.5
27	314282.5
28	359976.0
29	413710.0
30	468983.0
31	527848.5
32	587555.5
33	645815.0
34	703520.5
35	752230.5
36	795471.5
37	818935.0
38	836083.5
39	846658.5
40	855635.5
41	857991.0
42	859586.0
43	857485.5
44	852399.0
45	843478.5
46	834435.5
47	823246.0
48	811769.0
49	801086.5
50	790696.5
51	779691.5
52	765727.0
53	749522.0
54	732896.5
55	711736.0
56	687917.0
57	660902.5
58	632684.5
59	594851.5
60	553992.5
61	509678.0
62	464899.5
63	424702.0
64	378055.0
65	335767.0
66	294551.0
67	256629.5
68	219867.5
69	186881.5
70	157861.5
71	132431.0
72	109741.5
73	90767.0
74	73449.5
75	60761.0
76	51030.5
77	41514.5
78	33148.5
79	26898.5
80	21519.0
81	17592.5
82	14211.0
83	11461.5
84	8953.5
85	7129.0
86	5617.0
87	4490.5
88	3704.5
89	3013.0
90	2427.5
91	2146.0
92	1918.5
93	1725.5
94	1529.5
95	1488.5
96	1469.5
97	1556.0
98	2206.5
99	8427.0
100	14096.0
>>END_MODULE
>>Per base N content	pass
#Base	N-Count
1	0.0
2	0.0
3	0.0
4	0.0
5	0.0
6	0.0
7	0.0
8	0.0
9	0.0
10	0.0
11	0.0
12	0.0
13	0.0
14	0.0
15	0.0
16	0.0
17	0.0
18	0.0
19	0.0
20	0.0
21	0.0
22	0.0
23	0.0
24	0.0
25	0.0
26	0.0
27	0.0
28	0.0
29	0.0
30	0.0
31	0.0
32	0.0
33	0.0
34	0.0
35	0.0
36	0.0
37	0.0
38	0.0
39	0.0
40	0.0
41	0.0
42	0.0
43	0.0
44	0.0
45	0.0
46	0.0
47	0.0
48	0.0
49	0.0
50	0.0
>>END_MODULE
>>Sequence Length Distribution	warn
#Length	Count
20	21812.0
21	22704.0
22	24593.0
23	25065.0
24	25812.0
25	26172.0
26	27108.0
27	28265.0
28	28319.0
29	30925.0
30	31792.0
31	33172.0
32	34206.0
33	35822.0
34	36953.0
35	38429.0
36	37672.0
37	37967.0
38	39761.0
39	42749.0
40	44310.0
41	51129.0
42	54536.0
43	65963.0
44	94466.0
45	162082.0
46	396595.0
47	831645.0
48	1671124.0
49	2243274.0
50	7992722.0
>>END_MODULE
>>Sequence Duplication Levels	warn
#Total Duplicate Percentage	30.75385284643847
#Duplication Level	Relative count
1	100.0
2	20.542104891649608
3	7.86969718359568
4	3.9104962236182677
5	2.14724359426837
6	1.3270275993506035
7	0.8689207312769112
8	0.5915154937530882
9	0.44681301616432556
10++	3.4693301334086257
>>END_MODULE
>>Overrepresented sequences	pass
>>END_MODULE
>>Kmer Content	warn
#Sequence	Count	Obs/Exp Overall	Obs/Exp Max	Max Obs/Exp Position
AAAAA	4282365	4.7035227	6.054234	46
TTTTT	3465670	3.6720817	5.236403	13
GGGGG	1242285	3.2693467	4.2662807	46
GAAAA	2122995	2.7770808	5.099816	4
AGAAA	2091620	2.7360394	5.198308	28
GAGAA	1381380	2.1520524	5.1364193	27
>>END_MODULE
