##FastQC	0.10.1
>>Basic Statistics	pass
#Measure	Value	
Filename	KS30_S4_L002_R2_001_trimmed.fq.gz	
File type	Conventional base calls	
Encoding	Sanger / Illumina 1.9	
Total Sequences	24677580	
Filtered Sequences	0	
Sequence length	20-50	
%GC	44	
>>END_MODULE
>>Per base sequence quality	pass
#Base	Mean	Median	Lower Quartile	Upper Quartile	10th Percentile	90th Percentile
1	34.89832641612346	36.0	36.0	36.0	36.0	36.0
2	34.89281404416479	36.0	36.0	36.0	36.0	36.0
3	34.87760242292802	36.0	36.0	36.0	36.0	36.0
4	34.87166517138228	36.0	36.0	36.0	36.0	36.0
5	34.85043541546619	36.0	36.0	36.0	36.0	36.0
6	34.83520146627019	36.0	36.0	36.0	36.0	36.0
7	34.827777885838074	36.0	36.0	36.0	36.0	36.0
8	34.82194100880232	36.0	36.0	36.0	36.0	36.0
9	34.80179340924029	36.0	36.0	36.0	36.0	36.0
10	34.783587936904674	36.0	36.0	36.0	36.0	36.0
11	34.777142815462454	36.0	36.0	36.0	36.0	36.0
12	34.76103941310291	36.0	36.0	36.0	36.0	36.0
13	34.748046607487446	36.0	36.0	36.0	32.0	36.0
14	34.737061373116816	36.0	36.0	36.0	32.0	36.0
15	34.722647723156	36.0	36.0	36.0	32.0	36.0
16	34.696692220225806	36.0	36.0	36.0	32.0	36.0
17	34.69114507986602	36.0	36.0	36.0	32.0	36.0
18	34.67524254809426	36.0	36.0	36.0	32.0	36.0
19	34.6615685573707	36.0	36.0	36.0	32.0	36.0
20	34.65243804295235	36.0	36.0	36.0	32.0	36.0
21	34.641498994141266	36.0	36.0	36.0	32.0	36.0
22	34.63779911397272	36.0	36.0	36.0	32.0	36.0
23	34.61839133549694	36.0	36.0	36.0	32.0	36.0
24	34.596018627165655	36.0	36.0	36.0	32.0	36.0
25	34.5783946550272	36.0	36.0	36.0	32.0	36.0
26	34.56000985563917	36.0	36.0	36.0	32.0	36.0
27	34.54696746672585	36.0	36.0	36.0	32.0	36.0
28	34.52343934725117	36.0	36.0	36.0	32.0	36.0
29	34.50212910321832	36.0	36.0	36.0	32.0	36.0
30	34.47895078063646	36.0	36.0	36.0	32.0	36.0
31	34.46895161201043	36.0	36.0	36.0	32.0	36.0
32	34.44241704560549	36.0	36.0	36.0	32.0	36.0
33	34.41755418809989	36.0	36.0	36.0	32.0	36.0
34	34.38767395126832	36.0	36.0	36.0	32.0	36.0
35	34.36426638240296	36.0	36.0	36.0	32.0	36.0
36	34.350780091600534	36.0	36.0	36.0	32.0	36.0
37	34.32020764740092	36.0	36.0	36.0	32.0	36.0
38	34.3031436352643	36.0	36.0	36.0	32.0	36.0
39	34.270345584466085	36.0	36.0	36.0	32.0	36.0
40	34.23903671182904	36.0	36.0	36.0	32.0	36.0
41	34.215684884683014	36.0	36.0	36.0	32.0	36.0
42	34.19343663677157	36.0	36.0	36.0	32.0	36.0
43	34.19211017185882	36.0	36.0	36.0	32.0	36.0
44	34.16336045345043	36.0	36.0	36.0	32.0	36.0
45	34.13959678510865	36.0	36.0	36.0	32.0	36.0
46	34.12315874746723	36.0	36.0	36.0	32.0	36.0
47	34.13628906723893	36.0	36.0	36.0	32.0	36.0
48	34.16068832024777	36.0	36.0	36.0	32.0	36.0
49	34.24094625605397	36.0	36.0	36.0	32.0	36.0
50	34.379820826922675	36.0	36.0	36.0	32.0	36.0
>>END_MODULE
>>Per sequence quality scores	pass
#Quality	Count
14	1280.0
15	2653.0
16	5103.0
17	9088.0
18	14689.0
19	22192.0
20	31870.0
21	45837.0
22	63422.0
23	86810.0
24	116947.0
25	155515.0
26	203244.0
27	260237.0
28	328930.0
29	411639.0
30	518289.0
31	667432.0
32	905630.0
33	1358736.0
34	2628333.0
35	1.1190201E7
36	5649503.0
>>END_MODULE
>>Per base sequence content	pass
#Base	G	A	T	C
1	22.523748276775923	26.924937534393568	27.50194711150769	23.049367077322817
2	22.412161160048917	26.811737617708058	27.76709871875605	23.00900250348697
3	22.44365938637419	26.9109126583725	27.594119844814607	23.051308110438708
4	22.48786550382979	26.729691485145622	27.843836389143505	22.938606621881075
5	22.674180369387923	26.744162109898944	27.423633111512558	23.15802440920058
6	22.209852019525414	27.038793917393843	27.66984850216269	23.081505560918046
7	22.2468977914366	27.09033057536436	27.72085836617691	22.941913267022134
8	22.408230466682713	26.917959540603253	27.740718498329255	22.933091494384783
9	22.094950153134953	27.15111044113726	27.886624215178312	22.86731519054948
10	22.287631121041855	27.236370016833096	27.695013044228812	22.780985817896244
11	22.633495666917096	27.242407886024477	27.453117364020297	22.670979083038127
12	22.095391849606	27.342012466376364	27.823100968571474	22.739494715446167
13	22.21007894615274	27.14679478295684	27.932507968771652	22.710618302118764
14	22.23399539176856	26.87853103910513	28.079917074526755	22.807556494599552
15	22.12829621056846	27.14831438090769	27.929675438191264	22.793713970332586
16	22.31865523280646	27.51256808811885	27.743960307291072	22.424816371783617
17	22.43604923983632	27.254799700781035	27.568700010292744	22.740451049089902
18	22.27940908306244	27.59830177837535	27.589123406752204	22.533165731810005
19	22.323854283928977	27.415086892636957	27.80954615484987	22.451512668584197
20	22.294155261577515	27.225465381937774	27.774161810031618	22.706217546453097
21	22.327812976423246	27.34873580329448	27.820325236917114	22.50312598336516
22	22.240740490420734	27.42887566306218	27.83254305954021	22.497840786976873
23	22.358843001001652	27.19015335769321	27.707190977334978	22.743812663970157
24	22.249355839802863	27.516011075699947	27.78278913272181	22.451843951775384
25	22.282113445676465	27.484311054254164	27.678332400795448	22.555243099273923
26	22.448341437420357	27.546295503882185	27.51281713974876	22.492545918948696
27	22.20431454271298	27.65748105380654	27.71728150681802	22.420922896662468
28	22.17527477754207	27.530128963289023	27.67736072074657	22.617235538422335
29	22.359840853787404	27.40893241896616	27.74557560050329	22.485651126743143
30	22.29646221838445	27.552648487010263	27.683324074433123	22.46756522017217
31	22.378230476706094	27.56575596490479	27.645575593128267	22.41043796526085
32	22.349681440918083	27.51916045675088	27.601844363979183	22.529313738351853
33	22.245996372156554	27.482503383858575	27.754285299092306	22.517214944892565
34	22.39103880255127	27.72523138937732	27.620265358277656	22.263464449793755
35	22.374981703190926	27.52345734442062	27.544091649474506	22.557469302913947
36	22.469405732520254	27.688091414644727	27.49057712465211	22.351925728182913
37	22.232464431366928	27.60606872062152	27.647609454869716	22.51385739314184
38	22.2596022410106	27.39890857418826	27.71603083884708	22.625458345954065
39	22.161055719424887	27.584023027476135	27.74080469518678	22.514116557912196
40	22.292596223136822	27.594667057212135	27.713944303999703	22.398792415651332
41	22.47363262308181	27.615490019848394	27.579561607491453	22.33131574957834
42	22.385897025376853	27.746498273887926	27.516553382595415	22.351051318139803
43	22.37345285975443	27.758372206277514	27.567722888690373	22.300452045277684
44	22.429716423221805	27.4735285110154	27.523420502085454	22.573334563677346
45	22.262740462306116	27.574661025195308	27.70213771794317	22.460460794555402
46	22.29785291374897	27.665107144120494	27.5221551829175	22.514884759213032
47	22.285213868562845	27.666270530308694	27.592337388751265	22.456178212377193
48	22.30405422629603	28.03420052911238	27.719360214660778	21.942385029930815
49	22.38101138188686	28.356297839848764	27.87303119182909	21.389659586435283
50	22.142233952231933	28.289819941067385	27.994268925549097	21.57367718115158
>>END_MODULE
>>Per base GC content	pass
#Base	%GC
1	45.57311535409874
2	45.42116366353589
3	45.4949674968129
4	45.42647212571087
5	45.8322047785885
6	45.29135758044347
7	45.18881105845873
8	45.34132196106749
9	44.96226534368443
10	45.06861693893809
11	45.30447474995522
12	44.83488656505216
13	44.92069724827151
14	45.04155188636811
15	44.92201018090105
16	44.74347160459008
17	45.17650028892623
18	44.81257481487245
19	44.775366952513174
20	45.00037280803061
21	44.830938959788405
22	44.73858127739761
23	45.10265566497181
24	44.70119979157825
25	44.83735654495039
26	44.94088735636906
27	44.62523743937544
28	44.79251031596441
29	44.84549198053055
30	44.76402743855662
31	44.78866844196695
32	44.878995179269936
33	44.76321131704912
34	44.65450325234503
35	44.93245100610487
36	44.82133146070317
37	44.74632182450877
38	44.88506058696466
39	44.67517227733708
40	44.691388638788155
41	44.80494837266015
42	44.73694834351665
43	44.67390490503212
44	45.00305098689915
45	44.72320125686152
46	44.81273767296201
47	44.74139208094003
48	44.24643925622684
49	43.77067096832214
50	43.715911133383514
>>END_MODULE
>>Per sequence GC content	warn
#GC Content	Count
0	10689.0
1	8995.0
2	6751.5
3	6747.0
4	7404.0
5	8454.0
6	9610.0
7	10983.0
8	12424.0
9	15493.0
10	18852.5
11	24819.0
12	30880.0
13	40406.5
14	51554.0
15	69644.5
16	89089.5
17	116702.5
18	146087.0
19	184784.5
20	224534.5
21	272443.5
22	322257.0
23	381781.5
24	443965.0
25	501185.0
26	566454.0
27	640427.0
28	718786.0
29	801016.5
30	883728.0
31	967212.0
32	1053887.5
33	1137495.5
34	1222361.5
35	1297662.5
36	1366612.5
37	1421347.0
38	1464830.5
39	1490580.0
40	1511577.5
41	1516378.5
42	1517536.5
43	1503586.5
44	1485061.5
45	1452850.0
46	1418786.0
47	1384261.0
48	1348870.0
49	1312666.0
50	1277576.0
51	1246014.0
52	1212309.0
53	1182550.0
54	1153723.0
55	1120965.5
56	1084542.0
57	1041658.0
58	995353.5
59	935898.5
60	875142.5
61	809645.0
62	741534.5
63	680534.5
64	607684.0
65	539873.0
66	476018.0
67	416054.0
68	355630.5
69	303295.0
70	257669.0
71	216464.0
72	179841.5
73	149264.0
74	120794.0
75	99457.5
76	83440.5
77	68456.0
78	54929.5
79	44460.5
80	35419.0
81	28809.5
82	23312.0
83	19172.5
84	15288.5
85	12260.5
86	9681.5
87	7732.0
88	6399.0
89	5224.0
90	4132.5
91	3441.0
92	2912.0
93	2654.5
94	2422.0
95	2393.5
96	2391.5
97	2498.5
98	3400.0
99	12645.0
100	21103.0
>>END_MODULE
>>Per base N content	pass
#Base	N-Count
1	0.0
2	0.0
3	0.0
4	0.0
5	0.0
6	0.0
7	0.0
8	0.0
9	0.0
10	0.0
11	0.0
12	0.0
13	0.0
14	0.0
15	0.0
16	0.0
17	0.0
18	0.0
19	0.0
20	0.0
21	0.0
22	0.0
23	0.0
24	0.0
25	0.0
26	0.0
27	0.0
28	0.0
29	0.0
30	0.0
31	0.0
32	0.0
33	0.0
34	0.0
35	0.0
36	0.0
37	0.0
38	0.0
39	0.0
40	0.0
41	0.0
42	0.0
43	0.0
44	0.0
45	0.0
46	0.0
47	0.0
48	0.0
49	0.0
50	0.0
>>END_MODULE
>>Sequence Length Distribution	warn
#Length	Count
20	20539.0
21	21908.0
22	22804.0
23	23725.0
24	24812.0
25	25556.0
26	26716.0
27	28351.0
28	29681.0
29	31941.0
30	32809.0
31	34543.0
32	35064.0
33	36037.0
34	37063.0
35	37656.0
36	39327.0
37	42076.0
38	44437.0
39	47775.0
40	50956.0
41	55462.0
42	61485.0
43	79472.0
44	129727.0
45	250494.0
46	664995.0
47	1441212.0
48	2931595.0
49	3953915.0
50	1.4415447E7
>>END_MODULE
>>Sequence Duplication Levels	warn
#Total Duplicate Percentage	37.39930103068357
#Duplication Level	Relative count
1	100.0
2	23.78586804816313
3	11.23806369708009
4	6.25616035452101
5	3.870871083985838
6	2.5146074326402195
7	1.7891640842460514
8	1.3326078899849392
9	0.9359796245042147
10++	5.9817535227371295
>>END_MODULE
>>Overrepresented sequences	pass
>>END_MODULE
>>Kmer Content	warn
#Sequence	Count	Obs/Exp Overall	Obs/Exp Max	Max Obs/Exp Position
AAAAA	7806185	4.587057	5.758379	46
TTTTT	6388395	3.5637398	3.9734976	46
GGGGG	1972065	3.2215614	4.0178833	46
CCTGG	2369390	3.0535998	3.7160294	9
>>END_MODULE
