##FastQC	0.10.1
>>Basic Statistics	pass
#Measure	Value	
Filename	KS30_S4_L002_R2_001_trimmed.fq.gz	
File type	Conventional base calls	
Encoding	Sanger / Illumina 1.9	
Total Sequences	24829022	
Filtered Sequences	0	
Sequence length	20-75	
%GC	45	
>>END_MODULE
>>Per base sequence quality	pass
#Base	Mean	Median	Lower Quartile	Upper Quartile	10th Percentile	90th Percentile
1	31.43854695525261	32.0	32.0	32.0	32.0	32.0
2	31.242666666451864	32.0	32.0	32.0	32.0	32.0
3	31.305481826871794	32.0	32.0	32.0	32.0	32.0
4	31.345902387939404	32.0	32.0	32.0	32.0	32.0
5	31.325741303866096	32.0	32.0	32.0	32.0	32.0
6	35.059729779127025	36.0	36.0	36.0	36.0	36.0
7	35.05300708179323	36.0	36.0	36.0	36.0	36.0
8	34.994550691525426	36.0	36.0	36.0	36.0	36.0
9	35.09091856296233	36.0	36.0	36.0	36.0	36.0
10	34.938710070819546	36.0	36.0	36.0	36.0	36.0
11	35.06789212237196	36.0	36.0	36.0	36.0	36.0
12	34.979017337050166	36.0	36.0	36.0	36.0	36.0
13	35.018165274492084	36.0	36.0	36.0	36.0	36.0
14	34.96394924455744	36.0	36.0	36.0	36.0	36.0
15	34.93584644614677	36.0	36.0	36.0	36.0	36.0
16	34.9405288295286	36.0	36.0	36.0	36.0	36.0
17	34.92746295041343	36.0	36.0	36.0	36.0	36.0
18	34.91914756046372	36.0	36.0	36.0	36.0	36.0
19	34.915783634168115	36.0	36.0	36.0	36.0	36.0
20	34.900916556439476	36.0	36.0	36.0	36.0	36.0
21	34.8880589232966	36.0	36.0	36.0	36.0	36.0
22	34.88259016587445	36.0	36.0	36.0	36.0	36.0
23	34.86778334847121	36.0	36.0	36.0	36.0	36.0
24	34.861851928435996	36.0	36.0	36.0	36.0	36.0
25	34.84077294780964	36.0	36.0	36.0	36.0	36.0
26	34.82590206934745	36.0	36.0	36.0	36.0	36.0
27	34.81879317586097	36.0	36.0	36.0	36.0	36.0
28	34.813243227474246	36.0	36.0	36.0	36.0	36.0
29	34.79347059536301	36.0	36.0	36.0	36.0	36.0
30	34.77531229227111	36.0	36.0	36.0	36.0	36.0
31	34.769415392063166	36.0	36.0	36.0	36.0	36.0
32	34.75402111882648	36.0	36.0	36.0	32.0	36.0
33	34.74125683495126	36.0	36.0	36.0	32.0	36.0
34	34.730626723168434	36.0	36.0	36.0	32.0	36.0
35	34.71689450145662	36.0	36.0	36.0	32.0	36.0
36	34.69118651035568	36.0	36.0	36.0	32.0	36.0
37	34.686176718552666	36.0	36.0	36.0	32.0	36.0
38	34.67114999606532	36.0	36.0	36.0	32.0	36.0
39	34.65819738978701	36.0	36.0	36.0	32.0	36.0
40	34.649537362776165	36.0	36.0	36.0	32.0	36.0
41	34.63866450018477	36.0	36.0	36.0	32.0	36.0
42	34.634730751760486	36.0	36.0	36.0	32.0	36.0
43	34.615404607034066	36.0	36.0	36.0	32.0	36.0
44	34.593125650462426	36.0	36.0	36.0	32.0	36.0
45	34.575509227403984	36.0	36.0	36.0	32.0	36.0
46	34.55717768405382	36.0	36.0	36.0	32.0	36.0
47	34.54426797695795	36.0	36.0	36.0	32.0	36.0
48	34.52079268889994	36.0	36.0	36.0	32.0	36.0
49	34.49937198549377	36.0	36.0	36.0	32.0	36.0
50	34.47620318556679	36.0	36.0	36.0	32.0	36.0
51	34.46617743834561	36.0	36.0	36.0	32.0	36.0
52	34.4393926202863	36.0	36.0	36.0	32.0	36.0
53	34.41447669621527	36.0	36.0	36.0	32.0	36.0
54	34.38424812852874	36.0	36.0	36.0	32.0	36.0
55	34.36086370777412	36.0	36.0	36.0	32.0	36.0
56	34.34704153203827	36.0	36.0	36.0	32.0	36.0
57	34.316017589577484	36.0	36.0	36.0	32.0	36.0
58	34.298436486073456	36.0	36.0	36.0	32.0	36.0
59	34.264973483197814	36.0	36.0	36.0	32.0	36.0
60	34.23259852303249	36.0	36.0	36.0	32.0	36.0
61	34.20795761797312	36.0	36.0	36.0	32.0	36.0
62	34.18410497591796	36.0	36.0	36.0	32.0	36.0
63	34.179846729212436	36.0	36.0	36.0	32.0	36.0
64	34.14702816792335	36.0	36.0	36.0	32.0	36.0
65	34.11598505664296	36.0	36.0	36.0	32.0	36.0
66	34.08527642237237	36.0	36.0	36.0	32.0	36.0
67	34.07447068417862	36.0	36.0	36.0	32.0	36.0
68	34.053838802486645	36.0	36.0	36.0	32.0	36.0
69	34.046124363817206	36.0	36.0	36.0	32.0	36.0
70	34.03821265824369	36.0	36.0	36.0	32.0	36.0
71	34.04426755842784	36.0	36.0	36.0	32.0	36.0
72	34.08654464752241	36.0	36.0	36.0	32.0	36.0
73	34.19779970449215	36.0	36.0	36.0	32.0	36.0
74	34.51336148745939	36.0	36.0	36.0	32.0	36.0
75	34.911863572458074	36.0	36.0	36.0	32.0	36.0
>>END_MODULE
>>Per sequence quality scores	pass
#Quality	Count
14	276.0
15	1133.0
16	2736.0
17	5338.0
18	9351.0
19	14367.0
20	22307.0
21	32780.0
22	47401.0
23	68074.0
24	97456.0
25	138913.0
26	193135.0
27	258872.0
28	337971.0
29	432120.0
30	548398.0
31	716575.0
32	987058.0
33	1548826.0
34	3418441.0
35	1.5947494E7
>>END_MODULE
>>Per base sequence content	fail
#Base	G	A	T	C
1	44.9125961086585	17.954465743855533	11.193935572525941	25.93900257496003
2	17.282915206668616	19.76093895991823	35.919019276551865	27.037126556861292
3	20.08318082213174	21.2321298788643	28.7584216925927	29.926267606411265
4	13.749173443643418	14.611587182333116	36.06259845878101	35.57664091524246
5	15.24746977039565	34.65995692451544	34.98672035233678	15.105852952752134
6	34.70882179733056	35.09159563352918	16.266645540851346	13.932937028288912
7	30.43421927774682	29.981269499861895	20.589502075434144	18.995009146957138
8	26.861267431314857	34.17697644313175	19.979619011977192	18.9821371135762
9	25.057616043032223	15.634196143529133	20.110751845159268	39.19743596827938
10	14.48605184690722	27.213597055896926	34.774849367808365	23.52550172938749
11	34.41873787860029	22.763977574308	23.588983891512118	19.228300655579588
12	22.1510939899284	24.270661969690146	31.09898972259157	22.47925431778988
13	27.980546313906363	20.63272568689979	26.19364145716251	25.193086542031338
14	20.647027498706958	20.541558181389505	27.297643862090098	31.51377045781344
15	22.929296208284	29.2626950831974	23.331635857425233	24.47637285109337
16	22.94000545007371	28.600260614372967	25.32320443390803	23.136529501645292
17	21.769037056715323	28.04752438497175	27.44199106996643	22.741447488346502
18	22.191599008611774	27.870823909213982	27.882016456387205	22.05556062578703
19	22.59659280981748	27.288014002323568	27.679519555784353	22.435873632074593
20	22.6717669346783	27.172975238412533	27.716786428398187	22.438471398510984
21	22.55025948127589	26.90328660977373	27.483547376302287	23.062906532648096
22	22.43584478857694	26.789285131815944	27.754292390778918	23.020577688828197
23	22.467379459770566	26.889683996346285	27.578731025899692	23.064205517983453
24	22.510068051167465	26.710146677258106	27.83213752628977	22.947647745284662
25	22.699679701599493	26.723689713815034	27.408383643244644	23.16824694134083
26	22.23076874420879	27.018196235584746	27.65636116463095	23.094673855575515
27	22.26899383321708	27.070185029273848	27.706348060293422	22.95447307721565
28	22.430659770748157	26.89714048464947	27.72602633306487	22.946173411537508
29	22.115053604031925	27.131990768748576	27.873282614453654	22.879673012765846
30	22.31093963427424	27.215125675537628	27.67858463369897	22.795350056489163
31	22.654067874543042	27.22268701464719	27.435710569594683	22.687534541215083
32	22.10765628698595	27.32532979500215	27.80975717045499	22.757256747556916
33	22.22254647645931	27.130442038021187	27.921229598938936	22.72578188658057
34	22.247931149773848	26.861292000322166	28.07019163394644	22.820585215957546
35	22.146026202408606	27.132240161235423	27.91995980161583	22.801773834740146
36	22.336678378174888	27.499368168950593	27.734259704317992	22.429693748556527
37	22.449873425187093	27.241349221790706	27.56302146077738	22.745755892244823
38	22.289887064587273	27.589005494427887	27.586103919950446	22.535003521034398
39	22.334939920529244	27.40975563671481	27.803839175480828	22.45146526727512
40	22.310484266585966	27.228724445650656	27.76651388751835	22.694277400245028
41	22.346273867753755	27.354347658107752	27.809321788677977	22.490056685460516
42	22.26028229539524	27.43583266433915	27.821333445154732	22.482551595110873
43	22.3838272504857	27.19649237593097	27.694041048928824	22.725639324654505
44	22.275939367659515	27.52409385924595	27.76908053831798	22.430886234776555
45	22.309339084302433	27.49363187152063	27.663826842016114	22.53320220216083
46	22.476890069655965	27.558140492202615	27.497314053215067	22.467655384926356
47	22.23243527851057	27.669333061851138	27.70205868180212	22.396172977836166
48	22.203567163432602	27.542692119872118	27.662627945530875	22.591112771164404
49	22.39200322230575	27.42027973609238	27.729849974402775	22.457867067199096
50	22.330053926527306	27.564095152735373	27.668883533942967	22.43696738679435
51	22.41450444930108	27.57862056587931	27.62899501007326	22.37787997474635
52	22.384894939195938	27.53309056313113	27.586669451751668	22.495345045921265
53	22.28449266514478	27.496607975871097	27.7383944864327	22.480504872551425
54	22.434030678977166	27.7399772171561	27.60312557456016	22.222866529306575
55	22.416577459241218	27.537465173684534	27.527203743481117	22.51875362359313
56	22.515433147873416	27.703987799614726	27.47139683898363	22.309182213528228
57	22.279217194409423	27.621799858299568	27.627310202616016	22.471672744674994
58	22.30569011697005	27.41514077949578	27.6950438730726	22.584125230461567
59	22.209142706444247	27.600164954268188	27.720087893247868	22.4706044460397
60	22.342576399411517	27.61277918022954	27.690849689996682	22.35379473036226
61	22.525708561603164	27.638736594257153	27.552262388532895	22.28329245560679
62	22.43683739632608	27.769852581698707	27.490511831496217	22.302798190478995
63	22.42959870803514	27.782943504058444	27.536211340569384	22.25124644733703
64	22.48794406402814	27.494107244108644	27.49401173921267	22.52393695265054
65	22.325694119683327	27.58667446648105	27.674364129286083	22.413267284549544
66	22.378618504387376	27.658364786503427	27.482938069373812	22.480078639735382
67	22.39196514325982	27.596512955222725	27.54093033274098	22.470591568776474
68	22.440135288865225	27.829474991198044	27.614863574202502	22.11552614573423
69	22.677208949197233	27.769832623468275	27.517976440033237	22.034981987301254
70	22.759044872489067	27.674024199690432	27.46985352480791	22.097077403012587
71	22.70669355757921	28.1389407106303	27.43712138728126	21.71724434450923
72	23.05063338505663	28.803457576979575	27.856986728046916	20.288922309916877
73	24.391171720594524	30.290624970511885	27.95636365070358	17.361839658190007
74	26.590754757840802	34.36511839659973	28.98538337912879	10.058743466430679
75	30.108764577331527	39.58051387515073	30.310721547517744	0.0
>>END_MODULE
>>Per base GC content	fail
#Base	%GC
1	70.85159868361852
2	44.32004176352991
3	50.009448428543
4	49.32581435888588
5	30.35332272314778
6	48.64175882561947
7	49.429228424703965
8	45.84340454489105
9	64.25505201131159
10	38.01155357629471
11	53.64703853417988
12	44.63034830771828
13	53.173632855937704
14	52.1607979565204
15	47.40566905937737
16	46.076534951719
17	44.51048454506182
18	44.247159634398805
19	45.03246644189207
20	45.11023833318929
21	45.61316601392399
22	45.456422477405134
23	45.53158497775402
24	45.45771579645213
25	45.86792664294032
26	45.3254425997843
27	45.223466910432734
28	45.376833182285665
29	44.99472661679777
30	45.106289690763404
31	45.341602415758125
32	44.864913034542866
33	44.94832836303988
34	45.06851636573139
35	44.94780003714875
36	44.76637212673141
37	45.195629317431916
38	44.82489058562167
39	44.78640518780436
40	45.004761666830994
41	44.83633055321427
42	44.74283389050612
43	45.1094665751402
44	44.70682560243607
45	44.84254128646326
46	44.944545454582325
47	44.628608256346745
48	44.794679934597006
49	44.84987028950484
50	44.767021313321656
51	44.792384424047434
52	44.88023998511721
53	44.7649975376962
54	44.65689720828374
55	44.93533108283435
56	44.82461536140164
57	44.750889939084416
58	44.889815347431615
59	44.67974715248395
60	44.69637112977377
61	44.80900101720995
62	44.73963558680508
63	44.68084515537217
64	45.011881016678686
65	44.73896140423287
66	44.85869714412276
67	44.862556712036294
68	44.55566143459945
69	44.71219093649849
70	44.85612227550166
71	44.42393790208844
72	43.339555694973505
73	41.753011378784535
74	36.64949822427148
75	30.108764577331527
>>END_MODULE
>>Per sequence GC content	warn
#GC Content	Count
0	180.0
1	222.0
2	327.0
3	462.5
4	563.0
5	740.5
6	1082.5
7	1521.5
8	1911.0
9	2411.0
10	3469.0
11	5046.5
12	6362.5
13	8226.5
14	11676.0
15	16712.0
16	21304.0
17	29567.0
18	45164.0
19	64146.5
20	78806.0
21	100998.5
22	139904.0
23	184158.5
24	215961.0
25	254971.0
26	317044.0
27	380798.0
28	425119.5
29	475503.5
30	551973.5
31	626777.5
32	676895.5
33	729458.0
34	813884.5
35	893063.0
36	940858.0
37	984066.5
38	1032477.0
39	1065547.0
40	1085253.5
41	1089090.5
42	1082490.0
43	1069867.5
44	1060739.5
45	1042675.0
46	1009147.0
47	974054.5
48	953424.5
49	928039.0
50	887252.5
51	852027.0
52	831972.5
53	817293.5
54	794098.5
55	771871.5
56	757865.0
57	739833.5
58	704397.5
59	659383.5
60	618505.5
61	570826.5
62	510110.0
63	452599.5
64	410407.0
65	369879.0
66	313669.0
67	261798.0
68	226031.5
69	193991.5
70	158256.0
71	126665.5
72	103609.0
73	85831.0
74	68425.5
75	53936.0
76	43305.5
77	35317.0
78	28115.0
79	22382.5
80	18116.5
81	15115.0
82	12047.5
83	9137.0
84	7110.5
85	5936.5
86	4829.0
87	3696.0
88	2992.0
89	2636.5
90	2321.5
91	2085.5
92	1915.0
93	1783.5
94	1678.5
95	1619.0
96	1594.5
97	1624.0
98	3135.5
99	13780.5
100	22972.0
>>END_MODULE
>>Per base N content	pass
#Base	N-Count
1	0.2780053116872666
2	0.13767356603896844
3	0.04059765221521814
4	4.188646657125681E-4
5	2.0137724313104238E-4
6	0.0
7	0.0
8	0.0
9	0.0
10	0.0
11	0.0
12	0.0
13	0.0
14	0.0
15	0.0
16	0.0
17	0.0
18	0.0
19	0.0
20	0.0
21	0.0
22	0.0
23	0.0
24	0.0
25	0.0
26	0.0
27	0.0
28	0.0
29	0.0
30	0.0
31	0.0
32	0.0
33	0.0
34	0.0
35	0.0
36	0.0
37	0.0
38	0.0
39	0.0
40	0.0
41	0.0
42	0.0
43	0.0
44	0.0
45	0.0
46	0.0
47	0.0
48	0.0
49	0.0
50	0.0
51	0.0
52	0.0
53	0.0
54	0.0
55	0.0
56	0.0
57	0.0
58	0.0
59	0.0
60	0.0
61	0.0
62	0.0
63	0.0
64	0.0
65	0.0
66	0.0
67	0.0
68	0.0
69	0.0
70	0.0
71	0.0
72	0.0
73	0.0
74	0.0
75	0.0
>>END_MODULE
>>Sequence Length Distribution	warn
#Length	Count
20-21	2473.0
22-23	2728.0
24-25	2808.0
26-27	3241.0
28-29	3277.0
30-31	3552.0
32-33	4169.0
34-35	9797.0
36-37	17327.0
38-39	22563.0
40-41	27176.0
42-43	33058.0
44-45	39812.0
46-47	44712.0
48-49	48537.0
50-51	52272.0
52-53	58032.0
54-55	64750.0
56-57	69607.0
58-59	73100.0
60-61	76983.0
62-63	86513.0
64-65	98731.0
66-67	116947.0
68-69	209199.0
70-71	915489.0
72-73	4372807.0
74-75	1.8369362E7
>>END_MODULE
>>Sequence Duplication Levels	warn
#Total Duplicate Percentage	35.186257192758504
#Duplication Level	Relative count
1	100.0
2	22.315778223928792
3	10.371993251753857
4	5.753566875577303
5	3.486339381817904
6	2.2573036023725734
7	1.6114872859683809
8	1.1580417872165012
9	0.8145224699802286
10++	4.906219226394498
>>END_MODULE
>>Overrepresented sequences	pass
>>END_MODULE
>>Kmer Content	warn
#Sequence	Count	Obs/Exp Overall	Obs/Exp Max	Max Obs/Exp Position
AAAAA	10109535	4.043912	8.386647	71
TTTTT	8486285	3.2270741	5.975544	71
CCTGG	4000280	3.1389406	12.2268505	3
CCAGG	3740265	2.9647691	12.425569	3
CCCAG	3597695	2.899934	11.613637	2
CTGGG	3636910	2.8064027	11.209105	4
CCAGC	3346500	2.6974576	6.6024504	3
GCTGG	3311810	2.555541	7.202877	3
GGAGG	3314815	2.540957	5.827358	6
CAGCA	3615860	2.4360335	6.6987853	4
TCCAG	3652575	2.435987	8.567755	2
CAGCC	3006435	2.4233468	5.7454348	9
CTCCA	3522245	2.3887496	6.363013	1
TGCTG	3647365	2.3680124	7.470448	2
CTCCT	3468230	2.3284297	6.117087	1
CAGGA	3506005	2.3227844	9.695405	4
GGCTG	3003320	2.317496	8.292994	7
AGGAG	3493460	2.2760246	6.875684	5
CCTGC	2840560	2.2665844	6.39462	3
CTGCC	2838860	2.265228	5.9047613	9
CTGGA	3452250	2.2641377	8.694504	4
TCCTG	3423480	2.2602046	8.636862	2
GGCAG	2881185	2.2458687	6.438356	7
CTGCA	3348105	2.2329288	6.880461	4
GCCTG	2845160	2.2325404	7.3502097	7
CTGCT	3349455	2.2113328	6.4856586	9
CCCTG	2762740	2.2044892	9.240508	2
GCAGG	2824295	2.2015233	6.8467736	3
GCTGC	2790815	2.1898973	5.5917287	8
AGCAG	3267230	2.1645923	5.42845	7
TGCAG	3295170	2.1611176	7.102055	2
CAGAG	3259505	2.1594741	7.5717177	4
CTCTG	3246800	2.1435592	7.515853	2
CAGGG	2663445	2.0761416	9.341093	4
CCCCA	2527860	2.0720108	6.9949856	1
TGGAG	3199015	2.0632012	6.393773	5
GCCAG	2596740	2.0583394	5.408184	2
CTGGC	2613995	2.0511503	5.7780967	4
CAGGC	2584885	2.0489423	6.400476	4
AGCTG	3115705	2.0434167	5.798885	7
GGGAG	2604480	1.9964528	5.4643626	7
CAGAA	3524325	1.9845197	5.4036183	4
CACAG	2932560	1.9756888	6.8353434	7
GGAGA	3014420	1.9639249	5.3104496	6
CTCAG	2932685	1.9558758	6.081038	2
CTGTG	3001085	1.948422	8.811109	9
CTGAG	2914140	1.9112213	5.8601656	4
TTCTG	3491835	1.9074173	5.1742573	2
GGCCA	2391975	1.8960297	6.5125513	1
CCAGA	2778135	1.8716515	6.6223583	3
CCTCT	2757365	1.8511837	5.615023	1
TGGGG	2432445	1.8458025	6.4020066	5
TCTGG	2794460	1.814273	6.42175	3
CACTG	2688690	1.7931496	7.3219695	7
TGGCC	2276240	1.7861205	5.8935814	5
ACCTG	2666045	1.7780471	5.584961	7
CAGTG	2691155	1.7649779	6.4225354	9
GCCCA	2158465	1.7398378	7.2430387	1
AGAGG	2660335	1.7332349	5.0867577	5
CCTGA	2580800	1.7211952	5.598792	3
ACAGA	2936070	1.653278	5.6729765	8
GGCCT	2103375	1.6504767	5.233737	1
GGGCC	1766380	1.6473639	5.489746	6
TCAGG	2509490	1.645834	5.839715	3
TGGGC	2091905	1.6142076	6.536945	5
GAGAG	2473935	1.6117936	5.0541787	7
CCTGT	2440250	1.6110696	5.633006	8
AGCCT	2396940	1.5985748	5.179304	6
AGGTG	2439270	1.5732045	5.270404	7
AGGCT	2253285	1.4778036	5.001504	6
GCCCT	1833195	1.4627718	6.1283345	1
GTGTG	2248755	1.4357262	7.4432364	1
GGGCT	1860570	1.4356992	5.900681	6
CTGTC	2170820	1.43319	5.820498	9
GCTGT	2190060	1.421873	5.1305537	8
ACAGC	2105790	1.4186873	5.3919783	8
ACACA	2476760	1.4182038	5.8695984	6
GACAG	2126505	1.4088436	6.712822	7
TGTGT	2614755	1.4045843	5.437432	10
CACAC	2021900	1.385181	6.2484636	5
AGGGC	1724700	1.3443948	5.6405735	5
AGACA	2357690	1.3275968	5.100186	6
ACTGC	1894200	1.2632859	5.1762943	8
GGACA	1855795	1.2294939	5.7638035	6
GTCCT	1839320	1.2143315	7.2948256	1
GTGCT	1862615	1.2092828	6.4905667	1
GTCCA	1750580	1.1675023	6.5317574	1
AGCAC	1690870	1.1391525	5.3945603	5
GTCTT	2079035	1.1356744	5.3145337	1
TGTGC	1741850	1.1308773	5.421319	10
AGGAC	1696915	1.1242334	6.9295025	5
GTGCA	1640080	1.0756367	6.2161508	1
TGCAC	1612000	1.0750802	5.6148386	5
TGGAC	1599390	1.0489504	5.8942976	5
ACAGT	1874265	1.0447555	5.3745227	8
GCACT	1556715	1.0382093	5.064924	6
ACTGT	1880250	1.0375366	6.18478	8
GACTG	1568730	1.0288423	5.8243866	7
GGACT	1430295	0.9380504	5.1640763	6
GTGTA	1141575	0.6194654	5.5565624	1
>>END_MODULE
