##FastQC	0.10.1
>>Basic Statistics	pass
#Measure	Value	
Filename	001-F5_S2_L002_R1_001_trimmed.fq.gz	
File type	Conventional base calls	
Encoding	Sanger / Illumina 1.9	
Total Sequences	18960290	
Filtered Sequences	0	
Sequence length	20-51	
%GC	45	
>>END_MODULE
>>Per base sequence quality	pass
#Base	Mean	Median	Lower Quartile	Upper Quartile	10th Percentile	90th Percentile
1	35.20801395970209	36.0	36.0	36.0	36.0	36.0
2	35.19692177704033	36.0	36.0	36.0	36.0	36.0
3	35.180644072427164	36.0	36.0	36.0	36.0	36.0
4	35.17264197963217	36.0	36.0	36.0	36.0	36.0
5	35.15401789740558	36.0	36.0	36.0	36.0	36.0
6	35.11351920250165	36.0	36.0	36.0	36.0	36.0
7	35.093393613705274	36.0	36.0	36.0	36.0	36.0
8	35.085323747685294	36.0	36.0	36.0	36.0	36.0
9	35.07005805290953	36.0	36.0	36.0	36.0	36.0
10	35.05011658576952	36.0	36.0	36.0	36.0	36.0
11	35.042219185466045	36.0	36.0	36.0	36.0	36.0
12	35.02138490497772	36.0	36.0	36.0	36.0	36.0
13	35.01654863928769	36.0	36.0	36.0	36.0	36.0
14	35.005958716876165	36.0	36.0	36.0	36.0	36.0
15	34.98838414391341	36.0	36.0	36.0	36.0	36.0
16	34.97095545479526	36.0	36.0	36.0	36.0	36.0
17	34.96852057642578	36.0	36.0	36.0	36.0	36.0
18	34.953604032427776	36.0	36.0	36.0	36.0	36.0
19	34.93980872655429	36.0	36.0	36.0	36.0	36.0
20	34.927430698581084	36.0	36.0	36.0	36.0	36.0
21	34.92029230215365	36.0	36.0	36.0	36.0	36.0
22	34.90028237272415	36.0	36.0	36.0	36.0	36.0
23	34.89619806992073	36.0	36.0	36.0	36.0	36.0
24	34.87587906555905	36.0	36.0	36.0	36.0	36.0
25	34.86182132597829	36.0	36.0	36.0	36.0	36.0
26	34.84322146063822	36.0	36.0	36.0	36.0	36.0
27	34.835627984738935	36.0	36.0	36.0	36.0	36.0
28	34.8156932944993	36.0	36.0	36.0	36.0	36.0
29	34.79923709762319	36.0	36.0	36.0	36.0	36.0
30	34.7755930524146	36.0	36.0	36.0	36.0	36.0
31	34.753642258646686	36.0	36.0	36.0	36.0	36.0
32	34.729225310072046	36.0	36.0	36.0	32.0	36.0
33	34.69399990609597	36.0	36.0	36.0	32.0	36.0
34	34.68292247989325	36.0	36.0	36.0	32.0	36.0
35	34.65360768019008	36.0	36.0	36.0	32.0	36.0
36	34.623759988477545	36.0	36.0	36.0	32.0	36.0
37	34.61437953983645	36.0	36.0	36.0	32.0	36.0
38	34.59464890281463	36.0	36.0	36.0	32.0	36.0
39	34.55662085646197	36.0	36.0	36.0	32.0	36.0
40	34.53386070568611	36.0	36.0	36.0	32.0	36.0
41	34.51179161676538	36.0	36.0	36.0	32.0	36.0
42	34.480955456238625	36.0	36.0	36.0	32.0	36.0
43	34.44825300902925	36.0	36.0	36.0	32.0	36.0
44	34.422026823803115	36.0	36.0	36.0	32.0	36.0
45	34.4205650232813	36.0	36.0	36.0	32.0	36.0
46	34.385446765881305	36.0	36.0	36.0	32.0	36.0
47	34.38933309454355	36.0	36.0	36.0	32.0	36.0
48	34.39338055040379	36.0	36.0	36.0	32.0	36.0
49	34.42413619968629	36.0	36.0	36.0	32.0	36.0
50	34.51027771004403	36.0	36.0	36.0	32.0	36.0
51	34.61688032403581	36.0	36.0	36.0	32.0	36.0
>>END_MODULE
>>Per sequence quality scores	pass
#Quality	Count
14	4.0
15	69.0
16	225.0
17	635.0
18	1478.0
19	3344.0
20	6834.0
21	12869.0
22	21991.0
23	35106.0
24	54295.0
25	81268.0
26	116890.0
27	161049.0
28	214811.0
29	277530.0
30	355420.0
31	457825.0
32	614058.0
33	914886.0
34	1826968.0
35	8999442.0
36	4803293.0
>>END_MODULE
>>Per base sequence content	pass
#Base	G	A	T	C
1	22.43891566336231	26.939581696555532	27.458679359764254	23.162823280317905
2	22.34914366789769	26.986131778039883	27.72272564466797	22.941998909394457
3	22.337678790458995	27.028872715581244	27.600196285014956	23.033252208944806
4	22.490860311123893	26.73878242825326	27.887200764719122	22.883156495903727
5	22.623624321813125	26.802016057912454	27.47485465766384	23.099504962610585
6	22.13082230965648	27.20111151763898	27.667445340124324	23.000620832580214
7	22.196794033464297	27.17088495300775	27.66025349591153	22.972067517616424
8	22.272854575767536	27.059173186172618	27.61458604191929	23.053386196140565
9	22.138823631918125	27.16853710473676	27.736999716140527	22.955639547204584
10	22.262725292210177	27.18678867270804	27.659659304455015	22.890826730626763
11	22.71768845280753	27.142173808771204	27.365021795599592	22.77511594282167
12	22.09405440022549	27.33267941372135	27.729509143086297	22.843757042966864
13	22.219639585585448	27.117051773126853	27.855503009712262	22.80780563157544
14	22.260947699034197	26.871882626220955	27.989338843415464	22.877830831329387
15	22.18022586991946	27.17104977917147	27.783068712183635	22.865655638725435
16	22.337335446409938	27.518300815516273	27.64667512438816	22.497688613685632
17	22.469417554970867	27.19721685048087	27.35974480763657	22.973620786911685
18	22.350295152542554	27.57559827587307	27.409183518630968	22.664923052953405
19	22.4777066885578	27.274303857837594	27.605540169945325	22.64244928365928
20	22.533179698029198	27.01474388349203	27.623256359556404	22.828820058922368
21	22.5604390490514	27.181041102149344	27.612765970948644	22.645753877850613
22	22.378163556233083	27.306536733387993	27.657653964831752	22.657645745547175
23	22.44671477107333	27.083333998052638	27.567026306399438	22.902924924474593
24	22.27087716064514	27.461956239995857	27.5771046016464	22.690061997712608
25	22.375079633975236	27.378971067525864	27.43790689551327	22.808042402985627
26	22.505637390650396	27.371007719022867	27.36463918044044	22.758715709886296
27	22.449033300122174	27.442235264505022	27.503485664979095	22.60524577039372
28	22.26565056123358	27.390369134582677	27.47314231415043	22.870837990033312
29	22.524548519493685	27.18848822898639	27.521602014566426	22.765361236953492
30	22.367256468776876	27.486748208901506	27.43629082503069	22.709704497290925
31	22.49060916986333	27.3774365918785	27.4333644328505	22.69858980540767
32	22.45610366370279	27.401712731992824	27.365651295881182	22.77653230842321
33	22.369018955512402	27.24170054368183	27.615447435035424	22.773833065770347
34	22.520186713613125	27.53938588589426	27.458417707381887	22.482009693110733
35	22.48936499254706	27.23847423292552	27.427450528853807	22.844710245673618
36	22.61108851209354	27.481539025734097	27.26110773856626	22.6462647236061
37	22.38537861714585	27.376474065759403	27.414405823672677	22.82374149342207
38	22.39024939359061	27.232931819937118	27.46104169878873	22.91577708768354
39	22.326291183216636	27.392136223768247	27.459434022526935	22.822138570488175
40	22.40703027698122	27.347489785367234	27.582057554573147	22.663422383078395
41	22.64100543291039	27.322703917184555	27.377310430810486	22.658980219094566
42	22.53598087714507	27.424745343053942	27.402930701928206	22.636343077872787
43	22.517445240046204	27.54444935452698	27.3373074002904	22.60079800513641
44	22.544510518049858	27.293574553325044	27.279919807513096	22.881995121112
45	22.411622268718194	27.40877069049071	27.498127109433362	22.681479931357735
46	22.454419068859448	27.597742831470406	27.242824153342287	22.705013946327856
47	22.489406114396353	27.39084207461955	27.343714650354777	22.776037160629322
48	22.511333397948754	27.706596793900307	27.48770593717815	22.294363870972795
49	22.73027598482413	27.703358177335513	27.39971774435507	22.16664809348529
50	22.76750056372753	27.90387180885279	27.537602503412895	21.791025124006783
51	22.268742610042562	28.33725198167305	27.711994439154967	21.682010969129422
>>END_MODULE
>>Per base GC content	pass
#Base	%GC
1	45.60173894368022
2	45.29114257729214
3	45.370930999403804
4	45.374016807027616
5	45.723129284423706
6	45.13144314223669
7	45.16886155108072
8	45.3262407719081
9	45.09446317912271
10	45.15355202283695
11	45.49280439562921
12	44.93781144319235
13	45.02744521716089
14	45.13877853036358
15	45.04588150864489
16	44.83502406009557
17	45.443038341882556
18	45.01521820549596
19	45.12015597221708
20	45.36199975695156
21	45.20619292690201
22	45.03580930178026
23	45.34963969554792
24	44.960939158357746
25	45.18312203696086
26	45.264353100536695
27	45.05427907051589
28	45.13648855126689
29	45.28990975644718
30	45.0769609660678
31	45.189198975271
32	45.232635972126
33	45.14285202128275
34	45.00219640672386
35	45.33407523822068
36	45.25735323569965
37	45.209120110567916
38	45.30602648127415
39	45.14842975370482
40	45.070452660059615
41	45.299985652004956
42	45.17232395501786
43	45.11824324518262
44	45.42650563916186
45	45.093102200075926
46	45.159433015187304
47	45.265443275025675
48	44.80569726892155
49	44.89692407830942
50	44.55852568773431
51	43.95075357917198
>>END_MODULE
>>Per sequence GC content	warn
#GC Content	Count
0	8080.0
1	7500.5
2	5615.0
3	4500.0
4	4794.0
5	5556.5
6	6380.0
7	7615.0
8	8955.0
9	11206.5
10	13567.5
11	17457.5
12	21420.5
13	27945.5
14	35016.0
15	46688.0
16	58941.5
17	76782.0
18	95346.5
19	120404.5
20	146491.5
21	178437.0
22	210823.0
23	250182.5
24	291055.0
25	332407.5
26	409665.0
27	462949.5
28	523493.5
29	585495.0
30	651072.0
31	719315.0
32	790227.5
33	862867.0
34	932540.5
35	998604.0
36	1049006.5
37	1096030.0
38	1128239.5
39	1160531.0
40	1178773.5
41	1193229.5
42	1198712.5
43	1198005.0
44	1185014.0
45	1170272.0
46	1151164.0
47	1129402.5
48	1103761.5
49	1078401.0
50	1055300.0
51	1031604.5
52	1006557.0
53	980757.0
54	954891.0
55	926352.5
56	895096.5
57	860593.0
58	817381.0
59	768876.5
60	715363.0
61	658303.5
62	601504.5
63	546574.0
64	485471.0
65	427203.5
66	375203.5
67	324817.5
68	277874.0
69	231587.0
70	195554.0
71	163688.5
72	137243.0
73	111935.0
74	90811.5
75	67699.5
76	56329.5
77	46565.5
78	37006.0
79	29353.0
80	22606.0
81	18204.0
82	14495.5
83	11699.5
84	9155.0
85	7310.0
86	5601.0
87	4549.5
88	3585.5
89	2804.0
90	2127.5
91	1763.5
92	1461.5
93	1224.0
94	990.5
95	872.0
96	779.5
97	706.0
98	641.0
99	731.0
100	829.0
>>END_MODULE
>>Per base N content	pass
#Base	N-Count
1	0.0014451255756109216
2	9.5462674885247E-4
3	5.590631788859769E-4
4	6.645467975437085E-4
5	0.004820601372658329
6	0.0014082063090807156
7	7.489336924698936E-4
8	0.002742574085101019
9	0.0010759329103088614
10	7.172886068725743E-4
11	0.0038448779000743133
12	0.004076941861121322
13	0.0017826731553156623
14	0.0032752663593225632
15	0.006518887633047807
16	0.004688746849336165
17	0.002505235943121123
18	0.002283720343939887
19	0.00535856782781276
20	0.005833244111772552
21	0.0024959768237975736
22	0.003568632978135044
23	0.0016378415418087237
24	0.006906291332753702
25	0.003450017932069949
26	0.0038789172638214195
27	0.0015929909260330721
28	0.0010690049151550235
29	0.004718302446870479
30	0.0018158021980339974
31	9.657689998408937E-4
32	0.005087996599969549
33	0.013249925146169766
34	0.0024173963791044896
35	0.0012910396858950312
36	6.731445424361168E-4
37	0.0021615775293347575
38	2.1874270507100555E-4
39	4.731722061800571E-4
40	0.0012674590360351617
41	5.002445513704541E-4
42	5.883463776770189E-4
43	0.0012342027076340833
44	7.906531637726645E-4
45	8.767756812387365E-4
46	4.8585082401177794E-4
47	1.0081356547337009E-4
48	0.0032734960687147824
49	0.0013087214308565498
50	0.0017747716214017739
51	6.846859287783911E-4
>>END_MODULE
>>Sequence Length Distribution	warn
#Length	Count
20	49858.0
21	51670.0
22	53524.0
23	54219.0
24	55464.0
25	56333.0
26	57823.0
27	59501.0
28	61869.0
29	65955.0
30	66710.0
31	68704.0
32	69878.0
33	70115.0
34	71197.0
35	72133.0
36	71746.0
37	74425.0
38	76644.0
39	79367.0
40	81759.0
41	84702.0
42	86541.0
43	92707.0
44	105253.0
45	138760.0
46	220623.0
47	519427.0
48	1061292.0
49	2097296.0
50	2815077.0
51	1.0369718E7
>>END_MODULE
>>Sequence Duplication Levels	warn
#Total Duplicate Percentage	32.50832561530731
#Duplication Level	Relative count
1	100.0
2	21.505839416058393
3	8.554014598540146
4	4.523357664233576
5	2.562773722627737
6	1.6788321167883211
7	1.1175182481751824
8	0.7992700729927007
9	0.627007299270073
10++	4.616788321167883
>>END_MODULE
>>Overrepresented sequences	pass
>>END_MODULE
>>Kmer Content	warn
#Sequence	Count	Obs/Exp Overall	Obs/Exp Max	Max Obs/Exp Position
AAAAA	5539480	4.3219824	5.344672	47
TTTTT	5100950	3.80436	4.4297204	13
CCTGG	1819685	3.00276	3.6406136	19
>>END_MODULE
