##FastQC	0.10.1
>>Basic Statistics	pass
#Measure	Value	
Filename	040-F5_S4_L004_R1_001_trimmed.fq.gz	
File type	Conventional base calls	
Encoding	Sanger / Illumina 1.9	
Total Sequences	18388565	
Filtered Sequences	0	
Sequence length	20-51	
%GC	43	
>>END_MODULE
>>Per base sequence quality	pass
#Base	Mean	Median	Lower Quartile	Upper Quartile	10th Percentile	90th Percentile
1	35.12237985943982	36.0	36.0	36.0	36.0	36.0
2	35.10604650226921	36.0	36.0	36.0	36.0	36.0
3	35.08980238534111	36.0	36.0	36.0	36.0	36.0
4	35.08460823343203	36.0	36.0	36.0	36.0	36.0
5	35.05811122292577	36.0	36.0	36.0	36.0	36.0
6	35.01785386733549	36.0	36.0	36.0	36.0	36.0
7	35.00117556753341	36.0	36.0	36.0	36.0	36.0
8	34.99106455560833	36.0	36.0	36.0	36.0	36.0
9	34.97584156240577	36.0	36.0	36.0	36.0	36.0
10	34.94546018136815	36.0	36.0	36.0	36.0	36.0
11	34.94701614835089	36.0	36.0	36.0	36.0	36.0
12	34.92379970922146	36.0	36.0	36.0	36.0	36.0
13	34.91487013804503	36.0	36.0	36.0	36.0	36.0
14	34.900806180362636	36.0	36.0	36.0	36.0	36.0
15	34.89107127173872	36.0	36.0	36.0	36.0	36.0
16	34.87067941408152	36.0	36.0	36.0	36.0	36.0
17	34.8616135081775	36.0	36.0	36.0	36.0	36.0
18	34.85069395028921	36.0	36.0	36.0	36.0	36.0
19	34.826089909680285	36.0	36.0	36.0	36.0	36.0
20	34.83033015354923	36.0	36.0	36.0	36.0	36.0
21	34.8077561120677	36.0	36.0	36.0	36.0	36.0
22	34.79757900308453	36.0	36.0	36.0	36.0	36.0
23	34.78479442405344	36.0	36.0	36.0	36.0	36.0
24	34.77105654236917	36.0	36.0	36.0	36.0	36.0
25	34.762231364289036	36.0	36.0	36.0	36.0	36.0
26	34.748458237838264	36.0	36.0	36.0	36.0	36.0
27	34.73450776379601	36.0	36.0	36.0	32.0	36.0
28	34.719460039160026	36.0	36.0	36.0	32.0	36.0
29	34.70759358038578	36.0	36.0	36.0	32.0	36.0
30	34.69362620822476	36.0	36.0	36.0	32.0	36.0
31	34.67821406870021	36.0	36.0	36.0	32.0	36.0
32	34.66269328347725	36.0	36.0	36.0	32.0	36.0
33	34.62178456247165	36.0	36.0	36.0	32.0	36.0
34	34.60944087075444	36.0	36.0	36.0	32.0	36.0
35	34.58399056297683	36.0	36.0	36.0	32.0	36.0
36	34.56815116442003	36.0	36.0	36.0	32.0	36.0
37	34.55175502486156	36.0	36.0	36.0	32.0	36.0
38	34.532535417965114	36.0	36.0	36.0	32.0	36.0
39	34.50516324503642	36.0	36.0	36.0	32.0	36.0
40	34.495058082487056	36.0	36.0	36.0	32.0	36.0
41	34.476489372021554	36.0	36.0	36.0	32.0	36.0
42	34.444264797097674	36.0	36.0	36.0	32.0	36.0
43	34.425236583964065	36.0	36.0	36.0	32.0	36.0
44	34.40685623769691	36.0	36.0	36.0	32.0	36.0
45	34.38888559440191	36.0	36.0	36.0	32.0	36.0
46	34.359447875716015	36.0	36.0	36.0	32.0	36.0
47	34.37568800922486	36.0	36.0	36.0	32.0	36.0
48	34.356357152473365	36.0	36.0	36.0	32.0	36.0
49	34.402495589538404	36.0	36.0	36.0	32.0	36.0
50	34.453953060345206	36.0	36.0	36.0	32.0	36.0
51	34.55623674281671	36.0	36.0	36.0	32.0	36.0
>>END_MODULE
>>Per sequence quality scores	pass
#Quality	Count
7	2.0
8	2.0
9	2.0
10	4.0
11	14.0
12	23.0
13	52.0
14	89.0
15	133.0
16	271.0
17	630.0
18	1444.0
19	3244.0
20	6762.0
21	12457.0
22	21258.0
23	34256.0
24	53012.0
25	79185.0
26	115235.0
27	161185.0
28	219008.0
29	287931.0
30	377504.0
31	494437.0
32	670734.0
33	1000997.0
34	1961494.0
35	8448117.0
36	4439083.0
>>END_MODULE
>>Per base sequence content	pass
#Base	G	A	T	C
1	21.73284743475723	27.490513894736452	27.81199244700784	22.96464622349848
2	21.826158622120456	27.842028828273254	28.057641319636762	22.27417122996953
3	21.56207488842924	27.839174965080183	28.16329504955664	22.435455096933936
4	22.057119357686073	27.17407246697038	28.584912324799287	22.183895850544264
5	21.865605441371862	27.4698471376153	28.1734139265916	22.491133494421238
6	21.21232736920879	28.029639693918725	28.371724010002147	22.386308926870342
7	21.298497509735423	27.98319730807136	28.38610668280182	22.3321984993914
8	21.41182909439568	27.841011273808725	28.15076135338347	22.596398278412124
9	21.39889787218676	27.807870955503745	28.266927725179826	22.52630344712967
10	21.339595010055056	27.850118926430174	28.443062499826656	22.367223563688114
11	22.169528273474327	27.7263122769148	27.97609265182356	22.128066797787316
12	21.314482568620445	28.119085762999756	28.385167117395614	22.181264550984178
13	21.295135932589933	27.945889523255964	28.721874946976953	22.03709959717715
14	21.395010479133756	27.649413042333787	28.855590270873748	22.09998620765871
15	21.248497127717183	27.97670412677974	28.588169948471474	22.186628797031602
16	21.303611920769466	28.27427043864698	28.66465590152969	21.75746173905387
17	21.49598868416919	27.92616233309389	28.05431276820603	22.523536214530886
18	21.44740404297385	28.61560596912455	28.037562799271726	21.899427188629875
19	21.751095460548107	28.010107818434104	28.394192736117724	21.844603984900058
20	21.98889159971689	27.674177738972933	28.38713698456847	21.949793676741702
21	21.961194223156554	27.758390786731074	28.432467324585613	21.847947665526757
22	21.513698333151076	28.272793490227244	28.45192732219083	21.761580854430854
23	21.5128471801759	28.020648255553077	28.45078929468744	22.01571526958358
24	21.330377832827214	28.308574033001143	28.38122893229463	21.979819201877014
25	21.421401607705345	28.363730733679372	28.155645486113702	22.059222172501585
26	21.575857715799817	28.019424939904127	28.27153539503588	22.133181949260177
27	21.817528030293616	28.151807608565747	28.234982901512645	21.79568145962799
28	21.26991406889688	28.295308781652523	28.276639600208565	22.15813754924203
29	21.83720779842776	27.895828652472755	28.253867586344494	22.01309596275499
30	21.478296395653345	28.555091468149822	28.058909716086767	21.90770242011006
31	21.55772616763522	28.287560693481467	28.293306920269025	21.861406218614285
32	21.582386700158622	28.423985923914703	28.012789231748098	21.98083814417858
33	21.425763966930813	27.90224438447435	28.593248126720127	22.078743521874706
34	21.628786507352558	28.50248356244113	28.278431011791795	21.590298918414515
35	21.56694860857828	27.826147396106716	28.38762117264596	22.219282822669044
36	21.749580923344777	28.233336500406537	27.95695471057295	22.06012786567574
37	21.456242806258604	28.19251521042742	28.086833273665867	22.26440870964811
38	21.599444155998683	28.171517513164844	27.99362760209628	22.235410728740195
39	21.53673536003883	28.218913615560187	28.063827856841584	22.180523167559393
40	21.427270297636515	28.067391896679567	28.559066411074635	21.946271394609283
41	21.83345779584284	28.0123791889591	28.225875016907576	21.92828799829049
42	21.840813378067388	28.00229033849262	28.2855492401964	21.871347043243595
43	21.687161766485456	28.419983001249307	28.092686961225855	21.800168271039386
44	21.717012158692032	28.028762628201637	27.98520725300372	22.26901796010261
45	21.755401138641258	28.28276336754303	28.09113029877579	21.870705195039925
46	21.626119832929845	28.795489089632092	27.797815133749427	21.780575943688635
47	21.791534319781775	28.060962196710253	27.99139477398953	22.15610870951844
48	21.784079318131862	28.520082767313543	28.29056818781031	21.405269726744283
49	22.02527914273866	28.323223880704557	28.36833395971925	21.283163016837538
50	22.34125009335511	28.441653609275026	28.214761864972644	21.00233443239722
51	21.549895450180998	29.24028679653428	28.307916610198646	20.90190114308607
>>END_MODULE
>>Per base GC content	pass
#Base	%GC
1	44.69749365825571
2	44.100329852089985
3	43.99752998536318
4	44.24101520823033
5	44.356738935793096
6	43.59863629607913
7	43.630696009126815
8	44.00822737280781
9	43.92520131931643
10	43.70681857374316
11	44.29759507126164
12	43.49574711960462
13	43.33223552976708
14	43.49499668679246
15	43.43512592474879
16	43.061073659823336
17	44.01952489870008
18	43.34683123160373
19	43.59569944544817
20	43.938685276458585
21	43.809141888683314
22	43.27527918758193
23	43.528562449759484
24	43.31019703470423
25	43.480623780206926
26	43.70903966506
27	43.61320948992161
28	43.428051618138916
29	43.85030376118275
30	43.38599881576341
31	43.4191323862495
32	43.5632248443372
33	43.50450748880552
34	43.21908542576707
35	43.78623143124732
36	43.80970878902051
37	43.72065151590671
38	43.834854884738874
39	43.717258527598226
40	43.373541692245794
41	43.761745794133326
42	43.71216042131098
43	43.48733003752484
44	43.986030118794645
45	43.62610633368118
46	43.406695776618484
47	43.94764302930022
48	43.189349044876145
49	43.3084421595762
50	43.343584525752334
51	42.45179659326707
>>END_MODULE
>>Per sequence GC content	warn
#GC Content	Count
0	9611.0
1	8841.5
2	6577.5
3	5435.0
4	5863.5
5	6758.5
6	7761.0
7	9259.5
8	10772.5
9	13345.0
10	16020.5
11	20779.5
12	25684.0
13	33688.0
14	42246.5
15	56215.0
16	70684.0
17	91863.5
18	113692.5
19	142271.5
20	171505.0
21	207467.0
22	244060.0
23	288304.0
24	333826.5
25	378653.0
26	465694.5
27	524778.0
28	592353.0
29	661588.0
30	735938.0
31	811793.0
32	889523.5
33	968680.5
34	1039146.5
35	1104409.0
36	1137669.0
37	1165727.5
38	1170925.0
39	1173922.0
40	1164621.5
41	1153698.0
42	1143476.0
43	1127798.0
44	1097450.5
45	1066345.0
46	1035968.5
47	1003389.0
48	970881.5
49	939637.5
50	911244.5
51	882694.5
52	854555.0
53	826964.0
54	800765.5
55	771755.0
56	741314.5
57	709544.5
58	670953.5
59	628226.5
60	583216.0
61	535162.0
62	486457.0
63	440095.0
64	390799.0
65	343557.5
66	301915.5
67	261769.5
68	223640.5
69	186079.0
70	156892.0
71	130087.5
72	108444.5
73	88457.5
74	72117.0
75	53751.0
76	44712.5
77	36954.0
78	29659.0
79	23988.0
80	18834.5
81	15229.0
82	12087.5
83	9785.0
84	7600.0
85	6032.5
86	4627.5
87	3661.5
88	2744.5
89	2116.0
90	1602.0
91	1302.5
92	1024.0
93	859.0
94	709.5
95	604.0
96	508.0
97	448.0
98	384.0
99	524.0
100	679.0
>>END_MODULE
>>Per base N content	pass
#Base	N-Count
1	4.94872764677396E-4
2	1.0876324498404308E-4
3	5.438162249202154E-5
4	0.0016205723502622418
5	0.001419360347041762
6	6.308268209074498E-4
7	0.003039932697304004
8	0.0010441271518468135
9	0.004682257696563054
10	0.0016640776482558588
11	0.002235084684422085
12	0.0011093850988372394
13	0.0018109080289843173
14	0.008423713324014136
15	0.006928218705483544
16	0.010147610757011219
17	0.008597734515988605
18	0.005497982033943378
19	0.01090895347189952
20	0.007607988986633813
21	0.01305871121411652
22	0.013235302297685561
23	0.011911288263989538
24	0.0098891031163255
25	0.006710739884545692
26	0.00986569756764464
27	0.017121393095478065
28	0.011486560228947078
29	0.009329583624158689
30	0.006988376350825781
31	0.010571496309423042
32	0.013654155077663212
33	0.020419009881153458
34	0.01320308667751101
35	0.010231865820988978
36	0.009444273183308578
37	0.011810346953944647
38	0.009598914105942269
39	0.010941579703138053
40	0.011143561706665651
41	0.010268523305087034
42	0.00730929927025028
43	0.009514046749153777
44	0.008556428815364727
45	0.006858814222354103
46	0.006281660483217603
47	0.005882063914083828
48	0.006208914636423052
49	0.007892997457451308
50	0.006218357819688474
51	0.006055915231304846
>>END_MODULE
>>Sequence Length Distribution	warn
#Length	Count
20	25344.0
21	25899.0
22	26960.0
23	27612.0
24	28429.0
25	29558.0
26	31150.0
27	33259.0
28	35215.0
29	37962.0
30	38644.0
31	39363.0
32	40620.0
33	40924.0
34	42325.0
35	43801.0
36	43547.0
37	45945.0
38	48897.0
39	51663.0
40	53981.0
41	58166.0
42	59883.0
43	65611.0
44	78449.0
45	110613.0
46	189908.0
47	477998.0
48	1011414.0
49	2020954.0
50	2758138.0
51	1.0766333E7
>>END_MODULE
>>Sequence Duplication Levels	warn
#Total Duplicate Percentage	32.840220696974015
#Duplication Level	Relative count
1	100.0
2	21.331431288635283
3	8.860602070302498
4	4.529061048319251
5	2.582391455429972
6	1.6972091151834376
7	1.1675628223417096
8	0.8734774497969933
9	0.6320640842752112
10++	4.637331284977504
>>END_MODULE
>>Overrepresented sequences	pass
>>END_MODULE
>>Kmer Content	warn
#Sequence	Count	Obs/Exp Overall	Obs/Exp Max	Max Obs/Exp Position
AAAAA	6445355	4.432808	5.3966174	47
TTTTT	6063105	4.0323944	5.1313553	13
CCTGG	1621260	3.0343604	3.7304225	9
CCAGG	1592830	3.0012128	4.044723	35
AGAAA	3187310	2.8490312	5.0721416	28
GAAAA	3077150	2.7505627	5.1165514	4
GAGAA	1876425	2.1799412	5.1348867	27
>>END_MODULE
