##FastQC	0.10.1
>>Basic Statistics	pass
#Measure	Value	
Filename	032-F5_S3_L003_R1_001_trimmed.fq.gz	
File type	Conventional base calls	
Encoding	Sanger / Illumina 1.9	
Total Sequences	43855394	
Filtered Sequences	0	
Sequence length	20-51	
%GC	44	
>>END_MODULE
>>Per base sequence quality	pass
#Base	Mean	Median	Lower Quartile	Upper Quartile	10th Percentile	90th Percentile
1	35.07614021207973	36.0	36.0	36.0	36.0	36.0
2	35.06394344558847	36.0	36.0	36.0	36.0	36.0
3	35.043190240178895	36.0	36.0	36.0	36.0	36.0
4	35.03876804755192	36.0	36.0	36.0	36.0	36.0
5	35.01895310756985	36.0	36.0	36.0	36.0	36.0
6	34.97105767650839	36.0	36.0	36.0	36.0	36.0
7	34.95787708576965	36.0	36.0	36.0	36.0	36.0
8	34.94827755965435	36.0	36.0	36.0	36.0	36.0
9	34.935301687176725	36.0	36.0	36.0	36.0	36.0
10	34.913120880865876	36.0	36.0	36.0	36.0	36.0
11	34.90018014659724	36.0	36.0	36.0	36.0	36.0
12	34.87888755485813	36.0	36.0	36.0	36.0	36.0
13	34.86782784348033	36.0	36.0	36.0	36.0	36.0
14	34.85905298217136	36.0	36.0	36.0	36.0	36.0
15	34.84318398781231	36.0	36.0	36.0	36.0	36.0
16	34.825275723209785	36.0	36.0	36.0	36.0	36.0
17	34.81464898023719	36.0	36.0	36.0	36.0	36.0
18	34.79814460223525	36.0	36.0	36.0	36.0	36.0
19	34.792844205207686	36.0	36.0	36.0	36.0	36.0
20	34.782594907253596	36.0	36.0	36.0	32.0	36.0
21	34.76393108751904	36.0	36.0	36.0	32.0	36.0
22	34.75540604013033	36.0	36.0	36.0	32.0	36.0
23	34.74051736863889	36.0	36.0	36.0	32.0	36.0
24	34.72441690760358	36.0	36.0	36.0	32.0	36.0
25	34.7116777243621	36.0	36.0	36.0	32.0	36.0
26	34.70782081344253	36.0	36.0	36.0	32.0	36.0
27	34.69899550826103	36.0	36.0	36.0	32.0	36.0
28	34.67407080468229	36.0	36.0	36.0	32.0	36.0
29	34.66427420133799	36.0	36.0	36.0	32.0	36.0
30	34.64325407503978	36.0	36.0	36.0	32.0	36.0
31	34.624367337305294	36.0	36.0	36.0	32.0	36.0
32	34.6076523271104	36.0	36.0	36.0	32.0	36.0
33	34.588059328309285	36.0	36.0	36.0	32.0	36.0
34	34.5611802637355	36.0	36.0	36.0	32.0	36.0
35	34.552180763527495	36.0	36.0	36.0	32.0	36.0
36	34.531028782456154	36.0	36.0	36.0	32.0	36.0
37	34.50884026804098	36.0	36.0	36.0	32.0	36.0
38	34.49194746961127	36.0	36.0	36.0	32.0	36.0
39	34.46139223889526	36.0	36.0	36.0	32.0	36.0
40	34.4454422077505	36.0	36.0	36.0	32.0	36.0
41	34.423771421312374	36.0	36.0	36.0	32.0	36.0
42	34.40120956044802	36.0	36.0	36.0	32.0	36.0
43	34.36461283116398	36.0	36.0	36.0	32.0	36.0
44	34.35116241473875	36.0	36.0	36.0	32.0	36.0
45	34.32870475974557	36.0	36.0	36.0	32.0	36.0
46	34.29837661723236	36.0	36.0	36.0	32.0	36.0
47	34.2997103330153	36.0	36.0	36.0	32.0	36.0
48	34.30617063557212	36.0	36.0	36.0	32.0	36.0
49	34.33785411065302	36.0	36.0	36.0	32.0	36.0
50	34.41164535912121	36.0	36.0	36.0	32.0	36.0
51	34.50886234331143	36.0	36.0	36.0	32.0	36.0
>>END_MODULE
>>Per sequence quality scores	pass
#Quality	Count
5	1.0
6	3.0
7	8.0
8	18.0
9	21.0
10	31.0
11	73.0
12	59.0
13	81.0
14	152.0
15	263.0
16	494.0
17	944.0
18	2504.0
19	6536.0
20	15158.0
21	30229.0
22	52067.0
23	82916.0
24	128480.0
25	193443.0
26	280779.0
27	395650.0
28	539918.0
29	713687.0
30	935923.0
31	1225032.0
32	1667714.0
33	2510844.0
34	4948428.0
35	2.0369923E7
36	9754015.0
>>END_MODULE
>>Per base sequence content	pass
#Base	G	A	T	C
1	22.287462676316256	27.277816995524923	27.549775438809952	22.884944889348873
2	22.058213761059033	27.060714294183825	27.920484049946086	22.960587894811056
3	22.209934358103197	27.174897033715933	27.620076216427293	22.995092391753577
4	22.18041869878239	27.035802290517502	27.89511062040483	22.88866839029528
5	22.4099224358214	27.006500370607363	27.504242500029303	23.079334693541938
6	21.930369820543625	27.321104792596458	27.721317840664163	23.027207546195758
7	21.85077754143996	27.29825467583014	27.957974438073908	22.89299334465599
8	22.128408036919474	27.135313519011234	27.934332796442966	22.80194564762632
9	21.720004746554164	27.364769495235343	28.11532749353939	22.799898264671107
10	22.036126965669215	27.484878993985618	27.790348956957224	22.688645083387943
11	22.35104957252593	27.614286916639042	27.54731313268774	22.487350378147287
12	21.804310891710823	27.56644078569374	27.979072355616175	22.65017596697926
13	21.881141664201678	27.33354166022486	28.104485695722886	22.680830979850576
14	21.91614793383266	27.00393764169285	28.30664760934435	22.77326681513014
15	21.829869234657107	27.287983031764906	28.055192645346793	22.826955088231195
16	22.0378290535859	27.871275189480937	27.774163129652653	22.316732627280512
17	22.12183767585494	27.621068528898185	27.700694587886233	22.55639920736064
18	22.004508957975446	27.88775206281646	27.696537637197565	22.411201342010525
19	21.96773812363918	27.72359970174986	27.965764900387253	22.342897274223713
20	21.965332682471768	27.503855672922818	27.90577469899116	22.625036945614255
21	22.078112011523114	27.659374001402266	27.880982365961117	22.381531621113506
22	21.917564336711976	27.665593577657937	27.958647151277937	22.458194934352147
23	22.077812434611264	27.404546203219944	27.839861979086265	22.677779383082527
24	22.017202846656893	27.71631634324969	27.902640376444577	22.36384043364884
25	22.041634181325694	27.68515164314348	27.785461618521357	22.487752557009465
26	22.204955051104786	27.903225680450895	27.602098940093985	22.289720328350338
27	21.852362781358416	27.9815599021296	27.846211479867556	22.319865836644425
28	21.861455714899737	27.789996702468926	27.819462236263483	22.529085346367857
29	21.9677753359954	27.666879092808035	27.96606386209376	22.399281709102805
30	22.050064861435708	27.709951757298406	27.835313690861486	22.404669690404397
31	22.17297090844247	27.764438306542612	27.735751249487656	22.326839535527267
32	22.07305232220745	27.707588057911764	27.772621837206817	22.446737782673967
33	22.00435970984842	27.693658521204668	27.865394731576632	22.43658703737028
34	22.156169032082236	27.90603730040849	27.746165360113523	22.191628307395757
35	22.147255412671814	27.79571528056738	27.610011703730347	22.44701760303046
36	22.297910839167383	27.931406013866983	27.594670275505827	22.176012871459804
37	21.9685991153476	27.784258996728873	27.86282824736963	22.384313640553895
38	21.92500764222101	27.571557157999127	27.993860195124526	22.509575004655336
39	21.854927983950194	27.726186828414285	27.97177890393269	22.447106283702833
40	22.060455135992733	27.800061628504192	27.831513221495268	22.307970014007807
41	22.26302490205716	27.879896763361163	27.658640232260662	22.198438102321017
42	22.114558974477386	27.99614120955581	27.633395353281013	22.255904462685784
43	22.134724546535413	27.93964289823031	27.707085179330782	22.21854737590349
44	22.130522718051264	27.656521701242887	27.72026142885809	22.49269415184776
45	21.951870148555628	27.700555727923525	27.915646989274794	22.43192713424605
46	22.090499574702825	27.743962419545536	27.69154526569983	22.473992740051806
47	21.990256246295893	27.82395592891232	27.823629382544684	22.362158442247107
48	22.07520717200743	28.115712742721854	27.82899359290642	21.980086492364297
49	22.28515794114291	28.129782639997735	27.785302707159314	21.799756711700045
50	22.184259296567753	28.42656265853068	27.850772263687567	21.538405781214
51	21.812953508930285	28.74987509173959	28.10304788675569	21.334123512574436
>>END_MODULE
>>Per base GC content	pass
#Base	%GC
1	45.172407565665125
2	45.01880165587009
3	45.20502674985678
4	45.06908708907767
5	45.48925712936334
6	44.95757736673938
7	44.74377088609595
8	44.93035368454579
9	44.51990301122527
10	44.72477204905716
11	44.83839995067322
12	44.45448685869008
13	44.561972644052254
14	44.689414748962804
15	44.6568243228883
16	44.35456168086641
17	44.67823688321558
18	44.415710299985975
19	44.31063539786289
20	44.59036962808602
21	44.45964363263662
22	44.37575927106412
23	44.75559181769379
24	44.38104328030573
25	44.529386738335155
26	44.494675379455124
27	44.17222861800284
28	44.39054106126759
29	44.36705704509821
30	44.454734551840104
31	44.499810443969736
32	44.519790104881416
33	44.4409467472187
34	44.34779733947799
35	44.59427301570227
36	44.47392371062719
37	44.3529127559015
38	44.43458264687635
39	44.30203426765302
40	44.36842515000054
41	44.461463004378174
42	44.370463437163174
43	44.35327192243891
44	44.623216869899025
45	44.38379728280167
46	44.56449231475463
47	44.352414688543
48	44.055293664371725
49	44.084914652842954
50	43.722665077781755
51	43.14707702150472
>>END_MODULE
>>Per sequence GC content	warn
#GC Content	Count
0	13662.0
1	13174.0
2	10552.5
3	8828.5
4	9488.0
5	11266.0
6	13201.0
7	16100.5
8	19039.0
9	24512.0
10	30449.0
11	40665.5
12	50815.5
13	68698.5
14	88364.5
15	121018.0
16	154681.5
17	203498.0
18	253784.0
19	322462.0
20	392769.5
21	480259.0
22	569138.5
23	674389.5
24	781605.0
25	888328.0
26	1089754.0
27	1220451.0
28	1357192.0
29	1496349.0
30	1638060.0
31	1780864.0
32	1924123.0
33	2070722.5
34	2204634.0
35	2333178.5
36	2443186.0
37	2545863.0
38	2604111.0
39	2660167.5
40	2678728.0
41	2688161.5
42	2670198.5
43	2639347.5
44	2581616.0
45	2519931.0
46	2451915.0
47	2381194.0
48	2312083.0
49	2244990.5
50	2188667.5
51	2134721.0
52	2087648.5
53	2042441.5
54	2001310.0
55	1956686.5
56	1901801.0
57	1838614.0
58	1754412.0
59	1656470.0
60	1549919.5
61	1434593.0
62	1311771.0
63	1195233.0
64	1065750.5
65	939419.0
66	825455.0
67	714194.0
68	613880.0
69	517852.0
70	440905.0
71	368540.0
72	307752.0
73	250323.5
74	203753.5
75	151368.0
76	125786.5
77	103436.0
78	82313.5
79	66368.5
80	51978.0
81	42342.0
82	33798.5
83	27342.0
84	21340.0
85	16955.0
86	12844.0
87	10108.0
88	7692.5
89	5930.5
90	4304.5
91	3447.0
92	2739.0
93	2271.0
94	1811.5
95	1567.0
96	1355.0
97	1258.5
98	1169.5
99	1665.0
100	2176.0
>>END_MODULE
>>Per base N content	pass
#Base	N-Count
1	0.00121307768891553
2	0.0017010450299454612
3	4.332420317555464E-5
4	5.449728715240821E-4
5	8.117587542367081E-4
6	0.001144671052322549
7	0.0012792041042887449
8	8.710445059506249E-4
9	9.622533547412662E-4
10	0.001534588880902541
11	0.002100083743404517
12	6.635443749519158E-4
13	0.0028229138700703498
14	0.003953903595074303
15	0.007073246223714237
16	0.006754015252946993
17	0.006649125076837755
18	0.008156351303103103
19	0.005180662611308429
20	0.008607835104616776
21	0.009151702677821531
22	0.008616396234100035
23	0.009849035386069257
24	0.0078110120927023475
25	0.010705621362087725
26	0.005978154234541233
27	0.011980394120684282
28	0.008832427308639344
29	0.012165625610546035
30	0.009162679313553244
31	0.011525383058011172
32	0.010809171366091991
33	0.009969690791481614
34	0.010410709841286643
35	0.009710146524243716
36	0.008920564455147875
37	0.01004546616424023
38	0.007835995250203023
39	0.009045823594808884
40	0.00950491792761822
41	0.007944326199855346
42	0.008680124846677031
43	0.008976216785439719
44	0.009112007314814864
45	0.008711513265345984
46	0.009871995535302628
47	0.007273656776727124
48	0.004424838585575764
49	0.005903277646996901
50	0.0070562192362987755
51	0.007730607423088867
>>END_MODULE
>>Sequence Length Distribution	warn
#Length	Count
20	49338.0
21	52265.0
22	54080.0
23	56199.0
24	58933.0
25	59439.0
26	62463.0
27	65773.0
28	69909.0
29	75454.0
30	77271.0
31	81235.0
32	82674.0
33	83413.0
34	85164.0
35	86642.0
36	89128.0
37	93247.0
38	100128.0
39	105098.0
40	110968.0
41	114322.0
42	120093.0
43	132376.0
44	163392.0
45	245415.0
46	442470.0
47	1172644.0
48	2513730.0
49	5011866.0
50	6779531.0
51	2.5560734E7
>>END_MODULE
>>Sequence Duplication Levels	warn
#Total Duplicate Percentage	41.541156213509616
#Duplication Level	Relative count
1	100.0
2	23.80956411341515
3	12.160812526449428
4	7.375370292001692
5	5.086754126110876
6	3.5082522217520102
7	2.5924672027084217
8	2.016927634363098
9	1.4964028776978417
10++	11.229792636479052
>>END_MODULE
>>Overrepresented sequences	pass
>>END_MODULE
>>Kmer Content	warn
#Sequence	Count	Obs/Exp Overall	Obs/Exp Max	Max Obs/Exp Position
AAAAA	14584385	4.5330935	5.6182127	47
TTTTT	12979855	3.908886	4.4195957	47
CCTGG	4306190	3.1610034	4.0429764	9
CCAGG	4085530	3.0180395	3.4803898	30
>>END_MODULE
