##FastQC	0.10.1
>>Basic Statistics	pass
#Measure	Value	
Filename	001-F0_S3_L001_R1_001.fastq.gz	
File type	Conventional base calls	
Encoding	Sanger / Illumina 1.9	
Total Sequences	22236452	
Filtered Sequences	0	
Sequence length	35-76	
%GC	45	
>>END_MODULE
>>Per base sequence quality	pass
#Base	Mean	Median	Lower Quartile	Upper Quartile	10th Percentile	90th Percentile
1	31.365934412558264	32.0	32.0	32.0	32.0	32.0
2	31.411897230727277	32.0	32.0	32.0	32.0	32.0
3	31.482874021449106	32.0	32.0	32.0	32.0	32.0
4	31.560174482871638	32.0	32.0	32.0	32.0	32.0
5	31.526970894457442	32.0	32.0	32.0	32.0	32.0
6	35.12403017351869	36.0	36.0	36.0	36.0	36.0
7	35.14180261311472	36.0	36.0	36.0	36.0	36.0
8	35.07399660701267	36.0	36.0	36.0	36.0	36.0
9	35.20643747482737	36.0	36.0	36.0	36.0	36.0
10-14	35.13731203161368	36.0	36.0	36.0	36.0	36.0
15-19	35.08890324769437	36.0	36.0	36.0	36.0	36.0
20-24	35.033435873672644	36.0	36.0	36.0	36.0	36.0
25-29	34.922468998201694	36.0	36.0	36.0	36.0	36.0
30-34	34.82804996948254	36.0	36.0	36.0	36.0	36.0
35-39	34.82695915195107	36.0	36.0	36.0	36.0	36.0
40-44	34.771704187345776	36.0	36.0	36.0	36.0	36.0
45-49	34.67166993185775	36.0	36.0	36.0	32.8	36.0
50-54	34.5513836149763	36.0	36.0	36.0	32.0	36.0
55-59	34.39662046319045	36.0	36.0	36.0	32.0	36.0
60-64	34.24874288643802	36.0	36.0	36.0	32.0	36.0
65-69	34.09883830947443	36.0	36.0	36.0	32.0	36.0
70-74	33.985291199745156	36.0	36.0	36.0	32.0	36.0
75-76	33.319467373609285	36.0	34.0	36.0	23.0	36.0
>>END_MODULE
>>Per sequence quality scores	pass
#Quality	Count
2	63613.0
3	0.0
4	0.0
5	0.0
6	0.0
7	0.0
8	0.0
9	0.0
10	0.0
11	0.0
12	0.0
13	0.0
14	0.0
15	0.0
16	6.0
17	31.0
18	232.0
19	1288.0
20	4822.0
21	11628.0
22	20794.0
23	34065.0
24	55503.0
25	89701.0
26	138738.0
27	202587.0
28	281167.0
29	373526.0
30	482447.0
31	631617.0
32	857522.0
33	1333719.0
34	3073538.0
35	1.4579908E7
>>END_MODULE
>>Per base sequence content	fail
#Base	G	A	T	C
1	41.07604528156435	19.502708878115012	12.978240191944806	26.443005648375838
2	15.517476836056169	19.86233372838538	37.91305812226132	26.70713131329714
3	18.8524557262907	22.056240145305903	28.28146402199198	30.809840106411418
4	13.045288937380665	15.739604214743522	35.84680567642419	35.36830117145162
5	14.706768041746932	35.20504072572754	34.28579894527714	15.802392287248376
6	33.74072124447479	35.33865495174343	16.694365633947385	14.226258169834386
7	29.767264333382325	29.44702114573791	21.03152158652499	19.75419293435477
8	25.56287897999891	35.93962415006937	20.05371526848682	18.443781601444904
9	24.479648275983063	16.5462528276149	20.550259711893457	38.42383918450858
10-14	24.00575468243328	23.339726392625003	28.3231123070046	24.331406617937116
15-19	22.381883986143844	28.355260524866573	26.35760207960123	22.905253409388358
20-24	22.523535886501403	26.98595807953617	27.598066840196626	22.892439193765796
25-29	22.39304007941113	27.07203121457417	27.468538427410493	23.066390278604203
30-34	22.43884677028877	27.05271853927385	27.5841838816539	22.924250808783476
35-39	22.509518404153596	27.245051332572963	27.40355240385814	22.8418778594153
40-44	22.610971251547987	27.13405971988328	27.44471738144324	22.810251647125497
45-49	22.630357410451047	27.22961609721018	27.228195847007058	22.911830645331715
50-54	22.60378135899401	27.33944137167476	27.23158937403526	22.82518789529597
55-59	22.664933655325974	27.220410570386477	27.117871205170303	22.996784569117242
60-64	22.757603760488724	27.227977870763436	27.151441942360748	22.86297642638709
65-69	22.81399133112841	27.362064975251272	27.055834980049553	22.76810871357077
70-74	23.099587746217548	27.575804356520145	27.035361752199037	22.289246145063267
75-76	27.16676468219576	34.848577091788925	28.052633379591548	9.932024846423772
>>END_MODULE
>>Per base GC content	fail
#Base	%GC
1	67.51905092994018
2	42.2246081493533
3	49.66229583270212
4	48.41359010883229
5	30.50916032899531
6	47.96697941430918
7	49.5214572677371
8	44.00666058144381
9	62.90348746049163
10-14	48.3371613003704
15-19	45.2871373955322
20-24	45.4159750802672
25-29	45.45943035801533
30-34	45.363097579072246
35-39	45.3513962635689
40-44	45.42122289867348
45-49	45.542188055782766
50-54	45.42896925428998
55-59	45.66171822444322
60-64	45.620580186875806
65-69	45.582100044699175
70-74	45.38883389128081
75-76	37.09878952861953
>>END_MODULE
>>Per sequence GC content	warn
#GC Content	Count
0	63628.0
1	31827.0
2	37.0
3	72.5
4	97.5
5	148.0
6	298.5
7	541.0
8	704.0
9	933.5
10	1552.0
11	2571.0
12	3238.5
13	4259.5
14	6842.0
15	10898.0
16	17108.5
17	22094.0
18	29728.5
19	44298.5
20	62433.5
21	76217.5
22	96399.5
23	130671.5
24	166682.0
25	191816.5
26	224558.0
27	277161.5
28	330699.5
29	368646.0
30	414219.5
31	485345.0
32	557118.5
33	607819.5
34	671367.0
35	765361.5
36	846949.5
37	897251.0
38	937413.5
39	976675.0
40	988346.0
41	987865.0
42	996279.0
43	1000800.0
44	992679.0
45	978710.0
46	969882.5
47	955577.0
48	930832.5
49	903947.5
50	884066.5
51	863562.5
52	831194.0
53	800344.0
54	783346.0
55	764388.5
56	735600.0
57	703964.5
58	673912.0
59	635479.5
60	582543.0
61	521439.5
62	472323.5
63	426864.5
64	367466.0
65	313497.0
66	260773.0
67	221672.5
68	190820.5
69	154567.5
70	120724.5
71	97882.0
72	81418.0
73	64573.0
74	49749.5
75	39557.5
76	33065.5
77	26349.5
78	19852.5
79	15696.0
80	13231.0
81	10418.0
82	7432.5
83	5494.0
84	4387.5
85	3290.5
86	2336.5
87	1790.0
88	1465.5
89	1102.0
90	744.0
91	541.5
92	491.5
93	501.0
94	417.5
95	252.5
96	186.0
97	165.5
98	122.5
99	66.0
100	35.0
>>END_MODULE
>>Per base N content	pass
#Base	N-Count
1	0.31515819160358854
2	0.2871231435662488
3	0.28621022814251124
4	0.28610679437528974
5	0.2860753145330919
6	0.3182342218983496
7	0.2860843087737198
8	0.2860753145330919
9	0.2860753145330919
10-14	0.2867372906433095
15-19	0.2862983717006652
20-24	0.2867291958267443
25-29	0.2889174945715261
30-34	0.29094479640906745
35-39	0.07222521946664046
40-44	0.007890449622035958
45-49	0.002999552472692461
50-54	0.0028676370094882692
55-59	0.004268821552472196
60-64	0.0019973563986943324
65-69	0.0024966519398156683
70-74	0.006193035610202274
75-76	0.02124413206109365
>>END_MODULE
>>Sequence Length Distribution	warn
#Length	Count
35	84863.0
36	30301.0
37	38729.0
38	41346.0
39	44551.0
40	44235.0
41	46868.0
42	49605.0
43	54419.0
44	58157.0
45	62272.0
46	62828.0
47	65192.0
48	66144.0
49	68526.0
50	67669.0
51	70178.0
52	71341.0
53	73969.0
54	77430.0
55	79564.0
56	81497.0
57	82398.0
58	83119.0
59	83703.0
60	85689.0
61	83647.0
62	86208.0
63	86294.0
64	91256.0
65	92351.0
66	93891.0
67	96158.0
68	94775.0
69	100906.0
70	102958.0
71	119245.0
72	201767.0
73	545007.0
74	1435273.0
75	4434722.0
76	1.2897401E7
>>END_MODULE
>>Sequence Duplication Levels	warn
#Total Duplicate Percentage	33.424800090321376
#Duplication Level	Relative count
1	100.0
2	22.114654377880186
3	8.920921658986176
4	4.617880184331797
5	2.622672811059908
6	1.6833179723502305
7	1.1428571428571428
8	0.8117972350230415
9	0.623778801843318
10++	4.927557603686636
>>END_MODULE
>>Overrepresented sequences	warn
#Sequence	Count	Percentage	Possible Source
NNNNNNNNNNNNNNNNNNNNNNNNNNNNNNNNNNN	63613	0.2860753145330919	No Hit
>>END_MODULE
>>Kmer Content	warn
#Sequence	Count	Obs/Exp Overall	Obs/Exp Max	Max Obs/Exp Position
AAAAA	7613915	3.4807246	6.4348335	72
TTTTT	7286070	3.2636693	5.755429	72
CCTGG	3497335	3.0208156	11.332242	3
CCAGG	3385580	2.9362288	12.159868	3
CCCAG	3193205	2.7677538	10.276447	2
CTGGG	3132895	2.7076283	9.179732	4
CAGCA	3530670	2.608327	7.0978904	4
CCAGC	2958710	2.564502	6.4681444	3
GGAGG	2933850	2.5474582	5.735511	6
TGCTG	3459930	2.5368154	6.546298	2
GCTGG	2855255	2.4676757	5.4480443	3
TCCAG	3295610	2.4247723	9.819111	2
AGGAG	3184775	2.3555698	7.1804733	5
CAGGA	3143695	2.3238146	9.953139	4
CAGCC	2678145	2.3213184	5.300068	9
AGCAG	3131630	2.3148963	5.2386503	7
CTCCA	3143380	2.3114042	7.218158	1
CTCCT	3155650	2.31099	6.6990438	1
CTGCT	3139405	2.3004496	6.4327583	9
CTGGA	3098065	2.2807717	8.744324	4
GGCTG	2621350	2.2655215	7.615366	7
TCCTG	3083105	2.2591949	9.284554	2
CAGAG	3015650	2.2291641	7.1800804	4
GCTGC	2569520	2.2194176	5.370322	8
GGCAG	2551860	2.21447	5.732145	7
CCTGC	2550640	2.2018108	6.156319	3
GCAGG	2530730	2.1961336	6.198061	3
CTGCA	2947570	2.168699	6.3547406	4
CTCTG	2959345	2.1685078	6.858836	2
CTGCC	2508570	2.1654947	5.553502	9
CCCTG	2506215	2.1634617	8.2112	2
TGCAG	2924405	2.1529245	6.4433823	2
CACAG	2871715	2.1215158	7.5058374	7
CAGGG	2441110	2.1183627	8.5095625	4
GCCTG	2442640	2.1098254	6.3298492	7
TGGAG	2863440	2.1092863	6.400465	5
CTGTG	2822620	2.0695407	8.869312	9
AGCTG	2778570	2.045562	5.5687337	7
CAGGC	2315910	2.0085306	5.6086845	4
GGAGA	2712190	2.0060298	5.631316	6
CTCAG	2650225	1.949925	5.75991	2
CAGAA	3088610	1.9447881	5.398106	4
CCCCA	2244205	1.9440483	6.1138783	1
CTGAG	2622875	1.9309405	5.356475	4
CAGTG	2571950	1.8934499	6.4671645	9
TTCTG	3032900	1.8865049	5.1440578	2
CACTG	2532065	1.8629878	7.6399612	7
CCAGA	2518375	1.8604814	6.5054283	3
CCTCT	2522820	1.847547	5.02859	1
TCCCA	2510490	1.8460246	5.0838566	2
TGGGG	2121970	1.8350106	5.0739684	5
GGCCA	2100900	1.822058	5.297447	1
TCTGG	2465885	1.8079832	5.852441	3
GAGAG	2363025	1.7477751	5.6428657	7
ACACA	2758950	1.7361885	6.8543596	6
CACAC	2340055	1.727726	6.924085	5
ACAGA	2714715	1.7093599	5.968637	8
GTGTG	2309225	1.6941192	6.6253324	9
CCTGA	2295850	1.6891906	5.273902	3
GCCCA	1935190	1.6773523	6.103991	1
TCAGG	2236725	1.6466599	5.456582	3
TGTGT	2636840	1.641118	6.269891	10
CCTGT	2214370	1.6226153	5.184494	8
TGGGC	1851030	1.5997666	5.578104	5
ACAGG	2149695	1.5890514	5.189864	8
ACAGC	2080920	1.5373061	5.898428	8
GCTGT	2053285	1.5054654	5.198964	8
CTGTC	2014525	1.4761757	5.7208233	9
GACAG	1980115	1.463698	6.9237623	7
GCCCT	1645915	1.4208175	5.058656	1
GGGCT	1638870	1.4164058	5.261788	6
AGACA	2227120	1.4023384	5.3260355	6
AGGGC	1581340	1.3722658	5.0814757	5
GTCCT	1813770	1.3290693	8.760796	1
GGACA	1779930	1.3157218	6.211613	6
AGGAC	1725595	1.2755573	8.85905	5
GTGCT	1720510	1.2614753	5.4261866	1
TGTGC	1717135	1.2590008	6.1203175	10
ACTGC	1699035	1.250079	5.3237433	8
AGCAC	1673030	1.2359722	5.6519823	5
GTCCA	1638300	1.2053928	6.6361823	1
GTGCA	1538455	1.1325989	5.4366274	1
ACAGT	1790110	1.1225848	5.6832156	8
GTCTT	1804620	1.1224982	5.008562	1
TGGAC	1524295	1.1221744	5.9532475	5
TGCAC	1502100	1.1051825	5.2392716	5
ACTGT	1768370	1.1044418	6.4591537	8
GACTG	1430065	1.0528029	5.906881	7
GGACC	1176655	1.0204835	5.3182664	6
ACACT	1599390	1.0023922	5.158352	6
CTACA	1548445	0.9704632	5.2832136	4
TGTAG	1533275	0.95817727	5.5851827	2
GGACT	1296240	0.9542821	5.2120934	6
TAGGA	1327855	0.83319414	5.7924514	4
TCCTA	1316435	0.82169944	5.5732	2
GTGTA	1123325	0.7019905	5.6300063	1
TACAC	1097510	0.68784684	5.137496	5
>>END_MODULE
