##FastQC	0.10.1
>>Basic Statistics	pass
#Measure	Value	
Filename	KS28_S3_L003_R1_001_trimmed.fq.gz	
File type	Conventional base calls	
Encoding	Sanger / Illumina 1.9	
Total Sequences	23383402	
Filtered Sequences	0	
Sequence length	20-50	
%GC	44	
>>END_MODULE
>>Per base sequence quality	pass
#Base	Mean	Median	Lower Quartile	Upper Quartile	10th Percentile	90th Percentile
1	35.26516795973486	36.0	36.0	36.0	36.0	36.0
2	35.25570158696326	36.0	36.0	36.0	36.0	36.0
3	35.243656504729294	36.0	36.0	36.0	36.0	36.0
4	35.22880691184285	36.0	36.0	36.0	36.0	36.0
5	35.21530665212872	36.0	36.0	36.0	36.0	36.0
6	35.17569958383301	36.0	36.0	36.0	36.0	36.0
7	35.15813909370416	36.0	36.0	36.0	36.0	36.0
8	35.15218747896478	36.0	36.0	36.0	36.0	36.0
9	35.13763296717903	36.0	36.0	36.0	36.0	36.0
10	35.12031110785334	36.0	36.0	36.0	36.0	36.0
11	35.11593291686128	36.0	36.0	36.0	36.0	36.0
12	35.09830571274445	36.0	36.0	36.0	36.0	36.0
13	35.096811062821395	36.0	36.0	36.0	36.0	36.0
14	35.079819908155365	36.0	36.0	36.0	36.0	36.0
15	35.051923582376936	36.0	36.0	36.0	36.0	36.0
16	35.05658740332138	36.0	36.0	36.0	36.0	36.0
17	35.0395844881767	36.0	36.0	36.0	36.0	36.0
18	35.03001671869645	36.0	36.0	36.0	36.0	36.0
19	35.01744947121039	36.0	36.0	36.0	36.0	36.0
20	34.99900266864505	36.0	36.0	36.0	36.0	36.0
21	34.99012664110906	36.0	36.0	36.0	36.0	36.0
22	34.98220960890459	36.0	36.0	36.0	36.0	36.0
23	34.96984614624989	36.0	36.0	36.0	36.0	36.0
24	34.96023487687366	36.0	36.0	36.0	36.0	36.0
25	34.94727780915331	36.0	36.0	36.0	36.0	36.0
26	34.933461185143486	36.0	36.0	36.0	36.0	36.0
27	34.91910168250777	36.0	36.0	36.0	36.0	36.0
28	34.88881135164733	36.0	36.0	36.0	36.0	36.0
29	34.89201294484659	36.0	36.0	36.0	36.0	36.0
30	34.870749252797204	36.0	36.0	36.0	36.0	36.0
31	34.85257922205255	36.0	36.0	36.0	36.0	36.0
32	34.83317177024843	36.0	36.0	36.0	36.0	36.0
33	34.826783555541624	36.0	36.0	36.0	36.0	36.0
34	34.80152825355752	36.0	36.0	36.0	36.0	36.0
35	34.77205367747379	36.0	36.0	36.0	36.0	36.0
36	34.75941863550721	36.0	36.0	36.0	36.0	36.0
37	34.73862995594695	36.0	36.0	36.0	36.0	36.0
38	34.72013374188595	36.0	36.0	36.0	32.0	36.0
39	34.69799186399023	36.0	36.0	36.0	32.0	36.0
40	34.685002328877765	36.0	36.0	36.0	32.0	36.0
41	34.66567686587953	36.0	36.0	36.0	32.0	36.0
42	34.64653124972297	36.0	36.0	36.0	32.0	36.0
43	34.6183248363367	36.0	36.0	36.0	32.0	36.0
44	34.596457395078055	36.0	36.0	36.0	32.0	36.0
45	34.576991231869016	36.0	36.0	36.0	32.0	36.0
46	34.571993471700935	36.0	36.0	36.0	32.0	36.0
47	34.58178120504888	36.0	36.0	36.0	32.0	36.0
48	34.60965926370155	36.0	36.0	36.0	32.0	36.0
49	34.66687769589225	36.0	36.0	36.0	32.0	36.0
50	34.765815636986765	36.0	36.0	36.0	32.0	36.0
>>END_MODULE
>>Per sequence quality scores	pass
#Quality	Count
7	1.0
8	1.0
9	0.0
10	5.0
11	5.0
12	15.0
13	25.0
14	44.0
15	93.0
16	221.0
17	553.0
18	1255.0
19	3060.0
20	6534.0
21	12637.0
22	21872.0
23	35066.0
24	55009.0
25	82398.0
26	120519.0
27	168878.0
28	230120.0
29	303328.0
30	396963.0
31	522328.0
32	717871.0
33	1097835.0
34	2219210.0
35	1.0819944E7
36	6567612.0
>>END_MODULE
>>Per base sequence content	pass
#Base	G	A	T	C
1	22.244517713889536	27.169194627881776	27.722813814687868	22.863473843540817
2	22.111553180007228	27.071436186775372	28.00849651543052	22.808514117786878
3	22.171136603647323	27.156223889064556	27.776890633792295	22.895748873495826
4	22.215394955412954	27.018541089965638	28.015378114378	22.750685840243413
5	22.380656786732803	27.00556834138866	27.679700946218173	22.934073925660364
6	21.97108042984151	27.304844050026233	27.84551379128234	22.878561728849917
7	21.93981998177571	27.292661269515555	27.95674837832506	22.810770370383675
8	22.11623413477006	27.16033622700057	27.970719575577796	22.752710062651577
9	21.803632707833273	27.374992719068786	28.107315409255907	22.714059163842034
10	22.030087123882083	27.436573008129916	27.899092273172855	22.634247594815147
11	22.318037079092274	27.48179679043941	27.709237210710235	22.490928919758076
12	21.827847017593445	27.52489754886291	28.057274777084785	22.589980656458863
13	21.913622643478288	27.314598053798107	28.167620209229106	22.6041590934945
14	21.934229186953544	27.075088409758536	28.350321313324084	22.64036108996384
15	21.878582854108107	27.317082706195738	28.159468863719926	22.644865575976226
16	21.989313282930198	27.74976700695284	27.965379662341412	22.29554004777555
17	22.109745330465486	27.509157903938707	27.818224866080676	22.56287189951513
18	21.986785617266506	27.780478254354158	27.828351246288708	22.404384882090625
19	21.979839320527415	27.66811351356946	28.021845811450497	22.330201354452626
20	21.980488841023263	27.431044992332758	28.027768449741032	22.560697716902947
21	22.001310995844975	27.594125752542944	28.029995920471272	22.374567331140806
22	21.898576283882612	27.619012413906063	28.08397973165348	22.398431570557843
23	22.042261974168856	27.37421378255472	27.968043733238225	22.615480510038203
24	21.94815452169736	27.718079020402044	28.018935361252616	22.31483109664798
25	21.9621701132353	27.677928824777474	27.943548002738027	22.416353059249193
26	22.083977695237575	27.774039232551434	27.81936157335859	22.322621498852396
27	21.908732069064836	27.819944626457417	27.965312219446055	22.306011085031695
28	21.868503795602898	27.703452454728172	27.9513994011272	22.476644348541726
29	21.992717700229303	27.6015193832995	28.03414755136603	22.371615365105168
30	21.99405006263989	27.700413021589736	27.9502089139645	22.355328001805873
31	22.05422010847754	27.71924141925057	27.88630274266206	22.34023572960983
32	22.031157875287533	27.65164333186626	27.91091168345499	22.40628710939122
33	21.93859755161928	27.615843987515287	28.041953536671155	22.403604924194273
34	22.091534600441804	27.83457583941029	27.90144977205281	22.172439788095097
35	22.066843421092386	27.698837442303613	27.83997675995906	22.39434237664494
36	22.172477872894454	27.839755139810364	27.76738281984308	22.2203841674521
37	21.94802996279397	27.747008419619455	27.941994762435428	22.362966855151143
38	21.92930384456279	27.572978342867334	28.000811657529347	22.496906155040534
39	21.855582837646434	27.743716757909727	28.020591296937823	22.380109107506012
40	22.013917161568212	27.76370234993498	27.96272695142557	22.259653537071234
41	22.161425657251506	27.803633695847747	27.798012875839767	22.236927771060977
42	22.065281508400485	27.904658450518777	27.79050578465968	22.23955425642106
43	22.060068762974655	27.88270793559495	27.82922356922612	22.227999732204275
44	22.10474253585729	27.62971154671292	27.84320629052607	22.422339626903717
45	21.920511524333364	27.712257899103328	28.008028229124577	22.359202347438732
46	22.004830530831136	27.82668454266836	27.796879768193243	22.37160515830726
47	21.9772490208451	27.85088606849761	27.894292662915003	22.277572247742285
48	21.985259610887258	28.2084555202912	27.978764931748973	21.827519937072573
49	22.057477964345487	28.556892755437236	28.105251031118595	21.280378249098682
50	21.753861797850274	28.515140619209316	28.29466759664241	21.436329986298
>>END_MODULE
>>Per base GC content	pass
#Base	%GC
1	45.10799155743035
2	44.920067297794105
3	45.066885477143146
4	44.96608079565637
5	45.31473071239317
6	44.849642158691424
7	44.750590352159385
8	44.86894419742164
9	44.51769187167531
10	44.664334718697226
11	44.808965998850354
12	44.417827674052305
13	44.517781736972786
14	44.574590276917384
15	44.523448430084336
16	44.28485333070575
17	44.67261722998062
18	44.39117049935713
19	44.31004067498004
20	44.54118655792621
21	44.375878326985784
22	44.29700785444046
23	44.657742484207056
24	44.26298561834534
25	44.3785231724845
26	44.40659919408997
27	44.21474315409653
28	44.34514814414462
29	44.36433306533447
30	44.34937806444576
31	44.394455838087374
32	44.437444984678756
33	44.34220247581355
34	44.263974388536894
35	44.46118579773732
36	44.39286204034656
37	44.31099681794512
38	44.42620999960333
39	44.23569194515245
40	44.273570698639446
41	44.39835342831249
42	44.30483576482154
43	44.288068495178926
44	44.52708216276101
45	44.279713871772096
46	44.3764356891384
47	44.254821268587385
48	43.812779547959835
49	43.33785621344417
50	43.190191784148276
>>END_MODULE
>>Per sequence GC content	warn
#GC Content	Count
0	5053.0
1	4848.5
2	3939.5
3	3459.0
4	3768.0
5	4596.0
6	5494.5
7	6899.5
8	8389.0
9	11263.0
10	14354.5
11	19928.5
12	25743.0
13	35433.5
14	46728.5
15	64465.5
16	83298.5
17	110503.0
18	139466.0
19	177420.5
20	216502.5
21	265238.0
22	315408.5
23	374197.0
24	435713.0
25	493364.5
26	558519.5
27	631563.0
28	707741.0
29	786329.5
30	865607.0
31	946613.5
32	1030605.5
33	1110871.5
34	1192787.0
35	1263450.0
36	1328294.0
37	1381433.5
38	1423685.5
39	1446527.0
40	1466162.0
41	1471573.5
42	1473318.0
43	1457733.5
44	1435763.0
45	1398912.5
46	1361601.5
47	1324211.5
48	1285596.5
49	1246740.0
50	1209159.0
51	1173673.5
52	1135681.5
53	1101600.5
54	1069418.0
55	1033649.0
56	994020.5
57	948789.5
58	900844.5
59	844340.0
60	785673.0
61	720386.5
62	654106.0
63	598563.5
64	533138.5
65	471851.0
66	412763.5
67	359207.0
68	307046.5
69	260933.5
70	220504.0
71	185801.5
72	154342.0
73	126805.5
74	101722.5
75	83736.5
76	70295.5
77	57621.0
78	46068.0
79	37024.5
80	29287.5
81	23554.0
82	18554.5
83	15037.5
84	11854.0
85	9235.5
86	7081.0
87	5524.0
88	4395.0
89	3394.5
90	2497.0
91	1995.5
92	1607.5
93	1358.5
94	1123.0
95	972.5
96	851.0
97	768.5
98	713.0
99	827.0
100	934.0
>>END_MODULE
>>Per base N content	pass
#Base	N-Count
1	0.0
2	7.22734869802093E-4
3	0.0
4	1.7533804533660243E-4
5	0.0013556624480903163
6	0.002356372267816291
7	0.0013898747496194097
8	0.0011589417142980308
9	0.0017277212272192046
10	0.0016079781718673783
11	0.002459009172403571
12	0.012778294621116295
13	0.001804698905659664
14	0.00464004339488326
15	0.02007406792219541
16	0.0031218725145297508
17	0.006047024295267216
18	0.002985023308413378
19	0.010451858117137959
20	0.017375572639088187
21	0.005888691743249616
22	0.014621253641019787
23	0.019000216575895238
24	0.00934686075879866
25	0.01442916881590875
26	0.0072745938312389615
27	0.011934753412726611
28	0.03741446945089843
29	0.01293640044097526
30	0.011781477619031965
31	0.026159126349962293
32	0.02748712781306885
33	0.010130419189819292
34	0.03005669940162287
35	0.017799320795973822
36	0.01155580812126028
37	0.024100864336722063
38	0.020404968457283276
39	0.014129199988721083
40	0.006532138141517504
41	0.02045069494693945
42	0.007978507008051973
43	0.011958763158652852
44	0.02884649101623674
45	0.012769101274663014
46	0.016701132517579376
47	0.011956309804541926
48	0.004685844484900588
49	0.004598945466313345
50	0.006374427353920022
>>END_MODULE
>>Sequence Length Distribution	warn
#Length	Count
20	16582.0
21	17249.0
22	18258.0
23	18673.0
24	19545.0
25	20318.0
26	21354.0
27	22442.0
28	23144.0
29	25383.0
30	26011.0
31	27254.0
32	28441.0
33	29016.0
34	29527.0
35	30131.0
36	31645.0
37	33037.0
38	35390.0
39	38471.0
40	41011.0
41	44302.0
42	49753.0
43	64730.0
44	109458.0
45	216487.0
46	599950.0
47	1322627.0
48	2680015.0
49	3608595.0
50	1.4134603E7
>>END_MODULE
>>Sequence Duplication Levels	warn
#Total Duplicate Percentage	36.056514696586596
#Duplication Level	Relative count
1	100.0
2	22.963632291497724
3	10.454654278940092
4	5.606141346740499
5	3.4985287643937815
6	2.38255214970305
7	1.6534989149154715
8	1.1746715785083757
9	0.9005043133075384
10++	5.8262474610566635
>>END_MODULE
>>Overrepresented sequences	pass
>>END_MODULE
>>Kmer Content	warn
#Sequence	Count	Obs/Exp Overall	Obs/Exp Max	Max Obs/Exp Position
AAAAA	6722930	4.0138826	4.838037	46
TTTTT	6134290	3.4383914	3.9150577	46
CCTGG	2187735	3.0631747	3.7701368	9
>>END_MODULE
