##FastQC	0.10.1
>>Basic Statistics	pass
#Measure	Value	
Filename	KS30_S4_L004_R2_001_trimmed.fq.gz	
File type	Conventional base calls	
Encoding	Sanger / Illumina 1.9	
Total Sequences	24970817	
Filtered Sequences	0	
Sequence length	20-50	
%GC	44	
>>END_MODULE
>>Per base sequence quality	pass
#Base	Mean	Median	Lower Quartile	Upper Quartile	10th Percentile	90th Percentile
1	34.86444976950494	36.0	36.0	36.0	36.0	36.0
2	34.85848288424043	36.0	36.0	36.0	36.0	36.0
3	34.84648527919611	36.0	36.0	36.0	36.0	36.0
4	34.83233700363108	36.0	36.0	36.0	36.0	36.0
5	34.815781998642656	36.0	36.0	36.0	36.0	36.0
6	34.79397786624282	36.0	36.0	36.0	36.0	36.0
7	34.78936652333002	36.0	36.0	36.0	32.0	36.0
8	34.786125940532905	36.0	36.0	36.0	36.0	36.0
9	34.76411128238215	36.0	36.0	36.0	32.0	36.0
10	34.741095815967896	36.0	36.0	36.0	32.0	36.0
11	34.73141523563286	36.0	36.0	36.0	32.0	36.0
12	34.71935227429683	36.0	36.0	36.0	32.0	36.0
13	34.696989009210235	36.0	36.0	36.0	32.0	36.0
14	34.68640833818132	36.0	36.0	36.0	32.0	36.0
15	34.664068540488685	36.0	36.0	36.0	32.0	36.0
16	34.652165405721405	36.0	36.0	36.0	32.0	36.0
17	34.63865615610414	36.0	36.0	36.0	32.0	36.0
18	34.62072762777446	36.0	36.0	36.0	32.0	36.0
19	34.60614680729109	36.0	36.0	36.0	32.0	36.0
20	34.5921668081585	36.0	36.0	36.0	32.0	36.0
21	34.582017177735885	36.0	36.0	36.0	32.0	36.0
22	34.5683681484346	36.0	36.0	36.0	32.0	36.0
23	34.550370158452914	36.0	36.0	36.0	32.0	36.0
24	34.53127849302422	36.0	36.0	36.0	32.0	36.0
25	34.50785936221588	36.0	36.0	36.0	32.0	36.0
26	34.48416159917044	36.0	36.0	36.0	32.0	36.0
27	34.468310685509664	36.0	36.0	36.0	32.0	36.0
28	34.44551883883226	36.0	36.0	36.0	32.0	36.0
29	34.420851557391956	36.0	36.0	36.0	32.0	36.0
30	34.409618631105474	36.0	36.0	36.0	32.0	36.0
31	34.3836541733787	36.0	36.0	36.0	32.0	36.0
32	34.36233791543733	36.0	36.0	36.0	32.0	36.0
33	34.33443722602811	36.0	36.0	36.0	32.0	36.0
34	34.300036585301335	36.0	36.0	36.0	32.0	36.0
35	34.27408018225418	36.0	36.0	36.0	32.0	36.0
36	34.258150137846926	36.0	36.0	36.0	32.0	36.0
37	34.24274166691029	36.0	36.0	36.0	32.0	36.0
38	34.21697633867957	36.0	36.0	36.0	32.0	36.0
39	34.18218067601101	36.0	36.0	36.0	32.0	36.0
40	34.16855080018522	36.0	36.0	36.0	32.0	36.0
41	34.141363507935075	36.0	36.0	36.0	32.0	36.0
42	34.12958691630133	36.0	36.0	36.0	32.0	36.0
43	34.108697413882815	36.0	36.0	36.0	32.0	36.0
44	34.08637960829266	36.0	36.0	36.0	32.0	36.0
45	34.06233727308058	36.0	36.0	36.0	32.0	36.0
46	34.06859618191537	36.0	36.0	36.0	32.0	36.0
47	34.06367017178875	36.0	36.0	36.0	32.0	36.0
48	34.08613812685756	36.0	36.0	36.0	32.0	36.0
49	34.16595162584978	36.0	36.0	36.0	32.0	36.0
50	34.32715986530313	36.0	36.0	36.0	32.0	36.0
>>END_MODULE
>>Per sequence quality scores	pass
#Quality	Count
14	1373.0
15	2973.0
16	5192.0
17	8972.0
18	13913.0
19	22008.0
20	32845.0
21	47062.0
22	65920.0
23	90643.0
24	122258.0
25	162781.0
26	213869.0
27	274026.0
28	348397.0
29	435074.0
30	552205.0
31	712248.0
32	970654.0
33	1456372.0
34	2814693.0
35	1.1312682E7
36	5304657.0
>>END_MODULE
>>Per base sequence content	pass
#Base	G	A	T	C
1	22.489440373536837	26.93812941723132	27.50787048737732	23.064559721854515
2	22.391806403450875	26.833026728761016	27.78844200412025	22.986724863667856
3	22.40979940704383	26.92762916007113	27.581244137907063	23.081327294977974
4	22.451003505411936	26.747370740813164	27.868795802716427	22.93282995105847
5	22.655346038537704	26.758231418699673	27.42645144530113	23.159971097461487
6	22.18406390147347	27.046600037155372	27.662943507214845	23.10639255415632
7	22.22159971778256	27.108788631144908	27.74640092873213	22.923210722340404
8	22.38488632550549	26.94781272074518	27.72406685772436	22.943234096024973
9	22.061428747004953	27.1576937190321	27.896660329535873	22.88421720442707
10	22.275618775308796	27.244743333788396	27.688056822490033	22.791581068412782
11	22.599777171888288	27.258691615897067	27.458200506615384	22.68333070559926
12	22.081584274955844	27.37334545361491	27.795021684713	22.750048586716247
13	22.185741860188234	27.17032446315233	27.934300267388128	22.70963340927131
14	22.215188233528764	26.89042973643994	28.067483735113676	22.826898294917623
15	22.12036154043338	27.14919980391511	27.933871767191278	22.796566888460237
16	22.279763613661498	27.5318544843767	27.740914524342557	22.447467377619244
17	22.40694407395641	27.281666434862746	27.563927924344643	22.7474615668362
18	22.267313079904433	27.615119681506616	27.578332739373323	22.539234499215624
19	22.300015253806073	27.45043143762577	27.80414433376369	22.44540897480447
20	22.281493633147846	27.233678417490303	27.775046367125274	22.709781582236577
21	22.29540881602971	27.363878593586655	27.829925753180778	22.510786837202858
22	22.193182894012647	27.441695804055538	27.843194046184433	22.52192725574738
23	22.3258016753748	27.210957694025765	27.704840919699457	22.758399710899972
24	22.21725012851125	27.551875741778193	27.7772517200814	22.45362240962916
25	22.250764082588546	27.50713008974513	27.68331494830743	22.558790879358895
26	22.420172083706497	27.579751397415937	27.518254383706086	22.481822135171484
27	22.17260016706522	27.691243573937808	27.710668262087506	22.425487996909467
28	22.13432415798257	27.56893460705853	27.660955590975085	22.63578564398382
29	22.306967094875887	27.444705880070842	27.756866025936322	22.491460999116953
30	22.265703020424812	27.555375533927783	27.69730846984674	22.48161297580067
31	22.337048152728674	27.580332849557408	27.64737050519002	22.435248492523893
32	22.334369902507532	27.543920221327717	27.59446985834862	22.52724001781613
33	22.23162111717549	27.493250918881156	27.745306282070224	22.529821681873127
34	22.379029419221567	27.747432008923724	27.615525515907684	22.258013055947025
35	22.349365023702074	27.57505439894122	27.531060829485426	22.54451974787128
36	22.43354019726661	27.732824386036537	27.479304592000496	22.35433082469636
37	22.191329207616665	27.62955150361867	27.62906084985729	22.55005843890737
38	22.205725641501296	27.42905062883361	27.711792592652056	22.653431137013037
39	22.115530762496007	27.621148758466717	27.742821121314375	22.5204993577229
40	22.2799693137542	27.606104421554477	27.701881756970952	22.412044507720367
41	22.457507012991574	27.66563213220285	27.542478565251056	22.334382289554522
42	22.38390952409352	27.75795263188414	27.501359230101674	22.356778613920664
43	22.338373421356916	27.785269466627227	27.554249385988637	22.32210772602722
44	22.388004508484862	27.531715060333	27.496771685013183	22.583508746168953
45	22.221740362392573	27.603499104534535	27.703022656575687	22.471737876497208
46	22.26134035902822	27.696365850808352	27.51646784495771	22.525825945205714
47	22.250539516560814	27.713759387570768	27.577581294451907	22.45811980141651
48	22.27869009099225	28.093596967318234	27.691239595989884	21.936473345699625
49	22.36418274630972	28.38442032930003	27.85919663131046	21.392200293079792
50	22.12716710067361	28.315435590745864	28.026629483595144	21.530767824985382
>>END_MODULE
>>Per base GC content	pass
#Base	%GC
1	45.55400009539135
2	45.37853126711873
3	45.49112670202181
4	45.383833456470406
5	45.815317135999194
6	45.29045645562979
7	45.14481044012296
8	45.32812042153046
9	44.94564595143203
10	45.067199843721575
11	45.28310787748755
12	44.83163286167209
13	44.89537526945955
14	45.04208652844638
15	44.91692842889361
16	44.72723099128074
17	45.15440564079261
18	44.80654757912006
19	44.745424228610545
20	44.99127521538443
21	44.806195653232564
22	44.71511014976003
23	45.08420138627478
24	44.67087253814041
25	44.80955496194744
26	44.90199421887798
27	44.59808816397469
28	44.770109801966385
29	44.79842809399284
30	44.74731599622548
31	44.77229664525257
32	44.86160992032366
33	44.761442799048616
34	44.63704247516859
35	44.893884771573354
36	44.787871021962964
37	44.74138764652403
38	44.85915677851433
39	44.63603012021891
40	44.69201382147457
41	44.791889302546096
42	44.740688138014185
43	44.66048114738413
44	44.971513254653814
45	44.69347823888978
46	44.787166304233935
47	44.70865931797733
48	44.21516343669188
49	43.756383039389505
50	43.65793492565899
>>END_MODULE
>>Per sequence GC content	warn
#GC Content	Count
0	10519.0
1	8948.0
2	6728.5
3	6617.0
4	7297.0
5	8362.5
6	9511.5
7	11131.5
8	12770.5
9	15794.5
10	19252.0
11	25285.0
12	31367.5
13	41321.0
14	52881.5
15	70985.0
16	90525.0
17	118467.0
18	148181.5
19	187557.0
20	228248.5
21	277013.5
22	327306.0
23	387657.5
24	450723.5
25	507839.0
26	573950.0
27	649775.0
28	729078.0
29	810931.5
30	894208.0
31	979191.5
32	1066527.5
33	1151431.5
34	1237473.5
35	1312570.0
36	1382993.5
37	1438890.0
38	1482229.0
39	1509447.0
40	1531225.0
41	1535746.5
42	1536724.5
43	1522264.5
44	1503532.5
45	1472946.0
46	1439571.0
47	1402837.5
48	1364537.0
49	1327282.5
50	1292913.0
51	1262068.5
52	1228923.5
53	1197746.0
54	1167741.0
55	1136142.5
56	1100401.0
57	1056246.0
58	1008389.5
59	948036.5
60	886459.0
61	818584.5
62	747690.5
63	687090.5
64	615185.0
65	545838.5
66	479522.5
67	418701.0
68	358357.0
69	305365.5
70	258602.0
71	217276.0
72	180531.0
73	149163.0
74	120492.0
75	99289.5
76	83552.0
77	68463.0
78	54651.5
79	44334.5
80	35403.5
81	28680.5
82	23060.5
83	18723.0
84	14950.0
85	12094.5
86	9475.5
87	7497.5
88	6113.0
89	4940.5
90	3896.5
91	3260.5
92	2788.5
93	2486.5
94	2211.5
95	2122.0
96	2040.0
97	2181.5
98	3072.0
99	12130.0
100	20461.0
>>END_MODULE
>>Per base N content	pass
#Base	N-Count
1	0.0
2	0.0
3	0.0
4	0.0
5	0.0
6	0.0
7	0.0
8	0.0
9	0.0
10	0.0
11	0.0
12	0.0
13	0.0
14	0.0
15	0.0
16	0.0
17	0.0
18	0.0
19	0.0
20	0.0
21	0.0
22	0.0
23	0.0
24	0.0
25	0.0
26	0.0
27	0.0
28	0.0
29	0.0
30	0.0
31	0.0
32	0.0
33	0.0
34	0.0
35	0.0
36	0.0
37	0.0
38	0.0
39	0.0
40	0.0
41	0.0
42	0.0
43	0.0
44	0.0
45	0.0
46	0.0
47	0.0
48	0.0
49	0.0
50	0.0
>>END_MODULE
>>Sequence Length Distribution	warn
#Length	Count
20	21196.0
21	21741.0
22	23005.0
23	23785.0
24	24811.0
25	25805.0
26	26987.0
27	28703.0
28	29793.0
29	31911.0
30	32921.0
31	35076.0
32	35807.0
33	36566.0
34	37306.0
35	38303.0
36	39936.0
37	42678.0
38	44943.0
39	48550.0
40	52107.0
41	56651.0
42	63253.0
43	81474.0
44	132471.0
45	256621.0
46	679123.0
47	1471417.0
48	3010053.0
49	4061066.0
50	1.4456758E7
>>END_MODULE
>>Sequence Duplication Levels	warn
#Total Duplicate Percentage	37.20794652253178
#Duplication Level	Relative count
1	100.0
2	23.61105647045864
3	11.112335061726453
4	6.197823640955836
5	3.8759018986096794
6	2.5532484086456373
7	1.798682854287805
8	1.272296664647148
9	0.9662215857679023
10++	5.977512530194424
>>END_MODULE
>>Overrepresented sequences	pass
>>END_MODULE
>>Kmer Content	warn
#Sequence	Count	Obs/Exp Overall	Obs/Exp Max	Max Obs/Exp Position
AAAAA	7927975	4.586544	5.754829	46
TTTTT	6535820	3.6008456	4.100648	46
CCTGG	2393280	3.0555408	3.7141664	9
GGGGG	1857460	3.022799	3.7995436	46
>>END_MODULE
