##FastQC	0.10.1
>>Basic Statistics	pass
#Measure	Value	
Filename	004-primary_S1_L002_R2_001.fastq.gz	
File type	Conventional base calls	
Encoding	Sanger / Illumina 1.9	
Total Sequences	27703909	
Filtered Sequences	0	
Sequence length	35-75	
%GC	46	
>>END_MODULE
>>Per base sequence quality	pass
#Base	Mean	Median	Lower Quartile	Upper Quartile	10th Percentile	90th Percentile
1	31.243025235175296	32.0	32.0	32.0	32.0	32.0
2	30.99386458423611	32.0	32.0	32.0	32.0	32.0
3	31.033109370955557	32.0	32.0	32.0	32.0	32.0
4	31.091512031749744	32.0	32.0	32.0	32.0	32.0
5	31.054396403049115	32.0	32.0	32.0	32.0	32.0
6	34.707033039994464	36.0	36.0	36.0	32.0	36.0
7	34.68740718141978	36.0	36.0	36.0	32.0	36.0
8	34.599770126302396	36.0	36.0	36.0	32.0	36.0
9	34.74068608873932	36.0	36.0	36.0	32.0	36.0
10	34.548945926728244	36.0	36.0	36.0	32.0	36.0
11	34.709948657425926	36.0	36.0	36.0	32.0	36.0
12	34.60323696558489	36.0	36.0	36.0	32.0	36.0
13	34.64787207465921	36.0	36.0	36.0	32.0	36.0
14	34.58730744459203	36.0	36.0	36.0	32.0	36.0
15	34.54081108193071	36.0	36.0	36.0	32.0	36.0
16	34.54945982532645	36.0	36.0	36.0	32.0	36.0
17	34.536150800957365	36.0	36.0	36.0	32.0	36.0
18	34.52656764068926	36.0	36.0	36.0	32.0	36.0
19	34.52003379739661	36.0	36.0	36.0	32.0	36.0
20	34.50213166669007	36.0	36.0	36.0	32.0	36.0
21	34.47931167403127	36.0	36.0	36.0	32.0	36.0
22	34.476107036014305	36.0	36.0	36.0	32.0	36.0
23	34.460650950015754	36.0	36.0	36.0	32.0	36.0
24	34.448889216319614	36.0	36.0	36.0	32.0	36.0
25	34.43730020193179	36.0	36.0	36.0	32.0	36.0
26	34.41841831779046	36.0	36.0	36.0	32.0	36.0
27	34.40387199510365	36.0	36.0	36.0	32.0	36.0
28	34.40268479801894	36.0	36.0	36.0	32.0	36.0
29	34.3810688953678	36.0	36.0	36.0	32.0	36.0
30	34.367144867534755	36.0	36.0	36.0	32.0	36.0
31	34.3477027014491	36.0	36.0	36.0	32.0	36.0
32	34.33927479331527	36.0	36.0	36.0	32.0	36.0
33	34.32831536517103	36.0	36.0	36.0	32.0	36.0
34	34.31742592714985	36.0	36.0	36.0	32.0	36.0
35	34.293209561148934	36.0	36.0	36.0	32.0	36.0
36	34.35794157196276	36.0	36.0	36.0	32.0	36.0
37	34.33514919229876	36.0	36.0	36.0	32.0	36.0
38	34.32760748738762	36.0	36.0	36.0	32.0	36.0
39	34.3147133443926	36.0	36.0	36.0	32.0	36.0
40	34.31431632267027	36.0	36.0	36.0	32.0	36.0
41	34.28996003997823	36.0	36.0	36.0	32.0	36.0
42	34.280010983419054	36.0	36.0	36.0	32.0	36.0
43	34.25510116696746	36.0	36.0	36.0	32.0	36.0
44	34.221524197956306	36.0	36.0	36.0	32.0	36.0
45	34.21080890803133	36.0	36.0	36.0	32.0	36.0
46	34.19201863810337	36.0	36.0	36.0	32.0	36.0
47	34.16797825563296	36.0	36.0	36.0	32.0	36.0
48	34.14237493645176	36.0	36.0	36.0	32.0	36.0
49	34.123170764334894	36.0	36.0	36.0	32.0	36.0
50	34.08535773648142	36.0	36.0	36.0	32.0	36.0
51	34.05394293858447	36.0	36.0	36.0	32.0	36.0
52	34.021129915836404	36.0	36.0	36.0	32.0	36.0
53	34.0093645047091	36.0	36.0	36.0	32.0	36.0
54	33.9734953260223	36.0	36.0	36.0	32.0	36.0
55	33.94066508580402	36.0	36.0	36.0	32.0	36.0
56	33.92436690654591	36.0	36.0	36.0	32.0	36.0
57	33.88412206231681	36.0	36.0	36.0	32.0	36.0
58	33.87357271148444	36.0	36.0	36.0	32.0	36.0
59	33.829123176728174	36.0	36.0	36.0	32.0	36.0
60	33.79650676019654	36.0	36.0	36.0	32.0	36.0
61	33.77211171148347	36.0	36.0	36.0	27.0	36.0
62	33.738524272176335	36.0	36.0	36.0	27.0	36.0
63	33.72413264456181	36.0	36.0	36.0	27.0	36.0
64	33.69693807680679	36.0	36.0	36.0	27.0	36.0
65	33.65379630161235	36.0	36.0	36.0	27.0	36.0
66	33.63568946664705	36.0	36.0	36.0	27.0	36.0
67	33.601435899317906	36.0	36.0	36.0	27.0	36.0
68	33.58408320504288	36.0	36.0	36.0	27.0	36.0
69	33.56433075235408	36.0	36.0	36.0	27.0	36.0
70	33.527876100957705	36.0	36.0	36.0	27.0	36.0
71	33.474749710986124	36.0	36.0	36.0	27.0	36.0
72	33.438045806325405	36.0	36.0	36.0	27.0	36.0
73	33.413466211247545	36.0	36.0	36.0	27.0	36.0
74	33.32108853548683	36.0	36.0	36.0	27.0	36.0
75	32.08092354218791	36.0	32.0	36.0	14.0	36.0
>>END_MODULE
>>Per sequence quality scores	pass
#Quality	Count
2	65200.0
3	1345.0
4	11913.0
5	4318.0
6	1501.0
7	721.0
8	439.0
9	283.0
10	284.0
11	256.0
12	291.0
13	328.0
14	2452.0
15	6315.0
16	10274.0
17	16158.0
18	23731.0
19	32502.0
20	43163.0
21	58746.0
22	79861.0
23	111004.0
24	154599.0
25	211206.0
26	283843.0
27	369554.0
28	471163.0
29	594017.0
30	747338.0
31	957057.0
32	1295291.0
33	1985398.0
34	4286799.0
35	1.5876559E7
>>END_MODULE
>>Per base sequence content	fail
#Base	G	A	T	C
1	43.29571751522715	17.948015929171863	12.587502806893752	26.168763748707235
2	16.78533111094986	19.043809316313077	37.035470492466885	27.135389080270183
3	19.85256462441047	20.786767033726445	28.64637978475716	30.714288557105927
4	13.896892855947588	14.69350340871368	35.66491218390139	35.74469155143734
5	15.64920839645988	34.15628049327405	34.596637336197674	15.597873774068397
6	34.61648340319494	34.561843239251296	16.409733056021835	14.411940301531926
7	30.447832130910975	29.56908341985401	20.556903738326586	19.42618071090843
8	26.624958824274675	34.60298999113138	19.871538976670106	18.90051220792384
9	25.022206041585438	16.286790742000168	19.856688178812817	38.83431503760158
10	14.762630853219017	27.560215516453283	34.29279658539331	23.384357044934383
11	34.582744088551884	22.56964928534416	23.352382156565472	19.49522446953848
12	22.558279633248	24.05834794309509	30.397831262837066	22.985541160819846
13	27.744519383757925	20.53240789356477	26.139068713468294	25.584004009209018
14	20.95569481805958	20.36713578231742	27.02815581057523	31.649013589047765
15	23.174351777018824	28.82227784005817	23.24321505852908	24.760155324393924
16	23.13087869090888	28.42696987299927	25.034498943229938	23.407652492861914
17	21.99354222859639	27.858072292114837	27.195021024278986	22.95336445500979
18	22.4575834183478	27.65342908258105	27.57203464157838	22.316952857492772
19	22.766048663985753	27.11004094085642	27.53394540077241	22.58996499438542
20	22.831587879991496	26.935153267704422	27.484387031486456	22.748871820817627
21	22.760735529782437	26.666666666666668	27.353505174240162	23.219092629310737
22	22.663649964317347	26.488279116959106	27.592375373896505	23.25569554482704
23	22.75000070627756	26.611314305757045	27.333332802116022	23.305352185849372
24	22.79551984536066	26.47186554639865	27.518077072977608	23.214537535263087
25	22.97202445334971	26.45490561298014	27.135520877214436	23.437549056455712
26	22.582811380797903	26.72545823559455	27.35194975812786	23.339780625479687
27	22.60740625811604	26.763568588809395	27.373577919437597	23.255447233636968
28	22.768927240412687	26.65245360855805	27.389304664719443	23.18931448630982
29	22.4500791829397	26.884972089584668	27.561914061728977	23.103034665746662
30	22.715675283532907	26.88829272129734	27.27375348155419	23.122278513615562
31	22.94609477807944	26.951864871252923	27.106569690546173	22.995470660121462
32	22.456510126641515	26.97447523912168	27.46241111036578	23.106603523871023
33	22.628349416889737	26.792274561400518	27.503642062231222	23.075733959478523
34	22.647237731212293	26.515780269116444	27.654547378838814	23.18243462083245
35	22.586632441790673	26.793005459398	27.474558179518255	23.14580391929307
36	22.795149383910033	27.19752115153009	27.173175370114404	22.83415409444547
37	22.91041323350261	26.94541428324677	27.13105592362811	23.013116559622514
38	22.75632127902219	27.169087973440114	27.169175112163874	22.905415635373817
39	22.756011335962846	27.059551837290837	27.33119579006049	22.853241036685823
40	22.750146494401797	26.86196050117048	27.294132182525782	23.09376082190194
41	22.776050567429436	27.0381742495301	27.282326646656763	22.9034485363837
42	22.739744721292173	27.030071169388286	27.286851069994135	22.94333303932541
43	22.873430940767754	26.798088596249602	27.17543884799685	23.15304161498579
44	22.780777867977314	27.141554335637068	27.237389255563414	22.840278540822208
45	22.845826812855567	27.067377672692274	27.117123523194152	22.969671991258004
46	22.958475669975602	27.236923572235476	26.97461202209955	22.829988735689376
47	22.68968971586059	27.322639609093102	27.195537119933853	22.79213355511245
48	22.719001487203805	27.192753417351607	27.107636768071565	22.980608327373027
49	22.797332273534604	27.092347138708273	27.21542316821614	22.89489741954098
50	22.823316264871778	27.15465051057779	27.164698864101588	22.85733436044885
51	22.924717915802056	27.176544414823166	27.047111360640546	22.851626308734225
52	22.88033317524904	27.130079484484686	27.07223966997524	22.917347670291033
53	22.784212217816837	27.199071111452405	27.11070140860124	22.90601526212952
54	22.979068154294943	27.336640474749053	26.996046484593776	22.68824488636223
55	22.950550298801595	27.240172681902475	26.91250069532068	22.896776323975253
56	23.013372307143136	27.381342461314475	26.89019605237667	22.715089179165723
57	22.784501337541233	27.264734238480166	27.089470737252004	22.861293686726604
58	22.768382826137138	27.059865476746392	27.181356723678153	22.99039497343832
59	22.68411691779043	27.23765029176543	27.161647278783395	22.916585511660745
60	22.869845408238625	27.3035491185434	27.057268155002834	22.76933731821514
61	23.030719051267344	27.334633620381982	26.923095225559024	22.71155210279165
62	22.883048990399306	27.49111948132596	26.899300524391084	22.72653100388365
63	22.93950907600148	27.44870505706797	26.90161747548813	22.710168391442416
64	22.967389496459674	27.195416964671743	26.921144356561683	22.9160491823069
65	22.759662407491728	27.298372302925696	27.104362659205165	22.837602630377408
66	22.88595728825056	27.291380930985387	26.91048645617757	22.91217532458648
67	22.855929754161934	27.327711557746152	26.978083394271106	22.8382752938208
68	22.905953777289575	27.54556060175651	26.975426135188368	22.57305948576555
69	23.120911832519035	27.495279227660042	26.841722392868757	22.54208654695217
70	23.12978985970587	27.355181385931726	26.82979288861478	22.68523586574763
71	23.031822963630898	27.551017145342104	26.774532516035787	22.642627374991207
72	23.05311130519297	27.70899763122741	26.985924330189583	22.25196673339004
73	23.672084634968904	28.250032463459352	27.111616702700037	20.966266198871715
74	24.9431711196239	30.655006814161574	26.997155712907745	17.404666353306784
75	30.517283197372684	41.01286089831951	28.469855904307806	0.0
>>END_MODULE
>>Per base GC content	fail
#Base	%GC
1	69.46448126393439
2	43.92072019122004
3	50.56685318151639
4	49.641584407384926
5	31.247082170528273
6	49.02842370472687
7	49.87401284181941
8	45.52547103219851
9	63.85652107918701
10	38.1469878981534
11	54.07796855809036
12	45.54382079406785
13	53.32852339296694
14	52.604708407107346
15	47.93450710141275
16	46.53853118377079
17	44.94690668360617
18	44.77453627584057
19	45.356013658371175
20	45.58045970080912
21	45.979828159093174
22	45.919345509144385
23	46.05535289212693
24	46.01005738062374
25	46.409573509805426
26	45.92259200627759
27	45.86285349175301
28	45.958241726722505
29	45.55311384868636
30	45.837953797148465
31	45.941565438200904
32	45.56311365051254
33	45.70408337636826
34	45.829672352044746
35	45.73243636108374
36	45.6293034783555
37	45.92352979312512
38	45.66173691439601
39	45.609252372648676
40	45.84390731630374
41	45.679499103813136
42	45.68307776061758
43	46.02647255575354
44	45.62105640879952
45	45.81549880411357
46	45.788464405664975
47	45.481823270973045
48	45.69960981457683
49	45.69222969307559
50	45.680650625320624
51	45.77634422453629
52	45.79768084554007
53	45.69022747994636
54	45.66731304065717
55	45.84732662277685
56	45.72846148630886
57	45.64579502426784
58	45.758777799575455
59	45.600702429451175
60	45.63918272645376
61	45.742271154059
62	45.60957999428295
63	45.6496774674439
64	45.883438678766574
65	45.597265037869136
66	45.79813261283704
67	45.694205047982734
68	45.47901326305512
69	45.662998379471205
70	45.815025725453495
71	45.67445033862211
72	45.30507803858301
73	44.63835083384062
74	42.347837472930685
75	30.517283197372684
>>END_MODULE
>>Per sequence GC content	warn
#GC Content	Count
0	65650.0
1	33920.0
2	3322.5
3	4985.0
4	5526.5
5	5329.0
6	4585.0
7	3746.5
8	3465.5
9	3611.0
10	4517.0
11	6394.5
12	7540.5
13	8869.5
14	12023.0
15	16633.0
16	20264.5
17	27034.0
18	41535.0
19	59656.0
20	72538.5
21	92494.5
22	129438.0
23	171646.0
24	200937.0
25	237497.0
26	298509.0
27	361136.5
28	403765.5
29	455329.0
30	536515.5
31	615019.0
32	667643.5
33	727411.0
34	824119.0
35	913939.0
36	970739.5
37	1031155.0
38	1099850.0
39	1153448.5
40	1191553.0
41	1211387.5
42	1221377.5
43	1220433.0
44	1221196.0
45	1211174.0
46	1182266.0
47	1149611.0
48	1132218.5
49	1111073.0
50	1070972.5
51	1034956.5
52	1016959.0
53	1006379.5
54	983869.0
55	958183.0
56	944493.0
57	926645.5
58	885925.5
59	828785.5
60	776105.5
61	715172.0
62	638280.5
63	562919.0
64	502382.5
65	449471.0
66	380631.0
67	311746.5
68	261438.0
69	222806.5
70	179346.5
71	137200.0
72	107784.0
73	87393.5
74	66815.0
75	49414.5
76	37823.5
77	29965.0
78	21815.0
79	15154.5
80	11163.0
81	8681.0
82	6393.0
83	4568.0
84	3530.5
85	3069.0
86	2643.5
87	2269.5
88	2094.5
89	1991.0
90	1914.5
91	1845.0
92	1795.0
93	1800.0
94	1846.5
95	1971.5
96	2052.0
97	2228.5
98	2963.0
99	13425.5
100	23334.0
>>END_MODULE
>>Per base N content	pass
#Base	N-Count
1	0.3689840303763631
2	0.26319029563661933
3	0.2359197757977042
4	0.23528809598674325
5	0.23694129229200112
6	0.24747410193991037
7	0.2660707555746014
8	0.28302504170079396
9	0.2875767459386327
10	0.30228225193780417
11	0.3101728351764367
12	0.31439606591257574
13	0.315800199892369
14	0.31576049430425146
15	0.3135622485621073
16	0.3301664035930814
17	0.3261561391932091
18	0.3212579134590718
19	0.3219617852484283
20	0.325463096200612
21	0.3290474279279505
22	0.323600543158007
23	0.3406270212625951
24	0.3275891499643606
25	0.3214059070147826
26	0.32762885555247817
27	0.3345809430719686
28	0.3294589222048051
29	0.3340034072448043
30	0.3293434150393722
31	0.3366420240551613
32	0.34274224622958444
33	0.3412911874638341
34	0.3436013307724914
35	0.3462327283850088
36	0.10215651320538922
37	0.1255502607043011
38	0.09233979448301649
39	0.11099942887703061
40	0.09238160363349457
41	0.11602894451975022
42	0.08870409406288787
43	0.09935229203333741
44	0.10505987845774367
45	0.1038660100233285
46	0.09704711718941965
47	0.11693177389924575
48	0.10900893021918556
49	0.10012072140354628
50	0.1020206521524217
51	0.11262292751258297
52	0.11646210669570985
53	0.10232455932605684
54	0.09306455913771947
55	0.09449681274418038
56	0.09016309540700759
57	0.10013946578184851
58	0.08251020198772266
59	0.08668410047099301
60	0.09233743004813966
61	0.09391798248714876
62	0.08435992789549833
63	0.08783825129607942
64	0.07952795639772456
65	0.08531102270381018
66	0.09587920914551204
67	0.08260434061735962
68	0.07997608000678703
69	0.08035646231050249
70	0.08234072617911627
71	0.0918854486753281
72	0.09389912887088979
73	0.1058555351124237
74	0.12197957450453599
75	0.2016849233709148
>>END_MODULE
>>Sequence Length Distribution	warn
#Length	Count
35	81588.0
36	23812.0
37	30763.0
38	34271.0
39	37741.0
40	38792.0
41	41071.0
42	44585.0
43	48772.0
44	53728.0
45	58292.0
46	60474.0
47	62331.0
48	64312.0
49	66090.0
50	67558.0
51	68988.0
52	71542.0
53	74168.0
54	79425.0
55	81432.0
56	84035.0
57	85518.0
58	86057.0
59	88245.0
60	87987.0
61	88948.0
62	91229.0
63	94878.0
64	98993.0
65	102107.0
66	101464.0
67	103368.0
68	106553.0
69	116486.0
70	136256.0
71	238838.0
72	696773.0
73	1832218.0
74	5645809.0
75	1.6628412E7
>>END_MODULE
>>Sequence Duplication Levels	warn
#Total Duplicate Percentage	37.56363941035282
#Duplication Level	Relative count
1	100.0
2	23.60676959994948
3	11.190047677686211
4	6.266774020397209
5	3.9207792617852295
6	2.6933156515424206
7	1.7626535316219887
8	1.266931893530359
9	0.959079283887468
10++	6.206782229800132
>>END_MODULE
>>Overrepresented sequences	warn
#Sequence	Count	Percentage	Possible Source
NNNNNNNNNNNNNNNNNNNNNNNNNNNNNNNNNNN	65184	0.23528809598674325	No Hit
>>END_MODULE
>>Kmer Content	warn
#Sequence	Count	Obs/Exp Overall	Obs/Exp Max	Max Obs/Exp Position
AAAAA	10545835	4.0704703	8.767405	71
GGGGG	4300675	3.3158505	5.929795	71
TTTTT	8638425	3.2163951	5.5450916	71
CCTGG	4484605	3.0401967	11.555811	3
CCAGG	4280330	2.9226747	11.934058	3
CCCAG	4089870	2.8163369	10.6231985	2
CTGGG	4050495	2.7227867	9.984753	4
CCAGC	3820630	2.6309347	6.52267	3
GGAGG	3747715	2.5160885	5.783578	6
GCTGG	3724460	2.5036225	6.393878	3
TCCAG	4153810	2.4520266	9.424823	2
CAGCA	4071885	2.4210277	6.7362237	4
CTCCA	4011910	2.3883703	7.1328926	1
CAGCC	3449010	2.3750324	5.5448546	9
CAGGA	4021395	2.3708775	10.102363	4
TGCTG	4059855	2.3593442	7.24525	2
CTCCT	3980905	2.3529165	6.7175145	1
AGGAG	3971475	2.3217328	7.0440707	5
TCCTG	3949385	2.3146336	9.4906	2
CTGGA	3948220	2.3110425	8.941279	4
GGCTG	3410085	2.2922964	7.829774	7
CTGCA	3835640	2.2642083	6.855742	4
CCTGC	3252685	2.2237778	6.223982	3
TGCAG	3785010	2.2155094	7.0661964	2
GGCAG	3251840	2.201712	5.9857607	7
GCAGG	3244910	2.1970198	6.496148	3
CTGCC	3207345	2.19278	5.5551724	9
CTTCT	4324510	2.1911142	5.0565	1
CTGCT	3712565	2.1758397	6.37584	9
CAGAG	3672255	2.1650364	7.207287	4
AGCAG	3665880	2.161278	5.435204	7
CCCTG	3143615	2.1492095	8.534858	2
CTCTG	3664395	2.1476083	7.260835	2
GCCTG	3157570	2.1405752	6.495201	7
TGGAG	3683245	2.1377912	6.5573545	5
GCTGC	3104405	2.1045334	5.4290657	8
AGCTG	3546555	2.0759327	5.6649394	7
CAGGG	3039545	2.057974	8.555106	4
CAGGC	2978100	2.033492	5.792362	4
GGAGA	3439145	2.0105317	5.61887	6
CAGAA	3897275	2.0007577	5.4592524	4
CACAG	3362380	1.9991761	7.012754	7
CTGGC	2940975	1.9937412	5.1618958	4
CCCCA	2855440	1.9829881	6.4457526	1
CTCAG	3347300	1.9759374	5.9689665	2
CTGTG	3383625	1.9663602	8.3116255	9
GGGAG	2915200	1.9571664	5.1511087	7
CTGAG	3325175	1.9463507	5.72609	4
TTCTG	3843530	1.9310184	5.4457583	2
CCAGA	3172225	1.8861153	6.5024905	3
GGCCA	2716030	1.8545467	5.712034	1
CCTCT	3127545	1.8485376	5.3722625	1
TCTGG	3142850	1.8264362	6.2802906	3
TGGGG	2739915	1.8262938	5.654913	5
CACTG	3039740	1.7943823	7.2247295	7
ACCTG	3036150	1.7922632	5.228698	7
TGGCC	2604035	1.7653233	5.257252	5
CAGTG	3008450	1.7609595	6.202753	9
CCTGA	2949545	1.7411395	5.628839	3
GCCCA	2460815	1.6945487	6.4564033	1
TCAGG	2861580	1.674991	5.782841	3
ACAGA	3236140	1.6613485	5.77283	8
GAGAG	2765555	1.6167494	5.255356	7
CCTGT	2742860	1.6075202	5.2330937	8
AGGTG	2764905	1.6047778	5.1184707	7
TGGGC	2368085	1.5918523	5.933337	5
ACAGC	2436385	1.4486057	5.6539154	8
CTGTC	2446425	1.4337871	5.641344	9
GCCCT	2083125	1.4241794	5.4456463	1
ACACA	2737365	1.4172226	5.6812873	6
GACAG	2393780	1.4112911	6.9162054	7
GGGCT	2083175	1.400333	5.4742017	6
GTGTG	2422320	1.3958552	6.8783965	1
CACAC	2285260	1.3702879	5.931663	5
AGACA	2652720	1.361836	5.3690276	6
AGGGC	1971805	1.335043	5.130069	5
ACTGC	2152235	1.2704811	5.1890817	8
GGACA	2140655	1.2620573	5.903962	6
GTGCT	2088350	1.2136239	6.084797	1
GTCCT	2058990	1.2067213	6.804937	1
GTCCA	2019115	1.1918993	6.774878	1
AGCAC	1953210	1.1613234	5.298947	5
GTCTT	2276875	1.1439191	5.4054646	1
AGGAC	1936125	1.1414733	6.2791348	5
TGGAC	1870645	1.0949593	6.046953	5
TGCAC	1835760	1.0836633	5.454352	5
GTGCA	1837450	1.075529	5.8788137	1
ACAGT	2064540	1.0522791	5.48463	8
ACTGT	2059185	1.0420228	6.1043367	8
GACTG	1772225	1.0373503	5.857166	7
AGACT	1964200	1.0011367	5.0019226	6
GGACT	1616830	0.94639176	5.1549826	6
GTGTA	1231205	0.6177892	5.453918	1
>>END_MODULE
