##FastQC	0.10.1
>>Basic Statistics	pass
#Measure	Value	
Filename	005-F0_S3_L004_R1_001_trimmed.fq.gz	
File type	Conventional base calls	
Encoding	Sanger / Illumina 1.9	
Total Sequences	20836372	
Filtered Sequences	0	
Sequence length	20-50	
%GC	45	
>>END_MODULE
>>Per base sequence quality	pass
#Base	Mean	Median	Lower Quartile	Upper Quartile	10th Percentile	90th Percentile
1	35.11329429134784	36.0	36.0	36.0	36.0	36.0
2	35.102133327241425	36.0	36.0	36.0	36.0	36.0
3	35.085870803228126	36.0	36.0	36.0	36.0	36.0
4	35.08039532985877	36.0	36.0	36.0	36.0	36.0
5	35.065954236178925	36.0	36.0	36.0	36.0	36.0
6	35.01583989765589	36.0	36.0	36.0	36.0	36.0
7	34.99902689393336	36.0	36.0	36.0	36.0	36.0
8	34.98200305696212	36.0	36.0	36.0	36.0	36.0
9	34.976506322693794	36.0	36.0	36.0	36.0	36.0
10	34.952932305105705	36.0	36.0	36.0	36.0	36.0
11	34.934765562834066	36.0	36.0	36.0	36.0	36.0
12	34.9266474989024	36.0	36.0	36.0	36.0	36.0
13	34.91302886126241	36.0	36.0	36.0	36.0	36.0
14	34.910521706945914	36.0	36.0	36.0	36.0	36.0
15	34.895880338477355	36.0	36.0	36.0	36.0	36.0
16	34.87402034288887	36.0	36.0	36.0	36.0	36.0
17	34.872805400095565	36.0	36.0	36.0	36.0	36.0
18	34.84631455994354	36.0	36.0	36.0	36.0	36.0
19	34.83754350325479	36.0	36.0	36.0	36.0	36.0
20	34.82785952372131	36.0	36.0	36.0	36.0	36.0
21	34.819369434725736	36.0	36.0	36.0	36.0	36.0
22	34.817062266000235	36.0	36.0	36.0	36.0	36.0
23	34.801571256550304	36.0	36.0	36.0	36.0	36.0
24	34.7832952176115	36.0	36.0	36.0	36.0	36.0
25	34.783309370838104	36.0	36.0	36.0	36.0	36.0
26	34.75572505060308	36.0	36.0	36.0	32.0	36.0
27	34.75417861285012	36.0	36.0	36.0	32.0	36.0
28	34.742764139351856	36.0	36.0	36.0	32.0	36.0
29	34.7339632263471	36.0	36.0	36.0	32.0	36.0
30	34.72698989494775	36.0	36.0	36.0	32.0	36.0
31	34.70684265008866	36.0	36.0	36.0	32.0	36.0
32	34.6944438704396	36.0	36.0	36.0	32.0	36.0
33	34.66178861975053	36.0	36.0	36.0	32.0	36.0
34	34.646565768937435	36.0	36.0	36.0	32.0	36.0
35	34.629853622469895	36.0	36.0	36.0	32.0	36.0
36	34.6150684535869	36.0	36.0	36.0	32.0	36.0
37	34.59777563192964	36.0	36.0	36.0	32.0	36.0
38	34.5722373619782	36.0	36.0	36.0	32.0	36.0
39	34.55300603491257	36.0	36.0	36.0	32.0	36.0
40	34.540779166082785	36.0	36.0	36.0	32.0	36.0
41	34.513224442008045	36.0	36.0	36.0	32.0	36.0
42	34.505191554026084	36.0	36.0	36.0	32.0	36.0
43	34.46992712537308	36.0	36.0	36.0	32.0	36.0
44	34.46195520766716	36.0	36.0	36.0	32.0	36.0
45	34.44590651348781	36.0	36.0	36.0	32.0	36.0
46	34.437293056412955	36.0	36.0	36.0	32.0	36.0
47	34.436306142891596	36.0	36.0	36.0	32.0	36.0
48	34.45555101180961	36.0	36.0	36.0	32.0	36.0
49	34.52456340670382	36.0	36.0	36.0	32.0	36.0
50	34.62314442800665	36.0	36.0	36.0	32.0	36.0
>>END_MODULE
>>Per sequence quality scores	pass
#Quality	Count
14	5.0
15	49.0
16	213.0
17	577.0
18	1500.0
19	3289.0
20	6880.0
21	12538.0
22	21182.0
23	34197.0
24	52967.0
25	81209.0
26	120125.0
27	170083.0
28	235966.0
29	314584.0
30	413981.0
31	544713.0
32	745840.0
33	1125034.0
34	2250525.0
35	9808566.0
36	4892349.0
>>END_MODULE
>>Per base sequence content	pass
#Base	G	A	T	C
1	22.678902469382937	26.53228093476498	27.176007263080145	23.612809332771942
2	22.59177877281217	26.55893156739418	27.433398376702566	23.41589128309108
3	22.59421448990743	26.614224698021943	27.295696730211823	23.49586408185881
4	22.772197587605135	26.35865847052455	27.500881034244696	23.368262907625617
5	22.861370905343264	26.41065652439711	27.167415309831917	23.560557260427707
6	22.422863045728405	26.80698043596793	27.361573757475462	23.408582760828203
7	22.4913243883278	26.75146042122772	27.32951937732848	23.427695813115996
8	22.5201305660603	26.669278768559696	27.331789268839756	23.47880139654025
9	22.44523946509649	26.75864244208536	27.381510471408728	23.414607621409424
10	22.517336162234486	26.82751818587883	27.32296463120068	23.332181020686004
11	22.983358139315232	26.725905066390638	27.068051962212998	23.222684832081132
12	22.37596833076315	26.888505350163644	27.445396924186227	23.29012939488698
13	22.49033564960349	26.72017950149863	27.545812677946046	23.243672170951836
14	22.5365353450124	26.468573217765833	27.67937981760872	23.315511619613044
15	22.472271084428712	26.754302524450996	27.47271453974809	23.300711851372206
16	22.62281072731856	27.100994357367014	27.32302917225705	22.95316574305738
17	22.755876118932797	26.760743185042003	27.11080412655332	23.372576569471885
18	22.630763167407455	27.1453446886051	27.13503579221949	23.088856351767955
19	22.768661454114948	26.83855903513337	27.314716784668658	23.078062726083022
20	22.796348615776296	26.605245865259075	27.320667916660348	23.277737602304278
21	22.840807322445215	26.75389003939782	27.29480188903261	23.110500749124355
22	22.649918509392204	26.92858533115048	27.32263181966627	23.09886433979105
23	22.717367735684817	26.700694175687822	27.235652062717303	23.34628602591006
24	22.609616406858862	26.991034908856946	27.2551266223457	23.14422206193849
25	22.68958577888882	26.936106033373193	27.152305490104506	23.222002697633485
26	22.80025347102192	26.917315604655766	27.059893054486622	23.22253786983569
27	22.7320341039765	27.03265526071973	27.180942768225364	23.05436786707841
28	22.57031843123246	26.993874412741743	27.144797377917506	23.291009778108293
29	22.80140237140127	26.75612079675527	27.235074900588497	23.20740193125497
30	22.68418705515795	27.040422786173913	27.142685893906837	23.13270426476131
31	22.804716978470346	26.958181283324762	27.10470268816611	23.132399050038785
32	22.759322970117417	26.983681263057917	27.040368656818732	23.21662711000593
33	22.676853773150356	26.83295532902327	27.265657932886057	23.224532964940316
34	22.8246341111492	27.140369478046665	27.121307816121902	22.913688594682228
35	22.803863771042828	26.828930749203828	27.09906792230538	23.26813755744796
36	22.890492960887862	27.088491040188366	26.948952267144673	23.0720637317791
37	22.660321544970177	26.970565310675603	27.118964454281503	23.250148690072713
38	22.695044539939545	26.852266427058563	27.12963840654517	23.32305062645672
39	22.63440109310546	26.979276967422	27.16063143102608	23.22569050844646
40	22.731351836988576	26.97768991318262	27.22196419042388	23.068994059404925
41	22.9442882493244	26.936655075642573	27.04299905884906	23.076057616183967
42	22.850749017310243	27.043127677550643	27.049995529173398	23.056127775965717
43	22.80852586408126	27.172905547712016	27.013051963304	23.005516624902718
44	22.83956868144981	26.899651818262942	26.97247089628632	23.288308604000925
45	22.725450874346645	27.03868073052173	27.12946582237445	23.10640257275718
46	22.772473564987347	27.227147346557008	26.897852960451253	23.102526128004396
47	22.784632217507962	27.05742877510811	27.02239916880992	23.135539838574008
48	22.78567032349701	27.441322241872445	27.173618893013668	22.59938854161688
49	22.951037351221522	27.653278273777403	27.287278851368317	22.10840552363275
50	22.88729182610992	27.460128689708736	27.35760432475257	22.294975159428777
>>END_MODULE
>>Per base GC content	pass
#Base	%GC
1	46.29171180215488
2	46.007670055903255
3	46.090078571766234
4	46.14046049523075
5	46.42192816577097
6	45.83144580655661
7	45.9190202014438
8	45.99893196260055
9	45.85984708650591
10	45.84951718292049
11	46.206042971396364
12	45.666097725650125
13	45.73400782055532
14	45.85204696462545
15	45.77298293580092
16	45.57597647037594
17	46.12845268840468
18	45.71961951917541
19	45.846724180197974
20	46.07408621808057
21	45.95130807156957
22	45.74878284918325
23	46.06365376159488
24	45.75383846879735
25	45.911588476522304
26	46.02279134085761
27	45.78640197105491
28	45.861328209340755
29	46.00880430265624
30	45.81689131991926
31	45.93711602850913
32	45.975950080123354
33	45.90138673809067
34	45.73832270583143
35	46.07200132849079
36	45.962556692666965
37	45.910470235042894
38	46.018095166396265
39	45.860091601551915
40	45.8003458963935
41	46.02034586550837
42	45.906876793275956
43	45.81404248898398
44	46.12787728545074
45	45.831853447103825
46	45.87499969299174
47	45.920172056081974
48	45.38505886511388
49	45.05944287485428
50	45.182266985538696
>>END_MODULE
>>Per sequence GC content	pass
#GC Content	Count
0	2483.0
1	2524.0
2	2342.0
3	2229.5
4	2421.0
5	2995.0
6	3665.5
7	4651.0
8	5711.0
9	7515.5
10	9554.5
11	13277.5
12	17151.5
13	23107.0
14	29993.0
15	40851.5
16	52905.5
17	70377.5
18	88969.5
19	113367.5
20	139228.5
21	172017.5
22	206042.5
23	247798.0
24	292149.5
25	334518.0
26	383327.0
27	441685.0
28	504936.0
29	576062.0
30	648931.0
31	725480.0
32	805001.5
33	888678.0
34	975369.5
35	1051590.5
36	1123706.5
37	1183904.5
38	1232853.0
39	1268679.5
40	1301386.0
41	1322702.0
42	1340363.5
43	1344450.0
44	1343407.0
45	1330351.0
46	1316338.5
47	1294655.0
48	1271212.0
49	1246883.5
50	1222056.5
51	1199856.0
52	1175233.5
53	1147815.0
54	1119568.5
55	1088776.0
56	1054434.5
57	1012526.0
58	966928.5
59	908883.0
60	847760.0
61	780944.5
62	713434.5
63	651002.5
64	577131.5
65	508986.0
66	443501.0
67	382567.0
68	323212.0
69	270450.5
70	224384.5
71	185615.5
72	151841.5
73	122394.0
74	94713.0
75	74943.5
76	60384.5
77	47149.0
78	35164.0
79	26580.5
80	19447.5
81	14403.5
82	10587.0
83	7878.0
84	5558.0
85	4192.0
86	3223.5
87	2595.0
88	2044.0
89	1551.0
90	1197.0
91	1031.5
92	916.5
93	777.5
94	649.5
95	565.5
96	502.5
97	469.5
98	424.5
99	549.0
100	694.0
>>END_MODULE
>>Per base N content	pass
#Base	N-Count
1	1.5837689977890585E-4
2	8.638739987940319E-5
3	3.359509995310124E-5
4	3.1195449956451153E-4
5	4.7992999933001774E-5
6	1.1038389984590408E-4
7	4.2713769940371584E-4
8	1.1038389984590408E-4
9	7.678879989280283E-5
10	6.23908999129023E-5
11	0.0
12	0.0
13	0.0
14	8.590746988007317E-4
15	0.0
16	0.0
17	0.0
18	0.0
19	0.0
20	0.0
21	0.0
22	0.0
23	4.4478099539762867E-4
24	0.0
25	0.0
26	0.0
27	0.0
28	9.655917979789821E-4
29	0.0
30	2.9598575242982104E-5
31	0.0
32	0.0
33	0.0
34	0.0
35	0.0
36	0.0
37	0.0
38	0.0
39	0.0
40	0.0
41	0.0
42	1.7583324140874905E-4
43	0.0
44	0.0
45	0.0
46	0.0
47	0.0
48	0.0
49	0.0
50	0.0
>>END_MODULE
>>Sequence Length Distribution	warn
#Length	Count
20	49436.0
21	50804.0
22	51795.0
23	52868.0
24	54174.0
25	55817.0
26	58527.0
27	60955.0
28	63304.0
29	67446.0
30	68737.0
31	71049.0
32	71724.0
33	71972.0
34	73437.0
35	74680.0
36	75382.0
37	78787.0
38	81880.0
39	86193.0
40	88003.0
41	92899.0
42	97022.0
43	111252.0
44	151545.0
45	247546.0
46	578777.0
47	1203991.0
48	2351265.0
49	3083695.0
50	1.151141E7
>>END_MODULE
>>Sequence Duplication Levels	warn
#Total Duplicate Percentage	35.51096363833285
#Duplication Level	Relative count
1	100.0
2	22.940745377650885
3	9.878315037329955
4	5.338412446371589
5	3.3383208391224026
6	2.1176542437058186
7	1.4840374368291678
8	1.022184222178115
9	0.8000366428996748
10++	5.759042398888499
>>END_MODULE
>>Overrepresented sequences	pass
>>END_MODULE
>>Kmer Content	warn
#Sequence	Count	Obs/Exp Overall	Obs/Exp Max	Max Obs/Exp Position
AAAAA	4510335	3.5177877	4.3425	46
TTTTT	4488230	3.288294	3.8556607	13
>>END_MODULE
