##FastQC	0.10.1
>>Basic Statistics	pass
#Measure	Value	
Filename	032-F0_S5_L004_R2_001_trimmed.fq.gz	
File type	Conventional base calls	
Encoding	Sanger / Illumina 1.9	
Total Sequences	31565019	
Filtered Sequences	0	
Sequence length	20-51	
%GC	44	
>>END_MODULE
>>Per base sequence quality	pass
#Base	Mean	Median	Lower Quartile	Upper Quartile	10th Percentile	90th Percentile
1	34.67743608834831	36.0	36.0	36.0	32.0	36.0
2	34.67801232750723	36.0	36.0	36.0	32.0	36.0
3	34.6564037867362	36.0	36.0	36.0	32.0	36.0
4	34.65843175953735	36.0	36.0	36.0	32.0	36.0
5	34.636620811158075	36.0	36.0	36.0	32.0	36.0
6	34.624361100495456	36.0	36.0	36.0	32.0	36.0
7	34.60977634767145	36.0	36.0	36.0	32.0	36.0
8	34.596693352220065	36.0	36.0	36.0	32.0	36.0
9	34.585080560223965	36.0	36.0	36.0	32.0	36.0
10	34.571583023599636	36.0	36.0	36.0	32.0	36.0
11	34.5571503378471	36.0	36.0	36.0	32.0	36.0
12	34.531761473040774	36.0	36.0	36.0	32.0	36.0
13	34.534829394526895	36.0	36.0	36.0	32.0	36.0
14	34.525560462992274	36.0	36.0	36.0	32.0	36.0
15	34.51097868814842	36.0	36.0	36.0	32.0	36.0
16	34.49421855250586	36.0	36.0	36.0	32.0	36.0
17	34.48174841903311	36.0	36.0	36.0	32.0	36.0
18	34.46667540418715	36.0	36.0	36.0	32.0	36.0
19	34.450324170563626	36.0	36.0	36.0	32.0	36.0
20	34.45673592022865	36.0	36.0	36.0	32.0	36.0
21	34.419846905331895	36.0	36.0	36.0	32.0	36.0
22	34.4161843805979	36.0	36.0	36.0	32.0	36.0
23	34.39515661710983	36.0	36.0	36.0	32.0	36.0
24	34.3613649662849	36.0	36.0	36.0	32.0	36.0
25	34.36056967328274	36.0	36.0	36.0	32.0	36.0
26	34.334022852592746	36.0	36.0	36.0	32.0	36.0
27	34.316210434621595	36.0	36.0	36.0	32.0	36.0
28	34.29860713985659	36.0	36.0	36.0	32.0	36.0
29	34.285817498182574	36.0	36.0	36.0	32.0	36.0
30	34.25548958110536	36.0	36.0	36.0	32.0	36.0
31	34.24706002839165	36.0	36.0	36.0	32.0	36.0
32	34.223470403065036	36.0	36.0	36.0	32.0	36.0
33	34.19375032328327	36.0	36.0	36.0	32.0	36.0
34	34.16934825753507	36.0	36.0	36.0	32.0	36.0
35	34.13017937661269	36.0	36.0	36.0	32.0	36.0
36	34.12488877313111	36.0	36.0	36.0	32.0	36.0
37	34.103889577596895	36.0	36.0	36.0	32.0	36.0
38	34.07200132633817	36.0	36.0	36.0	32.0	36.0
39	34.04042380881941	36.0	36.0	36.0	32.0	36.0
40	34.02828606142209	36.0	36.0	36.0	32.0	36.0
41	33.999787239360835	36.0	36.0	36.0	32.0	36.0
42	33.97694760208037	36.0	36.0	36.0	32.0	36.0
43	33.948046639453466	36.0	36.0	36.0	32.0	36.0
44	33.92675356627381	36.0	36.0	36.0	32.0	36.0
45	33.915993449380764	36.0	36.0	36.0	32.0	36.0
46	33.89590946746508	36.0	36.0	36.0	32.0	36.0
47	33.9007522045269	36.0	36.0	36.0	32.0	36.0
48	33.904733651674896	36.0	36.0	36.0	32.0	36.0
49	33.94468082303463	36.0	36.0	36.0	32.0	36.0
50	34.035377909722506	36.0	36.0	36.0	32.0	36.0
51	34.159536600496004	36.0	36.0	36.0	32.0	36.0
>>END_MODULE
>>Per sequence quality scores	pass
#Quality	Count
14	1355.0
15	3168.0
16	6265.0
17	11165.0
18	18259.0
19	28916.0
20	43685.0
21	63943.0
22	90913.0
23	126618.0
24	175440.0
25	234228.0
26	310627.0
27	399704.0
28	507180.0
29	637743.0
30	801000.0
31	1026189.0
32	1367936.0
33	2012525.0
34	3777221.0
35	1.3852848E7
36	6068091.0
>>END_MODULE
>>Per base sequence content	pass
#Base	G	A	T	C
1	22.121827330438165	27.2219541512077	27.754321960015293	22.901896558338837
2	22.116406444570757	27.293753038085853	28.002050192132643	22.587790325210744
3	22.036524039475474	27.35176557314919	27.881681300429438	22.730029086945898
4	22.25569704234932	26.92951016440066	28.258500335450453	22.556292457799564
5	22.304814706431824	27.084910039179768	27.78532780227378	22.824947452114632
6	21.730194428205476	27.488416845242515	28.065907389442724	22.715481337109285
7	21.799388113785074	27.514971557596716	28.07274090346659	22.61289942515162
8	21.929365106746324	27.404380203429245	27.992600383952027	22.673654305872404
9	21.747983107502645	27.530390525030256	28.12736466276165	22.594261704705453
10	21.87247535000692	27.561757526583463	28.077797133592732	22.487969989816893
11	22.375183743751272	27.552050578521747	27.725216956150096	22.34754872157688
12	21.688491882960946	27.762328387472696	28.130613071964667	22.41856665760169
13	21.798136728509494	27.5362957963054	28.333687998096877	22.33187947708823
14	21.852373983997918	27.25307721183377	28.481535208326658	22.41301359584165
15	21.73089773841099	27.57638130995581	28.27951727195222	22.41320367968098
16	21.84677601492969	27.916941852624895	28.187386803093638	22.048895329351772
17	21.987834064031453	27.62987723847085	27.854372588845898	22.527916108651798
18	21.873137475380577	28.107941262446257	27.861079380310212	22.157841881862957
19	22.032076077635182	27.781744721902434	28.10622417176432	22.079955028698066
20	22.119147148303632	27.51063447799604	28.09358359644897	22.27663477725136
21	22.122417383709923	27.654666809160943	28.120680179733064	22.10223562739607
22	21.87389803924158	27.875732667002488	28.173269214481422	22.07710007927451
23	21.948237841012414	27.63218853990453	28.08913873698883	22.330434882094234
24	21.812704553044906	27.968658513184856	28.090117289885146	22.128519643885095
25	21.89834860546531	27.936901839373938	27.92531000976944	22.239439545391313
26	22.032914235908407	27.887812894211493	27.873996355393526	22.20527651448657
27	21.975079520619346	27.98757575253369	27.996482790048223	22.04086193679874
28	21.735354813772386	27.967993073581333	27.983939034109103	22.312713078537183
29	22.069438403787718	27.747393439051937	28.014803734538884	22.16836442262146
30	21.91371218614999	28.067852303280688	27.906839540735866	22.111595969833452
31	22.002140942281965	27.993607636850122	27.93690917139775	22.067342249470162
32	21.964554561195627	28.035487286260096	27.8407549796058	22.159203172938476
33	21.864893971471613	27.77431544888358	28.13531241385831	22.225478165786498
34	22.021880509896942	28.169029100267913	27.931229637126687	21.877860752708457
35	21.987620502333254	27.79495336244519	27.90740979904922	22.31001633617234
36	22.124256202492138	28.07883934946766	27.71943350080483	22.077470947235373
37	21.874420344646907	27.988802114712712	27.87853192496337	22.258245615677012
38	21.906962171388304	27.872608358568268	27.89608175646408	22.324347713579346
39	21.837463184112273	27.975227684372545	27.945659429848067	22.241649701667114
40	21.90279435617622	27.915724667180175	28.094660126672522	22.08682084997108
41	22.159985534614673	27.945263790223567	27.878956453141058	22.015794222020702
42	22.089716419974373	28.010834751358455	27.89637963154109	22.00306919712608
43	22.027235608768997	28.186466369397344	27.813002117836895	21.97329590399676
44	22.075986674569535	27.847861956314375	27.741714070408506	22.334437298707584
45	21.976630311299306	28.00648933886022	27.90474531076377	22.112135039076705
46	21.971980869016	28.248055943562072	27.672633696389724	22.107329491032203
47	22.035665530989984	27.97260927915868	27.777910251405746	22.21381493844559
48	22.048828392231098	28.320293983681733	27.94451166712547	21.686365956961698
49	22.305798864201844	28.255837112653488	27.899383722846316	21.538980300298352
50	22.416489076755383	28.41989994063866	27.90570217017055	21.257908812435407
51	21.914229490024614	28.91644494494296	28.025273412734602	21.14405215229782
>>END_MODULE
>>Per base GC content	pass
#Base	%GC
1	45.023723888777
2	44.704196769781504
3	44.76655312642137
4	44.81198950014888
5	45.12976215854646
6	44.44567576531476
7	44.412287538936695
8	44.60301941261873
9	44.3422448122081
10	44.36044533982381
11	44.72273246532815
12	44.10705854056264
13	44.13001620559772
14	44.26538757983957
15	44.14410141809197
16	43.89567134428147
17	44.51575017268325
18	44.03097935724354
19	44.11203110633325
20	44.39578192555499
21	44.22465301110599
22	43.95099811851609
23	44.278672723106645
24	43.94122419693
25	44.13778815085663
26	44.23819075039498
27	44.01594145741809
28	44.04806789230957
29	44.23780282640918
30	44.025308155983446
31	44.06948319175213
32	44.1237577341341
33	44.09037213725811
34	43.8997412626054
35	44.297636838505596
36	44.20172714972751
37	44.13266596032392
38	44.23130988496765
39	44.079112885779395
40	43.9896152061473
41	44.17577975663537
42	44.09278561710045
43	44.000531512765754
44	44.41042397327712
45	44.088765350376015
46	44.079310360048204
47	44.249480469435575
48	43.735194349192795
49	43.844779164500196
50	43.67439788919079
51	43.05828164232244
>>END_MODULE
>>Per sequence GC content	warn
#GC Content	Count
0	15008.0
1	12751.0
2	9493.0
3	9215.0
4	10124.5
5	11709.5
6	13446.0
7	15718.0
8	18052.5
9	22082.0
10	26383.0
11	33560.5
12	40720.5
13	53267.5
14	66884.5
15	89658.0
16	113211.5
17	147499.0
18	183154.5
19	231641.0
20	280617.0
21	341315.0
22	403646.5
23	478341.5
24	554640.5
25	630294.0
26	775508.5
27	873376.0
28	978969.0
29	1086476.5
30	1200894.5
31	1316789.5
32	1434671.5
33	1554533.0
34	1661572.5
35	1761971.0
36	1834152.0
37	1900014.5
38	1928582.0
39	1954965.5
40	1960317.0
41	1959886.5
42	1947002.5
43	1926305.5
44	1883469.5
45	1836105.5
46	1787404.0
47	1737107.0
48	1682327.0
49	1626866.0
50	1580207.0
51	1535873.0
52	1493445.0
53	1450181.5
54	1407407.5
55	1362402.0
56	1313485.5
57	1260706.0
58	1196665.5
59	1123713.0
60	1046001.5
61	963541.5
62	877782.0
63	797926.0
64	711859.0
65	627605.5
66	551750.0
67	478213.0
68	410300.0
69	344497.5
70	292057.5
71	243016.0
72	202971.5
73	166022.0
74	135664.0
75	100810.5
76	83834.5
77	69364.0
78	55716.5
79	45256.0
80	35747.0
81	29135.0
82	23201.0
83	18960.0
84	15076.0
85	12177.0
86	9461.0
87	7750.5
88	6216.5
89	5140.5
90	4142.0
91	3632.0
92	3214.0
93	2989.0
94	2778.0
95	2778.0
96	2814.0
97	3215.0
98	4744.5
99	17911.5
100	29951.0
>>END_MODULE
>>Per base N content	pass
#Base	N-Count
1	0.0
2	0.0036369374591537548
3	0.0
4	0.0
5	0.0
6	0.0
7	0.0
8	4.37192830455765E-4
9	0.0
10	0.0
11	0.0
12	9.725956445646366E-4
13	0.0
14	0.0
15	0.0
16	0.0
17	0.0
18	0.0
19	0.0
20	0.0
21	0.0
22	0.0
23	0.0
24	4.772444743998428E-5
25	0.0
26	3.1894132911590837E-6
27	0.0
28	0.0
29	0.0
30	0.0
31	0.0
32	0.0
33	0.0
34	0.0
35	8.286161017069298E-4
36	0.0
37	0.0
38	0.0
39	0.0
40	0.0
41	0.0037920335934812713
42	0.0
43	0.0
44	0.001956040456476958
45	0.0
46	3.343921750090938E-5
47	0.008079674724267995
48	0.0
49	0.0
50	0.0
51	0.0
>>END_MODULE
>>Sequence Length Distribution	warn
#Length	Count
20	31589.0
21	32762.0
22	34438.0
23	35798.0
24	37631.0
25	39072.0
26	41410.0
27	44212.0
28	46796.0
29	50490.0
30	51813.0
31	53798.0
32	55254.0
33	56564.0
34	58506.0
35	60385.0
36	61905.0
37	65495.0
38	69513.0
39	74054.0
40	78572.0
41	83526.0
42	87959.0
43	99378.0
44	122898.0
45	186195.0
46	336984.0
47	866565.0
48	1829781.0
49	3664652.0
50	5049128.0
51	1.8157896E7
>>END_MODULE
>>Sequence Duplication Levels	warn
#Total Duplicate Percentage	38.55545306110368
#Duplication Level	Relative count
1	100.0
2	23.086680421640803
3	11.128683937990221
4	6.527725371504725
5	4.1602106598373485
6	2.8740938174870143
7	2.004640296722088
8	1.5101034834338196
9	1.1295670394425221
10++	8.14219539021042
>>END_MODULE
>>Overrepresented sequences	pass
>>END_MODULE
>>Kmer Content	warn
#Sequence	Count	Obs/Exp Overall	Obs/Exp Max	Max Obs/Exp Position
AAAAA	11225335	4.710833	5.80025	47
TTTTT	9191275	3.7335062	4.402866	13
GGGGG	2672570	3.6307638	4.7524033	47
CCTGG	2927430	3.0508265	3.7661648	9
>>END_MODULE
