##FastQC	0.10.1
>>Basic Statistics	pass
#Measure	Value	
Filename	029-F5_S4_L004_R1_001.fastq.gz	
File type	Conventional base calls	
Encoding	Sanger / Illumina 1.9	
Total Sequences	24270625	
Filtered Sequences	0	
Sequence length	35-76	
%GC	46	
>>END_MODULE
>>Per base sequence quality	pass
#Base	Mean	Median	Lower Quartile	Upper Quartile	10th Percentile	90th Percentile
1	31.37054130250045	32.0	32.0	32.0	32.0	32.0
2	31.38431989287462	32.0	32.0	32.0	32.0	32.0
3	31.497646846754048	32.0	32.0	32.0	32.0	32.0
4	31.588376236705894	32.0	32.0	32.0	32.0	32.0
5	31.53820373393763	32.0	32.0	32.0	32.0	32.0
6	35.16060060258028	36.0	36.0	36.0	36.0	36.0
7	35.166597440321375	36.0	36.0	36.0	36.0	36.0
8	35.092290824813944	36.0	36.0	36.0	36.0	36.0
9	35.245812087657406	36.0	36.0	36.0	36.0	36.0
10-14	35.16976691782762	36.0	36.0	36.0	36.0	36.0
15-19	35.12202125820822	36.0	36.0	36.0	36.0	36.0
20-24	35.08000917158087	36.0	36.0	36.0	36.0	36.0
25-29	34.97665934025185	36.0	36.0	36.0	36.0	36.0
30-34	34.89836430664641	36.0	36.0	36.0	36.0	36.0
35-39	34.87430777230709	36.0	36.0	36.0	36.0	36.0
40-44	34.82368821545232	36.0	36.0	36.0	36.0	36.0
45-49	34.738895838339054	36.0	36.0	36.0	34.4	36.0
50-54	34.62730862422856	36.0	36.0	36.0	32.0	36.0
55-59	34.50086679211826	36.0	36.0	36.0	32.0	36.0
60-64	34.35481991912662	36.0	36.0	36.0	32.0	36.0
65-69	34.208645465448726	36.0	36.0	36.0	32.0	36.0
70-74	34.10184296809284	36.0	36.0	36.0	32.0	36.0
75-76	33.44545108547747	36.0	34.0	36.0	26.5	36.0
>>END_MODULE
>>Per sequence quality scores	pass
#Quality	Count
2	41451.0
3	0.0
4	0.0
5	0.0
6	0.0
7	0.0
8	0.0
9	0.0
10	0.0
11	0.0
12	0.0
13	0.0
14	0.0
15	0.0
16	3.0
17	14.0
18	97.0
19	609.0
20	2417.0
21	6908.0
22	14605.0
23	27780.0
24	50748.0
25	86676.0
26	137944.0
27	205350.0
28	288470.0
29	388233.0
30	508871.0
31	670581.0
32	930194.0
33	1486686.0
34	3532149.0
35	1.5890839E7
>>END_MODULE
>>Per base sequence content	fail
#Base	G	A	T	C
1	42.33579176815529	18.856007228529155	12.145340998679021	26.662860004636528
2	15.875634059997257	19.434360411956263	37.38896340420024	27.301042123846237
3	19.16044034598023	21.65294833120298	27.866885851865092	31.319725470951703
4	12.993008081681559	15.089196815930055	35.52587721318434	36.391917889204045
5	14.853836948795696	35.043196272394596	34.118038856793056	15.984927922016656
6	34.730985876778135	34.87746631395689	16.201344709481223	14.190203099783757
7	30.500383545885633	29.121665476503654	20.536502812683587	19.841448164927126
8	26.196390652960254	35.327017496736474	19.509993480166678	18.966598370136598
9	24.57321904576689	15.983735145077581	20.028454127243464	39.414591681912064
10-14	24.1625189702266	22.925786448702674	28.154690087005026	24.757004494065697
15-19	22.65852021688254	28.043768139344436	25.952298325728762	23.345413318044262
20-24	22.725064480950206	26.627703302062233	27.3649862237082	23.282245993279364
25-29	22.66119390164499	26.674477874169494	27.263096951111404	23.40123127307411
30-34	22.651904573242838	26.723082446324735	27.35960323015564	23.265409750276785
35-39	22.71678402088367	26.94431293381971	27.21439943451975	23.124503610776877
40-44	22.745218412612594	26.840964968053342	27.263072422498695	23.15074419683537
45-49	22.748904511028453	27.005087109774518	27.12314196133201	23.12286641786502
50-54	22.804197170662217	26.99529990032862	27.12188164624534	23.07862128276382
55-59	22.806254365282218	26.966963067301336	27.068697831236232	23.158084736180218
60-64	22.888877952307787	27.04579669247435	27.00297434054042	23.062351014677446
65-69	22.891454792433326	27.081267056651274	27.017480518201474	23.009797632713923
70-74	23.15442984060676	27.302731306312534	26.96826557774633	22.574573275334377
75-76	27.430780555675938	34.62094603667757	27.830194786199534	10.118078621446951
>>END_MODULE
>>Per base GC content	fail
#Base	%GC
1	68.99865177279182
2	43.17667618384349
3	50.48016581693193
4	49.384925970885604
5	30.83876487081235
6	48.92118897656189
7	50.341831710812755
8	45.16298902309685
9	63.98781072767895
10-14	48.9195234642923
15-19	46.0039335349268
20-24	46.00731047422957
25-29	46.0624251747191
30-34	45.917314323519626
35-39	45.84128763166054
40-44	45.89596260944796
45-49	45.871770928893476
50-54	45.88281845342604
55-59	45.964339101462436
60-64	45.951228966985234
65-69	45.90125242514725
70-74	45.72900311594113
75-76	37.54885917712289
>>END_MODULE
>>Per sequence GC content	warn
#GC Content	Count
0	41467.0
1	20743.5
2	33.5
3	64.0
4	85.5
5	121.0
6	214.0
7	372.5
8	473.5
9	653.5
10	1189.0
11	2108.0
12	2713.0
13	3690.0
14	6226.5
15	10497.5
16	17034.5
17	22028.5
18	30133.5
19	46299.5
20	66501.5
21	81234.5
22	103056.5
23	141004.5
24	181325.5
25	209148.0
26	244811.5
27	302438.5
28	359079.0
29	397695.0
30	443932.0
31	515644.0
32	584252.5
33	629954.0
34	687418.5
35	772134.0
36	845611.0
37	892747.5
38	937077.5
39	988486.0
40	1017076.5
41	1029367.0
42	1042430.5
43	1051281.5
44	1044272.0
45	1028858.0
46	1021420.0
47	1006587.0
48	980190.0
49	952202.5
50	932511.0
51	913303.5
52	885503.0
53	861176.5
54	850809.5
55	839397.5
56	816641.0
57	792227.5
58	768545.5
59	728688.5
60	671330.0
61	607673.5
62	556590.0
63	505768.0
64	438960.5
65	377951.5
66	316373.0
67	271687.0
68	237385.5
69	194447.5
70	152237.0
71	123327.5
72	102547.5
73	80781.5
74	61261.5
75	48288.0
76	40183.5
77	31517.5
78	23332.0
79	18297.0
80	15454.0
81	12119.0
82	8547.5
83	6350.0
84	5089.0
85	3792.5
86	2637.5
87	1963.0
88	1595.5
89	1210.0
90	857.5
91	610.5
92	505.5
93	426.0
94	289.5
95	194.0
96	159.5
97	139.5
98	103.5
99	75.0
100	63.0
>>END_MODULE
>>Per base N content	pass
#Base	N-Count
1	0.20572193752736076
2	0.1707867020317771
3	0.17096799114155486
4	0.17102567404012053
5	0.1707867020317771
6	0.1707867020317771
7	0.1707867020317771
8	0.170897947621868
9	0.1707867020317771
10-14	0.17087817062807406
15-19	0.17194118404449824
20-24	0.17143604666134474
25-29	0.17242489635104163
30-34	0.1724232482682255
35-39	0.036349525172653635
40-44	0.002160393608747429
45-49	0.001797974294030423
50-54	0.00394129191739814
55-59	6.643579258461319E-4
60-64	6.382682893285072E-4
65-69	8.163146535499915E-4
70-74	9.684015964122838E-4
75-76	0.006657469805101923
>>END_MODULE
>>Sequence Length Distribution	warn
#Length	Count
35	54712.0
36	19479.0
37	25402.0
38	27582.0
39	29433.0
40	30070.0
41	30989.0
42	32750.0
43	35474.0
44	38434.0
45	41497.0
46	43071.0
47	44799.0
48	45774.0
49	47667.0
50	47526.0
51	48224.0
52	48794.0
53	51243.0
54	53457.0
55	55241.0
56	56691.0
57	58053.0
58	59590.0
59	60549.0
60	60350.0
61	60486.0
62	61360.0
63	63031.0
64	65716.0
65	66747.0
66	69365.0
67	69548.0
68	70072.0
69	74738.0
70	80164.0
71	99754.0
72	192457.0
73	601058.0
74	1631942.0
75	5151826.0
76	1.476551E7
>>END_MODULE
>>Sequence Duplication Levels	warn
#Total Duplicate Percentage	38.15264795976066
#Duplication Level	Relative count
1	100.0
2	24.66073600610556
3	11.194320557768291
4	6.114304339876139
5	3.8326695127477404
6	2.4843584790161146
7	1.7545533322203408
8	1.2441667262912701
9	0.9015240048653677
10++	6.812309698140507
>>END_MODULE
>>Overrepresented sequences	warn
#Sequence	Count	Percentage	Possible Source
NNNNNNNNNNNNNNNNNNNNNNNNNNNNNNNNNNN	41451	0.1707867020317771	No Hit
>>END_MODULE
>>Kmer Content	warn
#Sequence	Count	Obs/Exp Overall	Obs/Exp Max	Max Obs/Exp Position
AAAAA	8117115	3.5592213	6.5762467	72
TTTTT	7652880	3.2131548	5.77399	72
CCTGG	4102580	3.085643	11.951954	3
CCAGG	3898225	2.9575012	12.87499	3
CCCAG	3752970	2.8341491	11.093886	2
CTGGG	3700440	2.796099	10.123344	4
CCAGC	3469405	2.6200075	6.7765546	3
GGAGG	3366120	2.5775583	5.979391	6
GCTGG	3338195	2.5223818	5.9278936	3
CAGCA	3721945	2.4563856	7.0596094	4
TCCAG	3731165	2.4411912	10.027639	2
TGCTG	3675610	2.3951232	6.625061	2
CAGGA	3592515	2.3819664	10.73665	4
CAGCC	3152890	2.3809834	5.489134	9
AGGAG	3568325	2.3769052	7.547697	5
CTCCA	3621365	2.3584092	7.490999	1
GGCTG	3068855	2.318865	8.179454	7
CTCCT	3590850	2.3183277	6.9214396	1
TCCTG	3549595	2.3023255	9.70816	2
CTGGA	3496375	2.298189	8.944855	4
CTGCA	3428880	2.2434149	6.9275746	4
CCTGC	2991485	2.239572	6.3991885	3
GCAGG	2928510	2.2321076	6.7242765	3
GGCAG	2922575	2.2275841	5.774007	7
CAGAG	3353825	2.2237062	7.5349274	4
TGCAG	3375060	2.218448	6.989421	2
CCCTG	2956870	2.2136579	8.789708	2
AGCAG	3314685	2.197755	5.2995734	7
GCCTG	2906525	2.1860633	6.9282355	7
CTGCC	2909605	2.178273	5.723013	9
CTGCT	3353220	2.1749537	6.499715	9
CTCTG	3338385	2.1653314	7.1602793	2
TGGAG	3256115	2.1501954	6.690657	5
CAGGG	2808845	2.1408992	9.165792	4
GCTGC	2782615	2.0928679	5.479322	8
CACAG	3152495	2.0805635	7.4034877	7
CAGGC	2733590	2.073917	6.2192245	4
AGCTG	3139545	2.0636423	5.704252	7
CTGTG	3135690	2.0432973	9.158025	9
GGAGA	3030170	2.0184336	5.8030677	6
GGGAG	2627815	2.0122118	5.1644583	7
CTGGC	2667155	2.0060277	5.1769705	4
GCCAG	2641275	2.0038798	5.0217752	2
CTCAG	3057275	2.000285	6.228982	2
CTGAG	3010160	1.9785969	5.6108193	4
CCCCA	2628630	1.9759074	6.4679995	1
CAGAA	3393850	1.9574844	5.569136	4
TCCCA	2892405	1.883675	5.2024226	2
TTCTG	3333405	1.8732069	5.22823	2
CAGTG	2830495	1.8605018	6.5911674	9
CACTG	2841555	1.8591454	7.7482657	7
CCAGA	2816830	1.8590336	6.6921344	3
GGCCA	2448890	1.8579212	5.6635685	1
TGGGG	2443295	1.8547505	5.5225782	5
CCTCT	2847175	1.8381953	5.1982045	1
TCTGG	2773165	1.8070666	6.0903916	3
ACCTG	2739145	1.7921416	5.1552763	7
TGGCC	2363405	1.7775705	5.2881002	5
CCTGA	2657065	1.7384388	5.6266127	3
GCCCA	2263625	1.7094327	6.6985435	1
ACAGA	2950265	1.7016361	5.960155	8
TCAGG	2569200	1.6887511	5.936082	3
GAGAG	2514150	1.6747063	5.5208106	7
AGGTG	2492485	1.6459275	5.088526	7
TGGGC	2167440	1.6377448	6.0675774	5
CCTGT	2519790	1.6343771	5.46348	8
ACAGG	2434250	1.6139952	5.1727967	8
ACACA	2704700	1.5527956	6.4426956	6
GTGTG	2323655	1.5211797	6.3517737	1
CACAC	2312755	1.5193079	6.6450872	5
TGTGT	2671305	1.508105	5.7315273	10
ACAGC	2252740	1.4867492	5.784257	8
GCCCT	1954650	1.4633467	5.4344807	1
GCTGT	2238175	1.4584529	5.172549	8
CTGTC	2242850	1.4547495	5.869164	9
GACAG	2189160	1.4514916	7.178479	7
GGGCT	1919875	1.4506816	5.77862	6
AGGGC	1835300	1.398864	5.473455	5
AGACA	2401885	1.3853447	5.5683055	6
GGACA	1952975	1.2948925	6.2322936	6
ACTGC	1960460	1.282671	5.480632	8
GTCCT	1924800	1.248457	7.2316785	1
GTGCT	1910425	1.2448827	5.6592846	1
TGTGC	1842655	1.2007219	5.661372	10
GTCCA	1830910	1.1979103	6.8729777	1
AGCAC	1813680	1.196981	5.709142	5
AGGAC	1798910	1.192742	7.4459667	5
GTCTT	2018985	1.1345686	5.171032	1
GTCCC	1499585	1.1226629	5.163295	1
TGCAC	1705735	1.116012	5.674241	5
GTGCA	1695505	1.114466	5.887536	1
ACAGT	1947650	1.1136463	5.8730073	8
TGGAC	1689690	1.1106437	6.148972	5
ACTGT	1941135	1.1003294	6.7588177	8
GACTG	1618400	1.0637842	6.2207904	7
GCACT	1607980	1.0520538	5.1012034	6
AGACT	1789435	1.0231805	5.2146215	6
ACACT	1722040	0.98009723	5.236779	6
GGACT	1470710	0.9667068	5.4144473	6
GTGTA	1190390	0.6779017	5.8781176	1
TACAC	1132475	0.6445468	5.1205783	5
>>END_MODULE
