##FastQC	0.10.1
>>Basic Statistics	pass
#Measure	Value	
Filename	KS30_S4_L001_R1_001.fastq.gz	
File type	Conventional base calls	
Encoding	Sanger / Illumina 1.9	
Total Sequences	25364427	
Filtered Sequences	0	
Sequence length	35-75	
%GC	45	
>>END_MODULE
>>Per base sequence quality	pass
#Base	Mean	Median	Lower Quartile	Upper Quartile	10th Percentile	90th Percentile
1	31.438186086364183	32.0	32.0	32.0	32.0	32.0
2	31.51290040969583	32.0	32.0	32.0	32.0	32.0
3	31.590868463143284	32.0	32.0	32.0	32.0	32.0
4	31.66522468652653	32.0	32.0	32.0	32.0	32.0
5	31.64520562597373	32.0	32.0	32.0	32.0	32.0
6	35.31630968836789	36.0	36.0	36.0	36.0	36.0
7	35.33145227369024	36.0	36.0	36.0	36.0	36.0
8	35.282052734721745	36.0	36.0	36.0	36.0	36.0
9	35.372558426019246	36.0	36.0	36.0	36.0	36.0
10	35.273812296252544	36.0	36.0	36.0	36.0	36.0
11	35.356940056244916	36.0	36.0	36.0	36.0	36.0
12	35.307643614421096	36.0	36.0	36.0	36.0	36.0
13	35.333227436992765	36.0	36.0	36.0	36.0	36.0
14	35.312123550041164	36.0	36.0	36.0	36.0	36.0
15	35.2743091338117	36.0	36.0	36.0	36.0	36.0
16	35.29457700739702	36.0	36.0	36.0	36.0	36.0
17	35.28785645344955	36.0	36.0	36.0	36.0	36.0
18	35.2701284361756	36.0	36.0	36.0	36.0	36.0
19	35.274302116109304	36.0	36.0	36.0	36.0	36.0
20	35.26572928298361	36.0	36.0	36.0	36.0	36.0
21	35.25679030714946	36.0	36.0	36.0	36.0	36.0
22	35.2472637761539	36.0	36.0	36.0	36.0	36.0
23	35.22803830735069	36.0	36.0	36.0	36.0	36.0
24	35.21822854504066	36.0	36.0	36.0	36.0	36.0
25	35.18056804516026	36.0	36.0	36.0	36.0	36.0
26	35.15622931280884	36.0	36.0	36.0	36.0	36.0
27	35.14535652628778	36.0	36.0	36.0	36.0	36.0
28	35.14421614964927	36.0	36.0	36.0	36.0	36.0
29	35.128765179674666	36.0	36.0	36.0	36.0	36.0
30	35.1052661666672	36.0	36.0	36.0	36.0	36.0
31	35.0904250271453	36.0	36.0	36.0	36.0	36.0
32	35.078312867071666	36.0	36.0	36.0	36.0	36.0
33	35.072783784944164	36.0	36.0	36.0	36.0	36.0
34	35.058984182847894	36.0	36.0	36.0	36.0	36.0
35	35.03271751417842	36.0	36.0	36.0	36.0	36.0
36	35.032629993275705	36.0	36.0	36.0	36.0	36.0
37	35.02594111416441	36.0	36.0	36.0	36.0	36.0
38	35.0001131039176	36.0	36.0	36.0	36.0	36.0
39	34.989426251051945	36.0	36.0	36.0	36.0	36.0
40	34.97528466515377	36.0	36.0	36.0	36.0	36.0
41	34.96566918491164	36.0	36.0	36.0	36.0	36.0
42	34.95112891197552	36.0	36.0	36.0	36.0	36.0
43	34.94105319660658	36.0	36.0	36.0	36.0	36.0
44	34.926224361260104	36.0	36.0	36.0	36.0	36.0
45	34.90658685830619	36.0	36.0	36.0	36.0	36.0
46	34.89902641395265	36.0	36.0	36.0	36.0	36.0
47	34.89256567403486	36.0	36.0	36.0	36.0	36.0
48	34.85276446671959	36.0	36.0	36.0	36.0	36.0
49	34.84524806723423	36.0	36.0	36.0	36.0	36.0
50	34.834027564658086	36.0	36.0	36.0	36.0	36.0
51	34.80921986035709	36.0	36.0	36.0	36.0	36.0
52	34.78913175448064	36.0	36.0	36.0	36.0	36.0
53	34.77242720028805	36.0	36.0	36.0	36.0	36.0
54	34.74420769031424	36.0	36.0	36.0	36.0	36.0
55	34.72526542165419	36.0	36.0	36.0	36.0	36.0
56	34.70392091479199	36.0	36.0	36.0	36.0	36.0
57	34.68423491418234	36.0	36.0	36.0	32.0	36.0
58	34.66238043741543	36.0	36.0	36.0	32.0	36.0
59	34.63529002876472	36.0	36.0	36.0	32.0	36.0
60	34.616391300523524	36.0	36.0	36.0	32.0	36.0
61	34.595111480712646	36.0	36.0	36.0	32.0	36.0
62	34.56586935491672	36.0	36.0	36.0	32.0	36.0
63	34.54057737124383	36.0	36.0	36.0	32.0	36.0
64	34.511604995443086	36.0	36.0	36.0	32.0	36.0
65	34.48164655114615	36.0	36.0	36.0	32.0	36.0
66	34.43885548200607	36.0	36.0	36.0	32.0	36.0
67	34.4266341339724	36.0	36.0	36.0	32.0	36.0
68	34.39403424104797	36.0	36.0	36.0	32.0	36.0
69	34.37517044507389	36.0	36.0	36.0	32.0	36.0
70	34.33426300513263	36.0	36.0	36.0	32.0	36.0
71	34.31042314404384	36.0	36.0	36.0	32.0	36.0
72	34.28838797216626	36.0	36.0	36.0	32.0	36.0
73	34.24265724676278	36.0	36.0	36.0	32.0	36.0
74	34.20662888601999	36.0	36.0	36.0	32.0	36.0
75	33.47119230526886	36.0	36.0	36.0	27.0	36.0
>>END_MODULE
>>Per sequence quality scores	pass
#Quality	Count
2	10093.0
3	0.0
4	0.0
5	0.0
6	0.0
7	0.0
8	0.0
9	1.0
10	0.0
11	14.0
12	36.0
13	114.0
14	399.0
15	359.0
16	286.0
17	365.0
18	490.0
19	988.0
20	2580.0
21	6630.0
22	13550.0
23	25776.0
24	46199.0
25	78978.0
26	126379.0
27	187652.0
28	264409.0
29	356277.0
30	468721.0
31	618179.0
32	852310.0
33	1349139.0
34	3165625.0
35	1.7788878E7
>>END_MODULE
>>Per base sequence content	fail
#Base	G	A	T	C
1	43.481921665858586	18.50709811007313	11.32780004571115	26.68318017835713
2	16.562754137119104	20.310740119862697	35.2098512209645	27.9166545220537
3	18.61494243851985	21.795501840675275	28.611167139341593	30.97838858146328
4	13.016964993116757	15.28159610461772	35.53168121829141	36.16975768397411
5	14.660511977324894	35.450802360117954	34.304848016863076	15.583837645694071
6	34.64231795636991	35.52426184809271	15.951939419903516	13.881480775633861
7	30.611602734270203	29.966419153427577	20.344711085686573	19.077267026615647
8	26.645211820590514	34.51391387365963	19.625189129400912	19.21568517634894
9	24.598074632920746	15.479921499811432	19.866043414904926	40.055960452362896
10	14.150129125852803	27.26819801301032	34.81690349271253	23.76476936842435
11	34.430212207506614	22.74648586707109	23.48853651608439	19.334765409337905
12	22.05291213723066	24.243795952202884	31.12291965547192	22.580372255094534
13	27.917203425654957	20.568795062808594	26.178049086203565	25.335952425332884
14	20.464769455194524	20.450393214824732	27.296374655315343	31.788462674665404
15	22.775324231842305	29.35925021438234	23.283692972148163	24.581732581627193
16	22.81330215812583	28.699010944454173	25.242830570004593	23.24485632741541
17	21.610131822038788	28.120750479977115	27.43724209044497	22.83187560753913
18	22.15594983127505	27.94278299815392	27.80497590111209	22.09629126945894
19	22.48903710964271	27.33599644217599	27.67974061806345	22.49522583011785
20	22.549315610242456	27.22488150184863	27.68981840597332	22.535984481935593
21	22.421754236060778	26.921230772822952	27.49755306967488	23.159461921441387
22	22.294367470916633	26.822550468072244	27.756711054887024	23.1263710061241
23	22.373511436399685	26.911627799110114	27.55059613537865	23.16426462911155
24	22.392788300891027	26.756604918424355	27.820072433152525	23.030534347532093
25	22.699375976946527	26.694484292533932	27.40999470284457	23.196145027674973
26	22.171516478314892	27.03268051200126	27.635232629232988	23.160570380450864
27	22.144082731272427	27.047641159432846	27.751358086021234	23.056918023273496
28	22.320422433271624	26.90244025769263	27.737132190965546	23.0400051180702
29	21.990604540569418	27.085013725887496	27.887417153499783	23.0369645800433
30	22.200332114795415	27.177505879186093	27.709669012187472	22.91249299383102
31	22.568320026306107	27.223358852351836	27.453131002037573	22.755190119304483
32	22.014281536861844	27.306679114623307	27.828706616590786	22.85033273192407
33	22.07040488818217	27.111279638769826	27.92952016583416	22.888795307213844
34	22.114609882949242	26.82034038498627	28.123980397115684	22.9410693349488
35	22.011260209965943	27.075241545274224	27.944319212629683	22.969179032130146
36	22.241310154652496	27.499578559755726	27.733999147769516	22.525112137822262
37	22.29626584926922	27.26296871036548	27.611866911203997	22.828898529161297
38	22.19940079038072	27.5692830448182	27.586611281044927	22.64470488375615
39	22.19745590783219	27.409711383257562	27.821812850775224	22.571019858135024
40	22.15868112071554	27.197693620518002	27.806478247815303	22.837147010951153
41	22.230031951659292	27.34209590508448	27.819136150139013	22.608735993117214
42	22.11973469818069	27.39340167823529	27.836530822044136	22.65033280153988
43	22.25617109917494	27.150537857738566	27.71967870046484	22.873612342621655
44	22.166815035425646	27.504338262405785	27.765429546159414	22.563417156009155
45	22.173494391830452	27.458569428900137	27.6941312841662	22.673804895103206
46	22.33736331335583	27.517515555401612	27.54292701133933	22.60219411990323
47	22.099969410022787	27.594761498134613	27.73087341048735	22.57439568135525
48	22.051761439777582	27.50273669769548	27.714187222724085	22.731314639802854
49	22.23748017970927	27.352410450905356	27.789021040936163	22.621088328449215
50	22.18637065782623	27.481767081535253	27.73256366071859	22.599298599919926
51	22.29773510836607	27.4918877565583	27.665145603190528	22.54523153188511
52	22.260944106686615	27.438958743056897	27.62871293322452	22.671384217031967
53	22.171221950254743	27.399343574657625	27.743144782492056	22.686289692595572
54	22.32613143230468	27.655804653542194	27.639234086845583	22.37882982730754
55	22.31096485534332	27.4496086937893	27.553354560261734	22.686071890605643
56	22.396570651546757	27.61981856940347	27.498183821438154	22.48542695761162
57	22.16975065347056	27.522587896488695	27.661367502998402	22.646293947042338
58	22.15194265497517	27.319962454572437	27.763211096759697	22.76488379369269
59	22.06541886303713	27.510234110074915	27.776503510624973	22.647843516262984
60	22.240172996566514	27.515484955610436	27.72110255071496	22.52323949710809
61	22.42054043086732	27.552623644103157	27.565225071193634	22.46161085383589
62	22.33982201826037	27.65692640234491	27.519610168489063	22.483641410905655
63	22.309173629668383	27.665971029385027	27.566537551875502	22.45831778907109
64	22.339870833287158	27.39829644117322	27.544003533920762	22.71782919161886
65	22.187935126231434	27.478000920871438	27.710705432149236	22.623358520747896
66	22.2572263068435	27.53214468744452	27.533783728959005	22.67684527675297
67	22.249412211819614	27.46933618297898	27.59397702424431	22.68727458095709
68	22.31173589464662	27.70087784986575	27.64951520320502	22.33787105228261
69	22.54413423148077	27.606008277492716	27.547354017604757	22.30250347342176
70	22.57119579970544	27.456879931723876	27.48524792708232	22.48667634148837
71	22.436261960834592	27.69582806679664	27.426786908335902	22.441123064032862
72	22.43129300700461	27.85302033084289	27.64190882442795	22.07377783772455
73	23.07117316630632	28.43199585665044	27.68798426509645	20.808846711946792
74	24.318198231215046	30.790217945360666	27.80441968328163	17.087164140142658
75	29.672217433425125	41.05052748811912	29.277255078455756	0.0
>>END_MODULE
>>Per base GC content	fail
#Base	%GC
1	70.16510184421571
2	44.47940865917281
3	49.59333101998313
4	49.18672267709087
5	30.24434962301897
6	48.52379873200376
7	49.68886976088585
8	45.86089699693946
9	64.65403508528365
10	37.914898494277146
11	53.764977616844526
12	44.633284392325194
13	53.253155850987845
14	52.253232129859924
15	47.3570568134695
16	46.058158485541234
17	44.44200742957792
18	44.25224110073399
19	44.984262939760555
20	45.08530009217805
21	45.58121615750217
22	45.420738477040736
23	45.53777606551123
24	45.42332264842312
25	45.8955210046215
26	45.33208685876575
27	45.20100075454592
28	45.36042755134183
29	45.02756912061272
30	45.11282510862644
31	45.32351014561059
32	44.864614268785914
33	44.959200195396015
34	45.055679217898046
35	44.9804392420961
36	44.76642229247476
37	45.12516437843052
38	44.84410567413688
39	44.76847576596722
40	44.99582813166669
41	44.83876794477651
42	44.77006749972057
43	45.1297834417966
44	44.7302321914348
45	44.84729928693366
46	44.93955743325906
47	44.674365091378036
48	44.78307607958043
49	44.858568508158484
50	44.78566925774616
51	44.84296664025118
52	44.932328323718586
53	44.85751164285032
54	44.704961259612226
55	44.99703674594897
56	44.881997609158375
57	44.8160446005129
58	44.916826448667855
59	44.71326237930012
60	44.7634124936746
61	44.88215128470321
62	44.823463429166026
63	44.76749141873947
64	45.05770002490602
65	44.81129364697934
66	44.93407158359648
67	44.93668679277671
68	44.649606946929225
69	44.84663770490253
70	45.057872141193805
71	44.87738502486746
72	44.50507084472916
73	43.880019878253115
74	41.405362371357704
75	29.672217433425125
>>END_MODULE
>>Per sequence GC content	warn
#GC Content	Count
0	10106.0
1	5062.0
2	36.5
3	66.0
4	76.5
5	100.5
6	212.5
7	416.5
8	534.0
9	732.5
10	1342.5
11	2508.0
12	3293.5
13	4577.5
14	7845.0
15	12877.5
16	16792.0
17	24235.0
18	40002.0
19	59650.5
20	73303.5
21	95172.5
22	136084.5
23	181843.5
24	212351.5
25	251058.0
26	316795.0
27	382737.5
28	425125.5
29	476071.0
30	556380.0
31	630929.0
32	678592.5
33	733553.0
34	823758.0
35	905888.0
36	953558.0
37	1000126.5
38	1051310.0
39	1083955.5
40	1105352.5
41	1110613.5
42	1104043.0
43	1090009.5
44	1082779.5
45	1067513.5
46	1031613.5
47	991659.5
48	970322.5
49	945786.5
50	902906.5
51	865832.5
52	846495.0
53	832133.0
54	806163.5
55	782023.5
56	770038.0
57	754522.5
58	720211.5
59	674792.0
60	634587.0
61	585711.5
62	523730.5
63	465002.5
64	419673.0
65	380836.5
66	326497.5
67	270261.5
68	230322.5
69	200367.5
70	164059.5
71	128016.0
72	103948.5
73	88190.0
74	69693.0
75	52763.0
76	42231.5
77	35260.5
78	27771.0
79	21126.5
80	16874.0
81	14104.0
82	10908.0
83	7625.0
84	5588.0
85	4585.0
86	3379.5
87	2216.0
88	1713.5
89	1392.5
90	936.0
91	635.0
92	507.0
93	577.0
94	546.0
95	355.0
96	267.0
97	183.0
98	86.0
99	87.5
100	103.0
>>END_MODULE
>>Per base N content	pass
#Base	N-Count
1	0.07220348403691516
2	0.04041092668878347
3	0.03999696109831301
4	0.03981560474439261
5	0.03982348980325871
6	0.0397919495677943
7	0.0397919495677943
8	0.0397919495677943
9	0.0397919495677943
10	0.0397919495677943
11	0.0397919495677943
12	0.0397919495677943
13	0.0397919495677943
14	0.0397919495677943
15	0.0401862025110995
16	0.04315886970362075
17	0.0397919495677943
18	0.03999696109831301
19	0.04672685884053284
20	0.04034784621785463
21	0.04025716804089444
22	0.04071844398456153
23	0.03989445533305365
24	0.040572570395538604
25	0.04414450206188375
26	0.0509650779810638
27	0.050290905448011895
28	0.0438448698249718
29	0.04718419225476688
30	0.05343704393558743
31	0.053858894584923996
32	0.06818604654463513
33	0.05060236527322301
34	0.05710359630832584
35	0.08010037049131842
36	0.01485521353896115
37	0.021506040688198037
38	0.020347655238580006
39	0.032477219561557934
40	0.03907623696825268
41	0.022783832747151053
42	0.03258019835384427
43	0.042632862601571876
44	0.03083050707162886
45	0.03675020349801597
46	0.024343415221084887
47	0.034433595896771536
48	0.06531561222900012
49	0.03573804544903913
50	0.03627054230900721
51	0.05012938785329004
52	0.048957567811289265
53	0.03481383904517356
54	0.05824653352116736
55	0.04486033550129657
56	0.03902520111257621
57	0.052684199073229035
58	0.041623595273827405
59	0.03791910548007153
60	0.029089161899276243
61	0.047692714008072255
62	0.023656546764909792
63	0.03682426683260123
64	0.05368210315485031
65	0.030393529607435604
66	0.038016173785256714
67	0.0380755040535808
68	0.021978657872707637
69	0.023624939831823857
70	0.042484884423177396
71	0.022329036069568407
72	0.014682784991701213
73	0.026723051515074668
74	0.020128020432754728
75	0.046711405433223274
>>END_MODULE
>>Sequence Length Distribution	warn
#Length	Count
35	13058.0
36	5002.0
37	6838.0
38	7927.0
39	9307.0
40	10487.0
41	11164.0
42	12640.0
43	14336.0
44	16665.0
45	18145.0
46	19302.0
47	20374.0
48	21532.0
49	22250.0
50	22438.0
51	23463.0
52	24647.0
53	25850.0
54	27981.0
55	29228.0
56	30359.0
57	31253.0
58	31893.0
59	33044.0
60	32875.0
61	33169.0
62	34776.0
63	36198.0
64	38890.0
65	41410.0
66	41049.0
67	43038.0
68	44676.0
69	54576.0
70	71384.0
71	170743.0
72	612403.0
73	1764952.0
74	5460822.0
75	1.6394283E7
>>END_MODULE
>>Sequence Duplication Levels	warn
#Total Duplicate Percentage	39.40680895613783
#Duplication Level	Relative count
1	100.0
2	25.67563162184189
3	12.227383863080684
4	6.95680521597392
5	4.361043194784026
6	2.975550122249389
7	1.9942950285248573
8	1.4881825590872046
9	1.0440097799511003
10++	6.276283618581907
>>END_MODULE
>>Overrepresented sequences	pass
>>END_MODULE
>>Kmer Content	warn
#Sequence	Count	Obs/Exp Overall	Obs/Exp Max	Max Obs/Exp Position
AAAAA	9716580	3.7962987	7.5094953	71
TTTTT	8986700	3.3574917	6.082509	71
CCTGG	4117310	3.1296117	12.335237	3
CCAGG	3903755	2.9939592	13.999974	3
CCCAG	3788390	2.8887796	12.707417	2
CTGGG	3710370	2.8365977	11.023746	4
CCAGC	3526625	2.6891744	7.195524	3
GGAGG	3329550	2.5831883	5.971694	6
GCTGG	3351360	2.5621326	6.3642044	3
CAGCA	3768855	2.4349601	6.931046	4
TCCAG	3800250	2.43337	9.379884	2
CAGCC	3180440	2.4251964	6.3515124	5
TGCTG	3709835	2.3679237	6.3970604	2
CAGGA	3623795	2.3547764	10.660774	4
CTCCA	3689015	2.348566	7.201464	1
GGCTG	3058515	2.3382509	8.691956	7
AGGAG	3571850	2.3344407	7.6475735	5
CTCCT	3635390	2.2938073	6.510593	1
CTGGA	3525625	2.2705743	8.49845	4
GGCAG	2942640	2.269886	6.6183953	7
TCCTG	3563695	2.2615702	8.995887	2
CCTGC	2979945	2.252068	6.467363	3
GCCTG	2931660	2.2283864	8.253738	7
GCAGG	2873970	2.2169156	6.785779	3
CTGCC	2933245	2.216775	5.834971	9
CTGCA	3438535	2.2017574	6.6804852	4
CAGAG	3388095	2.2016163	8.244517	4
AGCAG	3384870	2.1995206	5.6954436	7
CCCTG	2904115	2.1947603	9.15455	2
CTGCT	3441570	2.184068	6.6418056	9
GCTGC	2850185	2.1664565	5.7584963	8
TGCAG	3361940	2.1651578	6.572018	2
CTCTG	3363000	2.1342063	7.450713	2
CAGGG	2735030	2.1097405	9.879631	4
TGGAG	3240075	2.0987382	6.4986053	5
CAGGC	2711730	2.0797434	6.828748	4
AGCTG	3227435	2.078534	6.1361146	7
GCCAG	2689920	2.0630164	5.880524	2
CTGGC	2705555	2.0565217	5.619876	4
GGGAG	2614265	2.028244	5.609018	7
GGAGA	3073160	2.0085137	5.574927	6
CCCCA	2640740	2.0020814	7.379925	1
CAGAA	3633340	1.9888918	5.5567284	4
CACAG	3073750	1.9858707	7.016138	7
CTGTG	3051870	1.947956	9.096639	9
CTCAG	3036245	1.9441637	6.3431892	2
CTGAG	3002155	1.9334489	6.076493	4
GGCCA	2476680	1.8994734	6.804245	1
CCAGA	2905535	1.8771914	7.1468554	3
TGGGG	2422385	1.862633	6.2110486	5
CCTCT	2887935	1.8221886	5.482755	1
TCTGG	2845275	1.8160902	6.2444825	3
TGGCC	2372340	1.8032413	5.9927263	5
CACTG	2801500	1.7938521	7.516267	7
CAGTG	2770790	1.7844452	6.633601	9
AGAGG	2720920	1.7783016	5.2769446	5
ACCTG	2767310	1.7719595	5.529707	7
GCCCA	2295375	1.7503036	8.327363	1
CCTGA	2681370	1.7169306	5.755004	3
GGCCC	1889250	1.7101336	5.0075355	6
ACAGA	3049980	1.6695603	5.728465	8
GAGAG	2547510	1.6649666	5.372161	7
TCAGG	2572745	1.6569003	6.0454583	3
GGGCC	1815695	1.6530544	5.735627	6
GGCCT	2174620	1.6529522	5.508866	6
TGGGC	2158505	1.6501884	6.721832	5
AGCCT	2525265	1.6169738	6.074221	6
AGGCC	2107755	1.6165287	5.4013677	5
AGGTG	2476165	1.6039203	5.4270434	7
CCTGT	2519270	1.5987636	5.6418543	8
CCAAG	2448960	1.5822101	5.1031556	3
ACAGG	2432635	1.5807493	5.0213985	8
AGGCT	2340340	1.5072266	5.359847	6
GCCCT	1932580	1.4605309	5.99938	1
GGGCT	1890810	1.4455342	6.0978847	6
CTGTC	2260735	1.4346936	5.9374046	9
GACAG	2204670	1.4326154	7.172713	7
ACAGC	2215890	1.4316295	5.5302057	8
ACACA	2622865	1.4275043	6.119189	6
GCTGT	2226865	1.4213696	5.279538	8
GTGTG	2203985	1.4148988	6.3199296	1
CACAC	2188670	1.4059151	6.704481	5
TGTGT	2613610	1.4008453	5.4527884	10
AGAGC	2126870	1.3820603	5.2064276	5
AGGGC	1787205	1.3786095	5.9556956	5
AGACA	2457590	1.3452858	5.617732	6
ACTGC	1968470	1.2604475	5.2724376	8
GGACA	1916110	1.2451065	6.06845	6
GTCCT	1901100	1.2064644	6.961213	1
GTGCT	1887910	1.2050204	5.575335	1
GTCCA	1808785	1.1581984	6.554954	1
AGGAC	1779190	1.1561345	7.378629	5
AGCAC	1783500	1.1522734	5.719138	5
TGTGC	1785720	1.1397943	5.5382185	10
TGCAC	1678295	1.0746431	5.667291	5
GTGCA	1662030	1.0703812	5.816771	1
TGGAC	1655395	1.0661081	5.9450874	5
ACAGT	1939975	1.0524824	5.551952	8
ACTGT	1942185	1.0442941	6.445526	8
GACTG	1621090	1.0440149	6.3462696	7
GCACT	1614470	1.0337749	5.1650567	6
AGACT	1872415	1.0158294	5.7041564	6
GGACC	1295010	0.99319935	5.204421	6
GGACT	1479065	0.95254797	5.447149	6
GTGTA	1150595	0.6222406	5.445259	1
>>END_MODULE
