##FastQC	0.10.1
>>Basic Statistics	pass
#Measure	Value	
Filename	006-F0_S6_L002_R2_001.fastq.gz	
File type	Conventional base calls	
Encoding	Sanger / Illumina 1.9	
Total Sequences	22342017	
Filtered Sequences	0	
Sequence length	35-76	
%GC	46	
>>END_MODULE
>>Per base sequence quality	pass
#Base	Mean	Median	Lower Quartile	Upper Quartile	10th Percentile	90th Percentile
1	31.312270552833255	32.0	32.0	32.0	32.0	32.0
2	31.05896951917994	32.0	32.0	32.0	32.0	32.0
3	31.09936819938862	32.0	32.0	32.0	32.0	32.0
4	31.13742389507626	32.0	32.0	32.0	32.0	32.0
5	31.095999926953777	32.0	32.0	32.0	32.0	32.0
6	34.77391602557638	36.0	36.0	36.0	36.0	36.0
7	34.75673906254749	36.0	36.0	36.0	36.0	36.0
8	34.66233567900338	36.0	36.0	36.0	32.0	36.0
9	34.81206638594895	36.0	36.0	36.0	36.0	36.0
10-14	34.686807005831206	36.0	36.0	36.0	32.8	36.0
15-19	34.581138659056606	36.0	36.0	36.0	32.0	36.0
20-24	34.51340617993442	36.0	36.0	36.0	32.0	36.0
25-29	34.42814171164582	36.0	36.0	36.0	32.0	36.0
30-34	34.34630937752845	36.0	36.0	36.0	32.0	36.0
35-39	34.302473543444975	36.0	36.0	36.0	32.0	36.0
40-44	34.21076634199412	36.0	36.0	36.0	32.0	36.0
45-49	34.073365385231625	36.0	36.0	36.0	32.0	36.0
50-54	33.91819299842103	36.0	36.0	36.0	32.0	36.0
55-59	33.74916231940786	36.0	36.0	36.0	28.0	36.0
60-64	33.587706003338965	36.0	36.0	36.0	27.0	36.0
65-69	33.46402718818575	36.0	36.0	36.0	27.0	36.0
70-74	33.324760522325846	36.0	36.0	36.0	27.0	36.0
75-76	32.35683507812391	36.0	34.0	36.0	17.5	36.0
>>END_MODULE
>>Per sequence quality scores	pass
#Quality	Count
2	48737.0
3	114.0
4	1353.0
5	3757.0
6	1295.0
7	890.0
8	621.0
9	154.0
10	220.0
11	172.0
12	226.0
13	248.0
14	1954.0
15	6815.0
16	10869.0
17	16087.0
18	23477.0
19	31674.0
20	40780.0
21	52324.0
22	69539.0
23	94807.0
24	132006.0
25	181544.0
26	241637.0
27	312132.0
28	393943.0
29	492591.0
30	617070.0
31	787724.0
32	1066689.0
33	1633611.0
34	3440989.0
35	1.2635968E7
>>END_MODULE
>>Per base sequence content	fail
#Base	G	A	T	C
1	44.05035852293244	18.33503185297391	11.68999063589357	25.924618988200077
2	16.602343314613314	18.767528268700122	37.97278426992453	26.65734414676203
3	20.11805705799558	20.979680960016893	27.85829959132784	31.043962390659686
4	13.716078670185455	14.578051658092035	35.79028365236977	35.915586019352745
5	15.633911755390212	34.138747997879356	34.544462968746984	15.682877277983454
6	34.65088404275939	34.457843193413744	16.53646184360448	14.354810920222388
7	30.39655131886511	28.979944149445362	20.788541431346758	19.834963100342772
8	26.210119321849596	34.766162998877164	20.13112887647975	18.89258880279349
9	24.780434444634636	15.78466618224043	20.674722440144233	38.7601769329807
10-14	24.301166305182008	22.889472639482022	28.263359096844592	24.546001958491377
15-19	22.830759558402892	27.844314301279283	26.067604869169198	23.257321271148626
20-24	22.91794065677334	26.55386308988233	27.325036208517833	23.203160044826497
25-29	22.85030036382484	26.638502885412162	27.155329513825887	23.35586723693711
30-34	22.857674672316218	26.66859767689201	27.28079039429771	23.192937256494066
35-39	22.94906337089223	26.912777200845266	27.088454701503313	23.04970472675919
40-44	22.996501648763452	26.8225175019386	27.141812627708955	23.039168221588998
45-49	23.02592119623079	26.96055490466528	26.926086768569597	23.087437130534337
50-54	22.998602546806744	27.06224981839387	26.94959677344898	22.98955086135041
55-59	23.065938885345588	27.009145493301983	26.80317465784926	23.121740963503168
60-64	23.155583878480286	27.051098769408465	26.816752957702906	22.976564394408346
65-69	23.206773267342307	27.190815002611423	26.73444073571692	22.867970994329355
70-74	23.508691449205884	27.42113098707941	26.683388313573513	22.386789250141188
75-76	27.75410200121824	34.6650375964847	27.534589720779763	10.046270681517294
>>END_MODULE
>>Per base GC content	fail
#Base	%GC
1	69.97497751113252
2	43.25968746137534
3	51.16201944865526
4	49.6316646895382
5	31.316789033373666
6	49.00569496298178
7	50.231514419207876
8	45.10270812464309
9	63.54061137761533
10-14	48.84716826367338
15-19	46.08808082955152
20-24	46.121100701599836
25-29	46.20616760076195
30-34	46.050611928810284
35-39	45.99876809765142
40-44	46.03566987035245
45-49	46.11335832676512
50-54	45.98815340815715
55-59	46.18767984884876
60-64	46.13214827288863
65-69	46.07474426167166
70-74	45.895480699347075
75-76	37.800372682735535
>>END_MODULE
>>Per sequence GC content	warn
#GC Content	Count
0	48841.0
1	24623.0
2	737.0
3	1404.0
4	1747.5
5	1933.5
6	2117.5
7	2111.5
8	2109.0
9	2216.5
10	2629.0
11	3663.5
12	4433.5
13	5345.0
14	7715.5
15	11693.5
16	17677.0
17	22306.5
18	29397.5
19	43512.0
20	61585.0
21	74756.0
22	93878.5
23	127098.5
24	162014.0
25	185970.5
26	217113.5
27	267803.5
28	319054.0
29	354177.0
30	396853.0
31	464691.5
32	531437.5
33	576424.5
34	633353.0
35	717725.0
36	790250.0
37	835742.5
38	872324.0
39	912026.5
40	930598.5
41	937316.0
42	949291.0
43	959489.0
44	956935.0
45	946985.0
46	942995.0
47	933276.0
48	912862.0
49	889668.0
50	874009.0
51	858205.0
52	833430.5
53	808415.0
54	794734.0
55	779026.5
56	752532.5
57	727051.0
58	704186.0
59	665819.0
60	611471.0
61	552651.5
62	505106.0
63	458794.0
64	398416.0
65	341347.0
66	285437.0
67	246081.5
68	214167.5
69	174857.0
70	137726.0
71	112448.5
72	94306.0
73	75415.0
74	58520.0
75	47102.0
76	39811.5
77	32250.5
78	24715.0
79	20062.0
80	17410.5
81	13864.0
82	10207.0
83	8048.5
84	6716.0
85	5466.5
86	4313.0
87	3559.0
88	3142.5
89	2780.5
90	2446.5
91	2128.0
92	1985.5
93	1969.0
94	1877.0
95	1758.5
96	1727.0
97	1737.5
98	1977.0
99	13097.5
100	23990.0
>>END_MODULE
>>Per base N content	pass
#Base	N-Count
1	0.41728998773924486
2	0.30594372925237684
3	0.22189581182397275
4	0.21816741075794543
5	0.21833301800817714
6	0.21845834241375792
7	0.22231206788536595
8	0.22472008682116748
9	0.2438544380303712
10-14	0.25378460682399445
15-19	0.27416951656602895
20-24	0.27582200837104365
25-29	0.2805010845708335
30-34	0.2750485777537453
35-39	0.10121678967532154
40-44	0.06497947017242059
45-49	0.06713881173127564
50-54	0.05950405463182337
55-59	0.06733095527985046
60-64	0.06466173638384354
65-69	0.051424594221372556
70-74	0.05524446428397738
75-76	0.06378949736710463
>>END_MODULE
>>Sequence Length Distribution	warn
#Length	Count
35	61869.0
36	19611.0
37	25612.0
38	28136.0
39	30893.0
40	30744.0
41	32138.0
42	33600.0
43	36433.0
44	38709.0
45	41637.0
46	43625.0
47	46247.0
48	48032.0
49	49890.0
50	49367.0
51	49717.0
52	50029.0
53	51720.0
54	53679.0
55	55400.0
56	57613.0
57	60354.0
58	61431.0
59	61885.0
60	63066.0
61	61678.0
62	62574.0
63	62174.0
64	65048.0
65	66552.0
66	67858.0
67	70297.0
68	70455.0
69	76653.0
70	79645.0
71	97017.0
72	179722.0
73	549315.0
74	1451859.0
75	4646590.0
76	1.3553143E7
>>END_MODULE
>>Sequence Duplication Levels	warn
#Total Duplicate Percentage	33.61206723002666
#Duplication Level	Relative count
1	100.0
2	22.213675529751118
3	8.916090381272882
4	4.788284456935764
5	2.818682741022891
6	1.7617691653415184
7	1.1611996597758958
8	0.8379867608446433
9	0.6183203283902222
10++	4.807514514995747
>>END_MODULE
>>Overrepresented sequences	warn
#Sequence	Count	Percentage	Possible Source
NNNNNNNNNNNNNNNNNNNNNNNNNNNNNNNNNNN	48737	0.21814055552817815	No Hit
GGGGGGGGGGGGGGGGGGGGGGGGGGGGGGGGGGGGGGGGGGGGGGGGGG	23878	0.106874862730612	No Hit
>>END_MODULE
>>Kmer Content	warn
#Sequence	Count	Obs/Exp Overall	Obs/Exp Max	Max Obs/Exp Position
GGGGG	4303820	3.8897116	8.111481	72
AAAAA	7863715	3.814876	7.8316975	72
TTTTT	6945495	3.2291827	5.525047	72
CCTGG	3669160	2.975982	11.562473	3
CCAGG	3522255	2.8812242	12.013084	3
CCCAG	3354240	2.7779088	10.477526	2
CTGGG	3306255	2.6486979	9.675209	4
CCAGC	3091650	2.5604374	6.4536896	3
CAGCA	3515480	2.539211	6.916006	4
TGCTG	3523105	2.4710803	7.1311245	2
GGAGG	3085565	2.4623845	5.506648	6
GCTGG	3033755	2.4303932	6.0607147	3
TCCAG	3371825	2.4148302	9.629191	2
CTCCA	3231785	2.3433197	7.201644	1
CTCCT	3247510	2.3347852	7.068486	1
CAGCC	2794815	2.3146052	5.08489	9
CAGGA	3237300	2.3095615	9.672035	4
AGGAG	3244830	2.286499	6.774297	5
TCCTG	3193605	2.2678277	9.68737	2
CTGCT	3187960	2.2638195	6.3910465	9
CTGGA	3189755	2.256375	8.608359	4
AGCAG	3140425	2.240449	5.0088835	7
GGCTG	2789915	2.235049	7.644857	7
CCTGC	2689350	2.208404	6.3646426	3
CTGCA	3058100	2.190147	6.4976125	4
CCCTG	2658925	2.1834202	8.599957	2
CAGAG	3057980	2.1816308	7.127733	4
GCTGC	2680640	2.1742132	5.368164	8
CTGCC	2647400	2.1739562	5.545534	9
CTCTG	3054885	2.1693206	7.2376733	2
GGCAG	2680140	2.1654403	5.54308	7
GCAGG	2678460	2.164083	6.238852	3
CTTCT	3469740	2.157203	5.0246468	1
TGCAG	3032770	2.1453269	6.7554774	2
GCCTG	2583620	2.0955222	6.30985	7
CACAG	2894070	2.0903704	6.9910603	7
CAGGG	2578285	2.0831456	8.501881	4
TGGAG	2973575	2.077616	6.283347	5
CTGTG	2931390	2.056056	8.9514885	9
AGCTG	2873455	2.03263	5.576753	7
CCCCA	2415990	2.0257533	6.3094816	1
CAGGC	2422700	1.9817821	5.678046	4
CTGGC	2420635	1.9633284	5.1845026	4
CTCAG	2738135	1.9609946	5.8654575	2
GGAGA	2774565	1.9551222	5.322536	6
CAGAA	3084600	1.9431366	5.2683244	4
CTGAG	2727095	1.9290978	5.4713335	4
CCTCT	2604405	1.872427	5.393921	1
TTCTG	3047430	1.8713728	5.295167	2
TCCCA	2566435	1.8608842	5.0551276	2
CCAGA	2569420	1.8558773	6.4668837	3
CACTG	2567695	1.8389289	7.306843	7
CAGTG	2597400	1.8373537	6.1818643	9
TGGGG	2319860	1.8356519	5.4291935	5
GGCCA	2218750	1.81495	5.5344524	1
TCTGG	2542755	1.7834699	6.0203977	3
ACCTG	2474600	1.7722563	5.050752	7
TGGCC	2143785	1.738781	5.1450033	5
CCTGA	2370075	1.6973976	5.452387	3
ACAGA	2688905	1.6938695	5.625124	8
GCCCA	2036745	1.6867881	6.569221	1
ACACA	2640065	1.6837852	6.4099684	6
GTGTG	2423440	1.6789045	7.529063	1
GAGAG	2372100	1.6715218	5.1294913	7
TGTGT	2708930	1.6430726	6.428994	10
CACAC	2240335	1.6383048	6.386622	5
CCTGT	2287880	1.6246586	5.443064	8
TCAGG	2293115	1.6221082	5.472109	3
TGGGC	1967685	1.5763464	5.8293614	5
ACAGC	2073190	1.4974532	5.3575373	8
GCTGT	2111140	1.4807383	5.197849	8
CTGTC	2070275	1.4701339	5.845333	9
GCCCT	1770750	1.4540805	5.6216226	1
GACAG	2001300	1.4277718	6.5453634	7
GGGCT	1766000	1.414773	5.4420333	6
AGACA	2198405	1.38488	5.130678	6
AGGGC	1683675	1.3603384	5.1170163	5
GTCCT	1849110	1.3130813	8.894267	1
GGACA	1820125	1.2985176	5.942599	6
GTGCT	1800370	1.2627666	6.243219	1
ACTGC	1734015	1.2418649	5.1223044	8
TGTGC	1762430	1.2361556	6.016262	10
AGGAC	1725815	1.2312348	8.084847	5
AGCAC	1677865	1.2119122	5.4311137	5
GTCCA	1679775	1.2030194	6.8435993	1
GTCTT	1845900	1.1335344	5.5509086	1
GTCCC	1361775	1.1182439	5.0499516	1
ACAGT	1787335	1.1163948	5.438737	8
GTGCA	1569290	1.1100874	5.7424526	1
TGGAC	1556760	1.101224	5.8029323	5
TGCAC	1534825	1.0992092	5.236815	5
ACTGT	1772910	1.0980089	6.38954	8
GACTG	1466935	1.0376832	5.7514358	7
GGACC	1222310	0.9998565	5.0331063	6
CTACA	1532885	0.9693687	5.0711904	4
TGTAG	1544545	0.9448267	5.203174	2
GGACT	1335250	0.94453174	5.084446	6
TCCTA	1284600	0.8054799	5.367135	2
TAGGA	1292765	0.79756093	5.195745	4
GTGTA	1143940	0.69976926	5.788696	1
>>END_MODULE
