##FastQC	0.10.1
>>Basic Statistics	pass
#Measure	Value	
Filename	030-F0_S1_L001_R1_001_trimmed.fq.gz	
File type	Conventional base calls	
Encoding	Sanger / Illumina 1.9	
Total Sequences	17563031	
Filtered Sequences	0	
Sequence length	20-51	
%GC	43	
>>END_MODULE
>>Per base sequence quality	pass
#Base	Mean	Median	Lower Quartile	Upper Quartile	10th Percentile	90th Percentile
1	35.06270443865868	36.0	36.0	36.0	36.0	36.0
2	35.04714448206577	36.0	36.0	36.0	36.0	36.0
3	35.03410202942761	36.0	36.0	36.0	36.0	36.0
4	35.02093738831299	36.0	36.0	36.0	36.0	36.0
5	35.00004315883745	36.0	36.0	36.0	36.0	36.0
6	34.948405830405925	36.0	36.0	36.0	36.0	36.0
7	34.919444883972474	36.0	36.0	36.0	36.0	36.0
8	34.905071567658226	36.0	36.0	36.0	36.0	36.0
9	34.888574244388685	36.0	36.0	36.0	36.0	36.0
10	34.85976293044179	36.0	36.0	36.0	36.0	36.0
11	34.8471353264707	36.0	36.0	36.0	36.0	36.0
12	34.832028822359874	36.0	36.0	36.0	36.0	36.0
13	34.814700207498355	36.0	36.0	36.0	36.0	36.0
14	34.804195642540286	36.0	36.0	36.0	36.0	36.0
15	34.78520694975713	36.0	36.0	36.0	32.0	36.0
16	34.77098884583191	36.0	36.0	36.0	32.0	36.0
17	34.755496075819714	36.0	36.0	36.0	32.0	36.0
18	34.73668036001303	36.0	36.0	36.0	32.0	36.0
19	34.70131863913467	36.0	36.0	36.0	32.0	36.0
20	34.719391430784356	36.0	36.0	36.0	32.0	36.0
21	34.693715686730805	36.0	36.0	36.0	32.0	36.0
22	34.68365053515416	36.0	36.0	36.0	32.0	36.0
23	34.673154212818886	36.0	36.0	36.0	32.0	36.0
24	34.66209825647942	36.0	36.0	36.0	32.0	36.0
25	34.652147505991316	36.0	36.0	36.0	32.0	36.0
26	34.60880067525947	36.0	36.0	36.0	32.0	36.0
27	34.615632277481446	36.0	36.0	36.0	32.0	36.0
28	34.57950331429058	36.0	36.0	36.0	32.0	36.0
29	34.558366201449715	36.0	36.0	36.0	32.0	36.0
30	34.55554765582865	36.0	36.0	36.0	32.0	36.0
31	34.52691248220452	36.0	36.0	36.0	32.0	36.0
32	34.509892102974106	36.0	36.0	36.0	32.0	36.0
33	34.46792308980601	36.0	36.0	36.0	32.0	36.0
34	34.46596645980159	36.0	36.0	36.0	32.0	36.0
35	34.417925387711435	36.0	36.0	36.0	32.0	36.0
36	34.39579726909163	36.0	36.0	36.0	32.0	36.0
37	34.39253056375795	36.0	36.0	36.0	32.0	36.0
38	34.3487518634853	36.0	36.0	36.0	32.0	36.0
39	34.34868999766834	36.0	36.0	36.0	32.0	36.0
40	34.335265178454335	36.0	36.0	36.0	32.0	36.0
41	34.31479801665028	36.0	36.0	36.0	32.0	36.0
42	34.276171840748944	36.0	36.0	36.0	32.0	36.0
43	34.26411781355463	36.0	36.0	36.0	32.0	36.0
44	34.22182883835215	36.0	36.0	36.0	32.0	36.0
45	34.21714721828435	36.0	36.0	36.0	32.0	36.0
46	34.18204391969509	36.0	36.0	36.0	32.0	36.0
47	34.19804764390846	36.0	36.0	36.0	32.0	36.0
48	34.180517204014144	36.0	36.0	36.0	32.0	36.0
49	34.214540295906446	36.0	36.0	36.0	32.0	36.0
50	34.28448324289718	36.0	36.0	36.0	32.0	36.0
51	34.40800081213098	36.0	36.0	36.0	32.0	36.0
>>END_MODULE
>>Per sequence quality scores	pass
#Quality	Count
14	12.0
15	101.0
16	448.0
17	1099.0
18	2399.0
19	5075.0
20	9563.0
21	17217.0
22	27478.0
23	40905.0
24	60880.0
25	88730.0
26	126014.0
27	174083.0
28	234145.0
29	307314.0
30	398261.0
31	517950.0
32	698121.0
33	1026826.0
34	1950492.0
35	7839938.0
36	4035980.0
>>END_MODULE
>>Per base sequence content	pass
#Base	G	A	T	C
1	21.543123284844604	27.557364772005645	27.54948453027126	23.35002741287849
2	21.83934119752567	28.660117974842077	27.834200701626845	21.666340126005405
3	21.127356970960722	28.49140193346179	28.33557916567547	22.045661929902018
4	22.23607971759558	27.17725742072863	28.98477802467452	21.601884837001272
5	21.66325978022949	27.862745436318043	28.463714851661937	22.01027993179053
6	20.813469282593875	28.684100171241404	28.635998844156084	21.866431702008633
7	21.057194476251105	28.556082745772148	28.388164468923076	21.99855830905367
8	20.869682064024477	28.520552047859788	27.90779691589748	22.701968972218253
9	21.428656428872507	28.07328125669911	27.927992560253074	22.570069754175307
10	21.013119876320534	28.080043874508064	28.69889672602654	22.207939523144862
11	22.476384902166288	27.632507119731574	27.96113902267695	21.92996895542519
12	21.04821827524639	28.63462500496785	28.43473234471295	21.88242437507281
13	20.968617788956333	28.473175914285548	28.988777454445362	21.56942884231275
14	21.180150738446198	28.16608048437465	29.111539651392786	21.542229125786367
15	20.98881137722744	28.60757099350884	28.7682300097787	21.63538761948502
16	20.90219584153428	28.53518438974263	29.227388963262346	21.335230805460746
17	21.134094637742702	28.05094273682182	27.978329915355076	22.836632710080398
18	21.156418324513933	29.273807467943808	27.946783767476457	21.622990440065802
19	21.918875920100767	28.056236563388694	28.406700168114575	21.618187348395963
20	22.39047754728651	27.6313762092877	28.555987126440552	21.42215911698524
21	22.281106227348587	27.62693061039173	28.607872909111443	21.48409025314824
22	21.351266108471997	28.743050659194612	28.67366866914338	21.232014563190006
23	21.11553723283129	28.593175643874204	28.805877926280687	21.485409197013823
24	20.839743800016837	28.806744816439483	28.576937184346402	21.776574199197277
25	21.128983957760017	28.896802399740025	28.149549612078495	21.824664030421467
26	21.255588580318538	27.97257552142956	28.505859974864233	22.265975923387668
27	22.157228226596406	28.0497372525805	28.24911918014336	21.543915340679735
28	20.897838177995705	28.621422581612126	28.339105457150183	22.141633783241986
29	22.05936644890087	27.80307423358712	28.178036879004882	21.95952243850713
30	21.094643291561535	29.246173306680802	27.92318545018903	21.735997951568635
31	21.220406764208114	28.661551647649762	28.44875067508491	21.669290913057214
32	21.243545852688918	29.075811760930875	28.005420788977947	21.67522159740226
33	21.114733288929003	27.814182980418817	29.116012733092	21.95507099756018
34	21.303571473642066	28.94409021345563	28.57106129813851	21.18127701476379
35	21.184812869909653	27.56506895561549	28.930182814588107	22.31993535988675
36	21.579477838257638	28.33187471996011	27.900962366003736	22.18768507577852
37	21.263050353651327	28.317579147074223	27.976234990772138	22.44313550850231
38	21.552768402153973	28.56624311012159	27.602980041853424	22.27800844587101
39	21.53422611131032	28.38190877417649	27.79368830343926	22.290176811073927
40	21.06611921237594	27.99901133054645	29.027418840489183	21.907450616588427
41	21.691873315118134	27.8668483867841	28.47126451673581	21.970013781361956
42	21.82144977375326	27.621234926971006	28.81087762104222	21.74643767823352
43	21.53042536667435	28.65981404886218	28.21685527752026	21.592905306943212
44	21.577992283972648	28.079439304846858	28.00633050752484	22.336237903655654
45	21.86488802716767	28.571465213851592	27.96822711071502	21.595419648265718
46	21.494084499972686	29.74027357649823	27.49703634482036	21.268605578708726
47	21.89694713469291	28.01566432040947	27.788878688612765	22.29850985628485
48	21.824997149207135	28.637106919891853	28.48150715185249	21.056388779048522
49	22.162628039295935	28.145929213115345	28.63384814724677	21.05759460034195
50	23.05090208586835	28.064009718784334	28.232302734106373	20.652785461240942
51	21.718497147407163	29.56189671156409	28.153876342623686	20.565729798405066
>>END_MODULE
>>Per base GC content	pass
#Base	%GC
1	44.893150697723094
2	43.50568132353108
3	43.173018900862736
4	43.83796455459685
5	43.67353971202002
6	42.67990098460251
7	43.055752785304776
8	43.571651036242734
9	43.998726183047815
10	43.221059399465396
11	44.406353857591476
12	42.9306426503192
13	42.53804663126908
14	42.722379864232565
15	42.62419899671246
16	42.237426646995026
17	43.9707273478231
18	42.77940876457974
19	43.53706326849674
20	43.81263666427175
21	43.765196480496826
22	42.583280671662
23	42.60094642984511
24	42.61631799921412
25	42.95364798818148
26	43.52156450370621
27	43.70114356727614
28	43.03947196123769
29	44.018888887408
30	42.83064124313017
31	42.88969767726533
32	42.91876745009118
33	43.06980428648918
34	42.48484848840586
35	43.504748229796405
36	43.767162914036156
37	43.70618586215364
38	43.83077684802498
39	43.824402922384245
40	42.97356982896437
41	43.661887096480086
42	43.56788745198678
43	43.12333067361756
44	43.9142301876283
45	43.460307675433384
46	42.762690078681416
47	44.19545699097775
48	42.88138592825565
49	43.22022263963788
50	43.7036875471093
51	42.28422694581223
>>END_MODULE
>>Per sequence GC content	warn
#GC Content	Count
0	10737.0
1	9759.5
2	7145.5
3	6089.5
4	6716.5
5	7549.5
6	8507.0
7	10042.5
8	11590.0
9	14191.0
10	16864.5
11	21086.5
12	25388.5
13	32523.5
14	40188.5
15	52055.0
16	64541.0
17	83160.0
18	102372.0
19	128223.5
20	154367.0
21	184480.0
22	215667.0
23	255098.5
24	296024.5
25	338218.0
26	421175.5
27	479527.5
28	552875.0
29	629814.0
30	716652.0
31	805739.5
32	901113.5
33	997326.5
34	1076936.0
35	1148242.5
36	1168232.0
37	1181132.5
38	1167552.0
39	1153253.0
40	1136526.0
41	1117392.0
42	1109760.0
43	1099722.0
44	1074588.0
45	1048206.5
46	1022143.5
47	995199.0
48	968598.5
49	941021.0
50	912789.5
51	883225.0
52	849717.0
53	813983.0
54	777211.5
55	738665.0
56	697867.5
57	655557.5
58	611219.0
59	564488.5
60	516681.5
61	466679.5
62	418355.5
63	373643.5
64	328956.0
65	287252.0
66	252483.5
67	218872.0
68	184662.0
69	149531.5
70	124048.5
71	102576.5
72	85461.5
73	69210.0
74	56248.0
75	42495.0
76	35844.0
77	29775.5
78	23952.0
79	19620.0
80	15764.0
81	12980.0
82	10457.0
83	8520.0
84	6731.5
85	5362.5
86	4110.0
87	3385.0
88	2730.0
89	2154.0
90	1615.0
91	1302.0
92	1046.0
93	873.0
94	704.0
95	642.5
96	580.5
97	526.5
98	481.0
99	818.0
100	1165.0
>>END_MODULE
>>Per base N content	pass
#Base	N-Count
1	6.718658072174444E-4
2	7.629662556537081E-4
3	7.344973655173757E-4
4	7.572724776264416E-4
5	4.213395740177194E-4
6	6.035404708902467E-4
7	0.0018277027467525394
8	3.473204596632552E-4
9	3.871769058541205E-4
10	0.0012127747198077599
11	0.0012526311659986251
12	5.978466928629802E-4
13	0.0024938747759427173
14	0.006194830493665928
15	0.0021010040920613304
16	8.540667040899717E-5
17	9.679422646353012E-5
18	2.5052623319972504E-4
19	5.1244002245398304E-5
20	0.004742917096712976
21	0.0031712396398566873
22	1.4855711615440934E-4
23	0.004064173180028905
24	1.2042907848414657E-4
25	0.00125827567624992
26	2.3603224499824647E-4
27	0.006668696119343816
28	5.781277172002709E-6
29	0.0069184852364797935
30	0.003839499622003876
31	0.0016596593132888805
32	0.0019091032171541856
33	0.002429339442702507
34	7.102243545909548E-4
35	0.004791502535140432
36	2.893011476163239E-4
37	0.0030315520024555573
38	0.002708040617996248
39	0.002519911170450485
40	2.8093914009430705E-4
41	1.799446310370299E-5
42	3.6132980932385076E-5
43	1.3907254695225236E-4
44	2.429670307709848E-5
45	1.0992714822533917E-4
46	2.275944210825264E-4
47	0.0
48	0.0
49	0.002382466575154464
50	1.0199566283058362E-4
51	7.793773978186903E-4
>>END_MODULE
>>Sequence Length Distribution	warn
#Length	Count
20	30455.0
21	30890.0
22	31958.0
23	32079.0
24	32878.0
25	34263.0
26	35785.0
27	37507.0
28	39103.0
29	42328.0
30	43586.0
31	43738.0
32	45628.0
33	45963.0
34	48462.0
35	51040.0
36	48329.0
37	50296.0
38	52437.0
39	56704.0
40	57807.0
41	66467.0
42	67197.0
43	74992.0
44	88658.0
45	117492.0
46	194243.0
47	461823.0
48	952239.0
49	1903044.0
50	2609344.0
51	1.0136296E7
>>END_MODULE
>>Sequence Duplication Levels	warn
#Total Duplicate Percentage	27.56541685132246
#Duplication Level	Relative count
1	100.0
2	16.92405956903217
3	6.030187918109389
4	2.864826705213971
5	1.6384845530641745
6	1.0172454365146064
7	0.7046088681211551
8	0.5089588866104144
9	0.41348707432682286
10++	4.365482233502538
>>END_MODULE
>>Overrepresented sequences	warn
#Sequence	Count	Percentage	Possible Source
CAAGAAAACTGAAAATCATGGAAAATGAGAAACATCCACTTGACGACTTGA	19642	0.11183718801156817	No Hit
>>END_MODULE
>>Kmer Content	warn
#Sequence	Count	Obs/Exp Overall	Obs/Exp Max	Max Obs/Exp Position
TTTTT	5942855	4.0957875	6.2386346	13
AAAAA	5876005	4.0546694	5.1171217	13
GAAAA	3536525	3.2219756	8.583937	4
TTTTC	3592765	3.2134721	6.440878	4
AGAAA	3419915	3.1157372	7.82444	28
GCAGC	1485380	3.0078065	3.24676	37
CCAGG	1453240	2.942725	5.8285985	35
AAGAA	2830540	2.578783	5.4621034	2
GGAAA	2016855	2.426009	8.518598	20
GAGAA	1999430	2.405049	8.755525	27
AAAAT	3280865	2.2633696	5.8875494	22
GAGGA	1396540	2.2179072	5.1126165	2
TCCTC	1467185	2.2102304	5.5386395	24
GGTGG	1051470	2.2042096	5.341462	18
CCACC	1112265	2.175057	6.3226056	8
TGGAA	1792165	2.1552098	6.0127015	19
TTCAG	1716215	2.0276923	5.430078	15
TGAAA	2217015	2.0193331	6.694218	10
CTGAA	1689350	1.9964399	7.947573	9
AAATG	2160720	1.9680578	6.887038	23
TCCAC	1303290	1.9638122	5.7382526	35
CATTT	2133270	1.9085246	6.7224092	1
AAAAC	2077885	1.860339	6.5198607	5
GTGGA	1115975	1.771896	6.22064	47
TGAGA	1471110	1.7691176	8.100213	26
CCACT	1096420	1.652098	5.909968	36
CATGG	1046195	1.6323807	6.562584	17
CAAGA	1311590	1.5503899	5.7800484	1
AGTGG	950905	1.5098051	5.619331	46
AATGA	1641625	1.4952482	6.30632	24
ATGGA	1239020	1.4900123	5.46533	18
CATCC	986910	1.4870872	5.3954134	33
ATGAG	1219865	1.466977	7.746609	25
CTTGA	1217205	1.4381166	6.5698276	47
ACTGA	1215810	1.4368198	7.230191	8
CACTT	1234040	1.4327971	6.878868	37
AACTG	1209325	1.4291558	7.235876	7
AAACT	1510875	1.3523619	5.854873	6
AAATC	1482770	1.3272054	6.0830827	13
AAGTG	1093930	1.315531	5.1218724	47
ACTTG	1100660	1.3004197	5.490113	46
AATCA	1329100	1.1896576	5.926257	14
CCTCG	442100	0.879532	5.0705056	25
>>END_MODULE
