##FastQC	0.10.1
>>Basic Statistics	pass
#Measure	Value	
Filename	019-F0_S5_L003_R1_001.fastq.gz	
File type	Conventional base calls	
Encoding	Sanger / Illumina 1.9	
Total Sequences	14164749	
Filtered Sequences	0	
Sequence length	35-75	
%GC	45	
>>END_MODULE
>>Per base sequence quality	pass
#Base	Mean	Median	Lower Quartile	Upper Quartile	10th Percentile	90th Percentile
1	31.489655552668104	32.0	32.0	32.0	32.0	32.0
2	31.578515298788563	32.0	32.0	32.0	32.0	32.0
3	31.655213304520963	32.0	32.0	32.0	32.0	32.0
4	31.718609203735273	32.0	32.0	32.0	32.0	32.0
5	31.70494125946037	32.0	32.0	32.0	32.0	32.0
6	35.4044079425622	36.0	36.0	36.0	36.0	36.0
7	35.42506563300204	36.0	36.0	36.0	36.0	36.0
8	35.38934519771582	36.0	36.0	36.0	36.0	36.0
9	35.46499807373925	36.0	36.0	36.0	36.0	36.0
10	35.38353238733704	36.0	36.0	36.0	36.0	36.0
11	35.443460946607665	36.0	36.0	36.0	36.0	36.0
12	35.39899909274778	36.0	36.0	36.0	36.0	36.0
13	35.420837460656735	36.0	36.0	36.0	36.0	36.0
14	35.40494081469428	36.0	36.0	36.0	36.0	36.0
15	35.376527745038054	36.0	36.0	36.0	36.0	36.0
16	35.38723262939569	36.0	36.0	36.0	36.0	36.0
17	35.39253268801304	36.0	36.0	36.0	36.0	36.0
18	35.383979553749946	36.0	36.0	36.0	36.0	36.0
19	35.37549313440005	36.0	36.0	36.0	36.0	36.0
20	35.36807704817078	36.0	36.0	36.0	36.0	36.0
21	35.3607405256528	36.0	36.0	36.0	36.0	36.0
22	35.34541656897697	36.0	36.0	36.0	36.0	36.0
23	35.33278450610032	36.0	36.0	36.0	36.0	36.0
24	35.32465905325961	36.0	36.0	36.0	36.0	36.0
25	35.30165433923326	36.0	36.0	36.0	36.0	36.0
26	35.27194227020895	36.0	36.0	36.0	36.0	36.0
27	35.255985333732355	36.0	36.0	36.0	36.0	36.0
28	35.24338998170741	36.0	36.0	36.0	36.0	36.0
29	35.227266716833455	36.0	36.0	36.0	36.0	36.0
30	35.20407950751545	36.0	36.0	36.0	36.0	36.0
31	35.1877656286038	36.0	36.0	36.0	36.0	36.0
32	35.174064573964564	36.0	36.0	36.0	36.0	36.0
33	35.1623500705872	36.0	36.0	36.0	36.0	36.0
34	35.15210456606044	36.0	36.0	36.0	36.0	36.0
35	35.140047804588704	36.0	36.0	36.0	36.0	36.0
36	35.1394672633909	36.0	36.0	36.0	36.0	36.0
37	35.12174683728929	36.0	36.0	36.0	36.0	36.0
38	35.1053478845808	36.0	36.0	36.0	36.0	36.0
39	35.0731054711022	36.0	36.0	36.0	36.0	36.0
40	35.08487836636785	36.0	36.0	36.0	36.0	36.0
41	35.068819205483464	36.0	36.0	36.0	36.0	36.0
42	35.05975786788437	36.0	36.0	36.0	36.0	36.0
43	35.047488267944544	36.0	36.0	36.0	36.0	36.0
44	35.02814408237363	36.0	36.0	36.0	36.0	36.0
45	35.01777616142406	36.0	36.0	36.0	36.0	36.0
46	34.99243213698756	36.0	36.0	36.0	36.0	36.0
47	34.99521220443955	36.0	36.0	36.0	36.0	36.0
48	34.98051237455358	36.0	36.0	36.0	36.0	36.0
49	34.960637177752496	36.0	36.0	36.0	36.0	36.0
50	34.948610163468196	36.0	36.0	36.0	36.0	36.0
51	34.93086871405193	36.0	36.0	36.0	36.0	36.0
52	34.92803810357435	36.0	36.0	36.0	36.0	36.0
53	34.88979812528812	36.0	36.0	36.0	36.0	36.0
54	34.8903833426965	36.0	36.0	36.0	36.0	36.0
55	34.85057403653487	36.0	36.0	36.0	36.0	36.0
56	34.840931961562156	36.0	36.0	36.0	36.0	36.0
57	34.83970101298964	36.0	36.0	36.0	36.0	36.0
58	34.81508460889816	36.0	36.0	36.0	36.0	36.0
59	34.80177496450713	36.0	36.0	36.0	36.0	36.0
60	34.787620885413354	36.0	36.0	36.0	36.0	36.0
61	34.763437829604456	36.0	36.0	36.0	36.0	36.0
62	34.73055663054719	36.0	36.0	36.0	36.0	36.0
63	34.72018923261864	36.0	36.0	36.0	36.0	36.0
64	34.70018556631957	36.0	36.0	36.0	36.0	36.0
65	34.691283045349934	36.0	36.0	36.0	36.0	36.0
66	34.65797979387311	36.0	36.0	36.0	36.0	36.0
67	34.63755753409179	36.0	36.0	36.0	32.0	36.0
68	34.610817101069806	36.0	36.0	36.0	32.0	36.0
69	34.5986017098559	36.0	36.0	36.0	32.0	36.0
70	34.574785283225786	36.0	36.0	36.0	32.0	36.0
71	34.531022788986405	36.0	36.0	36.0	32.0	36.0
72	34.520557711029795	36.0	36.0	36.0	32.0	36.0
73	34.490965934374096	36.0	36.0	36.0	32.0	36.0
74	34.45779598130263	36.0	36.0	36.0	32.0	36.0
75	33.87085569200273	36.0	36.0	36.0	32.0	36.0
>>END_MODULE
>>Per sequence quality scores	pass
#Quality	Count
2	7961.0
3	0.0
4	0.0
5	0.0
6	0.0
7	0.0
8	0.0
9	0.0
10	0.0
11	0.0
12	0.0
13	0.0
14	0.0
15	0.0
16	0.0
17	9.0
18	92.0
19	648.0
20	2877.0
21	7488.0
22	13459.0
23	20952.0
24	31739.0
25	46994.0
26	68274.0
27	96112.0
28	130341.0
29	172204.0
30	223575.0
31	291079.0
32	390963.0
33	593913.0
34	1323219.0
35	1.074285E7
>>END_MODULE
>>Per base sequence content	fail
#Base	G	A	T	C
1	45.21587958789562	17.718600236699803	10.006625079227879	27.058895096176695
2	16.33567096472503	19.990576953233717	36.168945197989935	27.50480688405132
3	19.16097069476494	21.63555744424512	27.68525600581149	31.51821585517845
4	13.118229926166869	15.106837793996775	35.363636158145475	36.41129612169088
5	14.863378613849413	35.011988595153085	34.22202126640591	15.902611524591595
6	34.68021493815514	34.86381990049956	16.34270024166656	14.113264919678748
7	30.80927544634734	28.960149436082787	20.605123175703245	19.62545194186663
8	26.42035043542363	34.19356848460258	20.09195871266844	19.294122367305352
9	24.513102830952896	14.755797713436127	20.666750113090625	40.06434934252035
10	14.7072103381672	25.883194940319783	34.92718402710672	24.4824106944063
11	34.058806277243114	22.994241349096985	24.068891898359997	18.878060475299904
12	22.58633672346395	24.118655513471285	31.356388952855095	21.938618810209668
13	28.24014666609968	20.578518479694043	25.81051965058161	25.370815203624662
14	20.14132867860483	21.014160910946813	27.176272412659735	31.668237997788623
15	22.457739212547565	30.05560036005915	23.114720712930108	24.371939714463178
16	22.635169785688674	27.90407682872697	26.344309175216864	23.116444210367494
17	21.696383154403836	28.1338397953676	27.66411234070664	22.50566470952192
18	22.10294609928086	27.299711438760788	28.596481673419262	22.000860788539097
19	23.047511786223733	26.71516733110674	27.205907387710006	23.03141349495952
20	22.89765164244884	27.074375910693867	27.727483098567273	22.30048934829002
21	22.291912825157898	26.600275954161347	27.230323961821888	23.877487258858864
22	22.577187297179467	27.167002764222264	27.365878144221593	22.889931794376675
23	22.06927320443544	27.159538389607757	27.74405661397604	23.027131791980764
24	22.74170560390349	26.348555675568917	28.181383631858626	22.728355088668966
25	22.620358543079412	26.613151769118765	27.671429482659104	23.09506020514272
26	21.90404279401228	27.25282104392135	27.855164596185762	22.98797156588061
27	22.019990849612167	27.176312800576007	27.737295007189843	23.06640134262198
28	22.045705407107974	27.001004897906018	27.399693515321623	23.55359617966439
29	22.247583615602746	26.910369148490098	27.461776370292263	23.380270865614893
30	21.961945950466838	26.990012217712632	27.890708265661218	23.15733356615931
31	23.090203900333474	26.61560964114423	27.30714490367841	22.987041554843884
32	21.93134383877667	27.363458092271898	27.798991584244337	22.90620648470709
33	21.939375462279706	27.19383971299048	28.171317371516878	22.69546745321293
34	22.168760657738773	26.817145343654243	28.225626890490364	22.788467108116624
35	21.93868782424586	27.290108298638444	28.019497470526446	22.751706406589253
36	22.005603246223142	27.322922123638087	28.21345040498308	22.458024225155686
37	22.249090245086872	26.78930715033159	27.370387131313944	23.591215473267592
38	22.163313837014165	27.75911088867305	27.32245130515062	22.755123969162167
39	22.63116623784157	27.001978616122873	27.646347792030458	22.720507354005104
40	22.886134484491635	26.59731386490701	27.734243301413553	22.7823083491878
41	22.801162234198248	26.8063214588252	27.801718264457904	22.590798042518653
42	22.187719045887903	27.549965922949106	27.875105536870958	22.387209494292033
43	22.204444440664954	27.23248342262027	27.845753107432675	22.717319029282105
44	21.9114878978319	27.581744804401325	27.76545007720926	22.741317220557516
45	22.121179477943297	27.528331163975228	27.547512632590216	22.802976725491256
46	22.32947014023308	26.961679606518096	27.569387294311902	23.13946295893692
47	22.80504513234466	27.078880769602048	27.494633465593406	22.621440632459887
48	22.050030073145376	27.36912382728786	27.51805580548321	23.062790294083555
49	22.838848692734253	26.80524783824683	27.361938186701458	22.993965282317465
50	22.16840352933937	27.837675317691957	27.259974496651857	22.73394665631682
51	22.276520091686994	27.40596622200902	27.60233229325275	22.715181393051235
52	22.29261089074005	27.63470989670111	27.249105204866474	22.82357400769237
53	22.12025265962109	26.96016451681985	28.015841777418178	22.903741046140883
54	22.295353330882286	27.728689119086354	27.66912745965869	22.306830090372674
55	22.31275970973485	26.710596106966943	27.763452180553887	23.213192002744318
56	22.503092308654892	27.35242276160421	27.15420180795267	22.99028312178822
57	22.29394106364459	27.290281740875056	27.236354121725487	23.17942307375487
58	22.543398375593583	27.297688854647777	26.932558412007907	23.226354357750733
59	22.521867614681916	27.289112991000053	27.077618267577957	23.11140112674007
60	22.218239253902468	27.091751250116225	27.88426875810582	22.80574073787549
61	22.707752708676278	26.953559082010912	27.40041325082804	22.938274958484772
62	22.640029874665444	26.995215902657122	27.633608360029775	22.731145862647654
63	22.490739331847692	27.581607763803362	27.343559901672215	22.58409300267673
64	22.591901126511377	27.094545413759906	27.129926875883896	23.183626583844816
65	22.62611612135274	27.525976517932705	27.17207517116214	22.675832189552416
66	22.496877813194697	28.212708102827015	26.84206096576574	22.448353118212548
67	22.891145234336328	26.990714771694325	26.95796751580665	23.160172478162693
68	22.77820327035431	27.522601002448265	27.35417206185132	22.34502366534611
69	23.09265047631083	27.110450677033306	27.375581672453563	22.4213171742023
70	23.499966717601172	26.83199658266229	27.026970120384764	22.641066579351776
71	22.860021656664394	27.679196664532636	26.981927695211176	22.478853983591797
72	22.631304150474644	27.738168707025412	27.31751910564821	22.313008036851738
73	23.746968921544166	28.44470151919316	26.932655191753717	20.875674367508957
74	24.474529815402867	30.761751795081395	27.81117176915207	16.952546620363673
75	29.754107029133355	41.39977971487143	28.84611325599521	0.0
>>END_MODULE
>>Per base GC content	fail
#Base	%GC
1	72.27477468407231
2	43.840477848776345
3	50.67918654994339
4	49.52952604785775
5	30.76599013844101
6	48.79347985783389
7	50.434727388213965
8	45.71447280272898
9	64.57745217347325
10	39.1896210325735
11	52.93686675254302
12	44.52495553367362
13	53.61096186972435
14	51.809566676393445
15	46.82967892701074
16	45.751613996056165
17	44.202047863925756
18	44.10380688781996
19	46.07892528118325
20	45.198140990738864
21	46.16940008401676
22	45.46711909155614
23	45.096404996416204
24	45.47006069257245
25	45.71541874822213
26	44.89201435989289
27	45.08639219223415
28	45.59930158677236
29	45.62785448121764
30	45.11927951662615
31	46.077245455177355
32	44.83755032348377
33	44.63484291549264
34	44.95722776585539
35	44.69039423083512
36	44.46362747137883
37	45.840305718354465
38	44.91843780617633
39	45.35167359184667
40	45.668442833679435
41	45.3919602767169
42	44.57492854017994
43	44.92176346994706
44	44.652805118389416
45	44.924156203434556
46	45.46893309917
47	45.426485764804546
48	45.11282036722893
49	45.832813975051714
50	44.90235018565619
51	44.99170148473823
52	45.116184898432415
53	45.023993705761974
54	44.602183421254956
55	45.52595171247917
56	45.493375430443116
57	45.47336413739946
58	45.76975273334432
59	45.633268741421986
60	45.023979991777956
61	45.64602766716105
62	45.3711757373131
63	45.07483233452442
64	45.775527710356194
65	45.30194831090515
66	44.945230931407245
67	46.05131771249902
68	45.123226935700416
69	45.51396765051313
70	46.14103329695295
71	45.33887564025619
72	44.94431218732638
73	44.62264328905312
74	41.427076435766544
75	29.754107029133355
>>END_MODULE
>>Per sequence GC content	warn
#GC Content	Count
0	7965.0
1	3984.5
2	7.0
3	20.5
4	31.0
5	53.5
6	97.5
7	167.5
8	219.0
9	315.0
10	545.5
11	947.0
12	1229.0
13	1582.5
14	2731.0
15	4493.0
16	5798.5
17	8502.0
18	14427.5
19	22154.5
20	27696.5
21	37197.0
22	54770.0
23	74308.0
24	87598.5
25	105632.5
26	136618.5
27	168598.0
28	190340.5
29	218033.0
30	263990.0
31	313131.0
32	348455.5
33	390026.5
34	461081.0
35	535518.0
36	578763.5
37	613801.5
38	646749.0
39	648710.5
40	645240.5
41	634619.0
42	618874.5
43	612889.5
44	613677.5
45	610327.0
46	598621.0
47	585340.0
48	578715.0
49	568671.0
50	547913.5
51	526739.0
52	513808.0
53	502561.0
54	482684.0
55	460687.5
56	446785.0
57	432421.0
58	406109.0
59	374773.5
60	349831.5
61	321906.0
62	285227.0
63	249731.5
64	221751.0
65	199032.5
66	168709.5
67	137869.5
68	116387.0
69	99932.0
70	81068.0
71	63127.0
72	50847.5
73	42590.5
74	33946.5
75	26549.5
76	21668.5
77	18200.0
78	14324.5
79	10887.0
80	8701.0
81	7247.0
82	5623.0
83	3902.5
84	2803.5
85	2305.0
86	1670.0
87	1076.0
88	866.0
89	684.5
90	433.0
91	269.0
92	192.0
93	250.0
94	250.5
95	152.5
96	112.0
97	84.0
98	46.0
99	62.5
100	91.0
>>END_MODULE
>>Per base N content	pass
#Base	N-Count
1	0.07734694063410513
2	0.0562593802403417
3	0.05620290200694696
4	0.05620290200694696
5	0.05620290200694696
6	0.10067245102613537
7	0.05690887992438129
8	0.05620290200694696
9	0.05620290200694696
10	0.056231141123644336
11	0.05620290200694696
12	0.0562593802403417
13	0.05624526068199302
14	0.05620996178612131
15	0.0577913523211742
16	0.05620290200694696
17	0.05818669995493743
18	0.05620996178612131
19	0.05624526068199302
20	0.05620290200694696
21	0.05683122235346352
22	0.05750190137502613
23	0.05620996178612131
24	0.0564217551613516
25	0.056958298378601696
26	0.059132710364299436
27	0.05628055957786474
28	0.057092434182914216
29	0.05690887992438129
30	0.0582643575258552
31	0.05945040042714488
32	0.05709949396208857
33	0.05652059206979241
34	0.05908329191007903
35	0.05821493907163481
36	0.00223955273376621
37	6.218574996579784E-4
38	0.0011027528103231235
39	0.0034863955259857044
40	0.00537002895570554
41	0.0014369512509687034
42	0.0012323254256993818
43	6.448715210421578E-4
44	0.0017515018774043704
45	0.002476569277413014
46	0.0058946933626676
47	0.002295980945774972
48	0.0024120549811923746
49	0.002414512545173286
50	0.00372204110744841
51	0.00281963105662997
52	0.003566117679882408
53	0.0034629702940827357
54	0.002163487128612719
55	0.0029195532524002566
56	0.0024854223871189035
57	0.0030502418719507026
58	0.004099830365015319
59	0.002951874841084122
60	0.001200178146924941
61	0.0014342241966225759
62	0.0016762854733028316
63	0.004005592417667992
64	0.004267734037145308
65	2.7729419534952825E-4
66	0.0010456538312537008
67	0.0013262865749169457
68	7.713906630874139E-4
69	0.001531759411262379
70	4.063317419412226E-4
71	8.155472971094409E-4
72	8.142792000521138E-4
73	0.001372602862206699
74	0.0028695266060682362
75	7.514435728312925E-4
>>END_MODULE
>>Sequence Length Distribution	warn
#Length	Count
35	10137.0
36	3460.0
37	4736.0
38	5737.0
39	6677.0
40	6870.0
41	7485.0
42	8309.0
43	9155.0
44	10108.0
45	11614.0
46	12400.0
47	13655.0
48	14305.0
49	15538.0
50	15638.0
51	16117.0
52	16367.0
53	17495.0
54	18457.0
55	19314.0
56	20638.0
57	21914.0
58	23022.0
59	24321.0
60	25907.0
61	24904.0
62	24701.0
63	24828.0
64	27083.0
65	28203.0
66	28528.0
67	35346.0
68	32624.0
69	43418.0
70	47863.0
71	101803.0
72	345155.0
73	983179.0
74	3008489.0
75	9049249.0
>>END_MODULE
>>Sequence Duplication Levels	warn
#Total Duplicate Percentage	33.04922203738134
#Duplication Level	Relative count
1	100.0
2	23.562857184617858
3	9.036496777116799
4	4.2335969130479265
5	2.2487101159068654
6	1.3761199701828493
7	0.8850139585190815
8	0.6540772030343336
9	0.4728356987298478
10++	3.6927956502038968
>>END_MODULE
>>Overrepresented sequences	pass
>>END_MODULE
>>Kmer Content	warn
#Sequence	Count	Obs/Exp Overall	Obs/Exp Max	Max Obs/Exp Position
AAAAA	4471580	3.2551794	8.725127	71
TTTTT	4761445	3.2385387	5.730837	33
CCTGG	2207635	2.9457533	12.018916	3
CAGCA	2538325	2.935487	7.0215216	4
CCAGG	2142260	2.897624	13.400958	3
TGCTG	2512430	2.8377316	6.597904	2
AGAAA	3229345	2.7495735	6.510495	48
GAAAA	3154915	2.6862013	6.757887	24
AGCAG	2300225	2.669618	5.3656335	7
TTTCT	3293230	2.6462092	6.798747	16
CCCAG	1949085	2.6269677	11.565767	2
GCTGC	1954595	2.60811	5.911098	8
CTGCT	2315130	2.605595	6.6794662	9
TTTTC	3169920	2.5471258	5.4119267	24
CTGGG	1882580	2.5209744	10.018071	4
CCAGC	1862755	2.5106127	6.7874193	3
GGAGG	1832650	2.4965546	5.492317	6
TCCAG	2149930	2.4527686	9.534045	2
GCTGG	1819735	2.4368181	5.980659	3
AGGAG	2036635	2.3721266	7.096476	5
CTCCT	2070145	2.321595	6.355176	1
CTGGA	2012340	2.303984	8.4826975	4
CAGGA	1955910	2.2700095	9.549159	4
CTCCA	1982720	2.2539682	6.8723803	1
CAGCC	1656075	2.2320504	5.1226606	5
GGCAG	1620655	2.199917	6.183795	7
TCCTG	1946420	2.1906252	8.338045	2
GGCTG	1632615	2.1862447	8.456511	7
CCTGC	1634810	2.1736546	6.107567	3
GAGAA	2181370	2.1722865	6.3841753	47
CAGAG	1861395	2.1603162	7.982402	4
GCAGG	1585295	2.1519182	6.356596	3
CTGCC	1602340	2.1304824	5.699977	9
CCCTG	1582800	2.1045017	8.793634	2
CTCTG	1860070	2.0934415	7.3512077	2
CTGCA	1807380	2.0619671	5.721817	4
TGCAG	1792290	2.0520425	6.0925307	2
TTCTC	2158150	2.0486863	5.3783884	17
AGCTG	1787950	2.0470736	6.0654855	7
TGGAG	1780580	2.0459049	5.963953	5
CAGGG	1503955	2.0415053	9.41104	4
TGGAA	2076685	2.0401292	5.4964194	11
AAAAT	2829935	2.032309	5.3036456	42
GGAAA	2020760	2.0123453	6.1163254	40
CACAG	1740055	2.0123148	6.4763017	7
GCCTG	1502230	2.0044975	7.007083	7
GGAGA	1718870	2.0020165	5.1360245	6
GCCAG	1475030	1.9951277	5.8393726	2
CAGAA	1993295	1.9779415	5.2793303	4
CTGGC	1476105	1.969638	5.5361977	4
CTGTG	1725915	1.9493811	8.934429	9
TGAAA	2303350	1.9346842	5.433491	30
CAGGC	1423385	1.9252726	6.175437	4
CTGAA	1951755	1.9105855	5.801468	29
CAGTG	1664935	1.9062302	8.165445	7
CCCCA	1417245	1.9033692	7.0873165	1
CTCAG	1651645	1.8842952	6.082427	2
GGGAG	1382360	1.8831404	5.0047755	7
CCTCT	1649350	1.8496879	5.6036654	1
CCAGA	1598715	1.8488598	6.9686613	3
CTGAG	1613640	1.8475012	5.609191	4
CATTT	2247005	1.8302349	6.121145	14
AGAGG	1546850	1.80166	5.078316	5
CACTG	1574290	1.7960439	6.8560247	7
GGCCA	1326730	1.7945368	6.685459	1
ACCTG	1571970	1.7933971	5.505953	8
TCTGG	1560635	1.7627012	6.0253263	3
GAGAG	1509680	1.7583671	5.1755667	7
TGGGG	1303425	1.7516483	5.787696	5
GTGTG	1533140	1.737821	9.34382	9
AAATG	2032315	1.7070299	5.4429083	43
TGGCC	1263615	1.6861023	5.532939	5
ACACA	1698820	1.6797452	6.562951	6
CACAC	1455615	1.6773883	6.9467154	5
ACAGA	1678950	1.6660179	5.435783	8
CCTGA	1456125	1.6612343	5.2636414	3
GCCCA	1219610	1.6437848	7.873309	1
AAAAC	1910320	1.6207317	5.164421	25
TGTGT	1693230	1.6188309	7.466304	10
TCAGG	1396315	1.5986799	5.57124	3
TGAGA	1585655	1.5577427	5.5886636	46
ATTTC	1906585	1.5529554	5.9012647	15
CCTGT	1370360	1.5422904	5.593759	8
GGCCT	1155645	1.5420327	5.238228	6
GGGCC	957030	1.5140225	5.3636823	6
ACAGC	1305775	1.5100847	5.057751	8
GTCCT	1340145	1.5082847	12.610412	1
AGGCC	1113685	1.5063719	5.0507855	5
TGGGC	1124750	1.5061597	6.1918507	5
CCATG	1304395	1.4881316	5.1068764	9
AGTGG	1290055	1.4822865	5.668714	8
GCTGT	1308435	1.4778471	5.4533815	8
CTGTC	1281515	1.4422988	5.846937	9
AGGAC	1228150	1.4253786	13.138648	5
GACAG	1227200	1.424276	6.26989	7
GCCCT	1055265	1.4030875	6.120048	1
AGGCT	1220075	1.3968977	5.0407214	6
ATGGC	1219285	1.3959934	7.5933924	17
GGGCT	1036595	1.3881108	6.169891	6
AGACA	1389435	1.3787328	5.100675	6
GGACA	1170235	1.358163	6.3953977	6
ACTGA	1359570	1.3308917	5.048994	28
AGGGC	973505	1.3214597	5.8105006	5
TGTCC	1161020	1.306686	5.2220497	10
ATGAG	1325235	1.3019068	5.242107	45
AACTG	1307680	1.2800963	5.0831347	27
TGTGC	1101330	1.2439268	7.47733	10
GTCCA	1070400	1.2211763	7.00593	1
GTGCT	1076945	1.2163845	5.664582	1
AGCAC	1012310	1.1707022	5.2492943	5
TACAG	1166645	1.1420363	6.2167087	5
TGGAC	986745	1.1297518	5.725442	5
GTGCA	972245	1.1131502	5.878671	11
ACAGT	1128435	1.1046323	5.574237	6
CTGTA	1141670	1.1025063	6.3772907	1
ACTGT	1099155	1.0614496	5.909429	8
AGTGT	1081130	1.0477659	6.487859	8
GGACC	772825	1.0453242	7.0004015	6
GACTG	888960	1.017795	5.732862	7
CTACA	1000475	0.9758916	6.8429775	4
TGTAG	1005480	0.97445047	7.418643	2
TAGGA	950220	0.93349326	8.598207	4
GGACT	814250	0.9322574	5.16616	6
TCCTA	947150	0.91140926	7.870986	2
ATATG	1060515	0.87875175	5.6293607	15
TATGG	902340	0.8744934	6.1361313	16
GTAGG	716005	0.8226971	7.0933194	3
CCTAC	717370	0.8155105	6.4027686	3
GTGTA	722670	0.7003681	5.56229	1
GGACG	473585	0.6428559	6.2320313	6
>>END_MODULE
