##FastQC	0.10.1
>>Basic Statistics	pass
#Measure	Value	
Filename	040-F5_S4_L004_R2_001_trimmed.fq.gz	
File type	Conventional base calls	
Encoding	Sanger / Illumina 1.9	
Total Sequences	18354586	
Filtered Sequences	0	
Sequence length	20-51	
%GC	43	
>>END_MODULE
>>Per base sequence quality	pass
#Base	Mean	Median	Lower Quartile	Upper Quartile	10th Percentile	90th Percentile
1	34.70800768810585	36.0	36.0	36.0	32.0	36.0
2	34.7059962017122	36.0	36.0	36.0	32.0	36.0
3	34.684568859248586	36.0	36.0	36.0	32.0	36.0
4	34.68642507109667	36.0	36.0	36.0	32.0	36.0
5	34.663805002194	36.0	36.0	36.0	32.0	36.0
6	34.653261424692445	36.0	36.0	36.0	32.0	36.0
7	34.633826608783224	36.0	36.0	36.0	32.0	36.0
8	34.62188637760612	36.0	36.0	36.0	32.0	36.0
9	34.61389502329282	36.0	36.0	36.0	32.0	36.0
10	34.596772109161165	36.0	36.0	36.0	32.0	36.0
11	34.58281265510429	36.0	36.0	36.0	32.0	36.0
12	34.555873393167246	36.0	36.0	36.0	32.0	36.0
13	34.561496946866576	36.0	36.0	36.0	32.0	36.0
14	34.55062849142988	36.0	36.0	36.0	32.0	36.0
15	34.53768594944064	36.0	36.0	36.0	32.0	36.0
16	34.517943199590555	36.0	36.0	36.0	32.0	36.0
17	34.50535244979102	36.0	36.0	36.0	32.0	36.0
18	34.49034372118227	36.0	36.0	36.0	32.0	36.0
19	34.46552632677196	36.0	36.0	36.0	32.0	36.0
20	34.47454984819598	36.0	36.0	36.0	32.0	36.0
21	34.439632849871494	36.0	36.0	36.0	32.0	36.0
22	34.438643021058446	36.0	36.0	36.0	32.0	36.0
23	34.414679456515685	36.0	36.0	36.0	32.0	36.0
24	34.381185937282076	36.0	36.0	36.0	32.0	36.0
25	34.37953218399745	36.0	36.0	36.0	32.0	36.0
26	34.34453567917231	36.0	36.0	36.0	32.0	36.0
27	34.332041117096104	36.0	36.0	36.0	32.0	36.0
28	34.317864124611106	36.0	36.0	36.0	32.0	36.0
29	34.29916083404947	36.0	36.0	36.0	32.0	36.0
30	34.27361102507727	36.0	36.0	36.0	32.0	36.0
31	34.26375674149742	36.0	36.0	36.0	32.0	36.0
32	34.23929414500047	36.0	36.0	36.0	32.0	36.0
33	34.20265091830432	36.0	36.0	36.0	32.0	36.0
34	34.18482078965258	36.0	36.0	36.0	32.0	36.0
35	34.136190640569936	36.0	36.0	36.0	32.0	36.0
36	34.12991707120968	36.0	36.0	36.0	32.0	36.0
37	34.1109225353481	36.0	36.0	36.0	32.0	36.0
38	34.07578233231606	36.0	36.0	36.0	32.0	36.0
39	34.0496328416503	36.0	36.0	36.0	32.0	36.0
40	34.038964703348626	36.0	36.0	36.0	32.0	36.0
41	34.00394774811371	36.0	36.0	36.0	32.0	36.0
42	33.97522451950257	36.0	36.0	36.0	32.0	36.0
43	33.95458682749055	36.0	36.0	36.0	32.0	36.0
44	33.92699934003785	36.0	36.0	36.0	32.0	36.0
45	33.91977956116276	36.0	36.0	36.0	32.0	36.0
46	33.89614804633093	36.0	36.0	36.0	32.0	36.0
47	33.90202443050309	36.0	36.0	36.0	32.0	36.0
48	33.89949171432838	36.0	36.0	36.0	32.0	36.0
49	33.9437247641305	36.0	36.0	36.0	32.0	36.0
50	34.02705538152594	36.0	36.0	36.0	32.0	36.0
51	34.15000164933782	36.0	36.0	36.0	32.0	36.0
>>END_MODULE
>>Per sequence quality scores	pass
#Quality	Count
14	935.0
15	2139.0
16	4154.0
17	7365.0
18	11983.0
19	18449.0
20	26885.0
21	39251.0
22	54507.0
23	74896.0
24	101339.0
25	135235.0
26	177622.0
27	228534.0
28	290702.0
29	363940.0
30	456757.0
31	582958.0
32	777362.0
33	1137571.0
34	2137310.0
35	8089487.0
36	3635205.0
>>END_MODULE
>>Per base sequence content	pass
#Base	G	A	T	C
1	21.86006265682048	27.43962734980784	27.83480924058979	22.86550075278189
2	21.97267659645321	27.795809029736184	28.084515495749795	22.146998878060813
3	21.688421629341025	27.769572138538017	28.21444733212724	22.32755889999371
4	22.1965071835453	27.091387405850504	28.62948802005123	22.082617390552965
5	21.981569074889514	27.417943395726823	28.174037812675262	22.4264497167084
6	21.353807707784856	27.950273571956348	28.389417227934207	22.30650149232459
7	21.45531912297014	27.951924385545933	28.339996336610373	22.252760154873556
8	21.556035256081792	27.847214855729984	28.1083659724557	22.488383915732523
9	21.545797873076516	27.81004703674602	28.25318969330063	22.390965396876837
10	21.513168425591296	27.83636198604534	28.43547111332285	22.214998475040517
11	22.326038843916173	27.703141874188823	27.931602488882067	22.039216793012926
12	21.42088040577467	28.16627360064656	28.33748029017311	22.07536570340566
13	21.464488493502387	27.9608649304321	28.6870049806626	21.887641595402915
14	21.555806270977726	27.641843842187452	28.80951932122032	21.9928305656145
15	21.371089492293642	28.035979672873033	28.58331427360988	22.009616561223446
16	21.442820884110382	28.25018227052356	28.664345793470908	21.64265105189515
17	21.653503925394993	27.90487347412794	28.004434423091862	22.437188177385206
18	21.582987488794352	28.629182919189788	27.99583711667482	21.79199247534104
19	21.898260195027007	28.03313024875636	28.340345023309162	21.72826453290747
20	22.136658380635772	27.69515476949466	28.35353518733683	21.81465166253273
21	22.08090949072585	27.778244255463697	28.399908974108634	21.74093727970182
22	21.656208463754673	28.300816624403858	28.426159889619683	21.61681502222178
23	21.654284256878668	28.045619185605258	28.411822019425536	21.88827453809053
24	21.462652901882535	28.383458080046182	28.338958201955023	21.814930816116256
25	21.588319963667164	28.393168359760068	28.08196910007344	21.93654257649933
26	21.709048259605808	28.05763314571152	28.190061076513828	22.04325751816884
27	21.98434623735676	28.17671768006272	28.171777204259097	21.667158878321423
28	21.40667843600103	28.35984873169907	28.169165870637276	22.064306961662624
29	21.997137225364412	27.93191265004369	28.161772808218927	21.909177316372975
30	21.590303524058072	28.649512030227076	27.97847394574627	21.781710499968586
31	21.680213702303114	28.33929838230715	28.238878333878976	21.74160958151076
32	21.719708242534065	28.496070276088208	27.964199280528657	21.820022200849067
33	21.585408420393414	27.946741127100154	28.527119987800635	21.940730464705794
34	21.774767209918064	28.5663172206519	28.196161982539625	21.462753586890408
35	21.653756894674515	27.903101589929726	28.304580994153405	22.138560521242354
36	21.847940813688194	28.321449285327937	27.869171204222482	21.961438696761387
37	21.59472017900524	28.255642277878824	27.996089188357338	22.153548354758602
38	21.727077648740348	28.273966993155845	27.87293179256371	22.1260235655401
39	21.668562967717847	28.28271909242105	27.989788570313205	22.058929369547897
40	21.5695984237327	28.123441330649122	28.491541455336993	21.815418790281186
41	21.965705150209825	28.077456120134812	28.125058577230643	21.83178015242472
42	21.963833684548362	28.080909286477528	28.206657244145124	21.748599784828986
43	21.804676912867137	28.52080763952448	28.01904763871674	21.655467808891643
44	21.860533372313206	28.08625518248606	27.881870015710597	22.17134142949014
45	21.883883686818894	28.373193301328698	27.983097366697645	21.759825645154766
46	21.738158461417992	28.92418325055373	27.688350401965828	21.64930788606245
47	21.92110647733668	28.162115744656262	27.85144814212897	22.06532963587809
48	21.87071280660179	28.59894694339033	28.208048122657537	21.32229212735034
49	22.17747290628203	28.368139500563167	28.2397113320367	21.2146762611181
50	22.537214076478943	28.488532977501762	28.082415655750914	20.891837290268374
51	21.80516114983824	29.267413718181366	28.135481756321685	20.79194337565871
>>END_MODULE
>>Per base GC content	pass
#Base	%GC
1	44.72556340960237
2	44.119675474514025
3	44.01598052933474
4	44.27912457409827
5	44.40801879159791
6	43.660309200109445
7	43.708079277843694
8	44.04441917181431
9	43.936763269953346
10	43.72816690063181
11	44.3652556369291
12	43.49624610918033
13	43.3521300889053
14	43.54863683659223
15	43.38070605351709
16	43.08547193600553
17	44.090692102780196
18	43.3749799641354
19	43.62652472793448
20	43.951310043168505
21	43.82184677042767
22	43.27302348597645
23	43.5425587949692
24	43.277583717998795
25	43.524862540166495
26	43.75230577777465
27	43.651505115678184
28	43.470985397663654
29	43.90631454173739
30	43.372014024026655
31	43.42182328381388
32	43.539730443383135
33	43.52613888509921
34	43.23752079680847
35	43.79231741591687
36	43.80937951044958
37	43.74826853376384
38	43.85310121428045
39	43.727492337265744
40	43.385017214013885
41	43.79748530263454
42	43.71243346937735
43	43.46014472175878
44	44.03187480180335
45	43.64370933197366
46	43.38746634748044
47	43.986436113214765
48	43.19300493395213
49	43.39214916740013
50	43.429051366747316
51	42.59710452549695
>>END_MODULE
>>Per sequence GC content	warn
#GC Content	Count
0	11987.0
1	10022.0
2	7281.5
3	7032.5
4	7683.5
5	8660.0
6	9724.5
7	11179.0
8	12735.0
9	15568.0
10	18510.0
11	23173.0
12	27878.5
13	35632.5
14	44085.0
15	57593.5
16	71469.5
17	92723.5
18	114792.5
19	143158.5
20	171975.0
21	207347.0
22	243857.5
23	288534.0
24	333999.0
25	378172.5
26	464092.0
27	523955.0
28	593303.0
29	663900.0
30	737277.0
31	811900.5
32	892124.0
33	973390.5
34	1039663.0
35	1100403.0
36	1134279.0
37	1163024.5
38	1167239.0
39	1169357.0
40	1162741.0
41	1153346.5
42	1141347.0
43	1125072.0
44	1095637.5
45	1063834.0
46	1032601.5
47	1000580.5
48	968663.5
49	937797.5
50	909538.0
51	880279.0
52	850311.5
53	821070.0
54	794273.5
55	765507.5
56	734584.5
57	702066.5
58	664137.0
59	621740.0
60	576222.5
61	528531.5
62	480637.5
63	435277.0
64	387011.0
65	340683.5
66	298885.5
67	258016.5
68	220271.5
69	183570.0
70	155137.0
71	129044.5
72	107326.5
73	87422.5
74	71649.0
75	53727.5
76	44766.5
77	36925.0
78	29550.0
79	24091.0
80	19239.5
81	15748.5
82	12565.0
83	10183.0
84	8036.5
85	6652.5
86	5360.5
87	4434.5
88	3611.0
89	3042.0
90	2525.0
91	2235.0
92	2002.0
93	1954.5
94	1912.5
95	2001.5
96	2096.0
97	2561.0
98	3778.5
99	13962.0
100	23406.0
>>END_MODULE
>>Per base N content	pass
#Base	N-Count
1	0.0
2	0.003541349284587514
3	0.0
4	0.0
5	0.0
6	0.0
7	0.0
8	4.3041014381909785E-4
9	0.0
10	0.0
11	0.0
12	8.880614359811765E-4
13	0.0
14	0.0
15	0.0
16	0.0
17	0.0
18	0.0
19	0.0
20	0.0
21	0.0
22	0.0
23	0.0
24	7.672386887781203E-5
25	0.0
26	0.0
27	0.0
28	0.0
29	0.0
30	0.0
31	0.0
32	0.0
33	0.0
34	0.0
35	7.789344736784593E-4
36	0.0
37	0.0
38	0.0
39	0.0
40	0.0
41	0.003817166824718263
42	0.0
43	0.0
44	0.0017911530516093396
45	0.0
46	3.495759119823786E-5
47	0.008442078644919039
48	0.0
49	0.0
50	0.0
51	0.0
>>END_MODULE
>>Sequence Length Distribution	warn
#Length	Count
20	25735.0
21	26312.0
22	27421.0
23	27863.0
24	29024.0
25	30225.0
26	31860.0
27	33909.0
28	35588.0
29	38195.0
30	39102.0
31	39769.0
32	40777.0
33	41446.0
34	42470.0
35	44558.0
36	44427.0
37	46487.0
38	49599.0
39	52653.0
40	54881.0
41	60152.0
42	60891.0
43	68125.0
44	82496.0
45	116967.0
46	201007.0
47	495726.0
48	1031055.0
49	2072240.0
50	2874568.0
51	1.0489058E7
>>END_MODULE
>>Sequence Duplication Levels	warn
#Total Duplicate Percentage	31.316607023477133
#Duplication Level	Relative count
1	100.0
2	20.153302224385218
3	8.163236094013913
4	4.214021928945636
5	2.40617216798832
6	1.4779136010993101
7	1.0993100684206005
8	0.7844035384042827
9	0.5539492141650683
10++	4.287022988176691
>>END_MODULE
>>Overrepresented sequences	pass
>>END_MODULE
>>Kmer Content	warn
#Sequence	Count	Obs/Exp Overall	Obs/Exp Max	Max Obs/Exp Position
AAAAA	7044360	4.8372636	5.9616714	47
GGGGG	1852570	4.5875163	6.1741652	47
TTTTT	5720030	3.845611	5.038718	13
CCTGG	1605600	3.0110056	3.7121756	19
AGAAA	3135400	2.7826598	5.10299	28
GAAAA	3055005	2.7113094	5.1082687	4
GAGAA	1859490	2.1328974	5.199719	27
>>END_MODULE
