##FastQC	0.10.1
>>Basic Statistics	pass
#Measure	Value	
Filename	032-F5_S3_L002_R2_001_trimmed.fq.gz	
File type	Conventional base calls	
Encoding	Sanger / Illumina 1.9	
Total Sequences	42539780	
Filtered Sequences	0	
Sequence length	20-51	
%GC	44	
>>END_MODULE
>>Per base sequence quality	pass
#Base	Mean	Median	Lower Quartile	Upper Quartile	10th Percentile	90th Percentile
1	34.65264004656348	36.0	36.0	36.0	32.0	36.0
2	34.653850090433004	36.0	36.0	36.0	32.0	36.0
3	34.631754842173606	36.0	36.0	36.0	32.0	36.0
4	34.63186746616931	36.0	36.0	36.0	32.0	36.0
5	34.61116058898283	36.0	36.0	36.0	32.0	36.0
6	34.605436088291945	36.0	36.0	36.0	32.0	36.0
7	34.59671361723074	36.0	36.0	36.0	32.0	36.0
8	34.58108135491063	36.0	36.0	36.0	32.0	36.0
9	34.574918017911706	36.0	36.0	36.0	32.0	36.0
10	34.563642712773785	36.0	36.0	36.0	32.0	36.0
11	34.542389311839415	36.0	36.0	36.0	32.0	36.0
12	34.52413924096457	36.0	36.0	36.0	32.0	36.0
13	34.529024762234314	36.0	36.0	36.0	32.0	36.0
14	34.51980854155804	36.0	36.0	36.0	32.0	36.0
15	34.49753764593987	36.0	36.0	36.0	32.0	36.0
16	34.489236756748625	36.0	36.0	36.0	32.0	36.0
17	34.460839806881935	36.0	36.0	36.0	32.0	36.0
18	34.45890122139795	36.0	36.0	36.0	32.0	36.0
19	34.451638325351	36.0	36.0	36.0	32.0	36.0
20	34.44945176021127	36.0	36.0	36.0	32.0	36.0
21	34.423916241381214	36.0	36.0	36.0	32.0	36.0
22	34.41269841382048	36.0	36.0	36.0	32.0	36.0
23	34.40056168001085	36.0	36.0	36.0	32.0	36.0
24	34.37485563750984	36.0	36.0	36.0	32.0	36.0
25	34.3600342548943	36.0	36.0	36.0	32.0	36.0
26	34.33611225760825	36.0	36.0	36.0	32.0	36.0
27	34.328978602603385	36.0	36.0	36.0	32.0	36.0
28	34.292815078659835	36.0	36.0	36.0	32.0	36.0
29	34.275104820040234	36.0	36.0	36.0	32.0	36.0
30	34.25677504788046	36.0	36.0	36.0	32.0	36.0
31	34.23884747481653	36.0	36.0	36.0	32.0	36.0
32	34.22104631601958	36.0	36.0	36.0	32.0	36.0
33	34.190709466070075	36.0	36.0	36.0	32.0	36.0
34	34.15745652777264	36.0	36.0	36.0	32.0	36.0
35	34.13752524088842	36.0	36.0	36.0	32.0	36.0
36	34.12922153021574	36.0	36.0	36.0	32.0	36.0
37	34.09598168383096	36.0	36.0	36.0	32.0	36.0
38	34.07304338264517	36.0	36.0	36.0	32.0	36.0
39	34.050118597527224	36.0	36.0	36.0	32.0	36.0
40	34.03119747179147	36.0	36.0	36.0	32.0	36.0
41	34.020571044628284	36.0	36.0	36.0	32.0	36.0
42	34.00295076063108	36.0	36.0	36.0	32.0	36.0
43	33.96783839200776	36.0	36.0	36.0	32.0	36.0
44	33.938064479411985	36.0	36.0	36.0	32.0	36.0
45	33.92023397994288	36.0	36.0	36.0	32.0	36.0
46	33.904962029187274	36.0	36.0	36.0	32.0	36.0
47	33.91098205097014	36.0	36.0	36.0	32.0	36.0
48	33.90868765705854	36.0	36.0	36.0	32.0	36.0
49	33.96276119529655	36.0	36.0	36.0	32.0	36.0
50	34.047520401808164	36.0	36.0	36.0	32.0	36.0
51	34.178865699550435	36.0	36.0	36.0	32.0	36.0
>>END_MODULE
>>Per sequence quality scores	pass
#Quality	Count
14	1674.0
15	3783.0
16	8026.0
17	14800.0
18	24419.0
19	39593.0
20	60605.0
21	90372.0
22	126474.0
23	175206.0
24	238772.0
25	319023.0
26	420581.0
27	541867.0
28	688181.0
29	861010.0
30	1078238.0
31	1376879.0
32	1827462.0
33	2687171.0
34	5041947.0
35	1.851688E7
36	8396817.0
>>END_MODULE
>>Per base sequence content	pass
#Base	G	A	T	C
1	22.369647891926096	27.252063832958235	27.607150295558654	22.771137979557015
2	22.157531139089105	27.027382370101584	28.002603680602018	22.812482810207293
3	22.29232027057968	27.13092545377527	27.686186905527016	22.89056737011804
4	22.289623970786874	26.96446479036798	27.97299609918058	22.77291513966457
5	22.50726966618069	26.981872026606624	27.5225800415517	22.988278265660988
6	22.002426904887614	27.27111658781498	27.779699377852918	22.946757129444485
7	21.972878091988253	27.309250306419074	27.941279903187088	22.77659169840559
8	22.222479758945628	27.140478864723793	27.93944162381658	22.697599752514
9	21.85114732610277	27.389629189431634	28.15184986852306	22.607373615942535
10	22.137895400493374	27.474361644559515	27.82752049963587	22.56022245531124
11	22.436300798922794	27.6096608868217	27.567956392816324	22.386081921439178
12	21.875510404614225	27.616144230177024	27.9764093749427	22.531935990266053
13	22.021249287137827	27.36623696690486	28.11700953789606	22.495504208061252
14	22.056529206309953	27.027727929011387	28.278155176166877	22.637587688511786
15	21.961789647243123	27.302002972276775	28.09612320515057	22.640084175329537
16	22.158983896954805	27.853879357157	27.804767678629272	22.18236906725893
17	22.262879591760935	27.582201882567333	27.70299705358138	22.45192147209036
18	22.09798687252261	27.880360453204034	27.74371188567501	22.277940788598343
19	22.089646443869714	27.720058730910218	27.976310643825613	22.21398418139445
20	22.08346164460653	27.505144596422454	27.933186302326906	22.47820745664411
21	22.174514804857115	27.64891741282006	27.905963220326925	22.270604561995896
22	22.02961579739173	27.670641293411848	27.988092095747884	22.311650813448537
23	22.22058037971358	27.387330563288376	27.83447377423198	22.557615282766058
24	22.109542535128295	27.72555495498607	27.923386937211315	22.24151557267432
25	22.160401364896526	27.698066182094777	27.76993247530338	22.371599977705316
26	22.337522113469905	27.915484837516786	27.60106454529608	22.145928503717233
27	21.990150916905876	27.986151912623587	27.852125765258695	22.17157140521184
28	21.97281620025861	27.806814591762404	27.81833949440371	22.402029713575278
29	22.10793908399782	27.69765176403976	27.933506226626836	22.26090292533558
30	22.150547972048233	27.753834168621538	27.822074050823275	22.273543808506954
31	22.27595039407746	27.803812961178554	27.718111128453565	22.20212551629042
32	22.18830161575269	27.74072845421157	27.75790761207815	22.313062317957588
33	22.094713935692987	27.73148125056592	27.86596895991823	22.307835853822862
34	22.275420893267537	27.964766032702865	27.72241543372345	22.037397640306146
35	22.267188542424314	27.83113625950679	27.585385648994492	22.3162895490744
36	22.36945973257493	27.984260990524174	27.587996894330146	22.05828238257075
37	22.05586285531264	27.846140872771713	27.843135756918574	22.254860514997073
38	22.02254639306802	27.62956647594509	27.9518225729594	22.396064558027494
39	21.94847267884973	27.80214194969584	27.925385836041766	22.323999535412664
40	22.145870190561638	27.851026405958045	27.819110902296607	22.183992501183713
41	22.35734535332091	27.933135645164263	27.663284091961987	22.046234909552844
42	22.207903257378156	28.054153304355626	27.623968194139444	22.113975244126777
43	22.218348690942193	28.005131854614607	27.689315594497245	22.08720385994595
44	22.24030467075263	27.713427080328135	27.67256911227294	22.3736991366463
45	22.02910613752306	27.794187322093645	27.894001902681424	22.282704637701865
46	22.153589319266175	27.807883866068327	27.665827672556453	22.37269914210904
47	22.078364037106653	27.888361766620235	27.793546233632675	22.239727962640437
48	22.171002934289124	28.185557496123444	27.794675262187468	21.84876430739996
49	22.42781618205755	28.18987447937335	27.71895718355779	21.66335215501131
50	22.33545366233944	28.431532755537383	27.794009316111485	21.439004266011693
51	22.045574522417922	28.721832465219183	27.99794533770642	21.234647674656475
>>END_MODULE
>>Per base GC content	pass
#Base	%GC
1	45.14078587148311
2	44.9700139492964
3	45.182887640697714
4	45.06253911045144
5	45.49554793184168
6	44.9491840343321
7	44.74946979039384
8	44.920079511459626
9	44.458520942045304
10	44.69811785580461
11	44.82238272036197
12	44.407446394880274
13	44.51675349519908
14	44.69411689482174
15	44.601873822572664
16	44.34135296421373
17	44.7148010638513
18	44.375927661120954
19	44.30363062526416
20	44.56166910125064
21	44.445119366853014
22	44.341266610840265
23	44.77819566247964
24	44.351058107802615
25	44.53200134260184
26	44.483450617187145
27	44.16172232211772
28	44.37484591383389
29	44.3688420093334
30	44.42409178055519
31	44.478075910367885
32	44.50136393371027
33	44.40254978951585
34	44.31281853357368
35	44.58347809149872
36	44.427742115145676
37	44.31072337030972
38	44.41861095109551
39	44.27247221426239
40	44.32986269174535
41	44.403580262873746
42	44.321878501504926
43	44.305552550888144
44	44.61400380739893
45	44.31181077522493
46	44.526288461375216
47	44.31809199974709
48	44.01976724168909
49	44.09116833706886
50	43.77445792835113
51	43.280222197074394
>>END_MODULE
>>Per sequence GC content	warn
#GC Content	Count
0	17098.0
1	14979.0
2	11905.0
3	11815.0
4	12905.5
5	14775.5
6	16890.5
7	19838.0
8	22910.0
9	28562.0
10	34502.5
11	44333.0
12	54384.0
13	71790.0
14	90577.0
15	121638.0
16	153757.5
17	200946.0
18	249964.5
19	316447.0
20	384200.5
21	469178.0
22	555896.5
23	657496.5
24	761263.5
25	864719.0
26	1058829.5
27	1186993.5
28	1320319.5
29	1455249.0
30	1594709.5
31	1735580.5
32	1875285.5
33	2017593.5
34	2149433.0
35	2275298.0
36	2379908.0
37	2476944.0
38	2533219.0
39	2585504.0
40	2600298.5
41	2608390.5
42	2592894.5
43	2564568.0
44	2508494.5
45	2448341.5
46	2381737.0
47	2312120.5
48	2245402.5
49	2179218.0
50	2119577.0
51	2063705.0
52	2017958.0
53	1973317.5
54	1930276.5
55	1883688.0
56	1829430.0
57	1768238.0
58	1686128.5
59	1589508.5
60	1483125.5
61	1370480.0
62	1252622.5
63	1140926.5
64	1017177.0
65	896248.5
66	788516.0
67	683879.0
68	587573.0
69	495267.5
70	421808.0
71	351997.5
72	294504.0
73	241499.5
74	197225.5
75	146432.5
76	121739.0
77	100730.0
78	80923.0
79	65589.0
80	51529.5
81	42225.5
82	33970.5
83	27691.0
84	21988.5
85	17767.5
86	13782.5
87	11266.5
88	9028.5
89	7531.0
90	6212.0
91	5520.5
92	4921.5
93	4713.0
94	4519.0
95	4628.5
96	4833.0
97	5653.0
98	7939.0
99	27638.0
100	45830.0
>>END_MODULE
>>Per base N content	pass
#Base	N-Count
1	0.0
2	0.0
3	0.0
4	0.0
5	0.0
6	0.0
7	0.0
8	0.0
9	0.0
10	0.0
11	0.0
12	0.0
13	0.0
14	0.0
15	0.0
16	0.0
17	0.0
18	0.0
19	0.0
20	0.0
21	0.0
22	0.0
23	0.0
24	0.0
25	0.0
26	0.0
27	0.0
28	0.0
29	0.0
30	0.0
31	0.0
32	0.0
33	0.0
34	0.0
35	0.0
36	0.0
37	0.0
38	0.0
39	0.0
40	0.0
41	0.0
42	0.0
43	0.0
44	0.0
45	0.0
46	0.0
47	0.0
48	0.0
49	0.0
50	0.0
51	0.0
>>END_MODULE
>>Sequence Length Distribution	warn
#Length	Count
20	49299.0
21	51779.0
22	54071.0
23	56288.0
24	58179.0
25	59466.0
26	62206.0
27	65707.0
28	69588.0
29	74379.0
30	76236.0
31	79393.0
32	81237.0
33	82909.0
34	84253.0
35	84151.0
36	87841.0
37	92516.0
38	98260.0
39	104207.0
40	109370.0
41	114400.0
42	120366.0
43	134289.0
44	166438.0
45	252229.0
46	456766.0
47	1171402.0
48	2486967.0
49	4962143.0
50	6783854.0
51	2.4309591E7
>>END_MODULE
>>Sequence Duplication Levels	warn
#Total Duplicate Percentage	39.98991077963956
#Duplication Level	Relative count
1	100.0
2	22.637590861889926
3	11.553676506947536
4	6.891493184328075
5	4.757784041273138
6	3.181196327613773
7	2.424632019647596
8	1.8131170779145858
9	1.3936277176152565
10++	10.17570752773245
>>END_MODULE
>>Overrepresented sequences	pass
>>END_MODULE
>>Kmer Content	warn
#Sequence	Count	Obs/Exp Overall	Obs/Exp Max	Max Obs/Exp Position
AAAAA	14802150	4.730352	5.87381	47
GGGGG	4035325	3.9139495	5.1281123	47
TTTTT	12108325	3.7582233	4.174493	47
CCTGG	4111115	3.1189494	3.9053137	9
>>END_MODULE
