##FastQC	0.10.1
>>Basic Statistics	pass
#Measure	Value	
Filename	006-F5_S1_L002_R1_001_trimmed.fq.gz	
File type	Conventional base calls	
Encoding	Sanger / Illumina 1.9	
Total Sequences	20552587	
Filtered Sequences	0	
Sequence length	20-51	
%GC	45	
>>END_MODULE
>>Per base sequence quality	pass
#Base	Mean	Median	Lower Quartile	Upper Quartile	10th Percentile	90th Percentile
1	35.14916409306527	36.0	36.0	36.0	36.0	36.0
2	35.136799518230966	36.0	36.0	36.0	36.0	36.0
3	35.11798762851606	36.0	36.0	36.0	36.0	36.0
4	35.10544842846304	36.0	36.0	36.0	36.0	36.0
5	35.08553682317462	36.0	36.0	36.0	36.0	36.0
6	35.041954572434115	36.0	36.0	36.0	36.0	36.0
7	35.01787322442669	36.0	36.0	36.0	36.0	36.0
8	35.009802707561825	36.0	36.0	36.0	36.0	36.0
9	34.99075444857623	36.0	36.0	36.0	36.0	36.0
10	34.96931510373852	36.0	36.0	36.0	36.0	36.0
11	34.95983347497811	36.0	36.0	36.0	36.0	36.0
12	34.93552149906968	36.0	36.0	36.0	36.0	36.0
13	34.93175696081472	36.0	36.0	36.0	36.0	36.0
14	34.91799222161181	36.0	36.0	36.0	36.0	36.0
15	34.89786969397088	36.0	36.0	36.0	36.0	36.0
16	34.8742473636044	36.0	36.0	36.0	36.0	36.0
17	34.87265116551994	36.0	36.0	36.0	36.0	36.0
18	34.85223402776497	36.0	36.0	36.0	36.0	36.0
19	34.836093967148756	36.0	36.0	36.0	36.0	36.0
20	34.82805566034096	36.0	36.0	36.0	36.0	36.0
21	34.81712477383689	36.0	36.0	36.0	36.0	36.0
22	34.79870191413034	36.0	36.0	36.0	36.0	36.0
23	34.79193247621421	36.0	36.0	36.0	36.0	36.0
24	34.768427227440796	36.0	36.0	36.0	36.0	36.0
25	34.75434513585351	36.0	36.0	36.0	36.0	36.0
26	34.731867491385046	36.0	36.0	36.0	32.0	36.0
27	34.72459692177486	36.0	36.0	36.0	32.0	36.0
28	34.701564777429596	36.0	36.0	36.0	32.0	36.0
29	34.685388272986046	36.0	36.0	36.0	32.0	36.0
30	34.659010294713674	36.0	36.0	36.0	32.0	36.0
31	34.6391584924772	36.0	36.0	36.0	32.0	36.0
32	34.613973109440906	36.0	36.0	36.0	32.0	36.0
33	34.576531324352835	36.0	36.0	36.0	32.0	36.0
34	34.56183551407516	36.0	36.0	36.0	32.0	36.0
35	34.52562812499331	36.0	36.0	36.0	32.0	36.0
36	34.49871987305067	36.0	36.0	36.0	32.0	36.0
37	34.48643285868352	36.0	36.0	36.0	32.0	36.0
38	34.47014492881333	36.0	36.0	36.0	32.0	36.0
39	34.42741710402717	36.0	36.0	36.0	32.0	36.0
40	34.40457829694557	36.0	36.0	36.0	32.0	36.0
41	34.378880747465146	36.0	36.0	36.0	32.0	36.0
42	34.3452868518621	36.0	36.0	36.0	32.0	36.0
43	34.309291925925116	36.0	36.0	36.0	32.0	36.0
44	34.28428945946698	36.0	36.0	36.0	32.0	36.0
45	34.28198610849964	36.0	36.0	36.0	32.0	36.0
46	34.248032016961716	36.0	36.0	36.0	32.0	36.0
47	34.24684161086115	36.0	36.0	36.0	32.0	36.0
48	34.250727609846805	36.0	36.0	36.0	32.0	36.0
49	34.28965739231209	36.0	36.0	36.0	32.0	36.0
50	34.38124839248886	36.0	36.0	36.0	32.0	36.0
51	34.4901556152766	36.0	36.0	36.0	32.0	36.0
>>END_MODULE
>>Per sequence quality scores	pass
#Quality	Count
12	1.0
13	0.0
14	19.0
15	89.0
16	332.0
17	878.0
18	2054.0
19	4371.0
20	8569.0
21	15555.0
22	26017.0
23	41408.0
24	62627.0
25	91892.0
26	132562.0
27	183039.0
28	244541.0
29	319830.0
30	414744.0
31	541176.0
32	743316.0
33	1142391.0
34	2343804.0
35	1.0041133E7
36	4192239.0
>>END_MODULE
>>Per base sequence content	pass
#Base	G	A	T	C
1	22.859337952765408	26.507273391652813	26.903948996487497	23.729439659094282
2	22.712711731798343	26.639967777997487	27.21700942604509	23.430311064159078
3	22.700306279399136	26.659702704433275	27.124201483071918	23.51578953309567
4	22.902636095506317	26.41851513314087	27.391309509595015	23.2875392617578
5	23.088452409092938	26.50697556598286	26.90675964112565	23.49781238379855
6	22.550844645050756	26.883801817221876	27.147031915214026	23.418321622513343
7	22.630024309538932	26.820157386772735	27.09192579017192	23.45789251351641
8	22.72081659793775	26.67819320154696	27.058088120771124	23.542902079744167
9	22.5325050862866	26.77664353448725	27.209679762705157	23.481171616520992
10	22.694407349629277	26.78962953202924	27.189874018839028	23.326089099502454
11	23.167160062672913	26.70739338843675	26.876707181727948	23.24873936716239
12	22.466213405255697	26.952061110005506	27.313679246430606	23.268046238308195
13	22.592820575100774	26.753414308373596	27.40716726078627	23.246597855739363
14	22.593374494671362	26.570043984100405	27.56175903704034	23.274822484187894
15	22.54684981152053	26.856112822005016	27.327523160324084	23.26951420615036
16	22.67487318883508	27.148948494135816	27.250483064085312	22.925695252943797
17	22.83314374169761	26.787636494178418	26.933101181501595	23.446118582622372
18	22.70910453208567	27.215134534106383	27.0016337464272	23.074127187380743
19	22.890253721922456	26.860980690632637	27.20006095912527	23.04870462831964
20	22.918539613966708	26.629666083867427	27.241434982396324	23.210359319769548
21	22.8880362758713	26.786436515714996	27.248766021935722	23.076761186477984
22	22.67796598263884	26.963399156634182	27.310834147388924	23.04780071333806
23	22.75952000779144	26.729012844692	27.206204393733653	23.305262753782905
24	22.613018577599657	27.1121523709762	27.25106727152519	23.023761779898948
25	22.737834855001914	27.012151896700697	27.064283089814445	23.185730158482944
26	22.808272087223287	27.001346310887463	26.987275032431622	23.203106569457628
27	22.79629230158085	27.031248956298732	27.149459790045615	23.02299895207481
28	22.591165376966945	27.007630871594877	27.11656110985875	23.284642641579428
29	22.893656202175073	26.780201338562254	27.128293538805178	23.1978489204575
30	22.7119060726768	27.096841396068722	27.082003837238446	23.10924869401603
31	22.79855426743621	27.001216013178	27.08136424589118	23.118865473494616
32	22.726913759177762	27.076666326183364	27.01912745402349	23.17729246061538
33	22.673481776044397	26.802207239837543	27.32841068522823	23.195900298889825
34	22.840459864972654	27.175401386050723	27.133999148103737	22.850139600872886
35	22.798726514688234	26.84556999280538	27.09454899618843	23.26115449631796
36	22.949006773666333	27.10369802440052	26.903253203286603	23.044041998646545
37	22.712789356400776	26.9574453019189	27.071615504620354	23.258149837059978
38	22.709921571574608	26.841809781365424	27.0704965614871	23.377772085572865
39	22.651787706349598	26.95093947757472	27.132278123431995	23.26499469264369
40	22.75981610061833	26.88868283108671	27.262684110808237	23.088816957486717
41	22.98573879782032	26.904869566821215	27.059209662001386	23.05018197335707
42	22.886433548035896	27.011145519156177	27.088879344756588	23.01354158805134
43	22.86556635905905	27.101913057148607	27.020816718932917	23.011703864859427
44	22.88210038637025	26.842105904784198	26.96357298204037	23.312220726805187
45	22.748513202644276	27.017479584497693	27.1626656668437	23.07134154601433
46	22.82163134422741	27.207084286311577	26.860599267696294	23.110685101764716
47	22.83124466655948	26.939925816213744	26.98858945089989	23.240240066326887
48	22.840199679932013	27.29970783069003	27.151611328946885	22.708481160431074
49	23.119458369660293	27.216196172849266	27.125249414637803	22.539096042852634
50	23.210592796468127	27.44449763708413	27.20325363223928	22.14165593420846
51	22.610613990562108	27.99282478546474	27.439375095997853	21.957186127975294
>>END_MODULE
>>Per base GC content	pass
#Base	%GC
1	46.58877761185969
2	46.143022795957414
3	46.21609581249481
4	46.19017535726411
5	46.58626479289149
6	45.9691662675641
7	46.087916823055345
8	46.263718677681915
9	46.013676702807594
10	46.02049644913173
11	46.4158994298353
12	45.734259643563895
13	45.839418430840134
14	45.86819697885925
15	45.81636401767089
16	45.600568441778876
17	46.27926232431998
18	45.783231719466414
19	45.938958350242096
20	46.12889893373625
21	45.96479746234928
22	45.725766695976894
23	46.06478276157435
24	45.6367803574986
25	45.923565013484854
26	46.01137865668091
27	45.819291253655656
28	45.87580801854638
29	46.09150512263257
30	45.821154766692835
31	45.91741974093082
32	45.90420621979314
33	45.86938207493422
34	45.69059946584554
35	46.05988101100619
36	45.993048772312875
37	45.97093919346075
38	46.08769365714747
39	45.916782398993284
40	45.84863305810505
41	46.03592077117739
42	45.899975136087235
43	45.87727022391847
44	46.194321113175434
45	45.81985474865861
46	45.93231644599213
47	46.07148473288636
48	45.54868084036309
49	45.65855441251293
50	45.35224873067658
51	44.567800118537406
>>END_MODULE
>>Per sequence GC content	pass
#GC Content	Count
0	4353.0
1	4133.5
2	3295.0
3	2894.0
4	3184.5
5	3789.5
6	4448.5
7	5556.0
8	6716.0
9	8689.0
10	10688.0
11	14183.0
12	17753.0
13	23999.0
14	30833.5
15	42150.0
16	53900.5
17	71737.0
18	90264.5
19	115550.5
20	141319.0
21	173944.5
22	207518.0
23	248403.0
24	290042.0
25	332448.0
26	413910.0
27	468519.0
28	529443.5
29	591939.0
30	657590.5
31	724681.0
32	796093.5
33	868932.5
34	938558.0
35	1006585.0
36	1060822.5
37	1110635.0
38	1141612.5
39	1173684.0
40	1192603.5
41	1208042.5
42	1217888.5
43	1223987.5
44	1219048.5
45	1211291.0
46	1198254.5
47	1183402.5
48	1165987.0
49	1148918.5
50	1131247.0
51	1112099.5
52	1091788.5
53	1071231.5
54	1048789.0
55	1022552.0
56	991869.5
57	958172.0
58	912431.0
59	860598.5
60	805620.0
61	745836.0
62	683087.5
63	624432.5
64	558499.0
65	493843.5
66	436241.5
67	379534.0
68	326316.0
69	274696.5
70	233477.0
71	195286.0
72	164109.0
73	135162.0
74	110956.5
75	82117.5
76	67936.5
77	55885.5
78	44256.0
79	35549.0
80	27739.5
81	22465.0
82	17689.5
83	14141.0
84	10918.5
85	8693.0
86	6629.0
87	5360.5
88	4223.0
89	3367.5
90	2579.0
91	2135.5
92	1761.0
93	1530.0
94	1300.5
95	1153.0
96	1009.0
97	922.0
98	860.0
99	947.5
100	1042.0
>>END_MODULE
>>Per base N content	pass
#Base	N-Count
1	0.0013477622062857586
2	8.320120479236992E-4
3	5.40077996020647E-4
4	7.055072920990433E-4
5	0.004831508558995517
6	0.001099618262168164
7	7.833563726065239E-4
8	0.0028609537086499138
9	0.001289375395905148
10	7.249695622259134E-4
11	0.003921647430564337
12	0.003877857322778879
13	0.0015959061504033532
14	0.002992324032006287
15	0.006213329738003299
16	0.004700138235639143
17	0.002530095116493121
18	0.002131118578892282
19	0.005405645527738187
20	0.005833815470529331
21	0.002523478581123016
22	0.0034973980480421524
23	0.0016606355476915238
24	0.007390053271964427
25	0.0036535559187997686
26	0.003820532285974541
27	0.0016306031601089244
28	8.853639162951377E-4
29	0.004497634874611555
30	0.001879948000934349
31	8.797644247880249E-4
32	0.005020349993650297
33	0.012583407856669183
34	0.002186340183799656
35	0.0010304945233696493
36	8.279477658727312E-4
37	0.0022736578597653805
38	1.902590281538801E-4
39	5.518797299542105E-4
40	0.0011161991468216178
41	4.182640911408541E-4
42	4.3948616489975547E-4
43	9.977403965587578E-4
44	9.95580233303053E-4
45	8.004365795234252E-4
46	4.1538644734535754E-4
47	9.850928491487917E-5
48	0.002944209632000513
49	0.001440765252172511
50	0.0017306538197127326
51	9.275274314110484E-4
>>END_MODULE
>>Sequence Length Distribution	warn
#Length	Count
20	25367.0
21	26265.0
22	26866.0
23	27687.0
24	27938.0
25	28635.0
26	29265.0
27	29941.0
28	31065.0
29	33040.0
30	33829.0
31	34894.0
32	36325.0
33	36514.0
34	37513.0
35	37869.0
36	37768.0
37	39035.0
38	40892.0
39	42955.0
40	45002.0
41	48077.0
42	51230.0
43	57603.0
44	72716.0
45	114382.0
46	212392.0
47	572822.0
48	1223995.0
49	2467481.0
50	3271550.0
51	1.1751674E7
>>END_MODULE
>>Sequence Duplication Levels	warn
#Total Duplicate Percentage	31.044909899483386
#Duplication Level	Relative count
1	100.0
2	20.045138343308526
3	8.018483865899125
4	3.9767451826245948
5	2.4076163812190208
6	1.4141442998557288
7	1.0191837959061236
8	0.7527818646706758
9	0.5570871484280143
10++	4.65167768937392
>>END_MODULE
>>Overrepresented sequences	pass
>>END_MODULE
>>Kmer Content	warn
#Sequence	Count	Obs/Exp Overall	Obs/Exp Max	Max Obs/Exp Position
AAAAA	5131535	3.8951263	4.86527	47
TTTTT	4697770	3.416102	4.1383095	13
>>END_MODULE
