##FastQC	0.10.1
>>Basic Statistics	pass
#Measure	Value	
Filename	KS30_S4_L003_R2_001_trimmed.fq.gz	
File type	Conventional base calls	
Encoding	Sanger / Illumina 1.9	
Total Sequences	25024521	
Filtered Sequences	0	
Sequence length	20-50	
%GC	44	
>>END_MODULE
>>Per base sequence quality	pass
#Base	Mean	Median	Lower Quartile	Upper Quartile	10th Percentile	90th Percentile
1	34.94144595215229	36.0	36.0	36.0	36.0	36.0
2	34.94072593837061	36.0	36.0	36.0	36.0	36.0
3	34.92210927833544	36.0	36.0	36.0	36.0	36.0
4	34.90906063696484	36.0	36.0	36.0	36.0	36.0
5	34.890386273527476	36.0	36.0	36.0	36.0	36.0
6	34.874161307623034	36.0	36.0	36.0	36.0	36.0
7	34.87045845952456	36.0	36.0	36.0	36.0	36.0
8	34.86608686735702	36.0	36.0	36.0	36.0	36.0
9	34.84854495316814	36.0	36.0	36.0	36.0	36.0
10	34.827829511701744	36.0	36.0	36.0	36.0	36.0
11	34.81942199812735	36.0	36.0	36.0	36.0	36.0
12	34.79888446216413	36.0	36.0	36.0	36.0	36.0
13	34.784770026167536	36.0	36.0	36.0	36.0	36.0
14	34.77107242132627	36.0	36.0	36.0	36.0	36.0
15	34.763550159461595	36.0	36.0	36.0	32.0	36.0
16	34.74643658513983	36.0	36.0	36.0	32.0	36.0
17	34.73721786722711	36.0	36.0	36.0	32.0	36.0
18	34.72318059554467	36.0	36.0	36.0	32.0	36.0
19	34.71408791401042	36.0	36.0	36.0	32.0	36.0
20	34.702195258802355	36.0	36.0	36.0	32.0	36.0
21	34.688683561650194	36.0	36.0	36.0	32.0	36.0
22	34.68277352148466	36.0	36.0	36.0	32.0	36.0
23	34.66716847967367	36.0	36.0	36.0	32.0	36.0
24	34.6359489292973	36.0	36.0	36.0	32.0	36.0
25	34.6215027611294	36.0	36.0	36.0	32.0	36.0
26	34.60230476427397	36.0	36.0	36.0	32.0	36.0
27	34.589187698851084	36.0	36.0	36.0	32.0	36.0
28	34.56913450741688	36.0	36.0	36.0	32.0	36.0
29	34.555808427019855	36.0	36.0	36.0	32.0	36.0
30	34.53026068633555	36.0	36.0	36.0	32.0	36.0
31	34.511770112111115	36.0	36.0	36.0	32.0	36.0
32	34.491402124838096	36.0	36.0	36.0	32.0	36.0
33	34.45496005339596	36.0	36.0	36.0	32.0	36.0
34	34.42201242482624	36.0	36.0	36.0	32.0	36.0
35	34.40838821083863	36.0	36.0	36.0	32.0	36.0
36	34.39789753167902	36.0	36.0	36.0	32.0	36.0
37	34.36748477117157	36.0	36.0	36.0	32.0	36.0
38	34.34951499289562	36.0	36.0	36.0	32.0	36.0
39	34.315611773844616	36.0	36.0	36.0	32.0	36.0
40	34.300741571771404	36.0	36.0	36.0	32.0	36.0
41	34.275470590218696	36.0	36.0	36.0	32.0	36.0
42	34.25788780757168	36.0	36.0	36.0	32.0	36.0
43	34.2300899505683	36.0	36.0	36.0	32.0	36.0
44	34.20637734390391	36.0	36.0	36.0	32.0	36.0
45	34.18143468040974	36.0	36.0	36.0	32.0	36.0
46	34.16942250209131	36.0	36.0	36.0	32.0	36.0
47	34.172843161552585	36.0	36.0	36.0	32.0	36.0
48	34.19830490248148	36.0	36.0	36.0	32.0	36.0
49	34.263894618559995	36.0	36.0	36.0	32.0	36.0
50	34.415376456801724	36.0	36.0	36.0	32.0	36.0
>>END_MODULE
>>Per sequence quality scores	pass
#Quality	Count
14	1112.0
15	2303.0
16	4006.0
17	6708.0
18	10981.0
19	16876.0
20	26099.0
21	39132.0
22	56242.0
23	79381.0
24	109975.0
25	149161.0
26	197193.0
27	256800.0
28	327051.0
29	413567.0
30	522475.0
31	674448.0
32	916436.0
33	1376688.0
34	2660765.0
35	1.127533E7
36	5901792.0
>>END_MODULE
>>Per base sequence content	pass
#Base	G	A	T	C
1	22.5077604630383	26.904686168792868	27.525455277834165	23.06209809033467
2	22.40692639031932	26.799861623724986	27.779245005328974	23.01396698062672
3	22.429100640927352	26.89790945449066	27.580140295192862	23.092849609389127
4	22.46408632556843	26.734229997848907	27.86573617133371	22.93594750524895
5	22.68084172320421	26.73470952750704	27.425352117628943	23.159096631659803
6	22.18714196367635	27.032685260988607	27.678160153395144	23.102012621939895
7	22.218712684380446	27.089182165301285	27.733658793237865	22.958446357080405
8	22.39707605192523	26.927480450075347	27.72860267734995	22.946840820649474
9	22.087395798704797	27.145910205434102	27.882607623138924	22.88408637272218
10	22.27245428593818	27.20987146966769	27.718073005273506	22.79960123912062
11	22.62503645923932	27.231430323881124	27.469049257726052	22.674483959153505
12	22.087168022117186	27.329785852844097	27.818078915476548	22.764967209562172
13	22.208405107933935	27.140103900490242	27.931080079414905	22.720410912160915
14	22.22435835009923	26.85115005843671	28.094083436835188	22.830408154628877
15	22.135472643012825	27.131440398000024	27.922900102663306	22.810186856323845
16	22.30503832620812	27.49983106569752	27.757290539147583	22.437840068946773
17	22.425847831413037	27.253684496098845	27.570273972476834	22.75019370001128
18	22.260769746601746	27.594777938007287	27.603433448336535	22.541018867054436
19	22.2961559302636	27.405408775073408	27.833976435911655	22.46445885875134
20	22.28282811087573	27.202586614944597	27.800040608169883	22.714544666009793
21	22.315326894586317	27.339479694838154	27.832202339198737	22.512991071376792
22	22.214237140825453	27.41447725635503	27.85501063435109	22.516274968468426
23	22.353234043340894	27.170332177825124	27.713477664078944	22.762956114755035
24	22.24942024992872	27.521878218173885	27.770671121594248	22.458030410303145
25	22.25833257757721	27.465972005347982	27.7104234807666	22.565271936308207
26	22.418911372733096	27.54224453392614	27.5596179771533	22.479226116187466
27	22.19640509942288	27.629925766820246	27.73794570293363	22.435723430823245
28	22.149295834103352	27.51180484271246	27.693290151086842	22.64560917209734
29	22.337632578013096	27.393669502587525	27.769342074130243	22.499355845269132
30	22.277654055501703	27.537996881520222	27.69105372989145	22.493295333086625
31	22.374974586275894	27.526196960122327	27.666067466179328	22.43276098742245
32	22.32598070984589	27.511532218966206	27.630179871396006	22.5323071997919
33	22.24246815928422	27.460541340932394	27.758073213278934	22.53891728650446
34	22.384810601385585	27.70805536796087	27.633783710846405	22.273350319807143
35	22.35169040830068	27.514599947724992	27.559032891197617	22.57467675277671
36	22.44305329496141	27.687446579013848	27.519273719427083	22.35022640659766
37	22.225806212051364	27.5735828475769	27.663491346888403	22.537119593483336
38	22.21744114233828	27.3658139653613	27.768879846121443	22.64786504617898
39	22.140179469380666	27.57605933221082	27.755263352841254	22.52849784556726
40	22.295738893010533	27.575049926464867	27.722538720988826	22.406672459535777
41	22.490339012461625	27.596097939674646	27.573289045069256	22.34027400279447
42	22.395972733364257	27.72423809120691	27.517414640093318	22.36237453533552
43	22.347739170210243	27.756549607104148	27.5662770282471	22.32943419443851
44	22.412531233810988	27.464258139363658	27.53293189553331	22.59027873129205
45	22.230359948282576	27.5741074590825	27.726371997063413	22.46916059557151
46	22.29053818323298	27.660503823331993	27.52909824363725	22.519859749797778
47	22.264964154765543	27.633731598302575	27.61174408774612	22.48956015918576
48	22.284656767966506	28.0410785953893	27.710163060868055	21.96410157577614
49	22.37710975058694	28.346640212400835	27.8775719206578	21.39867811635443
50	22.140019719586903	28.301683867530098	28.02015497746123	21.538141435421768
>>END_MODULE
>>Per base GC content	pass
#Base	%GC
1	45.56985855337297
2	45.42089337094604
3	45.52195025031648
4	45.400033830817385
5	45.83993835486401
6	45.289154585616245
7	45.177159041460854
8	45.3439168725747
9	44.97148217142698
10	45.0720555250588
11	45.299520418392824
12	44.852135231679355
13	44.92881602009485
14	45.05476650472811
15	44.94565949933667
16	44.7428783951549
17	45.17604153142432
18	44.80178861365618
19	44.76061478901494
20	44.99737277688552
21	44.82831796596311
22	44.730512109293876
23	45.116190158095925
24	44.70745066023187
25	44.82360451388542
26	44.89813748892056
27	44.63212853024612
28	44.7949050062007
29	44.83698842328223
30	44.77094938858833
31	44.807735573698345
32	44.858287909637795
33	44.78138544578867
34	44.65816092119273
35	44.926367161077394
36	44.79327970155907
37	44.7629258055347
38	44.86530618851726
39	44.66867731494793
40	44.70241135254631
41	44.83061301525609
42	44.75834726869978
43	44.67717336464875
44	45.00280996510303
45	44.699520543854085
46	44.81039793303076
47	44.75452431395131
48	44.248758343742644
49	43.77578786694137
50	43.67816115500867
>>END_MODULE
>>Per sequence GC content	warn
#GC Content	Count
0	10328.0
1	8854.5
2	6719.5
3	6634.5
4	7295.5
5	8363.5
6	9606.0
7	11125.5
8	12624.0
9	15612.5
10	18849.5
11	24692.0
12	30874.0
13	40799.5
14	52221.5
15	70504.0
16	90262.0
17	118466.0
18	148354.0
19	187530.0
20	227839.0
21	276810.5
22	327408.0
23	386673.5
24	448677.0
25	508044.5
26	575773.0
27	650248.5
28	728995.5
29	810732.0
30	892751.0
31	977232.5
32	1065387.0
33	1152479.0
34	1240532.5
35	1315569.0
36	1385061.5
37	1441343.0
38	1485426.0
39	1512379.0
40	1534821.5
41	1537849.0
42	1537014.0
43	1524023.0
44	1506939.5
45	1475954.0
46	1441597.0
47	1402994.5
48	1364816.5
49	1329154.0
50	1293943.0
51	1262432.5
52	1229836.5
53	1200017.5
54	1170985.0
55	1139354.0
56	1103336.5
57	1058999.0
58	1011463.5
59	952068.5
60	890799.0
61	822944.5
62	753320.5
63	692386.5
64	618683.0
65	548872.0
66	483532.0
67	423270.5
68	362043.5
69	307940.0
70	260758.0
71	219211.5
72	182140.0
73	150628.0
74	121841.0
75	100531.5
76	84465.5
77	69197.5
78	55256.5
79	44898.0
80	35928.5
81	29010.5
82	23312.0
83	19040.0
84	15138.0
85	12171.5
86	9531.0
87	7451.0
88	6054.0
89	4925.5
90	3843.5
91	3186.5
92	2719.0
93	2425.5
94	2137.5
95	1954.0
96	1808.5
97	1903.5
98	2855.0
99	11391.5
100	19079.0
>>END_MODULE
>>Per base N content	pass
#Base	N-Count
1	9.630553967446571E-4
2	0.0
3	0.0
4	0.0
5	0.0
6	0.0
7	0.0025974523148714814
8	0.0
9	0.0
10	0.0
11	0.0
12	0.0
13	0.0
14	3.996080484417663E-5
15	0.0
16	0.0
17	0.0
18	0.0
19	3.996080484417664E-6
20	0.0
21	1.4797895147394233E-4
22	8.005985274591285E-6
23	1.2020113014705246E-4
24	0.0022058110769335166
25	0.0
26	0.0
27	0.0
28	0.0017360353777425683
29	0.0018671971926387749
30	0.004082479986661476
31	4.043551802528457E-6
32	0.0
33	0.0
34	0.0
35	0.0
36	0.0
37	0.0
38	0.0
39	0.0
40	0.0
41	0.0
42	0.0
43	0.0
44	0.0
45	0.0
46	0.0
47	0.0
48	5.87653302320046E-4
49	0.0038566326061819727
50	0.0
>>END_MODULE
>>Sequence Length Distribution	warn
#Length	Count
20	20965.0
21	22246.0
22	23142.0
23	24029.0
24	25310.0
25	26024.0
26	27208.0
27	28914.0
28	30159.0
29	32165.0
30	33626.0
31	34922.0
32	36268.0
33	36422.0
34	37759.0
35	38595.0
36	39629.0
37	42651.0
38	44834.0
39	48310.0
40	51883.0
41	56254.0
42	62136.0
43	79774.0
44	130155.0
45	252423.0
46	671077.0
47	1456259.0
48	2968175.0
49	3998884.0
50	1.4644323E7
>>END_MODULE
>>Sequence Duplication Levels	warn
#Total Duplicate Percentage	37.40014918958438
#Duplication Level	Relative count
1	100.0
2	23.814108381537103
3	11.058325902193042
4	6.36763232033081
5	3.870769182206299
6	2.5734104593628424
7	1.8142504281125955
8	1.2492207167038882
9	1.0251027864803226
10++	6.0567081495276955
>>END_MODULE
>>Overrepresented sequences	pass
>>END_MODULE
>>Kmer Content	warn
#Sequence	Count	Obs/Exp Overall	Obs/Exp Max	Max Obs/Exp Position
AAAAA	7892690	4.572881	5.790123	46
TTTTT	6584040	3.6127124	4.13221	46
CCTGG	2400835	3.0538697	3.7454555	19
>>END_MODULE
