##FastQC	0.10.1
>>Basic Statistics	pass
#Measure	Value	
Filename	004-F0_S5_L002_R1_001_trimmed.fq.gz	
File type	Conventional base calls	
Encoding	Sanger / Illumina 1.9	
Total Sequences	15263979	
Filtered Sequences	0	
Sequence length	20-50	
%GC	44	
>>END_MODULE
>>Per base sequence quality	pass
#Base	Mean	Median	Lower Quartile	Upper Quartile	10th Percentile	90th Percentile
1	35.10331591782195	36.0	36.0	36.0	36.0	36.0
2	35.091054042985775	36.0	36.0	36.0	36.0	36.0
3	35.06766813554972	36.0	36.0	36.0	36.0	36.0
4	35.05792716302872	36.0	36.0	36.0	36.0	36.0
5	35.03705934081801	36.0	36.0	36.0	36.0	36.0
6	34.991197839043146	36.0	36.0	36.0	36.0	36.0
7	34.97190208398479	36.0	36.0	36.0	36.0	36.0
8	34.95346508272843	36.0	36.0	36.0	36.0	36.0
9	34.94783555454315	36.0	36.0	36.0	36.0	36.0
10	34.9226391755387	36.0	36.0	36.0	36.0	36.0
11	34.90434270120524	36.0	36.0	36.0	36.0	36.0
12	34.88453895278551	36.0	36.0	36.0	36.0	36.0
13	34.873016858841325	36.0	36.0	36.0	36.0	36.0
14	34.874583029759144	36.0	36.0	36.0	36.0	36.0
15	34.87012993138945	36.0	36.0	36.0	36.0	36.0
16	34.84357813909466	36.0	36.0	36.0	36.0	36.0
17	34.82605557829974	36.0	36.0	36.0	36.0	36.0
18	34.81538077325709	36.0	36.0	36.0	36.0	36.0
19	34.80248950814201	36.0	36.0	36.0	36.0	36.0
20	34.794722005317226	36.0	36.0	36.0	36.0	36.0
21	34.781003132322766	36.0	36.0	36.0	32.0	36.0
22	34.77034353848195	36.0	36.0	36.0	32.0	36.0
23	34.75613251862818	36.0	36.0	36.0	32.0	36.0
24	34.74478234966985	36.0	36.0	36.0	32.0	36.0
25	34.7355464428348	36.0	36.0	36.0	32.0	36.0
26	34.713857197509384	36.0	36.0	36.0	32.0	36.0
27	34.71672167944675	36.0	36.0	36.0	32.0	36.0
28	34.69676677822864	36.0	36.0	36.0	32.0	36.0
29	34.67955175902476	36.0	36.0	36.0	32.0	36.0
30	34.66176916316445	36.0	36.0	36.0	32.0	36.0
31	34.65278072697325	36.0	36.0	36.0	32.0	36.0
32	34.642926315680235	36.0	36.0	36.0	32.0	36.0
33	34.61802757403105	36.0	36.0	36.0	32.0	36.0
34	34.60377649945705	36.0	36.0	36.0	32.0	36.0
35	34.57219494154351	36.0	36.0	36.0	32.0	36.0
36	34.56278296071682	36.0	36.0	36.0	32.0	36.0
37	34.54746177922699	36.0	36.0	36.0	32.0	36.0
38	34.516741091418	36.0	36.0	36.0	32.0	36.0
39	34.50298841559064	36.0	36.0	36.0	32.0	36.0
40	34.482971249055154	36.0	36.0	36.0	32.0	36.0
41	34.464931415717146	36.0	36.0	36.0	32.0	36.0
42	34.44245037711506	36.0	36.0	36.0	32.0	36.0
43	34.42300046738343	36.0	36.0	36.0	32.0	36.0
44	34.40017372177109	36.0	36.0	36.0	32.0	36.0
45	34.383550107719984	36.0	36.0	36.0	32.0	36.0
46	34.36924584281889	36.0	36.0	36.0	32.0	36.0
47	34.3754311939182	36.0	36.0	36.0	32.0	36.0
48	34.38229642504892	36.0	36.0	36.0	32.0	36.0
49	34.46514544108521	36.0	36.0	36.0	32.0	36.0
50	34.56402551985791	36.0	36.0	36.0	32.0	36.0
>>END_MODULE
>>Per sequence quality scores	pass
#Quality	Count
14	6.0
15	56.0
16	298.0
17	841.0
18	1728.0
19	3494.0
20	6510.0
21	11453.0
22	18522.0
23	28432.0
24	43127.0
25	63703.0
26	94025.0
27	131531.0
28	180658.0
29	239815.0
30	312340.0
31	412707.0
32	563886.0
33	842653.0
34	1660761.0
35	7055271.0
36	3592162.0
>>END_MODULE
>>Per base sequence content	pass
#Base	G	A	T	C
1	22.268510599240525	26.995910828184883	27.521599720020433	23.213978852554163
2	22.213623908582136	27.20909854739673	27.77728606080657	22.799991483214562
3	22.087065240328226	27.198864725901416	27.727566973198797	22.986503060571557
4	22.37113349380705	26.865100792231434	28.052275246275972	22.711490467685543
5	22.42457225602839	26.948445094165812	27.643159100258195	22.9838235495476
6	21.895629042442277	27.45343972586963	27.864413850701304	22.78651738098679
7	22.05477121380045	27.373408236535102	27.736924483654875	22.834896066009577
8	21.979517922554795	27.32561411411795	27.68985727771245	23.005010685614806
9	22.030166350660878	27.320208692881227	27.730822949560736	22.91880200689716
10	22.032158194137978	27.361463220042424	27.817432138762772	22.788946447056826
11	22.651695210010445	27.159877512934212	27.534052556020942	22.654374721034404
12	21.907931084024685	27.524893738388922	27.863291740639845	22.703883436946555
13	22.01165240072723	27.315747748342684	27.99937683352421	22.67322301740588
14	22.03101866189231	27.147726654061227	28.175145879667152	22.64610880437931
15	21.982020546542945	27.423917446427303	27.945419736229983	22.648642270799773
16	22.060722174735698	27.64173090122831	27.944378068130206	22.35316885590579
17	22.22321584692956	27.282715732247798	27.5505489099533	22.943519510869347
18	22.07579688100986	27.807709903164827	27.568276921764635	22.548216294060676
19	22.376026591755664	27.376590337290164	27.76502771656067	22.482355354393505
20	22.46938363843399	27.145621728122137	27.79823661969137	22.586758013752508
21	22.465588398071308	27.238099001670175	27.819138080509827	22.47717451974869
22	22.145169647256605	27.551322783619884	27.861496909342264	22.442010659781246
23	22.180157828266182	27.306175235252706	27.82850347902434	22.685163457456767
24	22.011052098854435	27.668764408059022	27.765523283000622	22.554660210085924
25	22.143666491367718	27.602011012587102	27.604771573819132	22.64955092222605
26	22.22105448794122	27.419270083802182	27.611859987067344	22.747815441189253
27	22.317401251821448	27.51674241522919	27.67911729144129	22.486739041508073
28	22.0039263130976	27.599442465673423	27.669414250297926	22.727216970931043
29	22.411794796462075	27.274898737965547	27.670830853271738	22.642475612300643
30	22.127965405735754	27.74566005291936	27.57752699661355	22.548847544731334
31	22.232578004801617	27.60432177941583	27.633653208300586	22.529447007481966
32	22.208485743221722	27.661440372925412	27.547596663882008	22.58247721997086
33	22.11934527659251	27.314268343929427	27.90014520544279	22.666241174035274
34	22.259174516355614	27.754046024290957	27.697537617538604	22.289241841814825
35	22.222012980965015	27.277471356420424	27.743532462270288	22.756983200344276
36	22.32890197841837	27.60935555843787	27.462111990489994	22.59963047265376
37	22.17193025634515	27.516781323912404	27.571736906271592	22.739551513470854
38	22.21863782976039	27.479027701406427	27.516632942039827	22.785701526793357
39	22.181323399190454	27.553042336994903	27.570957614257917	22.694676649556726
40	22.155649562977427	27.484428969865547	27.851719887365224	22.508201579791802
41	22.40465219313376	27.419363340439574	27.634485520433106	22.541498945993563
42	22.35231055867146	27.478759360159515	27.70330779310767	22.46562228806135
43	22.302566860864342	27.75042983332788	27.531282664046408	22.415720641761368
44	22.32659271310257	27.43906561299821	27.466107739824942	22.768233934074274
45	22.255458861358758	27.67137451802449	27.57203979590226	22.501126824714497
46	22.220504687258025	28.015207279118613	27.346242937652693	22.41804509597067
47	22.325083579828338	27.563757316558675	27.490288904356785	22.620870199256203
48	22.320862036680257	28.00729100981938	27.736983267749544	21.934863685750816
49	22.545771970550422	28.131897716639624	27.831734971652917	21.490595341157036
50	22.58884381870895	27.869108434311656	27.901637669199197	21.6404100777802
>>END_MODULE
>>Per base GC content	pass
#Base	%GC
1	45.48248945179469
2	45.0136153917967
3	45.07356830089979
4	45.082623961492594
5	45.40839580557599
6	44.68214642342907
7	44.88966727981003
8	44.9845286081696
9	44.94896835755804
10	44.8211046411948
11	45.306069931044846
12	44.61181452097124
13	44.68487541813311
14	44.67712746627162
15	44.63066281734272
16	44.41389103064148
17	45.166735357798906
18	44.62401317507054
19	44.858381946149166
20	45.0561416521865
21	44.94276291782
22	44.58718030703785
23	44.86532128572295
24	44.565712308940356
25	44.79321741359377
26	44.96886992913047
27	44.80414029332952
28	44.73114328402865
29	45.05427040876271
30	44.676812950467095
31	44.76202501228359
32	44.79096296319258
33	44.78558645062778
34	44.54841635817044
35	44.97899618130929
36	44.92853245107214
37	44.911481769816
38	45.00433935655374
39	44.87600004874718
40	44.66385114276923
41	44.94615113912732
42	44.81793284673281
43	44.71828750262571
44	45.094826647176845
45	44.75658568607325
46	44.63854978322869
47	44.94595377908454
48	44.25572572243108
49	44.03636731170746
50	44.22925389648915
>>END_MODULE
>>Per sequence GC content	pass
#GC Content	Count
0	3847.0
1	3696.0
2	3089.5
3	2810.5
4	3053.5
5	3724.5
6	4458.0
7	5508.0
8	6611.0
9	8390.0
10	10305.0
11	13566.0
12	17024.0
13	22639.5
14	29129.5
15	38641.5
16	48985.0
17	64315.0
18	80830.5
19	102192.5
20	124163.5
21	150443.5
22	177690.5
23	211629.0
24	247478.5
25	280200.5
26	318415.0
27	364883.0
28	414304.0
29	468331.5
30	523707.5
31	582911.5
32	645413.0
33	710336.0
34	775266.0
35	830209.0
36	880235.0
37	913187.0
38	938362.5
39	956250.5
40	972399.0
41	981701.0
42	988970.0
43	987859.5
44	983141.5
45	969086.5
46	953580.5
47	935279.0
48	916613.0
49	896650.0
50	875639.5
51	853113.5
52	826971.5
53	798652.0
54	771216.5
55	742219.0
56	710989.0
57	675794.0
58	638252.5
59	594184.0
60	549344.0
61	501271.5
62	452862.5
63	410907.0
64	361835.5
65	316931.5
66	275110.0
67	237377.5
68	199250.5
69	164228.5
70	134687.0
71	110997.5
72	90297.5
73	72609.5
74	56340.5
75	44676.5
76	35945.0
77	27947.0
78	20844.0
79	16089.0
80	12156.0
81	9087.0
82	6592.5
83	4970.5
84	3645.5
85	2754.0
86	1998.0
87	1585.0
88	1300.5
89	1033.5
90	822.5
91	707.0
92	628.5
93	535.5
94	456.0
95	420.5
96	385.0
97	355.0
98	329.5
99	421.0
100	519.0
>>END_MODULE
>>Per base N content	pass
#Base	N-Count
1	5.2410973573797496E-5
2	2.6205486786898748E-5
3	0.0
4	3.275685848362344E-5
5	0.0
6	6.551371696724687E-6
7	7.861646036069625E-5
8	0.0
9	1.1792469054104438E-4
10	0.0
11	0.0
12	0.0
13	0.0
14	0.0013102743393449375
15	0.0
16	0.0
17	0.0
18	0.0
19	0.0
20	0.0
21	0.0
22	0.0
23	3.2298530172990264E-4
24	0.0
25	0.0
26	0.0
27	0.0
28	0.0
29	0.0
30	0.0
31	0.0
32	0.0
33	0.0
34	0.0
35	0.0
36	0.0
37	0.0
38	0.0
39	0.0
40	0.0
41	0.0
42	0.0
43	0.0
44	0.0
45	0.0
46	0.0
47	0.0
48	0.0
49	0.0
50	0.0
>>END_MODULE
>>Sequence Length Distribution	warn
#Length	Count
20	30236.0
21	30992.0
22	31782.0
23	32306.0
24	33039.0
25	33702.0
26	35113.0
27	36477.0
28	37666.0
29	39961.0
30	41057.0
31	42005.0
32	42677.0
33	43409.0
34	44327.0
35	45092.0
36	45059.0
37	46642.0
38	48520.0
39	52010.0
40	53589.0
41	57051.0
42	60375.0
43	71242.0
44	103673.0
45	171870.0
46	414955.0
47	866559.0
48	1700212.0
49	2281737.0
50	8690644.0
>>END_MODULE
>>Sequence Duplication Levels	warn
#Total Duplicate Percentage	28.654102398945827
#Duplication Level	Relative count
1	100.0
2	19.1014720476348
3	7.081128018524645
4	3.431332010144448
5	1.8600452089535782
6	1.1591685963171243
7	0.7566986437313926
8	0.5382346454956445
9	0.4052265960965928
10++	3.498869776160547
>>END_MODULE
>>Overrepresented sequences	pass
>>END_MODULE
>>Kmer Content	warn
#Sequence	Count	Obs/Exp Overall	Obs/Exp Max	Max Obs/Exp Position
AAAAA	3919920	3.7315133	4.5578294	46
TTTTT	3778605	3.4337196	4.2112694	13
>>END_MODULE
