##FastQC	0.10.1
>>Basic Statistics	pass
#Measure	Value	
Filename	019-F0_S5_L001_R2_001_trimmed.fq.gz	
File type	Conventional base calls	
Encoding	Sanger / Illumina 1.9	
Total Sequences	14241854	
Filtered Sequences	0	
Sequence length	20-50	
%GC	45	
>>END_MODULE
>>Per base sequence quality	pass
#Base	Mean	Median	Lower Quartile	Upper Quartile	10th Percentile	90th Percentile
1	35.14012403160431	36.0	36.0	36.0	36.0	36.0
2	35.128424712119646	36.0	36.0	36.0	36.0	36.0
3	35.115794614942686	36.0	36.0	36.0	36.0	36.0
4	35.10549153221203	36.0	36.0	36.0	36.0	36.0
5	35.09057500519244	36.0	36.0	36.0	36.0	36.0
6	35.07564703303376	36.0	36.0	36.0	36.0	36.0
7	35.060832810110256	36.0	36.0	36.0	36.0	36.0
8	35.05012451328317	36.0	36.0	36.0	36.0	36.0
9	35.03184283450736	36.0	36.0	36.0	36.0	36.0
10	35.016369568175605	36.0	36.0	36.0	36.0	36.0
11	35.002808903953095	36.0	36.0	36.0	36.0	36.0
12	34.991910112264875	36.0	36.0	36.0	36.0	36.0
13	34.98787945726729	36.0	36.0	36.0	36.0	36.0
14	34.976144257622636	36.0	36.0	36.0	36.0	36.0
15	34.970429903297706	36.0	36.0	36.0	36.0	36.0
16	34.941876317507536	36.0	36.0	36.0	36.0	36.0
17	34.92992681992106	36.0	36.0	36.0	36.0	36.0
18	34.91560958285347	36.0	36.0	36.0	36.0	36.0
19	34.87726703278941	36.0	36.0	36.0	36.0	36.0
20	34.89270217206271	36.0	36.0	36.0	36.0	36.0
21	34.878451898902874	36.0	36.0	36.0	36.0	36.0
22	34.876745999879816	36.0	36.0	36.0	36.0	36.0
23	34.86580098321797	36.0	36.0	36.0	36.0	36.0
24	34.845479830030754	36.0	36.0	36.0	36.0	36.0
25	34.84164317656147	36.0	36.0	36.0	36.0	36.0
26	34.812026931960666	36.0	36.0	36.0	36.0	36.0
27	34.81249912800454	36.0	36.0	36.0	36.0	36.0
28	34.80376843003666	36.0	36.0	36.0	36.0	36.0
29	34.78978989963617	36.0	36.0	36.0	36.0	36.0
30	34.777110295439016	36.0	36.0	36.0	36.0	36.0
31	34.75728667667284	36.0	36.0	36.0	36.0	36.0
32	34.7465311067805	36.0	36.0	36.0	36.0	36.0
33	34.70968454416391	36.0	36.0	36.0	36.0	36.0
34	34.70764235193281	36.0	36.0	36.0	36.0	36.0
35	34.654737618902864	36.0	36.0	36.0	36.0	36.0
36	34.649194626187224	36.0	36.0	36.0	36.0	36.0
37	34.654398411402205	36.0	36.0	36.0	32.0	36.0
38	34.62439181135114	36.0	36.0	36.0	32.0	36.0
39	34.61483486238731	36.0	36.0	36.0	32.0	36.0
40	34.60904682336298	36.0	36.0	36.0	32.0	36.0
41	34.58062617651892	36.0	36.0	36.0	32.0	36.0
42	34.5608966482856	36.0	36.0	36.0	32.0	36.0
43	34.553782516130205	36.0	36.0	36.0	32.0	36.0
44	34.52229208493488	36.0	36.0	36.0	32.0	36.0
45	34.5343582866312	36.0	36.0	36.0	32.0	36.0
46	34.52010714321829	36.0	36.0	36.0	32.0	36.0
47	34.52364739570024	36.0	36.0	36.0	32.0	36.0
48	34.54873127002474	36.0	36.0	36.0	32.0	36.0
49	34.62285644861083	36.0	36.0	36.0	32.0	36.0
50	34.742605248237076	36.0	36.0	36.0	32.0	36.0
>>END_MODULE
>>Per sequence quality scores	pass
#Quality	Count
3	1.0
4	1.0
5	2.0
6	6.0
7	5.0
8	20.0
9	49.0
10	53.0
11	52.0
12	68.0
13	77.0
14	813.0
15	1724.0
16	3101.0
17	4978.0
18	8014.0
19	12165.0
20	17763.0
21	24664.0
22	33226.0
23	44145.0
24	57761.0
25	74834.0
26	96783.0
27	123565.0
28	155090.0
29	192275.0
30	238938.0
31	302446.0
32	401846.0
33	579290.0
34	1100072.0
35	5699487.0
36	5068540.0
>>END_MODULE
>>Per base sequence content	pass
#Base	G	A	T	C
1	22.330816366210254	26.629234571847242	27.22373192190125	23.81621714004125
2	22.598957134871338	27.23602682696428	27.44839443864248	22.7166215995219
3	22.092332167506115	27.226498732120767	27.825918552381896	22.855250547991226
4	22.80246658449587	26.336204115014116	28.26862927214242	22.59270002834759
5	22.616159357867918	26.719629512393166	27.730094941872924	22.93411618786599
6	21.880356080518936	27.310631744342885	27.979251762398015	22.82976041274016
7	22.035102837056968	27.291484349200463	27.761809870972776	22.911602942769793
8	22.032373923905073	27.11410222596357	27.434897819258463	23.41862603087289
9	22.285866813632794	26.986086251588482	27.494007029205587	23.23403990557314
10	21.98068871025594	27.032954717493073	27.976119086052687	23.010237486198296
11	23.131544626009784	26.69815930818992	27.337147869706918	22.833148196093376
12	21.923367611278096	27.48552199636241	27.850425760850506	22.74068463150899
13	21.977007587833064	27.335698767380883	28.20820126365578	22.47909238113027
14	22.16316865010177	26.957497297613852	28.284317284640153	22.59501676764423
15	21.97116218823681	27.394678268809997	28.06937972730076	22.56477981565243
16	22.010184263602156	27.420598879528768	28.277896583575323	22.29132027329375
17	22.244680801011928	26.909954308605077	27.39564526253469	23.449719627848303
18	22.174082177399875	27.87964784344952	27.37026435057889	22.576005628571714
19	22.695556461910886	27.13047106694689	27.664649557898972	22.509322913243256
20	22.941202246206323	26.70621290872034	27.76683250302797	22.58575234204536
21	22.847096172479496	26.881065239433227	27.81985958544932	22.45197900263796
22	22.184419251014106	27.708159247905904	27.886803273519266	22.220618227560717
23	22.20285399291103	27.391456060073736	27.899044126444707	22.506645820570526
24	21.933465538324253	27.717669064398994	27.807982645343415	22.540882751933335
25	22.119993806012914	27.695549993274778	27.58606025121817	22.598395949494137
26	22.31251048606983	27.078625506478943	27.632686094672128	22.9761779127791
27	22.843156817257935	27.156117146420844	27.561797909596226	22.438928126725
28	21.98940904845667	27.537630369477288	27.56961817878057	22.903342403285475
29	22.83098393262502	26.954672645401	27.3999452492346	22.814398172739374
30	22.14225183755718	27.98812079074348	27.30790216286444	22.5617252088349
31	22.246650511639988	27.59824184733457	27.633298568810595	22.52180907221485
32	22.299929101357925	27.809217680250693	27.31268443107231	22.57816878731907
33	22.084462213867994	27.121912087136973	28.092494795161166	22.701130903833867
34	22.275510337188724	27.90750679137968	27.729083905200643	22.087898966230956
35	22.261077175077492	26.89775172231007	27.844655047770022	22.996516054842417
36	22.47678562302918	27.471700449064407	27.23687553667839	22.81463839122802
37	22.24429929645736	27.45988185423187	27.298400871580387	22.997417977730382
38	22.455944586536983	27.48461558424491	27.030812638790824	23.028627190427283
39	22.43046200920677	27.452334286582403	27.195809007660333	22.921394696550497
40	22.166199600338018	27.242281495313307	27.993296264331168	22.5982226400175
41	22.65252870014969	27.1188093005376	27.500349469098197	22.728312530214513
42	22.60964147187391	27.14591068679761	27.755370596599384	22.489077244729096
43	22.447976302990398	27.748675638534433	27.40350703900665	22.399841019468518
44	22.5258128477113	27.260698319594983	27.194104932634716	23.019383900058997
45	22.562137808924223	27.72540022917117	27.221672549526655	22.490789412377953
46	22.37668508115118	28.429065979309776	26.92339270796002	22.27085623157902
47	22.75139849893946	27.323363113857603	27.037700128492066	22.887538258710872
48	22.66347553207853	27.933128486332066	27.541563191432576	21.861832790156825
49	23.021993240375647	27.78037740683989	27.694285262506757	21.50334409027771
50	23.524064524265498	27.376574562822427	27.441324834423114	21.658036078488962
>>END_MODULE
>>Per base GC content	pass
#Base	%GC
1	46.1470335062515
2	45.315578734393235
3	44.94758271549733
4	45.395166612843454
5	45.55027554573391
6	44.7101164932591
7	44.946705779826765
8	45.45099995477796
9	45.519906719205935
10	44.99092619645424
11	45.96469282210316
12	44.664052242787086
13	44.45609996896333
14	44.75818541774599
15	44.53594200388925
16	44.301504536895905
17	45.694400428860234
18	44.750087805971596
19	45.204879375154135
20	45.526954588251684
21	45.29907517511745
22	44.40503747857482
23	44.70949981348156
24	44.474348290257595
25	44.718389755507054
26	45.28868839884893
27	45.28208494398293
28	44.89275145174214
29	45.6453821053644
30	44.703977046392076
31	44.768459583854835
32	44.87809788867699
33	44.78559311770186
34	44.36340930341968
35	45.25759322991991
36	45.2914240142572
37	45.24171727418774
38	45.484571776964266
39	45.351856705757264
40	44.764422240355515
41	45.380841230364204
42	45.098718716603
43	44.847817322458916
44	45.5451967477703
45	45.05292722130218
46	44.647541312730205
47	45.638936757650335
48	44.525308322235354
49	44.52533733065335
50	45.18210060275446
>>END_MODULE
>>Per sequence GC content	warn
#GC Content	Count
0	3578.0
1	3026.0
2	2316.5
3	2441.0
4	2768.0
5	3174.5
6	3643.0
7	4202.5
8	4767.0
9	5960.0
10	7299.5
11	9552.5
12	11859.0
13	15842.0
14	20536.0
15	28117.5
16	36399.5
17	49021.5
18	62733.5
19	81577.0
20	100841.5
21	123614.5
22	147616.0
23	178418.5
24	211041.5
25	241752.0
26	277351.5
27	322530.0
28	372260.0
29	431585.5
30	492125.0
31	554256.0
32	619418.0
33	689189.5
34	757204.5
35	811174.0
36	857440.0
37	873534.0
38	883007.0
39	889683.5
40	896816.0
41	900748.0
42	903112.5
43	900170.5
44	893501.0
45	878580.0
46	863892.0
47	847621.0
48	830472.0
49	811355.5
50	790874.5
51	771179.0
52	749020.0
53	723508.5
54	697884.5
55	669938.5
56	640395.5
57	607840.5
58	574340.5
59	534821.5
60	493987.5
61	451151.0
62	408366.0
63	371892.5
64	329346.0
65	291192.5
66	255717.5
67	222854.0
68	188868.0
69	157773.5
70	131420.5
71	109611.5
72	90360.5
73	74527.0
74	60185.5
75	49921.0
76	42191.5
77	34860.0
78	28228.5
79	23170.5
80	18539.5
81	14794.0
82	11711.0
83	9642.0
84	7693.0
85	6161.0
86	4844.5
87	3849.5
88	3122.5
89	2498.5
90	1916.0
91	1573.0
92	1307.5
93	1160.5
94	1012.5
95	953.5
96	915.0
97	947.5
98	1461.5
99	4665.5
100	7389.0
>>END_MODULE
>>Per base N content	pass
#Base	N-Count
1	0.0017062385276523687
2	0.0035880159984788495
3	0.00526616829522336
4	0.005511922815667117
5	0.0020924242026354152
6	0.007232204458773416
7	0.0030965069575913363
8	0.007091773304234127
9	0.012905623102160715
10	0.006024496529735524
11	0.007492002094671101
12	0.007814993750111467
13	0.00445166759889548
14	0.005167866487045858
15	0.007281355362862166
16	0.007442851190582351
17	0.009247391526412222
18	0.021577246894961852
19	0.011726001404030682
20	0.00919824062232347
21	0.021578761213224027
22	0.025430649829803226
23	0.019620398479373326
24	0.017627830160829437
25	0.01712801777132493
26	0.011874550151515442
27	0.015311709073561572
28	0.027532155067735698
29	0.005923642122237835
30	0.005840796533825184
31	0.007981377166676667
32	0.013364000096517777
33	0.016550876098525062
34	0.011745832791369572
35	0.017824163691604052
36	0.010507535558291993
37	0.016306292317659267
38	0.022086713042500372
39	0.011756660169717494
40	0.012148445728724843
41	0.006166293206732369
42	0.009727158320966867
43	0.005378200322281693
44	0.009719482205438067
45	0.008999221400696592
46	0.010808701341649716
47	0.006752951814682351
48	0.014368886702108825
49	0.0071344081814440855
50	0.008927397611152358
>>END_MODULE
>>Sequence Length Distribution	warn
#Length	Count
20	14902.0
21	15754.0
22	16787.0
23	17964.0
24	18358.0
25	18606.0
26	19570.0
27	20036.0
28	20701.0
29	22874.0
30	23636.0
31	24884.0
32	26649.0
33	27248.0
34	28968.0
35	30127.0
36	28977.0
37	29440.0
38	31432.0
39	33632.0
40	35342.0
41	42348.0
42	45931.0
43	56429.0
44	90091.0
45	150813.0
46	378250.0
47	799972.0
48	1603632.0
49	2178598.0
50	8389903.0
>>END_MODULE
>>Sequence Duplication Levels	warn
#Total Duplicate Percentage	32.00519917125991
#Duplication Level	Relative count
1	100.0
2	21.958318361480416
3	8.135824649658641
4	3.9274164570607257
5	2.1911606180380883
6	1.36399568810636
7	0.8760330578512396
8	0.6309737693136903
9	0.43837585339561624
10++	4.207689543657923
>>END_MODULE
>>Overrepresented sequences	pass
>>END_MODULE
>>Kmer Content	warn
#Sequence	Count	Obs/Exp Overall	Obs/Exp Max	Max Obs/Exp Position
AAAAA	3893900	4.03255	4.9498076	46
TTTTT	3443685	3.3752315	5.0865455	13
GAAAA	2357805	2.983281	6.6784945	4
AGAAA	2354470	2.9790611	6.567638	28
TTTTC	2465055	2.9427903	5.241058	4
GAGAA	1480130	2.288113	6.684486	27
GGAAA	1452825	2.2459025	6.4342303	20
AAAAT	2167085	2.2196674	5.180043	22
TGAAA	1571735	1.9669015	5.4253435	10
CTGAA	1295290	1.9527198	6.016538	9
AAATG	1475920	1.8469967	5.489148	23
CATTT	1496250	1.8060089	5.3519197	1
AAAAC	1426280	1.7793826	5.1175623	5
TGAGA	1071800	1.6387337	5.920231	26
AATGA	1150900	1.4402599	5.015472	24
ATGAG	895790	1.3696225	5.658156	25
AACTG	897095	1.3524193	5.2538023	7
ACTGA	873315	1.3165697	5.2451754	8
>>END_MODULE
