##FastQC	0.10.1
>>Basic Statistics	pass
#Measure	Value	
Filename	005-primary_S6_L001_R1_001_trimmed.fq.gz	
File type	Conventional base calls	
Encoding	Sanger / Illumina 1.9	
Total Sequences	30356241	
Filtered Sequences	0	
Sequence length	20-50	
%GC	45	
>>END_MODULE
>>Per base sequence quality	pass
#Base	Mean	Median	Lower Quartile	Upper Quartile	10th Percentile	90th Percentile
1	35.106003473882026	36.0	36.0	36.0	36.0	36.0
2	35.094009861102364	36.0	36.0	36.0	36.0	36.0
3	35.06981773533818	36.0	36.0	36.0	36.0	36.0
4	35.061256266874416	36.0	36.0	36.0	36.0	36.0
5	35.046395434797084	36.0	36.0	36.0	36.0	36.0
6	34.99959537150861	36.0	36.0	36.0	36.0	36.0
7	34.98628367721814	36.0	36.0	36.0	36.0	36.0
8	34.97344621819283	36.0	36.0	36.0	36.0	36.0
9	34.96281150225418	36.0	36.0	36.0	36.0	36.0
10	34.94208258525817	36.0	36.0	36.0	36.0	36.0
11	34.92626745188905	36.0	36.0	36.0	36.0	36.0
12	34.90962451510383	36.0	36.0	36.0	36.0	36.0
13	34.894565503021276	36.0	36.0	36.0	36.0	36.0
14	34.90196477225227	36.0	36.0	36.0	36.0	36.0
15	34.889934725449045	36.0	36.0	36.0	36.0	36.0
16	34.87425083362594	36.0	36.0	36.0	36.0	36.0
17	34.85915713345404	36.0	36.0	36.0	36.0	36.0
18	34.84638114449019	36.0	36.0	36.0	36.0	36.0
19	34.84688249114902	36.0	36.0	36.0	36.0	36.0
20	34.8359296857605	36.0	36.0	36.0	36.0	36.0
21	34.82576912164327	36.0	36.0	36.0	36.0	36.0
22	34.812704327509714	36.0	36.0	36.0	36.0	36.0
23	34.7987224399743	36.0	36.0	36.0	36.0	36.0
24	34.789898700275586	36.0	36.0	36.0	36.0	36.0
25	34.78380205838377	36.0	36.0	36.0	36.0	36.0
26	34.778403859216965	36.0	36.0	36.0	36.0	36.0
27	34.77241598983939	36.0	36.0	36.0	36.0	36.0
28	34.75485304465766	36.0	36.0	36.0	32.0	36.0
29	34.73184812516939	36.0	36.0	36.0	32.0	36.0
30	34.718997190160806	36.0	36.0	36.0	32.0	36.0
31	34.706282290545815	36.0	36.0	36.0	32.0	36.0
32	34.69700361262252	36.0	36.0	36.0	32.0	36.0
33	34.67454682228995	36.0	36.0	36.0	32.0	36.0
34	34.65066701367788	36.0	36.0	36.0	32.0	36.0
35	34.63626070421719	36.0	36.0	36.0	32.0	36.0
36	34.62399479736485	36.0	36.0	36.0	32.0	36.0
37	34.603582462559174	36.0	36.0	36.0	32.0	36.0
38	34.580750342625194	36.0	36.0	36.0	32.0	36.0
39	34.567923637884505	36.0	36.0	36.0	32.0	36.0
40	34.551888536440075	36.0	36.0	36.0	32.0	36.0
41	34.52446265477504	36.0	36.0	36.0	32.0	36.0
42	34.50587940932578	36.0	36.0	36.0	32.0	36.0
43	34.480055377983945	36.0	36.0	36.0	32.0	36.0
44	34.46751331042701	36.0	36.0	36.0	32.0	36.0
45	34.43984816082106	36.0	36.0	36.0	32.0	36.0
46	34.42536143693295	36.0	36.0	36.0	32.0	36.0
47	34.43462220012464	36.0	36.0	36.0	32.0	36.0
48	34.45435213153404	36.0	36.0	36.0	32.0	36.0
49	34.51075249696923	36.0	36.0	36.0	32.0	36.0
50	34.616617688072175	36.0	36.0	36.0	32.0	36.0
>>END_MODULE
>>Per sequence quality scores	pass
#Quality	Count
14	1.0
15	26.0
16	117.0
17	415.0
18	1387.0
19	3948.0
20	9519.0
21	18802.0
22	32339.0
23	52254.0
24	79538.0
25	120426.0
26	176477.0
27	251263.0
28	345462.0
29	460063.0
30	604210.0
31	796621.0
32	1084730.0
33	1630798.0
34	3249231.0
35	1.4099172E7
36	7339442.0
>>END_MODULE
>>Per base sequence content	pass
#Base	G	A	T	C
1	22.33532769618149	27.044680913583864	27.67075342825861	22.949237961976042
2	22.19438170885519	26.88194167387194	27.94394075340224	22.97973586387063
3	22.292586468753235	26.988245024866114	27.664288852268836	23.054879654111808
4	22.319278595791882	26.864291267156563	27.851099877616598	22.965330259434953
5	22.485230062754795	26.844026372700803	27.541257211444943	23.129486353099463
6	22.135023239537468	27.09075870098673	27.719449848879513	23.0547682105963
7	22.098724278806454	27.11459564443437	27.820167193955275	22.9665128828039
8	22.27345276379905	27.00037530997333	27.802678203800003	22.923493722427622
9	21.956287463062775	27.215655275288757	27.950726694226958	22.877330567421506
10	22.218306835181966	27.278193315018896	27.678028379019555	22.825471470779583
11	22.463192988881595	27.32102107108716	27.517511143754593	22.698274796276653
12	22.02860690162527	27.282482043807732	27.865950201146443	22.822960853420554
13	22.1490994224219	27.113241721858778	27.913492319421234	22.824166536298087
14	22.19020134936997	26.81667997035601	28.07300811717762	22.9201105630964
15	22.097782824224783	27.10556854044232	27.87781197211208	22.918836663220805
16	22.318290331138165	27.551431680885653	27.59852908006627	22.53174890790991
17	22.431746407600333	27.297665083104327	27.540195111772896	22.73039339752244
18	22.29142929785015	27.51517883917182	27.566433538329072	22.626958324648957
19	22.279448236031595	27.384800377622515	27.755317267378395	22.580434118967496
20	22.26291456837492	27.13894648550194	27.70925425186867	22.888884694254468
21	22.30693278287138	27.312624341322696	27.69229935956055	22.688143516245376
22	22.254250525452623	27.311039541547427	27.723600231764063	22.711109701235888
23	22.37376881535675	27.061920722748756	27.607754076833558	22.956556385060935
24	22.301071454695258	27.38705281656343	27.677761940603595	22.634113788137718
25	22.328575392797124	27.32315919968355	27.591973863909132	22.756291543610196
26	22.44993467359669	27.490180278638928	27.43603795380654	22.623847093957846
27	22.18260789748088	27.567328146963472	27.64764833146446	22.602415624091194
28	22.19797815311671	27.420362208346425	27.591531692312277	22.790127946224594
29	22.28867092776131	27.329530950055386	27.72068614865067	22.661111973532638
30	22.338674359982484	27.356925545993327	27.625941085522232	22.678459008501957
31	22.432922771685394	27.39319507775256	27.525558897918135	22.648323252643916
32	22.381185111919777	27.32265184233023	27.554760849267034	22.74140219648296
33	22.30350255217669	27.35158730381828	27.61310579701212	22.731804346992913
34	22.44647584857695	27.569334402535254	27.50173740724681	22.482452341640982
35	22.444530192802223	27.430573099222126	27.43738699696262	22.68750971101303
36	22.50126529972697	27.567934462327347	27.40858989451907	22.522210343426615
37	22.24961043054702	27.470371789795113	27.634245168926412	22.645772610731456
38	22.240752176947463	27.252166028875724	27.71046358564582	22.796618208530997
39	22.140238143023357	27.43170650921457	27.728985295706888	22.69907005205519
40	22.34417608298481	27.486353274053	27.622683970228707	22.546786672733486
41	22.493023258448613	27.539292828568897	27.450568742597625	22.51711517038487
42	22.375569351461518	27.66938543905869	27.415581889572422	22.539463319907366
43	22.38020011849653	27.608876507674946	27.48232553069704	22.528597843131486
44	22.385618130268917	27.391229654852584	27.49958777388767	22.723564440990828
45	22.188250783352853	27.464054975974573	27.70748696114893	22.640207279523647
46	22.317857362143936	27.490500661291893	27.49633240545354	22.695309571110634
47	22.234164198950403	27.600139927772112	27.60574884690728	22.55994702637021
48	22.29785368917804	27.92749374734282	27.630650651585025	22.14400191189411
49	22.43419698121362	28.261573424813868	27.702819526272055	21.601410067700456
50	22.149324415143475	28.174319189641604	27.85406846029181	21.82228793492311
>>END_MODULE
>>Per base GC content	pass
#Base	%GC
1	45.284565658157526
2	45.17411757272582
3	45.34746612286505
4	45.284608855226836
5	45.614716415854254
6	45.18979145013377
7	45.06523716161036
8	45.19694648622667
9	44.83361803048428
10	45.04377830596155
11	45.16146778515825
12	44.85156775504582
13	44.973265958719985
14	45.110311912466365
15	45.01661948744559
16	44.85003923904808
17	45.16213980512278
18	44.91838762249911
19	44.859882354999094
20	45.15179926262939
21	44.995076299116754
22	44.96536022668851
23	45.33032520041769
24	44.93518524283297
25	45.08486693640732
26	45.073781767554536
27	44.78502352157208
28	44.9881060993413
29	44.94978290129394
30	45.017133368484444
31	45.08124602432931
32	45.122587308402736
33	45.035306899169605
34	44.92892819021793
35	45.132039903815254
36	45.02347564315358
37	44.89538304127848
38	45.03737038547846
39	44.839308195078544
40	44.89096275571829
41	45.010138428833486
42	44.915032671368884
43	44.90879796162802
44	45.10918257125975
45	44.8284580628765
46	45.01316693325457
47	44.79411122532061
48	44.441855601072156
49	44.03560704891408
50	43.971612350066586
>>END_MODULE
>>Per sequence GC content	pass
#GC Content	Count
0	7943.0
1	7813.5
2	6683.0
3	5996.0
4	6478.0
5	7671.0
6	9096.0
7	11307.5
8	13646.5
9	17245.0
10	21203.5
11	28648.0
12	36371.5
13	48044.0
14	61674.5
15	82414.5
16	104857.5
17	137295.5
18	172292.0
19	216194.5
20	262024.0
21	319320.5
22	378570.0
23	448596.0
24	521919.5
25	590212.5
26	668142.5
27	757608.0
28	852089.0
29	950669.5
30	1052145.5
31	1158821.5
32	1266440.5
33	1373094.5
34	1486156.5
35	1587539.0
36	1682255.0
37	1767829.5
38	1838641.5
39	1886532.0
40	1928128.5
41	1948876.0
42	1964638.5
43	1957649.0
44	1940832.0
45	1904818.5
46	1866873.5
47	1822783.0
48	1777995.0
49	1734575.0
50	1690635.5
51	1651758.0
52	1612785.0
53	1574599.5
54	1534930.5
55	1493387.0
56	1447647.5
57	1389484.0
58	1325698.0
59	1246787.5
60	1162692.0
61	1066294.0
62	969578.5
63	883690.5
64	782104.0
65	687125.5
66	595893.0
67	513796.0
68	436014.5
69	366858.5
70	305755.0
71	254018.0
72	208303.0
73	168342.5
74	131446.0
75	104736.0
76	84884.0
77	67004.5
78	50705.5
79	38833.5
80	28733.0
81	21454.5
82	16032.5
83	12072.5
84	8590.0
85	6394.0
86	4785.5
87	3772.5
88	2908.5
89	2193.0
90	1674.5
91	1375.5
92	1169.5
93	988.5
94	815.0
95	734.5
96	674.5
97	634.0
98	569.5
99	923.0
100	1322.0
>>END_MODULE
>>Per base N content	pass
#Base	N-Count
1	4.282480166104888E-5
2	0.0
3	2.404777324043514E-4
4	0.0
5	5.073091889078098E-4
6	0.0
7	0.0
8	0.0
9	2.305950858671863E-5
10	7.379042747749961E-4
11	0.0
12	0.0
13	0.0
14	0.0
15	3.2942155123883754E-5
16	0.0
17	0.0
18	0.0
19	0.0
20	0.0
21	0.0
22	0.0
23	0.0
24	0.0
25	0.0
26	0.0
27	0.0
28	0.0
29	0.0
30	0.0
31	0.0
32	0.0
33	0.0
34	0.0
35	0.0
36	0.0
37	0.0
38	0.0
39	0.0
40	0.0
41	0.0
42	0.0
43	0.0
44	0.0
45	0.0
46	0.0
47	0.0
48	0.0
49	8.90264456805376E-5
50	0.0
>>END_MODULE
>>Sequence Length Distribution	warn
#Length	Count
20	77188.0
21	79375.0
22	81328.0
23	82829.0
24	85518.0
25	86121.0
26	89299.0
27	91722.0
28	95628.0
29	101204.0
30	102622.0
31	105784.0
32	106837.0
33	107364.0
34	107895.0
35	108607.0
36	110709.0
37	115286.0
38	120405.0
39	125399.0
40	129127.0
41	133306.0
42	140561.0
43	159721.0
44	213732.0
45	351251.0
46	825220.0
47	1717906.0
48	3362324.0
49	4453643.0
50	1.688833E7
>>END_MODULE
>>Sequence Duplication Levels	warn
#Total Duplicate Percentage	40.82188670677716
#Duplication Level	Relative count
1	100.0
2	25.444749330686662
3	12.437134588278468
4	7.1977247516659855
5	4.707295306883293
6	3.150985412722375
7	2.227708321170318
8	1.7039341445716811
9	1.3019291236790966
10++	8.635601631373072
>>END_MODULE
>>Overrepresented sequences	pass
>>END_MODULE
>>Kmer Content	warn
#Sequence	Count	Obs/Exp Overall	Obs/Exp Max	Max Obs/Exp Position
AAAAA	8236845	4.0574737	4.9470453	46
TTTTT	7719570	3.5857565	4.0753775	46
CCTGG	2877415	3.051364	3.6944635	9
>>END_MODULE
