##FastQC	0.10.1
>>Basic Statistics	pass
#Measure	Value	
Filename	029-F0_S5_L004_R1_001.fastq.gz	
File type	Conventional base calls	
Encoding	Sanger / Illumina 1.9	
Total Sequences	20365374	
Filtered Sequences	0	
Sequence length	35-76	
%GC	45	
>>END_MODULE
>>Per base sequence quality	pass
#Base	Mean	Median	Lower Quartile	Upper Quartile	10th Percentile	90th Percentile
1	31.396275413356022	32.0	32.0	32.0	32.0	32.0
2	31.42656692678465	32.0	32.0	32.0	32.0	32.0
3	31.514514783769744	32.0	32.0	32.0	32.0	32.0
4	31.59338600901707	32.0	32.0	32.0	32.0	32.0
5	31.5517560836349	32.0	32.0	32.0	32.0	32.0
6	35.17866909785207	36.0	36.0	36.0	36.0	36.0
7	35.181211305031766	36.0	36.0	36.0	36.0	36.0
8	35.1131663479394	36.0	36.0	36.0	36.0	36.0
9	35.25652020925322	36.0	36.0	36.0	36.0	36.0
10-14	35.18100433608535	36.0	36.0	36.0	36.0	36.0
15-19	35.133903398975136	36.0	36.0	36.0	36.0	36.0
20-24	35.08433084509029	36.0	36.0	36.0	36.0	36.0
25-29	34.973521438889364	36.0	36.0	36.0	36.0	36.0
30-34	34.8858074101659	36.0	36.0	36.0	36.0	36.0
35-39	34.865373095173844	36.0	36.0	36.0	36.0	36.0
40-44	34.80917765576247	36.0	36.0	36.0	36.0	36.0
45-49	34.71776767474646	36.0	36.0	36.0	34.4	36.0
50-54	34.602010608196466	36.0	36.0	36.0	32.0	36.0
55-59	34.46779350664952	36.0	36.0	36.0	32.0	36.0
60-64	34.31900704640894	36.0	36.0	36.0	32.0	36.0
65-69	34.16909773214256	36.0	36.0	36.0	32.0	36.0
70-74	34.05337635885558	36.0	36.0	36.0	32.0	36.0
75-76	33.423460904554304	36.0	34.0	36.0	26.5	36.0
>>END_MODULE
>>Per sequence quality scores	pass
#Quality	Count
2	42827.0
3	0.0
4	0.0
5	0.0
6	0.0
7	0.0
8	0.0
9	0.0
10	0.0
11	0.0
12	0.0
13	0.0
14	0.0
15	0.0
16	1.0
17	25.0
18	171.0
19	1289.0
20	4829.0
21	11387.0
22	19731.0
23	30947.0
24	48268.0
25	77465.0
26	119573.0
27	174885.0
28	244145.0
29	326616.0
30	425550.0
31	559082.0
32	762100.0
33	1198048.0
34	2795406.0
35	1.3523029E7
>>END_MODULE
>>Per base sequence content	fail
#Base	G	A	T	C
1	41.7696968193409	19.05525223903901	12.567596463217187	26.607454478402897
2	15.606533748281343	19.70262977876886	37.667839452792975	27.022997020156826
3	18.885611023717594	21.900460223685965	28.185092696969647	31.02883605562679
4	12.83610852626285	15.512743983992907	35.87962715791091	35.77152033183334
5	14.625204212838087	35.32456340241211	34.39711075585162	15.65312162889819
6	34.20760202941098	35.3437735929458	16.445522305840896	14.00310207180232
7	30.136680210408667	29.37459069475888	20.843184665780328	19.645544429052126
8	25.86022321251955	35.95653707444492	19.719517012558878	18.463722700476655
9	24.631961731962043	16.16306263186401	20.15854115136257	39.04643448481138
10-14	23.989329004948026	23.27115163485268	28.397312019502458	24.342207340696838
15-19	22.400739301665716	28.335498736433212	26.3232366677628	22.94052529413827
20-24	22.491860590822323	26.976111753614397	27.614014098025034	22.91801355753825
25-29	22.337452819759537	27.084547008625403	27.498362900780286	23.07963727083477
30-34	22.362395081290767	27.08764405224912	27.645006672896432	22.904954193563675
35-39	22.40103320339573	27.288695574698142	27.492712838087208	22.817558383818916
40-44	22.506320010979998	27.165433773401592	27.564182423935886	22.764063791682528
45-49	22.491452962890197	27.285610760743793	27.35731667971824	22.865619596647768
50-54	22.459649854089825	27.39659648386688	27.371883740374763	22.77186992166853
55-59	22.53848672602057	27.25993383398182	27.235441665111054	22.966137774886562
60-64	22.62710738783971	27.265180980680352	27.29729761547921	22.810414016000724
65-69	22.707354327468888	27.411429432282713	27.17728802634821	22.70392821390019
70-74	22.9775946510728	27.612769369928476	27.170794604391325	22.2388413746074
75-76	26.992486360149776	34.90036427634766	28.241865034393697	9.865284329108867
>>END_MODULE
>>Per base GC content	fail
#Base	%GC
1	68.3771512977438
2	42.629530768438165
3	49.914447079344384
4	48.607628858096184
5	30.278325841736276
6	48.210704101213295
7	49.78222463946079
8	44.3239459129962
9	63.678396216773415
10-14	48.331536345644864
15-19	45.341264595803985
20-24	45.40987414836057
25-29	45.41709009059431
30-34	45.26734927485444
35-39	45.218591587214654
40-44	45.27038380266252
45-49	45.35707255953796
50-54	45.23151977575836
55-59	45.50462450090713
60-64	45.437521403840435
65-69	45.411282541369076
70-74	45.2164360256802
75-76	36.85777068925864
>>END_MODULE
>>Per sequence GC content	warn
#GC Content	Count
0	42841.0
1	21426.5
2	27.0
3	76.5
4	113.0
5	150.5
6	274.5
7	473.5
8	596.5
9	802.5
10	1375.0
11	2258.0
12	2798.5
13	3710.0
14	6020.5
15	9750.5
16	15358.0
17	19698.0
18	26755.0
19	40533.0
20	57525.5
21	69896.0
22	88532.0
23	121293.0
24	155226.0
25	178242.0
26	208528.0
27	257258.0
28	306088.0
29	340256.0
30	382476.0
31	447826.0
32	512639.5
33	557633.0
34	615329.5
35	700789.5
36	773807.5
37	818609.0
38	852522.5
39	884986.0
40	894447.0
41	891286.5
42	895655.5
43	902214.5
44	898615.5
45	884092.0
46	874497.0
47	864703.0
48	842647.0
49	816190.5
50	798365.0
51	779321.0
52	749709.5
53	721040.0
54	704340.0
55	687623.0
56	660708.5
57	631832.0
58	605608.0
59	568084.5
60	517770.5
61	463986.5
62	420950.5
63	380368.5
64	328103.5
65	280858.0
66	233378.0
67	198936.5
68	172272.0
69	140226.0
70	109535.5
71	88363.5
72	73821.0
73	58264.5
74	44119.5
75	35155.0
76	29577.0
77	23210.0
78	17232.0
79	13635.5
80	11565.5
81	9164.0
82	6620.5
83	4984.5
84	4040.5
85	3013.0
86	2046.0
87	1482.5
88	1196.0
89	934.5
90	676.0
91	478.5
92	406.5
93	330.0
94	233.0
95	181.5
96	154.5
97	122.0
98	79.0
99	66.0
100	64.0
>>END_MODULE
>>Per base N content	pass
#Base	N-Count
1	0.24532817320222058
2	0.21029812661432098
3	0.21047980753999412
4	0.21056819285518646
5	0.2102932163190325
6	0.2102932163190325
7	0.2102932163190325
8	0.21044543547297487
9	0.2102932163190325
10-14	0.2103845478113979
15-19	0.2114412433574753
20-24	0.2109119135253789
25-29	0.211870403165687
30-34	0.21194994994936014
35-39	0.04435633167489637
40-44	0.00218518917299823
45-49	0.0018216993795810968
50-54	0.003943992629395233
55-59	6.621403437153073E-4
60-64	6.823969974865496E-4
65-69	8.491099353326554E-4
70-74	9.603898087518412E-4
75-76	0.006813432772909986
>>END_MODULE
>>Sequence Length Distribution	warn
#Length	Count
35	56556.0
36	19657.0
37	25849.0
38	27574.0
39	29508.0
40	29152.0
41	30762.0
42	31882.0
43	34947.0
44	37406.0
45	40086.0
46	41319.0
47	42643.0
48	43891.0
49	45510.0
50	45065.0
51	46219.0
52	46859.0
53	48799.0
54	51270.0
55	52034.0
56	54750.0
57	55835.0
58	56671.0
59	57666.0
60	59026.0
61	57453.0
62	57521.0
63	58633.0
64	61445.0
65	62785.0
66	64497.0
67	67236.0
68	65982.0
69	72400.0
70	73902.0
71	89366.0
72	164742.0
73	493282.0
74	1350802.0
75	4203373.0
76	1.2311019E7
>>END_MODULE
>>Sequence Duplication Levels	warn
#Total Duplicate Percentage	31.850337997170257
#Duplication Level	Relative count
1	100.0
2	21.005622837370243
3	8.362168396770473
4	4.2048731257208765
5	2.4199826989619377
6	1.4979815455594003
7	1.0099480968858132
8	0.7403402537485583
9	0.5327277970011534
10++	4.401672433679354
>>END_MODULE
>>Overrepresented sequences	warn
#Sequence	Count	Percentage	Possible Source
NNNNNNNNNNNNNNNNNNNNNNNNNNNNNNNNNNN	42827	0.2102932163190325	No Hit
>>END_MODULE
>>Kmer Content	warn
#Sequence	Count	Obs/Exp Overall	Obs/Exp Max	Max Obs/Exp Position
AAAAA	7039280	3.4714127	6.4712157	72
TTTTT	6688310	3.208717	5.708966	72
CCTGG	3226735	3.0228915	11.91401	3
CCAGG	3104870	2.9247942	12.730663	3
CCCAG	2942785	2.7662868	10.829299	2
CTGGG	2892720	2.7156816	9.801759	4
CAGCA	3309225	2.6488242	7.5076056	4
TGCTG	3254745	2.5820923	6.8390894	2
CCAGC	2739085	2.574804	6.672767	3
GGAGG	2695185	2.5495691	5.775374	6
GCTGG	2642140	2.4804373	5.705695	3
TCCAG	3034740	2.4157708	10.060464	2
AGGAG	2916620	2.344407	7.3287477	5
CAGCC	2475705	2.327221	5.401022	9
CAGGA	2899410	2.3256783	10.359143	4
AGCAG	2897870	2.324443	5.3774085	7
CTGCT	2925830	2.3162782	6.4886193	9
CTCCT	2919530	2.3064358	6.7222524	1
CTCCA	2886935	2.2932851	7.2829056	1
CTGGA	2853760	2.2764852	8.992971	4
GGCTG	2419405	2.2713342	7.904316	7
TCCTG	2847695	2.2544215	9.410391	2
GCTGC	2403415	2.2515836	5.43466	8
CAGAG	2795875	2.2426307	7.4651585	4
GGCAG	2352080	2.220328	5.859149	7
CCTGC	2358415	2.2047853	6.2281227	3
GCAGG	2322415	2.1923249	6.391089	3
CCCTG	2338080	2.185775	8.744569	2
CTCTG	2752010	2.178671	7.286302	2
CTGCC	2319005	2.1679425	5.56	9
CACAG	2692240	2.154967	7.9373884	7
CTGCA	2706395	2.1543953	6.550329	4
TGCAG	2679570	2.1375315	6.568008	2
CAGGG	2251775	2.1256418	8.991106	4
GCCTG	2261845	2.1189568	6.6618404	7
CTGTG	2643000	2.0967758	9.293636	9
TGGAG	2615900	2.0911334	6.4274855	5
AGCTG	2545355	2.030466	5.6283197	7
CAGGC	2137110	2.0131624	5.75214	4
GGAGA	2481525	1.9946735	5.6382103	6
GGGAG	2099005	1.9855996	5.17627	7
CTGGC	2117695	1.9839134	5.064426	4
CTCAG	2478615	1.9730736	6.1570625	2
CCCCA	2094475	1.9647201	6.423213	1
CTGAG	2433330	1.9411023	5.5829387	4
CAGAA	2847930	1.9410838	5.4821067	4
CAGTG	2377610	1.8966538	6.732317	9
TTCTG	2798855	1.876366	5.1698837	2
CACTG	2333955	1.8579187	7.9507537	7
CCAGA	2317520	1.8550273	6.6373687	3
CCTCT	2345235	1.8527415	5.3087697	1
TGGGG	1965105	1.848721	5.5367193	5
GGCCA	1938145	1.8257366	5.423487	1
TCTGG	2268205	1.799439	6.0580173	3
ACACA	2642435	1.7972404	7.3218064	6
CACAC	2244870	1.7931014	7.4876328	5
GAGAG	2209420	1.775953	5.6791835	7
ACCTG	2222515	1.7692082	5.0064626	7
GTGTG	2221725	1.7662748	7.3314304	9
TGGCC	1857205	1.7398794	5.0706267	5
ACAGA	2535175	1.7279172	6.269497	8
TGTGT	2539595	1.7061405	6.7360773	10
CCTGA	2134305	1.6989895	5.4300213	3
GCCCA	1788245	1.6809921	6.490903	1
TCAGG	2068770	1.6502874	5.674003	3
CCTGT	2044630	1.6186627	5.351812	8
TGGGC	1704125	1.5998302	5.851868	5
ACAGG	1986710	1.5935823	5.2018213	8
ACAGC	1949775	1.560671	6.131823	8
GCTGT	1911410	1.5163821	5.476083	8
CTGTC	1872915	1.4827219	5.947164	9
GACAG	1846225	1.4808962	7.2346616	7
GCCCT	1536455	1.4363687	5.314449	1
GGGCT	1524595	1.4312876	5.568026	6
AGACA	2073030	1.4129298	5.6208215	6
AGGGC	1460850	1.3790203	5.353254	5
GTCCT	1695260	1.3420786	9.225642	1
GGACA	1656360	1.3286015	6.539592	6
GCACA	1651660	1.3220488	5.1713324	6
GTGCT	1630475	1.2935075	5.82433	1
AGGAC	1610295	1.2916517	9.575831	5
TGTGC	1621225	1.2861693	6.4906573	10
AGCAC	1582145	1.2664064	6.119527	5
ACTGC	1557095	1.239508	5.323292	8
GTCCA	1510615	1.2025081	6.8609138	1
GTCTT	1682440	1.127916	5.1182923	1
ACAGT	1660840	1.1257713	5.922436	8
GTGCA	1408885	1.1238878	5.6946373	1
TGGAC	1399045	1.1160383	6.1045647	5
GTCCC	1193425	1.115684	5.0362706	1
ACTGT	1638695	1.1046581	6.734338	8
TGCAC	1380650	1.099051	5.462808	5
GACTG	1331905	1.0624796	6.1477327	7
GGACC	1082865	1.0200611	5.6412916	6
ACACT	1505060	1.0180357	5.363771	6
AGACT	1470065	0.9964578	5.0295506	6
CTACA	1443345	0.9762911	5.641976	4
TGTAG	1438480	0.9717327	5.9860306	2
GGACT	1198355	0.95594496	5.355106	6
TAGGA	1239670	0.8420573	6.19934	4
TCCTA	1232170	0.8288714	5.7824173	2
GTGTA	1068845	0.72203404	5.934314	1
TACAC	1029510	0.6963695	5.34417	5
>>END_MODULE
