##FastQC	0.10.1
>>Basic Statistics	pass
#Measure	Value	
Filename	KS26_S5_L004_R2_001_trimmed.fq.gz	
File type	Conventional base calls	
Encoding	Sanger / Illumina 1.9	
Total Sequences	20573268	
Filtered Sequences	0	
Sequence length	20-50	
%GC	45	
>>END_MODULE
>>Per base sequence quality	pass
#Base	Mean	Median	Lower Quartile	Upper Quartile	10th Percentile	90th Percentile
1	34.92331174609693	36.0	36.0	36.0	36.0	36.0
2	34.91668790782291	36.0	36.0	36.0	36.0	36.0
3	34.90374975915348	36.0	36.0	36.0	36.0	36.0
4	34.89525757405192	36.0	36.0	36.0	36.0	36.0
5	34.87665727195115	36.0	36.0	36.0	36.0	36.0
6	34.85734556123995	36.0	36.0	36.0	36.0	36.0
7	34.85103581988044	36.0	36.0	36.0	36.0	36.0
8	34.84695207392428	36.0	36.0	36.0	36.0	36.0
9	34.82803694580754	36.0	36.0	36.0	36.0	36.0
10	34.80587187217898	36.0	36.0	36.0	36.0	36.0
11	34.797164990997054	36.0	36.0	36.0	36.0	36.0
12	34.78390978040047	36.0	36.0	36.0	36.0	36.0
13	34.764623782667876	36.0	36.0	36.0	36.0	36.0
14	34.75307938437393	36.0	36.0	36.0	32.0	36.0
15	34.734474124383155	36.0	36.0	36.0	32.0	36.0
16	34.72218186240514	36.0	36.0	36.0	32.0	36.0
17	34.70839397027249	36.0	36.0	36.0	32.0	36.0
18	34.69480133151427	36.0	36.0	36.0	32.0	36.0
19	34.67833817165071	36.0	36.0	36.0	32.0	36.0
20	34.66576146288475	36.0	36.0	36.0	32.0	36.0
21	34.65682314464645	36.0	36.0	36.0	32.0	36.0
22	34.64303034873022	36.0	36.0	36.0	32.0	36.0
23	34.62683041925557	36.0	36.0	36.0	32.0	36.0
24	34.60812169989018	36.0	36.0	36.0	32.0	36.0
25	34.58551218241376	36.0	36.0	36.0	32.0	36.0
26	34.56110404963118	36.0	36.0	36.0	32.0	36.0
27	34.54918375584529	36.0	36.0	36.0	32.0	36.0
28	34.53022710865544	36.0	36.0	36.0	32.0	36.0
29	34.50866561100364	36.0	36.0	36.0	32.0	36.0
30	34.49636771910891	36.0	36.0	36.0	32.0	36.0
31	34.4710460984339	36.0	36.0	36.0	32.0	36.0
32	34.44841768689318	36.0	36.0	36.0	32.0	36.0
33	34.42374265056696	36.0	36.0	36.0	32.0	36.0
34	34.38953019991264	36.0	36.0	36.0	32.0	36.0
35	34.365267742894055	36.0	36.0	36.0	32.0	36.0
36	34.35228502326832	36.0	36.0	36.0	32.0	36.0
37	34.33691228343336	36.0	36.0	36.0	32.0	36.0
38	34.312060243554555	36.0	36.0	36.0	32.0	36.0
39	34.28094843814267	36.0	36.0	36.0	32.0	36.0
40	34.26836679850098	36.0	36.0	36.0	32.0	36.0
41	34.24342080192176	36.0	36.0	36.0	32.0	36.0
42	34.23135498744591	36.0	36.0	36.0	32.0	36.0
43	34.214202847868435	36.0	36.0	36.0	32.0	36.0
44	34.19151933492204	36.0	36.0	36.0	32.0	36.0
45	34.1662298234923	36.0	36.0	36.0	32.0	36.0
46	34.17376289740475	36.0	36.0	36.0	32.0	36.0
47	34.17207319935666	36.0	36.0	36.0	32.0	36.0
48	34.19700102348505	36.0	36.0	36.0	32.0	36.0
49	34.27484748452477	36.0	36.0	36.0	32.0	36.0
50	34.43193803126086	36.0	36.0	36.0	32.0	36.0
>>END_MODULE
>>Per sequence quality scores	pass
#Quality	Count
14	941.0
15	2093.0
16	3794.0
17	6678.0
18	10449.0
19	16409.0
20	24466.0
21	35847.0
22	50945.0
23	70225.0
24	95829.0
25	128588.0
26	168503.0
27	216644.0
28	273874.0
29	343253.0
30	431175.0
31	553886.0
32	747610.0
33	1120296.0
34	2180593.0
35	9360271.0
36	4730899.0
>>END_MODULE
>>Per base sequence content	pass
#Base	G	A	T	C
1	22.683280070040404	26.59573578684728	27.343317551688916	23.37766659142339
2	22.619804495814666	26.525717742071897	27.598133655771168	23.25634410634227
3	22.66963129046878	26.607066023735264	27.380375349215303	23.342927336580654
4	22.7213488882758	26.40120179253972	27.659825361726682	23.217623957457803
5	22.853802322508994	26.44596376229581	27.283093770032064	23.41714014516313
6	22.437602037751127	26.759973184619962	27.479338722462565	23.323086055166346
7	22.512699489453986	26.789759410123853	27.454379148708895	23.24316195171326
8	22.622127899174792	26.651176662842285	27.461038275494197	23.265657162488722
9	22.378539957774333	26.8486367843942	27.601759720429442	23.17106353740203
10	22.531573496247656	26.903387444328242	27.447433242010945	23.11760581741316
11	22.836323329866698	26.90532199356952	27.257555775776606	23.000798900787174
12	22.328470129295937	26.986801513497998	27.601973590194813	23.08275476701125
13	22.491137528563765	26.821096191426662	27.671724297763483	23.016041982246087
14	22.516738711613538	26.59306241478019	27.79281833104979	23.097380542556486
15	22.408447700190365	26.833228439934775	27.700071763027633	23.05825209684723
16	22.538908257064456	27.16427939401752	27.55193778645182	22.744874562466205
17	22.68105388020999	26.89104618673125	27.316233862311034	23.11166607074773
18	22.53082495206887	27.223492154965367	27.358998094031538	22.88668479893423
19	22.597600925628345	27.06434388547313	27.550649707183126	22.787405481715396
20	22.625613004214983	26.824795166232217	27.529291894705306	23.020299934847493
21	22.575644902796398	27.00517630550242	27.548971480704722	22.870207310996456
22	22.492025168771328	27.070283419579983	27.600059798151545	22.83763161349715
23	22.608427399674614	26.879991105811325	27.472339394756695	23.039242099757367
24	22.517435570587576	27.186685494240137	27.532249387428525	22.76362954774376
25	22.57776081986746	27.087484759598684	27.434801438715358	22.899952981818497
26	22.674070636510184	27.13450735186361	27.303155683650044	22.88826632797616
27	22.519527492024345	27.22344966418997	27.474093938794585	22.782928904991103
28	22.469401287388425	27.15426894483908	27.410617917370296	22.965711850402194
29	22.66281679751717	27.023431573823643	27.45396451574795	22.85978711291124
30	22.57473034872241	27.186220344491385	27.426547543858575	22.812501762927624
31	22.631765941003152	27.215161648630183	27.373754429557124	22.77931798080954
32	22.634430533251994	27.156050827774553	27.3439933080714	22.865525330902052
33	22.503238770763577	27.08574547420287	27.510260929032448	22.90075482600111
34	22.665331305604226	27.348534464080604	27.36144363372317	22.624690596591996
35	22.653679016252042	27.14016701878258	27.292760455413116	22.91339350955226
36	22.729784297601167	27.30675866857013	27.23832096196515	22.725136071863545
37	22.58642485031829	27.20058532582917	27.342692445328996	22.870297378523546
38	22.54839680131586	27.063439212923107	27.376060662201922	23.012103323559106
39	22.474508649226472	27.191423406499283	27.42893391910084	22.905134025173403
40	22.61553431376673	27.219050965176816	27.426272982003375	22.739141739053082
41	22.79211146658526	27.225376265566126	27.261883028719584	22.720629239129025
42	22.69483709876063	27.34466703228921	27.264224074129896	22.696271794820266
43	22.68685550186654	27.370895399828836	27.228872333647107	22.713376764657518
44	22.722865011225483	27.119899786189887	27.188828456957115	22.96840674562751
45	22.559246823926166	27.24866553282582	27.363455037710267	22.82863260553774
46	22.628044332218884	27.345075934925955	27.182530324840332	22.844349408014825
47	22.643454973939043	27.305830089361105	27.258569461520864	22.792145475178987
48	22.65322389919128	27.651538708168662	27.3686998905891	22.326537502050964
49	22.775559275732334	27.952798752825124	27.485075472236154	21.78656649920639
50	22.635355528464483	27.754613512302	27.634421305315016	21.9756096539185
>>END_MODULE
>>Per base GC content	pass
#Base	%GC
1	46.060946661463795
2	45.87614860215694
3	46.01255862704943
4	45.9389728457336
5	46.27094246767213
6	45.76068809291747
7	45.75586144116725
8	45.887785061663514
9	45.54960349517636
10	45.64917931366082
11	45.837122230653875
12	45.41122489630719
13	45.507179510809856
14	45.61411925417002
15	45.46669979703759
16	45.283782819530664
17	45.79271995095772
18	45.4175097510031
19	45.385006407343745
20	45.64591293906248
21	45.44585221379286
22	45.32965678226847
23	45.647669499431984
24	45.281065118331334
25	45.47771380168596
26	45.56233696448634
27	45.30245639701545
28	45.435113137790616
29	45.52260391042841
30	45.387232111650036
31	45.4110839218127
32	45.499955864154046
33	45.40399359676468
34	45.29002190219622
35	45.567072525804306
36	45.454920369464716
37	45.45672222884184
38	45.56050012487497
39	45.379642674399875
40	45.35467605281981
41	45.512740705714286
42	45.39110889358089
43	45.40023226652406
44	45.691271756853
45	45.38787942946391
46	45.472393740233706
47	45.43560044911803
48	44.97976140124224
49	44.56212577493872
50	44.610965182382984
>>END_MODULE
>>Per sequence GC content	pass
#GC Content	Count
0	4135.0
1	3685.5
2	3036.5
3	3045.0
4	3315.0
5	3822.5
6	4440.5
7	5270.0
8	6060.5
9	7630.0
10	9400.0
11	12697.0
12	16171.0
13	22084.0
14	28925.0
15	40241.0
16	52613.0
17	71363.0
18	91680.0
19	119011.0
20	147207.5
21	182550.0
22	219220.0
23	264644.0
24	312361.0
25	357564.5
26	410172.5
27	471019.5
28	535062.0
29	604206.5
30	675056.5
31	747403.5
32	822637.0
33	900000.5
34	978960.5
35	1048946.0
36	1115080.5
37	1169109.5
38	1212302.5
39	1243127.5
40	1271729.0
41	1289877.5
42	1304767.5
43	1304497.0
44	1298072.5
45	1278417.5
46	1257980.5
47	1231535.0
48	1202617.0
49	1171677.5
50	1142276.0
51	1116560.0
52	1086881.0
53	1054967.5
54	1024547.5
55	991357.0
56	953723.0
57	908382.5
58	861168.0
59	804643.5
60	746188.0
61	683739.5
62	620347.5
63	566543.5
64	503359.5
65	444651.5
66	388632.5
67	337539.0
68	287594.5
69	244029.5
70	205989.0
71	173193.0
72	144130.5
73	119173.5
74	95914.0
75	79042.5
76	66740.0
77	54648.5
78	43690.0
79	35449.0
80	28243.0
81	22803.0
82	18260.0
83	14922.0
84	11785.0
85	9272.0
86	7272.0
87	5842.0
88	4748.5
89	3850.0
90	3056.5
91	2532.0
92	2110.5
93	1873.5
94	1662.5
95	1564.5
96	1500.5
97	1547.5
98	2186.0
99	8851.0
100	14923.0
>>END_MODULE
>>Per base N content	pass
#Base	N-Count
1	0.0
2	0.0
3	0.0
4	0.0
5	0.0
6	0.0
7	0.0
8	0.0
9	0.0
10	0.0
11	0.0
12	0.0
13	0.0
14	0.0
15	0.0
16	0.0
17	0.0
18	0.0
19	0.0
20	0.0
21	0.0
22	0.0
23	0.0
24	0.0
25	0.0
26	0.0
27	0.0
28	0.0
29	0.0
30	0.0
31	0.0
32	0.0
33	0.0
34	0.0
35	0.0
36	0.0
37	0.0
38	0.0
39	0.0
40	0.0
41	0.0
42	0.0
43	0.0
44	0.0
45	0.0
46	0.0
47	0.0
48	0.0
49	0.0
50	0.0
>>END_MODULE
>>Sequence Length Distribution	warn
#Length	Count
20	14976.0
21	15851.0
22	16679.0
23	17543.0
24	18273.0
25	18946.0
26	19705.0
27	20942.0
28	21694.0
29	23534.0
30	24173.0
31	26007.0
32	27086.0
33	27701.0
34	28304.0
35	29084.0
36	30256.0
37	32349.0
38	34319.0
39	37247.0
40	40259.0
41	44103.0
42	50436.0
43	65125.0
44	108122.0
45	210047.0
46	565258.0
47	1220915.0
48	2494738.0
49	3354546.0
50	1.193505E7
>>END_MODULE
>>Sequence Duplication Levels	warn
#Total Duplicate Percentage	35.26105248637837
#Duplication Level	Relative count
1	100.0
2	22.627481717664427
3	10.074499090639293
4	5.402896256782157
5	3.251630381018332
6	2.0454908645394982
7	1.4473674197746003
8	1.0455745713829132
9	0.7579274185570463
10++	5.541393034068685
>>END_MODULE
>>Overrepresented sequences	pass
>>END_MODULE
>>Kmer Content	warn
#Sequence	Count	Obs/Exp Overall	Obs/Exp Max	Max Obs/Exp Position
AAAAA	4977425	3.737806	4.5049305	46
TTTTT	4531335	3.1700451	3.5734692	13
>>END_MODULE
