##FastQC	0.10.1
>>Basic Statistics	pass
#Measure	Value	
Filename	006-F5_S1_L004_R1_001.fastq.gz	
File type	Conventional base calls	
Encoding	Sanger / Illumina 1.9	
Total Sequences	20663953	
Filtered Sequences	0	
Sequence length	35-76	
%GC	46	
>>END_MODULE
>>Per base sequence quality	pass
#Base	Mean	Median	Lower Quartile	Upper Quartile	10th Percentile	90th Percentile
1	31.34448587837961	32.0	32.0	32.0	32.0	32.0
2	31.329077451928	32.0	32.0	32.0	32.0	32.0
3	31.487481896614845	32.0	32.0	32.0	32.0	32.0
4	31.589250227195155	32.0	32.0	32.0	32.0	32.0
5	31.534848245154254	32.0	32.0	32.0	32.0	32.0
6	35.153557743767614	36.0	36.0	36.0	36.0	36.0
7	35.165426866776166	36.0	36.0	36.0	36.0	36.0
8	35.082545677489684	36.0	36.0	36.0	36.0	36.0
9	35.25215760992101	36.0	36.0	36.0	36.0	36.0
10-14	35.170509321232004	36.0	36.0	36.0	36.0	36.0
15-19	35.115075126235524	36.0	36.0	36.0	36.0	36.0
20-24	35.0658023176882	36.0	36.0	36.0	36.0	36.0
25-29	34.950053341681524	36.0	36.0	36.0	36.0	36.0
30-34	34.85859157732308	36.0	36.0	36.0	36.0	36.0
35-39	34.80877624656473	36.0	36.0	36.0	36.0	36.0
40-44	34.74564233112695	36.0	36.0	36.0	33.6	36.0
45-49	34.65237218966356	36.0	36.0	36.0	32.0	36.0
50-54	34.5357788720509	36.0	36.0	36.0	32.0	36.0
55-59	34.397730528259544	36.0	36.0	36.0	32.0	36.0
60-64	34.24674972872272	36.0	36.0	36.0	32.0	36.0
65-69	34.09361682831166	36.0	36.0	36.0	32.0	36.0
70-74	33.97895214916682	36.0	36.0	36.0	32.0	36.0
75-76	33.31194376052011	36.0	34.0	36.0	23.0	36.0
>>END_MODULE
>>Per sequence quality scores	pass
#Quality	Count
2	23692.0
3	0.0
4	0.0
5	0.0
6	0.0
7	0.0
8	0.0
9	0.0
10	0.0
11	0.0
12	0.0
13	0.0
14	0.0
15	0.0
16	2.0
17	5.0
18	188.0
19	1222.0
20	4882.0
21	10992.0
22	19152.0
23	30478.0
24	49469.0
25	80105.0
26	124809.0
27	183304.0
28	255539.0
29	343892.0
30	452576.0
31	599078.0
32	838606.0
33	1350449.0
34	3180188.0
35	1.3115325E7
>>END_MODULE
>>Per base sequence content	fail
#Base	G	A	T	C
1	43.00952891269161	18.576525946468404	11.70109457479651	26.71285056604348
2	15.96681844284818	19.31774506146022	37.4110433971741	27.304393098517505
3	19.49767316028065	21.452777626912727	27.588117126812605	31.46143208599402
4	12.846524403599904	15.036337076560208	35.40322476323282	36.71391375660706
5	14.69704767783702	35.31931112692809	34.12529037302387	15.858350822211017
6	35.169395387006006	34.9260166816689	16.00361545815724	13.900972473167853
7	30.92639671562293	28.904905805212444	20.157715059901616	20.010982419263012
8	26.294062113043466	35.58397921574354	19.103810721562418	19.01814794965058
9	24.69052595798086	15.567463027720436	19.70425664675461	40.037754367544096
10-14	24.3305450753569	22.84353864563733	27.981973277742267	24.8439430012635
15-19	22.79186913933115	27.94814677828214	25.799797083618436	23.46018699876827
20-24	22.864248298592493	26.594390913578643	27.16378594171729	23.377574846111578
25-29	22.741527485266353	26.697069088581316	27.059693299609584	23.501710126542747
30-34	22.74387184180721	26.724852590335946	27.22246573619512	23.30880983166173
35-39	22.764507082860323	26.938957001935837	27.111806191095894	23.184729724107946
40-44	22.804675318414944	26.829545368041696	27.210225186570735	23.15555412697263
45-49	22.808218290334118	26.963734927743705	27.028544449873987	23.199502332048194
50-54	22.782588917962478	27.015777441445614	27.058960399295877	23.142673241296027
55-59	22.819778897565126	26.92441142082687	26.96872889593908	23.287080785668916
60-64	22.93897886272219	26.940495092243605	26.972520317406673	23.148005727627528
65-69	22.96460700446879	27.03573507191025	26.926063067337324	23.073594856283638
70-74	23.261349640910147	27.226097569916224	26.894056913607784	22.618495875565845
75-76	27.488938510909488	34.540377915385044	27.843983184959654	10.126700388745814
>>END_MODULE
>>Per base GC content	fail
#Base	%GC
1	69.72237947873509
2	43.27121154136569
3	50.95910524627466
4	49.56043816020697
5	30.555398500048035
6	49.07036786017386
7	50.937379134885944
8	45.31221006269405
9	64.72828032552496
10-14	49.1744880766204
15-19	46.25205613809942
20-24	46.24182314470408
25-29	46.2432376118091
30-34	46.05268167346894
35-39	45.949236806968266
40-44	45.96022944538757
45-49	46.007720622382315
50-54	45.92526215925851
55-59	46.10685968323405
60-64	46.08698459034972
65-69	46.03820186075242
70-74	45.879845516475996
75-76	37.6156388996553
>>END_MODULE
>>Per sequence GC content	warn
#GC Content	Count
0	23697.0
1	11854.5
2	16.5
3	34.5
4	48.0
5	67.0
6	140.0
7	275.0
8	359.0
9	514.0
10	895.0
11	1561.5
12	2014.0
13	2793.5
14	4735.5
15	8084.0
16	13401.0
17	17342.5
18	23850.5
19	36981.5
20	53395.5
21	65133.5
22	82621.0
23	114101.5
24	148398.5
25	171647.0
26	200137.5
27	247300.0
28	295507.5
29	328335.0
30	367601.5
31	429597.5
32	489255.5
33	528621.5
34	580320.5
35	659394.5
36	726218.5
37	764894.0
38	797531.5
39	833977.5
40	848631.0
41	852262.0
42	861222.0
43	869382.0
44	867453.5
45	858118.0
46	854745.5
47	847538.0
48	829707.0
49	808816.0
50	795669.0
51	782154.0
52	758865.5
53	738110.5
54	729140.0
55	716902.0
56	694565.5
57	671433.0
58	650728.0
59	615506.5
60	564740.0
61	509738.0
62	465907.0
63	424447.5
64	369908.0
65	318558.0
66	266838.0
67	229939.0
68	201497.5
69	165144.0
70	129362.5
71	105565.0
72	88607.5
73	70661.5
74	54026.5
75	42827.5
76	36070.5
77	28598.5
78	21127.5
79	16613.0
80	14251.0
81	11149.5
82	7783.0
83	5747.0
84	4577.5
85	3412.0
86	2356.5
87	1725.5
88	1422.5
89	1091.5
90	791.5
91	572.5
92	460.0
93	396.0
94	288.0
95	220.0
96	198.5
97	150.5
98	90.5
99	69.5
100	63.0
>>END_MODULE
>>Per base N content	pass
#Base	N-Count
1	0.1482968916934722
2	0.11465376445639419
3	0.11481830219029245
4	0.1148860530218976
5	0.11465376445639419
6	0.11465376445639419
7	0.11465376445639419
8	0.11476506939403124
9	0.11465376445639419
10-14	0.11472151528799934
15-19	0.11577649252299403
20-24	0.11535063015290442
25-29	0.11623332670181741
30-34	0.11626042703445948
35-39	0.02508537405454933
40-44	0.002073392406392076
45-49	0.0018360437035918435
50-54	0.003922438376633241
55-59	7.114526718099741E-4
60-64	6.391820961978842E-4
65-69	7.929660545640446E-4
70-74	9.98221319393335E-4
75-76	0.006778373964265603
>>END_MODULE
>>Sequence Length Distribution	warn
#Length	Count
35	30975.0
36	10204.0
37	13360.0
38	14697.0
39	15690.0
40	15557.0
41	16485.0
42	17182.0
43	18896.0
44	19967.0
45	21661.0
46	22132.0
47	23421.0
48	24136.0
49	24917.0
50	24495.0
51	25439.0
52	25867.0
53	26872.0
54	28255.0
55	29160.0
56	29671.0
57	30851.0
58	31094.0
59	32186.0
60	32463.0
61	32254.0
62	33048.0
63	33244.0
64	35537.0
65	36475.0
66	37404.0
67	38307.0
68	38831.0
69	42998.0
70	47199.0
71	63854.0
72	145610.0
73	506158.0
74	1417519.0
75	4531961.0
76	1.3017921E7
>>END_MODULE
>>Sequence Duplication Levels	warn
#Total Duplicate Percentage	32.28572271850774
#Duplication Level	Relative count
1	100.0
2	21.01485598053104
3	8.559078856561694
4	4.3369292797210415
5	2.4902836802150303
6	1.6337946315063019
7	1.0686135628927391
8	0.7627765064836003
9	0.5978714903200029
10++	4.826559151501943
>>END_MODULE
>>Overrepresented sequences	warn
#Sequence	Count	Percentage	Possible Source
NNNNNNNNNNNNNNNNNNNNNNNNNNNNNNNNNNN	23692	0.11465376445639419	No Hit
>>END_MODULE
>>Kmer Content	warn
#Sequence	Count	Obs/Exp Overall	Obs/Exp Max	Max Obs/Exp Position
AAAAA	6718725	3.4522274	6.397995	72
TTTTT	6141365	3.0771768	5.51596	72
CCTGG	3509550	3.0459614	12.228431	3
CCAGG	3360230	2.9310753	13.243081	3
CCCAG	3260360	2.8357387	11.419495	2
CTGGG	3190340	2.7769446	10.259385	4
CCAGC	2959810	2.5743315	6.6825304	3
GGAGG	2907435	2.5508363	5.944578	6
CAGCA	3305545	2.5223832	7.499731	4
GCTGG	2853180	2.483473	5.944673	3
TGCTG	3266600	2.4748633	7.0658784	2
TCCAG	3150975	2.3923676	9.942221	2
CAGCC	2706040	2.3536122	5.451377	9
AGGAG	3055825	2.3453681	7.760266	5
CAGGA	3053645	2.3369198	10.870384	4
CTCCT	3078720	2.3190541	6.9840746	1
CTCCA	3061720	2.317881	7.3387494	1
GGCTG	2645645	2.3028297	8.186039	7
TCCTG	3017825	2.2797751	9.778995	2
CAGAG	2952390	2.2594306	7.830513	4
AGCAG	2937480	2.2480202	5.307131	7
CTGGA	2950375	2.246557	9.088631	4
CTGCT	2962795	2.2382035	6.521978	9
CCTGC	2581580	2.234093	6.5817895	3
CCCTG	2581165	2.233734	9.130988	2
GGCAG	2548120	2.2291288	5.9051604	7
GCAGG	2532245	2.2152412	6.9384217	3
CTCTG	2921725	2.2071776	7.461977	2
CTGCA	2882635	2.1886313	6.974322	4
CTGCC	2526055	2.186042	5.7417135	9
GCCTG	2507915	2.176636	7.0426245	7
TGCAG	2842490	2.1644084	7.1442547	2
CAGGG	2473630	2.163964	9.680564	4
CACAG	2834200	2.162711	8.120577	7
GCTGC	2452935	2.1289184	5.429022	8
CTGTG	2795045	2.1176007	9.690717	9
TGGAG	2753640	2.1028326	6.6312137	5
CAGGC	2350265	2.050099	6.1957054	4
AGCTG	2677285	2.0386133	5.7710247	7
GGGAG	2294845	2.013381	5.166008	7
CTCAG	2647555	2.0101476	6.307523	2
CCCCA	2310270	2.0035775	6.589797	1
GCCAG	2289455	1.9970552	5.2636704	2
CTGGC	2296715	1.993334	5.3098626	4
CTGAG	2605615	1.9840405	5.7645907	4
GGAGA	2578420	1.9789563	5.771163	6
CAGAA	2848235	1.906826	5.520153	4
CAGTG	2493990	1.8990439	6.892116	9
TCCCA	2490225	1.8852297	5.254302	2
CACTG	2479015	1.8821841	8.160761	7
TGGGG	2153615	1.8799903	5.627251	5
CCTCT	2482255	1.8697652	5.3304834	1
GGCCA	2123815	1.8525702	5.7360663	1
CCAGA	2421910	1.8481021	6.801824	3
TTCTG	2791015	1.840528	5.1080804	2
AGAGG	2388675	1.8333257	5.1737814	5
ACACA	2695150	1.7991235	7.5638595	6
TCTGG	2371005	1.7963367	6.1614165	3
CACAC	2332150	1.774464	7.786088	5
TGGCC	2042870	1.7730203	5.436681	5
ACCTG	2319810	1.7613082	5.070124	7
GTGTG	2298490	1.746446	7.203561	1
GAGAG	2274735	1.745876	5.7717047	7
ACAGA	2593255	1.736123	6.2097116	8
GCCCA	1977030	1.7195467	6.898823	1
TGTGT	2591235	1.7137378	6.7409415	10
CCTGA	2241805	1.7020832	5.58605	3
CCTGT	2194140	1.6575335	5.6841307	8
TCAGG	2165220	1.6487026	5.998163	3
TGGGC	1879355	1.6358335	6.235314	5
AGGTG	2134920	1.6303437	5.2006507	7
ACAGG	2113395	1.6173574	5.263369	8
GGGCC	1618450	1.613791	5.2134123	6
AGCCT	2106745	1.5995393	5.0653	6
AGGCT	2006170	1.5275941	5.0625143	6
ACAGC	1997245	1.5240505	6.1434965	8
CCATG	2002225	1.5201828	5.1400733	9
GCTGT	1981785	1.5014533	5.511	8
CTGTC	1964880	1.4843421	6.071322	9
GCCCT	1713955	1.4832525	5.7152276	1
GACAG	1928855	1.4761308	7.329924	7
GGGCT	1686485	1.467955	5.91854	6
AGACA	2122025	1.4206456	5.755982	6
AGGGC	1616710	1.414319	5.785037	5
ACTGG	1757830	1.3384963	5.0520325	8
GGACA	1727145	1.3217645	6.63648	6
GCACA	1724600	1.3160014	5.329499	6
GTCCT	1735195	1.3108296	8.761139	1
GTGCT	1724765	1.306728	6.205206	1
TGTCC	1714910	1.2955056	5.0310874	10
TGTGC	1701200	1.2888745	6.502385	10
ACTGC	1667495	1.2660403	5.508313	8
AGGAC	1635835	1.251886	9.149034	5
AGCAC	1640290	1.2516664	6.315346	5
ACTGA	1799065	1.1983871	5.0553255	8
GTCCA	1569360	1.1915315	6.8710194	1
GTGCA	1514275	1.1530416	6.194291	1
ACAGT	1730840	1.1529413	6.2330985	8
GTCCC	1314125	1.1372406	5.071069	1
TGCAC	1491600	1.1324927	5.9917946	5
ACTGT	1703785	1.1292241	7.0286026	8
GTCTT	1699760	1.1209027	5.1114154	1
TGGAC	1452295	1.1058471	6.295956	5
GACTG	1405105	1.0699143	6.4144893	7
GCACT	1392830	1.0575017	5.257728	6
ACACT	1557240	1.0343049	5.605506	6
AGACT	1539980	1.0258063	5.3313694	6
GGACC	1147375	1.0008371	5.5971184	6
CTACA	1476085	0.9804023	5.506817	4
TGTAG	1470050	0.97713524	5.892507	2
GGACT	1276685	0.9721292	5.5960474	6
TAGGA	1243320	0.83059716	5.849125	4
TCCTA	1240855	0.8200286	5.5144057	2
GTGTA	1108985	0.737137	6.5549436	1
TACAC	1063440	0.7063273	5.6383295	5
GTATA	933070	0.5425588	5.1809335	1
>>END_MODULE
