##FastQC	0.10.1
>>Basic Statistics	pass
#Measure	Value	
Filename	KS29_S2_L003_R1_001_trimmed.fq.gz	
File type	Conventional base calls	
Encoding	Sanger / Illumina 1.9	
Total Sequences	19736483	
Filtered Sequences	0	
Sequence length	20-50	
%GC	45	
>>END_MODULE
>>Per base sequence quality	pass
#Base	Mean	Median	Lower Quartile	Upper Quartile	10th Percentile	90th Percentile
1	35.28526632632572	36.0	36.0	36.0	36.0	36.0
2	35.275847272282505	36.0	36.0	36.0	36.0	36.0
3	35.26283867292871	36.0	36.0	36.0	36.0	36.0
4	35.24778705506954	36.0	36.0	36.0	36.0	36.0
5	35.23634317218524	36.0	36.0	36.0	36.0	36.0
6	35.19851525725227	36.0	36.0	36.0	36.0	36.0
7	35.17903995357228	36.0	36.0	36.0	36.0	36.0
8	35.170867018201776	36.0	36.0	36.0	36.0	36.0
9	35.15749964165348	36.0	36.0	36.0	36.0	36.0
10	35.141027608616994	36.0	36.0	36.0	36.0	36.0
11	35.13699320187898	36.0	36.0	36.0	36.0	36.0
12	35.11985438337722	36.0	36.0	36.0	36.0	36.0
13	35.11764760722566	36.0	36.0	36.0	36.0	36.0
14	35.100274653797236	36.0	36.0	36.0	36.0	36.0
15	35.074612178877054	36.0	36.0	36.0	36.0	36.0
16	35.0766978088244	36.0	36.0	36.0	36.0	36.0
17	35.06120832166501	36.0	36.0	36.0	36.0	36.0
18	35.05193691297482	36.0	36.0	36.0	36.0	36.0
19	35.037275638217814	36.0	36.0	36.0	36.0	36.0
20	35.02070814744451	36.0	36.0	36.0	36.0	36.0
21	35.01081076833181	36.0	36.0	36.0	36.0	36.0
22	35.00407550976723	36.0	36.0	36.0	36.0	36.0
23	34.99348664178434	36.0	36.0	36.0	36.0	36.0
24	34.982624117151005	36.0	36.0	36.0	36.0	36.0
25	34.96985183315256	36.0	36.0	36.0	36.0	36.0
26	34.956692829226064	36.0	36.0	36.0	36.0	36.0
27	34.93989039665598	36.0	36.0	36.0	36.0	36.0
28	34.91201008442303	36.0	36.0	36.0	36.0	36.0
29	34.91520712877772	36.0	36.0	36.0	36.0	36.0
30	34.89823093642906	36.0	36.0	36.0	36.0	36.0
31	34.8775248641601	36.0	36.0	36.0	36.0	36.0
32	34.8575289899252	36.0	36.0	36.0	36.0	36.0
33	34.850395825569	36.0	36.0	36.0	36.0	36.0
34	34.82542062575969	36.0	36.0	36.0	36.0	36.0
35	34.79818308562948	36.0	36.0	36.0	36.0	36.0
36	34.783858593656085	36.0	36.0	36.0	36.0	36.0
37	34.76354755954318	36.0	36.0	36.0	36.0	36.0
38	34.74458507338572	36.0	36.0	36.0	36.0	36.0
39	34.72530407753939	36.0	36.0	36.0	32.0	36.0
40	34.710615889179955	36.0	36.0	36.0	32.0	36.0
41	34.69083920095177	36.0	36.0	36.0	32.0	36.0
42	34.67135968238077	36.0	36.0	36.0	32.0	36.0
43	34.64460992528051	36.0	36.0	36.0	32.0	36.0
44	34.62353290696874	36.0	36.0	36.0	32.0	36.0
45	34.6048768469744	36.0	36.0	36.0	32.0	36.0
46	34.6008780944378	36.0	36.0	36.0	32.0	36.0
47	34.61024102989944	36.0	36.0	36.0	32.0	36.0
48	34.635318354948076	36.0	36.0	36.0	32.0	36.0
49	34.69576420726942	36.0	36.0	36.0	32.0	36.0
50	34.791788614604435	36.0	36.0	36.0	32.0	36.0
>>END_MODULE
>>Per sequence quality scores	pass
#Quality	Count
8	3.0
9	1.0
10	3.0
11	8.0
12	15.0
13	27.0
14	42.0
15	98.0
16	229.0
17	579.0
18	1309.0
19	2734.0
20	5663.0
21	10847.0
22	18082.0
23	29143.0
24	45963.0
25	68946.0
26	100889.0
27	141020.0
28	190832.0
29	250914.0
30	326784.0
31	429819.0
32	590004.0
33	897171.0
34	1811968.0
35	9059349.0
36	5754041.0
>>END_MODULE
>>Per base sequence content	pass
#Base	G	A	T	C
1	22.550871905597365	26.76773769673148	27.4212026529752	23.26018774469595
2	22.42980496934258	26.76857448645602	27.65696140210038	23.144659142101016
3	22.444895577393396	26.81845088610772	27.470355280624215	23.266298255874666
4	22.525273687978604	26.63214506571222	27.767725022274792	23.07485622403438
5	22.688272175582323	26.623791478410663	27.408395364437162	23.27954098156986
6	22.219740575597893	26.98465241183624	27.611415687069314	23.184191325496553
7	22.276930435513993	26.952187399613504	27.644194278336986	23.126687886535517
8	22.388073843211036	26.84897722966507	27.6374451903196	23.125503736804294
9	22.118236470102772	27.026935960742886	27.75618682149867	23.098640747655672
10	22.319460644279985	27.066969528996044	27.6328704599785	22.980699366745473
11	22.670457366784184	27.0620064227742	27.409062212138007	22.858473998303612
12	22.126682231075115	27.180186067516672	27.755322918233343	22.93780878317487
13	22.20150325713143	27.001671760721656	27.851703869431404	22.945121112715505
14	22.224797947054416	26.764925924265075	28.034629902543863	22.975646226136647
15	22.20243826929473	27.012016610276913	27.8206934989773	22.964851621451057
16	22.278339061584866	27.39481086332066	27.712000831787627	22.614849243306846
17	22.434240658851824	27.11900134080351	27.499002922749987	22.947755077594678
18	22.25389953354869	27.49115795632936	27.523180944781522	22.731761565340424
19	22.343355883297992	27.264402630148503	27.740226596208984	22.652014890344518
20	22.354174531075966	27.06428613309345	27.726307863618736	22.855231472211845
21	22.388371794696283	27.19161318683993	27.722451487877482	22.697563530586304
22	22.217458018157977	27.30879770495492	27.76927014970353	22.70447412718358
23	22.33544115451453	27.047685984072512	27.696155850117865	22.920717011295093
24	22.235383485351598	27.375016249013246	27.72827157556429	22.66132869007087
25	22.272878564209066	27.343235021736405	27.6096504434357	22.774235970618825
26	22.39184319467851	27.361893160012805	27.525629483654896	22.720634161653784
27	22.284327236316738	27.465819074860935	27.62529278156922	22.624560907253105
28	22.150363857574344	27.402957413062147	27.625803248133884	22.820875481229628
29	22.370400819387125	27.224048397464223	27.69845916687304	22.707091616275616
30	22.290926718525963	27.41325246002012	27.618502223581697	22.67731859787222
31	22.373514790251594	27.37885600301241	27.598599544965722	22.649029661770275
32	22.331733853430748	27.352131116360727	27.572249187655228	22.7438858425533
33	22.250390575786884	27.251951032240406	27.72128831941405	22.77637007255866
34	22.383722722419094	27.555663856193192	27.603381898051904	22.457231523335807
35	22.398663123239544	27.291070953573566	27.537229158715892	22.773036764470998
36	22.467331502057828	27.488330628075097	27.44623089988182	22.598106969985256
37	22.2762558537079	27.378360740452163	27.564483461338817	22.780899944501122
38	22.270538642741435	27.25855840619164	27.636648047163824	22.834254903903098
39	22.20327584844228	27.426024215691292	27.650271758975762	22.72042817689066
40	22.32111877257643	27.40103702508484	27.684522418237474	22.59332178410126
41	22.50831206065843	27.41701838239688	27.517776301001813	22.556893255942885
42	22.436430945377207	27.48974729617429	27.499483635582457	22.574338122866042
43	22.39518667174688	27.569911218050763	27.512341265077534	22.522560845124822
44	22.465160191403655	27.297732264561507	27.46925341692559	22.76785412710925
45	22.32265183147059	27.41617639342706	27.592836326056513	22.668335449045834
46	22.340921548175928	27.564708403327888	27.42672958463942	22.667640463856763
47	22.321822457841378	27.46417389563815	27.554978890967813	22.659024755552657
48	22.354574938600123	27.849506908017325	27.650393433315074	22.14552472006748
49	22.422859082874464	28.15855328733748	27.818633935422977	21.59995369436508
50	22.1891489763837	28.096585626047943	27.979695733269782	21.73456966429858
>>END_MODULE
>>Per base GC content	pass
#Base	%GC
1	45.811059650293316
2	45.5744641114436
3	45.71119383326806
4	45.60012991201299
5	45.96781315715218
6	45.403931901094445
7	45.40361832204951
8	45.51357758001533
9	45.216877217758444
10	45.30016001102546
11	45.52893136508779
12	45.06449101424999
13	45.14662436984694
14	45.20044417319106
15	45.167289890745785
16	44.893188304891716
17	45.3819957364465
18	44.98566109888912
19	44.99537077364251
20	45.20940600328781
21	45.085935325282584
22	44.92193214534156
23	45.25615816580962
24	44.896712175422465
25	45.04711453482789
26	45.11247735633229
27	44.90888814356985
28	44.97123933880397
29	45.07749243566274
30	44.96824531639818
31	45.02254445202187
32	45.075619695984045
33	45.02676064834555
34	44.84095424575491
35	45.171699887710545
36	45.065438472043084
37	45.05715579820902
38	45.10479354664454
39	44.923704025332945
40	44.91444055667769
41	45.06520531660131
42	45.01076906824325
43	44.91774751687171
44	45.23301431851291
45	44.99098728051643
46	45.00856201203269
47	44.980847213394036
48	44.50009965866761
49	44.022812777239544
50	43.923718640682274
>>END_MODULE
>>Per sequence GC content	warn
#GC Content	Count
0	3660.0
1	3517.0
2	2903.5
3	2628.0
4	2884.0
5	3435.0
6	4045.5
7	4959.0
8	5903.5
9	7836.0
10	9997.0
11	13879.5
12	17890.5
13	24486.0
14	32145.5
15	44928.0
16	58650.5
17	78701.0
18	100097.5
19	128850.5
20	158315.5
21	194861.0
22	232940.5
23	278311.0
24	325513.0
25	371537.5
26	423940.0
27	483150.5
28	545847.5
29	613600.5
30	681888.0
31	751300.0
32	824444.5
33	898067.5
34	972351.0
35	1036244.5
36	1095372.0
37	1140086.5
38	1176433.0
39	1200596.0
40	1221280.0
41	1230347.5
42	1235893.5
43	1226095.5
44	1213796.5
45	1192392.5
46	1168622.5
47	1139346.0
48	1109101.0
49	1080778.5
50	1053299.5
51	1025341.5
52	995424.5
53	968526.0
54	942393.0
55	913550.5
56	881074.5
57	843289.0
58	803634.0
59	754820.0
60	704371.0
61	649906.0
62	593594.0
63	544575.0
64	485815.5
65	430599.0
66	379095.0
67	331497.0
68	282288.5
69	238454.5
70	201007.5
71	168933.5
72	140252.0
73	115258.0
74	92126.5
75	75627.0
76	63679.0
77	52343.0
78	41670.0
79	33567.0
80	26598.0
81	21283.0
82	16969.0
83	13765.0
84	10792.5
85	8487.0
86	6517.0
87	5077.0
88	4027.0
89	3117.5
90	2333.0
91	1903.5
92	1561.5
93	1296.5
94	1051.5
95	913.0
96	802.0
97	711.0
98	621.0
99	760.5
100	906.0
>>END_MODULE
>>Per base N content	pass
#Base	N-Count
1	0.0
2	7.600138281982662E-4
3	0.0
4	2.4320442502344516E-4
5	0.0014288259970127403
6	0.002447244526798417
7	0.0013325575787742933
8	0.0011856215719892953
9	0.0017176312517280816
10	0.0017378982871467021
11	0.002345909349705315
12	0.013026637015318282
13	0.002052037336135319
14	0.004752619805666491
15	0.019659024356061816
16	0.0034251289857468526
17	0.00659692002876095
18	0.0033491276029270264
19	0.010559125453101243
20	0.018220064841339766
21	0.006008038603549305
22	0.014084273371484329
23	0.018430727627863807
24	0.0097459171314524
25	0.015378318848692802
26	0.007374920283168437
27	0.012078415662348017
28	0.03849323928384728
29	0.013296987214066283
30	0.011513308679624325
31	0.027105561889395804
32	0.02785606354993617
33	0.009837807484058186
34	0.02990217131263136
35	0.018396880317004427
36	0.011737919805749016
37	0.024423446756473424
38	0.02029838680262849
39	0.01464542317846773
40	0.006273357238453626
41	0.020114283624490015
42	0.007850934289814532
43	0.011658774292287871
44	0.029410833164719253
45	0.012834195559042088
46	0.01606199014010658
47	0.011744839348195847
48	0.004950653055205256
49	0.004861318142385591
50	0.006282827562899633
>>END_MODULE
>>Sequence Length Distribution	warn
#Length	Count
20	12908.0
21	13648.0
22	14557.0
23	15334.0
24	15988.0
25	16378.0
26	17612.0
27	18822.0
28	20332.0
29	22246.0
30	22854.0
31	24022.0
32	25568.0
33	26056.0
34	26644.0
35	27808.0
36	28598.0
37	30890.0
38	32775.0
39	35525.0
40	37916.0
41	42097.0
42	46371.0
43	59729.0
44	97887.0
45	189313.0
46	517207.0
47	1127946.0
48	2276372.0
49	3051278.0
50	1.1841802E7
>>END_MODULE
>>Sequence Duplication Levels	warn
#Total Duplicate Percentage	34.439963073945904
#Duplication Level	Relative count
1	100.0
2	22.66740962177059
3	9.899625761466233
4	5.121872246861893
5	3.161826163565582
6	2.0263096466194286
7	1.365180003463777
8	0.9834115193180877
9	0.7417001121962606
10++	4.631672477278375
>>END_MODULE
>>Overrepresented sequences	pass
>>END_MODULE
>>Kmer Content	warn
#Sequence	Count	Obs/Exp Overall	Obs/Exp Max	Max Obs/Exp Position
AAAAA	5249610	3.9559617	4.8466225	46
TTTTT	4979285	3.5023065	4.0077043	46
>>END_MODULE
