##FastQC	0.10.1
>>Basic Statistics	pass
#Measure	Value	
Filename	KS29_S2_L001_R1_001.fastq.gz	
File type	Conventional base calls	
Encoding	Sanger / Illumina 1.9	
Total Sequences	19903245	
Filtered Sequences	0	
Sequence length	35-75	
%GC	45	
>>END_MODULE
>>Per base sequence quality	pass
#Base	Mean	Median	Lower Quartile	Upper Quartile	10th Percentile	90th Percentile
1	31.481905337546717	32.0	32.0	32.0	32.0	32.0
2	31.56307164987418	32.0	32.0	32.0	32.0	32.0
3	31.6198268674279	32.0	32.0	32.0	32.0	32.0
4	31.684833151579053	32.0	32.0	32.0	32.0	32.0
5	31.668849928742777	32.0	32.0	32.0	32.0	32.0
6	35.34753292741962	36.0	36.0	36.0	36.0	36.0
7	35.36181868835961	36.0	36.0	36.0	36.0	36.0
8	35.31472656845655	36.0	36.0	36.0	36.0	36.0
9	35.39738434612045	36.0	36.0	36.0	36.0	36.0
10	35.30609531259852	36.0	36.0	36.0	36.0	36.0
11	35.384049083453476	36.0	36.0	36.0	36.0	36.0
12	35.33602158843947	36.0	36.0	36.0	36.0	36.0
13	35.360286727114094	36.0	36.0	36.0	36.0	36.0
14	35.34031440601771	36.0	36.0	36.0	36.0	36.0
15	35.3059326255593	36.0	36.0	36.0	36.0	36.0
16	35.32536744636364	36.0	36.0	36.0	36.0	36.0
17	35.318566645790675	36.0	36.0	36.0	36.0	36.0
18	35.2996835440653	36.0	36.0	36.0	36.0	36.0
19	35.303771168972695	36.0	36.0	36.0	36.0	36.0
20	35.295065804596184	36.0	36.0	36.0	36.0	36.0
21	35.28606928166739	36.0	36.0	36.0	36.0	36.0
22	35.27637237043507	36.0	36.0	36.0	36.0	36.0
23	35.25665392753795	36.0	36.0	36.0	36.0	36.0
24	35.249573675046456	36.0	36.0	36.0	36.0	36.0
25	35.21275209143032	36.0	36.0	36.0	36.0	36.0
26	35.187816509317955	36.0	36.0	36.0	36.0	36.0
27	35.17693049550463	36.0	36.0	36.0	36.0	36.0
28	35.1763581265266	36.0	36.0	36.0	36.0	36.0
29	35.160664705679906	36.0	36.0	36.0	36.0	36.0
30	35.13763248153756	36.0	36.0	36.0	36.0	36.0
31	35.1238404591814	36.0	36.0	36.0	36.0	36.0
32	35.112515220508016	36.0	36.0	36.0	36.0	36.0
33	35.10710338942218	36.0	36.0	36.0	36.0	36.0
34	35.0928026560493	36.0	36.0	36.0	36.0	36.0
35	35.066897181841455	36.0	36.0	36.0	36.0	36.0
36	35.065069547792206	36.0	36.0	36.0	36.0	36.0
37	35.05970893981763	36.0	36.0	36.0	36.0	36.0
38	35.03397216480855	36.0	36.0	36.0	36.0	36.0
39	35.02171502321586	36.0	36.0	36.0	36.0	36.0
40	35.00903798410092	36.0	36.0	36.0	36.0	36.0
41	35.00039327717427	36.0	36.0	36.0	36.0	36.0
42	34.98609389633694	36.0	36.0	36.0	36.0	36.0
43	34.976880576735844	36.0	36.0	36.0	36.0	36.0
44	34.96118769545749	36.0	36.0	36.0	36.0	36.0
45	34.94489368409355	36.0	36.0	36.0	36.0	36.0
46	34.936456760106516	36.0	36.0	36.0	36.0	36.0
47	34.93051230634857	36.0	36.0	36.0	36.0	36.0
48	34.891794266929494	36.0	36.0	36.0	36.0	36.0
49	34.88489347366958	36.0	36.0	36.0	36.0	36.0
50	34.87747342714466	36.0	36.0	36.0	36.0	36.0
51	34.851362160798026	36.0	36.0	36.0	36.0	36.0
52	34.834208129216826	36.0	36.0	36.0	36.0	36.0
53	34.81474519503293	36.0	36.0	36.0	36.0	36.0
54	34.79139023555849	36.0	36.0	36.0	36.0	36.0
55	34.76971990510131	36.0	36.0	36.0	36.0	36.0
56	34.74945349444154	36.0	36.0	36.0	36.0	36.0
57	34.72913691005079	36.0	36.0	36.0	36.0	36.0
58	34.709313556665805	36.0	36.0	36.0	36.0	36.0
59	34.684111347315614	36.0	36.0	36.0	32.0	36.0
60	34.66804486596978	36.0	36.0	36.0	32.0	36.0
61	34.64651158273578	36.0	36.0	36.0	32.0	36.0
62	34.61855293010363	36.0	36.0	36.0	32.0	36.0
63	34.594375045673566	36.0	36.0	36.0	32.0	36.0
64	34.56689317233562	36.0	36.0	36.0	32.0	36.0
65	34.53863836299674	36.0	36.0	36.0	32.0	36.0
66	34.49532300815187	36.0	36.0	36.0	32.0	36.0
67	34.484998921865184	36.0	36.0	36.0	32.0	36.0
68	34.45231425094183	36.0	36.0	36.0	32.0	36.0
69	34.43634775771363	36.0	36.0	36.0	32.0	36.0
70	34.394437007033865	36.0	36.0	36.0	32.0	36.0
71	34.373412048262956	36.0	36.0	36.0	32.0	36.0
72	34.35458311366308	36.0	36.0	36.0	32.0	36.0
73	34.309102454271944	36.0	36.0	36.0	32.0	36.0
74	34.275393200494875	36.0	36.0	36.0	32.0	36.0
75	33.55754741775387	36.0	36.0	36.0	27.0	36.0
>>END_MODULE
>>Per sequence quality scores	pass
#Quality	Count
2	5808.0
3	0.0
4	0.0
5	0.0
6	0.0
7	0.0
8	0.0
9	0.0
10	2.0
11	4.0
12	34.0
13	85.0
14	276.0
15	302.0
16	226.0
17	255.0
18	385.0
19	820.0
20	2271.0
21	5262.0
22	10688.0
23	19194.0
24	34567.0
25	58854.0
26	94999.0
27	141149.0
28	199600.0
29	271134.0
30	357522.0
31	469566.0
32	645812.0
33	1012369.0
34	2363149.0
35	1.4208912E7
>>END_MODULE
>>Per base sequence content	fail
#Base	G	A	T	C
1	43.42219239741603	18.280065118983114	11.46421487454561	26.833527609055242
2	16.394804449681548	19.942737052109592	35.69431965106481	27.968138847144047
3	18.749524121265885	21.417299676475334	28.6592756511265	31.173900551132284
4	13.015666943218212	15.06768510274389	35.64100419772679	36.27564375631111
5	14.676704341368188	35.162212097970205	34.51625955644438	15.644824004217226
6	34.739293306972144	35.17916403002055	16.087569469374372	13.993973193632927
7	30.764037599415445	29.704262915872032	20.29835299893147	19.23334648578106
8	26.700680092616953	34.46640388910391	19.63050316480459	19.202412853474545
9	24.639590516105166	15.351751082312761	19.735622231144646	40.27303617043743
10	14.090216745000877	27.42096884136384	34.815504127491394	23.673310286143888
11	34.6219766897616	22.584305707312957	23.44960308204519	19.34411452088025
12	22.212865908307688	24.11946825111194	30.959102923657955	22.708562916922414
13	27.98011623306057	20.488266905933664	26.093541595332105	25.438075265673664
14	20.46387180419267	20.435481212982356	27.193110348835383	31.90753663398959
15	22.81514170007523	29.342113668141522	23.18922179710125	24.653522834681997
16	22.835311152056935	28.622070005298855	25.305151579773	23.23746726287121
17	21.72009389953088	28.08662241272582	27.372952606911134	22.820331080832172
18	22.221495158433648	27.835122840023736	27.758720832784896	22.18466116875772
19	22.60356563002818	27.21938628188058	27.579287642992888	22.597760445098356
20	22.62642321830653	27.114637569033118	27.674008990350163	22.584930222310184
21	22.47977558837565	26.786134746987855	27.441060663057648	23.29302900157885
22	22.359262356466996	26.783933440460352	27.705914982334495	23.150889220738158
23	22.406621841438184	26.84481399754923	27.513428118792856	23.235136042219732
24	22.474165800048528	26.641632409032233	27.810782867276053	23.073418923643185
25	22.743994666013155	26.614472389752564	27.393451190210648	23.248081754023637
26	22.173368864287013	27.008152392586716	27.63436559710735	23.18411314601892
27	22.262160290738773	26.943695298495403	27.651130561428538	23.143013849337287
28	22.335156489833352	26.83903523752869	27.672372424111263	23.153435848526698
29	22.085485382135058	27.042355275791373	27.768959964390767	23.1031993776828
30	22.253100928247783	27.09331254654509	27.643745908455564	23.009840616751568
31	22.658475482745033	27.076276127745473	27.3953784351099	22.869869954399594
32	22.082181971521536	27.201578229109263	27.77196797331465	22.944271826054553
33	22.162153196288966	27.008106453496968	27.87408659147958	22.955653758734492
34	22.19613488784982	26.77167729138538	28.04642739015958	22.98576043060522
35	22.103626315701618	27.042420812545863	27.860183531036753	22.993769340715765
36	22.30884592088458	27.372421306869466	27.72014212461939	22.59859064762657
37	22.373084025461807	27.108636034739003	27.534082174718804	22.98419776508038
38	22.262015115678356	27.476224631799933	27.536048075197307	22.72571217732441
39	22.325149325683878	27.272065978072035	27.738724146385906	22.664060549858185
40	22.30964737264602	27.081511661517677	27.74225517737246	22.866585788463844
41	22.38359983429804	27.184200597008196	27.752818415484832	22.679381153208936
42	22.20603633546959	27.315919440606084	27.77566139420301	22.702382829721316
43	22.325669678208694	27.08007667282032	27.676340232919987	22.917913416051
44	22.217164277400805	27.409039379375727	27.70698502627741	22.666811316946063
45	22.2812033631636	27.352004007909947	27.595742568721594	22.77105006020486
46	22.403776112897233	27.370554102996653	27.503811348897226	22.721858435208883
47	22.2446854274444	27.47377470562111	27.648430822999064	22.63310904393542
48	22.151842937565338	27.386673069998825	27.63842789438604	22.823056098049793
49	22.38250041151939	27.22004286675045	27.689960862572942	22.707495859157216
50	22.281196139672023	27.420081502286592	27.636663304033952	22.66205905400743
51	22.39776813361069	27.38604803070583	27.573525131377224	22.642658704306253
52	22.33093152276573	27.382798513564367	27.53789391628455	22.748376047385356
53	22.261854618733544	27.267743294202056	27.712441831175553	22.75796025588884
54	22.419115884651006	27.531715959749352	27.578922667019608	22.470245488580034
55	22.391298672446585	27.299173858634916	27.498118435029607	22.811409033888893
56	22.469241009980205	27.51128725266191	27.404909541832563	22.614562195525323
57	22.275938085119726	27.400156534161013	27.558095593343467	22.765809787375787
58	22.295009747568027	27.251026843530045	27.60223583902126	22.85172756988067
59	22.207998511339255	27.428824173271458	27.636641907003796	22.72653540838549
60	22.34685724116733	27.418045643488952	27.625651141771513	22.6094459735722
61	22.533330217264492	27.411754183284064	27.461885730653112	22.593029868798332
62	22.447956180091634	27.51158719189127	27.439893521717984	22.600563106299113
63	22.427824341248925	27.568617821075627	27.446723431437032	22.55683440623842
64	22.495688172141836	27.294585321819653	27.39808664772822	22.81163985831029
65	22.336297140259028	27.40452676862549	27.57117760956293	22.687998481552555
66	22.400193424444346	27.50347285968205	27.3629929497408	22.7333407661328
67	22.41601337460181	27.343869360362312	27.44654022650209	22.793577038533787
68	22.460462456795526	27.589359848470757	27.530310807699955	22.41986688703376
69	22.701277461276995	27.45570031351045	27.439780245089352	22.403241980123205
70	22.768254215304797	27.333307392996108	27.345836575875488	22.552601815823607
71	22.580487915777127	27.615763295137093	27.29475690076088	22.5089918883249
72	22.560237355083828	27.775409551882476	27.49813590615392	22.166217186879773
73	23.245343167559955	28.329034443088535	27.54159028475892	20.88403210459259
74	24.47344500110428	30.678718804124188	27.676428878633946	17.171407316137582
75	29.883690599055328	41.03098320190839	29.085326199036277	0.0
>>END_MODULE
>>Per base GC content	fail
#Base	%GC
1	70.25572000647128
2	44.3629432968256
3	49.92342467239817
4	49.291310699529326
5	30.321528345585413
6	48.733266500605076
7	49.9973840851965
8	45.9030929460915
9	64.9126266865426
10	37.76352703114477
11	53.966091210641856
12	44.9214288252301
13	53.41819149873424
14	52.371408438182264
15	47.468664534757224
16	46.072778414928145
17	44.54042498036305
18	44.40615632719137
19	45.20132607512653
20	45.21135344061672
21	45.7728045899545
22	45.51015157720516
23	45.64175788365792
24	45.54758472369171
25	45.99207642003679
26	45.35748201030593
27	45.40517414007606
28	45.48859233836004
29	45.18868475981786
30	45.26294154499935
31	45.52834543714462
32	45.02645379757609
33	45.11780695502346
34	45.18189531845504
35	45.09739565641738
36	44.907436568511145
37	45.35728179054219
38	44.98772729300276
39	44.98920987554206
40	45.17623316110986
41	45.062980987506975
42	44.90841916519091
43	45.24358309425969
44	44.88397559434687
45	45.05225342336846
46	45.12563454810612
47	44.87779447137982
48	44.97489903561514
49	45.08999627067661
50	44.94325519367945
51	45.04042683791695
52	45.07930757015109
53	45.01981487462239
54	44.88936137323103
55	45.202707706335474
56	45.08380320550553
57	45.04174787249551
58	45.1467373174487
59	44.93453391972474
60	44.95630321473953
61	45.126360086062824
62	45.04851928639074
63	44.984658747487344
64	45.307328030452126
65	45.02429562181158
66	45.13353419057715
67	45.2095904131356
68	44.88032934382929
69	45.1045194414002
70	45.3208560311284
71	45.08947980410203
72	44.726454541963605
73	44.129375272152544
74	41.644852317241856
75	29.883690599055328
>>END_MODULE
>>Per sequence GC content	warn
#GC Content	Count
0	5812.0
1	2908.5
2	10.5
3	26.5
4	37.0
5	62.5
6	121.5
7	233.0
8	316.5
9	430.5
10	782.0
11	1394.0
12	1775.5
13	2611.5
14	4591.0
15	7854.0
16	10585.5
17	15248.5
18	25681.0
19	39734.5
20	49531.5
21	64472.0
22	93528.5
23	127400.5
24	150346.0
25	179015.0
26	227918.5
27	277852.0
28	310662.5
29	351755.0
30	416271.0
31	477398.5
32	517672.5
33	563291.5
34	638406.5
35	707699.0
36	747278.0
37	787755.5
38	831839.0
39	858512.0
40	877057.0
41	882555.0
42	878686.5
43	869354.5
44	865192.0
45	854104.0
46	827775.0
47	799179.0
48	784410.0
49	765447.0
50	731205.0
51	699972.0
52	682566.0
53	669881.0
54	646538.0
55	623304.0
56	609801.0
57	594542.0
58	565580.0
59	527861.5
60	494762.5
61	456246.5
62	407353.5
63	361128.0
64	325466.5
65	294213.5
66	251230.5
67	207024.0
68	175540.5
69	152198.5
70	124121.0
71	96568.0
72	78060.5
73	66017.0
74	52229.5
75	39791.5
76	31908.0
77	26508.0
78	20819.0
79	15798.0
80	12400.5
81	10228.0
82	7930.5
83	5549.5
84	4052.0
85	3265.0
86	2360.0
87	1483.0
88	1110.5
89	942.5
90	643.5
91	441.0
92	391.0
93	436.5
94	396.5
95	242.0
96	174.0
97	127.5
98	70.5
99	48.5
100	39.0
>>END_MODULE
>>Per base N content	pass
#Base	N-Count
1	0.0616532630734335
2	0.02969867476383876
3	0.02936204623919366
4	0.02918619551736413
5	0.029181171211026143
6	0.029181171211026143
7	0.029181171211026143
8	0.029181171211026143
9	0.029181171211026143
10	0.029181171211026143
11	0.029181171211026143
12	0.029181171211026143
13	0.029181171211026143
14	0.029181171211026143
15	0.029653456006796884
16	0.032627845358884945
17	0.029181171211026143
18	0.02945248375327742
19	0.036365929274346974
20	0.02969867476383876
21	0.029542921267361178
22	0.030105643577215676
23	0.029236438580743995
24	0.030030278982145872
25	0.033577439256764416
26	0.04071697856304336
27	0.040179377784878796
28	0.033245835038457294
29	0.03658699875321838
30	0.04299298933415129
31	0.04363610054541357
32	0.058196540312898726
33	0.040119086108822956
34	0.04715311498200419
35	0.06962181292548025
36	0.015380174542865778
37	0.021610542928823247
38	0.02062417232436182
39	0.032864138044064295
40	0.03978417249902099
41	0.02322126611097984
42	0.032913110244624594
43	0.04310131265651919
44	0.031518515956947636
45	0.036629288966938636
46	0.024582489733721968
47	0.03491499082699435
48	0.0658709577486804
49	0.03623897901564566
50	0.03682097146190177
51	0.050837354162617004
52	0.048820871150267724
53	0.03443358301523865
54	0.058367845748208275
55	0.04477282247537812
56	0.03943123680681077
57	0.053118659535542165
58	0.04138219906380987
59	0.03742185020990451
60	0.029543417132425163
61	0.0473425045166293
62	0.023389035404448623
63	0.03712306686139024
64	0.05341650070551451
65	0.030384390810695328
66	0.038124475537506974
67	0.03821681141653509
68	0.021594989053494367
69	0.023786458555937917
70	0.0422389605015157
71	0.02232874275603157
72	0.01441508261827557
73	0.027086958811699414
74	0.01989049708984537
75	0.04711201049167025
>>END_MODULE
>>Sequence Length Distribution	warn
#Length	Count
35	7502.0
36	2675.0
37	3785.0
38	4386.0
39	5132.0
40	5741.0
41	6561.0
42	7279.0
43	8361.0
44	9778.0
45	10856.0
46	11622.0
47	12659.0
48	13304.0
49	14115.0
50	14495.0
51	15244.0
52	16108.0
53	17307.0
54	19118.0
55	19924.0
56	21300.0
57	21947.0
58	22509.0
59	23417.0
60	24305.0
61	24745.0
62	25596.0
63	26986.0
64	29129.0
65	31518.0
66	31235.0
67	33633.0
68	34851.0
69	42977.0
70	56805.0
71	135225.0
72	484375.0
73	1397517.0
74	4314422.0
75	1.2894801E7
>>END_MODULE
>>Sequence Duplication Levels	warn
#Total Duplicate Percentage	35.03532513441324
#Duplication Level	Relative count
1	100.0
2	23.367582684824903
3	10.201088278210117
4	5.495348978599222
5	3.3317120622568095
6	2.1294382295719845
7	1.3869467412451362
8	1.010761186770428
9	0.7417315175097277
10++	4.329553745136187
>>END_MODULE
>>Overrepresented sequences	pass
>>END_MODULE
>>Kmer Content	warn
#Sequence	Count	Obs/Exp Overall	Obs/Exp Max	Max Obs/Exp Position
AAAAA	6978670	3.5454695	7.1970954	71
TTTTT	6588895	3.1677766	5.6393623	71
CCTGG	3206575	3.0608993	12.233965	3
CCAGG	3059540	2.9529464	13.623381	3
CCCAG	2937430	2.8195796	12.208734	2
CTGGG	2873940	2.7584674	10.892646	4
CCAGC	2746765	2.6365643	6.954076	3
GCTGG	2639650	2.5335913	6.353276	3
GGAGG	2593660	2.5309153	5.8033094	6
CAGCA	3058815	2.5077643	6.894937	4
TGCTG	3025290	2.4394925	6.5714455	2
TCCAG	3004640	2.436319	9.531465	2
CAGCC	2469905	2.3708117	5.855658	5
CAGGA	2835575	2.3375304	10.529366	4
CTCCA	2890985	2.3313365	7.151698	1
AGGAG	2803310	2.3236454	7.49731	5
GGCTG	2391000	2.294932	8.508283	7
CTCCT	2869130	2.288324	6.5663576	1
CTGGA	2797660	2.2809682	8.740701	4
AGCAG	2754470	2.270671	5.7158656	7
TCCTG	2811865	2.254989	9.10929	2
CTGCT	2804500	2.2490823	6.774189	9
GGCAG	2313495	2.245177	6.535103	7
CCTGC	2349750	2.2307284	6.397863	3
GCTGC	2318730	2.2133892	5.775845	8
CAGAG	2674425	2.204685	8.1977415	4
GCAGG	2264395	2.197527	6.690614	3
CTGCC	2310865	2.1938128	5.8840647	9
CTGCA	2692360	2.183106	6.638018	4
CCCTG	2284190	2.1684892	9.137196	2
GCCTG	2265140	2.1622338	7.758119	7
TGCAG	2641355	2.1535308	6.6785808	2
CTCTG	2672175	2.1429636	7.5600743	2
TGGAG	2557295	2.0964653	6.487839	5
CAGGG	2159050	2.0952928	9.738321	4
AGCTG	2545555	2.0754237	6.140594	7
GCCAG	2122110	2.0481763	5.568841	2
CAGGC	2112905	2.0392919	6.5175834	4
CTGGC	2128560	2.0318587	5.6172237	4
CACAG	2454840	2.0125966	7.252016	7
GGAGA	2423175	2.0085537	5.652777	6
CAGAA	2860480	2.003038	5.485609	4
GGGAG	2030040	1.9809301	5.5465984	7
CCCCA	2073335	1.979264	7.057659	1
CTGTG	2442915	1.9698848	9.171176	9
CTCAG	2385630	1.9343934	6.327456	2
CTGAG	2356085	1.9209464	5.992564	4
TTCTG	2832255	1.9187006	5.1444664	2
CCAGA	2301765	1.8870984	7.015129	3
GGCCA	1944820	1.877063	6.38806	1
TGGGG	1907780	1.8412005	6.111356	5
TCTGG	2260390	1.8227026	6.467317	3
CCTCT	2282740	1.8206388	5.5023885	1
AGAGG	2154875	1.7861619	5.1885276	5
CAGTG	2188290	1.784141	6.713039	9
CACTG	2198105	1.7823385	7.672256	7
TGGCC	1863230	1.7785827	5.861667	5
ACCTG	2183835	1.7707676	5.570307	7
GCCCA	1792050	1.7201526	8.034352	1
CCTGA	2108440	1.7096334	5.753853	3
GAGAG	2050320	1.6994969	5.5741944	7
ACAGA	2406720	1.6852946	6.0465884	8
TCAGG	2022075	1.6486237	6.0296583	3
GGCCT	1707860	1.6302714	5.3744483	6
GGGCC	1423800	1.6177608	5.547785	6
TGGGC	1685010	1.6173078	6.5946827	5
AGGCC	1653385	1.5957814	5.2348638	5
AGGTG	1943290	1.5931053	5.3177223	7
CCTGT	1982295	1.5897111	5.6589985	8
AGCCT	1941950	1.5746346	5.5791	6
ACAGG	1905920	1.5711614	5.0044107	8
ACACA	2173380	1.5135727	6.546081	6
GTGTG	1831745	1.4851834	6.6858215	1
AGGCT	1818510	1.4826546	5.1762505	6
CACAC	1817850	1.4822075	7.01267	5
TGTGT	2146340	1.4620286	5.737014	10
ACAGC	1772960	1.4535584	5.753142	8
GCCCT	1520055	1.4430598	5.955491	1
GCTGT	1783445	1.4381105	5.2748866	8
GGGCT	1495530	1.435441	6.1669016	6
GACAG	1741280	1.435439	7.2994084	7
CTGTC	1785955	1.4322553	5.884842	9
AGAGC	1672835	1.3790158	5.1653314	5
AGGGC	1412495	1.3707837	5.9151692	5
AGACA	1947610	1.3638049	5.7166142	6
GGACA	1536160	1.2663465	6.2848563	6
ACTGC	1530720	1.2411879	5.389613	8
GTCCT	1540495	1.2354075	7.4570484	1
GTGCT	1509920	1.2175488	5.789974	1
AGGAC	1433740	1.1819156	7.9081964	5
GTCCA	1446085	1.1725613	6.6995687	1
TGTGC	1448195	1.167776	5.785477	10
AGCAC	1419550	1.1638159	5.7015157	5
GTCTT	1664120	1.1273516	5.0081882	1
TGGAC	1329100	1.0836323	6.1286144	5
GTGCA	1322755	1.0784591	5.892445	1
ACAGT	1537165	1.0645815	5.745711	8
TGCAC	1304610	1.0578461	5.6355495	5
ACTGT	1538740	1.0539789	6.6138396	8
GACTG	1290705	1.0523283	6.452059	7
GCACT	1253740	1.0165979	5.0863757	6
AGACT	1455750	1.0081967	5.5007644	6
GGACC	1032720	0.9967402	5.339872	6
GGACT	1174165	0.9573118	5.5384855	6
ACACT	1373740	0.94619447	5.1933284	6
GTGTA	933075	0.642637	5.683561	1
TACAC	883305	0.60839623	5.014779	5
>>END_MODULE
