##FastQC	0.10.1
>>Basic Statistics	pass
#Measure	Value	
Filename	029-F0_S5_L001_R1_001_trimmed.fq.gz	
File type	Conventional base calls	
Encoding	Sanger / Illumina 1.9	
Total Sequences	21072475	
Filtered Sequences	0	
Sequence length	20-51	
%GC	45	
>>END_MODULE
>>Per base sequence quality	pass
#Base	Mean	Median	Lower Quartile	Upper Quartile	10th Percentile	90th Percentile
1	35.171905862980026	36.0	36.0	36.0	36.0	36.0
2	35.15991306194455	36.0	36.0	36.0	36.0	36.0
3	35.14435105510862	36.0	36.0	36.0	36.0	36.0
4	35.1322772479265	36.0	36.0	36.0	36.0	36.0
5	35.1096541341252	36.0	36.0	36.0	36.0	36.0
6	35.068191847421815	36.0	36.0	36.0	36.0	36.0
7	35.049518720510996	36.0	36.0	36.0	36.0	36.0
8	35.03978820712802	36.0	36.0	36.0	36.0	36.0
9	35.01918583365267	36.0	36.0	36.0	36.0	36.0
10	34.996222750293924	36.0	36.0	36.0	36.0	36.0
11	34.98706445256193	36.0	36.0	36.0	36.0	36.0
12	34.96093007584538	36.0	36.0	36.0	36.0	36.0
13	34.955394513458906	36.0	36.0	36.0	36.0	36.0
14	34.94192286383066	36.0	36.0	36.0	36.0	36.0
15	34.921560281836854	36.0	36.0	36.0	36.0	36.0
16	34.909269461703005	36.0	36.0	36.0	36.0	36.0
17	34.89897166801716	36.0	36.0	36.0	36.0	36.0
18	34.885343083809566	36.0	36.0	36.0	36.0	36.0
19	34.86269106974857	36.0	36.0	36.0	36.0	36.0
20	34.86096716213924	36.0	36.0	36.0	36.0	36.0
21	34.84524906087295	36.0	36.0	36.0	36.0	36.0
22	34.829671578519445	36.0	36.0	36.0	36.0	36.0
23	34.82053428146128	36.0	36.0	36.0	36.0	36.0
24	34.7978591788558	36.0	36.0	36.0	36.0	36.0
25	34.77869581625857	36.0	36.0	36.0	36.0	36.0
26	34.75815506028811	36.0	36.0	36.0	36.0	36.0
27	34.742292157525966	36.0	36.0	36.0	36.0	36.0
28	34.72680199744198	36.0	36.0	36.0	36.0	36.0
29	34.70865853524797	36.0	36.0	36.0	32.0	36.0
30	34.690864064055916	36.0	36.0	36.0	32.0	36.0
31	34.65865335968424	36.0	36.0	36.0	32.0	36.0
32	34.64553931753302	36.0	36.0	36.0	32.0	36.0
33	34.60344478088426	36.0	36.0	36.0	32.0	36.0
34	34.58404335554716	36.0	36.0	36.0	32.0	36.0
35	34.54879844869072	36.0	36.0	36.0	32.0	36.0
36	34.51901063877542	36.0	36.0	36.0	32.0	36.0
37	34.506012215179005	36.0	36.0	36.0	32.0	36.0
38	34.47301061207957	36.0	36.0	36.0	32.0	36.0
39	34.45046451155008	36.0	36.0	36.0	32.0	36.0
40	34.433585314749955	36.0	36.0	36.0	32.0	36.0
41	34.405660189238716	36.0	36.0	36.0	32.0	36.0
42	34.375487413959384	36.0	36.0	36.0	32.0	36.0
43	34.35148119203825	36.0	36.0	36.0	32.0	36.0
44	34.31680161560387	36.0	36.0	36.0	32.0	36.0
45	34.30147595916837	36.0	36.0	36.0	32.0	36.0
46	34.277481811231375	36.0	36.0	36.0	32.0	36.0
47	34.28175686613974	36.0	36.0	36.0	32.0	36.0
48	34.294422988640726	36.0	36.0	36.0	32.0	36.0
49	34.33564944623226	36.0	36.0	36.0	32.0	36.0
50	34.425980818639374	36.0	36.0	36.0	32.0	36.0
51	34.53892789670279	36.0	36.0	36.0	32.0	36.0
>>END_MODULE
>>Per sequence quality scores	pass
#Quality	Count
13	1.0
14	12.0
15	109.0
16	409.0
17	1076.0
18	2340.0
19	4777.0
20	9400.0
21	16641.0
22	27327.0
23	42822.0
24	65252.0
25	95407.0
26	137717.0
27	189050.0
28	250817.0
29	324886.0
30	416619.0
31	539201.0
32	730005.0
33	1100762.0
34	2226058.0
35	1.022607E7
36	4665717.0
>>END_MODULE
>>Per base sequence content	pass
#Base	G	A	T	C
1	22.446268202908744	26.867998477418947	27.333248450214747	23.352484869457562
2	22.35649056502595	27.101451923238912	27.65647189130614	22.885585620429
3	22.285004731783204	27.087449105213203	27.576619913238144	23.050926249765453
4	22.567155685265345	26.730347615388343	27.877847079259016	22.824649620087296
5	22.64011620576172	26.854800741277273	27.447228412952242	23.057854640008767
6	22.126736902050116	27.31298880030372	27.615043659832956	22.945230637813214
7	22.242216944151373	27.244112379881386	27.53215786578303	22.981512810184213
8	22.241167303427357	27.143156049735907	27.475345385745904	23.140331261090832
9	22.21506193022447	27.111743013866725	27.578625795958285	23.09456925995052
10	22.265845751873197	27.19269179931217	27.59837338214756	22.94308906666707
11	22.811904961789658	27.047586351918984	27.32036042168694	22.82014826460442
12	22.106817715656124	27.33353025031078	27.709668886190563	22.84998314784254
13	22.22689090186283	27.173197737665628	27.8239470330649	22.775964327406648
14	22.26265220090667	26.93637956778317	27.976382514012865	22.824585717297303
15	22.204892766636718	27.230272455746917	27.724837503920487	22.83999727369587
16	22.28865277714494	27.500569553925363	27.709619575948118	22.501158092981576
17	22.434237413803633	27.136666757001464	27.31120118118049	23.117894648014413
18	22.339329385680806	27.616227844642182	27.352077049890422	22.692365719786594
19	22.581553405799937	27.184202802192146	27.57472145341267	22.659522338595245
20	22.66545036003945	26.92490750869862	27.607039309746305	22.802602821515624
21	22.65637868469735	27.056414015725732	27.624283717861097	22.662923581715823
22	22.363945274179038	27.342805766491356	27.670540721436442	22.622708237893153
23	22.383096208429073	27.144068455898363	27.592561478437606	22.88027385723496
24	22.245446819600257	27.458956943474355	27.60022553920061	22.695370697724776
25	22.36937388839251	27.420715237105714	27.385441546644472	22.824469327857308
26	22.472193669393825	27.274754531932043	27.378599046508047	22.87445275216609
27	22.539678632399426	27.30943565432156	27.496313650762396	22.654572062516625
28	22.246474610912326	27.356366983571036	27.460939278818465	22.936219126698173
29	22.619711432942445	27.080220539506666	27.47502199043111	22.82504603711978
30	22.360923936498345	27.497925370975594	27.394729245095885	22.746421447430176
31	22.42881424748889	27.368586551095405	27.456970489322025	22.745628712093676
32	22.388729826812636	27.451961653537925	27.348734511522093	22.810574008127343
33	22.321850953786818	27.128476758085103	27.710167479714332	22.83950480841375
34	22.507472736468124	27.544479271850904	27.477908754385243	22.470139237295733
35	22.45177424903254	27.106432199670117	27.49568613514789	22.946107416149452
36	22.634009426893805	27.406528805756313	27.212451241893532	22.74701052545635
37	22.386279057407048	27.302710614631454	27.3650669536883	22.9459433742732
38	22.44412851743112	27.224633344917176	27.34498778752719	22.98625035012451
39	22.375480628270992	27.304426242430125	27.3896090236121	22.930484105686784
40	22.39276328881963	27.238593110716696	27.636111919836004	22.73253168062767
41	22.669924132855872	27.183247062881215	27.409923132272436	22.736905671990474
42	22.577865439874884	27.249842518423872	27.487413131702848	22.684878909998393
43	22.553491977984706	27.470175237150585	27.346958116460208	22.629374668404502
44	22.568146422721508	27.180875466418648	27.28709322114966	22.963884889710183
45	22.49851631010306	27.353258623006244	27.434503045355115	22.713722021535578
46	22.51351819483651	27.678702315433434	27.14297661006005	22.664802879670006
47	22.585052594219132	27.24361940076483	27.296956746369496	22.874371258646544
48	22.581540042264542	27.628625658403315	27.465043299908597	22.324790999423545
49	22.815360071197357	27.570450321433494	27.455029839796698	22.159159767572454
50	22.96831312414314	27.703063264097853	27.530860375856893	21.79776323590211
51	22.36027579382636	28.29204617669831	27.70515384423643	21.642524185238898
>>END_MODULE
>>Per base GC content	pass
#Base	%GC
1	45.7987530723663
2	45.24207618545495
3	45.33593098154866
4	45.39180530535264
5	45.697970845770485
6	45.07196753986333
7	45.22372975433559
8	45.38149856451819
9	45.30963119017499
10	45.20893481854027
11	45.63205322639408
12	44.956800863498664
13	45.00285522926948
14	45.08723791820397
15	45.04489004033259
16	44.789810870126516
17	45.55213206181804
18	45.03169510546739
19	45.24107574439518
20	45.46805318155507
21	45.319302266413175
22	44.986653512072195
23	45.263370065664034
24	44.94081751732503
25	45.19384321624981
26	45.34664642155991
27	45.19425069491605
28	45.1826937376105
29	45.44475747006223
30	45.10734538392852
31	45.174442959582564
32	45.19930383493998
33	45.161355762200564
34	44.97761197376386
35	45.39788166518199
36	45.38101995235016
37	45.33222243168025
38	45.43037886755563
39	45.30596473395777
40	45.125294969447296
41	45.406829804846346
42	45.26274434987327
43	45.18286664638921
44	45.53203131243169
45	45.212238331638645
46	45.17832107450651
47	45.459423852865676
48	44.90633104168809
49	44.97451983876981
50	44.76607636004525
51	44.00279997906525
>>END_MODULE
>>Per sequence GC content	pass
#GC Content	Count
0	6824.0
1	6388.5
2	4828.5
3	3935.0
4	4230.5
5	4998.0
6	5900.5
7	7149.5
8	8422.5
9	10733.5
10	13196.5
11	17316.5
12	21558.5
13	28672.5
14	36295.5
15	48350.5
16	61046.0
17	80239.0
18	100270.5
19	127187.5
20	155018.0
21	189222.5
22	224139.0
23	268216.0
24	313597.5
25	358962.0
26	445091.0
27	504837.5
28	572313.0
29	641414.5
30	716953.5
31	794644.5
32	875112.0
33	957679.0
34	1037035.5
35	1113249.5
36	1168818.5
37	1219171.5
38	1249107.0
39	1279509.0
40	1297886.0
41	1313080.0
42	1322994.5
43	1326951.0
44	1314247.5
45	1298860.0
46	1280774.5
47	1260472.0
48	1235906.0
49	1210938.5
50	1186383.0
51	1159852.5
52	1128759.5
53	1096334.0
54	1064800.0
55	1030808.0
56	989899.5
57	945696.5
58	895523.0
59	839466.0
60	778055.5
61	714100.0
62	649924.0
63	587176.5
64	521661.0
65	459975.0
66	404271.0
67	349672.0
68	298860.0
69	249500.5
70	210112.5
71	174261.5
72	145724.5
73	119027.5
74	96832.0
75	72367.5
76	60151.5
77	49257.0
78	39021.0
79	31519.0
80	24742.0
81	20121.0
82	16145.0
83	13076.5
84	10278.0
85	8247.5
86	6380.5
87	5267.5
88	4234.5
89	3385.5
90	2650.0
91	2224.5
92	1866.5
93	1624.0
94	1370.0
95	1196.0
96	1051.5
97	928.5
98	832.5
99	1083.0
100	1325.0
>>END_MODULE
>>Per base N content	pass
#Base	N-Count
1	0.001717880789987887
2	3.796421635332347E-4
3	3.843876905774001E-4
4	6.359006239181682E-4
5	9.396143547447559E-4
6	0.002254125345978581
7	0.0038106582164648436
8	0.002163960332139438
9	0.004835692058004577
10	0.004854674166181239
11	0.003910314284392318
12	0.004693326246679614
13	0.0029042625510292456
14	0.007009143444232345
15	0.017363883454601322
16	0.01592124323317503
17	0.012841396181511663
18	0.0073840400807214145
19	0.018161131998021114
20	0.004906874963667059
21	0.00775243829641738
22	0.011321623929880106
23	0.005600234254167301
24	0.009398180201914297
25	0.007039835239042984
26	0.003933130806783818
27	0.002114025312701991
28	0.0012436829856908708
29	6.744964544293211E-4
30	0.001430758166538888
31	0.0016351761834001893
32	0.0019241799651738114
33	0.0033301794863595997
34	0.005908160090541199
35	0.004533418985454448
36	0.003491944842151941
37	0.0015874985138973551
38	0.007954415854264317
39	0.003763154379224341
40	8.39870999837759E-4
41	0.0014841935656978028
42	0.0017435699269869956
43	0.0038833083649668586
44	0.0019070260874011018
45	0.0017424635751867635
46	6.213735410343436E-4
47	0.0012634301047399284
48	0.0015084211258757966
49	0.004423041932345498
50	0.0024844408534202053
51	0.0018073449126752611
>>END_MODULE
>>Sequence Length Distribution	warn
#Length	Count
20	46832.0
21	48087.0
22	49860.0
23	51314.0
24	52031.0
25	52095.0
26	53488.0
27	54338.0
28	56464.0
29	59420.0
30	61457.0
31	62804.0
32	65022.0
33	65297.0
34	66407.0
35	66874.0
36	66178.0
37	67895.0
38	69950.0
39	72656.0
40	75269.0
41	79101.0
42	81441.0
43	88945.0
44	104037.0
45	143158.0
46	236999.0
47	578895.0
48	1200372.0
49	2403102.0
50	3218103.0
51	1.1674584E7
>>END_MODULE
>>Sequence Duplication Levels	warn
#Total Duplicate Percentage	31.892790563838215
#Duplication Level	Relative count
1	100.0
2	21.12101340420615
3	8.223076034203837
4	4.262479778137277
5	2.3760688698867574
6	1.5476947076496417
7	1.0305927894615208
8	0.7402646175179108
9	0.5618788999306679
10++	4.578807487866882
>>END_MODULE
>>Overrepresented sequences	pass
>>END_MODULE
>>Kmer Content	warn
#Sequence	Count	Obs/Exp Overall	Obs/Exp Max	Max Obs/Exp Position
AAAAA	5571590	3.9109237	4.8530807	47
TTTTT	5328190	3.5729728	4.42463	13
>>END_MODULE
