##FastQC	0.10.1
>>Basic Statistics	pass
#Measure	Value	
Filename	001-F0_S3_L001_R2_001_trimmed.fq.gz	
File type	Conventional base calls	
Encoding	Sanger / Illumina 1.9	
Total Sequences	21591893	
Filtered Sequences	0	
Sequence length	20-51	
%GC	45	
>>END_MODULE
>>Per base sequence quality	pass
#Base	Mean	Median	Lower Quartile	Upper Quartile	10th Percentile	90th Percentile
1	34.802903524948	36.0	36.0	36.0	32.0	36.0
2	34.79135664482961	36.0	36.0	36.0	32.0	36.0
3	34.76443802310432	36.0	36.0	36.0	32.0	36.0
4	34.75957318795531	36.0	36.0	36.0	32.0	36.0
5	34.749864405126495	36.0	36.0	36.0	32.0	36.0
6	34.72915190900585	36.0	36.0	36.0	32.0	36.0
7	34.713951713265715	36.0	36.0	36.0	32.0	36.0
8	34.702193781712424	36.0	36.0	36.0	32.0	36.0
9	34.680491377018214	36.0	36.0	36.0	32.0	36.0
10	34.66960006702516	36.0	36.0	36.0	32.0	36.0
11	34.66048771175367	36.0	36.0	36.0	32.0	36.0
12	34.64336799927639	36.0	36.0	36.0	32.0	36.0
13	34.62312007566914	36.0	36.0	36.0	32.0	36.0
14	34.608814613892356	36.0	36.0	36.0	32.0	36.0
15	34.594034761102236	36.0	36.0	36.0	32.0	36.0
16	34.56168544369871	36.0	36.0	36.0	32.0	36.0
17	34.554540169312624	36.0	36.0	36.0	32.0	36.0
18	34.53668383777189	36.0	36.0	36.0	32.0	36.0
19	34.51344354105497	36.0	36.0	36.0	32.0	36.0
20	34.511166343775415	36.0	36.0	36.0	32.0	36.0
21	34.48360077140048	36.0	36.0	36.0	32.0	36.0
22	34.45976503864645	36.0	36.0	36.0	32.0	36.0
23	34.43353146496791	36.0	36.0	36.0	32.0	36.0
24	34.40351920645569	36.0	36.0	36.0	32.0	36.0
25	34.37956505522408	36.0	36.0	36.0	32.0	36.0
26	34.35213469865489	36.0	36.0	36.0	32.0	36.0
27	34.32758013737226	36.0	36.0	36.0	32.0	36.0
28	34.296924205088004	36.0	36.0	36.0	32.0	36.0
29	34.2751411485546	36.0	36.0	36.0	32.0	36.0
30	34.249062528430926	36.0	36.0	36.0	32.0	36.0
31	34.19653637870361	36.0	36.0	36.0	32.0	36.0
32	34.17972237353887	36.0	36.0	36.0	32.0	36.0
33	34.13800833170044	36.0	36.0	36.0	32.0	36.0
34	34.09064161422073	36.0	36.0	36.0	32.0	36.0
35	34.064146370995246	36.0	36.0	36.0	32.0	36.0
36	34.04245538161964	36.0	36.0	36.0	32.0	36.0
37	34.00837951585865	36.0	36.0	36.0	32.0	36.0
38	33.98893810447754	36.0	36.0	36.0	32.0	36.0
39	33.95314197408616	36.0	36.0	36.0	32.0	36.0
40	33.93663348744682	36.0	36.0	36.0	32.0	36.0
41	33.91436788966716	36.0	36.0	36.0	32.0	36.0
42	33.88539418742592	36.0	36.0	36.0	32.0	36.0
43	33.88864576441045	36.0	36.0	36.0	32.0	36.0
44	33.86646311347974	36.0	36.0	36.0	32.0	36.0
45	33.84889742845037	36.0	36.0	36.0	27.0	36.0
46	33.85212380392233	36.0	36.0	36.0	27.0	36.0
47	33.84077765391914	36.0	36.0	36.0	27.0	36.0
48	33.85999993667295	36.0	36.0	36.0	27.0	36.0
49	33.898980818439505	36.0	36.0	36.0	32.0	36.0
50	34.004546452520984	36.0	36.0	36.0	32.0	36.0
51	34.15721020966344	36.0	36.0	36.0	32.0	36.0
>>END_MODULE
>>Per sequence quality scores	pass
#Quality	Count
2	28.0
3	21.0
4	22.0
5	22.0
6	32.0
7	63.0
8	94.0
9	157.0
10	171.0
11	192.0
12	207.0
13	246.0
14	1770.0
15	3042.0
16	5089.0
17	8096.0
18	12777.0
19	19795.0
20	30194.0
21	44308.0
22	62704.0
23	86930.0
24	120626.0
25	160777.0
26	212494.0
27	271278.0
28	341635.0
29	421912.0
30	526251.0
31	664629.0
32	883520.0
33	1299037.0
34	2478755.0
35	9961795.0
36	3973224.0
>>END_MODULE
>>Per base sequence content	pass
#Base	G	A	T	C
1	22.55111635658563	26.828483791267583	27.41958628893074	23.200813563216048
2	22.501729891124434	26.973235009652143	27.686803808275585	22.83823129094784
3	22.411284299243558	27.0102517115023	27.602383815580833	22.976080173673306
4	22.69847510372387	26.66937137225843	27.857539676400613	22.77461384761709
5	22.799754337709313	26.774026034662953	27.444942182789774	22.981277444837964
6	22.270316794088128	27.174173685812903	27.684288746097145	22.871220774001827
7	22.354198417273825	27.143963270628984	27.540080224834828	22.961758087262364
8	22.384446908760218	27.067937085159915	27.47568706285787	23.071928943221998
9	22.367427322477067	27.13621820874397	27.56954379595938	22.926810672819588
10	22.393654299291438	27.1297094464303	27.595386309283658	22.881249944994604
11	22.97864345995245	26.995670441449338	27.234184544995692	22.791501553602515
12	22.24054051325119	27.282780963909865	27.655770085670316	22.820908437168633
13	22.405854333037347	27.072375784385084	27.790042738146948	22.731727144430625
14	22.44634540256246	26.86498138008682	27.893460948858213	22.795212268492506
15	22.357294419792588	27.172589389058093	27.68366127769084	22.786454913458478
16	22.49050521912389	27.4501450167162	27.55818424236775	22.501165521792167
17	22.66522700137711	27.075006465847007	27.224799167294332	23.034967365481545
18	22.531618021466198	27.50883677700192	27.28801000006671	22.671535201465172
19	22.74887022558616	27.13298972787489	27.477038335018378	22.641101711520573
20	22.822955403249566	26.894727285192037	27.53472280124439	22.747594510314006
21	22.80038318121063	27.006757801523356	27.548727462224555	22.644131555041458
22	22.548635523944967	27.295245614267355	27.526757439676775	22.629361422110904
23	22.597532617497723	27.06512949259301	27.466919524331786	22.870418365577486
24	22.42940174535874	27.395364815290783	27.473771746324633	22.70146169302584
25	22.547707583360285	27.33038075210793	27.30442326984248	22.81748839468931
26	22.667182185030505	27.23297706612397	27.252705751126584	22.847134997718946
27	22.726638849351357	27.31561896054604	27.35174310740281	22.60599908269979
28	22.42658691656082	27.32493773903731	27.33036590449864	22.91810943990324
29	22.788404698926858	27.078128782166182	27.3175180399105	22.815948478996457
30	22.50558052675417	27.514228533465086	27.233967725038738	22.746223214742006
31	22.62675282372428	27.31656228294183	27.31883969350387	22.737845199830016
32	22.596950287098064	27.41254954780302	27.18436979835694	22.80613036674197
33	22.489282771372572	27.13929845985823	27.558171074549364	22.813247694219836
34	22.69744936678465	27.520671009100194	27.32555647841139	22.45632314570377
35	22.65424029034273	27.103132442915662	27.323886551447956	22.918740715293655
36	22.78383687817186	27.416911437095663	27.055370666722283	22.743881018010192
37	22.536237774453255	27.32706835187832	27.234677376515336	22.902016497153085
38	22.607711415263466	27.234122775027807	27.18515587729595	22.973009932412776
39	22.546468547954568	27.336399400844076	27.23704712323263	22.880084927968724
40	22.571780945754302	27.259096276281518	27.442112965113953	22.727009812850223
41	22.85449821161171	27.222539898225474	27.205715830822818	22.717246059339995
42	22.75495729293548	27.296134982677252	27.2728667879645	22.676040936422773
43	22.69630735092181	27.488785677808536	27.178288487671388	22.636618483598266
44	22.75761751740111	27.188701922091884	27.083650909168394	22.970029651338614
45	22.620697295161598	27.416984870763812	27.272212944439012	22.69010488963558
46	22.662085993825574	27.65220863830707	26.98853006986326	22.697175298004097
47	22.738465366054967	27.29579127021791	27.1066194507998	22.859123912927316
48	22.720605257180797	27.67615115486757	27.299923780487806	22.303319807463833
49	23.00814527182379	27.55620042978678	27.258979884089086	22.176674414300347
50	23.163007897277524	27.66921973279677	27.362269673060236	21.805502696865467
51	22.724895270319557	28.155169050697648	27.492371875332644	21.62756380365015
>>END_MODULE
>>Per base GC content	pass
#Base	%GC
1	45.751929919801675
2	45.33996118207227
3	45.387364472916865
4	45.47308895134096
5	45.781031782547274
6	45.14153756808995
7	45.31595650453619
8	45.456375851982216
9	45.294237995296655
10	45.27490424428604
11	45.770145013554966
12	45.061448950419816
13	45.13758147746797
14	45.24155767105496
15	45.143749333251066
16	44.99167074091605
17	45.70019436685865
18	45.20315322293137
19	45.38997193710673
20	45.57054991356357
21	45.44451473625209
22	45.17799694605588
23	45.46795098307521
24	45.13086343838458
25	45.36519597804959
26	45.514317182749444
27	45.33263793205115
28	45.34469635646406
29	45.604353177923315
30	45.251803741496175
31	45.3645980235543
32	45.403080653840036
33	45.302530465592405
34	45.153772512488416
35	45.572981005636386
36	45.527717896182054
37	45.43825427160634
38	45.58072134767624
39	45.42655347592329
40	45.298790758604525
41	45.57174427095171
42	45.43099822935825
43	45.332925834520076
44	45.72764716873972
45	45.310802184797176
46	45.359261291829675
47	45.597589278982284
48	45.02392506464463
49	45.184819686124136
50	44.96851059414299
51	44.352459073969705
>>END_MODULE
>>Per sequence GC content	pass
#GC Content	Count
0	10959.0
1	9739.0
2	7254.5
3	6371.5
4	6863.5
5	7813.5
6	8930.5
7	10468.5
8	12049.5
9	14524.0
10	17122.5
11	21374.5
12	25806.5
13	32887.0
14	40436.0
15	52426.5
16	65368.5
17	84780.5
18	105119.5
19	131724.5
20	159487.0
21	193853.0
22	229124.5
23	273043.5
24	318418.0
25	364474.5
26	450499.0
27	511927.5
28	581544.0
29	653898.0
30	731451.5
31	812084.0
32	895335.0
33	979711.0
34	1062597.5
35	1141953.5
36	1200934.5
37	1254610.5
38	1291446.0
39	1327782.5
40	1350372.0
41	1369099.0
42	1377966.0
43	1379873.5
44	1369469.0
45	1357057.0
46	1339936.5
47	1318826.0
48	1292543.5
49	1266049.5
50	1238592.5
51	1209721.0
52	1176497.5
53	1141659.0
54	1108194.5
55	1071826.5
56	1031265.0
57	987105.5
58	935030.5
59	876907.5
60	812788.5
61	746074.0
62	681118.0
63	618045.0
64	548692.0
65	482830.0
66	422798.5
67	365081.5
68	312722.5
69	260889.5
70	219051.5
71	182298.0
72	153082.5
73	125418.0
74	102336.0
75	77217.0
76	64405.0
77	53185.5
78	42538.5
79	34046.0
80	26309.0
81	21262.5
82	17054.0
83	13922.5
84	11128.0
85	9111.5
86	7219.5
87	5946.5
88	4803.5
89	3929.0
90	3204.5
91	2799.5
92	2440.0
93	2220.0
94	2005.0
95	1910.0
96	1860.5
97	1997.0
98	2572.5
99	15248.0
100	27478.0
>>END_MODULE
>>Per base N content	pass
#Base	N-Count
1	0.01349117467375371
2	0.011041181058094351
3	0.02387933285886513
4	0.010925396860756952
5	0.013458755098499236
6	0.010439103231939877
7	0.014204405329352085
8	0.009017273288636619
9	0.01196745463679354
10	0.01437113457351794
11	0.01108749473702931
12	0.006720114813462626
13	0.02573651138415701
14	0.017205531724337465
15	0.018210538557226083
16	0.0330679667595611
17	0.024981598417517167
18	0.022401926500839924
19	0.01831706001877649
20	0.01747415106216023
21	0.014247857815762982
22	0.033361662086486533
23	0.030444388966340063
24	0.010530395129506974
25	0.023979263467156762
26	0.012160686159278448
27	0.01724143650833897
28	0.01873103559938434
29	0.017044822200780654
30	0.013536595735991516
31	0.03828242902926656
32	0.029177491022858826
33	0.022366199236724327
34	0.02248153109560856
35	0.021660336257136002
36	0.022459365980999485
37	0.03607959621280817
38	0.026980354014797762
39	0.02709372033975545
40	0.030991055886068358
41	0.018261355758103615
42	0.035143182774422896
43	0.015339956447353658
44	0.008025828930608745
45	0.009112204185982613
46	0.005354435811840442
47	0.012929046774482632
48	0.01138795102373094
49	0.00863812514475013
50	0.0067841069428454135
51	0.009184785456918764
>>END_MODULE
>>Sequence Length Distribution	warn
#Length	Count
20	65850.0
21	67280.0
22	68943.0
23	70582.0
24	71713.0
25	72733.0
26	74462.0
27	76399.0
28	79154.0
29	82811.0
30	84810.0
31	86549.0
32	88090.0
33	87900.0
34	90188.0
35	89928.0
36	90372.0
37	92429.0
38	95392.0
39	98937.0
40	101233.0
41	105508.0
42	109114.0
43	117053.0
44	132887.0
45	173865.0
46	275866.0
47	624239.0
48	1253718.0
49	2529919.0
50	3428647.0
51	1.1105322E7
>>END_MODULE
>>Sequence Duplication Levels	warn
#Total Duplicate Percentage	30.006649754944206
#Duplication Level	Relative count
1	100.0
2	19.436019057404447
3	7.69192875289415
4	3.7636262553044753
5	2.2308704617268487
6	1.4046742718002492
7	0.9289429051985616
8	0.6875584987719656
9	0.5172522994855627
10++	4.088052527498821
>>END_MODULE
>>Overrepresented sequences	warn
#Sequence	Count	Percentage	Possible Source
GGGGGGGGGGGGGGGGGGGGGGGGGGGGGGGGGGGGGGGGGGGGGGGGGGG	22133	0.10250606558674592	No Hit
>>END_MODULE
>>Kmer Content	warn
#Sequence	Count	Obs/Exp Overall	Obs/Exp Max	Max Obs/Exp Position
AAAAA	6037425	4.203637	5.1016264	47
GGGGG	2165840	3.824937	5.8119736	47
TTTTT	5426615	3.666662	4.4689727	13
>>END_MODULE
