##FastQC	0.10.1
>>Basic Statistics	pass
#Measure	Value	
Filename	006-F5_S1_L003_R2_001.fastq.gz	
File type	Conventional base calls	
Encoding	Sanger / Illumina 1.9	
Total Sequences	21865248	
Filtered Sequences	0	
Sequence length	35-76	
%GC	46	
>>END_MODULE
>>Per base sequence quality	pass
#Base	Mean	Median	Lower Quartile	Upper Quartile	10th Percentile	90th Percentile
1	31.403224651282255	32.0	32.0	32.0	32.0	32.0
2	31.125076971457172	32.0	32.0	32.0	32.0	32.0
3	31.170754706280945	32.0	32.0	32.0	32.0	32.0
4	31.219985476496767	32.0	32.0	32.0	32.0	32.0
5	31.14785155878406	32.0	32.0	32.0	32.0	32.0
6	34.80812351179369	36.0	36.0	36.0	36.0	36.0
7	34.80375566744086	36.0	36.0	36.0	32.0	36.0
8	34.707421521127955	36.0	36.0	36.0	32.0	36.0
9	34.89370927784583	36.0	36.0	36.0	36.0	36.0
10-14	34.76369737951292	36.0	36.0	36.0	32.8	36.0
15-19	34.654810921879324	36.0	36.0	36.0	32.0	36.0
20-24	34.57742155039815	36.0	36.0	36.0	32.0	36.0
25-29	34.48682533122881	36.0	36.0	36.0	32.0	36.0
30-34	34.399142346796154	36.0	36.0	36.0	32.0	36.0
35-39	34.33361036796812	36.0	36.0	36.0	32.0	36.0
40-44	34.246054662868836	36.0	36.0	36.0	32.0	36.0
45-49	34.1105253898645	36.0	36.0	36.0	32.0	36.0
50-54	33.947632480633786	36.0	36.0	36.0	32.0	36.0
55-59	33.76304066849002	36.0	36.0	36.0	29.0	36.0
60-64	33.61322795225455	36.0	36.0	36.0	27.0	36.0
65-69	33.48461163357781	36.0	36.0	36.0	27.0	36.0
70-74	33.36046981975164	36.0	36.0	36.0	27.0	36.0
75-76	32.42709441811028	36.0	34.0	36.0	20.5	36.0
>>END_MODULE
>>Per sequence quality scores	pass
#Quality	Count
2	26465.0
3	92.0
4	565.0
5	242.0
6	101.0
7	89.0
8	51.0
9	17.0
10	21.0
11	49.0
12	57.0
13	83.0
14	1465.0
15	5729.0
16	8406.0
17	10603.0
18	13359.0
19	17634.0
20	24969.0
21	36899.0
22	53745.0
23	79659.0
24	116365.0
25	166406.0
26	229677.0
27	303640.0
28	392816.0
29	498047.0
30	632232.0
31	823426.0
32	1128164.0
33	1734211.0
34	3616321.0
35	1.1943643E7
>>END_MODULE
>>Per base sequence content	fail
#Base	G	A	T	C
1	44.55673507790447	17.942053575501287	11.498614805705502	26.00259654088874
2	16.775401766221254	18.46968553165348	38.244018241504165	26.510894460621103
3	20.705187583080768	20.666211433544245	27.64831395753271	30.980287025842273
4	13.496453113492127	14.26900380743783	35.852640232017976	36.381902847052075
5	15.359265217244577	34.49072832862465	34.81176352449481	15.338242929635962
6	35.284035713639746	34.5059587984	16.223188955943606	13.986816532016649
7	31.003910200204523	28.846930534967335	20.275522765816408	19.873636499011734
8	26.48783526137607	35.20703052234184	19.389156607306628	18.91597760897546
9	24.99974471043455	15.639231105378176	19.929107804868288	39.431916379318984
10-14	24.479562281348915	22.78600261228472	28.025056245907	24.709378860459367
15-19	22.944017628285813	27.800971672172007	25.864664156666052	23.390346542876124
20-24	22.984531755536068	26.49333885928738	27.203561034696733	23.31856835047982
25-29	22.842605203014248	26.63877938440262	27.079955294667794	23.438660117915333
30-34	22.84065976731661	26.674325338098264	27.240838715930487	23.24417617865464
35-39	22.863321029047743	26.924882222777857	27.107954831754107	23.103841916420294
40-44	22.90245256218965	26.83919943094033	27.210583058244488	23.04776494862553
45-49	22.900569268457534	26.991856382828374	27.017426459192688	23.090147889521404
50-54	22.878127162512918	27.090825114652482	27.04413399801649	22.98691372481811
55-59	22.9052664532051	27.019884299109226	26.93300652768247	23.141842720003208
60-64	23.021566029454437	27.049774267600885	26.950769864751866	22.977889838192812
65-69	23.050763298564558	27.171749634439056	26.879979216990712	22.89750785000567
70-74	23.353478195333537	27.399323725712126	26.835193021982107	22.41200505697223
75-76	27.563801132610955	34.62232997169012	27.751132809825002	10.062736085873922
>>END_MODULE
>>Per base GC content	fail
#Base	%GC
1	70.55933161879321
2	43.28629622684236
3	51.685474608923045
4	49.8783559605442
5	30.697508146880537
6	49.27085224565639
7	50.87754669921626
8	45.40381287035153
9	64.43166108975353
10-14	49.188941141808286
15-19	46.33436417116194
20-24	46.30310010601589
25-29	46.281265320929585
30-34	46.08483594597125
35-39	45.96716294546803
40-44	45.95021751081518
45-49	45.99071715797894
50-54	45.86504088733103
55-59	46.047109173208305
60-64	45.99945586764725
65-69	45.94827114857023
70-74	45.76548325230576
75-76	37.62653721848488
>>END_MODULE
>>Per sequence GC content	warn
#GC Content	Count
0	26495.0
1	13303.0
2	190.5
3	341.5
4	414.0
5	464.5
6	587.0
7	759.0
8	861.5
9	1090.5
10	1730.5
11	2764.5
12	3400.0
13	4180.0
14	6387.0
15	10171.0
16	15873.0
17	20142.0
18	26799.5
19	40635.5
20	58119.5
21	70671.0
22	89416.5
23	122167.0
24	157455.5
25	181393.5
26	212346.0
27	263090.0
28	313460.0
29	347442.0
30	389656.0
31	456327.0
32	521009.5
33	564310.0
34	618662.0
35	700187.0
36	769341.5
37	810811.5
38	842547.0
39	877559.5
40	894742.0
41	900857.0
42	911603.5
43	922444.5
44	920744.0
45	910017.0
46	906027.5
47	898577.0
48	879412.0
49	857876.0
50	844836.5
51	828943.5
52	803083.0
53	778616.0
54	766246.5
55	751879.0
56	727602.0
57	701440.5
58	678201.5
59	641675.0
60	588235.5
61	531003.5
62	486300.0
63	443365.5
64	385887.0
65	331931.5
66	277893.5
67	239324.5
68	209736.0
69	172460.0
70	135603.0
71	110409.5
72	92624.0
73	74392.0
74	57361.5
75	45711.0
76	38775.5
77	31149.5
78	23431.5
79	18701.5
80	16265.5
81	13036.5
82	9565.0
83	7460.0
84	6152.5
85	4776.5
86	3660.0
87	3060.0
88	2676.0
89	2296.5
90	1992.0
91	1750.5
92	1602.5
93	1542.5
94	1449.0
95	1348.5
96	1283.0
97	1257.0
98	1415.5
99	11646.0
100	21694.0
>>END_MODULE
>>Per base N content	pass
#Base	N-Count
1	0.13740525604831924
2	0.1291227064975435
3	0.13179361148796484
4	0.1232092130855319
5	0.12129293022425357
6	0.12134781183364579
7	0.12339215178350596
8	0.12445319623175552
9	0.12486023483474781
10-14	0.1264975361816157
15-19	0.13128687129457667
20-24	0.1321640623513623
25-29	0.1331135141938477
30-34	0.13381416940708837
35-39	0.03786154975593451
40-44	0.013204876160654608
45-49	0.014177389494298295
50-54	0.013774558451924901
55-59	0.01412573545470248
60-64	0.013288524523053846
65-69	0.011719937113387585
70-74	0.011598042554602294
75-76	0.011912427748150684
>>END_MODULE
>>Sequence Length Distribution	warn
#Length	Count
35	34156.0
36	10863.0
37	14172.0
38	15347.0
39	16809.0
40	16562.0
41	17404.0
42	18173.0
43	20003.0
44	21221.0
45	23053.0
46	23471.0
47	24641.0
48	25595.0
49	26621.0
50	26284.0
51	26726.0
52	27417.0
53	28579.0
54	30259.0
55	30938.0
56	32230.0
57	33033.0
58	33290.0
59	34545.0
60	35078.0
61	34639.0
62	35460.0
63	35675.0
64	38001.0
65	38739.0
66	40519.0
67	41177.0
68	41182.0
69	45804.0
70	50555.0
71	67330.0
72	153388.0
73	531941.0
74	1470831.0
75	4750361.0
76	1.3843176E7
>>END_MODULE
>>Sequence Duplication Levels	warn
#Total Duplicate Percentage	31.99010772354725
#Duplication Level	Relative count
1	100.0
2	20.51096684643523
3	8.432254239983806
4	4.330350042652864
5	2.517241877882683
6	1.5694807917528157
7	1.0677674479129013
8	0.7720891227968711
9	0.6087069675982824
10++	4.777120714833075
>>END_MODULE
>>Overrepresented sequences	warn
#Sequence	Count	Percentage	Possible Source
NNNNNNNNNNNNNNNNNNNNNNNNNNNNNNNNNNN	26465	0.12103681604708988	No Hit
>>END_MODULE
>>Kmer Content	warn
#Sequence	Count	Obs/Exp Overall	Obs/Exp Max	Max Obs/Exp Position
AAAAA	7551750	3.702697	7.4363847	72
GGGGG	3631305	3.3259692	5.845639	72
TTTTT	6627680	3.1209753	5.5839677	72
CCTGG	3673765	3.0058546	12.208171	3
CCAGG	3509140	2.8944473	12.499632	3
CCCAG	3405470	2.8374956	10.864222	2
CTGGG	3349990	2.7133567	10.380437	4
CCAGC	3079425	2.5658295	6.499227	3
CAGCA	3440515	2.5044444	7.242957	4
GGAGG	3074345	2.4850273	5.7884436	6
GCTGG	3013895	2.4411335	6.5056434	3
TGCTG	3440375	2.4394045	7.776408	2
TCCAG	3277300	2.3664415	9.79245	2
CAGCC	2819205	2.3490098	5.3545966	9
CTCCT	3208925	2.321796	7.1551447	1
CTCCA	3176980	2.3173268	7.259012	1
CAGGA	3197765	2.3043122	10.382241	4
AGGAG	3210785	2.2904074	7.296463	5
GGCTG	2800940	2.2686484	7.9666247	7
TCCTG	3159620	2.263112	9.945494	2
CCCTG	2699275	2.2309864	9.074856	2
CTGCT	3103875	2.223184	6.4762383	9
CTGGA	3108035	2.2216327	9.154603	4
CCTGC	2687450	2.221213	6.443435	3
CAGAG	3074835	2.2157288	7.501959	4
AGCAG	3065850	2.2092543	5.064246	7
CTCTG	3077400	2.2042212	7.5677676	2
CTGCC	2658860	2.197583	5.565889	9
GGCAG	2684290	2.191801	5.7369714	7
CTGCA	3030995	2.188592	6.9020553	4
GCAGG	2662825	2.1742744	6.7555428	3
GCCTG	2619075	2.142913	6.580349	7
TGCAG	2990795	2.1378295	7.184763	2
CACAG	2924175	2.1285865	7.7591553	7
GCTGC	2589120	2.118404	5.2837462	8
CAGGG	2593080	2.1173255	9.149637	4
CTGTG	2956650	2.0964184	9.407371	9
CCCCA	2452440	2.0641904	6.466198	1
TGGAG	2912705	2.0610557	6.5814376	5
CAGGC	2459870	2.028977	5.9670177	4
AGCTG	2809000	2.0078819	5.6176314	7
CTCAG	2761755	1.9941816	6.1183057	2
GGGAG	2445475	1.9767046	5.0336237	7
CTGGC	2412425	1.973833	5.3795776	4
CTGAG	2743765	1.9612516	5.850197	4
GGAGA	2717320	1.9383953	5.608161	6
CAGAA	2998950	1.9071592	5.343484	4
TCCCA	2601340	1.8974481	5.183638	2
CCTCT	2597820	1.879635	5.5266304	1
CACTG	2591305	1.8711048	7.967633	7
CAGTG	2613170	1.8679019	6.6699314	9
TGGGG	2319875	1.8600935	5.838321	5
CCAGA	2523535	1.8369498	6.63271	3
GGCCA	2225955	1.8360366	5.6227474	1
TTCTG	2954535	1.833926	5.37693	2
GTGTG	2548165	1.7885966	8.718336	1
TCTGG	2498450	1.7715309	6.2229657	3
ACACA	2742025	1.7614989	7.2130146	6
TGGCC	2148570	1.7579484	5.350067	5
TGTGT	2832670	1.740586	6.8487606	10
ACAGA	2711380	1.7242812	6.2009315	8
GCCCA	2066100	1.7215099	6.6343617	1
CACAC	2334955	1.7169582	7.1753387	5
GAGAG	2400125	1.7121246	5.596882	7
CCTGA	2347055	1.6947392	5.622836	3
CCTGT	2304715	1.6507773	5.5133104	8
TCAGG	2273770	1.6252975	5.8087034	3
GGGCC	1724390	1.611675	5.065488	6
TGGGC	1979965	1.6036918	6.116938	5
ACAGG	2212405	1.5942609	5.029406	8
ACAGC	2058550	1.4984745	5.8207192	8
CTGTC	2085985	1.4941094	6.001479	9
GCTGT	2096075	1.4862261	5.326186	8
GCCCT	1788640	1.4783347	5.7853484	1
GACAG	2009075	1.4477412	7.018274	7
GGGCT	1781120	1.4426354	5.6607456	6
AGACA	2210140	1.4055215	5.4936295	6
AGGGC	1694080	1.3832659	5.455027	5
GTCCT	1842585	1.3197715	9.341267	1
GGACA	1812960	1.3064206	6.381624	6
GCACA	1786885	1.3007222	5.1614184	6
GTGCT	1826945	1.295399	6.9868107	1
TGTGC	1796510	1.273819	6.42894	10
ACTGC	1736480	1.253861	5.3523645	8
AGCAC	1699420	1.237054	6.033079	5
AGGAC	1715045	1.2358627	8.775803	5
GTCCA	1649955	1.1913837	7.026389	1
GTGCA	1601245	1.1445749	6.435118	1
ACAGT	1813905	1.1442579	5.951327	8
GTCCC	1384070	1.1439521	5.172648	1
TGCAC	1563525	1.1289752	5.7875433	5
GTCTT	1817410	1.1280949	5.5668287	1
ACTGT	1790985	1.1207093	6.872554	8
TGGAC	1525195	1.090214	6.1498446	5
GACTG	1475265	1.054524	6.0669513	7
GCACT	1454210	1.050042	5.036556	6
ACACT	1631990	1.0399684	5.541044	6
AGACT	1604830	1.0123681	5.0613613	6
GGACC	1205190	0.9940781	5.4022408	6
CTACA	1552810	0.98951155	5.7014146	4
TGTAG	1564545	0.96916085	5.893358	2
GGACT	1343070	0.96003056	5.368073	6
TCCTA	1305320	0.8251088	5.723756	2
TAGGA	1313730	0.8203936	5.744373	4
GTGTA	1195095	0.7403043	6.8078136	1
TACAC	1120220	0.71384835	5.708102	5
GTATA	995290	0.5441022	5.0452385	1
>>END_MODULE
