##FastQC	0.10.1
>>Basic Statistics	pass
#Measure	Value	
Filename	KS30_S4_L001_R2_001_trimmed.fq.gz	
File type	Conventional base calls	
Encoding	Sanger / Illumina 1.9	
Total Sequences	25180324	
Filtered Sequences	0	
Sequence length	20-50	
%GC	44	
>>END_MODULE
>>Per base sequence quality	pass
#Base	Mean	Median	Lower Quartile	Upper Quartile	10th Percentile	90th Percentile
1	34.963828821265366	36.0	36.0	36.0	36.0	36.0
2	34.96056615474845	36.0	36.0	36.0	36.0	36.0
3	34.940121342362396	36.0	36.0	36.0	36.0	36.0
4	34.937392664208765	36.0	36.0	36.0	36.0	36.0
5	34.91620405678656	36.0	36.0	36.0	36.0	36.0
6	34.90710719210762	36.0	36.0	36.0	36.0	36.0
7	34.892057226904626	36.0	36.0	36.0	36.0	36.0
8	34.88699752235118	36.0	36.0	36.0	36.0	36.0
9	34.87130868530524	36.0	36.0	36.0	36.0	36.0
10	34.851747777351875	36.0	36.0	36.0	36.0	36.0
11	34.839752578243235	36.0	36.0	36.0	36.0	36.0
12	34.82859013251775	36.0	36.0	36.0	36.0	36.0
13	34.81600693462086	36.0	36.0	36.0	36.0	36.0
14	34.80533634118449	36.0	36.0	36.0	36.0	36.0
15	34.785148634306694	36.0	36.0	36.0	36.0	36.0
16	34.76859559074776	36.0	36.0	36.0	36.0	36.0
17	34.75911060556648	36.0	36.0	36.0	36.0	36.0
18	34.74660476966063	36.0	36.0	36.0	36.0	36.0
19	34.73370497536092	36.0	36.0	36.0	32.0	36.0
20	34.72391832607079	36.0	36.0	36.0	32.0	36.0
21	34.71171652544802	36.0	36.0	36.0	32.0	36.0
22	34.70126064120289	36.0	36.0	36.0	32.0	36.0
23	34.68708180151762	36.0	36.0	36.0	32.0	36.0
24	34.670395079980416	36.0	36.0	36.0	32.0	36.0
25	34.652125993532906	36.0	36.0	36.0	32.0	36.0
26	34.6410168176373	36.0	36.0	36.0	32.0	36.0
27	34.61862848274261	36.0	36.0	36.0	32.0	36.0
28	34.59330610004299	36.0	36.0	36.0	32.0	36.0
29	34.58479105802459	36.0	36.0	36.0	32.0	36.0
30	34.55748461749856	36.0	36.0	36.0	32.0	36.0
31	34.537478702542316	36.0	36.0	36.0	32.0	36.0
32	34.5253311175914	36.0	36.0	36.0	32.0	36.0
33	34.49698298389697	36.0	36.0	36.0	32.0	36.0
34	34.46280133899331	36.0	36.0	36.0	32.0	36.0
35	34.4387847411074	36.0	36.0	36.0	32.0	36.0
36	34.41692677457794	36.0	36.0	36.0	32.0	36.0
37	34.40603002866092	36.0	36.0	36.0	32.0	36.0
38	34.388974786157384	36.0	36.0	36.0	32.0	36.0
39	34.34938791550152	36.0	36.0	36.0	32.0	36.0
40	34.337619313573974	36.0	36.0	36.0	32.0	36.0
41	34.30096675101934	36.0	36.0	36.0	32.0	36.0
42	34.28314208054151	36.0	36.0	36.0	32.0	36.0
43	34.26260094713175	36.0	36.0	36.0	32.0	36.0
44	34.244003987341	36.0	36.0	36.0	32.0	36.0
45	34.21300132931055	36.0	36.0	36.0	32.0	36.0
46	34.21207512526524	36.0	36.0	36.0	32.0	36.0
47	34.21929719182489	36.0	36.0	36.0	32.0	36.0
48	34.23629449832385	36.0	36.0	36.0	32.0	36.0
49	34.30467422679951	36.0	36.0	36.0	32.0	36.0
50	34.441937613016464	36.0	36.0	36.0	32.0	36.0
>>END_MODULE
>>Per sequence quality scores	pass
#Quality	Count
14	932.0
15	2011.0
16	3675.0
17	6254.0
18	10292.0
19	16388.0
20	25275.0
21	38339.0
22	55119.0
23	78133.0
24	108382.0
25	146651.0
26	195311.0
27	252962.0
28	322262.0
29	406837.0
30	513418.0
31	665948.0
32	899723.0
33	1355632.0
34	2629703.0
35	1.1369502E7
36	6077575.0
>>END_MODULE
>>Per base sequence content	pass
#Base	G	A	T	C
1	22.49520697191982	26.916893523689367	27.553307098034164	23.034592406356648
2	22.382841459863663	26.824360957388794	27.802561237893524	22.990236344854022
3	22.408611581010636	26.927449384686238	27.604267522530684	23.059671511772446
4	22.45967128937658	26.742972012592052	27.886340938265924	22.911015759765444
5	22.656074639865633	26.748277742573922	27.457752330748402	23.137895286812036
6	22.17571942283189	27.05323013317859	27.695842992330043	23.07520745165948
7	22.204499830899714	27.100556768054297	27.759098731215694	22.935844669830303
8	22.377682670008536	26.94862464835639	27.749833560521303	22.92385912111377
9	22.050105471240165	27.167664721073486	27.926292767321026	22.855937040365326
10	22.257453875494214	27.22864090231722	27.733328610068718	22.780576612119845
11	22.596480490084243	27.269899307093905	27.481636058376374	22.651984144445482
12	22.06800436721942	27.365048996192424	27.84249321017474	22.724453426413415
13	22.19377717300222	27.164304954932273	27.960160480857994	22.681757391207515
14	22.21920178628361	26.85367749835149	28.118812132838322	22.80830858252658
15	22.12099812536169	27.143713480414313	27.96008502511723	22.775203369106766
16	22.283672759730973	27.524848369703264	27.770988967417576	22.420489903148187
17	22.40492219242294	27.28769097649419	27.598298576301083	22.70908825478179
18	22.26148082923794	27.599982430726467	27.616979829171378	22.521556910864213
19	22.287195351418035	27.436322900372527	27.831103364674735	22.4453783835347
20	22.254189421867647	27.216488556700064	27.82996755720856	22.699354464223735
21	22.30084131799623	27.348602229878637	27.863744848832166	22.486811603292963
22	22.197164128182017	27.43849760282518	27.878447768832398	22.485890500160405
23	22.341517718304	27.19427739473439	27.734527718296835	22.72967716866477
24	22.216803011674443	27.534587161320655	27.811192773511966	22.437417053492936
25	22.25380839234676	27.479438653484028	27.723007061740162	22.543745892429055
26	22.408011713633346	27.559712045039507	27.57424743792231	22.458028803404837
27	22.18255748978053	27.655404171729447	27.762791259734716	22.3992470787553
28	22.1320393156709	27.566300176365964	27.698440537958234	22.603219970004893
29	22.321524950642246	27.41069157772651	27.79796580521329	22.46981766641795
30	22.257712884135085	27.565645672528465	27.725054636411944	22.451586806924507
31	22.34665187406374	27.570987774399192	27.68107621813098	22.401284133406087
32	22.308169786323763	27.525480522395185	27.647902303426026	22.51844738785503
33	22.205340095929568	27.490072199910532	27.78788000202188	22.51670770213802
34	22.375887559829184	27.719975986578255	27.651238757736973	22.252897695855587
35	22.34486231322579	27.534839963960415	27.572033482333826	22.54826424047997
36	22.41254822278784	27.721527588743577	27.530187406471097	22.335736781997483
37	22.211883938284515	27.60662665116668	27.680444945967718	22.501044464581092
38	22.223050653555802	27.417110603154036	27.751365716456828	22.608473026833334
39	22.11837590290666	27.605610892617733	27.77106575957811	22.504947444897496
40	22.269353262398436	27.591448672633113	27.75338789388994	22.38581017107851
41	22.453473699579334	27.628861816083543	27.606499386208323	22.3111650981288
42	22.37202079433685	27.75539138839661	27.54651062938562	22.326077187880916
43	22.33432146411218	27.763625601055615	27.59808641448678	22.30396652034543
44	22.385850247552092	27.503586266059894	27.542684066692185	22.56787941969583
45	22.212567617968386	27.598212497673885	27.75257843195387	22.436641452403858
46	22.26322484696807	27.653443658668202	27.576169248628844	22.507162245734886
47	22.239769953324338	27.682510527058735	27.63973182823094	22.437987691385985
48	22.278805022025775	28.039657706014587	27.7528817136731	21.928655558286536
49	22.357799795425187	28.37213323491085	27.89225974889916	21.3778072207648
50	22.091908061629255	28.334719794937186	28.025715660449148	21.547656482984408
>>END_MODULE
>>Per base GC content	pass
#Base	%GC
1	45.529799378276465
2	45.37307780471768
3	45.46828309278308
4	45.37068704914202
5	45.79396992667767
6	45.25092687449137
7	45.14034450073001
8	45.301541791122304
9	44.906042511605484
10	45.03803048761406
11	45.248464634529725
12	44.79245779363284
13	44.875534564209744
14	45.027510368810184
15	44.89620149446846
16	44.70416266287916
17	45.11401044720473
18	44.78303774010215
19	44.73257373495274
20	44.95354388609138
21	44.787652921289194
22	44.683054628342425
23	45.071194886968776
24	44.65422006516738
25	44.797554284775806
26	44.866040517038186
27	44.58180456853584
28	44.735259285675795
29	44.791342617060195
30	44.70929969105959
31	44.747936007469825
32	44.82661717417879
33	44.72204779806759
34	44.62878525568477
35	44.893126553705756
36	44.74828500478532
37	44.7129284028656
38	44.83152368038913
39	44.62332334780415
40	44.65516343347694
41	44.76463879770813
42	44.69809798221777
43	44.63828798445761
44	44.95372966724792
45	44.649209070372244
46	44.770387092702954
47	44.677757644710326
48	44.207460580312315
49	43.73560701618999
50	43.63956454461366
>>END_MODULE
>>Per sequence GC content	warn
#GC Content	Count
0	9662.0
1	8187.5
2	6192.5
3	6231.5
4	6921.5
5	8002.5
6	9201.0
7	10752.0
8	12271.0
9	15297.0
10	18745.0
11	24695.5
12	30767.0
13	40641.0
14	51964.0
15	70233.5
16	90028.5
17	118715.5
18	149406.5
19	188828.5
20	229074.0
21	278755.0
22	330175.0
23	390372.0
24	453371.5
25	513471.0
26	582444.0
27	658153.5
28	737461.5
29	821361.0
30	905430.5
31	988603.0
32	1075588.0
33	1163499.0
34	1252872.5
35	1328750.0
36	1398896.0
37	1455720.5
38	1499913.0
39	1526160.0
40	1548610.0
41	1553760.0
42	1554265.0
43	1538159.5
44	1517688.0
45	1485268.0
46	1449936.5
47	1411081.5
48	1372792.0
49	1337948.0
50	1303705.5
51	1270835.5
52	1236019.0
53	1205073.0
54	1175348.5
55	1141995.0
56	1104109.5
57	1059560.0
58	1012110.5
59	952320.0
60	890461.0
61	823608.5
62	754301.0
63	691467.0
64	617737.0
65	548678.5
66	482878.5
67	422540.0
68	361624.0
69	307523.5
70	260683.5
71	220049.5
72	183282.0
73	151372.0
74	122272.0
75	100864.0
76	84471.5
77	69239.0
78	55674.5
79	45159.0
80	36025.5
81	29186.0
82	23363.0
83	18845.0
84	14826.5
85	11907.0
86	9366.0
87	7393.0
88	6022.0
89	4826.0
90	3725.0
91	3109.0
92	2619.0
93	2299.5
94	2018.0
95	1869.5
96	1729.0
97	1818.5
98	2732.5
99	11120.5
100	18710.0
>>END_MODULE
>>Per base N content	pass
#Base	N-Count
1	0.0
2	0.0
3	0.0
4	0.0
5	0.0
6	0.0
7	0.0
8	0.0
9	0.0
10	0.0
11	0.0
12	0.0
13	0.0
14	0.0
15	0.0
16	0.0
17	0.0
18	0.0
19	0.0
20	0.0
21	0.0
22	0.0
23	3.5838544489989044E-5
24	0.0
25	0.0
26	0.0
27	0.0
28	0.0
29	0.0
30	0.0
31	0.0
32	0.0
33	0.0
34	0.0
35	0.0
36	0.0
37	0.0
38	0.0
39	0.0
40	0.0
41	0.0
42	0.0
43	0.0
44	0.0
45	0.0
46	0.0
47	0.0
48	0.0
49	0.0
50	0.0
>>END_MODULE
>>Sequence Length Distribution	warn
#Length	Count
20	21466.0
21	22602.0
22	23629.0
23	24922.0
24	25752.0
25	26510.0
26	27781.0
27	28920.0
28	30787.0
29	32794.0
30	34257.0
31	35652.0
32	36634.0
33	37471.0
34	38343.0
35	38566.0
36	40458.0
37	42339.0
38	45225.0
39	48993.0
40	52082.0
41	56957.0
42	62891.0
43	80501.0
44	131229.0
45	252436.0
46	673315.0
47	1457386.0
48	2966100.0
49	4003294.0
50	1.4781032E7
>>END_MODULE
>>Sequence Duplication Levels	warn
#Total Duplicate Percentage	37.31718520786925
#Duplication Level	Relative count
1	100.0
2	23.659057420000472
3	11.116014089057341
4	6.24315443592552
5	3.8350918389056554
6	2.5112877934235307
7	1.777679718218853
8	1.3836904189682209
9	1.0227962208546415
10++	6.046947764898706
>>END_MODULE
>>Overrepresented sequences	pass
>>END_MODULE
>>Kmer Content	warn
#Sequence	Count	Obs/Exp Overall	Obs/Exp Max	Max Obs/Exp Position
AAAAA	7947025	4.566501	5.746368	46
TTTTT	6577890	3.570649	4.038669	46
CCTGG	2416120	3.0612943	3.7804382	9
>>END_MODULE
