##FastQC	0.10.1
>>Basic Statistics	pass
#Measure	Value	
Filename	KS26_S5_L002_R2_001_trimmed.fq.gz	
File type	Conventional base calls	
Encoding	Sanger / Illumina 1.9	
Total Sequences	20297598	
Filtered Sequences	0	
Sequence length	20-50	
%GC	45	
>>END_MODULE
>>Per base sequence quality	pass
#Base	Mean	Median	Lower Quartile	Upper Quartile	10th Percentile	90th Percentile
1	34.962316723387666	36.0	36.0	36.0	36.0	36.0
2	34.95717099136558	36.0	36.0	36.0	36.0	36.0
3	34.9413921785228	36.0	36.0	36.0	36.0	36.0
4	34.93550675306507	36.0	36.0	36.0	36.0	36.0
5	34.917769137018084	36.0	36.0	36.0	36.0	36.0
6	34.90471049825699	36.0	36.0	36.0	36.0	36.0
7	34.89334767591712	36.0	36.0	36.0	36.0	36.0
8	34.88818701602032	36.0	36.0	36.0	36.0	36.0
9	34.86799339508054	36.0	36.0	36.0	36.0	36.0
10	34.85049492063051	36.0	36.0	36.0	36.0	36.0
11	34.84623086928808	36.0	36.0	36.0	36.0	36.0
12	34.830064670706356	36.0	36.0	36.0	36.0	36.0
13	34.817290154234016	36.0	36.0	36.0	36.0	36.0
14	34.80864563383312	36.0	36.0	36.0	36.0	36.0
15	34.79323578090373	36.0	36.0	36.0	36.0	36.0
16	34.77315020230473	36.0	36.0	36.0	36.0	36.0
17	34.76514270309226	36.0	36.0	36.0	36.0	36.0
18	34.74978926077854	36.0	36.0	36.0	36.0	36.0
19	34.73807555948245	36.0	36.0	36.0	36.0	36.0
20	34.729407341696295	36.0	36.0	36.0	36.0	36.0
21	34.7182705148907	36.0	36.0	36.0	32.0	36.0
22	34.71529837709266	36.0	36.0	36.0	32.0	36.0
23	34.698600558464996	36.0	36.0	36.0	32.0	36.0
24	34.676042884447824	36.0	36.0	36.0	32.0	36.0
25	34.65919718114974	36.0	36.0	36.0	32.0	36.0
26	34.64267829460761	36.0	36.0	36.0	32.0	36.0
27	34.63219731497805	36.0	36.0	36.0	32.0	36.0
28	34.60774481137945	36.0	36.0	36.0	32.0	36.0
29	34.58860681878495	36.0	36.0	36.0	32.0	36.0
30	34.568430685971705	36.0	36.0	36.0	32.0	36.0
31	34.55638846001479	36.0	36.0	36.0	32.0	36.0
32	34.532886715705374	36.0	36.0	36.0	32.0	36.0
33	34.509979634194224	36.0	36.0	36.0	32.0	36.0
34	34.47792604354057	36.0	36.0	36.0	32.0	36.0
35	34.456048578752124	36.0	36.0	36.0	32.0	36.0
36	34.44620775019793	36.0	36.0	36.0	32.0	36.0
37	34.41737955211135	36.0	36.0	36.0	32.0	36.0
38	34.399201243187804	36.0	36.0	36.0	32.0	36.0
39	34.369794164949134	36.0	36.0	36.0	32.0	36.0
40	34.34574172249737	36.0	36.0	36.0	32.0	36.0
41	34.31825557294394	36.0	36.0	36.0	32.0	36.0
42	34.297558418199316	36.0	36.0	36.0	32.0	36.0
43	34.29690387971654	36.0	36.0	36.0	32.0	36.0
44	34.26835532559493	36.0	36.0	36.0	32.0	36.0
45	34.248706554242666	36.0	36.0	36.0	32.0	36.0
46	34.234622681920335	36.0	36.0	36.0	32.0	36.0
47	34.247028861120754	36.0	36.0	36.0	32.0	36.0
48	34.27193588416962	36.0	36.0	36.0	32.0	36.0
49	34.35253695873166	36.0	36.0	36.0	32.0	36.0
50	34.48474830560371	36.0	36.0	36.0	32.0	36.0
>>END_MODULE
>>Per sequence quality scores	pass
#Quality	Count
14	786.0
15	1731.0
16	3573.0
17	6418.0
18	10131.0
19	15886.0
20	23981.0
21	34340.0
22	47786.0
23	66734.0
24	90469.0
25	121455.0
26	159699.0
27	205321.0
28	259411.0
29	323616.0
30	404220.0
31	516590.0
32	695143.0
33	1035143.0
34	2021900.0
35	9231852.0
36	5021413.0
>>END_MODULE
>>Per base sequence content	pass
#Base	G	A	T	C
1	22.73313325054521	26.558536630787543	27.314685215462443	23.3936449032048
2	22.662607664217212	26.512876055580563	27.56073403365265	23.263782246549567
3	22.710406423459563	26.569498518987324	27.355872354945642	23.36422270260747
4	22.771881677822172	26.393433351079278	27.62400753034916	23.210677440749393
5	22.909572846994013	26.417672672401928	27.263999415103207	23.408755065500852
6	22.498085734085382	26.71470781912224	27.452805006779617	23.334401440012755
7	22.565093662806802	26.74149916655163	27.445715497961874	23.247691672679693
8	22.661878513901005	26.63807313555032	27.45224829065981	23.24780005988886
9	22.42262360304899	26.80686158037025	27.593698525313194	23.176816291267567
10	22.547998043906475	26.89418718411903	27.426107266485424	23.131707505489075
11	22.8812640786363	26.877254146032453	27.223694153367312	23.01778762196394
12	22.36447879202258	26.95945599080246	27.577947893144795	23.098117324030163
13	22.534400375847426	26.795471070025133	27.660573433368818	23.009555120758623
14	22.547938923610566	26.560694521588218	27.791648056090185	23.09971849871103
15	22.47456570969629	26.785312232511455	27.68251691653367	23.057605141258584
16	22.571059886002274	27.138403273136063	27.53532215979447	22.755214681067187
17	22.705267884406815	26.839353109663517	27.317877711441525	23.137501294488146
18	22.554929898601795	27.180437803527298	27.353670123923035	22.910962173947873
19	22.646965419257985	27.032942518617226	27.53619418415913	22.783897877965657
20	22.664524147142927	26.77603034605375	27.52280836382709	23.036637142976225
21	22.633177499478737	26.951087240285332	27.53868741716689	22.877047843069043
22	22.511122088092197	27.04937514842732	27.602268613371926	22.837234150108554
23	22.661413015995425	26.818581642715145	27.46018823304457	23.059817108244864
24	22.537075945258486	27.16171049661475	27.52824774495741	22.772965813169353
25	22.642193242482673	27.047042526889143	27.4090009700607	22.901763260567485
26	22.72241138158895	27.096669539089735	27.293178730521706	22.887740348799607
27	22.572876154340314	27.17708296727831	27.461484485718735	22.78855639266264
28	22.521045327160394	27.11488743178639	27.40748877652013	22.956578464533088
29	22.68692076071958	27.005905755363557	27.444827903230106	22.86234558068675
30	22.60934170807893	27.14385550978061	27.43606359905607	22.810739183084383
31	22.672866550692667	27.160274579663962	27.364989046596065	22.801869823047298
32	22.677367742681646	27.133299584015987	27.330840270762245	22.858492402540122
33	22.552456750741964	27.03964308573456	27.497087497088497	22.91081266643498
34	22.709370445529103	27.324550958787043	27.330549438772216	22.635529156911637
35	22.701556092905538	27.074875222979244	27.29891695973821	22.924651724377004
36	22.778459087282105	27.287781642161494	27.2112865961419	22.722472674414497
37	22.600324142826683	27.173463204678157	27.338080084595845	22.888132567899316
38	22.58779345027259	27.039349778423155	27.37235369501588	23.00050307628837
39	22.516714155128035	27.163228626993575	27.402529769326073	22.91752744855232
40	22.647403854675375	27.179491864063454	27.396913142722635	22.776191138538536
41	22.802436567157763	27.1689152498248	27.26899425104547	22.759653931971968
42	22.713823655404745	27.32256702930981	27.252907757622225	22.710701557663217
43	22.7390413920131	27.30362091261308	27.240393410824453	22.716944284549367
44	22.76392523511216	27.077355513079084	27.180323971393527	22.978395280415224
45	22.57877312351256	27.228079382899768	27.36423156788223	22.828915925705445
46	22.675792833357246	27.32797793891038	27.14288896059802	22.853340267134353
47	22.69902111192343	27.268909198625707	27.234477209137143	22.79759248031372
48	22.690195091309704	27.62585089413291	27.344509828599612	22.339444185957777
49	22.809945394473072	27.906985504103098	27.475122669306305	21.807946432117518
50	22.667103511604665	27.70252511373853	27.613900534014284	22.016470840642523
>>END_MODULE
>>Per base GC content	pass
#Base	%GC
1	46.12677815375002
2	45.92638991076678
3	46.07462912606704
4	45.982559118571565
5	46.318327912494865
6	45.832487174098134
7	45.812785335486495
8	45.90967857378986
9	45.59943989431655
10	45.67970554939555
11	45.89905170060024
12	45.462596116052744
13	45.54395549660605
14	45.6476574223216
15	45.53217085095488
16	45.32627456706946
17	45.84276917889496
18	45.46589207254967
19	45.43086329722364
20	45.70116129011916
21	45.51022534254778
22	45.34835623820076
23	45.721230124240286
24	45.310041758427836
25	45.54395650305016
26	45.61015173038856
27	45.36143254700295
28	45.47762379169348
29	45.54926634140633
30	45.420080891163316
31	45.47473637373997
32	45.53586014522177
33	45.463269417176946
34	45.34489960244074
35	45.62620781728254
36	45.5009317616966
37	45.488456710726
38	45.58829652656096
39	45.434241603680356
40	45.42359499321391
41	45.56209049912973
42	45.424525213067966
43	45.45598567656246
44	45.74232051552739
45	45.407689049218
46	45.5291331004916
47	45.49661359223715
48	45.02963927726748
49	44.61789182659059
50	44.683574352247184
>>END_MODULE
>>Per sequence GC content	pass
#GC Content	Count
0	4183.0
1	3649.5
2	2951.0
3	3013.5
4	3324.0
5	3869.5
6	4444.0
7	5164.0
8	5954.5
9	7466.0
10	9147.5
11	12367.0
12	15695.5
13	21604.0
14	28512.0
15	39772.0
16	51988.5
17	70304.5
18	89945.0
19	116357.5
20	143650.0
21	178818.0
22	215737.0
23	260121.0
24	306491.5
25	351266.0
26	403204.5
27	462604.0
28	525357.0
29	594404.5
30	664385.5
31	735609.0
32	810895.5
33	886819.0
34	963344.5
35	1032797.0
36	1098071.5
37	1150634.5
38	1193691.5
39	1223735.0
40	1250549.0
41	1268025.5
42	1283680.0
43	1284101.5
44	1277386.5
45	1256826.0
46	1236442.0
47	1211273.5
48	1183235.0
49	1153905.0
50	1126566.0
51	1102268.5
52	1073601.5
53	1041284.5
54	1010552.5
55	978708.0
56	942284.5
57	897879.0
58	851669.5
59	796224.0
60	739166.0
61	677524.5
62	614617.5
63	561812.0
64	500385.0
65	442744.5
66	386949.0
67	336783.0
68	288203.0
69	244800.0
70	206757.5
71	173976.0
72	144361.0
73	119679.5
74	97189.0
75	80227.5
76	67344.5
77	55049.0
78	44100.5
79	35870.5
80	28655.0
81	23284.0
82	18755.0
83	15206.5
84	11952.0
85	9608.0
86	7568.5
87	5968.5
88	4869.5
89	4003.0
90	3206.0
91	2701.0
92	2305.0
93	2067.0
94	1869.0
95	1800.5
96	1734.0
97	1808.0
98	2539.5
99	9007.5
100	14833.0
>>END_MODULE
>>Per base N content	pass
#Base	N-Count
1	0.0
2	0.0
3	0.0
4	0.0
5	0.0
6	0.0
7	0.0
8	0.0
9	0.0
10	0.0
11	0.0
12	0.0
13	0.0
14	0.0
15	0.0
16	0.0
17	0.0
18	0.0
19	0.0
20	0.0
21	0.0
22	0.0
23	0.0
24	0.0
25	0.0
26	0.0
27	0.0
28	0.0
29	0.0
30	0.0
31	0.0
32	0.0
33	0.0
34	0.0
35	0.0
36	0.0
37	0.0
38	0.0
39	0.0
40	0.0
41	0.0
42	0.0
43	0.0
44	0.0
45	0.0
46	0.0
47	0.0
48	0.0
49	0.0
50	0.0
>>END_MODULE
>>Sequence Length Distribution	warn
#Length	Count
20	15099.0
21	15846.0
22	16861.0
23	17469.0
24	18124.0
25	18706.0
26	19792.0
27	20633.0
28	21657.0
29	23427.0
30	24447.0
31	25872.0
32	27067.0
33	27530.0
34	28433.0
35	28938.0
36	29934.0
37	32111.0
38	34514.0
39	37070.0
40	39690.0
41	44054.0
42	49015.0
43	63651.0
44	106403.0
45	204865.0
46	553480.0
47	1193440.0
48	2427119.0
49	3265440.0
50	1.1866911E7
>>END_MODULE
>>Sequence Duplication Levels	warn
#Total Duplicate Percentage	35.37058623895176
#Duplication Level	Relative count
1	100.0
2	22.728310502283104
3	9.995433789954339
4	5.424657534246576
5	3.1986301369863015
6	2.1095890410958904
7	1.430745814307458
8	0.9923896499238964
9	0.7960426179604262
10++	5.531202435312024
>>END_MODULE
>>Overrepresented sequences	pass
>>END_MODULE
>>Kmer Content	warn
#Sequence	Count	Obs/Exp Overall	Obs/Exp Max	Max Obs/Exp Position
AAAAA	4876895	3.7408204	4.5681753	46
TTTTT	4442075	3.1576989	3.538299	13
>>END_MODULE
