##FastQC	0.10.1
>>Basic Statistics	pass
#Measure	Value	
Filename	032-F0_S5_L003_R1_001.fastq.gz	
File type	Conventional base calls	
Encoding	Sanger / Illumina 1.9	
Total Sequences	32345184	
Filtered Sequences	0	
Sequence length	35-76	
%GC	45	
>>END_MODULE
>>Per base sequence quality	pass
#Base	Mean	Median	Lower Quartile	Upper Quartile	10th Percentile	90th Percentile
1	31.326763050721862	32.0	32.0	32.0	32.0	32.0
2	31.3885112231855	32.0	32.0	32.0	32.0	32.0
3	31.47580638279875	32.0	32.0	32.0	32.0	32.0
4	31.56934336808843	32.0	32.0	32.0	32.0	32.0
5	31.53026283603766	32.0	32.0	32.0	32.0	32.0
6	35.10921292022948	36.0	36.0	36.0	36.0	36.0
7	35.12535724019996	36.0	36.0	36.0	36.0	36.0
8	35.052414572753705	36.0	36.0	36.0	36.0	36.0
9	35.18865148517937	36.0	36.0	36.0	36.0	36.0
10-14	35.110405017328084	36.0	36.0	36.0	36.0	36.0
15-19	35.07533540078177	36.0	36.0	36.0	36.0	36.0
20-24	35.03906947012575	36.0	36.0	36.0	36.0	36.0
25-29	34.93934593786821	36.0	36.0	36.0	36.0	36.0
30-34	34.84610073635692	36.0	36.0	36.0	36.0	36.0
35-39	34.7849750830369	36.0	36.0	36.0	32.0	36.0
40-44	34.7312105912621	36.0	36.0	36.0	32.0	36.0
45-49	34.66024464164455	36.0	36.0	36.0	32.0	36.0
50-54	34.564071185112255	36.0	36.0	36.0	32.0	36.0
55-59	34.44900492856158	36.0	36.0	36.0	32.0	36.0
60-64	34.31784482701637	36.0	36.0	36.0	32.0	36.0
65-69	34.16813944282033	36.0	36.0	36.0	32.0	36.0
70-74	34.03343760663251	36.0	36.0	36.0	32.0	36.0
75-76	33.5284185664523	36.0	36.0	36.0	26.5	36.0
>>END_MODULE
>>Per sequence quality scores	pass
#Quality	Count
2	15621.0
3	0.0
4	0.0
5	0.0
6	0.0
7	0.0
8	0.0
9	0.0
10	0.0
11	0.0
12	0.0
13	0.0
14	5.0
15	21.0
16	22.0
17	75.0
18	192.0
19	898.0
20	3427.0
21	9531.0
22	20733.0
23	38786.0
24	69352.0
25	120425.0
26	194410.0
27	294961.0
28	419342.0
29	575239.0
30	763132.0
31	1006866.0
32	1378573.0
33	2133689.0
34	4705565.0
35	2.0594319E7
>>END_MODULE
>>Per base sequence content	fail
#Base	G	A	T	C
1	42.92215765489932	18.737070463958947	11.61454919758736	26.72622268355437
2	16.210871764644637	20.564611405356764	35.58819523790037	27.636321592098227
3	18.628572245161497	22.010433608397367	28.59571903276268	30.765275113678463
4	12.961582561446933	15.48237753785908	35.6513108451234	35.90472905557059
5	14.589921923782267	35.50567015087708	34.21129756687401	15.693110358466644
6	34.260533194085006	35.669166468645756	16.160368879780975	13.909931457488264
7	30.485379588953926	29.976059373273927	20.466042179413314	19.072518858358833
8	26.425646396766943	34.864752115579165	19.737424226860103	18.97217726079378
9	24.571518254951652	15.718059483462765	19.87774840218194	39.83267385940364
10-14	23.663604611430415	23.30482806872735	28.69655134519025	24.335015974651984
15-19	22.052064710690676	28.677564949893387	26.55733558674804	22.7130347526679
20-24	22.117875173475237	27.330927755592054	27.9046619999624	22.646535070970305
25-29	21.83325126705756	27.42504607636696	27.968423102728313	22.773279553847168
30-34	21.850205469724084	27.538150775329	28.106935469444583	22.504708285502332
35-39	21.799938396692433	27.814420107137366	28.034458535454682	22.35118296071552
40-44	21.913819742254997	27.735055160735435	28.06259960122139	22.288525495788182
45-49	21.879123588417237	27.89174456532628	27.93280899488953	22.296322851366952
50-54	21.920771992041963	27.953159193832715	27.921188196390602	22.20488061773472
55-59	21.925877277312576	27.879767797511157	27.83851151741547	22.355843407760798
60-64	22.049221865197826	27.91552806970471	27.827944697755814	22.207305367341654
65-69	22.094336791324498	27.99661030220035	27.776968630740328	22.132084275734826
70-74	22.364760524720563	28.24412668002475	27.711647029657136	21.67946576559755
75-76	26.19685459199229	35.51713423669558	28.754844132582363	9.531167038729759
>>END_MODULE
>>Per base GC content	fail
#Base	%GC
1	69.64838033845369
2	43.84719335674287
3	49.39384735883996
4	48.86631161701753
5	30.28303228224891
6	48.17046465157327
7	49.55789844731276
8	45.39782365756073
9	64.4041921143553
10-14	47.998620586082396
15-19	44.765099463358574
20-24	44.76441024444554
25-29	44.60653082090473
30-34	44.35491375522641
35-39	44.15112135740796
40-44	44.20234523804318
45-49	44.17544643978419
50-54	44.12565260977669
55-59	44.281720685073374
60-64	44.256527232539476
65-69	44.22642106705933
70-74	44.044226290318115
75-76	35.728021630722054
>>END_MODULE
>>Per sequence GC content	warn
#GC Content	Count
0	15639.0
1	7831.0
2	44.0
3	91.5
4	117.5
5	168.0
6	321.5
7	615.5
8	812.5
9	1082.5
10	1972.0
11	3561.5
12	4548.0
13	6069.0
14	10067.0
15	16802.5
16	27441.5
17	35634.5
18	48923.5
19	75682.5
20	109275.0
21	133339.5
22	168826.5
23	231707.0
24	297507.0
25	340873.5
26	395948.0
27	485671.5
28	572510.0
29	630076.0
30	700680.5
31	810846.5
32	915568.5
33	983870.5
34	1069801.0
35	1197773.5
36	1302042.5
37	1362199.0
38	1403296.5
39	1438774.0
40	1438063.0
41	1414458.0
42	1408368.0
43	1399378.5
44	1365083.0
45	1321342.5
46	1293773.5
47	1261424.0
48	1209238.0
49	1159473.0
50	1126995.5
51	1093888.5
52	1047529.0
53	1007501.0
54	987494.5
55	968555.0
56	936091.0
57	903882.5
58	875096.5
59	829807.5
60	763775.5
61	688481.5
62	628566.0
63	572313.5
64	498131.5
65	429704.0
66	358660.5
67	307498.5
68	268437.0
69	218679.0
70	171562.0
71	139698.5
72	116555.0
73	92326.0
74	70598.0
75	56334.0
76	47230.5
77	37534.0
78	28128.5
79	22202.5
80	18800.5
81	14803.5
82	10585.0
83	7889.5
84	6246.5
85	4543.5
86	3060.0
87	2176.5
88	1708.0
89	1233.5
90	822.5
91	554.5
92	444.0
93	522.5
94	543.0
95	365.5
96	259.0
97	187.5
98	97.0
99	93.5
100	114.0
>>END_MODULE
>>Per base N content	pass
#Base	N-Count
1	0.0482946703904977
2	0.0482946703904977
3	0.0482946703904977
4	0.0482946703904977
5	0.0482946703904977
6	0.06541004682489981
7	0.0482946703904977
8	0.0482946703904977
9	0.048313220292702616
10-14	0.04974960105343657
15-19	0.04854076575974958
20-24	0.04925060868412435
25-29	0.04955668207050546
30-34	0.050798288858087806
35-39	0.017869477769756986
40-44	0.009949091242525947
45-49	0.010712936325078101
50-54	0.01087172315929772
55-59	0.009556647649462818
60-64	0.009093382406859422
65-69	0.007429630850808638
70-74	0.0047122418027520435
75-76	3.883388294294402E-4
>>END_MODULE
>>Sequence Length Distribution	warn
#Length	Count
35	20574.0
36	7501.0
37	10336.0
38	12067.0
39	13985.0
40	15597.0
41	16988.0
42	18880.0
43	21687.0
44	24647.0
45	27120.0
46	28705.0
47	30348.0
48	31089.0
49	32750.0
50	33449.0
51	35396.0
52	37446.0
53	40601.0
54	43931.0
55	45682.0
56	47682.0
57	48801.0
58	49387.0
59	50980.0
60	53182.0
61	53435.0
62	55710.0
63	58160.0
64	63481.0
65	65629.0
66	68270.0
67	69601.0
68	68641.0
69	76342.0
70	82158.0
71	107718.0
72	229386.0
73	761674.0
74	2184517.0
75	6791970.0
76	2.0809681E7
>>END_MODULE
>>Sequence Duplication Levels	warn
#Total Duplicate Percentage	42.05497936550148
#Duplication Level	Relative count
1	100.0
2	25.50271115568323
3	12.96255375567303
4	7.624381703523652
5	5.01606296000408
6	3.32902721354388
7	2.5224796450850744
8	1.8281178290357125
9	1.4567149971953561
10++	9.736363481837806
>>END_MODULE
>>Overrepresented sequences	pass
>>END_MODULE
>>Kmer Content	warn
#Sequence	Count	Obs/Exp Overall	Obs/Exp Max	Max Obs/Exp Position
AAAAA	14082650	3.9775848	7.331104	72
TTTTT	12918265	3.5897124	6.308724	72
CCTGG	5122400	3.1556923	12.524969	3
CCAGG	4852795	2.9993627	14.029279	3
CCCAG	4615340	2.8392587	12.451626	2
CTGGG	4546995	2.8143713	10.903584	4
CCAGC	4405035	2.7098835	7.2079887	3
CCTCC	4275425	2.6093292	5.1323924	1
GGAGG	4164200	2.5980062	6.007368	6
GCTGG	4147215	2.5669267	6.301979	3
TCCAG	4889095	2.4706213	9.693034	2
CAGCA	4864230	2.4660833	6.8498464	4
CAGCC	3951990	2.4311798	6.5096216	5
TGCTG	4758405	2.408014	6.3098826	2
CTCCA	4681395	2.3546007	7.2171936	1
CAGGA	4595575	2.340827	10.589831	4
AGGAG	4569980	2.3387275	7.7128763	5
GGCTG	3759800	2.3271353	8.608257	7
CTGGA	4520920	2.2953048	8.63828	4
CTCCT	4575595	2.2938955	6.538875	1
GGCAG	3647055	2.2647233	6.5869594	7
TCCTG	4486390	2.259742	8.874678	2
CCTGC	3675065	2.2534628	6.4311833	3
AGCAG	4387055	2.2346141	5.685332	7
GCTGC	3626035	2.2338455	5.832906	8
GCCTG	3615605	2.22742	8.439687	7
CTGCT	4415875	2.2242243	6.677655	9
GCAGG	3568725	2.2160823	6.7235646	3
CTGCC	3607340	2.2119353	5.912102	9
CAGAG	4313065	2.1969264	8.335573	4
CTGCA	4307830	2.1768892	6.586645	4
CCCTG	3538505	2.1697273	9.02365	2
TGCAG	4210635	2.1377707	6.483288	2
CTCTG	4202790	2.116896	7.331883	2
CAGGG	3367745	2.0912793	9.72365	4
TGGAG	4089605	2.0860786	6.4008226	5
GCCAG	3348390	2.0695364	5.7716703	2
CAGGC	3332570	2.0597587	6.595945	4
AGCTG	4052480	2.0574744	6.0872965	7
CTGGC	3335960	2.0551426	5.63458	4
GGGAG	3249740	2.0274832	5.657113	7
GGAGA	3961455	2.027309	5.7012453	6
CAGAA	4760220	1.9889007	5.430274	4
CCCCA	3232875	1.9794948	7.234534	1
CACAG	3851725	1.9527602	7.040263	7
CTCAG	3819000	1.929867	6.238155	2
CTGAG	3760925	1.9094496	5.898844	4
CTGTG	3771955	1.9088162	8.919068	9
GGCCA	3052945	1.8869311	6.6612487	1
CCAGA	3699620	1.8756455	7.108392	3
TGGGG	2975830	1.85055	6.1283813	5
TCTGG	3587690	1.815568	6.222904	3
CCTCT	3602020	1.8058105	5.4357376	1
CAGTG	3536350	1.7954311	6.6375813	9
TGGCC	2897630	1.7851061	5.9348073	5
CACTG	3524610	1.781102	7.4572935	7
ACCTG	3511995	1.7747271	5.4519796	7
AGAGG	3454320	1.7677784	5.3303833	5
GCCCA	2788805	1.7156132	8.1125145	1
CCTGA	3375120	1.70556	5.5533266	3
GAGAG	3275080	1.6760509	5.492713	7
ACAGA	3980365	1.663064	5.802787	8
TCAGG	3263135	1.6567179	6.0040617	3
GGGCC	2171765	1.6364142	5.685659	6
TGGGC	2636945	1.6321422	6.601427	5
GGCCT	2628515	1.619316	5.5048842	6
AGCCT	3161260	1.5974894	6.092024	6
AGGCC	2565020	1.5853598	5.2405167	5
CCTGT	3145405	1.5843036	5.662932	8
AGGTG	3102730	1.5826808	5.3523574	7
AGGCT	2912430	1.4786624	5.1594367	6
CTGTC	2851380	1.4362065	5.903929	9
GACAG	2813585	1.433143	7.1920424	7
GCCCT	2334235	1.4312974	5.8977966	1
GGGCT	2310405	1.4300296	6.0359926	6
GTGTG	2811815	1.4296184	6.2113366	1
ACAGC	2808100	1.4236599	5.5646224	8
ACACA	3420630	1.4225134	6.0829964	6
CACAC	2814910	1.4204383	6.803893	5
GCTGT	2785855	1.4097956	5.207806	8
TGTGT	3327915	1.3833951	5.581337	10
AGAGC	2697870	1.3742018	5.1836815	5
AGGGC	2187455	1.3583509	5.9096937	5
AGACA	3206615	1.3397783	5.590828	6
GTCCT	2507240	1.2628673	8.093783	1
GGACA	2461680	1.2538947	6.319525	6
ACTGC	2458250	1.2422352	5.3025913	8
AGGAC	2354525	1.1993136	8.945165	5
GTGCT	2342985	1.185679	5.5207567	1
GTCCA	2294955	1.1597167	6.60481	1
TGTGC	2271055	1.1492783	5.8742247	10
AGCAC	2223920	1.1274904	5.601943	5
TGGAC	2123140	1.0779339	6.00514	5
GTGCA	2099065	1.0657108	5.7319508	1
TGCAC	2100350	1.0613765	5.6039033	5
ACAGT	2480400	1.0329798	5.4800878	8
GACTG	2020615	1.0258813	6.3312836	7
ACTGT	2448155	1.0162326	6.1658015	8
GCACT	2006070	1.0137335	5.152465	6
AGACT	2412455	1.0046837	5.725813	6
GGACC	1618735	1.0004902	5.667354	6
GGACT	1847840	0.9381621	5.467211	6
TGTAG	2155920	0.89913034	5.1424546	2
TAGGA	1883635	0.7881388	5.3184676	4
GTGTA	1492835	0.6225895	5.3800235	1
>>END_MODULE
