##FastQC	0.10.1
>>Basic Statistics	pass
#Measure	Value	
Filename	004-F5_S4_L001_R1_001_trimmed.fq.gz	
File type	Conventional base calls	
Encoding	Sanger / Illumina 1.9	
Total Sequences	15487483	
Filtered Sequences	0	
Sequence length	20-50	
%GC	45	
>>END_MODULE
>>Per base sequence quality	pass
#Base	Mean	Median	Lower Quartile	Upper Quartile	10th Percentile	90th Percentile
1	35.073900839794305	36.0	36.0	36.0	36.0	36.0
2	35.07387075098	36.0	36.0	36.0	36.0	36.0
3	35.0378763289038	36.0	36.0	36.0	36.0	36.0
4	35.02414130172088	36.0	36.0	36.0	36.0	36.0
5	35.020045800857375	36.0	36.0	36.0	36.0	36.0
6	34.97134453674622	36.0	36.0	36.0	36.0	36.0
7	34.942300437069086	36.0	36.0	36.0	36.0	36.0
8	34.940406003996905	36.0	36.0	36.0	36.0	36.0
9	34.9219534897956	36.0	36.0	36.0	36.0	36.0
10	34.906130583000476	36.0	36.0	36.0	36.0	36.0
11	34.871885057113545	36.0	36.0	36.0	36.0	36.0
12	34.838596691276436	36.0	36.0	36.0	32.0	36.0
13	34.82044319273829	36.0	36.0	36.0	32.0	36.0
14	34.82409414105572	36.0	36.0	36.0	32.0	36.0
15	34.81510113683418	36.0	36.0	36.0	32.0	36.0
16	34.79942060307669	36.0	36.0	36.0	32.0	36.0
17	34.78480551035956	36.0	36.0	36.0	32.0	36.0
18	34.77986539194264	36.0	36.0	36.0	32.0	36.0
19	34.77631743001752	36.0	36.0	36.0	32.0	36.0
20	34.7805855218695	36.0	36.0	36.0	32.0	36.0
21	34.78217293348745	36.0	36.0	36.0	32.0	36.0
22	34.77051502035393	36.0	36.0	36.0	32.0	36.0
23	34.756209823935905	36.0	36.0	36.0	32.0	36.0
24	34.74626371208652	36.0	36.0	36.0	32.0	36.0
25	34.73889040945845	36.0	36.0	36.0	32.0	36.0
26	34.72801527977027	36.0	36.0	36.0	32.0	36.0
27	34.72593023643147	36.0	36.0	36.0	32.0	36.0
28	34.70478112836461	36.0	36.0	36.0	32.0	36.0
29	34.68562805798162	36.0	36.0	36.0	32.0	36.0
30	34.66896033530562	36.0	36.0	36.0	32.0	36.0
31	34.65757693935516	36.0	36.0	36.0	32.0	36.0
32	34.647962370859474	36.0	36.0	36.0	32.0	36.0
33	34.61899220359463	36.0	36.0	36.0	32.0	36.0
34	34.600537519298335	36.0	36.0	36.0	32.0	36.0
35	34.57912858055705	36.0	36.0	36.0	32.0	36.0
36	34.56633675124038	36.0	36.0	36.0	32.0	36.0
37	34.549787734709376	36.0	36.0	36.0	32.0	36.0
38	34.52223697476702	36.0	36.0	36.0	32.0	36.0
39	34.51291014209011	36.0	36.0	36.0	32.0	36.0
40	34.49573832686248	36.0	36.0	36.0	32.0	36.0
41	34.47001681538544	36.0	36.0	36.0	32.0	36.0
42	34.44363781716007	36.0	36.0	36.0	32.0	36.0
43	34.42361956075642	36.0	36.0	36.0	32.0	36.0
44	34.410673185467544	36.0	36.0	36.0	32.0	36.0
45	34.38534717484929	36.0	36.0	36.0	32.0	36.0
46	34.368554676333034	36.0	36.0	36.0	32.0	36.0
47	34.38103921004401	36.0	36.0	36.0	32.0	36.0
48	34.39319612819086	36.0	36.0	36.0	32.0	36.0
49	34.46174236412453	36.0	36.0	36.0	32.0	36.0
50	34.565514736801866	36.0	36.0	36.0	32.0	36.0
>>END_MODULE
>>Per sequence quality scores	pass
#Quality	Count
14	5.0
15	44.0
16	238.0
17	661.0
18	1552.0
19	3298.0
20	6467.0
21	11493.0
22	18818.0
23	29057.0
24	44157.0
25	65784.0
26	95653.0
27	134884.0
28	184245.0
29	244791.0
30	320794.0
31	421473.0
32	575064.0
33	861932.0
34	1700900.0
35	7142682.0
36	3623491.0
>>END_MODULE
>>Per base sequence content	pass
#Base	G	A	T	C
1	22.505549486491304	26.680699086467907	27.34123955308643	23.472511873954357
2	22.489490383944247	26.845401541360854	27.548840570155914	23.116267504538985
3	22.39395267742286	26.84136683839927	27.482008173198828	23.282672310979038
4	22.613119252495707	26.556987988299973	27.750719726375163	23.079173032829157
5	22.703781207532028	26.602329234325666	27.384145067021226	23.309744491121076
6	22.21278305842208	27.076620519938587	27.577960860392874	23.13263556124646
7	22.341486993076927	27.008036102444795	27.482412732914703	23.16806417156358
8	22.303223835661353	26.94691577708269	27.448527304275327	23.301333082980623
9	22.28511317336496	26.997539560669594	27.511980969399925	23.205366296565522
10	22.337230682847686	27.019609471283136	27.543507568073405	23.099652277795773
11	22.831792616011263	26.88822321871152	27.241992775714426	23.037991389562784
12	22.170645804744385	27.179025797800715	27.628027097753716	23.022301299701184
13	22.314465171648614	26.995329066705025	27.708517904426433	22.981687857219924
14	22.344857456824975	26.77528685584352	27.851336463129613	23.028519224201894
15	22.24848860166332	27.059930153900453	27.64471222204724	23.04686902238899
16	22.369754982136218	27.308504551707983	27.62482451151036	22.696915954645437
17	22.53749689345906	26.976397649637452	27.246719173154215	23.23938628374927
18	22.38986799856374	27.445027703985215	27.315439184017183	22.84966511343386
19	22.64893527243904	27.02625726853098	27.499562065701706	22.825245393328277
20	22.712657699123866	26.789259429695583	27.509595975020602	22.98848689615995
21	22.706730208872166	26.92927453278339	27.51429961725958	22.849695641084868
22	22.469316333244656	27.155718915485366	27.535415932419482	22.839548818850492
23	22.514566663109658	26.951306641207072	27.502038126573954	23.032088569109316
24	22.370100439862387	27.275118521645176	27.469179483084282	22.885601555408154
25	22.491583059304045	27.21581404540952	27.31837406586271	22.974228829423726
26	22.546952505149235	27.072337516805373	27.3427043736108	23.038005604434588
27	22.58801390322733	27.18838087242535	27.401181483922414	22.822423740424906
28	22.358967601232766	27.204857261926136	27.382906351766046	23.053268785075055
29	22.69183263346617	26.93939900146352	27.392339091125113	22.976429273945197
30	22.461039526163535	27.3429525880511	27.31921012497404	22.87679776081132
31	22.556460871117707	27.20542085537193	27.36951470364796	22.8686035698624
32	22.54897173238037	27.24899852380327	27.26283453254304	22.93919521127332
33	22.449541705661634	27.020744764946524	27.54191074917058	22.987802780221262
34	22.582042949427947	27.38236913061243	27.37156313642202	22.664024783537602
35	22.549340041439557	26.99606616689227	27.36495989409502	23.089633897573158
36	22.642057339199198	27.30896728225602	27.156049406026444	22.892925972518334
37	22.502109350694617	27.193337872373696	27.25806399069605	23.04648878623563
38	22.51146520246335	27.101476919723144	27.260777154068343	23.12628072374516
39	22.44834804495395	27.201143784021998	27.333400308473177	23.017107862550873
40	22.491008223671898	27.15995421931426	27.512476761330305	22.836560795683535
41	22.735665906297413	27.10093527693801	27.296805587096806	22.866593229667767
42	22.663368696112403	27.18954578895667	27.3509297450527	22.796155769878226
43	22.617601428691554	27.369423628540197	27.247470303808562	22.765504638959687
44	22.6579569192716	27.115882101317908	27.17370768979529	23.0524532896152
45	22.549427358674734	27.318862067488787	27.28606230008563	22.84564827375085
46	22.5296451727253	27.61081205475066	27.076491406616277	22.783051365907767
47	22.635723828593772	27.233009311472163	27.207263917055595	22.924002942878474
48	22.613514565833732	27.67658708947237	27.444179130148694	22.2657192145452
49	22.778614963827803	27.866346403766578	27.546583285922587	21.80845534648303
50	22.78020080000278	27.609525431307606	27.60683790386761	22.003435864822006
>>END_MODULE
>>Per base GC content	pass
#Base	%GC
1	45.97806136044566
2	45.60575788848323
3	45.6766249884019
4	45.69229228532487
5	46.013525698653105
6	45.34541861966854
7	45.509551164640506
8	45.604556918641975
9	45.490479469930484
10	45.43688296064346
11	45.86978400557405
12	45.192947104445565
13	45.29615302886854
14	45.37337668102687
15	45.29535762405231
16	45.066670936781655
17	45.776883177208326
18	45.2395331119976
19	45.474180665767314
20	45.701144595283814
21	45.55642584995703
22	45.308865152095144
23	45.546655232218974
24	45.25570199527054
25	45.46581188872777
26	45.58495810958382
27	45.41043764365224
28	45.41223638630782
29	45.66826190741137
30	45.33783728697486
31	45.42506444098011
32	45.48816694365369
33	45.437344485882896
34	45.24606773296555
35	45.638973939012715
36	45.53498331171753
37	45.54859813693025
38	45.63774592620851
39	45.465455907504825
40	45.32756901935544
41	45.60225913596518
42	45.45952446599063
43	45.38310606765124
44	45.710410208886806
45	45.39507563242559
46	45.31269653863306
47	45.55972677147225
48	44.87923378037893
49	44.587070310310835
50	44.78363666482478
>>END_MODULE
>>Per sequence GC content	pass
#GC Content	Count
0	3714.0
1	3589.0
2	2987.0
3	2678.5
4	2929.0
5	3494.5
6	4121.5
7	5051.5
8	6017.0
9	7664.5
10	9452.0
11	12415.5
12	15573.5
13	20676.0
14	26671.5
15	35613.5
16	45117.0
17	58969.0
18	74183.5
19	93922.5
20	114287.0
21	139501.5
22	165647.0
23	196870.5
24	229884.0
25	261838.0
26	299016.5
27	343960.0
28	392558.0
29	445192.0
30	498898.5
31	556926.0
32	617660.0
33	681224.5
34	746313.5
35	803248.0
36	855467.5
37	892820.0
38	922599.0
39	946049.5
40	968360.5
41	983601.5
42	995599.0
43	996740.0
44	994503.5
45	984831.0
46	974562.0
47	958664.5
48	942023.0
49	926141.5
50	908105.5
51	888580.0
52	867336.5
53	843442.0
54	819339.5
55	794115.5
56	766385.0
57	732788.5
58	696002.0
59	651383.0
60	604722.5
61	553487.5
62	502844.5
63	458123.0
64	405673.0
65	356968.0
66	310060.0
67	267642.5
68	225365.0
69	186704.0
70	153344.5
71	125842.0
72	102276.0
73	82230.0
74	63497.0
75	50081.5
76	40238.0
77	31463.5
78	23673.5
79	17911.5
80	13044.0
81	9692.0
82	7160.5
83	5310.0
84	3710.5
85	2765.5
86	2081.5
87	1672.5
88	1327.5
89	1051.5
90	846.5
91	702.0
92	622.5
93	553.0
94	474.5
95	411.0
96	364.0
97	339.5
98	319.5
99	513.5
100	709.0
>>END_MODULE
>>Per base N content	pass
#Base	N-Count
1	9.039557944954645E-5
2	0.0
3	2.195321215203271E-4
4	0.0
5	4.907188598689664E-4
6	0.0
7	0.0
8	0.0
9	3.228413551769516E-5
10	7.74819252424684E-4
11	0.0
12	0.0
13	0.0
14	0.0
15	2.582730841415613E-5
16	0.0
17	0.0
18	0.0
19	0.0
20	0.0
21	0.0
22	0.0
23	0.0
24	0.0
25	0.0
26	0.0
27	0.0
28	0.0
29	0.0
30	0.0
31	0.0
32	0.0
33	0.0
34	0.0
35	0.0
36	0.0
37	0.0
38	0.0
39	0.0
40	0.0
41	0.0
42	0.0
43	0.0
44	0.0
45	0.0
46	0.0
47	0.0
48	0.0
49	6.399646593230417E-5
50	0.0
>>END_MODULE
>>Sequence Length Distribution	warn
#Length	Count
20	35496.0
21	36538.0
22	37356.0
23	38068.0
24	38741.0
25	39798.0
26	41135.0
27	43076.0
28	43927.0
29	46455.0
30	47938.0
31	49083.0
32	49910.0
33	50078.0
34	50922.0
35	51940.0
36	52630.0
37	55192.0
38	56859.0
39	59868.0
40	62062.0
41	65271.0
42	68988.0
43	80089.0
44	112182.0
45	181721.0
46	428569.0
47	888896.0
48	1736591.0
49	2305634.0
50	8632470.0
>>END_MODULE
>>Sequence Duplication Levels	warn
#Total Duplicate Percentage	30.653931511635346
#Duplication Level	Relative count
1	100.0
2	20.87381052063893
3	8.060430163990263
4	3.8701986191040496
5	2.133079766964938
6	1.3390291151905651
7	0.8792035366831532
8	0.6613540727915245
9	0.433570105660538
10++	3.6707989469426567
>>END_MODULE
>>Overrepresented sequences	pass
>>END_MODULE
>>Kmer Content	warn
#Sequence	Count	Obs/Exp Overall	Obs/Exp Max	Max Obs/Exp Position
AAAAA	3761545	3.783618	4.680189	46
TTTTT	3718940	3.5174463	4.197486	13
>>END_MODULE
