##FastQC	0.10.1
>>Basic Statistics	pass
#Measure	Value	
Filename	018-F0_S3_L003_R1_001_trimmed.fq.gz	
File type	Conventional base calls	
Encoding	Sanger / Illumina 1.9	
Total Sequences	18266121	
Filtered Sequences	0	
Sequence length	20-50	
%GC	44	
>>END_MODULE
>>Per base sequence quality	pass
#Base	Mean	Median	Lower Quartile	Upper Quartile	10th Percentile	90th Percentile
1	35.31480526160973	36.0	36.0	36.0	36.0	36.0
2	35.319288753206	36.0	36.0	36.0	36.0	36.0
3	35.29629213558807	36.0	36.0	36.0	36.0	36.0
4	35.28723624463015	36.0	36.0	36.0	36.0	36.0
5	35.27508626489445	36.0	36.0	36.0	36.0	36.0
6	35.25832791756936	36.0	36.0	36.0	36.0	36.0
7	35.227631252415335	36.0	36.0	36.0	36.0	36.0
8	35.22929246992287	36.0	36.0	36.0	36.0	36.0
9	35.207085237199514	36.0	36.0	36.0	36.0	36.0
10	35.20568105291758	36.0	36.0	36.0	36.0	36.0
11	35.152267632520335	36.0	36.0	36.0	36.0	36.0
12	35.12772974623348	36.0	36.0	36.0	36.0	36.0
13	35.11266300053526	36.0	36.0	36.0	36.0	36.0
14	35.100079978666514	36.0	36.0	36.0	36.0	36.0
15	35.09249057312168	36.0	36.0	36.0	36.0	36.0
16	35.08740569494749	36.0	36.0	36.0	36.0	36.0
17	35.07552939127032	36.0	36.0	36.0	36.0	36.0
18	35.068599403233996	36.0	36.0	36.0	36.0	36.0
19	35.05870841433712	36.0	36.0	36.0	36.0	36.0
20	35.082053217538636	36.0	36.0	36.0	36.0	36.0
21	35.088442253397815	36.0	36.0	36.0	36.0	36.0
22	35.081115720725265	36.0	36.0	36.0	36.0	36.0
23	35.06945135276805	36.0	36.0	36.0	36.0	36.0
24	35.053864590140634	36.0	36.0	36.0	36.0	36.0
25	35.047680371635316	36.0	36.0	36.0	36.0	36.0
26	35.03769675542196	36.0	36.0	36.0	36.0	36.0
27	35.03486764783727	36.0	36.0	36.0	36.0	36.0
28	35.021312783286426	36.0	36.0	36.0	36.0	36.0
29	35.006002981177424	36.0	36.0	36.0	36.0	36.0
30	34.99357506924157	36.0	36.0	36.0	36.0	36.0
31	34.98234558110281	36.0	36.0	36.0	36.0	36.0
32	34.979811914282095	36.0	36.0	36.0	36.0	36.0
33	34.95497529018786	36.0	36.0	36.0	36.0	36.0
34	34.952208384812245	36.0	36.0	36.0	36.0	36.0
35	34.926117001209676	36.0	36.0	36.0	36.0	36.0
36	34.92317685229355	36.0	36.0	36.0	36.0	36.0
37	34.91750417689985	36.0	36.0	36.0	36.0	36.0
38	34.903746463168176	36.0	36.0	36.0	36.0	36.0
39	34.89344661220373	36.0	36.0	36.0	36.0	36.0
40	34.88184599265186	36.0	36.0	36.0	36.0	36.0
41	34.86344198211498	36.0	36.0	36.0	36.0	36.0
42	34.84456867806332	36.0	36.0	36.0	36.0	36.0
43	34.83532370075847	36.0	36.0	36.0	36.0	36.0
44	34.82761732964476	36.0	36.0	36.0	36.0	36.0
45	34.82426914093406	36.0	36.0	36.0	36.0	36.0
46	34.81308341227484	36.0	36.0	36.0	36.0	36.0
47	34.82567468349694	36.0	36.0	36.0	36.0	36.0
48	34.85247322023395	36.0	36.0	36.0	36.0	36.0
49	34.90889812698971	36.0	36.0	36.0	36.0	36.0
50	35.00548782842257	36.0	36.0	36.0	36.0	36.0
>>END_MODULE
>>Per sequence quality scores	pass
#Quality	Count
10	1.0
11	0.0
12	2.0
13	3.0
14	7.0
15	45.0
16	204.0
17	540.0
18	1422.0
19	3359.0
20	7245.0
21	13187.0
22	21020.0
23	31134.0
24	44964.0
25	63490.0
26	88781.0
27	121344.0
28	160986.0
29	210481.0
30	272780.0
31	356358.0
32	479599.0
33	711111.0
34	1399437.0
35	7633161.0
36	6645460.0
>>END_MODULE
>>Per base sequence content	pass
#Base	G	A	T	C
1	22.210727892367963	26.85895678043772	27.612580546458666	23.317734780735652
2	22.291954589839367	26.869043398320848	27.820709095237085	23.018292916602704
3	22.185380485038994	27.00366180686768	27.767102579371127	23.0438551287222
4	22.389794339776653	26.648092731786903	28.040053872477095	22.92205905595935
5	22.516711793330916	26.70325122756808	27.64563634728208	23.13440063181892
6	22.025408584538802	27.12648433042755	27.789984418215724	23.05812266681792
7	22.03691908937789	27.092304183497017	27.854902407770982	23.01587431935411
8	22.183690915695347	26.914875241946014	27.78306417594919	23.11836966640945
9	22.02632333440947	27.02276508391356	27.908251828985648	23.042659752691325
10	22.044654202055554	27.10527069285289	27.8754229434681	22.974652161623464
11	22.595990603095768	27.046802211152226	27.569752742725527	22.787454443026476
12	21.943877588728544	27.298097855766173	27.950409408974558	22.80761514653072
13	22.009008503468863	27.14068019538954	28.134018939482075	22.716292361659523
14	22.123605725606296	26.814134815434965	28.251602438989938	22.8106570199688
15	21.945858030910568	27.168412562213973	28.094734239022635	22.790995167852827
16	22.091782465012493	27.436145048216787	28.00707204030629	22.465000446464426
17	22.220750759018618	27.110436367066477	27.673569410655997	22.99524346325891
18	22.149787415661958	27.5492615294039	27.63818666306944	22.6627643918647
19	22.284282826637067	27.274023309216254	27.89019110859343	22.551502755553248
20	22.394894501951583	26.96930529863064	27.830315531657735	22.80548466776004
21	22.3144968050243	27.181383409794478	27.933612923839966	22.570506861341254
22	22.127146563425896	27.392920488682925	27.97673134786977	22.503201600021406
23	22.20279586925494	27.174658114022705	27.87586165341641	22.746684363305945
24	22.06722318532102	27.522923685994467	27.889121543678502	22.520731585006008
25	22.13879226538163	27.412246763136178	27.787992188655803	22.66096878282639
26	22.301973741413793	27.309507483664053	27.667071327864722	22.72144744705744
27	22.28452520844519	27.398489161764655	27.785400400885894	22.531585228904262
28	22.057703290147664	27.377299273047345	27.77030596613759	22.794691470667395
29	22.39234554350609	27.16654417743374	27.74689142861306	22.694218850447104
30	22.19112288544467	27.507766513609667	27.704667778026597	22.59644282291907
31	22.218094369681065	27.453129922056075	27.77726041288153	22.551515295381325
32	22.303797664731505	27.415940196559706	27.615547254447193	22.664714884261596
33	22.08764141983856	27.28151384316354	27.944974561642816	22.68587017535508
34	22.237341120535202	27.631867136035304	27.777916064148627	22.352875679280864
35	22.294912261138382	27.206954160871312	27.72094080756834	22.77719277042197
36	22.37497954723485	27.515762561564493	27.54243475066352	22.566823140537135
37	22.206957649620733	27.44419759286875	27.660843759064946	22.688000998445563
38	22.25554911827342	27.290512542515927	27.58983963936958	22.864098699841076
39	22.141057634050608	27.42249657932524	27.698754601663662	22.73769118496049
40	22.182189725459605	27.381924830266453	27.885879856430574	22.550005587843366
41	22.446574793265736	27.3401167513301	27.643732494355305	22.569575961048862
42	22.355238468951335	27.498379558749836	27.66013353957046	22.486248432728377
43	22.3186166776264	27.616277247337173	27.60933598806849	22.455770086967934
44	22.37437448144934	27.29305055434071	27.517507493984755	22.81506747022519
45	22.249924994071286	27.543014220030603	27.6586440887241	22.548416697174016
46	22.253666264659422	27.749968825649567	27.497715414761505	22.49864949492951
47	22.394658805979642	27.472009957164474	27.526599156152066	22.60673208070382
48	22.33867516412712	27.89292988393224	27.706610071187143	22.061784880753496
49	22.49019821991882	28.11587029319218	27.824825567237614	21.56910591965139
50	22.462965507429452	27.873992192039772	27.80268431223938	21.860357988291398
>>END_MODULE
>>Per base GC content	pass
#Base	%GC
1	45.52846267310361
2	45.31024750644207
3	45.22923561376119
4	45.311853395736
5	45.65111242514984
6	45.08353125135672
7	45.052793408732
8	45.3020605821048
9	45.0689830871008
10	45.01930636367902
11	45.38344504612225
12	44.75149273525926
13	44.72530086512839
14	44.9342627455751
15	44.73685319876339
16	44.556782911476915
17	45.21599422227753
18	44.81255180752666
19	44.83578558219032
20	45.200379169711624
21	44.885003666365556
22	44.6303481634473
23	44.94948023256089
24	44.58795477032702
25	44.79976104820802
26	45.02342118847123
27	44.81611043734945
28	44.85239476081506
29	45.086564393953196
30	44.78756570836374
31	44.76960966506239
32	44.968512548993104
33	44.773511595193646
34	44.59021679981607
35	45.07210503156035
36	44.94180268777199
37	44.8949586480663
38	45.119647818114494
39	44.87874881901109
40	44.73219531330297
41	45.0161507543146
42	44.84148690167971
43	44.77438676459434
44	45.18944195167454
45	44.7983416912453
46	44.75231575958893
47	45.00139088668346
48	44.40046004488062
49	44.0593041395702
50	44.32332349572085
>>END_MODULE
>>Per sequence GC content	warn
#GC Content	Count
0	3015.0
1	2990.0
2	2585.0
3	2348.0
4	2562.5
5	3145.0
6	3792.0
7	4712.5
8	5671.0
9	7370.5
10	9224.5
11	12781.5
12	16509.0
13	22790.0
14	30094.5
15	41896.0
16	54642.5
17	73824.0
18	94382.0
19	121561.0
20	149279.0
21	183203.0
22	218585.0
23	260736.5
24	304457.5
25	345745.0
26	393353.0
27	449347.5
28	508050.0
29	570963.5
30	635223.0
31	702313.0
32	773402.5
33	846119.0
34	918208.0
35	980196.0
36	1037346.0
37	1075146.5
38	1103923.5
39	1122538.0
40	1140050.5
41	1148972.0
42	1155931.5
43	1150684.0
44	1138102.0
45	1113478.5
46	1089989.5
47	1063704.0
48	1036260.5
49	1007524.0
50	979007.5
51	954251.0
52	927363.5
53	898998.0
54	871782.5
55	842927.0
56	810343.5
57	771864.0
58	732049.5
59	685178.5
60	635995.0
61	582227.5
62	528195.0
63	482740.5
64	429795.5
65	381162.0
66	334295.0
67	290207.0
68	247251.5
69	209204.5
70	175691.0
71	147993.0
72	123415.0
73	101960.5
74	81777.5
75	67194.5
76	56288.5
77	46025.5
78	36785.5
79	29829.5
80	23713.0
81	19139.5
82	15150.5
83	12334.5
84	9693.0
85	7540.0
86	5796.0
87	4546.0
88	3558.5
89	2700.0
90	1941.0
91	1478.0
92	1116.5
93	941.5
94	754.0
95	631.5
96	537.0
97	478.0
98	444.0
99	702.0
100	943.0
>>END_MODULE
>>Per base N content	pass
#Base	N-Count
1	6.022077703306574E-4
2	0.0013850778717605123
3	1.0949232187830136E-5
4	1.204415540661315E-4
5	7.007508600211287E-4
6	0.0030767342447802683
7	8.211924140872602E-5
8	9.087862715899014E-4
9	6.679031634576383E-4
10	0.002091303347875556
11	0.0029070211458689012
12	8.540401106507506E-4
13	2.5183234032009313E-4
14	0.0028851226814932407
15	0.0017956740788041422
16	0.0021241510444390465
17	5.474616093915068E-4
18	0.0010620755222195233
19	0.0035147035322934737
20	0.0051954106731254
21	0.0014189707180873895
22	0.0011678932012659962
23	6.310781052993878E-4
24	0.0015598771475910718
25	0.0023749476013441542
26	0.0057504075498173764
27	0.0022914165134786794
28	0.0024702226514234076
29	0.0025060260542807454
30	0.0034982075969021463
31	0.002866174706406603
32	0.0036068258431121623
33	0.00355636652301757
34	0.002183518811125678
35	0.0027598824379109917
36	0.002541205423021538
37	0.0030642319957393223
38	0.003969178823301719
39	0.003068754950677324
40	0.0013183994765000341
41	0.0014671556960802153
42	0.0015549233577713578
43	0.004094554039811264
44	0.004271734431822495
45	2.2780792056246687E-4
46	0.0011618349860723592
47	0.0010935453573945625
48	4.782410094308498E-4
49	0.001647968607643611
50	1.7141287877284257E-4
>>END_MODULE
>>Sequence Length Distribution	warn
#Length	Count
20	13454.0
21	14698.0
22	15185.0
23	16222.0
24	16687.0
25	17250.0
26	17916.0
27	18692.0
28	19685.0
29	21351.0
30	22112.0
31	23758.0
32	25097.0
33	25543.0
34	26691.0
35	27540.0
36	27842.0
37	28567.0
38	30426.0
39	32762.0
40	35120.0
41	39452.0
42	43625.0
43	55536.0
44	92258.0
45	172362.0
46	468839.0
47	1025882.0
48	2056354.0
49	2750867.0
50	1.1084348E7
>>END_MODULE
>>Sequence Duplication Levels	warn
#Total Duplicate Percentage	40.66922429485799
#Duplication Level	Relative count
1	100.0
2	27.726275505996075
3	12.58845652640087
4	6.690529996865876
5	4.113950150932815
6	2.6466852514722135
7	1.8219157745410157
8	1.293238539828118
9	0.9880738333635749
10++	7.084769806838988
>>END_MODULE
>>Overrepresented sequences	pass
>>END_MODULE
>>Kmer Content	warn
#Sequence	Count	Obs/Exp Overall	Obs/Exp Max	Max Obs/Exp Position
AAAAA	4715930	3.8157241	4.582388	46
TTTTT	4754965	3.521639	4.1536517	13
>>END_MODULE
