##FastQC	0.10.1
>>Basic Statistics	pass
#Measure	Value	
Filename	040-F0_S2_L001_R2_001.fastq.gz	
File type	Conventional base calls	
Encoding	Sanger / Illumina 1.9	
Total Sequences	13579647	
Filtered Sequences	0	
Sequence length	35-76	
%GC	44	
>>END_MODULE
>>Per base sequence quality	pass
#Base	Mean	Median	Lower Quartile	Upper Quartile	10th Percentile	90th Percentile
1	31.331029517924875	32.0	32.0	32.0	32.0	32.0
2	31.1069068290214	32.0	32.0	32.0	32.0	32.0
3	31.17161506480986	32.0	32.0	32.0	32.0	32.0
4	31.246854133984485	32.0	32.0	32.0	32.0	32.0
5	31.242585834521325	32.0	32.0	32.0	32.0	32.0
6	34.927228668020604	36.0	36.0	36.0	36.0	36.0
7	34.91921402669745	36.0	36.0	36.0	36.0	36.0
8	34.85028984921331	36.0	36.0	36.0	36.0	36.0
9	34.94423323375048	36.0	36.0	36.0	36.0	36.0
10-14	34.84743858216638	36.0	36.0	36.0	33.6	36.0
15-19	34.7675080508352	36.0	36.0	36.0	32.0	36.0
20-24	34.695233491710056	36.0	36.0	36.0	32.0	36.0
25-29	34.61964056944927	36.0	36.0	36.0	32.0	36.0
30-34	34.54261961301351	36.0	36.0	36.0	32.0	36.0
35-39	34.4846743399723	36.0	36.0	36.0	32.0	36.0
40-44	34.41872374637663	36.0	36.0	36.0	32.0	36.0
45-49	34.30926844824878	36.0	36.0	36.0	32.0	36.0
50-54	34.181158448992655	36.0	36.0	36.0	32.0	36.0
55-59	34.02229729000034	36.0	36.0	36.0	32.0	36.0
60-64	33.885139894352946	36.0	36.0	36.0	32.0	36.0
65-69	33.729612267906475	36.0	36.0	36.0	27.0	36.0
70-74	33.60627396069678	36.0	36.0	36.0	27.0	36.0
75-76	33.01682873568686	36.0	34.0	36.0	20.5	36.0
>>END_MODULE
>>Per sequence quality scores	pass
#Quality	Count
2	11257.0
3	0.0
4	0.0
5	0.0
6	0.0
7	0.0
8	0.0
9	0.0
10	0.0
11	0.0
12	0.0
13	0.0
14	725.0
15	2462.0
16	4185.0
17	6072.0
18	8435.0
19	11219.0
20	15347.0
21	21785.0
22	30956.0
23	45124.0
24	65529.0
25	93373.0
26	129367.0
27	172590.0
28	223257.0
29	284225.0
30	359303.0
31	462816.0
32	622481.0
33	940986.0
34	1968787.0
35	8099366.0
>>END_MODULE
>>Per base sequence content	fail
#Base	G	A	T	C
1	44.57360923969053	18.0019623351759	11.361115971997155	26.063312453136415
2	16.48837949415318	19.704803012398692	38.03100160838167	25.77581588506646
3	20.53587315788899	21.41923511947883	28.621073623062504	29.423818099569676
4	13.649807688140028	15.023574401447856	36.70407001746869	34.62254789294342
5	15.061184606864744	34.78494919253595	35.360504741867835	14.793361458731475
6	33.870970238250095	35.31316061177196	17.028757061726342	13.787112088251597
7	30.261254282932608	29.63179861427922	21.00515241675689	19.101794686031283
8	26.003217773074034	35.466035395503816	20.36587981330136	18.164867018120795
9	25.196556113142382	15.887861419077723	20.400976092226124	38.51460637555377
10-14	23.872061460497523	23.48532729380568	29.012251269310507	23.63035997638629
15-19	21.917574598017893	28.78092831942478	27.16472477574716	22.13677230681017
20-24	22.048750072779452	27.63716992214994	28.209873094744474	22.104206910326134
25-29	21.511616337678973	27.944146652624223	28.20419813994144	22.340038869755364
30-34	21.62292357457296	27.923455914813772	28.498028137457727	21.955592373155547
35-39	21.52144601006666	28.236242092884712	28.349331106707922	21.892980790340708
40-44	21.81805719940888	28.107233402397362	28.47894890356487	21.595760494628884
45-49	21.75363537652542	28.14971455416741	28.144617028420782	21.95203304088639
50-54	21.525392829894564	28.575116535551935	28.22408219626717	21.675408438286333
55-59	21.693875462763142	28.20427587721476	27.888941703048626	22.212906956973477
60-64	21.85957743891102	28.093314824647408	28.194144823468342	21.852962912973226
65-69	22.113722073150637	28.531934535478126	27.806878614805537	21.547464776565693
70-74	22.40526880074484	28.7228694420657	27.840824696988047	21.031037060201417
75-76	25.750756510102423	35.88616687829618	29.30795489421339	9.055121717388003
>>END_MODULE
>>Per base GC content	fail
#Base	%GC
1	70.63692169282695
2	42.264195379219636
3	49.959691257458665
4	48.27235558108345
5	29.85454606559622
6	47.65808232650169
7	49.36304896896389
8	44.16808479119483
9	63.71116248869615
10-14	47.50242143688382
15-19	44.054346904828066
20-24	44.15295698310558
25-29	43.851655207434334
30-34	43.578515947728505
35-39	43.41442680040737
40-44	43.41381769403777
45-49	43.70566841741181
50-54	43.200801268180896
55-59	43.906782419736615
60-64	43.71254035188425
65-69	43.66118684971633
70-74	43.436305860946256
75-76	34.805878227490425
>>END_MODULE
>>Per sequence GC content	fail
#GC Content	Count
0	11274.0
1	5657.0
2	88.0
3	194.0
4	253.0
5	333.0
6	578.0
7	939.5
8	1137.0
9	1308.5
10	1921.5
11	2813.5
12	3272.5
13	3975.0
14	5740.5
15	8482.0
16	12797.5
17	16136.0
18	21355.0
19	31685.5
20	44889.0
21	54490.5
22	68165.5
23	92230.5
24	117687.0
25	134698.5
26	156672.5
27	193342.0
28	230659.0
29	256148.5
30	289328.5
31	343701.5
32	400434.5
33	439957.5
34	490287.0
35	568821.0
36	632785.0
37	664925.0
38	674179.0
39	665169.5
40	635502.0
41	604567.0
42	593740.5
43	587890.5
44	572951.0
45	557829.5
46	550018.0
47	538596.5
48	518492.5
49	497805.5
50	483929.5
51	468952.0
52	445404.0
53	422350.0
54	408585.5
55	395561.0
56	374319.0
57	351818.0
58	334197.5
59	312914.5
60	283312.0
61	252207.0
62	227830.5
63	203949.5
64	174655.5
65	149608.0
66	123817.0
67	105167.0
68	91135.0
69	74007.5
70	57917.0
71	47337.5
72	39777.0
73	31727.0
74	24825.0
75	20335.0
76	17363.0
77	14100.0
78	10696.0
79	8567.5
80	7318.0
81	5935.0
82	4533.0
83	3577.5
84	2923.0
85	2268.0
86	1683.5
87	1344.0
88	1155.5
89	967.5
90	832.0
91	768.5
92	753.5
93	744.0
94	727.5
95	709.5
96	704.0
97	765.0
98	1026.5
99	5316.0
100	9406.0
>>END_MODULE
>>Per base N content	pass
#Base	N-Count
1	0.4346283817245029
2	0.31708482554811623
3	0.17876016953901674
4	0.10059908037373871
5	0.0836914243794408
6	0.08290348048075183
7	0.08289611651908182
8	0.08289611651908182
9	0.08289611651908182
10-14	0.08289611651908182
15-19	0.08289611651908182
20-24	0.08289611651908182
25-29	0.08289611651908182
30-34	0.08289611651908182
35-39	0.016601647112870037
40-44	0.0
45-49	0.0
50-54	0.0
55-59	0.0
60-64	0.0
65-69	0.0
70-74	0.0
75-76	0.0
>>END_MODULE
>>Sequence Length Distribution	warn
#Length	Count
35	14441.0
36	4674.0
37	6329.0
38	7266.0
39	8218.0
40	8811.0
41	9800.0
42	10681.0
43	12345.0
44	13270.0
45	14549.0
46	15063.0
47	15670.0
48	16406.0
49	17193.0
50	17528.0
51	18433.0
52	19595.0
53	21009.0
54	22442.0
55	23300.0
56	24142.0
57	24733.0
58	25487.0
59	26257.0
60	28393.0
61	27710.0
62	28047.0
63	28943.0
64	31883.0
65	32987.0
66	33933.0
67	38978.0
68	34719.0
69	43428.0
70	40821.0
71	50429.0
72	99562.0
73	310906.0
74	896040.0
75	2718719.0
76	8736507.0
>>END_MODULE
>>Sequence Duplication Levels	warn
#Total Duplicate Percentage	27.118561330886077
#Duplication Level	Relative count
1	100.0
2	17.941487722870423
3	6.22295749554594
4	2.826485914455265
5	1.501654364978366
6	0.8821047273311811
7	0.6188798542551339
8	0.44004768857751403
9	0.3422593133380665
10++	3.18080132885025
>>END_MODULE
>>Overrepresented sequences	warn
#Sequence	Count	Percentage	Possible Source
CTGTAGGACGTGGAATATGGCAAGAAAACTGAAAATCATGGAAAATGAGA	14141	0.10413378197533411	No Hit
>>END_MODULE
>>Kmer Content	warn
#Sequence	Count	Obs/Exp Overall	Obs/Exp Max	Max Obs/Exp Position
AAAAA	6491960	4.167684	8.582671	71
GGGGG	1982095	3.6568778	6.721632	72
TTTTT	5425545	3.386407	6.126471	33
CCTGG	1967555	3.0233064	12.138752	3
CCAGG	1896265	2.9302115	12.587406	3
AGAAA	3455990	2.7402163	7.102293	48
GAAAA	3453710	2.7384086	7.5256605	24
TTTCT	3430265	2.7046757	7.7186856	16
CAGCA	2152300	2.6928325	6.5796866	4
CCCAG	1707760	2.6839874	10.57721	2
TGCTG	2195910	2.671026	7.7205935	2
TTTTC	3347155	2.6391451	6.0399966	24
CTGGG	1710775	2.584607	10.492968	4
CCAGC	1644245	2.5841644	6.350701	3
GCTGC	1671630	2.5685937	5.7599516	8
CTGCT	2013385	2.49083	6.3954387	9
GGAGG	1658120	2.4769	5.6670094	6
GCTGG	1615345	2.440433	6.907263	3
TCCAG	1949115	2.4249308	9.099369	2
AGCAG	1960275	2.4114034	5.2323604	7
AAGAA	3000415	2.378996	5.0502834	22
CAGCC	1470885	2.3117044	5.514546	9
CTCCT	1799165	2.2638202	6.001728	1
CTGGA	1843070	2.254499	8.893124	4
CTCCA	1752310	2.2173102	6.0356073	1
AGGAG	1826770	2.2094443	6.7348585	5
CTGCC	1410165	2.203834	5.8302083	9
GGCTG	1458100	2.2028704	7.9198036	7
CAGGA	1782470	2.1926792	9.024882	4
GGCAG	1432550	2.1764867	6.1993213	7
CCTGC	1388820	2.1704755	6.0409164	3
TCCTG	1750445	2.1655374	8.495181	2
CCACC	1350375	2.1585479	5.459917	28
CCCTG	1374625	2.1482913	8.717178	2
CAGAG	1744405	2.145854	7.492609	4
GAGAA	2172165	2.1271522	7.3681087	47
CTCTG	1709725	2.1151612	7.148912	2
GCAGG	1378705	2.0946796	6.5151286	3
AAAAT	3260425	2.0813663	6.099504	72
TTCTC	2082795	2.0745587	6.137069	17
GCCTG	1336260	2.053271	6.642014	7
TGGAA	2099760	2.0447056	6.5066853	11
CTGCA	1641860	2.0426693	6.1004863	4
GGAAA	2080435	2.0373232	7.0648623	40
GCCAG	1311210	2.0261528	5.2484164	2
CAGGG	1331295	2.022649	9.085156	4
CCCCA	1246090	1.9918503	6.553244	1
CTGGC	1293405	1.9874207	5.4227796	4
TGCAG	1620580	1.9823425	6.512586	2
AGCTG	1597780	1.9544529	5.5049124	7
TGGAG	1624330	1.9535693	6.0155597	5
CACAG	1553750	1.9439615	7.362076	7
TGAAA	2445740	1.928315	6.0277677	30
CAGGC	1243660	1.9217708	5.5002565	4
CAGTG	1568305	1.9183981	9.908238	7
CAGAA	1923265	1.9155725	5.0306706	4
CATTT	2413625	1.9138238	6.9243255	14
GGGAG	1281090	1.9136926	5.3925867	7
GGAGA	1574810	1.9047033	5.2413177	6
GTGTG	1592245	1.9042318	10.907164	9
CTGTG	1562265	1.9002831	8.4578495	9
CTGAA	1914190	1.895832	6.827681	29
CTCAG	1499650	1.8657428	5.7391014	2
TTCTG	1894095	1.8549289	5.0873165	2
CCTCT	1461640	1.8391254	5.5471463	1
CCAGA	1465705	1.8338047	6.278792	3
CACTG	1473890	1.8336946	7.367252	7
CTGAG	1491775	1.8247843	5.569688	4
TGGGG	1225365	1.8201761	6.258521	5
GGCCA	1166375	1.8023459	5.904169	1
GTGGA	1492785	1.7953612	5.3658376	9
ACCTG	1411375	1.7559184	5.9485493	8
TCTGG	1442145	1.7541733	6.1454735	3
GAGAG	1441365	1.743304	5.414038	7
AAATG	2180905	1.7195091	6.1363525	43
CACAC	1346135	1.7129663	7.0256853	5
TGGCC	1112235	1.7090384	5.3314157	5
TCTCA	1693515	1.69634	5.5762267	18
TGTGT	1741880	1.6772202	7.742003	10
TGGCA	1370070	1.6759111	5.9008627	18
AAAAC	2071020	1.6701303	5.9054117	25
ACACA	1642475	1.663841	6.975259	6
CCTGA	1323160	1.6461684	5.2059565	3
ACAGA	1643795	1.6372203	6.1322246	8
GCCCA	1041265	1.6364958	6.658991	1
CCACT	1286000	1.6272584	5.174026	56
ATTTC	2022070	1.60335	6.782294	15
GTCCT	1294085	1.6009585	15.38496	1
TCAGG	1292235	1.580701	5.3370023	3
GGGCC	820535	1.5659952	5.247664	6
TGAGA	1607135	1.564997	6.642502	46
CCTGT	1259310	1.5579369	5.319717	8
TGGGC	1020885	1.5423341	6.2258244	5
CATGG	1250735	1.5299369	5.176309	37
CAAGA	1527865	1.521754	5.0368457	21
AGTGG	1250950	1.5045079	6.7012534	8
AGGAC	1202195	1.4788623	15.250409	5
ATGGC	1195700	1.4626164	9.7482195	17
CTGTC	1179285	1.4589351	5.799124	9
ACAGC	1153220	1.4428418	5.3746505	8
GCTGT	1168420	1.4212241	5.0729938	8
GACAG	1143725	1.4069364	6.6481295	7
GCCCT	894635	1.3981534	5.695892	1
GGGCT	922345	1.3934617	5.857682	6
CACTT	1370825	1.3731116	5.976725	57
ACTGA	1371100	1.3579504	6.1232963	28
AATGA	1717960	1.3545054	5.630402	44
GGACA	1096330	1.3486341	6.8524275	6
CTCAT	1330960	1.3331802	5.174292	19
AGGGC	860960	1.3080647	5.513637	5
TGTCC	1053765	1.3036499	5.073688	10
AACTG	1307220	1.2946831	6.09466	27
ATGAG	1313695	1.2792506	6.3367715	45
GCAAG	1034655	1.2727655	5.5529037	20
AAACT	1583730	1.2699966	5.296008	26
AAGTG	1302835	1.2686756	5.067661	7
GGCAA	1029575	1.2665164	5.607557	19
TGTGC	1039055	1.2638692	7.7651806	10
GTCCA	977535	1.2161698	6.9366693	1
GTGCT	979415	1.1913252	6.535297	1
GGAAT	1205580	1.1739703	5.910954	12
TACAG	1171795	1.1605569	7.310355	5
AAATC	1433325	1.1493865	5.484117	33
CTGTA	1154505	1.1370145	7.7858815	1
GTGCA	928750	1.1360751	6.4037795	11
AGCAC	903645	1.130588	5.2321887	5
TGGAC	919190	1.1243811	6.0699778	5
GTCTT	1130245	1.1068738	5.262061	1
AATAT	1721670	1.0928979	5.4842935	14
ACAGT	1100505	1.0899506	6.397786	6
GGACC	698940	1.08004	7.688598	6
AATCA	1345855	1.0792441	5.331686	34
AGTGT	1093290	1.0586486	7.1994634	8
GACCT	846600	1.053271	5.167692	7
TGCAC	844130	1.0501981	5.332232	5
ACTGT	1057540	1.0415183	5.9149456	8
ACACT	1028525	1.0360562	5.0305233	6
CTACA	1014775	1.0222055	8.436421	4
GACTG	819355	1.0022599	5.7067695	7
TGTAG	1025505	0.9930116	8.787509	2
TCCTA	984730	0.9863726	9.508645	2
TAGGA	999775	0.9735615	9.971505	4
TATGG	958845	0.9284636	7.498559	16
GGACT	752520	0.9205052	5.1658964	6
ATATG	1170205	0.91745555	6.520565	15
CCTAC	683695	0.86512315	7.9337997	3
GTAGG	703865	0.846533	8.685665	3
TGGCG	518190	0.7828718	5.534327	18
GTGTA	755710	0.7317651	5.9786425	1
GGACG	465105	0.70663846	8.283261	6
TACAC	701015	0.70614815	5.392494	5
ACGTG	556970	0.68130255	6.1717305	8
GCGAG	445530	0.67689794	5.539853	20
GGCGA	430280	0.6537285	5.5859246	19
GACGT	414345	0.50683933	6.041041	7
>>END_MODULE
