##FastQC	0.10.1
>>Basic Statistics	pass
#Measure	Value	
Filename	008-F0_S1_L001_R2_001_trimmed.fq.gz	
File type	Conventional base calls	
Encoding	Sanger / Illumina 1.9	
Total Sequences	22947835	
Filtered Sequences	0	
Sequence length	20-50	
%GC	44	
>>END_MODULE
>>Per base sequence quality	pass
#Base	Mean	Median	Lower Quartile	Upper Quartile	10th Percentile	90th Percentile
1	35.00180810085134	36.0	36.0	36.0	36.0	36.0
2	34.9959941754854	36.0	36.0	36.0	36.0	36.0
3	34.978917531871744	36.0	36.0	36.0	36.0	36.0
4	34.969072768738314	36.0	36.0	36.0	36.0	36.0
5	34.95387142185744	36.0	36.0	36.0	36.0	36.0
6	34.935282740180064	36.0	36.0	36.0	36.0	36.0
7	34.92435879027368	36.0	36.0	36.0	36.0	36.0
8	34.91753335336427	36.0	36.0	36.0	36.0	36.0
9	34.898741733152605	36.0	36.0	36.0	36.0	36.0
10	34.88421103777328	36.0	36.0	36.0	36.0	36.0
11	34.87183662423928	36.0	36.0	36.0	36.0	36.0
12	34.854931805113644	36.0	36.0	36.0	36.0	36.0
13	34.85014704001489	36.0	36.0	36.0	36.0	36.0
14	34.83818730612278	36.0	36.0	36.0	36.0	36.0
15	34.83006322818689	36.0	36.0	36.0	36.0	36.0
16	34.80328527723857	36.0	36.0	36.0	36.0	36.0
17	34.793213215974404	36.0	36.0	36.0	36.0	36.0
18	34.778331768552455	36.0	36.0	36.0	36.0	36.0
19	34.753753110042844	36.0	36.0	36.0	36.0	36.0
20	34.756723324880106	36.0	36.0	36.0	36.0	36.0
21	34.744930537428225	36.0	36.0	36.0	36.0	36.0
22	34.73739284934383	36.0	36.0	36.0	36.0	36.0
23	34.72944160175255	36.0	36.0	36.0	36.0	36.0
24	34.709782219206076	36.0	36.0	36.0	36.0	36.0
25	34.703143488341574	36.0	36.0	36.0	36.0	36.0
26	34.683558346585954	36.0	36.0	36.0	36.0	36.0
27	34.675001777107816	36.0	36.0	36.0	36.0	36.0
28	34.661308498948294	36.0	36.0	36.0	36.0	36.0
29	34.65280975344025	36.0	36.0	36.0	36.0	36.0
30	34.631565225911274	36.0	36.0	36.0	32.0	36.0
31	34.61578145719903	36.0	36.0	36.0	32.0	36.0
32	34.6007999305297	36.0	36.0	36.0	32.0	36.0
33	34.575410755200224	36.0	36.0	36.0	32.0	36.0
34	34.55833579834515	36.0	36.0	36.0	32.0	36.0
35	34.522032939225014	36.0	36.0	36.0	32.0	36.0
36	34.517285287745324	36.0	36.0	36.0	32.0	36.0
37	34.509342084522466	36.0	36.0	36.0	32.0	36.0
38	34.4927627013462	36.0	36.0	36.0	32.0	36.0
39	34.47010971951473	36.0	36.0	36.0	32.0	36.0
40	34.462611443201496	36.0	36.0	36.0	32.0	36.0
41	34.436842441548514	36.0	36.0	36.0	32.0	36.0
42	34.42100381681831	36.0	36.0	36.0	32.0	36.0
43	34.404482968924505	36.0	36.0	36.0	32.0	36.0
44	34.38132061129086	36.0	36.0	36.0	32.0	36.0
45	34.378423962863465	36.0	36.0	36.0	32.0	36.0
46	34.37282568435663	36.0	36.0	36.0	32.0	36.0
47	34.37689805180211	36.0	36.0	36.0	32.0	36.0
48	34.40840822833694	36.0	36.0	36.0	32.0	36.0
49	34.485742724132194	36.0	36.0	36.0	32.0	36.0
50	34.614920212224035	36.0	36.0	36.0	32.0	36.0
>>END_MODULE
>>Per sequence quality scores	pass
#Quality	Count
4	1.0
5	3.0
6	6.0
7	5.0
8	31.0
9	68.0
10	89.0
11	72.0
12	112.0
13	104.0
14	1838.0
15	3044.0
16	5363.0
17	8945.0
18	13926.0
19	21722.0
20	32290.0
21	45515.0
22	62198.0
23	82708.0
24	108363.0
25	141168.0
26	180093.0
27	226736.0
28	282702.0
29	347192.0
30	429400.0
31	540864.0
32	714959.0
33	1038460.0
34	1962920.0
35	9375314.0
36	7321624.0
>>END_MODULE
>>Per base sequence content	pass
#Base	G	A	T	C
1	22.494285537359946	26.778996226905466	27.3748569396104	23.351861296124188
2	22.464832065486444	26.844377314023944	27.71536110975533	22.975429510734283
3	22.370148631911803	26.906838567074367	27.601995413703627	23.1210173873102
4	22.61606846051522	26.517602780284548	27.91169769129491	22.954631067905314
5	22.65922211315649	26.702943794347295	27.439056887646434	23.198777204849783
6	22.168486379813928	27.053286690314156	27.66925363106979	23.108973298802123
7	22.25757497580526	27.076115293864994	27.634607647769204	23.031702082560543
8	22.356548844090913	26.948676743124413	27.595271117580346	23.099503295204332
9	22.145994461533633	27.038886065710233	27.75414055710661	23.060978915649525
10	22.262840332592422	27.115422797805888	27.644967054705106	22.976769814896585
11	22.702388053873456	27.11406970107838	27.40780440661763	22.77573783843053
12	22.04712423111023	27.31021239713708	27.803338192262274	22.839325179490416
13	22.21079876586579	27.11043744095345	27.93627315052985	22.74249064265091
14	22.25533034045629	26.841823259592175	28.11077233092943	22.79207406902211
15	22.127320002851874	27.156869854618876	27.926688685604674	22.789121456924573
16	22.252362765330354	27.470275478220668	27.82782042486675	22.449541331582225
17	22.364346588618623	27.20702718302286	27.473833412955518	22.954792815403003
18	22.257298945562574	27.617342775848364	27.48957418023069	22.635784098358368
19	22.394334676896545	27.334996571179033	27.72788911670216	22.54277963522226
20	22.465267872170532	27.058138589276503	27.733339643867943	22.743253894685022
21	22.391306642422983	27.243794991853783	27.793098731698922	22.571799634024313
22	22.200500218645956	27.463424927175488	27.830304023949875	22.505770830228684
23	22.26477701766721	27.253437970458194	27.76347668344532	22.718308328429266
24	22.15154440483584	27.595508826513225	27.78388116170853	22.469065606942404
25	22.251230521617778	27.502490139528756	27.612583512377633	22.633695826475833
26	22.340400515551746	27.49558955228684	27.53596857118923	22.62804136097218
27	22.335614503762592	27.541288904247473	27.660138216731706	22.462958375258232
28	22.12476776248927	27.496719429882415	27.60602935132863	22.772483456299682
29	22.396636293775387	27.34044571303107	27.644342957514546	22.618575035678997
30	22.240124387125476	27.615287008917356	27.595584468050077	22.54900413590709
31	22.28943558147211	27.583412916712508	27.58302123445924	22.544130267356145
32	22.27667295399668	27.625306916030702	27.52895680760268	22.569063322369942
33	22.159856134596744	27.418315749440893	27.800489110604907	22.621339005357452
34	22.354266146322587	27.753680438969084	27.599679912852892	22.29237350185543
35	22.286957944979452	27.40616470775587	27.61668310765678	22.690194239607894
36	22.42732088537491	27.688651736546277	27.40467340166012	22.479353976418693
37	22.26380339876768	27.561071696899266	27.518712749333464	22.656412154999593
38	22.259505852079062	27.474000632657198	27.491327620462553	22.77516589480119
39	22.180691448888176	27.55488376606639	27.585055560195354	22.67936922485008
40	22.266916761556143	27.509901496054223	27.71083080749113	22.5123509348985
41	22.482367321444823	27.539039179433537	27.5356098526345	22.442983646487132
42	22.396222000941172	27.637926303385868	27.56973261846387	22.396119077209086
43	22.381084857024973	27.75146149068596	27.447917839476144	22.419535812812924
44	22.386404632613687	27.490004432074578	27.400390935167735	22.723200000144
45	22.295486364430552	27.637742111807896	27.570726285432134	22.496045238329415
46	22.318530812771144	27.870227950375575	27.328772101276538	22.48246913557674
47	22.39906922290241	27.662640418411442	27.415562039713954	22.52272831897219
48	22.378525389614776	28.06679556003352	27.581371981753815	21.973307068597883
49	22.577716255339038	28.256215584887673	27.690985906611598	21.47508225316169
50	22.557092587318884	28.04163876589336	27.71006212755446	21.6912065192333
>>END_MODULE
>>Per base GC content	pass
#Base	%GC
1	45.846146833484134
2	45.44026157622073
3	45.491166019222
4	45.57069952842054
5	45.85799931800627
6	45.277459678616054
7	45.2892770583658
8	45.456052139295245
9	45.20697337718316
10	45.239610147489
11	45.478125892303986
12	44.88644941060065
13	44.9532894085167
14	45.047404409478396
15	44.91644145977644
16	44.70190409691258
17	45.31913940402163
18	44.893083043920946
19	44.93711431211881
20	45.20852176685556
21	44.96310627644729
22	44.70627104887464
23	44.98308534609648
24	44.62061001177825
25	44.884926348093614
26	44.968441876523926
27	44.798572879020824
28	44.89725121878895
29	45.01521132945439
30	44.789128523032566
31	44.83356584882826
32	44.84573627636662
33	44.78119513995419
34	44.646639648178024
35	44.97715218458735
36	44.906674861793604
37	44.92021555376727
38	45.03467174688026
39	44.86006067373825
40	44.779267696454646
41	44.925350967931955
42	44.79234107815026
43	44.8006206698379
44	45.10960463275769
45	44.791531602759974
46	44.80099994834789
47	44.921797541874604
48	44.351832458212655
49	44.05279850850073
50	44.24829910655218
>>END_MODULE
>>Per sequence GC content	pass
#GC Content	Count
0	10267.0
1	8330.0
2	5899.5
3	6026.5
4	6715.5
5	7828.0
6	9091.5
7	10631.0
8	12240.5
9	15190.0
10	18415.5
11	23700.0
12	29130.0
13	37967.5
14	48252.0
15	64308.5
16	81649.5
17	106563.5
18	133076.5
19	167148.5
20	201990.0
21	243917.5
22	287333.5
23	339077.0
24	393408.0
25	444343.0
26	502710.5
27	570234.0
28	641339.5
29	717859.5
30	795772.0
31	877015.5
32	962312.0
33	1046816.0
34	1129898.0
35	1202065.0
36	1269327.0
37	1316928.5
38	1353447.5
39	1374192.5
40	1392676.5
41	1404578.5
42	1414430.5
43	1408140.0
44	1393974.5
45	1368078.5
46	1342899.0
47	1313058.0
48	1282228.5
49	1251374.0
50	1221011.0
51	1194086.0
52	1163733.0
53	1131888.0
54	1102619.0
55	1069888.0
56	1030992.0
57	983591.5
58	934235.0
59	873480.0
60	811151.5
61	744886.0
62	677435.0
63	618427.0
64	549063.0
65	486315.0
66	426703.5
67	371686.5
68	317828.0
69	270245.0
70	228519.0
71	192323.5
72	159731.0
73	132152.0
74	106911.5
75	88319.0
76	74154.0
77	60792.0
78	48672.5
79	39659.0
80	31603.0
81	25409.5
82	20287.5
83	16518.5
84	12923.0
85	10135.0
86	7811.0
87	6176.0
88	4938.0
89	3881.5
90	2963.0
91	2386.0
92	1893.5
93	1672.0
94	1503.5
95	1463.0
96	1432.0
97	1487.0
98	2409.0
99	8513.5
100	13756.0
>>END_MODULE
>>Per base N content	pass
#Base	N-Count
1	0.001560060023091503
2	0.0034643791015579466
3	0.005294617117475352
4	0.004876276999551374
5	0.0017866609203003247
6	0.007129212842954466
7	0.003046038983633968
8	0.007015912394350055
9	0.01244126079867665
10	0.005712957235399331
11	0.007055131780405428
12	0.007682641957291396
13	0.003913223186413881
14	0.004924211804730163
15	0.006654222500728283
16	0.00709870887602251
17	0.008580330127003266
18	0.020895217348390383
19	0.011460776147292327
20	0.009050962759667743
21	0.020547779736522692
22	0.025092808479641137
23	0.018971984004835588
24	0.01725650731613843
25	0.01686425477929918
26	0.012084657227235823
27	0.014769058813021698
28	0.026776216367971187
29	0.0058444273165986
30	0.0056352597056908696
31	0.007595418211383745
32	0.013891415479724592
33	0.01583645136444924
34	0.011501670767854456
35	0.016996946874213704
36	0.01025762131076633
37	0.015616563296933715
38	0.021263244609443233
39	0.011522775745028645
40	0.011520462123394535
41	0.0059250612364232045
42	0.009284648484774451
43	0.005279326377690006
44	0.009966561847533292
45	0.008766980709747255
46	0.010960017053384332
47	0.006248865659262381
48	0.013958128722324338
49	0.007429588422823556
50	0.008964095097688113
>>END_MODULE
>>Sequence Length Distribution	warn
#Length	Count
20	15917.0
21	16986.0
22	18012.0
23	18594.0
24	19326.0
25	20123.0
26	20903.0
27	21624.0
28	22519.0
29	24214.0
30	25391.0
31	26755.0
32	28251.0
33	29031.0
34	30246.0
35	31609.0
36	31760.0
37	33547.0
38	35804.0
39	38887.0
40	41943.0
41	47674.0
42	54208.0
43	70197.0
44	118642.0
45	226144.0
46	611668.0
47	1322493.0
48	2690037.0
49	3612012.0
50	1.3643318E7
>>END_MODULE
>>Sequence Duplication Levels	warn
#Total Duplicate Percentage	38.11578109491848
#Duplication Level	Relative count
1	100.0
2	24.266363896211136
3	10.87671102359704
4	6.220027312859275
5	3.77298567662845
6	2.3914631435195477
7	1.6991139200304888
8	1.2790993108266904
9	0.9718296439800552
10++	7.3180995331406615
>>END_MODULE
>>Overrepresented sequences	pass
>>END_MODULE
>>Kmer Content	warn
#Sequence	Count	Obs/Exp Overall	Obs/Exp Max	Max Obs/Exp Position
AAAAA	7390220	4.693101	5.989398	46
TTTTT	5754490	3.479146	4.1439333	13
CCTGG	2206665	3.0342066	3.8407545	9
>>END_MODULE
