##FastQC	0.10.1
>>Basic Statistics	pass
#Measure	Value	
Filename	KS26_S5_L002_R2_001.fastq.gz	
File type	Conventional base calls	
Encoding	Sanger / Illumina 1.9	
Total Sequences	20435296	
Filtered Sequences	0	
Sequence length	35-75	
%GC	46	
>>END_MODULE
>>Per base sequence quality	pass
#Base	Mean	Median	Lower Quartile	Upper Quartile	10th Percentile	90th Percentile
1	31.454577168835723	32.0	32.0	32.0	32.0	32.0
2	31.281542533076106	32.0	32.0	32.0	32.0	32.0
3	31.337042096184955	32.0	32.0	32.0	32.0	32.0
4	31.371000889832963	32.0	32.0	32.0	32.0	32.0
5	31.36305219165898	32.0	32.0	32.0	32.0	32.0
6	35.10136417891867	36.0	36.0	36.0	36.0	36.0
7	35.094547541665165	36.0	36.0	36.0	36.0	36.0
8	35.042428502136694	36.0	36.0	36.0	36.0	36.0
9	35.12076644253159	36.0	36.0	36.0	36.0	36.0
10	34.9881770736279	36.0	36.0	36.0	36.0	36.0
11	35.09863581129434	36.0	36.0	36.0	36.0	36.0
12	35.016425991578494	36.0	36.0	36.0	36.0	36.0
13	35.0480581245312	36.0	36.0	36.0	36.0	36.0
14	34.999746614876535	36.0	36.0	36.0	36.0	36.0
15	34.97748904640285	36.0	36.0	36.0	36.0	36.0
16	34.981759892296154	36.0	36.0	36.0	36.0	36.0
17	34.96779527930498	36.0	36.0	36.0	36.0	36.0
18	34.95795005856534	36.0	36.0	36.0	36.0	36.0
19	34.95393431051843	36.0	36.0	36.0	36.0	36.0
20	34.93794207825519	36.0	36.0	36.0	36.0	36.0
21	34.92605108338044	36.0	36.0	36.0	36.0	36.0
22	34.91999988647094	36.0	36.0	36.0	36.0	36.0
23	34.90362180219949	36.0	36.0	36.0	36.0	36.0
24	34.89725052184221	36.0	36.0	36.0	36.0	36.0
25	34.8784503537409	36.0	36.0	36.0	36.0	36.0
26	34.864720139116166	36.0	36.0	36.0	36.0	36.0
27	34.852518749911916	36.0	36.0	36.0	36.0	36.0
28	34.84652382818433	36.0	36.0	36.0	36.0	36.0
29	34.82569785140377	36.0	36.0	36.0	36.0	36.0
30	34.80717294234446	36.0	36.0	36.0	36.0	36.0
31	34.802246515049255	36.0	36.0	36.0	36.0	36.0
32	34.78562546879673	36.0	36.0	36.0	36.0	36.0
33	34.77179107168303	36.0	36.0	36.0	36.0	36.0
34	34.762451153142095	36.0	36.0	36.0	36.0	36.0
35	34.7460594649571	36.0	36.0	36.0	36.0	36.0
36	34.73399323590562	36.0	36.0	36.0	36.0	36.0
37	34.72492735066629	36.0	36.0	36.0	32.0	36.0
38	34.70897105147872	36.0	36.0	36.0	32.0	36.0
39	34.696525886592944	36.0	36.0	36.0	32.0	36.0
40	34.68686989940733	36.0	36.0	36.0	32.0	36.0
41	34.6737477821123	36.0	36.0	36.0	32.0	36.0
42	34.66919307773077	36.0	36.0	36.0	32.0	36.0
43	34.650898696365054	36.0	36.0	36.0	32.0	36.0
44	34.62663222331384	36.0	36.0	36.0	32.0	36.0
45	34.607992741388294	36.0	36.0	36.0	32.0	36.0
46	34.589460467553614	36.0	36.0	36.0	32.0	36.0
47	34.57750033381244	36.0	36.0	36.0	32.0	36.0
48	34.551161771183196	36.0	36.0	36.0	32.0	36.0
49	34.52981316815112	36.0	36.0	36.0	32.0	36.0
50	34.50739752962237	36.0	36.0	36.0	32.0	36.0
51	34.49354855999173	36.0	36.0	36.0	32.0	36.0
52	34.46757438235861	36.0	36.0	36.0	32.0	36.0
53	34.44220099995614	36.0	36.0	36.0	32.0	36.0
54	34.407579032186305	36.0	36.0	36.0	32.0	36.0
55	34.3829586895616	36.0	36.0	36.0	32.0	36.0
56	34.370421064842816	36.0	36.0	36.0	32.0	36.0
57	34.33850408383521	36.0	36.0	36.0	32.0	36.0
58	34.31680365786888	36.0	36.0	36.0	32.0	36.0
59	34.283892032645234	36.0	36.0	36.0	32.0	36.0
60	34.255418794735725	36.0	36.0	36.0	32.0	36.0
61	34.223605934583034	36.0	36.0	36.0	32.0	36.0
62	34.197246050866276	36.0	36.0	36.0	32.0	36.0
63	34.18987704500225	36.0	36.0	36.0	32.0	36.0
64	34.152255900181096	36.0	36.0	36.0	32.0	36.0
65	34.12038448565056	36.0	36.0	36.0	32.0	36.0
66	34.08623682122459	36.0	36.0	36.0	32.0	36.0
67	34.06599783949223	36.0	36.0	36.0	32.0	36.0
68	34.03767219381688	36.0	36.0	36.0	32.0	36.0
69	34.01819758348708	36.0	36.0	36.0	32.0	36.0
70	33.98840821385734	36.0	36.0	36.0	32.0	36.0
71	33.96275697679928	36.0	36.0	36.0	32.0	36.0
72	33.94310352675164	36.0	36.0	36.0	32.0	36.0
73	33.91266338753542	36.0	36.0	36.0	32.0	36.0
74	33.86066408137994	36.0	36.0	36.0	27.0	36.0
75	32.83749404617534	36.0	32.0	36.0	14.0	36.0
>>END_MODULE
>>Per sequence quality scores	pass
#Quality	Count
2	5564.0
3	0.0
4	0.0
5	0.0
6	0.0
7	0.0
8	0.0
9	0.0
10	0.0
11	0.0
12	0.0
13	1.0
14	1110.0
15	3230.0
16	5758.0
17	8805.0
18	12846.0
19	16847.0
20	22274.0
21	30458.0
22	42278.0
23	59416.0
24	84695.0
25	117754.0
26	161127.0
27	211759.0
28	271790.0
29	341731.0
30	430251.0
31	555102.0
32	756858.0
33	1184145.0
34	2664280.0
35	1.3447217E7
>>END_MODULE
>>Per base sequence content	fail
#Base	G	A	T	C
1	45.17140562002987	17.41835933232045	11.272405713975507	26.13782933367417
2	17.301488034363103	19.256175447744255	36.08061923309914	27.361717284793496
3	20.246864926686207	20.72103601238144	28.47641401242571	30.555685048506643
4	13.854499037134188	14.396491019566767	35.70188076753979	36.04712917575926
5	15.515278887681822	34.27255444942053	34.89391471061681	15.318251952280832
6	35.27532323967833	34.41250232749015	16.247966444200053	14.064207988631471
7	31.084548735147383	29.50127784348811	20.284749697157064	19.129423724207445
8	27.259114314372795	34.03733343149093	19.71288708045705	18.990665173679226
9	25.312040314576812	15.534892968737916	19.66396818127619	39.48909853540908
10	14.600568426448277	27.262946963768297	34.57490289153083	23.561581718252594
11	34.737856571001515	22.3818158750198	23.423283281444906	19.457044272533775
12	22.497715584325825	23.972923384408567	30.793487648296118	22.735873382969487
13	28.221569426363498	20.3454014962115	25.961686624180874	25.471342453244123
14	20.825187525710078	20.25807778584663	27.08623882094978	31.830495867493514
15	23.19863030998155	28.99308223916006	23.09821293788876	24.710074512969626
16	23.190558740564978	28.244893276133038	25.164480865436705	23.400067117865277
17	22.07131743088945	27.784255809131515	27.190204942482847	22.954221817496187
18	22.493427716036607	27.524027236382736	27.63753827020345	22.345006777377208
19	22.90044235528885	26.952947791972992	27.416218675800547	22.730391176937612
20	22.885371183528008	26.825207496603483	27.523062955500343	22.766358364368166
21	22.765981462703476	26.534293254556644	27.292482348765024	23.407242933974857
22	22.68966621784368	26.48956432712872	27.54535889163891	23.275410563388693
23	22.73911375832047	26.547166649077923	27.33424011631675	23.37947947628486
24	22.798708274783046	26.372357699063308	27.60819378345247	23.220740242701176
25	22.944158053566245	26.39368445949267	27.24301033415416	23.41914715278693
26	22.526041947099454	26.69292480195041	27.435195919359103	23.345837331591035
27	22.596409977380027	26.718138054870227	27.42257705583216	23.262874911917592
28	22.691066138312536	26.615938965817076	27.431554168209356	23.26144072766104
29	22.453569141288785	26.782891718794943	27.571957380547136	23.19158175936914
30	22.58001230755254	26.87037695844468	27.405249368909978	23.1443613650928
31	22.914461139284647	26.853881392080915	27.197116437944462	23.034541030689976
32	22.389652492749292	26.942218331596322	27.553650728262124	23.114478447392262
33	22.56079521748009	26.77757104204793	27.63496359129919	23.026670149172784
34	22.57244490529783	26.5430843635149	27.77216069207369	23.11231003911358
35	22.503251633452656	26.7663716782971	27.660421585559714	23.06995510269053
36	22.60145260414892	27.12116156637816	27.511642920669534	22.76574290880339
37	22.730318485944505	26.820879649109376	27.2948861351377	23.153915729808418
38	22.577433349881986	27.167471230268813	27.33236849035831	22.922726929490885
39	22.671883781570056	27.019357623420415	27.511407193685855	22.797351401323674
40	22.69091200931638	26.7709745758352	27.497743958026106	23.04036945682231
41	22.664235438768653	26.94444930487438	27.50997789084363	22.881337365513332
42	22.54322373228976	27.046145601432876	27.570593961805486	22.84003670447188
43	22.69951138766971	26.814522586762617	27.421627564223904	23.064338461343766
44	22.57521805998993	27.15910061234445	27.490491926848442	22.77518940081718
45	22.683024107957266	27.04237448793797	27.36803786270043	22.90656354140434
46	22.76430940683066	27.093617090895744	27.25044697819843	22.891626524075164
47	22.61428823420792	27.175282108380983	27.417062603941524	22.793367053469574
48	22.562920406779437	27.11185785045236	27.364290710204113	22.960931032564087
49	22.733865971121176	27.00076776839832	27.398023297918506	22.867342962562
50	22.65401651796094	27.14168051916942	27.390471287936148	22.813831674933496
51	22.72205351055561	27.15651402869736	27.315462229068537	22.80597023167849
52	22.724555460654347	27.13243475684488	27.280833313758723	22.86217646874205
53	22.606469567677408	27.037433358976276	27.445226244621008	22.910870828725308
54	22.76371168267496	27.326005605785724	27.27610719211433	22.634175519424986
55	22.758738251765763	27.07440886477692	27.239579364474586	22.927273518982734
56	22.837056297744425	27.28880754877955	27.15044647735278	22.723689676123247
57	22.6620263449086	27.17432520582812	27.273865512487045	22.889782936776236
58	22.65014594352363	27.039075294367965	27.307937831439638	23.00284093066877
59	22.578505772079787	27.167273416942407	27.333761955087756	22.92045885589005
60	22.710858847354963	27.18442418155905	27.32924848903323	22.775468482052762
61	22.87015513840412	27.176363863190588	27.191963198522394	22.761517799882895
62	22.781415295499436	27.333844312357	27.176849208227775	22.707891183915784
63	22.81099091200019	27.314657314821645	27.15609545119504	22.718256321983127
64	22.839105267472494	27.08400157712621	27.094975238488324	22.981917916912977
65	22.660326495029683	27.22121980264595	27.28004092182707	22.838412780497293
66	22.776249086430774	27.300594075857248	27.04898376585978	22.874173071852194
67	22.814435455923267	27.175939787967955	27.124843914895553	22.88478084121323
68	22.822919887317266	27.406722199385992	27.19145208902502	22.578905824271725
69	23.037809043881307	27.33212675915948	27.082082857532807	22.547981339426403
70	23.10564091453555	27.115589896872805	27.038123365703516	22.740645822888126
71	22.94112624505847	27.41147679585741	26.975611004374823	22.6717859547093
72	22.935815769379847	27.556450498542574	27.194287400796142	22.31344633128144
73	23.650222695503693	28.13933214808162	27.228033744484975	20.98241141192971
74	24.893000370135184	30.52537689835771	27.271118928849152	17.310503802657955
75	30.402007691751002	40.92967174251983	28.668320565729168	0.0
>>END_MODULE
>>Per base GC content	fail
#Base	%GC
1	71.30923495370405
2	44.6632053191566
3	50.802549975192846
4	49.90162821289344
5	30.833530839962652
6	49.339531228309795
7	50.21397245935483
8	46.24977948805202
9	64.80113884998589
10	38.16215014470087
11	54.1949008435353
12	45.23358896729531
13	53.69291187960762
14	52.65568339320359
15	47.90870482295118
16	46.59062585843025
17	45.02553924838564
18	44.838434493413814
19	45.63083353222646
20	45.651729547896174
21	46.17322439667833
22	45.96507678123237
23	46.118593234605335
24	46.01944851748422
25	46.363305206353175
26	45.87187927869049
27	45.85928488929762
28	45.952506865973575
29	45.645150900657924
30	45.72437367264534
31	45.94900216997463
32	45.50413094014156
33	45.58746536665287
34	45.68475494441141
35	45.573206736143185
36	45.36719551295231
37	45.884234215752926
38	45.50016027937287
39	45.46923518289373
40	45.7312814661387
41	45.54557280428199
42	45.38326043676164
43	45.763849849013475
44	45.350407460807105
45	45.589587649361604
46	45.65593593090582
47	45.40765528767749
48	45.523851439343524
49	45.601208933683175
50	45.46784819289444
51	45.528023742234105
52	45.58673192939639
53	45.517340396402716
54	45.397887202099945
55	45.68601177074849
56	45.560745973867675
57	45.55180928168483
58	45.6529868741924
59	45.49896462796983
60	45.48632732940772
61	45.63167293828702
62	45.48930647941522
63	45.52924723398332
64	45.82102318438547
65	45.49873927552698
66	45.650422158282964
67	45.699216297136495
68	45.40182571158899
69	45.58579038330771
70	45.846286737423675
71	45.61291219976777
72	45.249262100661284
73	44.632634107433404
74	42.20350417279314
75	30.402007691751002
>>END_MODULE
>>Per sequence GC content	warn
#GC Content	Count
0	5605.0
1	2846.5
2	109.0
3	165.0
4	199.5
5	277.0
6	431.0
7	624.0
8	744.5
9	910.5
10	1345.0
11	2087.5
12	2568.5
13	3149.5
14	4748.0
15	7426.0
16	9605.0
17	13588.5
18	22561.0
19	34652.0
20	43428.5
21	57264.5
22	84063.5
23	115117.5
24	136020.0
25	163197.0
26	210031.5
27	258982.0
28	291621.5
29	330844.5
30	393948.0
31	456328.0
32	497824.0
33	543694.0
34	620690.0
35	693233.0
36	735232.0
37	778481.0
38	827854.5
39	862212.0
40	886073.5
41	897509.0
42	902886.5
43	903403.0
44	906184.0
45	900733.5
46	879375.0
47	852682.5
48	839369.0
49	822820.5
50	788407.0
51	756441.5
52	740026.5
53	724701.5
54	697825.0
55	668756.5
56	651369.0
57	634238.0
58	598578.0
59	553636.5
60	516441.0
61	476065.5
62	424121.0
63	372907.0
64	333260.0
65	300311.5
66	255585.5
67	210544.0
68	179696.5
69	156374.0
70	127352.5
71	99210.5
72	80756.0
73	68478.5
74	54701.5
75	42381.5
76	34295.5
77	28667.5
78	22825.5
79	17610.5
80	14139.0
81	11928.5
82	9343.5
83	6772.5
84	5191.0
85	4295.0
86	3345.5
87	2508.5
88	2139.0
89	1970.5
90	1695.0
91	1497.0
92	1424.0
93	1347.5
94	1237.0
95	1216.0
96	1237.0
97	1313.5
98	1618.5
99	7808.5
100	13770.0
>>END_MODULE
>>Per base N content	pass
#Base	N-Count
1	0.30246686908768045
2	0.1635161046847572
3	0.06735405251776141
4	0.027687389504903674
5	0.02741335383642106
6	0.027227401061379292
7	0.027227401061379292
8	0.027227401061379292
9	0.027227401061379292
10	0.027227401061379292
11	0.027227401061379292
12	0.027227401061379292
13	0.027227401061379292
14	0.027227401061379292
15	0.027227401061379292
16	0.027227401061379292
17	0.027227401061379292
18	0.027227401061379292
19	0.027227401061379292
20	0.027227401061379292
21	0.027227401061379292
22	0.027227401061379292
23	0.027227401061379292
24	0.027227401061379292
25	0.027227401061379292
26	0.027227401061379292
27	0.027227401061379292
28	0.027227401061379292
29	0.027227401061379292
30	0.027227401061379292
31	0.027227401061379292
32	0.027227401061379292
33	0.027227401061379292
34	0.027227401061379292
35	0.027227401061379292
36	0.0
37	0.0
38	0.0
39	0.0
40	0.0
41	0.0
42	0.0
43	0.0
44	0.0
45	0.0
46	0.0
47	0.0
48	0.0
49	0.0
50	0.0
51	0.0
52	0.0
53	0.0
54	0.0
55	0.0
56	0.0
57	0.0
58	0.0
59	0.0
60	0.0
61	0.0
62	0.0
63	0.0
64	0.0
65	0.0
66	0.0
67	0.0
68	0.0
69	0.0
70	0.0
71	0.0
72	0.0
73	0.0
74	0.0
75	0.0
>>END_MODULE
>>Sequence Length Distribution	warn
#Length	Count
35	7432.0
36	3038.0
37	4232.0
38	4968.0
39	5988.0
40	6779.0
41	7524.0
42	8416.0
43	9499.0
44	10991.0
45	12528.0
46	13137.0
47	14171.0
48	14478.0
49	15542.0
50	15752.0
51	16473.0
52	17060.0
53	18188.0
54	19680.0
55	20938.0
56	21777.0
57	22954.0
58	23447.0
59	24230.0
60	24706.0
61	24883.0
62	25908.0
63	27250.0
64	29409.0
65	31110.0
66	31005.0
67	33276.0
68	34410.0
69	42344.0
70	57258.0
71	136991.0
72	500596.0
73	1427708.0
74	4459224.0
75	1.3209996E7
>>END_MODULE
>>Sequence Duplication Levels	warn
#Total Duplicate Percentage	35.06634279492119
#Duplication Level	Relative count
1	100.0
2	22.704302299112225
3	9.997723651263373
4	5.404051900751195
5	3.3082934972304425
6	2.1344563320434022
7	1.4234767433037407
8	1.000075878291221
9	0.7686470900675316
10++	5.01555504970028
>>END_MODULE
>>Overrepresented sequences	pass
>>END_MODULE
>>Kmer Content	warn
#Sequence	Count	Obs/Exp Overall	Obs/Exp Max	Max Obs/Exp Position
AAAAA	6532900	3.406458	7.3533964	71
CCTGG	3299380	2.964202	11.818871	3
TTTTT	5933720	2.8794105	5.050304	71
CCAGG	3138405	2.860412	12.150811	3
CCCAG	2980535	2.7428582	11.099664	2
CTGGG	2971605	2.644094	10.741631	4
CCAGC	2792515	2.5698316	6.2567005	3
CAGCA	3154105	2.5122328	6.8701057	4
GCTGG	2795400	2.4873092	6.988547	3
GGAGG	2762735	2.4699013	5.6666603	6
TGCTG	3219290	2.4675503	7.767181	2
TCCAG	3065405	2.4067307	8.669316	2
CAGGA	2959260	2.334411	9.951745	4
CAGCC	2522300	2.3211641	5.4028826	9
CTCCA	2920120	2.3148873	6.2829337	1
CTCCT	2952980	2.3075204	6.08934	1
AGGAG	2932465	2.291065	7.04687	5
CTGGA	2944365	2.2895052	8.89989	4
CTGCT	2943580	2.2780924	6.523141	9
GGCTG	2546005	2.2654011	8.277439	7
TCCTG	2924675	2.2634616	8.870131	2
AGCAG	2839270	2.2397563	5.486448	7
GCTGC	2472525	2.2213454	5.6659813	8
CCTGC	2440780	2.2140818	6.165165	3
CTGCA	2816440	2.2112613	6.7676406	4
GGCAG	2441660	2.204018	6.259134	7
CTGCC	2417215	2.1927054	5.678375	9
GCAGG	2408895	2.1744418	6.763368	3
TGCAG	2784120	2.1649008	7.1819525	2
CAGAG	2734450	2.1570694	7.6675024	4
CCCTG	2377300	2.1564975	9.113444	2
CTCTG	2774730	2.147416	7.5653567	2
GCCTG	2338905	2.1012998	6.5700235	7
TGGAG	2716790	2.0922642	6.5965257	5
CAGGG	2290775	2.0678184	9.312337	4
AGCTG	2658055	2.0668738	5.8034425	7
CACAG	2541110	2.0239844	7.16518	7
CAGAA	2934070	2.0226872	5.444956	4
CTGGC	2234715	2.0076942	5.533684	4
GCCAG	2201180	2.006204	5.2034097	2
CCCCA	2154820	2.0022101	6.6637373	1
CAGGC	2186855	1.993148	5.9426003	4
GGAGA	2545070	1.9884025	5.528084	6
CTGTG	2588410	1.9839876	9.01978	9
CTCAG	2508770	1.9697018	6.286052	2
GGGAG	2179005	1.9480433	5.4283075	7
CTGAG	2471520	1.9218264	6.0216823	4
TTCTG	2910115	1.9214811	5.2397223	2
CCAGA	2360565	1.8801812	6.648089	3
CCTCT	2384400	1.8632201	5.684956	1
GGCCA	2026390	1.8468966	6.1968074	1
TGGGG	2069505	1.8237393	6.3301044	5
TCTGG	2362495	1.8108262	6.4381394	3
CACTG	2283995	1.7932248	7.5323677	7
ACCTG	2258725	1.7733847	5.401219	7
CAGTG	2274320	1.7684859	6.5415587	9
AGAGG	2251375	1.7589456	5.211551	5
TGGCC	1940185	1.7430851	5.590555	5
CCTGA	2202780	1.7294607	5.61168	3
ACAGA	2436660	1.6797832	5.848209	8
GCCCA	1819760	1.6746467	7.014326	1
GAGAG	2130120	1.6642119	5.3348207	7
TCAGG	2133140	1.6587057	5.9026494	3
CCTGT	2062830	1.5964633	5.450844	8
AGGTG	2043590	1.5738169	5.2061243	7
GGGCC	1506695	1.5713782	5.249524	6
TGGGC	1744310	1.5520636	6.303361	5
GTGTG	2039930	1.5485727	8.025835	1
TGTGT	2345125	1.5335656	5.923927	10
ACACA	2199065	1.5306854	6.3829703	6
CACAC	1837370	1.4776442	6.655287	5
ACAGC	1835895	1.4622835	5.6421866	8
GCTGT	1900220	1.4564977	5.312426	8
CTGTC	1870395	1.4475341	5.8323755	9
GCCCT	1586135	1.4388156	6.0596704	1
GGGCT	1604045	1.4272578	5.9929557	6
GACAG	1798040	1.4183828	7.054162	7
AGACA	2021380	1.3934976	5.4574594	6
AGGGC	1496625	1.3509614	5.651807	5
GGACA	1626470	1.28304	6.1452746	6
GTCCT	1612740	1.2481301	7.7789693	1
ACTGC	1580805	1.2411319	5.2652407	8
GTGCT	1607815	1.2323725	6.6361375	1
GTCCA	1516925	1.1909779	6.790335	1
AGGAC	1493290	1.177981	7.3489566	5
TGTGC	1528380	1.1714864	5.6489954	10
AGCAC	1465795	1.1675001	5.4839096	5
GTCTT	1740835	1.1494329	5.292871	1
TGGAC	1393485	1.0835584	6.107085	5
ACAGT	1591840	1.081717	5.7342944	8
GTGCA	1389000	1.080071	6.215528	1
ACTGT	1595810	1.0689349	6.493109	8
GACTG	1351175	1.0506586	6.067075	7
TGCAC	1337230	1.0498947	5.552321	5
ACACT	1414525	0.97054213	5.1116967	6
GGACT	1220160	0.94878286	5.268017	6
GTGTA	980830	0.6506901	5.788597	1
>>END_MODULE
