##FastQC	0.10.1
>>Basic Statistics	pass
#Measure	Value	
Filename	005-primary_S6_L001_R1_001.fastq.gz	
File type	Conventional base calls	
Encoding	Sanger / Illumina 1.9	
Total Sequences	30996338	
Filtered Sequences	0	
Sequence length	35-75	
%GC	45	
>>END_MODULE
>>Per base sequence quality	pass
#Base	Mean	Median	Lower Quartile	Upper Quartile	10th Percentile	90th Percentile
1	31.30582448158876	32.0	32.0	32.0	32.0	32.0
2	31.372747709745582	32.0	32.0	32.0	32.0	32.0
3	31.448847828411214	32.0	32.0	32.0	32.0	32.0
4	31.53542650747969	32.0	32.0	32.0	32.0	32.0
5	31.49129364894653	32.0	32.0	32.0	32.0	32.0
6	35.06805397463403	36.0	36.0	36.0	36.0	36.0
7	35.081657775186216	36.0	36.0	36.0	36.0	36.0
8	35.02494475315116	36.0	36.0	36.0	36.0	36.0
9	35.15656749516669	36.0	36.0	36.0	36.0	36.0
10	35.04060269958342	36.0	36.0	36.0	36.0	36.0
11	35.13595912523602	36.0	36.0	36.0	36.0	36.0
12	35.068992891999045	36.0	36.0	36.0	36.0	36.0
13	35.10552711097679	36.0	36.0	36.0	36.0	36.0
14	35.082522070833015	36.0	36.0	36.0	36.0	36.0
15	35.03945856442784	36.0	36.0	36.0	36.0	36.0
16	35.05448892059442	36.0	36.0	36.0	36.0	36.0
17	35.04962605582634	36.0	36.0	36.0	36.0	36.0
18	35.05247781205638	36.0	36.0	36.0	36.0	36.0
19	35.04211462012061	36.0	36.0	36.0	36.0	36.0
20	35.04404855825227	36.0	36.0	36.0	36.0	36.0
21	35.0320231054391	36.0	36.0	36.0	36.0	36.0
22	35.01970477931941	36.0	36.0	36.0	36.0	36.0
23	34.9953871002439	36.0	36.0	36.0	36.0	36.0
24	34.98637764886936	36.0	36.0	36.0	36.0	36.0
25	34.97137710267581	36.0	36.0	36.0	36.0	36.0
26	34.924018475989	36.0	36.0	36.0	36.0	36.0
27	34.9104207729313	36.0	36.0	36.0	36.0	36.0
28	34.89705103228646	36.0	36.0	36.0	36.0	36.0
29	34.886268210135015	36.0	36.0	36.0	36.0	36.0
30	34.8648787156728	36.0	36.0	36.0	36.0	36.0
31	34.84867605973325	36.0	36.0	36.0	36.0	36.0
32	34.83175731920332	36.0	36.0	36.0	36.0	36.0
33	34.81638114799239	36.0	36.0	36.0	36.0	36.0
34	34.82291353255988	36.0	36.0	36.0	36.0	36.0
35	34.810057723593026	36.0	36.0	36.0	36.0	36.0
36	34.86418829202932	36.0	36.0	36.0	36.0	36.0
37	34.84844072520197	36.0	36.0	36.0	36.0	36.0
38	34.834734084985705	36.0	36.0	36.0	36.0	36.0
39	34.834358641468775	36.0	36.0	36.0	36.0	36.0
40	34.82226845835852	36.0	36.0	36.0	36.0	36.0
41	34.810557222423895	36.0	36.0	36.0	36.0	36.0
42	34.79619140240834	36.0	36.0	36.0	36.0	36.0
43	34.7803211453406	36.0	36.0	36.0	32.0	36.0
44	34.76984104146648	36.0	36.0	36.0	32.0	36.0
45	34.761964093504815	36.0	36.0	36.0	32.0	36.0
46	34.75479376215443	36.0	36.0	36.0	32.0	36.0
47	34.74726245638007	36.0	36.0	36.0	32.0	36.0
48	34.727674535775	36.0	36.0	36.0	32.0	36.0
49	34.702912142170035	36.0	36.0	36.0	32.0	36.0
50	34.68839745509889	36.0	36.0	36.0	32.0	36.0
51	34.67367013401904	36.0	36.0	36.0	32.0	36.0
52	34.662193245736184	36.0	36.0	36.0	32.0	36.0
53	34.637152776263484	36.0	36.0	36.0	32.0	36.0
54	34.61085548062004	36.0	36.0	36.0	32.0	36.0
55	34.59319917559382	36.0	36.0	36.0	32.0	36.0
56	34.57828482240717	36.0	36.0	36.0	32.0	36.0
57	34.554051915601356	36.0	36.0	36.0	32.0	36.0
58	34.52742898615616	36.0	36.0	36.0	32.0	36.0
59	34.51078483475023	36.0	36.0	36.0	32.0	36.0
60	34.49032340576455	36.0	36.0	36.0	32.0	36.0
61	34.4587280184251	36.0	36.0	36.0	32.0	36.0
62	34.43465724587277	36.0	36.0	36.0	32.0	36.0
63	34.40297712077933	36.0	36.0	36.0	32.0	36.0
64	34.38288154360084	36.0	36.0	36.0	32.0	36.0
65	34.34375110607847	36.0	36.0	36.0	32.0	36.0
66	34.311098443105465	36.0	36.0	36.0	32.0	36.0
67	34.29095648817402	36.0	36.0	36.0	32.0	36.0
68	34.26275428346523	36.0	36.0	36.0	32.0	36.0
69	34.234480798219245	36.0	36.0	36.0	32.0	36.0
70	34.21437049825277	36.0	36.0	36.0	32.0	36.0
71	34.161785492472106	36.0	36.0	36.0	32.0	36.0
72	34.147966449227845	36.0	36.0	36.0	32.0	36.0
73	34.12326203725525	36.0	36.0	36.0	32.0	36.0
74	34.06960175825157	36.0	36.0	36.0	32.0	36.0
75	33.298073651665206	36.0	36.0	36.0	27.0	36.0
>>END_MODULE
>>Per sequence quality scores	pass
#Quality	Count
2	66836.0
3	0.0
4	0.0
5	0.0
6	0.0
7	0.0
8	0.0
9	0.0
10	0.0
11	0.0
12	0.0
13	0.0
14	0.0
15	1.0
16	3.0
17	8.0
18	66.0
19	442.0
20	1997.0
21	6961.0
22	15969.0
23	32123.0
24	58604.0
25	103173.0
26	167979.0
27	256258.0
28	370224.0
29	509057.0
30	678083.0
31	895743.0
32	1228896.0
33	1916781.0
34	4415102.0
35	2.0272032E7
>>END_MODULE
>>Per base sequence content	fail
#Base	G	A	T	C
1	41.6805724846156	18.91920440367409	12.617842450981364	26.78238066072894
2	15.884488521511026	20.04810752776406	36.22553033009335	27.841873620631564
3	18.383541246578066	21.76974354602131	28.788117306956952	31.05859790044368
4	12.982255582388621	15.484688372932743	35.71727407702846	35.815781967650175
5	14.697229848705614	35.146708796022644	34.30077535680982	15.855285998461921
6	34.107758836449385	35.42952214640201	16.298776881148463	14.163942136000138
7	30.064132313318805	29.840992549053663	20.74946327928934	19.345411858338192
8	26.198342928379514	34.91332967469052	19.987066070446268	18.90126132648369
9	24.516968395578353	15.95593782296573	20.035437557253566	39.49165622420235
10	14.111825736330227	27.75778876987306	34.84129180365967	23.289093690137044
11	34.29098674444882	22.87016871974183	23.51883190189857	19.320012633910775
12	21.9887556423054	24.34148019563333	30.8716333287961	22.79813083326517
13	27.376005789696467	20.75660759067384	26.421051174952215	25.446335444677477
14	20.48472074506565	20.569594807263197	27.353493145912676	31.592191301758476
15	22.681985253940866	29.37630643951254	23.457672297410458	24.484036009136137
16	22.624845689001237	28.94717204867262	25.285318943237932	23.142663319088214
17	21.45260480617946	28.29930525116518	27.53539224141039	22.71269770124497
18	21.942253192070922	28.104453337990837	27.919618857126196	22.03367461281205
19	22.281884801668102	27.539969698177725	27.88792237881171	22.290223121342468
20	22.39914233068126	27.347999571799043	27.795269763208815	22.45758833431088
21	22.35441393810289	27.031468253484565	27.650802766253268	22.96331504215928
22	22.20884125454073	26.871784097914027	27.93366993105806	22.98570471648719
23	22.316452150359844	26.97410375646132	27.644038551246403	23.065405541932428
24	22.34590780026138	26.85038381801298	27.82962687210418	22.97408150962146
25	22.510602794853884	26.82458034594654	27.515183396221293	23.14963346297828
26	22.16065748488288	27.076446300363973	27.68657898209936	23.076317232653796
27	22.128089873545328	27.094060550991088	27.785193566970463	22.99265600849312
28	22.31041741312227	26.975668732073345	27.766599669144366	22.947314185660023
29	21.994924262423297	27.18042761448255	27.911335118791946	22.913313004302204
30	22.254861203660973	27.235585937128686	27.637383276439014	22.872169582771328
31	22.493614672489713	27.28617162992149	27.473497633424554	22.74671606416424
32	22.04486835901852	27.254134256671836	27.828511432224158	22.87248595208549
33	22.16115862453912	27.09105047989457	27.88093710658516	22.86685378898115
34	22.20878952399557	26.79837522117233	28.04023808724757	22.95259716758453
35	22.130088654543695	27.079164442791363	27.840486355223682	22.950260547441257
36	22.359032993406444	27.519120199986784	27.5541836335139	22.56766317309287
37	22.446232375407675	27.26198550986247	27.51375117167442	22.778030943055434
38	22.301987419555882	27.49018242406187	27.539308009082365	22.668522147299885
39	22.29226628525819	27.3677494455027	27.721204323769904	22.618779945469207
40	22.291450985393645	27.148871972030136	27.66368297179133	22.895994070784887
41	22.344425196348986	27.325691951325076	27.638555246362856	22.691327605963078
42	22.29189998460734	27.32551817190711	27.66621990412806	22.716361939357494
43	22.416372059993627	27.07867086499642	27.54379884256692	22.961158232443037
44	22.350496651193154	27.40263290024108	27.60742859614923	22.639441852416528
45	22.37972609757348	27.33433655542306	27.52019640580297	22.765740941200484
46	22.504431421768423	27.505209476502518	27.35919333076374	22.631165770965314
47	22.23407180056681	27.58132156859341	27.5697290874793	22.614877543360485
48	22.25139174426156	27.435704269339432	27.512432419016577	22.80047156738243
49	22.34518359030215	27.34145945828834	27.638550600799753	22.674806350609753
50	22.395293495188355	27.36980975252672	27.543008182130414	22.69188857015451
51	22.49462364013155	27.40708274450345	27.44002741786749	22.65826619749751
52	22.443009201406937	27.338770656066053	27.46746818873167	22.750751953795334
53	22.37241381809052	27.36600658912328	27.520700626579288	22.740878966206907
54	22.518799129011292	27.581436983318163	27.406207589680104	22.49355629799044
55	22.51547989497247	27.443705544839105	27.339513814231537	22.70130074595689
56	22.57773905818944	27.584461119049315	27.301669571143794	22.536130251617458
57	22.327362807998938	27.479638507066355	27.528073794800136	22.66492489013457
58	22.314797394144538	27.264638706676507	27.604015968239732	22.816547930939223
59	22.217664544364148	27.440991462696516	27.617658597980206	22.72368539495913
60	22.42818093034027	27.497038278268455	27.508134971079762	22.566645820311514
61	22.581977231862986	27.553370196622005	27.325836982537055	22.538815588977947
62	22.46469389260244	27.68562626448886	27.28903581035564	22.560644032553064
63	22.47569814181899	27.62412663299311	27.348958678199907	22.551216546987987
64	22.482576611440276	27.397194038887168	27.362578046661046	22.75765130301151
65	22.29010250558163	27.459547781260802	27.57034449211745	22.68000522104012
66	22.431941243055157	27.469704749737684	27.34552559418474	22.75282841302242
67	22.36263568275751	27.52103042849076	27.44121761216684	22.67511627658489
68	22.44544525327675	27.711576390067126	27.426033880014916	22.41694447664121
69	22.680530075126462	27.670716898936732	27.296720713235445	22.352032312701358
70	22.644838085851404	27.519757165853342	27.29879710401554	22.53660764427971
71	22.556242352409864	27.689655563967236	27.22205389279137	22.53204819083153
72	22.543418099931294	27.848547229447444	27.503586971319034	22.104447699302227
73	23.157984750412467	28.399036671705367	27.5786354680601	20.864343109822066
74	24.44730704842245	30.788094385749964	27.572153877585947	17.19244468824164
75	29.805633456932302	41.09540588810483	29.09896065496287	0.0
>>END_MODULE
>>Per base GC content	fail
#Base	%GC
1	68.46295314534454
2	43.72636214214259
3	49.44213914702174
4	48.79803755003879
5	30.552515847167538
6	48.27170097244953
7	49.409544171657
8	45.09960425486321
9	64.0086246197807
10	37.40091942646727
11	53.6109993783596
12	44.78688647557057
13	52.82234123437395
14	52.076912046824134
15	47.166021263077006
16	45.767509008089455
17	44.16530250742443
18	43.97592780488297
19	44.57210792301057
20	44.85673066499214
21	45.31772898026217
22	45.19454597102792
23	45.38185769229227
24	45.31998930988284
25	45.66023625783217
26	45.236974717536675
27	45.12074588203845
28	45.25773159878229
29	44.9082372667255
30	45.1270307864323
31	45.24033073665395
32	44.917354311104006
33	45.028012413520266
34	45.1613866915801
35	45.08034920198495
36	44.92669616649931
37	45.22426331846311
38	44.97050956685577
39	44.9110462307274
40	45.18744505617853
41	45.03575280231207
42	45.00826192396484
43	45.37753029243666
44	44.989938503609686
45	45.145467038773965
46	45.13559719273374
47	44.848949343927295
48	45.05186331164399
49	45.0199899409119
50	45.087182065342866
51	45.15288983762906
52	45.193761155202274
53	45.11329278429743
54	45.01235542700173
55	45.21678064092936
56	45.113869309806894
57	44.99228769813351
58	45.13134532508376
59	44.941349939323274
60	44.99482675065178
61	45.12079282084094
62	45.0253379251555
63	45.02691468880698
64	45.240227914451786
65	44.97010772662175
66	45.18476965607758
67	45.0377519593424
68	44.86238972991796
69	45.03256238782782
70	45.18144573013112
71	45.08829054324139
72	44.64786579923352
73	44.02232786023453
74	41.63975173666409
75	29.805633456932302
>>END_MODULE
>>Per sequence GC content	warn
#GC Content	Count
0	66848.0
1	33439.0
2	37.0
3	87.0
4	137.5
5	201.5
6	349.0
7	662.5
8	906.5
9	1141.5
10	2019.0
11	3554.5
12	4526.0
13	6185.5
14	10212.5
15	16334.0
16	21304.0
17	29901.5
18	47748.0
19	70251.5
20	86351.5
21	111705.0
22	157967.0
23	209532.0
24	245268.0
25	290580.5
26	366295.0
27	442322.5
28	493921.5
29	556062.5
30	651980.5
31	742782.5
32	803603.5
33	873193.5
34	982109.0
35	1083304.0
36	1147343.0
37	1213799.5
38	1289427.0
39	1346196.0
40	1384956.0
41	1403062.0
42	1408205.5
43	1399282.0
44	1393490.0
45	1378713.0
46	1339662.0
47	1294079.0
48	1268698.0
49	1236631.0
50	1183390.5
51	1136122.0
52	1110608.5
53	1095029.5
54	1065419.0
55	1033752.0
56	1015864.5
57	994129.0
58	946962.0
59	882446.0
60	823266.0
61	755536.0
62	671499.0
63	589403.5
64	522901.5
65	466118.0
66	392399.5
67	319416.0
68	267409.0
69	226524.0
70	181388.0
71	138632.0
72	108988.0
73	88886.0
74	67672.5
75	49326.5
76	37251.5
77	29008.5
78	20853.5
79	14218.0
80	10242.5
81	7744.5
82	5230.0
83	3262.5
84	2297.5
85	1819.5
86	1329.0
87	901.0
88	676.5
89	570.0
90	450.0
91	343.0
92	297.0
93	424.0
94	436.0
95	234.0
96	151.5
97	106.5
98	54.0
99	76.5
100	108.0
>>END_MODULE
>>Per base N content	pass
#Base	N-Count
1	0.2175644103506679
2	0.2157512929430567
3	0.21567386444166403
4	0.21562547162829365
5	0.21562547162829365
6	0.22949162575269375
7	0.21565128112875787
8	0.21562547162829365
9	0.21981306307861267
10	0.21563515019096774
11	0.21577065006840485
12	0.21630942339059536
13	0.21586420950758767
14	0.21609972119932358
15	0.21568354300433812
16	0.2158835666329358
17	0.21625457820210892
18	0.21629651864036328
19	0.21565450731631589
20	0.21594486419653833
21	0.21566741206654796
22	0.21562547162829365
23	0.21586420950758767
24	0.21562547162829365
25	0.21613198307490386
26	0.21562547162829365
27	0.21562547162829365
28	0.21562547162829365
29	0.21564805494119982
30	0.2163610423915238
31	0.21562547162829365
32	0.21562547162829365
33	0.21562547162829365
34	0.21562547162829365
35	0.2156577335038739
36	0.0
37	0.0
38	0.0
39	0.0
40	0.0
41	0.0
42	0.0
43	0.0
44	0.0
45	0.0
46	0.0
47	0.0
48	0.0
49	0.0
50	0.0
51	0.0
52	0.0
53	0.0
54	0.0
55	0.0
56	0.0
57	0.0
58	0.0
59	0.0
60	0.0
61	0.0
62	0.0
63	0.0
64	0.0
65	0.0
66	0.0
67	0.0
68	0.0
69	8.180604121964556E-5
70	0.0
71	0.0
72	0.0
73	0.0
74	0.0
75	0.0
>>END_MODULE
>>Sequence Length Distribution	warn
#Length	Count
35	89496.0
36	33291.0
37	42366.0
38	45643.0
39	49602.0
40	50653.0
41	53802.0
42	57104.0
43	62021.0
44	68453.0
45	73293.0
46	75115.0
47	77124.0
48	78466.0
49	80745.0
50	81632.0
51	83408.0
52	85606.0
53	89189.0
54	95097.0
55	96829.0
56	98446.0
57	100239.0
58	100871.0
59	102052.0
60	102340.0
61	102184.0
62	105779.0
63	109107.0
64	114381.0
65	117821.0
66	116582.0
67	119774.0
68	122544.0
69	132398.0
70	153857.0
71	268172.0
72	769574.0
73	2063990.0
74	6248443.0
75	1.8478849E7
>>END_MODULE
>>Sequence Duplication Levels	warn
#Total Duplicate Percentage	40.48628920891693
#Duplication Level	Relative count
1	100.0
2	25.13797961382282
3	12.41153559293942
4	7.203115936023867
5	4.676390154968095
6	3.1432833347145106
7	2.2814286898151983
8	1.6383525316980194
9	1.298582912074252
10++	7.950609099196154
>>END_MODULE
>>Overrepresented sequences	warn
#Sequence	Count	Percentage	Possible Source
NNNNNNNNNNNNNNNNNNNNNNNNNNNNNNNNNNN	66836	0.21562547162829365	No Hit
>>END_MODULE
>>Kmer Content	warn
#Sequence	Count	Obs/Exp Overall	Obs/Exp Max	Max Obs/Exp Position
AAAAA	11094200	3.6175	6.8916373	71
TTTTT	10435870	3.270746	5.8607793	71
CCTGG	4919665	3.1156325	11.769385	3
CCAGG	4689250	2.9933188	12.989487	3
CCCAG	4539145	2.8766334	11.677665	2
CTGGG	4447360	2.8369532	10.072725	4
CCAGC	4226505	2.6785011	6.861966	3
GGAGG	4024180	2.6061852	5.9361773	6
GCTGG	4038805	2.5763376	5.9815793	3
TCCAG	4606000	2.4571452	9.590077	2
CAGCA	4510330	2.4252362	6.7893753	4
CAGCC	3819515	2.4205756	5.7467556	9
CAGGA	4438155	2.4037392	10.62421	4
CTCCA	4492795	2.3794925	7.3435087	1
TGCTG	4455070	2.3749893	6.417339	2
AGGAG	4351450	2.3738759	7.4897056	5
GGCTG	3675415	2.3445327	8.3919525	7
CTCCT	4419270	2.322092	6.7032266	1
TCCTG	4383450	2.3199792	9.348381	2
CTGGA	4316095	2.3191938	8.6637535	4
CTGCA	4242335	2.263142	6.767326	4
GGCAG	3515295	2.2602189	6.2962737	7
CCTGC	3570060	2.244642	6.410926	3
TGCAG	4161760	2.2362638	6.7227216	2
GCAGG	3467605	2.2295556	6.429072	3
CTGCC	3513470	2.2090616	5.765312	9
CAGAG	4078635	2.2090204	7.652228	4
GCCTG	3469865	2.1974719	7.296568	7
AGCAG	4008335	2.1709452	5.5940943	7
TGGAG	4000775	2.165356	6.4899135	5
CCCTG	3439240	2.1623902	8.676114	2
CTGCT	4075700	2.1570997	6.5547924	9
CTCTG	4053605	2.145406	7.2172246	2
CAGGG	3280590	2.1093113	8.940839	4
GCTGC	3328805	2.1081383	5.7075605	8
AGCTG	3908540	2.1001995	5.941539	7
CAGGC	3255495	2.078101	6.200671	4
GGAGA	3742035	2.0414176	5.7245917	6
GCCAG	3190500	2.0366123	5.217011	2
CTGGC	3210335	2.033111	5.3271685	4
GGGAG	3128690	2.0262377	5.3969584	7
CACAG	3743840	2.0130892	7.0565495	7
CAGAA	4396160	2.005647	5.553052	4
CTCAG	3731205	1.9904716	6.205312	2
CTGTG	3715655	1.9808089	8.760122	9
CTGAG	3658445	1.9658147	5.752471	4
CCCCA	3110875	1.9572841	6.7504077	1
TTCTG	4328905	1.9286014	5.2009416	2
CCAGA	3520640	1.8930731	6.947567	3
GGCCA	2950940	1.8836923	5.9797416	1
TCTGG	3441855	1.8348465	6.142648	3
TGGGG	2854490	1.8340768	5.569523	5
CCTCT	3466525	1.8214751	5.31486	1
CACTG	3408140	1.8181273	7.485041	7
CAGTG	3367180	1.8093073	6.5013742	9
ACCTG	3375180	1.8005441	5.3309197	7
TGGCC	2831040	1.7929026	5.575247	5
CCTGA	3281535	1.7505877	5.6643453	3
GCCCA	2715490	1.7209122	7.2068005	1
TCAGG	3175700	1.7064184	5.9539003	3
ACAGA	3671020	1.6748188	5.8607626	8
GAGAG	3016915	1.6458379	5.3805714	7
AGGTG	3026460	1.6380234	5.2476606	7
TGGGC	2564185	1.6356833	6.1178274	5
GGCCT	2556590	1.6190931	5.0288982	6
CCTGT	3057315	1.6181105	5.3811984	8
AGCCT	3024615	1.6135297	5.3148003	6
ACAGG	2967815	1.6073917	5.0399437	8
GGGCC	2073895	1.5715934	5.091104	6
AGGCT	2837620	1.5247555	5.0901237	6
ACAGC	2704610	1.454288	5.7817855	8
GCTGT	2702835	1.4408764	5.115197	8
GACAG	2656655	1.438865	7.184148	7
CTGTC	2711625	1.4351511	5.7287445	9
GCCCT	2258050	1.419728	5.3919826	1
GGGCT	2222490	1.4177176	5.685769	6
ACACA	3104990	1.4063783	5.7927203	6
GTGTG	2573090	1.3816601	5.7699404	1
CACAC	2578875	1.3766923	6.2989244	5
AGACA	2996175	1.366936	5.648363	6
AGGGC	2119065	1.362489	5.3987727	5
ACTGC	2419285	1.2906067	5.4454017	8
GGACA	2326750	1.2601858	6.000376	6
GTGCT	2274435	1.212497	5.3261943	1
GTCCT	2234985	1.1828853	6.233933	1
GTCCA	2206275	1.176973	6.544602	1
AGCAC	2164935	1.1641008	5.517277	5
TGTGC	2156245	1.1494901	5.1362424	10
AGGAC	2119535	1.1479566	6.5393896	5
TGGAC	2036630	1.0943547	6.0096803	5
TGCAC	2040205	1.0883802	5.571923	5
GTGCA	2019175	1.0849756	5.6204743	1
ACAGT	2328410	1.0539055	5.554302	8
GACTG	1960015	1.0531868	6.263755	7
ACTGT	2321550	1.0425127	6.2600765	8
GCACT	1947445	1.038896	5.0847816	6
AGACT	2239335	1.0135875	5.4234123	6
GGACT	1787210	0.9603324	5.3627634	6
GTGTA	1361185	0.6156864	5.235751	1
>>END_MODULE
