##FastQC	0.10.1
>>Basic Statistics	pass
#Measure	Value	
Filename	KS25_S6_L002_R2_001.fastq.gz	
File type	Conventional base calls	
Encoding	Sanger / Illumina 1.9	
Total Sequences	14444830	
Filtered Sequences	0	
Sequence length	35-75	
%GC	46	
>>END_MODULE
>>Per base sequence quality	pass
#Base	Mean	Median	Lower Quartile	Upper Quartile	10th Percentile	90th Percentile
1	31.371082318033512	32.0	32.0	32.0	32.0	32.0
2	31.184948940209058	32.0	32.0	32.0	32.0	32.0
3	31.255873139386203	32.0	32.0	32.0	32.0	32.0
4	31.28283635044511	32.0	32.0	32.0	32.0	32.0
5	31.28844853141228	32.0	32.0	32.0	32.0	32.0
6	35.00605206153343	36.0	36.0	36.0	36.0	36.0
7	34.99093786496622	36.0	36.0	36.0	36.0	36.0
8	34.944475082088196	36.0	36.0	36.0	36.0	36.0
9	35.00847805062434	36.0	36.0	36.0	36.0	36.0
10	34.876598409257845	36.0	36.0	36.0	36.0	36.0
11	35.002581061874736	36.0	36.0	36.0	36.0	36.0
12	34.918890911142604	36.0	36.0	36.0	36.0	36.0
13	34.951634598676485	36.0	36.0	36.0	36.0	36.0
14	34.89401155984529	36.0	36.0	36.0	36.0	36.0
15	34.87667850711985	36.0	36.0	36.0	36.0	36.0
16	34.879082550642686	36.0	36.0	36.0	36.0	36.0
17	34.86273317166073	36.0	36.0	36.0	36.0	36.0
18	34.84961512181175	36.0	36.0	36.0	36.0	36.0
19	34.84429086392848	36.0	36.0	36.0	36.0	36.0
20	34.825664753410045	36.0	36.0	36.0	36.0	36.0
21	34.81041036827709	36.0	36.0	36.0	36.0	36.0
22	34.80583274431059	36.0	36.0	36.0	36.0	36.0
23	34.78768618253036	36.0	36.0	36.0	36.0	36.0
24	34.78254226598721	36.0	36.0	36.0	36.0	36.0
25	34.75712625209158	36.0	36.0	36.0	36.0	36.0
26	34.74255598715942	36.0	36.0	36.0	32.0	36.0
27	34.727354562151305	36.0	36.0	36.0	32.0	36.0
28	34.717942267233326	36.0	36.0	36.0	32.0	36.0
29	34.694785677643836	36.0	36.0	36.0	32.0	36.0
30	34.67297676746628	36.0	36.0	36.0	32.0	36.0
31	34.66339036181111	36.0	36.0	36.0	32.0	36.0
32	34.64405472407775	36.0	36.0	36.0	32.0	36.0
33	34.63122452808375	36.0	36.0	36.0	32.0	36.0
34	34.61781460910235	36.0	36.0	36.0	32.0	36.0
35	34.60526686710747	36.0	36.0	36.0	32.0	36.0
36	34.612273260478496	36.0	36.0	36.0	32.0	36.0
37	34.59936673817657	36.0	36.0	36.0	32.0	36.0
38	34.58285271177302	36.0	36.0	36.0	32.0	36.0
39	34.55656013875805	36.0	36.0	36.0	32.0	36.0
40	34.55371098196462	36.0	36.0	36.0	32.0	36.0
41	34.53211131539536	36.0	36.0	36.0	32.0	36.0
42	34.533417036046444	36.0	36.0	36.0	32.0	36.0
43	34.51025647639677	36.0	36.0	36.0	32.0	36.0
44	34.481664839100546	36.0	36.0	36.0	32.0	36.0
45	34.46184860669019	36.0	36.0	36.0	32.0	36.0
46	34.42975502167673	36.0	36.0	36.0	32.0	36.0
47	34.41647034110024	36.0	36.0	36.0	32.0	36.0
48	34.391212380294235	36.0	36.0	36.0	32.0	36.0
49	34.364012307470865	36.0	36.0	36.0	32.0	36.0
50	34.3408076376842	36.0	36.0	36.0	32.0	36.0
51	34.32561801836284	36.0	36.0	36.0	32.0	36.0
52	34.29922127126671	36.0	36.0	36.0	32.0	36.0
53	34.26301818439114	36.0	36.0	36.0	32.0	36.0
54	34.22879714980514	36.0	36.0	36.0	32.0	36.0
55	34.19359606145728	36.0	36.0	36.0	32.0	36.0
56	34.17460802131351	36.0	36.0	36.0	32.0	36.0
57	34.145368615845555	36.0	36.0	36.0	32.0	36.0
58	34.11487795349219	36.0	36.0	36.0	32.0	36.0
59	34.085820121348796	36.0	36.0	36.0	32.0	36.0
60	34.04951473477957	36.0	36.0	36.0	32.0	36.0
61	34.012809373711576	36.0	36.0	36.0	32.0	36.0
62	33.981894582261916	36.0	36.0	36.0	32.0	36.0
63	33.97210251779091	36.0	36.0	36.0	32.0	36.0
64	33.93145139601222	36.0	36.0	36.0	32.0	36.0
65	33.895378125821544	36.0	36.0	36.0	32.0	36.0
66	33.85992319025371	36.0	36.0	36.0	32.0	36.0
67	33.833472731246886	36.0	36.0	36.0	27.0	36.0
68	33.79579073656758	36.0	36.0	36.0	27.0	36.0
69	33.77166947931773	36.0	36.0	36.0	27.0	36.0
70	33.73746783309942	36.0	36.0	36.0	27.0	36.0
71	33.70808579706124	36.0	36.0	36.0	27.0	36.0
72	33.68513977722119	36.0	36.0	36.0	27.0	36.0
73	33.65048802720708	36.0	36.0	36.0	27.0	36.0
74	33.59125540474901	36.0	36.0	36.0	27.0	36.0
75	32.495019888094845	36.0	32.0	36.0	14.0	36.0
>>END_MODULE
>>Per sequence quality scores	pass
#Quality	Count
2	15918.0
3	0.0
4	0.0
5	0.0
6	0.0
7	0.0
8	0.0
9	0.0
10	0.0
11	0.0
12	0.0
13	1.0
14	1391.0
15	3656.0
16	5955.0
17	8902.0
18	12496.0
19	16228.0
20	21230.0
21	27768.0
22	37256.0
23	50615.0
24	69227.0
25	94981.0
26	127364.0
27	165004.0
28	209972.0
29	263223.0
30	331878.0
31	424389.0
32	576265.0
33	881915.0
34	1912811.0
35	9186385.0
>>END_MODULE
>>Per base sequence content	fail
#Base	G	A	T	C
1	51.45787742920211	16.102147636389365	6.859707673269168	25.580267261139362
2	18.76595235862946	20.43832548110117	35.35402499274274	25.441697167526634
3	20.26667341502545	21.03020398994402	29.661983490556228	29.0411391044743
4	14.112763301275134	14.428179743362973	35.91559999087939	35.54345696448251
5	14.611939869227594	33.96448166299752	35.116518012306564	16.30706045546832
6	34.394797057463514	34.54767760729291	16.765338925069333	14.29218641017424
7	30.20194454023976	30.035341542037266	20.861371945438435	18.901341972284534
8	26.53616572060319	32.24705369330688	21.342607121035876	19.874173465054053
9	25.26100374026815	12.251083103147348	20.616550991509268	41.87136216507523
10	14.31623534747457	22.913182920514036	37.87839997915297	24.892181752858427
11	33.831414315923475	21.366170921272513	25.658227037492505	19.14418772531151
12	21.542386563865662	23.825746528913612	33.5780410886143	21.05382581860642
13	29.09520828736082	20.246363689791718	25.50719693903463	25.151231083812835
14	20.565535363996954	20.942777944726533	27.816484014872362	30.67520267640415
15	23.377098702937545	29.818464482976957	23.13533411250966	23.669102701575838
16	23.280930675854147	27.84437246550537	25.84032669961533	23.03437015902516
17	22.132375608084658	27.781110592399482	27.26498713139286	22.821526668123003
18	22.361249413677207	26.881659545778643	28.390054634750005	22.367036405794146
19	23.245730516618302	26.303022708850122	27.00694272721325	23.44430404731833
20	23.246839401335322	26.703919186699594	27.336808208408232	22.71243320355686
21	22.867905771412286	26.34674048881856	26.734822417656996	24.05053132211216
22	22.97898829793958	26.72809287353059	27.19907779602509	23.093841032504738
23	22.524948520027014	26.900212573200257	27.224429672867917	23.350409233904816
24	22.940877316321565	26.266484957424368	27.775774084698835	23.016863641555233
25	23.141322089981557	26.343524723139204	27.249164732586905	23.265988454292327
26	22.443182133205887	26.81267998585063	27.578732201014184	23.165405679929297
27	22.48148716964938	26.840707047073266	27.303985220784494	23.37382056249286
28	22.57342757374915	26.740574757126524	27.08118255901762	23.60481511010671
29	22.681703235836494	26.787217220536103	27.016416761014273	23.51466278261313
30	22.4570847753455	26.82704004293602	27.378911175007513	23.33696400671097
31	23.44929402854491	26.49327267364303	26.884861450399033	23.172571847413028
32	22.39701094580104	27.090310066344575	27.499495457453754	23.01318353040063
33	22.355088172968273	26.89348302907385	27.849840653266167	22.901588144691715
34	22.566885153918744	26.56458089147678	27.808084213140948	23.06044974146353
35	22.384820144443324	26.939210662591883	27.656908573563964	23.019060619400825
36	22.441923978338075	27.194482374989054	27.612992024752998	22.75060162191987
37	22.698410859888185	26.824288085024538	26.89746719545758	23.57983385962969
38	22.664056373558594	27.54495423184447	26.906516032544175	22.884473362052756
39	23.03477195565415	26.940096100773918	27.142672692776802	22.88245925079513
40	23.05300058204203	26.5798221674945	27.380583542148067	22.9865937083154
41	23.01277945824281	26.57729337092782	27.4761657102801	22.93376146054927
42	22.523200829264155	27.301240762255556	27.494258902966095	22.681299505514197
43	22.55061869031045	27.050985045325536	27.391587150315704	23.006809114048306
44	22.413651950310022	27.39301409797834	27.322082058800518	22.871251892911115
45	22.50224504226675	27.35264042895733	27.234586599513737	22.910527929262177
46	22.79005885348944	26.958692002870777	27.10119538125601	23.150053762383767
47	23.059922348897164	27.025235172021556	27.08281730942313	22.832025169658152
48	22.441213025873115	27.162471713821056	27.1075764575908	23.288738802715024
49	23.082362349017963	26.776163865151396	27.01866425047147	23.12280953535917
50	22.561864771775777	27.59474278444377	26.968544873210952	22.874847570569493
51	22.75449338250605	27.171632604751927	27.183133441365513	22.89074057137651
52	22.653808636860955	27.375927852636977	26.954347778486458	23.015915732015603
53	22.47530602136843	26.941583527913394	27.57068562937805	23.012424821340126
54	22.704902235075437	27.5373667382424	27.234091930295772	22.523639096386383
55	22.72815755932163	26.834255384713064	27.142896812035673	23.294690243929633
56	22.97915898743761	27.3530889357905	26.696577115589058	22.97117496118283
57	22.632412996757093	27.261133770251412	26.857348104032873	23.249105128958625
58	22.782850895456505	27.305300891265265	26.603566790441	23.308281422837226
59	22.8522159200412	27.173190709574403	26.75931510172213	23.21527826866227
60	22.642750075794087	27.083454332259304	27.42121991757308	22.85257567437353
61	23.05784422740494	26.968016902895215	26.952054752622296	23.02208411707755
62	22.91602039930017	27.05450980878758	27.153646621629225	22.87582317028302
63	22.89601890272198	27.37490068354884	26.986638172387835	22.742442241341347
64	22.981590689143978	26.945794202825006	26.819520611251463	23.253094496779546
65	22.817978484888858	27.422336120934794	26.742200032663625	23.017485361512726
66	22.77391121510482	27.918174553227683	26.480420584195734	22.827493647471762
67	23.185040992486837	27.089468759849662	26.574460153718444	23.151030093945057
68	23.087706698223727	27.405030238721267	27.0442506839078	22.46301237914721
69	23.324629300335616	27.091407495008525	26.935760000770664	22.6482032038852
70	23.714595191701036	26.88347355072472	26.66183568140914	22.740095576165103
71	23.197333448347567	27.432265731494233	26.716213197853676	22.65418762230452
72	23.01752514371386	27.665965250415613	26.93615507967323	22.380354526197298
73	23.8911968433201	28.457776612457796	26.653406887675608	20.997619656546497
74	24.87793694525842	30.594421197498622	27.233324242472502	17.29431761477046
75	30.42014292836962	41.07791258102044	28.501944490609937	0.0
>>END_MODULE
>>Per base GC content	fail
#Base	%GC
1	77.03814469034147
2	44.20764952615609
3	49.307812519499755
4	49.65622026575764
5	30.91900032469591
6	48.68698346763776
7	49.1032865125243
8	46.41033918565724
9	67.13236590534338
10	39.208417100333
11	52.97560204123499
12	42.59621238247208
13	54.24643937117365
14	51.2407380404011
15	47.04620140451338
16	46.3153008348793
17	44.95390227620766
18	44.72828581947135
19	46.69003456393663
20	45.95927260489218
21	46.918437093524446
22	46.07282933044432
23	45.87535775393183
24	45.957740957876794
25	46.407310544273884
26	45.60858781313518
27	45.85530773214224
28	46.178242683855856
29	46.19636601844962
30	45.79404878205647
31	46.62186587595794
32	45.41019447620167
33	45.25667631765999
34	45.62733489538227
35	45.40388076384415
36	45.192525600257945
37	46.27824471951787
38	45.54852973561135
39	45.91723120644928
40	46.039594290357435
41	45.94654091879208
42	45.20450033477835
43	45.55742780435875
44	45.284903843221144
45	45.41277297152893
46	45.940112615873204
47	45.89194751855531
48	45.72995182858814
49	46.20517188437713
50	45.43671234234527
51	45.64523395388257
52	45.669724368876565
53	45.48773084270856
54	45.22854133146182
55	46.02284780325127
56	45.95033394862044
57	45.881518125715715
58	46.09113231829373
59	46.06749418870347
60	45.495325750167616
61	46.07992834448249
62	45.79184356958319
63	45.63846114406333
64	46.23468518592353
65	45.83546384640158
66	45.60140486257659
67	46.33607108643189
68	45.550719077370935
69	45.97283250422082
70	46.45469076786614
71	45.85152107065209
72	45.397879669911156
73	44.88881649986659
74	42.172254560028875
75	30.42014292836962
>>END_MODULE
>>Per sequence GC content	warn
#GC Content	Count
0	16114.0
1	8224.0
2	377.5
3	472.0
4	523.0
5	682.5
6	966.5
7	1279.5
8	1475.5
9	1831.0
10	2638.5
11	3709.5
12	4347.0
13	4938.5
14	6395.0
15	8767.5
16	10723.0
17	13942.0
18	20882.0
19	29635.5
20	35699.5
21	45306.5
22	63065.5
23	82763.0
24	96082.5
25	113220.5
26	141948.0
27	172622.0
28	194195.0
29	220667.5
30	264792.5
31	312139.0
32	345973.5
33	386485.0
34	454340.0
35	521956.5
36	560617.0
37	590376.5
38	617181.5
39	619509.5
40	618433.5
41	610727.5
42	598072.5
43	594225.5
44	596064.5
45	596727.5
46	589613.0
47	579087.0
48	574845.5
49	567866.5
50	552464.0
51	538249.5
52	530921.5
53	524079.5
54	510843.5
55	494845.5
56	484114.5
57	470865.0
58	445623.0
59	414776.0
60	388843.5
61	359167.5
62	321128.5
63	283231.0
64	252455.5
65	227277.0
66	194011.5
67	160230.5
68	136682.5
69	118875.5
70	97182.5
71	75822.0
72	61618.0
73	52191.5
74	41543.5
75	31607.5
76	25235.5
77	21060.0
78	16646.5
79	12690.5
80	10204.5
81	8485.0
82	6658.0
83	4894.5
84	3699.0
85	3110.5
86	2515.0
87	1919.0
88	1659.5
89	1526.0
90	1325.5
91	1180.5
92	1119.0
93	1100.0
94	1041.0
95	1018.0
96	1038.0
97	1058.0
98	1337.0
99	7462.0
100	13329.0
>>END_MODULE
>>Per base N content	pass
#Base	N-Count
1	0.38341053511879336
2	0.24318043203000655
3	0.14932678335432123
4	0.1105516645055705
5	0.11038551509432787
6	0.1101985970066799
7	0.1101985970066799
8	0.1101985970066799
9	0.1101985970066799
10	0.1101985970066799
11	0.1101985970066799
12	0.1101985970066799
13	0.1101985970066799
14	0.1101985970066799
15	0.1101985970066799
16	0.1101985970066799
17	0.1101985970066799
18	0.1101985970066799
19	0.1101985970066799
20	0.1101985970066799
21	0.1101985970066799
22	0.1101985970066799
23	0.1101985970066799
24	0.1101985970066799
25	0.1101985970066799
26	0.1101985970066799
27	0.1101985970066799
28	0.1101985970066799
29	0.1101985970066799
30	0.1101985970066799
31	0.1101985970066799
32	0.1101985970066799
33	0.1101985970066799
34	0.1101985970066799
35	0.1101985970066799
36	0.0
37	0.0
38	0.0
39	0.0
40	0.0
41	0.0
42	0.0
43	0.0
44	0.0
45	0.0
46	0.0
47	0.0
48	0.0
49	0.0
50	0.0
51	0.0
52	0.0
53	0.0
54	0.0
55	0.0
56	0.0
57	0.0
58	0.0
59	0.0
60	0.0
61	0.0
62	0.0
63	0.0
64	0.0
65	0.0
66	0.0
67	0.0
68	0.0
69	0.0
70	0.0
71	0.0
72	0.0
73	0.0
74	0.0
75	0.0
>>END_MODULE
>>Sequence Length Distribution	warn
#Length	Count
35	20073.0
36	6708.0
37	9450.0
38	10588.0
39	12452.0
40	12884.0
41	13921.0
42	14744.0
43	16211.0
44	17378.0
45	18830.0
46	19804.0
47	21011.0
48	22345.0
49	23497.0
50	23357.0
51	23887.0
52	24690.0
53	25333.0
54	26926.0
55	27681.0
56	29531.0
57	30052.0
58	30586.0
59	33704.0
60	33816.0
61	33719.0
62	33379.0
63	33623.0
64	36227.0
65	37508.0
66	37066.0
67	44218.0
68	40954.0
69	48646.0
70	56049.0
71	112009.0
72	353601.0
73	972308.0
74	3030564.0
75	9025500.0
>>END_MODULE
>>Sequence Duplication Levels	warn
#Total Duplicate Percentage	29.566875350126292
#Duplication Level	Relative count
1	100.0
2	20.153491941673064
3	7.809251377939022
4	3.817065513151469
5	2.083304262889835
6	1.2279355333844972
7	0.8044373124956394
8	0.5162910765366636
9	0.41024209865345707
10++	2.7161096769692317
>>END_MODULE
>>Overrepresented sequences	warn
#Sequence	Count	Percentage	Possible Source
NNNNNNNNNNNNNNNNNNNNNNNNNNNNNNNNNNN	15918	0.1101985970066799	No Hit
>>END_MODULE
>>Kmer Content	fail
#Sequence	Count	Obs/Exp Overall	Obs/Exp Max	Max Obs/Exp Position
AAAAA	5733065	4.366388	10.545521	71
GGGGG	2348985	3.3460708	5.9052534	71
TTTTT	4744630	3.307192	5.6297174	71
CCTGG	2328095	2.9510846	10.948453	3
CCAGG	2205915	2.8462	10.9252	3
CCCAG	2052635	2.6834354	9.856421	2
CTGGG	2053195	2.56867	10.310101	4
GAAAA	2946550	2.543508	5.2701454	24
TTTCT	3116015	2.5388613	5.807499	16
AGAAA	2935445	2.5339222	5.3458996	48
CCAGC	1935685	2.5305455	5.570196	3
CAGCA	2184505	2.486828	5.574937	4
TGCTG	2238185	2.4271386	6.357819	2
GCTGG	1921365	2.4037428	6.435611	3
TCCAG	2128985	2.3810563	7.6822376	2
CTCCT	2034795	2.2652955	5.596265	1
CTCCA	1991015	2.2561836	5.7030163	1
CTGGA	2026975	2.2373948	7.923956	4
GGCTG	1776835	2.2229269	8.7657	7
CTGCT	2015935	2.2150214	6.5118556	9
CAGGA	1955080	2.1966176	8.158395	4
AGGAG	1973325	2.1881936	6.2964377	5
GCTGC	1722955	2.1840115	5.691326	8
TCCTG	1969475	2.1639733	7.580518	2
CCTGC	1682340	2.1607153	6.191658	8
CTGCC	1669085	2.1436913	5.8436418	9
CCCTG	1662495	2.1352274	8.006954	2
CTCTG	1937470	2.1288075	7.1602473	2
GGCAG	1671350	2.128341	6.0007033	7
CAGAG	1877635	2.1096046	7.2524695	4
GCAGG	1634825	2.081829	5.7166395	3
TGCAG	1877485	2.0723863	5.365165	2
GCCTG	1634680	2.0721142	7.670822	7
CTGTG	1875120	2.0334225	10.4868965	9
GAGAA	2070055	2.0252802	5.047061	47
TGGAG	1839555	2.00403	5.994973	5
CACAG	1760000	2.0035741	5.19101	7
CAGGG	1567760	1.9964267	8.542486	4
AGCTG	1807855	1.995528	6.4138956	7
CCCCA	1494280	1.979312	6.7276225	1
GCCAG	1510580	1.9490383	5.312615	2
CAGTG	1765500	1.9487764	6.618016	7
CAGGC	1503795	1.9402838	5.4107995	4
GTGTG	1811330	1.9386228	10.4046755	9
CTGGC	1523010	1.9305619	5.351828	4
CTCAG	1707715	1.909908	5.8623104	2
CACTG	1705770	1.9077327	6.4629745	7
CAGAA	1897095	1.8805943	5.187524	4
CTGAG	1702955	1.8797383	5.988805	9
GGGAG	1474875	1.8536434	5.0424747	7
CCTCT	1660565	1.848673	5.9731193	1
GGCCA	1403615	1.8110256	7.3693066	1
CATTT	2180385	1.8082912	5.157735	14
TTCTG	1921370	1.8060508	5.0959225	2
ACCTG	1609260	1.799796	6.5852027	7
CCAGA	1574565	1.792476	6.334138	3
TGTGT	1927655	1.7883213	8.682129	10
TGGGG	1432920	1.7692828	6.6889005	5
CACAC	1520755	1.7541018	5.4113016	5
ACACA	1723050	1.73064	5.5250955	6
TCTGG	1584060	1.7177905	6.2476206	3
TGGCC	1352305	1.7141769	6.086706	5
AGAGG	1527895	1.6942623	5.2215114	5
GCCCA	1278030	1.6707846	7.16517	1
CCTGA	1491470	1.6680598	5.21634	3
CCTGT	1451425	1.5947623	7.1244626	8
GGCCT	1252630	1.587829	5.931011	6
TCTGT	1682415	1.5814378	5.5728183	8
AGGTG	1447640	1.5770738	5.860408	7
TCAGG	1425835	1.5738506	5.43371	3
GGGCC	1064595	1.5568433	5.330941	6
TGGGC	1237850	1.5486246	6.5997853	5
GGGCA	1207800	1.5380442	5.45366	1
CCATG	1356340	1.5169305	5.261644	9
AGCCT	1355670	1.516181	5.226721	6
GTCCT	1378240	1.5143499	11.414251	1
GCTGT	1367630	1.483089	6.2553415	8
CTGTC	1339350	1.4716192	6.89383	9
GCCCT	1122120	1.4411961	6.368634	1
AGGCT	1289625	1.4235007	5.361125	6
GGGCT	1132650	1.4170129	6.6414447	6
AGGAC	1245385	1.3992443	10.603665	5
GACAG	1242740	1.3962725	5.530645	7
GGGTG	1121400	1.3846368	5.4962516	7
ATGGC	1228440	1.3559641	5.843661	17
GGACA	1203785	1.3525048	5.463987	6
TGTCC	1222660	1.3434054	5.3575473	10
GCTCT	1221690	1.3423396	5.5660725	1
AGGGC	1039115	1.3232362	5.816476	5
TGTGC	1206950	1.308844	7.647424	10
GTGCT	1165200	1.2635692	6.2672462	1
AAGTG	1306870	1.2561455	5.1556296	7
GCCTT	1133140	1.2450447	5.0412307	1
GTCCA	1106450	1.2374535	6.8791633	1
GTGCA	1060490	1.1705792	5.692773	11
ACTGT	1190625	1.1391732	6.60126	8
TGGAC	1021415	1.1274478	5.734906	5
GTCTT	1196570	1.1247529	5.9969063	1
GTTCT	1184515	1.1134214	5.507029	1
AGTGT	1136320	1.0730317	6.4748454	8
GGACC	816210	1.0531216	6.4068055	6
GGGGT	844710	1.0429968	5.1483984	6
GACTG	927900	1.0242251	5.5840106	7
CTACA	1024235	1.0106779	5.2075953	4
GTGTT	1070280	0.9929185	5.0381994	1
TGTAG	1031890	0.974418	5.511063	2
AGACT	995655	0.9696595	5.2339125	6
GGACT	851830	0.94025826	5.0934324	6
TCCTA	941320	0.91254604	6.3525095	2
TAGGA	934505	0.89823335	6.4115467	4
GTGTA	814395	0.7690366	5.8950486	1
>>END_MODULE
