##FastQC	0.10.1
>>Basic Statistics	pass
#Measure	Value	
Filename	019-F0_S5_L004_R1_001.fastq.gz	
File type	Conventional base calls	
Encoding	Sanger / Illumina 1.9	
Total Sequences	14515035	
Filtered Sequences	0	
Sequence length	35-75	
%GC	45	
>>END_MODULE
>>Per base sequence quality	pass
#Base	Mean	Median	Lower Quartile	Upper Quartile	10th Percentile	90th Percentile
1	31.497404174361275	32.0	32.0	32.0	32.0	32.0
2	31.581320954444823	32.0	32.0	32.0	32.0	32.0
3	31.658071303307224	32.0	32.0	32.0	32.0	32.0
4	31.721815276366886	32.0	32.0	32.0	32.0	32.0
5	31.70877073324315	32.0	32.0	32.0	32.0	32.0
6	35.42746758791832	36.0	36.0	36.0	36.0	36.0
7	35.43267797838586	36.0	36.0	36.0	36.0	36.0
8	35.40054763905151	36.0	36.0	36.0	36.0	36.0
9	35.47476261683144	36.0	36.0	36.0	36.0	36.0
10	35.39834571532208	36.0	36.0	36.0	36.0	36.0
11	35.452270008305184	36.0	36.0	36.0	36.0	36.0
12	35.4091057996071	36.0	36.0	36.0	36.0	36.0
13	35.42969582918677	36.0	36.0	36.0	36.0	36.0
14	35.413756563453	36.0	36.0	36.0	36.0	36.0
15	35.38545694171595	36.0	36.0	36.0	36.0	36.0
16	35.400071167585885	36.0	36.0	36.0	36.0	36.0
17	35.40001687904989	36.0	36.0	36.0	36.0	36.0
18	35.391202776982624	36.0	36.0	36.0	36.0	36.0
19	35.38519955342856	36.0	36.0	36.0	36.0	36.0
20	35.37588149115727	36.0	36.0	36.0	36.0	36.0
21	35.36554972137511	36.0	36.0	36.0	36.0	36.0
22	35.35373438644826	36.0	36.0	36.0	36.0	36.0
23	35.34069514816878	36.0	36.0	36.0	36.0	36.0
24	35.328817395204354	36.0	36.0	36.0	36.0	36.0
25	35.31060193792161	36.0	36.0	36.0	36.0	36.0
26	35.28305746420866	36.0	36.0	36.0	36.0	36.0
27	35.26617999887703	36.0	36.0	36.0	36.0	36.0
28	35.25382336315413	36.0	36.0	36.0	36.0	36.0
29	35.237862257996625	36.0	36.0	36.0	36.0	36.0
30	35.21140321053308	36.0	36.0	36.0	36.0	36.0
31	35.20329286150533	36.0	36.0	36.0	36.0	36.0
32	35.18336848653827	36.0	36.0	36.0	36.0	36.0
33	35.17723395086543	36.0	36.0	36.0	36.0	36.0
34	35.16681427223565	36.0	36.0	36.0	36.0	36.0
35	35.15186508334289	36.0	36.0	36.0	36.0	36.0
36	35.15068728120767	36.0	36.0	36.0	36.0	36.0
37	35.13322959143248	36.0	36.0	36.0	36.0	36.0
38	35.12283938349528	36.0	36.0	36.0	36.0	36.0
39	35.09037439675952	36.0	36.0	36.0	36.0	36.0
40	35.09625133767373	36.0	36.0	36.0	36.0	36.0
41	35.08160171747282	36.0	36.0	36.0	36.0	36.0
42	35.06968813576845	36.0	36.0	36.0	36.0	36.0
43	35.060837498648134	36.0	36.0	36.0	36.0	36.0
44	35.03923105947144	36.0	36.0	36.0	36.0	36.0
45	35.028388433045436	36.0	36.0	36.0	36.0	36.0
46	35.006061359973636	36.0	36.0	36.0	36.0	36.0
47	35.005098915648084	36.0	36.0	36.0	36.0	36.0
48	34.985799855366515	36.0	36.0	36.0	36.0	36.0
49	34.97516299641951	36.0	36.0	36.0	36.0	36.0
50	34.962192301468065	36.0	36.0	36.0	36.0	36.0
51	34.94773679554203	36.0	36.0	36.0	36.0	36.0
52	34.94126694380339	36.0	36.0	36.0	36.0	36.0
53	34.90520057972714	36.0	36.0	36.0	36.0	36.0
54	34.90227294602264	36.0	36.0	36.0	36.0	36.0
55	34.865005307088474	36.0	36.0	36.0	36.0	36.0
56	34.852613802582155	36.0	36.0	36.0	36.0	36.0
57	34.85375510551031	36.0	36.0	36.0	36.0	36.0
58	34.82707176587311	36.0	36.0	36.0	36.0	36.0
59	34.82032453866252	36.0	36.0	36.0	36.0	36.0
60	34.803566535782466	36.0	36.0	36.0	36.0	36.0
61	34.78915801702802	36.0	36.0	36.0	36.0	36.0
62	34.760835395114256	36.0	36.0	36.0	36.0	36.0
63	34.75134806755233	36.0	36.0	36.0	36.0	36.0
64	34.72837742152891	36.0	36.0	36.0	36.0	36.0
65	34.716605715581025	36.0	36.0	36.0	36.0	36.0
66	34.68598004135039	36.0	36.0	36.0	36.0	36.0
67	34.674857243592854	36.0	36.0	36.0	36.0	36.0
68	34.63125385146528	36.0	36.0	36.0	32.0	36.0
69	34.61941790036413	36.0	36.0	36.0	32.0	36.0
70	34.60122887700974	36.0	36.0	36.0	32.0	36.0
71	34.566827066370585	36.0	36.0	36.0	32.0	36.0
72	34.5573460159786	36.0	36.0	36.0	32.0	36.0
73	34.52971827982261	36.0	36.0	36.0	32.0	36.0
74	34.48888068069944	36.0	36.0	36.0	32.0	36.0
75	33.93280592028085	36.0	36.0	36.0	32.0	36.0
>>END_MODULE
>>Per sequence quality scores	pass
#Quality	Count
2	8025.0
3	0.0
4	0.0
5	0.0
6	0.0
7	0.0
8	0.0
9	0.0
10	0.0
11	0.0
12	0.0
13	0.0
14	0.0
15	0.0
16	1.0
17	6.0
18	93.0
19	694.0
20	2945.0
21	7664.0
22	13600.0
23	21180.0
24	31990.0
25	47428.0
26	68121.0
27	96697.0
28	131986.0
29	173494.0
30	224861.0
31	292432.0
32	394982.0
33	597223.0
34	1335264.0
35	1.1066349E7
>>END_MODULE
>>Per base sequence content	fail
#Base	G	A	T	C
1	45.23131796535222	17.72440871846099	10.051001707183099	26.993271609003695
2	16.338122052717964	19.965740700530297	36.24149290584345	27.454644340908292
3	19.181849101048144	21.660161993453368	27.678226644422704	31.479762261075788
4	13.11875431257027	15.101719789260502	35.42249574516044	36.357030153008786
5	14.876325307558208	34.97642174369495	34.24896653411006	15.898286414636786
6	34.6212645621742	34.90125480683927	16.369054963647038	14.108425667339494
7	30.806494585719758	28.98461349687331	20.610938028317562	19.59795388908937
8	26.401532977694604	34.20674311931981	20.127067075150055	19.264656827835527
9	24.49230406541389	14.737964611591222	20.68725395515685	40.08247736783803
10	14.707001284689353	25.8997702420947	34.935216487423425	24.45801198579252
11	34.02047799167698	22.995964221107496	24.106504802616175	18.877052984599356
12	22.59013957535816	24.131712396537893	31.375276573340237	21.902871454763705
13	28.225594707440344	20.5792759319686	25.853513409071905	25.341615951519152
14	20.134365084682855	21.02598707512086	27.2093535933585	31.63029424683778
15	22.440937174510804	30.102543528955998	23.13468454216272	24.32183475437047
16	22.601111880857104	27.951829984938254	26.385001671612574	23.062056462592068
17	21.65647504206587	28.177901579994774	27.697368375702503	22.46825500223685
18	22.078884621986198	27.337645731270605	28.621376837818406	21.962092808924787
19	23.016589910670774	26.735964199376717	27.228091798378852	23.01935409157366
20	22.887636298789957	27.087365436578338	27.753884726187835	22.27111353844387
21	22.265598584726405	26.619905855684863	27.226218296329392	23.88827726325935
22	22.530038926008874	27.198912801466324	27.418275716360576	22.85277255616423
23	22.02178796292907	27.185122548761107	27.78735591181113	23.005733576498685
24	22.74297111351547	26.334039475585293	28.21557356618105	22.707415844718188
25	22.577136724917295	26.623247531806783	27.732948745733776	23.066666997542146
26	21.85649230290734	27.268187135688077	27.916089444171355	22.959231117233227
27	21.994411195036168	27.195558128438286	27.768211421108553	23.04181925541699
28	21.9970542389105	27.022350050634365	27.434428484504696	23.546167225950438
29	22.219582872806686	26.935945563165554	27.51908706879782	23.32538449522994
30	21.934038415459494	27.000769566525317	27.922960352296585	23.14223166571861
31	23.07962841730901	26.609144229729274	27.363666950921832	22.947560402039883
32	21.914561739371642	27.373390715332913	27.82470457213177	22.887342973163676
33	21.890582759086108	27.27153535668539	28.194577198114708	22.6433046861138
34	22.14133299602363	26.85232486922643	28.285293698983487	22.721048435766455
35	21.940239554640133	27.304638062386775	28.031236127310276	22.723886255662816
36	21.983948088962183	27.339583441774334	28.25530694462494	22.421161524638542
37	22.217782719310776	26.814999086622464	27.40813245981018	23.559085734256584
38	22.17668643655125	27.766316225302045	27.34738837679238	22.70960896135432
39	22.58512932402806	27.02024454218869	27.687195350529425	22.707430783253823
40	22.85826924690143	26.652287278902243	27.76449655975219	22.72494691444414
41	22.779492451272837	26.8113978350974	27.836874741782974	22.57223497184679
42	22.16257347003162	27.590618366358928	27.887722552556838	22.359085611052613
43	22.191852377800465	27.273660795660266	27.87846610150036	22.65602072503891
44	21.905811753177233	27.613959699481867	27.781708421403778	22.69852012593713
45	22.104701535325223	27.553818093183136	27.580006980010026	22.76147339148162
46	22.310669280853155	26.97772815403584	27.572607814575072	23.138994750535936
47	22.776814822711952	27.119976077990408	27.53983897590937	22.563370123388264
48	22.01735186220492	27.40086445478887	27.558419296954913	23.023364386051302
49	22.80843095293298	26.81686018226773	27.397678035186978	22.977030829612307
50	22.126927955572356	27.861581488704296	27.300252360851733	22.711238194871616
51	22.258146907087784	27.441470643608216	27.61318939901709	22.687193050286904
52	22.27389093611204	27.678132356021763	27.270107191680616	22.777869516185582
53	22.101418313751513	26.9760899021244	28.03331842076455	22.88917336335954
54	22.260999420462316	27.762399474746353	27.69242996286024	22.284171141931093
55	22.281884765860816	26.730808897778267	27.80900423714726	23.178302099213653
56	22.514780944838016	27.36462000241808	27.16855235929147	22.952046693452438
57	22.301585764007047	27.319865654527053	27.22504775991671	23.153500821549184
58	22.508878726595682	27.347005207189035	26.957357153829847	23.186758912385432
59	22.48634687339545	27.330084428291237	27.104427289816428	23.079141408496888
60	22.186454890198522	27.11664651138706	27.918180429047133	22.778718169367277
61	22.674626442878473	26.964047004397635	27.411803852350005	22.94952270037389
62	22.622466326849235	27.022976973462942	27.656045660813678	22.69851103887414
63	22.474577492631397	27.588288091344694	27.347642636356888	22.589491779667014
64	22.5409229470988	27.10564942056542	27.180783746087762	23.172643886248025
65	22.57975454925112	27.55908768789302	27.208336970152263	22.652820792703597
66	22.46823958514435	28.236761473197276	26.8761129619704	22.418885979687975
67	22.851434493029128	27.01670000834972	26.998585123089715	23.133280375531438
68	22.7605566814474	27.54802114274853	27.4001612339558	22.291260941848268
69	23.065234822529497	27.124778338334423	27.394008850589387	22.415977988546693
70	23.443848829031694	26.86984985619561	27.068161969018167	22.618139345754532
71	22.857976664249797	27.698164926942432	27.00162189430746	22.442236514500312
72	22.586219511199776	27.786681295771825	27.360072745207546	22.26702644782085
73	23.71259217569613	28.510586764070833	26.963733822478552	20.813087237754484
74	24.45873807358297	30.782526983514742	27.852913664644557	16.90582127825773
75	29.734160833040896	41.383388414716684	28.882450752242416	0.0
>>END_MODULE
>>Per base GC content	fail
#Base	%GC
1	72.22458957435592
2	43.79276639362625
3	50.66161136212393
4	49.47578446557905
5	30.774611722194994
6	48.72969022951369
7	50.40444847480913
8	45.66618980553013
9	64.57478143325193
10	39.16501327048187
11	52.89753097627633
12	44.49301103012187
13	53.567210658959496
14	51.76465933152065
15	46.76277192888128
16	45.66316834344917
17	44.124730044302716
18	44.040977430910985
19	46.035944002244435
20	45.15874983723383
21	46.15387584798575
22	45.3828114821731
23	45.02752153942776
24	45.45038695823366
25	45.64380372245944
26	44.815723420140564
27	45.03623045045316
28	45.54322146486094
29	45.54496736803662
30	45.0762700811781
31	46.02718881934889
32	44.80190471253532
33	44.5338874451999
34	44.862381431790084
35	44.66412581030295
36	44.40510961360072
37	45.77686845356735
38	44.88629539790557
39	45.292560107281886
40	45.58321616134557
41	45.35172742311963
42	44.52165908108424
43	44.84787310283937
44	44.60433187911436
45	44.86617492680684
46	45.449664031389084
47	45.34018494610022
48	45.04071624825622
49	45.78546178254529
50	44.83816615044397
51	44.945339957374685
52	45.05176045229762
53	44.990591677111055
54	44.54517056239341
55	45.46018686507447
56	45.466827638290454
57	45.45508658555623
58	45.69563763898112
59	45.565488281892335
60	44.9651730595658
61	45.62414914325237
62	45.32097736572337
63	45.06406927229841
64	45.713566833346825
65	45.232575341954714
66	44.887125564832324
67	45.984714868560566
68	45.05181762329567
69	45.48121281107619
70	46.06198817478622
71	45.30021317875011
72	44.853245959020626
73	44.52567941345061
74	41.3645593518407
75	29.734160833040896
>>END_MODULE
>>Per sequence GC content	warn
#GC Content	Count
0	8028.0
1	4018.5
2	11.5
3	23.5
4	33.0
5	46.0
6	112.0
7	203.5
8	244.5
9	338.5
10	564.5
11	958.5
12	1230.5
13	1661.0
14	2819.5
15	4701.5
16	6201.0
17	8899.0
18	14997.0
19	23096.5
20	28750.5
21	38164.0
22	56072.0
23	76489.5
24	90615.5
25	109370.5
26	141010.0
27	173404.5
28	195480.0
29	224623.0
30	272426.0
31	322561.0
32	358682.0
33	401166.5
34	474004.0
35	550804.5
36	595640.0
37	631522.5
38	664309.5
39	665792.0
40	662775.0
41	652459.5
42	635797.0
43	629127.5
44	629682.5
45	626507.5
46	614842.5
47	601443.0
48	595250.0
49	583663.0
50	561247.0
51	539904.5
52	526763.5
53	514732.5
54	492984.0
55	469743.5
56	456133.5
57	440272.5
58	413012.5
59	381534.5
60	354926.0
61	327091.0
62	290726.0
63	253733.0
64	224640.5
65	201108.0
66	170771.0
67	140067.5
68	117658.5
69	100830.0
70	81485.0
71	63540.0
72	51707.0
73	43450.0
74	34659.5
75	26843.5
76	21634.5
77	18233.0
78	14466.0
79	11174.0
80	9035.0
81	7397.5
82	5676.5
83	3982.0
84	2910.5
85	2383.5
86	1757.0
87	1134.0
88	864.0
89	685.0
90	443.5
91	296.0
92	228.0
93	194.0
94	143.0
95	110.5
96	98.0
97	74.5
98	41.5
99	97.5
100	163.0
>>END_MODULE
>>Per base N content	pass
#Base	N-Count
1	0.10017199407373113
2	0.05528750016792932
3	0.055315057800411786
4	0.05528750016792932
5	0.05528750016792932
6	0.055811095185096006
7	0.05849107494401495
8	0.05763678833705878
9	0.05528750016792932
10	0.055294389576049936
11	0.05543217773846223
12	0.05534261543289424
13	0.05530816839229116
14	0.058139715129863614
15	0.05528750016792932
16	0.05570086465516618
17	0.05528750016792932
18	0.05528750016792932
19	0.05528750016792932
20	0.05530816839229116
21	0.05620379144797102
22	0.05528750016792932
23	0.05534950484101485
24	0.05541150951410038
25	0.05557685530899512
26	0.05555618708463327
27	0.056334690202262686
28	0.05572153287952802
29	0.055755979920131093
30	0.056265796121056554
31	0.055914436306905214
32	0.05703740983056534
33	0.056610266527087255
34	0.055735311695769243
35	0.05590754689878461
36	6.342681135425412E-4
37	0.001723974688465706
38	0.0014348291956561372
39	0.0018839673481544743
40	0.0027961695928638993
41	0.0028044319695574075
42	0.0024810476296181524
43	9.957478799559548E-4
44	0.0015499373555453195
45	0.0033721728710146646
46	0.002023594978851007
47	0.0023166800338179794
48	0.004859996012026129
49	0.002147501673696086
50	0.002817768052187569
51	0.0013163956168622895
52	0.004490641336102469
53	0.003434799545936255
54	0.0018732745167074068
55	0.002015748736919943
56	0.0026983629697692234
57	0.0025339348983692057
58	0.001427184618914991
59	0.003387242363599412
60	0.0030616463191815674
61	0.0012156210699924928
62	0.003129488904899788
63	0.002595984026896097
64	2.4158888747962038E-4
65	5.553089098033095E-4
66	4.8511547995649083E-4
67	1.2867699885777716E-4
68	6.163777885540365E-4
69	7.543426428315465E-4
70	6.486436464958433E-5
71	5.496690739038026E-4
72	4.5910072079541895E-4
73	4.787304905169848E-4
74	8.81760168029512E-4
75	0.0038475014250304645
>>END_MODULE
>>Sequence Length Distribution	warn
#Length	Count
35	10128.0
36	3534.0
37	4874.0
38	5802.0
39	6597.0
40	7015.0
41	7391.0
42	8202.0
43	9295.0
44	10470.0
45	11962.0
46	12582.0
47	13879.0
48	14491.0
49	15735.0
50	15692.0
51	16450.0
52	16956.0
53	17481.0
54	19004.0
55	19585.0
56	21293.0
57	22809.0
58	23466.0
59	24962.0
60	26234.0
61	25434.0
62	25012.0
63	25205.0
64	27259.0
65	28955.0
66	28767.0
67	36032.0
68	33078.0
69	44297.0
70	48606.0
71	104022.0
72	353788.0
73	1007053.0
74	3082889.0
75	9278749.0
>>END_MODULE
>>Sequence Duplication Levels	warn
#Total Duplicate Percentage	33.50961467836
#Duplication Level	Relative count
1	100.0
2	24.126935030120926
3	9.059107713608178
4	4.366429528817404
5	2.3890533633806137
6	1.4670142724581325
7	0.9109922967021638
8	0.6466056883625705
9	0.4772215103177058
10++	3.8472302004624925
>>END_MODULE
>>Overrepresented sequences	pass
>>END_MODULE
>>Kmer Content	warn
#Sequence	Count	Obs/Exp Overall	Obs/Exp Max	Max Obs/Exp Position
AAAAA	4588605	3.2483647	8.795138	71
TTTTT	4893555	3.2369883	5.641986	33
CAGCA	2614130	2.952478	6.930811	4
CCTGG	2245515	2.9310834	12.025986	3
CCAGG	2185735	2.8920326	13.5406685	3
TGCTG	2575350	2.8417797	6.635931	2
AGAAA	3300235	2.7370024	6.5136223	48
GAAAA	3235210	2.6830747	6.790181	24
AGCAG	2361970	2.6780303	5.4303174	7
TTTCT	3381950	2.6463172	6.778753	16
CCCAG	1989840	2.6226614	11.553437	2
GCTGC	2008130	2.6212234	5.77707	8
CTGCT	2378460	2.614378	6.7118473	9
TTTTC	3254555	2.5466328	5.4117723	24
CCAGC	1912315	2.520481	6.6563616	3
CTGGG	1918825	2.5143702	9.891356	4
GGAGG	1876460	2.5021207	5.4747834	6
TCCAG	2195725	2.446493	9.494397	2
GCTGG	1854760	2.4304214	5.9490232	3
AGGAG	2076660	2.363677	7.139925	5
CTCCT	2124050	2.3257103	6.326586	1
CTGGA	2061535	2.305889	8.440128	4
CAGGA	2002495	2.2704532	9.65409	4
CTCCA	2026515	2.2492318	6.813088	1
CAGCC	1700830	2.2417386	5.1159444	5
GGCAG	1655965	2.1995738	6.032727	7
TCCTG	1993105	2.1908	8.417553	2
GGCTG	1664875	2.181602	8.382074	7
CCTGC	1670050	2.1715012	6.092253	3
GAGAA	2231155	2.167735	6.377757	47
CAGAG	1904080	2.158869	8.056346	4
GCAGG	1623900	2.1569824	6.4347634	3
CTGCC	1643275	2.1366868	5.6761513	9
CCCTG	1619185	2.1053631	8.866651	2
CTCTG	1902735	2.0914662	7.238268	2
CTGCA	1848300	2.0593894	5.8770566	4
TTCTC	2217870	2.0529053	5.3717995	17
TGCAG	1834520	2.0519657	5.9966655	2
AGCTG	1830190	2.0471225	6.067584	7
CAGGG	1537245	2.041881	9.490448	4
TGGAG	1816650	2.0398607	5.8741803	5
TGGAA	2125785	2.0375223	5.4509835	11
AAAAT	2908860	2.0314841	5.2722964	42
CACAG	1785195	2.0162535	6.5529685	7
GGAAA	2073350	2.0144157	6.1816273	40
GCCTG	1527970	1.9944677	7.009287	7
GGAGA	1752050	1.9942024	5.1397614	6
GCCAG	1505140	1.9915104	5.787592	2
CAGAA	2043210	1.977461	5.197416	4
CTGGC	1499590	1.9574233	5.5296087	4
CTGTG	1763775	1.9462442	8.958191	9
TGAAA	2365695	1.9355105	5.3775334	30
CAGGC	1449630	1.9180629	6.18898	4
CTGAA	1997945	1.9075897	5.761635	29
CCCCA	1449430	1.9030038	7.1632886	1
CAGTG	1697705	1.898934	8.227835	7
CTCAG	1691940	1.885172	6.0286756	2
GGGAG	1412870	1.8839577	5.0645275	7
CCAGA	1639610	1.8518252	6.951918	3
CCTCT	1688835	1.8491755	5.625118	1
CTGAG	1649880	1.8454403	5.600611	4
CATTT	2312975	1.8345906	6.171083	14
AGAGG	1579305	1.7975821	5.0996633	5
CACTG	1613020	1.7972386	6.899533	7
GGCCA	1352185	1.7891297	6.627093	1
ACCTG	1603605	1.7867484	5.4944215	8
TCTGG	1594740	1.7597219	5.9368167	3
TGGGG	1331435	1.7514408	5.7501674	5
GAGAG	1538560	1.7512058	5.1734757	7
GTGTG	1563690	1.7321538	9.32058	9
AAATG	2086905	1.7074165	5.381257	43
ACACA	1743465	1.6808404	6.6206326	6
CACAC	1491615	1.6781646	6.9024553	5
TGGCC	1282780	1.67442	5.530974	5
ACAGA	1717285	1.662024	5.4412794	8
CCTGA	1489620	1.6597455	5.3577023	3
GCCCA	1240505	1.635018	7.853803	1
AAAAC	1961350	1.6203312	5.176263	25
TGTGT	1732725	1.616314	7.4091477	10
TCAGG	1433210	1.6030884	5.4596376	3
TGAGA	1622125	1.5547744	5.6281853	46
ATTTC	1959320	1.5540808	5.910294	15
CCTGT	1405110	1.544482	5.582922	8
GGCCT	1173730	1.5320765	5.246868	6
GGGCC	979870	1.5188693	5.34782	6
ACAGC	1337455	1.5105624	5.1397047	8
TGGGC	1148590	1.5050776	6.119193	5
AGGCC	1137280	1.5047803	5.077179	5
GTCCT	1366780	1.50235	12.789708	1
CCATG	1332970	1.4852049	5.131323	9
AGTGG	1314125	1.4755907	5.6648145	8
GCTGT	1335000	1.4731108	5.5422316	8
CTGTC	1309140	1.4389929	5.798251	9
AGGAC	1262470	1.4314038	13.196809	5
GACAG	1256100	1.4241815	6.3731384	7
ATGGC	1252465	1.4009197	7.597748	17
GCCCT	1076305	1.3994775	6.1545277	1
GGGCT	1057625	1.3858799	6.0309796	6
AGACA	1421105	1.3753749	5.190326	6
GGACA	1198625	1.3590156	6.468489	6
ACTGA	1389620	1.3267757	5.050257	28
AGGGC	995255	1.3219702	5.7797956	5
TGTCC	1183870	1.3012973	5.117905	10
ATGAG	1355435	1.2991574	5.334188	45
AACTG	1336370	1.2759337	5.0625477	27
TGTGC	1127930	1.2446187	7.450889	10
GTCCA	1094410	1.2193996	6.99931	1
GTGCT	1102535	1.2165965	5.768187	1
AGCAC	1039030	1.1735121	5.159993	5
TACAG	1193455	1.139482	6.169419	5
TGGAC	1007885	1.1273496	5.709073	5
GTCTT	1212760	1.1269101	5.0441113	1
GTGCA	997465	1.1156945	5.907865	11
CTGTA	1174115	1.1059068	6.3054214	1
ACAGT	1156545	1.1042413	5.526667	6
ACTGT	1132225	1.0664505	5.9007397	8
GGACC	790340	1.0457302	6.893721	6
AGTGT	1102795	1.0427599	6.582583	8
GACTG	914985	1.0234382	5.668853	7
CTACA	1026315	0.97611386	6.869113	4
TGTAG	1031790	0.9756205	7.406302	2
GGACT	836570	0.93572867	5.1628623	6
TAGGA	975220	0.93472886	8.5757475	4
TCCTA	970100	0.9102126	7.914992	2
ATATG	1093470	0.8825722	5.6131287	15
TATGG	924950	0.8745967	6.1269875	16
GTAGG	733245	0.8233383	7.0956116	3
CCTAC	736940	0.81793064	6.416707	3
GTGTA	743155	0.70269847	5.6498795	1
GGACG	487965	0.64815074	6.2551527	6
>>END_MODULE
