##FastQC	0.10.1
>>Basic Statistics	pass
#Measure	Value	
Filename	005-F5_S2_L004_R1_001.fastq.gz	
File type	Conventional base calls	
Encoding	Sanger / Illumina 1.9	
Total Sequences	18146547	
Filtered Sequences	0	
Sequence length	35-75	
%GC	46	
>>END_MODULE
>>Per base sequence quality	pass
#Base	Mean	Median	Lower Quartile	Upper Quartile	10th Percentile	90th Percentile
1	31.307251677137252	32.0	32.0	32.0	32.0	32.0
2	31.3618879668953	32.0	32.0	32.0	32.0	32.0
3	31.461696707368073	32.0	32.0	32.0	32.0	32.0
4	31.561670493014457	32.0	32.0	32.0	32.0	32.0
5	31.49249926170527	32.0	32.0	32.0	32.0	32.0
6	35.07431805070133	36.0	36.0	36.0	36.0	36.0
7	35.088581039687604	36.0	36.0	36.0	36.0	36.0
8	35.01915515938101	36.0	36.0	36.0	36.0	36.0
9	35.184391443727556	36.0	36.0	36.0	36.0	36.0
10	35.03540320921661	36.0	36.0	36.0	36.0	36.0
11	35.146122675570176	36.0	36.0	36.0	36.0	36.0
12	35.087738455145214	36.0	36.0	36.0	36.0	36.0
13	35.12265093739321	36.0	36.0	36.0	36.0	36.0
14	35.09863419194848	36.0	36.0	36.0	36.0	36.0
15	35.05231199081566	36.0	36.0	36.0	36.0	36.0
16	35.06500410243337	36.0	36.0	36.0	36.0	36.0
17	35.05946966108759	36.0	36.0	36.0	36.0	36.0
18	35.06525792482724	36.0	36.0	36.0	36.0	36.0
19	35.057975878275904	36.0	36.0	36.0	36.0	36.0
20	35.03398337986836	36.0	36.0	36.0	36.0	36.0
21	35.029979257210755	36.0	36.0	36.0	36.0	36.0
22	35.01570535705773	36.0	36.0	36.0	36.0	36.0
23	34.999962913054475	36.0	36.0	36.0	36.0	36.0
24	34.99196287866777	36.0	36.0	36.0	36.0	36.0
25	34.974161255031056	36.0	36.0	36.0	36.0	36.0
26	34.92234186481869	36.0	36.0	36.0	36.0	36.0
27	34.90075511335573	36.0	36.0	36.0	36.0	36.0
28	34.87785477865293	36.0	36.0	36.0	36.0	36.0
29	34.87441902858985	36.0	36.0	36.0	36.0	36.0
30	34.84821547592498	36.0	36.0	36.0	36.0	36.0
31	34.827371345082895	36.0	36.0	36.0	36.0	36.0
32	34.81756887412244	36.0	36.0	36.0	36.0	36.0
33	34.80304015965131	36.0	36.0	36.0	36.0	36.0
34	34.79871123690915	36.0	36.0	36.0	36.0	36.0
35	34.782747814226035	36.0	36.0	36.0	32.0	36.0
36	34.80108704353861	36.0	36.0	36.0	32.0	36.0
37	34.80076788273421	36.0	36.0	36.0	36.0	36.0
38	34.772526674200186	36.0	36.0	36.0	32.0	36.0
39	34.76190881549677	36.0	36.0	36.0	32.0	36.0
40	34.74737230112014	36.0	36.0	36.0	32.0	36.0
41	34.738268349988815	36.0	36.0	36.0	32.0	36.0
42	34.73058766808259	36.0	36.0	36.0	32.0	36.0
43	34.71460729113702	36.0	36.0	36.0	32.0	36.0
44	34.69447519194456	36.0	36.0	36.0	32.0	36.0
45	34.68863836543397	36.0	36.0	36.0	32.0	36.0
46	34.66134543183062	36.0	36.0	36.0	32.0	36.0
47	34.65573234498639	36.0	36.0	36.0	32.0	36.0
48	34.639214645345746	36.0	36.0	36.0	32.0	36.0
49	34.62815923577531	36.0	36.0	36.0	32.0	36.0
50	34.62042464809007	36.0	36.0	36.0	32.0	36.0
51	34.59179867698031	36.0	36.0	36.0	32.0	36.0
52	34.57968614823474	36.0	36.0	36.0	32.0	36.0
53	34.54323153260067	36.0	36.0	36.0	32.0	36.0
54	34.526723391751936	36.0	36.0	36.0	32.0	36.0
55	34.50265454103168	36.0	36.0	36.0	32.0	36.0
56	34.48404422301823	36.0	36.0	36.0	32.0	36.0
57	34.45993903470378	36.0	36.0	36.0	32.0	36.0
58	34.43389511174668	36.0	36.0	36.0	32.0	36.0
59	34.409837552208934	36.0	36.0	36.0	32.0	36.0
60	34.39260132788339	36.0	36.0	36.0	32.0	36.0
61	34.36193464042045	36.0	36.0	36.0	32.0	36.0
62	34.34669134501647	36.0	36.0	36.0	32.0	36.0
63	34.30251903641383	36.0	36.0	36.0	32.0	36.0
64	34.28514487872185	36.0	36.0	36.0	32.0	36.0
65	34.258611246458464	36.0	36.0	36.0	32.0	36.0
66	34.22835191544994	36.0	36.0	36.0	32.0	36.0
67	34.199059852913855	36.0	36.0	36.0	32.0	36.0
68	34.16787419102804	36.0	36.0	36.0	32.0	36.0
69	34.15005342148434	36.0	36.0	36.0	32.0	36.0
70	34.12116437942219	36.0	36.0	36.0	32.0	36.0
71	34.083871355534136	36.0	36.0	36.0	32.0	36.0
72	34.05023676532363	36.0	36.0	36.0	32.0	36.0
73	34.01595387809403	36.0	36.0	36.0	32.0	36.0
74	33.99077777791128	36.0	36.0	36.0	32.0	36.0
75	33.19944244270565	36.0	36.0	36.0	21.0	36.0
>>END_MODULE
>>Per sequence quality scores	pass
#Quality	Count
2	25801.0
3	0.0
4	0.0
5	0.0
6	0.0
7	0.0
8	0.0
9	0.0
10	0.0
11	0.0
12	0.0
13	0.0
14	0.0
15	0.0
16	0.0
17	5.0
18	91.0
19	552.0
20	2463.0
21	6676.0
22	13586.0
23	23365.0
24	39631.0
25	65609.0
26	103356.0
27	155527.0
28	222860.0
29	306454.0
30	406461.0
31	539984.0
32	748966.0
33	1179773.0
34	2752130.0
35	1.1553257E7
>>END_MODULE
>>Per base sequence content	fail
#Base	G	A	T	C
1	43.02720459528685	18.26734367874851	11.635037605056882	27.070414120907767
2	16.139076172691784	19.796988490429698	35.93527551238785	28.128659824490672
3	18.917797313642605	21.394897318245064	28.038503492074774	31.648801876037552
4	13.052926830048971	15.218846296183674	35.204916236978995	36.52331063678836
5	14.853599294421985	35.088759590802724	33.953287574363664	16.104353540411637
6	34.82783239469786	34.92625156777262	16.042363841566214	14.203552195963312
7	30.776371009033642	29.29268563768102	20.21419293058696	19.716750422698375
8	26.614515665029298	34.64137972937378	19.53440794520613	19.20969666039079
9	24.69535270391462	15.383145328364359	19.66923038165891	40.25227158606211
10	14.209706520800378	27.243791011442436	34.72060275800528	23.825899709751912
11	34.79782120627004	22.596318049846836	23.304713529064518	19.301147214818613
12	22.406069584266522	24.09396176119088	30.745142226701827	22.754826427840772
13	27.8898007415702	20.432041982393763	25.921922941442947	25.75623433459309
14	20.456305129953243	20.48461546017752	26.99104124290848	32.06803816696075
15	22.829206253481512	29.33223080184112	23.03520246047591	24.803360484201455
16	22.863346360285234	28.428619810661182	25.35143218199228	23.356601647061304
17	21.812116240753134	28.02826000003532	27.243584366551115	22.91603939266043
18	22.243966669959423	27.698005418145875	27.768306661096574	22.289721250798124
19	22.78408719661223	27.046725116198576	27.35810374696259	22.811083940226602
20	22.764244915744637	27.006763408084854	27.54230979232312	22.68668188384739
21	22.61115721244682	26.612021637784704	27.258723706671745	23.518097443096735
22	22.484144536159565	26.724648158393222	27.52284469854269	23.268362606904525
23	22.453425055851746	26.765445187920296	27.380723558710983	23.40040619751698
24	22.643802341069925	26.51002950274131	27.650549049211097	23.195619106977666
25	22.77822217378168	26.514755894148827	27.282738411404623	23.424283520664872
26	22.274200172421423	26.960725286933997	27.494280303904073	23.270794236740507
27	22.35385901125412	26.9240091360951	27.436396880200558	23.28573497245022
28	22.362715168050716	26.82220132533365	27.43240334821133	23.382680158404302
29	22.30641676064742	26.910546439293952	27.47643417495496	23.306602625103665
30	22.393818260241698	26.945021622756354	27.46888038248361	23.192279734518333
31	22.88131515115327	26.814817668102624	27.180415199241796	23.123451981502306
32	22.216359083671282	27.044179086225256	27.563445787496825	23.176016042606634
33	22.314914628790667	26.863347678953176	27.672630034105662	23.1491076581505
34	22.35803261767294	26.65246956972631	27.843814936432036	23.14568287616871
35	22.316553634160535	26.936170287911988	27.59377566464427	23.153500413283208
36	22.420658078457723	27.2666781873001	27.536868327441432	22.775795406800743
37	22.548664616622155	26.90587842713042	27.262616005595454	23.282840950651973
38	22.39427364271181	27.362230761387256	27.28920143618994	22.95429415971099
39	22.59516226302142	27.00326487580764	27.503661832634325	22.897911028536612
40	22.67045788861493	26.788472442501444	27.464391224319577	23.076678444564045
41	22.698875457004704	26.93142758069345	27.456727163575266	22.912969798726582
42	22.45263420385256	27.179588435614573	27.48786721446858	22.879910146064283
43	22.563214887755542	26.899787820663708	27.39063113095489	23.14636616062586
44	22.381153582371383	27.24024578701724	27.429690840102612	22.948909790508765
45	22.495375136719392	27.177866976204374	27.266553743606824	23.060204143469413
46	22.604443430429203	27.125443792202592	27.21150107702825	23.058611700339956
47	22.58460541392099	27.24037030907729	27.301494159062166	22.873530117939556
48	22.365248209070533	27.24018987465875	27.31966473329759	23.07489718297313
49	22.681186235434442	26.942771255060954	27.336249952439108	23.039792557065493
50	22.494119255610006	27.32034094684131	27.260084434452043	22.925455363096646
51	22.611397991370087	27.17836249734441	27.241629225544955	22.96861028574055
52	22.570987787907043	27.223654637444834	27.189474929830588	23.015882644817538
53	22.491793438629646	27.02735863474663	27.447653540032135	23.03319438659159
54	22.638378799578714	27.33958964824702	27.292568984367826	22.729462567806443
55	22.645826001248995	26.99386415977238	27.263911994773256	23.096397844205374
56	22.714163271856826	27.295449190538466	27.066588355546145	22.92379918205856
57	22.52471741441427	27.189563736173778	27.203192078333586	23.082526771078367
58	22.5521592975351	27.10260333018483	27.190608152780488	23.154629219499583
59	22.497016489089084	27.231081181705918	27.212474185372116	23.059428143832882
60	22.53521070103729	27.195307216699593	27.382302289775932	22.88717979248719
61	22.764268486430357	27.125351264876187	27.183373055397187	22.927007193296273
62	22.70927060631638	27.234467744466702	27.187514205481598	22.86874744373532
63	22.657967008703693	27.396770227947016	27.116125700532674	22.829137062816617
64	22.719925528109304	27.08172860268805	27.079440554892244	23.118905314310403
65	22.60269097848119	27.262141570083404	27.203591139659405	22.931576311776002
66	22.622527672212435	27.485422479511318	26.9704853296512	22.921564518625047
67	22.701230331348437	27.097935298806348	27.087927126442185	23.11290724340303
68	22.693910048120504	27.448704389818246	27.20214403984751	22.65524152221374
69	22.94348515901804	27.248690057553194	27.144736808738468	22.6630879746903
70	23.0635787134878	27.09715081334936	27.04328524558763	22.795985227575216
71	22.833112650739906	27.465526755012238	26.95512778018599	22.74623281406187
72	22.760198239424266	27.581089837096222	27.220195498925236	22.438516424554273
73	23.532802211232404	28.183857505478098	27.172635801794236	21.11070448149526
74	24.659706393254247	30.554857979528784	27.413603039589074	17.371832587627896
75	30.196744600658338	41.039179199220015	28.76407620012164	0.0
>>END_MODULE
>>Per base GC content	fail
#Base	%GC
1	70.0976187161946
2	44.267735997182456
3	50.56659918968016
4	49.576237466837334
5	30.95795283483362
6	49.03138459066117
7	50.493121431732014
8	45.82421232542009
9	64.94762428997673
10	38.03560623055229
11	54.09896842108864
12	45.160896012107294
13	53.64603507616329
14	52.524343296914
15	47.63256673768297
16	46.21994800734654
17	44.728155633413564
18	44.53368792075755
19	45.595171136838836
20	45.450926799592025
21	46.129254655543555
22	45.752507143064086
23	45.85383125336872
24	45.83942144804759
25	46.20250569444655
26	45.54499440916193
27	45.639593983704344
28	45.74539532645502
29	45.61301938575109
30	45.58609799476003
31	46.00476713265558
32	45.39237512627791
33	45.464022286941166
34	45.50371549384165
35	45.47005404744374
36	45.196453485258466
37	45.83150556727413
38	45.3485678024228
39	45.49307329155804
40	45.74713633317898
41	45.61184525573129
42	45.332544349916844
43	45.7095810483814
44	45.33006337288015
45	45.55557928018881
46	45.66305513076916
47	45.45813553186055
48	45.44014539204366
49	45.72097879249994
50	45.41957461870665
51	45.580008277110636
52	45.58687043272458
53	45.52498782522124
54	45.367841367385154
55	45.74222384545437
56	45.637962453915385
57	45.60724418549263
58	45.70678851703468
59	45.556444632921966
60	45.422390493524475
61	45.69127567972663
62	45.578018050051696
63	45.487104071520314
64	45.83883084241971
65	45.53426729025719
66	45.544092190837475
67	45.81413757475147
68	45.34915157033424
69	45.60657313370834
70	45.85956394106302
71	45.579345464801776
72	45.19871466397854
73	44.64350669272767
74	42.03153898088215
75	30.196744600658338
>>END_MODULE
>>Per sequence GC content	warn
#GC Content	Count
0	25805.0
1	12906.0
2	14.0
3	38.0
4	55.0
5	78.0
6	130.5
7	227.0
8	301.5
9	416.0
10	754.0
11	1344.0
12	1743.5
13	2471.0
14	4341.0
15	7081.5
16	9211.5
17	13232.0
18	21858.0
19	32905.0
20	40737.0
21	52769.5
22	75618.0
23	102083.5
24	120138.5
25	142974.0
26	182654.5
27	223699.5
28	251301.0
29	285696.0
30	340420.5
31	394889.0
32	432044.5
33	476137.0
34	548234.5
35	617764.0
36	660979.0
37	703808.0
38	750472.5
39	777932.5
40	795328.5
41	804331.0
42	805131.0
43	802912.5
44	805891.0
45	801939.5
46	786787.0
47	769818.0
48	761977.5
49	747599.0
50	720487.0
51	696856.5
52	683709.5
53	671664.5
54	648667.0
55	622798.0
56	607069.0
57	591457.0
58	560966.5
59	521998.0
60	487807.5
61	447448.0
62	397115.5
63	348918.5
64	310423.0
65	277551.0
66	234504.0
67	191124.0
68	159669.0
69	135253.0
70	108201.0
71	82600.0
72	65152.5
73	53927.0
74	41476.5
75	30706.5
76	23812.0
77	18868.0
78	13605.5
79	9380.5
80	6989.5
81	5260.5
82	3579.5
83	2264.0
84	1520.5
85	1173.5
86	862.0
87	580.0
88	460.5
89	390.5
90	286.5
91	204.5
92	167.0
93	152.5
94	119.5
95	79.0
96	58.0
97	42.0
98	28.5
99	67.0
100	104.0
>>END_MODULE
>>Per base N content	pass
#Base	N-Count
1	0.1570822261667743
2	0.14218131967475686
3	0.14218131967475686
4	0.1433936715343145
5	0.14218131967475686
6	0.1437959519240768
7	0.14361409914514314
8	0.14236317245369048
9	0.14238521521477338
10	0.14240725797585624
11	0.14260564282560204
12	0.14272136732128707
13	0.14221989450665187
14	0.14301894459590578
15	0.14231357624125404
16	0.14278198491426494
17	0.14223642657746402
18	0.1430409873569886
19	0.14241276866612695
20	0.14218131967475686
21	0.14238521521477338
22	0.14229704417044192
23	0.14220887312611044
24	0.1424954290201877
25	0.14229704417044192
26	0.14233561900233693
27	0.1426993245602042
28	0.14232459762179547
29	0.14225846933854688
30	0.1423025548607126
31	0.14218131967475686
32	0.14218131967475686
33	0.14218131967475686
34	0.14295281631265716
35	0.14218131967475686
36	0.0
37	0.0
38	0.0
39	0.0
40	0.0
41	0.0
42	0.0
43	4.892231370077179E-4
44	0.0
45	0.0
46	0.0
47	0.0
48	8.459468585147157E-4
49	0.0
50	2.248796373905799E-5
51	5.632219766511824E-6
52	0.0
53	0.0
54	0.0
55	0.0
56	0.0
57	0.0
58	0.0
59	0.0
60	0.0
61	0.0
62	1.2707301575052703E-4
63	0.0
64	0.0
65	0.0
66	0.0
67	0.0
68	0.0
69	0.0
70	0.0
71	0.0
72	0.0
73	0.0
74	0.0
75	0.004110749134324594
>>END_MODULE
>>Sequence Length Distribution	warn
#Length	Count
35	34117.0
36	12010.0
37	15904.0
38	17060.0
39	18394.0
40	19160.0
41	20229.0
42	21971.0
43	24182.0
44	26233.0
45	28286.0
46	28910.0
47	30270.0
48	30559.0
49	31969.0
50	32304.0
51	33948.0
52	34888.0
53	36466.0
54	38733.0
55	40014.0
56	41295.0
57	41967.0
58	42627.0
59	43523.0
60	44256.0
61	44391.0
62	45842.0
63	47119.0
64	50106.0
65	52191.0
66	51570.0
67	54802.0
68	54590.0
69	62752.0
70	74126.0
71	143988.0
72	450273.0
73	1245076.0
74	3814598.0
75	1.1165848E7
>>END_MODULE
>>Sequence Duplication Levels	warn
#Total Duplicate Percentage	32.4291721238023
#Duplication Level	Relative count
1	100.0
2	21.477028454840237
3	8.739024301380843
4	4.586293583998251
5	2.647283856159143
6	1.6650271432214814
7	1.0769847342150327
8	0.7833278682551827
9	0.5435931067147594
10++	4.216854301016505
>>END_MODULE
>>Overrepresented sequences	warn
#Sequence	Count	Percentage	Possible Source
NNNNNNNNNNNNNNNNNNNNNNNNNNNNNNNNNNN	25801	0.14218131967475686	No Hit
>>END_MODULE
>>Kmer Content	warn
#Sequence	Count	Obs/Exp Overall	Obs/Exp Max	Max Obs/Exp Position
AAAAA	5601480	3.2544553	7.0365906	71
TTTTT	5453600	3.0411594	5.372073	71
CCTGG	2889580	2.983366	11.825115	3
CCAGG	2800905	2.9156415	13.150084	3
CCCAG	2665845	2.750646	11.734336	2
CAGCA	3005600	2.692365	7.251681	4
CTGGG	2556625	2.663022	10.069024	4
TGCTG	2913475	2.5901332	6.7137194	2
CCAGC	2480520	2.5594258	6.78114	3
GGAGG	2369870	2.5109153	5.633487	6
GCTGG	2388785	2.488197	5.9781704	3
TCCAG	2734210	2.4292414	9.689269	2
AGCAG	2667320	2.4105368	5.6802945	7
CTGCT	2688805	2.3693771	6.8604665	9
AGGAG	2590065	2.3614852	7.381482	5
CAGGA	2599305	2.3490696	10.375485	4
CTCCT	2660370	2.323705	6.5725284	1
CTCCA	2633495	2.319185	7.176928	1
CTGGA	2572185	2.3055625	8.716838	4
CAGCC	2225660	2.2964587	5.3053465	9
GCTGC	2221290	2.2933855	5.832182	8
TCCTG	2576065	2.2700307	9.12209	2
AGAAG	2889185	2.2668192	5.0259852	5
GGCTG	2168385	2.258625	8.462744	7
CAGAG	2469245	2.2315304	8.107392	4
GGCAG	2108545	2.2143922	6.2254295	7
CCTGC	2160905	2.2114217	6.293586	3
GCAGG	2084995	2.1896598	6.571943	3
CTGCA	2450400	2.177087	6.435012	4
CTCTG	2459485	2.1673002	7.3363457	2
CTGCC	2113395	2.1628013	5.8258734	9
TGCAG	2412150	2.1621163	6.680624	2
CCCTG	2105585	2.1548085	8.835265	2
TGGAG	2360050	2.134184	6.4920444	5
CACAG	2340930	2.096965	7.5212846	7
CAGGG	1996145	2.09635	9.366122	4
AGCTG	2327650	2.0863752	6.0846434	7
GCCTG	2001735	2.0667045	6.996107	7
CTGTG	2280820	2.0276911	9.182592	9
GGAGA	2214755	2.0192971	5.6392465	6
GCCAG	1930175	2.0092428	5.32546	2
CAGGC	1915200	1.9936545	6.150261	4
CTGGC	1929205	1.9918206	5.2995286	4
CAGAA	2560775	1.9914851	5.5239487	4
CTCAG	2194245	1.9495032	6.261478	2
GGGAG	1834575	1.9437617	5.223798	7
CCCCA	1894565	1.9376415	6.901071	1
CTGAG	2154330	1.9310209	5.7689295	4
TTCTG	2525735	1.9164681	5.090668	2
CCAGA	2118320	1.8975548	7.0737042	3
CCTCT	2132850	1.8629417	5.470455	1
GGCCA	1770880	1.8434224	6.0345745	1
CAGTG	2047145	1.8349463	6.6153903	9
AGAGG	2007570	1.8303968	5.303142	5
TCTGG	2055045	1.826973	6.1214824	3
CACTG	2032280	1.8056034	7.5296197	7
TGGGG	1714690	1.8018941	5.75728	5
ACCTG	2015450	1.7906506	5.404438	7
TGGCC	1693260	1.7482177	5.511744	5
GAGAG	1908470	1.7400427	5.626551	7
ACAGA	2189420	1.7026867	6.034136	8
CCTGA	1914425	1.7008938	5.5081606	3
GCCCA	1626745	1.678492	7.400541	1
TCAGG	1846145	1.6547811	5.8821588	3
ACACA	2141225	1.6505629	6.841112	6
CACAC	1819305	1.6153712	7.18385	5
AGGTG	1778105	1.6079334	5.1999745	7
CCTGT	1823860	1.6071869	5.5825605	8
GTGTG	1780385	1.5968373	6.567076	1
GGCCT	1544055	1.5941699	5.140123	6
ACAGG	1753260	1.5844735	5.07406	8
TGGGC	1509105	1.5719082	6.2416625	5
TGTGT	2049275	1.5687367	6.092523	10
ACAGC	1712130	1.5336968	5.8705745	8
GGGCC	1263685	1.5286483	5.1347923	6
AGCCT	1717210	1.5256757	5.006281	6
GCTGT	1675450	1.4895059	5.4582376	8
AGGCT	1648785	1.4778786	5.093818	6
GACAG	1611480	1.4563427	7.178879	7
CTGTC	1646560	1.45095	5.8799205	9
GCCCT	1393845	1.4264296	5.5861673	1
GGGCT	1355025	1.4114159	5.979229	6
AGACA	1805465	1.4040893	5.648277	6
AGAGC	1528250	1.3811252	5.034425	5
AGGGC	1290680	1.3554711	5.7158723	5
GGACA	1453410	1.3134899	6.469551	6
GTCCT	1477615	1.3020756	8.287784	1
AGGAC	1387275	1.253722	8.896497	5
GTGCT	1403165	1.2474397	5.689815	1
ACTGC	1380500	1.2265217	5.320749	8
AGCAC	1364350	1.2221614	5.8551755	5
TGTGC	1364230	1.2128257	6.0450363	10
GTCCA	1352165	1.2013471	6.849706	1
GTCTT	1501020	1.1389388	5.0193615	1
TGGAC	1248575	1.1191528	6.1554317	5
GTGCA	1229775	1.1023015	5.751592	1
ACAGT	1416260	1.0924076	5.68662	8
ACTGT	1391430	1.064484	6.4021916	8
TGCAC	1193665	1.0605259	5.3709674	5
GACTG	1171230	1.0498251	6.1941566	7
GGACC	974660	1.014586	5.5009775	6
AGACT	1277170	0.9851229	5.13278	6
ACACT	1278335	0.97735083	5.1757636	6
GGACT	1070395	0.95944214	5.449662	6
CTACA	1235190	0.9443643	5.0347457	4
TGTAG	1215315	0.93799937	5.3798375	2
TAGGA	1034095	0.80470747	5.441758	4
GTGTA	871075	0.6723095	5.7559094	1
TACAC	842255	0.64394593	5.034699	5
>>END_MODULE
