##FastQC	0.10.1
>>Basic Statistics	pass
#Measure	Value	
Filename	KS30_S4_L002_R1_001.fastq.gz	
File type	Conventional base calls	
Encoding	Sanger / Illumina 1.9	
Total Sequences	24865816	
Filtered Sequences	0	
Sequence length	35-75	
%GC	45	
>>END_MODULE
>>Per base sequence quality	pass
#Base	Mean	Median	Lower Quartile	Upper Quartile	10th Percentile	90th Percentile
1	31.44757296523066	32.0	32.0	32.0	32.0	32.0
2	31.517524701381205	32.0	32.0	32.0	32.0	32.0
3	31.596963477892704	32.0	32.0	32.0	32.0	32.0
4	31.669405259011004	32.0	32.0	32.0	32.0	32.0
5	31.647895528544087	32.0	32.0	32.0	32.0	32.0
6	35.32692375749905	36.0	36.0	36.0	36.0	36.0
7	35.342360612657956	36.0	36.0	36.0	36.0	36.0
8	35.29125671966687	36.0	36.0	36.0	36.0	36.0
9	35.388043891260196	36.0	36.0	36.0	36.0	36.0
10	35.28986195345449	36.0	36.0	36.0	36.0	36.0
11	35.366670653398224	36.0	36.0	36.0	36.0	36.0
12	35.32578653360903	36.0	36.0	36.0	36.0	36.0
13	35.348640076802624	36.0	36.0	36.0	36.0	36.0
14	35.31849001054299	36.0	36.0	36.0	36.0	36.0
15	35.292451773953445	36.0	36.0	36.0	36.0	36.0
16	35.30656319503048	36.0	36.0	36.0	36.0	36.0
17	35.299006917770164	36.0	36.0	36.0	36.0	36.0
18	35.289730769342135	36.0	36.0	36.0	36.0	36.0
19	35.29148096326298	36.0	36.0	36.0	36.0	36.0
20	35.27475470742645	36.0	36.0	36.0	36.0	36.0
21	35.268215408655806	36.0	36.0	36.0	36.0	36.0
22	35.25467778736881	36.0	36.0	36.0	36.0	36.0
23	35.238940560004146	36.0	36.0	36.0	36.0	36.0
24	35.22689748046073	36.0	36.0	36.0	36.0	36.0
25	35.20906231269466	36.0	36.0	36.0	36.0	36.0
26	35.17720673232682	36.0	36.0	36.0	36.0	36.0
27	35.160274812618255	36.0	36.0	36.0	36.0	36.0
28	35.149336623419074	36.0	36.0	36.0	36.0	36.0
29	35.13290531064816	36.0	36.0	36.0	36.0	36.0
30	35.11256437351583	36.0	36.0	36.0	36.0	36.0
31	35.09891032733452	36.0	36.0	36.0	36.0	36.0
32	35.08425100547676	36.0	36.0	36.0	36.0	36.0
33	35.06926488959783	36.0	36.0	36.0	36.0	36.0
34	35.06776910116282	36.0	36.0	36.0	36.0	36.0
35	35.03912403276852	36.0	36.0	36.0	36.0	36.0
36	35.04246728617264	36.0	36.0	36.0	36.0	36.0
37	35.031788530811	36.0	36.0	36.0	36.0	36.0
38	35.01103167945498	36.0	36.0	36.0	36.0	36.0
39	35.004792275338765	36.0	36.0	36.0	36.0	36.0
40	34.99415582754543	36.0	36.0	36.0	36.0	36.0
41	34.9697473771614	36.0	36.0	36.0	36.0	36.0
42	34.96317505511394	36.0	36.0	36.0	36.0	36.0
43	34.95052124248529	36.0	36.0	36.0	36.0	36.0
44	34.934955125600375	36.0	36.0	36.0	36.0	36.0
45	34.927926454408556	36.0	36.0	36.0	36.0	36.0
46	34.907394600013085	36.0	36.0	36.0	36.0	36.0
47	34.89475155948212	36.0	36.0	36.0	36.0	36.0
48	34.876954151124636	36.0	36.0	36.0	36.0	36.0
49	34.85589475798353	36.0	36.0	36.0	36.0	36.0
50	34.84038007982565	36.0	36.0	36.0	36.0	36.0
51	34.8250613195532	36.0	36.0	36.0	36.0	36.0
52	34.80116559097649	36.0	36.0	36.0	36.0	36.0
53	34.7732019319184	36.0	36.0	36.0	36.0	36.0
54	34.75488521095246	36.0	36.0	36.0	36.0	36.0
55	34.73287392147097	36.0	36.0	36.0	36.0	36.0
56	34.70691307678314	36.0	36.0	36.0	36.0	36.0
57	34.69371332560235	36.0	36.0	36.0	32.0	36.0
58	34.67119098235574	36.0	36.0	36.0	32.0	36.0
59	34.63866252827839	36.0	36.0	36.0	32.0	36.0
60	34.60529082770794	36.0	36.0	36.0	32.0	36.0
61	34.59635707623879	36.0	36.0	36.0	32.0	36.0
62	34.57031038277723	36.0	36.0	36.0	32.0	36.0
63	34.53320507599443	36.0	36.0	36.0	32.0	36.0
64	34.50781415315048	36.0	36.0	36.0	32.0	36.0
65	34.48610531132038	36.0	36.0	36.0	32.0	36.0
66	34.45854063597651	36.0	36.0	36.0	32.0	36.0
67	34.429815964340456	36.0	36.0	36.0	32.0	36.0
68	34.39880268123336	36.0	36.0	36.0	32.0	36.0
69	34.372272201392065	36.0	36.0	36.0	32.0	36.0
70	34.337977772151284	36.0	36.0	36.0	32.0	36.0
71	34.28786303182285	36.0	36.0	36.0	32.0	36.0
72	34.26588990599236	36.0	36.0	36.0	32.0	36.0
73	34.244678449201565	36.0	36.0	36.0	32.0	36.0
74	34.21750051163477	36.0	36.0	36.0	32.0	36.0
75	33.44665872418208	36.0	36.0	36.0	27.0	36.0
>>END_MODULE
>>Per sequence quality scores	pass
#Quality	Count
2	10730.0
3	0.0
4	0.0
5	0.0
6	0.0
7	0.0
8	0.0
9	1.0
10	4.0
11	46.0
12	336.0
13	922.0
14	450.0
15	262.0
16	226.0
17	284.0
18	362.0
19	910.0
20	2493.0
21	6397.0
22	13559.0
23	24638.0
24	44188.0
25	75283.0
26	121294.0
27	180912.0
28	254742.0
29	344604.0
30	453399.0
31	598839.0
32	827725.0
33	1319790.0
34	3105400.0
35	1.747802E7
>>END_MODULE
>>Per base sequence content	fail
#Base	G	A	T	C
1	43.58201024190956	18.443342285850697	11.333197100831761	26.64145037140798
2	16.607798205002098	20.26176543103382	35.2247859250638	27.90565043890029
3	18.672309886627993	21.759164133750218	28.584248602408273	30.984277377213516
4	13.026229404513733	15.254634846909779	35.54912834324988	36.1700074053266
5	14.696006282175004	35.41275214255947	34.29656207988981	15.594679495375715
6	34.66731114911451	35.4814744958034	15.948977203297545	13.902237151784549
7	30.642855148439235	29.949729403470982	20.315483921479892	19.091931526609887
8	26.661859065786373	34.48554553381952	19.63576388349652	19.216831516897585
9	24.592363108299043	15.487767775174868	19.846682485830065	40.07318663069603
10	14.128750147957645	27.26565902849823	34.83193339182169	23.773657431722427
11	34.43432060544872	22.735032982786702	23.483917939370638	19.34672847239394
12	22.01596486127628	24.234017939024632	31.127959082499252	22.622058117199835
13	27.910871038627665	20.56655124830387	26.162118288385727	25.36045942468274
14	20.484200744130078	20.431551511255474	27.27790309765057	31.80634464696388
15	22.771331388674334	29.31892088403959	23.286236064522168	24.62351166276391
16	22.81325037459134	28.677080417263497	25.250779659342154	23.258889548803012
17	21.616898022512427	28.098508175835647	27.442074805329487	22.842518996322443
18	22.08772079887392	27.934246536101305	27.813659546380165	22.164373118644612
19	22.47312809998487	27.323934538619255	27.687596359036586	22.51534100235929
20	22.55350876677715	27.209799233846947	27.677108017248464	22.55958398212744
21	22.44961749558147	26.904506605047423	27.467970538089165	23.177905361281933
22	22.306190892009685	26.820252805395867	27.72585427870523	23.147702023889213
23	22.372836689821103	26.900033595052875	27.53695556400461	23.19017415112141
24	22.40069586063668	26.75253260971638	27.812216121715583	23.03455540793136
25	22.617657092550463	26.718937473025413	27.419766851024296	23.243638583399832
26	22.11372228851549	27.04293731767311	27.636752184381923	23.206588209429473
27	22.13236542006431	27.038065334387074	27.738551402038375	23.091017843510244
28	22.32729243437735	26.875299809309105	27.730803321350955	23.06660443496259
29	21.995531177918775	27.08031015455297	27.869941012981027	23.054217654547234
30	22.190050070359256	27.164737236243326	27.68788657854423	22.95732611485319
31	22.557298046424375	27.187477438822537	27.45399008785106	22.801234426902024
32	22.046839177640354	27.25607978607047	27.811185264320574	22.885895771968606
33	22.094226707317357	27.07113793145915	27.934356061450615	22.900279299772876
34	22.144531927959825	26.792695670831556	28.1135733038697	22.94919909733892
35	22.038476036269277	27.067348839859918	27.909626889212486	22.984548234658327
36	22.21402617997551	27.489658517246202	27.72275267077408	22.57356263200421
37	22.32950918959915	27.23690468786199	27.578297928956147	22.85528819358271
38	22.190480996024185	27.55773714906194	27.573007516105264	22.678774338808612
39	22.22338581981967	27.39131926833842	27.78471416207117	22.600580749770735
40	22.18231494564085	27.18118149804139	27.786747938579953	22.849755617737806
41	22.265801242472392	27.322359278536535	27.77304819184243	22.63879128714864
42	22.14815319371619	27.389589203427185	27.822449202881135	22.639808399975497
43	22.290086193242427	27.122573412757262	27.698467512033943	22.888872881966364
44	22.185326896813343	27.48300477643894	27.75334814412817	22.578320182619546
45	22.19356557190471	27.43529541598936	27.674619536815765	22.696519475290167
46	22.356461075343447	27.502165942987766	27.53712665402912	22.60424632763967
47	22.135202850719494	27.58142556283614	27.698784189868448	22.584587396575913
48	22.08276725174754	27.465482941231368	27.701414206932096	22.750335600088995
49	22.256479738069814	27.33365053122001	27.768671722840427	22.641198007869757
50	22.21181594979881	27.487667607098548	27.668538511089185	22.631977932013456
51	22.31775705183892	27.455341130953272	27.636858525108348	22.590043292099455
52	22.28037145458206	27.40871848412984	27.62160456693531	22.689305494352787
53	22.192883766637408	27.38906323891696	27.732820602030316	22.685232392415315
54	22.35797206893164	27.620078096059547	27.6185351140567	22.40341472095211
55	22.33548397298792	27.424702615393443	27.538300372472506	22.70151303914613
56	22.427290682379677	27.600060030387326	27.478089643093394	22.494559644139603
57	22.189258730361825	27.49910983456731	27.63813741605115	22.673494019019717
58	22.174864766609304	27.285408308145286	27.738715443946084	22.801011481299327
59	22.096621805045018	27.488048177872404	27.75306399322005	22.662266023862525
60	22.280485753371874	27.50207039583705	27.683359726078656	22.53408412471243
61	22.433355532654993	27.537385955758403	27.527284778507255	22.501973733079346
62	22.352177782660164	27.671178450004586	27.465404325536465	22.511239441798782
63	22.34049894502902	27.67418385300666	27.516531117732324	22.468786084231994
64	22.380137967659113	27.401283360635226	27.480364697728287	22.738213973977377
65	22.228428127108145	27.479490817203846	27.66177539413403	22.63030566155398
66	22.294104290852722	27.51394075298884	27.49917180574471	22.692783150413725
67	22.290916124754677	27.45399681007043	27.55129633197871	22.703790733196186
68	22.352101444085356	27.695876219785003	27.612423633891837	22.339598702237804
69	22.586244842204533	27.57260365956018	27.530657012535688	22.310494485699603
70	22.59706587359286	27.433955238930487	27.44930121037756	22.519677677099093
71	22.443544942096626	27.70513627544166	27.38694149974461	22.4643772827171
72	22.43635480033198	27.85720972847085	27.604204688777084	22.102230782420087
73	23.122984386075178	28.425219048049875	27.639902000043254	20.811894565831693
74	24.33028172660944	30.784763520306647	27.786019899592297	17.098934853491617
75	29.695933253540872	41.058022106355395	29.24604464010373	0.0
>>END_MODULE
>>Per base GC content	fail
#Base	%GC
1	70.22346061331754
2	44.513448643902386
3	49.65658726384151
4	49.196236809840336
5	30.29068577755072
6	48.56954830089906
7	49.73478667504912
8	45.87869058268396
9	64.66554973899507
10	37.90240757968007
11	53.78104907784266
12	44.638022978476116
13	53.271330463310406
14	52.29054539109396
15	47.394843051438244
16	46.07213992339435
17	44.45941701883487
18	44.25209391751853
19	44.98846910234416
20	45.11309274890459
21	45.62752285686341
22	45.4538929158989
23	45.56301084094251
24	45.43525126856804
25	45.861295675950295
26	45.320310497944966
27	45.223383263574554
28	45.39389686933994
29	45.04974883246601
30	45.147376185212444
31	45.3585324733264
32	44.93273494960896
33	44.99450600709024
34	45.093731025298744
35	45.0230242709276
36	44.78758881197972
37	45.18479738318186
38	44.8692553348328
39	44.823966569590404
40	45.03207056337865
41	44.90459252962103
42	44.78796159369169
43	45.178959075208795
44	44.763647079432886
45	44.89008504719487
46	44.96070740298312
47	44.71979024729541
48	44.83310285183653
49	44.89767774593957
50	44.84379388181227
51	44.907800343938376
52	44.96967694893485
53	44.87811615905273
54	44.76138678988376
55	45.03699701213405
56	44.921850326519284
57	44.86275274938154
58	44.97587624790863
59	44.75888782890755
60	44.8145698780843
61	44.93532926573434
62	44.86341722445894
63	44.80928502926101
64	45.11835194163648
65	44.85873378866213
66	44.98688744126645
67	44.99470685795086
68	44.69170014632316
69	44.896739327904136
70	45.11674355069196
71	44.907922224813724
72	44.53858558275206
73	43.934878951906875
74	41.429216580101055
75	29.695933253540872
>>END_MODULE
>>Per sequence GC content	warn
#GC Content	Count
0	10742.0
1	5381.5
2	28.0
3	66.5
4	98.0
5	117.0
6	218.0
7	416.5
8	539.5
9	758.0
10	1428.0
11	2559.5
12	3274.0
13	4523.5
14	7711.0
15	12774.0
16	16820.5
17	23987.5
18	39175.5
19	58196.5
20	71341.5
21	92584.5
22	132159.5
23	176997.0
24	207453.0
25	245174.0
26	309243.5
27	373881.5
28	415642.5
29	465384.0
30	543329.5
31	616667.5
32	664202.0
33	718105.5
34	805924.5
35	884475.5
36	929524.5
37	975866.5
38	1026940.5
39	1060054.0
40	1081813.5
41	1087844.5
42	1081220.0
43	1066104.5
44	1057892.5
45	1042869.5
46	1009111.5
47	971081.0
48	951465.5
49	928388.0
50	886739.5
51	851208.5
52	832432.0
53	817914.5
54	792959.5
55	770297.5
56	758660.5
57	743043.5
58	709298.5
59	663972.5
60	623912.0
61	576801.5
62	516549.0
63	458180.0
64	413275.0
65	375359.5
66	322242.0
67	266223.5
68	226221.0
69	196403.0
70	160673.0
71	125109.5
72	101039.0
73	85721.5
74	67984.0
75	51729.5
76	41489.5
77	34745.0
78	27319.5
79	20592.5
80	16360.5
81	13689.5
82	10638.5
83	7483.0
84	5462.0
85	4426.5
86	3273.0
87	2178.0
88	1714.0
89	1377.5
90	902.0
91	623.5
92	525.5
93	442.5
94	309.0
95	213.5
96	175.5
97	141.5
98	91.0
99	188.0
100	302.0
>>END_MODULE
>>Per base N content	pass
#Base	N-Count
1	0.08459404670250918
2	0.0441087475271272
3	0.04318780449433069
4	0.04316769656785042
5	0.0431516102266662
6	0.0431516102266662
7	0.0431516102266662
8	0.0431516102266662
9	0.0431516102266662
10	0.0431516102266662
11	0.0431516102266662
12	0.0431516102266662
13	0.0431516102266662
14	0.043244106688475455
15	0.0431516102266662
16	0.0431516102266662
17	0.043199869250218854
18	0.0431516102266662
19	0.04365832997396908
20	0.0431516102266662
21	0.04346931546505451
22	0.04760350514939868
23	0.04410070435653509
24	0.04590237456916757
25	0.04587422347209519
26	0.050056672179992
27	0.048556620864563624
28	0.05872721007828579
29	0.05661185621256105
30	0.05946316018746379
31	0.0672167766382571
32	0.06339627060700521
33	0.07511517015970842
34	0.06150210393256349
35	0.07463257992418186
36	0.026669936161556395
37	0.025664830593604956
38	0.03314326578193913
39	0.023649897119121993
40	0.024004951650708012
41	0.03273132994381511
42	0.027903702592734152
43	0.03999861077838321
44	0.03343805883128798
45	0.02385966221616119
46	0.03135293237817489
47	0.02938260216692748
48	0.03168849958010411
49	0.038009579726582185
50	0.05583733027176749
51	0.0394763074994961
52	0.03922345599223281
53	0.04250165194984967
54	0.03532953695800844
55	0.03197874873825726
56	0.03667722006903083
57	0.036855356426824804
58	0.038311397162274406
59	0.047893286928276706
60	0.04730738738404904
61	0.041578203531832385
62	0.034629724567516826
63	0.043547681130223045
64	0.03658337642472591
65	0.032747145801207446
66	0.026226508968014782
67	0.03526826597788909
68	0.02618541046170205
69	0.030903753592519796
70	0.040180044250111555
71	0.06461622145774011
72	0.028809783666244988
73	0.02830387181776708
74	0.030157068609802978
75	0.03463979679810117
>>END_MODULE
>>Sequence Length Distribution	warn
#Length	Count
35	13863.0
36	4721.0
37	6590.0
38	7553.0
39	9044.0
40	9899.0
41	10986.0
42	12299.0
43	13705.0
44	15699.0
45	17360.0
46	18581.0
47	19392.0
48	20242.0
49	21379.0
50	21874.0
51	22157.0
52	23781.0
53	25183.0
54	27083.0
55	27845.0
56	28959.0
57	30147.0
58	30251.0
59	31456.0
60	32040.0
61	32029.0
62	34193.0
63	35119.0
64	37374.0
65	39559.0
66	39100.0
67	41327.0
68	43224.0
69	52371.0
70	69622.0
71	166635.0
72	599666.0
73	1732432.0
74	5361305.0
75	1.6079771E7
>>END_MODULE
>>Sequence Duplication Levels	warn
#Total Duplicate Percentage	38.50824880307125
#Duplication Level	Relative count
1	100.0
2	24.763167409907194
3	11.686151621067856
4	6.756659033385561
5	4.15732594110321
6	2.7455706882005546
7	1.941263910650436
8	1.4438953838736892
9	1.0582138122212847
10++	6.148407054758748
>>END_MODULE
>>Overrepresented sequences	pass
>>END_MODULE
>>Kmer Content	warn
#Sequence	Count	Obs/Exp Overall	Obs/Exp Max	Max Obs/Exp Position
AAAAA	9471375	3.7978253	7.634858	71
TTTTT	8671960	3.3168542	6.032287	71
CCTGG	4060325	3.135021	12.355144	3
CCAGG	3854125	3.0040557	14.02329	3
CCCAG	3733010	2.8926747	12.628278	2
CTGGG	3659010	2.8417447	11.026184	4
CCAGC	3482160	2.6982934	7.229595	3
GGAGG	3270565	2.5792205	5.9541287	6
GCTGG	3303655	2.5657604	6.355229	3
TCCAG	3750115	2.4450533	9.543449	2
CAGCA	3702260	2.4367623	6.961128	4
CAGCC	3131230	2.426361	6.3319497	5
TGCTG	3660375	2.3779817	6.4389853	2
CAGGA	3555845	2.3541322	10.548558	4
CTCCA	3631555	2.3539357	7.265071	1
GGCTG	3012830	2.339893	8.557311	7
AGGAG	3499885	2.3306847	7.6357884	5
CTCCT	3584640	2.3016803	6.529188	1
CTGGA	3474130	2.2784083	8.543576	4
GGCAG	2891180	2.2667263	6.5023904	7
TCCTG	3505305	2.263951	9.0068445	2
CCTGC	2934580	2.252599	6.4156594	3
GCCTG	2887845	2.2297366	8.211394	7
CTGCC	2890600	2.2188396	6.01196	9
GCAGG	2826795	2.2162478	6.774996	3
CAGAG	3333245	2.2067606	8.266076	4
AGCAG	3327960	2.2032616	5.7291074	7
CTGCA	3372855	2.199082	6.6660213	4
CCCTG	2859080	2.1946447	9.123042	2
CTGCT	3396480	2.1936646	6.6311054	9
TGCAG	3304210	2.1669707	6.6829805	2
GCTGC	2805975	2.1665237	5.711605	8
CTCTG	3312630	2.1395092	7.4980674	2
CAGGG	2688055	2.1074736	9.840165	4
TGGAG	3188080	2.103083	6.4008	5
CAGGC	2669420	2.0806503	6.7910213	4
AGCTG	3163175	2.0744772	6.1574225	7
GCCAG	2650730	2.0660827	5.889256	2
CTGGC	2658885	2.052954	5.620412	4
GGGAG	2566585	2.0240505	5.5865088	7
GGAGA	3016440	2.0087433	5.5377088	6
CCCCA	2600210	2.0031207	7.304883	1
CAGAA	3557290	1.9887094	5.5276446	4
CACAG	3004455	1.9774792	7.0041347	7
CTGTG	3001020	1.9496281	9.045775	9
CTCAG	2980155	1.9430438	6.269873	2
CTGAG	2949025	1.9340332	6.072402	4
TTCTG	3514720	1.9100077	5.0196476	2
GGCCA	2431130	1.8949177	6.7777977	1
CCAGA	2863460	1.8846791	7.2198796	3
TGGGG	2386145	1.8640603	6.219726	5
CCTCT	2833035	1.8190782	5.4977436	1
TCTGG	2796560	1.8167996	6.2573137	3
TGGCC	2329275	1.7984583	5.9271827	5
CACTG	2741420	1.7873898	7.5641465	7
CAGTG	2718630	1.782935	6.684979	9
ACCTG	2725795	1.7772024	5.5450664	7
AGAGG	2662775	1.7732265	5.2358894	5
GCCCA	2257370	1.7492151	8.394771	1
CCTGA	2636825	1.7191947	5.7059236	3
GGCCC	1860455	1.7072439	5.003691	6
ACAGA	2984260	1.6683561	5.776724	8
GAGAG	2490805	1.6587062	5.351777	7
TCAGG	2521605	1.6537219	5.992881	3
GGCCT	2137980	1.6507576	5.487663	6
GGGCC	1786900	1.6493711	5.6694517	6
TGGGC	2122660	1.6485488	6.639915	5
AGGCC	2079960	1.6212022	5.368427	5
AGCCT	2482050	1.6182822	6.0782027	6
AGGTG	2431615	1.6040652	5.3394947	7
CCTGT	2475485	1.598827	5.6732616	8
CCAAG	2406345	1.5838138	5.0204043	3
AGGCT	2298775	1.5075854	5.2840443	6
GCCCT	1893670	1.453591	5.9702115	1
GGGCT	1866400	1.4495264	6.086544	6
CTGTC	2215770	1.4310865	5.8869934	9
GACAG	2160495	1.4303465	7.0942936	7
ACAGC	2169775	1.4281077	5.4879875	8
GCTGT	2191190	1.4235178	5.2241473	8
GTGTG	2167540	1.416419	6.432153	1
ACACA	2547325	1.4157764	6.0543437	6
TGTGT	2562480	1.4007047	5.43893	10
CACAC	2126620	1.3915358	6.606788	5
AGAGC	2088065	1.3823946	5.2108874	5
AGGGC	1756855	1.3773994	5.9051375	5
AGACA	2396545	1.3397928	5.587422	6
ACTGC	1933550	1.2606633	5.399935	8
GGACA	1879190	1.2441097	5.998397	6
GTGCT	1861195	1.2091348	5.594269	1
GTCCT	1862460	1.2028961	6.886552	1
GTCCA	1778835	1.1597902	6.6252875	1
AGGAC	1740875	1.1525389	7.302738	5
AGCAC	1747525	1.1501902	5.718446	5
TGTGC	1760315	1.1435976	5.5537868	10
GTGCA	1639215	1.0750319	5.910567	1
TGCAC	1645515	1.0728662	5.6546555	5
TGGAC	1624135	1.0651422	5.9786673	5
ACAGT	1896665	1.0503647	5.6041694	8
GACTG	1595880	1.0466119	6.3545113	7
ACTGT	1900140	1.0423956	6.4472995	8
GCACT	1582065	1.0314972	5.206275	6
AGACT	1848830	1.0238739	5.652356	6
GGACC	1274655	0.9935159	5.2047315	6
GGACT	1448395	0.9498881	5.4146724	6
ACACT	1673060	0.9211265	5.038542	6
GTGTA	1126500	0.62161267	5.444433	1
>>END_MODULE
