##FastQC	0.10.1
>>Basic Statistics	pass
#Measure	Value	
Filename	005-F5_S2_L004_R2_001_trimmed.fq.gz	
File type	Conventional base calls	
Encoding	Sanger / Illumina 1.9	
Total Sequences	17841607	
Filtered Sequences	0	
Sequence length	20-50	
%GC	45	
>>END_MODULE
>>Per base sequence quality	pass
#Base	Mean	Median	Lower Quartile	Upper Quartile	10th Percentile	90th Percentile
1	34.61724793063764	36.0	36.0	36.0	32.0	36.0
2	34.6013803016735	36.0	36.0	36.0	32.0	36.0
3	34.58651028463972	36.0	36.0	36.0	32.0	36.0
4	34.574232971278875	36.0	36.0	36.0	32.0	36.0
5	34.55997455834556	36.0	36.0	36.0	32.0	36.0
6	34.53412111364184	36.0	36.0	36.0	32.0	36.0
7	34.52470895699025	36.0	36.0	36.0	32.0	36.0
8	34.515356828563704	36.0	36.0	36.0	32.0	36.0
9	34.49775645209537	36.0	36.0	36.0	32.0	36.0
10	34.47217355477004	36.0	36.0	36.0	32.0	36.0
11	34.46378580135747	36.0	36.0	36.0	32.0	36.0
12	34.43346751220336	36.0	36.0	36.0	32.0	36.0
13	34.42708927508604	36.0	36.0	36.0	32.0	36.0
14	34.408670810874824	36.0	36.0	36.0	32.0	36.0
15	34.391650314907174	36.0	36.0	36.0	32.0	36.0
16	34.37055081417274	36.0	36.0	36.0	32.0	36.0
17	34.35376426574131	36.0	36.0	36.0	32.0	36.0
18	34.33905253041388	36.0	36.0	36.0	32.0	36.0
19	34.31528880778508	36.0	36.0	36.0	32.0	36.0
20	34.322537033799705	36.0	36.0	36.0	32.0	36.0
21	34.28991384487856	36.0	36.0	36.0	32.0	36.0
22	34.29083430626138	36.0	36.0	36.0	32.0	36.0
23	34.27345722674767	36.0	36.0	36.0	32.0	36.0
24	34.2341698629048	36.0	36.0	36.0	32.0	36.0
25	34.22226731641528	36.0	36.0	36.0	32.0	36.0
26	34.20009424992681	36.0	36.0	36.0	32.0	36.0
27	34.179413764594486	36.0	36.0	36.0	32.0	36.0
28	34.155877363952186	36.0	36.0	36.0	32.0	36.0
29	34.132053906644074	36.0	36.0	36.0	32.0	36.0
30	34.1032959590923	36.0	36.0	36.0	32.0	36.0
31	34.06808573531125	36.0	36.0	36.0	32.0	36.0
32	34.041717717257	36.0	36.0	36.0	32.0	36.0
33	34.026278670187615	36.0	36.0	36.0	32.0	36.0
34	33.999639119305414	36.0	36.0	36.0	32.0	36.0
35	33.95706598499897	36.0	36.0	36.0	32.0	36.0
36	33.93927357059955	36.0	36.0	36.0	32.0	36.0
37	33.91406678261466	36.0	36.0	36.0	32.0	36.0
38	33.8974831381892	36.0	36.0	36.0	32.0	36.0
39	33.856505662499906	36.0	36.0	36.0	32.0	36.0
40	33.830452863405	36.0	36.0	36.0	32.0	36.0
41	33.81465531988417	36.0	36.0	36.0	27.0	36.0
42	33.79229731712162	36.0	36.0	36.0	27.0	36.0
43	33.76117892704746	36.0	36.0	36.0	27.0	36.0
44	33.7462307184732	36.0	36.0	36.0	27.0	36.0
45	33.7281214748459	36.0	36.0	36.0	27.0	36.0
46	33.73153017641824	36.0	36.0	36.0	27.0	36.0
47	33.74874590190577	36.0	36.0	36.0	27.0	36.0
48	33.78361992648352	36.0	36.0	36.0	27.0	36.0
49	33.86473531094229	36.0	36.0	36.0	32.0	36.0
50	34.012400508451606	36.0	36.0	36.0	32.0	36.0
>>END_MODULE
>>Per sequence quality scores	pass
#Quality	Count
2	14.0
3	0.0
4	2.0
5	9.0
6	12.0
7	14.0
8	26.0
9	39.0
10	44.0
11	35.0
12	48.0
13	81.0
14	870.0
15	2202.0
16	4421.0
17	7886.0
18	13113.0
19	20557.0
20	30849.0
21	43548.0
22	59609.0
23	81156.0
24	108258.0
25	143176.0
26	185873.0
27	238119.0
28	300308.0
29	376265.0
30	471595.0
31	606068.0
32	817588.0
33	1213890.0
34	2296686.0
35	7900555.0
36	2918691.0
>>END_MODULE
>>Per base sequence content	pass
#Base	G	A	T	C
1	22.701098285009046	26.69881266924843	27.279353242935965	23.32073580280656
2	22.60330720497867	26.766570287284473	27.553643974154863	23.076478533581994
3	22.543846957982495	26.835947635955797	27.41861554025106	23.20158986581065
4	22.760008156951585	26.54255902943487	27.683461623706464	23.013971189907085
5	22.86926748050746	26.589850427158794	27.278753849630778	23.262128242702964
6	22.37465890921125	27.012832221951804	27.514133806801333	23.09837506203562
7	22.464851496803252	27.002200670178624	27.439190090594067	23.093757742424057
8	22.501849464622172	26.9030876053752	27.41078091856986	23.18428201143277
9	22.395779090583883	27.019651995148518	27.504900975464235	23.07966793880336
10	22.479839235175394	27.04337575190352	27.493095517146337	22.983689495774744
11	22.988461290096915	26.93236731223531	27.161204266241906	22.917967131425865
12	22.28008608857796	27.19217433637719	27.580895824580647	22.9468437504642
13	22.459299969623558	26.992951533404863	27.639326767485358	22.90842172948622
14	22.47133363367287	26.76015197247908	27.795886155507603	22.972628238340445
15	22.40591713037318	27.07081427590616	27.59806594595316	22.925202647767506
16	22.52551733957106	27.38267124742781	27.51082269281714	22.580988720183992
17	22.685963219757976	27.007426374258227	27.22304597956334	23.083564426420455
18	22.518807895510086	27.474768378722242	27.258945766826375	22.747477958941296
19	22.713095236627115	27.150908174246492	27.45000986018714	22.685986728939252
20	22.790080557092153	26.898476001896572	27.463282004641204	22.848161436370077
21	22.769958957746923	27.0508097252393	27.438386075736098	22.74084524127768
22	22.552899733027758	27.285247429417613	27.47357136774141	22.688281469813216
23	22.635536414122228	27.05807165714041	27.372838276053685	22.933553652683678
24	22.469730320049422	27.366879475796114	27.42200355296756	22.7413866511869
25	22.578674725435388	27.301070647528224	27.26708318424566	22.85317144279073
26	22.664576535920105	27.228033075468648	27.217958494085366	22.88943189452588
27	22.657769936107	27.338406075107912	27.33665033582917	22.667173652955917
28	22.439559001556237	27.36212335435476	27.28965582707879	22.908661817010213
29	22.76188705266706	27.14243414320156	27.30181320579812	22.79386559833326
30	22.54201314545352	27.485244005858345	27.244764298304002	22.727978550384133
31	22.666902844232194	27.353991183838712	27.239038178336738	22.740067793592356
32	22.6444930029258	27.4017396737676	27.173219061332592	22.78054826197401
33	22.551277291849964	27.192922971993788	27.455013763629992	22.800785972526253
34	22.678535281393053	27.538259821433066	27.274206386995175	22.50899851017871
35	22.657718603334448	27.181884781266934	27.252413254876878	22.90798336052174
36	22.714954284753077	27.474105488905476	27.07346657379826	22.73747365254319
37	22.557001182106784	27.377537125331603	27.184047395769944	22.881414296791668
38	22.56489138638819	27.280732600835446	27.205056593814618	22.949319418961746
39	22.494915653660513	27.426194679090283	27.225150429638855	22.85373923761035
40	22.58409974278601	27.374571967513926	27.36461525888267	22.676713030817396
41	22.842195521050073	27.282468604980302	27.179610064134422	22.695725809835203
42	22.728143968765643	27.416625303593683	27.221463973371495	22.63376675426918
43	22.677625316172172	27.581692454878077	27.12744702068418	22.61323520826557
44	22.743010609250565	27.27726836525481	27.055947936382335	22.92377308911229
45	22.63595774140364	27.471707337761398	27.187240832963873	22.70509408787109
46	22.640741114051256	27.686734950162673	26.996141289123244	22.67638264666283
47	22.687661242349126	27.413965421750813	27.122822685881363	22.775550650018697
48	22.690877070706826	27.85129279474309	27.265115459192668	22.192714675357415
49	22.88578998332581	28.00227330032019	27.40430644613313	21.707630270220864
50	22.96628630148816	27.707911019995617	27.44386117582253	21.881941502693692
>>END_MODULE
>>Per base GC content	pass
#Base	%GC
1	46.021834087815606
2	45.67978573856066
3	45.74543682379314
4	45.773979346858674
5	46.131395723210424
6	45.47303397124686
7	45.55860923922731
8	45.68613147605494
9	45.47544702938725
10	45.46352873095014
11	45.90642842152278
12	45.226929839042164
13	45.36772169910977
14	45.44396187201332
15	45.33111977814069
16	45.106506059755056
17	45.76952764617843
18	45.266285854451375
19	45.39908196556637
20	45.63824199346223
21	45.510804199024605
22	45.24118120284097
23	45.569090066805906
24	45.21111697123632
25	45.43184616822612
26	45.55400843044598
27	45.32494358906292
28	45.348220818566446
29	45.55575265100032
30	45.26999169583765
31	45.40697063782455
32	45.425041264899804
33	45.35206326437621
34	45.18753379157177
35	45.565701963856185
36	45.452427937296264
37	45.438415478898456
38	45.51421080534994
39	45.34865489127086
40	45.260812773603405
41	45.537921330885275
42	45.36191072303482
43	45.29086052443774
44	45.666783698362856
45	45.34105182927473
46	45.31712376071408
47	45.46321189236782
48	44.88359174606424
49	44.593420253546675
50	44.84822780418185
>>END_MODULE
>>Per sequence GC content	pass
#GC Content	Count
0	6034.0
1	5039.5
2	3866.5
3	4144.5
4	4665.5
5	5258.0
6	5971.5
7	6936.0
8	7936.5
9	9767.5
10	11788.5
11	15285.0
12	18924.0
13	24579.0
14	31345.0
15	41855.5
16	53208.5
17	69779.5
18	87777.0
19	110717.0
20	134628.0
21	164154.0
22	194593.0
23	231772.5
24	271454.5
25	308769.0
26	352305.5
27	404202.0
28	459995.0
29	520568.0
30	581835.0
31	646951.5
32	715415.0
33	785999.0
34	858497.5
35	921751.5
36	979871.5
37	1023774.0
38	1057987.0
39	1083794.0
40	1107054.5
41	1122802.5
42	1135588.0
43	1135996.0
44	1132451.5
45	1119728.5
46	1106113.0
47	1086957.5
48	1066272.0
49	1045286.5
50	1022374.0
51	999049.0
52	974627.0
53	947931.5
54	920532.0
55	891850.5
56	859569.0
57	820284.0
58	779058.5
59	729316.0
60	678475.0
61	622624.0
62	564981.5
63	514492.5
64	455685.5
65	401105.0
66	349890.0
67	303359.5
68	257367.5
69	215645.5
70	179072.0
71	148357.5
72	121753.5
73	99252.0
74	78433.5
75	62787.5
76	51039.0
77	40595.0
78	31330.5
79	24455.0
80	18510.5
81	14006.0
82	10456.5
83	8131.5
84	6172.0
85	4853.5
86	3749.5
87	3012.0
88	2533.0
89	2187.0
90	1898.0
91	1750.0
92	1646.5
93	1604.5
94	1586.0
95	1668.0
96	1769.0
97	2052.0
98	2754.5
99	8657.5
100	14139.0
>>END_MODULE
>>Per base N content	pass
#Base	N-Count
1	0.007499324472285485
2	0.007544163482583155
3	0.011848708471159576
4	0.00901824594611909
5	0.005240559328540305
6	0.005879515225282117
7	0.008894938667800495
8	0.007336783059956427
9	0.0071798465239145785
10	0.0077683585340715105
11	0.010262528481879463
12	0.010324182121038762
13	0.011904757234031666
14	0.01007756756440157
15	0.020379330180291495
16	0.009959865162370183
17	0.026001021096362
18	0.008368080296802862
19	0.012269074192700243
20	0.005425520246018198
21	0.026618709196413116
22	0.0052253224864862976
23	0.009219199196464516
24	0.014493238850439431
25	0.013667802255866238
26	0.010668733445606354
27	0.017196468832664267
28	0.013750197570126577
29	0.011339311990811677
30	0.012299678286182279
31	0.0156687825831961
32	0.01941297710367007
33	0.009905557029024781
34	0.007007167603990964
35	0.010105122259224737
36	0.005145524144020255
37	0.008431662396704119
38	0.004649839861269834
39	0.006096501576259577
40	0.0036857893977620313
41	0.006257634062423534
42	0.004188039658718666
43	0.004134044547844536
44	0.0017542472091154277
45	0.002787094401602085
46	0.006069266651671768
47	0.0030294892375816976
48	0.0016923060052087824
49	5.85083609633797E-4
50	0.0010935102517097084
>>END_MODULE
>>Sequence Length Distribution	warn
#Length	Count
20	30826.0
21	31974.0
22	33231.0
23	33869.0
24	35127.0
25	36248.0
26	37881.0
27	39067.0
28	40275.0
29	42977.0
30	44189.0
31	45514.0
32	46629.0
33	47225.0
34	47897.0
35	49264.0
36	49771.0
37	52280.0
38	54802.0
39	58411.0
40	60821.0
41	65800.0
42	70095.0
43	85113.0
44	125918.0
45	215283.0
46	516865.0
47	1071513.0
48	2124977.0
49	2862763.0
50	9785002.0
>>END_MODULE
>>Sequence Duplication Levels	warn
#Total Duplicate Percentage	31.069805906009872
#Duplication Level	Relative count
1	100.0
2	20.18267383650763
3	8.122487163556642
4	4.051245795573837
5	2.389470902871507
6	1.4918125272261142
7	0.9962079825181567
8	0.6698516757003806
9	0.5734444515857203
10++	4.348322871364198
>>END_MODULE
>>Overrepresented sequences	pass
>>END_MODULE
>>Kmer Content	warn
#Sequence	Count	Obs/Exp Overall	Obs/Exp Max	Max Obs/Exp Position
AAAAA	4744865	4.044581	5.070956	46
TTTTT	3948860	3.276129	3.95284	13
GGGGG	1449900	3.1121392	4.1643333	46
>>END_MODULE
