##FastQC	0.10.1
>>Basic Statistics	pass
#Measure	Value	
Filename	001-F0_S3_L004_R1_001_trimmed.fq.gz	
File type	Conventional base calls	
Encoding	Sanger / Illumina 1.9	
Total Sequences	20553731	
Filtered Sequences	0	
Sequence length	20-51	
%GC	45	
>>END_MODULE
>>Per base sequence quality	pass
#Base	Mean	Median	Lower Quartile	Upper Quartile	10th Percentile	90th Percentile
1	35.15848110496338	36.0	36.0	36.0	36.0	36.0
2	35.149226872726906	36.0	36.0	36.0	36.0	36.0
3	35.135168597857	36.0	36.0	36.0	36.0	36.0
4	35.123588121300216	36.0	36.0	36.0	36.0	36.0
5	35.09911198117753	36.0	36.0	36.0	36.0	36.0
6	35.056322474980334	36.0	36.0	36.0	36.0	36.0
7	35.03800915755879	36.0	36.0	36.0	36.0	36.0
8	35.031830279378475	36.0	36.0	36.0	36.0	36.0
9	35.00811083885451	36.0	36.0	36.0	36.0	36.0
10	34.99234450426543	36.0	36.0	36.0	36.0	36.0
11	34.98227922706588	36.0	36.0	36.0	36.0	36.0
12	34.96526255987295	36.0	36.0	36.0	36.0	36.0
13	34.95737858980445	36.0	36.0	36.0	36.0	36.0
14	34.94506938910507	36.0	36.0	36.0	36.0	36.0
15	34.92537802504081	36.0	36.0	36.0	36.0	36.0
16	34.91492493503977	36.0	36.0	36.0	36.0	36.0
17	34.9105155652762	36.0	36.0	36.0	36.0	36.0
18	34.889386651990336	36.0	36.0	36.0	36.0	36.0
19	34.8683066349365	36.0	36.0	36.0	36.0	36.0
20	34.866882319321974	36.0	36.0	36.0	36.0	36.0
21	34.85819430505626	36.0	36.0	36.0	36.0	36.0
22	34.84665144237135	36.0	36.0	36.0	36.0	36.0
23	34.82890238988207	36.0	36.0	36.0	36.0	36.0
24	34.81082926612941	36.0	36.0	36.0	36.0	36.0
25	34.79504591871393	36.0	36.0	36.0	36.0	36.0
26	34.77688723738575	36.0	36.0	36.0	36.0	36.0
27	34.76731306945122	36.0	36.0	36.0	36.0	36.0
28	34.74745813142375	36.0	36.0	36.0	36.0	36.0
29	34.732105399177904	36.0	36.0	36.0	36.0	36.0
30	34.709953727807765	36.0	36.0	36.0	32.0	36.0
31	34.68791392310501	36.0	36.0	36.0	32.0	36.0
32	34.666126161854365	36.0	36.0	36.0	32.0	36.0
33	34.633317741393185	36.0	36.0	36.0	32.0	36.0
34	34.61971954294917	36.0	36.0	36.0	32.0	36.0
35	34.59666633653173	36.0	36.0	36.0	32.0	36.0
36	34.573639796589866	36.0	36.0	36.0	32.0	36.0
37	34.54764966257003	36.0	36.0	36.0	32.0	36.0
38	34.5229113280746	36.0	36.0	36.0	32.0	36.0
39	34.49178207032956	36.0	36.0	36.0	32.0	36.0
40	34.47819138533796	36.0	36.0	36.0	32.0	36.0
41	34.456016557293076	36.0	36.0	36.0	32.0	36.0
42	34.41559073869751	36.0	36.0	36.0	32.0	36.0
43	34.39273580986915	36.0	36.0	36.0	32.0	36.0
44	34.36994600703839	36.0	36.0	36.0	32.0	36.0
45	34.34853177663453	36.0	36.0	36.0	32.0	36.0
46	34.32887118346935	36.0	36.0	36.0	32.0	36.0
47	34.32932396439215	36.0	36.0	36.0	32.0	36.0
48	34.334613626995264	36.0	36.0	36.0	32.0	36.0
49	34.370427454464945	36.0	36.0	36.0	32.0	36.0
50	34.45414092748411	36.0	36.0	36.0	32.0	36.0
51	34.56634983584841	36.0	36.0	36.0	32.0	36.0
>>END_MODULE
>>Per sequence quality scores	pass
#Quality	Count
14	3.0
15	84.0
16	339.0
17	819.0
18	1966.0
19	4218.0
20	8575.0
21	15488.0
22	25723.0
23	40411.0
24	61612.0
25	90853.0
26	129672.0
27	180145.0
28	239654.0
29	310994.0
30	400260.0
31	518262.0
32	702259.0
33	1057262.0
34	2137800.0
35	9887094.0
36	4740238.0
>>END_MODULE
>>Per base sequence content	pass
#Base	G	A	T	C
1	22.477818307362334	26.841137413715156	27.397618578227018	23.283425700695496
2	22.420306935891745	27.04817567796369	27.64315637429691	22.888361011847653
3	22.327678123775307	27.044288802723997	27.57842841758007	23.049604655920625
4	22.626185400265044	26.705372283578853	27.819079532808015	22.84936278334809
5	22.697286603700512	26.84335108919254	27.415588307990525	23.043773999116425
6	22.198703697631036	27.238468627639676	27.625112523206468	22.93771515152282
7	22.281271500142335	27.188810275628512	27.517934411919093	23.01198381231006
8	22.287685106599955	27.102188788054	27.484103276497017	23.126022828849024
9	22.293958794069844	27.128947515021096	27.55473677475887	23.02235691615019
10	22.33688508897553	27.142578082713637	27.58806024321186	22.932476585098975
11	22.89438523651172	27.008945567922826	27.245790813962074	22.850878381603383
12	22.20362927533307	27.283136625869435	27.61697768239817	22.896256416399318
13	22.326451861255293	27.09418344706228	27.753446752842866	22.825917938839563
14	22.369168399631672	26.868826509825183	27.888735326884508	22.873269763658634
15	22.29755283364363	27.16954812580478	27.651074991406343	22.881824049145244
16	22.423964061886497	27.449670633787292	27.550234490060145	22.576130814266065
17	22.558270650535874	27.06884369882559	27.24300880152398	23.12987684911455
18	22.465795973002066	27.505586133097825	27.295997280083746	22.732620613816362
19	22.69235859191331	27.111891629949085	27.46798564511358	22.727764133024024
20	22.73861712420617	26.860968302840266	27.531224094664005	22.869190478289557
21	22.745193517875155	27.02793328369247	27.504382128859135	22.722491069573245
22	22.51981092579313	27.249177465713213	27.534557993317897	22.696453615175752
23	22.55143663463755	27.020647930241665	27.44534156176733	22.982573873353456
24	22.37537493587839	27.36062881311082	27.46308541614618	22.800910834864613
25	22.51519955320342	27.284251730676708	27.284098460779642	22.91645025534023
26	22.63433047253586	27.164788294223776	27.26053957366496	22.940341659575402
27	22.66780170073893	27.24239094373048	27.36524067514978	22.724566680380804
28	22.375317389406984	27.259789094245658	27.33586562005566	23.029027896291694
29	22.72897410754557	26.992755722048713	27.345081643387164	22.93318852701855
30	22.473339639592552	27.4108525867093	27.27539188285142	22.840415890846728
31	22.60415636016476	27.229570324474	27.320256586963836	22.8460167283974
32	22.55916441432054	27.318508556038452	27.227563507834883	22.894763521806123
33	22.46456663845989	27.052634498703572	27.559239840614374	22.923559022222168
34	22.68300532657284	27.4269145014302	27.31610892512754	22.57397124686942
35	22.603305064773497	27.021904298556805	27.366167523472267	23.008623113197434
36	22.771634929876946	27.317633910620838	27.086945479921443	22.823785679580773
37	22.513943283100783	27.230183438967565	27.239485186409507	23.01638809152214
38	22.566301973653115	27.121790053621293	27.23476200975849	23.07714596296711
39	22.5144818384915	27.237034803482246	27.258093203262725	22.99039015476353
40	22.51867960357549	27.172448997416225	27.477221753722397	22.831649645285886
41	22.797468196468053	27.089580776719814	27.265339363874368	22.847611662937766
42	22.702419842645913	27.180787110614546	27.314153257055263	22.80263978968428
43	22.676440007917687	27.365825775832842	27.20736515884325	22.75036905740622
44	22.684543391787017	27.090353744895534	27.151003221022513	23.074099642294936
45	22.600354841964403	27.267757449097978	27.32629906972328	22.80558863921434
46	22.638106279092433	27.527991975773663	27.006970560994127	22.826931184139777
47	22.675344491221093	27.183394556920902	27.175402619430795	22.96585833242721
48	22.670454775839335	27.546181429588223	27.347863086443574	22.435500708128863
49	22.94577861333024	27.437264465807782	27.319734325625266	22.297222595236715
50	23.077076167933644	27.622540728920207	27.37046271118242	21.929920391963726
51	22.478560641656085	28.16639850949621	27.58370830782782	21.77133254101989
>>END_MODULE
>>Per base GC content	pass
#Base	%GC
1	45.76124400805783
2	45.308667947739394
3	45.37728277969593
4	45.475548183613135
5	45.74106060281694
6	45.136418849153856
7	45.293255312452395
8	45.413707935448976
9	45.31631571022003
10	45.2693616740745
11	45.745263618115104
12	45.09988569173239
13	45.15236980009485
14	45.24243816329031
15	45.17937688278887
16	45.000094876152566
17	45.68814749965042
18	45.19841658681843
19	45.420122724937336
20	45.607807602495726
21	45.467684587448396
22	45.216264540968886
23	45.534010507991006
24	45.176285770743
25	45.43164980854365
26	45.57467213211127
27	45.39236838111974
28	45.40434528569868
29	45.662162634564126
30	45.31375553043928
31	45.45017308856216
32	45.45392793612667
33	45.38812566068206
34	45.25697657344225
35	45.61192817797093
36	45.59542060945772
37	45.530331374622925
38	45.64344793662022
39	45.50487199325503
40	45.35032924886138
41	45.64507985940582
42	45.505059632330195
43	45.42680906532391
44	45.758643034081956
45	45.40594348117874
46	45.465037463232214
47	45.6412028236483
48	45.1059554839682
49	45.24300120856696
50	45.00699655989737
51	44.249893182675976
>>END_MODULE
>>Per sequence GC content	pass
#GC Content	Count
0	7575.0
1	7114.0
2	5392.5
3	4371.5
4	4730.0
5	5498.5
6	6328.5
7	7539.5
8	8815.5
9	11024.0
10	13445.5
11	17424.0
12	21497.0
13	28302.5
14	35582.0
15	46954.0
16	58989.5
17	77075.0
18	96375.5
19	122265.5
20	149026.0
21	181591.0
22	214797.0
23	256379.5
24	299664.5
25	343575.0
26	425768.5
27	483535.0
28	549653.0
29	617842.5
30	690416.5
31	766062.0
32	846843.0
33	929339.5
34	1007522.0
35	1082447.5
36	1140073.5
37	1193069.0
38	1227182.5
39	1260751.0
40	1281853.5
41	1299184.0
42	1307380.0
43	1310063.0
44	1300656.5
45	1289523.0
46	1273747.5
47	1252705.5
48	1227517.5
49	1204192.5
50	1179442.5
51	1153302.0
52	1124702.5
53	1093605.0
54	1061860.0
55	1028334.5
56	991728.5
57	951573.5
58	901678.5
59	846782.5
60	788155.5
61	724372.0
62	660444.0
63	599280.5
64	532173.5
65	467967.0
66	410306.5
67	354805.5
68	303501.5
69	252583.0
70	212761.5
71	177579.0
72	148895.5
73	121825.0
74	98628.0
75	73477.0
76	61117.0
77	50512.5
78	40354.0
79	32071.0
80	24649.5
81	19745.0
82	15648.0
83	12629.0
84	9880.5
85	7960.5
86	6236.5
87	5180.5
88	4135.5
89	3242.0
90	2491.0
91	2072.5
92	1755.0
93	1474.0
94	1163.5
95	988.0
96	865.5
97	809.0
98	762.5
99	864.5
100	964.0
>>END_MODULE
>>Per base N content	pass
#Base	N-Count
1	0.0014352625321407582
2	5.984314964519094E-4
3	5.643744194180608E-4
4	6.081620898901518E-4
5	0.004334979376737003
6	9.390022667903944E-4
7	4.2814611128266685E-4
8	0.002135865259694213
9	6.616803538004852E-4
10	2.2380364907957588E-4
11	0.003152712273990547
12	0.0026126643381680923
13	8.903492995991823E-4
14	0.0015812214337143948
15	0.0037754702540380627
16	0.0030213492625742744
17	0.0011919976961846975
18	7.638515849020307E-4
19	0.0021942488203236677
20	0.0025932031512916074
21	7.466570626071947E-4
22	0.001590997441333438
23	9.773363557091792E-4
24	0.004828906425155646
25	0.0031394622294018395
26	0.001810713650369946
27	5.775039125890078E-4
28	2.8479900310355964E-4
29	0.0033100929699794125
30	0.0012185373161443707
31	7.937576070543919E-4
32	0.0032642490308277105
33	0.012883106077619312
34	0.0016588305695031575
35	7.044935478161369E-4
36	5.061649600901841E-4
37	0.001805326085467872
38	3.0746955061292753E-4
39	3.6126910380549355E-4
40	0.0011101463535927677
41	2.696730880059087E-4
42	3.2954740066298556E-4
43	7.214362930871815E-4
44	6.23475307260456E-4
45	7.032951813730648E-4
46	4.910896690448502E-4
47	6.636898701125739E-5
48	0.0019131306206778239
49	8.499766195280232E-4
50	8.671437046895203E-4
51	2.899804417253945E-4
>>END_MODULE
>>Sequence Length Distribution	warn
#Length	Count
20	62396.0
21	63898.0
22	65972.0
23	67015.0
24	68056.0
25	68596.0
26	71354.0
27	72329.0
28	75098.0
29	79141.0
30	80538.0
31	81086.0
32	83417.0
33	83003.0
34	85238.0
35	85317.0
36	84981.0
37	87404.0
38	89556.0
39	92833.0
40	94716.0
41	98105.0
42	101011.0
43	107283.0
44	120973.0
45	157823.0
46	245858.0
47	570168.0
48	1157175.0
49	2284212.0
50	3033952.0
51	1.1035227E7
>>END_MODULE
>>Sequence Duplication Levels	warn
#Total Duplicate Percentage	30.591821759065464
#Duplication Level	Relative count
1	100.0
2	20.060453829452083
3	7.856159620815417
4	3.8741538592532674
5	2.22870279705394
6	1.4027842820043424
7	0.9919536804461663
8	0.6712361814750166
9	0.527197127733549
10++	4.29775639661118
>>END_MODULE
>>Overrepresented sequences	pass
>>END_MODULE
>>Kmer Content	warn
#Sequence	Count	Obs/Exp Overall	Obs/Exp Max	Max Obs/Exp Position
AAAAA	5382710	3.9663668	4.9417944	47
TTTTT	5180700	3.6651816	4.38712	13
>>END_MODULE
