##FastQC	0.10.1
>>Basic Statistics	pass
#Measure	Value	
Filename	008-F5_S2_L001_R2_001.fastq.gz	
File type	Conventional base calls	
Encoding	Sanger / Illumina 1.9	
Total Sequences	12925704	
Filtered Sequences	0	
Sequence length	35-75	
%GC	46	
>>END_MODULE
>>Per base sequence quality	pass
#Base	Mean	Median	Lower Quartile	Upper Quartile	10th Percentile	90th Percentile
1	31.532730751067795	32.0	32.0	32.0	32.0	32.0
2	31.38455831883509	32.0	32.0	32.0	32.0	32.0
3	31.425420387160344	32.0	32.0	32.0	32.0	32.0
4	31.445277410035075	32.0	32.0	32.0	32.0	32.0
5	31.4370650913869	32.0	32.0	32.0	32.0	32.0
6	35.195939888457914	36.0	36.0	36.0	36.0	36.0
7	35.18051016795681	36.0	36.0	36.0	36.0	36.0
8	35.14380268958658	36.0	36.0	36.0	36.0	36.0
9	35.19509962474771	36.0	36.0	36.0	36.0	36.0
10	35.092684854921636	36.0	36.0	36.0	36.0	36.0
11	35.19112962821986	36.0	36.0	36.0	36.0	36.0
12	35.1125305824735	36.0	36.0	36.0	36.0	36.0
13	35.13567934094731	36.0	36.0	36.0	36.0	36.0
14	35.08579169072725	36.0	36.0	36.0	36.0	36.0
15	35.071372050605525	36.0	36.0	36.0	36.0	36.0
16	35.0848826493319	36.0	36.0	36.0	36.0	36.0
17	35.07356535473812	36.0	36.0	36.0	36.0	36.0
18	35.058386452296915	36.0	36.0	36.0	36.0	36.0
19	35.05438349818316	36.0	36.0	36.0	36.0	36.0
20	35.04254313730223	36.0	36.0	36.0	36.0	36.0
21	35.034080000594166	36.0	36.0	36.0	36.0	36.0
22	35.02618309996887	36.0	36.0	36.0	36.0	36.0
23	35.01027564920255	36.0	36.0	36.0	36.0	36.0
24	35.00057366314438	36.0	36.0	36.0	36.0	36.0
25	34.986301249046086	36.0	36.0	36.0	36.0	36.0
26	34.96936685228132	36.0	36.0	36.0	36.0	36.0
27	34.95953574366239	36.0	36.0	36.0	36.0	36.0
28	34.948862901393994	36.0	36.0	36.0	36.0	36.0
29	34.93125225519631	36.0	36.0	36.0	36.0	36.0
30	34.91977829602163	36.0	36.0	36.0	36.0	36.0
31	34.908105662948806	36.0	36.0	36.0	36.0	36.0
32	34.89289449920871	36.0	36.0	36.0	36.0	36.0
33	34.885987331908574	36.0	36.0	36.0	36.0	36.0
34	34.875779609373694	36.0	36.0	36.0	36.0	36.0
35	34.864635844979894	36.0	36.0	36.0	36.0	36.0
36	34.86404678458918	36.0	36.0	36.0	36.0	36.0
37	34.852109869005126	36.0	36.0	36.0	36.0	36.0
38	34.83565072175502	36.0	36.0	36.0	36.0	36.0
39	34.817953274197116	36.0	36.0	36.0	36.0	36.0
40	34.81814490026684	36.0	36.0	36.0	36.0	36.0
41	34.80389222496487	36.0	36.0	36.0	36.0	36.0
42	34.794182758539975	36.0	36.0	36.0	36.0	36.0
43	34.78297849608925	36.0	36.0	36.0	36.0	36.0
44	34.76872377196752	36.0	36.0	36.0	36.0	36.0
45	34.75562529717087	36.0	36.0	36.0	36.0	36.0
46	34.74249270561616	36.0	36.0	36.0	36.0	36.0
47	34.729324296910214	36.0	36.0	36.0	36.0	36.0
48	34.71595122197232	36.0	36.0	36.0	36.0	36.0
49	34.71067677689565	36.0	36.0	36.0	36.0	36.0
50	34.685753535263004	36.0	36.0	36.0	36.0	36.0
51	34.67176740412956	36.0	36.0	36.0	36.0	36.0
52	34.651284849097706	36.0	36.0	36.0	36.0	36.0
53	34.62723223161024	36.0	36.0	36.0	36.0	36.0
54	34.608768649234214	36.0	36.0	36.0	32.0	36.0
55	34.57330394411623	36.0	36.0	36.0	32.0	36.0
56	34.56944214286876	36.0	36.0	36.0	32.0	36.0
57	34.55330696323611	36.0	36.0	36.0	32.0	36.0
58	34.533780784736706	36.0	36.0	36.0	32.0	36.0
59	34.505930031717945	36.0	36.0	36.0	32.0	36.0
60	34.49582956819665	36.0	36.0	36.0	32.0	36.0
61	34.47182177682495	36.0	36.0	36.0	32.0	36.0
62	34.447435223900236	36.0	36.0	36.0	32.0	36.0
63	34.42223205759079	36.0	36.0	36.0	32.0	36.0
64	34.39512362973816	36.0	36.0	36.0	32.0	36.0
65	34.38193072936186	36.0	36.0	36.0	32.0	36.0
66	34.354237102808206	36.0	36.0	36.0	32.0	36.0
67	34.32960047481206	36.0	36.0	36.0	32.0	36.0
68	34.30842052985205	36.0	36.0	36.0	32.0	36.0
69	34.292333995172136	36.0	36.0	36.0	32.0	36.0
70	34.27194083109945	36.0	36.0	36.0	32.0	36.0
71	34.247404034197146	36.0	36.0	36.0	32.0	36.0
72	34.22481087079504	36.0	36.0	36.0	32.0	36.0
73	34.190952899832816	36.0	36.0	36.0	32.0	36.0
74	34.139997730060266	36.0	36.0	36.0	32.0	36.0
75	33.217336146640044	36.0	36.0	36.0	21.0	36.0
>>END_MODULE
>>Per sequence quality scores	pass
#Quality	Count
2	8214.0
3	47.0
4	1460.0
5	2033.0
6	907.0
7	277.0
8	257.0
9	142.0
10	88.0
11	139.0
12	163.0
13	165.0
14	882.0
15	2146.0
16	3482.0
17	5182.0
18	7520.0
19	10037.0
20	13996.0
21	18911.0
22	26069.0
23	36475.0
24	51239.0
25	69822.0
26	92998.0
27	121242.0
28	153052.0
29	189881.0
30	234240.0
31	297086.0
32	396119.0
33	602288.0
34	1323937.0
35	9255208.0
>>END_MODULE
>>Per base sequence content	fail
#Base	G	A	T	C
1	44.674050380387584	17.588777847028688	11.450766284995654	26.28640548758807
2	17.10642952134768	19.21867642567718	36.31808697115387	27.356807081821273
3	20.274814316377437	20.517785762238713	28.566302008195933	30.64109791318792
4	13.929218585627376	14.311181424064912	35.58932166914509	36.17027832116263
5	15.508595750083416	34.186095841045784	34.88261984001462	15.422688568856188
6	35.25718784259088	34.26845135781435	16.239859542239557	14.234501257355218
7	31.11374521691993	29.44945089706606	20.217574111902824	19.21922977411119
8	27.14388745157535	34.05993565188374	19.75165854540429	19.04451835113662
9	25.201317361652638	15.716414131050072	19.89482479446231	39.187443712834984
10	14.910281927939797	27.0761279235511	34.36235032178044	23.651239826728666
11	34.58517594300583	22.474007790363828	23.46062406085086	19.480192205779478
12	22.534520584100612	23.932792432887226	30.654184197760024	22.878502785252135
13	28.11905377079612	20.34092127169299	25.99813779049198	25.541887167018913
14	20.77382355665525	20.363867891006457	27.033831778538282	31.828476773800013
15	23.101496577859837	29.06306293607397	23.128270833092916	24.707169652973278
16	23.117308582415315	28.20170699048822	25.33244923919987	23.348535187896598
17	21.976554987161567	27.87948508709316	27.312691771009924	22.831268154735348
18	22.455457449493863	27.46653456079639	27.80342156992367	22.274586419786075
19	22.87133682721607	26.95348239041433	27.491575545836238	22.683605236533364
20	22.822421636921767	26.8337697681422	27.605929420250163	22.737879174685872
21	22.62437078150693	26.566467770900765	27.387057057017515	23.422104390574784
22	22.663083542698292	26.522186127990853	27.598532940147003	23.216197389163852
23	22.60163488261819	26.64416556280824	27.46083232500236	23.29336722957121
24	22.754155037704134	26.318560339279507	27.767247713961485	23.16003690905487
25	22.840762228748396	26.410870022670018	27.37066894097454	23.377698807607043
26	22.351318852712467	26.80954573367398	27.57449239026911	23.26464302334444
27	22.430962855769522	26.82700915280161	27.52507544202965	23.216952549399213
28	22.530308427800634	26.70747372022498	27.52422671903838	23.237991132936013
29	22.35205261384367	26.843990502860375	27.661542394348192	23.142414488947765
30	22.42326247704855	26.904190844516496	27.551777035654574	23.120769642780377
31	22.88581171863587	26.84664167468483	27.294354868068645	22.97319173861066
32	22.252868737701192	27.038994848684712	27.667578471289772	23.040557942324323
33	22.410446981457568	26.86258668298146	27.772292783593628	22.954673551967346
34	22.458971811446123	26.6034894360407	27.897162090284517	23.040376662228663
35	22.316748279530398	26.9173729978719	27.814969909694227	22.950908812903474
36	22.43335218557547	27.211996625962502	27.690757332601656	22.66389385586037
37	22.52608317935445	26.92521379556775	27.422964137570155	23.125738887507648
38	22.4287080022617	27.342432533305562	27.41887660079953	22.80998286363321
39	22.534918610111554	27.119489512500806	27.65914622015157	22.68644565723607
40	22.66195247871585	26.83044007579618	27.567256087436903	22.940351358051064
41	22.58820018837588	27.052224598762947	27.64876630550175	22.71080890735942
42	22.426817631735865	27.204903649773076	27.657590967787275	22.71068775070378
43	22.542115930021794	26.961876532044716	27.5515922712905	22.94441526664299
44	22.414748387844842	27.328665755875676	27.602795579370405	22.653790276909074
45	22.481750464609508	27.222036952130562	27.48158935080454	22.814623232455386
46	22.591720850086514	27.237821585729943	27.363693758324807	22.806763805858736
47	22.489562162228957	27.335644226044074	27.503812304590486	22.670981307136483
48	22.346825308313896	27.297182909968004	27.479129598771586	22.87686218294652
49	22.612754272634422	27.10900026348428	27.516603515753086	22.761641948128215
50	22.48917486911565	27.36525363597902	27.475511364587295	22.670060130318035
51	22.54852665646817	27.339402318505112	27.442908819325616	22.6691622057011
52	22.61038914163732	27.314254068342876	27.32056076085061	22.754796029169196
53	22.429385579036808	27.19205713517583	27.587454359164482	22.791102926622887
54	22.58773130048246	27.49197101719707	27.37677995141426	22.543517730906206
55	22.572426520436267	27.17133815427885	27.407469925747748	22.84876539953713
56	22.668353470037406	27.443026391172832	27.253124138429985	22.63549600035978
57	22.527765013589196	27.38603658751895	27.34674054646003	22.73945785243182
58	22.531320629896694	27.268455431567652	27.320979482229333	22.879244456306317
59	22.439792143381336	27.365716901193416	27.41506535256997	22.779425602855273
60	22.50238561853557	27.377938764319897	27.501624121401573	22.61805149574296
61	22.740375017210184	27.338439944194587	27.304369486992325	22.616815551602905
62	22.669803158846207	27.475748648031363	27.299425279981055	22.55502291314137
63	22.659605101284168	27.556138238750183	27.2102646833682	22.573991976597448
64	22.67921920407188	27.27421200305801	27.17984300250506	22.86672579036505
65	22.542707417933467	27.432546401361467	27.35656483645585	22.668181344249213
66	22.611917405063917	27.596968695387137	27.14350800873212	22.647605890816823
67	22.729357187165817	27.369066511396028	27.185546827924867	22.71602947351329
68	22.668704437011662	27.644630157153017	27.315437206508207	22.37122819932711
69	22.939837132394654	27.549351252153915	27.178764358163615	22.332047257287822
70	23.020123075176137	27.322020874871654	27.13407972870258	22.52377632124962
71	22.81586911212439	27.663508084169763	27.061382720381523	22.45924008332433
72	22.81791575667649	27.809216567301803	27.253358978925803	22.119508697095903
73	23.543609620830093	28.353289281792428	27.312098584671418	20.791002512706065
74	24.707245484539925	30.788077549814965	27.428252779342145	17.076424186302972
75	30.05815820492805	41.181234653918764	28.760607141153194	0.0
>>END_MODULE
>>Per base GC content	fail
#Base	%GC
1	70.96045586797565
2	44.46323660316895
3	50.91591222956535
4	50.099496906789994
5	30.931284318939607
6	49.49168909994609
7	50.33297499103112
8	46.188405802711976
9	64.38876107448762
10	38.56152175466846
11	54.06536814878531
12	45.41302336935274
13	53.66094093781503
14	52.602300330455265
15	47.80866623083311
16	46.465843770311906
17	44.80782314189691
18	44.73004386927994
19	45.55494206374943
20	45.56030081160764
21	46.04647517208172
22	45.87928093186214
23	45.8950021121894
24	45.914191946759004
25	46.21846103635544
26	45.61596187605691
27	45.64791540516874
28	45.76829956073665
29	45.49446710279143
30	45.544032119828934
31	45.85900345724653
32	45.29342668002552
33	45.365120533424914
34	45.499348473674786
35	45.267657092433865
36	45.09724604143584
37	45.6518220668621
38	45.23869086589491
39	45.221364267347624
40	45.602303836766914
41	45.2990090957353
42	45.13750538243965
43	45.486531196664785
44	45.068538664753916
45	45.296373697064894
46	45.39848465594525
47	45.160543469365436
48	45.223687491260414
49	45.374396220762634
50	45.15923499943369
51	45.21768886216927
52	45.36518517080651
53	45.220488505659695
54	45.13124903138866
55	45.421191919973396
56	45.30384947039719
57	45.267222866021015
58	45.41056508620301
59	45.21921774623661
60	45.12043711427853
61	45.35719056881308
62	45.224826071987586
63	45.23359707788161
64	45.54594499443693
65	45.210888762182684
66	45.25952329588074
67	45.445386660679105
68	45.039932636338776
69	45.27188438968248
70	45.543899396425765
71	45.275109195448714
72	44.93742445377239
73	44.334612133536154
74	41.7836696708429
75	30.05815820492805
>>END_MODULE
>>Per sequence GC content	warn
#GC Content	Count
0	8287.0
1	4292.5
2	490.0
3	885.5
4	1089.5
5	1229.5
6	1357.5
7	1238.0
8	1143.5
9	1160.5
10	1342.0
11	1857.0
12	2201.0
13	2605.0
14	3699.5
15	5480.0
16	6944.5
17	10016.5
18	16338.5
19	24330.5
20	29949.0
21	38972.5
22	56404.5
23	76361.5
24	89830.5
25	106858.5
26	136014.0
27	166174.0
28	186296.5
29	211087.5
30	251328.0
31	291182.0
32	316946.0
33	346126.0
34	397498.0
35	447565.0
36	475930.5
37	502924.0
38	533170.0
39	551618.5
40	564298.5
41	569438.5
42	570659.5
43	567545.5
44	566241.5
45	563122.0
46	549062.5
47	532794.0
48	525670.5
49	514328.0
50	491619.0
51	470524.0
52	459374.5
53	450223.0
54	434226.5
55	416384.5
56	405412.5
57	394504.0
58	372685.0
59	345222.5
60	322329.0
61	298366.0
62	266518.0
63	233876.5
64	208492.5
65	187474.5
66	159887.5
67	131763.5
68	112034.0
69	97770.0
70	79919.5
71	61910.5
72	49943.0
73	42299.0
74	34006.5
75	26497.5
76	21577.5
77	18245.5
78	14384.5
79	10886.5
80	8715.0
81	7332.0
82	5624.5
83	3864.5
84	2843.0
85	2385.0
86	1806.0
87	1244.0
88	1015.0
89	898.5
90	770.5
91	717.0
92	695.5
93	647.5
94	595.5
95	601.0
96	612.0
97	635.0
98	803.5
99	3665.5
100	6382.0
>>END_MODULE
>>Per base N content	pass
#Base	N-Count
1	0.2364822836729048
2	0.13800408859741797
3	0.07568639975045073
4	0.06357100549416883
5	0.06401198727744346
6	0.06584554311316428
7	0.06822065552483642
8	0.07751221906365796
9	0.09294658147826997
10	0.09349587457673486
11	0.10123239709032483
12	0.10373129386221439
13	0.10954915879243406
14	0.10691874113781345
15	0.10867493174839839
16	0.11264376779787004
17	0.11196295381667412
18	0.11486414975927037
19	0.10974257185527381
20	0.11629540642428451
21	0.11025318234117075
22	0.11169991205121207
23	0.11550628112789833
24	0.11644240035204273
25	0.10782391427190349
26	0.1190805545291769
27	0.11191653468159259
28	0.12131640953560441
29	0.12807039368996845
30	0.11836105793541303
31	0.11937454238469332
32	0.11921207541190793
33	0.11388934792255802
34	0.11798970485476072
35	0.12042670944654155
36	0.057275307258642605
37	0.06263181212903098
38	0.07560413418243107
39	0.06455744419750566
40	0.056785415584025216
41	0.07532613753432237
42	0.08056981577996465
43	0.07453078478830791
44	0.06699547032130913
45	0.07070804568020628
46	0.062093571029293124
47	0.06762405406320608
48	0.08160132874720552
49	0.05060971921208388
50	0.05463193967426387
51	0.05526689887224074
52	0.06526944759594892
53	0.06838179103067288
54	0.06392551838344357
55	0.06954233257712718
56	0.0597428252329681
57	0.06540362069561785
58	0.07522183745394288
59	0.061823843366842615
60	0.06427943918249804
61	0.0546731087206634
62	0.061135693464846146
63	0.05734468052655321
64	0.06569541890414077
65	0.06297000381090577
66	0.059996322525292134
67	0.05478722603415446
68	0.07200772082784432
69	0.06039004094675364
70	0.06798861437737666
71	0.06474880110426195
72	0.05747306804949669
73	0.05710437465754923
74	0.05794413771110484
75	0.07871409627871709
>>END_MODULE
>>Sequence Length Distribution	warn
#Length	Count
35	9143.0
36	1399.0
37	1847.0
38	2333.0
39	2738.0
40	3029.0
41	3361.0
42	3828.0
43	4617.0
44	5201.0
45	6037.0
46	6575.0
47	6933.0
48	7497.0
49	7879.0
50	8347.0
51	8919.0
52	9507.0
53	10036.0
54	11328.0
55	11982.0
56	12530.0
57	13069.0
58	13590.0
59	14291.0
60	14968.0
61	15287.0
62	16015.0
63	16735.0
64	18275.0
65	19300.0
66	19378.0
67	21081.0
68	22072.0
69	27417.0
70	36187.0
71	86283.0
72	317285.0
73	902059.0
74	2795892.0
75	8411454.0
>>END_MODULE
>>Sequence Duplication Levels	warn
#Total Duplicate Percentage	34.05979200650531
#Duplication Level	Relative count
1	100.0
2	23.71945829092719
3	9.50590962105623
4	4.6014070172571335
5	2.630542823394819
6	1.6261672523047894
7	1.0853496371024656
8	0.8000832027100311
9	0.562361174049669
10++	4.044988893923973
>>END_MODULE
>>Overrepresented sequences	pass
>>END_MODULE
>>Kmer Content	warn
#Sequence	Count	Obs/Exp Overall	Obs/Exp Max	Max Obs/Exp Position
AAAAA	4827820	3.906961	8.922779	71
TTTTT	4039640	3.0446098	5.3077493	71
CCTGG	2083160	2.9987872	12.044276	3
CCAGG	1963625	2.8672223	12.434113	3
CCCAG	1833005	2.6987147	11.045227	2
CTGGG	1844000	2.6326516	10.791816	4
CAGCA	2061675	2.6081922	6.9221773	4
CCAGC	1767535	2.602324	6.417868	3
TGCTG	2106885	2.5692718	8.033727	2
GGAGG	1739750	2.4986682	5.830853	6
GCTGG	1748690	2.4965787	7.003047	3
TCCAG	1974945	2.463171	9.126447	2
CTGCT	1927795	2.3703945	6.4747744	9
CAGGA	1863335	2.3378668	10.081702	4
GCTGC	1623465	2.337039	5.7073646	8
CTCCA	1856760	2.3349943	6.5072446	1
AGCAG	1860605	2.3344417	5.5840573	7
CAGCC	1580430	2.3268511	5.5612035	9
CTGGA	1878735	2.3238845	8.988458	4
CTCCT	1871450	2.3202164	6.114948	1
AGGAG	1862605	2.3177097	7.143399	5
TCCTG	1834070	2.2551513	8.876053	2
GGCTG	1573210	2.2460487	8.159692	7
CCTGC	1533695	2.2261403	6.239801	3
GGCAG	1525200	2.2087116	6.389885	7
CTGCA	1760435	2.195632	6.823066	4
GCAGG	1514020	2.1925216	6.8626237	3
CTGCC	1509915	2.191624	5.6681466	9
TGCAG	1746900	2.1608124	7.159334	2
CCCTG	1476765	2.143507	9.055415	2
CAGAG	1703070	2.1367874	7.6701922	4
CTCTG	1718845	2.113472	7.651235	2
GCCTG	1454375	2.0936275	6.729932	7
TGGAG	1706420	2.0933623	6.5687647	5
AGCTG	1682120	2.0806832	5.8784957	7
CAGAA	1882700	2.0465693	5.49898	4
CAGGG	1410780	2.043015	9.18855	4
CTGGC	1407740	2.0264947	5.710534	4
GCCAG	1379245	2.0139294	5.1756563	2
GGAGA	1615875	2.0106943	5.5933456	6
CACAG	1564870	1.979692	7.0399013	7
CAGGC	1345655	1.9648823	5.8629055	4
CCCCA	1321585	1.9619095	6.703627	1
TTCTG	1876820	1.9549184	5.365525	2
CTGTG	1589860	1.9387782	8.7145405	9
GGGAG	1348760	1.9371195	5.372754	7
CTCAG	1543140	1.9246196	6.15725	2
CTGAG	1524890	1.8861991	5.999233	4
CCAGA	1484765	1.8783525	6.6363387	3
CCTCT	1494630	1.8530365	5.685493	1
GGCCA	1258150	1.8371103	6.117085	1
TCTGG	1490195	1.8172401	6.541738	3
TGGGG	1273120	1.8026494	6.2036676	5
ACCTG	1439625	1.7955145	5.284478	7
AGAGG	1421710	1.7690874	5.22098	5
CACTG	1412760	1.7620082	7.2181754	7
CAGTG	1420025	1.7564873	6.378787	9
TGGCC	1204085	1.7333255	5.597518	5
CCTGA	1381715	1.7232888	5.578172	3
ACAGA	1529475	1.6625999	5.8467693	8
GAGAG	1325245	1.6490524	5.347248	7
TCAGG	1332120	1.647754	5.8258076	3
GCCCA	1116430	1.6437088	6.9147844	1
GGGCC	934775	1.5754089	5.2296076	6
AGGTG	1279690	1.5698686	5.041037	7
CCTGT	1273290	1.5656227	5.286999	8
CTTGG	1282825	1.5643598	5.0677657	3
TGGGC	1082480	1.5454407	6.479585	5
GCTGT	1203650	1.4678086	5.228097	8
ACAGC	1159340	1.4666624	5.6677504	8
GTGTG	1212475	1.4663967	7.6985517	1
CTGTC	1183485	1.4551994	5.5882497	9
CCTTG	1179750	1.450607	5.026318	2
TGTGT	1403810	1.4501864	5.7419186	10
ACACA	1318190	1.4448206	6.007079	6
GCCCT	982585	1.4262106	5.9845433	1
GGGCT	987470	1.4097962	6.0031285	6
GACAG	1123050	1.4090549	6.9384475	7
CACAC	1092115	1.3930871	6.111702	5
AGACA	1253100	1.3621693	5.3886514	6
AGGGC	917870	1.3292096	5.45659	5
GGACA	1014170	1.2724466	6.060161	6
GTCCT	1033500	1.2707797	8.304987	1
ACTGC	973475	1.2141277	5.0832753	8
GTGCT	993045	1.2109832	6.5251546	1
GTCCA	961110	1.198706	6.865139	1
AGGAC	951330	1.1936033	8.019255	5
GTCTT	1106145	1.152174	5.362051	1
AGCAC	905305	1.1452869	5.3886333	5
TGTGC	935450	1.1407483	5.554722	10
TGGAC	876900	1.0846736	6.1110144	5
ACAGT	976970	1.0470003	5.481601	8
GTGCA	845220	1.0454874	6.0163007	1
ACTGT	977170	1.0324187	6.105198	8
TGCAC	825525	1.029603	5.4417415	5
GACTG	827005	1.0229565	5.9209394	7
GGACC	678495	0.99071664	5.2599072	6
AGACT	920460	0.9864395	5.021358	6
GGACT	755900	0.93500376	5.2634487	6
TGTAG	857925	0.89896876	5.1957545	2
GTGTA	600015	0.62872016	5.6193137	1
>>END_MODULE
