##FastQC	0.10.1
>>Basic Statistics	pass
#Measure	Value	
Filename	001-F5_S2_L004_R1_001.fastq.gz	
File type	Conventional base calls	
Encoding	Sanger / Illumina 1.9	
Total Sequences	19172348	
Filtered Sequences	0	
Sequence length	35-76	
%GC	45	
>>END_MODULE
>>Per base sequence quality	pass
#Base	Mean	Median	Lower Quartile	Upper Quartile	10th Percentile	90th Percentile
1	31.429851106395525	32.0	32.0	32.0	32.0	32.0
2	31.47673331404166	32.0	32.0	32.0	32.0	32.0
3	31.534868342677694	32.0	32.0	32.0	32.0	32.0
4	31.60509286603811	32.0	32.0	32.0	32.0	32.0
5	31.57038741420717	32.0	32.0	32.0	32.0	32.0
6	35.19386858615335	36.0	36.0	36.0	36.0	36.0
7	35.1941160258514	36.0	36.0	36.0	36.0	36.0
8	35.1332035596266	36.0	36.0	36.0	36.0	36.0
9	35.25927116490896	36.0	36.0	36.0	36.0	36.0
10-14	35.189828903585514	36.0	36.0	36.0	36.0	36.0
15-19	35.14837493039454	36.0	36.0	36.0	36.0	36.0
20-24	35.10342398333266	36.0	36.0	36.0	36.0	36.0
25-29	35.00344999996871	36.0	36.0	36.0	36.0	36.0
30-34	34.92714257012234	36.0	36.0	36.0	36.0	36.0
35-39	34.914179729789105	36.0	36.0	36.0	36.0	36.0
40-44	34.86410378181118	36.0	36.0	36.0	36.0	36.0
45-49	34.778457833708316	36.0	36.0	36.0	36.0	36.0
50-54	34.66629202404471	36.0	36.0	36.0	32.0	36.0
55-59	34.53840534883115	36.0	36.0	36.0	32.0	36.0
60-64	34.39196265211553	36.0	36.0	36.0	32.0	36.0
65-69	34.248305916644696	36.0	36.0	36.0	32.0	36.0
70-74	34.13703605841137	36.0	36.0	36.0	32.0	36.0
75-76	33.51750178501186	36.0	34.0	36.0	26.5	36.0
>>END_MODULE
>>Per sequence quality scores	pass
#Quality	Count
2	39876.0
3	0.0
4	0.0
5	0.0
6	0.0
7	0.0
8	0.0
9	0.0
10	0.0
11	0.0
12	0.0
13	0.0
14	0.0
15	0.0
16	2.0
17	10.0
18	118.0
19	664.0
20	2593.0
21	6568.0
22	13371.0
23	23806.0
24	41155.0
25	69578.0
26	109627.0
27	164172.0
28	227707.0
29	304841.0
30	395692.0
31	513563.0
32	693950.0
33	1068995.0
34	2465658.0
35	1.3030402E7
>>END_MODULE
>>Per base sequence content	fail
#Base	G	A	T	C
1	41.78471725034507	19.124212855953655	12.500932649064769	26.5901372446365
2	15.80685966768957	19.930419864197372	36.96246360637559	27.30025686173747
3	18.714039139716313	21.734548867883138	28.51849004253667	31.03292194986388
4	13.035161624344353	15.430744493862017	35.63510859394115	35.89898528785248
5	14.665381452015191	35.22708931705218	34.32883110974891	15.778698121183712
6	34.14038708641518	35.255303130719334	16.421338549456653	14.182971233408834
7	30.159756669185246	29.645322360853317	20.66857330302117	19.526347666940268
8	25.995422542002323	35.458803949498794	19.866224158501787	18.679549349997096
9	24.574398959005403	16.131977091094136	20.266429764015857	39.0271941858846
10-14	23.901966467705645	23.230572323338116	28.4059231366074	24.461538072348844
15-19	22.343173061423663	28.343084415224652	26.365242410766832	22.948500112584856
20-24	22.45251850855749	26.97542598450272	27.665201545245445	22.906853961694342
25-29	22.30673049633157	27.045537437729227	27.602676539043923	23.045055526895275
30-34	22.336141910804727	27.099471001506952	27.67455631025485	22.889830777433474
35-39	22.393713720791677	27.29663019922875	27.53915110089761	22.770504979081963
40-44	22.48421410155303	27.205753003458348	27.556063354126277	22.753969540862343
45-49	22.48473195388751	27.34691932618412	27.38774384940316	22.780604870525202
50-54	22.50217226124461	27.407613578041417	27.37851014146283	22.71170401925114
55-59	22.526296070156807	27.35244072100554	27.290028469679832	22.831234739157825
60-64	22.619747587104552	27.386475837952446	27.268558781934544	22.725217793008458
65-69	22.647299229258888	27.46431722699479	27.24480377780497	22.643579765941347
70-74	22.92136993720989	27.705996746016197	27.19506591580866	22.177567400965252
75-76	26.965446244872393	34.995554350807296	28.170268608999187	9.86873079532112
>>END_MODULE
>>Per base GC content	fail
#Base	%GC
1	68.37485449498158
2	43.10711652942704
3	49.74696108958019
4	48.93414691219684
5	30.444079573198906
6	48.32335831982402
7	49.68610433612552
8	44.67497189199942
9	63.60159314489001
10-14	48.363504540054485
15-19	45.291673174008515
20-24	45.359372470251834
25-29	45.35178602322685
30-34	45.225972688238194
35-39	45.16421869987364
40-44	45.23818364241537
45-49	45.265336824412714
50-54	45.213876280495754
55-59	45.357530809314625
60-64	45.34496538011301
65-69	45.29087899520023
70-74	45.09893733817514
75-76	36.83417704019352
>>END_MODULE
>>Per sequence GC content	warn
#GC Content	Count
0	39886.0
1	19948.5
2	22.5
3	65.0
4	98.5
5	129.5
6	251.5
7	449.5
8	561.5
9	777.5
10	1342.5
11	2242.5
12	2811.0
13	3788.0
14	6130.5
15	9787.0
16	15329.0
17	19672.5
18	26374.0
19	39419.5
20	56335.5
21	69103.5
22	86223.0
23	117038.5
24	151095.5
25	174647.5
26	203390.5
27	249075.0
28	295936.0
29	328991.5
30	368921.5
31	429923.0
32	489109.0
33	530787.0
34	582922.5
35	657542.0
36	721832.5
37	762524.0
38	796073.5
39	831468.5
40	845916.0
41	846910.5
42	852675.0
43	855463.0
44	846579.0
45	830562.5
46	819981.0
47	805857.0
48	781286.5
49	756848.0
50	740924.5
51	723654.0
52	696487.5
53	672105.5
54	660300.5
55	646916.5
56	624443.5
57	601296.5
58	579680.5
59	548536.5
60	504115.0
61	452745.5
62	410706.5
63	371036.0
64	320023.5
65	273541.5
66	227450.5
67	193373.0
68	166568.5
69	134880.5
70	105300.5
71	85398.5
72	71088.0
73	56289.5
74	43152.0
75	34280.5
76	28633.5
77	22715.5
78	16931.5
79	13236.0
80	11224.5
81	8865.0
82	6272.0
83	4652.0
84	3734.5
85	2804.5
86	1918.5
87	1359.5
88	1098.0
89	845.5
90	613.5
91	413.0
92	304.5
93	265.0
94	208.5
95	158.0
96	134.5
97	106.0
98	67.5
99	49.5
100	43.0
>>END_MODULE
>>Per base N content	pass
#Base	N-Count
1	0.24367907363250446
2	0.20798704467496626
3	0.2081904626392135
4	0.20825305278205886
5	0.20798704467496626
6	0.20798704467496626
7	0.20798704467496626
8	0.20808614573447132
9	0.20798704467496626
10-14	0.20806215284638066
15-19	0.20921798415092402
20-24	0.20867970892245435
25-29	0.20956222993657325
30-34	0.20965194247465152
35-39	0.04386842483947571
40-44	0.0021948021047550437
45-49	0.0019042897767146585
50-54	0.004142158041616245
55-59	6.937822803233791E-4
60-64	7.142501936927857E-4
65-69	8.647448966000424E-4
70-74	9.734970432823025E-4
75-76	0.007068227649829
>>END_MODULE
>>Sequence Length Distribution	warn
#Length	Count
35	53713.0
36	20559.0
37	26356.0
38	28728.0
39	31024.0
40	31737.0
41	32973.0
42	35600.0
43	38971.0
44	42450.0
45	45364.0
46	46636.0
47	48412.0
48	49776.0
49	51496.0
50	51103.0
51	52975.0
52	53711.0
53	56411.0
54	59252.0
55	61096.0
56	62529.0
57	64168.0
58	64475.0
59	65065.0
60	66025.0
61	65723.0
62	67489.0
63	68151.0
64	72078.0
65	73851.0
66	75728.0
67	76368.0
68	75918.0
69	80456.0
70	82838.0
71	97176.0
72	167783.0
73	469994.0
74	1254710.0
75	3865653.0
76	1.1337827E7
>>END_MODULE
>>Sequence Duplication Levels	warn
#Total Duplicate Percentage	33.38494966179015
#Duplication Level	Relative count
1	100.0
2	22.044704857908215
3	9.146120979108707
4	4.695559770055567
5	2.734095387090347
6	1.7334386138394668
7	1.2058061707167684
8	0.7932935333662949
9	0.5962615581022943
10++	4.640213709588152
>>END_MODULE
>>Overrepresented sequences	warn
#Sequence	Count	Percentage	Possible Source
NNNNNNNNNNNNNNNNNNNNNNNNNNNNNNNNNNN	39876	0.20798704467496626	No Hit
>>END_MODULE
>>Kmer Content	warn
#Sequence	Count	Obs/Exp Overall	Obs/Exp Max	Max Obs/Exp Position
AAAAA	7246915	3.7974894	7.0530252	72
TTTTT	6794355	3.4594076	6.123904	72
CCTGG	3066540	3.077282	11.948644	3
CCAGG	2946935	2.9743164	13.021224	3
CCCAG	2784905	2.801262	11.0755205	2
CTGGG	2744940	2.7639158	9.949566	4
CCAGC	2610260	2.625591	6.714862	3
GGAGG	2542240	2.583329	5.9735804	6
CAGCA	2974660	2.5441868	7.0459757	4
GCTGG	2492980	2.510214	5.900687	3
TGCTG	2921280	2.4783475	6.5601707	2
TCCAG	2891810	2.4591413	9.964405	2
AGGAG	2757215	2.3742633	7.4323163	5
CAGGA	2753645	2.363159	10.430142	4
CAGCC	2346845	2.360629	5.536696	9
CTCCA	2771065	2.3484814	7.346136	1
CTCCT	2747125	2.3148394	6.6956787	1
CTGGA	2702545	2.3060033	8.867799	4
GGCTG	2276780	2.2925193	7.9441705	7
AGCAG	2657680	2.2808022	5.4680667	7
TCCTG	2695435	2.2790015	9.346734	2
CTGCT	2686310	2.2712862	6.5916967	9
GGCAG	2212955	2.2411065	6.029707	7
CCTGC	2218645	2.2188768	6.2315617	3
CAGAG	2582305	2.216116	7.5568514	4
GCTGC	2206145	2.213873	5.5588574	8
GCAGG	2184720	2.2125123	6.4607778	3
CTGCA	2589100	2.2017224	6.6380014	4
CTGCC	2179760	2.179988	5.6369877	9
TGCAG	2549925	2.1757772	6.5683656	2
GCCTG	2149595	2.157125	6.9915457	7
CCCTG	2155030	2.155255	8.531259	2
CTCTG	2544425	2.151322	7.156938	2
TGGAG	2477590	2.1212394	6.461256	5
CAGGG	2086600	2.1131442	8.904537	4
AGCTG	2422365	2.0669339	5.813818	7
CACAG	2389700	2.0438783	7.251007	7
CAGGC	2016810	2.0355494	6.015613	4
GGAGA	2355420	2.0282738	5.7780643	6
GCCAG	2003165	2.0217774	5.154695	2
CTGGC	1999420	2.0064237	5.2084556	4
GGGAG	1970340	2.0021856	5.1689353	7
CTGTG	2350070	1.9937459	8.765342	9
CAGAA	2716915	1.9758596	5.498153	4
CTCAG	2291505	1.9486531	6.0447097	2
CCCCA	1937675	1.942455	6.480272	1
CTGAG	2270330	1.9372069	5.6374307	4
TTCTG	2669175	1.9079328	5.160459	2
CCAGA	2191905	1.874707	6.823403	3
GGCCA	1838030	1.8551081	5.8343425	1
CCTCT	2180370	1.8372686	5.303589	1
CAGTG	2148880	1.833577	6.407955	9
TGGGG	1811425	1.8301454	5.430306	5
CACTG	2149990	1.8283113	7.5326633	7
TCTGG	2146370	1.8209316	6.0561094	3
ACCTG	2096885	1.7831519	5.2085114	7
TGGCC	1759290	1.7654526	5.2868943	5
CCTGA	2006470	1.7062646	5.5695953	3
GAGAG	1975450	1.7010782	5.541999	7
GCCCA	1683750	1.6936393	6.81066	1
ACAGA	2318395	1.6860384	5.962067	8
TCAGG	1955505	1.6685758	5.7314215	3
TGGGC	1605050	1.6161457	6.0049214	5
CCTGT	1898240	1.6049697	5.409545	8
ACAGG	1847875	1.5858334	5.033317	8
ACACA	2169045	1.5720825	6.3624287	6
CACAC	1834570	1.5637692	6.758509	5
GTGTG	1815235	1.5452373	6.2238874	1
TGTGT	2102530	1.5080007	5.758885	10
ACAGC	1732055	1.4814036	5.7559333	8
GCTGT	1720025	1.4592301	5.13345	8
CTGTC	1714525	1.4496379	5.8225965	9
GACAG	1685750	1.4466988	7.0269637	7
GGGCT	1409775	1.4195207	5.5196714	6
GCCCT	1412495	1.4126425	5.3446264	1
AGACA	1883530	1.3697855	5.452152	6
AGGGC	1350600	1.3677814	5.3196263	5
GGACA	1505235	1.291782	6.264213	6
GTCCT	1506770	1.2739803	8.0438385	1
ACTGC	1478175	1.2570124	5.294197	8
AGGAC	1431085	1.228147	8.318688	5
GTGCT	1439840	1.2215275	5.4750443	1
TGTGC	1403330	1.1905532	5.7227125	10
GTCCA	1399995	1.1905296	6.8630023	1
AGCAC	1389670	1.1885662	5.6652956	5
GTCTT	1583145	1.131636	5.049296	1
TGGAC	1299160	1.1085356	6.091909	5
GTGCA	1283760	1.0953952	5.5997534	1
TGCAC	1284120	1.0919917	5.4499087	5
ACAGT	1490570	1.0777906	5.570115	8
ACTGT	1476150	1.0612422	6.393461	8
GACTG	1227725	1.0475821	6.127189	7
GGACC	998065	1.0073385	5.1788716	6
AGACT	1388210	1.0037769	5.265368	6
ACACT	1326255	0.9557313	5.05399	6
GGACT	1114660	0.951107	5.3323474	6
TGTAG	1276790	0.9210365	5.0552225	2
TAGGA	1086785	0.788495	5.062695	4
GTGTA	904785	0.6526837	5.5001144	1
>>END_MODULE
