##FastQC	0.10.1
>>Basic Statistics	pass
#Measure	Value	
Filename	019-F5_S6_L003_R1_001_trimmed.fq.gz	
File type	Conventional base calls	
Encoding	Sanger / Illumina 1.9	
Total Sequences	20862187	
Filtered Sequences	0	
Sequence length	20-50	
%GC	44	
>>END_MODULE
>>Per base sequence quality	pass
#Base	Mean	Median	Lower Quartile	Upper Quartile	10th Percentile	90th Percentile
1	35.354690809741086	36.0	36.0	36.0	36.0	36.0
2	35.34627937138134	36.0	36.0	36.0	36.0	36.0
3	35.33159941476893	36.0	36.0	36.0	36.0	36.0
4	35.329745630216046	36.0	36.0	36.0	36.0	36.0
5	35.30770685738748	36.0	36.0	36.0	36.0	36.0
6	35.27717750780395	36.0	36.0	36.0	36.0	36.0
7	35.271359134111876	36.0	36.0	36.0	36.0	36.0
8	35.260245917649954	36.0	36.0	36.0	36.0	36.0
9	35.243469153066265	36.0	36.0	36.0	36.0	36.0
10	35.225340420925185	36.0	36.0	36.0	36.0	36.0
11	35.211447678040656	36.0	36.0	36.0	36.0	36.0
12	35.20099326115714	36.0	36.0	36.0	36.0	36.0
13	35.186591942637655	36.0	36.0	36.0	36.0	36.0
14	35.17636190299704	36.0	36.0	36.0	36.0	36.0
15	35.16434585693245	36.0	36.0	36.0	36.0	36.0
16	35.153296296308724	36.0	36.0	36.0	36.0	36.0
17	35.14272113465381	36.0	36.0	36.0	36.0	36.0
18	35.12821949108212	36.0	36.0	36.0	36.0	36.0
19	35.10911646032125	36.0	36.0	36.0	36.0	36.0
20	35.110963869703596	36.0	36.0	36.0	36.0	36.0
21	35.100196905142916	36.0	36.0	36.0	36.0	36.0
22	35.08889888561967	36.0	36.0	36.0	36.0	36.0
23	35.07921272397361	36.0	36.0	36.0	36.0	36.0
24	35.06427014185576	36.0	36.0	36.0	36.0	36.0
25	35.0576111497661	36.0	36.0	36.0	36.0	36.0
26	35.04526978847308	36.0	36.0	36.0	36.0	36.0
27	35.04146979969997	36.0	36.0	36.0	36.0	36.0
28	35.0322973653668	36.0	36.0	36.0	36.0	36.0
29	35.013153467300334	36.0	36.0	36.0	36.0	36.0
30	35.000876092450916	36.0	36.0	36.0	36.0	36.0
31	34.9916862150241	36.0	36.0	36.0	36.0	36.0
32	34.98881957305021	36.0	36.0	36.0	36.0	36.0
33	34.96386854406201	36.0	36.0	36.0	36.0	36.0
34	34.957817409648115	36.0	36.0	36.0	36.0	36.0
35	34.93424851367938	36.0	36.0	36.0	36.0	36.0
36	34.928005545876175	36.0	36.0	36.0	36.0	36.0
37	34.92316160732172	36.0	36.0	36.0	36.0	36.0
38	34.90928365572707	36.0	36.0	36.0	36.0	36.0
39	34.899778068788706	36.0	36.0	36.0	36.0	36.0
40	34.88825317056679	36.0	36.0	36.0	36.0	36.0
41	34.871217731172315	36.0	36.0	36.0	36.0	36.0
42	34.85164590352519	36.0	36.0	36.0	36.0	36.0
43	34.838469044963176	36.0	36.0	36.0	36.0	36.0
44	34.832803688281174	36.0	36.0	36.0	36.0	36.0
45	34.827415198003436	36.0	36.0	36.0	36.0	36.0
46	34.81789221206006	36.0	36.0	36.0	36.0	36.0
47	34.82992679799724	36.0	36.0	36.0	36.0	36.0
48	34.858834516513554	36.0	36.0	36.0	36.0	36.0
49	34.91974963414223	36.0	36.0	36.0	36.0	36.0
50	35.01489602111079	36.0	36.0	36.0	36.0	36.0
>>END_MODULE
>>Per sequence quality scores	pass
#Quality	Count
12	3.0
13	4.0
14	9.0
15	63.0
16	265.0
17	708.0
18	1836.0
19	4301.0
20	8885.0
21	15815.0
22	24502.0
23	36250.0
24	51367.0
25	72524.0
26	100244.0
27	136625.0
28	180535.0
29	233940.0
30	301820.0
31	390421.0
32	524730.0
33	773531.0
34	1527401.0
35	8618479.0
36	7857929.0
>>END_MODULE
>>Per base sequence content	pass
#Base	G	A	T	C
1	22.18706807109644	26.934167893573434	27.626169675753886	23.252594359576236
2	22.262734588048676	26.947892629176483	27.84250249365555	22.946870289119286
3	22.147985287445003	27.066104590593635	27.78367095062252	23.002239171338836
4	22.358817908195018	26.71053913175525	28.10669051337792	22.823952446671807
5	22.479937375284916	26.727381694158453	27.694410295516963	23.098270635039672
6	21.97238372302042	27.153211089652235	27.880278655386615	22.99412653194073
7	21.973536600120063	27.13298979607684	27.94244530243543	22.951028301367664
8	22.122311046772897	26.959331511038627	27.81458131361005	23.103776128578428
9	21.960591186842088	27.11032874359231	27.93545921744735	22.993620852118255
10	21.963254239894475	27.205208414372674	27.90360516199456	22.927932183738292
11	22.557405505276012	27.051349111103146	27.652722314331967	22.738523069288878
12	21.870527150347186	27.342208170077814	28.022483963650625	22.764780715924378
13	21.955382499810185	27.154367953259612	28.205368119685588	22.684881427244623
14	22.085640161878175	26.833896936258146	28.284331212340525	22.79613168952316
15	21.90387949875641	27.19463279115079	28.139470082940615	22.762017627152183
16	22.04172659491016	27.470157712042926	28.06882738293111	22.419288310115807
17	22.187321551085336	27.144343299126266	27.695305109566586	22.97303004022181
18	22.111176871458834	27.601052768468833	27.653761175790542	22.63400918428179
19	22.233371419455523	27.330897521615423	27.94059025116708	22.495140807761977
20	22.339751978562973	27.013776838230008	27.87837170618999	22.76809947701703
21	22.295505712225307	27.221149562429662	27.962710020421166	22.520634704923864
22	22.051848002497763	27.49440426883511	28.011319108078574	22.442428620588554
23	22.19036581964913	27.2104764296878	27.88913195909789	22.710025791565176
24	22.043561567900515	27.549904413636234	27.889637542384165	22.516896476079086
25	22.085743748448433	27.454591993901555	27.84967631912903	22.609987938520984
26	22.263049257037405	27.32963459583867	27.686169918678733	22.721146228445193
27	22.24294861266441	27.457199380564525	27.781842634398412	22.518009372372656
28	22.0048789427166	27.466699654523214	27.77368522854944	22.754736174210745
29	22.356937629318498	27.18643963921296	27.786881851874373	22.669740879594166
30	22.1599334297028	27.585945843260674	27.69919809519444	22.554922631842093
31	22.195620896362595	27.502022012590395	27.78655562624851	22.5158014647985
32	22.22150114860207	27.47839580607992	27.646430320171305	22.653672725146713
33	22.063458843139845	27.31326932211507	27.979394481546034	22.643877353199056
34	22.18913543494682	27.700838311794136	27.819232965562136	22.290793287696907
35	22.251111172180902	27.23953983488525	27.776921331120906	22.73242766181294
36	22.358545225208864	27.5479699975092	27.560382282677647	22.533102494604286
37	22.148786006066246	27.474248356487056	27.718538552587475	22.658427084859227
38	22.193493364550285	27.352725189088943	27.611142027520287	22.842639418840484
39	22.13930660197764	27.49588452660997	27.66280903571536	22.70199983569703
40	22.140290725068105	27.46804032530468	27.880630709638144	22.511038239989066
41	22.39221398440363	27.404362090173457	27.65622618750827	22.547197737914644
42	22.323952268915118	27.5649173164854	27.654557545317594	22.456572869281892
43	22.284358378789356	27.675711196640645	27.64734226933766	22.39258815523234
44	22.311035779225865	27.359126163476027	27.569303124179754	22.760534933118347
45	22.191650261330377	27.582887398572897	27.694291194605913	22.53117114549081
46	22.194195755171616	27.799252438088224	27.499567662112472	22.50698414462769
47	22.347240187110636	27.502856752710976	27.544784022803416	22.605119037374973
48	22.31134389785541	27.942310149590107	27.74794852878649	21.998397423767994
49	22.440663947623584	28.161207168200363	27.8763084675757	21.521820416600352
50	22.42743987629564	27.898173409873973	27.89906593772642	21.775320776103968
>>END_MODULE
>>Per base GC content	pass
#Base	%GC
1	45.439662430672676
2	45.209604877167955
3	45.150224458783846
4	45.182770354866825
5	45.57820801032458
6	44.96651025496114
7	44.92456490148772
8	45.226087175351324
9	44.95421203896034
10	44.89118642363277
11	45.29592857456489
12	44.63530786627156
13	44.64026392705481
14	44.88177185140134
15	44.66589712590859
16	44.46101490502597
17	45.160351591307155
18	44.745186055740625
19	44.7285122272175
20	45.10785145558
21	44.81614041714917
22	44.494276623086314
23	44.9003916112143
24	44.5604580439796
25	44.69573168696942
26	44.984195485482594
27	44.76095798503707
28	44.75961511692735
29	45.02667850891267
30	44.71485606154489
31	44.7114223611611
32	44.87517387374878
33	44.7073361963389
34	44.47992872264373
35	44.98353883399384
36	44.89164771981316
37	44.807213090925465
38	45.03613278339077
39	44.841306437674675
40	44.651328965057175
41	44.939411722318276
42	44.78052513819701
43	44.676946534021695
44	45.07157071234421
45	44.72282140682119
46	44.70117989979931
47	44.95235922448561
48	44.309741321623406
49	43.96248436422393
50	44.20276065239961
>>END_MODULE
>>Per sequence GC content	pass
#GC Content	Count
0	6263.0
1	5985.0
2	4899.0
3	4497.0
4	4983.0
5	5802.0
6	6677.5
7	8164.5
8	9725.5
9	12358.5
10	15208.5
11	20345.5
12	25652.0
13	33729.0
14	43152.5
15	57695.5
16	73288.5
17	96125.5
18	120337.5
19	151042.5
20	182810.0
21	220605.5
22	259451.5
23	307066.0
24	357011.0
25	403939.0
26	457078.5
27	518882.5
28	585056.0
29	656739.0
30	729708.5
31	805552.0
32	884566.5
33	964720.5
34	1044892.5
35	1113344.5
36	1176321.0
37	1220666.5
38	1255554.0
39	1276818.0
40	1295332.0
41	1304428.0
42	1311956.0
43	1306320.0
44	1293540.5
45	1267630.5
46	1242336.0
47	1214055.0
48	1183473.0
49	1151850.0
50	1122217.0
51	1095457.0
52	1064572.5
53	1033398.0
54	1003765.5
55	970252.0
56	932243.0
57	889269.0
58	845096.0
59	789976.0
60	732805.0
61	672683.5
62	611556.0
63	558654.0
64	496973.0
65	439213.5
66	383374.0
67	332904.0
68	284226.5
69	240311.5
70	201253.0
71	168538.0
72	139902.0
73	115330.0
74	92498.5
75	76191.5
76	63620.0
77	52146.5
78	41914.0
79	33813.5
80	26687.0
81	21453.0
82	17048.0
83	13799.0
84	10702.0
85	8233.0
86	6190.5
87	4767.5
88	3705.0
89	2803.0
90	1997.0
91	1567.0
92	1245.0
93	1024.5
94	805.5
95	703.0
96	617.5
97	568.5
98	518.0
99	787.5
100	1064.0
>>END_MODULE
>>Per base N content	pass
#Base	N-Count
1	4.889228535819375E-4
2	0.0011695801595489484
3	2.3966806548134192E-5
4	2.4446142679096874E-4
5	6.5189713810925E-4
6	0.0027657694756546857
7	7.190041964440257E-5
8	0.0010161925976408896
9	7.333842803729063E-4
10	0.0019461046917084962
11	0.0028712234244664763
12	9.922257910927555E-4
13	2.828083172679835E-4
14	0.0027465960304161783
15	0.0018885843559929743
16	0.002070732085758794
17	5.943768023937279E-4
18	0.0011504067143104412
19	0.0033313861101906526
20	0.005210383743564373
21	0.0014971585657911936
22	0.001311510440151551
23	7.551462374357735E-4
24	0.0015218456365964578
25	0.0023676819039132957
26	0.005576815589048853
27	0.002267543875765284
28	0.0024159309293577923
29	0.002492123628725943
30	0.0036370316247426337
31	0.0028695729020102624
32	0.0036149816532373186
33	0.0036409357927317744
34	0.002239346541077463
35	0.0026158086838676173
36	0.002576623886530392
37	0.0030338663071002403
38	0.004059615452926222
39	0.0027745104050558096
40	0.0013754472863043497
41	0.0015026518084984828
42	0.0016656854039369146
43	0.003884432401651308
44	0.0041233999494283005
45	2.5666692333359E-4
46	9.762783182365282E-4
47	0.0011135173425098315
48	5.286982119927342E-4
49	0.001367812083584312
50	1.9922457015904415E-4
>>END_MODULE
>>Sequence Length Distribution	warn
#Length	Count
20	22711.0
21	23782.0
22	25019.0
23	26414.0
24	26678.0
25	26839.0
26	27572.0
27	28608.0
28	29584.0
29	31263.0
30	33166.0
31	34859.0
32	36454.0
33	36843.0
34	38058.0
35	38837.0
36	38414.0
37	39597.0
38	41663.0
39	44219.0
40	47255.0
41	52511.0
42	57431.0
43	70901.0
44	113399.0
45	203587.0
46	537948.0
47	1159912.0
48	2323239.0
49	3096771.0
50	1.2548653E7
>>END_MODULE
>>Sequence Duplication Levels	warn
#Total Duplicate Percentage	41.16493045337727
#Duplication Level	Relative count
1	100.0
2	27.810936978993
3	12.818439479826608
4	7.008169389796599
5	4.342280760253418
6	2.854284761587196
7	1.9398132710903635
8	1.4279759919973325
9	1.0953651217072358
10++	7.424974991663888
>>END_MODULE
>>Overrepresented sequences	pass
>>END_MODULE
>>Kmer Content	warn
#Sequence	Count	Obs/Exp Overall	Obs/Exp Max	Max Obs/Exp Position
AAAAA	5709725	4.023209	4.891477	46
TTTTT	5806620	3.7499516	4.3786473	13
>>END_MODULE
