##FastQC	0.10.1
>>Basic Statistics	pass
#Measure	Value	
Filename	008-F5_S2_L004_R2_001_trimmed.fq.gz	
File type	Conventional base calls	
Encoding	Sanger / Illumina 1.9	
Total Sequences	12934542	
Filtered Sequences	0	
Sequence length	20-50	
%GC	45	
>>END_MODULE
>>Per base sequence quality	pass
#Base	Mean	Median	Lower Quartile	Upper Quartile	10th Percentile	90th Percentile
1	35.027960170526335	36.0	36.0	36.0	36.0	36.0
2	35.02417681275456	36.0	36.0	36.0	36.0	36.0
3	35.008199053356506	36.0	36.0	36.0	36.0	36.0
4	35.00395158947259	36.0	36.0	36.0	36.0	36.0
5	34.98571197959696	36.0	36.0	36.0	36.0	36.0
6	34.971632779885056	36.0	36.0	36.0	36.0	36.0
7	34.958053095347324	36.0	36.0	36.0	36.0	36.0
8	34.95533363299605	36.0	36.0	36.0	36.0	36.0
9	34.938949210571195	36.0	36.0	36.0	36.0	36.0
10	34.91882062774236	36.0	36.0	36.0	36.0	36.0
11	34.91606490589307	36.0	36.0	36.0	36.0	36.0
12	34.899935846201586	36.0	36.0	36.0	36.0	36.0
13	34.88993966697854	36.0	36.0	36.0	36.0	36.0
14	34.88398205363592	36.0	36.0	36.0	36.0	36.0
15	34.873776821784645	36.0	36.0	36.0	36.0	36.0
16	34.852643951366815	36.0	36.0	36.0	36.0	36.0
17	34.84182339042233	36.0	36.0	36.0	36.0	36.0
18	34.83462089341857	36.0	36.0	36.0	36.0	36.0
19	34.820154668019946	36.0	36.0	36.0	36.0	36.0
20	34.81472687629759	36.0	36.0	36.0	36.0	36.0
21	34.80248023352621	36.0	36.0	36.0	36.0	36.0
22	34.79149784940876	36.0	36.0	36.0	36.0	36.0
23	34.78633898982031	36.0	36.0	36.0	36.0	36.0
24	34.77337805861616	36.0	36.0	36.0	36.0	36.0
25	34.75922051116861	36.0	36.0	36.0	36.0	36.0
26	34.7421851529845	36.0	36.0	36.0	36.0	36.0
27	34.73930283479055	36.0	36.0	36.0	36.0	36.0
28	34.7192955379684	36.0	36.0	36.0	36.0	36.0
29	34.71966506149473	36.0	36.0	36.0	36.0	36.0
30	34.69612484390653	36.0	36.0	36.0	36.0	36.0
31	34.68265484493459	36.0	36.0	36.0	36.0	36.0
32	34.66885012868309	36.0	36.0	36.0	36.0	36.0
33	34.650129467651084	36.0	36.0	36.0	36.0	36.0
34	34.63471024616056	36.0	36.0	36.0	32.0	36.0
35	34.62013325803106	36.0	36.0	36.0	32.0	36.0
36	34.60186371996544	36.0	36.0	36.0	32.0	36.0
37	34.5931379977155	36.0	36.0	36.0	32.0	36.0
38	34.57986296516477	36.0	36.0	36.0	32.0	36.0
39	34.56474004368674	36.0	36.0	36.0	32.0	36.0
40	34.554746216983006	36.0	36.0	36.0	32.0	36.0
41	34.53278251489315	36.0	36.0	36.0	32.0	36.0
42	34.51258985420234	36.0	36.0	36.0	32.0	36.0
43	34.50402229996898	36.0	36.0	36.0	32.0	36.0
44	34.482912557923484	36.0	36.0	36.0	32.0	36.0
45	34.48224096812584	36.0	36.0	36.0	32.0	36.0
46	34.47543140238878	36.0	36.0	36.0	32.0	36.0
47	34.47882890942238	36.0	36.0	36.0	32.0	36.0
48	34.501117269811814	36.0	36.0	36.0	32.0	36.0
49	34.58059567792028	36.0	36.0	36.0	32.0	36.0
50	34.719641576407774	36.0	36.0	36.0	32.0	36.0
>>END_MODULE
>>Per sequence quality scores	pass
#Quality	Count
2	5.0
3	0.0
4	3.0
5	2.0
6	2.0
7	4.0
8	12.0
9	18.0
10	34.0
11	29.0
12	55.0
13	57.0
14	989.0
15	1780.0
16	3060.0
17	5041.0
18	8317.0
19	12513.0
20	18238.0
21	25425.0
22	33931.0
23	44229.0
24	58301.0
25	74968.0
26	95608.0
27	121032.0
28	150569.0
29	184402.0
30	226719.0
31	285473.0
32	377881.0
33	548281.0
34	1053296.0
35	5251057.0
36	4353211.0
>>END_MODULE
>>Per base sequence content	pass
#Base	G	A	T	C
1	22.611132591535796	26.583838561426447	27.378464800877232	23.426564046160518
2	22.650543034490852	26.57631387548977	27.571891927666325	23.20125116235305
3	22.589584098940833	26.64177239040953	27.46720197401673	23.301441536632915
4	22.724911464963473	26.364981991465225	27.75951560771895	23.15059093585235
5	22.828629699880448	26.43276726545431	27.364515092261303	23.37408794240394
6	22.338354366520605	26.849993331490634	27.555919800060693	23.25573250192807
7	22.407435671547464	26.862261904043947	27.53735905064241	23.192943373766173
8	22.517292634321624	26.744229828803594	27.499171755009577	23.239305781865205
9	22.32672714234077	26.858722356347727	27.686335757901432	23.128214743410076
10	22.414673441834783	26.93600954638733	27.533462843142882	23.115854168635007
11	22.85765270328132	26.892228886720247	27.2855139921728	22.964604417825626
12	22.251387146510165	27.070228124000224	27.65612868798199	23.022256041507625
13	22.40843449376538	26.888033830260778	27.79672648589202	22.906805190081823
14	22.45934931063074	26.604309373572544	27.897953370735955	23.03838794506076
15	22.3368044583753	26.941978449268632	27.758753472136583	22.962463620219484
16	22.427109416400608	27.239748943816988	27.67881428544257	22.654327354339834
17	22.54834739517637	26.972349964611503	27.389202774606446	23.090099865605676
18	22.440732685719226	27.356097014852093	27.385446627891053	22.817723671537628
19	22.546300781517896	27.144364975051843	27.60854224106677	22.70079200236349
20	22.63337691099463	26.85544838428739	27.583213628149988	22.92796107656799
21	22.57595614269161	27.08213396337957	27.615217077289934	22.72669281663889
22	22.435522297397682	27.236988194336327	27.653700119311615	22.673789388954383
23	22.51832654365872	26.98556729974127	27.5600104924527	22.93609566414731
24	22.390363632332047	27.365546871959346	27.59344798450753	22.650641511201076
25	22.497010348090765	27.236900544918957	27.469454028883778	22.7966350781065
26	22.57206675019306	27.256189061096826	27.362749273673696	22.808994915036422
27	22.485896880956453	27.343887902248532	27.52112562861565	22.649089588179365
28	22.350012011735405	27.31607107959984	27.45051849620541	22.883398412459343
29	22.613245459730607	27.137020643775795	27.49003416279959	22.759699733694013
30	22.4633857655688	27.384300827904482	27.456960957342424	22.6953524491843
31	22.502986331872794	27.39633229116127	27.43103493493137	22.669646442034562
32	22.566691527576854	27.341220993694538	27.343604452707797	22.748483026020807
33	22.41249216641772	27.23304923906759	27.56529719725009	22.7891613972646
34	22.566242539220486	27.491240437426924	27.42784579910426	22.51467122424833
35	22.543392599168794	27.20051735805957	27.408530696520668	22.847559346250968
36	22.607758124538343	27.4686879212262	27.269116559653728	22.65443739458173
37	22.472975993865035	27.393616372538286	27.390004699895577	22.7434029337011
38	22.465853284677	27.26631226507694	27.391767433118225	22.876067017127834
39	22.352839753013264	27.408168454851843	27.4422419068249	22.796749885309993
40	22.45418360977505	27.392992268152945	27.510619860713494	22.642204261358515
41	22.684312925345825	27.346940489962567	27.355816824473894	22.61292976021771
42	22.608786066321926	27.496894016725644	27.334916621595724	22.55940329535671
43	22.603443108967912	27.554683212584035	27.285767723180864	22.556105955267185
44	22.61969614478482	27.286260964945576	27.198250562539485	22.895792327730124
45	22.475667619025124	27.471685131365852	27.37436846197564	22.67827878763338
46	22.511246164677885	27.630686733747456	27.188236375351053	22.6698307262236
47	22.601494394454477	27.476241016111373	27.27026368890465	22.6520009005295
48	22.57832477899041	27.869182386799316	27.400520628378267	22.151972205832003
49	22.780362277292117	28.11881609990018	27.447508346576598	21.65331327623111
50	22.759593855766727	27.845339755272065	27.46900546732622	21.926060921634992
>>END_MODULE
>>Per base GC content	pass
#Base	%GC
1	46.037696637696314
2	45.851794196843905
3	45.89102563557375
4	45.875502400815826
5	46.202717642284384
6	45.59408686844868
7	45.60037904531364
8	45.756598416186826
9	45.45494188575084
10	45.53052761046979
11	45.822257121106944
12	45.273643188017786
13	45.3152396838472
14	45.4977372556915
15	45.299268078594785
16	45.08143677074044
17	45.63844726078205
18	45.25845635725685
19	45.247092783881385
20	45.561337987562624
21	45.3026489593305
22	45.10931168635206
23	45.45442220780603
24	45.04100514353312
25	45.293645426197266
26	45.381061665229474
27	45.13498646913582
28	45.233410424194744
29	45.37294519342462
30	45.15873821475309
31	45.17263277390736
32	45.315174553597664
33	45.20165356368232
34	45.080913763468814
35	45.39095194541976
36	45.26219551912008
37	45.21637892756614
38	45.341920301804834
39	45.149589638323256
40	45.096387871133565
41	45.29724268556354
42	45.168189361678635
43	45.1595490642351
44	45.515488472514946
45	45.153946406658505
46	45.18107689090149
47	45.25349529498398
48	44.73029698482242
49	44.43367555352322
50	44.685654777401716
>>END_MODULE
>>Per sequence GC content	warn
#GC Content	Count
0	4736.0
1	3789.0
2	2661.0
3	2680.0
4	2896.0
5	3331.0
6	3850.0
7	4454.5
8	5027.0
9	6081.0
10	7312.0
11	9583.0
12	11915.5
13	15826.0
14	20518.0
15	28403.5
16	36825.0
17	48899.5
18	61901.0
19	79573.5
20	97556.0
21	119218.0
22	141832.0
23	169897.5
24	199494.0
25	227094.5
26	258751.5
27	296889.5
28	337749.5
29	381910.5
30	426350.0
31	472961.0
32	522757.5
33	574229.5
34	626158.0
35	671185.5
36	712281.5
37	742546.0
38	766824.0
39	783687.5
40	798662.5
41	807644.5
42	816209.5
43	815785.5
44	810348.0
45	795724.5
46	780519.5
47	763079.0
48	745092.5
49	726369.0
50	708779.0
51	692503.0
52	673137.0
53	652604.0
54	633849.0
55	614282.0
56	591372.5
57	562806.0
58	533094.0
59	498494.0
60	463186.0
61	424718.5
62	385400.0
63	352393.5
64	313901.5
65	278350.0
66	244136.5
67	212450.5
68	181698.5
69	154168.0
70	129793.5
71	109269.0
72	90877.5
73	75134.5
74	60686.5
75	50062.0
76	41999.0
77	34508.0
78	27685.0
79	22517.5
80	18027.5
81	14442.5
82	11269.0
83	9076.0
84	7256.5
85	5846.0
86	4506.5
87	3570.5
88	2888.5
89	2256.0
90	1693.0
91	1446.5
92	1268.5
93	1168.0
94	1085.0
95	1100.0
96	1115.0
97	1225.5
98	1750.5
99	6615.5
100	11070.0
>>END_MODULE
>>Per base N content	pass
#Base	N-Count
1	0.002203402331524379
2	0.005017572326874813
3	0.007058618697128974
4	0.003069300791632205
5	0.0035795623841957448
6	0.004770172766844006
7	0.007700311305958881
8	0.004383610954295869
9	0.007476105454680962
10	0.0049789161456199995
11	0.005164465815643105
12	0.0033708190054197516
13	0.006154064055766335
14	0.005334553013164285
15	0.0038888118342342544
16	0.005442790320677763
17	0.007421986800924223
18	0.006270032599530776
19	0.008666715837329222
20	0.016042315220747668
21	0.011580694386790241
22	0.013244768587341313
23	0.00852090557705664
24	0.012790907881586893
25	0.013468301855056866
26	0.004332727709105941
27	0.011059132239709762
28	0.007701232025985668
29	0.010667922522538517
30	0.009424658508139701
31	0.011971993340012883
32	0.009306345919925262
33	0.00995212885190223
34	0.011304921706953866
35	0.004322636912071368
36	0.010621725246293219
37	0.009669534797028674
38	0.007226212443395982
39	0.009188566675957854
40	0.0072365155046892225
41	0.005824755225558297
42	0.0067194815800821215
43	0.009014271136056965
44	0.005840385538949739
45	0.005173672306344385
46	0.00806943808297428
47	0.010449394110551081
48	0.005505503677418108
49	0.0027478956985243492
50	0.00689876902530807
>>END_MODULE
>>Sequence Length Distribution	warn
#Length	Count
20	7856.0
21	8378.0
22	8882.0
23	9638.0
24	10264.0
25	10801.0
26	11529.0
27	12108.0
28	12848.0
29	14187.0
30	14813.0
31	15519.0
32	16534.0
33	16833.0
34	17503.0
35	18220.0
36	18607.0
37	20110.0
38	21995.0
39	23710.0
40	25651.0
41	28299.0
42	32392.0
43	41568.0
44	68659.0
45	129556.0
46	346096.0
47	746855.0
48	1508605.0
49	2033996.0
50	7682530.0
>>END_MODULE
>>Sequence Duplication Levels	warn
#Total Duplicate Percentage	34.49527639567708
#Duplication Level	Relative count
1	100.0
2	23.822362966890978
3	9.466655712482542
4	4.693369980058406
5	2.6409542090207707
6	1.6520901330186495
7	1.1486955807335817
8	0.7535980760469337
9	0.5870446856024677
10++	4.610466722931339
>>END_MODULE
>>Overrepresented sequences	pass
>>END_MODULE
>>Kmer Content	warn
#Sequence	Count	Obs/Exp Overall	Obs/Exp Max	Max Obs/Exp Position
AAAAA	3776675	4.4071426	5.6143107	46
TTTTT	2986075	3.2931254	3.8245184	13
GGGGG	1045210	3.1128983	3.9771745	46
>>END_MODULE
