##FastQC	0.10.1
>>Basic Statistics	pass
#Measure	Value	
Filename	040-F5_S4_L003_R2_001.fastq.gz	
File type	Conventional base calls	
Encoding	Sanger / Illumina 1.9	
Total Sequences	18858272	
Filtered Sequences	0	
Sequence length	35-76	
%GC	44	
>>END_MODULE
>>Per base sequence quality	pass
#Base	Mean	Median	Lower Quartile	Upper Quartile	10th Percentile	90th Percentile
1	31.39792627871737	32.0	32.0	32.0	32.0	32.0
2	31.148475321598927	32.0	32.0	32.0	32.0	32.0
3	31.201051824896787	32.0	32.0	32.0	32.0	32.0
4	31.24250694867483	32.0	32.0	32.0	32.0	32.0
5	31.224540350250543	32.0	32.0	32.0	32.0	32.0
6	34.90227832115265	36.0	36.0	36.0	36.0	36.0
7	34.89372064418203	36.0	36.0	36.0	36.0	36.0
8	34.832767551555094	36.0	36.0	36.0	36.0	36.0
9	34.93719588942189	36.0	36.0	36.0	36.0	36.0
10-14	34.83881705598477	36.0	36.0	36.0	33.6	36.0
15-19	34.76889174151269	36.0	36.0	36.0	32.0	36.0
20-24	34.707725278328795	36.0	36.0	36.0	32.0	36.0
25-29	34.63721311263301	36.0	36.0	36.0	32.0	36.0
30-34	34.565899547954345	36.0	36.0	36.0	32.0	36.0
35-39	34.513202384450594	36.0	36.0	36.0	32.0	36.0
40-44	34.44981985207987	36.0	36.0	36.0	32.0	36.0
45-49	34.34713897288056	36.0	36.0	36.0	32.0	36.0
50-54	34.22836049230243	36.0	36.0	36.0	32.0	36.0
55-59	34.078073094540876	36.0	36.0	36.0	32.0	36.0
60-64	33.93806864599779	36.0	36.0	36.0	32.0	36.0
65-69	33.78764628911361	36.0	36.0	36.0	29.0	36.0
70-74	33.65859930356609	36.0	36.0	36.0	27.0	36.0
75-76	33.0530531846922	36.0	34.0	36.0	20.5	36.0
>>END_MODULE
>>Per sequence quality scores	pass
#Quality	Count
2	15932.0
3	0.0
4	0.0
5	0.0
6	0.0
7	0.0
8	0.0
9	0.0
10	0.0
11	0.0
12	0.0
13	1.0
14	856.0
15	3077.0
16	5225.0
17	7741.0
18	10560.0
19	13869.0
20	18885.0
21	26858.0
22	39663.0
23	57671.0
24	86166.0
25	124978.0
26	173393.0
27	233426.0
28	302555.0
29	386449.0
30	493660.0
31	637087.0
32	859614.0
33	1311963.0
34	2777243.0
35	1.12714E7
>>END_MODULE
>>Per base sequence content	fail
#Base	G	A	T	C
1	44.5013775394825	18.175896343147325	11.373070251354296	25.94965586601588
2	16.639809332929666	19.827046558033132	37.256270360027024	26.27687374901017
3	20.208649090489335	21.353186333098645	28.873808457177024	29.564356119234997
4	13.602645395110457	14.741714575740428	36.66696904262869	34.98867098652042
5	15.07829938208833	34.66875934902944	35.305390305924234	14.947550962957996
6	33.990478252264694	35.30168096747487	16.762853093633918	13.944987686626515
7	30.055217033388843	29.86167268321686	20.99137823288404	19.091732050510256
8	26.144861794605102	34.78454190190401	20.476174958940828	18.59442134455007
9	24.862260952505192	15.79133539355238	20.643802442086127	38.702601211856305
10-14	23.668414857178036	23.444916077302498	28.980749737028415	23.905919328491045
15-19	21.88670409301605	28.79778626221584	27.028922097786158	22.286587546981956
20-24	21.99563536163767	27.54076404523005	28.217360476458868	22.24624011667341
25-29	21.58196274984954	27.751449129991286	28.24891494368534	22.417673176473834
30-34	21.658244145896955	27.81034415046114	28.441408020447568	22.090003683194336
35-39	21.59413264288074	28.125322482542536	28.31240019870687	21.96814467586985
40-44	21.814749832359546	28.015938796032604	28.365824241277622	21.803487130330232
45-49	21.768314774606882	28.15257717572477	28.134278778387078	21.944829271281275
50-54	21.7015926508618	28.371965996455828	28.146268892519842	21.780172460162525
55-59	21.76337088527943	28.17984029847189	27.952358426338435	22.10443038991024
60-64	21.903056868050612	28.154858666656107	28.08966855486635	21.852415910426938
65-69	22.038585353063937	28.409027426861773	27.87817563414433	21.674211585929964
70-74	22.32990957761688	28.63844841137282	27.854392949314814	21.177249061695488
75-76	25.859718615360045	35.85135263408369	29.076158379524443	9.212770371031825
>>END_MODULE
>>Per base GC content	fail
#Base	%GC
1	70.45103340549838
2	42.91668308193984
3	49.77300520972433
4	48.591316381630875
5	30.025850345046322
6	47.93546593889121
7	49.1469490838991
8	44.73928313915517
9	63.56486216436149
10-14	47.57433418566908
15-19	44.173291639998006
20-24	44.24187547831108
25-29	43.99963592632338
30-34	43.74824782909129
35-39	43.56227731875059
40-44	43.61823696268978
45-49	43.71314404588815
50-54	43.48176511102433
55-59	43.86780127518967
60-64	43.75547277847755
65-69	43.712796938993904
70-74	43.507158639312365
75-76	35.07248898639187
>>END_MODULE
>>Per sequence GC content	fail
#GC Content	Count
0	15964.0
1	8017.5
2	121.5
3	253.5
4	335.0
5	453.5
6	786.0
7	1235.5
8	1473.0
9	1784.0
10	2733.5
11	4311.0
12	5254.5
13	6308.5
14	8911.5
15	13369.0
16	20296.0
17	25446.5
18	33528.5
19	49454.5
20	69514.5
21	83837.5
22	104139.0
23	139871.5
24	177498.5
25	202715.0
26	235104.0
27	287129.0
28	338413.0
29	373883.5
30	417579.0
31	487804.5
32	557670.5
33	604400.5
34	663389.0
35	752900.5
36	825971.0
37	864583.5
38	883097.0
39	887083.0
40	866116.0
41	837958.5
42	827108.5
43	816932.0
44	792813.5
45	765947.0
46	749871.5
47	732546.5
48	701818.5
49	668972.5
50	648341.5
51	629536.5
52	601448.5
53	576027.5
54	562371.5
55	547571.5
56	524981.5
57	503836.0
58	484339.5
59	456729.0
60	417468.0
61	373929.0
62	339829.0
63	307222.5
64	265770.0
65	228461.0
66	189258.0
67	160934.0
68	140107.5
69	113995.0
70	89001.5
71	72769.5
72	60877.0
73	48077.0
74	37267.0
75	30208.0
76	25369.5
77	20329.0
78	15494.0
79	12345.0
80	10521.0
81	8272.0
82	6087.5
83	4783.5
84	3834.5
85	2987.0
86	2251.0
87	1758.5
88	1550.5
89	1271.5
90	1036.5
91	940.5
92	902.5
93	921.5
94	901.0
95	905.5
96	950.0
97	1087.5
98	1469.0
99	7829.5
100	13947.0
>>END_MODULE
>>Per base N content	pass
#Base	N-Count
1	0.13285946877847557
2	0.12825141137003432
3	0.10931542402188282
4	0.09858273334905764
5	0.08878862283882638
6	0.0878288318251004
7	0.08526231883812048
8	0.08459947974024343
9	0.08451993904849818
10-14	0.08448282005901707
15-19	0.08448282005901707
20-24	0.08448282005901707
25-29	0.08448282005901707
30-34	0.08448282005901707
35-39	0.01692038302386
40-44	0.0
45-49	0.0
50-54	0.0
55-59	0.0
60-64	0.0
65-69	8.57737219704287E-5
70-74	0.0
75-76	0.0
>>END_MODULE
>>Sequence Length Distribution	warn
#Length	Count
35	20470.0
36	7048.0
37	9492.0
38	10727.0
39	12374.0
40	13525.0
41	14657.0
42	16491.0
43	19038.0
44	21110.0
45	22997.0
46	23579.0
47	24396.0
48	24605.0
49	26194.0
50	26505.0
51	27966.0
52	29256.0
53	31664.0
54	33921.0
55	34832.0
56	35883.0
57	36845.0
58	37145.0
59	37386.0
60	39980.0
61	39482.0
62	40916.0
63	41877.0
64	46200.0
65	47351.0
66	48621.0
67	51876.0
68	48452.0
69	56099.0
70	56706.0
71	70711.0
72	140333.0
73	436850.0
74	1242166.0
75	3798025.0
76	1.2054521E7
>>END_MODULE
>>Sequence Duplication Levels	warn
#Total Duplicate Percentage	33.17450046081142
#Duplication Level	Relative count
1	100.0
2	21.486105812963995
3	8.786936236391913
4	4.627483200798146
5	2.768567152792042
6	1.7554799143167346
7	1.1730097714134804
8	0.8494967575339653
9	0.636755773350157
10++	4.63408550720385
>>END_MODULE
>>Overrepresented sequences	pass
>>END_MODULE
>>Kmer Content	warn
#Sequence	Count	Obs/Exp Overall	Obs/Exp Max	Max Obs/Exp Position
AAAAA	9493945	4.4573417	8.851377	72
TTTTT	7861555	3.5586524	6.086151	72
GGGGG	2626835	3.4951909	6.316564	72
CCTGG	2843265	3.1204062	12.36121	3
CCAGG	2678170	2.9607546	12.616163	3
CCCAG	2487750	2.782114	11.022503	2
CTGGG	2509060	2.72208	10.880124	4
CCAGC	2391955	2.6749842	6.547471	3
TTTCT	4558660	2.5898254	5.4586177	16
AGAAA	4466295	2.5826073	5.2647123	48
GCTGG	2328825	2.526543	7.118608	3
GGAGG	2331025	2.5182755	5.7421007	6
CAGCA	2782055	2.4971704	6.5278034	4
TGCTG	2833145	2.4774585	7.6157327	2
GAAAA	4272350	2.47046	5.311339	24
TCCAG	2747195	2.4479444	8.984231	2
CAGCC	2139885	2.3930879	5.808346	9
GCTGC	2146365	2.3555775	5.836514	8
CTCCA	2559880	2.3074675	6.3628516	1
CTGCT	2601635	2.3013783	6.502354	9
GGCTG	2106120	2.28493	8.2351	7
CTGGA	2583410	2.2756288	8.653273	4
CAGGA	2554285	2.266459	9.330652	4
CTCCT	2531965	2.2657044	6.1124945	1
AGCAG	2523835	2.2394402	5.2637186	7
AGGAG	2540400	2.2283154	6.695029	5
CTGCC	2006610	2.2277207	5.908061	9
CCTGC	1999310	2.2196162	6.2968245	3
GGCAG	2030665	2.2192106	6.370563	7
TCCTG	2503105	2.2142193	8.56224	2
GCCTG	1979850	2.1728318	7.3802624	7
GCAGG	1980095	2.1639452	6.6979	3
CCCTG	1936465	2.149846	8.805667	2
CAGAG	2422250	2.149302	7.43995	4
CTGCA	2412025	2.1492841	6.5098324	4
CTCTG	2384505	2.109307	7.299025	2
TGCAG	2372225	2.089604	6.8467	2
CTGGC	1860035	2.041338	5.8431706	4
GCCAG	1845720	2.0404694	5.3512974	2
CAGGG	1864335	2.0374372	8.9892645	4
AAAAT	4363515	2.0337393	5.053067	72
TGGAG	2318950	2.019275	6.1214595	5
GAGAA	2829430	2.0150774	5.126587	47
AGCTG	2287575	2.015039	5.8311357	7
CAGGC	1804760	1.9951874	5.9837446	4
CCCCA	1762625	1.9940315	6.5907373	1
CAGAA	2714865	1.9558923	5.2074156	4
GGGAG	1808005	1.9532415	5.3956447	7
GGAGA	2209330	1.9379169	5.1896415	6
CACAG	2130890	1.9126852	6.691311	7
CTCAG	2123880	1.8925267	5.906059	2
TTCTG	2684690	1.8922548	5.0835066	2
CTGTG	2159730	1.8885872	8.538242	9
CTGAG	2109500	1.8581792	5.7183657	4
GGCCA	1671705	1.8480933	6.3883805	1
CCAGA	2057815	1.8470932	6.43741	3
CAGTG	2082265	1.834189	7.5492606	7
TGGGG	1702100	1.8254542	6.197383	5
CCTCT	2025145	1.8121814	5.595208	1
CACTG	2016085	1.7964737	7.222719	7
TCTGG	2041715	1.7853886	6.2138085	3
ACCTG	1987430	1.7709402	5.349709	7
CATTT	3092125	1.7695415	5.173244	14
TGGCC	1597735	1.7534709	5.818747	5
GCCCA	1499610	1.677052	6.8518767	1
CCTGA	1881340	1.6764064	5.3930974	3
GAGAG	1864100	1.6350979	5.0890913	7
ACAGA	2268305	1.6341734	5.7043233	8
GGGCC	1189195	1.6191949	5.4450417	6
TCAGG	1833545	1.6151007	5.5901666	3
TGGGC	1476755	1.602132	6.5103693	5
GTGTG	1849875	1.5991015	7.997975	9
GGCCT	1445285	1.5861611	5.1226234	6
CCTGT	1778675	1.5733966	5.5441556	8
AGGTG	1767290	1.5389055	5.0968595	7
CACAC	1631015	1.4809636	6.3927794	5
TGTGT	2105800	1.4672314	6.3118057	10
ACACA	2011445	1.4659151	5.980106	6
CTGTC	1644875	1.4550385	5.8545175	9
AGTGG	1639080	1.4272639	5.2581706	8
GCCCT	1268905	1.408727	5.8812475	1
GCTGT	1610315	1.4081485	5.1359463	8
ACAGC	1566205	1.4058244	5.2544866	8
GGGCT	1294190	1.4040672	5.8034663	6
GTCCT	1585225	1.4022728	11.605698	1
GACAG	1579760	1.4017469	6.626221	7
ATGGC	1499800	1.3211173	6.0625715	17
AGGGC	1206885	1.3189434	5.421169	5
AGGAC	1474155	1.3080418	11.237677	5
GGACA	1448920	1.2856504	6.205027	6
ACTGC	1366835	1.2179463	5.0269904	8
TGTGC	1357230	1.186837	6.641331	10
GTCCA	1329265	1.1844687	6.801925	1
GTGCT	1348710	1.1793866	6.3520675	1
AGCAC	1243770	1.116407	5.2083673	5
GTCTT	1581700	1.1148323	5.2463737	1
TACAG	1556875	1.1134739	5.601747	5
GTGCA	1248315	1.0995938	6.069176	1
TGGAC	1246235	1.0977615	5.8013983	5
CTGTA	1529475	1.085921	5.788344	1
TGCAC	1196780	1.0664152	5.376725	5
ACAGT	1462360	1.045877	5.1879272	8
GGACC	943805	1.0433896	6.2416477	6
ACTGT	1429980	1.01528	5.7537	8
GACTG	1139870	1.0040687	5.6902604	7
AGTGT	1355155	0.9511322	5.3018417	8
CTACA	1306780	0.9454372	6.2288933	4
GGACT	1048235	0.9233508	5.047135	6
TGTAG	1314515	0.9226085	6.5692143	2
TCCTA	1193805	0.8574192	6.8668847	2
TAGGA	1210235	0.8556418	7.137903	4
CCTAC	875570	0.78923595	5.7325525	3
GTAGG	878065	0.7645937	6.180879	3
GTGTA	935965	0.6569185	5.524858	1
GGACG	542970	0.5933843	5.40595	6
>>END_MODULE
