##FastQC	0.10.1
>>Basic Statistics	pass
#Measure	Value	
Filename	018-F0_S3_L003_R2_001.fastq.gz	
File type	Conventional base calls	
Encoding	Sanger / Illumina 1.9	
Total Sequences	18370655	
Filtered Sequences	0	
Sequence length	35-75	
%GC	45	
>>END_MODULE
>>Per base sequence quality	pass
#Base	Mean	Median	Lower Quartile	Upper Quartile	10th Percentile	90th Percentile
1	31.562995603586263	32.0	32.0	32.0	32.0	32.0
2	31.34152037583853	32.0	32.0	32.0	32.0	32.0
3	31.36394216754928	32.0	32.0	32.0	32.0	32.0
4	31.408660279124504	32.0	32.0	32.0	32.0	32.0
5	31.371808299704067	32.0	32.0	32.0	32.0	32.0
6	35.11846131779188	36.0	36.0	36.0	36.0	36.0
7	35.10442784974188	36.0	36.0	36.0	36.0	36.0
8	35.05422675457135	36.0	36.0	36.0	36.0	36.0
9	35.153559521965875	36.0	36.0	36.0	36.0	36.0
10	35.00824129569686	36.0	36.0	36.0	36.0	36.0
11	35.135618789858064	36.0	36.0	36.0	36.0	36.0
12	35.04006188129928	36.0	36.0	36.0	36.0	36.0
13	35.081876285848274	36.0	36.0	36.0	36.0	36.0
14	35.02567284617778	36.0	36.0	36.0	36.0	36.0
15	34.99008358711216	36.0	36.0	36.0	36.0	36.0
16	35.00152814366172	36.0	36.0	36.0	36.0	36.0
17	34.99091338877138	36.0	36.0	36.0	36.0	36.0
18	34.98190924602307	36.0	36.0	36.0	36.0	36.0
19	34.97758713557029	36.0	36.0	36.0	36.0	36.0
20	34.96529606592688	36.0	36.0	36.0	36.0	36.0
21	34.95638800031899	36.0	36.0	36.0	36.0	36.0
22	34.9417891196585	36.0	36.0	36.0	36.0	36.0
23	34.92969439576324	36.0	36.0	36.0	36.0	36.0
24	34.92127482661886	36.0	36.0	36.0	36.0	36.0
25	34.90050245894879	36.0	36.0	36.0	36.0	36.0
26	34.88686108361406	36.0	36.0	36.0	36.0	36.0
27	34.870901119203424	36.0	36.0	36.0	36.0	36.0
28	34.86588643682003	36.0	36.0	36.0	36.0	36.0
29	34.84596297736798	36.0	36.0	36.0	36.0	36.0
30	34.82486596150219	36.0	36.0	36.0	36.0	36.0
31	34.8172275838831	36.0	36.0	36.0	36.0	36.0
32	34.79802249838125	36.0	36.0	36.0	36.0	36.0
33	34.79472697081296	36.0	36.0	36.0	36.0	36.0
34	34.786149051299475	36.0	36.0	36.0	36.0	36.0
35	34.768553434812205	36.0	36.0	36.0	36.0	36.0
36	34.77089709950252	36.0	36.0	36.0	36.0	36.0
37	34.764149071395764	36.0	36.0	36.0	36.0	36.0
38	34.739668026876934	36.0	36.0	36.0	36.0	36.0
39	34.723989921413605	36.0	36.0	36.0	36.0	36.0
40	34.72800831651618	36.0	36.0	36.0	36.0	36.0
41	34.71781928440183	36.0	36.0	36.0	36.0	36.0
42	34.69745117342779	36.0	36.0	36.0	36.0	36.0
43	34.68905775359716	36.0	36.0	36.0	36.0	36.0
44	34.6719184244268	36.0	36.0	36.0	36.0	36.0
45	34.6582982291952	36.0	36.0	36.0	36.0	36.0
46	34.641572779190135	36.0	36.0	36.0	36.0	36.0
47	34.635202131444515	36.0	36.0	36.0	36.0	36.0
48	34.61259197262799	36.0	36.0	36.0	36.0	36.0
49	34.60621435477227	36.0	36.0	36.0	32.0	36.0
50	34.57882862975172	36.0	36.0	36.0	32.0	36.0
51	34.56273978652692	36.0	36.0	36.0	32.0	36.0
52	34.55353925998569	36.0	36.0	36.0	32.0	36.0
53	34.523936511573154	36.0	36.0	36.0	32.0	36.0
54	34.512807441058584	36.0	36.0	36.0	32.0	36.0
55	34.47995039015161	36.0	36.0	36.0	32.0	36.0
56	34.45861764306028	36.0	36.0	36.0	32.0	36.0
57	34.448166914907404	36.0	36.0	36.0	32.0	36.0
58	34.431464583085614	36.0	36.0	36.0	32.0	36.0
59	34.41149835018625	36.0	36.0	36.0	32.0	36.0
60	34.39319390611882	36.0	36.0	36.0	32.0	36.0
61	34.36434927745252	36.0	36.0	36.0	32.0	36.0
62	34.33323700312731	36.0	36.0	36.0	32.0	36.0
63	34.30954364732715	36.0	36.0	36.0	32.0	36.0
64	34.27933113191027	36.0	36.0	36.0	32.0	36.0
65	34.26416467313185	36.0	36.0	36.0	32.0	36.0
66	34.236398540504304	36.0	36.0	36.0	32.0	36.0
67	34.20968604745728	36.0	36.0	36.0	32.0	36.0
68	34.17614125635424	36.0	36.0	36.0	32.0	36.0
69	34.17677114943695	36.0	36.0	36.0	32.0	36.0
70	34.15915576207114	36.0	36.0	36.0	32.0	36.0
71	34.12279886365008	36.0	36.0	36.0	32.0	36.0
72	34.10361865399372	36.0	36.0	36.0	32.0	36.0
73	34.06048865546317	36.0	36.0	36.0	32.0	36.0
74	34.007681229963744	36.0	36.0	36.0	32.0	36.0
75	33.053974401789674	36.0	36.0	36.0	21.0	36.0
>>END_MODULE
>>Per sequence quality scores	pass
#Quality	Count
2	12239.0
3	1113.0
4	2087.0
5	405.0
6	206.0
7	162.0
8	167.0
9	165.0
10	223.0
11	250.0
12	307.0
13	334.0
14	1400.0
15	3171.0
16	5083.0
17	7472.0
18	10423.0
19	14751.0
20	20666.0
21	28824.0
22	39952.0
23	55807.0
24	77752.0
25	106046.0
26	140341.0
27	179950.0
28	228253.0
29	285252.0
30	358676.0
31	460116.0
32	624723.0
33	966178.0
34	2141737.0
35	1.2596424E7
>>END_MODULE
>>Per base sequence content	fail
#Base	G	A	T	C
1	45.61213898344196	17.648518106487497	10.670719516926455	26.06862339314409
2	17.02008214534205	19.392476795746628	36.320277390464476	27.26716366844684
3	19.96871144423594	20.83140185694092	28.681920563891243	30.517966134931896
4	13.673184855852574	14.289021503569401	36.051446458419065	35.98634718215895
5	15.169532006975503	34.38524400174774	35.18009560074148	15.265128390535276
6	34.835377265596975	34.732470181324025	16.339084562766104	14.093067990312896
7	30.65903733952004	29.556685644645185	20.593697197322765	19.190579818512013
8	26.783087219742203	33.83358589955837	20.205394256658206	19.177932624041215
9	24.695439516410474	15.137873938519123	20.65335454737692	39.513331997693484
10	14.610523023847907	26.388325742894146	35.05668175673946	23.944469476518492
11	34.25437227201228	22.880188386774787	23.80904589966181	19.056393441551116
12	22.125880013340193	24.21339907027286	31.357730820243727	22.302990096143215
13	27.921725392455123	20.477032202580485	26.214671737760714	25.386570667203678
14	20.41346480929652	20.62796116921712	27.385037857250783	31.573536164235577
15	22.765458077709056	29.498028790474773	23.36114994078607	24.375363191030104
16	22.803795641152817	28.411073050365843	25.695002758922687	23.090128549558653
17	21.70674199847877	28.153779031419017	27.567376148150725	22.572102821951493
18	22.1192764642295	27.714053300148038	28.16636259708173	22.000307638540733
19	22.66194908144346	27.138133491191606	27.652547821319878	22.547369606045052
20	22.599855002061084	27.098540021692475	27.863296531683083	22.438308444563354
21	22.32275295211967	26.80342899635123	27.60498871283616	23.268829338692935
22	22.397593568391418	26.809437523038433	27.823436444710346	22.9695324638598
23	22.239541172543916	26.92978768331642	27.794742829118107	23.035928315021557
24	22.506453243382797	26.53385906678788	28.07991843074209	22.879769259087233
25	22.597465957836217	26.66202765545932	27.61848998496108	23.122016401743384
26	22.091949403154747	27.055304757749955	27.828635429016824	23.024110410078478
27	22.13061149317061	27.066507776413733	27.81996688151724	22.98291384889842
28	22.26008531128287	26.911273192595107	27.73417692135924	23.09446457476278
29	22.102676699009074	27.03510518816309	27.85644096620828	23.005777146619554
30	22.120620249509418	27.113500524845037	27.822928189003722	22.94295103664183
31	22.697746938586892	27.00438937508351	27.544097013101858	22.753766673227734
32	21.993905797731685	27.31996785274517	27.893596248527835	22.792530100995307
33	22.133803559445287	27.121288203033494	28.070041312800537	22.674866924720682
34	22.205967010863155	26.80180608481559	28.191629380454497	22.800597523866763
35	22.051932663185468	27.148132861350323	28.06060997762553	22.73932449783868
36	22.182672658886023	27.42473102809027	27.97960208245318	22.412994230570522
37	22.32881990435642	27.08192560639249	27.59489644353192	22.994358045719174
38	22.22705860683988	27.554508017547953	27.586487043232914	22.63194633237925
39	22.386203543039294	27.2968825739413	27.817702500057813	22.499211382961594
40	22.489550174301506	26.976253066703283	27.766535540263206	22.76766121873201
41	22.38198824216831	27.209474939202305	27.872889202789064	22.535647615840322
42	22.184576322294035	27.47773798988693	27.913186363638097	22.424499324180935
43	22.31692643435956	27.214746760429424	27.773918572485695	22.694408232725316
44	22.152328980897202	27.574976456519764	27.808572586181977	22.464121976401056
45	22.222270819160872	27.47445785908264	27.699994428968445	22.603276892788042
46	22.358760338656733	27.356563368118564	27.5925277949729	22.692148498251804
47	22.365746602099577	27.47450514166608	27.688918665504065	22.470829590730276
48	22.148363813484384	27.480471663267448	27.66080486529897	22.7103596579492
49	22.485694886029673	27.23183704528035	27.65848680564992	22.62398126304006
50	22.270596761866855	27.594133601791732	27.617123789792338	22.518145846549082
51	22.302721156777924	27.565737472168028	27.664504669139493	22.46703670191455
52	22.363525168471167	27.524067309340754	27.517138341971187	22.595269180216892
53	22.187079898162295	27.379532425365717	27.824185602212076	22.609202074259912
54	22.341774830858967	27.738165934759284	27.657534387574255	22.26252484680749
55	22.340232736884754	27.335770378968988	27.619645439118667	22.70435144502759
56	22.44865440060265	27.628521673749805	27.42653739511045	22.4962865305371
57	22.309438904822436	27.531421970475883	27.542692024379985	22.6164471003217
58	22.327000304103485	27.415252506227876	27.457305136750655	22.800442052917987
59	22.238984898703446	27.53383898824152	27.563492672722887	22.663683440332143
60	22.289673979540268	27.511406415964906	27.752917214156902	22.446002390337927
61	22.52426458320468	27.460984884991074	27.52089695661879	22.49385357518546
62	22.45652132121801	27.619202236292388	27.522371202446088	22.40190524004351
63	22.429163270627395	27.77152825577921	27.43593995793297	22.363368515660426
64	22.48021480039328	27.458169350278943	27.34004027507374	22.721575574254032
65	22.34410871900873	27.665941305735586	27.527723479998613	22.462226495257074
66	22.389332836890304	27.87316588363656	27.31359473174421	22.42390654772893
67	22.552081130014976	27.48345734588299	27.358655798417665	22.605805725684373
68	22.498294166621633	27.810493627706094	27.49475468849117	22.196457517181102
69	22.74413257266998	27.65243496353052	27.44727800203006	22.156154461769432
70	22.879323567296403	27.449928133077574	27.27137240325938	22.39937589636665
71	22.6134113031074	27.865624282643214	27.21228387435287	22.308680539896507
72	22.555342274758488	28.010291357330892	27.472881719865427	21.961484648045197
73	23.35874784595229	28.560965824940293	27.45781238130036	20.622473947807052
74	24.430957207669632	31.016264627571466	27.71178944912839	16.840988715630516
75	29.66174068131839	41.34260493031125	28.99565438837036	0.0
>>END_MODULE
>>Per base GC content	fail
#Base	%GC
1	71.68076237658605
2	44.28724581378889
3	50.48667757916784
4	49.65953203801153
5	30.434660397510775
6	48.92844525590987
7	49.84961715803205
8	45.961019843783426
9	64.20877151410396
10	38.5549925003664
11	53.3107657135634
12	44.42887010948341
13	53.3082960596588
14	51.987000973532105
15	47.14082126873916
16	45.89392419071147
17	44.27884482043026
18	44.11958410277023
19	45.20931868748851
20	45.03816344662444
21	45.59158229081261
22	45.36712603225122
23	45.27546948756548
24	45.386222502470034
25	45.7194823595796
26	45.11605981323322
27	45.113525342069025
28	45.35454988604565
29	45.10845384562863
30	45.063571286151245
31	45.451513611814626
32	44.78643589872699
33	44.80867048416597
34	45.00656453472992
35	44.79125716102415
36	44.595666889456545
37	45.323177950075596
38	44.85900493921913
39	44.88541492600089
40	45.257211393033515
41	44.91763585800863
42	44.60907564647497
43	45.01133466708488
44	44.61645095729826
45	44.82554771194891
46	45.05090883690854
47	44.83657619282986
48	44.858723471433585
49	45.109676149069735
50	44.78874260841593
51	44.76975785869247
52	44.95879434868806
53	44.79628197242221
54	44.60429967766646
55	45.04458418191234
56	44.94494093113975
57	44.925886005144136
58	45.12744235702147
59	44.90266833903559
60	44.7356763698782
61	45.01811815839014
62	44.858426561261524
63	44.79253178628782
64	45.20179037464732
65	44.8063352142658
66	44.81323938461924
67	45.15788685569935
68	44.694751683802735
69	44.900287034439415
70	45.27869946366305
71	44.92209184300391
72	44.51682692280368
73	43.981221793759346
74	41.271945923300144
75	29.66174068131839
>>END_MODULE
>>Per sequence GC content	warn
#GC Content	Count
0	12343.0
1	6615.5
2	1076.0
3	1214.5
4	1168.5
5	1113.5
6	1043.0
7	1046.0
8	1066.5
9	1361.0
10	1953.5
11	2890.5
12	3549.5
13	4179.5
14	5888.5
15	8611.0
16	10827.5
17	15283.5
18	24897.5
19	37509.0
20	46346.5
21	60911.0
22	88034.5
23	118350.0
24	139017.5
25	165221.0
26	209363.0
27	254933.5
28	285186.5
29	320809.5
30	379179.0
31	437286.0
32	475416.5
33	518657.5
34	591194.5
35	662704.5
36	705553.0
37	741818.5
38	780205.5
39	802702.0
40	817236.5
41	818926.5
42	812609.0
43	806059.5
44	804430.0
45	794425.5
46	771465.5
47	747154.5
48	734690.5
49	717354.0
50	685200.5
51	654724.0
52	636666.5
53	622666.5
54	597502.5
55	571639.0
56	557593.0
57	542759.5
58	513047.0
59	474898.0
60	442467.0
61	408842.0
62	364234.5
63	318853.5
64	284261.0
65	255955.5
66	218161.0
67	179436.5
68	152094.5
69	132142.5
70	107853.5
71	84001.0
72	68065.5
73	57576.5
74	45903.5
75	35511.5
76	28923.0
77	24232.0
78	19219.0
79	14724.0
80	11740.0
81	9799.5
82	7705.5
83	5570.5
84	4147.0
85	3458.0
86	2666.0
87	1919.5
88	1627.0
89	1453.0
90	1179.0
91	1002.0
92	947.5
93	937.0
94	923.5
95	901.0
96	886.0
97	948.0
98	1190.5
99	4664.0
100	7956.0
>>END_MODULE
>>Per base N content	pass
#Base	N-Count
1	0.07366639893895999
2	0.06916465417264654
3	0.06807051789933456
4	0.06826103914095605
5	0.07221299403859036
6	0.07778710122203046
7	0.0825773495827993
8	0.08923470611145874
9	0.09473804826229658
10	0.08940889696094124
11	0.09213062898410536
12	0.09307234826412014
13	0.09373100741372586
14	0.09741623257309007
15	0.09640374826047302
16	0.10499897798962529
17	0.10030126851764402
18	0.09769929270349914
19	0.09976780904110388
20	0.10162947374494813
21	0.09288182702249866
22	0.098907741721784
23	0.10631085282479041
24	0.10148250021569725
25	0.0958376279996549
26	0.10340948648809745
27	0.099969217210818
28	0.10107968387626898
29	0.10455805740187273
30	0.10627819204051243
31	0.10875496818159179
32	0.10940818386715118
33	0.10451450968950209
34	0.09934321884549027
35	0.1103771204673976
36	0.04169576127231886
37	0.039408539552105847
38	0.05293228683664545
39	0.04980639718663902
40	0.04494692032077368
41	0.04822415017003635
42	0.05511722600747315
43	0.04940278043215369
44	0.04883620249208814
45	0.051921939609571276
46	0.0422095196354366
47	0.046848842262415556
48	0.051628569290221055
49	0.046247640362218574
50	0.042725604020067
51	0.03927514878542549
52	0.04771621243995929
53	0.046140580134517876
54	0.04387151905987527
55	0.0507113103900635
56	0.04599491415219901
57	0.05280496578604673
58	0.051644924265898375
59	0.04595923557421855
60	0.04682505210076326
61	0.043902180661688384
62	0.050773274809586336
63	0.04640250730345994
64	0.044794996769136494
65	0.04726827088460754
66	0.04575513991394593
67	0.04357173692157121
68	0.05005120821868518
69	0.04250138977074845
70	0.04871114057369111
71	0.04440665186933894
72	0.0424430060192261
73	0.040264771908721526
74	0.04446974860994264
75	0.05484924855777315
>>END_MODULE
>>Sequence Length Distribution	warn
#Length	Count
35	13873.0
36	2892.0
37	4031.0
38	4826.0
39	5623.0
40	6272.0
41	6744.0
42	7587.0
43	8620.0
44	9638.0
45	10836.0
46	11780.0
47	12852.0
48	13339.0
49	14434.0
50	14589.0
51	15071.0
52	15419.0
53	16428.0
54	18116.0
55	18723.0
56	19454.0
57	20924.0
58	21695.0
59	22451.0
60	23443.0
61	23490.0
62	23563.0
63	24347.0
64	25789.0
65	27621.0
66	27623.0
67	30841.0
68	31833.0
69	39667.0
70	51399.0
71	122393.0
72	443509.0
73	1273964.0
74	3919432.0
75	1.1965524E7
>>END_MODULE
>>Sequence Duplication Levels	warn
#Total Duplicate Percentage	39.38167096061833
#Duplication Level	Relative count
1	100.0
2	27.036632260675976
3	12.007285974499089
4	6.504756122242461
5	3.857518720906699
6	2.5128516494636712
7	1.7340619307832423
8	1.2564258247318356
9	0.9366524994940295
10++	6.064359441408622
>>END_MODULE
>>Overrepresented sequences	pass
>>END_MODULE
>>Kmer Content	warn
#Sequence	Count	Obs/Exp Overall	Obs/Exp Max	Max Obs/Exp Position
AAAAA	7166770	3.9419372	8.984209	71
TTTTT	5952155	3.0287282	5.204628	71
CCTGG	2898685	3.0221996	12.269241	3
CCAGG	2724475	2.8851275	12.525793	3
CCCAG	2562525	2.728599	11.308391	2
CTGGG	2543700	2.6375377	10.9364195	4
CCAGC	2440915	2.5991075	6.538605	3
CAGCA	2860665	2.5788133	6.73481	4
TGCTG	2936745	2.5521705	7.5144515	2
GGAGG	2405015	2.5189595	5.675499	6
GCTGG	2407735	2.4965568	6.860772	3
TCCAG	2768210	2.4569252	8.863075	2
CTGCT	2707050	2.3655336	6.6358967	9
GCTGC	2258375	2.354606	5.8628287	8
CTCCA	2618315	2.3367064	6.438301	1
CTCCT	2647740	2.3264706	6.3155046	1
CAGCC	2183595	2.3251112	5.3805428	9
CAGGA	2592445	2.3241978	9.730052	4
AGCAG	2590585	2.3225303	5.448402	7
AGGAG	2604225	2.3219488	7.0872316	5
CTGGA	2618220	2.3110514	8.703831	4
GGCTG	2184685	2.2652783	8.536949	7
TCCTG	2569070	2.2449608	8.749413	2
CCTGC	2127520	2.2304125	6.3587775	3
GGCAG	2100980	2.21266	6.2057424	7
CTGCC	2098870	2.200377	5.744517	9
GCAGG	2075700	2.1860363	6.681073	3
CTGCA	2459655	2.183067	6.5780125	4
CCCTG	2054610	2.1539762	9.172018	2
TGCAG	2426085	2.1414576	6.9401684	2
CAGAG	2386790	2.1398225	7.623604	4
GCCTG	2030250	2.1167603	7.047417	7
CTCTG	2421705	2.116187	7.6567674	2
TGGAG	2368545	2.0791974	6.313863	5
AGCTG	2344265	2.0692368	6.01363	7
CAGGG	1944530	2.047894	9.250206	4
CAGAA	2661425	2.0311801	5.4211555	4
CTGGC	1945660	2.028566	5.8122005	4
GCCAG	1897725	2.009627	5.44724	2
GGAGA	2243295	2.0001407	5.441508	6
CCCCA	1847235	1.9778033	6.7838044	1
CAGGC	1865010	1.9749829	6.080439	4
CACAG	2170295	1.9564632	6.6099772	7
TTCTG	2664920	1.9410568	5.2454243	2
CTGTG	2223580	1.9323964	8.93015	9
GGGAG	1844890	1.932297	5.2802353	7
CTCAG	2161645	1.9185683	6.2331157	2
CTGAG	2145435	1.8937333	5.9731927	4
CCAGA	2085770	1.8802661	6.692188	3
CCTCT	2112340	1.8560344	5.8145666	1
GGCCA	1734750	1.837042	6.5040026	1
TCTGG	2082165	1.8094999	6.4675794	3
TGGGG	1747215	1.80173	6.038231	5
ACCTG	2019735	1.792616	5.5574737	7
CAGTG	2012350	1.7762619	6.3584013	9
AGAGG	1982225	1.7673683	5.0923395	5
CACTG	1989285	1.7655901	7.079189	7
TGGCC	1664965	1.7359103	5.788828	5
CCTGA	1937425	1.7195616	5.5541215	3
GCCCA	1557835	1.6587962	7.4232903	1
ACAGA	2159945	1.6484542	5.549391	8
GAGAG	1847020	1.6468185	5.061682	7
TCAGG	1861925	1.6434846	5.7746534	3
GGGCC	1277080	1.588655	5.456619	6
GGCCT	1514505	1.579039	5.2832913	1
CCTGT	1804395	1.5767556	5.601627	8
AGGTG	1780320	1.5628314	5.145649	7
TGGGC	1498315	1.5535882	6.5231276	5
GTGTG	1718860	1.4855748	7.4309654	1
GCTGT	1677745	1.4580398	5.3988166	8
TGTGT	2005235	1.4525461	6.07637	10
CTGTC	1659795	1.4503983	5.9098525	9
ACAGC	1607905	1.4494835	5.3069677	8
CCTTG	1657530	1.448419	5.0237217	2
AGGCT	1630745	1.4394265	5.0001154	6
GCCCT	1370800	1.4370954	6.3453727	1
ACACA	1864405	1.4307504	5.844015	6
GGGCT	1368245	1.4187199	6.1402726	6
GACAG	1569290	1.4069114	6.7650256	7
CACAC	1532135	1.3887987	6.034492	5
AGACA	1762570	1.3451805	5.1450276	6
AGGGC	1261675	1.328741	5.651018	5
GCTCT	1519315	1.327641	5.0466886	1
GTCCT	1485015	1.2976682	9.180132	1
GGACA	1424560	1.277157	6.0178657	6
ACTGC	1371560	1.2173282	5.056714	8
AGGAC	1356860	1.216462	8.642985	5
GTGCT	1378965	1.1983858	6.413571	1
GTCCA	1343140	1.1921041	6.8987365	1
GTCTT	1583900	1.1536708	5.434756	1
TGTGC	1320340	1.1474379	5.9230237	10
AGCAC	1252570	1.1291585	5.2149057	5
TGGAC	1229140	1.0849377	5.969213	5
ACAGT	1405185	1.0558633	5.3401327	8
GTGCA	1191860	1.0520314	5.9652624	1
ACTGT	1407960	1.0416083	6.1456194	8
TGCAC	1165355	1.0343109	5.2864947	5
GACTG	1164420	1.0278107	5.861089	7
GGACC	944945	1.000665	5.5041695	6
GGACT	1058085	0.93395084	5.104175	6
TGTAG	1236445	0.9097029	5.374136	2
TAGGA	1061100	0.79294133	5.438576	4
TCCTA	1048735	0.7801342	5.084436	2
GTGTA	867615	0.6383396	5.691991	1
>>END_MODULE
