##FastQC	0.10.1
>>Basic Statistics	pass
#Measure	Value	
Filename	KS26_S5_L003_R2_001.fastq.gz	
File type	Conventional base calls	
Encoding	Sanger / Illumina 1.9	
Total Sequences	20682161	
Filtered Sequences	0	
Sequence length	35-75	
%GC	46	
>>END_MODULE
>>Per base sequence quality	pass
#Base	Mean	Median	Lower Quartile	Upper Quartile	10th Percentile	90th Percentile
1	31.543580141359502	32.0	32.0	32.0	32.0	32.0
2	31.352857808233868	32.0	32.0	32.0	32.0	32.0
3	31.38846709490367	32.0	32.0	32.0	32.0	32.0
4	31.405487801782414	32.0	32.0	32.0	32.0	32.0
5	31.391011703274142	32.0	32.0	32.0	32.0	32.0
6	35.139334859640634	36.0	36.0	36.0	36.0	36.0
7	35.12654475516364	36.0	36.0	36.0	36.0	36.0
8	35.08477126737385	36.0	36.0	36.0	36.0	36.0
9	35.15565945937661	36.0	36.0	36.0	36.0	36.0
10	35.02997104606235	36.0	36.0	36.0	36.0	36.0
11	35.131621642438624	36.0	36.0	36.0	36.0	36.0
12	35.055675565043714	36.0	36.0	36.0	36.0	36.0
13	35.084594786782674	36.0	36.0	36.0	36.0	36.0
14	35.03688642593973	36.0	36.0	36.0	36.0	36.0
15	35.01066300566948	36.0	36.0	36.0	36.0	36.0
16	35.01765598865612	36.0	36.0	36.0	36.0	36.0
17	35.010735580290664	36.0	36.0	36.0	36.0	36.0
18	34.99825941786257	36.0	36.0	36.0	36.0	36.0
19	34.994425727563	36.0	36.0	36.0	36.0	36.0
20	34.97534010106584	36.0	36.0	36.0	36.0	36.0
21	34.96290566541862	36.0	36.0	36.0	36.0	36.0
22	34.96060561563175	36.0	36.0	36.0	36.0	36.0
23	34.94283218276852	36.0	36.0	36.0	36.0	36.0
24	34.93116836291914	36.0	36.0	36.0	36.0	36.0
25	34.911763765885006	36.0	36.0	36.0	36.0	36.0
26	34.89578922628056	36.0	36.0	36.0	36.0	36.0
27	34.88840803434419	36.0	36.0	36.0	36.0	36.0
28	34.8829853418122	36.0	36.0	36.0	36.0	36.0
29	34.86789958747541	36.0	36.0	36.0	36.0	36.0
30	34.847191064802175	36.0	36.0	36.0	36.0	36.0
31	34.83847838724397	36.0	36.0	36.0	36.0	36.0
32	34.81695848900896	36.0	36.0	36.0	36.0	36.0
33	34.80279357655131	36.0	36.0	36.0	36.0	36.0
34	34.78817126508202	36.0	36.0	36.0	36.0	36.0
35	34.78168524072509	36.0	36.0	36.0	36.0	36.0
36	34.77558955676166	36.0	36.0	36.0	36.0	36.0
37	34.7660646118822	36.0	36.0	36.0	36.0	36.0
38	34.75401001493676	36.0	36.0	36.0	36.0	36.0
39	34.74206415600256	36.0	36.0	36.0	36.0	36.0
40	34.729132840383386	36.0	36.0	36.0	36.0	36.0
41	34.717696409653215	36.0	36.0	36.0	32.0	36.0
42	34.70826436215402	36.0	36.0	36.0	32.0	36.0
43	34.69455933856656	36.0	36.0	36.0	32.0	36.0
44	34.66090854628764	36.0	36.0	36.0	32.0	36.0
45	34.64521373864035	36.0	36.0	36.0	32.0	36.0
46	34.62525429101679	36.0	36.0	36.0	32.0	36.0
47	34.613824451457866	36.0	36.0	36.0	32.0	36.0
48	34.592591472766095	36.0	36.0	36.0	32.0	36.0
49	34.58146010380348	36.0	36.0	36.0	32.0	36.0
50	34.55397611360726	36.0	36.0	36.0	32.0	36.0
51	34.531391674245526	36.0	36.0	36.0	32.0	36.0
52	34.51020819735455	36.0	36.0	36.0	32.0	36.0
53	34.47703270711167	36.0	36.0	36.0	32.0	36.0
54	34.44100825713339	36.0	36.0	36.0	32.0	36.0
55	34.42471708993773	36.0	36.0	36.0	32.0	36.0
56	34.41542737660121	36.0	36.0	36.0	32.0	36.0
57	34.38071650487073	36.0	36.0	36.0	32.0	36.0
58	34.35979761625079	36.0	36.0	36.0	32.0	36.0
59	34.32599851427098	36.0	36.0	36.0	32.0	36.0
60	34.308118373417116	36.0	36.0	36.0	32.0	36.0
61	34.27879204718079	36.0	36.0	36.0	32.0	36.0
62	34.256501793778476	36.0	36.0	36.0	32.0	36.0
63	34.22606043436674	36.0	36.0	36.0	32.0	36.0
64	34.195675285300226	36.0	36.0	36.0	32.0	36.0
65	34.15944202977723	36.0	36.0	36.0	32.0	36.0
66	34.12881649142875	36.0	36.0	36.0	32.0	36.0
67	34.10110608932641	36.0	36.0	36.0	32.0	36.0
68	34.073490093203105	36.0	36.0	36.0	32.0	36.0
69	34.040791258180356	36.0	36.0	36.0	32.0	36.0
70	34.03273202851221	36.0	36.0	36.0	32.0	36.0
71	33.987635138390665	36.0	36.0	36.0	32.0	36.0
72	33.97514417525319	36.0	36.0	36.0	32.0	36.0
73	33.94685488629123	36.0	36.0	36.0	32.0	36.0
74	33.914477668726356	36.0	36.0	36.0	32.0	36.0
75	32.917787426967465	36.0	32.0	36.0	21.0	36.0
>>END_MODULE
>>Per sequence quality scores	pass
#Quality	Count
2	5877.0
3	0.0
4	0.0
5	0.0
6	0.0
7	0.0
8	0.0
9	0.0
10	0.0
11	0.0
12	0.0
13	0.0
14	753.0
15	2844.0
16	4858.0
17	6838.0
18	9352.0
19	12907.0
20	17582.0
21	25297.0
22	36907.0
23	54484.0
24	80075.0
25	114199.0
26	156659.0
27	209773.0
28	270074.0
29	343217.0
30	433188.0
31	558980.0
32	764410.0
33	1197442.0
34	2676479.0
35	1.3699966E7
>>END_MODULE
>>Per base sequence content	fail
#Base	G	A	T	C
1	45.15632908513589	17.41824986136663	11.294061459342437	26.13135959415504
2	17.30836406455872	19.216619450559406	36.09565338496266	27.379363099919207
3	20.252500934109317	20.68080547430383	28.493083963428866	30.573609628157982
4	13.840919459988879	14.374161480924815	35.72603513934266	36.05888391974364
5	15.489502073115139	34.283662676265095	34.90213847805408	15.324696772565686
6	35.27597740915906	34.419551747671605	16.22288599236019	14.081584850809147
7	31.078152147648968	29.481704739594406	20.296229245061635	19.14391386769499
8	27.225813896665407	34.04177709147111	19.725900469583113	19.006508542280375
9	25.27910237642315	15.508758730533978	19.65699929445736	39.55513959858551
10	14.577479202742621	27.24975145437159	34.59382256502184	23.57894677786395
11	34.736227264048026	22.368917935157015	23.437944651950033	19.456910148844926
12	22.484364211673626	23.96515253901523	30.793333076678575	22.757150172632567
13	28.20176223470475	20.34052008075055	25.968058649585362	25.489659034959338
14	20.82392077802762	20.239647511129174	27.099642276145946	31.83678943469726
15	23.19935729263537	28.976618816030964	23.09207979538296	24.731944095950702
16	23.151273217179643	28.247275961193026	25.166393535704966	23.435057285922365
17	22.073178139746968	27.777278547731303	27.210972726046904	22.938570586474825
18	22.49129485743183	27.489572110733246	27.647821049469044	22.37131198236588
19	22.89445240740551	26.951902962834133	27.396837845717343	22.75680678404301
20	22.87133583438702	26.81431386103738	27.518919564927515	22.795430739648086
21	22.754737940552733	26.52833188044615	27.321964249302283	23.394965929698834
22	22.679578206606177	26.46669972225183	27.567666414332482	23.286055656809513
23	22.711455307926705	26.54046539503907	27.35117683622454	23.39690246080969
24	22.77942690282258	26.362928657780095	27.62074655194328	23.23689788745405
25	22.939828065816855	26.380214162274036	27.23115526948653	23.448802502422584
26	22.501151560889763	26.69907223174145	27.464669183301986	23.3351070240668
27	22.570213109252283	26.733156207811348	27.422176519690982	23.274454163245387
28	22.671864054488708	26.61946411647277	27.426441811304198	23.282230017734328
29	22.445188893710302	26.77400349114957	27.566510500629608	23.21429711451052
30	22.581973627369408	26.83072548239326	27.415675853552795	23.171625036684542
31	22.923514689583484	26.834836472549906	27.227547271066697	23.014101566799912
32	22.378929405303197	26.93531390843732	27.570964879375808	23.114791806883677
33	22.54506177222174	26.74784308437628	27.631788187858124	23.075306955543848
34	22.56176876011818	26.522512354622584	27.78464528585888	23.131073599400356
35	22.47753029509558	26.75864289734074	27.678706676692972	23.085120130870713
36	22.612386411620538	27.084824103977716	27.52738527736919	22.77540420703255
37	22.72621197469164	26.82051507805701	27.31633950820045	23.136933439050903
38	22.591322549381555	27.14964777402571	27.338087097724745	22.92094257886799
39	22.664610452166663	26.995631625081064	27.513715208516228	22.82604271423605
40	22.69220308386291	26.776565515650773	27.498920157077567	23.032311243408746
41	22.674294154680613	26.93379824688847	27.50872197200833	22.883185626422588
42	22.56409439036588	27.030244113900604	27.553191339900145	22.85247015583337
43	22.68563551586765	26.77657998701691	27.45347668049598	23.084307816619464
44	22.603495476080184	27.11591341061673	27.517388231121675	22.763202882181407
45	22.665737951821843	27.027634781221575	27.402319503652144	22.904307763304438
46	22.74839643621207	27.082496942876578	27.26536608051776	22.903740540393596
47	22.594873888876016	27.15745835970409	27.433516421568594	22.814151329851303
48	22.55221466315529	27.08319560310673	27.369060359672275	22.995529374065704
49	22.73422848717593	26.963213314924918	27.41808069752591	22.884477500373237
50	22.65196756581597	27.131209937301804	27.396946023778423	22.819876473103808
51	22.70161813477114	27.1576360471046	27.339431206337117	22.80131461178714
52	22.73980708883063	27.077587604956605	27.29238410560506	22.8902212006077
53	22.616026255836285	27.0094359046736	27.464850765851345	22.909687073638764
54	22.762880150181918	27.28242022196108	27.31494719824965	22.639752429607356
55	22.76830824471812	27.06238235204093	27.240600460416747	22.928708942824205
56	22.83055774550601	27.25107287177809	27.184686659082885	22.733682723633017
57	22.66564719777703	27.15914710359833	27.28769955642911	22.887506142195527
58	22.658014251358257	27.005932906776014	27.330454896412913	23.005597945452813
59	22.570297579013037	27.145807832410153	27.362935474564466	22.920959114012344
60	22.729386126693107	27.163370978784858	27.350122172368245	22.75712072215379
61	22.91142287560824	27.174635161141993	27.18283304031865	22.731108922931124
62	22.79993212570194	27.302465974606495	27.18872919870664	22.708872700984926
63	22.809004798735987	27.291742840115408	27.16604955375008	22.733202807398524
64	22.830483729489934	27.045574136041985	27.133834124114152	22.99010801035393
65	22.67334972579857	27.168132405996833	27.31500419481631	22.84351367338829
66	22.783824810178547	27.263777131383687	27.07540721711974	22.87699084131802
67	22.825481421741685	27.147259904919917	27.143689311709807	22.883569361628588
68	22.833304713480786	27.36321219408677	27.21204266354455	22.59144042888789
69	23.05913505581572	27.318204789347345	27.080820977722304	22.541839177114635
70	23.140208400555277	27.092077180189637	27.02641046476443	22.741303954490654
71	22.94769501814433	27.39092039102046	26.97629081097509	22.685093779860114
72	22.95780873152414	27.52454356937828	27.201252048502404	22.316395650595183
73	23.65457182566917	28.092986218111143	27.263833360175553	20.988608596044134
74	24.89305777457094	30.483857366046408	27.2973615293828	17.325723329999843
75	30.464980597896883	40.847929350821985	28.687090051281128	0.0
>>END_MODULE
>>Per base GC content	fail
#Base	%GC
1	71.28768867929092
2	44.687727164477934
3	50.8261105622673
4	49.89980337973252
5	30.814198845680824
6	49.357562259968205
7	50.222066015343955
8	46.23232243894578
9	64.83424197500867
10	38.15642598060657
11	54.19313741289295
12	45.24151438430619
13	53.69142126966408
14	52.66071021272488
15	47.93130138858607
16	46.586330503102005
17	45.01174872622179
18	44.862606839797714
19	45.651259191448524
20	45.66676657403511
21	46.149703870251564
22	45.96563386341569
23	46.1083577687364
24	46.01632479027663
25	46.388630568239435
26	45.83625858495656
27	45.84466727249767
28	45.954094072223036
29	45.65948600822082
30	45.753598664053946
31	45.9376162563834
32	45.49372121218687
33	45.62036872776559
34	45.69284235951854
35	45.56265042596629
36	45.38779061865309
37	45.86314541374254
38	45.512265128249545
39	45.49065316640271
40	45.724514327271656
41	45.5574797811032
42	45.416564546199254
43	45.76994333248712
44	45.366698358261594
45	45.57004571512628
46	45.65213697660566
47	45.409025218727315
48	45.547744037220994
49	45.61870598754917
50	45.47184403891977
51	45.50293274655829
52	45.630028289438336
53	45.52571332947505
54	45.40263257978928
55	45.69701718754233
56	45.56424046913903
57	45.55315333997256
58	45.66361219681107
59	45.491256693025385
60	45.4865068488469
61	45.64253179853936
62	45.50880482668687
63	45.54220760613451
64	45.82059173984386
65	45.51686339918686
66	45.66081565149657
67	45.70905078337027
68	45.42474514236868
69	45.600974232930355
70	45.881512355045935
71	45.63278879800445
72	45.27420438211932
73	44.6431804217133
74	42.21878110457079
75	30.464980597896883
>>END_MODULE
>>Per sequence GC content	warn
#GC Content	Count
0	5892.0
1	2956.0
2	47.5
3	113.0
4	151.0
5	192.5
6	297.5
7	448.5
8	536.0
9	692.0
10	1124.5
11	1803.5
12	2216.0
13	2885.5
14	4515.5
15	7163.5
16	9377.5
17	13564.0
18	22683.0
19	34562.0
20	43119.0
21	57492.5
22	84819.0
23	115968.0
24	136992.5
25	164487.0
26	211622.0
27	260541.5
28	293508.5
29	333844.0
30	398229.5
31	461824.5
32	503925.0
33	550631.0
34	628253.5
35	700588.5
36	742900.5
37	788417.5
38	838581.5
39	872765.5
40	897721.0
41	909100.5
42	914615.0
43	914618.0
44	916412.5
45	911713.5
46	890341.0
47	863489.5
48	850391.5
49	832416.0
50	797605.0
51	764966.0
52	747623.5
53	734017.0
54	708670.5
55	678642.5
56	660127.5
57	642096.5
58	606927.5
59	561934.0
60	524271.5
61	484185.0
62	431376.5
63	379034.0
64	338206.0
65	304453.5
66	259267.0
67	213601.0
68	181865.0
69	158554.5
70	129357.5
71	100712.0
72	82083.5
73	69268.5
74	55121.5
75	42386.0
76	34094.5
77	28786.5
78	22840.5
79	17478.0
80	14124.0
81	11857.0
82	9281.0
83	6708.5
84	5101.5
85	4221.5
86	3319.0
87	2496.0
88	2146.0
89	1877.0
90	1498.5
91	1305.0
92	1241.0
93	1210.5
94	1106.0
95	1028.5
96	1031.5
97	1042.5
98	1279.5
99	7234.5
100	12964.0
>>END_MODULE
>>Per base N content	pass
#Base	N-Count
1	0.07804310197565911
2	0.04926951298754516
3	0.03571193551776335
4	0.042592261031136926
5	0.04781415249596017
6	0.02898149762976896
7	0.028415792721079778
8	0.02876391881873466
9	0.028415792721079778
10	0.028415792721079778
11	0.028415792721079778
12	0.028415792721079778
13	0.029692255079147675
14	0.028415792721079778
15	0.028415792721079778
16	0.028415792721079778
17	0.028415792721079778
18	0.028415792721079778
19	0.028415792721079778
20	0.03066410710176756
21	0.029440830675285815
22	0.028415792721079778
23	0.028415792721079778
24	0.028415792721079778
25	0.028415792721079778
26	0.028415792721079778
27	0.031079924385077555
28	0.028415792721079778
29	0.028415792721079778
30	0.028415792721079778
31	0.028415792721079778
32	0.028415792721079778
33	0.028415792721079778
34	0.02848831899142454
35	0.028415792721079778
36	0.0
37	0.0
38	0.0
39	0.0
40	0.0
41	1.7434227922310757E-4
42	4.844615732831457E-6
43	9.693207087711796E-5
44	0.0021917101473028027
45	0.0
46	0.0
47	0.0
48	0.0017207880431480312
49	0.0018533903081404892
50	0.004123430084321954
51	0.0
52	0.0
53	0.0
54	0.0
55	0.0
56	0.0
57	0.0
58	0.0
59	4.911500893279225E-6
60	0.0
61	0.0
62	0.0
63	0.0
64	0.0
65	0.0
66	0.0
67	0.0
68	8.357059755563961E-4
69	0.004609423834976846
70	0.0
71	0.0
72	7.515301203688974E-4
73	0.0
74	0.0
75	0.0037646409355828773
>>END_MODULE
>>Sequence Length Distribution	warn
#Length	Count
35	7731.0
36	3000.0
37	4300.0
38	5213.0
39	6135.0
40	6746.0
41	7564.0
42	8466.0
43	9841.0
44	11169.0
45	12566.0
46	13181.0
47	14279.0
48	15048.0
49	15771.0
50	15852.0
51	16585.0
52	17727.0
53	18749.0
54	20332.0
55	21459.0
56	22435.0
57	23569.0
58	24068.0
59	24762.0
60	25482.0
61	25575.0
62	26513.0
63	28038.0
64	30074.0
65	31636.0
66	31585.0
67	33946.0
68	35180.0
69	43741.0
70	57829.0
71	139796.0
72	509635.0
73	1446420.0
74	4508995.0
75	1.3361168E7
>>END_MODULE
>>Sequence Duplication Levels	warn
#Total Duplicate Percentage	35.58334769442872
#Duplication Level	Relative count
1	100.0
2	23.020477424384875
3	10.211194936824967
4	5.629571877364764
5	3.3288235608857497
6	2.1494034106109594
7	1.5149777951034573
8	1.0517706589618352
9	0.8002935173931987
10++	5.167129109434597
>>END_MODULE
>>Overrepresented sequences	pass
>>END_MODULE
>>Kmer Content	warn
#Sequence	Count	Obs/Exp Overall	Obs/Exp Max	Max Obs/Exp Position
AAAAA	6566110	3.3926678	7.2213945	71
CCTGG	3349515	2.970139	11.818502	3
TTTTT	6071745	2.9093542	5.051359	71
CCAGG	3183960	2.8662393	12.154992	3
CCCAG	3024220	2.747114	11.047585	2
CTGGG	3011170	2.646133	10.6572895	4
CCAGC	2827885	2.568769	6.217458	3
CAGCA	3203940	2.5217993	6.813065	4
GCTGG	2832115	2.4887843	6.9756193	3
GGAGG	2797175	2.47302	5.6823235	6
TGCTG	3257980	2.4657898	7.799409	2
TCCAG	3111485	2.4123695	8.7156105	2
CAGGA	3004210	2.3433545	9.955153	4
CAGCC	2555195	2.3210652	5.3926873	9
CTCCA	2958625	2.3146455	6.2679615	1
CTCCT	2995510	2.3084226	6.149858	1
AGGAG	2970475	2.296229	7.0518813	5
CTGGA	2985695	2.2940514	8.995457	4
CTGCT	2975585	2.2724717	6.553362	9
GGCTG	2582920	2.2697988	8.332986	7
TCCTG	2963465	2.2632153	8.934254	2
AGCAG	2887920	2.2526455	5.502896	7
GCTGC	2500150	2.2169755	5.617256	8
CCTGC	2473215	2.212968	6.2286644	3
GGCAG	2477295	2.2100604	6.254741	7
CTGCA	2846085	2.2066019	6.801974	4
CTGCC	2451365	2.1934173	5.6948357	9
GCAGG	2445840	2.1819985	6.851522	3
TGCAG	2824780	2.1704128	7.2929306	2
CAGAG	2774045	2.1638203	7.6977053	4
CCCTG	2417775	2.1633618	9.081406	2
CTCTG	2809355	2.1455207	7.588622	2
TGGAG	2757400	2.099612	6.572747	5
GCCTG	2364165	2.0963926	6.620271	7
CAGGG	2318860	2.0687163	9.360024	4
AGCTG	2685700	2.063551	5.797143	7
CACAG	2574995	2.026761	7.260129	7
CAGAA	2969285	2.025074	5.518711	4
CTGGC	2273195	2.015726	5.623794	4
GCCAG	2229570	2.0070858	5.1775227	2
CCCCA	2178785	1.9970831	6.6958456	1
CAGGC	2215785	1.9946764	5.93891	4
GGAGA	2576525	1.9916987	5.5484233	6
CTGTG	2624730	1.9865171	9.023081	9
CTCAG	2543580	1.9720663	6.2553644	2
GGGAG	2201475	1.9463536	5.425249	7
CTGAG	2501065	1.9216871	5.9525156	4
TTCTG	2947300	1.9211589	5.237475	2
CCAGA	2387660	1.879311	6.6574807	3
CCTCT	2411050	1.8580216	5.648093	1
GGCCA	2054135	1.8491572	6.158872	1
TGGGG	2083240	1.8142506	6.248065	5
TCTGG	2394750	1.8124576	6.469449	3
CACTG	2317575	1.796842	7.571361	7
CAGTG	2315950	1.7794544	6.645344	9
ACCTG	2286535	1.7727764	5.367388	7
AGAGG	2289405	1.76975	5.160758	5
TGGCC	1970005	1.7468764	5.64007	5
CCTGA	2225100	1.7251451	5.6556463	3
ACAGA	2468825	1.6837566	5.8870845	8
GAGAG	2166760	1.6749432	5.3842325	7
GCCCA	1837690	1.6693044	7.0099716	1
TCAGG	2159905	1.6595577	5.8094773	3
CCTGT	2089945	1.5961031	5.497864	8
AGGTG	2074635	1.5797231	5.22185	7
GGGCC	1525430	1.5705647	5.1717324	6
TGGGC	1770310	1.5556997	6.357279	5
GTGTG	2064785	1.5486884	7.9963293	1
ACACA	2232855	1.5366253	6.4899216	6
TGTGT	2373125	1.5329963	5.942538	10
CACAC	1865935	1.4819758	6.7125735	5
ACAGC	1862250	1.4657643	5.652183	8
GCTGT	1925135	1.4570311	5.2896028	8
CTGTC	1898265	1.4497161	5.8014593	9
GCCCT	1614425	1.4445453	6.008904	1
GGGCT	1625260	1.4282336	6.0310874	6
GACAG	1826650	1.42483	7.0723834	7
AGACA	2043160	1.3934501	5.481226	6
AGGGC	1511890	1.3487971	5.598176	5
GGACA	1645780	1.2837472	6.1202383	6
GTCCT	1634465	1.2482505	7.7240767	1
ACTGC	1594895	1.23654	5.2431507	8
GTGCT	1627200	1.2315402	6.6190414	1
GTCCA	1537305	1.19189	6.7322187	1
AGGAC	1508495	1.1766616	7.3729234	5
AGCAC	1483240	1.1674482	5.5028954	5
TGTGC	1542325	1.167303	5.640783	10
GTCTT	1762425	1.1488136	5.34243	1
ACAGT	1616070	1.0856733	5.7528934	8
TGGAC	1410925	1.0840807	6.174157	5
GTGCA	1407040	1.0810957	6.252429	1
ACTGT	1615320	1.0689256	6.4583592	8
TGCAC	1353685	1.0495273	5.598775	5
GACTG	1364350	1.0482949	6.0256414	7
ACACT	1434195	0.9722223	5.155203	6
GGACT	1233135	0.94747627	5.3165135	6
GTGTA	995480	0.6528344	5.7706776	1
TACAC	911300	0.6177586	5.0273743	5
>>END_MODULE
