##FastQC	0.10.1
>>Basic Statistics	pass
#Measure	Value	
Filename	019-F5_S6_L004_R2_001.fastq.gz	
File type	Conventional base calls	
Encoding	Sanger / Illumina 1.9	
Total Sequences	21621635	
Filtered Sequences	0	
Sequence length	35-75	
%GC	45	
>>END_MODULE
>>Per base sequence quality	pass
#Base	Mean	Median	Lower Quartile	Upper Quartile	10th Percentile	90th Percentile
1	31.512175420591458	32.0	32.0	32.0	32.0	32.0
2	31.29891856004414	32.0	32.0	32.0	32.0	32.0
3	31.336095397040975	32.0	32.0	32.0	32.0	32.0
4	31.362616055631314	32.0	32.0	32.0	32.0	32.0
5	31.344722219203128	32.0	32.0	32.0	32.0	32.0
6	35.08905385739793	36.0	36.0	36.0	36.0	36.0
7	35.07140005832122	36.0	36.0	36.0	36.0	36.0
8	35.028974450822055	36.0	36.0	36.0	36.0	36.0
9	35.10656599281229	36.0	36.0	36.0	36.0	36.0
10	34.968103568485915	36.0	36.0	36.0	36.0	36.0
11	35.090326887860236	36.0	36.0	36.0	36.0	36.0
12	34.99958731150535	36.0	36.0	36.0	36.0	36.0
13	35.036270106307875	36.0	36.0	36.0	36.0	36.0
14	34.983349501552496	36.0	36.0	36.0	36.0	36.0
15	34.956761734253675	36.0	36.0	36.0	36.0	36.0
16	34.9603515182825	36.0	36.0	36.0	36.0	36.0
17	34.94812825209564	36.0	36.0	36.0	36.0	36.0
18	34.93681601784509	36.0	36.0	36.0	36.0	36.0
19	34.931559431097604	36.0	36.0	36.0	36.0	36.0
20	34.920968881400505	36.0	36.0	36.0	36.0	36.0
21	34.90736334231893	36.0	36.0	36.0	36.0	36.0
22	34.901476368461495	36.0	36.0	36.0	36.0	36.0
23	34.881660059472836	36.0	36.0	36.0	36.0	36.0
24	34.87513441976058	36.0	36.0	36.0	36.0	36.0
25	34.85572062427286	36.0	36.0	36.0	36.0	36.0
26	34.84050447618785	36.0	36.0	36.0	36.0	36.0
27	34.824000682649576	36.0	36.0	36.0	36.0	36.0
28	34.81796797513231	36.0	36.0	36.0	36.0	36.0
29	34.80001484624081	36.0	36.0	36.0	36.0	36.0
30	34.77764637133131	36.0	36.0	36.0	36.0	36.0
31	34.770346044598384	36.0	36.0	36.0	36.0	36.0
32	34.754065360922056	36.0	36.0	36.0	36.0	36.0
33	34.7419933783916	36.0	36.0	36.0	36.0	36.0
34	34.733377008722975	36.0	36.0	36.0	36.0	36.0
35	34.723368931165474	36.0	36.0	36.0	36.0	36.0
36	34.73165386221014	36.0	36.0	36.0	36.0	36.0
37	34.718452822083265	36.0	36.0	36.0	36.0	36.0
38	34.70871591519538	36.0	36.0	36.0	36.0	36.0
39	34.69122367303364	36.0	36.0	36.0	36.0	36.0
40	34.68529391121013	36.0	36.0	36.0	36.0	36.0
41	34.66779566954181	36.0	36.0	36.0	36.0	36.0
42	34.65687632563585	36.0	36.0	36.0	36.0	36.0
43	34.64819103430313	36.0	36.0	36.0	36.0	36.0
44	34.630621160349236	36.0	36.0	36.0	36.0	36.0
45	34.61339462267488	36.0	36.0	36.0	32.0	36.0
46	34.59273017424868	36.0	36.0	36.0	32.0	36.0
47	34.58649890132921	36.0	36.0	36.0	32.0	36.0
48	34.56303931794163	36.0	36.0	36.0	32.0	36.0
49	34.55576983417153	36.0	36.0	36.0	32.0	36.0
50	34.53016350785781	36.0	36.0	36.0	32.0	36.0
51	34.51078943066621	36.0	36.0	36.0	32.0	36.0
52	34.49656429758087	36.0	36.0	36.0	32.0	36.0
53	34.469890235006545	36.0	36.0	36.0	32.0	36.0
54	34.45195357709465	36.0	36.0	36.0	32.0	36.0
55	34.42750116129506	36.0	36.0	36.0	32.0	36.0
56	34.40498748578401	36.0	36.0	36.0	32.0	36.0
57	34.393993990224146	36.0	36.0	36.0	32.0	36.0
58	34.37131928534724	36.0	36.0	36.0	32.0	36.0
59	34.35383771330327	36.0	36.0	36.0	32.0	36.0
60	34.335512012112744	36.0	36.0	36.0	32.0	36.0
61	34.309090763170985	36.0	36.0	36.0	32.0	36.0
62	34.27800392161638	36.0	36.0	36.0	32.0	36.0
63	34.26190681163961	36.0	36.0	36.0	32.0	36.0
64	34.22614530240041	36.0	36.0	36.0	32.0	36.0
65	34.214633470577475	36.0	36.0	36.0	32.0	36.0
66	34.18428654552072	36.0	36.0	36.0	32.0	36.0
67	34.156024468567395	36.0	36.0	36.0	32.0	36.0
68	34.12138504970449	36.0	36.0	36.0	32.0	36.0
69	34.11347023958015	36.0	36.0	36.0	32.0	36.0
70	34.10287556960067	36.0	36.0	36.0	32.0	36.0
71	34.068887670302544	36.0	36.0	36.0	32.0	36.0
72	34.04296410452825	36.0	36.0	36.0	32.0	36.0
73	34.003001253129696	36.0	36.0	36.0	32.0	36.0
74	33.936423975186656	36.0	36.0	36.0	32.0	36.0
75	32.93721231942872	36.0	36.0	36.0	21.0	36.0
>>END_MODULE
>>Per sequence quality scores	pass
#Quality	Count
2	22901.0
3	1549.0
4	1898.0
5	357.0
6	183.0
7	178.0
8	177.0
9	138.0
10	149.0
11	251.0
12	273.0
13	335.0
14	3056.0
15	6948.0
16	10505.0
17	15157.0
18	20240.0
19	26084.0
20	34084.0
21	44355.0
22	58300.0
23	76511.0
24	101246.0
25	132656.0
26	171039.0
27	216727.0
28	270266.0
29	333404.0
30	413466.0
31	525647.0
32	704637.0
33	1071984.0
34	2366523.0
35	1.4990411E7
>>END_MODULE
>>Per base sequence content	fail
#Base	G	A	T	C
1	46.32915930034933	17.553992470682974	10.109982887579108	26.006865341388586
2	17.449324635627924	19.80081768111548	35.73513925648195	27.014718426774643
3	19.80460562145666	20.933979647645824	29.099626418697095	30.16178831220043
4	13.628584741931546	14.25281187187669	36.15708590231311	35.96151748387865
5	14.954924437435782	34.65323906334841	35.38006262883206	15.011773870383758
6	34.882835552573574	35.07071447936469	16.15557810565718	13.890871862404557
7	30.387559996943715	29.948529394739946	20.635998860839504	19.02791174747683
8	26.71478425830313	33.55110539918851	20.446850663617386	19.287259678890976
9	24.70639669283101	14.45280953030139	20.76419009331142	40.07660368355618
10	14.203957939460357	26.111800832630337	35.870829299666525	23.813411928242783
11	34.37799176784967	22.696351780425605	24.013267987516134	18.912388464208586
12	21.800970846809598	24.309019557719168	31.928583204591003	21.961426390880227
13	28.05856458009491	20.486571637039276	26.16931525919497	25.28554852367084
14	20.268713456846406	20.776452922350078	27.644889325986	31.309944294817516
15	22.866285488812895	29.76853309819235	23.34301097777399	24.02217043522076
16	22.827694692485874	28.557148768741662	25.747613634442672	22.867542904329788
17	21.67557703260593	28.276091267810504	27.633667761894966	22.4146639376886
18	22.07360585704917	27.800623941725917	28.22284056510447	21.902929636120447
19	22.607137274608267	27.24058805344214	27.68869339082489	22.463581281124696
20	22.62684635838972	27.23741690562294	27.882956618754996	22.252780117232337
21	22.332319706409727	26.93932215154425	27.555185951651374	23.17317219039465
22	22.38296927541419	26.96380410166889	27.833213705106186	22.820012917810732
23	22.267927808619117	27.096527768482638	27.71582261417789	22.91972180872036
24	22.49071891352993	26.718682709778534	28.085310275030267	22.70528810166127
25	22.628243422405152	26.75991513076643	27.619504881305478	22.99233656552294
26	22.1061630821427	27.17408143866895	27.799166802948466	22.920588676239877
27	22.116557070598695	27.20023309765281	27.825226410823685	22.857983420924814
28	22.240730271525543	27.042269997967338	27.70411839680495	23.01288133370217
29	22.07725325625534	27.185073799252805	27.88399839596847	22.85367454852339
30	22.12272656580495	27.27612967850478	27.813647056731224	22.787496698959053
31	22.703681342337383	27.16681382353181	27.47122567650784	22.658279157622975
32	21.954325317591305	27.49687999849204	27.878203996204732	22.67059068771192
33	22.079018852719067	27.282850996130342	28.061858964709913	22.576271186440678
34	22.185875307743796	26.9615291770483	28.193652988567653	22.658942526640253
35	22.05589982542015	27.322816549988318	28.007848173423454	22.61343545116808
36	22.155067745311744	27.586070315146006	27.95020081564083	22.308661123901423
37	22.311193429765286	27.257517210237946	27.57205889276879	22.859230467227977
38	22.211352711372207	27.75694819740307	27.524866807025067	22.506832284199657
39	22.36135104058876	27.47552680674337	27.78870000306601	22.37442214960186
40	22.47347194977549	27.15794057375147	27.736131022465205	22.632456454007833
41	22.403277051597197	27.39383443113732	27.791261780868886	22.4116267363966
42	22.16600026069179	27.687457030581097	27.8461909142173	22.30035179450981
43	22.2994712504369	27.40683763012583	27.719199606784446	22.574491512652823
44	22.141143642588272	27.75464869834306	27.740851752256358	22.363355906812306
45	22.195843182200807	27.6718779216237	27.659508574598085	22.47277032157741
46	22.38046375916194	27.541785985173856	27.52089194392325	22.55685831174096
47	22.379746608654603	27.607397056120853	27.638111356532093	22.374744978692448
48	22.119270785634296	27.656567768994783	27.61240658421969	22.61175486115123
49	22.470289955966177	27.415700488083395	27.59124761940473	22.5227619365457
50	22.254062006462476	27.81294477032363	27.524355281814856	22.40863794139904
51	22.27574394000569	27.746187093080927	27.592866678438195	22.38520228847519
52	22.340834332405766	27.743190962677346	27.44454121757276	22.471433487344132
53	22.161439825145088	27.57906392728807	27.78529886358961	22.47419738397723
54	22.320076885971442	27.965706215874164	27.574312117807303	22.13990478034709
55	22.339625246095153	27.55207782087098	27.514261936768374	22.594034996265496
56	22.451894946134505	27.82232896779763	27.340102058954297	22.385674027113563
57	22.273974959626162	27.73984969278865	27.471827077017103	22.51434827056809
58	22.328382734664203	27.627444312384767	27.375097689275098	22.669075263675932
59	22.24226812057311	27.761911177716787	27.44627825791693	22.549542443793175
60	22.25816315974534	27.720186425510125	27.655986981196985	22.36566343354755
61	22.52548477536047	27.68669396710588	27.39793286539548	22.389888392138165
62	22.45744726612984	27.824066196229268	27.452813507240613	22.265673030400276
63	22.412332462679455	27.983551314560255	27.375855560427826	22.228260662332463
64	22.446580868122595	27.67649905735156	27.27149821810515	22.605421856420694
65	22.343460536245733	27.87283499433527	27.42973270540783	22.35397176401117
66	22.365067319551756	28.092335373287806	27.209070044559013	22.33352726260142
67	22.507590517387868	27.71571364303937	27.264213943434353	22.51248189613841
68	22.496429709969128	28.038815589108918	27.398712560052346	22.06604214086961
69	22.741760551775645	27.892804671724114	27.3246333418851	22.040801434615137
70	22.88536577233584	27.664381188561364	27.183150248641784	22.267102790461006
71	22.590057718959518	28.111920586622794	27.142051075971178	22.155970618446506
72	22.53180601265225	28.236122127784913	27.400949897526424	21.831121962036416
73	23.301118215543223	28.832092165519164	27.333524964174398	20.533264654763215
74	24.40415703625991	31.226246942389242	27.600596563706077	16.768999457644775
75	29.55206965774333	41.63116792629939	28.81676241595728	0.0
>>END_MODULE
>>Per base GC content	fail
#Base	%GC
1	72.33602464173792
2	44.46404306240257
3	49.96639393365708
4	49.5901022258102
5	29.966698307819538
6	48.77370741497813
7	49.41547174442055
8	46.0020439371941
9	64.78300037638719
10	38.01736986770314
11	53.29038023205827
12	43.762397237689825
13	53.34411310376574
14	51.578657751663926
15	46.88845592403366
16	45.695237596815666
17	44.09024097029453
18	43.976535493169614
19	45.07071855573297
20	44.87962647562206
21	45.50549189680437
22	45.20298219322492
23	45.187649617339474
24	45.1960070151912
25	45.62057998792809
26	45.02675175838258
27	44.974540491523506
28	45.253611605227704
29	44.93092780477873
30	44.910223264764
31	45.361960499960354
32	44.62491600530323
33	44.655290039159745
34	44.844817834384045
35	44.66933527658823
36	44.46372886921316
37	45.17042389699326
38	44.71818499557186
39	44.73577319019062
40	45.105928403783324
41	44.81490378799379
42	44.466352055201604
43	44.87396276308972
44	44.504499549400585
45	44.66861350377822
46	44.9373220709029
47	44.75449158734705
48	44.731025646785525
49	44.99305189251188
50	44.66269994786152
51	44.660946228480874
52	44.8122678197499
53	44.63563720912232
54	44.459981666318534
55	44.933660242360645
56	44.83756897324807
57	44.78832323019425
58	44.99745799834013
59	44.79181056436629
60	44.62382659329289
61	44.915373167498636
62	44.72312029653012
63	44.64059312501192
64	45.052002724543286
65	44.6974323002569
66	44.69859458215318
67	45.02007241352628
68	44.56247185083873
69	44.78256198639078
70	45.15246856279685
71	44.746028337406024
72	44.36292797468867
73	43.83438287030644
74	41.173156493904685
75	29.55206965774333
>>END_MODULE
>>Per sequence GC content	warn
#GC Content	Count
0	23000.0
1	12057.0
2	1432.5
3	1741.0
4	1736.0
5	1702.5
6	1906.5
7	2385.0
8	2629.0
9	2972.5
10	4122.5
11	6016.0
12	7138.0
13	8221.0
14	10844.5
15	15147.0
16	18703.0
17	24684.5
18	37393.5
19	53231.5
20	64145.5
21	81791.5
22	114304.5
23	150001.5
24	173882.0
25	204387.0
26	256300.5
27	308855.0
28	343179.0
29	384776.0
30	451774.5
31	518221.5
32	563352.0
33	615146.5
34	699774.5
35	780755.5
36	828359.0
37	871400.0
38	916187.5
39	939608.0
40	954446.5
41	957214.0
42	951010.0
43	942883.5
44	941170.5
45	931798.0
46	905778.0
47	877382.0
48	863464.5
49	842948.0
50	805618.0
51	770993.5
52	751363.5
53	735661.5
54	707550.5
55	676640.0
56	657427.0
57	638781.5
58	602738.5
59	557348.5
60	519231.5
61	478558.5
62	425596.0
63	372504.5
64	331613.0
65	298446.5
66	253192.5
67	208003.0
68	176599.0
69	152221.5
70	123713.5
71	96616.0
72	78233.0
73	65812.5
74	52876.5
75	41470.5
76	33711.0
77	28074.5
78	22115.0
79	16916.5
80	13423.0
81	11235.5
82	8767.0
83	6222.5
84	4667.0
85	3892.5
86	3008.5
87	2195.0
88	1860.0
89	1711.5
90	1550.5
91	1499.5
92	1480.0
93	1466.5
94	1486.0
95	1586.5
96	1659.0
97	1886.0
98	2560.5
99	12359.0
100	21711.0
>>END_MODULE
>>Per base N content	pass
#Base	N-Count
1	0.11311355501098784
2	0.11766455219505832
3	0.10570893459259671
4	0.10899730755791594
5	0.11208218064915072
6	0.11691992765579476
7	0.12388054834891071
8	0.1250506726248963
9	0.1241857981600374
10	0.13125279378733384
11	0.12952766985475428
12	0.13003179454282712
13	0.13282991781148834
14	0.1326032929517125
15	0.13373179225345355
16	0.13736241500700572
17	0.13496204149223684
18	0.13817178950620523
19	0.1390274139767876
20	0.13629866566520063
21	0.13203904330084196
22	0.13755203988967532
23	0.14015591327852867
24	0.13443016682133427
25	0.13578066598571292
26	0.14034091316406
27	0.14191341219107623
28	0.13517941635773612
29	0.14354603618089012
30	0.13856953926009757
31	0.13950378868203075
32	0.13642816558507254
33	0.1414555374743862
34	0.14163128736564096
35	0.14045653809251704
36	0.03925964224083739
37	0.04246304563936668
38	0.040803891815420525
39	0.042840775534875655
40	0.049753618688544714
41	0.04524335746095782
42	0.04908910883179439
43	0.04309805534955948
44	0.046055460504605426
45	0.048247900646098275
46	0.03480351714001003
47	0.04531139669768713
48	0.03892010412680083
49	0.04363046195106864
50	0.04452653050415898
51	0.04714822557142516
52	0.044937470187836094
53	0.04387670242872994
54	0.043821178569258025
55	0.03801799995576018
56	0.04598693967143137
57	0.04524486903505252
58	0.04200859304487433
59	0.043360649122171704
60	0.04313517529413634
61	0.03985729256197766
62	0.04113397346573323
63	0.04544558228587515
64	0.04045172894755214
65	0.0403405219993755
66	0.04443720772083913
67	0.048002701393402555
68	0.041351699109633155
69	0.03975160617976321
70	0.0450594503152785
71	0.041123655056118744
72	0.036812389655557456
73	0.04265046693224539
74	0.04310695325482638
75	0.05668268592540682
>>END_MODULE
>>Sequence Length Distribution	warn
#Length	Count
35	26940.0
36	6512.0
37	9359.0
38	10587.0
39	12016.0
40	12727.0
41	13260.0
42	14182.0
43	15887.0
44	17365.0
45	19452.0
46	20619.0
47	21923.0
48	22912.0
49	24120.0
50	24084.0
51	24502.0
52	24590.0
53	25497.0
54	27271.0
55	28762.0
56	29925.0
57	31567.0
58	32431.0
59	33310.0
60	34208.0
61	33643.0
62	34045.0
63	34098.0
64	36429.0
65	38262.0
66	38573.0
67	42948.0
68	43235.0
69	52635.0
70	66002.0
71	147373.0
72	516394.0
73	1478134.0
74	4537449.0
75	1.3958407E7
>>END_MODULE
>>Sequence Duplication Levels	warn
#Total Duplicate Percentage	40.012472134109814
#Duplication Level	Relative count
1	100.0
2	26.99337791711346
3	12.338847642980511
4	6.809531215467352
5	4.114859168187809
6	2.7429665949069717
7	1.8507452912816063
8	1.3293278872363241
9	0.9986330187366473
10++	6.532042204523316
>>END_MODULE
>>Overrepresented sequences	warn
#Sequence	Count	Percentage	Possible Source
NNNNNNNNNNNNNNNNNNNNNNNNNNNNNNNNNNN	22704	0.1050059350275777	No Hit
>>END_MODULE
>>Kmer Content	fail
#Sequence	Count	Obs/Exp Overall	Obs/Exp Max	Max Obs/Exp Position
AAAAA	9717825	4.437301	10.511819	71
GGGGG	3700775	3.8874557	6.4272203	71
TTTTT	7142485	3.1135657	5.3438587	71
CCTGG	3385760	3.0434933	12.544242	3
CCAGG	3185225	2.8899112	12.627596	3
CCCAG	2992380	2.74239	11.387468	2
CTGGG	2989830	2.6606917	11.194667	4
CCAGC	2865490	2.6261005	6.624507	3
CAGCA	3385340	2.600052	6.684893	4
TGCTG	3446945	2.5727024	7.4933805	2
GGAGG	2819085	2.5067809	5.5331883	6
GCTGG	2811765	2.5022292	7.0216556	3
TCCAG	3231510	2.458992	8.847656	2
CTGCT	3170310	2.3901496	6.930614	9
GCTGC	2645115	2.3777199	5.993478	8
CTCCA	3057370	2.349999	6.467291	1
CTCCT	3078745	2.3445807	6.2206154	1
CAGCC	2551465	2.3383098	5.3885374	9
CTTCT	3691015	2.3338683	5.05477	1
AGCAG	3056790	2.3242202	5.4516406	7
CAGGA	3027330	2.3018203	9.506704	4
AGGAG	3050005	2.2958531	6.824063	5
CTGGA	3043595	2.292822	8.737184	4
GGCTG	2548090	2.2675812	8.825123	7
TCCTG	2988545	2.2531137	8.662904	2
CCTGC	2472770	2.245267	6.2691875	3
CTGCC	2437325	2.213083	6.0019407	9
GGCAG	2454755	2.2048774	6.337965	7
GCAGG	2434030	2.186262	6.596886	3
CTGCA	2872535	2.1858327	6.4246774	4
CCCTG	2393395	2.1731946	9.346898	2
TGCAG	2835720	2.136224	6.599022	2
GCCTG	2374370	2.1343443	7.480966	7
CTCTG	2828700	2.1326041	7.834422	2
CAGAG	2798215	2.1276135	7.7255893	4
TGGAG	2763430	2.0609326	6.353238	5
AGCTG	2723770	2.0518892	6.2134237	7
CAGGG	2267390	2.0365849	9.2130995	4
CTGGC	2249105	2.0217428	6.034646	4
GCCAG	2218535	2.0128465	5.687855	2
CCCCA	2151625	1.9918065	6.9422336	1
CAGAA	3090180	1.988982	5.430973	4
CAGGC	2177825	1.9759108	6.17283	4
GGAGA	2624730	1.9757329	5.2407465	6
CACAG	2533990	1.9461875	6.497847	7
CTGTG	2605160	1.9444182	9.410049	9
TTCTG	3097440	1.938944	5.373262	2
GGGAG	2166900	1.9268461	5.3357754	7
CTCAG	2523360	1.9201308	6.2764225	2
CTGAG	2507635	1.8890688	6.0180616	4
CCTCT	2460775	1.8739731	6.1167746	1
CCAGA	2426230	1.8634242	6.862943	3
GGCCA	2021285	1.8338845	6.8387856	1
TGGGG	2047580	1.8039347	6.254348	5
TCTGG	2412100	1.8003234	6.6376324	3
ACCTG	2348575	1.7871295	6.0233154	7
CAGTG	2363910	1.7807969	6.3305984	9
CACTG	2326480	1.7703165	7.0352516	7
AGAGG	2316030	1.7433627	5.117194	5
TGGCC	1931670	1.7363971	6.035025	5
CCTGA	2250960	1.7128502	5.6532273	3
GCCCA	1820650	1.6685487	7.3857226	1
GAGAG	2174960	1.6371739	5.053432	7
ACAGA	2535850	1.6321898	5.518775	8
TCAGG	2161285	1.628154	5.8651366	3
GGCCT	1775865	1.5963428	5.5286064	1
GGGCC	1485860	1.5925273	5.4910383	6
CCTGT	2112025	1.5922909	6.114018	8
TGGGC	1759405	1.5657191	6.707687	5
CTTGG	2079560	1.5521249	5.0363965	3
AGGTG	2076455	1.5485951	5.3784676	7
AGCCT	2010155	1.5296113	5.0677795	6
GTGTG	2051410	1.5157919	7.277753	1
TGTGT	2387235	1.4794134	6.4072733	10
CCATG	1934915	1.4723581	5.018749	9
CTGTC	1942525	1.464502	6.1475444	9
GCTGT	1955785	1.4597428	5.6751156	8
ACACA	2241470	1.4572972	5.802194	6
CCTTG	1930020	1.4550742	5.1696615	2
ACAGC	1877540	1.4420123	5.13291	8
AGGCT	1906940	1.4365492	5.167607	6
GCCCT	1580445	1.4350387	6.3881583	1
GGGCT	1595740	1.4200714	6.3512955	6
CCCCT	1546875	1.4187555	5.0607295	1
CACAC	1826005	1.4166085	5.996067	5
GACAG	1831490	1.3925674	6.5229816	7
GCTCT	1770625	1.3349037	5.182668	1
AGACA	2069340	1.3319224	5.006723	6
AGGGC	1472835	1.3229102	5.7101665	5
GTCCT	1734930	1.3079926	9.336796	1
GGACA	1652165	1.2562183	5.833888	6
ACTGC	1604665	1.2210569	5.040669	8
GTGCT	1624585	1.2125444	6.444217	1
AGGAC	1589880	1.20886	8.620616	5
GTCCA	1567650	1.1928905	6.957456	1
TGTGC	1559300	1.1638176	6.2136416	10
GTCTT	1840875	1.1523563	5.540339	1
AGCAC	1475540	1.1332631	5.2072453	5
GTTCT	1805090	1.1299554	5.058324	1
TGGAC	1426020	1.0742592	5.8728423	5
GTGCA	1400335	1.05491	5.8001947	1
TGCAC	1366055	1.0394886	5.2196755	5
ACAGT	1629820	1.0393422	5.163116	8
ACTGT	1639265	1.0357139	6.1751614	8
GACTG	1360520	1.0249163	5.8910475	7
GGACC	1100675	0.9986274	5.3899503	6
AGACT	1540335	0.9822772	5.1028376	6
GGACT	1234340	0.9298615	5.1418595	6
TGTAG	1451315	0.90778756	5.284639	2
TCCTA	1238015	0.7901047	5.12627	2
TAGGA	1246160	0.786728	5.3078294	4
GTGTA	1017845	0.636655	5.584866	1
>>END_MODULE
