##FastQC	0.10.1
>>Basic Statistics	pass
#Measure	Value	
Filename	004-primary_S1_L001_R1_001_trimmed.fq.gz	
File type	Conventional base calls	
Encoding	Sanger / Illumina 1.9	
Total Sequences	27552153	
Filtered Sequences	0	
Sequence length	20-50	
%GC	45	
>>END_MODULE
>>Per base sequence quality	pass
#Base	Mean	Median	Lower Quartile	Upper Quartile	10th Percentile	90th Percentile
1	35.09688749187767	36.0	36.0	36.0	36.0	36.0
2	35.08499833025753	36.0	36.0	36.0	36.0	36.0
3	35.05898152496467	36.0	36.0	36.0	36.0	36.0
4	35.051596040425586	36.0	36.0	36.0	36.0	36.0
5	35.03727443731893	36.0	36.0	36.0	36.0	36.0
6	34.98887640468605	36.0	36.0	36.0	36.0	36.0
7	34.97676417519894	36.0	36.0	36.0	36.0	36.0
8	34.96276022421914	36.0	36.0	36.0	36.0	36.0
9	34.95318975616897	36.0	36.0	36.0	36.0	36.0
10	34.93103315737249	36.0	36.0	36.0	36.0	36.0
11	34.91515410792035	36.0	36.0	36.0	36.0	36.0
12	34.89725576073855	36.0	36.0	36.0	36.0	36.0
13	34.88136593172955	36.0	36.0	36.0	36.0	36.0
14	34.88807941796781	36.0	36.0	36.0	36.0	36.0
15	34.87681859199896	36.0	36.0	36.0	36.0	36.0
16	34.861531256740626	36.0	36.0	36.0	36.0	36.0
17	34.847063022624766	36.0	36.0	36.0	36.0	36.0
18	34.834451703284316	36.0	36.0	36.0	36.0	36.0
19	34.83340604997366	36.0	36.0	36.0	36.0	36.0
20	34.82209622601907	36.0	36.0	36.0	36.0	36.0
21	34.81386280623407	36.0	36.0	36.0	36.0	36.0
22	34.80035794097292	36.0	36.0	36.0	36.0	36.0
23	34.78842428946032	36.0	36.0	36.0	32.0	36.0
24	34.77665378047653	36.0	36.0	36.0	32.0	36.0
25	34.77087374951192	36.0	36.0	36.0	32.0	36.0
26	34.76540593135585	36.0	36.0	36.0	32.0	36.0
27	34.76137651195226	36.0	36.0	36.0	32.0	36.0
28	34.74149023856403	36.0	36.0	36.0	32.0	36.0
29	34.719968912209154	36.0	36.0	36.0	32.0	36.0
30	34.70742456236053	36.0	36.0	36.0	32.0	36.0
31	34.69507957110523	36.0	36.0	36.0	32.0	36.0
32	34.68357339051226	36.0	36.0	36.0	32.0	36.0
33	34.66213997849454	36.0	36.0	36.0	32.0	36.0
34	34.63918588424633	36.0	36.0	36.0	32.0	36.0
35	34.622231111303115	36.0	36.0	36.0	32.0	36.0
36	34.61131646095527	36.0	36.0	36.0	32.0	36.0
37	34.58875798417328	36.0	36.0	36.0	32.0	36.0
38	34.56785629017867	36.0	36.0	36.0	32.0	36.0
39	34.55435599373477	36.0	36.0	36.0	32.0	36.0
40	34.53665710111792	36.0	36.0	36.0	32.0	36.0
41	34.51023963711198	36.0	36.0	36.0	32.0	36.0
42	34.49172147381225	36.0	36.0	36.0	32.0	36.0
43	34.466919229922155	36.0	36.0	36.0	32.0	36.0
44	34.454308437926294	36.0	36.0	36.0	32.0	36.0
45	34.42627284633753	36.0	36.0	36.0	32.0	36.0
46	34.411150051541654	36.0	36.0	36.0	32.0	36.0
47	34.421522287089864	36.0	36.0	36.0	32.0	36.0
48	34.44010882237247	36.0	36.0	36.0	32.0	36.0
49	34.50003738973839	36.0	36.0	36.0	32.0	36.0
50	34.604210219395725	36.0	36.0	36.0	32.0	36.0
>>END_MODULE
>>Per sequence quality scores	pass
#Quality	Count
14	6.0
15	21.0
16	123.0
17	341.0
18	1211.0
19	3560.0
20	8732.0
21	17208.0
22	29885.0
23	47615.0
24	73352.0
25	110779.0
26	162586.0
27	230457.0
28	317020.0
29	421589.0
30	553396.0
31	727998.0
32	994705.0
33	1496814.0
34	2988013.0
35	1.2794454E7
36	6572288.0
>>END_MODULE
>>Per base sequence content	pass
#Base	G	A	T	C
1	22.647699138879986	26.69925723739582	27.35980481516845	23.29323880855575
2	22.54327638206713	26.510792096719264	27.600561741944453	23.345369779269156
3	22.62087100438805	26.643693221206373	27.332432010627137	23.40300376377844
4	22.629258773352483	26.52928792896875	27.526567524505253	23.314885773173515
5	22.84468745945171	26.485973354045665	27.192752619816513	23.476586566686112
6	22.461061391463673	26.774822279768845	27.375595656716918	23.388520672050564
7	22.46023105563587	26.7770336052153	27.44858550431923	23.314149834829596
8	22.61859898934214	26.64104689023758	27.467094858249368	23.27325926217091
9	22.320720304016994	26.85972097126089	27.602657709686767	23.216901015035347
10	22.563408397590734	26.91216048228891	27.341741691604405	23.18268942851595
11	22.80290037587988	26.97115902339828	27.178714491023626	23.047226109698215
12	22.362038277008697	26.944830772390095	27.528073758881927	23.16505719171928
13	22.484319102031698	26.79468642613882	27.574436741840103	23.14655772998938
14	22.503098033754384	26.517172723307684	27.708034286830507	23.27169495610742
15	22.45106787689061	26.764909709755457	27.53422546468794	23.249796948665995
16	22.652948392091172	27.197046996653945	27.26264259638802	22.88736201486686
17	22.763527772221646	26.939324850584274	27.219139644005313	23.078007733188763
18	22.63945398386834	27.165445110587182	27.215702526042158	22.97939837950232
19	22.630006446320184	27.03578192237826	27.402584473162587	22.931627158138966
20	22.588608592584396	26.81298626644531	27.368010042627162	23.23039509834313
21	22.637090702931843	26.986371019078042	27.368941010785708	23.007597267204407
22	22.619417378786935	26.954637896019516	27.38164931098587	23.044295414207674
23	22.710778191003115	26.73573652358697	27.286754009935834	23.266731275474083
24	22.618925522962492	27.06863452252197	27.363480073348136	22.948959881167397
25	22.65803620152705	26.999998088837874	27.25542490720573	23.08654080242935
26	22.785096838135704	27.154494609665818	27.111899237289283	22.948509314909195
27	22.507443113282488	27.229055265120746	27.322724773373007	22.94077684822376
28	22.563316162720785	27.084919861434635	27.23930228928198	23.112461686562604
29	22.605484958308555	27.00469068257875	27.375407717722915	23.014416641389772
30	22.677978756483796	27.04154165594862	27.29870016705232	22.981779420515267
31	22.769389811456858	27.057697542261266	27.19706360445069	22.97584904183119
32	22.715193593103916	27.016798963790933	27.20980187860777	23.058205564497378
33	22.62561155460847	27.046695805454306	27.278013356303653	23.049679283633573
34	22.772047505757833	27.214167135288175	27.18638459680085	22.82740076215314
35	22.768285286298866	27.108684629080532	27.092649358165882	23.030380726454716
36	22.859386316361892	27.245459586033004	27.058918695330924	22.836235402274184
37	22.611100703905322	27.130848612739015	27.28006601593626	22.977984667419403
38	22.58165437220775	26.934391215598293	27.365980363525054	23.117974048668902
39	22.502584488504144	27.098547990522114	27.368470605072194	23.030396915901548
40	22.686145334772714	27.166681206858375	27.237538987946124	22.90963447042279
41	22.823964559125024	27.194687898353266	27.122279567956888	22.859067974564823
42	22.680957367484435	27.35711041407344	27.098199479708406	22.863732738733724
43	22.729149589729364	27.283998801092967	27.139268321112294	22.847583288065376
44	22.752721815829677	27.077067554465444	27.133439074698153	23.036771555006727
45	22.54758018369097	27.14095701065762	27.332621530558534	22.97884127509288
46	22.664827749039592	27.157529243995437	27.15446500846636	23.023177998498607
47	22.606549751280927	27.261421387681334	27.24868458856042	22.88334427247732
48	22.65493691702539	27.582516463484847	27.30333608485431	22.459210534635456
49	22.771976466213154	27.919235241848906	27.362574961672276	21.946213330265667
50	22.500878913720275	27.81262869340241	27.514151689767296	22.17234070311002
>>END_MODULE
>>Per base GC content	pass
#Base	%GC
1	45.940937947435735
2	45.88864616133628
3	46.023874768166486
4	45.944144546526
5	46.32127402613783
6	45.84958206351424
7	45.77438089046547
8	45.89185825151305
9	45.53762131905234
10	45.74609782610668
11	45.850126485578095
12	45.52709546872798
13	45.63087683202108
14	45.77479298986181
15	45.7008648255566
16	45.540310406958035
17	45.84153550541041
18	45.61885236337066
19	45.56163360445915
20	45.81900369092753
21	45.644687970136246
22	45.66371279299461
23	45.977509466477194
24	45.567885404129896
25	45.7445770039564
26	45.733606153044896
27	45.44821996150625
28	45.675777849283385
29	45.61990159969832
30	45.65975817699906
31	45.74523885328804
32	45.7733991576013
33	45.67529083824204
34	45.59944826791097
35	45.79866601275358
36	45.695621718636076
37	45.58908537132473
38	45.69962842087666
39	45.53298140440569
40	45.595779805195505
41	45.68303253368985
42	45.544690106218155
43	45.57673287779474
44	45.789493370836404
45	45.52642145878385
46	45.6880057475382
47	45.48989402375825
48	45.11414745166085
49	44.71818979647882
50	44.673219616830295
>>END_MODULE
>>Per sequence GC content	pass
#GC Content	Count
0	6444.0
1	6314.0
2	5398.5
3	4869.5
4	5260.5
5	6194.0
6	7308.5
7	9062.5
8	10890.0
9	13859.0
10	17234.5
11	23194.5
12	29391.0
13	38872.0
14	49796.5
15	66736.5
16	85058.0
17	111363.5
18	139774.5
19	176494.0
20	214861.5
21	262654.5
22	312206.0
23	371295.0
24	433407.5
25	491491.5
26	557596.5
27	633992.0
28	715326.5
29	802155.0
30	890597.0
31	981667.0
32	1076762.5
33	1175374.5
34	1277721.0
35	1371466.0
36	1461036.0
37	1539445.5
38	1604302.0
39	1652725.5
40	1696322.0
41	1721757.0
42	1742331.0
43	1742413.5
44	1734830.0
45	1711596.5
46	1686583.0
47	1655249.5
48	1624020.5
49	1593241.0
50	1562155.5
51	1534373.0
52	1505318.5
53	1477360.0
54	1448929.0
55	1417444.5
56	1379561.0
57	1329638.5
58	1274314.0
59	1200661.0
60	1122213.0
61	1034941.5
62	948084.5
63	867951.0
64	771458.5
65	680970.0
66	592659.5
67	512171.5
68	436236.5
69	368898.5
70	309089.0
71	257859.5
72	212294.0
73	171685.0
74	133922.5
75	106790.0
76	86390.5
77	68290.5
78	52090.5
79	39622.0
80	28948.0
81	21452.5
82	15875.0
83	12075.0
84	8774.0
85	6566.5
86	4819.5
87	3698.0
88	2788.5
89	2089.5
90	1590.5
91	1329.5
92	1173.5
93	1004.0
94	800.5
95	681.5
96	595.0
97	540.5
98	512.0
99	819.0
100	1132.0
>>END_MODULE
>>Per base N content	pass
#Base	N-Count
1	4.355376510866501E-5
2	0.0
3	1.9236246256327047E-4
4	0.0
5	4.645734944924268E-4
6	0.0
7	3.6294804257220843E-6
8	0.0
9	3.266532383149876E-5
10	7.367845264215831E-4
11	0.0
12	0.0
13	0.0
14	0.0
15	2.540636298005459E-5
16	0.0
17	0.0
18	0.0
19	0.0
20	0.0
21	0.0
22	0.0
23	0.0
24	0.0
25	0.0
26	0.0
27	0.0
28	0.0
29	0.0
30	0.0
31	0.0
32	0.0
33	0.0
34	0.0
35	0.0
36	0.0
37	0.0
38	0.0
39	0.0
40	0.0
41	0.0
42	0.0
43	0.0
44	0.0
45	0.0
46	0.0
47	0.0
48	0.0
49	3.6175282473401215E-5
50	0.0
>>END_MODULE
>>Sequence Length Distribution	warn
#Length	Count
20	64111.0
21	66761.0
22	68973.0
23	70906.0
24	72826.0
25	74173.0
26	76505.0
27	79439.0
28	83013.0
29	87078.0
30	88807.0
31	92502.0
32	94269.0
33	95321.0
34	95538.0
35	96747.0
36	98770.0
37	102432.0
38	106548.0
39	112465.0
40	115220.0
41	119868.0
42	126689.0
43	145443.0
44	194685.0
45	320793.0
46	761694.0
47	1582695.0
48	3107653.0
49	4081381.0
50	1.5268848E7
>>END_MODULE
>>Sequence Duplication Levels	warn
#Total Duplicate Percentage	40.57922441495968
#Duplication Level	Relative count
1	100.0
2	26.23755806237558
3	12.56469807564698
4	7.059555408095554
5	4.5056403450564035
6	3.0150962176509624
7	1.999834107498341
8	1.5369940278699403
9	1.1156270736562708
10++	7.857498341074983
>>END_MODULE
>>Overrepresented sequences	pass
>>END_MODULE
>>Kmer Content	warn
#Sequence	Count	Obs/Exp Overall	Obs/Exp Max	Max Obs/Exp Position
AAAAA	7101270	4.0961456	4.989267	46
TTTTT	6644725	3.6116416	4.0948443	46
CCTGG	2713820	3.020971	3.6221564	9
>>END_MODULE
