##FastQC	0.10.1
>>Basic Statistics	pass
#Measure	Value	
Filename	004-primary_S1_L003_R2_001.fastq.gz	
File type	Conventional base calls	
Encoding	Sanger / Illumina 1.9	
Total Sequences	28156319	
Filtered Sequences	0	
Sequence length	35-75	
%GC	46	
>>END_MODULE
>>Per base sequence quality	pass
#Base	Mean	Median	Lower Quartile	Upper Quartile	10th Percentile	90th Percentile
1	31.320207481666905	32.0	32.0	32.0	32.0	32.0
2	31.068420129776197	32.0	32.0	32.0	32.0	32.0
3	31.122011545614324	32.0	32.0	32.0	32.0	32.0
4	31.173346878191	32.0	32.0	32.0	32.0	32.0
5	31.131872529218043	32.0	32.0	32.0	32.0	32.0
6	34.78335335666569	36.0	36.0	36.0	36.0	36.0
7	34.76864195209608	36.0	36.0	36.0	32.0	36.0
8	34.69922350290178	36.0	36.0	36.0	32.0	36.0
9	34.8405496826485	36.0	36.0	36.0	36.0	36.0
10	34.66295228435223	36.0	36.0	36.0	32.0	36.0
11	34.80476553060789	36.0	36.0	36.0	36.0	36.0
12	34.69911453979478	36.0	36.0	36.0	32.0	36.0
13	34.741658204682224	36.0	36.0	36.0	32.0	36.0
14	34.69060973488757	36.0	36.0	36.0	32.0	36.0
15	34.64669984027387	36.0	36.0	36.0	32.0	36.0
16	34.65103020036106	36.0	36.0	36.0	32.0	36.0
17	34.639353531972695	36.0	36.0	36.0	32.0	36.0
18	34.630543680088294	36.0	36.0	36.0	32.0	36.0
19	34.615048259681956	36.0	36.0	36.0	32.0	36.0
20	34.60445436777442	36.0	36.0	36.0	32.0	36.0
21	34.58400929468088	36.0	36.0	36.0	32.0	36.0
22	34.58395726373181	36.0	36.0	36.0	32.0	36.0
23	34.556721743350046	36.0	36.0	36.0	32.0	36.0
24	34.54909635027221	36.0	36.0	36.0	32.0	36.0
25	34.53638598852357	36.0	36.0	36.0	32.0	36.0
26	34.51500908197552	36.0	36.0	36.0	32.0	36.0
27	34.51274436832457	36.0	36.0	36.0	32.0	36.0
28	34.50109526035701	36.0	36.0	36.0	32.0	36.0
29	34.48463281013402	36.0	36.0	36.0	32.0	36.0
30	34.46892585639479	36.0	36.0	36.0	32.0	36.0
31	34.459016109314575	36.0	36.0	36.0	32.0	36.0
32	34.445665962230365	36.0	36.0	36.0	32.0	36.0
33	34.434981326927	36.0	36.0	36.0	32.0	36.0
34	34.43118335177265	36.0	36.0	36.0	32.0	36.0
35	34.39692688522246	36.0	36.0	36.0	32.0	36.0
36	34.43327005845096	36.0	36.0	36.0	32.0	36.0
37	34.429507463049745	36.0	36.0	36.0	32.0	36.0
38	34.41000102219242	36.0	36.0	36.0	32.0	36.0
39	34.40735545807497	36.0	36.0	36.0	32.0	36.0
40	34.396984595784296	36.0	36.0	36.0	32.0	36.0
41	34.37437640100958	36.0	36.0	36.0	32.0	36.0
42	34.35971601827534	36.0	36.0	36.0	32.0	36.0
43	34.345185676852786	36.0	36.0	36.0	32.0	36.0
44	34.31951298519275	36.0	36.0	36.0	32.0	36.0
45	34.301667018025064	36.0	36.0	36.0	32.0	36.0
46	34.2720404355115	36.0	36.0	36.0	32.0	36.0
47	34.25309750196916	36.0	36.0	36.0	32.0	36.0
48	34.227962881001005	36.0	36.0	36.0	32.0	36.0
49	34.206001125180045	36.0	36.0	36.0	32.0	36.0
50	34.17241510363556	36.0	36.0	36.0	32.0	36.0
51	34.14763254328829	36.0	36.0	36.0	32.0	36.0
52	34.12966177004322	36.0	36.0	36.0	32.0	36.0
53	34.103191970598836	36.0	36.0	36.0	32.0	36.0
54	34.07171699987965	36.0	36.0	36.0	32.0	36.0
55	34.04863287556834	36.0	36.0	36.0	32.0	36.0
56	34.03541449712657	36.0	36.0	36.0	32.0	36.0
57	33.99081988459628	36.0	36.0	36.0	32.0	36.0
58	33.95113683804665	36.0	36.0	36.0	32.0	36.0
59	33.915232954723336	36.0	36.0	36.0	32.0	36.0
60	33.89369084022544	36.0	36.0	36.0	32.0	36.0
61	33.849649244534376	36.0	36.0	36.0	32.0	36.0
62	33.82523595813806	36.0	36.0	36.0	32.0	36.0
63	33.793418403044875	36.0	36.0	36.0	32.0	36.0
64	33.76446017606307	36.0	36.0	36.0	27.0	36.0
65	33.73727175829235	36.0	36.0	36.0	27.0	36.0
66	33.70814098562075	36.0	36.0	36.0	27.0	36.0
67	33.67289463300288	36.0	36.0	36.0	27.0	36.0
68	33.63773178552532	36.0	36.0	36.0	27.0	36.0
69	33.6304534391333	36.0	36.0	36.0	27.0	36.0
70	33.593974977876414	36.0	36.0	36.0	27.0	36.0
71	33.562350114675986	36.0	36.0	36.0	27.0	36.0
72	33.54509213676993	36.0	36.0	36.0	27.0	36.0
73	33.51299592143424	36.0	36.0	36.0	27.0	36.0
74	33.441640633053005	36.0	36.0	36.0	27.0	36.0
75	32.2041195166056	36.0	32.0	36.0	14.0	36.0
>>END_MODULE
>>Per sequence quality scores	pass
#Quality	Count
2	46560.0
3	177.0
4	1434.0
5	903.0
6	421.0
7	236.0
8	81.0
9	95.0
10	73.0
11	91.0
12	127.0
13	171.0
14	1849.0
15	5673.0
16	8941.0
17	12817.0
18	17521.0
19	24301.0
20	33644.0
21	48298.0
22	69023.0
23	99334.0
24	142404.0
25	199362.0
26	274512.0
27	361065.0
28	467035.0
29	590995.0
30	750726.0
31	966913.0
32	1315226.0
33	2028842.0
34	4408736.0
35	1.6278733E7
>>END_MODULE
>>Per base sequence content	fail
#Base	G	A	T	C
1	43.24187604200234	17.946372461191412	12.612416350287905	26.199335146518347
2	16.741459215362053	19.012381863386864	37.07255873413807	27.17360018711301
3	19.817226102413034	20.74480642535123	28.66213770345862	30.77582976877712
4	13.870721550438924	14.641382413233728	35.692915469073796	35.79498056725355
5	15.613771795750628	34.139397600982996	34.62097342903065	15.625857174235724
6	34.61278596448288	34.524103444914594	16.416170329635147	14.446940260967384
7	30.430901987967534	29.53973603033422	20.56238448094109	19.466977500757157
8	26.598196791152766	34.56945787220644	19.887257199627513	18.94508813701328
9	24.99558034554671	16.253523404743113	19.857570609249855	38.89332564046032
10	14.727471582193502	27.52781315907059	34.29241076932037	23.45230448941554
11	34.557230679833914	22.551120734258	23.35087008588037	19.540778500027717
12	22.5238195707763	24.021295740531677	30.418880747909082	23.03600394078294
13	27.717537431920736	20.51153800653063	26.141163682875824	25.629760878672812
14	20.917643999694572	20.363964472227355	27.03008295425927	31.6883085738188
15	23.134492479561093	28.794423807204474	23.260422280590724	24.81066143264371
16	23.098103318595587	28.398642928530943	25.042399143410098	23.46085460946337
17	21.943530446210623	27.84918500170291	27.199499844226143	23.007784707860324
18	22.43816241215029	27.62606906726313	27.569372150498683	22.366396370087894
19	22.729555624070315	27.096113060500294	27.526414603914816	22.647916711514576
20	22.806815166286217	26.90380050962668	27.49880855353596	22.790575770551143
21	22.74840659488462	26.651030438268425	27.332955593025954	23.267607373821004
22	22.646053624604992	26.464784768229592	27.592546796902496	23.296614810262923
23	22.703822331671923	26.5975474445781	27.34228949058232	23.356340733167656
24	22.775140866572293	26.44707708534838	27.507691880662154	23.270090167417173
25	22.96191216918588	26.421078393382892	27.15251436273944	23.464495074691797
26	22.558474106141745	26.711949530666367	27.342937186261345	23.38663917693054
27	22.57234498775974	26.734947669105825	27.39047646293775	23.302230880196685
28	22.737378372256998	26.635419322480384	27.400169129927406	23.22703317533521
29	22.4310344269283	26.860230504941736	27.567608037337465	23.141127030792504
30	22.65052827507667	26.869615666084062	27.298419498214294	23.181436560624974
31	22.924009851791162	26.903408025456553	27.111729186618057	23.060852936134225
32	22.4497153853465	26.918642451069008	27.476435005529602	23.15520715805489
33	22.589179477177364	26.752788057987466	27.530370106408753	23.127662358426416
34	22.61465692203043	26.4950053923629	27.650666263194278	23.23967142241239
35	22.559912240023024	26.745662887020842	27.48284968271415	23.211575190241984
36	22.785086981452277	27.1556021018463	27.191725916166476	22.86758500053495
37	22.8830894789472	26.911494971277243	27.12371512161134	23.08170042816421
38	22.733219870966554	27.13282321050884	27.18703456708882	22.946922351435788
39	22.729963409674173	27.020749971845493	27.35417508786832	22.895111530612013
40	22.722005694053586	26.83544954849558	27.305686996732064	23.136857760718772
41	22.75013881586823	27.00040095596154	27.302672464254425	22.946787763915815
42	22.72048011143999	26.998534394240203	27.297466886837558	22.98351860748225
43	22.83963438884542	26.74874173090099	27.206673679436783	23.204950200816807
44	22.77386547920201	27.087729825396657	27.25157319943787	22.886831495963463
45	22.803354855369108	27.037388331072698	27.134127495611864	23.025129317946334
46	22.92180249678735	27.190766357687078	27.011295196916436	22.87613594860914
47	22.670997462770554	27.273072063155645	27.211548541674468	22.844381932399326
48	22.70745695564149	27.135327426427118	27.124075565594808	23.033140052336584
49	22.776416436334877	27.05537436214377	27.24473731876509	22.923471882756264
50	22.820088095851986	27.09401861263937	27.17587491032602	22.910018381182624
51	22.90422805440284	27.133500388659105	27.071001853925697	22.891269703012362
52	22.85804242562344	27.063527691637816	27.081793038838192	22.99663684390055
53	22.75428236610319	27.132726453540297	27.139638803254602	22.973352377101914
54	22.926744087609883	27.293341771352875	27.045160315980333	22.734753825056906
55	22.926275708064765	27.190669143917383	26.919156213161205	22.963898934856644
56	23.002053026452096	27.34816847843988	26.8944610571877	22.75531743792032
57	22.772274096016222	27.225569466119943	27.109966534838044	22.892189903025788
58	22.76067190753418	27.01729787933286	27.182363142159556	23.039667070973398
59	22.667402321733082	27.195860895272638	27.17984163290555	22.956895150088727
60	22.860670251669934	27.25402993415718	27.074697089021694	22.810602725151192
61	23.022782396884075	27.306807764030467	26.914017700347127	22.75639213873833
62	22.86617747684746	27.44951391619395	26.913801380568298	22.77050722639029
63	22.9093187427891	27.381167841511704	26.939914561741773	22.76959885395742
64	22.936269440656947	27.1670553981754	26.920224579873242	22.97645058129441
65	22.739934710893657	27.24367930519296	27.115223904856684	22.9011620790567
66	22.865877188227657	27.25228795993199	26.910191222053786	22.971643629786566
67	22.846349261622045	27.301618697148346	26.977167247012208	22.874864794217405
68	22.88213677027293	27.498844826696118	26.993872111093687	22.625146291937266
69	23.136241757514327	27.43407810271603	26.83877520866288	22.590904931106763
70	23.110315561033755	27.29206827585816	26.841480590590432	22.756135572517653
71	23.013544904016957	27.49964071820529	26.76706337086548	22.719751006912276
72	23.03142454992435	27.637116808830196	27.021461823472332	22.309996817773122
73	23.665953876772186	28.211621244254804	27.106922770300073	21.01550210867294
74	24.943984954696496	30.582508738594573	27.02600858903254	17.447497717676395
75	30.51716681485755	40.96396589174063	28.518867293401822	0.0
>>END_MODULE
>>Per base GC content	fail
#Base	%GC
1	69.44121118852068
2	43.915059402475066
3	50.59305587119015
4	49.665702117692476
5	31.23962896998635
6	49.05972622545026
7	49.8978794887247
8	45.543284928166045
9	63.888905986007025
10	38.17977607160904
11	54.09800917986163
12	45.55982351155924
13	53.34729831059355
14	52.60595257351337
15	47.9451539122048
16	46.55895792805896
17	44.95131515407095
18	44.80455878223818
19	45.37747233558489
20	45.597390936837364
21	46.01601396870563
22	45.94266843486791
23	46.06016306483958
24	46.04523103398947
25	46.42640724387768
26	45.94511328307229
27	45.87457586795642
28	45.964411547592206
29	45.5721614577208
30	45.83196483570164
31	45.98486278792539
32	45.604922543401386
33	45.71684183560378
34	45.85432834444282
35	45.771487430265005
36	45.652671981987226
37	45.96478990711142
38	45.680142222402345
39	45.62507494028619
40	45.858863454772354
41	45.69692657978404
42	45.70399871892224
43	46.04458458966222
44	45.66069697516547
45	45.828484173315445
46	45.79793844539649
47	45.51537939516988
48	45.740597007978074
49	45.699888319091144
50	45.73010647703462
51	45.7954977574152
52	45.85467926952399
53	45.7276347432051
54	45.661497912666796
55	45.89017464292141
56	45.757370464372414
57	45.66446399904201
58	45.80033897850758
59	45.62429747182181
60	45.67127297682113
61	45.77917453562241
62	45.636684703237755
63	45.67891759674652
64	45.91272002195136
65	45.64109678995036
66	45.83752081801422
67	45.721214055839454
68	45.50728306221019
69	45.72714668862109
70	45.86645113355141
71	45.73329591092923
72	45.34142136769747
73	44.681455985445126
74	42.39148267237289
75	30.51716681485755
>>END_MODULE
>>Per sequence GC content	warn
#GC Content	Count
0	46695.0
1	23568.5
2	647.5
3	1092.0
4	1332.0
5	1383.5
6	1660.5
7	2080.0
8	2306.0
9	2768.0
10	4028.0
11	5947.5
12	7119.0
13	8362.5
14	11416.5
15	16292.5
16	20239.0
17	27118.0
18	41486.5
19	59499.0
20	72469.0
21	93177.5
22	130848.5
23	173145.5
24	202585.0
25	239464.5
26	301210.0
27	364065.0
28	407815.5
29	461064.0
30	542105.0
31	621637.5
32	676496.0
33	737317.5
34	835628.0
35	927081.0
36	984456.0
37	1045849.5
38	1116129.5
39	1170621.0
40	1208948.5
41	1230410.5
42	1241347.5
43	1241071.0
44	1242544.5
45	1231915.5
46	1201537.5
47	1169027.5
48	1153130.5
49	1132256.0
50	1091626.5
51	1057317.5
52	1041587.5
53	1029680.5
54	1007417.0
55	981811.5
56	966661.0
57	949648.5
58	908328.5
59	849884.5
60	796324.5
61	733958.5
62	656688.5
63	579000.5
64	516169.0
65	462258.5
66	390841.0
67	319725.0
68	268510.0
69	228776.5
70	183376.0
71	139918.5
72	110319.0
73	89755.5
74	68174.0
75	49748.0
76	37800.0
77	29841.5
78	21777.5
79	14991.5
80	10950.0
81	8508.0
82	6054.0
83	4071.0
84	3070.5
85	2574.5
86	2097.5
87	1740.5
88	1597.5
89	1509.0
90	1376.0
91	1234.5
92	1181.0
93	1174.0
94	1151.0
95	1189.5
96	1240.5
97	1282.0
98	1704.0
99	8657.0
100	15232.0
>>END_MODULE
>>Per base N content	pass
#Base	N-Count
1	0.17749479255438186
2	0.1748843660991339
3	0.167504140012052
4	0.16624332179217036
5	0.1703809365137538
6	0.16713477354763595
7	0.16998670884500208
8	0.17081068018869938
9	0.1737371990990726
10	0.1741349783684437
11	0.17762620177729907
12	0.17839334751108624
13	0.17862420155134626
14	0.1826694746568257
15	0.18105349637500556
16	0.18250965262895338
17	0.18281864188283986
18	0.18645192931647067
19	0.18494605065385145
20	0.1840617020996246
21	0.1859440504278986
22	0.1862068688737331
23	0.18786901796360525
24	0.1962578986265925
25	0.18715869783972827
26	0.19075291766654584
27	0.18733982947131692
28	0.19059309563867352
29	0.19153071820219114
30	0.190809743276456
31	0.18680353777778977
32	0.19155913100714622
33	0.19388187781222396
34	0.1904048608058461
35	0.1925500275799546
36	0.023354326242104168
37	0.025380293812171075
38	0.024063964564376615
39	0.020633452711915256
40	0.022764163799422612
41	0.02549650321904096
42	0.026463292966799813
43	0.023919902702499992
44	0.02006474406404194
45	0.025393711596878667
46	0.028602532509274955
47	0.03218950445436617
48	0.032895149948964066
49	0.029062724585314982
50	0.029634753216729367
51	0.024360007712417933
52	0.025962980206985297
53	0.022511542679554367
54	0.0234333141219723
55	0.022138589195111438
56	0.018602415643830496
57	0.021708513189698252
58	0.021894893686032972
59	0.016990190552270693
60	0.020110157218819362
61	0.018632758916267162
62	0.018507781723943878
63	0.01659213998815086
64	0.019393110350799228
65	0.01836652889283381
66	0.015137383760756051
67	0.017565999567463773
68	0.015237329047623177
69	0.015547075654566688
70	0.014197536965655047
71	0.01500940061425805
72	0.020278517284629993
73	0.025799914683167294
74	0.03170116305492113
75	0.04931398198696994
>>END_MODULE
>>Sequence Length Distribution	warn
#Length	Count
35	63023.0
36	24275.0
37	31247.0
38	34705.0
39	38062.0
40	39609.0
41	41491.0
42	45165.0
43	48704.0
44	54825.0
45	59342.0
46	61280.0
47	63417.0
48	65795.0
49	68245.0
50	69031.0
51	70803.0
52	73478.0
53	75777.0
54	80251.0
55	83554.0
56	85384.0
57	87221.0
58	87991.0
59	90227.0
60	90238.0
61	91054.0
62	94353.0
63	96494.0
64	101336.0
65	105060.0
66	104106.0
67	106040.0
68	109289.0
69	119458.0
70	138610.0
71	243504.0
72	709918.0
73	1870718.0
74	5763784.0
75	1.6869455E7
>>END_MODULE
>>Sequence Duplication Levels	warn
#Total Duplicate Percentage	37.48446408490994
#Duplication Level	Relative count
1	100.0
2	23.29630623096707
3	11.12390930463733
4	6.382441579752907
5	4.005396279407356
6	2.59242311879704
7	1.7632579642457042
8	1.2662322293576533
9	0.9766950155419158
10++	6.379285860801237
>>END_MODULE
>>Overrepresented sequences	warn
#Sequence	Count	Percentage	Possible Source
NNNNNNNNNNNNNNNNNNNNNNNNNNNNNNNNNNN	46557	0.16535187003670473	No Hit
>>END_MODULE
>>Kmer Content	warn
#Sequence	Count	Obs/Exp Overall	Obs/Exp Max	Max Obs/Exp Position
AAAAA	10510790	4.0194077	8.541271	71
TTTTT	8826475	3.2236388	5.633484	71
CCTGG	4591485	3.0476353	11.606237	3
CCAGG	4381420	2.9350684	11.988528	3
CCCAG	4188105	2.82107	10.677873	2
CTGGG	4142415	2.7344532	9.973842	4
CCAGC	3901095	2.6277425	6.509454	3
GGAGG	3822365	2.532501	5.8718047	6
GCTGG	3809690	2.5148177	6.4266305	3
TCCAG	4236830	2.451197	9.515415	2
CAGCA	4142905	2.4189985	6.6271825	4
CAGGA	4108725	2.3858593	10.08875	4
CTCCA	4091975	2.380472	7.172531	1
TGCTG	4163585	2.3736577	7.213063	2
CAGCC	3516970	2.3689995	5.5828857	9
CTCCT	4078330	2.3508174	6.7075915	1
AGGAG	4059675	2.3444235	7.0929046	5
CTGGA	4033510	2.3207445	8.983486	4
TCCTG	4037360	2.314414	9.527881	2
GGCTG	3493555	2.3061337	7.855043	7
CTGCA	3915875	2.26551	6.8124466	4
CCTGC	3341800	2.2304025	6.230667	3
TGCAG	3873115	2.228459	7.1293054	2
GCAGG	3314545	2.2081792	6.5228863	3
GGCAG	3311300	2.2060175	5.9791574	7
CTGCC	3284785	2.1923494	5.540966	9
CTTCT	4417655	2.1871026	5.0517344	1
CTGCT	3813755	2.1862328	6.3576465	9
CAGAG	3736285	2.1695902	7.2026553	4
AGCAG	3735365	2.1690562	5.456196	7
TGGAG	3769375	2.1568534	6.74598	5
CCCTG	3225920	2.1530612	8.501616	2
CTCTG	3749615	2.1494644	7.254296	2
GCCTG	3237620	2.1489966	6.507541	7
GCTGC	3188770	2.116572	5.394245	8
AGCTG	3615270	2.0801036	5.656175	7
CAGGG	3105110	2.0686517	8.451629	4
CAGGC	3040480	2.0367866	5.8431745	4
GGAGA	3510865	2.0274909	5.700286	6
CAGAA	3961760	2.0051792	5.524977	4
CACAG	3432855	2.004408	6.9187226	7
CTGGC	3012250	1.9994053	5.203256	4
CTCAG	3425430	1.9817655	5.9103737	2
CCCCA	2925030	1.9811602	6.452954	1
CTGTG	3456625	1.9706202	8.429891	9
GGGAG	2971745	1.9689242	5.192989	7
CTGAG	3392140	1.9517221	5.64436	4
TTCTG	3918165	1.929155	5.4048414	2
CCAGA	3232860	1.8876328	6.5998282	3
GGCCA	2776620	1.8600295	5.6741967	1
CCTCT	3195400	1.8418819	5.434194	1
TCTGG	3215800	1.8333259	6.2929897	3
TGGGG	2770110	1.8185323	5.631746	5
ACCTG	3103960	1.7957805	5.2278	7
CACTG	3093255	1.7895871	7.276618	7
TGGCC	2668115	1.770983	5.346712	5
CAGTG	3069755	1.7662327	6.1864038	9
CCTGA	3009875	1.741348	5.6114407	3
GCCCA	2521045	1.6981534	6.42769	1
TCAGG	2931405	1.6866308	5.7426653	3
ACAGA	3279345	1.6597863	5.7173066	8
GAGAG	2807680	1.6214085	5.2339606	7
AGGTG	2821230	1.6143205	5.130951	7
CCTGT	2807970	1.609667	5.256658	8
TGGGC	2424765	1.600614	5.982283	5
ACAGC	2484705	1.4507933	5.652031	8
CTGTC	2495215	1.4303805	5.5382714	9
GCCCT	2138750	1.4274561	5.4497046	1
GACAG	2432030	1.412234	6.951802	7
GGGCT	2138240	1.4114753	5.4897017	6
ACACA	2771305	1.4104	5.6026945	6
GTGTG	2460800	1.3951923	6.9106116	1
AGACA	2692610	1.3628201	5.3833995	6
CACAC	2320410	1.3623489	5.8621044	5
AGGGC	2014010	1.3417515	5.052559	5
ACTGC	2194195	1.2694404	5.1961813	8
GGACA	2179150	1.2653913	5.9354744	6
GTGCT	2129750	1.2141695	6.0895576	1
GTCCT	2095920	1.2014849	6.800667	1
GTCCA	2066305	1.1954505	6.8137436	1
AGCAC	1989155	1.1614468	5.277869	5
AGGAC	1976945	1.1479747	6.2933297	5
GTCTT	2328200	1.146317	5.459703	1
TGGAC	1901950	1.0943174	6.026172	5
GTGCA	1881465	1.0825311	5.904381	1
TGCAC	1869375	1.0815176	5.475288	5
ACAGT	2095625	1.0509573	5.4229903	8
ACTGT	2101060	1.0440382	6.1683655	8
GACTG	1807740	1.0401121	5.8734465	7
GGACT	1643975	0.94588727	5.1840425	6
GTGTA	1258225	0.62178946	5.3902874	1
>>END_MODULE
