##FastQC	0.10.1
>>Basic Statistics	pass
#Measure	Value	
Filename	032-F0_S5_L004_R1_001_trimmed.fq.gz	
File type	Conventional base calls	
Encoding	Sanger / Illumina 1.9	
Total Sequences	31620285	
Filtered Sequences	0	
Sequence length	20-51	
%GC	44	
>>END_MODULE
>>Per base sequence quality	pass
#Base	Mean	Median	Lower Quartile	Upper Quartile	10th Percentile	90th Percentile
1	35.09472593305215	36.0	36.0	36.0	36.0	36.0
2	35.085898118881595	36.0	36.0	36.0	36.0	36.0
3	35.065203681750496	36.0	36.0	36.0	36.0	36.0
4	35.055858636315264	36.0	36.0	36.0	36.0	36.0
5	35.03537340033463	36.0	36.0	36.0	36.0	36.0
6	34.996739276701646	36.0	36.0	36.0	36.0	36.0
7	34.97124671709948	36.0	36.0	36.0	36.0	36.0
8	34.967998612283225	36.0	36.0	36.0	36.0	36.0
9	34.951420741463906	36.0	36.0	36.0	36.0	36.0
10	34.926807459199054	36.0	36.0	36.0	36.0	36.0
11	34.91607782788802	36.0	36.0	36.0	36.0	36.0
12	34.889088317831416	36.0	36.0	36.0	36.0	36.0
13	34.876345548435125	36.0	36.0	36.0	36.0	36.0
14	34.85991100333219	36.0	36.0	36.0	36.0	36.0
15	34.850652453006035	36.0	36.0	36.0	36.0	36.0
16	34.83383694991996	36.0	36.0	36.0	36.0	36.0
17	34.826214153351245	36.0	36.0	36.0	36.0	36.0
18	34.82029896314976	36.0	36.0	36.0	36.0	36.0
19	34.80690610473625	36.0	36.0	36.0	36.0	36.0
20	34.8118196278117	36.0	36.0	36.0	36.0	36.0
21	34.79549064145658	36.0	36.0	36.0	36.0	36.0
22	34.78438870568605	36.0	36.0	36.0	36.0	36.0
23	34.771681423171984	36.0	36.0	36.0	36.0	36.0
24	34.758985431138605	36.0	36.0	36.0	32.0	36.0
25	34.752790120731106	36.0	36.0	36.0	32.0	36.0
26	34.74177109335221	36.0	36.0	36.0	32.0	36.0
27	34.724441504959586	36.0	36.0	36.0	32.0	36.0
28	34.7105855090619	36.0	36.0	36.0	32.0	36.0
29	34.69975911895951	36.0	36.0	36.0	32.0	36.0
30	34.685225334981936	36.0	36.0	36.0	32.0	36.0
31	34.67059970824465	36.0	36.0	36.0	32.0	36.0
32	34.652755280880875	36.0	36.0	36.0	32.0	36.0
33	34.61847347597028	36.0	36.0	36.0	32.0	36.0
34	34.602434976484766	36.0	36.0	36.0	32.0	36.0
35	34.58324800264833	36.0	36.0	36.0	32.0	36.0
36	34.566447093650424	36.0	36.0	36.0	32.0	36.0
37	34.54585850719577	36.0	36.0	36.0	32.0	36.0
38	34.533508122279834	36.0	36.0	36.0	32.0	36.0
39	34.50207588842577	36.0	36.0	36.0	32.0	36.0
40	34.49196145435596	36.0	36.0	36.0	32.0	36.0
41	34.476393907511984	36.0	36.0	36.0	32.0	36.0
42	34.44513097379802	36.0	36.0	36.0	32.0	36.0
43	34.42298182111505	36.0	36.0	36.0	32.0	36.0
44	34.40712778638289	36.0	36.0	36.0	32.0	36.0
45	34.38545807095698	36.0	36.0	36.0	32.0	36.0
46	34.359171101478125	36.0	36.0	36.0	32.0	36.0
47	34.375666358019494	36.0	36.0	36.0	32.0	36.0
48	34.36395423632226	36.0	36.0	36.0	32.0	36.0
49	34.40323352161484	36.0	36.0	36.0	32.0	36.0
50	34.455237581794854	36.0	36.0	36.0	32.0	36.0
51	34.556261703039084	36.0	36.0	36.0	32.0	36.0
>>END_MODULE
>>Per sequence quality scores	pass
#Quality	Count
8	7.0
9	6.0
10	18.0
11	37.0
12	72.0
13	96.0
14	151.0
15	224.0
16	404.0
17	892.0
18	2173.0
19	5113.0
20	11241.0
21	21787.0
22	36817.0
23	58603.0
24	90737.0
25	135572.0
26	198452.0
27	279405.0
28	379753.0
29	503867.0
30	658096.0
31	862951.0
32	1172117.0
33	1753935.0
34	3450341.0
35	1.4606177E7
36	7391241.0
>>END_MODULE
>>Per base sequence content	pass
#Base	G	A	T	C
1	22.06275303714146	27.281662610229297	27.690073573745522	22.96551077888373
2	22.015675270393164	27.34685352918756	27.96343938055902	22.67403181986026
3	21.96554955152798	27.39692556568802	27.854170440618827	22.783354442165173
4	22.149659709904427	27.037090004340953	28.204770266313627	22.60848001944099
5	22.207922850565982	27.13152756231032	27.79349081694865	22.867058770175046
6	21.646323298081107	27.5645338861963	28.012485842880096	22.776656972842492
7	21.683352260128842	27.56054843018922	28.08355988086097	22.67253942882097
8	21.847639481992427	27.397225875685216	28.012413945080954	22.7427206972414
9	21.64385105723729	27.515659445019015	28.135297579662872	22.705191918080832
10	21.80049263537471	27.574576447272563	28.055997306745294	22.568933610607424
11	22.289349164225346	27.58294494465572	27.743905601626945	22.383800289491987
12	21.650369923488412	27.75954788243119	28.12502638764042	22.465055806439974
13	21.693142977772613	27.56365913419688	28.31460691924595	22.428590968784565
14	21.740357188141644	27.28640378938708	28.48438021812368	22.488858804347593
15	21.621263032602688	27.565237773253692	28.291152133772755	22.522347060370866
16	21.757246253620103	27.95528524263403	28.17242575202372	22.115042751722143
17	21.872948611268242	27.70273148868716	27.85948743695738	22.56483246308722
18	21.783161413668285	28.128061305977997	27.85430658365606	22.234470696697656
19	21.914558593513277	27.811162376551028	28.124170928864572	22.150108101071115
20	22.00475898656118	27.56392820517751	28.075784618568818	22.355528189692496
21	22.033864390656355	27.678057197888727	28.112583396847178	22.175495014607733
22	21.80661932514965	27.88088222976016	28.13850047968076	22.173997965409427
23	21.854195505835854	27.613193580432664	28.10035980115504	22.43225111257644
24	21.739577985938794	27.97625651219556	28.07673499188464	22.20743050998101
25	21.797748743299326	27.93878068333127	27.947305376579042	22.316165196790365
26	21.952881594833215	27.898855625471036	27.879979941919945	22.268282837775804
27	21.88371189718549	28.00364791865755	28.003370566153606	22.109269618003353
28	21.662097989764074	27.971622053900884	27.993175538544236	22.373104417790806
29	21.970595742025502	27.724158972292066	28.07856074958519	22.22668453609724
30	21.81907329914024	28.052330397967047	27.928647165740944	22.19994913715177
31	21.920317655644386	27.957792157290985	27.96958141248811	22.152308774576515
32	21.899967883046873	27.973419615076534	27.873460939510675	22.25315156236592
33	21.789761189958178	27.7446502161851	28.15920909771422	22.3063794961425
34	21.952572040256513	28.10115674380549	27.981579973803957	21.964691242134045
35	21.916142810907395	27.746985258824907	27.96777988303444	22.36909204723326
36	22.05481704964532	28.023605177854026	27.75325188657673	22.168325885923927
37	21.79295690775666	27.951341123323424	27.932054485723977	22.323647483195934
38	21.831116342222657	27.821005136768424	27.94863478516174	22.399243735847175
39	21.746450748146728	27.91878501544229	27.998448606676853	22.336315629734127
40	21.81625206972051	27.888621494736032	28.13042850253018	22.16469793301328
41	22.074294216721515	27.89189939170747	27.93023140902069	22.103574982550324
42	22.047110045409656	27.9482918696968	27.909948795739748	22.094649289153793
43	21.957749543719103	28.104659457548024	27.865354216567162	22.072236782165707
44	21.997757105280378	27.808290684330405	27.798713449292684	22.395238761096532
45	21.925692593243863	27.93644601378992	27.94887888193367	22.188982511032556
46	21.903600219457232	28.196099149726518	27.73206159383179	22.16823903698446
47	21.95358679384174	27.878842081830417	27.873191781985707	22.29437934234214
48	21.96877235208809	28.250801431753057	28.00142630723438	21.778999908924472
49	22.19110517299661	28.217595178090203	27.973135960155144	21.61816368875804
50	22.28153822888562	28.40738733488436	27.96771827975756	21.343356156472463
51	21.70286706279818	28.956527634742198	28.12804947168619	21.212555830773432
>>END_MODULE
>>Per base GC content	pass
#Base	%GC
1	45.02826381602519
2	44.68970709025342
3	44.748903993693155
4	44.758139729345416
5	45.07498162074103
6	44.4229802709236
7	44.35589168894981
8	44.590360179233826
9	44.34904297531811
10	44.36942624598213
11	44.673149453717336
12	44.11542572992839
13	44.12173394655718
14	44.22921599248924
15	44.14361009297355
16	43.872289005342246
17	44.437781074355456
18	44.01763211036594
19	44.06466669458439
20	44.36028717625367
21	44.209359405264095
22	43.980617290559074
23	44.28644661841229
24	43.947008495919796
25	44.11391394008969
26	44.221164432609015
27	43.992981515188845
28	44.03520240755488
29	44.19728027812274
30	44.01902243629201
31	44.0726264302209
32	44.15311944541279
33	44.096140686100675
34	43.91726328239056
35	44.28523485814066
36	44.22314293556924
37	44.116604390952595
38	44.230360078069836
39	44.08276637788086
40	43.980950002733785
41	44.17786919927184
42	44.141759334563446
43	44.029986325884806
44	44.392995866376914
45	44.114675104276415
46	44.07183925644169
47	44.24796613618388
48	43.747772261012564
49	43.80926886175465
50	43.62489438535808
51	42.915422893571616
>>END_MODULE
>>Per sequence GC content	warn
#GC Content	Count
0	11457.0
1	10833.0
2	8338.5
3	6816.0
4	7304.5
5	8559.5
6	9894.5
7	12065.5
8	14350.5
9	18211.5
10	22300.0
11	29743.0
12	37222.5
13	50070.0
14	63929.5
15	86941.5
16	110801.0
17	146126.5
18	182503.5
19	231281.5
20	280646.5
21	341554.5
22	403961.0
23	478915.5
24	555164.0
25	631956.0
26	779043.0
27	875305.5
28	981579.0
29	1090338.5
30	1203061.5
31	1317181.0
32	1434109.0
33	1553288.0
34	1661016.0
35	1764074.5
36	1837170.0
37	1902167.5
38	1930097.5
39	1957848.5
40	1962167.0
41	1959811.5
42	1947050.5
43	1925859.5
44	1883307.0
45	1837536.5
46	1787270.0
47	1735336.0
48	1682352.5
49	1629020.5
50	1581678.5
51	1536559.0
52	1495604.0
53	1453891.0
54	1413571.5
55	1371432.5
56	1323114.0
57	1270301.5
58	1206979.5
59	1133786.0
60	1055397.0
61	973208.5
62	887826.0
63	807196.0
64	720243.5
65	635120.0
66	558894.5
67	484938.5
68	415768.0
69	348789.0
70	295949.0
71	246071.5
72	205282.5
73	167704.0
74	136630.0
75	101124.5
76	83793.0
77	68961.5
78	55023.5
79	44354.5
80	34667.0
81	28288.0
82	22526.5
83	18118.5
84	14098.5
85	11158.5
86	8472.0
87	6764.5
88	5226.5
89	4045.5
90	2964.5
91	2330.0
92	1764.5
93	1449.5
94	1156.0
95	983.5
96	829.0
97	757.0
98	709.0
99	906.5
100	1091.0
>>END_MODULE
>>Per base N content	pass
#Base	N-Count
1	5.502796701547756E-4
2	1.0436338571900917E-4
3	9.171327835912928E-5
4	0.0015781008931450174
5	0.0012744983165079
6	4.8386660651540615E-4
7	0.0034534793092472127
8	0.001141672189229161
9	0.0047690904746747215
10	0.0017393897619834863
11	0.002394032817857271
12	0.0011638098771089508
13	0.0016128886883846872
14	0.008595747951038391
15	0.007488863557048901
16	0.010847467061097014
17	0.009436980090470405
18	0.005803236751344904
19	0.0113123585065726
20	0.008314283062281064
21	0.013909741982516842
22	0.013743117588040716
23	0.012622284927954478
24	0.010095740264517922
25	0.007096518115007088
26	0.010192912487861696
27	0.01777290460769564
28	0.01194364730581862
29	0.009618108664298504
30	0.00745309615797055
31	0.010941386715585226
32	0.014747142873570892
33	0.02115088963576482
34	0.013758349864521516
35	0.010770963613682514
36	0.009995545203275703
37	0.0124011836402937
38	0.009905912673255598
39	0.01155595853257105
40	0.011469159140588554
41	0.010617567804785955
42	0.00784057171743065
43	0.01014878113138612
44	0.008886699498285919
45	0.007390268834527441
46	0.0067134797778161375
47	0.0066028047610229125
48	0.006567815273405922
49	0.008436301126846157
50	0.006671967670425718
51	0.006452598668888919
>>END_MODULE
>>Sequence Length Distribution	warn
#Length	Count
20	30914.0
21	31757.0
22	34003.0
23	35083.0
24	36484.0
25	38059.0
26	40385.0
27	43137.0
28	45726.0
29	49396.0
30	50994.0
31	52893.0
32	54747.0
33	55545.0
34	58287.0
35	59108.0
36	59937.0
37	64233.0
38	68168.0
39	72740.0
40	76134.0
41	80084.0
42	84732.0
43	94025.0
44	115367.0
45	174106.0
46	314741.0
47	831453.0
48	1782717.0
49	3569029.0
50	4857152.0
51	1.8659149E7
>>END_MODULE
>>Sequence Duplication Levels	warn
#Total Duplicate Percentage	40.04992427493869
#Duplication Level	Relative count
1	100.0
2	24.288406309916642
3	11.85866050048139
4	6.908157303555705
5	4.49626819614394
6	3.050451354887552
7	2.1880631649975726
8	1.630966977444599
9	1.2812389424224222
10++	8.875686084115763
>>END_MODULE
>>Overrepresented sequences	pass
>>END_MODULE
>>Kmer Content	warn
#Sequence	Count	Obs/Exp Overall	Obs/Exp Max	Max Obs/Exp Position
AAAAA	10532230	4.4073462	5.4401283	47
TTTTT	9533240	3.852805	4.4486794	13
CCTGG	2953990	3.07379	3.8871176	9
CCAGG	2863100	3.0000312	3.4259481	35
>>END_MODULE
