##FastQC	0.10.1
>>Basic Statistics	pass
#Measure	Value	
Filename	004-F5_S4_L003_R1_001.fastq.gz	
File type	Conventional base calls	
Encoding	Sanger / Illumina 1.9	
Total Sequences	15844928	
Filtered Sequences	0	
Sequence length	35-75	
%GC	46	
>>END_MODULE
>>Per base sequence quality	pass
#Base	Mean	Median	Lower Quartile	Upper Quartile	10th Percentile	90th Percentile
1	31.270461247914792	32.0	32.0	32.0	32.0	32.0
2	31.337194526854272	32.0	32.0	32.0	32.0	32.0
3	31.429862982021756	32.0	32.0	32.0	32.0	32.0
4	31.537000546799582	32.0	32.0	32.0	32.0	32.0
5	31.488813013224167	32.0	32.0	32.0	32.0	32.0
6	35.054861719788185	36.0	36.0	36.0	36.0	36.0
7	35.042658824325365	36.0	36.0	36.0	36.0	36.0
8	34.978312492174155	36.0	36.0	36.0	36.0	36.0
9	35.14124033886427	36.0	36.0	36.0	36.0	36.0
10	35.00384558389915	36.0	36.0	36.0	36.0	36.0
11	35.091495019731234	36.0	36.0	36.0	36.0	36.0
12	35.041649731699636	36.0	36.0	36.0	36.0	36.0
13	35.07733850226394	36.0	36.0	36.0	36.0	36.0
14	35.03771812658284	36.0	36.0	36.0	36.0	36.0
15	34.99723078577574	36.0	36.0	36.0	36.0	36.0
16	35.027660018398315	36.0	36.0	36.0	36.0	36.0
17	35.00714209619633	36.0	36.0	36.0	36.0	36.0
18	34.997388186301635	36.0	36.0	36.0	36.0	36.0
19	35.00702666493657	36.0	36.0	36.0	36.0	36.0
20	35.00928827193156	36.0	36.0	36.0	36.0	36.0
21	34.98272444027515	36.0	36.0	36.0	36.0	36.0
22	34.98536124619815	36.0	36.0	36.0	36.0	36.0
23	34.95219214628176	36.0	36.0	36.0	36.0	36.0
24	34.93221957209272	36.0	36.0	36.0	36.0	36.0
25	34.93399244225029	36.0	36.0	36.0	36.0	36.0
26	34.876736454719136	36.0	36.0	36.0	36.0	36.0
27	34.84280780575336	36.0	36.0	36.0	36.0	36.0
28	34.836377924847625	36.0	36.0	36.0	36.0	36.0
29	34.80989317212423	36.0	36.0	36.0	32.0	36.0
30	34.79153840269896	36.0	36.0	36.0	32.0	36.0
31	34.762945593694084	36.0	36.0	36.0	32.0	36.0
32	34.73433656498786	36.0	36.0	36.0	32.0	36.0
33	34.70870110612052	36.0	36.0	36.0	32.0	36.0
34	34.699290081974496	36.0	36.0	36.0	32.0	36.0
35	34.69193428963514	36.0	36.0	36.0	32.0	36.0
36	34.730866948013436	36.0	36.0	36.0	32.0	36.0
37	34.71953473394265	36.0	36.0	36.0	32.0	36.0
38	34.71285910384769	36.0	36.0	36.0	32.0	36.0
39	34.70183075151242	36.0	36.0	36.0	32.0	36.0
40	34.70982245679186	36.0	36.0	36.0	32.0	36.0
41	34.70175778923026	36.0	36.0	36.0	32.0	36.0
42	34.688797166872405	36.0	36.0	36.0	32.0	36.0
43	34.68166576043777	36.0	36.0	36.0	32.0	36.0
44	34.667540489367575	36.0	36.0	36.0	32.0	36.0
45	34.65521667982122	36.0	36.0	36.0	32.0	36.0
46	34.635150834487575	36.0	36.0	36.0	32.0	36.0
47	34.629569775810516	36.0	36.0	36.0	32.0	36.0
48	34.607932773048546	36.0	36.0	36.0	32.0	36.0
49	34.59251044785091	36.0	36.0	36.0	32.0	36.0
50	34.57985115656614	36.0	36.0	36.0	32.0	36.0
51	34.56681715747139	36.0	36.0	36.0	32.0	36.0
52	34.556842621553166	36.0	36.0	36.0	32.0	36.0
53	34.525903863919744	36.0	36.0	36.0	32.0	36.0
54	34.50328644107637	36.0	36.0	36.0	32.0	36.0
55	34.46855961929289	36.0	36.0	36.0	32.0	36.0
56	34.446691391945066	36.0	36.0	36.0	32.0	36.0
57	34.42230190196061	36.0	36.0	36.0	32.0	36.0
58	34.408795386806425	36.0	36.0	36.0	32.0	36.0
59	34.38374451531706	36.0	36.0	36.0	32.0	36.0
60	34.35309363527865	36.0	36.0	36.0	32.0	36.0
61	34.33278708512822	36.0	36.0	36.0	32.0	36.0
62	34.2958074519062	36.0	36.0	36.0	32.0	36.0
63	34.276358321699476	36.0	36.0	36.0	32.0	36.0
64	34.24620355913694	36.0	36.0	36.0	32.0	36.0
65	34.230078852794	36.0	36.0	36.0	32.0	36.0
66	34.17031227382602	36.0	36.0	36.0	32.0	36.0
67	34.15330883384679	36.0	36.0	36.0	32.0	36.0
68	34.119923483333295	36.0	36.0	36.0	32.0	36.0
69	34.095450742197116	36.0	36.0	36.0	32.0	36.0
70	34.065919182604596	36.0	36.0	36.0	32.0	36.0
71	34.02628379728158	36.0	36.0	36.0	32.0	36.0
72	33.99017516583275	36.0	36.0	36.0	32.0	36.0
73	33.95218492129595	36.0	36.0	36.0	32.0	36.0
74	33.907276682673924	36.0	36.0	36.0	32.0	36.0
75	33.12720937607629	36.0	36.0	36.0	21.0	36.0
>>END_MODULE
>>Per sequence quality scores	pass
#Quality	Count
2	27302.0
3	0.0
4	0.0
5	0.0
6	0.0
7	0.0
8	0.0
9	0.0
10	0.0
11	0.0
12	0.0
13	0.0
14	0.0
15	0.0
16	0.0
17	3.0
18	74.0
19	578.0
20	2543.0
21	6912.0
22	13627.0
23	22852.0
24	37104.0
25	59760.0
26	94646.0
27	141772.0
28	202920.0
29	277714.0
30	369683.0
31	490499.0
32	677335.0
33	1055885.0
34	2396442.0
35	9967277.0
>>END_MODULE
>>Per base sequence content	fail
#Base	G	A	T	C
1	42.28076721067565	18.404500376483483	12.31177801808145	27.002954394759414
2	15.929741872327794	19.897506828536898	36.216768018903686	27.95598328023162
3	18.751745679155647	21.443748891268513	28.254714076562436	31.549791353013408
4	13.064166519046537	15.42025333005092	35.211149890634665	36.304430260267885
5	14.847417684550134	35.096315970550826	33.99854693744814	16.057719407450904
6	34.59720041520477	34.934987374795895	16.200105027738275	14.267707182261061
7	30.546802073524194	29.390950474837545	20.364741237798732	19.69750621383953
8	26.4074646852821	34.97507148038523	19.666503683928298	18.950960150404363
9	24.7345893458425	15.764028194055632	19.695762046793302	39.80562041330856
10	14.320132490172671	27.590764884692558	34.57144580356117	23.517656821573603
11	34.67219661716533	22.54893308235587	23.40768416390277	19.37118613657603
12	22.515210558049528	24.051019041165063	30.633805020740677	22.799965380044732
13	27.8424398199831	20.482169701066393	25.994159932723154	25.68123054622735
14	20.494055332341066	20.60519088173879	27.014340525670704	31.88641326024944
15	22.810316889474425	29.417508866865177	23.06975579160349	24.70241845205691
16	22.825720138514217	28.403614408321072	25.498631838924556	23.272033614240154
17	21.82877060649196	28.048587433178813	27.289299733941736	22.833342226387487
18	22.229751869973164	27.682721506779245	27.84822834848525	22.239298274762348
19	22.79067303293586	27.06642224589778	27.376287274146183	22.76661744702018
20	22.773183663596622	27.031679051829794	27.57145814069432	22.62367914387926
21	22.55611556373883	26.645616731613202	27.297490786544078	23.50077691810389
22	22.526389231860712	26.82422128326969	27.497166768262186	23.152222716607408
23	22.442659437567944	26.818411568665322	27.4080222891591	23.330906704607635
24	22.664804101604965	26.530355749631756	27.680219512261427	23.124620636501856
25	22.757816560967324	26.567298283307117	27.32266388898477	23.352221266740784
26	22.267630081483794	27.000983207085973	27.52957713497299	23.201809576457247
27	22.419682781688024	26.96737505864526	27.388470321056452	23.224471838610263
28	22.37827598149052	26.89301795351591	27.37887468068849	23.349831384305077
29	22.34634123705383	26.9473954794952	27.456808593255595	23.249454690195375
30	22.39475027823571	26.97386771785521	27.457299890931097	23.174082112977988
31	22.899844824801228	26.839796543155554	27.159655333408566	23.100703298634652
32	22.224327468610017	27.144048038561543	27.5522951421408	23.079329350687644
33	22.34417478324497	26.960524923272306	27.644413896244608	23.05088639723812
34	22.376461549919057	26.764996213717534	27.78936611600249	23.06917612036092
35	22.34162564805902	27.006556865894726	27.56943554965103	23.082381936395226
36	22.448862754316647	27.270876052347475	27.50329996279041	22.776961230545464
37	22.579443389746718	26.924503960012885	27.17232134354758	23.323731306692817
38	22.43750536827389	27.38297955285884	27.249120553920292	22.93039452494698
39	22.690449369136058	27.032566081615094	27.404965481891807	22.872019067357037
40	22.746608891399998	26.802630901590323	27.443736800527248	23.00702340648243
41	22.769235939060863	26.90863762679106	27.41899679133712	22.903129642810953
42	22.51805745329946	27.172556023662768	27.42679226928556	22.882594253752213
43	22.58039597382834	26.93561267617278	27.402612633335195	23.08137871666369
44	22.46347266977682	27.23554360015848	27.364189897668155	22.936793832396546
45	22.55134426721979	27.217419817165638	27.20250199112607	23.028733924488503
46	22.61206714428727	27.082218425059224	27.19900366210044	23.106710768553068
47	22.67500839140391	27.161198354255212	27.272120615877565	22.891672638463312
48	22.405066915835	27.214208838080655	27.268035080314995	23.11268916576935
49	22.76644807326795	26.903509398460397	27.284017688710115	23.04602483956154
50	22.546745517352996	27.329753876028505	27.20673270729112	22.916767899327375
51	22.62825017568517	27.215794124578697	27.212910686210922	22.94304501352521
52	22.60969685827458	27.254149641511493	27.115587381850347	23.020566118363575
53	22.55016027466146	27.026977637254863	27.380988354429718	23.041873733653958
54	22.673531365713533	27.383891864499237	27.23655465330373	22.706022116483496
55	22.659782558265213	26.952607366884973	27.23007122607054	23.15753884877928
56	22.750369638838254	27.285819262157112	26.990272731431098	22.973538367573536
57	22.598058239865395	27.197276864697645	27.088123574067552	23.116541321369404
58	22.59884005351317	27.085196763676727	27.11257710529334	23.20338607751676
59	22.560989501596676	27.213631949919154	27.146884855516685	23.078493692967484
60	22.606146652501874	27.169407941202966	27.34308077822488	22.881364628070276
61	22.843922506052962	27.092533099102784	27.115441435009714	22.94810295983454
62	22.759623437935172	27.21035597316502	27.158791512525994	22.871229076373815
63	22.734095592240827	27.393203995857295	27.056723711380158	22.815976700521716
64	22.775249094011784	27.07653511622137	27.005365880829846	23.142849908937002
65	22.672490698636498	27.28932805547377	27.139760842894457	22.898420402995274
66	22.674897449655372	27.549528360924974	26.892093311290495	22.88348087812916
67	22.80185889472907	27.10914775940722	26.99579535716044	23.09319798870327
68	22.793530183059467	27.439731436179965	27.178019097768054	22.588719282992518
69	23.047969315408842	27.23806741700488	27.080312198259332	22.633651069326945
70	23.156159728545333	27.062282670867855	26.99850144544963	22.78305615513718
71	22.889878967665627	27.46959803385536	26.919243797793165	22.721279200685853
72	22.837635273535902	27.61321863051912	27.13630366521166	22.41284243073332
73	23.646007756419166	28.245530547125032	27.05959429271425	21.04886740374155
74	24.75471017003206	30.57693688288479	27.339194023234946	17.329158923848205
75	30.26324985513062	41.06989682529855	28.66685331957083	0.0
>>END_MODULE
>>Per base GC content	fail
#Base	%GC
1	69.28372160543506
2	43.88572515255941
3	50.30153703216905
4	49.368596779314416
5	30.905137092001038
6	48.86490759746583
7	50.24430828736372
8	45.35842483568647
9	64.54020975915107
10	37.83778931174628
11	54.04338275374136
12	45.31517593809426
13	53.52367036621045
14	52.3804685925905
15	47.51273534153133
16	46.09775375275437
17	44.66211283287945
18	44.46905014473551
19	45.55729047995604
20	45.396862807475884
21	46.05689248184272
22	45.678611948468124
23	45.773566142175575
24	45.78942473810682
25	46.11003782770811
26	45.46943965794104
27	45.64415462029829
28	45.7281073657956
29	45.595795927249206
30	45.56883239121369
31	46.00054812343588
32	45.30365681929766
33	45.39506118048309
34	45.44563767027998
35	45.424007584454245
36	45.22582398486211
37	45.903174696439535
38	45.36789989322087
39	45.5624684364931
40	45.75363229788243
41	45.67236558187182
42	45.40065170705167
43	45.66177469049203
44	45.400266502173366
45	45.58007819170829
46	45.718777912840345
47	45.56668102986722
48	45.51775608160435
49	45.81247291282949
50	45.46351341668037
51	45.57129518921038
52	45.63026297663816
53	45.592034008315416
54	45.37955348219703
55	45.81732140704449
56	45.72390800641179
57	45.7145995612348
58	45.80222613102993
59	45.639483194564164
60	45.48751128057215
61	45.792025465887505
62	45.63085251430899
63	45.550072292762536
64	45.918099002948786
65	45.57091110163177
66	45.55837832778453
67	45.89505688343234
68	45.38224946605198
69	45.68162038473579
70	45.939215883682515
71	45.61115816835149
72	45.25047770426922
73	44.69487516016072
74	42.08386909388026
75	30.26324985513062
>>END_MODULE
>>Per sequence GC content	warn
#GC Content	Count
0	27306.0
1	13657.5
2	15.5
3	34.0
4	47.5
5	81.5
6	158.0
7	264.0
8	330.5
9	429.0
10	791.5
11	1411.5
12	1792.5
13	2437.5
14	4119.5
15	6635.0
16	8593.5
17	12128.0
18	19576.0
19	29274.0
20	36212.0
21	46653.0
22	66435.0
23	88995.5
24	104261.5
25	124198.5
26	157901.0
27	192034.5
28	215491.5
29	244938.0
30	291807.0
31	339461.0
32	373366.5
33	413113.5
34	477769.5
35	540741.5
36	580063.0
37	619298.0
38	660387.0
39	683315.0
40	698675.0
41	706485.5
42	708332.5
43	707660.5
44	710368.0
45	709331.5
46	696574.0
47	680128.0
48	673653.5
49	663714.5
50	641690.0
51	621122.5
52	609747.5
53	598347.0
54	578831.0
55	556818.0
56	542546.0
57	528521.0
58	501040.5
59	464710.0
60	432713.5
61	396592.5
62	351044.5
63	307736.0
64	272737.0
65	242295.0
66	202826.5
67	163331.0
68	135609.5
69	114981.0
70	91396.0
71	68640.0
72	53087.5
73	42576.5
74	31617.5
75	22443.0
76	16732.0
77	12945.5
78	9148.0
79	5981.5
80	4079.0
81	3055.5
82	2101.5
83	1317.0
84	913.5
85	716.0
86	569.0
87	431.0
88	327.0
89	284.0
90	231.5
91	161.5
92	123.5
93	172.5
94	184.5
95	105.5
96	65.5
97	51.5
98	26.0
99	28.0
100	42.0
>>END_MODULE
>>Per base N content	pass
#Base	N-Count
1	0.18194465762166923
2	0.17345613687862765
3	0.1723075043319856
4	0.1723075043319856
5	0.1723075043319856
6	0.1776846193305517
7	0.17300804396208047
8	0.1723075043319856
9	0.17567135679000875
10	0.1723075043319856
11	0.1723327490033404
12	0.17331098001833772
13	0.1723075043319856
14	0.17233906017117906
15	0.1724905281993077
16	0.17258519571688807
17	0.17254732870985592
18	0.17327311301130557
19	0.1729007541088227
20	0.17258519571688807
21	0.1723075043319856
22	0.1723075043319856
23	0.17275559724853276
24	0.1723895495138886
25	0.17306484447262874
26	0.172320126667663
27	0.17271773024150064
28	0.1723075043319856
29	0.17238323834604993
30	0.17295124345153226
31	0.17244003885659814
32	0.1723075043319856
33	0.1723075043319856
34	0.1723075043319856
35	0.17235799367469515
36	1.3917201255888242E-4
37	0.0
38	0.0
39	6.346815111055936E-6
40	3.813267833255458E-5
41	0.0
42	0.0
43	0.0
44	0.0
45	0.0
46	0.0
47	0.0
48	0.0
49	0.0
50	0.0
51	0.0
52	0.0
53	0.0
54	0.0
55	0.0
56	7.897907956069467E-5
57	0.0
58	0.0
59	0.0
60	0.0
61	1.336932176494834E-5
62	0.0
63	2.6914647462527406E-5
64	0.0
65	0.0
66	0.0
67	0.0
68	0.0
69	8.259789089038875E-5
70	0.0
71	0.0
72	0.0
73	6.495192150516984E-5
74	0.0
75	0.0
>>END_MODULE
>>Sequence Length Distribution	warn
#Length	Count
35	37152.0
36	13888.0
37	18333.0
38	19621.0
39	21398.0
40	22072.0
41	23513.0
42	25138.0
43	27918.0
44	30404.0
45	32461.0
46	33318.0
47	34264.0
48	34563.0
49	36143.0
50	36459.0
51	37679.0
52	38469.0
53	40863.0
54	42891.0
55	44484.0
56	45476.0
57	46345.0
58	46739.0
59	47233.0
60	48482.0
61	48189.0
62	49637.0
63	50621.0
64	53930.0
65	56173.0
66	55595.0
67	58851.0
68	58410.0
69	66280.0
70	75202.0
71	133669.0
72	396662.0
73	1069285.0
74	3257844.0
75	9529274.0
>>END_MODULE
>>Sequence Duplication Levels	warn
#Total Duplicate Percentage	29.570191545607145
#Duplication Level	Relative count
1	100.0
2	20.29719925350705
3	7.7724734219153
4	3.635308836994737
5	2.057748359183331
6	1.2434559548190034
7	0.8296695999832249
8	0.5584717863408565
9	0.4277656235802305
10++	2.9705946081960453
>>END_MODULE
>>Overrepresented sequences	warn
#Sequence	Count	Percentage	Possible Source
NNNNNNNNNNNNNNNNNNNNNNNNNNNNNNNNNNN	27302	0.1723075043319856	No Hit
>>END_MODULE
>>Kmer Content	warn
#Sequence	Count	Obs/Exp Overall	Obs/Exp Max	Max Obs/Exp Position
AAAAA	5043185	3.3523188	7.442418	71
TTTTT	4910260	3.1586735	5.611181	71
CCTGG	2508990	2.9910872	11.5811205	3
CCAGG	2441635	2.9299414	12.998849	3
CAGCA	2679605	2.7646177	7.3585057	4
CCCAG	2289625	2.7288752	11.241322	2
TGCTG	2601785	2.6674635	6.8961287	2
CTGGG	2214155	2.6576455	9.732409	4
CCAGC	2149350	2.5616894	6.6235404	3
GGAGG	2058290	2.5038166	5.592817	6
GCTGG	2069045	2.4834704	5.817956	3
TCCAG	2405650	2.465748	9.916302	2
AGCAG	2365485	2.457216	5.68696	7
CTGCT	2372355	2.4157274	6.7878203	9
AGGAG	2278575	2.3831172	7.437397	5
CAGGA	2267895	2.3558416	10.3991585	4
GCTGC	1967175	2.3451638	5.7213187	8
CTCCT	2314175	2.3404834	6.510941	1
CTGGA	2260950	2.3332758	8.82713	4
CTCCA	2288710	2.3299582	7.16755	1
AGAAG	2570765	2.3116953	5.137465	5
CAGCC	1932325	2.3030295	5.360393	9
TCCTG	2230900	2.271686	9.113123	2
GGCTG	1872105	2.2470837	8.0750675	7
CAGAG	2150525	2.23392	7.9717584	4
GGCAG	1832010	2.2134256	6.1007233	7
CCTGC	1850905	2.1915703	6.3026204	3
GCAGG	1805165	2.1809916	6.4302926	3
CTGCA	2118595	2.1715217	6.530842	4
CTCTG	2125155	2.164008	7.254246	2
TGCAG	2092685	2.1596282	6.597553	2
CTGCC	1818890	2.1536627	5.6730947	9
CCCTG	1810260	2.1434445	8.7474785	2
TGGAG	2059490	2.1399014	6.4095993	5
CACAG	2070750	2.1364462	7.810212	7
CAGGG	1731660	2.092183	9.169969	4
AGCTG	2021880	2.0865583	5.9969263	7
GCCTG	1727495	2.0594296	6.674776	7
CTGTG	1998410	2.0488572	8.956748	9
GGAGA	1947280	2.036622	5.6732073	6
GCCAG	1675575	2.010676	5.239725	2
CAGAA	2231010	1.9925573	5.612549	4
CTGGC	1664800	1.9846879	5.180412	4
CAGGC	1646465	1.975744	5.8404336	4
CTCAG	1904175	1.9517453	6.2231417	2
CCCCA	1629570	1.9290056	6.7500896	1
CTGAG	1865855	1.9255421	5.7408504	4
TTCTG	2190470	1.9182383	5.1414213	2
GGGAG	1573290	1.913836	5.135584	7
CCAGA	1841950	1.9003874	7.089955	3
CCTCT	1836150	1.857024	5.361767	1
AGAGG	1759465	1.8401902	5.1701307	5
TCTGG	1793405	1.8386772	6.217639	3
GGCCA	1528710	1.834439	5.762227	1
CAGTG	1774760	1.8315331	6.477332	9
CACTG	1760450	1.8044298	7.561539	7
TGGGG	1489985	1.800652	5.5475216	5
ACCTG	1755430	1.7992843	5.3153453	7
GAGAG	1675050	1.7519021	5.6523795	7
TGGCC	1459235	1.739624	5.221233	5
CCTGA	1672485	1.714267	5.536711	3
ACAGA	1917595	1.7126404	6.1499786	8
GCCCA	1397750	1.6658995	7.0518994	1
TCAGG	1612680	1.6642684	5.847446	3
ACACA	1874290	1.6625978	6.89194	6
CACAC	1595040	1.6344701	7.155321	5
GTGTG	1564760	1.6152277	6.5241895	1
AGGTG	1552635	1.6132566	5.1525183	7
CCTGT	1568050	1.5967177	5.4250674	8
TGTGT	1787240	1.5758214	6.07361	10
ACAGG	1514410	1.5731373	5.1050878	8
ACAGC	1523420	1.5717517	6.127207	8
TGGGC	1309275	1.57152	6.0243883	5
GCTGT	1481875	1.5192832	5.397206	8
GACAG	1408620	1.4632449	7.1876507	7
CTGTC	1436635	1.4629002	5.779867	9
AGACA	1576920	1.4083772	5.641962	6
GGGCT	1171735	1.406431	5.742118	6
GCCCT	1186825	1.4052643	5.4716544	1
AGGGC	1120965	1.3543445	5.4795456	5
GTCCT	1303945	1.3277842	8.60024	1
GGACA	1273215	1.322589	6.432642	6
GCACA	1245845	1.2853705	5.072451	6
AGGAC	1233180	1.2810014	9.125875	5
GTGCT	1238450	1.269713	5.748449	1
AGCAC	1209125	1.2474855	5.993584	5
TGTGC	1207185	1.2376589	6.041199	10
ACTGC	1190195	1.2199286	5.223261	8
GTCCA	1188475	1.2181655	6.769044	1
TGGAC	1094135	1.1291356	6.0963836	5
GTGCA	1059860	1.0937641	5.5403786	1
ACAGT	1232370	1.0934587	5.6976757	8
ACTGT	1214915	1.0709252	6.2510295	8
GACTG	1029000	1.0619168	6.141537	7
TGCAC	1030260	1.0559981	5.357273	5
GGACC	851590	1.0219008	5.5005975	6
AGACT	1115335	0.98961586	5.1382737	6
ACACT	1111280	0.97932285	5.0951924	6
GGACT	928905	0.9586199	5.3391767	6
CTACA	1079685	0.95147955	5.1805763	4
TGTAG	1071845	0.9512707	5.5825095	2
TAGGA	907865	0.8110383	5.612751	4
TCCTA	902915	0.79049885	5.1479454	2
GTGTA	762315	0.67656046	5.637466	1
>>END_MODULE
