##FastQC	0.10.1
>>Basic Statistics	pass
#Measure	Value	
Filename	008-F0_S1_L001_R1_001.fastq.gz	
File type	Conventional base calls	
Encoding	Sanger / Illumina 1.9	
Total Sequences	23148125	
Filtered Sequences	0	
Sequence length	35-75	
%GC	45	
>>END_MODULE
>>Per base sequence quality	pass
#Base	Mean	Median	Lower Quartile	Upper Quartile	10th Percentile	90th Percentile
1	31.445460571860572	32.0	32.0	32.0	32.0	32.0
2	31.49187551907552	32.0	32.0	32.0	32.0	32.0
3	31.615327418527418	32.0	32.0	32.0	32.0	32.0
4	31.695462202662203	32.0	32.0	32.0	32.0	32.0
5	31.68430522990523	32.0	32.0	32.0	32.0	32.0
6	35.36974484974485	36.0	36.0	36.0	36.0	36.0
7	35.388858406458404	36.0	36.0	36.0	36.0	36.0
8	35.347485897885896	36.0	36.0	36.0	36.0	36.0
9	35.42578645138645	36.0	36.0	36.0	36.0	36.0
10	35.3471005967006	36.0	36.0	36.0	36.0	36.0
11	35.41022873342873	36.0	36.0	36.0	36.0	36.0
12	35.35917254637255	36.0	36.0	36.0	36.0	36.0
13	35.38355771795772	36.0	36.0	36.0	36.0	36.0
14	35.36203083403083	36.0	36.0	36.0	36.0	36.0
15	35.3319988983989	36.0	36.0	36.0	36.0	36.0
16	35.346748127548125	36.0	36.0	36.0	36.0	36.0
17	35.34650594810595	36.0	36.0	36.0	36.0	36.0
18	35.34307875907876	36.0	36.0	36.0	36.0	36.0
19	35.331382347382345	36.0	36.0	36.0	36.0	36.0
20	35.329483014283014	36.0	36.0	36.0	36.0	36.0
21	35.31343808623809	36.0	36.0	36.0	36.0	36.0
22	35.30372667332667	36.0	36.0	36.0	36.0	36.0
23	35.28777082377082	36.0	36.0	36.0	36.0	36.0
24	35.28897191457192	36.0	36.0	36.0	36.0	36.0
25	35.273513167913165	36.0	36.0	36.0	36.0	36.0
26	35.23644122364122	36.0	36.0	36.0	36.0	36.0
27	35.21932839052839	36.0	36.0	36.0	36.0	36.0
28	35.213522607122606	36.0	36.0	36.0	36.0	36.0
29	35.200828101628105	36.0	36.0	36.0	36.0	36.0
30	35.17443827523827	36.0	36.0	36.0	36.0	36.0
31	35.16165844965845	36.0	36.0	36.0	36.0	36.0
32	35.14707964467964	36.0	36.0	36.0	36.0	36.0
33	35.13985918945919	36.0	36.0	36.0	36.0	36.0
34	35.12602593082593	36.0	36.0	36.0	36.0	36.0
35	35.10965730485731	36.0	36.0	36.0	36.0	36.0
36	35.11111918445387	36.0	36.0	36.0	36.0	36.0
37	35.09966213696843	36.0	36.0	36.0	36.0	36.0
38	35.07445277069334	36.0	36.0	36.0	36.0	36.0
39	35.06512400334471	36.0	36.0	36.0	36.0	36.0
40	35.06458215141277	36.0	36.0	36.0	36.0	36.0
41	35.04595107205031	36.0	36.0	36.0	36.0	36.0
42	35.03739514707171	36.0	36.0	36.0	36.0	36.0
43	35.01882091934503	36.0	36.0	36.0	36.0	36.0
44	35.00566949052228	36.0	36.0	36.0	36.0	36.0
45	34.98838696371157	36.0	36.0	36.0	36.0	36.0
46	34.982711864009836	36.0	36.0	36.0	36.0	36.0
47	34.98150382719166	36.0	36.0	36.0	36.0	36.0
48	34.9577784752996	36.0	36.0	36.0	36.0	36.0
49	34.9402001437338	36.0	36.0	36.0	36.0	36.0
50	34.93330997492456	36.0	36.0	36.0	36.0	36.0
51	34.91356810508315	36.0	36.0	36.0	36.0	36.0
52	34.89606301207729	36.0	36.0	36.0	36.0	36.0
53	34.878266295074525	36.0	36.0	36.0	36.0	36.0
54	34.86492946849928	36.0	36.0	36.0	36.0	36.0
55	34.844280499676636	36.0	36.0	36.0	36.0	36.0
56	34.828986998358	36.0	36.0	36.0	36.0	36.0
57	34.82354521534329	36.0	36.0	36.0	36.0	36.0
58	34.80766643649893	36.0	36.0	36.0	36.0	36.0
59	34.78468879864508	36.0	36.0	36.0	36.0	36.0
60	34.76365076866618	36.0	36.0	36.0	36.0	36.0
61	34.745290952749365	36.0	36.0	36.0	36.0	36.0
62	34.725832557234156	36.0	36.0	36.0	36.0	36.0
63	34.70832524846162	36.0	36.0	36.0	36.0	36.0
64	34.69102154742477	36.0	36.0	36.0	36.0	36.0
65	34.662113727142426	36.0	36.0	36.0	32.0	36.0
66	34.635635036025825	36.0	36.0	36.0	32.0	36.0
67	34.6167850965569	36.0	36.0	36.0	32.0	36.0
68	34.58746887729813	36.0	36.0	36.0	32.0	36.0
69	34.579945539532126	36.0	36.0	36.0	32.0	36.0
70	34.55839538420594	36.0	36.0	36.0	32.0	36.0
71	34.529581186374735	36.0	36.0	36.0	32.0	36.0
72	34.51209555253761	36.0	36.0	36.0	32.0	36.0
73	34.471481126687685	36.0	36.0	36.0	32.0	36.0
74	34.436428752161305	36.0	36.0	36.0	32.0	36.0
75	33.787964154103655	36.0	36.0	36.0	32.0	36.0
>>END_MODULE
>>Per sequence quality scores	pass
#Quality	Count
2	10737.0
3	0.0
4	0.0
5	0.0
6	0.0
7	0.0
8	0.0
9	0.0
10	0.0
11	0.0
12	0.0
13	0.0
14	0.0
15	0.0
16	1.0
17	13.0
18	116.0
19	924.0
20	3793.0
21	9614.0
22	17999.0
23	29927.0
24	47969.0
25	76130.0
26	114340.0
27	162869.0
28	225298.0
29	297171.0
30	384652.0
31	495784.0
32	666937.0
33	1023426.0
34	2328518.0
35	1.7251907E7
>>END_MODULE
>>Per base sequence content	fail
#Base	G	A	T	C
1	43.18293225798797	18.249090660990145	11.693853511021315	26.874123570000574
2	16.440797744360676	20.064149854086807	35.68150111332797	27.813551288224552
3	18.907488606751983	21.4258108996573	28.392180655828565	31.274519837762156
4	13.128197530334884	15.08074723041339	35.29982295322186	36.49123228602987
5	14.78616773855372	35.10311535597709	34.360170646747164	15.750546258722032
6	34.935695776442266	35.01005036576482	16.039468813512023	14.014785044280892
7	31.065201960791853	29.551470094699976	20.23878495873367	19.144542985774496
8	26.77902968131061	34.77635418483711	19.46693810035947	18.977678033492804
9	24.892114010449234	15.653123853046852	19.426613756055783	40.02814838044813
10	14.304065542425286	27.58614847489214	34.64888850855196	23.460897474130608
11	34.56562599028032	22.297231649484374	23.56840798105646	19.568734379178842
12	22.392041307377745	23.968754786629145	30.842449322671445	22.79675458332166
13	28.096100563997272	20.465826115060906	26.049435401968747	25.38863791897307
14	20.552604047676038	20.406277717658472	27.15380333924499	31.8873148954205
15	22.898626518250996	29.40151671664473	23.056936951577615	24.642919813526664
16	22.85811703802162	28.465262736885542	25.389124536837283	23.28749568825555
17	21.718922790611956	28.078308851210103	27.347095395350756	22.855672962827185
18	22.20359387339342	27.705328382959244	27.884851765386014	22.206225978261322
19	22.673747007268133	27.151796633186105	27.520685749701617	22.653770609844145
20	22.683807064462684	27.10025670142686	27.621560188346255	22.594376045764204
21	22.452441024761544	26.769996224257003	27.374270697260787	23.403292053720662
22	22.399726222139545	26.848400350503432	27.680189044338753	23.07168438301827
23	22.334297198975094	26.90667157416386	27.546246793285395	23.21278443357565
24	22.524735197898224	26.593299939452937	27.872585189338476	23.009379673310363
25	22.64756106031171	26.67782710551715	27.446696716262807	23.22791511790834
26	22.1152569465983	27.085371213087793	27.629508879191206	23.1698629611227
27	22.217733568548965	27.02339606638634	27.63716122904476	23.121709136019934
28	22.304001102288236	26.902099827966275	27.618760060584364	23.17513900916113
29	22.09596927688603	26.976115299501174	27.747002472810284	23.18091295080251
30	22.222172758678365	27.044702605725085	27.666616386734223	23.066508248862327
31	22.68441943550697	27.060631483643082	27.416978876190935	22.837970204659012
32	22.044535448839763	27.217147309561547	27.8201681230136	22.918149118585088
33	22.134693855676364	27.066577264469093	27.95368258508696	22.845046294767585
34	22.192737355315632	26.770529832065776	28.13234918603672	22.90438362658187
35	22.093456068056692	27.075042661205156	27.919315712626897	22.912185558111258
36	22.201239380921606	27.422119842439795	27.82931202791849	22.54732874872011
37	22.30894740268729	27.135772327004982	27.514246551962206	23.04103371834552
38	22.23156505214869	27.551071458422815	27.50788717464824	22.709476314780265
39	22.341905028831828	27.26514557782172	27.75371232528326	22.63923706806319
40	22.417519288310388	26.986345737517688	27.747226241326285	22.84890873284564
41	22.376639964505024	27.165298018048617	27.79535373991474	22.662708277531618
42	22.18248190666928	27.374576213217516	27.84387069345826	22.599071186654943
43	22.262196160844592	27.173099112394645	27.75773474707366	22.806969979687107
44	22.142800692761515	27.527426142787004	27.783676152535786	22.5460970119157
45	22.21918640622573	27.414961642732198	27.640710179807726	22.725141771234345
46	22.31480658224532	27.397965091945593	27.560352645688408	22.726875680120678
47	22.300952996907355	27.444238407009507	27.67413851790868	22.580670078174457
48	22.122896440867176	27.40991228630071	27.630644607329113	22.836546665503
49	22.381905686348446	27.226893071081058	27.686930734185488	22.704270508385
50	22.24349243954422	27.512655830029324	27.592696308512267	22.651155421914186
51	22.273408076920784	27.478529197320206	27.60584850016643	22.64221422559258
52	22.28318720921495	27.487315017105885	27.55965509768131	22.669842675997852
53	22.163894803611246	27.27927317033577	27.81477211331015	22.742059912742832
54	22.320905826541605	27.637202329409767	27.625464939299555	22.416426904749073
55	22.304872343562725	27.294785964501024	27.617653076822346	22.78268861511391
56	22.45437450604555	27.559767178434342	27.399338983252193	22.58651933226792
57	22.269039291017346	27.443204032545164	27.526714142933777	22.761042533503712
58	22.263471535793126	27.330172600548448	27.536495498399553	22.86986036525887
59	22.18526536276758	27.420633902141255	27.597313492637394	22.796787242453767
60	22.239960392304543	27.406476824548072	27.735365911031145	22.618196872116243
61	22.488298863997933	27.403199553413906	27.521640731615687	22.586860850972474
62	22.413032402387813	27.50202840358212	27.528528922409635	22.55641027162043
63	22.399451288745176	27.641003937131703	27.43329726609069	22.52624750803243
64	22.391450475434787	27.356680883901024	27.42372782675817	22.82814081390602
65	22.31870753046188	27.492761397175464	27.568792907723548	22.61973816463911
66	22.357932780357647	27.707611368980402	27.325706870139488	22.60874898052246
67	22.467233950144177	27.402283658479735	27.40871626264902	22.721766128727065
68	22.451137604047965	27.693460960601307	27.506960291912087	22.34844114343864
69	22.718552086441033	27.517835611199814	27.434537427024846	22.3290748753343
70	22.802155056166796	27.31729185540366	27.36094036229505	22.5196127261345
71	22.574518504078334	27.670317858718906	27.288380260451362	22.466783376751398
72	22.520305012194623	27.826088984282553	27.49422018950119	22.159385814021633
73	23.264956925364647	28.40517160506499	27.555097346063867	20.774774123506496
74	24.392376622341498	30.795468842953504	27.77464447473175	17.037510059973243
75	29.69285072246884	41.18274567610414	29.124403601427023	0.0
>>END_MODULE
>>Per base GC content	fail
#Base	%GC
1	70.05705582798855
2	44.254349032585225
3	50.18200844451414
4	49.61942981636475
5	30.53671399727575
6	48.95048082072315
7	50.209744946566346
8	45.75670771480342
9	64.92026239089736
10	37.76496301655589
11	54.134360369459166
12	45.18879589069941
13	53.48473848297035
14	52.43991894309653
15	47.54154633177766
16	46.14561272627717
17	44.57459575343914
18	44.40981985165474
19	45.32751761711228
20	45.27818311022689
21	45.85573307848221
22	45.471410605157814
23	45.54708163255074
24	45.53411487120859
25	45.87547617822005
26	45.285119907721
27	45.3394427045689
28	45.47914011144936
29	45.27688222768854
30	45.288681007540696
31	45.522389640165976
32	44.96268456742485
33	44.979740150443945
34	45.0971209818975
35	45.00564162616795
36	44.74856812964171
37	45.34998112103281
38	44.94104136692895
39	44.98114209689502
40	45.26642802115603
41	45.039348242036645
42	44.78155309332422
43	45.0691661405317
44	44.68889770467722
45	44.94432817746007
46	45.041682262366
47	44.88162307508181
48	44.95944310637017
49	45.08617619473345
50	44.89464786145841
51	44.915622302513356
52	44.9530298852128
53	44.90595471635408
54	44.73733273129068
55	45.08756095867663
56	45.040893838313465
57	45.030081824521055
58	45.133331901051996
59	44.98205260522135
60	44.85815726442078
61	45.07515971497041
62	44.96944267400825
63	44.92569879677761
64	45.21959128934081
65	44.93844569510099
66	44.96668176088011
67	45.189000078871246
68	44.799578747486606
69	45.047626961775336
70	45.32176778230129
71	45.041301880829735
72	44.67969082621626
73	44.03973104887114
74	41.429886682314745
75	29.69285072246884
>>END_MODULE
>>Per sequence GC content	warn
#GC Content	Count
0	10756.0
1	5391.5
2	41.0
3	86.0
4	117.0
5	151.0
6	296.5
7	545.0
8	687.5
9	928.5
10	1615.0
11	2721.0
12	3400.5
13	4722.5
14	7838.0
15	12521.0
16	16250.5
17	22854.0
18	36455.5
19	53602.0
20	65695.5
21	84512.5
22	120033.5
23	159641.0
24	185696.5
25	218590.0
26	273763.5
27	329737.5
28	366647.0
29	409122.0
30	478744.0
31	547910.5
32	593264.5
33	644444.5
34	730923.5
35	815485.5
36	864807.5
37	910332.5
38	959173.5
39	983753.0
40	998466.0
41	1000191.5
42	993331.0
43	986548.5
44	985831.5
45	977069.5
46	951602.5
47	924084.5
48	911616.5
49	892310.5
50	854345.0
51	821970.5
52	805258.5
53	791384.5
54	765590.0
55	736972.0
56	720928.0
57	704123.0
58	667979.5
59	619318.0
60	578192.0
61	534935.5
62	477404.0
63	418254.0
64	372345.0
65	336217.0
66	286884.5
67	236306.0
68	201381.5
69	175398.0
70	143140.0
71	111326.0
72	90388.0
73	76426.0
74	60913.0
75	46747.0
76	37728.0
77	31561.0
78	24750.0
79	18842.0
80	15079.0
81	12538.0
82	9599.5
83	6569.5
84	4598.0
85	3576.0
86	2543.5
87	1629.5
88	1218.0
89	965.5
90	621.5
91	423.5
92	348.5
93	449.0
94	456.5
95	277.5
96	195.0
97	136.5
98	66.5
99	97.5
100	140.0
>>END_MODULE
>>Per base N content	pass
#Base	N-Count
1	0.053412533412533415
2	0.04638820638820639
3	0.04638388638388638
4	0.04638388638388638
5	0.04638388638388638
6	0.09117801117801118
7	0.04638820638820639
8	0.04638388638388638
9	0.04638388638388638
10	0.04641844641844642
11	0.04638388638388638
12	0.04647028647028647
13	0.04656532656532657
14	0.046651726651726656
15	0.04883764883764884
16	0.04638820638820639
17	0.049157329157329156
18	0.04643572643572644
19	0.04674244674244674
20	0.04639252639252639
21	0.04733428733428734
22	0.04803412803412803
23	0.04638388638388638
24	0.046448686448686445
25	0.0477014877014877
26	0.04895860895860896
27	0.046543726543726543
28	0.04666036666036666
29	0.04703188703188703
30	0.0474984474984475
31	0.04817668817668817
32	0.04657396657396657
33	0.04638388638388638
34	0.048422928422928425
35	0.048293328293328296
36	0.0014998839643082945
37	4.323097405912432E-6
38	5.405032837952705E-4
39	0.0018468293378744861
40	0.002773227478245415
41	2.4235683365124636E-4
42	5.844554336496969E-4
43	8.66183861556794E-5
44	9.705360842716482E-4
45	0.001681880241544011
46	0.003482617035340496
47	3.775313640689862E-4
48	5.688049724496489E-4
49	0.0
50	5.825834672550702E-4
51	6.090788157123714E-5
52	1.0884087903202669E-4
53	6.578728383213455E-4
54	1.3952301615275398E-4
55	4.887273935762282E-4
56	7.992302582810845E-4
57	6.77553360933506E-4
58	0.0015926948164390782
59	1.31396093567859E-5
60	4.38448610972878E-6
61	7.46182377331787E-5
62	0.0
63	0.0010909353085479575
64	0.001400461720779025
65	0.0
66	7.682448210806379E-4
67	2.210516408022247E-5
68	1.1954305331996517E-4
69	0.0011484685615156345
70	0.0
71	0.0
72	6.27825551316039E-5
73	1.6095249294027875E-4
74	5.96290239901477E-4
75	0.0
>>END_MODULE
>>Sequence Length Distribution	warn
#Length	Count
35	13002.0
36	3560.0
37	4969.0
38	5887.0
39	6844.0
40	7438.0
41	8000.0
42	8639.0
43	9758.0
44	10609.0
45	12046.0
46	12930.0
47	13702.0
48	14582.0
49	15163.0
50	15465.0
51	16220.0
52	16547.0
53	17480.0
54	18623.0
55	19630.0
56	20604.0
57	22080.0
58	22618.0
59	24039.0
60	25056.0
61	24589.0
62	25258.0
63	25990.0
64	28042.0
65	29725.0
66	29881.0
67	33144.0
68	34234.0
69	44701.0
70	59424.0
71	148458.0
72	553641.0
73	1621119.0
74	5015195.0
75	1.5109233E7
>>END_MODULE
>>Sequence Duplication Levels	warn
#Total Duplicate Percentage	41.085332207483624
#Duplication Level	Relative count
1	100.0
2	27.159022731817878
3	12.814145723618426
4	7.106192920471969
5	4.376374908339444
6	2.891473901739884
7	2.0648623425104993
8	1.4357376174921672
9	1.0815945603626425
10++	7.726151589894007
>>END_MODULE
>>Overrepresented sequences	pass
>>END_MODULE
>>Kmer Content	warn
#Sequence	Count	Obs/Exp Overall	Obs/Exp Max	Max Obs/Exp Position
AAAAA	8657175	3.7595224	8.025149	71
TTTTT	8223210	3.395048	6.232631	71
CCTGG	3775460	3.103104	12.555866	3
CCAGG	3565025	2.9599166	13.837804	3
CCCAG	3395460	2.8081756	12.091663	2
CTGGG	3342950	2.758339	10.860624	4
CCAGC	3212235	2.6566415	7.0061865	3
GGAGG	3094585	2.5894158	6.033613	6
CAGCA	3603205	2.5391893	7.025672	4
GCTGG	3068100	2.5315545	6.4547935	3
TGCTG	3569480	2.4746945	6.74624	2
TCCAG	3539610	2.4692848	9.759446	2
CAGCC	2892695	2.3923695	5.853123	5
AGGAG	3332060	2.3664727	7.7689314	5
CAGGA	3329755	2.355644	10.837303	4
CTCCA	3371500	2.342867	7.2841296	1
CTCCT	3369415	2.3178673	6.6046376	1
GGCTG	2788680	2.300999	8.613818	7
CTGGA	3277570	2.295403	8.890311	4
AGCAG	3237480	2.290364	5.7325177	7
CTGCT	3289245	2.2715461	6.6464067	9
GGCAG	2717330	2.2649076	6.4348516	7
TCCTG	3263295	2.2536252	9.1557865	2
GCTGC	2738055	2.2504463	5.828368	8
CCTGC	2745660	2.2479258	6.408157	3
GCAGG	2676570	2.2309341	6.9955473	3
CTGCC	2688130	2.200825	5.7936826	9
CAGAG	3107115	2.198137	8.197076	4
CCCTG	2675055	2.1901202	9.200861	2
GCCTG	2658225	2.1848328	7.8255615	7
CTGCA	3111505	2.1706324	6.768499	4
TGCAG	3058010	2.1416376	6.7109847	2
CTCTG	3076720	2.1247768	7.4036117	2
CAGGG	2534505	2.1125221	9.870517	4
TGGAG	2973110	2.0903032	6.4890957	5
AGCTG	2949630	2.0657349	6.020461	7
CTGGC	2490030	2.046591	5.5994244	4
CAGGC	2462015	2.0441256	6.467397	4
GCCAG	2445500	2.0304139	5.541405	2
GGAGA	2857270	2.0292704	5.7696514	6
GGGAG	2409280	2.0159822	5.557329	7
CACAG	2853790	2.0110743	7.5719376	7
CAGAA	3313680	1.989744	5.42215	4
CCCCA	2399550	1.9768068	7.0187445	1
CTCAG	2812110	1.9617698	6.381797	2
CTGTG	2822175	1.9565932	9.1459055	9
CTGAG	2753420	1.9283214	6.068793	4
CCAGA	2653175	1.8697004	7.022709	3
GGCCA	2246875	1.8655024	6.291348	1
TGGGG	2231120	1.8481276	6.2074404	5
CCTCT	2667750	1.8351824	5.4095335	1
CAGTG	2596220	1.8182286	6.8971157	9
AGAGG	2539045	1.803263	5.3605356	5
TCTGG	2597280	1.8006752	6.1938305	3
CACTG	2579935	1.7998011	7.6318684	7
ACCTG	2571650	1.7940214	5.3730445	7
TGGCC	2146970	1.7646252	5.7894998	5
CCTGA	2463300	1.7184348	5.706903	3
GCCCA	2071450	1.7131685	7.8398476	1
GAGAG	2401135	1.7053175	5.6359863	7
ACAGA	2794570	1.6780376	5.960632	8
TCAGG	2372495	1.6615458	6.043027	3
GGGCC	1655130	1.6190479	5.5985293	6
GGCCT	1963825	1.6140956	5.348586	6
TGGGC	1943670	1.6037633	6.4331098	5
AGGTG	2276370	1.6004465	5.3084345	7
CCTGT	2299205	1.5878265	5.5969124	8
AGCCT	2271620	1.5847161	5.6460404	6
AGGCC	1894230	1.5727135	5.1504116	5
ACAGG	2204910	1.5598695	5.0429616	8
GTGTG	2178560	1.516273	6.8772745	1
ACACA	2519190	1.5068027	6.588558	6
CACAC	2115720	1.4851595	7.13635	5
AGGCT	2112400	1.4793918	5.1286983	6
TGTGT	2523975	1.4760184	6.004857	10
ACAGC	2082190	1.4673257	5.9449563	8
GCCCT	1778105	1.4557695	6.0140233	1
CTGTC	2107330	1.455318	5.9935937	9
GGGCT	1754375	1.447572	6.216564	6
GCTGT	2087045	1.4469332	5.424013	8
GACAG	2040050	1.4432389	7.481312	7
AGAGC	1947000	1.3774104	5.062565	5
AGGGC	1644780	1.3709321	5.921084	5
AGACA	2280665	1.3694563	5.8471565	6
GTCCT	1872875	1.293404	8.439493	1
GGACA	1814835	1.2839098	6.577147	6
ACTGC	1771545	1.2358562	5.4121385	8
AGGAC	1738710	1.2300551	9.084506	5
GTGCT	1750480	1.213595	5.7701836	1
GTCCA	1690935	1.1796216	6.75642	1
TGTGC	1693985	1.1744276	6.071627	10
AGCAC	1647345	1.1608891	5.7542706	5
TGGAC	1548295	1.0843282	6.2116117	5
ACAGT	1803665	1.0721416	5.9756255	8
GTGCA	1528230	1.0702759	5.8793435	1
TGCAC	1514975	1.0568693	5.7122808	5
ACTGT	1786210	1.0510863	6.4649673	8
GACTG	1481635	1.0376438	6.382989	7
AGACT	1707735	1.0151185	5.5690236	6
GCACT	1450725	1.0120475	5.100454	6
GGACC	1209250	1.0039983	5.7337046	6
ACACT	1608280	0.9522845	5.086584	6
GGACT	1349640	0.9452026	5.5780106	6
TGTAG	1539825	0.9096379	5.2906823	2
TAGGA	1337630	0.79822165	5.4341383	4
GTGTA	1091005	0.64450145	5.5616064	1
>>END_MODULE
