##FastQC	0.10.1
>>Basic Statistics	pass
#Measure	Value	
Filename	KS27_S1_L002_R1_001_trimmed.fq.gz	
File type	Conventional base calls	
Encoding	Sanger / Illumina 1.9	
Total Sequences	19533453	
Filtered Sequences	0	
Sequence length	20-50	
%GC	44	
>>END_MODULE
>>Per base sequence quality	pass
#Base	Mean	Median	Lower Quartile	Upper Quartile	10th Percentile	90th Percentile
1	35.272160329256685	36.0	36.0	36.0	36.0	36.0
2	35.25928042522743	36.0	36.0	36.0	36.0	36.0
3	35.236446520745716	36.0	36.0	36.0	36.0	36.0
4	35.22965381491946	36.0	36.0	36.0	36.0	36.0
5	35.21136826141287	36.0	36.0	36.0	36.0	36.0
6	35.18860623362393	36.0	36.0	36.0	36.0	36.0
7	35.16452692721558	36.0	36.0	36.0	36.0	36.0
8	35.157967923029275	36.0	36.0	36.0	36.0	36.0
9	35.137042027336385	36.0	36.0	36.0	36.0	36.0
10	35.12731005624044	36.0	36.0	36.0	36.0	36.0
11	35.101949358364855	36.0	36.0	36.0	36.0	36.0
12	35.0784587343569	36.0	36.0	36.0	36.0	36.0
13	35.064557607915	36.0	36.0	36.0	36.0	36.0
14	35.05976198883014	36.0	36.0	36.0	36.0	36.0
15	35.03595268076771	36.0	36.0	36.0	36.0	36.0
16	35.027431094748074	36.0	36.0	36.0	36.0	36.0
17	35.01950228666688	36.0	36.0	36.0	36.0	36.0
18	35.00603892204824	36.0	36.0	36.0	36.0	36.0
19	35.00072086589094	36.0	36.0	36.0	36.0	36.0
20	34.99485057762189	36.0	36.0	36.0	36.0	36.0
21	34.98219941396906	36.0	36.0	36.0	36.0	36.0
22	34.97403923651348	36.0	36.0	36.0	36.0	36.0
23	34.96529821100806	36.0	36.0	36.0	36.0	36.0
24	34.95164944914232	36.0	36.0	36.0	36.0	36.0
25	34.94397616138177	36.0	36.0	36.0	36.0	36.0
26	34.92617657624413	36.0	36.0	36.0	36.0	36.0
27	34.91467299759513	36.0	36.0	36.0	36.0	36.0
28	34.89865863975355	36.0	36.0	36.0	36.0	36.0
29	34.87953647317824	36.0	36.0	36.0	36.0	36.0
30	34.86330310147994	36.0	36.0	36.0	36.0	36.0
31	34.85051437681103	36.0	36.0	36.0	36.0	36.0
32	34.83005326796569	36.0	36.0	36.0	36.0	36.0
33	34.799091713556706	36.0	36.0	36.0	36.0	36.0
34	34.787361613903826	36.0	36.0	36.0	36.0	36.0
35	34.76453453561647	36.0	36.0	36.0	36.0	36.0
36	34.74418564638175	36.0	36.0	36.0	36.0	36.0
37	34.734381298284674	36.0	36.0	36.0	36.0	36.0
38	34.71682345002955	36.0	36.0	36.0	32.0	36.0
39	34.68588709358484	36.0	36.0	36.0	32.0	36.0
40	34.65805389909376	36.0	36.0	36.0	32.0	36.0
41	34.651089504768265	36.0	36.0	36.0	32.0	36.0
42	34.631073307744046	36.0	36.0	36.0	32.0	36.0
43	34.60266896950416	36.0	36.0	36.0	32.0	36.0
44	34.58345118173765	36.0	36.0	36.0	32.0	36.0
45	34.56944642252314	36.0	36.0	36.0	32.0	36.0
46	34.55866473233104	36.0	36.0	36.0	32.0	36.0
47	34.562575860752915	36.0	36.0	36.0	32.0	36.0
48	34.57456382623263	36.0	36.0	36.0	32.0	36.0
49	34.63588904247464	36.0	36.0	36.0	32.0	36.0
50	34.732979994440186	36.0	36.0	36.0	32.0	36.0
>>END_MODULE
>>Per sequence quality scores	pass
#Quality	Count
8	3.0
9	2.0
10	6.0
11	8.0
12	16.0
13	20.0
14	46.0
15	99.0
16	206.0
17	530.0
18	1213.0
19	2961.0
20	6290.0
21	11381.0
22	19162.0
23	30800.0
24	48148.0
25	71413.0
26	103414.0
27	143777.0
28	193905.0
29	255932.0
30	333667.0
31	439041.0
32	603805.0
33	919306.0
34	1850205.0
35	8969267.0
36	5528830.0
>>END_MODULE
>>Per base sequence content	pass
#Base	G	A	T	C
1	22.135514922487147	27.174897199187892	27.77922088958782	22.91036698873714
2	22.07291179999093	27.109911590195928	28.023088098439214	22.794088511373932
3	22.084603896559994	27.18993871603677	27.848162310454764	22.87729507694847
4	22.14838786336997	26.98691976389319	28.107633078850785	22.757059293886055
5	22.32887243737221	27.001998287942374	27.732128766679086	22.937000508006335
6	21.8761690117252	27.33030192557141	27.944455602166563	22.849073460536825
7	21.856803559031167	27.335506694992485	28.025056441139824	22.782633304836526
8	22.030877583004163	27.191556430297307	27.998954173466313	22.778611813232214
9	21.768314984184688	27.356195945234745	28.148128845549742	22.72736022503083
10	21.945614695244164	27.42358641980049	27.970209160465576	22.660589724489768
11	22.28783865729605	27.43576951756151	27.76956548362528	22.50682634151716
12	21.756722517654836	27.544494633090306	28.107221364488943	22.59156148476592
13	21.85823624432172	27.359923861754893	28.215603578534388	22.566236315389
14	21.905308389046464	27.092049828981207	28.37966831841395	22.622973463558374
15	21.784797544269573	27.36885630911139	28.199140920337758	22.64720522628128
16	21.934635895623742	27.73385279772647	28.04353060552748	22.28798070112231
17	22.020277080748755	27.503402544385906	27.881121706361867	22.595198668503475
18	21.920590210716252	27.823516575586726	27.888151640908386	22.36774157278864
19	21.974151598620878	27.63543245209928	28.086996406994697	22.30341954228515
20	21.990960345301254	27.405522235582524	28.054697682724523	22.5488197363917
21	22.01838980819937	27.5623744456597	28.075893971500708	22.34334177464022
22	21.917150951374033	27.63073430397481	28.11680214739502	22.335312597256138
23	22.027451780877787	27.414056985871305	28.012048440187915	22.546442793062994
24	21.905418229043043	27.727465822644703	28.054703500783358	22.312412447528896
25	21.964623981936526	27.682711372736602	27.93896376761279	22.413700877714085
26	22.097214005261108	27.720931080274774	27.81712680304554	22.36472811141858
27	21.89985656304101	27.791414593730057	28.000527136364685	22.30820170686425
28	21.835954158160693	27.703617746982417	27.974976504032174	22.485451590824717
29	22.006709615936657	27.57743790779581	28.059704144814802	22.356148331452733
30	21.95549563513152	27.75004457906422	27.970159366727426	22.324300419076827
31	22.02953817075922	27.72388746862407	27.963796677553944	22.28277768306277
32	22.01594870990148	27.68015521610474	27.89549401806699	22.408402055926793
33	21.91729823866089	27.61119863037885	28.05861665272867	22.412886478231588
34	22.04779548720547	27.856256202164943	27.93856520980399	22.157383100825594
35	22.057929666986816	27.64049770639634	27.866918656283335	22.434653970333507
36	22.152597000156284	27.82013828272383	27.777013254401844	22.250251462718047
37	21.924656349599918	27.756153914604496	27.933472841978258	22.385716893817325
38	21.94394832687677	27.57410573835021	27.96856540512518	22.51338052964784
39	21.836301302646838	27.746234602388064	28.01760866292815	22.399855432036947
40	21.963781607559234	27.718263740961095	28.046904885175838	22.27104976630383
41	22.159850074068498	27.733110681749356	27.866844663132294	22.240194581049856
42	22.08217583512037	27.853528710021624	27.839813400126488	22.224482054731514
43	22.065128857379257	27.893374438854394	27.829035270560937	22.212461433205412
44	22.105592684269155	27.63744142229605	27.80825763542858	22.448708258006214
45	21.959022267757295	27.748487995731512	27.964137298461534	22.328352438049663
46	21.997294069120816	27.88187953367702	27.802184898111086	22.318641499091083
47	22.001795313792474	27.806033869274575	27.897975629882797	22.294195187050146
48	21.96586431242941	28.21810163279111	28.006399971023615	21.809634083755867
49	22.030267734303028	28.510179206523784	28.160376784185132	21.29917627498806
50	21.79234810017544	28.445191559144334	28.338323348206533	21.42413699247369
>>END_MODULE
>>Per base GC content	pass
#Base	%GC
1	45.04588191122429
2	44.867000311364855
3	44.96189897350846
4	44.90544715725602
5	45.26587294537855
6	44.725242472262025
7	44.639436863867694
8	44.80948939623637
9	44.49567520921552
10	44.606204419733935
11	44.79466499881321
12	44.348284002420755
13	44.42447255971072
14	44.528281852604835
15	44.43200277055085
16	44.22261659674606
17	44.615475749252234
18	44.288331783504894
19	44.277571140906026
20	44.53978008169295
21	44.36173158283959
22	44.252463548630175
23	44.573894573940784
24	44.21783067657194
25	44.37832485965061
26	44.46194211667969
27	44.20805826990526
28	44.32140574898541
29	44.36285794738939
30	44.27979605420835
31	44.312315853821985
32	44.424350765828265
33	44.33018471689248
34	44.20517858803107
35	44.49258363732033
36	44.40284846287433
37	44.31037324341724
38	44.45732885652461
39	44.23615673468378
40	44.23483137386307
41	44.40004465511835
42	44.306657889851884
43	44.27759029058467
44	44.55430094227537
45	44.28737470580696
46	44.3159355682119
47	44.29599050084262
48	43.77549839618528
49	43.32944400929109
50	43.21648509264913
>>END_MODULE
>>Per sequence GC content	warn
#GC Content	Count
0	6587.0
1	6097.5
2	4654.5
3	4023.0
4	4438.5
5	5310.0
6	6218.0
7	7587.5
8	9068.0
9	11674.5
10	14498.0
11	19693.0
12	25068.0
13	33663.0
14	43505.5
15	58950.0
16	75571.5
17	99209.0
18	124180.5
19	156317.5
20	189397.5
21	229503.5
22	270656.5
23	319899.5
24	371272.5
25	418531.5
26	471997.5
27	531251.0
28	593280.5
29	658397.5
30	724667.0
31	791833.0
32	860992.5
33	928738.5
34	997144.5
35	1055894.0
36	1110154.5
37	1151378.0
38	1183802.5
39	1201213.0
40	1215463.0
41	1218711.5
42	1219327.0
43	1206219.0
44	1187941.5
45	1158153.0
46	1128470.5
47	1096146.0
48	1061825.5
49	1031744.5
50	1003393.0
51	976468.0
52	948243.0
53	919884.5
54	892100.5
55	864886.0
56	834315.0
57	796342.5
58	756728.5
59	710110.0
60	661533.0
61	607830.5
62	552655.5
63	505467.0
64	449786.5
65	398396.5
66	349433.0
67	304701.5
68	260553.0
69	220963.5
70	186739.0
71	157491.0
72	130905.0
73	107961.0
74	86692.5
75	70890.5
76	59173.5
77	48454.5
78	38669.5
79	31174.0
80	24867.0
81	20332.5
82	16320.5
83	12939.0
84	10009.0
85	8024.5
86	6243.0
87	4846.0
88	3865.0
89	2991.5
90	2207.0
91	1703.5
92	1317.0
93	1121.5
94	930.5
95	782.5
96	652.5
97	586.5
98	537.5
99	694.0
100	845.0
>>END_MODULE
>>Per base N content	pass
#Base	N-Count
1	2.4061286040926813E-4
2	5.068228336280329E-4
3	6.19450129989818E-4
4	4.60748030570939E-4
5	0.0011877060343606428
6	0.002017052489388333
7	0.0013924829368366157
8	0.002953906818215909
9	0.002482919942521171
10	0.003087011804825291
11	0.009015303131504705
12	0.0036040734835771225
13	0.013638141704899794
14	0.0041160157397670556
15	0.011871940921044528
16	0.007883910745324957
17	0.008938511793076215
18	0.011564775567330567
19	0.006839548542697494
20	0.006609174527412025
21	0.014121227458491098
22	0.009764409016324
23	0.015922819803060075
24	0.012582899936607668
25	0.007868718910845873
26	0.010177670099137818
27	0.009755297157276518
28	0.01275830143414039
29	0.01605780935325817
30	0.03308128055635712
31	0.016595389340002143
32	0.017877313719998338
33	0.02051850341192806
34	0.014406810371177354
35	0.01310458909485765
36	0.015745716891280362
37	0.015288188621159939
38	0.016205895086517985
39	0.0256564298140286
40	0.02586973470875664
41	0.020477634112468317
42	0.013629147472854711
43	0.01986503603692848
44	0.01499872733256426
45	0.012198447667701512
46	0.0054223162114249756
47	0.01096752029060284
48	0.007261208969539199
49	0.006905609783267336
50	0.019271640697798166
>>END_MODULE
>>Sequence Length Distribution	warn
#Length	Count
20	16736.0
21	17329.0
22	17914.0
23	18552.0
24	18842.0
25	19202.0
26	20036.0
27	21384.0
28	22162.0
29	24076.0
30	24627.0
31	25579.0
32	26350.0
33	26705.0
34	26947.0
35	27193.0
36	27779.0
37	29369.0
38	31940.0
39	33713.0
40	36266.0
41	39374.0
42	43582.0
43	56194.0
44	92326.0
45	180992.0
46	500271.0
47	1099826.0
48	2223106.0
49	3011304.0
50	1.1773777E7
>>END_MODULE
>>Sequence Duplication Levels	warn
#Total Duplicate Percentage	36.43841290818892
#Duplication Level	Relative count
1	100.0
2	24.315328874889445
3	10.703368659518674
4	5.775288221329154
5	3.476500069824817
6	2.2002575759926764
7	1.4919235961332569
8	1.0714230297764054
9	0.8161745310099772
10++	5.315996089810231
>>END_MODULE
>>Overrepresented sequences	pass
>>END_MODULE
>>Kmer Content	warn
#Sequence	Count	Obs/Exp Overall	Obs/Exp Max	Max Obs/Exp Position
AAAAA	5964960	4.272175	5.232205	46
TTTTT	5357350	3.5779264	4.16534	46
CCTGG	1823895	3.0648556	3.9002829	9
>>END_MODULE
