##FastQC	0.10.1
>>Basic Statistics	pass
#Measure	Value	
Filename	032-F0_S5_L001_R2_001_trimmed.fq.gz	
File type	Conventional base calls	
Encoding	Sanger / Illumina 1.9	
Total Sequences	32081056	
Filtered Sequences	0	
Sequence length	20-51	
%GC	44	
>>END_MODULE
>>Per base sequence quality	pass
#Base	Mean	Median	Lower Quartile	Upper Quartile	10th Percentile	90th Percentile
1	34.70266396467747	36.0	36.0	36.0	32.0	36.0
2	34.695940277028285	36.0	36.0	36.0	32.0	36.0
3	34.67333637645843	36.0	36.0	36.0	32.0	36.0
4	34.68268341914929	36.0	36.0	36.0	32.0	36.0
5	34.65629404468481	36.0	36.0	36.0	32.0	36.0
6	34.64911073999559	36.0	36.0	36.0	32.0	36.0
7	34.633849085267016	36.0	36.0	36.0	32.0	36.0
8	34.61495379079791	36.0	36.0	36.0	32.0	36.0
9	34.61345814177688	36.0	36.0	36.0	32.0	36.0
10	34.596038609202886	36.0	36.0	36.0	32.0	36.0
11	34.586531814912824	36.0	36.0	36.0	32.0	36.0
12	34.56583411718118	36.0	36.0	36.0	32.0	36.0
13	34.56338123657775	36.0	36.0	36.0	32.0	36.0
14	34.553846918256056	36.0	36.0	36.0	32.0	36.0
15	34.53580605326707	36.0	36.0	36.0	32.0	36.0
16	34.51657230360497	36.0	36.0	36.0	32.0	36.0
17	34.49665154413869	36.0	36.0	36.0	32.0	36.0
18	34.48952456552552	36.0	36.0	36.0	32.0	36.0
19	34.48327673503017	36.0	36.0	36.0	32.0	36.0
20	34.48148854576358	36.0	36.0	36.0	32.0	36.0
21	34.46025337223015	36.0	36.0	36.0	32.0	36.0
22	34.44931567565423	36.0	36.0	36.0	32.0	36.0
23	34.43707235566825	36.0	36.0	36.0	32.0	36.0
24	34.410715813560884	36.0	36.0	36.0	32.0	36.0
25	34.39105427276214	36.0	36.0	36.0	32.0	36.0
26	34.369663716798605	36.0	36.0	36.0	32.0	36.0
27	34.36587893200203	36.0	36.0	36.0	32.0	36.0
28	34.342025049094985	36.0	36.0	36.0	32.0	36.0
29	34.31719355134467	36.0	36.0	36.0	32.0	36.0
30	34.29864666713832	36.0	36.0	36.0	32.0	36.0
31	34.27724947682283	36.0	36.0	36.0	32.0	36.0
32	34.24791336927794	36.0	36.0	36.0	32.0	36.0
33	34.2176166832471	36.0	36.0	36.0	32.0	36.0
34	34.19178958457683	36.0	36.0	36.0	32.0	36.0
35	34.164080179874745	36.0	36.0	36.0	32.0	36.0
36	34.1400872480788	36.0	36.0	36.0	32.0	36.0
37	34.1251842104573	36.0	36.0	36.0	32.0	36.0
38	34.09583743704451	36.0	36.0	36.0	32.0	36.0
39	34.081553523437	36.0	36.0	36.0	32.0	36.0
40	34.061540012266356	36.0	36.0	36.0	32.0	36.0
41	34.03165168204196	36.0	36.0	36.0	32.0	36.0
42	34.01766796727627	36.0	36.0	36.0	32.0	36.0
43	33.986343389320815	36.0	36.0	36.0	32.0	36.0
44	33.96697089087528	36.0	36.0	36.0	32.0	36.0
45	33.93099765667811	36.0	36.0	36.0	32.0	36.0
46	33.9174424024951	36.0	36.0	36.0	32.0	36.0
47	33.91847932447793	36.0	36.0	36.0	32.0	36.0
48	33.93020817274537	36.0	36.0	36.0	32.0	36.0
49	33.986894595342584	36.0	36.0	36.0	32.0	36.0
50	34.060456405195666	36.0	36.0	36.0	32.0	36.0
51	34.18181918440899	36.0	36.0	36.0	32.0	36.0
>>END_MODULE
>>Per sequence quality scores	pass
#Quality	Count
14	1137.0
15	2526.0
16	4874.0
17	8425.0
18	14109.0
19	23143.0
20	36980.0
21	56205.0
22	83703.0
23	119752.0
24	166996.0
25	229610.0
26	308868.0
27	402236.0
28	516871.0
29	650671.0
30	818514.0
31	1046910.0
32	1395872.0
33	2049176.0
34	3834831.0
35	1.4065049E7
36	6244598.0
>>END_MODULE
>>Per base sequence content	pass
#Base	G	A	T	C
1	22.094054509926355	27.245231578411882	27.78931279568852	22.87140111597324
2	22.065526770689843	27.312642077617394	28.055229852782904	22.56660129890986
3	21.993400092565533	27.345602339274617	27.955089757643886	22.705907810515964
4	22.206700427816344	26.94345223548751	28.306424825915954	22.543422510780196
5	22.24495041559729	27.093793296579765	27.847272234430186	22.813984053392755
6	21.6734760850765	27.50835259288223	28.108120879811437	22.710050442229832
7	21.75625079174451	27.521675096979354	28.118039505931474	22.604034605344662
8	21.89890195634458	27.423523714431347	28.033422590578066	22.64415173864601
9	21.698244596437224	27.5179844453998	28.198005701557953	22.58576525660502
10	21.824465503878677	27.588290734569338	28.105608493685498	22.481635267866494
11	22.331683844821068	27.58045745127592	27.77616484943638	22.311693854466636
12	21.646781203212264	27.773378158125468	28.180147810595763	22.39969282806651
13	21.75425272784038	27.5672939195019	28.38382564464212	22.294627708015597
14	21.829134926231855	27.259473628299517	28.52644875530282	22.38494269016581
15	21.679903554296967	27.5640271941173	28.352236908909735	22.403832342676004
16	21.807620671838237	27.927684175982236	28.244933707917845	22.019761444261686
17	21.94062751550323	27.650673344418585	27.908984666838897	22.499714473239287
18	21.831488340034692	28.12145585232606	27.90366376967142	22.14339203796783
19	21.97538946348898	27.804365292713555	28.1617818316205	22.058463412176955
20	22.089113899492585	27.526369456167526	28.14154870712485	22.242967937215035
21	22.07267052420996	27.648922061119425	28.18130859113863	22.097098823531983
22	21.840500225596283	27.87318068583457	28.22924643032339	22.057072658245758
23	21.926397097345387	27.64183015185265	28.13643367258968	22.295339078212283
24	21.793910017109692	27.955129803141045	28.14537035155776	22.105589828191512
25	21.85148282593942	27.94470767317711	27.985439482905676	22.21837001797779
26	21.984077353239563	27.89584279940514	27.947597458407188	22.172482388948108
27	21.93387958790725	27.992895156260023	28.051091345894434	22.022133909938294
28	21.701430991122336	27.9614357405952	28.031327764671865	22.3058055036106
29	22.01782343526476	27.758128432452278	28.08044080118312	22.143607331099844
30	21.869616084406253	28.077436800863442	27.96569902077434	22.08724809395596
31	21.94542943629682	28.00935139755668	27.988347467241287	22.056871698905212
32	21.926176907815016	28.048139850643437	27.907357989730947	22.1183252518106
33	21.816879318010148	27.790190228006455	28.18878078468287	22.204149669300527
34	21.978425314319907	28.156591738516205	28.001955872183835	21.86302707498005
35	21.929999066324623	27.795869574309968	27.974972148218214	22.2991592111472
36	22.054936874154816	28.070956697947864	27.796964306141707	22.077142121755614
37	21.827756642050687	27.99958013544278	27.946636519657996	22.226026702848536
38	21.87473007171667	27.866518578902326	27.963706382514054	22.29504496686695
39	21.79268000429182	27.957655535131572	28.019495017183342	22.23016944339326
40	21.859407714343636	27.92418560681995	28.158557071970087	22.057849606866327
41	22.12332238617242	27.935852852799915	27.936827914026978	22.00399684700069
42	22.057332863971226	28.01829851747211	27.946942354418614	21.977426264138046
43	21.996825785333044	28.196684806536005	27.871025668641902	21.935463739489055
44	22.03098147082305	27.853125660888402	27.810835318631767	22.305057549656784
45	21.928986889519443	28.002446388673764	27.97969057788736	22.088876143919432
46	21.930128551449016	28.24144429630285	27.750128482994963	22.078298669253176
47	21.98650215287646	27.962531615505398	27.866823070059617	22.184143161558527
48	21.992558214220985	28.313331550003397	28.03268162942877	21.661428606346853
49	22.257362233146047	28.28557088698235	27.964401657024123	21.49266522284749
50	22.34874801516045	28.44124661032883	27.966837714384802	21.24316766012592
51	21.82927007934194	28.961676020437537	28.08106119676188	21.127992703458638
>>END_MODULE
>>Per base GC content	pass
#Base	%GC
1	44.965455625899594
2	44.6321280695997
3	44.69930790308149
4	44.75012293859654
5	45.058934468990046
6	44.38352652730633
7	44.36028539708917
8	44.54305369499059
9	44.28400985304224
10	44.30610077174517
11	44.643377699287704
12	44.04647403127877
13	44.04888043585598
14	44.21407761639766
15	44.08373589697297
16	43.82738211609992
17	44.44034198874252
18	43.97488037800252
19	44.03385287566594
20	44.33208183670762
21	44.16976934774194
22	43.897572883842045
23	44.221736175557666
24	43.8994998453012
25	44.06985284391721
26	44.15655974218767
27	43.95601349784554
28	44.007236494732936
29	44.1614307663646
30	43.95686417836222
31	44.00230113520203
32	44.044502159625615
33	44.02102898731067
34	43.84145238929996
35	44.22915827747182
36	44.132078995910426
37	44.05378334489922
38	44.16977503858362
39	44.02284944768508
40	43.91725732120996
41	44.127319233173104
42	44.03475912810927
43	43.932289524822096
44	44.33603902047983
45	44.01786303343888
46	44.00842722070219
47	44.17064531443499
48	43.65398682056784
49	43.75002745599353
50	43.591915675286366
51	42.95726278280058
>>END_MODULE
>>Per sequence GC content	warn
#GC Content	Count
0	14605.0
1	12522.5
2	9403.5
3	9034.0
4	9826.0
5	11427.5
6	13333.0
7	15528.5
8	17727.5
9	21835.0
10	26099.0
11	33432.0
12	40868.0
13	53728.0
14	67836.0
15	91322.0
16	115423.5
17	151148.5
18	187991.0
19	236438.0
20	285940.5
21	349246.5
22	413752.5
23	489574.5
24	567170.0
25	644745.0
26	792566.0
27	891290.0
28	999909.0
29	1111261.0
30	1227541.5
31	1344107.0
32	1464709.5
33	1587905.0
34	1696380.0
35	1798818.0
36	1870497.0
37	1935542.0
38	1967331.5
39	1996610.5
40	1999439.0
41	1996147.0
42	1981757.0
43	1959405.5
44	1915538.5
45	1868153.0
46	1816786.0
47	1762127.5
48	1706551.0
49	1651556.5
50	1602754.0
51	1555465.0
52	1512489.5
53	1468738.5
54	1424653.5
55	1379160.0
56	1329387.5
57	1275264.5
58	1209321.0
59	1133638.0
60	1055292.0
61	973277.5
62	887940.5
63	808510.5
64	722190.5
65	636328.0
66	558723.5
67	484536.5
68	415686.5
69	348742.0
70	296157.0
71	247096.5
72	206341.5
73	168603.5
74	138168.5
75	103114.0
76	85735.0
77	70854.0
78	56819.0
79	46249.0
80	36552.0
81	29769.5
82	23710.0
83	19243.5
84	15231.0
85	12304.5
86	9471.0
87	7535.5
88	5785.0
89	4545.5
90	3498.5
91	2993.5
92	2521.5
93	2312.5
94	2154.5
95	2103.0
96	2034.5
97	2270.0
98	3615.0
99	13659.0
100	22615.0
>>END_MODULE
>>Per base N content	pass
#Base	N-Count
1	0.0
2	0.0
3	0.0
4	0.0
5	0.0
6	0.0
7	0.0
8	0.0
9	0.0
10	0.0
11	0.0
12	0.0
13	0.0
14	0.0
15	0.0
16	0.0
17	0.0
18	0.0
19	0.0
20	0.0
21	0.0
22	0.0
23	0.0
24	0.0
25	0.0
26	0.0
27	0.0
28	0.0
29	0.0
30	0.0
31	0.0
32	0.0
33	0.0
34	0.0
35	0.0
36	0.0
37	0.0
38	0.0
39	0.0
40	0.0
41	0.0
42	0.0
43	0.0
44	0.0
45	0.0
46	0.0
47	0.0
48	0.0
49	0.0
50	0.0
51	0.0
>>END_MODULE
>>Sequence Length Distribution	warn
#Length	Count
20	32161.0
21	33740.0
22	35601.0
23	36837.0
24	38905.0
25	40014.0
26	42127.0
27	45513.0
28	47931.0
29	52280.0
30	53294.0
31	55376.0
32	57248.0
33	58076.0
34	59886.0
35	61635.0
36	63206.0
37	66809.0
38	71437.0
39	76565.0
40	80001.0
41	85103.0
42	89772.0
43	100223.0
44	124905.0
45	187067.0
46	339960.0
47	875235.0
48	1853709.0
49	3706849.0
50	5112060.0
51	1.8497531E7
>>END_MODULE
>>Sequence Duplication Levels	warn
#Total Duplicate Percentage	39.515572299256405
#Duplication Level	Relative count
1	100.0
2	23.902657753138758
3	11.5302462090331
4	6.837599869558129
5	4.387738464046959
6	2.9838578183596933
7	2.148214576879178
8	1.5449209196151965
9	1.1796836784607858
10++	8.537420511984347
>>END_MODULE
>>Overrepresented sequences	pass
>>END_MODULE
>>Kmer Content	warn
#Sequence	Count	Obs/Exp Overall	Obs/Exp Max	Max Obs/Exp Position
AAAAA	11412305	4.7093434	5.9094667	47
TTTTT	9430135	3.731211	4.413757	13
CCTGG	2977255	3.0638325	3.7968912	9
>>END_MODULE
