##FastQC	0.10.1
>>Basic Statistics	pass
#Measure	Value	
Filename	KS25_S6_L001_R1_001_trimmed.fq.gz	
File type	Conventional base calls	
Encoding	Sanger / Illumina 1.9	
Total Sequences	14547039	
Filtered Sequences	0	
Sequence length	20-50	
%GC	45	
>>END_MODULE
>>Per base sequence quality	pass
#Base	Mean	Median	Lower Quartile	Upper Quartile	10th Percentile	90th Percentile
1	35.260795822435064	36.0	36.0	36.0	36.0	36.0
2	35.252518605332675	36.0	36.0	36.0	36.0	36.0
3	35.23043995413774	36.0	36.0	36.0	36.0	36.0
4	35.22287222849956	36.0	36.0	36.0	36.0	36.0
5	35.18432699602992	36.0	36.0	36.0	36.0	36.0
6	35.16199255394861	36.0	36.0	36.0	36.0	36.0
7	35.14844814810767	36.0	36.0	36.0	36.0	36.0
8	35.14131604376671	36.0	36.0	36.0	36.0	36.0
9	35.127777274811734	36.0	36.0	36.0	36.0	36.0
10	35.10277094878209	36.0	36.0	36.0	36.0	36.0
11	35.08910631228802	36.0	36.0	36.0	36.0	36.0
12	35.077887603106035	36.0	36.0	36.0	36.0	36.0
13	35.06845929264368	36.0	36.0	36.0	36.0	36.0
14	35.05562726545244	36.0	36.0	36.0	36.0	36.0
15	35.035685750206625	36.0	36.0	36.0	36.0	36.0
16	35.01545372910597	36.0	36.0	36.0	36.0	36.0
17	35.010340454851324	36.0	36.0	36.0	36.0	36.0
18	34.98099956974062	36.0	36.0	36.0	36.0	36.0
19	34.9646221475037	36.0	36.0	36.0	36.0	36.0
20	34.953590899151365	36.0	36.0	36.0	36.0	36.0
21	34.94214855264147	36.0	36.0	36.0	36.0	36.0
22	34.931337500857744	36.0	36.0	36.0	36.0	36.0
23	34.92768778164596	36.0	36.0	36.0	36.0	36.0
24	34.90926882112333	36.0	36.0	36.0	36.0	36.0
25	34.89265759583762	36.0	36.0	36.0	36.0	36.0
26	34.87977852012882	36.0	36.0	36.0	36.0	36.0
27	34.87768493483751	36.0	36.0	36.0	36.0	36.0
28	34.83887497428064	36.0	36.0	36.0	36.0	36.0
29	34.829472335364144	36.0	36.0	36.0	36.0	36.0
30	34.821282075207094	36.0	36.0	36.0	36.0	36.0
31	34.799551042214404	36.0	36.0	36.0	36.0	36.0
32	34.784151127079326	36.0	36.0	36.0	36.0	36.0
33	34.760739643736684	36.0	36.0	36.0	36.0	36.0
34	34.74036213025571	36.0	36.0	36.0	36.0	36.0
35	34.71376772604846	36.0	36.0	36.0	36.0	36.0
36	34.6937117518308	36.0	36.0	36.0	32.0	36.0
37	34.67944134079009	36.0	36.0	36.0	32.0	36.0
38	34.6548269222089	36.0	36.0	36.0	32.0	36.0
39	34.636203665202274	36.0	36.0	36.0	32.0	36.0
40	34.61969566856606	36.0	36.0	36.0	32.0	36.0
41	34.60238215689801	36.0	36.0	36.0	32.0	36.0
42	34.57004142233095	36.0	36.0	36.0	32.0	36.0
43	34.557152485345206	36.0	36.0	36.0	32.0	36.0
44	34.5358165985947	36.0	36.0	36.0	32.0	36.0
45	34.51683366672998	36.0	36.0	36.0	32.0	36.0
46	34.49190199343278	36.0	36.0	36.0	32.0	36.0
47	34.506837287169894	36.0	36.0	36.0	32.0	36.0
48	34.5171109155247	36.0	36.0	36.0	32.0	36.0
49	34.59695918876312	36.0	36.0	36.0	32.0	36.0
50	34.69247497282589	36.0	36.0	36.0	32.0	36.0
>>END_MODULE
>>Per sequence quality scores	pass
#Quality	Count
9	1.0
10	8.0
11	10.0
12	17.0
13	59.0
14	73.0
15	121.0
16	290.0
17	644.0
18	1385.0
19	2855.0
20	5794.0
21	10129.0
22	16440.0
23	25810.0
24	39184.0
25	57129.0
26	81834.0
27	112464.0
28	150865.0
29	196945.0
30	255164.0
31	334773.0
32	455130.0
33	688642.0
34	1374877.0
35	6519615.0
36	4216781.0
>>END_MODULE
>>Per base sequence content	pass
#Base	G	A	T	C
1	22.71132909891812	26.405962580165205	26.78180662928849	24.100901691628184
2	22.863779886321232	26.784029593545206	27.152409067574002	23.19978145255956
3	22.41138332234828	26.943749915790406	27.239707112844158	23.40515964901716
4	22.850322609029202	26.38217311861811	27.711283823078542	23.056220449274146
5	23.099718942299134	26.389108008718047	27.249088891157424	23.262084157825395
6	22.381130953506236	26.887421953277663	27.50569807669503	23.22574901652107
7	22.365861941432282	26.883865485908025	27.334761847802024	23.415510724857665
8	22.47674872551332	26.732251141605563	27.139851776712696	23.651148356168424
9	22.561712055526808	26.78232506207107	27.05878770142722	23.597175180974894
10	22.34835376374201	26.84631594751546	27.420325255900853	23.38500503284168
11	23.311287734083393	26.498104509270874	26.95714015150864	23.23346760513709
12	22.293867599809726	27.074314496188478	27.54443357491734	23.087384329084454
13	22.23557555148249	26.862084795825364	27.903076186342325	22.999263466349817
14	22.48384039795673	26.530503794606258	27.873800253741415	23.111855553695595
15	22.263047094582042	26.953294582784366	27.678990723713188	23.104667598920408
16	22.348724547616104	27.187670511233453	27.653774364652417	22.80983057649803
17	22.58641348140437	26.821519830667796	26.976516905137544	23.615549782790293
18	22.5964066198534	27.502395110125565	26.960704244872097	22.94049402514893
19	22.8805710065587	26.915623795569992	27.21408524645345	22.989719951417857
20	22.925729528506462	26.579713156275876	27.42734005330164	23.067217261916017
21	22.88329492664744	26.535116967965266	27.544861526953063	23.03672657843423
22	22.41945205143072	27.236091837856623	27.557840801377438	22.786615309335218
23	22.45231810984119	26.993224111534904	27.45908155977767	23.095376218846237
24	22.28406616431933	27.321501327165503	27.399007571204752	22.995424937310414
25	22.372795243776693	27.288302763173334	27.338089482664735	23.000812510385234
26	22.658956019547485	26.913948183239683	27.204618995921564	23.222476801291272
27	22.94579220429683	26.96391635195138	27.19479845539288	22.895492988358917
28	22.36374011573497	27.076362026671013	27.23376504846294	23.326132809131078
29	22.90589192395679	26.707723757791264	27.172714503273788	23.213669814978154
30	22.45069970186933	27.50076788685944	27.095287192487937	22.953245218783298
31	22.600433800354914	27.11080844445587	27.32942235947106	22.959335395718156
32	22.54507530938826	27.272732393041405	27.04698094309965	23.13521135447068
33	22.38477085429831	26.846016290226288	27.676560958500996	23.09265189697441
34	22.592905136429394	27.424950280131178	27.386882786798118	22.595261796641314
35	22.609555555098297	26.747908253127324	27.29700843709022	23.345527754684163
36	22.89502282390933	27.19604798236186	26.86676298353084	23.04216621019797
37	22.511142376021734	27.101606495826296	27.04360142086389	23.34364970728808
38	22.65923536116531	27.135791974962814	26.78926245759698	23.415710206274895
39	22.700756251531992	27.063331329903967	26.947983453625202	23.28792896493884
40	22.524665129789938	26.975936299000182	27.573529014863745	22.925869556346136
41	22.91544227725814	26.85299917570819	27.134561196408935	23.096997350624733
42	22.80382192757639	26.91543727590436	27.30284239864751	22.977898397871744
43	22.761830909389776	27.206934923713323	27.174460121882017	22.85677404501489
44	22.788242117646096	26.839635141150865	27.041940458021518	23.33018228318152
45	22.670973477473705	27.292882493151183	26.963041083038668	23.07310294633644
46	22.638372805865206	27.765490086737692	26.690138390678868	22.90599871671823
47	22.954213227681876	27.048237806297738	26.849945705186258	23.147603260834128
48	22.86690597365984	27.499430416574466	27.33534941279637	22.298314196969322
49	22.95922454158477	27.416669550004908	27.60386060821216	22.02024530019817
50	23.19828411317631	27.294456245915683	27.568388468194577	21.938871172713434
>>END_MODULE
>>Per base GC content	pass
#Base	%GC
1	46.81223079054631
2	46.063561338880795
3	45.816542971365436
4	45.90654305830335
5	46.361803100124526
6	45.60687997002731
7	45.78137266628994
8	46.12789708168174
9	46.1588872365017
10	45.73335879658369
11	46.54475533922049
12	45.38125192889418
13	45.23483901783231
14	45.595695951652324
15	45.36771469350245
16	45.15855512411413
17	46.20196326419467
18	45.53690064500233
19	45.87029095797656
20	45.99294679042248
21	45.92002150508167
22	45.20606736076594
23	45.54769432868743
24	45.279491101629745
25	45.37360775416193
26	45.88143282083876
27	45.84128519265575
28	45.68987292486605
29	46.11956173893495
30	45.40394492065263
31	45.55976919607307
32	45.68028666385894
33	45.47742275127272
34	45.188166933070704
35	45.95508330978246
36	45.9371890341073
37	45.85479208330982
38	46.07494556744021
39	45.988685216470834
40	45.45053468613607
41	46.01243962788287
42	45.781720325448134
43	45.61860495440467
44	46.11842440082762
45	45.74407642381014
46	45.54437152258344
47	46.10181648851601
48	45.16522017062917
49	44.97946984178294
50	45.13715528588974
>>END_MODULE
>>Per sequence GC content	pass
#GC Content	Count
0	6060.0
1	5534.5
2	4060.0
3	3348.0
4	3654.5
5	4316.0
6	5062.0
7	5955.5
8	6800.0
9	8483.0
10	10393.5
11	13389.5
12	16464.0
13	21206.0
14	26676.0
15	34971.5
16	43958.5
17	57317.5
18	71642.0
19	89934.5
20	108610.0
21	130729.0
22	153740.5
23	182243.0
24	212760.5
25	242344.0
26	276432.5
27	318746.0
28	365552.5
29	419682.0
30	475252.0
31	536219.0
32	598127.5
33	658664.0
34	718831.5
35	769354.0
36	815268.5
37	839405.0
38	856432.5
39	866437.5
40	875496.5
41	878289.5
42	880103.5
43	877059.5
44	870826.0
45	860400.0
46	850845.0
47	840759.5
48	829903.0
49	818988.0
50	808210.0
51	797544.5
52	783126.5
53	765747.5
54	749845.0
55	730020.0
56	706486.0
57	679431.5
58	650062.0
59	611535.5
60	571022.0
61	525781.5
62	479589.5
63	439118.0
64	391746.5
65	347818.5
66	304729.5
67	265432.0
68	228015.0
69	193972.0
70	163713.0
71	137982.5
72	114645.0
73	94514.0
74	76218.0
75	63078.5
76	53265.0
77	43434.5
78	34326.5
79	27500.5
80	21894.0
81	17746.0
82	14071.5
83	11315.5
84	8860.0
85	6922.0
86	5355.5
87	4282.5
88	3421.0
89	2608.0
90	1930.0
91	1524.5
92	1228.5
93	1040.0
94	852.0
95	733.0
96	641.5
97	585.0
98	536.0
99	715.0
100	893.0
>>END_MODULE
>>Per base N content	pass
#Base	N-Count
1	3.2996405660285915E-4
2	5.705628478757773E-4
3	2.0622753537678697E-5
4	1.306107724052984E-4
5	0.0014023472405621515
6	0.003189652547160972
7	0.003155281291264841
8	0.0013885987382036991
9	0.002804694481124303
10	0.004021436939847346
11	0.004633245294798481
12	0.012291161108456504
13	0.0035814848643768676
14	0.005045700365552055
15	0.021124573873762213
16	0.004880718337250626
17	0.006585532629698731
18	0.005052574616731281
19	0.012215544345485016
20	0.020773987063621678
21	0.00807614739815861
22	0.017772150275013162
23	0.023116497683410512
24	0.012658834984368865
25	0.018173461074991078
26	0.010760825066984225
27	0.01584261296754067
28	0.04244827357724003
29	0.016054244194909008
30	0.016952291767714935
31	0.031125549146876996
32	0.03205185051929065
33	0.01514894189897455
34	0.037105394388603205
35	0.02495545012346847
36	0.019213670743697103
37	0.032014200380789226
38	0.02554439936361469
39	0.01988682588179994
40	0.010247673457885265
41	0.026013236499307146
42	0.009862804833861379
43	0.017249489899627032
44	0.03297424229964457
45	0.014689519417947664
46	0.019202345441036328
47	0.013246869957157459
48	0.005900372215147239
49	0.004777423715491526
50	0.006644620892052925
>>END_MODULE
>>Sequence Length Distribution	warn
#Length	Count
20	22787.0
21	24037.0
22	25704.0
23	26104.0
24	26278.0
25	27322.0
26	28490.0
27	28867.0
28	29707.0
29	32387.0
30	33037.0
31	34091.0
32	35621.0
33	37196.0
34	38290.0
35	39422.0
36	38920.0
37	39198.0
38	40705.0
39	43039.0
40	45196.0
41	51321.0
42	53986.0
43	64959.0
44	92456.0
45	157268.0
46	393609.0
47	834422.0
48	1653001.0
49	2196998.0
50	8352621.0
>>END_MODULE
>>Sequence Duplication Levels	warn
#Total Duplicate Percentage	32.623735769775735
#Duplication Level	Relative count
1	100.0
2	21.971152800237856
3	8.753508002233518
4	4.39234512215462
5	2.418436681919376
6	1.5098006512012414
7	0.9746263569714066
8	0.6990623572324672
9	0.4706343048172938
10++	3.844117796358204
>>END_MODULE
>>Overrepresented sequences	pass
>>END_MODULE
>>Kmer Content	warn
#Sequence	Count	Obs/Exp Overall	Obs/Exp Max	Max Obs/Exp Position
AAAAA	3861445	4.199219	5.310517	46
TTTTT	3788270	3.9045072	5.293949	13
GAAAA	2180895	2.8257127	5.097043	4
AGAAA	2152165	2.7884881	5.1247454	28
GAGAA	1417275	2.1878722	5.0719724	27
>>END_MODULE
