##FastQC	0.10.1
>>Basic Statistics	pass
#Measure	Value	
Filename	040-F0_S2_L002_R2_001_trimmed.fq.gz	
File type	Conventional base calls	
Encoding	Sanger / Illumina 1.9	
Total Sequences	12989497	
Filtered Sequences	0	
Sequence length	20-51	
%GC	43	
>>END_MODULE
>>Per base sequence quality	pass
#Base	Mean	Median	Lower Quartile	Upper Quartile	10th Percentile	90th Percentile
1	34.74073545726982	36.0	36.0	36.0	32.0	36.0
2	34.73595882889076	36.0	36.0	36.0	32.0	36.0
3	34.716382012328886	36.0	36.0	36.0	32.0	36.0
4	34.71677779362819	36.0	36.0	36.0	32.0	36.0
5	34.694405641727315	36.0	36.0	36.0	32.0	36.0
6	34.69344209402412	36.0	36.0	36.0	32.0	36.0
7	34.67274237023959	36.0	36.0	36.0	32.0	36.0
8	34.650073748044285	36.0	36.0	36.0	32.0	36.0
9	34.64279378947468	36.0	36.0	36.0	32.0	36.0
10	34.62787596779152	36.0	36.0	36.0	32.0	36.0
11	34.60759935507895	36.0	36.0	36.0	32.0	36.0
12	34.585396955709676	36.0	36.0	36.0	32.0	36.0
13	34.598964686623354	36.0	36.0	36.0	32.0	36.0
14	34.586820028519966	36.0	36.0	36.0	32.0	36.0
15	34.57352882871446	36.0	36.0	36.0	32.0	36.0
16	34.55939818146923	36.0	36.0	36.0	32.0	36.0
17	34.52442377098975	36.0	36.0	36.0	32.0	36.0
18	34.524649414831075	36.0	36.0	36.0	32.0	36.0
19	34.488313288805564	36.0	36.0	36.0	32.0	36.0
20	34.50146452938093	36.0	36.0	36.0	32.0	36.0
21	34.4779988418942	36.0	36.0	36.0	32.0	36.0
22	34.47400405183784	36.0	36.0	36.0	32.0	36.0
23	34.45742134676183	36.0	36.0	36.0	32.0	36.0
24	34.43019180214635	36.0	36.0	36.0	32.0	36.0
25	34.416035005739694	36.0	36.0	36.0	32.0	36.0
26	34.37536851531253	36.0	36.0	36.0	32.0	36.0
27	34.37957915291664	36.0	36.0	36.0	32.0	36.0
28	34.34665548206224	36.0	36.0	36.0	32.0	36.0
29	34.32044864289707	36.0	36.0	36.0	32.0	36.0
30	34.31268917245615	36.0	36.0	36.0	32.0	36.0
31	34.28878767622356	36.0	36.0	36.0	32.0	36.0
32	34.276163861892435	36.0	36.0	36.0	32.0	36.0
33	34.22288661344927	36.0	36.0	36.0	32.0	36.0
34	34.207178507114634	36.0	36.0	36.0	32.0	36.0
35	34.16171130675219	36.0	36.0	36.0	32.0	36.0
36	34.15353336547847	36.0	36.0	36.0	32.0	36.0
37	34.1333930448906	36.0	36.0	36.0	32.0	36.0
38	34.09936641145192	36.0	36.0	36.0	32.0	36.0
39	34.09029097563829	36.0	36.0	36.0	32.0	36.0
40	34.07431231289486	36.0	36.0	36.0	32.0	36.0
41	34.0542900472036	36.0	36.0	36.0	32.0	36.0
42	34.02848271472255	36.0	36.0	36.0	32.0	36.0
43	34.00593732174464	36.0	36.0	36.0	32.0	36.0
44	33.96426914469734	36.0	36.0	36.0	32.0	36.0
45	33.961622289457985	36.0	36.0	36.0	32.0	36.0
46	33.9380367051463	36.0	36.0	36.0	32.0	36.0
47	33.94370194352081	36.0	36.0	36.0	32.0	36.0
48	33.92686835963816	36.0	36.0	36.0	32.0	36.0
49	33.984027237281246	36.0	36.0	36.0	32.0	36.0
50	34.06830407502022	36.0	36.0	36.0	32.0	36.0
51	34.19736086407907	36.0	36.0	36.0	32.0	36.0
>>END_MODULE
>>Per sequence quality scores	pass
#Quality	Count
14	727.0
15	1734.0
16	3191.0
17	5661.0
18	8954.0
19	13426.0
20	19714.0
21	27526.0
22	37702.0
23	51569.0
24	70052.0
25	93530.0
26	124134.0
27	160087.0
28	203801.0
29	254238.0
30	318123.0
31	405812.0
32	537181.0
33	778139.0
34	1446837.0
35	5628839.0
36	2798520.0
>>END_MODULE
>>Per base sequence content	pass
#Base	G	A	T	C
1	21.811545127574995	27.35669441241643	27.601692351905545	23.23006810810303
2	22.065319388425895	28.19815886635179	27.87696090156532	21.859560843656993
3	21.51825432501351	28.05885401105216	28.225973646246654	22.196918017687675
4	22.365985380342288	26.958788319516913	28.841717273578798	21.833509026561998
5	21.924343952656518	27.542167337195583	28.297700827060506	22.23578788308739
6	21.17101224165955	28.212401142245923	28.56481663608683	22.051769980007695
7	21.401844890529635	28.185340818047074	28.290749056718674	22.122065234704625
8	21.318146499437198	28.133845367530398	27.895306492622463	22.65270164040994
9	21.650122402738152	27.855890031769516	27.951705905163227	22.54228166032911
10	21.34768574949438	27.876468195804655	28.537656231030343	22.238189823670616
11	22.556500840640712	27.546124380335897	27.849438665715848	22.047936113307543
12	21.322727123305853	28.361190583438294	28.325577195175455	21.990505098080394
13	21.342604721337555	28.161190537247133	28.80270113615639	21.693503605258925
14	21.466081404075922	27.861302096609286	28.922952135867924	21.74966436344687
15	21.28839938913724	28.26369643104733	28.65756849553143	21.790335684284003
16	21.259221969873042	28.28218059559966	28.97857399713014	21.480023437397154
17	21.50926244488143	27.853688252901556	27.901919527753844	22.735129774463168
18	21.458421369203133	28.91115799172208	27.91567679641483	21.71474384265996
19	22.083811251505736	27.958619182867512	28.279794052071455	21.677775513555297
20	22.43679643638241	27.58042132039447	28.390906899628217	21.591875343594904
21	22.31213695495258	27.617755402258304	28.464450684457177	21.605656958331934
22	21.599245636957306	28.500745903704328	28.494262469188246	21.40574599015012
23	21.42865976155923	28.31637921492997	28.566895984991874	21.688065038518925
24	21.175002159480833	28.57633246159452	28.441755783306395	21.80690959561825
25	21.402831034703816	28.63394657251227	28.095657901356326	21.867564491427586
26	21.545548154906047	27.889030784057113	28.338550950393547	22.226870110643294
27	22.252939852158768	27.997673236739995	28.169256473934922	21.58013043716631
28	21.218658107660595	28.48633990078286	28.14971893461969	22.14528305693686
29	22.192044608307647	27.815369506199684	28.046666465835212	21.945919419657457
30	21.395779646418024	29.000267041697995	27.839030548710085	21.764922763173892
31	21.516178298492093	28.471406059507164	28.300893730331943	21.7115219116688
32	21.563475970154823	28.802357148886305	27.89056767478883	21.743599206170046
33	21.39959839073003	27.83301124956071	28.86041363016347	21.90697672954579
34	21.59086293527479	28.753154813783866	28.36062148835835	21.295360762582995
35	21.48536997761487	27.65177950566775	28.608973910997683	22.253876605719704
36	21.768383514934335	28.287854622828817	27.81166912827399	22.132092733962857
37	21.486666828736354	28.3084500751479	27.873920588077805	22.330962508037942
38	21.72663372920571	28.48063715516679	27.585780644665935	22.206948470961567
39	21.730719854138822	28.350831909448516	27.737015428269547	22.181432808143118
40	21.38917364614511	28.03108425248811	28.73979809684883	21.839944004517957
41	21.913912975925335	27.92886352810955	28.218647065727787	21.93857643023733
42	22.003238722271824	27.808295308012354	28.472089881959473	21.71637608775635
43	21.74654111287084	28.629593623689225	28.010370250160804	21.613495013279127
44	21.80154149154886	28.095109762151683	27.812435833456796	22.290912912842668
45	21.9736662861223	28.53705679687966	27.840535721150623	21.648741195847418
46	21.688012009210393	29.461988557851033	27.447186446673133	21.40281298626544
47	22.057096958475476	28.08559678503074	27.65307859620461	22.20422766028917
48	21.972239127762627	28.636698675600215	28.219810190635965	21.171252006001193
49	22.31955954109824	28.221503173485164	28.322328892380945	21.136608393035655
50	23.00371097737707	28.209798526033435	28.068132125241352	20.718358371348135
51	21.94577222773428	29.369475551384877	28.007441412054618	20.677310808826224
>>END_MODULE
>>Per base GC content	pass
#Base	%GC
1	45.04161323567802
2	43.92488023208289
3	43.71517234270119
4	44.199494406904286
5	44.16013183574391
6	43.222782221667245
7	43.52391012523425
8	43.97084813984714
9	44.19240406306726
10	43.585875573165
11	44.60443695394826
12	43.31323222138625
13	43.03610832659648
14	43.21574576752279
15	43.07873507342124
16	42.7392454072702
17	44.2443922193446
18	43.17316521186309
19	43.76158676506103
20	44.028671779977316
21	43.91779391328451
22	43.00499162710742
23	43.11672480007815
24	42.981911755099084
25	43.2703955261314
26	43.77241826554934
27	43.83307028932508
28	43.36394116459745
29	44.137964027965104
30	43.16070240959192
31	43.22770021016089
32	43.307075176324865
33	43.306575120275824
34	42.88622369785779
35	43.73924658333458
36	43.90047624889719
37	43.817629336774296
38	43.93358220016728
39	43.91215266228194
40	43.22911765066306
41	43.85248940616266
42	43.719614810028176
43	43.360036126149964
44	44.092454404391525
45	43.62240748196972
46	43.090824995475835
47	44.26132461876465
48	43.143491133763824
49	43.456167934133894
50	43.722069348725206
51	42.6230830365605
>>END_MODULE
>>Per sequence GC content	warn
#GC Content	Count
0	7309.0
1	6094.5
2	4411.5
3	4357.0
4	4842.5
5	5527.5
6	6299.5
7	7119.0
8	7915.0
9	9809.0
10	11831.0
11	14791.0
12	17734.5
13	22504.5
14	27756.5
15	36854.0
16	46274.5
17	60119.5
18	74365.5
19	93364.0
20	112933.5
21	136336.5
22	160154.0
23	189891.0
24	220746.5
25	252522.0
26	314702.5
27	358073.0
28	410340.0
29	464829.5
30	525026.0
31	586522.5
32	650689.0
33	714418.5
34	766216.5
35	814115.5
36	833754.0
37	847888.0
38	842241.5
39	836464.5
40	827862.5
41	816421.5
42	808290.0
43	798445.0
44	780131.0
45	760910.0
46	742073.5
47	722431.0
48	701548.0
49	680450.0
50	659840.5
51	638163.0
52	614810.5
53	591282.0
54	567759.5
55	542190.0
56	515569.0
57	488341.5
58	458895.5
59	427033.0
60	393558.5
61	358822.0
62	324193.5
63	291585.0
64	258489.0
65	226965.0
66	199361.5
67	172812.0
68	147035.0
69	121307.5
70	101975.5
71	84590.5
72	70343.5
73	57388.0
74	47356.0
75	35758.5
76	29840.0
77	24926.5
78	20329.5
79	16610.0
80	13151.0
81	10747.0
82	8669.5
83	7270.5
84	5919.0
85	4800.0
86	3762.0
87	3105.5
88	2513.0
89	2072.5
90	1667.5
91	1435.0
92	1252.0
93	1215.0
94	1180.5
95	1175.5
96	1176.5
97	1322.5
98	1982.0
99	7231.0
100	11968.0
>>END_MODULE
>>Per base N content	pass
#Base	N-Count
1	0.0
2	0.0
3	0.0
4	0.0
5	0.0
6	0.0
7	0.0
8	0.0
9	0.0
10	0.0
11	0.0
12	0.0
13	0.0
14	0.0
15	0.0
16	0.0
17	0.0
18	0.0
19	0.0
20	0.0
21	0.0
22	0.0
23	0.0
24	0.0
25	0.0
26	0.0
27	0.0
28	0.0
29	0.0
30	0.0
31	0.0
32	0.0
33	0.0
34	0.0
35	0.0
36	0.0
37	0.0
38	0.0
39	0.0
40	0.0
41	0.0
42	0.0
43	0.0
44	0.0
45	0.0
46	0.0
47	0.0
48	0.0
49	0.0
50	0.0
51	0.0
>>END_MODULE
>>Sequence Length Distribution	warn
#Length	Count
20	16589.0
21	16812.0
22	18040.0
23	18284.0
24	19259.0
25	20112.0
26	21336.0
27	22372.0
28	23295.0
29	25133.0
30	26138.0
31	26402.0
32	27851.0
33	28441.0
34	29965.0
35	31696.0
36	30594.0
37	31869.0
38	33814.0
39	36202.0
40	37726.0
41	42675.0
42	43763.0
43	49417.0
44	59965.0
45	83753.0
46	143991.0
47	349658.0
48	723766.0
49	1453620.0
50	2020421.0
51	7476538.0
>>END_MODULE
>>Sequence Duplication Levels	warn
#Total Duplicate Percentage	25.567907201546635
#Duplication Level	Relative count
1	100.0
2	16.46727010363374
3	5.547684638593729
4	2.5731339367703003
5	1.394464121736849
6	0.7739735012462285
7	0.5634264725173816
8	0.42568542568542567
9	0.33779351961170145
10++	3.0985176439721895
>>END_MODULE
>>Overrepresented sequences	pass
>>END_MODULE
>>Kmer Content	warn
#Sequence	Count	Obs/Exp Overall	Obs/Exp Max	Max Obs/Exp Position
AAAAA	4724355	4.5192537	5.680424	47
GGGGG	1105145	3.8926754	5.213147	47
TTTTT	3900895	3.7089977	5.6553845	13
TTTTC	2495145	3.055854	5.8575487	4
GAAAA	2428075	3.014444	7.2465696	4
AGAAA	2395610	2.974139	6.8557386	28
GGAAA	1424310	2.294936	7.214789	20
GAGAA	1414260	2.2787428	7.4446864	27
AAAAT	2336235	2.2321036	5.276782	22
CCACC	824575	2.160861	5.4320173	8
TGGAA	1281370	2.0621216	5.065154	19
TGAAA	1585270	1.9657216	5.844623	10
CTGAA	1216840	1.9412004	6.780844	9
AAATG	1520485	1.885389	5.949501	23
CATTT	1530615	1.8768482	5.8293705	1
AAAAC	1465955	1.8041099	5.5003996	5
GTGGA	804875	1.6810828	5.5242844	47
TGAGA	1044145	1.680353	6.7603016	26
CATGG	746755	1.5460941	5.3464165	17
AATGA	1164090	1.4434618	5.452304	24
CACTT	876240	1.383983	5.6912627	37
CTTGA	866485	1.3806117	5.379616	47
AACTG	862795	1.3763995	6.036292	7
ATGAG	851820	1.3708425	6.4364166	25
ACTGA	847760	1.3524143	6.0648446	8
AAATC	1047860	1.28801	5.1757035	13
AATCA	935350	1.1497147	5.0074964	14
>>END_MODULE
