##FastQC	0.10.1
>>Basic Statistics	pass
#Measure	Value	
Filename	029-F5_S4_L003_R1_001.fastq.gz	
File type	Conventional base calls	
Encoding	Sanger / Illumina 1.9	
Total Sequences	25752762	
Filtered Sequences	0	
Sequence length	35-76	
%GC	46	
>>END_MODULE
>>Per base sequence quality	pass
#Base	Mean	Median	Lower Quartile	Upper Quartile	10th Percentile	90th Percentile
1	31.349683191263136	32.0	32.0	32.0	32.0	32.0
2	31.375080894235733	32.0	32.0	32.0	32.0	32.0
3	31.483129149409294	32.0	32.0	32.0	32.0	32.0
4	31.576738293158613	32.0	32.0	32.0	32.0	32.0
5	31.52563375532302	32.0	32.0	32.0	32.0	32.0
6	35.12388088702874	36.0	36.0	36.0	36.0	36.0
7	35.142104796370965	36.0	36.0	36.0	36.0	36.0
8	35.06688758277656	36.0	36.0	36.0	36.0	36.0
9	35.22606503333507	36.0	36.0	36.0	36.0	36.0
10-14	35.15116694667547	36.0	36.0	36.0	36.0	36.0
15-19	35.10337389830264	36.0	36.0	36.0	36.0	36.0
20-24	35.06025502817911	36.0	36.0	36.0	36.0	36.0
25-29	34.954715925227745	36.0	36.0	36.0	36.0	36.0
30-34	34.874057275875884	36.0	36.0	36.0	36.0	36.0
35-39	34.84482158693656	36.0	36.0	36.0	36.0	36.0
40-44	34.79740050625175	36.0	36.0	36.0	36.0	36.0
45-49	34.708051341082054	36.0	36.0	36.0	32.8	36.0
50-54	34.59485371972734	36.0	36.0	36.0	32.0	36.0
55-59	34.446355257699956	36.0	36.0	36.0	32.0	36.0
60-64	34.29038560108703	36.0	36.0	36.0	32.0	36.0
65-69	34.15566891761934	36.0	36.0	36.0	32.0	36.0
70-74	34.05250111184513	36.0	36.0	36.0	32.0	36.0
75-76	33.35652758193319	36.0	34.0	36.0	23.0	36.0
>>END_MODULE
>>Per sequence quality scores	pass
#Quality	Count
2	43908.0
3	0.0
4	0.0
5	0.0
6	0.0
7	0.0
8	0.0
9	0.0
10	0.0
11	0.0
12	0.0
13	0.0
14	0.0
15	0.0
16	1.0
17	15.0
18	95.0
19	629.0
20	2587.0
21	7159.0
22	15540.0
23	29907.0
24	55172.0
25	94562.0
26	150919.0
27	225842.0
28	315760.0
29	424805.0
30	557981.0
31	734480.0
32	1015488.0
33	1625671.0
34	3846242.0
35	1.6605999E7
>>END_MODULE
>>Per base sequence content	fail
#Base	G	A	T	C
1	42.2636013909491	18.901842764389755	12.1167346740267	26.717821170634437
2	15.856613079901633	19.481066469109287	37.364195994896505	27.298124456092577
3	19.14428540021935	21.701249048382245	27.855028299202157	31.29943725219625
4	13.010566023644804	15.115932975531354	35.489213429476735	36.38428757134711
5	14.847931378038087	35.04770379885467	34.09959852741783	16.004766295689414
6	34.7325579404619	34.888375799400166	16.192162648849127	14.186903611288798
7	30.504699157382543	29.134826339242544	20.52522410531166	19.835250398063252
8	26.205948347600405	35.32048141858054	19.49667612566472	18.976894108154337
9	24.583997404162783	15.983991351773206	20.02295784946307	39.40905339460094
10-14	24.173104273986972	22.92795697016674	28.132991175370048	24.76594758047624
15-19	22.66280176493241	28.0437011352531	25.937625205332658	23.355871894481826
20-24	22.72939368964514	26.63160341743998	27.339795228869473	23.29920766404541
25-29	22.665359047509558	26.674187631757505	27.238976510823925	23.421476809909013
30-34	22.656154682210715	26.73140174903236	27.354186292054305	23.25825727670262
35-39	22.726934536680915	26.93833781848865	27.208882499528325	23.125845145302108
40-44	22.751320358607224	26.839227163189072	27.250761279019603	23.158691199184098
45-49	22.75831540028213	27.000790821149483	27.12411856285723	23.116775215711158
50-54	22.813737000483695	27.00381305286256	27.105523616324444	23.076926330329297
55-59	22.813826492527223	26.979411911673335	27.050447714373384	23.156313881426062
60-64	22.89196005954527	27.056497545774928	26.98949762622979	23.062044768450008
65-69	22.89394931905574	27.082106578203803	27.011664540602272	23.01227956213819
70-74	23.153627014404137	27.304137291712728	26.958965388364632	22.583270305518504
75-76	27.414325461011625	34.65421242812957	27.80886156629413	10.122600544564675
>>END_MODULE
>>Per base GC content	fail
#Base	%GC
1	68.98142256158354
2	43.15473753599421
3	50.4437226524156
4	49.39485359499191
5	30.8526976737275
6	48.9194615517507
7	50.3399495554458
8	45.18284245575474
9	63.993050798763726
10-14	48.93905185446321
15-19	46.01867365941424
20-24	46.028601353690554
25-29	46.08683585741857
30-34	45.914411958913334
35-39	45.85277968198302
40-44	45.91001155779132
45-49	45.87509061599329
50-54	45.89066333081299
55-59	45.97014037395329
60-64	45.95400482799528
65-69	45.906228881193925
70-74	45.73689731992264
75-76	37.5369260055763
>>END_MODULE
>>Per sequence GC content	warn
#GC Content	Count
0	43925.0
1	21970.0
2	31.5
3	65.5
4	83.5
5	128.0
6	228.0
7	400.5
8	524.0
9	689.5
10	1276.0
11	2266.0
12	2864.5
13	3969.5
14	6681.5
15	11139.0
16	18026.0
17	23374.0
18	31994.0
19	48764.0
20	70234.5
21	86260.5
22	109594.5
23	150503.5
24	193167.5
25	222006.5
26	259412.0
27	319553.0
28	379650.0
29	421082.5
30	470301.5
31	546504.5
32	620376.0
33	669968.0
34	730820.5
35	819937.0
36	897819.5
37	948389.0
38	993362.0
39	1048699.0
40	1080424.0
41	1092976.0
42	1105995.0
43	1114453.5
44	1109143.5
45	1091546.0
46	1081286.0
47	1067213.0
48	1039548.5
49	1010604.5
50	991558.0
51	971386.5
52	940981.5
53	914360.5
54	903035.5
55	890810.5
56	866221.5
57	840557.5
58	816874.0
59	774685.0
60	714031.5
61	645825.5
62	590158.5
63	536626.0
64	466665.0
65	402407.0
66	336689.0
67	288582.0
68	251941.0
69	206171.5
70	161726.0
71	131385.5
72	109400.5
73	86106.5
74	65207.5
75	51477.0
76	42609.0
77	33168.0
78	24688.0
79	19701.0
80	16564.0
81	12717.5
82	8987.0
83	6776.0
84	5430.0
85	3956.5
86	2677.5
87	2003.5
88	1618.5
89	1196.5
90	841.5
91	619.5
92	527.0
93	529.5
94	431.5
95	252.0
96	185.0
97	159.0
98	109.5
99	61.5
100	39.0
>>END_MODULE
>>Per base N content	pass
#Base	N-Count
1	0.1975982226683103
2	0.17129424797231457
3	0.17050598300873515
4	0.17063024152516146
5	0.1704982168514585
6	0.2028597942232371
7	0.17293679023632494
8	0.1704982168514585
9	0.1704982168514585
10-14	0.170904386877027
15-19	0.17082750191998824
20-24	0.17093622812186124
25-29	0.17225026193306955
30-34	0.1722246336140566
35-39	0.043747702731532535
40-44	0.0026051141619962185
45-49	0.0010144606065945075
50-54	0.0012137513285429976
55-59	0.0025330943366629935
60-64	0.0019244348295583767
65-69	0.0010795121162830205
70-74	0.002980059568041811
75-76	0.014563045891393534
>>END_MODULE
>>Sequence Length Distribution	warn
#Length	Count
35	58000.0
36	20881.0
37	26802.0
38	29393.0
39	31766.0
40	31635.0
41	33277.0
42	35251.0
43	37551.0
44	41459.0
45	45057.0
46	46084.0
47	48142.0
48	49246.0
49	51191.0
50	51189.0
51	51990.0
52	52875.0
53	54687.0
54	57322.0
55	59706.0
56	61798.0
57	63236.0
58	64022.0
59	65590.0
60	65009.0
61	64736.0
62	66053.0
63	67046.0
64	70748.0
65	71841.0
66	74718.0
67	74604.0
68	76968.0
69	80226.0
70	86333.0
71	106419.0
72	205789.0
73	638493.0
74	1733493.0
75	5460585.0
76	1.5641551E7
>>END_MODULE
>>Sequence Duplication Levels	warn
#Total Duplicate Percentage	38.90434526150216
#Duplication Level	Relative count
1	100.0
2	24.91773470750565
3	11.456799658870573
4	6.401808629609069
5	4.0951622376159555
6	2.5938709340027195
7	1.8456389338096273
8	1.351644903574618
9	1.0177564303701736
10++	7.229691133048522
>>END_MODULE
>>Overrepresented sequences	warn
#Sequence	Count	Percentage	Possible Source
NNNNNNNNNNNNNNNNNNNNNNNNNNNNNNNNNNN	43908	0.1704982168514585	No Hit
>>END_MODULE
>>Kmer Content	warn
#Sequence	Count	Obs/Exp Overall	Obs/Exp Max	Max Obs/Exp Position
AAAAA	8584630	3.54546	6.5751686	72
TTTTT	8041790	3.194108	5.744625	72
CCTGG	4347820	3.0816736	11.927201	3
CCAGG	4144020	2.9602451	12.864443	3
CCCAG	3985560	2.833689	11.108375	2
CTGGG	3918405	2.790406	9.972486	4
CCAGC	3686335	2.620943	6.681259	3
GGAGG	3562430	2.5688477	6.019454	6
GCTGG	3527285	2.5118785	5.8814974	3
CAGCA	3955600	2.4581475	7.107317	4
TCCAG	3966145	2.445532	9.938133	2
TGCTG	3910045	2.4034705	6.6419883	2
CAGCC	3350030	2.3818338	5.53216	9
CAGGA	3813905	2.3812697	10.71409	4
AGGAG	3775875	2.3686416	7.481591	5
CTCCA	3843115	2.35855	7.4574947	1
GGCTG	3259820	2.3214092	8.213299	7
CTCCT	3811565	2.320995	6.943837	1
TCCTG	3765065	2.3034906	9.727585	2
CTGGA	3704215	2.2947955	9.025833	4
CTGCA	3654980	2.2536674	6.9555244	4
CCTGC	3179730	2.2431703	6.432408	3
GCAGG	3111200	2.232939	6.7853847	3
GGCAG	3108365	2.2309043	5.7367873	7
TGCAG	3599225	2.2297535	7.1120887	2
CAGAG	3559210	2.222247	7.4497724	4
CCCTG	3129205	2.2075267	8.659582	2
AGCAG	3527255	2.2022953	5.34672	7
GCCTG	3090095	2.1902156	6.907325	7
CTGCT	3579245	2.1898048	6.551557	9
CTGCC	3087610	2.178183	5.6583014	9
CTCTG	3535610	2.1631088	7.249895	2
TGGAG	3454340	2.1500869	6.6864705	5
CAGGG	2984005	2.14165	9.170247	4
GCTGC	2973920	2.1078722	5.4859624	8
CACAG	3358115	2.0868495	7.441183	7
CAGGC	2900800	2.0721617	6.212715	4
AGCTG	3327725	2.0615568	5.6239405	7
CTGTG	3334920	2.049946	9.243404	9
GGAGA	3213070	2.0155885	5.7411585	6
GGGAG	2786800	2.0095453	5.1544614	7
GCCAG	2812580	2.0091424	5.018925	2
CTGGC	2829905	2.0057964	5.2028546	4
CTCAG	3241005	1.9984095	6.1403227	2
CTGAG	3200540	1.9827645	5.6845074	4
CCCCA	2784925	1.9707578	6.4234624	1
CAGAA	3604795	1.9579835	5.563502	4
TCCCA	3070615	1.8844607	5.267782	2
TTCTG	3540400	1.8784873	5.2283826	2
CAGTG	3010235	1.8648688	6.7066965	9
CACTG	3023095	1.8640459	7.8240876	7
GGCCA	2606690	1.8620667	5.6870117	1
CCAGA	2985305	1.8551725	6.693848	3
TGGGG	2590530	1.8534881	5.458731	5
CCTCT	3011200	1.8336248	5.2293067	1
TCTGG	2928330	1.800019	6.140763	3
ACCTG	2915275	1.7975638	5.161303	7
TGGCC	2510365	1.7793111	5.320741	5
CCTGA	2818015	1.7375932	5.515967	3
GCCCA	2409875	1.7133942	6.6529183	1
ACAGA	3134990	1.7028037	5.943071	8
TCAGG	2720500	1.6853752	5.9005804	3
GAGAG	2658780	1.6678776	5.448574	7
AGGTG	2635495	1.6404127	5.0848036	7
CCTGT	2680070	1.639684	5.5273557	8
TGGGC	2296570	1.635452	6.029116	5
ACAGG	2585445	1.6142619	5.182042	8
GGGCC	1955845	1.6060184	5.009098	6
ACACA	2858645	1.5454166	6.4224467	6
GTGTG	2450550	1.5134348	6.398526	1
CACAC	2440485	1.5094845	6.6591697	5
TGTGT	2820765	1.5037166	5.7080417	10
ACAGC	2397435	1.4898496	5.8086095	8
GCTGT	2381385	1.4638165	5.1992297	8
CTGTC	2386025	1.4597851	5.8728423	9
GCCCT	2064980	1.4567593	5.4636397	1
GACAG	2329095	1.4542059	7.194969	7
GGGCT	2029330	1.4451427	5.777776	6
AGGGC	1942125	1.3938823	5.526215	5
AGACA	2547485	1.383694	5.547352	6
GGACA	2076865	1.2967222	6.282027	6
ACTGC	2086130	1.2863115	5.4931893	8
GTCCT	2036490	1.2459375	7.2253	1
GTGCT	2023720	1.243963	5.59385	1
AGCAC	1931505	1.2003045	5.735024	5
TGTGC	1951920	1.1998283	5.6545825	10
AGGAC	1912220	1.1939236	7.439919	5
GTCCA	1936180	1.1938521	6.8119016	1
GTCTT	2143945	1.1375477	5.1632643	1
GTCCC	1596950	1.1265832	5.1627665	1
ACAGT	2074145	1.1178325	5.8976045	8
TGCAC	1810345	1.116262	5.6895576	5
GTGCA	1798270	1.114045	5.9231706	1
TGGAC	1793930	1.1113564	6.1713114	5
ACTGT	2061840	1.1025587	6.7822876	8
GACTG	1721710	1.0666155	6.252003	7
GCACT	1714590	1.0572193	5.154096	6
AGACT	1895720	1.0216727	5.2579207	6
ACACT	1825440	0.979179	5.2683697	6
GGACT	1559850	0.96634156	5.424194	6
GTGTA	1257190	0.6754462	5.836303	1
TACAC	1199510	0.6434257	5.121264	5
>>END_MODULE
