##FastQC	0.10.1
>>Basic Statistics	pass
#Measure	Value	
Filename	005-F0_S3_L001_R1_001.fastq.gz	
File type	Conventional base calls	
Encoding	Sanger / Illumina 1.9	
Total Sequences	21307669	
Filtered Sequences	0	
Sequence length	35-75	
%GC	46	
>>END_MODULE
>>Per base sequence quality	pass
#Base	Mean	Median	Lower Quartile	Upper Quartile	10th Percentile	90th Percentile
1	31.35161448209093	32.0	32.0	32.0	32.0	32.0
2	31.40860523035157	32.0	32.0	32.0	32.0	32.0
3	31.474892443654912	32.0	32.0	32.0	32.0	32.0
4	31.55687100264229	32.0	32.0	32.0	32.0	32.0
5	31.511887668238135	32.0	32.0	32.0	32.0	32.0
6	35.100467207370265	36.0	36.0	36.0	36.0	36.0
7	35.11705334825691	36.0	36.0	36.0	36.0	36.0
8	35.0606701746681	36.0	36.0	36.0	36.0	36.0
9	35.19117797446544	36.0	36.0	36.0	36.0	36.0
10	35.078287024263425	36.0	36.0	36.0	36.0	36.0
11	35.167437461131954	36.0	36.0	36.0	36.0	36.0
12	35.104676255295686	36.0	36.0	36.0	36.0	36.0
13	35.14020834470443	36.0	36.0	36.0	36.0	36.0
14	35.11716401263789	36.0	36.0	36.0	36.0	36.0
15	35.073182195574745	36.0	36.0	36.0	36.0	36.0
16	35.087862168311325	36.0	36.0	36.0	36.0	36.0
17	35.082200357063925	36.0	36.0	36.0	36.0	36.0
18	35.081171854133835	36.0	36.0	36.0	36.0	36.0
19	35.07319641580691	36.0	36.0	36.0	36.0	36.0
20	35.071061081341185	36.0	36.0	36.0	36.0	36.0
21	35.060567300909355	36.0	36.0	36.0	36.0	36.0
22	35.04729170516024	36.0	36.0	36.0	36.0	36.0
23	35.02028889222937	36.0	36.0	36.0	36.0	36.0
24	35.013517715147536	36.0	36.0	36.0	36.0	36.0
25	34.99707063217473	36.0	36.0	36.0	36.0	36.0
26	34.94833179546763	36.0	36.0	36.0	36.0	36.0
27	34.93410560301082	36.0	36.0	36.0	36.0	36.0
28	34.917584602989656	36.0	36.0	36.0	36.0	36.0
29	34.90972245720543	36.0	36.0	36.0	36.0	36.0
30	34.88620453978331	36.0	36.0	36.0	36.0	36.0
31	34.8711397760121	36.0	36.0	36.0	36.0	36.0
32	34.85147249096088	36.0	36.0	36.0	36.0	36.0
33	34.83719448617303	36.0	36.0	36.0	36.0	36.0
34	34.8437703814528	36.0	36.0	36.0	36.0	36.0
35	34.83248247379852	36.0	36.0	36.0	36.0	36.0
36	34.8731610777003	36.0	36.0	36.0	36.0	36.0
37	34.8561426194411	36.0	36.0	36.0	36.0	36.0
38	34.843919210303476	36.0	36.0	36.0	36.0	36.0
39	34.83829711058808	36.0	36.0	36.0	36.0	36.0
40	34.82960699589635	36.0	36.0	36.0	36.0	36.0
41	34.81803457405684	36.0	36.0	36.0	36.0	36.0
42	34.80500413653182	36.0	36.0	36.0	36.0	36.0
43	34.78972389093584	36.0	36.0	36.0	36.0	36.0
44	34.779601386434784	36.0	36.0	36.0	36.0	36.0
45	34.772095157392236	36.0	36.0	36.0	32.0	36.0
46	34.76040389551595	36.0	36.0	36.0	36.0	36.0
47	34.75632983335391	36.0	36.0	36.0	36.0	36.0
48	34.7382945936286	36.0	36.0	36.0	32.0	36.0
49	34.71471270405291	36.0	36.0	36.0	32.0	36.0
50	34.69608136665758	36.0	36.0	36.0	32.0	36.0
51	34.68613477989311	36.0	36.0	36.0	32.0	36.0
52	34.67426937518141	36.0	36.0	36.0	32.0	36.0
53	34.646692973809195	36.0	36.0	36.0	32.0	36.0
54	34.62509770671476	36.0	36.0	36.0	32.0	36.0
55	34.60430777976221	36.0	36.0	36.0	32.0	36.0
56	34.590836561362146	36.0	36.0	36.0	32.0	36.0
57	34.56641018892539	36.0	36.0	36.0	32.0	36.0
58	34.5401581875783	36.0	36.0	36.0	32.0	36.0
59	34.52399558336254	36.0	36.0	36.0	32.0	36.0
60	34.507192180199	36.0	36.0	36.0	32.0	36.0
61	34.475732451755796	36.0	36.0	36.0	32.0	36.0
62	34.44864139965958	36.0	36.0	36.0	32.0	36.0
63	34.42187004100318	36.0	36.0	36.0	32.0	36.0
64	34.39961316625136	36.0	36.0	36.0	32.0	36.0
65	34.36622561979241	36.0	36.0	36.0	32.0	36.0
66	34.33246064844011	36.0	36.0	36.0	32.0	36.0
67	34.3119226929779	36.0	36.0	36.0	32.0	36.0
68	34.28107312674259	36.0	36.0	36.0	32.0	36.0
69	34.25902880748474	36.0	36.0	36.0	32.0	36.0
70	34.235361219746636	36.0	36.0	36.0	32.0	36.0
71	34.18636373140645	36.0	36.0	36.0	32.0	36.0
72	34.1731122749544	36.0	36.0	36.0	32.0	36.0
73	34.149182754708036	36.0	36.0	36.0	32.0	36.0
74	34.096151655900094	36.0	36.0	36.0	32.0	36.0
75	33.327008251811584	36.0	36.0	36.0	27.0	36.0
>>END_MODULE
>>Per sequence quality scores	pass
#Quality	Count
2	38241.0
3	0.0
4	0.0
5	0.0
6	0.0
7	0.0
8	0.0
9	0.0
10	0.0
11	0.0
12	0.0
13	0.0
14	0.0
15	0.0
16	0.0
17	10.0
18	54.0
19	516.0
20	2137.0
21	6342.0
22	13369.0
23	23216.0
24	40979.0
25	70226.0
26	112755.0
27	173195.0
28	250081.0
29	344071.0
30	456635.0
31	605269.0
32	830518.0
33	1291854.0
34	2978646.0
35	1.4069555E7
>>END_MODULE
>>Per base sequence content	fail
#Base	G	A	T	C
1	42.382114880352106	18.35134206618608	12.131839750307408	27.1347033031544
2	16.043722524793008	19.626192611047898	36.175787350495916	28.154297513663174
3	18.80390455349917	21.26088234739607	28.18420603135308	31.751007067751676
4	13.102688986276453	15.187244339622108	35.16074809346072	36.54931858064072
5	14.978127291434449	34.882969114167054	33.93770627023914	16.201197324159352
6	34.804666824912154	34.74899720386997	16.08138720852329	14.364948762694594
7	30.672649716228754	29.24173629362078	20.29477906333228	19.790834926818178
8	26.56451315945121	34.570830959817066	19.626348202687915	19.23830767804381
9	24.716750283235612	15.495456381715844	19.699206037545082	40.088587297503466
10	14.321063483330484	27.238830986788265	34.58260227614981	23.857503253731434
11	34.79759511764273	22.503786896084225	23.26687854541064	19.43173944086241
12	22.482715800313137	23.970796191935214	30.579679679816163	22.966808327935485
13	27.81879972760832	20.36489370725191	25.925170710258865	25.891135854880904
14	20.611979928841183	20.344599558284056	26.91763842999249	32.12578208288227
15	22.9344132939798	29.124376093618366	23.0412286335822	24.899981978819635
16	22.98426436628186	28.329613351482124	25.185566153843116	23.5005561283929
17	21.920728698566442	27.899648229433076	27.154154533154678	23.025468538845804
18	22.342628488551192	27.580556528267426	27.64844784649115	22.428367136690238
19	22.835397219538923	26.946322283699104	27.31587158315821	22.902408913603765
20	22.87375185513287	26.868830975027652	27.398668112627334	22.858749057212144
21	22.71055173901441	26.500272410077873	27.17028648287465	23.618889368033066
22	22.61963979473261	26.53328994084843	27.395019743831384	23.452050520587576
23	22.617766378394627	26.607657572668913	27.264644375808466	23.50993167312799
24	22.80345762001686	26.350628705200723	27.472544160566986	23.37336951421543
25	22.909717299901022	26.355007803727094	27.13945210482477	23.595822791547114
26	22.464736710361933	26.766055955994677	27.32281752005743	23.44638981358596
27	22.511456349460833	26.734136902976424	27.315595887204864	23.43881086035788
28	22.554687413314547	26.639404689209318	27.296027895061396	23.509880002414736
29	22.465948765880782	26.747433639469246	27.339626562454455	23.44699103219552
30	22.561035154069074	26.781464271980514	27.282266862235304	23.37523371171511
31	23.018037908682828	26.70817945832864	27.017125237218416	23.256657395770116
32	22.394292878962236	26.876688926472305	27.41232627412453	23.316691920440928
33	22.522227678149125	26.674563133526675	27.506738780187224	23.296470408136972
34	22.546144635389346	26.428717312002938	27.647306735282207	23.377831317325505
35	22.514994648890536	26.711714437360566	27.43219479270263	23.341096121046267
36	22.659255338087334	27.050562083198628	27.29877519344251	22.991407385271533
37	22.778368621914716	26.716908169792987	27.07986096313847	23.42486224515383
38	22.6198590441884	27.12036131954977	27.108367246997794	23.151412389264042
39	22.76341348124089	26.807437354957127	27.31600176198219	23.11314740181979
40	22.833350880403565	26.611259527125448	27.269243931806304	23.286145660664687
41	22.85934265866833	26.775188900955648	27.246142843088045	23.119325597287983
42	22.659549536758703	26.946292044742258	27.268569746346145	23.125588672152894
43	22.767987964836003	26.70167105705991	27.196325987826604	23.33401499027748
44	22.644795355998383	27.005699966195312	27.212516310416596	23.136988367389705
45	22.72821354929034	26.944813947113243	27.061500590133864	23.265471913462548
46	22.820069883115305	26.93577324024189	27.007292082579266	23.236864794063543
47	22.784726615103406	27.046215433744525	27.117804724136164	23.051253227015906
48	22.608334280265826	26.99385321544176	27.086862317808347	23.310950186484067
49	22.843925721167675	26.7812112810116	27.156379998608614	23.21848299921211
50	22.735529644104133	27.0464032846149	27.078027703898712	23.140039367382258
51	22.854911195712816	26.950215236562297	27.012586585674082	23.182286982050805
52	22.806184670807003	26.992440006874574	26.975607782087273	23.22576754023115
53	22.742190441115397	26.847945874219587	27.156896418922827	23.252967265742186
54	22.88630552153413	27.148219103730085	27.025942050847167	22.939533323888615
55	22.874991781839626	26.83103183231908	26.984008328845473	23.309968056995825
56	22.96555848659748	27.10514292017659	26.82554440770806	23.10375418551788
57	22.729539266974943	26.9946670441978	27.001447624281354	23.2743460645459
58	22.769485131384236	26.850823937725742	27.01544732427415	23.36424360661587
59	22.710923338694126	26.993022536411086	27.038612832509866	23.25744129238492
60	22.801536075014774	26.997233836208988	27.104646168373485	23.096583920402754
61	23.028122118328263	26.957038583773386	26.899714925595656	23.115124372302695
62	22.91768570989466	27.06510285368875	26.938723525664344	23.078487910752248
63	22.906082230830748	27.18893422429399	26.879575865951256	23.025407678924005
64	22.942662706141704	26.90165851066834	26.842627537140785	23.31305124604917
65	22.812877460163314	27.039031210247078	27.004044452914812	23.1440468766748
66	22.88831820385199	27.213811143891487	26.751710102415633	23.146160549840893
67	22.915392628752322	26.957248338987057	26.860993096089253	23.266365936171372
68	22.92362188752903	27.241166111687566	26.979254200979092	22.85595779980431
69	23.166530876404234	27.09389074887749	26.875444646672086	22.864133728046188
70	23.27844399482435	26.919257079740476	26.793703039415817	23.008595886019354
71	23.086674656046558	27.254302712817353	26.69058787746913	22.96843475366696
72	22.995438376484955	27.382157181608346	26.983373179262877	22.639031262643826
73	23.75685238417819	27.992145876905166	26.93786871759315	21.31313302132349
74	24.962367643237148	30.304581433105497	27.084959504445887	17.648091419211468
75	30.64824003743008	40.87482910244266	28.476930860127258	0.0
>>END_MODULE
>>Per base GC content	fail
#Base	%GC
1	69.51681818350652
2	44.19802003845618
3	50.554911621250845
4	49.65200756691717
5	31.1793246155938
6	49.16961558760675
7	50.46348464304694
8	45.80282083749502
9	64.80533758073908
10	38.17856673706192
11	54.22933455850514
12	45.449524128248626
13	53.70993558248922
14	52.737762011723454
15	47.83439527279944
16	46.484820494674764
17	44.94619723741224
18	44.770995625241426
19	45.73780613314269
20	45.73250091234502
21	46.32944110704747
22	46.07169031532018
23	46.12769805152262
24	46.17682713423229
25	46.50554009144813
26	45.91112652394789
27	45.95026720981871
28	46.06456741572928
29	45.912939798076295
30	45.93626886578418
31	46.27469530445295
32	45.710984799403164
33	45.818698086286105
34	45.923975952714855
35	45.856090769936806
36	45.65066272335886
37	46.20323086706855
38	45.77127143345244
39	45.876560883060684
40	46.11949654106825
41	45.97866825595631
42	45.7851382089116
43	46.102002955113484
44	45.78178372338809
45	45.99368546275289
46	46.05693467717885
47	45.835979842119315
48	45.91928446674989
49	46.062408720379786
50	45.87556901148639
51	46.03719817776362
52	46.03195221103816
53	45.99515770685758
54	45.825838845422744
55	46.18495983883545
56	46.06931267211536
57	46.00388533152084
58	46.13372873800011
59	45.96836463107905
60	45.898119995417524
61	46.14324649063096
62	45.9961736206469
63	45.93148990975475
64	46.255713952190874
65	45.956924336838114
66	46.03447875369289
67	46.18175856492369
68	45.779579687333346
69	46.03066460445042
70	46.28703988084371
71	46.05510940971351
72	45.634469639128774
73	45.069985405501676
74	42.61045906244861
75	30.64824003743008
>>END_MODULE
>>Per sequence GC content	warn
#GC Content	Count
0	38242.0
1	19123.0
2	11.5
3	24.0
4	32.0
5	55.5
6	96.5
7	195.5
8	287.0
9	412.0
10	737.5
11	1353.0
12	1823.0
13	2537.5
14	4260.0
15	7286.5
16	9917.0
17	14125.5
18	23003.5
19	34461.0
20	42823.5
21	56153.5
22	81497.5
23	110341.5
24	130087.5
25	155767.0
26	199847.0
27	246347.0
28	278465.0
29	318470.5
30	381537.5
31	445668.5
32	490868.5
33	542123.5
34	627330.5
35	710671.0
36	761943.0
37	812157.0
38	870673.5
39	911350.5
40	936499.5
41	948717.5
42	953648.5
43	954481.5
44	957880.0
45	953120.5
46	935343.0
47	914442.0
48	905298.0
49	888488.5
50	857057.0
51	829117.5
52	813863.5
53	803504.0
54	780237.0
55	755674.5
56	742287.5
57	724949.5
58	691362.5
59	648042.0
60	607120.0
61	558071.5
62	498100.0
63	439083.0
64	390494.0
65	348428.0
66	294024.0
67	239457.0
68	199571.5
69	169150.5
70	135272.5
71	102581.5
72	80207.5
73	65576.0
74	49697.0
75	35616.0
76	26822.0
77	20861.5
78	14609.0
79	9700.5
80	6982.5
81	5148.0
82	3415.0
83	2186.5
84	1562.5
85	1216.0
86	908.5
87	659.0
88	518.0
89	446.0
90	335.5
91	235.0
92	191.5
93	263.5
94	262.5
95	144.5
96	104.0
97	73.5
98	36.5
99	43.0
100	57.0
>>END_MODULE
>>Per base N content	pass
#Base	N-Count
1	0.1813243860696353
2	0.1795879220763191
3	0.17949405915776145
4	0.17947059342812205
5	0.17947059342812205
6	0.19304317145155578
7	0.17950344544961722
8	0.17947059342812205
9	0.18376951509806164
10	0.1794799797199778
11	0.1796113878059585
12	0.18016048587952066
13	0.17973340960008344
14	0.17995398745869387
15	0.17952221803332877
16	0.17974748903786705
17	0.1802543487980783
18	0.1801276338580255
19	0.17949875230368934
20	0.17976156847565072
21	0.17958322893039122
22	0.17947059342812205
23	0.179709943870444
24	0.17947059342812205
25	0.17995868060462172
26	0.17947059342812205
27	0.17947059342812205
28	0.17947059342812205
29	0.1795081385955451
30	0.18026373508993407
31	0.17947059342812205
32	0.17947059342812205
33	0.17947059342812205
34	0.17947059342812205
35	0.17950344544961722
36	0.0
37	0.0
38	0.0
39	0.0
40	0.0
41	0.0
42	0.0
43	0.0
44	0.0
45	0.0
46	0.0
47	0.0
48	0.0
49	0.0
50	0.0
51	0.0
52	0.0
53	0.0
54	0.0
55	0.0
56	0.0
57	0.0
58	0.0
59	0.0
60	0.0
61	0.0
62	0.0
63	0.0
64	0.0
65	0.0
66	0.0
67	0.0
68	0.0
69	7.224253470157253E-5
70	0.0
71	0.0
72	0.0
73	0.0
74	0.0
75	0.0
>>END_MODULE
>>Sequence Length Distribution	warn
#Length	Count
35	51741.0
36	19833.0
37	25618.0
38	27516.0
39	30332.0
40	31243.0
41	33672.0
42	36069.0
43	39766.0
44	43755.0
45	47763.0
46	48524.0
47	50219.0
48	50963.0
49	52488.0
50	53230.0
51	55659.0
52	57445.0
53	60662.0
54	63850.0
55	66340.0
56	67732.0
57	68905.0
58	68739.0
59	70388.0
60	70793.0
61	71289.0
62	73945.0
63	76191.0
64	79826.0
65	82185.0
66	81923.0
67	85269.0
68	84631.0
69	94242.0
70	106964.0
71	186475.0
72	542066.0
73	1433476.0
74	4395077.0
75	1.2620865E7
>>END_MODULE
>>Sequence Duplication Levels	warn
#Total Duplicate Percentage	35.86412307692308
#Duplication Level	Relative count
1	100.0
2	23.534649513340906
3	10.28431944487089
4	5.64954404495072
5	3.2761214651969666
6	2.121649421228776
7	1.5091037489637384
8	1.0293530657987657
9	0.793699530228131
10++	5.321778378212411
>>END_MODULE
>>Overrepresented sequences	warn
#Sequence	Count	Percentage	Possible Source
NNNNNNNNNNNNNNNNNNNNNNNNNNNNNNNNNNN	38241	0.17947059342812205	No Hit
>>END_MODULE
>>Kmer Content	warn
#Sequence	Count	Obs/Exp Overall	Obs/Exp Max	Max Obs/Exp Position
AAAAA	6144955	3.1648786	6.6551757	71
TTTTT	6105505	3.011838	5.126058	71
CCTGG	3456525	2.9938881	11.533858	3
CCAGG	3354255	2.9304724	12.799093	3
CCCAG	3192285	2.7624187	11.204005	2
CTGGG	3068210	2.6830866	9.730405	4
CAGCA	3419060	2.6049273	7.1283226	4
CCAGC	2956650	2.5585139	6.6265955	3
TGCTG	3326645	2.5151143	6.5658956	2
GGAGG	2811760	2.503959	5.6138425	6
GCTGG	2843830	2.486871	5.839027	3
TCCAG	3248595	2.4537983	9.846212	2
CAGGA	3086775	2.3743653	10.412801	4
AGGAG	3051335	2.3696609	7.3212795	5
CTCCA	3126640	2.3392005	7.2938666	1
CTGGA	3063450	2.3361878	8.849211	4
CTCCT	3143440	2.331573	6.660417	1
AGCAG	3023395	2.325613	5.6374946	7
CAGCC	2662260	2.3037658	5.3607225	9
TCCTG	3065565	2.295663	9.2604265	2
CTGCT	3050895	2.284677	6.67627	9
GGCTG	2584105	2.2597466	8.261271	7
CAGAG	2881190	2.216228	7.781452	4
CTGCA	2932815	2.2152762	6.4839344	4
CCTGC	2569280	2.2042131	6.246319	3
GGCAG	2497255	2.202714	6.0481734	7
TGCAG	2881440	2.197387	6.7016397	2
GCAGG	2485605	2.1924381	6.453622	3
GCTGC	2531080	2.1923091	5.6859493	8
TGGAG	2820175	2.1713343	6.498862	5
CTCTG	2887135	2.162045	7.240063	2
CTGCC	2508655	2.1522026	5.6840124	9
CCCTG	2493610	2.1392953	8.543229	2
AGCTG	2768365	2.111156	6.011172	7
CACAG	2745420	2.0916915	7.3182454	7
CAGGG	2371260	2.0915794	9.085497	4
GCCTG	2387610	2.0680416	6.666451	7
GGAGA	2616175	2.0317163	5.623317	6
CTGTG	2680320	2.0264595	8.907841	9
CAGAA	2981745	2.00014	5.5643435	4
CAGGC	2283390	1.9949024	5.8962793	4
GCCAG	2279575	1.9915695	5.064169	2
CTGGC	2279325	1.9742502	5.1206684	4
CTCAG	2603335	1.9664067	6.193786	2
CTGAG	2551975	1.9461368	5.679981	4
GGGAG	2174115	1.9361163	5.1679263	7
CCCCA	2249715	1.9282424	6.652882	1
TTCTG	2943120	1.9238045	5.176293	2
CCAGA	2489885	1.8970038	6.9524083	3
CCTCT	2489655	1.8466433	5.2927594	1
GGCCA	2108475	1.8420864	5.746137	1
CAGTG	2414570	1.8413517	6.5538387	9
TCTGG	2426515	1.8345698	6.076206	3
AGAGG	2348520	1.823856	5.095489	5
CACTG	2400365	1.8130946	7.485066	7
ACCTG	2393240	1.8077128	5.3809533	7
TGGGG	2033235	1.7951092	5.4976783	5
TGGCC	2020525	1.7500889	5.326848	5
CCTGA	2277105	1.7199912	5.463709	3
GAGAG	2187685	1.6989518	5.479555	7
ACAGA	2530490	1.6974405	5.874546	8
TCAGG	2195910	1.6746016	5.8521366	3
GCCCA	1934985	1.674424	6.966546	1
AGGTG	2119075	1.6315371	5.198925	7
CCTGT	2143685	1.6053087	5.4870872	8
ACAGG	2066865	1.5898447	5.120341	8
ACACA	2389100	1.5873421	6.3684316	6
TGGGC	1805920	1.5792398	5.9165044	5
CACAC	2049530	1.5466408	6.6840153	5
GTGTG	2009325	1.5337521	6.2928247	1
ACAGC	2000265	1.52397	5.9217987	8
TGTGT	2297095	1.5159526	5.7679687	10
GCTGT	1968510	1.4882947	5.3185077	8
AGGCT	1949395	1.4866091	5.0413785	6
GACAG	1883355	1.4486876	7.1443853	7
CTGTC	1921500	1.4389243	5.760338	9
GCCCT	1639645	1.4066694	5.267063	1
GGGCT	1602140	1.4010384	5.7299047	6
AGACA	2080950	1.3958911	5.64941	6
AGGGC	1537090	1.3557966	5.522824	5
GGACA	1708330	1.3140575	6.36404	6
GTCCT	1709730	1.2803394	7.7687078	1
AGGAC	1615430	1.2425982	8.244072	5
GTGCT	1636495	1.2372742	5.530825	1
ACTGC	1637335	1.2367469	5.2828903	8
AGCAC	1592640	1.2134069	5.759194	5
GTCCA	1603575	1.2112464	6.8436546	1
TGTGC	1583975	1.1975664	5.700666	10
TGGAC	1489495	1.1358893	6.1602874	5
GTGCA	1444820	1.1018201	5.667289	1
ACAGT	1641380	1.0915747	5.6616445	8
TGCAC	1416470	1.0699184	5.316266	5
ACTGT	1621105	1.0688328	6.388414	8
GACTG	1384240	1.0556217	6.184095	7
GGACC	1153760	1.0079919	5.1946697	6
AGACT	1486375	0.98849076	5.145008	6
ACACT	1472270	0.96979076	5.1250067	6
GGACT	1271435	0.9695967	5.407448	6
TGTAG	1410265	0.9387567	5.075979	2
GTGTA	997260	0.6638359	5.531185	1
>>END_MODULE
