##FastQC	0.10.1
>>Basic Statistics	pass
#Measure	Value	
Filename	008-F0_S1_L004_R2_001_trimmed.fq.gz	
File type	Conventional base calls	
Encoding	Sanger / Illumina 1.9	
Total Sequences	23122261	
Filtered Sequences	0	
Sequence length	20-50	
%GC	45	
>>END_MODULE
>>Per base sequence quality	pass
#Base	Mean	Median	Lower Quartile	Upper Quartile	10th Percentile	90th Percentile
1	34.920949209941014	36.0	36.0	36.0	36.0	36.0
2	34.91516270835279	36.0	36.0	36.0	36.0	36.0
3	34.89692945685545	36.0	36.0	36.0	36.0	36.0
4	34.8912016432995	36.0	36.0	36.0	36.0	36.0
5	34.87190521722768	36.0	36.0	36.0	36.0	36.0
6	34.85634514721549	36.0	36.0	36.0	36.0	36.0
7	34.838912120229075	36.0	36.0	36.0	36.0	36.0
8	34.83424129673132	36.0	36.0	36.0	36.0	36.0
9	34.8175135208447	36.0	36.0	36.0	36.0	36.0
10	34.79747867217657	36.0	36.0	36.0	36.0	36.0
11	34.78994740177009	36.0	36.0	36.0	36.0	36.0
12	34.77199971923161	36.0	36.0	36.0	36.0	36.0
13	34.76213801063832	36.0	36.0	36.0	36.0	36.0
14	34.75397306517732	36.0	36.0	36.0	36.0	36.0
15	34.74453121171844	36.0	36.0	36.0	36.0	36.0
16	34.720239123673935	36.0	36.0	36.0	36.0	36.0
17	34.70994337448228	36.0	36.0	36.0	36.0	36.0
18	34.69792179925657	36.0	36.0	36.0	36.0	36.0
19	34.68221451180747	36.0	36.0	36.0	36.0	36.0
20	34.67739967125187	36.0	36.0	36.0	36.0	36.0
21	34.662297524012565	36.0	36.0	36.0	32.0	36.0
22	34.6525959867045	36.0	36.0	36.0	32.0	36.0
23	34.64442356473631	36.0	36.0	36.0	32.0	36.0
24	34.630390196738155	36.0	36.0	36.0	32.0	36.0
25	34.613317899232534	36.0	36.0	36.0	32.0	36.0
26	34.59504370735199	36.0	36.0	36.0	32.0	36.0
27	34.5915079363595	36.0	36.0	36.0	32.0	36.0
28	34.57176420976666	36.0	36.0	36.0	32.0	36.0
29	34.565521966935464	36.0	36.0	36.0	32.0	36.0
30	34.54220589501749	36.0	36.0	36.0	32.0	36.0
31	34.52644860332297	36.0	36.0	36.0	32.0	36.0
32	34.51473542653918	36.0	36.0	36.0	32.0	36.0
33	34.49203884219459	36.0	36.0	36.0	32.0	36.0
34	34.47551638604011	36.0	36.0	36.0	32.0	36.0
35	34.455867085226146	36.0	36.0	36.0	32.0	36.0
36	34.43563315610716	36.0	36.0	36.0	32.0	36.0
37	34.42531431379006	36.0	36.0	36.0	32.0	36.0
38	34.41153894972754	36.0	36.0	36.0	32.0	36.0
39	34.39698933272324	36.0	36.0	36.0	32.0	36.0
40	34.38334034696765	36.0	36.0	36.0	32.0	36.0
41	34.363823651346166	36.0	36.0	36.0	32.0	36.0
42	34.33780118274441	36.0	36.0	36.0	32.0	36.0
43	34.33304395910255	36.0	36.0	36.0	32.0	36.0
44	34.30602074202354	36.0	36.0	36.0	32.0	36.0
45	34.30772185440636	36.0	36.0	36.0	32.0	36.0
46	34.29904016748343	36.0	36.0	36.0	32.0	36.0
47	34.30404328419912	36.0	36.0	36.0	32.0	36.0
48	34.32578513683452	36.0	36.0	36.0	32.0	36.0
49	34.40980056231591	36.0	36.0	36.0	32.0	36.0
50	34.56224411893875	36.0	36.0	36.0	32.0	36.0
>>END_MODULE
>>Per sequence quality scores	pass
#Quality	Count
3	1.0
4	1.0
5	1.0
6	4.0
7	10.0
8	19.0
9	30.0
10	41.0
11	78.0
12	92.0
13	93.0
14	2415.0
15	4080.0
16	6906.0
17	11247.0
18	17747.0
19	27021.0
20	38958.0
21	53750.0
22	72240.0
23	94615.0
24	121258.0
25	154513.0
26	195338.0
27	240891.0
28	298346.0
29	361947.0
30	447376.0
31	562496.0
32	745487.0
33	1081768.0
34	2055163.0
35	9436050.0
36	7092279.0
>>END_MODULE
>>Per base sequence content	pass
#Base	G	A	T	C
1	22.558816255894772	26.763592416042485	27.32441924604855	23.353172082014193
2	22.49585703532406	26.842358528936565	27.672482531558586	22.989301904180785
3	22.436740666771684	26.916140105665992	27.53789253977526	23.109226687787064
4	22.653000127759423	26.5289978860443	27.855948611128774	22.9620533750675
5	22.708450449965742	26.709222370933976	27.41039112536545	23.171936053734836
6	22.21576832362848	27.071071797017225	27.60158802812287	23.111571851231417
7	22.300778326963584	27.06624414388467	27.587950237557692	23.04502729159405
8	22.40254030676992	26.973143640440316	27.546229879268907	23.078086173520852
9	22.216505328288356	27.021761326002597	27.69507985058146	23.066653495127586
10	22.30133495931907	27.13148314309917	27.605581451514055	22.961600446067703
11	22.750955077100336	27.12829411314393	27.34728822114106	22.773462588614677
12	22.09576724938312	27.308686269429234	27.750676782430165	22.844869698757485
13	22.240923452780493	27.133293677978248	27.883714974677215	22.742067894564045
14	22.282452453052073	26.85169971404901	28.06310427771695	22.802743555181966
15	22.17929939092195	27.15946511575303	27.87689328892241	22.78434220440261
16	22.285415560534556	27.467533130332683	27.777302022031126	22.46974928710164
17	22.40447184352129	27.209266829024838	27.432194659221494	22.95406666823238
18	22.31081066527733	27.614497169854857	27.44167517015666	22.63301699471115
19	22.437860887470084	27.358415201281684	27.678952240201788	22.524771671046448
20	22.504973248916784	27.078865627766973	27.677225655951958	22.738935467364286
21	22.458153142123646	27.246127172168578	27.72431947118586	22.571400214521915
22	22.24749870267807	27.472024194729105	27.783935905799268	22.496541196793558
23	22.325263257048924	27.286678030065104	27.69385997184163	22.694198741044342
24	22.221214698614403	27.602624378210905	27.72625764833346	22.449903274841237
25	22.313446899792	27.51422330877021	27.540629030226977	22.631700761210816
26	22.396296926270452	27.51461500613317	27.478297494869615	22.61079057272676
27	22.375935387081384	27.542640740020246	27.610366366537754	22.471057506360616
28	22.1653506606575	27.526083008194195	27.53944110305818	22.76912522809012
29	22.449607652733008	27.355338834272725	27.59294385101787	22.6021096619764
30	22.271640808116118	27.623425110714063	27.53985917833654	22.565074902833278
31	22.326669300934	27.613797596887736	27.540736428274208	22.51879667390406
32	22.323902933506158	27.643257173381475	27.468079007285823	22.564760885826544
33	22.205819474860558	27.443500100598488	27.74847443867904	22.602205985861918
34	22.377177693970587	27.78036085611707	27.54000523396705	22.30245621594529
35	22.33963334617957	27.454654890152362	27.524954357366337	22.680757406301726
36	22.47410103191407	27.67869452670526	27.353609940701872	22.4935945006788
37	22.279387958322218	27.602706151719225	27.458758913823523	22.65914697613503
38	22.28684686975827	27.49977260074162	27.439707451019434	22.773673078480673
39	22.211518163679354	27.57776831714476	27.524993883465214	22.685719635710672
40	22.282115740868747	27.546216163906323	27.64760804047889	22.52406005474604
41	22.51670555221235	27.581472712532417	27.453156838653225	22.448664896602004
42	22.451444273047006	27.66280645596464	27.484210985011813	22.401538285976542
43	22.412077782277272	27.797880538658205	27.384536505094797	22.40550517396973
44	22.419732885509802	27.532476200142526	27.331886591239996	22.71590432310768
45	22.322885671916588	27.683687863304602	27.490982443697682	22.50244402108113
46	22.365236971090727	27.881310685362905	27.258636453555813	22.49481588999056
47	22.440197212758488	27.693411095464793	27.35227753602341	22.514114155753305
48	22.437492442711893	28.096474508276607	27.51156906795623	21.95446398105527
49	22.64590227611218	28.29599053747746	27.607937087511036	21.45017009889932
50	22.64918891720361	28.044606172751692	27.624434880357985	21.681770029686714
>>END_MODULE
>>Per base GC content	pass
#Base	%GC
1	45.911988337908966
2	45.48515893950484
3	45.54596735455874
4	45.615053502826925
5	45.88038650370058
6	45.3273401748599
7	45.345805618557634
8	45.48062648029077
9	45.283158823415945
10	45.26293540538677
11	45.52441766571501
12	44.9406369481406
13	44.98299134734454
14	45.08519600823404
15	44.96364159532456
16	44.755164847636195
17	45.358538511753665
18	44.94382765998848
19	44.96263255851653
20	45.24390871628107
21	45.029553356645565
22	44.74403989947163
23	45.01946199809327
24	44.67111797345564
25	44.945147661002814
26	45.007087498997215
27	44.846992893442
28	44.93447588874762
29	45.05171731470941
30	44.8367157109494
31	44.845465974838056
32	44.888663819332706
33	44.808025460722476
34	44.67963390991588
35	45.0203907524813
36	44.96769553259286
37	44.93853493445725
38	45.06051994823895
39	44.89723779939003
40	44.80617579561479
41	44.965370448814355
42	44.852982559023545
43	44.817582956247
44	45.13563720861748
45	44.82532969299771
46	44.860052861081286
47	44.954311368511796
48	44.39195642376716
49	44.0960723750115
50	44.33095894689032
>>END_MODULE
>>Per sequence GC content	pass
#GC Content	Count
0	11511.0
1	9046.0
2	6190.5
3	6612.0
4	7516.5
5	8484.0
6	9544.0
7	11155.5
8	12816.5
9	15613.5
10	18725.0
11	23984.5
12	29422.5
13	38209.5
14	48504.5
15	64667.0
16	82016.0
17	106909.5
18	133617.5
19	168098.0
20	203197.0
21	245097.5
22	288687.5
23	341003.0
24	395731.0
25	446831.5
26	505610.5
27	573374.0
28	645142.5
29	722837.5
30	800955.5
31	882277.5
32	968795.0
33	1054366.5
34	1138511.5
35	1210161.0
36	1275868.5
37	1324053.5
38	1360861.5
39	1382363.0
40	1401213.5
41	1410189.5
42	1418460.0
43	1416388.5
44	1406219.5
45	1377725.0
46	1349886.5
47	1322500.0
48	1292815.5
49	1259808.0
50	1228283.0
51	1201985.5
52	1173170.5
53	1141586.0
54	1111021.0
55	1076733.0
56	1037081.5
57	991293.5
58	943770.0
59	882982.0
60	819875.5
61	751631.5
62	682393.0
63	624206.5
64	555559.5
65	492037.5
66	431748.5
67	375741.5
68	320823.0
69	272509.0
70	230185.5
71	194045.5
72	161785.5
73	133896.5
74	108245.5
75	89485.5
76	74979.0
77	61306.5
78	49084.5
79	40073.5
80	32055.0
81	25952.0
82	20741.5
83	16824.5
84	13222.0
85	10475.5
86	8212.5
87	6542.0
88	5251.0
89	4228.0
90	3350.0
91	2833.0
92	2413.0
93	2272.5
94	2161.0
95	2175.5
96	2202.5
97	2602.0
98	3855.5
99	14790.0
100	24861.0
>>END_MODULE
>>Per base N content	pass
#Base	N-Count
1	0.002192692142001165
2	0.004917339182357643
3	0.006413732636267708
4	0.0029365640323842034
5	0.0031268568415519574
6	0.004359435264570364
7	0.007663610405574091
8	0.004147518272542637
9	0.007365196682106478
10	0.00478759408519781
11	0.004718396700045899
12	0.0031311816781239518
13	0.005976924142496272
14	0.00504275944294548
15	0.003987499319378845
16	0.004986536567509553
17	0.00767226007871808
18	0.005890427411056384
19	0.008649673143988817
20	0.015443991398592032
21	0.011546716921717977
22	0.012928231424437737
23	0.00856061291040987
24	0.012771261330373271
25	0.013094758640500075
26	0.004258662837230691
27	0.010817355840682748
28	0.007309844135315098
29	0.01061604619740721
30	0.009471333793273983
31	0.012098227474279693
32	0.008881003991598071
33	0.0096626513176888
34	0.011283892611535952
35	0.00431945096617646
36	0.010730367921501357
37	0.009662761693009175
38	0.006921805596636937
39	0.009145259979958147
40	0.0070512350078866335
41	0.005526806607596465
42	0.006267283889749104
43	0.008767162031358121
44	0.005521247780556667
45	0.004931592567991188
46	0.00787053041020442
47	0.01048238105136787
48	0.005552086747318451
49	0.003073426228457978
50	0.007317153044140341
>>END_MODULE
>>Sequence Length Distribution	warn
#Length	Count
20	16126.0
21	17130.0
22	18227.0
23	19022.0
24	19640.0
25	20198.0
26	21087.0
27	21805.0
28	22630.0
29	24598.0
30	25882.0
31	26880.0
32	28514.0
33	29245.0
34	30604.0
35	32152.0
36	32448.0
37	34130.0
38	36332.0
39	39642.0
40	43211.0
41	49018.0
42	54933.0
43	72563.0
44	121631.0
45	233061.0
46	624202.0
47	1342822.0
48	2722319.0
49	3662025.0
50	1.3680184E7
>>END_MODULE
>>Sequence Duplication Levels	warn
#Total Duplicate Percentage	39.55484740777056
#Duplication Level	Relative count
1	100.0
2	25.81006220953339
3	11.550534093581955
4	6.451298938301445
5	3.982383428094052
6	2.6384304056191348
7	1.8622306213653654
8	1.3325979577104945
9	0.9538254402115286
10++	7.633847825910635
>>END_MODULE
>>Overrepresented sequences	pass
>>END_MODULE
>>Kmer Content	warn
#Sequence	Count	Obs/Exp Overall	Obs/Exp Max	Max Obs/Exp Position
AAAAA	7632340	4.789394	6.14188	46
GGGGG	2105785	3.6301327	4.645054	46
TTTTT	5685240	3.4525824	4.083739	13
CCTGG	2215530	3.0196886	3.7876148	9
>>END_MODULE
