##FastQC	0.10.1
>>Basic Statistics	pass
#Measure	Value	
Filename	005-F0_S3_L002_R2_001_trimmed.fq.gz	
File type	Conventional base calls	
Encoding	Sanger / Illumina 1.9	
Total Sequences	20537099	
Filtered Sequences	0	
Sequence length	20-50	
%GC	45	
>>END_MODULE
>>Per base sequence quality	pass
#Base	Mean	Median	Lower Quartile	Upper Quartile	10th Percentile	90th Percentile
1	34.73457716691145	36.0	36.0	36.0	32.0	36.0
2	34.72883575231341	36.0	36.0	36.0	32.0	36.0
3	34.71540498490074	36.0	36.0	36.0	32.0	36.0
4	34.70346639513205	36.0	36.0	36.0	32.0	36.0
5	34.696310954142064	36.0	36.0	36.0	32.0	36.0
6	34.67819417922658	36.0	36.0	36.0	32.0	36.0
7	34.66215345215018	36.0	36.0	36.0	32.0	36.0
8	34.65839386565746	36.0	36.0	36.0	32.0	36.0
9	34.639196899230996	36.0	36.0	36.0	32.0	36.0
10	34.622371884169226	36.0	36.0	36.0	32.0	36.0
11	34.60711432515372	36.0	36.0	36.0	32.0	36.0
12	34.59967968212064	36.0	36.0	36.0	32.0	36.0
13	34.588427508675885	36.0	36.0	36.0	32.0	36.0
14	34.579335426098886	36.0	36.0	36.0	32.0	36.0
15	34.55534922434761	36.0	36.0	36.0	32.0	36.0
16	34.54687115254204	36.0	36.0	36.0	32.0	36.0
17	34.52518995014827	36.0	36.0	36.0	32.0	36.0
18	34.52056680449366	36.0	36.0	36.0	32.0	36.0
19	34.504516485020595	36.0	36.0	36.0	32.0	36.0
20	34.50829608407692	36.0	36.0	36.0	32.0	36.0
21	34.484109085534655	36.0	36.0	36.0	32.0	36.0
22	34.47842227548479	36.0	36.0	36.0	32.0	36.0
23	34.45490589628204	36.0	36.0	36.0	32.0	36.0
24	34.42318652508276	36.0	36.0	36.0	32.0	36.0
25	34.41673655621677	36.0	36.0	36.0	32.0	36.0
26	34.39244477937092	36.0	36.0	36.0	32.0	36.0
27	34.37959198814859	36.0	36.0	36.0	32.0	36.0
28	34.35717887521581	36.0	36.0	36.0	32.0	36.0
29	34.33994543860446	36.0	36.0	36.0	32.0	36.0
30	34.305412242349156	36.0	36.0	36.0	32.0	36.0
31	34.27559172731794	36.0	36.0	36.0	32.0	36.0
32	34.24803479684228	36.0	36.0	36.0	32.0	36.0
33	34.23633212764599	36.0	36.0	36.0	32.0	36.0
34	34.20832020880869	36.0	36.0	36.0	32.0	36.0
35	34.17526397487823	36.0	36.0	36.0	32.0	36.0
36	34.16059663214311	36.0	36.0	36.0	32.0	36.0
37	34.13440271768581	36.0	36.0	36.0	32.0	36.0
38	34.12425364806803	36.0	36.0	36.0	32.0	36.0
39	34.0873062120906	36.0	36.0	36.0	32.0	36.0
40	34.06223956090897	36.0	36.0	36.0	32.0	36.0
41	34.04337501272137	36.0	36.0	36.0	32.0	36.0
42	34.01403458714609	36.0	36.0	36.0	32.0	36.0
43	34.01074263131791	36.0	36.0	36.0	32.0	36.0
44	33.99047191738957	36.0	36.0	36.0	32.0	36.0
45	33.96667678078044	36.0	36.0	36.0	32.0	36.0
46	33.9729946444475	36.0	36.0	36.0	32.0	36.0
47	33.97065171203351	36.0	36.0	36.0	32.0	36.0
48	34.00621167584718	36.0	36.0	36.0	32.0	36.0
49	34.087716216526005	36.0	36.0	36.0	32.0	36.0
50	34.21651771645414	36.0	36.0	36.0	32.0	36.0
>>END_MODULE
>>Per sequence quality scores	pass
#Quality	Count
2	60.0
3	27.0
4	34.0
5	35.0
6	76.0
7	47.0
8	60.0
9	101.0
10	107.0
11	128.0
12	160.0
13	228.0
14	990.0
15	2019.0
16	4073.0
17	7026.0
18	11920.0
19	18630.0
20	28027.0
21	40642.0
22	56367.0
23	77563.0
24	106501.0
25	142009.0
26	188077.0
27	244314.0
28	311367.0
29	391957.0
30	492220.0
31	631824.0
32	846090.0
33	1251670.0
34	2396864.0
35	9200045.0
36	4085841.0
>>END_MODULE
>>Per base sequence content	pass
#Base	G	A	T	C
1	22.780386859655287	26.585042807090947	27.243358333963975	23.391211999289787
2	22.718258741423565	26.597637683155327	27.471258971862145	23.21284460355896
3	22.699689062301456	26.678048347858258	27.323919955033038	23.298342634807245
4	22.894695063809813	26.372794804440925	27.53590306246183	23.19660706928743
5	22.981154404081796	26.429297107087102	27.187298108379455	23.40225038045165
6	22.548495196962566	26.820651117906973	27.391898421375625	23.23895526375483
7	22.581010724841246	26.823537856902803	27.350777740067812	23.24467367818814
8	22.639901908590478	26.73957583977962	27.317418315759824	23.30310393587008
9	22.512083416285478	26.852120061977423	27.424046680206533	23.211749841530562
10	22.613448659447876	26.882957350447324	27.34585299056657	23.15774099953823
11	23.09562002467567	26.786918758369826	27.048042168572017	23.06941904838249
12	22.465658793415855	26.976196148969077	27.43479646585244	23.12334859176263
13	22.617636663464726	26.789632927117513	27.525729759273084	23.067000650144674
14	22.65919763679001	26.54781618982165	27.63349808857586	23.15948808481248
15	22.581742638265077	26.834003199655232	27.475892264570945	23.108361897508747
16	22.72910457505167	27.140976353038965	27.31931221325965	22.810606858649717
17	22.87971603835193	26.807044833388428	27.086121542997542	23.2271175852621
18	22.730243774635323	27.235253382836916	27.114627354691166	22.919875487836592
19	22.880729234322374	26.92775626026997	27.300522912699865	22.890991592707792
20	22.92682332946181	26.712219162338595	27.281016628073175	23.079940880126422
21	22.914773976267504	26.869397062690986	27.28903356261926	22.926795398422254
22	22.756895868160395	27.015436570226964	27.31766067066239	22.910006890950246
23	22.85059390480351	26.786289551418353	27.196133861213823	23.166982682564313
24	22.695117833390988	27.102909756501663	27.246381645358152	22.955590764749196
25	22.80046542645019	27.01551947629166	27.099277493997203	23.084737603260944
26	22.86922742495263	27.0326433124957	27.05456906959709	23.043560192954576
27	22.845797397770713	27.104607767692666	27.186155338870417	22.863439495666203
28	22.651257149257525	27.095752568652355	27.122667010730993	23.130323271359128
29	22.902378900174998	26.889316788111174	27.182663283513225	23.025641028200607
30	22.772214057194546	27.165243227485565	27.112673993172958	22.94986872214693
31	22.854889996568872	27.112248666812782	27.087838249751485	22.945023086866858
32	22.835711006093597	27.141679678686952	27.025452918931947	22.9971563962875
33	22.768821078034264	26.97264156057491	27.24164371624661	23.016893645144215
34	22.891557635919636	27.279001459105057	27.086089738135723	22.743351166839584
35	22.88701278995827	26.958364213405535	27.043300557289278	23.111322439346914
36	22.960094799511875	27.219501760090807	26.9033737398085	22.917029700588813
37	22.741281174060436	27.138648993845173	27.053313841563103	23.066755990531288
38	22.764508987117697	27.008007731310947	27.068341543329318	23.159141738242038
39	22.71078399809038	27.138506610756703	27.085560052694802	23.065149338458113
40	22.818321205733305	27.102096378840084	27.168453652290903	22.911128763135704
41	23.024358943998095	27.08352251076867	27.011422056518036	22.880696488715195
42	22.92301255427935	27.198553758785227	27.022837447309666	22.855596239625758
43	22.856160656363592	27.323156993969235	26.963703192654194	22.85697915701298
44	22.92537526561077	27.041494274324457	26.913477305409078	23.119653154655687
45	22.778974246857967	27.220996288591664	27.075436052577402	22.924593411972968
46	22.84362694074784	27.359357420713117	26.846856742360252	22.95015889617879
47	22.864555480270436	27.2086173924796	26.980752677598424	22.94607444965154
48	22.90174538589419	27.55830236059799	27.120496675316325	22.419455578191492
49	23.06727250403952	27.764392024672663	27.205350094558955	21.962985376728863
50	23.070535195512917	27.502910561189527	27.253538677319284	22.173015565978275
>>END_MODULE
>>Per base GC content	pass
#Base	%GC
1	46.17159885894508
2	45.931103344982525
3	45.99803169710871
4	46.091302133097244
5	46.38340478453345
6	45.7874504607174
7	45.825684403029385
8	45.94300584446056
9	45.72383325781604
10	45.7711896589861
11	46.16503907305816
12	45.58900738517849
13	45.68463731360941
14	45.81868572160249
15	45.69010453577383
16	45.539711433701385
17	46.10683362361403
18	45.65011926247191
19	45.771720827030165
20	46.00676420958823
21	45.84156937468976
22	45.66690275911064
23	46.01757658736782
24	45.650708598140184
25	45.885203029711136
26	45.912787617907206
27	45.709236893436916
28	45.78158042061665
29	45.928019928375605
30	45.72208277934148
31	45.799913083435726
32	45.8328674023811
33	45.78571472317848
34	45.63490880275922
35	45.998335229305184
36	45.87712450010069
37	45.808037164591724
38	45.923650725359735
39	45.7759333365485
40	45.729449968869005
41	45.90505543271329
42	45.778608793905114
43	45.71313981337657
44	46.04502842026646
45	45.703567658830934
46	45.79378583692664
47	45.81062992992197
48	45.32120096408568
49	45.03025788076838
50	45.24355076149119
>>END_MODULE
>>Per sequence GC content	pass
#GC Content	Count
0	6100.0
1	5034.5
2	3779.5
3	3939.5
4	4363.0
5	5030.0
6	5787.0
7	6693.5
8	7717.5
9	9586.0
10	11642.5
11	15205.0
12	19004.0
13	25092.0
14	32207.5
15	43184.0
16	55168.0
17	72311.5
18	90996.5
19	115451.0
20	141173.0
21	173800.5
22	207541.0
23	248608.0
24	292421.0
25	334674.0
26	384397.0
27	443303.5
28	506359.0
29	574760.5
30	645412.5
31	721451.5
32	799721.5
33	881579.0
34	966657.0
35	1042113.5
36	1112603.5
37	1168862.5
38	1214491.5
39	1252006.5
40	1286259.0
41	1304755.0
42	1319033.0
43	1323877.5
44	1323478.0
45	1309975.5
46	1295218.5
47	1273792.5
48	1251178.5
49	1228575.0
50	1203889.0
51	1179128.0
52	1152569.5
53	1124030.5
54	1095424.5
55	1065369.0
56	1031551.0
57	988992.0
58	943340.0
59	887445.5
60	828196.0
61	761385.5
62	693696.0
63	632953.5
64	561093.5
65	493593.0
66	430440.5
67	373145.0
68	316427.5
69	265231.0
70	220116.5
71	181839.5
72	148583.5
73	119833.0
74	93478.0
75	74583.5
76	60502.0
77	47553.0
78	35938.0
79	27431.5
80	20197.5
81	14977.5
82	11010.5
83	8312.0
84	6056.0
85	4686.0
86	3596.0
87	2941.5
88	2459.5
89	2076.0
90	1777.5
91	1569.0
92	1427.5
93	1313.5
94	1232.5
95	1258.0
96	1284.0
97	1391.5
98	2034.5
99	7235.0
100	11910.0
>>END_MODULE
>>Per base N content	pass
#Base	N-Count
1	0.011768945555552903
2	0.01140862202592489
3	0.022836720999397236
4	0.012849916144436953
5	0.007975810020685006
6	0.011613129975173222
7	0.015493911774004693
8	0.013551086256145524
9	0.015440350168249177
10	0.01508002663862116
11	0.017105629183557035
12	0.022510482127977276
13	0.02310939826506168
14	0.024472784593383905
15	0.02988250677469101
16	0.019145839439153503
17	0.042328276257518165
18	0.012460377193487747
19	0.02802732752079541
20	0.012411684824619094
21	0.036363536968489554
22	0.009966955408272084
23	0.018179506388629772
24	0.02451186759971766
25	0.022412983256835776
26	0.01872711312625244
27	0.03643184361345963
28	0.029776645807594017
29	0.022250709961820995
30	0.023126715978292633
31	0.03233070792242519
32	0.03612654101252333
33	0.023394160173939603
34	0.014611773259815003
35	0.014977225746758461
36	0.012843673812644571
37	0.020002926981970807
38	0.005157792607119229
39	0.007919858696046287
40	0.013111543595492232
41	0.012189513056656826
42	0.004669651321495566
43	0.007909787030832276
44	0.0015246207120839313
45	0.0025981701168223
46	0.00809883644000571
47	0.002104721158963864
48	0.0012649353476485064
49	3.93788991263088E-4
50	6.520194127913169E-4
>>END_MODULE
>>Sequence Length Distribution	warn
#Length	Count
20	49543.0
21	50021.0
22	51943.0
23	52584.0
24	54583.0
25	56408.0
26	58338.0
27	60676.0
28	63193.0
29	67238.0
30	68894.0
31	70614.0
32	71722.0
33	71740.0
34	73152.0
35	73755.0
36	75544.0
37	79012.0
38	82239.0
39	86195.0
40	88506.0
41	93375.0
42	99261.0
43	114209.0
44	157370.0
45	256932.0
46	592965.0
47	1215448.0
48	2380825.0
49	3178198.0
50	1.1042616E7
>>END_MODULE
>>Sequence Duplication Levels	warn
#Total Duplicate Percentage	33.545101747335664
#Duplication Level	Relative count
1	100.0
2	21.537298611214037
3	9.1412352339593
4	4.813321673657532
5	2.922823815381879
6	1.8571492092664779
7	1.2628021758140775
8	0.8989313610695282
9	0.6877232506780891
10++	5.094932487512784
>>END_MODULE
>>Overrepresented sequences	pass
>>END_MODULE
>>Kmer Content	warn
#Sequence	Count	Obs/Exp Overall	Obs/Exp Max	Max Obs/Exp Position
AAAAA	4976630	3.8698707	4.657625	46
TTTTT	4307460	3.2157834	3.8547015	13
>>END_MODULE
