##FastQC	0.10.1
>>Basic Statistics	pass
#Measure	Value	
Filename	008-F5_S2_L004_R1_001.fastq.gz	
File type	Conventional base calls	
Encoding	Sanger / Illumina 1.9	
Total Sequences	13029031	
Filtered Sequences	0	
Sequence length	35-75	
%GC	46	
>>END_MODULE
>>Per base sequence quality	pass
#Base	Mean	Median	Lower Quartile	Upper Quartile	10th Percentile	90th Percentile
1	31.509023042465707	32.0	32.0	32.0	32.0	32.0
2	31.576469808077054	32.0	32.0	32.0	32.0	32.0
3	31.655595032355055	32.0	32.0	32.0	32.0	32.0
4	31.723869257813572	32.0	32.0	32.0	32.0	32.0
5	31.70752828817431	32.0	32.0	32.0	32.0	32.0
6	35.422103531720815	36.0	36.0	36.0	36.0	36.0
7	35.42381517090565	36.0	36.0	36.0	36.0	36.0
8	35.389166700117606	36.0	36.0	36.0	36.0	36.0
9	35.47330066219046	36.0	36.0	36.0	36.0	36.0
10	35.38945766573124	36.0	36.0	36.0	36.0	36.0
11	35.44612903292655	36.0	36.0	36.0	36.0	36.0
12	35.402715059930394	36.0	36.0	36.0	36.0	36.0
13	35.42260479693386	36.0	36.0	36.0	36.0	36.0
14	35.40358135612694	36.0	36.0	36.0	36.0	36.0
15	35.37707976901736	36.0	36.0	36.0	36.0	36.0
16	35.392925383322826	36.0	36.0	36.0	36.0	36.0
17	35.392741946810936	36.0	36.0	36.0	36.0	36.0
18	35.38809056483172	36.0	36.0	36.0	36.0	36.0
19	35.380893483176145	36.0	36.0	36.0	36.0	36.0
20	35.37277522787382	36.0	36.0	36.0	36.0	36.0
21	35.36302208506527	36.0	36.0	36.0	36.0	36.0
22	35.35366989302581	36.0	36.0	36.0	36.0	36.0
23	35.34112920600158	36.0	36.0	36.0	36.0	36.0
24	35.335258470104186	36.0	36.0	36.0	36.0	36.0
25	35.31664611128794	36.0	36.0	36.0	36.0	36.0
26	35.290621459109275	36.0	36.0	36.0	36.0	36.0
27	35.2788102967903	36.0	36.0	36.0	36.0	36.0
28	35.2664931106542	36.0	36.0	36.0	36.0	36.0
29	35.252345550486446	36.0	36.0	36.0	36.0	36.0
30	35.23276957434517	36.0	36.0	36.0	36.0	36.0
31	35.222774740500654	36.0	36.0	36.0	36.0	36.0
32	35.20919637078153	36.0	36.0	36.0	36.0	36.0
33	35.19837284906299	36.0	36.0	36.0	36.0	36.0
34	35.189191045750064	36.0	36.0	36.0	36.0	36.0
35	35.17352802368802	36.0	36.0	36.0	36.0	36.0
36	35.17048788345117	36.0	36.0	36.0	36.0	36.0
37	35.15665227730615	36.0	36.0	36.0	36.0	36.0
38	35.14848992689443	36.0	36.0	36.0	36.0	36.0
39	35.13236554424023	36.0	36.0	36.0	36.0	36.0
40	35.126125811224014	36.0	36.0	36.0	36.0	36.0
41	35.11542697457438	36.0	36.0	36.0	36.0	36.0
42	35.103238128616674	36.0	36.0	36.0	36.0	36.0
43	35.09263795082598	36.0	36.0	36.0	36.0	36.0
44	35.07862680304892	36.0	36.0	36.0	36.0	36.0
45	35.0647644439712	36.0	36.0	36.0	36.0	36.0
46	35.05699041372176	36.0	36.0	36.0	36.0	36.0
47	35.051981707692725	36.0	36.0	36.0	36.0	36.0
48	35.0330719097569	36.0	36.0	36.0	36.0	36.0
49	35.023523783158424	36.0	36.0	36.0	36.0	36.0
50	35.011841560017984	36.0	36.0	36.0	36.0	36.0
51	35.000940142123554	36.0	36.0	36.0	36.0	36.0
52	34.9885012547365	36.0	36.0	36.0	36.0	36.0
53	34.97231223690464	36.0	36.0	36.0	36.0	36.0
54	34.95861648995558	36.0	36.0	36.0	36.0	36.0
55	34.93723959063225	36.0	36.0	36.0	36.0	36.0
56	34.926846094501656	36.0	36.0	36.0	36.0	36.0
57	34.91965921587972	36.0	36.0	36.0	36.0	36.0
58	34.902753229964226	36.0	36.0	36.0	36.0	36.0
59	34.88994418219524	36.0	36.0	36.0	36.0	36.0
60	34.87578814613275	36.0	36.0	36.0	36.0	36.0
61	34.863228755975214	36.0	36.0	36.0	36.0	36.0
62	34.843717853636136	36.0	36.0	36.0	36.0	36.0
63	34.82635239806232	36.0	36.0	36.0	36.0	36.0
64	34.81284447991885	36.0	36.0	36.0	36.0	36.0
65	34.79340997635149	36.0	36.0	36.0	36.0	36.0
66	34.77137373166664	36.0	36.0	36.0	36.0	36.0
67	34.761928715588304	36.0	36.0	36.0	36.0	36.0
68	34.73159583368936	36.0	36.0	36.0	36.0	36.0
69	34.71314523677637	36.0	36.0	36.0	36.0	36.0
70	34.69613151658768	36.0	36.0	36.0	32.0	36.0
71	34.671015507658765	36.0	36.0	36.0	32.0	36.0
72	34.65224453890567	36.0	36.0	36.0	32.0	36.0
73	34.6277889230527	36.0	36.0	36.0	32.0	36.0
74	34.59063342595383	36.0	36.0	36.0	32.0	36.0
75	34.01085200400088	36.0	36.0	36.0	32.0	36.0
>>END_MODULE
>>Per sequence quality scores	pass
#Quality	Count
2	3202.0
3	0.0
4	0.0
5	0.0
6	0.0
7	0.0
8	0.0
9	0.0
10	0.0
11	0.0
12	0.0
13	0.0
14	0.0
15	0.0
16	1.0
17	4.0
18	48.0
19	396.0
20	1468.0
21	4178.0
22	8262.0
23	14141.0
24	23800.0
25	38039.0
26	57567.0
27	83801.0
28	115775.0
29	154200.0
30	200103.0
31	257762.0
32	349352.0
33	534876.0
34	1220106.0
35	9961950.0
>>END_MODULE
>>Per base sequence content	fail
#Base	G	A	T	C
1	43.4417471951332	18.064310690432826	11.527497752135787	26.966444362298187
2	16.4316067714385	19.819905512347813	35.56378638165755	28.184701334556134
3	18.947435655903895	21.08981802766289	28.288171514036808	31.67457480239641
4	13.241145726694247	14.910168097554482	35.05111267774205	36.79757349800922
5	14.95614597735008	34.964193065946134	34.16313848431451	15.91652247238928
6	35.144196598769916	34.65698502920137	15.988612716434622	14.210205655594093
7	31.225766579145365	29.45639289388426	19.99698281818601	19.320857708784374
8	26.89800102613843	34.40894126942828	19.43870550249268	19.254352201940602
9	24.755560663355862	15.614952414928831	19.628969488237562	40.00051743347775
10	14.575234679899044	27.184091483474216	34.339690344444904	23.90098349218184
11	34.55231100478542	22.48379102222158	23.3820156695102	19.581882303482796
12	22.380315843310054	23.959685934696196	30.637189534084058	23.022808687909695
13	28.0542878390754	20.25884421772222	25.981221768107314	25.705646175095065
14	20.627775527482655	20.329190879518038	26.96248084135583	32.080552751643474
15	22.94191026152731	29.173237265743317	23.066362993096252	24.81848947963312
16	22.974732167485516	28.333931250595455	25.282664649946636	23.408671931972393
17	21.838725197451925	27.99133936120304	27.250687844896476	22.919247596448564
18	22.341480146868196	27.564771501299457	27.743838799050717	22.34990955278163
19	22.750705540507248	27.01087201436469	27.457615173667644	22.780807271460418
20	22.711371800040027	26.922843363419457	27.567201683240533	22.79858315329998
21	22.52066410732116	26.60568785187098	27.353983954522	23.519664086285864
22	22.53980495825716	26.576324098270305	27.552738110217494	23.33113283325504
23	22.4888124117186	26.671651126121127	27.463655068445213	23.37588139371505
24	22.6387062920823	26.38560427888773	27.730840642217014	23.244848786812955
25	22.761986745825567	26.40631277213815	27.377517343871	23.454183138165284
26	22.25908586524786	26.852099935343617	27.56502450294347	23.323789696465056
27	22.30194491554278	26.851847657866095	27.54333411614433	23.302873310446795
28	22.432739101028194	26.702628712160585	27.537980480232648	23.326651706578573
29	22.25785929008535	26.821476791800986	27.642864375775915	23.277799542337753
30	22.324511347324226	26.913280914965583	27.517301546771257	23.244906190938938
31	22.821294112589207	26.832307673410227	27.301746692707376	23.04465152129319
32	22.194714892244278	26.985588938230116	27.699320853772864	23.120375315752746
33	22.287825422179587	26.851132898262485	27.767419557367646	23.09362212219029
34	22.34439711860434	26.573943300553953	27.946683539884127	23.134976040957575
35	22.212069673134835	26.88276856175059	27.802455415577988	23.102706349536586
36	22.332169665663717	27.195773329719746	27.70366167597319	22.768395328643347
37	22.45806443141858	26.934429485918944	27.42654792021586	23.180958162446615
38	22.376956623375747	27.308659689373126	27.413531046867423	22.900852640383704
39	22.467205055570272	27.074146925130005	27.65457033897179	22.804077680327932
40	22.56356116939814	26.80058321943489	27.600439527244703	23.03541608392226
41	22.531587267289126	27.00905378203487	27.632945918590345	22.826413032085664
42	22.336735581692853	27.161581638127398	27.668652327807486	22.833030452372263
43	22.467690863736316	26.913903757376218	27.566852069370018	23.05155330951744
44	22.31929705583566	27.30332751935406	27.609128626812137	22.76824679799815
45	22.391552176342657	27.160456592287545	27.520894626790408	22.927096604579386
46	22.4949018655789	27.142773241954732	27.430522547905685	22.931802344560683
47	22.42175162055386	27.26296302542714	27.55829877674011	22.756986577278894
48	22.274819874700537	27.222498240894645	27.504872020654965	22.997809863749854
49	22.538115412363112	27.05427582913675	27.54335699949627	22.864251759003864
50	22.427784466686866	27.27711584662561	27.49180462927364	22.80329505741388
51	22.475217505341824	27.261624071790152	27.46174272580348	22.801415697064538
52	22.51555150729043	27.201311106462743	27.382919156880124	22.900218229366693
53	22.37358171654127	27.079805733728996	27.59625984323486	22.950352706494876
54	22.507160525343714	27.39885238197462	27.45202109574894	22.641965996932722
55	22.512913436904082	27.056550915908833	27.412218709367863	23.018316937819225
56	22.555738124934805	27.36554659035022	27.30032380447238	22.778391480242597
57	22.452760298830842	27.277138416581302	27.373562988789384	22.89653829579847
58	22.47358096834205	27.151341659792404	27.35692892768554	23.01814844418001
59	22.347464847418205	27.28422595911666	27.437351911392483	22.93095728207265
60	22.433135998891792	27.25428593441503	27.557618569931027	22.754959496762154
61	22.666642670050503	27.214492273284375	27.361339098442457	22.757525958222672
62	22.581785780394064	27.350783701822714	27.360939816595543	22.706490701187683
63	22.592476658936427	27.40640652507939	27.268460226277853	22.73265658970633
64	22.60765077865398	27.165075800946536	27.21149467766446	23.015778742735026
65	22.477045971956493	27.311260441764805	27.385591648843466	22.82610193743524
66	22.54850735674846	27.435822465513453	27.213294961528067	22.80237521621002
67	22.629535597713343	27.22436320694323	27.250425775015785	22.895675420327642
68	22.59377384502545	27.52166577994054	27.351535531123773	22.533024843910237
69	22.85953282303332	27.39604411215419	27.236352369788097	22.508070695024397
70	22.94336892897743	27.1659598722778	27.190786143670415	22.699885055074354
71	22.73767514630596	27.513798805786884	27.10817828037272	22.640347767534436
72	22.695492630156718	27.6393153285928	27.324533229166427	22.34065881208405
73	23.45889258929748	28.19017553796202	27.342572805243464	21.008359067497036
74	24.623568426257716	30.649066832397132	27.513546509513027	17.213818231832125
75	30.02002533412317	41.0706913334758	28.90928333240103	0.0
>>END_MODULE
>>Per base GC content	fail
#Base	%GC
1	70.4081915574314
2	44.616308105994634
3	50.6220104583003
4	50.03871922470348
5	30.87266844973936
6	49.354402254364004
7	50.546624287929745
8	46.152353228079036
9	64.7560780968336
10	38.476218172080884
11	54.134193308268216
12	45.403124531219746
13	53.75993401417046
14	52.70832827912613
15	47.760399741160434
16	46.38340409945791
17	44.757972793900485
18	44.691389699649825
19	45.531512811967666
20	45.50995495334001
21	46.040328193607024
22	45.8709377915122
23	45.86469380543365
24	45.883555078895256
25	46.21616988399085
26	45.58287556171292
27	45.604818225989575
28	45.75939080760676
29	45.535658832423096
30	45.56941753826316
31	45.8659456338824
32	45.31509020799703
33	45.38144754436988
34	45.479373159561916
35	45.314776022671424
36	45.100564994307064
37	45.63902259386519
38	45.27780926375945
39	45.271282735898204
40	45.598977253320406
41	45.35800029937479
42	45.16976603406512
43	45.51924417325376
44	45.08754385383381
45	45.31864878092205
46	45.42670421013958
47	45.17873819783275
48	45.27262973845039
49	45.40236717136698
50	45.23107952410075
51	45.276633202406366
52	45.415769736657126
53	45.32393442303615
54	45.14912652227644
55	45.53123037472331
56	45.334129605177395
57	45.34929859462932
58	45.491729412522055
59	45.278422129490856
60	45.18809549565395
61	45.42416862827317
62	45.28827648158175
63	45.32513324864276
64	45.623429521389006
65	45.30314790939173
66	45.350882572958476
67	45.525211018040984
68	45.126798688935686
69	45.36760351805771
70	45.64325398405178
71	45.3780229138404
72	45.03615144224077
73	44.46725165679452
74	41.83738665808984
75	30.02002533412317
>>END_MODULE
>>Per sequence GC content	warn
#GC Content	Count
0	3204.0
1	1603.5
2	8.0
3	17.5
4	22.0
5	40.0
6	80.5
7	148.0
8	195.0
9	278.5
10	504.0
11	859.0
12	1079.5
13	1537.5
14	2702.5
15	4569.5
16	6100.5
17	8926.5
18	15325.5
19	23508.0
20	29185.0
21	38638.5
22	56293.5
23	76481.0
24	90085.0
25	107432.0
26	137146.5
27	167967.0
28	188157.5
29	212443.0
30	252722.0
31	292739.5
32	318822.0
33	349004.0
34	399863.5
35	449234.5
36	478500.0
37	506040.0
38	537127.0
39	556565.0
40	569082.5
41	573055.0
42	573336.5
43	571529.0
44	571362.5
45	566549.0
46	551549.5
47	535077.5
48	528191.0
49	517636.0
50	494773.0
51	474152.5
52	463843.0
53	455510.0
54	440260.0
55	422207.5
56	411157.5
57	401494.5
58	380743.0
59	353444.5
60	330588.5
61	306225.0
62	274012.5
63	240390.0
64	214020.5
65	192697.5
66	164143.5
67	134887.5
68	114477.5
69	99585.0
70	81535.0
71	63360.5
72	51031.0
73	43132.5
74	34300.5
75	26369.5
76	21409.5
77	18047.5
78	13988.5
79	10527.0
80	8401.5
81	6913.0
82	5303.0
83	3660.5
84	2644.0
85	2098.5
86	1435.0
87	856.0
88	635.0
89	513.5
90	340.0
91	224.5
92	179.0
93	159.5
94	126.0
95	95.0
96	81.0
97	65.0
98	38.5
99	82.0
100	135.0
>>END_MODULE
>>Per base N content	pass
#Base	N-Count
1	0.06826294296175978
2	0.024575887493091392
3	0.024598912996676426
4	0.024575887493091392
5	0.024575887493091392
6	0.025120824411270493
7	0.027868534505751042
8	0.026847737180147935
9	0.024575887493091392
10	0.024583562660953066
11	0.024752416353909974
12	0.024598912996676426
13	0.024591237828814744
14	0.02746942577694381
15	0.024575887493091392
16	0.025021047229068685
17	0.024575887493091392
18	0.024575887493091392
19	0.024575887493091392
20	0.024591237828814744
21	0.02536642978284417
22	0.024591237828814744
23	0.024652639171708162
24	0.02468333984315487
25	0.02492894521472856
26	0.024936620382590233
27	0.025512257972216047
28	0.025028722396930363
29	0.025082448571962106
30	0.0254585317971843
31	0.025105474075547134
32	0.02618767274404367
33	0.026195347911905344
34	0.025021047229068685
35	0.02527432776850404
36	6.602689167812413E-4
37	0.001934927616431006
38	0.0014206887452960803
39	0.0019124849939053943
40	0.0026503684626741314
41	0.0028507412580405693
42	0.002290385530297266
43	0.0011608996988041887
44	0.0015227528109978438
45	0.0033159784305989565
46	0.0021706000839452643
47	0.0026721973193625415
48	0.004784722542723296
49	0.002243370550927865
50	0.002560987763723886
51	0.0013430601765058946
52	0.0041014809899445745
53	0.0031691832945082614
54	0.001995817601765231
55	0.0023150080189090474
56	0.002549637529114497
57	0.0023737102743877207
58	0.0014443316157434943
59	0.003373663380221036
60	0.002669274618007736
61	0.0013400528152211302
62	0.003159060325415974
63	0.002577201234432533
64	2.8151530618269387E-4
65	5.246696949766166E-4
66	4.705736936442905E-4
67	1.256782896567239E-4
68	6.609095153503316E-4
69	7.802852344497034E-4
70	1.895734597156398E-4
71	5.149151103027384E-4
72	5.58375751942689E-4
73	5.156355007021237E-4
74	0.0011328641682586506
75	0.004079878582813376
>>END_MODULE
>>Sequence Length Distribution	warn
#Length	Count
35	4035.0
36	1253.0
37	1890.0
38	2143.0
39	2652.0
40	2899.0
41	3249.0
42	3757.0
43	4386.0
44	5095.0
45	5873.0
46	6231.0
47	6759.0
48	7256.0
49	7805.0
50	8260.0
51	8945.0
52	9456.0
53	10054.0
54	11311.0
55	11927.0
56	12584.0
57	13282.0
58	13575.0
59	14421.0
60	14618.0
61	15047.0
62	15680.0
63	16651.0
64	17998.0
65	19545.0
66	19476.0
67	21160.0
68	22090.0
69	27668.0
70	36560.0
71	87079.0
72	318428.0
73	919138.0
74	2842661.0
75	8456134.0
>>END_MODULE
>>Sequence Duplication Levels	warn
#Total Duplicate Percentage	35.457545137664994
#Duplication Level	Relative count
1	100.0
2	25.024841281279155
3	10.039670198806101
4	5.000872289266291
5	2.7973937513748037
6	1.7354763837162557
7	1.1847963773447514
8	0.8032646373931446
9	0.643218519838892
10++	4.472947655058898
>>END_MODULE
>>Overrepresented sequences	pass
>>END_MODULE
>>Kmer Content	warn
#Sequence	Count	Obs/Exp Overall	Obs/Exp Max	Max Obs/Exp Position
AAAAA	4292805	3.4258723	7.3272333	71
TTTTT	4252790	3.201402	5.7845545	71
CCTGG	2109765	3.0096226	12.121824	3
CCAGG	2025020	2.922671	13.728833	3
CCCAG	1903765	2.7305593	12.19305	2
CTGGG	1851405	2.657613	10.461281	4
CAGCA	2133995	2.6476324	7.0357623	4
CCAGC	1818410	2.6081352	6.9065847	3
TGCTG	2102950	2.5648394	6.959584	2
GGAGG	1736000	2.5370274	5.855855	6
CCTCC	1796725	2.5312483	5.064611	1
GCTGG	1751145	2.513694	6.307803	3
TCCAG	2028640	2.4876914	9.812666	2
AGCAG	1916410	2.3925724	5.7083864	7
AGGAG	1888905	2.373008	7.763611	5
CAGGA	1899260	2.3711612	10.916924	4
CTGCT	1942085	2.3538947	6.675101	9
CTCCA	1917110	2.336287	7.260082	1
CTGGA	1892500	2.3352847	8.925876	4
AGAAG	2157950	2.3304732	5.0407686	5
GCTGC	1630370	2.3257556	5.8927183	8
CAGCC	1621070	2.3250916	5.51324	9
CTCCT	1918550	2.3108914	6.562915	1
GGCTG	1578700	2.2661567	8.623947	7
TCCTG	1868270	2.2644277	9.127281	2
CCTGC	1575130	2.232965	6.494672	3
GGCAG	1536285	2.2311814	6.3906965	7
GCAGG	1524535	2.2141166	6.7634544	3
CTGCA	1777825	2.1801207	6.6825805	4
CAGAG	1740565	2.173036	8.344146	4
CTGCC	1530450	2.1696248	5.8151793	9
TGCAG	1753985	2.1643617	6.740525	2
CCCTG	1507985	2.1377776	9.02494	2
TGGAG	1705770	2.118053	6.4542804	5
CTCTG	1737030	2.1053588	7.5471263	2
GCCTG	1474300	2.1031187	7.2325726	7
AGCTG	1701190	2.0992143	6.0752077	7
CAGGG	1431140	2.078477	9.5855465	4
GGAGA	1629955	2.0476923	5.7780414	6
CAGAA	1907970	2.047679	5.636451	4
CTGGC	1425490	2.0334902	5.6460505	4
GCCAG	1403885	2.0261993	5.471452	2
CACAG	1620825	2.010946	7.2691345	7
CAGGC	1385150	1.9991595	6.435344	4
GGGAG	1335570	1.9518306	5.3050237	7
TTCTG	1881680	1.949925	5.1520643	2
CTGTG	1591625	1.9412073	8.999897	9
CCCCA	1359630	1.9379681	7.1120253	1
CTCAG	1579600	1.9370402	6.372971	2
CTGAG	1546415	1.9082268	6.1275163	4
CCAGA	1531485	1.9001025	7.2194376	3
GGCCA	1283245	1.8520823	6.2925806	1
CCTCT	1525855	1.8378909	5.5043397	1
TCTGG	1495640	1.8241403	6.3958635	3
AGAGG	1432685	1.7998645	5.4004664	5
TGGGG	1241630	1.7934734	5.832381	5
ACCTG	1462380	1.7932953	5.3685675	7
CAGTG	1437760	1.7741501	6.660984	9
CACTG	1434125	1.7586465	7.428709	7
TGGCC	1222935	1.7445416	5.7215047	5
CCTGA	1404585	1.7224222	5.6953382	3
GAGAG	1340620	1.6842045	5.4449067	7
GCCCA	1171140	1.6797593	8.000455	1
ACAGA	1556795	1.6707897	5.8227377	8
TCAGG	1347560	1.662846	6.096258	3
AGGTG	1282055	1.5919265	5.2068267	7
GGCCT	1108295	1.5810053	5.2093177	6
GGGCC	941055	1.5799816	5.442436	6
CCTGT	1288225	1.561387	5.385885	8
TGGGC	1080550	1.5510836	6.2516274	5
AGGCC	1073145	1.5488489	5.1026735	5
AGCCT	1246015	1.52797	5.29512	6
ACAGC	1195450	1.4831865	5.823915	8
ACACA	1369185	1.4602933	6.256649	6
GCTGT	1196420	1.4592	5.4063835	8
AGGCT	1175750	1.4508381	5.0594373	6
GTGTG	1173545	1.4402682	6.596728	1
CTGTC	1186120	1.437631	5.7054434	9
TGTGT	1372380	1.4310634	5.7374806	10
GCCCT	1008700	1.4299719	6.0024447	1
GACAG	1139445	1.4225582	7.353598	7
CACAC	1148695	1.4163045	6.7228856	5
GGGCT	984285	1.4128993	6.1787176	6
AGACA	1287820	1.3821192	5.813894	6
AGAGC	1095950	1.3682562	5.1319995	5
AGGGC	929590	1.3500644	5.925721	5
GGACA	1029635	1.2854642	6.4308524	6
GTCCT	1040260	1.2608422	7.99925	1
AGGAC	974955	1.217198	8.554062	5
ACTGC	989780	1.2137529	5.2386875	8
GTGCT	991350	1.2090889	5.815853	1
GTCCA	974460	1.1949662	6.9480453	1
AGCAC	939020	1.1650354	5.653295	5
GTCTT	1113770	1.1541642	5.026421	1
TGTGC	944220	1.1516073	5.711872	10
TGGAC	888225	1.0960414	6.1664186	5
ACAGT	994565	1.0549959	5.776672	8
GTGCA	849820	1.0486509	5.792946	1
GACTG	843385	1.0407102	6.3198586	7
ACTGT	988060	1.0359248	6.2329173	8
TGCAC	833430	1.0220231	5.4583507	5
GGACC	692840	0.9999622	5.5051036	6
AGACT	941695	0.99891347	5.470301	6
GGACT	766595	0.94595385	5.575539	6
ACACT	889030	0.937177	5.0703063	6
TGTAG	853050	0.89997756	5.129216	2
TAGGA	723520	0.7722903	5.0727177	4
GTGTA	588435	0.6208057	5.593875	1
>>END_MODULE
