##FastQC	0.10.1
>>Basic Statistics	pass
#Measure	Value	
Filename	030-F5_S6_L002_R1_001_trimmed.fq.gz	
File type	Conventional base calls	
Encoding	Sanger / Illumina 1.9	
Total Sequences	9601477	
Filtered Sequences	0	
Sequence length	20-51	
%GC	42	
>>END_MODULE
>>Per base sequence quality	pass
#Base	Mean	Median	Lower Quartile	Upper Quartile	10th Percentile	90th Percentile
1	35.1347460395937	36.0	36.0	36.0	36.0	36.0
2	35.119664297482565	36.0	36.0	36.0	36.0	36.0
3	35.11000432537619	36.0	36.0	36.0	36.0	36.0
4	35.0911061912662	36.0	36.0	36.0	36.0	36.0
5	35.076365646660406	36.0	36.0	36.0	36.0	36.0
6	35.02185747047043	36.0	36.0	36.0	36.0	36.0
7	34.996400033036586	36.0	36.0	36.0	36.0	36.0
8	34.98394069995689	36.0	36.0	36.0	36.0	36.0
9	34.969019974739304	36.0	36.0	36.0	36.0	36.0
10	34.94890129924802	36.0	36.0	36.0	36.0	36.0
11	34.92881657686625	36.0	36.0	36.0	36.0	36.0
12	34.91364037012222	36.0	36.0	36.0	36.0	36.0
13	34.89708968734706	36.0	36.0	36.0	36.0	36.0
14	34.88674700777808	36.0	36.0	36.0	36.0	36.0
15	34.87315618211657	36.0	36.0	36.0	36.0	36.0
16	34.85688826833621	36.0	36.0	36.0	36.0	36.0
17	34.84456162317527	36.0	36.0	36.0	36.0	36.0
18	34.82446638157858	36.0	36.0	36.0	36.0	36.0
19	34.79860869322501	36.0	36.0	36.0	36.0	36.0
20	34.805606679055735	36.0	36.0	36.0	36.0	36.0
21	34.77895293738306	36.0	36.0	36.0	36.0	36.0
22	34.77235848268474	36.0	36.0	36.0	36.0	36.0
23	34.76294764635159	36.0	36.0	36.0	36.0	36.0
24	34.75261887327499	36.0	36.0	36.0	36.0	36.0
25	34.738095052699606	36.0	36.0	36.0	32.0	36.0
26	34.706482646783094	36.0	36.0	36.0	32.0	36.0
27	34.698874068432524	36.0	36.0	36.0	32.0	36.0
28	34.6708778089709	36.0	36.0	36.0	32.0	36.0
29	34.66119160443701	36.0	36.0	36.0	32.0	36.0
30	34.65089521889168	36.0	36.0	36.0	32.0	36.0
31	34.616455283245806	36.0	36.0	36.0	32.0	36.0
32	34.60553352496676	36.0	36.0	36.0	32.0	36.0
33	34.56403348908443	36.0	36.0	36.0	32.0	36.0
34	34.56038303125616	36.0	36.0	36.0	32.0	36.0
35	34.52007172505712	36.0	36.0	36.0	32.0	36.0
36	34.503537066218215	36.0	36.0	36.0	32.0	36.0
37	34.50442350935594	36.0	36.0	36.0	32.0	36.0
38	34.45436356912609	36.0	36.0	36.0	32.0	36.0
39	34.457671249086964	36.0	36.0	36.0	32.0	36.0
40	34.43255877869729	36.0	36.0	36.0	32.0	36.0
41	34.412898504316296	36.0	36.0	36.0	32.0	36.0
42	34.381306802196214	36.0	36.0	36.0	32.0	36.0
43	34.371575211276415	36.0	36.0	36.0	32.0	36.0
44	34.33362832047166	36.0	36.0	36.0	32.0	36.0
45	34.32187100709725	36.0	36.0	36.0	32.0	36.0
46	34.30170254459709	36.0	36.0	36.0	32.0	36.0
47	34.31299889306144	36.0	36.0	36.0	32.0	36.0
48	34.28810541099292	36.0	36.0	36.0	32.0	36.0
49	34.33044859414708	36.0	36.0	36.0	32.0	36.0
50	34.40044097725232	36.0	36.0	36.0	32.0	36.0
51	34.50988380683313	36.0	36.0	36.0	32.0	36.0
>>END_MODULE
>>Per sequence quality scores	pass
#Quality	Count
11	1.0
12	0.0
13	0.0
14	5.0
15	43.0
16	185.0
17	522.0
18	1135.0
19	2403.0
20	4357.0
21	7902.0
22	13017.0
23	20017.0
24	30295.0
25	44422.0
26	64833.0
27	89665.0
28	120565.0
29	158580.0
30	204648.0
31	265413.0
32	355732.0
33	519579.0
34	979317.0
35	4236751.0
36	2482090.0
>>END_MODULE
>>Per base sequence content	pass
#Base	G	A	T	C
1	21.3199509074048	27.641528652761544	27.75677168693722	23.28174875289644
2	21.77211951970236	28.896127600554205	27.909652935182898	21.422099944560532
3	20.905377370585796	28.728590403330656	28.60633837898065	21.7596938471029
4	22.186690185579092	27.133868973230957	29.263454695073644	21.41598614611631
5	21.461852358723434	27.861651137648963	28.796016822581755	21.88047968104585
6	20.52156305190249	28.821561999977714	28.94853244516165	21.708342502958146
7	20.77975724137816	28.733748547828995	28.685556364024194	21.800937846768644
8	20.67263322772025	28.65901104620275	28.116881716924798	22.55147400915221
9	21.263686549058054	28.197204836484257	28.112536052455688	22.426572562001994
10	20.737388288112545	28.179625976409834	28.983958856717678	22.099026878759943
11	22.328690007066797	27.754564907535332	28.182645253449166	21.734099831948704
12	20.830699589943208	28.83080124228325	28.636870241100393	21.70162892667315
13	20.699892285486996	28.67149531532481	29.369681582901325	21.258930816286867
14	20.980950979323033	28.262888588158553	29.393106248250845	21.36305418426757
15	20.70129564710856	28.780402807615552	29.08753327750153	21.430768267774358
16	20.663836687047006	28.70881251154147	29.51778034665705	21.10957045475447
17	20.911506481172772	28.16659120548637	28.191338723001014	22.730563590339845
18	20.96604155452865	29.53798583186547	28.10361219106151	21.392360422544364
19	21.797824919995225	28.19349917334128	28.612931871114984	21.39574403554851
20	22.29925822484512	27.716827925682296	28.81129023841977	21.172623611052817
21	22.204535426444384	27.678298972966857	28.86451327695915	21.252652323629608
22	21.194133077793897	28.934759016956747	28.901736038275704	20.969371866973656
23	20.925909917499556	28.759748040175676	29.082236916211258	21.23210512611351
24	20.57177104378801	29.01265872758379	28.817237087440578	21.59833314118762
25	20.906301646392013	29.127170845238815	28.349579926017483	21.616947582351695
26	21.06121675827004	28.025094458066356	28.765107384351097	22.148581399312512
27	22.073280271529814	28.16434532290425	28.423250268965717	21.339124136600223
28	20.6895711116168	28.82628383469465	28.510911480687778	21.973233573000776
29	21.932984642832054	27.89343703150935	28.371264946933927	21.802313378724662
30	20.89239167957423	29.55435943505208	28.036839128352792	21.516409757020895
31	21.013172939352398	28.78902131051227	28.737121887851924	21.46068386228341
32	21.127888833418254	29.265677459422086	28.1322644370903	21.47416927006936
33	20.90314715203506	27.94537325162254	29.347398983143574	21.804080613198824
34	21.130916831834227	29.130972076512585	28.79695757197912	20.941153519674067
35	20.951290351181164	27.649301440702434	29.214422418331452	22.184985789784946
36	21.393701748056234	28.427492489962443	28.07725764749479	22.10154811448653
37	21.065348435354235	28.538823560957642	28.067104316148793	22.328723687539327
38	21.38741525294418	28.813807561357564	27.68859395387599	22.110183231822266
39	21.383254825588985	28.569767864358464	27.901108234207495	22.145869075845056
40	20.831794084169523	28.120880947195893	29.339767909145653	21.70755705948893
41	21.507920409815682	27.94905256182939	28.690694305522403	21.85233272283252
42	21.682683809919773	27.719555292216057	28.981787702168955	21.615973195695215
43	21.35452393625754	28.882255408980168	28.383880733168294	21.379339921593996
44	21.38058164141655	28.232353452969672	28.145438420216557	22.24162648539722
45	21.710695733651626	28.835349330596145	28.046957661798576	21.406997273953653
46	21.26445717511835	30.093643680502836	27.60116465557178	21.040734488807036
47	21.799198694031464	28.146756658486115	27.857166317951247	22.196878329531174
48	21.691305010656745	28.781216132287174	28.69825191438776	20.82922694266832
49	22.043406226405786	28.291252263435712	28.80470782008915	20.860633690069353
50	23.005648139231504	28.122519305496635	28.41046422551145	20.46136832976041
51	21.56786079599298	29.778916559483903	28.257512077050063	20.395710567473056
>>END_MODULE
>>Per base GC content	pass
#Base	%GC
1	44.601699660301236
2	43.19421946426289
3	42.66507121768869
4	43.602676331695406
5	43.34233203976928
6	42.229905554860636
7	42.58069508814681
8	43.22410723687246
9	43.69025911106005
10	42.836415166872484
11	44.0627898390155
12	42.53232851661636
13	41.95882310177386
14	42.3440051635906
15	42.13206391488292
16	41.77340714180148
17	43.64207007151262
18	42.358401977073015
19	43.19356895554374
20	43.47188183589793
21	43.45718775007399
22	42.16350494476755
23	42.15801504361307
24	42.170104184975635
25	42.5232492287437
26	43.20979815758255
27	43.41240440813004
28	42.662804684617576
29	43.735298021556716
30	42.40880143659513
31	42.47385680163581
32	42.602058103487614
33	42.70722776523389
34	42.072070351508295
35	43.13627614096611
36	43.49524986254277
37	43.39407212289356
38	43.49759848476645
39	43.52912390143404
40	42.53935114365846
41	43.360253132648204
42	43.298657005614984
43	42.73386385785153
44	43.622208126813774
45	43.117693007605276
46	42.305191663925385
47	43.996077023562634
48	42.52053195332506
49	42.904039916475135
50	43.467016468991915
51	41.96357136346604
>>END_MODULE
>>Per sequence GC content	warn
#GC Content	Count
0	6916.0
1	6172.5
2	4407.0
3	3718.0
4	4105.5
5	4677.5
6	5277.0
7	6013.0
8	6793.0
9	8435.0
10	10149.5
11	12668.5
12	15205.0
13	19324.0
14	23773.5
15	30930.5
16	38345.0
17	49144.5
18	60366.5
19	75663.5
20	91306.5
21	108586.0
22	126197.5
23	147164.0
24	169164.5
25	193257.0
26	240020.5
27	272976.5
28	315662.0
29	360500.5
30	410865.0
31	462402.0
32	517229.0
33	572543.0
34	615243.5
35	652816.0
36	660048.0
37	662334.5
38	650731.0
39	639165.5
40	626030.5
41	611186.5
42	603537.5
43	594883.0
44	577920.0
45	560451.5
46	544958.5
47	528838.0
48	513367.0
49	498160.5
50	481941.5
51	464841.5
52	447413.0
53	428969.5
54	409662.5
55	389756.0
56	369596.5
57	348531.5
58	325534.5
59	300996.0
60	276068.5
61	250189.5
62	225846.0
63	203215.5
64	179185.5
65	156502.0
66	138338.5
67	121026.0
68	102158.0
69	82426.0
70	68164.5
71	56226.0
72	46966.0
73	38244.0
74	31171.5
75	23540.0
76	19731.0
77	16532.0
78	13483.5
79	11018.0
80	8797.0
81	7138.5
82	5673.5
83	4709.5
84	3779.0
85	3015.0
86	2335.0
87	1886.5
88	1467.0
89	1201.0
90	967.5
91	786.0
92	624.5
93	501.0
94	372.5
95	313.0
96	274.0
97	257.5
98	254.0
99	361.0
100	456.0
>>END_MODULE
>>Per base N content	pass
#Base	N-Count
1	3.0203686370336566E-4
2	1.4581089971886618E-4
3	0.0
4	0.0013122980974697954
5	0.00101026123376643
6	3.1245192796899895E-4
7	0.0034890465289871544
8	8.123750127193972E-4
9	0.005582474446379448
10	0.001083166683625863
11	0.002520445552283258
12	0.001291467968938529
13	0.001780975989423294
14	0.004228516091847119
15	2.0830128531266595E-4
16	0.0023954647810956586
17	0.005353343032535515
18	0.002218408688579892
19	0.0018226362464858273
20	5.207532132816649E-4
21	0.010706247084739006
22	0.010863567911467044
23	0.006705625653209139
24	0.001175959935045013
25	0.001683592736391678
26	0.0028792217115675843
27	0.014779695320492617
28	0.002639073894916953
29	0.00458008582932071
30	0.004678584445784904
31	0.006028735261131889
32	0.009938692100283655
33	0.013594387152873939
34	0.005621261618263037
35	0.0013856567422971828
36	0.0028680236546769155
37	8.392928576177816E-4
38	0.0029094507821008403
39	2.744314822527356E-4
40	0.00758178854391751
41	0.008442501255310311
42	0.005013327558928553
43	4.467322097273705E-5
44	0.002054394760148289
45	0.0016150908669322118
46	9.105977413988922E-5
47	0.0
48	0.001079602791591816
49	0.004340863258895521
50	0.0014025442152063843
51	5.4254463198202944E-5
>>END_MODULE
>>Sequence Length Distribution	warn
#Length	Count
20	18287.0
21	19113.0
22	19852.0
23	20091.0
24	20648.0
25	21757.0
26	22806.0
27	23795.0
28	24824.0
29	27124.0
30	27984.0
31	28013.0
32	29228.0
33	29573.0
34	30885.0
35	32552.0
36	30555.0
37	31771.0
38	32877.0
39	35366.0
40	36770.0
41	41585.0
42	42111.0
43	46177.0
44	53742.0
45	68553.0
46	108353.0
47	248059.0
48	504335.0
49	1008688.0
50	1386504.0
51	5529499.0
>>END_MODULE
>>Sequence Duplication Levels	warn
#Total Duplicate Percentage	24.952437057568055
#Duplication Level	Relative count
1	100.0
2	15.77477657171903
3	4.816013486124605
4	2.080826668554038
5	1.1176239713291167
6	0.6640114786480418
7	0.4870704354036508
8	0.3545255084642161
9	0.2586556341245279
10++	3.130891332462569
>>END_MODULE
>>Overrepresented sequences	warn
#Sequence	Count	Percentage	Possible Source
CAAGAAAACTGAAAATCATGGAAAATGAGAAACATCCACTTGACGACTTGA	13395	0.13950978583815804	No Hit
>>END_MODULE
>>Kmer Content	warn
#Sequence	Count	Obs/Exp Overall	Obs/Exp Max	Max Obs/Exp Position
TTTTT	3586110	4.367564	6.697065	13
AAAAA	3534255	4.366679	5.5402746	13
GAAAA	2101415	3.474214	9.28016	4
TTTTC	2155800	3.46185	6.947675	4
AGAAA	2004495	3.3139787	8.496156	28
GCAGC	853695	3.2644637	3.5456786	37
GCTGC	829760	3.163837	3.5297403	43
TTTCT	1908575	3.0648487	4.99111	21
CAGCA	1064830	3.0429728	3.3333273	14
CCAGG	781360	2.9878602	6.4301057	35
AAGAA	1691550	2.7965949	6.1216044	2
GGAAA	1155265	2.5557458	9.294115	20
GAGAA	1122930	2.4842124	9.572448	27
TCCAG	848365	2.4174247	5.1638412	34
TTTCC	1114270	2.359252	5.2746544	22
AAAAT	1901750	2.3429298	6.2170877	22
TTTCA	1430510	2.3037655	5.0343957	14
ATTTT	1865730	2.2788305	5.386425	2
GGTGG	569860	2.2508123	5.9432282	18
GAGGA	758720	2.2459955	5.658162	2
TGGAA	1015005	2.2390134	6.7323756	19
TCCTC	794545	2.2181273	5.954533	24
CCACC	596365	2.2014647	6.9300923	8
TTCCT	1026925	2.1743157	5.214324	23
TTCCA	1008755	2.1419885	5.0170145	6
TGAAA	1282195	2.1137385	7.2133746	10
TTCAG	969345	2.094906	5.9119077	15
CTGAA	952975	2.0654526	8.661604	9
AAATG	1247105	2.0558915	7.40527	23
TCCAC	731930	2.0492032	6.692645	35
AAACA	1258840	2.0448453	5.152413	30
CATTT	1233105	1.9858545	7.3844852	1
AAAAC	1195900	1.9426064	6.9458933	5
GTGGA	618445	1.8254961	6.8999553	47
TGAGA	819370	1.8074595	8.783388	26
CCACT	606475	1.6979638	6.827901	36
CACCT	592040	1.6575497	5.3057475	9
CATGG	570945	1.6558435	7.364821	17
CAAGA	727600	1.5815175	6.461586	1
AATGA	937950	1.5462399	6.817853	24
CATCC	540805	1.5141058	6.259642	33
AGTGG	512935	1.5140566	6.2465634	46
ATGAG	682235	1.5049514	8.473209	25
CTTGA	695000	1.5020036	7.4592977	47
ATGGA	680820	1.5018301	6.0175705	18
TCAGT	682705	1.4754323	5.1514735	16
AACTG	676835	1.4669541	7.833676	7
ACTGA	676745	1.4667591	7.8502274	8
CACTT	684650	1.4537846	7.462209	37
GAAAC	660185	1.4349836	5.4200244	29
AAACT	852280	1.3804628	6.2879896	6
AAATC	851865	1.3797907	6.55439	13
ACTTG	632535	1.3670071	6.319815	46
AAGTG	598110	1.3193789	5.326976	47
ATCCA	593650	1.2641815	5.077711	34
TCATG	575210	1.2431188	5.49646	16
AATCA	754555	1.2221749	6.348189	14
GACTT	503450	1.0880342	5.5036664	45
CGCCA	284640	1.069425	5.4357715	28
CTCGC	249630	0.935198	5.271096	26
CCTCG	243840	0.91350675	5.7182603	25
TCGCC	243555	0.912439	5.2934036	27
CGTCC	193105	0.72343636	5.1985316	40
GACGA	248135	0.72170657	5.7531867	42
TGACG	245935	0.7132559	5.685752	41
CGACT	173380	0.49404815	5.60793	44
ACGAC	170895	0.48836794	5.6448507	43
>>END_MODULE
