##FastQC	0.10.1
>>Basic Statistics	pass
#Measure	Value	
Filename	001-F0_S3_L001_R1_001_trimmed.fq.gz	
File type	Conventional base calls	
Encoding	Sanger / Illumina 1.9	
Total Sequences	21645392	
Filtered Sequences	0	
Sequence length	20-51	
%GC	45	
>>END_MODULE
>>Per base sequence quality	pass
#Base	Mean	Median	Lower Quartile	Upper Quartile	10th Percentile	90th Percentile
1	35.151990409783295	36.0	36.0	36.0	36.0	36.0
2	35.13906858328091	36.0	36.0	36.0	36.0	36.0
3	35.12514063039376	36.0	36.0	36.0	36.0	36.0
4	35.111091265984	36.0	36.0	36.0	36.0	36.0
5	35.089284407508075	36.0	36.0	36.0	36.0	36.0
6	35.04561936323445	36.0	36.0	36.0	36.0	36.0
7	35.02622003796466	36.0	36.0	36.0	36.0	36.0
8	35.018989769277454	36.0	36.0	36.0	36.0	36.0
9	34.998087075530904	36.0	36.0	36.0	36.0	36.0
10	34.97530125580539	36.0	36.0	36.0	36.0	36.0
11	34.96580648666469	36.0	36.0	36.0	36.0	36.0
12	34.941027171048695	36.0	36.0	36.0	36.0	36.0
13	34.935836320266226	36.0	36.0	36.0	36.0	36.0
14	34.922444047213375	36.0	36.0	36.0	36.0	36.0
15	34.90406664845802	36.0	36.0	36.0	36.0	36.0
16	34.89147676327599	36.0	36.0	36.0	36.0	36.0
17	34.88143554988517	36.0	36.0	36.0	36.0	36.0
18	34.866432079400546	36.0	36.0	36.0	36.0	36.0
19	34.84765916921255	36.0	36.0	36.0	36.0	36.0
20	34.844124560091124	36.0	36.0	36.0	36.0	36.0
21	34.829324168256385	36.0	36.0	36.0	36.0	36.0
22	34.81155219016199	36.0	36.0	36.0	36.0	36.0
23	34.8005521058977	36.0	36.0	36.0	36.0	36.0
24	34.78059277276364	36.0	36.0	36.0	36.0	36.0
25	34.76228529920046	36.0	36.0	36.0	36.0	36.0
26	34.74236928468371	36.0	36.0	36.0	36.0	36.0
27	34.724798123637214	36.0	36.0	36.0	36.0	36.0
28	34.71071503592373	36.0	36.0	36.0	32.0	36.0
29	34.689784982341834	36.0	36.0	36.0	32.0	36.0
30	34.67468808772708	36.0	36.0	36.0	32.0	36.0
31	34.64021879942926	36.0	36.0	36.0	32.0	36.0
32	34.62905929333997	36.0	36.0	36.0	32.0	36.0
33	34.59085248374956	36.0	36.0	36.0	32.0	36.0
34	34.56607150577064	36.0	36.0	36.0	32.0	36.0
35	34.53616694653573	36.0	36.0	36.0	32.0	36.0
36	34.50525422767597	36.0	36.0	36.0	32.0	36.0
37	34.490968435017066	36.0	36.0	36.0	32.0	36.0
38	34.45569578083671	36.0	36.0	36.0	32.0	36.0
39	34.43218604237561	36.0	36.0	36.0	32.0	36.0
40	34.415202568489185	36.0	36.0	36.0	32.0	36.0
41	34.389307172633615	36.0	36.0	36.0	32.0	36.0
42	34.36195951899457	36.0	36.0	36.0	32.0	36.0
43	34.336276493185345	36.0	36.0	36.0	32.0	36.0
44	34.30130065367153	36.0	36.0	36.0	32.0	36.0
45	34.282121749987674	36.0	36.0	36.0	32.0	36.0
46	34.2616166169062	36.0	36.0	36.0	32.0	36.0
47	34.26498045549944	36.0	36.0	36.0	32.0	36.0
48	34.27814260943656	36.0	36.0	36.0	32.0	36.0
49	34.31905283094012	36.0	36.0	36.0	32.0	36.0
50	34.40757844832974	36.0	36.0	36.0	32.0	36.0
51	34.52222796649745	36.0	36.0	36.0	32.0	36.0
>>END_MODULE
>>Per sequence quality scores	pass
#Quality	Count
12	2.0
13	0.0
14	19.0
15	112.0
16	352.0
17	927.0
18	2081.0
19	4654.0
20	9339.0
21	17391.0
22	28748.0
23	45375.0
24	68516.0
25	101055.0
26	144971.0
27	197502.0
28	263110.0
29	339192.0
30	433946.0
31	561842.0
32	755897.0
33	1134682.0
34	2285225.0
35	1.0368358E7
36	4882096.0
>>END_MODULE
>>Per base sequence content	pass
#Base	G	A	T	C
1	22.46719096564851	26.883073245131712	27.385881534277456	23.263854254942324
2	22.40985906454792	27.05702055674999	27.619757065956907	22.913363312745183
3	22.31756242257555	27.05157989538049	27.583483042549574	23.047374639494386
4	22.62677894069624	26.73941240239489	27.803137454375104	22.830671202533765
5	22.697291811512546	26.848663854363934	27.414744922103274	23.039299412020245
6	22.20016262491395	27.24049545158444	27.622834940332364	22.936506983169245
7	22.288393280995354	27.200007392152536	27.50205074481712	23.00954858203499
8	22.28608739895947	27.099562423541467	27.48376372950251	23.130586447996556
9	22.278292137007593	27.154041556973198	27.550615156636777	23.017051149382432
10	22.326830044481145	27.143536835779038	27.599298066902637	22.93033505283718
11	22.877530839990477	27.032282455674856	27.25429222506569	22.83589447926898
12	22.17377632713195	27.313696267276942	27.64266962405725	22.86985778153386
13	22.33023900816012	27.09068383403595	27.75562001450326	22.82345714330067
14	22.345055405454232	26.883937449714463	27.89750256631222	22.873504578519082
15	22.28618256514614	27.193283655711113	27.67367471854469	22.846859060598057
16	22.42091117088414	27.4619686248895	27.55760731929425	22.559512884932115
17	22.572004644359456	27.08915200888322	27.230641498337743	23.108201848419576
18	22.449259731708622	27.515656167402376	27.29002014303742	22.74506395785158
19	22.68491134000897	27.13095765358825	27.480570213043205	22.703560793359575
20	22.734860472369903	26.87523409687821	27.56233716594228	22.827568264809603
21	22.72937928876434	27.00371894893603	27.53491792090706	22.73198384139257
22	22.49121102004052	27.273291087464308	27.53354103862502	22.70195685387015
23	22.514652285780834	27.06041253725045	27.47610826931718	22.948826907651537
24	22.38090743480975	27.362565631535162	27.48312067891556	22.773406254739527
25	22.510688645059794	27.293488437848524	27.290370784318522	22.905452132773163
26	22.62178960459163	27.19404648908418	27.26205764656991	22.922106259754287
27	22.662134652322045	27.257335462641898	27.361698562641074	22.718831322394987
28	22.369265974185037	27.28026620948941	27.33269367616756	23.017774140157993
29	22.72277724521163	27.013872804343453	27.376378172672123	22.886971777772793
30	22.475235262022046	27.42666218434672	27.27658894814839	22.821513605482842
31	22.574575589860522	27.26886162186891	27.33054180030065	22.826020987969915
32	22.56281888949732	27.354908277133532	27.19408486124418	22.88818797212497
33	22.456908853740693	27.06410263487504	27.576227193484783	22.902761317899483
34	22.64750661179267	27.438222255248903	27.334518921870497	22.579752211087932
35	22.591478494017032	27.018216325792554	27.38608702974666	23.00421815044375
36	22.740101761768585	27.346045598468184	27.095799033875963	22.818053605887272
37	22.512074899858753	27.230934332334517	27.25719911206319	22.99979165574354
38	22.570553570724012	27.140104475477333	27.22327218707864	23.066069766720016
39	22.519320707657613	27.23620091377434	27.274019949093507	22.970458429474537
40	22.5233653500873	27.177898519126213	27.46333299931355	22.835403131472933
41	22.775672095429204	27.12067127063664	27.269445363671235	22.834211270262923
42	22.693644776029416	27.202681760312448	27.327999833569034	22.775673630089102
43	22.6795690917512	27.37115111178554	27.227181987928383	22.722097808534876
44	22.689316966492	27.109762288893048	27.167670112914127	23.033250631700827
45	22.59515866528065	27.284380561467685	27.314254175315554	22.80620659793611
46	22.611599418196374	27.528379257990405	27.042893112117998	22.817128211695227
47	22.674344135200226	27.200966379644598	27.168216566927168	22.956472918228013
48	22.646796387287075	27.563495719977343	27.35061693049468	22.439090962240897
49	22.901812595020125	27.477692292127887	27.322590143094466	22.297904969757525
50	23.049554173085347	27.64258090917238	27.404463849381017	21.90340106836125
51	22.46056213142891	28.243946713066208	27.544009259380196	21.75148189612468
>>END_MODULE
>>Per base GC content	pass
#Base	%GC
1	45.73104522059083
2	45.323222377293106
3	45.364937062069934
4	45.457450143230005
5	45.73659122353279
6	45.136669608083196
7	45.297941863030346
8	45.41667384695602
9	45.29534328639003
10	45.25716509731833
11	45.71342531925946
12	45.043634108665806
13	45.153696151460785
14	45.218559983973314
15	45.133041625744205
16	44.98042405581625
17	45.68020649277903
18	45.1943236895602
19	45.388472133368545
20	45.5624287371795
21	45.46136313015691
22	45.193167873910674
23	45.46347919343237
24	45.15431368954928
25	45.41614077783296
26	45.54389586434591
27	45.38096597471703
28	45.38704011434303
29	45.609749022984424
30	45.29674886750489
31	45.400596577830434
32	45.45100686162229
33	45.35967017164017
34	45.2272588228806
35	45.59569664446079
36	45.55815536765586
37	45.511866555602296
38	45.636623337444036
39	45.48977913713215
40	45.35876848156023
41	45.60988336569213
42	45.46931840611852
43	45.401666900286074
44	45.722567598192825
45	45.40136526321676
46	45.428727629891604
47	45.63081705342824
48	45.08588734952797
49	45.19971756477765
50	44.9529552414466
51	44.212044027553596
>>END_MODULE
>>Per sequence GC content	pass
#GC Content	Count
0	7774.0
1	7290.5
2	5525.0
3	4489.5
4	4845.0
5	5626.5
6	6511.0
7	7923.5
8	9396.0
9	11662.0
10	14121.0
11	18307.0
12	22672.0
13	30075.0
14	37965.0
15	50284.5
16	63235.0
17	81815.5
18	101418.0
19	128333.0
20	156564.5
21	191854.5
22	227648.5
23	270984.5
24	315993.5
25	362670.5
26	449262.0
27	510020.0
28	579922.0
29	651807.0
30	728369.5
31	808135.5
32	893936.0
33	981043.5
34	1063489.0
35	1142923.5
36	1203139.5
37	1257783.0
38	1293840.5
39	1330330.5
40	1353131.5
41	1371434.0
42	1379630.5
43	1382458.0
44	1372199.0
45	1359512.0
46	1343505.5
47	1322366.0
48	1294649.0
49	1267569.5
50	1239962.0
51	1211750.5
52	1181895.5
53	1149851.5
54	1116056.5
55	1080464.0
56	1042648.0
57	1000079.5
58	947381.5
59	890000.5
60	827263.0
61	759454.5
62	692257.5
63	627290.0
64	557162.5
65	491089.0
66	430890.0
67	372346.5
68	318968.5
69	266266.5
70	224446.0
71	187241.0
72	156816.0
73	128038.0
74	103562.5
75	77274.5
76	64474.5
77	53344.5
78	42511.0
79	33915.5
80	26279.0
81	21195.5
82	16907.0
83	13714.0
84	10792.5
85	8608.0
86	6682.0
87	5476.5
88	4320.5
89	3433.0
90	2678.5
91	2252.0
92	1895.0
93	1628.0
94	1357.0
95	1173.5
96	1016.5
97	917.5
98	821.0
99	1061.0
100	1329.0
>>END_MODULE
>>Per base N content	pass
#Base	N-Count
1	0.0016770313053235532
2	4.296526484713236E-4
3	4.527522532278464E-4
4	6.32929170328724E-4
5	0.0011965595263878797
6	0.002273001108041841
7	0.003774475417215821
8	0.0022591413451879274
9	0.004555242057986291
10	0.005377587987318502
11	0.003922312887657567
12	0.0050172341531167465
13	0.0028089119383931695
14	0.006902161901249005
15	0.017819035109181668
16	0.016280601432397252
17	0.01291267905889623
18	0.007784566802948175
19	0.01851202325187735
20	0.004809337710308041
21	0.007896454130637935
22	0.011356576273494992
23	0.005685130250344873
24	0.009217900451447844
25	0.007108120379633724
26	0.003999664951506065
27	0.0019194801707297239
28	0.0011198066416586007
29	5.858272666871468E-4
30	0.0016258506426652857
31	0.001550863199413495
32	0.0018610907872389922
33	0.003268464244526448
34	0.005743134632059831
35	0.004425154807154098
36	0.00333108056132485
37	0.001591630173740477
38	0.00807354679375251
39	0.0035410572910742626
40	8.296282850468848E-4
41	0.0015069064536584072
42	0.0017319427297538168
43	0.003609505335315938
44	0.001960861410502762
45	0.0018555014616057426
46	5.651063716832145E-4
47	0.001371783640392122
48	0.001655666347077825
49	0.003994261519476385
50	0.0021035350481405156
51	0.0020412984076401994
>>END_MODULE
>>Sequence Length Distribution	warn
#Length	Count
20	66086.0
21	67541.0
22	69864.0
23	70440.0
24	71878.0
25	72805.0
26	75218.0
27	76493.0
28	79117.0
29	83820.0
30	85019.0
31	86586.0
32	88624.0
33	88218.0
34	89823.0
35	90084.0
36	90117.0
37	91881.0
38	94789.0
39	98028.0
40	100625.0
41	103986.0
42	106360.0
43	114760.0
44	127573.0
45	167253.0
46	262080.0
47	604738.0
48	1221911.0
49	2415039.0
50	3223367.0
51	1.1561269E7
>>END_MODULE
>>Sequence Duplication Levels	warn
#Total Duplicate Percentage	32.220696038321975
#Duplication Level	Relative count
1	100.0
2	21.242936211630372
3	8.404637041126138
4	4.355215944913346
5	2.495024478114967
6	1.5834507604921773
7	1.0858985719889014
8	0.7692084198904658
9	0.5941572119644959
10++	4.740183331638509
>>END_MODULE
>>Overrepresented sequences	pass
>>END_MODULE
>>Kmer Content	warn
#Sequence	Count	Obs/Exp Overall	Obs/Exp Max	Max Obs/Exp Position
AAAAA	5657025	3.9505334	4.9384894	47
TTTTT	5441865	3.6570826	4.3870273	13
>>END_MODULE
