##FastQC	0.10.1
>>Basic Statistics	pass
#Measure	Value	
Filename	008-F5_S2_L001_R2_001_trimmed.fq.gz	
File type	Conventional base calls	
Encoding	Sanger / Illumina 1.9	
Total Sequences	12834270	
Filtered Sequences	0	
Sequence length	20-50	
%GC	45	
>>END_MODULE
>>Per base sequence quality	pass
#Base	Mean	Median	Lower Quartile	Upper Quartile	10th Percentile	90th Percentile
1	35.097336194423214	36.0	36.0	36.0	36.0	36.0
2	35.090655253473706	36.0	36.0	36.0	36.0	36.0
3	35.07656952830196	36.0	36.0	36.0	36.0	36.0
4	35.06793350926854	36.0	36.0	36.0	36.0	36.0
5	35.05348687537351	36.0	36.0	36.0	36.0	36.0
6	35.03934543998217	36.0	36.0	36.0	36.0	36.0
7	35.02967874292811	36.0	36.0	36.0	36.0	36.0
8	35.02220406770311	36.0	36.0	36.0	36.0	36.0
9	35.00604428611834	36.0	36.0	36.0	36.0	36.0
10	34.99488003602854	36.0	36.0	36.0	36.0	36.0
11	34.98395553467396	36.0	36.0	36.0	36.0	36.0
12	34.969210247252086	36.0	36.0	36.0	36.0	36.0
13	34.96306131942058	36.0	36.0	36.0	36.0	36.0
14	34.95495084644472	36.0	36.0	36.0	36.0	36.0
15	34.94499406666682	36.0	36.0	36.0	36.0	36.0
16	34.92517408469668	36.0	36.0	36.0	36.0	36.0
17	34.91554673542009	36.0	36.0	36.0	36.0	36.0
18	34.89946829854756	36.0	36.0	36.0	36.0	36.0
19	34.88280946247819	36.0	36.0	36.0	36.0	36.0
20	34.88237492276538	36.0	36.0	36.0	36.0	36.0
21	34.87257868900158	36.0	36.0	36.0	36.0	36.0
22	34.865147886920674	36.0	36.0	36.0	36.0	36.0
23	34.85625461451808	36.0	36.0	36.0	36.0	36.0
24	34.84210752070525	36.0	36.0	36.0	36.0	36.0
25	34.832339265525924	36.0	36.0	36.0	36.0	36.0
26	34.8199810354619	36.0	36.0	36.0	36.0	36.0
27	34.80984304789255	36.0	36.0	36.0	36.0	36.0
28	34.79952946769514	36.0	36.0	36.0	36.0	36.0
29	34.794018288938545	36.0	36.0	36.0	36.0	36.0
30	34.772667482726554	36.0	36.0	36.0	36.0	36.0
31	34.760948638002105	36.0	36.0	36.0	36.0	36.0
32	34.74459718128049	36.0	36.0	36.0	36.0	36.0
33	34.72329280228777	36.0	36.0	36.0	36.0	36.0
34	34.7081924449036	36.0	36.0	36.0	36.0	36.0
35	34.67617796251642	36.0	36.0	36.0	36.0	36.0
36	34.67462903275356	36.0	36.0	36.0	36.0	36.0
37	34.66296733571333	36.0	36.0	36.0	32.0	36.0
38	34.648164153283815	36.0	36.0	36.0	32.0	36.0
39	34.62381465656129	36.0	36.0	36.0	32.0	36.0
40	34.61937097966973	36.0	36.0	36.0	32.0	36.0
41	34.5989064918421	36.0	36.0	36.0	32.0	36.0
42	34.58147436275616	36.0	36.0	36.0	32.0	36.0
43	34.56357010174847	36.0	36.0	36.0	32.0	36.0
44	34.54771989484346	36.0	36.0	36.0	32.0	36.0
45	34.54611962395219	36.0	36.0	36.0	32.0	36.0
46	34.5369048550839	36.0	36.0	36.0	32.0	36.0
47	34.54232793638754	36.0	36.0	36.0	32.0	36.0
48	34.57113048622907	36.0	36.0	36.0	32.0	36.0
49	34.63936134645549	36.0	36.0	36.0	32.0	36.0
50	34.75759556738057	36.0	36.0	36.0	32.0	36.0
>>END_MODULE
>>Per sequence quality scores	pass
#Quality	Count
2	2.0
3	0.0
4	0.0
5	2.0
6	2.0
7	7.0
8	14.0
9	30.0
10	56.0
11	49.0
12	39.0
13	56.0
14	748.0
15	1402.0
16	2418.0
17	4065.0
18	6492.0
19	9974.0
20	14913.0
21	21113.0
22	29052.0
23	39636.0
24	52762.0
25	68888.0
26	89871.0
27	113664.0
28	143128.0
29	176688.0
30	217498.0
31	274376.0
32	362130.0
33	526149.0
34	1005801.0
35	5198217.0
36	4475028.0
>>END_MODULE
>>Per base sequence content	pass
#Base	G	A	T	C
1	22.582461400487063	26.59721591845433	27.4120025385625	23.408320142496105
2	22.62509895713208	26.546240252332893	27.622691259981423	23.2059695305536
3	22.566815551722218	26.668263514860275	27.489871520212468	23.27504941320504
4	22.718924652994602	26.337665741859183	27.78771951450802	23.1556900906382
5	22.794324186536162	26.43975547210905	27.39773151659139	23.3681888247634
6	22.316819022839983	26.834517546576652	27.59627114061222	23.25239228997114
7	22.39270830703578	26.850903841173047	27.55345767285559	23.20293017893559
8	22.49395482152464	26.730426494432326	27.551450250627894	23.22416843341514
9	22.315829059892998	26.86582737669987	27.683454024514774	23.13488953889236
10	22.379537486784624	26.928548764736394	27.57635931359837	23.115554434880615
11	22.844480565525217	26.87086332673076	27.32197597203543	22.962680135708595
12	22.221007505752976	27.05401455394832	27.697197833520708	23.027780106777993
13	22.37785782537657	26.87923010517656	27.80140774097803	22.94150432846884
14	22.42507083329502	26.623368527778606	27.919694578021193	23.03186606090518
15	22.281000125297737	26.937533155589243	27.838889862041583	22.942576857071437
16	22.394452536612093	27.227716870287733	27.71987806502051	22.657952528079665
17	22.49285563226466	26.942802823866185	27.44982422915089	23.114517314718263
18	22.40013522916012	27.355280171876323	27.444030153172427	22.800554445791125
19	22.501916760650733	27.133904560086386	27.684475988145735	22.67970269111715
20	22.629370315497976	26.836656746777738	27.59308886265646	22.940884075067828
21	22.55077172903362	27.05948031109966	27.67991882512279	22.709829134743934
22	22.389419859808072	27.205435997682326	27.693130673471416	22.712013469038187
23	22.50033596611556	26.968002048358663	27.589646730751017	22.94201525477476
24	22.37202479864212	27.331159332690003	27.640575819737624	22.65624004893025
25	22.43414493342527	27.228099579822306	27.524473870725036	22.813281616027393
26	22.54326818321842	27.240946584252274	27.410719652477066	22.805065580052243
27	22.447423228615087	27.33389694731896	27.549317921060307	22.669361903005647
28	22.298676951969107	27.296976031370342	27.524973106006485	22.87937391065407
29	22.560346470948	27.111976388567445	27.567392873452857	22.760284267031697
30	22.439607474610387	27.364630304304523	27.52408264620334	22.67167957488175
31	22.48997184368229	27.34133802880605	27.501119920584948	22.66757020692671
32	22.553887789713595	27.31239839541847	27.37892648225042	22.754787332617514
33	22.369118983774403	27.189275929167167	27.64314410014752	22.79846098691091
34	22.5274591646097	27.484345709895408	27.43765525976251	22.550539865732382
35	22.506662879489973	27.169120740296044	27.47266685349509	22.85154952671889
36	22.59936927801448	27.435147333431413	27.325041005797747	22.64044238275636
37	22.45368062721384	27.373867607452528	27.42288802004087	22.749563745292757
38	22.45545329348205	27.264314589546856	27.39520767808673	22.885024438884358
39	22.364863794984434	27.354126356681235	27.494271231136874	22.786738617197454
40	22.42695764698211	27.369196647114197	27.577550291413704	22.626295414489988
41	22.659590400314382	27.317809371327062	27.39541453786946	22.627185690489092
42	22.591886081976888	27.45331363737817	27.385834283066483	22.56896599757846
43	22.57215838248116	27.533287941415534	27.303928744319588	22.590624931783715
44	22.594434889117366	27.254451735229235	27.272342979172322	22.878770396481077
45	22.452161517528644	27.425683035070247	27.442683925755006	22.6794715216461
46	22.498086586490746	27.598453171734928	27.248398904162297	22.65506133761203
47	22.603520047169315	27.447983049873493	27.290163055700667	22.65833384725653
48	22.53902817944808	27.834841424780855	27.460765490748262	22.165364905022802
49	22.765455482655653	28.08731186153763	27.487118144441215	21.660114511365503
50	22.700191011246233	27.853665809901667	27.540196714010673	21.905946464841424
>>END_MODULE
>>Per base GC content	pass
#Base	%GC
1	45.990781542983164
2	45.831068487685684
3	45.84186496492726
4	45.8746147436328
5	46.16251301129956
6	45.56921131281113
7	45.595638485971364
8	45.71812325493978
9	45.45071859878536
10	45.495091921665235
11	45.80716070123381
12	45.248787612530975
13	45.31936215384541
14	45.4569368942002
15	45.223576982369174
16	45.05240506469176
17	45.60737294698292
18	45.20068967495124
19	45.18161945176788
20	45.5702543905658
21	45.26060086377755
22	45.101433328846255
23	45.44235122089032
24	45.028264847572366
25	45.24742654945266
26	45.34833376327067
27	45.11678513162074
28	45.178050862623174
29	45.3206307379797
30	45.11128704949214
31	45.15754205060901
32	45.30867512233111
33	45.16757997068531
34	45.07799903034208
35	45.35821240620886
36	45.23981166077084
37	45.2032443725066
38	45.340477732366416
39	45.15160241218189
40	45.0532530614721
41	45.28677609080348
42	45.16085207955535
43	45.16278331426488
44	45.473205285598446
45	45.131633039174744
46	45.153147924102775
47	45.26185389442585
48	44.70439308447089
49	44.42556999402115
50	44.60613747608766
>>END_MODULE
>>Per sequence GC content	warn
#GC Content	Count
0	4142.0
1	3348.0
2	2334.5
3	2372.0
4	2681.0
5	3118.0
6	3598.0
7	4117.5
8	4666.0
9	5819.5
10	7066.0
11	9280.0
12	11596.0
13	15628.5
14	20352.0
15	27875.5
16	35976.0
17	48371.0
18	61741.0
19	78947.0
20	96530.0
21	118579.0
22	141502.0
23	169245.0
24	198353.5
25	225819.5
26	257565.5
27	295732.0
28	335987.5
29	378950.0
30	422741.5
31	469584.5
32	519725.5
33	571257.5
34	622015.5
35	665301.5
36	705902.5
37	736548.0
38	760818.0
39	778166.5
40	794668.0
41	804574.0
42	812455.5
43	810854.0
44	804927.0
45	789592.5
46	774658.5
47	758086.0
48	739884.0
49	720984.5
50	703006.0
51	686400.5
52	667565.0
53	646895.0
54	627452.5
55	608214.0
56	585552.5
57	557328.5
58	528571.0
59	494502.5
60	459207.5
61	421676.0
62	383117.0
63	349784.5
64	311582.5
65	276483.5
66	242901.0
67	211134.5
68	179442.5
69	152566.0
70	129517.5
71	109012.0
72	90457.5
73	74684.0
74	60206.0
75	49840.0
76	42005.5
77	34524.0
78	27582.5
79	22324.5
80	17765.5
81	14227.0
82	11235.0
83	9179.0
84	7221.5
85	5591.0
86	4242.0
87	3328.5
88	2653.5
89	2097.0
90	1577.5
91	1273.0
92	1050.5
93	937.5
94	851.5
95	818.5
96	781.0
97	764.5
98	1153.5
99	3927.5
100	6301.0
>>END_MODULE
>>Per base N content	pass
#Base	N-Count
1	0.0018310351893796842
2	0.0033504048146096354
3	0.00511131525205563
4	0.004737316575075949
5	0.0018154519111721974
6	0.006661851433700553
7	0.0029452395812149816
8	0.00702805847157649
9	0.011827708159482385
10	0.005719063102147609
11	0.0069345588023315705
12	0.007121558140821409
13	0.0040282774166353055
14	0.004799649687905895
15	0.006529393568936916
16	0.006802100937567933
17	0.008446136788457776
18	0.02117767508397439
19	0.011071919166419282
20	0.008796760548126227
21	0.020613869173346424
22	0.02542551261000884
23	0.018799635468197972
24	0.017040164785659572
25	0.016889027128703535
26	0.011980980369738846
27	0.01492111430098339
28	0.026835817247065366
29	0.005587523812700238
30	0.005499408774275274
31	0.007692348229300878
32	0.013466048194435247
33	0.016108967585492844
34	0.01180348111897001
35	0.016405419907988918
36	0.009928775682195568
37	0.015034578340739213
38	0.021682384674731665
39	0.011400937311393251
40	0.011039443733190752
41	0.005207485968740548
42	0.009005509210314502
43	0.00525639026587143
44	0.009967215268743255
45	0.00918773241016725
46	0.010632352629662972
47	0.006587318226192524
48	0.01413607841146357
49	0.007113223150507623
50	0.008532510170412391
>>END_MODULE
>>Sequence Length Distribution	warn
#Length	Count
20	7954.0
21	8482.0
22	9075.0
23	9587.0
24	9803.0
25	10782.0
26	11444.0
27	11802.0
28	12666.0
29	14034.0
30	14708.0
31	15330.0
32	16226.0
33	16622.0
34	17496.0
35	18303.0
36	19027.0
37	20063.0
38	21724.0
39	23220.0
40	25485.0
41	28084.0
42	31330.0
43	40302.0
44	67292.0
45	126596.0
46	340357.0
47	737698.0
48	1490709.0
49	2004987.0
50	7653082.0
>>END_MODULE
>>Sequence Duplication Levels	warn
#Total Duplicate Percentage	33.88034857534515
#Duplication Level	Relative count
1	100.0
2	23.242210638549935
3	9.23468783319512
4	4.521827982466532
5	2.5678237175690084
6	1.6437625873711645
7	1.0899182561307903
8	0.7878213481814951
9	0.5568060656320342
10++	4.441861153891719
>>END_MODULE
>>Overrepresented sequences	pass
>>END_MODULE
>>Kmer Content	warn
#Sequence	Count	Obs/Exp Overall	Obs/Exp Max	Max Obs/Exp Position
AAAAA	3638105	4.300928	5.4073067	46
TTTTT	3024015	3.3313065	3.8392277	13
>>END_MODULE
