##FastQC	0.10.1
>>Basic Statistics	pass
#Measure	Value	
Filename	004-F0_S5_L004_R2_001.fastq.gz	
File type	Conventional base calls	
Encoding	Sanger / Illumina 1.9	
Total Sequences	15671906	
Filtered Sequences	0	
Sequence length	35-75	
%GC	45	
>>END_MODULE
>>Per base sequence quality	pass
#Base	Mean	Median	Lower Quartile	Upper Quartile	10th Percentile	90th Percentile
1	31.285382071587208	32.0	32.0	32.0	32.0	32.0
2	30.98593221526469	32.0	32.0	32.0	32.0	32.0
3	31.042888848363436	32.0	32.0	32.0	32.0	32.0
4	31.09983227311343	32.0	32.0	32.0	32.0	32.0
5	31.06062344937495	32.0	32.0	32.0	32.0	32.0
6	34.70025349820245	36.0	36.0	36.0	32.0	36.0
7	34.6814973239375	36.0	36.0	36.0	32.0	36.0
8	34.5955346465197	36.0	36.0	36.0	32.0	36.0
9	34.74765558190561	36.0	36.0	36.0	32.0	36.0
10	34.54375032622069	36.0	36.0	36.0	32.0	36.0
11	34.716907439337625	36.0	36.0	36.0	32.0	36.0
12	34.59483339167552	36.0	36.0	36.0	32.0	36.0
13	34.646032588505825	36.0	36.0	36.0	32.0	36.0
14	34.59711020471919	36.0	36.0	36.0	32.0	36.0
15	34.53758904628448	36.0	36.0	36.0	32.0	36.0
16	34.54471593946518	36.0	36.0	36.0	32.0	36.0
17	34.5244676684508	36.0	36.0	36.0	32.0	36.0
18	34.50744612684635	36.0	36.0	36.0	32.0	36.0
19	34.497367710092185	36.0	36.0	36.0	32.0	36.0
20	34.481792961239044	36.0	36.0	36.0	32.0	36.0
21	34.466154786788536	36.0	36.0	36.0	32.0	36.0
22	34.45035192273358	36.0	36.0	36.0	32.0	36.0
23	34.43112299167695	36.0	36.0	36.0	32.0	36.0
24	34.41740902478614	36.0	36.0	36.0	32.0	36.0
25	34.4032713698002	36.0	36.0	36.0	32.0	36.0
26	34.376427347126764	36.0	36.0	36.0	32.0	36.0
27	34.36418537732424	36.0	36.0	36.0	32.0	36.0
28	34.34779470984576	36.0	36.0	36.0	32.0	36.0
29	34.3347382890122	36.0	36.0	36.0	32.0	36.0
30	34.304288131896655	36.0	36.0	36.0	32.0	36.0
31	34.29098828183375	36.0	36.0	36.0	32.0	36.0
32	34.26085550793886	36.0	36.0	36.0	32.0	36.0
33	34.25069988296254	36.0	36.0	36.0	32.0	36.0
34	34.230784819663924	36.0	36.0	36.0	32.0	36.0
35	34.213559665301716	36.0	36.0	36.0	32.0	36.0
36	34.24455221854083	36.0	36.0	36.0	32.0	36.0
37	34.22602660204219	36.0	36.0	36.0	32.0	36.0
38	34.21139713172164	36.0	36.0	36.0	32.0	36.0
39	34.17616006031648	36.0	36.0	36.0	32.0	36.0
40	34.18685998378109	36.0	36.0	36.0	32.0	36.0
41	34.15090990262166	36.0	36.0	36.0	32.0	36.0
42	34.15163767450105	36.0	36.0	36.0	32.0	36.0
43	34.1255420211528	36.0	36.0	36.0	32.0	36.0
44	34.08503659484409	36.0	36.0	36.0	32.0	36.0
45	34.06611733637173	36.0	36.0	36.0	32.0	36.0
46	34.04044795213085	36.0	36.0	36.0	32.0	36.0
47	34.01995225343517	36.0	36.0	36.0	32.0	36.0
48	33.99193527996195	36.0	36.0	36.0	32.0	36.0
49	33.963434222185235	36.0	36.0	36.0	32.0	36.0
50	33.931295512303144	36.0	36.0	36.0	32.0	36.0
51	33.892226497832894	36.0	36.0	36.0	32.0	36.0
52	33.86504877973199	36.0	36.0	36.0	32.0	36.0
53	33.83871851924993	36.0	36.0	36.0	27.0	36.0
54	33.81255682012957	36.0	36.0	36.0	27.0	36.0
55	33.758452527591864	36.0	36.0	36.0	27.0	36.0
56	33.734409464289826	36.0	36.0	36.0	27.0	36.0
57	33.70869743442237	36.0	36.0	36.0	27.0	36.0
58	33.68197551834675	36.0	36.0	36.0	27.0	36.0
59	33.63887081383826	36.0	36.0	36.0	27.0	36.0
60	33.6098690623435	36.0	36.0	36.0	27.0	36.0
61	33.583951009124775	36.0	36.0	36.0	27.0	36.0
62	33.55462981673689	36.0	36.0	36.0	27.0	36.0
63	33.51343273188797	36.0	36.0	36.0	27.0	36.0
64	33.48161817174231	36.0	36.0	36.0	27.0	36.0
65	33.44925349989354	36.0	36.0	36.0	27.0	36.0
66	33.43100393360306	36.0	36.0	36.0	27.0	36.0
67	33.40762535636951	36.0	36.0	36.0	27.0	36.0
68	33.376944923160735	36.0	36.0	36.0	27.0	36.0
69	33.35581616660586	36.0	36.0	36.0	27.0	36.0
70	33.322519934160255	36.0	36.0	36.0	27.0	36.0
71	33.265600227897714	36.0	36.0	36.0	27.0	36.0
72	33.22611494913378	36.0	36.0	36.0	21.0	36.0
73	33.183361457865615	36.0	36.0	36.0	21.0	36.0
74	33.094178134599524	36.0	36.0	36.0	21.0	36.0
75	31.808461287073712	36.0	32.0	36.0	14.0	36.0
>>END_MODULE
>>Per sequence quality scores	pass
#Quality	Count
2	27467.0
3	82.0
4	795.0
5	420.0
6	201.0
7	99.0
8	57.0
9	52.0
10	65.0
11	71.0
12	76.0
13	84.0
14	1690.0
15	4494.0
16	7753.0
17	11477.0
18	16403.0
19	22117.0
20	29519.0
21	39348.0
22	53835.0
23	72501.0
24	98409.0
25	131301.0
26	174508.0
27	225802.0
28	284228.0
29	356530.0
30	446639.0
31	574475.0
32	779841.0
33	1195680.0
34	2541995.0
35	8573892.0
>>END_MODULE
>>Per base sequence content	fail
#Base	G	A	T	C
1	44.006104211947154	17.99537459739013	11.89987619478806	26.098644995874654
2	16.579432180786284	19.309645495602563	37.51205209085956	26.598870232751587
3	20.11448482818103	20.97850643265232	28.475197372260553	30.431811366906096
4	13.587396042402114	14.85422140130869	36.20838523795238	35.34999731833682
5	15.291140140275218	34.52782194995245	34.96180411086425	15.21923379890809
6	34.336888662919634	34.99694743353341	16.639597019038284	14.026566884508668
7	30.38915411240778	29.500675921519974	20.684937216134056	19.425232749938186
8	26.33034837268868	35.027027780295676	20.062244247367634	18.58037959964801
9	25.019875998826073	15.905465613611094	20.169620882222667	38.90503750534017
10	14.466671017952121	27.556665211479185	34.86804577697199	23.108617993596706
11	34.432140249327766	22.83306639036034	23.72388068384282	19.01091267646908
12	22.486522570295612	24.307940609360678	30.95957407185904	22.245962748484665
13	27.843961959997966	20.80446465930889	26.118640540776394	25.23293283991675
14	20.410133505895146	21.01494374319897	27.362222733241826	31.21270001766406
15	22.75499074389403	29.73225410106196	23.251068414248795	24.261686740795213
16	22.633075746371066	28.645370387359893	25.947813402709684	22.773740463559356
17	21.741167414583124	28.32754840891669	27.56935356106905	22.361930615431138
18	22.0860860341213	27.897515396115285	28.231170350260665	21.785228219502752
19	22.72383955621693	27.308734012738917	27.587031845250802	22.380394585793344
20	22.606865958460343	27.340476004615162	27.961094747577388	22.091563289347107
21	22.428454757797446	26.928169035876167	27.5175975677386	23.12577863858779
22	22.331927768537913	27.185429062111883	27.797333727506945	22.68530944184326
23	22.265337708577317	27.172647440545568	27.683880416789243	22.878134434087876
24	22.514106344968564	26.798679661199653	28.063535486662666	22.623678507169117
25	22.595121707964815	26.909939814110373	27.590633658834108	22.904304819090704
26	22.04606437069377	27.391083643031177	27.85655422498608	22.706297761288972
27	22.256227126847904	27.337181326294857	27.641895619562607	22.764695927294632
28	22.14963814732042	27.29856177017937	27.61487438409347	22.936925698406743
29	22.197345067735085	27.328720631522835	27.669465900635004	22.804468400107076
30	22.200246758844695	27.361646965043946	27.76789503504275	22.67021124106861
31	22.81118973847948	27.17377579028796	27.376560533678656	22.63847393755391
32	22.011832934872057	27.554426839459882	27.82107930375741	22.612660921910646
33	22.152325980929042	27.34597092157798	27.896036182366018	22.60566691512696
34	22.182969751408336	27.153620228444776	28.088908700538834	22.574501319608054
35	22.12464871266632	27.446529929191676	27.86039853668296	22.56842282145904
36	22.19398365664497	27.672299496055793	27.86753645628029	22.266180391018946
37	22.368696795328653	27.32285673289343	27.40127212600093	22.907174345776987
38	22.21686372082091	27.849689635541875	27.493860507343427	22.43958613629379
39	22.538018970770704	27.4541546978324	27.6445141714975	22.363312159899394
40	22.6316285319113	27.210175313333835	27.704739385586137	22.453456769168735
41	22.602838654513672	27.3269113728815	27.702508214693793	22.36774175791103
42	22.294679929130783	27.67906792122501	27.701644254918545	22.324607894725663
43	22.34854062077027	27.420950667770654	27.66089710481007	22.569611606649005
44	22.17713287354422	27.76298951593013	27.638049722822316	22.421827887703333
45	22.308160351439618	27.709872191723218	27.440118020844807	22.54184943599236
46	22.380679754830457	27.553148721584304	27.467128979862483	22.59904254372276
47	22.508864457120755	27.636072296717806	27.514139161998504	22.34092408416294
48	22.16206773043243	27.729826477444202	27.50137883240803	22.60672695971534
49	22.59448234972173	27.40690187343041	27.48169552158538	22.516920255262473
50	22.26224138709744	27.917877488619297	27.42440907407006	22.395472050213204
51	22.38245677734749	27.741609212601144	27.447175656148275	22.428758353903092
52	22.348021632946125	27.84235191049868	27.359736726280214	22.449889730274982
53	22.271344222197765	27.53011388365675	27.718470943080238	22.48007095106525
54	22.412692270484666	27.93605165777252	27.492864612227784	22.158391459515023
55	22.392608716216444	27.497719051080395	27.48531079450377	22.624361438199394
56	22.509735185498165	27.825967706400085	27.214567905348847	22.44972920275291
57	22.342800326861486	27.76871560100705	27.294008089603057	22.594475982528408
58	22.400975738519303	27.693372322823084	27.253006052710244	22.65264588594737
59	22.315811748332745	27.80208573609006	27.31168683549826	22.570415680078927
60	22.31518445481218	27.70344005686221	27.607044180441324	22.374331307884287
61	22.601841920450322	27.661576658396932	27.33576664827658	22.400814772876167
62	22.54268852719762	27.731842069946733	27.44975503020629	22.275714372649357
63	22.479531739906005	27.978606625943108	27.284048750532037	22.25781288361885
64	22.52318171529055	27.681904127190037	27.190084492489465	22.604829665029946
65	22.456825368281166	27.903194452170695	27.294900637890336	22.34507954165781
66	22.443980049680707	28.238390450014663	27.0373620866849	22.280267413619733
67	22.572683958886305	27.732338489069363	27.168442787885944	22.526534764158388
68	22.550824331917365	28.06523449929455	27.363681970972305	22.020259197815783
69	22.812951332596544	27.84687929153142	27.287315246429955	22.052854129442075
70	22.995366669041744	27.657370833099616	27.156985147127795	22.190277350730845
71	22.665804609835064	28.134759142105775	27.08542184829507	22.114014399764088
72	22.57987016341982	28.2328233242242	27.343872838907966	21.843433673448015
73	23.39699221211227	28.90017467790735	27.203837391400082	20.4989957185803
74	24.430326150064822	31.202648282071088	27.56661608892898	16.800409478935112
75	29.553095011172058	41.70343179878481	28.74347319004313	0.0
>>END_MODULE
>>Per base GC content	fail
#Base	%GC
1	70.10474920782181
2	43.17830241353787
3	50.54629619508712
4	48.93739336073893
5	30.510373939183307
6	48.3634555474283
7	49.81438686234597
8	44.91072797233669
9	63.924913504166234
10	37.57528901154883
11	53.44305292579684
12	44.73248531878028
13	53.07689479991472
14	51.62283352355921
15	47.01667748468925
16	45.406816209930426
17	44.103098030014266
18	43.87131425362405
19	45.10423414201028
20	44.69842924780745
21	45.554233396385236
22	45.017237210381175
23	45.143472142665196
24	45.13778485213768
25	45.49942652705552
26	44.75236213198275
27	45.020923054142536
28	45.08656384572716
29	45.00181346784216
30	44.870457999913306
31	45.44966367603339
32	44.624493856782706
33	44.757992896056
34	44.75747107101639
35	44.69307153412536
36	44.460164047663916
37	45.27587114110564
38	44.6564498571147
39	44.901331130670094
40	45.08508530108003
41	44.9705804124247
42	44.619287823856446
43	44.91815222741927
44	44.598960761247554
45	44.85000978743198
46	44.97972229855321
47	44.849788541283694
48	44.768794690147764
49	45.11140260498421
50	44.65771343731064
51	44.811215131250584
52	44.79791136322111
53	44.75141517326301
54	44.571083729999685
55	45.01697015441584
56	44.95946438825108
57	44.937276309389894
58	45.05362162446667
59	44.88622742841167
60	44.689515762696466
61	45.002656693326486
62	44.81840289984697
63	44.737344623524855
64	45.1280113803205
65	44.801904909938976
66	44.724247463300436
67	45.09921872304469
68	44.57108352973315
69	44.86580546203862
70	45.18564401977259
71	44.779819009599144
72	44.42330383686783
73	43.89598793069257
74	41.23073562899993
75	29.553095011172058
>>END_MODULE
>>Per sequence GC content	warn
#GC Content	Count
0	27541.0
1	13915.0
2	424.5
3	719.5
4	884.5
5	993.0
6	1253.5
7	1569.5
8	1734.5
9	1953.5
10	2635.0
11	3732.0
12	4400.5
13	5278.5
14	7217.5
15	9987.0
16	12195.0
17	16108.0
18	24357.5
19	34568.0
20	41612.5
21	52890.5
22	74039.5
23	98048.5
24	114450.5
25	135549.0
26	170843.0
27	206942.5
28	231738.5
29	262613.5
30	311924.5
31	361726.5
32	396446.0
33	437014.5
34	503758.0
35	568553.5
36	608054.0
37	644411.5
38	681264.0
39	699117.0
40	710608.0
41	714030.0
42	711580.0
43	709779.0
44	711086.0
45	706355.5
46	691085.0
47	673356.0
48	663823.5
49	650324.0
50	624712.5
51	598872.5
52	582548.0
53	567771.5
54	542766.0
55	516235.5
56	499188.0
57	480424.0
58	449468.5
59	413006.5
60	381161.5
61	346452.5
62	303872.5
63	264156.0
64	233549.5
65	207692.0
66	173520.0
67	139456.5
68	115482.0
69	97479.5
70	77228.5
71	58679.5
72	46412.0
73	37836.0
74	28673.0
75	20988.5
76	16075.5
77	12783.0
78	9427.0
79	6667.0
80	4995.5
81	3948.5
82	2924.5
83	2172.0
84	1819.0
85	1633.0
86	1465.5
87	1310.0
88	1239.0
89	1212.0
90	1156.5
91	1105.0
92	1091.5
93	1141.5
94	1193.5
95	1241.0
96	1286.5
97	1413.5
98	1854.5
99	7497.5
100	12827.0
>>END_MODULE
>>Per base N content	pass
#Base	N-Count
1	0.18882195949873615
2	0.18754579053753895
3	0.1769854923836322
4	0.18267720595057166
5	0.1783127081032773
6	0.1767047352121688
7	0.1791613604624734
8	0.1810373288354333
9	0.18291967805319914
10	0.1851657354249062
11	0.18736712688297133
12	0.18914738258384142
13	0.1911126827840851
14	0.19126582305942877
15	0.19014279437357523
16	0.19434139025591401
17	0.19573879526842494
18	0.19332683593176223
19	0.19391387365391294
20	0.19409891815328653
21	0.19668316029971084
22	0.19617269271523197
23	0.20088813702685554
24	0.19826560981159536
25	0.19376073337856928
26	0.19344169113826998
27	0.197965710105714
28	0.19610888426717213
29	0.19527299359758793
30	0.1960450758191122
31	0.1989738835850598
32	0.1998672018578978
33	0.2015070789730362
34	0.19957368299682246
35	0.20828991700179927
36	0.023740090015360708
37	0.03908676622068796
38	0.02236528057664113
39	0.025781754752404722
40	0.018742283014252226
41	0.039540161612616344
42	0.017764360393560392
43	0.022925064171811272
44	0.027258380725671928
45	0.026474346326084815
46	0.023334348179949987
47	0.029851335031375367
48	0.026129708523101425
49	0.024375926145176842
50	0.025062985350649176
51	0.027622898853574513
52	0.031912066043235966
53	0.02182269676010422
54	0.018350882694564922
55	0.022766374328921216
56	0.017664756246196987
57	0.020717881898131778
58	0.01654489007415566
59	0.01786632154422574
60	0.015615964297817947
61	0.01858536008080312
62	0.016728844106715653
63	0.01725387186784477
64	0.01380535862694767
65	0.016638496616985805
66	0.01935572748413398
67	0.017616505847875472
68	0.014303345012688318
69	0.013486035056278975
70	0.015323104609815468
71	0.017420388581942305
72	0.02023661411499297
73	0.02510342165158286
74	0.028390083151795125
75	0.06667710081713384
>>END_MODULE
>>Sequence Length Distribution	warn
#Length	Count
35	35908.0
36	11784.0
37	15199.0
38	16593.0
39	18012.0
40	18075.0
41	19609.0
42	20957.0
43	23286.0
44	24679.0
45	27047.0
46	27711.0
47	28259.0
48	29473.0
49	29925.0
50	30108.0
51	31462.0
52	31971.0
53	33669.0
54	35466.0
55	36549.0
56	37749.0
57	38451.0
58	38480.0
59	39626.0
60	40751.0
61	40658.0
62	41608.0
63	42996.0
64	44896.0
65	46958.0
66	45929.0
67	49104.0
68	48330.0
69	56598.0
70	65443.0
71	123068.0
72	379213.0
73	1040391.0
74	3181437.0
75	9724478.0
>>END_MODULE
>>Sequence Duplication Levels	warn
#Total Duplicate Percentage	26.743178012018518
#Duplication Level	Relative count
1	100.0
2	18.03316165297258
3	6.597366970132996
4	3.03780105697726
5	1.630515175557737
6	1.0247031453814397
7	0.6663259954547288
8	0.4464585882764278
9	0.3388782055592163
10++	2.7002676062020092
>>END_MODULE
>>Overrepresented sequences	warn
#Sequence	Count	Percentage	Possible Source
NNNNNNNNNNNNNNNNNNNNNNNNNNNNNNNNNNN	27467	0.175262664286016	No Hit
>>END_MODULE
>>Kmer Content	warn
#Sequence	Count	Obs/Exp Overall	Obs/Exp Max	Max Obs/Exp Position
AAAAA	6181720	3.8629024	9.47318	71
GGGGG	2543480	3.7141309	6.614978	71
TTTTT	4912245	3.0188498	5.1417766	71
CCTGG	2345290	2.9516428	11.802072	3
CCAGG	2254250	2.846544	12.18235	3
CAGCA	2550635	2.717936	7.042098	4
CCCAG	2118275	2.7077222	10.714778	2
TGCTG	2564040	2.6810975	7.745044	2
CTGGG	2082640	2.5892591	10.048454	4
CCAGC	1989200	2.5427296	6.4077077	3
GGAGG	2013565	2.481245	5.5684137	6
CTGCT	2321205	2.457012	6.622873	9
GCTGG	1951115	2.4257395	6.4307294	3
TCCAG	2276505	2.4177477	9.371455	2
GCTGC	1905020	2.397545	5.5869904	8
AGCAG	2276105	2.3959475	5.375409	7
CTCCT	2193425	2.3502955	6.615218	1
CTCCA	2152580	2.3142354	6.850252	1
AGGAG	2216455	2.3048253	6.926573	5
CTTCT	2579770	2.2966843	5.158965	1
CAGCC	1784045	2.2804866	5.3098226	9
CTGGA	2167460	2.2739844	8.98578	4
CAGGA	2157890	2.2715082	9.6532135	4
TCCTG	2123325	2.2475545	9.139761	2
GGCTG	1778995	2.2117503	7.9175615	7
CAGAG	2085975	2.1958067	7.5641637	4
CTGCC	1716220	2.186483	5.7078333	9
CTCTG	2064275	2.1850498	7.50037	2
CCTGC	1711320	2.1802404	6.2062807	3
GGCAG	1736460	2.166081	6.1099844	7
CCCTG	1693875	2.1580155	8.718711	2
CTGCA	1994685	2.1184425	6.344717	4
GCAGG	1697395	2.1173508	6.3698707	3
TGCAG	1986790	2.084435	6.740358	2
CACAG	1952675	2.080755	7.5768313	7
TGGAG	1987130	2.0594761	6.3755274	5
GCCTG	1630545	2.052107	6.395901	7
CAGGG	1642130	2.0484126	8.85718	4
CTGTG	1956010	2.0453088	8.9766245	9
AGCTG	1920115	2.0144832	5.7157645	7
CCCCA	1538630	1.9909567	6.5430617	1
GGAGA	1902020	1.9778539	5.468465	6
GCCAG	1566000	1.9774594	5.0985527	2
CAGAA	2218885	1.9710375	5.3095303	4
CTGGC	1562445	1.9664005	5.3832936	4
CTCAG	1829080	1.9425628	5.948837	2
CAGGC	1525965	1.9269054	5.4855113	4
GGGAG	1550875	1.9110885	5.2112565	7
TTCTG	2171175	1.9094539	5.354401	2
CTGAG	1812750	1.9018415	5.633835	4
CCTCT	1773230	1.9000487	5.6644726	1
CCAGA	1767805	1.8837588	6.670011	3
TGGGG	1481265	1.8192323	5.909025	5
CAGTG	1732205	1.8173381	6.3713913	9
TCTGG	1734655	1.8138484	6.3822193	3
GGCCA	1429550	1.805158	5.687643	1
CACTG	1693185	1.7982364	7.4513927	7
GTGTG	1723430	1.7802278	8.398368	1
GAGAG	1696400	1.7640356	5.6170626	7
ACCTG	1649800	1.7521597	5.19909	7
ACACA	1932745	1.7379633	6.8738136	6
TGGCC	1365595	1.7186568	5.221355	5
CACAC	1589255	1.7143143	7.0192556	5
TGTGT	1957360	1.7005099	6.7280006	10
ACAGA	1909250	1.6959885	6.114665	8
CCTGA	1596060	1.6950853	5.451923	3
GCCCA	1293390	1.6532984	6.710595	1
TCAGG	1547580	1.6236392	5.543815	3
CCTGT	1518970	1.6078405	5.367765	8
TGGGC	1243980	1.5465882	6.0555663	5
ACAGC	1427855	1.5215108	5.803298	8
GCTGT	1448865	1.5150108	5.4652176	8
CTGTC	1406085	1.4883509	5.852729	9
GACAG	1363185	1.43496	6.8608775	7
GCCCT	1112800	1.4177192	5.6450267	1
GGGCT	1127885	1.4022522	5.7190676	6
AGACA	1569630	1.3943038	5.313035	6
GTCCT	1289760	1.3652201	10.019115	1
AGGGC	1057345	1.3189448	5.380399	5
GGACA	1233840	1.2988046	6.303681	6
GTGCT	1218910	1.2745576	6.691551	1
AGGAC	1205560	1.2690357	9.527465	5
TGTGC	1197610	1.2522852	6.330392	10
AGCAC	1140385	1.215185	5.709113	5
GTCCA	1141295	1.212105	6.920883	1
ACTGC	1135665	1.2061259	5.1768346	8
GTCTT	1304100	1.1468992	5.3796344	1
CTGTA	1253500	1.106082	5.0593615	1
TGGAC	1050915	1.1025645	6.002824	5
GTGCA	1043310	1.0945857	5.8965187	1
ACAGT	1228880	1.0879804	5.495461	8
ACTGT	1205765	1.0639608	6.185328	8
TGCAC	991100	1.0525914	5.235687	5
GACTG	996180	1.0451394	5.8956175	7
GGACC	803935	1.0151653	5.623233	6
ACACT	1117705	1.0017163	5.0506907	6
CTACA	1087555	0.97469485	5.773209	4
TGTAG	1093340	0.9530425	6.128044	2
GGACT	898005	0.94213945	5.2688737	6
TCCTA	935695	0.8358015	5.8967957	2
TAGGA	948205	0.82929265	6.0688295	4
GTAGG	732630	0.75930315	5.0799704	3
GTGTA	809350	0.70549417	6.0916367	1
TACAC	759390	0.6805849	5.164106	5
>>END_MODULE
