##FastQC	0.10.1
>>Basic Statistics	pass
#Measure	Value	
Filename	KS27_S1_L004_R1_001_trimmed.fq.gz	
File type	Conventional base calls	
Encoding	Sanger / Illumina 1.9	
Total Sequences	19805997	
Filtered Sequences	0	
Sequence length	20-50	
%GC	44	
>>END_MODULE
>>Per base sequence quality	pass
#Base	Mean	Median	Lower Quartile	Upper Quartile	10th Percentile	90th Percentile
1	35.24696913768088	36.0	36.0	36.0	36.0	36.0
2	35.23120350871506	36.0	36.0	36.0	36.0	36.0
3	35.208615451168654	36.0	36.0	36.0	36.0	36.0
4	35.20688451078731	36.0	36.0	36.0	36.0	36.0
5	35.191379207014926	36.0	36.0	36.0	36.0	36.0
6	35.15968920928343	36.0	36.0	36.0	36.0	36.0
7	35.13834456301291	36.0	36.0	36.0	36.0	36.0
8	35.13094175466148	36.0	36.0	36.0	36.0	36.0
9	35.10964694178233	36.0	36.0	36.0	36.0	36.0
10	35.09672646118244	36.0	36.0	36.0	36.0	36.0
11	35.078826175728494	36.0	36.0	36.0	36.0	36.0
12	35.05502136549854	36.0	36.0	36.0	36.0	36.0
13	35.04000318691354	36.0	36.0	36.0	36.0	36.0
14	35.03495542284491	36.0	36.0	36.0	36.0	36.0
15	35.02057038582809	36.0	36.0	36.0	36.0	36.0
16	35.006958750927815	36.0	36.0	36.0	36.0	36.0
17	34.99950267588145	36.0	36.0	36.0	36.0	36.0
18	34.98546369566753	36.0	36.0	36.0	36.0	36.0
19	34.97617605415168	36.0	36.0	36.0	36.0	36.0
20	34.976848426262	36.0	36.0	36.0	36.0	36.0
21	34.95572677522343	36.0	36.0	36.0	36.0	36.0
22	34.94988806397587	36.0	36.0	36.0	36.0	36.0
23	34.93887076505256	36.0	36.0	36.0	36.0	36.0
24	34.91997971224731	36.0	36.0	36.0	36.0	36.0
25	34.91042218253692	36.0	36.0	36.0	36.0	36.0
26	34.893002379999196	36.0	36.0	36.0	36.0	36.0
27	34.88043415347294	36.0	36.0	36.0	36.0	36.0
28	34.857945913003576	36.0	36.0	36.0	36.0	36.0
29	34.845951128238845	36.0	36.0	36.0	36.0	36.0
30	34.822266537653455	36.0	36.0	36.0	36.0	36.0
31	34.81035299016489	36.0	36.0	36.0	36.0	36.0
32	34.797186975922436	36.0	36.0	36.0	36.0	36.0
33	34.7650318492792	36.0	36.0	36.0	36.0	36.0
34	34.74442674612355	36.0	36.0	36.0	32.0	36.0
35	34.72536682551732	36.0	36.0	36.0	32.0	36.0
36	34.70859667701964	36.0	36.0	36.0	32.0	36.0
37	34.68760526891935	36.0	36.0	36.0	32.0	36.0
38	34.669430665038796	36.0	36.0	36.0	32.0	36.0
39	34.63621154246066	36.0	36.0	36.0	32.0	36.0
40	34.61516300580427	36.0	36.0	36.0	32.0	36.0
41	34.602313734892654	36.0	36.0	36.0	32.0	36.0
42	34.57911307598727	36.0	36.0	36.0	32.0	36.0
43	34.54981593532967	36.0	36.0	36.0	32.0	36.0
44	34.53221225997976	36.0	36.0	36.0	32.0	36.0
45	34.51269087998496	36.0	36.0	36.0	32.0	36.0
46	34.5030757874472	36.0	36.0	36.0	32.0	36.0
47	34.51637520258873	36.0	36.0	36.0	32.0	36.0
48	34.51850009111803	36.0	36.0	36.0	32.0	36.0
49	34.579113587403256	36.0	36.0	36.0	32.0	36.0
50	34.68363061183676	36.0	36.0	36.0	32.0	36.0
>>END_MODULE
>>Per sequence quality scores	pass
#Quality	Count
8	1.0
9	0.0
10	9.0
11	17.0
12	25.0
13	36.0
14	58.0
15	117.0
16	260.0
17	539.0
18	1309.0
19	2798.0
20	6086.0
21	11357.0
22	19426.0
23	31581.0
24	48811.0
25	73355.0
26	107215.0
27	149922.0
28	202260.0
29	267903.0
30	347998.0
31	461593.0
32	633409.0
33	971778.0
34	1959317.0
35	9273420.0
36	5235397.0
>>END_MODULE
>>Per base sequence content	pass
#Base	G	A	T	C
1	22.128751013582768	27.196427543600464	27.767820627911366	22.9070008149054
2	22.068935989135298	27.11970547608442	28.02586960159234	22.785488933187935
3	22.1007620976822	27.196486292440724	27.856427340191235	22.84632426968584
4	22.158529580178733	26.998738405022227	28.1200972579811	22.722634756817936
5	22.31590821639302	27.03649478921762	27.741405921378725	22.906191073010632
6	21.8688746667286	27.345827976040056	27.94111551026972	22.84418184696162
7	21.84511811167937	27.36664012728804	28.01418817498258	22.77405358605002
8	22.015952646368667	27.195089452020227	28.013231363661745	22.77572653794936
9	21.752875841116943	27.363152981165346	28.145647347632046	22.73832383008567
10	21.915324616571542	27.44506582003401	27.988086149719877	22.65152341367457
11	22.29631999127456	27.477411948446196	27.740114263842987	22.486153796436252
12	21.76230143077492	27.570243614065426	28.102414085541927	22.565040869617732
13	21.86393450321692	27.357586762887244	28.209538804763497	22.56893992913234
14	21.872885689599947	27.134077624451216	28.381225388164665	22.611811297784172
15	21.782578635229406	27.36674235663914	28.213048420710745	22.637630587420706
16	21.929665284279423	27.77046682785653	28.06246272290767	22.23740516495637
17	22.02210851978855	27.52232488879845	27.879316082049556	22.57625050936345
18	21.921206518930024	27.826627437471274	27.87679503815919	22.37537100543951
19	21.969272412300793	27.66122632339337	28.0943960493895	22.27510521491634
20	21.971858493972416	27.419510634270246	28.088821555815773	22.519809315941565
21	22.01458899172759	27.5681819766883	28.084178005186644	22.33305102639747
22	21.90603299584726	27.640143482372558	28.116593817617108	22.337229704163075
23	21.995183198009606	27.43953948501259	28.028645638593837	22.536631678383966
24	21.901665678509353	27.757850783178018	28.027009633266946	22.313473905045683
25	21.92468995721206	27.7210330314831	27.938647404814827	22.415629606490015
26	22.059973339225454	27.727068443943324	27.842638068206742	22.370320148624476
27	21.907456902006285	27.81235849358657	28.017687952280546	22.262496652126604
28	21.81847912666862	27.729364062141954	27.98211235256265	22.470044458626777
29	21.98346847286455	27.580424099816288	28.054621335957002	22.38148609136216
30	21.939682990972337	27.769544410781577	27.979856143143373	22.310916455102713
31	22.023393030600136	27.73653946894145	27.93995690432334	22.300110596135074
32	21.99192133773182	27.700446585865045	27.909159762778707	22.398472313624428
33	21.90116703196149	27.600897761004205	28.07495329537435	22.422981911659956
34	22.03040053768333	27.87401045990945	27.956780267308794	22.138808735098422
35	22.050224739012595	27.63600924952632	27.879224110864538	22.434541900596546
36	22.128927676580066	27.82893400516785	27.7875539864268	22.254584331825285
37	21.9285197934055	27.75549218742398	27.933906193278684	22.382081825891838
38	21.919294570902586	27.602416296372457	27.9811865773894	22.49710255533556
39	21.851020003484454	27.743306565293462	28.017254091973992	22.388419339248088
40	21.966951228131794	27.755381177590426	28.05617264639679	22.22149494788099
41	22.152607279832715	27.76759786753401	27.869807645314186	22.209987207319084
42	22.080495216453848	27.850944318534843	27.842197333946107	22.226363131065202
43	22.05614419039875	27.915395479365625	27.84799450337908	22.180465826856548
44	22.10634471432017	27.626789152336418	27.815785064299913	22.451081069043504
45	21.94094403366747	27.743670060146115	27.989347422032683	22.326038484153727
46	21.995003138138607	27.878639496380416	27.805269678057602	22.32108768742338
47	22.015271184240444	27.800631905063515	27.88611616668075	22.297980744015288
48	21.960615586940595	28.21765830291746	28.026033224020775	21.79569288612117
49	22.050027117873896	28.520763889904572	28.155098343949742	21.274110648271794
50	21.790664708043835	28.481084969070707	28.342505066953684	21.385745255931777
>>END_MODULE
>>Per base GC content	pass
#Base	%GC
1	45.035751828488166
2	44.85442492232323
3	44.947086367368044
4	44.88116433699667
5	45.22209928940365
6	44.713056513690226
7	44.619171697729385
8	44.79167918431803
9	44.49119967120261
10	44.56684803024611
11	44.78247378771082
12	44.327342300392644
13	44.43287443234926
14	44.48469698738412
15	44.420209222650115
16	44.167070449235794
17	44.598359029152
18	44.29657752436953
19	44.244377627217126
20	44.491667809913984
21	44.347640018125055
22	44.243262700010334
23	44.53181487639357
24	44.215139583555036
25	44.340319563702074
26	44.43029348784993
27	44.16995355413289
28	44.288523585295394
29	44.36495456422671
30	44.25059944607505
31	44.32350362673521
32	44.39039365135625
33	44.324148943621445
34	44.16920927278176
35	44.48476663960914
36	44.383512008405354
37	44.310601619297344
38	44.416397126238145
39	44.239439342732545
40	44.18844617601279
41	44.3625944871518
42	44.30685834751905
43	44.236610017255295
44	44.55742578336367
45	44.2669825178212
46	44.316090825561986
47	44.31325192825573
48	43.756308473061765
49	43.32413776614569
50	43.17640996397561
>>END_MODULE
>>Per sequence GC content	warn
#GC Content	Count
0	6891.0
1	6402.0
2	4849.0
3	4117.5
4	4547.0
5	5404.5
6	6326.0
7	7800.5
8	9309.5
9	12040.0
10	15012.0
11	20307.5
12	25833.5
13	34395.5
14	44291.0
15	60145.0
16	76967.0
17	100913.0
18	126462.5
19	158975.5
20	192300.5
21	233434.5
22	275927.0
23	324999.0
24	376134.5
25	424634.5
26	479290.5
27	538095.5
28	600145.0
29	667756.0
30	736242.0
31	803654.0
32	872968.5
33	942125.0
34	1011627.0
35	1071137.5
36	1126971.5
37	1169054.0
38	1201211.0
39	1217676.5
40	1231566.5
41	1235297.5
42	1235726.5
43	1222347.0
44	1204424.5
45	1174407.0
46	1143699.0
47	1112239.0
48	1079799.0
49	1047992.0
50	1017377.0
51	989633.5
52	960724.0
53	933190.5
54	905903.0
55	877071.5
56	845353.0
57	807954.0
58	768171.0
59	719478.5
60	668999.5
61	614127.0
62	558181.5
63	510866.5
64	455086.5
65	403088.0
66	352898.5
67	307047.5
68	261945.5
69	222477.5
70	188235.0
71	157864.0
72	130897.0
73	108137.5
74	86777.0
75	71296.0
76	59889.0
77	48786.5
78	38664.0
79	31167.5
80	24843.5
81	20237.0
82	16280.0
83	13060.0
84	10071.5
85	7931.0
86	6185.5
87	4831.0
88	3840.5
89	3019.5
90	2292.0
91	1839.0
92	1479.5
93	1219.5
94	970.5
95	818.0
96	689.0
97	628.0
98	567.5
99	625.5
100	695.0
>>END_MODULE
>>Per base N content	pass
#Base	N-Count
1	8.583258898807266E-5
2	0.001024942092034044
3	6.917096877274091E-4
4	5.856811954480252E-4
5	0.0012016562458330173
6	0.002231647313689889
7	0.001050186971148183
8	0.003185903744204344
9	0.00245885122571714
10	0.002408361467488862
11	0.009249723707420535
12	0.005377159251311611
13	0.014576393200503867
14	0.0024487532740714844
15	0.012142786853900866
16	0.008123802098929935
17	0.009426437861219508
18	0.012011513482507345
19	0.005341816420551816
20	0.006563668569676144
21	0.01288055300777083
22	0.008415748069726293
23	0.01643167831167796
24	0.011881813200162444
25	0.006486673562793536
26	0.010021156112453413
27	0.00919278364958999
28	0.01252442440807851
29	0.014881232789436667
30	0.031843678084023254
31	0.015295966485291699
32	0.016430522635294285
33	0.018254581485308646
34	0.013004626407377894
35	0.00984015471987872
36	0.013184961310234585
37	0.01276649873058276
38	0.012806568181545169
39	0.02351685899040379
40	0.022006559548074036
41	0.017456126193280158
42	0.011649169195587214
43	0.018083473501074466
44	0.013495648658302812
45	0.011657834274494462
46	0.005737648334500554
47	0.010121610138553899
48	0.006992576794119232
49	0.00681156194524586
50	0.018789100037385018
>>END_MODULE
>>Sequence Length Distribution	warn
#Length	Count
20	16474.0
21	17068.0
22	17930.0
23	18480.0
24	18697.0
25	19022.0
26	19847.0
27	20889.0
28	22120.0
29	24042.0
30	24565.0
31	25708.0
32	26333.0
33	26380.0
34	27041.0
35	27419.0
36	28139.0
37	29546.0
38	31466.0
39	34231.0
40	36514.0
41	39494.0
42	43681.0
43	56589.0
44	94178.0
45	184815.0
46	508686.0
47	1119782.0
48	2272322.0
49	3068700.0
50	1.1905839E7
>>END_MODULE
>>Sequence Duplication Levels	warn
#Total Duplicate Percentage	35.99033101475014
#Duplication Level	Relative count
1	100.0
2	23.722582733480277
3	10.523760346501842
4	5.6321963099403485
5	3.397197774249734
6	2.190298564976802
7	1.4943662623117593
8	1.1128751329438784
9	0.7914977572945728
10++	5.273055165929374
>>END_MODULE
>>Overrepresented sequences	pass
>>END_MODULE
>>Kmer Content	warn
#Sequence	Count	Obs/Exp Overall	Obs/Exp Max	Max Obs/Exp Position
AAAAA	6151920	4.3272066	5.245758	46
TTTTT	5507200	3.6216576	4.226237	46
CCTGG	1851285	3.075315	3.8643236	9
>>END_MODULE
