##FastQC	0.10.1
>>Basic Statistics	pass
#Measure	Value	
Filename	006-F5_S1_L002_R2_001_trimmed.fq.gz	
File type	Conventional base calls	
Encoding	Sanger / Illumina 1.9	
Total Sequences	20492898	
Filtered Sequences	0	
Sequence length	20-51	
%GC	46	
>>END_MODULE
>>Per base sequence quality	pass
#Base	Mean	Median	Lower Quartile	Upper Quartile	10th Percentile	90th Percentile
1	34.57035759412847	36.0	36.0	36.0	32.0	36.0
2	34.551049880792846	36.0	36.0	36.0	32.0	36.0
3	34.52897969823497	36.0	36.0	36.0	32.0	36.0
4	34.516103578908165	36.0	36.0	36.0	32.0	36.0
5	34.495804204949444	36.0	36.0	36.0	32.0	36.0
6	34.47395263471277	36.0	36.0	36.0	32.0	36.0
7	34.457096746394775	36.0	36.0	36.0	32.0	36.0
8	34.44819366201891	36.0	36.0	36.0	32.0	36.0
9	34.428646841456974	36.0	36.0	36.0	32.0	36.0
10	34.40544821918306	36.0	36.0	36.0	32.0	36.0
11	34.39619667262288	36.0	36.0	36.0	32.0	36.0
12	34.36545041116195	36.0	36.0	36.0	32.0	36.0
13	34.36005195556041	36.0	36.0	36.0	32.0	36.0
14	34.34255560145764	36.0	36.0	36.0	32.0	36.0
15	34.31560972977077	36.0	36.0	36.0	32.0	36.0
16	34.28595150378438	36.0	36.0	36.0	32.0	36.0
17	34.26883064562172	36.0	36.0	36.0	32.0	36.0
18	34.25373483047639	36.0	36.0	36.0	32.0	36.0
19	34.233339716032354	36.0	36.0	36.0	32.0	36.0
20	34.21726107259207	36.0	36.0	36.0	32.0	36.0
21	34.19216427272149	36.0	36.0	36.0	32.0	36.0
22	34.181696954735386	36.0	36.0	36.0	32.0	36.0
23	34.15508310212057	36.0	36.0	36.0	32.0	36.0
24	34.11258341236254	36.0	36.0	36.0	32.0	36.0
25	34.09465412161914	36.0	36.0	36.0	32.0	36.0
26	34.06383389770873	36.0	36.0	36.0	32.0	36.0
27	34.05121862933471	36.0	36.0	36.0	32.0	36.0
28	34.01419701842975	36.0	36.0	36.0	32.0	36.0
29	33.97981153405644	36.0	36.0	36.0	32.0	36.0
30	33.961356034934944	36.0	36.0	36.0	32.0	36.0
31	33.92981309774669	36.0	36.0	36.0	32.0	36.0
32	33.89767994123873	36.0	36.0	36.0	32.0	36.0
33	33.866168269080745	36.0	36.0	36.0	32.0	36.0
34	33.80955426226914	36.0	36.0	36.0	32.0	36.0
35	33.79541589784723	36.0	36.0	36.0	27.0	36.0
36	33.7695484831212	36.0	36.0	36.0	27.0	36.0
37	33.74445703363534	36.0	36.0	36.0	27.0	36.0
38	33.692244689230655	36.0	36.0	36.0	27.0	36.0
39	33.668472472494656	36.0	36.0	36.0	27.0	36.0
40	33.640614914950866	36.0	36.0	36.0	27.0	36.0
41	33.62004308029743	36.0	36.0	36.0	27.0	36.0
42	33.594129287608986	36.0	36.0	36.0	27.0	36.0
43	33.572429637449424	36.0	36.0	36.0	27.0	36.0
44	33.56620467469898	36.0	36.0	36.0	27.0	36.0
45	33.559941639674236	36.0	36.0	36.0	27.0	36.0
46	33.550053806487206	36.0	36.0	36.0	27.0	36.0
47	33.53992919770913	36.0	36.0	36.0	27.0	36.0
48	33.56231010189785	36.0	36.0	36.0	27.0	36.0
49	33.60204820551612	36.0	36.0	36.0	27.0	36.0
50	33.712363737109705	36.0	36.0	36.0	27.0	36.0
51	33.871991157482526	36.0	36.0	36.0	27.0	36.0
>>END_MODULE
>>Per sequence quality scores	pass
#Quality	Count
2	36.0
3	14.0
4	22.0
5	18.0
6	31.0
7	52.0
8	98.0
9	116.0
10	148.0
11	232.0
12	247.0
13	249.0
14	1466.0
15	3225.0
16	6812.0
17	13045.0
18	20864.0
19	31162.0
20	43278.0
21	58301.0
22	77984.0
23	105193.0
24	138642.0
25	183020.0
26	235973.0
27	299767.0
28	375738.0
29	465446.0
30	582573.0
31	741820.0
32	990456.0
33	1458823.0
34	2672623.0
35	8822665.0
36	3162759.0
>>END_MODULE
>>Per base sequence content	pass
#Base	G	A	T	C
1	23.01209613622679	26.43532972466066	26.90841533109697	23.644158808015575
2	22.859194492870934	26.544071834189182	27.23691858954241	23.35981508339748
3	22.846155832099367	26.606876291688152	27.120791689935984	23.426176186276493
4	23.053530848319387	26.3252351876694	27.40026517149224	23.220968792518974
5	23.252037019630993	26.452105771880152	26.86977763761845	23.426079570870403
6	22.68997347885563	26.821534480098748	27.17369697509806	23.31479506594756
7	22.82712972059082	26.741985947761275	27.069846462665108	23.361037868982795
8	22.861974945691294	26.62534335971604	27.037997279525644	23.47468441506702
9	22.716009171291947	26.759856696245144	27.195962062542172	23.32817206992073
10	22.842189619631544	26.755772620574845	27.164337720014657	23.23770003977895
11	23.33318773232613	26.665706838797966	26.849212912678194	23.151892516197705
12	22.585491200322338	26.926058071586667	27.293031784411507	23.195418943679485
13	22.768724944199793	26.729547793210664	27.369922132264612	23.131805130324935
14	22.760509072573264	26.518671782418707	27.533720850671912	23.18709829433612
15	22.70626737029222	26.842405171893784	27.309764493146172	23.141562964667823
16	22.85216052972218	27.123108059257973	27.207446197163055	22.817285213856795
17	23.00015959697615	26.77010860891469	26.88521365740142	23.34451813670774
18	22.846980549490404	27.204437207744675	26.95999605270922	22.988586190055706
19	23.035190899923492	26.86017795615375	27.173200254771064	22.9314308891517
20	23.085730267483353	26.61254132371582	27.18840100099426	23.113327407806565
21	23.059484780355668	26.780853804365005	27.214488217326192	22.94517319795313
22	22.811819937156976	26.98323003591023	27.250742725197576	22.95420730173522
23	22.907918396843055	26.754938227172048	27.144489759278223	23.192653616706675
24	22.763447855871604	27.106386317453097	27.228939203591718	22.901226623083584
25	22.88987696366103	27.052507179134317	27.00031584063629	23.057300016568366
26	22.966800963702497	27.003910704618256	26.939905992895113	23.089382338784134
27	22.962727973023377	27.07026451594369	27.093936522066876	22.873070988966056
28	22.728749761989675	27.029997345734515	27.055681238607214	23.185571653668596
29	23.07164843586531	26.80697189066136	27.0516343214095	23.06974535206383
30	22.84398831065011	27.133933379498348	27.037263107458614	22.984815202392923
31	22.960772213463983	27.011397428180295	27.039800611340453	22.988029747015272
32	22.906308444150778	27.086454474685045	26.96115583018315	23.046081250981032
33	22.80507873328716	26.89458769436694	27.247825568013212	23.052508004332687
34	22.99062779715331	27.247158286735306	27.026956802926204	22.735257113185178
35	22.980057632302948	26.89418866867162	26.98981114486006	23.135942554165375
36	23.093030703581032	27.14659907740619	26.834320153157197	22.926050065855573
37	22.863760523043254	27.020475467600523	26.992345801476787	23.123418207879435
38	22.863737113757047	26.915065029777058	26.96546339603756	23.255734460428336
39	22.83727929596382	27.02295533574017	26.994092391649342	23.145672976646658
40	22.894847542137587	26.98240564168291	27.1454234314505	22.977323384729004
41	23.18085092815773	26.967597020777756	26.926397186042685	22.92515486502183
42	23.04863721178618	27.0916842456431	27.00423037063628	22.85544817193444
43	23.011399658681885	27.205124656417624	26.904181604846432	22.87929408005406
44	23.07616650883434	26.885630139907462	26.845451545237513	23.192751806020684
45	22.91734104366191	27.097034845926338	27.043164979451443	22.942459130960305
46	22.98269738884716	27.26338829637345	26.760300191620672	22.993614123158718
47	23.017901357275765	27.032364633592575	26.865103817760506	23.08463019137115
48	23.041150637106128	27.38143208697743	27.025249207151543	22.5521680687649
49	23.35431045906481	27.27265560302116	26.976235495355766	22.396798442558264
50	23.439341768012603	27.43716693014368	27.11359798869158	22.009893313152133
51	22.938945526745204	27.970886243456167	27.26933817523318	21.820830054565445
>>END_MODULE
>>Per base GC content	pass
#Base	%GC
1	46.65625494424236
2	46.21900957626841
3	46.27233201837586
4	46.274499640838364
5	46.678116590501396
6	46.00476854480319
7	46.18816758957362
8	46.33665936075831
9	46.04418124121268
10	46.0798896594105
11	46.485080248523836
12	45.78091014400182
13	45.900530074524724
14	45.94760736690938
15	45.847830334960044
16	45.669445743578976
17	46.344677733683895
18	45.83556673954611
19	45.96662178907519
20	46.199057675289914
21	46.0046579783088
22	45.7660272388922
23	46.10057201354973
24	45.664674478955185
25	45.9471769802294
26	46.05618330248663
27	45.83579896198943
28	45.91432141565827
29	46.14139378792914
30	45.828803513043034
31	45.94880196047925
32	45.95238969513181
33	45.85758673761985
34	45.725884910338486
35	46.11600018646833
36	46.019080769436606
37	45.98717873092269
38	46.119471574185376
39	45.98295227261048
40	45.87217092686659
41	46.10600579317956
42	45.90408538372062
43	45.89069373873594
44	46.26891831485502
45	45.85980017462221
46	45.97631151200588
47	46.10253154864692
48	45.59331870587103
49	45.75110890162307
50	45.449235081164744
51	44.75977558131065
>>END_MODULE
>>Per sequence GC content	pass
#GC Content	Count
0	6321.0
1	5813.0
2	4595.0
3	4202.0
4	4587.0
5	5284.5
6	6091.5
7	7365.5
8	8660.0
9	10593.5
10	12660.0
11	16538.5
12	20445.0
13	26776.0
14	33612.5
15	44972.0
16	56951.5
17	74500.0
18	92888.0
19	117822.0
20	143293.5
21	175681.5
22	208937.5
23	249569.5
24	291295.0
25	334224.0
26	413907.0
27	468347.5
28	530178.0
29	593038.0
30	658639.5
31	725977.0
32	796561.5
33	867871.5
34	937055.5
35	1004483.5
36	1057131.5
37	1105781.5
38	1136982.5
39	1168268.5
40	1188550.5
41	1205938.5
42	1217037.5
43	1223515.0
44	1217698.0
45	1209017.5
46	1197508.5
47	1183803.5
48	1165289.5
49	1145896.5
50	1126617.5
51	1107671.5
52	1087070.5
53	1063856.0
54	1038783.5
55	1012447.0
56	982217.5
57	947765.5
58	901484.0
59	848951.0
60	792965.0
61	733390.5
62	671614.5
63	613641.0
64	548978.5
65	486248.0
66	429874.0
67	374511.0
68	322565.0
69	271935.0
70	230918.0
71	193080.5
72	162856.5
73	134792.0
74	111190.5
75	83245.5
76	69407.5
77	57608.0
78	46203.5
79	37824.0
80	30229.0
81	24685.0
82	19692.5
83	16285.0
84	13166.5
85	10886.5
86	8741.0
87	7396.0
88	6252.5
89	5393.5
90	4606.5
91	4146.0
92	3736.5
93	3496.5
94	3264.0
95	3211.0
96	3186.0
97	3367.0
98	4016.5
99	15075.5
100	25671.0
>>END_MODULE
>>Per base N content	pass
#Base	N-Count
1	0.009232466779466722
2	0.009422776612658688
3	0.013443681806253074
4	0.01715716342315274
5	0.009427656351971302
6	0.01565908345418008
7	0.02399367820012572
8	0.015073514736666332
9	0.011891924704841648
10	0.010545116654560035
11	0.015190628480169083
12	0.012697081691423048
13	0.011628418781960463
14	0.012004158709031784
15	0.011974880273156095
16	0.013472960242128762
17	0.0184844525161839
18	0.01412684531001911
19	0.01144298868808111
20	0.025706466698853427
21	0.01270347361339509
22	0.011340382863654106
23	0.02417085137390519
24	0.02499402988530512
25	0.02039183467905851
26	0.03206096985983497
27	0.015243551704191142
28	0.02290494280968351
29	0.020272382338514684
30	0.010846133024381078
31	0.013433540570532235
32	0.02359134250883719
33	0.01162077224734637
34	0.02202826139179721
35	0.017889164511574355
36	0.020106324768048994
37	0.016329393148395266
38	0.027157271862081264
39	0.03605937508498631
40	0.03335487839072807
41	0.019080571469946277
42	0.01956116137496499
43	0.022362833824813754
44	0.006394888172391486
45	0.0037668024372595494
46	0.010951648754470482
47	0.00951536998599538
48	0.0041923058723630086
49	0.00765700556596487
50	0.010011283522349234
51	0.008716738431194922
>>END_MODULE
>>Sequence Length Distribution	warn
#Length	Count
20	26055.0
21	26616.0
22	27210.0
23	28149.0
24	28681.0
25	29291.0
26	29789.0
27	30739.0
28	31943.0
29	33677.0
30	34806.0
31	35676.0
32	36937.0
33	37275.0
34	38350.0
35	38916.0
36	39284.0
37	40598.0
38	42766.0
39	44945.0
40	47636.0
41	51028.0
42	54915.0
43	63841.0
44	81204.0
45	127362.0
46	237241.0
47	614015.0
48	1281778.0
49	2608698.0
50	3481045.0
51	1.1162432E7
>>END_MODULE
>>Sequence Duplication Levels	warn
#Total Duplicate Percentage	29.4165735081922
#Duplication Level	Relative count
1	100.0
2	18.79142653810195
3	7.330840182520967
4	3.6825139890878136
5	2.134295243012433
6	1.3416965519166097
7	0.9265590332528642
8	0.6439864365153566
9	0.5142123550507235
10++	4.176492750791901
>>END_MODULE
>>Overrepresented sequences	pass
>>END_MODULE
>>Kmer Content	warn
#Sequence	Count	Obs/Exp Overall	Obs/Exp Max	Max Obs/Exp Position
GGGGG	2420625	4.0967774	6.3947124	47
AAAAA	5350345	4.067654	5.0214324	47
TTTTT	4686130	3.471369	4.234829	13
>>END_MODULE
