##FastQC	0.10.1
>>Basic Statistics	pass
#Measure	Value	
Filename	KS25_S6_L003_R1_001_trimmed.fq.gz	
File type	Conventional base calls	
Encoding	Sanger / Illumina 1.9	
Total Sequences	14440454	
Filtered Sequences	0	
Sequence length	20-50	
%GC	45	
>>END_MODULE
>>Per base sequence quality	pass
#Base	Mean	Median	Lower Quartile	Upper Quartile	10th Percentile	90th Percentile
1	35.24014210356544	36.0	36.0	36.0	36.0	36.0
2	35.22903026456093	36.0	36.0	36.0	36.0	36.0
3	35.21755410183087	36.0	36.0	36.0	36.0	36.0
4	35.19998955711503	36.0	36.0	36.0	36.0	36.0
5	35.18624324415285	36.0	36.0	36.0	36.0	36.0
6	35.14477681934377	36.0	36.0	36.0	36.0	36.0
7	35.12330879624699	36.0	36.0	36.0	36.0	36.0
8	35.11175597387727	36.0	36.0	36.0	36.0	36.0
9	35.097786399236476	36.0	36.0	36.0	36.0	36.0
10	35.076714139319996	36.0	36.0	36.0	36.0	36.0
11	35.07166824533356	36.0	36.0	36.0	36.0	36.0
12	35.05051773302972	36.0	36.0	36.0	36.0	36.0
13	35.048610660024956	36.0	36.0	36.0	36.0	36.0
14	35.031336272391435	36.0	36.0	36.0	36.0	36.0
15	35.00454757170377	36.0	36.0	36.0	36.0	36.0
16	35.00275157553911	36.0	36.0	36.0	36.0	36.0
17	34.983550240179426	36.0	36.0	36.0	36.0	36.0
18	34.970072339830864	36.0	36.0	36.0	36.0	36.0
19	34.948313051653365	36.0	36.0	36.0	36.0	36.0
20	34.936105817725675	36.0	36.0	36.0	36.0	36.0
21	34.92164468128315	36.0	36.0	36.0	36.0	36.0
22	34.919352789378884	36.0	36.0	36.0	36.0	36.0
23	34.90522487504738	36.0	36.0	36.0	36.0	36.0
24	34.892567002714294	36.0	36.0	36.0	36.0	36.0
25	34.87846273750636	36.0	36.0	36.0	36.0	36.0
26	34.857854993095735	36.0	36.0	36.0	36.0	36.0
27	34.8418127766617	36.0	36.0	36.0	36.0	36.0
28	34.81159866575559	36.0	36.0	36.0	36.0	36.0
29	34.81179964169245	36.0	36.0	36.0	36.0	36.0
30	34.7924850371355	36.0	36.0	36.0	36.0	36.0
31	34.771367745100115	36.0	36.0	36.0	36.0	36.0
32	34.757811656777584	36.0	36.0	36.0	36.0	36.0
33	34.73953906414236	36.0	36.0	36.0	36.0	36.0
34	34.71794347785919	36.0	36.0	36.0	36.0	36.0
35	34.67894826307993	36.0	36.0	36.0	32.0	36.0
36	34.66340258267065	36.0	36.0	36.0	32.0	36.0
37	34.64546025756219	36.0	36.0	36.0	32.0	36.0
38	34.61919155554618	36.0	36.0	36.0	32.0	36.0
39	34.60125163479981	36.0	36.0	36.0	32.0	36.0
40	34.588549196404905	36.0	36.0	36.0	32.0	36.0
41	34.5630208754658	36.0	36.0	36.0	32.0	36.0
42	34.5411078223793	36.0	36.0	36.0	32.0	36.0
43	34.51608156191719	36.0	36.0	36.0	32.0	36.0
44	34.49284899959133	36.0	36.0	36.0	32.0	36.0
45	34.474139560808496	36.0	36.0	36.0	32.0	36.0
46	34.468512380960945	36.0	36.0	36.0	32.0	36.0
47	34.47556564279458	36.0	36.0	36.0	32.0	36.0
48	34.49815930922623	36.0	36.0	36.0	32.0	36.0
49	34.567716544987874	36.0	36.0	36.0	32.0	36.0
50	34.672469675513334	36.0	36.0	36.0	32.0	36.0
>>END_MODULE
>>Per sequence quality scores	pass
#Quality	Count
7	1.0
8	0.0
9	3.0
10	0.0
11	5.0
12	14.0
13	10.0
14	35.0
15	95.0
16	224.0
17	598.0
18	1338.0
19	2797.0
20	5463.0
21	9744.0
22	16309.0
23	25973.0
24	39078.0
25	56960.0
26	81680.0
27	113631.0
28	152357.0
29	198883.0
30	258965.0
31	339037.0
32	466591.0
33	707507.0
34	1415635.0
35	6557326.0
36	3990195.0
>>END_MODULE
>>Per base sequence content	pass
#Base	G	A	T	C
1	22.77616063871676	26.390042861533303	26.73968560822257	24.09411089152737
2	22.913455175407325	26.783428525050535	27.129722502225018	23.173393797317125
3	22.447015862520665	26.921902870920817	27.225466733940635	23.40561453261788
4	22.905957005288002	26.356845265032675	27.68067730961141	23.056520420067912
5	23.05068447170034	26.41423170952381	27.230934399315913	23.30414941945994
6	22.381770010466674	26.880486710704165	27.4913196692714	23.246423609557763
7	22.391831180500372	26.900235625706575	27.31117655307811	23.396756640714944
8	22.53580916404911	26.735957942142193	27.07633180423285	23.65190108957585
9	22.593323473823503	26.79168521441941	27.022603004777494	23.592388306979597
10	22.411326929039173	26.833008695789474	27.369275246539054	23.3863891286323
11	23.32040636837695	26.506838595300586	26.93863615902937	23.234118877293096
12	22.325143324462648	27.07915355594821	27.528131598646073	23.067571520943076
13	22.283320213700776	26.833315431908066	27.884271059849553	22.999093294541602
14	22.50504335589368	26.53027502477529	27.851139109363775	23.11354250996725
15	22.33570283192126	26.926735927441243	27.637315374192216	23.100245866445277
16	22.347273015739127	27.189773351092338	27.62633847827829	22.836615154890247
17	22.649587625081978	26.811121968651335	26.927178377689582	23.612112028577105
18	22.61933443753256	27.50895825887306	26.940122757388195	22.931584546206178
19	22.895682801773063	26.910255585387628	27.187380596581296	23.006681016258014
20	22.962041622001216	26.561271786679676	27.4038046964332	23.072881894885906
21	22.908246187617706	26.551892901494544	27.484582338690256	23.055278572197494
22	22.4434260808194	27.250751017504786	27.54218826112238	22.763634640553438
23	22.490389110770106	26.99972722774507	27.438264831582448	23.07161882990238
24	22.307863439368166	27.312314605898685	27.37487285991755	23.0049490948156
25	22.395750608054808	27.318651172322404	27.285222301987726	23.00037591763506
26	22.67820770368069	26.927533007127955	27.159228386444916	23.235030902746438
27	22.990904606476228	26.95312730045478	27.164309925961987	22.891658167107
28	22.363373497362314	27.081906160572967	27.19964022773865	23.355080114326068
29	22.956507036289	26.690024291028315	27.115462209529056	23.23800646315363
30	22.48295235689927	27.50344621297526	27.058260399661936	22.955341030463536
31	22.624338486642582	27.104111575176336	27.294416114063353	22.97713382411773
32	22.586097570571386	27.267614979001287	27.030119839240818	23.11616761118651
33	22.412208147395415	26.839390990939272	27.65607310200508	23.092327759660233
34	22.614362943738538	27.420921242162947	27.35699359355468	22.60772222054383
35	22.62026593067378	26.73095889142738	27.27570287668428	23.373072301214556
36	22.87676495277641	27.222726462323955	26.81928821895432	23.08122036594532
37	22.549656966701498	27.124499831403444	26.99558488208226	23.330258319812806
38	22.70562600618749	27.147725431017406	26.746820717648035	23.39982784514707
39	22.719388938502263	27.061757203432347	26.918284133743597	23.30056972432179
40	22.53074214563012	26.99424187487348	27.528430172245276	22.946585807251118
41	22.911996833927915	26.860594397465633	27.10754394895087	23.119864819655586
42	22.8233212962099	26.908467937233816	27.288053526448685	22.9801572401076
43	22.789213453782818	27.20287624435274	27.135133298108077	22.87277700375637
44	22.847517806186552	26.843956936886944	26.968719846142182	23.339805410784326
45	22.69308367608206	27.27418685514889	26.932859430876952	23.099870037892092
46	22.63643266280507	27.77297645688605	26.683957418842873	22.906633461466008
47	22.99374902888464	27.037550617698873	26.79022703480138	23.17847331861511
48	22.86577362376745	27.49448790656976	27.31180090987813	22.327937559784665
49	22.981242004051996	27.430374039088782	27.57983717290129	22.00854678395793
50	23.23817716595306	27.272056891091317	27.53971610063048	21.95004984232514
>>END_MODULE
>>Per base GC content	pass
#Base	%GC
1	46.87027153024413
2	46.08684897272445
3	45.85263039513855
4	45.962477425355914
5	46.35483389116028
6	45.62819362002443
7	45.788587821215316
8	46.18771025362496
9	46.185711780803096
10	45.79771605767147
11	46.55452524567004
12	45.39271484540572
13	45.28241350824238
14	45.61858586586093
15	45.43594869836654
16	45.18388817062938
17	46.261699653659086
18	45.55091898373874
19	45.90236381803108
20	46.034923516887126
21	45.9635247598152
22	45.20706072137284
23	45.56200794067249
24	45.31281253418376
25	45.39612652568987
26	45.91323860642713
27	45.88256277358323
28	45.71845361168838
29	46.19451349944263
30	45.438293387362805
31	45.60147231076031
32	45.702265181757895
33	45.50453590705565
34	45.22208516428237
35	45.99333823188834
36	45.957985318721725
37	45.8799152865143
38	46.10545385133456
39	46.01995866282406
40	45.47732795288124
41	46.0318616535835
42	45.8034785363175
43	45.66199045753919
44	46.187323216970874
45	45.79295371397416
46	45.54306612427108
47	46.172222347499755
48	45.19371118355212
49	44.989788788009925
50	45.188227008278204
>>END_MODULE
>>Per sequence GC content	pass
#GC Content	Count
0	6091.0
1	5530.0
2	4059.5
3	3360.5
4	3645.0
5	4326.0
6	5053.0
7	5913.5
8	6772.5
9	8371.0
10	10139.0
11	13164.5
12	16284.0
13	20949.0
14	26333.0
15	34526.0
16	43424.0
17	56200.0
18	70029.5
19	88106.5
20	106517.0
21	128458.0
22	151376.5
23	179681.5
24	209612.5
25	238484.5
26	272066.5
27	314445.0
28	361614.0
29	415569.5
30	470552.0
31	530476.0
32	591212.5
33	650770.5
34	710538.5
35	762009.5
36	808714.0
37	833057.0
38	849657.5
39	859181.5
40	868162.0
41	870810.0
42	872904.0
43	869810.5
44	863333.0
45	854207.5
46	845128.5
47	835099.5
48	824687.0
49	813619.5
50	802960.5
51	791769.5
52	778429.0
53	763754.0
54	748370.0
55	728039.0
56	704393.0
57	676480.0
58	647265.5
59	610090.0
60	569459.0
61	523182.0
62	476684.0
63	436492.5
64	389398.0
65	345179.0
66	302192.0
67	263953.5
68	227114.0
69	192558.5
70	161937.5
71	136390.0
72	113197.5
73	93357.5
74	75515.0
75	62345.0
76	52286.5
77	42508.5
78	33673.0
79	27082.5
80	21339.0
81	17308.0
82	13986.5
83	11242.5
84	8725.5
85	6785.0
86	5194.5
87	4091.0
88	3292.0
89	2599.5
90	1987.0
91	1616.5
92	1333.0
93	1098.5
94	876.5
95	752.5
96	657.5
97	603.5
98	555.0
99	663.0
100	774.0
>>END_MODULE
>>Per base N content	pass
#Base	N-Count
1	0.0
2	8.448487838401756E-4
3	0.0
4	1.8697473084987494E-4
5	0.001336523076075032
6	0.0023267966505762217
7	0.0012395732156343562
8	0.0010802984449103884
9	0.0017312475078692124
10	0.0017104725377747817
11	0.002451446471142805
12	0.013060531199365339
13	0.0018212723782784115
14	0.004598193380900628
15	0.020366395682573417
16	0.0031508704643219664
17	0.006398690789084609
18	0.002956970743440615
19	0.010269760216680168
20	0.017734899470612214
21	0.005770538957241416
22	0.014838544341578844
23	0.019137028570609407
24	0.00948776392156819
25	0.014833344856411964
26	0.0070385995118038575
27	0.01179095988087345
28	0.038260346238221964
29	0.012936459461373125
30	0.011406122357854992
31	0.02656909863944015
32	0.02735517613438053
33	0.010223379056253522
34	0.029169344678439495
35	0.01809842285172292
36	0.0111588126077966
37	0.024166609272465844
38	0.020906320312625466
39	0.01458211093497982
40	0.006136387626695213
41	0.020648772662682127
42	0.00808262072411674
43	0.011893335528425145
44	0.02925563108354881
45	0.0132826582266103
46	0.016346555980770873
47	0.011953136292933998
48	0.004604718350916673
49	0.004643633163299284
50	0.0062737191005735205
>>END_MODULE
>>Sequence Length Distribution	warn
#Length	Count
20	22390.0
21	23121.0
22	24896.0
23	25255.0
24	25702.0
25	26474.0
26	27450.0
27	28494.0
28	28766.0
29	31309.0
30	32346.0
31	33576.0
32	35094.0
33	36870.0
34	37491.0
35	39161.0
36	37888.0
37	38418.0
38	40021.0
39	42823.0
40	44222.0
41	50262.0
42	53719.0
43	64160.0
44	91742.0
45	156544.0
46	391684.0
47	832571.0
48	1652062.0
49	2193338.0
50	8272605.0
>>END_MODULE
>>Sequence Duplication Levels	warn
#Total Duplicate Percentage	31.666854039680715
#Duplication Level	Relative count
1	100.0
2	21.275697792529222
3	8.374225668464499
4	4.045122247814704
5	2.2561123907352036
6	1.3884318802844104
7	0.9363510207585231
8	0.6151733215067454
9	0.4542268129730039
10++	3.718222006037282
>>END_MODULE
>>Overrepresented sequences	pass
>>END_MODULE
>>Kmer Content	warn
#Sequence	Count	Obs/Exp Overall	Obs/Exp Max	Max Obs/Exp Position
AAAAA	3910625	4.2832537	5.285013	46
TTTTT	3707275	3.8714902	5.2293615	13
GAAAA	2167085	2.8248606	5.106446	4
AGAAA	2137890	2.786804	5.0937295	28
GAGAA	1415830	2.1964722	5.0739427	27
>>END_MODULE
