##FastQC	0.10.1
>>Basic Statistics	pass
#Measure	Value	
Filename	032-F5_S3_L001_R2_001_trimmed.fq.gz	
File type	Conventional base calls	
Encoding	Sanger / Illumina 1.9	
Total Sequences	43770613	
Filtered Sequences	0	
Sequence length	20-51	
%GC	44	
>>END_MODULE
>>Per base sequence quality	pass
#Base	Mean	Median	Lower Quartile	Upper Quartile	10th Percentile	90th Percentile
1	34.70984013863365	36.0	36.0	36.0	32.0	36.0
2	34.70557702721687	36.0	36.0	36.0	32.0	36.0
3	34.67892750325429	36.0	36.0	36.0	32.0	36.0
4	34.68730044973325	36.0	36.0	36.0	32.0	36.0
5	34.66186244638612	36.0	36.0	36.0	32.0	36.0
6	34.65411896333277	36.0	36.0	36.0	32.0	36.0
7	34.64305507898644	36.0	36.0	36.0	32.0	36.0
8	34.62646627772839	36.0	36.0	36.0	32.0	36.0
9	34.624489723276206	36.0	36.0	36.0	32.0	36.0
10	34.6055203065125	36.0	36.0	36.0	32.0	36.0
11	34.59411409202791	36.0	36.0	36.0	32.0	36.0
12	34.57562869864308	36.0	36.0	36.0	32.0	36.0
13	34.571756397380135	36.0	36.0	36.0	32.0	36.0
14	34.560568457197526	36.0	36.0	36.0	32.0	36.0
15	34.54227981682596	36.0	36.0	36.0	32.0	36.0
16	34.52398119258691	36.0	36.0	36.0	32.0	36.0
17	34.50575211272458	36.0	36.0	36.0	32.0	36.0
18	34.49963885586889	36.0	36.0	36.0	32.0	36.0
19	34.49771327168756	36.0	36.0	36.0	32.0	36.0
20	34.4920671547369	36.0	36.0	36.0	32.0	36.0
21	34.47000688324879	36.0	36.0	36.0	32.0	36.0
22	34.45852393945741	36.0	36.0	36.0	32.0	36.0
23	34.44625433233825	36.0	36.0	36.0	32.0	36.0
24	34.42104615532415	36.0	36.0	36.0	32.0	36.0
25	34.3996185456703	36.0	36.0	36.0	32.0	36.0
26	34.38249168036234	36.0	36.0	36.0	32.0	36.0
27	34.374411395258655	36.0	36.0	36.0	32.0	36.0
28	34.34865995573061	36.0	36.0	36.0	32.0	36.0
29	34.32681681462495	36.0	36.0	36.0	32.0	36.0
30	34.306206476891425	36.0	36.0	36.0	32.0	36.0
31	34.28386139760506	36.0	36.0	36.0	32.0	36.0
32	34.253519397502515	36.0	36.0	36.0	32.0	36.0
33	34.230170800146276	36.0	36.0	36.0	32.0	36.0
34	34.197206172135694	36.0	36.0	36.0	32.0	36.0
35	34.17526053214948	36.0	36.0	36.0	32.0	36.0
36	34.153272175648226	36.0	36.0	36.0	32.0	36.0
37	34.13433985562939	36.0	36.0	36.0	32.0	36.0
38	34.106725782073944	36.0	36.0	36.0	32.0	36.0
39	34.08936959739148	36.0	36.0	36.0	32.0	36.0
40	34.06819172197343	36.0	36.0	36.0	32.0	36.0
41	34.03969175723428	36.0	36.0	36.0	32.0	36.0
42	34.02670567879158	36.0	36.0	36.0	32.0	36.0
43	33.99083563472795	36.0	36.0	36.0	32.0	36.0
44	33.97583360467729	36.0	36.0	36.0	32.0	36.0
45	33.935075456951935	36.0	36.0	36.0	32.0	36.0
46	33.92359353978271	36.0	36.0	36.0	32.0	36.0
47	33.92176697108751	36.0	36.0	36.0	32.0	36.0
48	33.93835199755649	36.0	36.0	36.0	32.0	36.0
49	33.994308299752085	36.0	36.0	36.0	32.0	36.0
50	34.072278368523044	36.0	36.0	36.0	32.0	36.0
51	34.192032652367786	36.0	36.0	36.0	32.0	36.0
>>END_MODULE
>>Per sequence quality scores	pass
#Quality	Count
14	1222.0
15	3043.0
16	6010.0
17	10496.0
18	18117.0
19	29819.0
20	49274.0
21	76389.0
22	113008.0
23	160689.0
24	225386.0
25	309235.0
26	415275.0
27	543198.0
28	696650.0
29	883104.0
30	1111892.0
31	1422026.0
32	1893973.0
33	2795630.0
34	5266376.0
35	1.9289977E7
36	8449824.0
>>END_MODULE
>>Per base sequence content	pass
#Base	G	A	T	C
1	22.317845994069128	27.270659883150365	27.65288208323699	22.758612039543518
2	22.11233596385776	27.045949756289684	28.05167704642382	22.79003723342874
3	22.214251374546663	27.167083540730857	27.751032410718125	22.86763267400436
4	22.204116720960705	26.989075981183998	28.024048920676524	22.782758377178773
5	22.445253394098	26.99440375669402	27.583776356981794	22.976566492226187
6	21.942374898884783	27.29197555446619	27.83584730695912	22.929802239689902
7	21.904630396654486	27.32551632301791	28.001718870146963	22.768134410180636
8	22.15723823653098	27.172148582885963	27.99171444091953	22.678898739663527
9	21.78366796005347	27.40882335826551	28.19932176869444	22.608186912986575
10	22.067040733471107	27.511906218905363	27.868291449333825	22.552761598289703
11	22.367991510651223	27.654798894408906	27.60592135184399	22.37128824309589
12	21.807176883723333	27.63933874995079	28.026589437986622	22.52689492833925
13	21.94816188660643	27.385755369704327	28.176002469967692	22.49008027372155
14	21.978259705889887	27.058371332382297	28.33926954598511	22.624099415742705
15	21.888489430111477	27.328310435131442	28.146322739414227	22.636877395342854
16	22.10507766934861	27.871816645565374	27.849870414197763	22.173235270888256
17	22.19303165802133	27.62251239204715	27.742316517248682	22.442139432682836
18	22.04201481025637	27.898190505122695	27.79577247410266	22.264022210518274
19	22.02488002624044	27.74593995290859	28.034558254872966	22.19462176597801
20	22.0316539775214	27.52451741994109	27.963675080355856	22.480153522181652
21	22.09302594209164	27.692042081026173	27.952330580026192	22.262601396855995
22	21.964338640968165	27.702632048907418	28.035448376369036	22.297580933755384
23	22.14260814914585	27.41618390462589	27.902459679840014	22.538748266388247
24	22.049787503674935	27.751065788031966	27.96899013065174	22.23015657764136
25	22.101932920370892	27.711475210814452	27.828479830918475	22.358112037896188
26	22.257943490198983	27.926093839397193	27.65342377082488	22.162538899578944
27	21.91233287545534	27.996903235732635	27.92278861717526	22.167975271636763
28	21.91854995482501	27.8231734628315	27.866430312600666	22.391846269742825
29	22.02823628644933	27.7165479657476	28.00628840535067	22.248927342452394
30	22.099682538314056	27.764252686421514	27.87426191299433	22.261802862270102
31	22.208248889671488	27.82677770044655	27.77779944785872	22.187173962023245
32	22.121051507040445	27.778180599671142	27.803110583681946	22.297657309606464
33	22.019057195126017	27.773300395086487	27.917730365534826	22.28991204425267
34	22.202088141732652	27.989649974101816	27.76641576989866	22.041846114266868
35	22.174759253621286	27.8627810579853	27.648430137742196	22.31402955065122
36	22.31466829823445	27.99938169008665	27.624540684818093	22.061409326860808
37	21.975097619188276	27.879028766917717	27.901301305620073	22.24457230827393
38	21.961974540584205	27.65436356771538	28.010001867925403	22.37366002377501
39	21.881726793042816	27.809580713324284	27.988017905149114	22.320674588483786
40	22.07857346256925	27.866757457143027	27.87166400561955	22.183005074668177
41	22.288606751869118	27.954993488092956	27.707465551729328	22.048934208308594
42	22.137302482673782	28.08132621551252	27.680064084661815	22.10130721715188
43	22.135339833257962	28.046120327602846	27.7462896016283	22.072250237510893
44	22.158892268159207	27.736216938314357	27.74191402391382	22.362976769612615
45	21.964673141304143	27.80309289572523	27.94997174306243	22.2822622199082
46	22.083808988107787	27.827453199126868	27.71960612566732	22.369131687098026
47	22.016482928657503	27.920907254565652	27.83918120669912	22.22342861007773
48	22.09160120293901	28.20844784979467	27.84707153566518	21.85287941160114
49	22.34379284427786	28.224768318620335	27.77901675485555	21.65242208224625
50	22.257553833731038	28.469883024318776	27.840202763676153	21.432360378274034
51	21.923175506396998	28.762841728730937	28.087792099068754	21.22619066580331
>>END_MODULE
>>Per base GC content	pass
#Base	%GC
1	45.076458033612646
2	44.9023731972865
3	45.081884048551025
4	44.98687509813947
5	45.42181988632419
6	44.872177138574685
7	44.672764806835126
8	44.83613697619451
9	44.391854873040046
10	44.61980233176081
11	44.739279753747105
12	44.33407181206258
13	44.43824216032798
14	44.60235912163259
15	44.52536682545433
16	44.278312940236866
17	44.63517109070417
18	44.306037020774646
19	44.219501792218445
20	44.51180749970305
21	44.355627338947635
22	44.26191957472355
23	44.6813564155341
24	44.279944081316295
25	44.46004495826708
26	44.42048238977792
27	44.080308147092104
28	44.31039622456783
29	44.277163628901725
30	44.36148540058416
31	44.39542285169473
32	44.41870881664691
33	44.30896923937869
34	44.24393425599952
35	44.48878880427251
36	44.37607762509526
37	44.219669927462206
38	44.33563456435922
39	44.2024013815266
40	44.261578537237426
41	44.33754096017771
42	44.238609699825666
43	44.20759007076885
44	44.52186903777182
45	44.246935361212344
46	44.45294067520582
47	44.23991153873523
48	43.94448061454015
49	43.99621492652411
50	43.68991421200507
51	43.14936617220031
>>END_MODULE
>>Per sequence GC content	warn
#GC Content	Count
0	17256.0
1	15173.0
2	11823.5
3	11522.5
4	12757.5
5	14703.0
6	16920.0
7	20070.0
8	23240.0
9	28867.0
10	34860.5
11	45158.0
12	55511.5
13	73496.5
14	93142.0
15	125303.5
16	158614.5
17	207655.0
18	258388.0
19	326882.5
20	396897.0
21	484766.0
22	573955.0
23	679498.5
24	787576.0
25	894095.5
26	1095133.5
27	1228544.0
28	1366487.0
29	1505643.0
30	1648989.0
31	1793878.5
32	1936878.0
33	2082364.5
34	2217898.0
35	2347635.5
36	2459039.0
37	2563022.5
38	2618805.0
39	2671050.5
40	2686859.0
41	2693960.5
42	2673155.0
43	2640323.5
44	2583342.0
45	2521861.5
46	2454152.0
47	2383556.5
48	2312238.0
49	2239978.5
50	2178190.0
51	2122796.5
52	2076853.0
53	2029741.0
54	1981612.5
55	1929944.0
56	1873308.0
57	1810745.5
58	1727899.5
59	1630058.0
60	1521560.5
61	1405497.0
62	1282702.0
63	1167129.0
64	1040526.5
65	916619.5
66	806103.0
67	698831.5
68	600564.5
69	506484.0
70	430823.0
71	359701.5
72	301125.5
73	246161.5
74	200974.0
75	149582.5
76	124356.0
77	102636.5
78	82222.0
79	66552.5
80	52362.0
81	42907.0
82	34445.5
83	28061.5
84	22127.5
85	17559.0
86	13383.0
87	10846.5
88	8471.0
89	6678.0
90	5129.0
91	4277.5
92	3507.5
93	3166.5
94	2895.0
95	2848.0
96	2829.0
97	3162.5
98	4925.0
99	18712.5
100	31052.0
>>END_MODULE
>>Per base N content	pass
#Base	N-Count
1	0.0
2	0.0
3	0.0
4	0.0
5	0.0
6	0.0
7	0.0
8	0.0
9	0.0
10	0.0
11	0.0
12	0.0
13	0.0
14	0.0
15	0.0
16	0.0
17	0.0
18	0.0
19	0.0
20	0.0
21	0.0
22	0.0
23	0.0
24	0.0
25	0.0
26	0.0
27	0.0
28	0.0
29	0.0
30	0.0
31	0.0
32	0.0
33	0.0
34	0.0
35	0.0
36	0.0
37	0.0
38	0.0
39	0.0
40	0.0
41	0.0
42	0.0
43	0.0
44	0.0
45	0.0
46	0.0
47	0.0
48	0.0
49	0.0
50	0.0
51	0.0
>>END_MODULE
>>Sequence Length Distribution	warn
#Length	Count
20	51432.0
21	53655.0
22	55704.0
23	58010.0
24	60367.0
25	61669.0
26	64512.0
27	68075.0
28	71604.0
29	77386.0
30	78063.0
31	81741.0
32	83865.0
33	84927.0
34	86873.0
35	87449.0
36	90635.0
37	95777.0
38	101668.0
39	107542.0
40	113001.0
41	117243.0
42	123442.0
43	137780.0
44	170176.0
45	257271.0
46	464950.0
47	1198282.0
48	2549080.0
49	5092974.0
50	6974413.0
51	2.5051047E7
>>END_MODULE
>>Sequence Duplication Levels	warn
#Total Duplicate Percentage	40.98725390343027
#Duplication Level	Relative count
1	100.0
2	23.178169875500593
3	11.822416595452337
4	7.372777693996213
5	4.977462759094489
6	3.433368521590509
7	2.5385814105464233
8	1.8859230214983496
9	1.452772331976072
10++	10.901657199349856
>>END_MODULE
>>Overrepresented sequences	pass
>>END_MODULE
>>Kmer Content	warn
#Sequence	Count	Obs/Exp Overall	Obs/Exp Max	Max Obs/Exp Position
AAAAA	15298510	4.7318645	5.9183393	47
TTTTT	12608420	3.7686675	4.1840763	47
CCTGG	4227805	3.1324437	3.9621155	9
>>END_MODULE
