##FastQC	0.10.1
>>Basic Statistics	pass
#Measure	Value	
Filename	KS29_S2_L002_R2_001.fastq.gz	
File type	Conventional base calls	
Encoding	Sanger / Illumina 1.9	
Total Sequences	19494884	
Filtered Sequences	0	
Sequence length	35-75	
%GC	45	
>>END_MODULE
>>Per base sequence quality	pass
#Base	Mean	Median	Lower Quartile	Upper Quartile	10th Percentile	90th Percentile
1	31.465654886687194	32.0	32.0	32.0	32.0	32.0
2	31.28756421428309	32.0	32.0	32.0	32.0	32.0
3	31.34300783733825	32.0	32.0	32.0	32.0	32.0
4	31.381058435638806	32.0	32.0	32.0	32.0	32.0
5	31.36891078705572	32.0	32.0	32.0	32.0	32.0
6	35.10713333816195	36.0	36.0	36.0	36.0	36.0
7	35.10246242039707	36.0	36.0	36.0	36.0	36.0
8	35.046237207669456	36.0	36.0	36.0	36.0	36.0
9	35.132339900047626	36.0	36.0	36.0	36.0	36.0
10	34.9946410555713	36.0	36.0	36.0	36.0	36.0
11	35.10895622666952	36.0	36.0	36.0	36.0	36.0
12	35.02610756750335	36.0	36.0	36.0	36.0	36.0
13	35.060386509609394	36.0	36.0	36.0	36.0	36.0
14	35.01062637766913	36.0	36.0	36.0	36.0	36.0
15	34.98708425246336	36.0	36.0	36.0	36.0	36.0
16	34.991400256600656	36.0	36.0	36.0	36.0	36.0
17	34.97700114553131	36.0	36.0	36.0	36.0	36.0
18	34.967704296163035	36.0	36.0	36.0	36.0	36.0
19	34.962221729557356	36.0	36.0	36.0	36.0	36.0
20	34.9476110758084	36.0	36.0	36.0	36.0	36.0
21	34.93507906997549	36.0	36.0	36.0	36.0	36.0
22	34.92861409177915	36.0	36.0	36.0	36.0	36.0
23	34.91242076639184	36.0	36.0	36.0	36.0	36.0
24	34.90882387399689	36.0	36.0	36.0	36.0	36.0
25	34.88900472554748	36.0	36.0	36.0	36.0	36.0
26	34.873513892157554	36.0	36.0	36.0	36.0	36.0
27	34.86292183118402	36.0	36.0	36.0	36.0	36.0
28	34.85519944617265	36.0	36.0	36.0	36.0	36.0
29	34.83552171944188	36.0	36.0	36.0	36.0	36.0
30	34.81704420503348	36.0	36.0	36.0	36.0	36.0
31	34.80985575497654	36.0	36.0	36.0	36.0	36.0
32	34.79376671335926	36.0	36.0	36.0	36.0	36.0
33	34.779646598564014	36.0	36.0	36.0	36.0	36.0
34	34.76896430878994	36.0	36.0	36.0	36.0	36.0
35	34.75461526213749	36.0	36.0	36.0	36.0	36.0
36	34.739734329293604	36.0	36.0	36.0	36.0	36.0
37	34.731027160286025	36.0	36.0	36.0	36.0	36.0
38	34.71564779277924	36.0	36.0	36.0	32.0	36.0
39	34.700878017216795	36.0	36.0	36.0	32.0	36.0
40	34.6911060266598	36.0	36.0	36.0	32.0	36.0
41	34.67727850828431	36.0	36.0	36.0	32.0	36.0
42	34.67241676425338	36.0	36.0	36.0	32.0	36.0
43	34.65402520746664	36.0	36.0	36.0	32.0	36.0
44	34.62876757535099	36.0	36.0	36.0	32.0	36.0
45	34.61129933574595	36.0	36.0	36.0	32.0	36.0
46	34.5892604919197	36.0	36.0	36.0	32.0	36.0
47	34.579339068469686	36.0	36.0	36.0	32.0	36.0
48	34.555758234454366	36.0	36.0	36.0	32.0	36.0
49	34.52978700616919	36.0	36.0	36.0	32.0	36.0
50	34.50702657886337	36.0	36.0	36.0	32.0	36.0
51	34.49178626177139	36.0	36.0	36.0	32.0	36.0
52	34.4649999798473	36.0	36.0	36.0	32.0	36.0
53	34.4388895330202	36.0	36.0	36.0	32.0	36.0
54	34.40802211712784	36.0	36.0	36.0	32.0	36.0
55	34.38140107551554	36.0	36.0	36.0	32.0	36.0
56	34.366861277121124	36.0	36.0	36.0	32.0	36.0
57	34.3350451449076	36.0	36.0	36.0	32.0	36.0
58	34.31317003928108	36.0	36.0	36.0	32.0	36.0
59	34.27970658281872	36.0	36.0	36.0	32.0	36.0
60	34.24853663549663	36.0	36.0	36.0	32.0	36.0
61	34.21871277021539	36.0	36.0	36.0	32.0	36.0
62	34.19230170182706	36.0	36.0	36.0	32.0	36.0
63	34.181836180490954	36.0	36.0	36.0	32.0	36.0
64	34.145068063802974	36.0	36.0	36.0	32.0	36.0
65	34.11295196427565	36.0	36.0	36.0	32.0	36.0
66	34.076321605212584	36.0	36.0	36.0	32.0	36.0
67	34.05633154228726	36.0	36.0	36.0	32.0	36.0
68	34.028390987215964	36.0	36.0	36.0	32.0	36.0
69	34.00686551954609	36.0	36.0	36.0	32.0	36.0
70	33.97787247338524	36.0	36.0	36.0	32.0	36.0
71	33.9530875200947	36.0	36.0	36.0	32.0	36.0
72	33.93065641386954	36.0	36.0	36.0	32.0	36.0
73	33.90154015392499	36.0	36.0	36.0	32.0	36.0
74	33.845683311487925	36.0	36.0	36.0	27.0	36.0
75	32.81502086548599	36.0	32.0	36.0	14.0	36.0
>>END_MODULE
>>Per sequence quality scores	pass
#Quality	Count
2	4541.0
3	0.0
4	0.0
5	0.0
6	0.0
7	0.0
8	0.0
9	0.0
10	0.0
11	0.0
12	0.0
13	0.0
14	1354.0
15	3762.0
16	6258.0
17	9162.0
18	12305.0
19	16205.0
20	21281.0
21	28694.0
22	39254.0
23	55290.0
24	77672.0
25	110441.0
26	150211.0
27	198576.0
28	255533.0
29	323366.0
30	410691.0
31	530728.0
32	730137.0
33	1143826.0
34	2576470.0
35	1.2789127E7
>>END_MODULE
>>Per base sequence content	fail
#Base	G	A	T	C
1	44.91021229741487	17.739867122915754	11.288342182081623	26.06157839758775
2	17.130818332387385	19.417493585629096	36.275856250889795	27.17583183109372
3	20.046752925984492	20.89931141500564	28.726969554136943	30.32696610487292
4	13.65868129796656	14.506560734840477	36.09415692578107	35.74060104141189
5	15.254745667871127	34.473221605288614	35.075572456496566	15.196460270343682
6	34.796016673488	34.84102357767639	16.364478552275862	13.998481196559753
7	30.692266421375958	29.723499478690552	20.472410362403576	19.111823737529914
8	26.94126522042224	34.17474489802463	19.903646641826672	18.980343239726462
9	25.04073427543066	15.512713142092984	19.938186824110794	39.508365758365564
10	14.381132235589696	27.33316186380096	34.804831295170125	23.48087460543922
11	34.59805709935428	22.612567670050755	23.55419809697551	19.235177133619455
12	22.32407095144503	24.12703562990143	30.966325220649015	22.58256819800452
13	28.049347310101215	20.546334151225558	26.085472174604625	25.318846364068605
14	20.612705481889158	20.489536792656754	27.24091618090046	31.656841544553625
15	22.979923955160768	29.227823235332494	23.231858977545958	24.56039383196078
16	22.959365055812512	28.50092479131845	25.362237083257078	23.177473069611963
17	21.809811145960847	28.02752111648317	27.42428904406659	22.738378693489388
18	22.27040847870148	27.77692521881221	27.825585214175042	22.12708108831127
19	22.66365963903252	27.201019499759443	27.60506061899475	22.530260242213284
20	22.709297624982796	27.071509208432094	27.72634119368756	22.49285197289755
21	22.585544030702795	26.75733310593867	27.445961315303684	23.211161548054847
22	22.46332452948622	26.766604364017603	27.713493805624662	23.056577300871513
23	22.480563836152086	26.821375077903966	27.528504757458606	23.169556328485346
24	22.551922251958317	26.612266392643786	27.825569821936945	23.010241533460956
25	22.735012924092715	26.638920618277474	27.42534084700305	23.200725610626762
26	22.23512946898882	26.97581053345239	27.635116529247327	23.15394346831146
27	22.32513301587355	26.982172658531457	27.649831508865695	23.04286281672929
28	22.443386450407772	26.85975818896568	27.640514074072474	23.056341286554062
29	22.175566638309032	27.0682050079878	27.773236212415554	22.98299214128761
30	22.34184385569818	27.107491130351068	27.662817427071445	22.887847586879307
31	22.735141192743505	27.10141632704976	27.387239926973066	22.77620255323367
32	22.14895858938963	27.261439165026495	27.738152171052093	22.851450074531783
33	22.286529282732477	27.065419012892693	27.829505104143117	22.818546600231716
34	22.305384774398277	26.84187753904588	27.992662827945104	22.860074858610748
35	22.2228156785132	27.069723708813125	27.845728523094742	22.861732089578926
36	22.371017744852534	27.402265591379038	27.693955260499294	22.532761403269138
37	22.501742228225226	27.151952065374356	27.468396133946815	22.8779095724536
38	22.31410392491068	27.51785851400575	27.51836151290572	22.64967604817785
39	22.42718479996127	27.305904722125668	27.71244503632963	22.55446544158343
40	22.42963980986729	27.120860038983913	27.70913106667816	22.74036908447064
41	22.482146022445733	27.217500763139757	27.700624857753986	22.599728356660524
42	22.307988806677194	27.36534061085652	27.752176536523187	22.5744940459431
43	22.43971825860628	27.094562436331156	27.63583629640823	22.829883008654335
44	22.30866246286659	27.443005024959227	27.69490086392935	22.553431648244832
45	22.36881851836838	27.38966635437268	27.57532969376738	22.666185433491563
46	22.49936665592993	27.424534261778167	27.48109000856366	22.59500907372825
47	22.38641645923225	27.502991906941936	27.591484784097055	22.519106849728765
48	22.253297973829962	27.45503147102642	27.580685746459004	22.710984808684614
49	22.48985368588867	27.298407575144502	27.631264740174586	22.580473998792243
50	22.38344238225972	27.495788696648184	27.576985865727664	22.543783055364436
51	22.477168770579397	27.472517429105253	27.520528278379896	22.52978552193545
52	22.449079037130883	27.432743465538834	27.502363291578664	22.615814205751622
53	22.361219553289132	27.356011398262662	27.655768619942865	22.627000428505337
54	22.490111623401802	27.642693522410056	27.521448689678497	22.34574616450965
55	22.487813402131128	27.3927438732599	27.44642069959954	22.67302202500943
56	22.561735776869817	27.616288657527015	27.342787866065304	22.47918769953786
57	22.39432337353718	27.500246192094828	27.477451685223176	22.627978749144816
58	22.38634985284016	27.350376580979592	27.54714576843089	22.71612779774936
59	22.309917618516252	27.52564614295412	27.57038928195794	22.594046956571685
60	22.449468361334905	27.487193574770114	27.572132210291123	22.49120585360386
61	22.622739486354458	27.539515558122464	27.408521473168477	22.429223482354598
62	22.553232971221398	27.62276526104259	27.403939008304068	22.420062759431943
63	22.534858265299704	27.675039195828997	27.38524963282256	22.40485290604874
64	22.578482907224558	27.388227262899612	27.333232819929716	22.700057009946114
65	22.45162677124279	27.523016489875523	27.486296010370232	22.539060728511455
66	22.487692617177107	27.645663946500477	27.289038254821442	22.577605181500978
67	22.500993204347022	27.500395230641665	27.35992663172929	22.638684933282015
68	22.552478985516295	27.745466443492727	27.447070599699103	22.254983971291878
69	22.785439057141506	27.603192432814396	27.351229089799904	22.260139420244197
70	22.846670965307094	27.459802846410764	27.278908779973076	22.414617408309066
71	22.65872127039497	27.763492162583425	27.238819566483308	22.338967000538297
72	22.65230614232117	27.91449313320803	27.41456619554986	22.018634528920938
73	23.35544448387418	28.512793506114463	27.42454378801698	20.707218221994374
74	24.571239135512478	30.81081759224262	27.59706027042146	17.02088300182344
75	29.92010491350371	41.170562586690075	28.90933249980622	0.0
>>END_MODULE
>>Per base GC content	fail
#Base	%GC
1	70.97179069500262
2	44.30665016348111
3	50.37371903085741
4	49.39928233937845
5	30.45120593821481
6	48.79449787004775
7	49.80409015890587
8	45.9216084601487
9	64.54910003379622
10	37.86200684102891
11	53.83323423297374
12	44.90663914944955
13	53.36819367416982
14	52.26954702644279
15	47.54031778712155
16	46.136838125424475
17	44.54818983945024
18	44.39748956701275
19	45.193919881245805
20	45.20214959788035
21	45.796705578757646
22	45.51990183035773
23	45.65012016463743
24	45.56216378541927
25	45.935738534719476
26	45.389072937300284
27	45.367995832602844
28	45.49972773696184
29	45.158558779596646
30	45.22969144257748
31	45.51134374597717
32	45.00040866392141
33	45.105075882964194
34	45.16545963300903
35	45.08454776809213
36	44.90377914812168
37	45.37965180067883
38	44.96377997308853
39	44.9816502415447
40	45.170008894337926
41	45.08187437910626
42	44.88248285262029
43	45.26960126726062
44	44.86209411111142
45	45.03500395185995
46	45.094375729658175
47	44.905523308961016
48	44.96428278251457
49	45.07032768468091
50	44.92722543762416
51	45.00695429251485
52	45.064893242882505
53	44.98821998179447
54	44.83585778791145
55	45.16083542714056
56	45.04092347640768
57	45.022302122682
58	45.10247765058952
59	44.90396457508793
60	44.94067421493877
61	45.051962968709056
62	44.97329573065334
63	44.93971117134844
64	45.278539917170676
65	44.990687499754245
66	45.06529779867809
67	45.13967813762904
68	44.807462956808166
69	45.0455784773857
70	45.26128837361617
71	44.99768827093327
72	44.67094067124211
73	44.062662705868554
74	41.59212213733592
75	29.92010491350371
>>END_MODULE
>>Per sequence GC content	warn
#GC Content	Count
0	4622.0
1	2388.0
2	193.0
3	297.0
4	362.5
5	452.5
6	653.0
7	936.5
8	1112.0
9	1275.5
10	1899.5
11	2834.5
12	3332.5
13	4189.0
14	6165.5
15	9293.5
16	11859.5
17	16472.5
18	26825.5
19	40453.5
20	49864.5
21	65206.5
22	93765.0
23	126132.5
24	148284.0
25	176469.5
26	224486.0
27	273479.0
28	305794.0
29	346477.0
30	409153.5
31	468663.0
32	508196.5
33	552487.0
34	625533.0
35	692344.5
36	731175.0
37	769846.0
38	811843.0
39	837196.0
40	854201.0
41	860747.0
42	857717.5
43	848533.0
44	844996.5
45	833890.0
46	808515.0
47	781249.0
48	766148.5
49	749365.5
50	717591.5
51	686587.0
52	669579.5
53	656395.0
54	632374.5
55	608694.0
56	595918.5
57	580895.0
58	551024.5
59	513582.0
60	481150.5
61	442407.5
62	393461.0
63	348674.0
64	314696.5
65	284605.5
66	242806.0
67	199894.5
68	169725.5
69	147210.0
70	120053.0
71	93478.5
72	75688.5
73	64050.5
74	50537.0
75	38507.0
76	31183.5
77	26270.5
78	20800.0
79	16001.5
80	12867.0
81	10803.0
82	8423.5
83	6038.0
84	4571.0
85	3771.5
86	2984.0
87	2237.5
88	1882.5
89	1660.0
90	1418.0
91	1287.5
92	1204.5
93	1172.5
94	1099.0
95	1032.0
96	1010.5
97	1112.0
98	1430.0
99	7266.0
100	12887.0
>>END_MODULE
>>Per base N content	pass
#Base	N-Count
1	0.29969401202900203
2	0.15987271327185124
3	0.06395011121892287
4	0.023662618356692963
5	0.023503602278423408
6	0.02329329069103463
7	0.02329329069103463
8	0.02329329069103463
9	0.02329329069103463
10	0.02329329069103463
11	0.02329329069103463
12	0.02329329069103463
13	0.02329329069103463
14	0.02329329069103463
15	0.02329329069103463
16	0.02329329069103463
17	0.02329329069103463
18	0.02329329069103463
19	0.02329329069103463
20	0.02329329069103463
21	0.02329329069103463
22	0.02329329069103463
23	0.02329329069103463
24	0.02329329069103463
25	0.02329329069103463
26	0.02329329069103463
27	0.02329329069103463
28	0.02329329069103463
29	0.02329329069103463
30	0.02329329069103463
31	0.02329329069103463
32	0.02329329069103463
33	0.02329329069103463
34	0.02329329069103463
35	0.02329329069103463
36	0.0
37	0.0
38	0.0
39	0.0
40	0.0
41	0.0
42	0.0
43	0.0
44	0.0
45	0.0
46	0.0
47	0.0
48	0.0
49	0.0
50	0.0
51	0.0
52	0.0
53	0.0
54	0.0
55	0.0
56	0.0
57	0.0
58	0.0
59	0.0
60	0.0
61	0.0
62	0.0
63	0.0
64	0.0
65	0.0
66	0.0
67	0.0
68	0.0
69	0.0
70	0.0
71	0.0
72	0.0
73	0.0
74	0.0
75	0.0
>>END_MODULE
>>Sequence Length Distribution	warn
#Length	Count
35	6021.0
36	2323.0
37	3396.0
38	4141.0
39	4816.0
40	5276.0
41	5879.0
42	6892.0
43	8022.0
44	9170.0
45	10330.0
46	11236.0
47	11755.0
48	12624.0
49	13017.0
50	13530.0
51	14210.0
52	15264.0
53	16571.0
54	17854.0
55	19249.0
56	19895.0
57	21071.0
58	21518.0
59	22258.0
60	22891.0
61	23494.0
62	24508.0
63	25743.0
64	28105.0
65	29768.0
66	29843.0
67	31711.0
68	33318.0
69	40881.0
70	54451.0
71	130117.0
72	471859.0
73	1353588.0
74	4203641.0
75	1.2694648E7
>>END_MODULE
>>Sequence Duplication Levels	warn
#Total Duplicate Percentage	33.18086167890063
#Duplication Level	Relative count
1	100.0
2	21.853330376284468
3	9.427071782361203
4	4.991498484512457
5	2.9733126339912768
6	1.8814223405041768
7	1.2988837140533747
8	0.8775042507577437
9	0.6586826347305389
10++	3.890737044429659
>>END_MODULE
>>Overrepresented sequences	pass
>>END_MODULE
>>Kmer Content	warn
#Sequence	Count	Obs/Exp Overall	Obs/Exp Max	Max Obs/Exp Position
AAAAA	7396980	3.831556	8.381877	71
TTTTT	6321295	3.0960784	5.4438567	71
CCTGG	3110385	3.030645	12.120455	3
GGGGG	2609260	2.955014	5.0854564	71
CCAGG	2952355	2.9090586	12.359777	3
CCCAG	2815900	2.7986214	11.321403	2
CTGGG	2814750	2.7190533	10.952077	4
CCAGC	2629955	2.6138172	6.35069	3
GCTGG	2604435	2.5158887	6.9677496	3
GGAGG	2582705	2.50134	5.6262746	6
CAGCA	2951235	2.4868145	6.7230506	4
TGCTG	2987150	2.4402125	7.48411	2
TCCAG	2883505	2.4026878	8.623626	2
CAGCC	2364065	2.3495586	5.4991045	9
CTCCA	2762650	2.3219106	6.309479	1
CAGGA	2769155	2.3133636	9.78584	4
CTCCT	2768055	2.3005483	6.1467276	1
GGCTG	2367910	2.2874053	8.2555065	7
AGGAG	2750230	2.2778368	6.902733	5
CTGGA	2751345	2.2728915	8.756273	4
CTGCT	2746270	2.262856	6.563437	9
TCCTG	2734340	2.253026	8.847097	2
GCTGC	2286635	2.228013	5.62795	8
CCTGC	2264380	2.2254264	6.2028694	3
AGCAG	2662595	2.2243426	5.537797	7
GGCAG	2271645	2.219123	6.42466	7
CTGCC	2251335	2.2126057	5.72931	9
CTGCA	2628945	2.1905751	6.6446896	4
GCAGG	2228785	2.177254	6.694138	3
CCCTG	2208245	2.170257	9.147638	2
CAGAG	2585310	2.1597784	7.5641513	4
GCCTG	2201750	2.1453044	6.989739	7
TGCAG	2593870	2.1428008	7.0757375	2
CTCTG	2597435	2.1402197	7.552647	2
TGGAG	2536105	2.0771022	6.4688787	5
CAGGG	2111550	2.0627294	9.238109	4
AGCTG	2486280	2.0539205	5.87555	7
CTGGC	2078995	2.0256963	5.648804	4
GCCAG	2054980	2.0248437	5.3340397	2
CCCCA	2016245	2.021218	6.874899	1
CAGGC	2040070	2.010152	6.1798506	4
CAGAA	2788370	1.9920615	5.368643	4
CACAG	2358830	1.9876332	7.1138864	7
GGAGA	2384305	1.9747651	5.448519	6
CTGTG	2400165	1.9607028	8.991323	9
GGGAG	2024160	1.960391	5.45538	7
CTCAG	2314420	1.9284962	6.1084013	2
TTCTG	2778170	1.9192089	5.2289314	2
CTGAG	2299050	1.8992497	5.9808745	4
GGCCA	1899840	1.8719785	6.364433	1
CCAGA	2220405	1.8709916	6.6330495	3
TGGGG	1922130	1.840847	6.241284	5
CCTCT	2211795	1.8382372	5.6078024	1
TCTGG	2221250	1.8145465	6.442796	3
CACTG	2134100	1.7782441	7.3465285	7
TGGCC	1816460	1.7698917	5.741563	5
ACCTG	2119655	1.7662078	5.527619	7
CAGTG	2129235	1.758965	6.5650554	9
AGAGG	2112570	1.7497045	5.052145	5
CCTGA	2051290	1.7092426	5.554956	3
GCCCA	1709400	1.698911	7.0796895	1
ACAGA	2331605	1.6657404	5.8398285	8
GAGAG	2003660	1.6595014	5.3577585	7
TCAGG	1973880	1.630626	5.8440766	3
GGGCC	1405855	1.619827	5.332022	6
GGCCT	1659335	1.616795	5.0852137	6
CCTGT	1938485	1.5972618	5.573671	8
TGGGC	1649170	1.5931011	6.528667	5
AGGTG	1920150	1.5726272	5.2244077	7
GTGTG	1870355	1.5147874	7.7399287	1
ACACA	2075410	1.4955443	6.3285985	6
TGTGT	2162710	1.4812169	5.8034687	10
CCTTG	1768610	1.4572893	5.007944	2
CACAC	1710335	1.4536632	6.4568644	5
CTGTC	1749695	1.4417037	5.813684	9
ACAGC	1710630	1.4414371	5.4922132	8
GCCCT	1466040	1.4408201	6.128597	1
GCTGT	1760220	1.4379295	5.180922	8
GGGCT	1480595	1.4302574	5.9506617	6
GACAG	1693375	1.4146523	7.0034094	7
AGGGC	1386990	1.3549217	5.6045356	5
AGACA	1890730	1.3507714	5.3460894	6
GGACA	1503590	1.2561053	6.035012	6
GTCCT	1511880	1.2457502	7.862928	1
ACTGC	1487905	1.2398006	5.1769648	8
GTGCT	1494170	1.2205924	6.6046677	1
GTCCA	1406425	1.1719072	6.697651	1
AGGAC	1399305	1.1689851	7.563821	5
TGTGC	1414280	1.1553301	5.770086	10
AGCAC	1369230	1.1537614	5.484263	5
GTCTT	1641895	1.1342499	5.2954383	1
GTGCA	1301055	1.0748041	6.089123	1
TGGAC	1299125	1.0732096	5.948161	5
TGCAC	1268420	1.0569141	5.4240713	5
ACAGT	1495080	1.0562185	5.6306057	8
ACTGT	1499850	1.0477899	6.3664684	8
GACTG	1260630	1.0414088	5.9542184	7
GGACC	1006290	0.9915327	5.0745163	6
GGACT	1149110	0.949282	5.2152557	6
GTGTA	931775	0.64534867	5.8919625	1
>>END_MODULE
