##FastQC	0.10.1
>>Basic Statistics	pass
#Measure	Value	
Filename	KS30_S4_L003_R1_001.fastq.gz	
File type	Conventional base calls	
Encoding	Sanger / Illumina 1.9	
Total Sequences	25206988	
Filtered Sequences	0	
Sequence length	35-75	
%GC	45	
>>END_MODULE
>>Per base sequence quality	pass
#Base	Mean	Median	Lower Quartile	Upper Quartile	10th Percentile	90th Percentile
1	31.435257675371606	32.0	32.0	32.0	32.0	32.0
2	31.5075553652027	32.0	32.0	32.0	32.0	32.0
3	31.59776292986691	32.0	32.0	32.0	32.0	32.0
4	31.67583901733916	32.0	32.0	32.0	32.0	32.0
5	31.646355447148228	32.0	32.0	32.0	32.0	32.0
6	35.317491244888124	36.0	36.0	36.0	36.0	36.0
7	35.33282588145795	36.0	36.0	36.0	36.0	36.0
8	35.278099271519466	36.0	36.0	36.0	36.0	36.0
9	35.369457350477575	36.0	36.0	36.0	36.0	36.0
10	35.27261654585625	36.0	36.0	36.0	36.0	36.0
11	35.35129952852756	36.0	36.0	36.0	36.0	36.0
12	35.298802935122595	36.0	36.0	36.0	36.0	36.0
13	35.319493943504874	36.0	36.0	36.0	36.0	36.0
14	35.29131255190029	36.0	36.0	36.0	36.0	36.0
15	35.26107712670788	36.0	36.0	36.0	36.0	36.0
16	35.26539961855022	36.0	36.0	36.0	36.0	36.0
17	35.27023347652643	36.0	36.0	36.0	36.0	36.0
18	35.273852949031436	36.0	36.0	36.0	36.0	36.0
19	35.2438969304861	36.0	36.0	36.0	36.0	36.0
20	35.24802388131418	36.0	36.0	36.0	36.0	36.0
21	35.23781048334692	36.0	36.0	36.0	36.0	36.0
22	35.228086671838774	36.0	36.0	36.0	36.0	36.0
23	35.215367619487104	36.0	36.0	36.0	36.0	36.0
24	35.2001624708196	36.0	36.0	36.0	36.0	36.0
25	35.186052534321036	36.0	36.0	36.0	36.0	36.0
26	35.14405176056735	36.0	36.0	36.0	36.0	36.0
27	35.125336236126266	36.0	36.0	36.0	36.0	36.0
28	35.117084159360886	36.0	36.0	36.0	36.0	36.0
29	35.102206895960755	36.0	36.0	36.0	36.0	36.0
30	35.08413754154205	36.0	36.0	36.0	36.0	36.0
31	35.07861482696782	36.0	36.0	36.0	36.0	36.0
32	35.059553287366185	36.0	36.0	36.0	36.0	36.0
33	35.0565167881224	36.0	36.0	36.0	36.0	36.0
34	35.039897666472484	36.0	36.0	36.0	36.0	36.0
35	35.011409534530664	36.0	36.0	36.0	36.0	36.0
36	35.02570661223579	36.0	36.0	36.0	36.0	36.0
37	35.007978385135026	36.0	36.0	36.0	36.0	36.0
38	34.99695882706896	36.0	36.0	36.0	36.0	36.0
39	34.9821711024923	36.0	36.0	36.0	36.0	36.0
40	34.96349948142254	36.0	36.0	36.0	36.0	36.0
41	34.951062717829586	36.0	36.0	36.0	36.0	36.0
42	34.941482086991044	36.0	36.0	36.0	36.0	36.0
43	34.92730807595078	36.0	36.0	36.0	36.0	36.0
44	34.91678994598109	36.0	36.0	36.0	36.0	36.0
45	34.900819026731924	36.0	36.0	36.0	36.0	36.0
46	34.88526344984877	36.0	36.0	36.0	36.0	36.0
47	34.86862637391131	36.0	36.0	36.0	36.0	36.0
48	34.83536418226515	36.0	36.0	36.0	36.0	36.0
49	34.83641536477723	36.0	36.0	36.0	36.0	36.0
50	34.81355134709794	36.0	36.0	36.0	36.0	36.0
51	34.793528392224076	36.0	36.0	36.0	36.0	36.0
52	34.7708775150529	36.0	36.0	36.0	36.0	36.0
53	34.7614874472776	36.0	36.0	36.0	36.0	36.0
54	34.73291556332636	36.0	36.0	36.0	36.0	36.0
55	34.69985235940236	36.0	36.0	36.0	32.0	36.0
56	34.6849148050432	36.0	36.0	36.0	32.0	36.0
57	34.65884491962928	36.0	36.0	36.0	32.0	36.0
58	34.634847193061276	36.0	36.0	36.0	32.0	36.0
59	34.612102522818695	36.0	36.0	36.0	32.0	36.0
60	34.59141593237381	36.0	36.0	36.0	32.0	36.0
61	34.567833863478604	36.0	36.0	36.0	32.0	36.0
62	34.542469578379446	36.0	36.0	36.0	32.0	36.0
63	34.50715957795907	36.0	36.0	36.0	32.0	36.0
64	34.47868870174818	36.0	36.0	36.0	32.0	36.0
65	34.44487699676979	36.0	36.0	36.0	32.0	36.0
66	34.42371229479205	36.0	36.0	36.0	32.0	36.0
67	34.4050170380235	36.0	36.0	36.0	32.0	36.0
68	34.38321809262953	36.0	36.0	36.0	32.0	36.0
69	34.35372101350613	36.0	36.0	36.0	32.0	36.0
70	34.31785058898883	36.0	36.0	36.0	32.0	36.0
71	34.28753764683393	36.0	36.0	36.0	32.0	36.0
72	34.25575202572996	36.0	36.0	36.0	32.0	36.0
73	34.2156336530053	36.0	36.0	36.0	32.0	36.0
74	34.1796237968044	36.0	36.0	36.0	32.0	36.0
75	33.425350926380354	36.0	36.0	36.0	27.0	36.0
>>END_MODULE
>>Per sequence quality scores	pass
#Quality	Count
2	8694.0
3	0.0
4	0.0
5	0.0
6	0.0
7	0.0
8	0.0
9	0.0
10	0.0
11	0.0
12	8.0
13	16.0
14	35.0
15	23.0
16	35.0
17	75.0
18	183.0
19	686.0
20	2354.0
21	6241.0
22	13134.0
23	24810.0
24	45410.0
25	78114.0
26	125006.0
27	186299.0
28	264138.0
29	356832.0
30	470491.0
31	624065.0
32	869080.0
33	1389225.0
34	3271910.0
35	1.7470124E7
>>END_MODULE
>>Per base sequence content	fail
#Base	G	A	T	C
1	43.49204504241861	18.47236724852915	11.334830068335974	26.700757640716272
2	16.585301698840208	20.32029204001192	35.147185764247915	27.947220496899956
3	18.64540909313688	21.76548873363551	28.5810295840165	31.00807258921111
4	13.03337043372857	15.271910868251638	35.5018161150116	36.1929025830082
5	14.703110105010737	35.430674814682796	34.252578578673685	15.613636501632792
6	34.64523431625967	35.50295111248404	15.937678161862861	13.914136409393429
7	30.655357065045752	29.952083264049545	20.300021104603353	19.092538566301354
8	26.69720815226618	34.48221534362604	19.613490500587062	19.207086003520715
9	24.63321921714224	15.463265092470149	19.832386271864276	40.071129418523334
10	14.136984829211057	27.27800143930379	34.794581728429705	23.790432003055447
11	34.46458716609942	22.742531696788678	23.45800870487502	19.334872432236878
12	22.069279769495505	24.22584243203131	31.093164481690707	22.611713316782478
13	27.982767404809227	20.54096995614068	26.134475611721967	25.341787027328124
14	20.533969482219707	20.430295797009116	27.252003647548523	31.783731073222654
15	22.82840073765408	29.301926827410828	23.27942789385347	24.590244541081624
16	22.91419224115406	28.650303471323333	25.196684087257253	23.238820200265355
17	21.648850513451425	28.096830682267615	27.386683400074624	22.867635404206332
18	22.099278489520383	27.943426860470616	27.801178875610717	22.156115774398284
19	22.582958586231733	27.299846788536268	27.623311733019936	22.49388289221206
20	22.65656608668946	27.187718975681246	27.637594758913984	22.51812017871531
21	22.51409162858406	26.882577844357243	27.43752414349956	23.16580638355914
22	22.38060384706463	26.78050845880293	27.691082201576638	23.147805492555797
23	22.426992901774323	26.884814984711845	27.50609575602197	23.182096357491858
24	22.449776619177605	26.735078630938435	27.774092332856476	23.041052417027487
25	22.658548320833802	26.71465350231354	27.394226245016217	23.23257193183644
26	22.198520037546736	27.02465365865584	27.602634018213628	23.174192285583796
27	22.188485915368588	27.034219335699234	27.705089743660466	23.07220500527171
28	22.382005156323988	26.85476936157432	27.691005197438695	23.072220284662993
29	22.03604816290398	27.078654062116392	27.840441896632324	23.044855878347303
30	22.26040722128668	27.132576305970623	27.67341955774667	22.933596914996023
31	22.577224400265347	27.19745082635223	27.44095421770329	22.784370555679136
32	22.088812324274446	27.2701451402383	27.77737071624184	22.863671819245415
33	22.128349887063482	27.072772199543905	27.90426069543367	22.894617217958942
34	22.172151217705707	26.795574025712597	28.08401392879256	22.94826082778913
35	22.11398575255498	27.048964348678872	27.876328696786135	22.96072120198001
36	22.245755698463178	27.4937883768522	27.708788850379563	22.55166707430506
37	22.361782711226507	27.22616580516583	27.56039239973639	22.851659083871276
38	22.226607938136098	27.543824321421763	27.550312886635993	22.679254853806153
39	22.213812499247712	27.391842203247315	27.79715350938296	22.597191788122014
40	22.217224471783968	27.18502726604487	27.760563843749285	22.837184418421877
41	22.284582912447373	27.290961297573034	27.779451383348302	22.645004406631294
42	22.1487056794224	27.371178967048493	27.80949405873085	22.67062129479826
43	22.290918414495792	27.13063663625685	27.69442312874065	22.88402182050671
44	22.195345321810215	27.474128788106505	27.736142403609737	22.59438348647354
45	22.193543852944668	27.436893897811505	27.663062751299	22.706499497944826
46	22.375042960650497	27.484841832050638	27.515363278768806	22.624751928530063
47	22.14569492245746	27.595989532923028	27.69492381398057	22.563391730638944
48	22.100548607656002	27.479113931356164	27.657862644829933	22.7624748161579
49	22.27919306166442	27.34029896589701	27.742620413600434	22.637887558838138
50	22.235819567770797	27.472342787174796	27.66629194307481	22.625545701979597
51	22.318134533548907	27.47698807858714	27.61126282320408	22.593614564659873
52	22.316569139096373	27.418700574970234	27.590515972784612	22.67421431314878
53	22.197014922978724	27.39463204310472	27.70344708235181	22.70490595156474
54	22.345669900264625	27.630007238631244	27.60635097731963	22.41797188378451
55	22.33946331477229	27.445445362559372	27.52211468080377	22.69297664186457
56	22.427842497526644	27.610148636413438	27.459165918868578	22.502842947191336
57	22.198899850202277	27.50323323422299	27.628912144913357	22.668954770661372
58	22.20649053660243	27.300882062259795	27.714067745541065	22.778559655596705
59	22.10819832691327	27.52575614533742	27.724604068114928	22.641441459634386
60	22.27707155565392	27.495644109501992	27.684874175047696	22.54241015979639
61	22.467224552088283	27.517242482528705	27.525167919435116	22.490365045947893
62	22.358763582149948	27.64316843477639	27.470847932427656	22.52722005064601
63	22.327386101947273	27.667083516156715	27.526688153134245	22.47884222876177
64	22.414796559187156	27.39028689681718	27.47389867170425	22.721017872291412
65	22.241622008782482	27.464307565009875	27.664409695253877	22.629660730953766
66	22.276965233795266	27.51890504403354	27.516412398459877	22.68771732371131
67	22.28713324254226	27.447354364345916	27.55646137772725	22.709051015384578
68	22.352823253001848	27.678430077589788	27.61726997818815	22.351476691220203
69	22.566330806334182	27.572061461952917	27.52599152560824	22.33561620610466
70	22.593796074539167	27.437218415534165	27.45554394541384	22.51344156451283
71	22.47399574384208	27.697797210176223	27.37244703364816	22.455760012333535
72	22.4409749929836	27.835761431543865	27.60426900861211	22.118994566860426
73	23.10566636458022	28.393080344237198	27.64945892238842	20.85179436879416
74	24.350503106868608	30.79105226258453	27.744483418393756	17.11396121215311
75	29.724834407900985	41.03810330727545	29.237062284823566	0.0
>>END_MODULE
>>Per base GC content	fail
#Base	%GC
1	70.19280268313489
2	44.532522195740164
3	49.65348168234799
4	49.22627301673677
5	30.316746606643523
6	48.559370725653096
7	49.747895631347106
8	45.90429415578689
9	64.70434863566558
10	37.9274168322665
11	53.7994595983363
12	44.68099308627798
13	53.32455443213735
14	52.31770055544236
15	47.4186452787357
16	46.15301244141941
17	44.51648591765776
18	44.25539426391867
19	45.07684147844379
20	45.174686265404766
21	45.679898012143205
22	45.52840933962043
23	45.609089259266185
24	45.49082903620509
25	45.891120252670234
26	45.37271232313053
27	45.26069092064029
28	45.45422544098698
29	45.08090404125129
30	45.19400413628271
31	45.36159495594448
32	44.95248414351986
33	45.022967105022424
34	45.12041204549484
35	45.074706954534996
36	44.79742277276823
37	45.21344179509778
38	44.905862791942255
39	44.81100428736973
40	45.05440889020584
41	44.92958731907867
42	44.81932697422066
43	45.1749402350025
44	44.789728808283755
45	44.9000433508895
46	44.999794889180556
47	44.7090866530964
48	44.8630234238139
49	44.91708062050256
50	44.861365269750394
51	44.91174909820878
52	44.990783452245154
53	44.901920874543464
54	44.763641784049135
55	45.03243995663686
56	44.93068544471798
57	44.86785462086365
58	44.98505019219914
59	44.749639786547654
60	44.81948171545031
61	44.95758959803617
62	44.885983632795956
63	44.80622833070904
64	45.135814431478565
65	44.87128273973625
66	44.96468255750658
67	44.99618425792684
68	44.70429994422205
69	44.90194701243884
70	45.107237639051995
71	44.92975575617562
72	44.55996955984403
73	43.95746073337438
74	41.464464319021715
75	29.724834407900985
>>END_MODULE
>>Per sequence GC content	warn
#GC Content	Count
0	8699.0
1	4354.0
2	27.0
3	62.5
4	79.5
5	103.5
6	205.5
7	389.0
8	502.5
9	721.5
10	1344.0
11	2454.5
12	3203.0
13	4337.0
14	7367.5
15	12476.5
16	16590.5
17	23918.0
18	39355.0
19	58741.5
20	72116.5
21	93647.0
22	134019.5
23	179005.5
24	209121.5
25	247263.5
26	311671.5
27	376298.0
28	418604.5
29	469275.5
30	547944.5
31	622525.5
32	671414.0
33	725251.5
34	813737.5
35	895211.5
36	942875.0
37	988612.0
38	1038656.5
39	1072144.5
40	1094163.0
41	1102160.0
42	1096302.0
43	1081951.5
44	1076190.5
45	1059759.5
46	1024824.5
47	985980.0
48	964478.5
49	941599.5
50	900479.5
51	863502.5
52	842941.5
53	829224.5
54	804803.0
55	780642.5
56	768547.5
57	753855.5
58	720241.0
59	675578.5
60	635970.0
61	587117.0
62	525170.0
63	466580.0
64	421695.5
65	382795.5
66	327958.0
67	270832.5
68	230433.5
69	200331.5
70	163469.0
71	126976.0
72	102675.0
73	87075.5
74	69246.0
75	52718.0
76	42136.5
77	35210.0
78	27668.5
79	20880.5
80	16582.5
81	13838.0
82	10730.5
83	7602.0
84	5643.5
85	4597.0
86	3388.0
87	2227.5
88	1774.0
89	1450.0
90	941.0
91	618.5
92	509.5
93	511.0
94	435.5
95	281.5
96	209.0
97	164.0
98	100.0
99	70.0
100	62.0
>>END_MODULE
>>Per base N content	pass
#Base	N-Count
1	0.06409333792676856
2	0.03489905259604995
3	0.03472449782576165
4	0.034490435747420514
5	0.03454200874773297
6	0.034490435747420514
7	0.034490435747420514
8	0.034490435747420514
9	0.034490435747420514
10	0.034490435747420514
11	0.034490435747420514
12	0.034490435747420514
13	0.034490435747420514
14	0.034490435747420514
15	0.034621351825136745
16	0.036577158683139765
17	0.034490435747420514
18	0.034672924825449196
19	0.04141708640476997
20	0.03451027151677146
21	0.034490435747420514
22	0.035383045368212976
23	0.034589614594175234
24	0.03476813651833373
25	0.036672370376024305
26	0.038052939922849964
27	0.03679535214600015
28	0.03646607837477449
29	0.0373745566110477
30	0.037624487304869586
31	0.03889000938945978
32	0.05106520461706889
33	0.03826716623184015
34	0.04184157186888017
35	0.05880115466393684
36	0.006366215684053447
37	0.008780979350725176
38	0.006349178112989322
39	0.013774634820251146
40	0.021682390604949028
41	0.010271146338634447
42	0.01859874058252353
43	0.022677957212583054
44	0.012201208719807781
45	0.018809337095147642
46	0.011404375724632279
47	0.01562547994397645
48	0.04427814644516868
49	0.017564384797633392
50	0.015524081100966872
51	0.030999657502815685
52	0.033491840009640526
53	0.01413549706021762
54	0.036031589298971226
55	0.0233362081302031
56	0.015943955808488106
57	0.029323998849274727
58	0.027130097832899245
59	0.01817548497370753
60	0.011325427610705145
61	0.026559559305653766
62	0.012470394468658424
63	0.017193201527990472
64	0.03474143408167616
65	0.019908093749734047
66	0.02226566680675669
67	0.02045567832185488
68	0.010787701954292885
69	0.009999407169218258
70	0.0256056199569676
71	0.010013195578683793
72	0.0061414363666067355
73	0.015831273614681615
74	0.006592695063838037
75	0.024508423251755996
>>END_MODULE
>>Sequence Length Distribution	warn
#Length	Count
35	11486.0
36	4690.0
37	6450.0
38	7651.0
39	8822.0
40	10035.0
41	10990.0
42	12325.0
43	14077.0
44	15909.0
45	17691.0
46	18832.0
47	19556.0
48	20555.0
49	21608.0
50	22164.0
51	22843.0
52	24084.0
53	25746.0
54	27397.0
55	28263.0
56	29732.0
57	30742.0
58	31214.0
59	32168.0
60	32753.0
61	32784.0
62	34592.0
63	35838.0
64	38140.0
65	40283.0
66	40257.0
67	42079.0
68	43786.0
69	53039.0
70	70430.0
71	169380.0
72	607120.0
73	1755298.0
74	5439741.0
75	1.6296438E7
>>END_MODULE
>>Sequence Duplication Levels	warn
#Total Duplicate Percentage	38.055236927458274
#Duplication Level	Relative count
1	100.0
2	24.584354322475598
3	11.689959852179395
4	6.5481654122135575
5	4.092204298929658
6	2.6898241637200986
7	1.8876659190498615
8	1.3712516063119078
9	0.9961129247248318
10++	5.773943026810443
>>END_MODULE
>>Overrepresented sequences	pass
>>END_MODULE
>>Kmer Content	warn
#Sequence	Count	Obs/Exp Overall	Obs/Exp Max	Max Obs/Exp Position
AAAAA	9676870	3.8223228	7.5766354	71
TTTTT	8911765	3.3710318	6.096157	71
CCTGG	4112450	3.1309915	12.474423	3
CCAGG	3889920	2.9873116	13.9269705	3
CCCAG	3777095	2.8875065	12.640985	2
CTGGG	3710495	2.8378396	11.00179	4
CCAGC	3526445	2.69589	7.155519	3
GGAGG	3332180	2.5823667	5.9515557	6
GCTGG	3363940	2.5727894	6.367476	3
TCCAG	3787340	2.4363587	9.420792	2
CAGCA	3750730	2.4337804	6.8792577	4
CAGCC	3180210	2.431201	6.3689356	5
TGCTG	3700400	2.3706737	6.356361	2
CTCCA	3673485	2.3523958	7.2316775	1
CAGGA	3604990	2.3498733	10.655803	4
GGCTG	3056145	2.3373833	8.628491	7
AGGAG	3562505	2.3327634	7.60668	5
CTCCT	3616400	2.2958837	6.526841	1
CTGGA	3521805	2.275868	8.585337	4
TCCTG	3549790	2.2638671	8.983882	2
GGCAG	2932755	2.2625096	6.556805	7
CCTGC	2969845	2.250817	6.4541874	3
GCCTG	2934515	2.2341766	8.204061	7
GCAGG	2873265	2.2166154	6.8070283	3
CTGCC	2922175	2.2146883	5.8680043	9
AGCAG	3377165	2.201368	5.753108	7
CTGCA	3419995	2.2000494	6.7500577	4
CAGAG	3374020	2.1993182	8.161741	4
CCCTG	2894440	2.1936681	9.189325	2
CTGCT	3428675	2.1866264	6.567965	9
TGCAG	3357085	2.1694221	6.5891285	2
GCTGC	2839540	2.161868	5.680553	8
CTCTG	3340380	2.1303165	7.461345	2
CAGGG	2732090	2.1077042	9.826178	4
TGGAG	3241415	2.1042204	6.4530334	5
AGCTG	3212200	2.0757945	6.1536436	7
CAGGC	2701275	2.0744772	6.770492	4
GCCAG	2687545	2.0639331	5.7476892	2
CTGGC	2696695	2.0531137	5.735899	4
GGGAG	2606410	2.0199108	5.595394	7
GGAGA	3062105	2.0050967	5.577941	6
CCCCA	2634495	2.0048764	7.3242064	1
CAGAA	3614550	1.9907668	5.479101	4
CACAG	3048960	1.9784148	6.926653	7
CTGTG	3045585	1.9511642	9.108495	9
CTCAG	3030530	1.9495102	6.36701	2
CTGAG	2990535	1.9325496	5.963482	4
GGCCA	2470725	1.8974235	6.704628	1
CCAGA	2893635	1.8776271	7.1031046	3
TGGGG	2422265	1.8610262	6.1862354	5
CCTCT	2858625	1.8148079	5.4324503	1
TCTGG	2827800	1.8116393	6.2663193	3
TGGCC	2365750	1.8011507	6.1150637	5
CACTG	2784115	1.7909938	7.491969	7
CAGTG	2756130	1.7810719	6.690481	9
ACCTG	2755665	1.7726922	5.5241017	7
AGAGG	2703395	1.7702098	5.246341	5
GCCCA	2291600	1.751878	8.304745	1
CCTGA	2672160	1.7189746	5.71162	3
GGCCC	1888000	1.7082102	5.0710087	6
ACAGA	3034500	1.6712956	5.7045007	8
GAGAG	2532870	1.6585484	5.372893	7
GGGCC	1822585	1.65654	5.722428	6
TCAGG	2559095	1.6537434	6.008892	3
TGGGC	2161325	1.6530124	6.7023787	5
GGCCT	2169070	1.6514096	5.498022	6
AGCCT	2513810	1.6171094	6.0144386	6
AGGCC	2105695	1.6170943	5.341297	5
CCTGT	2511530	1.6017203	5.6955953	8
AGGTG	2466400	1.601106	5.3964715	7
CCAAG	2432880	1.5786518	5.050774	3
AGGCT	2329595	1.5054356	5.2753263	6
GCCCT	1925565	1.4593672	6.043336	1
GGGCT	1899265	1.452585	6.1116586	6
GACAG	2194465	1.430438	7.1434307	7
ACAGC	2201870	1.4287534	5.5501213	8
CTGTC	2236470	1.4263015	5.8701134	9
GCTGT	2218015	1.4209787	5.2484508	8
ACACA	2587075	1.4184054	6.0442166	6
GTGTG	2202965	1.4177691	6.308477	1
TGTGT	2597175	1.4001231	5.4564533	10
CACAC	2165005	1.3984588	6.6480355	5
AGGGC	1789985	1.3809057	5.99169	5
AGAGC	2112475	1.3769938	5.1407557	5
AGACA	2435070	1.3411508	5.611145	6
ACTGC	1960560	1.261209	5.25499	8
GGACA	1904315	1.241307	6.059284	6
GTGCT	1884735	1.2074617	5.618477	1
GTCCT	1887330	1.2036387	6.8956985	1
GTCCA	1799700	1.1577294	6.536442	1
AGGAC	1764180	1.1499615	7.371469	5
AGCAC	1771170	1.1492801	5.6539855	5
TGTGC	1782900	1.1422209	5.5594482	10
TGCAC	1667005	1.072368	5.654275	5
GTGCA	1657795	1.0713036	5.8055744	1
TGGAC	1653390	1.068457	5.9630303	5
ACAGT	1920650	1.0487107	5.6492367	8
ACTGT	1928835	1.0441043	6.4157424	8
GACTG	1612960	1.0423303	6.335676	7
GCACT	1605645	1.0328958	5.1452765	6
AGACT	1866190	1.0189745	5.754573	6
GGACC	1292760	0.9927909	5.159325	6
GGACT	1475575	0.953549	5.502076	6
ACACT	1701640	0.924912	5.004714	6
GTGTA	1146890	0.6236564	5.449477	1
>>END_MODULE
