##FastQC	0.10.1
>>Basic Statistics	pass
#Measure	Value	
Filename	019-F0_S5_L001_R1_001.fastq.gz	
File type	Conventional base calls	
Encoding	Sanger / Illumina 1.9	
Total Sequences	14399255	
Filtered Sequences	0	
Sequence length	35-75	
%GC	45	
>>END_MODULE
>>Per base sequence quality	pass
#Base	Mean	Median	Lower Quartile	Upper Quartile	10th Percentile	90th Percentile
1	31.50625799737556	32.0	32.0	32.0	32.0	32.0
2	31.5799307672515	32.0	32.0	32.0	32.0	32.0
3	31.658631852828496	32.0	32.0	32.0	32.0	32.0
4	31.72043123064353	32.0	32.0	32.0	32.0	32.0
5	31.71388255850737	32.0	32.0	32.0	32.0	32.0
6	35.41219396420162	36.0	36.0	36.0	36.0	36.0
7	35.432777806907374	36.0	36.0	36.0	36.0	36.0
8	35.40111887733081	36.0	36.0	36.0	36.0	36.0
9	35.464471668846755	36.0	36.0	36.0	36.0	36.0
10	35.39767536584358	36.0	36.0	36.0	36.0	36.0
11	35.45085151974877	36.0	36.0	36.0	36.0	36.0
12	35.40791784019382	36.0	36.0	36.0	36.0	36.0
13	35.429594864456526	36.0	36.0	36.0	36.0	36.0
14	35.41152240167981	36.0	36.0	36.0	36.0	36.0
15	35.3833454578032	36.0	36.0	36.0	36.0	36.0
16	35.394917723173876	36.0	36.0	36.0	36.0	36.0
17	35.3951948902912	36.0	36.0	36.0	36.0	36.0
18	35.39016608845388	36.0	36.0	36.0	36.0	36.0
19	35.377703082555314	36.0	36.0	36.0	36.0	36.0
20	35.37422387477685	36.0	36.0	36.0	36.0	36.0
21	35.36036836628006	36.0	36.0	36.0	36.0	36.0
22	35.348923885298234	36.0	36.0	36.0	36.0	36.0
23	35.33224961985881	36.0	36.0	36.0	36.0	36.0
24	35.33165285287329	36.0	36.0	36.0	36.0	36.0
25	35.31647373423139	36.0	36.0	36.0	36.0	36.0
26	35.281579984520036	36.0	36.0	36.0	36.0	36.0
27	35.25834454629771	36.0	36.0	36.0	36.0	36.0
28	35.25219679768155	36.0	36.0	36.0	36.0	36.0
29	35.23959684025319	36.0	36.0	36.0	36.0	36.0
30	35.21300150598069	36.0	36.0	36.0	36.0	36.0
31	35.199881174407984	36.0	36.0	36.0	36.0	36.0
32	35.182517012164865	36.0	36.0	36.0	36.0	36.0
33	35.17829915506045	36.0	36.0	36.0	36.0	36.0
34	35.165343068096234	36.0	36.0	36.0	36.0	36.0
35	35.149955049757786	36.0	36.0	36.0	36.0	36.0
36	35.1500972041497	36.0	36.0	36.0	36.0	36.0
37	35.13581685183558	36.0	36.0	36.0	36.0	36.0
38	35.11379920769654	36.0	36.0	36.0	36.0	36.0
39	35.08905589625014	36.0	36.0	36.0	36.0	36.0
40	35.09989414847568	36.0	36.0	36.0	36.0	36.0
41	35.07869740459665	36.0	36.0	36.0	36.0	36.0
42	35.07336668874228	36.0	36.0	36.0	36.0	36.0
43	35.05156086522905	36.0	36.0	36.0	36.0	36.0
44	35.03887989876185	36.0	36.0	36.0	36.0	36.0
45	35.024481794250065	36.0	36.0	36.0	36.0	36.0
46	35.00719647417547	36.0	36.0	36.0	36.0	36.0
47	35.01268706159419	36.0	36.0	36.0	36.0	36.0
48	34.99077784818977	36.0	36.0	36.0	36.0	36.0
49	34.97236478392732	36.0	36.0	36.0	36.0	36.0
50	34.96831612985675	36.0	36.0	36.0	36.0	36.0
51	34.94294462291224	36.0	36.0	36.0	36.0	36.0
52	34.92817111809254	36.0	36.0	36.0	36.0	36.0
53	34.90239555980032	36.0	36.0	36.0	36.0	36.0
54	34.8960162047909	36.0	36.0	36.0	36.0	36.0
55	34.86432169703968	36.0	36.0	36.0	36.0	36.0
56	34.85008270920171	36.0	36.0	36.0	36.0	36.0
57	34.85324467269439	36.0	36.0	36.0	36.0	36.0
58	34.83061693157378	36.0	36.0	36.0	36.0	36.0
59	34.81265523922352	36.0	36.0	36.0	36.0	36.0
60	34.791853370685516	36.0	36.0	36.0	36.0	36.0
61	34.77186622468956	36.0	36.0	36.0	36.0	36.0
62	34.74835567745689	36.0	36.0	36.0	36.0	36.0
63	34.740216262164246	36.0	36.0	36.0	36.0	36.0
64	34.716193490466814	36.0	36.0	36.0	36.0	36.0
65	34.697825609664804	36.0	36.0	36.0	36.0	36.0
66	34.665425989843186	36.0	36.0	36.0	32.0	36.0
67	34.64694563318309	36.0	36.0	36.0	32.0	36.0
68	34.6079352373691	36.0	36.0	36.0	32.0	36.0
69	34.60738798219805	36.0	36.0	36.0	32.0	36.0
70	34.583555418868904	36.0	36.0	36.0	32.0	36.0
71	34.55251995760577	36.0	36.0	36.0	32.0	36.0
72	34.54059020516978	36.0	36.0	36.0	32.0	36.0
73	34.50172545806983	36.0	36.0	36.0	32.0	36.0
74	34.46918177217816	36.0	36.0	36.0	32.0	36.0
75	33.87148097298233	36.0	36.0	36.0	32.0	36.0
>>END_MODULE
>>Per sequence quality scores	pass
#Quality	Count
2	8299.0
3	0.0
4	0.0
5	0.0
6	0.0
7	0.0
8	0.0
9	0.0
10	0.0
11	0.0
12	0.0
13	0.0
14	0.0
15	0.0
16	0.0
17	9.0
18	101.0
19	736.0
20	3078.0
21	7654.0
22	13382.0
23	21293.0
24	31738.0
25	47546.0
26	69138.0
27	96261.0
28	133006.0
29	174409.0
30	224827.0
31	291972.0
32	392502.0
33	595469.0
34	1321541.0
35	1.0966294E7
>>END_MODULE
>>Per base sequence content	fail
#Base	G	A	T	C
1	45.189541469879856	17.75687289271156	10.05963333545982	26.993952301948767
2	16.32191192314895	20.0134389969255	36.229207860076	27.435441219849547
3	19.121564960660013	21.694444761001282	27.703781458299225	31.480208820039472
4	13.089908689874392	15.135721351660028	35.427743646773706	36.34662631169187
5	14.853307869192289	35.00583283000796	34.252026064147515	15.888833236652241
6	34.59773284865365	34.93965685106652	16.357612574605565	14.104997725674256
7	30.793346877024707	28.984794338888953	20.6236333430524	19.59822544103394
8	26.407474249799666	34.22910889311315	20.10748973174541	19.255927125341778
9	24.484912607612724	14.731509150608202	20.720812432474954	40.062765809304125
10	14.691439454457218	25.915679518630874	34.93393626773267	24.45894475917924
11	34.02111715163329	23.013606601257067	24.09595999042732	18.86931625668232
12	22.562899670028365	24.14452043209982	31.372119419073147	21.920460478798663
13	28.21708534472755	20.599627682158136	25.85512541580009	25.32816155731423
14	20.121232058035513	21.042549558877884	27.207696968218762	31.628521414867837
15	22.424534869960382	30.09710539195129	23.1432235910351	24.33513614705323
16	22.563532262901784	27.950637886739422	26.399226013893728	23.08660383646507
17	21.66470021318862	28.176490629992212	27.685383379904426	22.47342577691474
18	22.074165294043418	27.32674928163116	28.65110372250978	21.947981701815642
19	23.04513540482471	26.720814235643033	27.24826487813149	22.98578548140077
20	22.873998086020137	27.106468812773798	27.75318748803068	22.266345613175385
21	22.250677098505047	26.62952538619075	27.248399256859372	23.87139825844483
22	22.535372267258566	27.208910907394994	27.424417800273133	22.831299025073307
23	22.008058394452735	27.189152687284984	27.773116671331632	23.02967224693064
24	22.733721545202854	26.350407016526162	28.218061378760623	22.697810059510363
25	22.591260847676164	26.637031899994128	27.709442624796267	23.06226462753344
26	21.842649916487222	27.289847019709796	27.908125102671104	22.95937796113188
27	22.00753001645897	27.199436200753556	27.7712543824454	23.021779400342076
28	21.98903724795204	27.015591506639748	27.445390535360094	23.549980710048118
29	22.204949705288982	26.958440406376898	27.498741042675857	23.33786884565826
30	21.934958804982454	27.022973954642467	27.9125759216745	23.129491318700577
31	23.059324605596974	26.60558682696772	27.377274155280993	22.957814412154317
32	21.902189649856567	27.41252807063004	27.816442174588985	22.868840104924416
33	21.914603866483922	27.255082984063044	28.188203757971326	22.642109391481704
34	22.121783050137488	26.850312726513653	28.301369031045002	22.726535192303857
35	21.935326600687375	27.31693581893333	28.035512158323055	22.712225422056235
36	21.986241028994115	27.35458324715385	28.250738641544515	22.40843708230752
37	22.21798954274827	26.81213289229431	27.40851434062701	23.561363224330407
38	22.13754371012926	27.779608184230153	27.36120925690242	22.721638848738163
39	22.596350941761006	27.02884592440854	27.692460311801092	22.682342822029366
40	22.86538566339731	26.63942204865264	27.76584643509368	22.729345852856373
41	22.772989336129385	26.830128842975682	27.825818479539528	22.57106334135541
42	22.168324877396817	27.598291553408394	27.891513669300522	22.34186989989427
43	22.186987708382027	27.267958582317327	27.865736263587653	22.67931744571299
44	21.898613669554134	27.634504968479302	27.77061010704817	22.696271254918397
45	22.066265405488306	27.563038150666376	27.587819424511807	22.78287701933351
46	22.302095746738896	26.978452173544888	27.595765148316715	23.123686931399508
47	22.755215975538604	27.13105122807646	27.53095154318588	22.582781253199062
48	21.993140184152825	27.409859578432933	27.566523583521658	23.03047665389259
49	22.812591279602618	26.837339949569696	27.401638378879163	22.948430391948527
50	22.14877722246877	27.84809096658768	27.30240535004493	22.700726460898622
51	22.230816952262384	27.453231923945065	27.630252466684013	22.685698657108542
52	22.269430904139327	27.66681523119124	27.302970400041616	22.760783464627817
53	22.097529636952434	26.981591573812334	28.05894254869486	22.861936240540373
54	22.264282971069385	27.773114365947073	27.68271104267891	22.27989162030463
55	22.263037427446758	26.743602846343702	27.816041003651847	23.177318722557697
56	22.49231391245615	27.361489498795233	27.18005183388201	22.96614475486661
57	22.27838086756474	27.29619404170643	27.270067817083877	23.15535727364496
58	22.513770373476287	27.30607863932919	26.98536764040905	23.194783346785478
59	22.47521389898655	27.32930569101005	27.111952999512578	23.083527410490827
60	22.188121156607384	27.145355357583522	27.906996921374507	22.759526564434587
61	22.66817611948551	26.982371635472983	27.42100737664434	22.928444868397165
62	22.598270519654246	27.03545563903399	27.667024533341593	22.699249307970174
63	22.47768447375372	27.58667685464808	27.364132956875693	22.571505714722505
64	22.557530587994947	27.107492149742708	27.170801369507792	23.164175892754553
65	22.588968073059938	27.57165673840086	27.194675233131882	22.644699955407315
66	22.460974346201674	28.24604119127434	26.863051840182305	22.429932622341685
67	22.853766000404466	27.046559171604883	26.960073420636853	23.139601407353798
68	22.746848348611987	27.57238122282701	27.412535216050788	22.268235212510216
69	23.08691045386143	27.103059472968805	27.401632791828927	22.408397281340836
70	23.453947193955525	26.887589009492334	27.057723203864388	22.600740592687753
71	22.853113713147113	27.70947174028689	27.004932967176547	22.43248157938945
72	22.610705332464025	27.767549747931568	27.343068347735056	22.278676571869347
73	23.72573810740554	28.527356460483798	26.924748346382877	20.822157085727785
74	24.451464030546532	30.818921179365482	27.835599804008243	16.894014986079743
75	29.74636037438973	41.37476367671942	28.878875948890855	0.0
>>END_MODULE
>>Per base GC content	fail
#Base	%GC
1	72.18349377182862
2	43.757353142998504
3	50.60177378069949
4	49.43653500156626
5	30.742141105844535
6	48.70273057432791
7	50.39157231805865
8	45.66340137514145
9	64.54767841691684
10	39.15038421363646
11	52.89043340831561
12	44.48336014882703
13	53.545246902041775
14	51.74975347290335
15	46.759671017013616
16	45.65013609936685
17	44.13812599010336
18	44.02214699585906
19	46.03092088622548
20	45.140343699195526
21	46.12207535694988
22	45.36667129233187
23	45.03773064138338
24	45.431531604713214
25	45.653525475209605
26	44.8020278776191
27	45.02930941680104
28	45.53901795800016
29	45.542818550947246
30	45.06445012368303
31	46.01713901775129
32	44.771029754780976
33	44.55671325796563
34	44.848318242441344
35	44.64755202274361
36	44.39467811130163
37	45.77935276707868
38	44.859182558867424
39	45.27869376379037
40	45.59473151625368
41	45.3440526774848
42	44.51019477729108
43	44.86630515409502
44	44.59488492447253
45	44.84914242482182
46	45.425782678138404
47	45.33799722873766
48	45.02361683804541
49	45.76102167155114
50	44.849503683367395
51	44.91651560937092
52	45.03021436876715
53	44.95946587749281
54	44.544174591374016
55	45.440356150004455
56	45.45845866732276
57	45.433738141209695
58	45.70855372026176
59	45.55874130947738
60	44.94764772104197
61	45.59662098788267
62	45.29751982762441
63	45.049190188476224
64	45.721706480749496
65	45.23366802846726
66	44.890906968543355
67	45.993367407758264
68	45.0150835611222
69	45.49530773520227
70	46.05468778664328
71	45.28559529253656
72	44.889381904333376
73	44.54789519313332
74	41.34547901662627
75	29.74636037438973
>>END_MODULE
>>Per sequence GC content	warn
#GC Content	Count
0	8301.0
1	4152.0
2	7.5
3	22.5
4	33.5
5	45.5
6	94.0
7	171.0
8	213.5
9	313.0
10	569.5
11	975.0
12	1236.0
13	1619.5
14	2666.0
15	4544.5
16	6136.5
17	8970.0
18	14998.5
19	23002.0
20	28719.0
21	37842.5
22	55667.0
23	76010.0
24	89729.5
25	108570.0
26	140710.5
27	172691.0
28	194063.5
29	223104.5
30	270325.0
31	320574.5
32	356727.5
33	398504.0
34	470593.5
35	546554.0
36	590657.5
37	626304.0
38	659650.0
39	661693.5
40	659294.5
41	648814.0
42	631635.0
43	623637.0
44	623084.5
45	620994.0
46	610285.0
47	596738.0
48	590034.0
49	578918.0
50	556894.5
51	534900.0
52	522092.0
53	510185.5
54	488664.5
55	465943.0
56	451668.5
57	436233.5
58	409725.0
59	378591.0
60	351974.5
61	323520.5
62	287460.5
63	251077.5
64	222190.0
65	199212.0
66	169187.5
67	138583.5
68	116697.5
69	100246.5
70	81033.0
71	62744.5
72	50824.0
73	42961.5
74	34359.0
75	26720.5
76	21650.5
77	18234.5
78	14464.5
79	11065.0
80	8882.5
81	7326.5
82	5657.5
83	3954.5
84	2877.0
85	2379.5
86	1757.0
87	1149.0
88	871.0
89	681.0
90	447.5
91	300.0
92	226.5
93	291.0
94	300.0
95	185.0
96	127.5
97	92.5
98	45.5
99	51.0
100	68.0
>>END_MODULE
>>Per base N content	pass
#Base	N-Count
1	0.0647047364603238
2	0.05764187105513445
3	0.05763492625139287
4	0.05763492625139287
5	0.05763492625139287
6	0.10258864087065615
7	0.05763492625139287
8	0.05763492625139287
9	0.05763492625139287
10	0.057662705466359196
11	0.05763492625139287
12	0.057787711933707686
13	0.057815491148674014
14	0.05793355281228091
15	0.05973920178509235
16	0.05763492625139287
17	0.06050313019666643
18	0.057773822326224515
19	0.057884939186089834
20	0.05763492625139287
21	0.05860719877521441
22	0.05925306552318158
23	0.05763492625139287
24	0.05775298791499977
25	0.059030831803450944
26	0.060023938738497234
27	0.05775993271874135
28	0.0579404976160225
29	0.05818356574697789
30	0.05859330916773125
31	0.059600305710260704
32	0.057808546344932425
33	0.05763492625139287
34	0.059489188850395384
35	0.059572526495294376
36	0.0014803191568102084
37	0.0
38	4.6590542356331286E-4
39	0.0018713197089200455
40	0.00268648092504586
41	2.3674842471776105E-4
42	4.8767933885172693E-4
43	4.1825041251689646E-5
44	8.44023307040961E-4
45	0.001752110071044922
46	0.003437238779458865
47	2.8669113330753113E-4
48	5.17941130811072E-4
49	0.0
50	5.260573015280492E-4
51	1.4043674563963215E-5
52	7.029862151433072E-5
53	6.615818704045573E-4
54	1.0570180182814789E-4
55	4.304241576052385E-4
56	5.511355972334972E-4
57	6.510284444941994E-4
58	0.0014033124126384868
59	1.4198168379486373E-5
60	1.4223261974279791E-5
61	5.699988514523143E-5
62	0.0
63	0.0010153556089959935
64	0.0012965399646266648
65	0.0
66	7.407956144899622E-4
67	0.0
68	1.1561039470400342E-4
69	0.0010284786461396815
70	0.0
71	0.0
72	7.346251226364814E-5
73	1.7343560705403334E-4
74	5.30013178573834E-4
75	0.0
>>END_MODULE
>>Sequence Length Distribution	warn
#Length	Count
35	10466.0
36	3365.0
37	4823.0
38	5719.0
39	6643.0
40	7003.0
41	7542.0
42	8221.0
43	9376.0
44	10513.0
45	11769.0
46	12710.0
47	13767.0
48	14571.0
49	15765.0
50	15715.0
51	16257.0
52	16660.0
53	17505.0
54	18798.0
55	19470.0
56	21110.0
57	22013.0
58	23150.0
59	24852.0
60	26356.0
61	25243.0
62	24625.0
63	25015.0
64	27454.0
65	28809.0
66	28852.0
67	35532.0
68	32785.0
69	42960.0
70	48769.0
71	102687.0
72	350979.0
73	997560.0
74	3056649.0
75	9207197.0
>>END_MODULE
>>Sequence Duplication Levels	warn
#Total Duplicate Percentage	33.58993193281427
#Duplication Level	Relative count
1	100.0
2	24.184462010382255
3	9.217938886267108
4	4.28931689476168
5	2.3920481359131665
6	1.4253480415290232
7	0.9571142048135913
8	0.6746991505427088
9	0.525011798017933
10++	3.809285040113261
>>END_MODULE
>>Overrepresented sequences	pass
>>END_MODULE
>>Kmer Content	warn
#Sequence	Count	Obs/Exp Overall	Obs/Exp Max	Max Obs/Exp Position
AAAAA	4594305	3.2728233	8.694736	71
TTTTT	4869310	3.2395027	5.7229724	33
CAGCA	2577715	2.937587	6.961654	4
CCTGG	2226625	2.9341648	11.997009	3
CCAGG	2173645	2.9037845	13.532644	3
TGCTG	2546535	2.8335578	6.599326	2
AGAAA	3290630	2.7479053	6.462433	48
GAAAA	3210070	2.6806319	6.6758	24
AGCAG	2330515	2.6650853	5.3844576	7
TTTCT	3362455	2.6492465	6.7797856	16
CCCAG	1975205	2.6295688	11.5687475	2
GCTGC	1984020	2.6144686	5.7979493	8
CTGCT	2352955	2.609112	6.637395	9
TTTTC	3229940	2.5448391	5.4104514	24
CCAGC	1894535	2.5221741	6.740385	3
CTGGG	1901655	2.514621	10.033791	4
GGAGG	1852460	2.4919043	5.3120074	6
TCCAG	2181035	2.4517722	9.434384	2
GCTGG	1838300	2.4308443	5.9554005	3
AGGAG	2056410	2.359784	7.004412	5
CTCCT	2095430	2.315522	6.2741523	1
CTGGA	2038815	2.2998455	8.410651	4
CAGGA	1978435	2.2624605	9.486108	4
CTCCA	2012345	2.2543252	6.925157	1
CAGCC	1689905	2.2497523	5.079212	5
GGCAG	1639070	2.1972353	6.0842285	7
TCCTG	1970300	2.184799	8.374938	2
GGCTG	1650325	2.1822789	8.3274355	7
CCTGC	1658325	2.1777284	6.038033	3
GAGAA	2220540	2.173708	6.29967	47
CAGAG	1891650	2.1632166	8.013693	4
GCAGG	1598140	2.1423674	6.323661	3
CTGCC	1618940	2.1260076	5.656092	9
CCCTG	1601620	2.1032627	8.842828	2
CTCTG	1889690	2.0954132	7.364683	2
CTGCA	1837325	2.0653965	5.8280425	4
TGCAG	1820860	2.0539856	5.995068	2
TTCTC	2199615	2.0524259	5.415868	17
AGCTG	1814405	2.046704	6.0332813	7
CAGGG	1525725	2.0452924	9.474499	4
TGGAG	1803595	2.0415652	5.8867	5
TGGAA	2109080	2.0365605	5.4005055	11
AAAAT	2882345	2.0253978	5.2406025	42
CACAG	1769630	2.0166862	6.477973	7
GGAAA	2054640	2.0113072	6.084504	40
GCCTG	1524335	2.0087128	7.015897	7
GGAGA	1739715	1.9963683	5.08884	6
GCCAG	1493800	1.9955759	5.7494273	2
CTGGC	1496280	1.971743	5.652955	4
CAGAA	2017575	1.9681988	5.1236367	4
CTGTG	1750215	1.947484	8.899306	9
TGAAA	2349680	1.9354995	5.340786	30
CAGGC	1438085	1.9211459	6.125606	4
CTGAA	1984645	1.9097818	5.7376523	29
CCCCA	1435970	1.9050852	7.1407094	1
CAGTG	1686325	1.902226	8.252632	7
GGGAG	1406090	1.8914534	5.098016	7
CTCAG	1669605	1.876857	6.0053396	2
CCTCT	1672820	1.8485235	5.5784373	1
CCAGA	1621610	1.8480012	6.847926	3
CTGAG	1631580	1.840472	5.6730957	4
CATTT	2297455	1.8350643	6.177338	14
AGAGG	1570735	1.8024594	5.039189	5
CACTG	1597905	1.7962569	6.956152	7
ACCTG	1590815	1.7882868	5.50118	8
GGCCA	1337935	1.787355	6.6800857	1
TCTGG	1584190	1.7627461	6.03052	3
GAGAG	1533020	1.7591802	5.1761966	7
TGGGG	1323335	1.7559571	5.7741795	5
GTGTG	1558335	1.7399896	9.309865	9
AAATG	2072415	1.7071081	5.391741	43
CACAC	1492695	1.6952102	7.0529137	5
ACACA	1740100	1.6916484	6.5533814	6
TGGCC	1277975	1.6840686	5.560992	5
ACAGA	1706215	1.6644586	5.4105415	8
CCTGA	1476040	1.6592644	5.3259635	3
GCCCA	1233895	1.6426711	8.025922	1
TGTGT	1726225	1.6219032	7.331036	10
AAAAC	1943495	1.6173452	5.145442	25
TCAGG	1412565	1.5934163	5.4282703	3
TGAGA	1615900	1.5603381	5.572246	46
ATTTC	1946970	1.5551187	5.9349504	15
CCTGT	1393970	1.5457262	5.5865846	8
GGCCT	1170435	1.5423563	5.2037163	6
GGGCC	967650	1.5153537	5.3277664	6
GTCCT	1360485	1.5085957	12.793325	1
ACAGC	1323420	1.5081813	5.1639447	8
TGGGC	1137085	1.5036048	6.207791	5
AGGCC	1124040	1.5016114	5.038557	5
CCATG	1321960	1.4860581	5.0644207	9
GCTGT	1330195	1.4801229	5.44684	8
AGTGG	1306695	1.4791031	5.706792	8
CTGTC	1298150	1.4394746	5.782678	9
AGGAC	1253015	1.4328985	13.086942	5
GACAG	1248395	1.4276154	6.4418054	7
ATGGC	1242815	1.4019331	7.6207175	17
AGGCT	1238840	1.3974493	5.04765	6
GCCCT	1063925	1.3971566	6.2093177	1
GGGCT	1046825	1.384251	6.119662	6
AGACA	1411530	1.3769855	5.2230325	6
CCCCT	1043960	1.3662009	5.032087	1
GGACA	1188775	1.3594363	6.4227653	6
ACTGA	1382570	1.3304179	5.0009546	28
AGGGC	984555	1.3198333	5.7974296	5
ATGAG	1350705	1.3042616	5.264134	45
TGTCC	1175395	1.3033556	5.1128488	10
AACTG	1323515	1.2735904	5.018745	27
TGTGC	1118445	1.2445062	7.4637895	10
GTCCA	1081110	1.2153108	7.0072007	1
GTGCT	1089605	1.2124157	5.7305217	1
AGCAC	1026180	1.169444	5.2382402	5
TACAG	1184975	1.1402763	6.1459894	5
GTCTT	1208775	1.1317998	5.0353594	1
TGGAC	1002615	1.1309803	5.738828	5
GTGCA	985395	1.1115556	5.9807296	11
ACAGT	1151100	1.1076791	5.5748396	6
CTGTA	1164190	1.1050614	6.2343493	1
ACTGT	1120140	1.0632488	5.942934	8
GGACC	783715	1.0469693	6.9082627	6
AGTGT	1095985	1.0439279	6.543252	8
GACTG	906235	1.0222607	5.792501	7
CTACA	1023190	0.9811917	6.8910146	4
TGTAG	1025320	0.97661936	7.324251	2
GGACT	826900	0.9327684	5.168882	6
TAGGA	964485	0.93132174	8.4820595	4
TCCTA	965580	0.91337144	7.8883066	2
TATGG	927295	0.88325036	6.112564	16
ATATG	1086870	0.88312787	5.5662093	15
GTAGG	724410	0.81999016	7.0001335	3
CCTAC	730620	0.8184755	6.420825	3
GTGTA	736530	0.7015464	5.5429935	1
GGACG	485590	0.65095186	6.2123337	6
>>END_MODULE
