##FastQC	0.10.1
>>Basic Statistics	pass
#Measure	Value	
Filename	029-F5_S4_L001_R1_001.fastq.gz	
File type	Conventional base calls	
Encoding	Sanger / Illumina 1.9	
Total Sequences	25526433	
Filtered Sequences	0	
Sequence length	35-76	
%GC	46	
>>END_MODULE
>>Per base sequence quality	pass
#Base	Mean	Median	Lower Quartile	Upper Quartile	10th Percentile	90th Percentile
1	31.370933651403625	32.0	32.0	32.0	32.0	32.0
2	31.390799372556284	32.0	32.0	32.0	32.0	32.0
3	31.494293542697484	32.0	32.0	32.0	32.0	32.0
4	31.58513424104339	32.0	32.0	32.0	32.0	32.0
5	31.540694972932567	32.0	32.0	32.0	32.0	32.0
6	35.15009703862659	36.0	36.0	36.0	36.0	36.0
7	35.17183160686807	36.0	36.0	36.0	36.0	36.0
8	35.096779052521754	36.0	36.0	36.0	36.0	36.0
9	35.245472565634216	36.0	36.0	36.0	36.0	36.0
10-14	35.17286100255371	36.0	36.0	36.0	36.0	36.0
15-19	35.12254420349291	36.0	36.0	36.0	36.0	36.0
20-24	35.07349583077276	36.0	36.0	36.0	36.0	36.0
25-29	34.96897890903911	36.0	36.0	36.0	36.0	36.0
30-34	34.88159628883518	36.0	36.0	36.0	36.0	36.0
35-39	34.85301813189812	36.0	36.0	36.0	36.0	36.0
40-44	34.79561312938448	36.0	36.0	36.0	36.0	36.0
45-49	34.7018321776761	36.0	36.0	36.0	32.8	36.0
50-54	34.58608006036911	36.0	36.0	36.0	32.0	36.0
55-59	34.43630725148616	36.0	36.0	36.0	32.0	36.0
60-64	34.29174732538692	36.0	36.0	36.0	32.0	36.0
65-69	34.144943656342036	36.0	36.0	36.0	32.0	36.0
70-74	34.03910080615735	36.0	36.0	36.0	32.0	36.0
75-76	33.355025260913294	36.0	34.0	36.0	23.0	36.0
>>END_MODULE
>>Per sequence quality scores	pass
#Quality	Count
2	43442.0
3	0.0
4	0.0
5	0.0
6	0.0
7	0.0
8	0.0
9	0.0
10	0.0
11	0.0
12	0.0
13	0.0
14	0.0
15	0.0
16	3.0
17	16.0
18	129.0
19	725.0
20	2725.0
21	7443.0
22	16270.0
23	31246.0
24	56112.0
25	95878.0
26	152492.0
27	224962.0
28	315000.0
29	422293.0
30	550127.0
31	723609.0
32	997357.0
33	1587633.0
34	3736502.0
35	1.6562469E7
>>END_MODULE
>>Per base sequence content	fail
#Base	G	A	T	C
1	42.25148566067048	18.912698895885228	12.150428194268084	26.685387249176205
2	15.86768621222078	19.471915995172573	37.40588428412251	27.25451350848414
3	19.1481283716879	21.712224999196522	27.877742355865802	31.26190427324977
4	13.007969476722852	15.116584882661673	35.52589889611803	36.349546744497445
5	14.82403694291616	35.06404723056254	34.13357560735316	15.97834021916815
6	34.71745611285543	34.91840046100614	16.191239038395523	14.172904387742905
7	30.481818244961907	29.142250217017303	20.55224600597316	19.82368553204763
8	26.19934606577383	35.34695750589089	19.5089108652905	18.94478556304478
9	24.586360368765188	15.997847348452934	20.033131118713655	39.382661164068224
10-14	24.157995046325173	22.9566844786153	28.145716310697676	24.739604164361843
15-19	22.65206886743941	28.058391092263808	25.95687355864287	23.332666481653913
20-24	22.72626702325818	26.64459360581001	27.355993471901783	23.273145899030027
25-29	22.658970546485342	26.68829804397434	27.261534094817335	23.391197314722977
30-34	22.642467144556743	26.754295466740807	27.356786046727997	23.246451341974446
35-39	22.71060810963962	26.956082276885663	27.228591768190135	23.104717845284583
40-44	22.73831286423081	26.859529378339875	27.268570075842348	23.133587681586967
45-49	22.74770981362547	27.0168810847066	27.128388078967745	23.107021022700184
50-54	22.80617612079931	27.00905367173395	27.112544470885286	23.072225736581455
55-59	22.793584098861093	26.993004956679638	27.06586880374126	23.147542140718002
60-64	22.88903704981837	27.05942745659882	27.005954736912113	23.0455807566707
65-69	22.887376877474743	27.080811238683864	27.031188950624376	23.000622933217016
70-74	23.140807231167376	27.324010297745488	26.969662452226338	22.565520018860795
75-76	27.39440819731137	34.65106927267096	27.837428780375145	10.117093749642525
>>END_MODULE
>>Per base GC content	fail
#Base	%GC
1	68.9368729098467
2	43.12219972070492
3	50.41003264493767
4	49.3575162212203
5	30.80237716208431
6	48.89036050059834
7	50.305503777009534
8	45.14413162881861
9	63.969021532833416
10-14	48.89759921068702
15-19	45.98473534909332
20-24	45.99941292228821
25-29	46.050167861208315
30-34	45.888918486531196
35-39	45.815325954924205
40-44	45.87190054581778
45-49	45.85473083632565
50-54	45.878401857380766
55-59	45.9411262395791
60-64	45.93461780648907
65-69	45.88799981069176
70-74	45.706327250028174
75-76	37.5115019469539
>>END_MODULE
>>Per sequence GC content	warn
#GC Content	Count
0	43468.0
1	21749.0
2	37.0
3	62.0
4	83.5
5	124.0
6	220.5
7	385.5
8	496.0
9	693.0
10	1282.0
11	2239.5
12	2841.0
13	3841.0
14	6431.5
15	10936.5
16	17990.0
17	23346.5
18	31740.0
19	48561.0
20	70100.0
21	85882.0
22	108773.0
23	149477.0
24	192469.0
25	221416.5
26	258047.5
27	318605.5
28	378727.5
29	419095.0
30	467919.5
31	543592.5
32	616400.5
33	664823.5
34	725881.5
35	814508.5
36	890797.0
37	941327.0
38	987380.5
39	1042334.0
40	1072578.0
41	1083818.5
42	1097028.0
43	1105758.0
44	1100465.5
45	1083960.0
46	1073685.0
47	1057668.5
48	1029738.0
49	1001839.0
50	982700.0
51	961726.0
52	930517.5
53	904013.5
54	893343.0
55	881530.0
56	857667.5
57	831588.5
58	806581.5
59	764881.0
60	704995.5
61	637911.0
62	583090.0
63	529288.5
64	459473.5
65	395915.0
66	331361.5
67	284677.5
68	248596.0
69	203826.5
70	159937.0
71	129512.5
72	108073.0
73	85120.5
74	64178.0
75	50522.5
76	42125.5
77	33013.0
78	24624.0
79	19431.5
80	16165.0
81	12652.0
82	9178.5
83	6904.0
84	5478.0
85	4036.5
86	2895.0
87	2202.0
88	1737.5
89	1324.0
90	957.5
91	694.5
92	584.0
93	584.5
94	491.0
95	311.0
96	225.0
97	179.5
98	118.0
99	72.0
100	44.0
>>END_MODULE
>>Per base N content	pass
#Base	N-Count
1	0.19873516993149806
2	0.17122251275765793
3	0.1702627233503404
4	0.17023530079584562
5	0.17018437319464103
6	0.20260566762304782
7	0.17018437319464103
8	0.17018437319464103
9	0.17018437319464103
10-14	0.17085740103209876
15-19	0.1704311761850941
20-24	0.170825277468262
25-29	0.1731170195224691
30-34	0.17500917578260933
35-39	0.04888365747671403
40-44	0.008006786617491955
45-49	0.003107151341569984
50-54	0.002973882261441187
55-59	0.004400300660069527
60-64	0.0021066941609226464
65-69	0.0025503747971560914
70-74	0.006058824120725576
75-76	0.02097294613367427
>>END_MODULE
>>Sequence Length Distribution	warn
#Length	Count
35	57767.0
36	20902.0
37	26952.0
38	29279.0
39	31438.0
40	31454.0
41	33025.0
42	35069.0
43	37732.0
44	41074.0
45	44084.0
46	45691.0
47	47021.0
48	48723.0
49	50737.0
50	50266.0
51	51299.0
52	52070.0
53	53588.0
54	56412.0
55	58181.0
56	60088.0
57	62031.0
58	62410.0
59	63888.0
60	64321.0
61	63360.0
62	65197.0
63	65907.0
64	69452.0
65	70490.0
66	73478.0
67	73171.0
68	74493.0
69	79016.0
70	84613.0
71	104438.0
72	203859.0
73	633042.0
74	1714996.0
75	5409580.0
76	1.5525839E7
>>END_MODULE
>>Sequence Duplication Levels	warn
#Total Duplicate Percentage	39.819994896256595
#Duplication Level	Relative count
1	100.0
2	25.930033433906875
3	11.767104297480225
4	6.623175405691919
5	4.204517654733752
6	2.7065155345347796
7	1.9677077387262496
8	1.3887303269999185
9	1.0054635896599526
10++	7.498980673570904
>>END_MODULE
>>Overrepresented sequences	warn
#Sequence	Count	Percentage	Possible Source
NNNNNNNNNNNNNNNNNNNNNNNNNNNNNNNNNNN	43442	0.17018437319464103	No Hit
>>END_MODULE
>>Kmer Content	warn
#Sequence	Count	Obs/Exp Overall	Obs/Exp Max	Max Obs/Exp Position
AAAAA	8483530	3.5226705	6.542928	72
TTTTT	7998695	3.1958075	5.749678	72
CCTGG	4294815	3.0783274	11.965078	3
CCAGG	4099660	2.961181	12.74107	3
CCCAG	3943110	2.837145	11.061207	2
CTGGG	3876450	2.789195	10.021795	4
CCAGC	3647365	2.6243508	6.770449	3
GGAGG	3527870	2.5679026	5.9380045	6
GCTGG	3489535	2.5108008	5.9211154	3
CAGCA	3925465	2.4641411	7.19885	4
TCCAG	3922415	2.4433248	9.891277	2
TGCTG	3868845	2.400693	6.6898746	2
CAGCC	3317870	2.3872726	5.521851	9
CAGGA	3781675	2.38305	10.677909	4
AGGAG	3744475	2.368723	7.552295	5
CTCCA	3800840	2.3584833	7.4085417	1
GGCTG	3223470	2.3193612	8.11871	7
CTCCT	3766290	2.3191037	6.912888	1
TCCTG	3733980	2.3080907	9.810151	2
CTGGA	3665940	2.2923844	9.00509	4
CTGCA	3615385	2.2520716	6.859798	4
CCTGC	3140995	2.2426584	6.4972005	3
GCAGG	3076285	2.2305815	6.695903	3
GGCAG	3076150	2.2304838	5.797018	7
TGCAG	3562020	2.2274013	7.0081224	2
CAGAG	3522405	2.2196689	7.442252	4
CCCTG	3090415	2.2065444	8.753531	2
AGCAG	3495765	2.2028816	5.284013	7
GCCTG	3057400	2.1914048	6.92699	7
CTGCC	3055525	2.181633	5.703169	9
CTGCT	3527800	2.180644	6.5763917	9
CTCTG	3501515	2.1643968	7.212856	2
TGGAG	3414470	2.1433833	6.628228	5
CAGGG	2952055	2.1405036	9.075047	4
GCTGC	2932090	2.101588	5.4807553	8
CACAG	3323905	2.0865226	7.45459	7
CAGGC	2867125	2.0709221	6.142763	4
AGCTG	3299385	2.0631704	5.684325	7
CTGTG	3295095	2.04467	9.203545	9
GGAGA	3181740	2.0127416	5.7431746	6
GCCAG	2782330	2.0096745	5.0379996	2
GGGAG	2758895	2.008173	5.133456	7
CTCAG	3214160	2.0021431	6.155736	2
CTGGC	2790485	2.000092	5.190025	4
CTGAG	3168535	1.9813473	5.7270484	4
CCCCA	2759575	1.9779279	6.386513	1
CAGAA	3573440	1.9570088	5.5492644	4
TCCCA	3041580	1.8873501	5.208764	2
TTCTG	3513330	1.8801167	5.1693287	2
CACTG	2997315	1.8670677	7.906977	7
CAGTG	2983310	1.8655225	6.713069	9
CCAGA	2960905	1.8586557	6.6862373	3
TGGGG	2572145	1.8578671	5.513738	5
GGCCA	2569160	1.855702	5.686784	1
CCTCT	2981790	1.8360457	5.172215	1
AGAGG	2869395	1.8151548	5.006804	5
TCTGG	2902070	1.8007904	6.0674796	3
ACCTG	2878550	1.7930875	5.0754247	7
TGGCC	2475390	1.7742466	5.351661	5
CCTGA	2796115	1.7417376	5.583952	3
GCCCA	2373900	1.7080678	6.622824	1
ACAGA	3106215	1.7011311	5.941741	8
TCAGG	2692545	1.6837014	5.8505545	3
GAGAG	2649340	1.6759499	5.51879	7
CCTGT	2654660	1.640929	5.516233	8
AGGTG	2612175	1.6397545	5.136469	7
TGGGC	2269770	1.6331519	5.989137	5
ACAGG	2562220	1.6146014	5.16382	8
ACACA	2845200	1.5521892	6.453151	6
GTGTG	2435515	1.517122	6.339372	1
CACAC	2425365	1.5166212	6.6806445	5
TGTGT	2798595	1.5034202	5.675538	10
ACAGC	2372955	1.4895805	5.8557243	8
GCTGT	2361065	1.4650863	5.2123537	8
GCCCT	2041970	1.4579587	5.3278913	1
CTGTC	2358510	1.4578692	5.9038434	9
GACAG	2308380	1.4546423	7.2116084	7
GGGCT	2015595	1.4502671	5.7238584	6
AGGGC	1921880	1.3935348	5.447158	5
AGACA	2524525	1.3825662	5.6029944	6
GGACA	2061020	1.2987666	6.274955	6
ACTGC	2066080	1.286989	5.5325212	8
GTGCT	2007020	1.2453947	5.619663	1
GTCCT	2012605	1.2440544	7.239591	1
TGTGC	1939090	1.2032429	5.6562004	10
AGGAC	1901875	1.1984802	7.4651966	5
AGCAC	1906555	1.1968062	5.7867303	5
GTCCA	1919990	1.1959875	6.8366647	1
GTCTT	2128465	1.1390227	5.2063894	1
GTCCC	1574450	1.1241512	5.1273766	1
ACAGT	2055945	1.117303	5.9868755	8
GTGCA	1785595	1.1165677	5.8383107	1
TGCAC	1790380	1.1152517	5.6884284	5
TGGAC	1773510	1.1090107	6.170686	5
ACTGT	2044790	1.1027102	6.7457128	8
GACTG	1702180	1.0644066	6.1924057	7
GCACT	1692600	1.0543431	5.1594934	6
AGACT	1881235	1.0223569	5.2376037	6
ACACT	1810125	0.97992676	5.3294873	6
GGACT	1551575	0.9702304	5.397743	6
GTGTA	1245255	0.6741327	5.8633127	1
TACAC	1192320	0.64547265	5.127178	5
>>END_MODULE
