##FastQC	0.10.1
>>Basic Statistics	pass
#Measure	Value	
Filename	KS29_S2_L004_R1_001_trimmed.fq.gz	
File type	Conventional base calls	
Encoding	Sanger / Illumina 1.9	
Total Sequences	19702904	
Filtered Sequences	0	
Sequence length	20-50	
%GC	45	
>>END_MODULE
>>Per base sequence quality	pass
#Base	Mean	Median	Lower Quartile	Upper Quartile	10th Percentile	90th Percentile
1	35.291714053928295	36.0	36.0	36.0	36.0	36.0
2	35.275235620089305	36.0	36.0	36.0	36.0	36.0
3	35.257662677542356	36.0	36.0	36.0	36.0	36.0
4	35.251560328365805	36.0	36.0	36.0	36.0	36.0
5	35.23712580642935	36.0	36.0	36.0	36.0	36.0
6	35.20553782325692	36.0	36.0	36.0	36.0	36.0
7	35.18987206149916	36.0	36.0	36.0	36.0	36.0
8	35.17897143487072	36.0	36.0	36.0	36.0	36.0
9	35.16489797646073	36.0	36.0	36.0	36.0	36.0
10	35.1445086470502	36.0	36.0	36.0	36.0	36.0
11	35.13338769756986	36.0	36.0	36.0	36.0	36.0
12	35.119387730864446	36.0	36.0	36.0	36.0	36.0
13	35.10825962507862	36.0	36.0	36.0	36.0	36.0
14	35.10455697292135	36.0	36.0	36.0	36.0	36.0
15	35.08779061198288	36.0	36.0	36.0	36.0	36.0
16	35.075138365390195	36.0	36.0	36.0	36.0	36.0
17	35.06452028594364	36.0	36.0	36.0	36.0	36.0
18	35.04643427182105	36.0	36.0	36.0	36.0	36.0
19	35.033539827428484	36.0	36.0	36.0	36.0	36.0
20	35.03264823297114	36.0	36.0	36.0	36.0	36.0
21	35.008280977945226	36.0	36.0	36.0	36.0	36.0
22	35.00107334187738	36.0	36.0	36.0	36.0	36.0
23	34.992230480981775	36.0	36.0	36.0	36.0	36.0
24	34.97518159368801	36.0	36.0	36.0	36.0	36.0
25	34.96650005213443	36.0	36.0	36.0	36.0	36.0
26	34.94739856642764	36.0	36.0	36.0	36.0	36.0
27	34.93783261269217	36.0	36.0	36.0	36.0	36.0
28	34.91832064780322	36.0	36.0	36.0	36.0	36.0
29	34.90529950829526	36.0	36.0	36.0	36.0	36.0
30	34.881545725340864	36.0	36.0	36.0	36.0	36.0
31	34.8704130233786	36.0	36.0	36.0	36.0	36.0
32	34.857739627558594	36.0	36.0	36.0	36.0	36.0
33	34.82735505053014	36.0	36.0	36.0	36.0	36.0
34	34.80586579578689	36.0	36.0	36.0	36.0	36.0
35	34.78911887110745	36.0	36.0	36.0	36.0	36.0
36	34.77447042385021	36.0	36.0	36.0	36.0	36.0
37	34.756580213200905	36.0	36.0	36.0	32.0	36.0
38	34.73934933997276	36.0	36.0	36.0	32.0	36.0
39	34.7053594344898	36.0	36.0	36.0	32.0	36.0
40	34.68732631345059	36.0	36.0	36.0	32.0	36.0
41	34.67300566514049	36.0	36.0	36.0	32.0	36.0
42	34.65202907442555	36.0	36.0	36.0	32.0	36.0
43	34.62370485292902	36.0	36.0	36.0	32.0	36.0
44	34.6057403846683	36.0	36.0	36.0	32.0	36.0
45	34.59118693577735	36.0	36.0	36.0	32.0	36.0
46	34.58049510135543	36.0	36.0	36.0	32.0	36.0
47	34.59242445344312	36.0	36.0	36.0	32.0	36.0
48	34.59384699776559	36.0	36.0	36.0	32.0	36.0
49	34.657512570158005	36.0	36.0	36.0	32.0	36.0
50	34.75899929452469	36.0	36.0	36.0	32.0	36.0
>>END_MODULE
>>Per sequence quality scores	pass
#Quality	Count
9	1.0
10	11.0
11	15.0
12	27.0
13	34.0
14	56.0
15	133.0
16	284.0
17	597.0
18	1375.0
19	2804.0
20	5658.0
21	10676.0
22	18059.0
23	29163.0
24	45874.0
25	69092.0
26	101147.0
27	140987.0
28	191483.0
29	252061.0
30	327776.0
31	432075.0
32	592245.0
33	903252.0
34	1824274.0
35	9176898.0
36	5576847.0
>>END_MODULE
>>Per base sequence content	pass
#Base	G	A	T	C
1	22.46933671314414	26.796313716199226	27.477767461180036	23.256582109476597
2	22.338216364959575	26.806477826740565	27.715327006389323	23.139978801910537
3	22.372201644468696	26.839891655881807	27.540787778291353	23.247118921358144
4	22.46051425766317	26.67087858745819	27.804854008626588	23.063753146252047
5	22.63598187899686	26.663889376978606	27.426806590906345	23.273322153118194
6	22.151649520242554	27.022554954570133	27.661150467738643	23.164645057448677
7	22.226704404293727	26.986517841078168	27.688578801743212	23.098198952884896
8	22.324375609351787	26.8663097978108	27.68457512728597	23.12473946555144
9	22.0732419311967	27.069121379125455	27.758279081639415	23.099357608038428
10	22.23778374658164	27.1046124236389	27.674196698479985	22.983407131299476
11	22.618722099609297	27.10809790289513	27.430572069709967	22.8426079277856
12	22.07417042917977	27.227751718699604	27.769194247798705	22.928883604321918
13	22.158313252608405	27.017605877421037	27.884927712689738	22.93915315728082
14	22.16801283863178	26.803755134333556	28.05649014224706	22.9717418847876
15	22.096733642770346	27.071254859455664	27.885660213144746	22.946351284629245
16	22.266239588575687	27.422469007779434	27.719779111191308	22.591512292453576
17	22.367608646438313	27.160188335043898	27.51781883817419	22.954384180343595
18	22.229834559826603	27.500971423277864	27.55948270282823	22.7097113140673
19	22.310089470428032	27.287254774521557	27.76636286896787	22.636292886082536
20	22.312672425970497	27.09852427504385	27.75247212519245	22.836331173793198
21	22.36491923021227	27.204650742038154	27.76835319251667	22.662076835232902
22	22.21722777684852	27.317798338018672	27.755999929047704	22.708973956085103
23	22.312835871671904	27.072277920427172	27.707918063869425	22.9069681440315
24	22.197882502034098	27.430614660002263	27.736640517275784	22.634862320687855
25	22.2487504253546	27.342440506391018	27.660167655934487	22.748641412319902
26	22.386037028826507	27.383121686334437	27.546692896251535	22.68414838858752
27	22.247571614101606	27.475361483133337	27.657691355788195	22.619375546976862
28	22.132552408595906	27.399095025767817	27.65910757510344	22.809244990532832
29	22.332954661490945	27.253476270406363	27.72543634230101	22.688132725801687
30	22.262665011546623	27.44058273659825	27.653089132474012	22.643663119381113
31	22.35426037120771	27.392293108188753	27.62106607484986	22.63238044575367
32	22.31524105444657	27.395961973457606	27.570577312761724	22.7182196593341
33	22.257411963395406	27.288406096874407	27.72624504945179	22.727936890278393
34	22.39152853104204	27.55674471727913	27.608057366873513	22.443669384805315
35	22.374773213318612	27.309536017449194	27.548244742427713	22.767446026804482
36	22.442300234489363	27.512765170081387	27.46845989627335	22.576474699155895
37	22.240635854403525	27.38797846162954	27.60996834376341	22.761417340203526
38	22.25872175098675	27.273871173846544	27.646029431493986	22.821377643672722
39	22.17186556179757	27.445487974923477	27.680253825350253	22.702392637928696
40	22.31887682259839	27.410461160056332	27.689013342973578	22.5816486743717
41	22.492424729561648	27.423899252492852	27.546650784662962	22.537025233282538
42	22.44746231236205	27.522300619640937	27.493564978468598	22.536672089528416
43	22.38587955617377	27.5898712997583	27.507601897620948	22.51664724644698
44	22.43282475076774	27.293594946196322	27.470760726702085	22.802819576333853
45	22.27984262194889	27.433576003930497	27.65677148438272	22.629809889737892
46	22.333232655021188	27.56414145026151	27.460371483815273	22.642254410902034
47	22.334447059423386	27.49093338919379	27.536789587940312	22.63782996344251
48	22.339601359439413	27.860078036537338	27.68725944423234	22.113061159790913
49	22.40886784684834	28.149816346764844	27.83533085414687	21.60598495223994
50	22.214745080184873	28.1055501277635	27.976775349916284	21.70292944213534
>>END_MODULE
>>Per base GC content	pass
#Base	%GC
1	45.725918822620734
2	45.478195166870115
3	45.61932056582684
4	45.52426740391522
5	45.90930403211505
6	45.31629457769123
7	45.32490335717862
8	45.449115074903226
9	45.17259953923513
10	45.22119087788112
11	45.461330027394894
12	45.00305403350169
13	45.09746640988922
14	45.13975472341939
15	45.04308492739959
16	44.85775188102926
17	45.32199282678191
18	44.939545873893906
19	44.94638235651057
20	45.149003599763695
21	45.026996065445175
22	44.92620173293362
23	45.2198040157034
24	44.832744822721956
25	44.9973918376745
26	45.070185417414024
27	44.86694716107847
28	44.94179739912874
29	45.02108738729263
30	44.90632813092773
31	44.98664081696138
32	45.03346071378067
33	44.9853488536738
34	44.83519791584736
35	45.1422192401231
36	45.018774933645254
37	45.00205319460705
38	45.08009939465947
39	44.87425819972627
40	44.90052549697009
41	45.02944996284419
42	44.984134401890465
43	44.90252680262075
44	45.235644327101596
45	44.90965251168678
46	44.97548706592322
47	44.972277022865896
48	44.45266251923032
49	44.01485279908828
50	43.91767452232022
>>END_MODULE
>>Per sequence GC content	warn
#GC Content	Count
0	3631.0
1	3475.5
2	2847.0
3	2537.5
4	2760.5
5	3338.0
6	3974.5
7	5020.5
8	6072.5
9	7887.0
10	9910.0
11	13786.5
12	17880.5
13	24536.0
14	32239.0
15	45176.0
16	59124.5
17	79486.5
18	101110.0
19	129895.0
20	159317.0
21	196052.0
22	234227.0
23	279783.0
24	327450.5
25	373074.0
26	425154.5
27	484762.0
28	547865.0
29	616109.5
30	684615.0
31	752828.0
32	824905.5
33	899343.5
34	973824.5
35	1035471.0
36	1093463.5
37	1139618.0
38	1176150.5
39	1200313.0
40	1221713.0
41	1230401.0
42	1235571.0
43	1224953.5
44	1211266.0
45	1190407.5
46	1167645.5
47	1137948.5
48	1107424.0
49	1078963.5
50	1050817.0
51	1023580.5
52	994515.0
53	965802.5
54	938249.5
55	909690.0
56	877806.5
57	840305.5
58	800654.0
59	751679.5
60	700489.5
61	646267.0
62	590636.5
63	540912.0
64	481298.0
65	425696.5
66	373734.0
67	326038.0
68	277520.5
69	234579.0
70	197479.5
71	165458.0
72	137251.0
73	113449.5
74	91236.0
75	74608.5
76	62257.5
77	51248.5
78	41177.5
79	32938.5
80	25939.5
81	21068.0
82	16820.0
83	13452.5
84	10493.0
85	8334.5
86	6525.0
87	5123.0
88	4121.0
89	3275.5
90	2472.5
91	1945.5
92	1558.0
93	1296.5
94	1034.0
95	873.5
96	742.5
97	669.0
98	624.0
99	745.0
100	850.0
>>END_MODULE
>>Per base N content	pass
#Base	N-Count
1	1.3196024301798353E-4
2	9.389478830125751E-4
3	6.445750332032273E-4
4	4.872378203740931E-4
5	0.001228245338859693
6	0.002273776495079101
7	0.0010100033984837972
8	0.0031213672867715335
9	0.002268701101116871
10	0.002354982798474783
11	0.009090030586354174
12	0.005532179418830848
13	0.014388741882922435
14	0.002502169223379457
15	0.012155568539541178
16	0.008064801005983686
17	0.009359026466352371
18	0.012328131934257
19	0.005516953236944158
20	0.006765500151652771
21	0.012996162399314023
22	0.0084922077514189
23	0.016778369035725924
24	0.012021926120225165
25	0.0064232059377114055
26	0.010180738440515811
27	0.008710047123549032
28	0.012227057999259022
29	0.015122769742947169
30	0.03215206977029849
31	0.015377287198533948
32	0.016298742770286586
33	0.017901639199422257
34	0.012606661563651915
35	0.009997136832372428
36	0.01301288388974544
37	0.01244831560085411
38	0.012353734601739755
39	0.0229198428889594
40	0.022214227384603085
41	0.017492739576800538
42	0.011030099766105587
43	0.018173102616790924
44	0.013375938562930461
45	0.011611012740030952
46	0.005523166811450259
47	0.010026960653725013
48	0.006663017455007143
49	0.006292137490195425
50	0.018842570366889466
>>END_MODULE
>>Sequence Length Distribution	warn
#Length	Count
20	12476.0
21	13566.0
22	14641.0
23	14787.0
24	15493.0
25	16468.0
26	17416.0
27	18531.0
28	19617.0
29	21509.0
30	22604.0
31	23495.0
32	24810.0
33	25389.0
34	26543.0
35	27082.0
36	28428.0
37	29862.0
38	32498.0
39	35259.0
40	37311.0
41	41249.0
42	45696.0
43	59139.0
44	97056.0
45	188413.0
46	512852.0
47	1126324.0
48	2278682.0
49	3056726.0
50	1.1818982E7
>>END_MODULE
>>Sequence Duplication Levels	warn
#Total Duplicate Percentage	34.60378866755157
#Duplication Level	Relative count
1	100.0
2	22.614502376820344
3	9.890590809628009
4	5.3482230438391305
5	3.1932392665811515
6	2.029729117935562
7	1.4117558288689354
8	0.9748736135214668
9	0.7160642873311703
10++	4.730249754772505
>>END_MODULE
>>Overrepresented sequences	pass
>>END_MODULE
>>Kmer Content	warn
#Sequence	Count	Obs/Exp Overall	Obs/Exp Max	Max Obs/Exp Position
AAAAA	5274105	3.9650075	4.82247	46
TTTTT	4975940	3.4842381	3.9670286	46
>>END_MODULE
