##FastQC	0.10.1
>>Basic Statistics	pass
#Measure	Value	
Filename	019-F0_S5_L002_R1_001_trimmed.fq.gz	
File type	Conventional base calls	
Encoding	Sanger / Illumina 1.9	
Total Sequences	14098100	
Filtered Sequences	0	
Sequence length	20-50	
%GC	45	
>>END_MODULE
>>Per base sequence quality	pass
#Base	Mean	Median	Lower Quartile	Upper Quartile	10th Percentile	90th Percentile
1	35.39202928054135	36.0	36.0	36.0	36.0	36.0
2	35.38404983650279	36.0	36.0	36.0	36.0	36.0
3	35.368056617558395	36.0	36.0	36.0	36.0	36.0
4	35.36785843482455	36.0	36.0	36.0	36.0	36.0
5	35.35468814946695	36.0	36.0	36.0	36.0	36.0
6	35.32105943354069	36.0	36.0	36.0	36.0	36.0
7	35.308903327398724	36.0	36.0	36.0	36.0	36.0
8	35.29764046218994	36.0	36.0	36.0	36.0	36.0
9	35.28976479100021	36.0	36.0	36.0	36.0	36.0
10	35.263057716997324	36.0	36.0	36.0	36.0	36.0
11	35.255277094076504	36.0	36.0	36.0	36.0	36.0
12	35.23673892226612	36.0	36.0	36.0	36.0	36.0
13	35.23748271043616	36.0	36.0	36.0	36.0	36.0
14	35.22194763833424	36.0	36.0	36.0	36.0	36.0
15	35.211526943346975	36.0	36.0	36.0	36.0	36.0
16	35.195957469446235	36.0	36.0	36.0	36.0	36.0
17	35.17554642114895	36.0	36.0	36.0	36.0	36.0
18	35.156788503415356	36.0	36.0	36.0	36.0	36.0
19	35.13339613139359	36.0	36.0	36.0	36.0	36.0
20	35.142792858612154	36.0	36.0	36.0	36.0	36.0
21	35.120569202360926	36.0	36.0	36.0	36.0	36.0
22	35.11801430050741	36.0	36.0	36.0	36.0	36.0
23	35.109064588505824	36.0	36.0	36.0	36.0	36.0
24	35.09391410669632	36.0	36.0	36.0	36.0	36.0
25	35.08388517569491	36.0	36.0	36.0	36.0	36.0
26	35.064933522071144	36.0	36.0	36.0	36.0	36.0
27	35.0752336723036	36.0	36.0	36.0	36.0	36.0
28	35.056786957003254	36.0	36.0	36.0	36.0	36.0
29	35.045118689898025	36.0	36.0	36.0	36.0	36.0
30	35.03670212857687	36.0	36.0	36.0	36.0	36.0
31	35.02020431836202	36.0	36.0	36.0	36.0	36.0
32	35.019569096999426	36.0	36.0	36.0	36.0	36.0
33	34.98988700465795	36.0	36.0	36.0	36.0	36.0
34	34.9824115436337	36.0	36.0	36.0	36.0	36.0
35	34.96263711173283	36.0	36.0	36.0	36.0	36.0
36	34.94691133786167	36.0	36.0	36.0	36.0	36.0
37	34.96071457626832	36.0	36.0	36.0	36.0	36.0
38	34.939761877425916	36.0	36.0	36.0	36.0	36.0
39	34.92781860508495	36.0	36.0	36.0	36.0	36.0
40	34.919001025652456	36.0	36.0	36.0	36.0	36.0
41	34.904552707581836	36.0	36.0	36.0	36.0	36.0
42	34.882882626498805	36.0	36.0	36.0	36.0	36.0
43	34.887430641615815	36.0	36.0	36.0	36.0	36.0
44	34.865653550925444	36.0	36.0	36.0	36.0	36.0
45	34.86398946632142	36.0	36.0	36.0	36.0	36.0
46	34.8524249854186	36.0	36.0	36.0	36.0	36.0
47	34.868075093327334	36.0	36.0	36.0	36.0	36.0
48	34.875252075600336	36.0	36.0	36.0	36.0	36.0
49	34.96404326240314	36.0	36.0	36.0	36.0	36.0
50	35.05050773763315	36.0	36.0	36.0	36.0	36.0
>>END_MODULE
>>Per sequence quality scores	pass
#Quality	Count
14	12.0
15	64.0
16	345.0
17	759.0
18	1751.0
19	3534.0
20	6793.0
21	11053.0
22	16975.0
23	23924.0
24	33683.0
25	47180.0
26	65361.0
27	88973.0
28	118052.0
29	153617.0
30	196395.0
31	255530.0
32	342781.0
33	501656.0
34	969307.0
35	5601938.0
36	5658417.0
>>END_MODULE
>>Per base sequence content	pass
#Base	G	A	T	C
1	22.22501773836565	26.64329120221751	27.257656118365386	23.874034941051455
2	22.51937034892802	27.207301923224513	27.417145892203585	22.85618183564388
3	22.02636884822928	27.208374192930595	27.790226679883602	22.975030278956524
4	22.73512033536434	26.349756350146475	28.228059100162433	22.687064214326753
5	22.538316700318095	26.651172704713055	27.744819908405223	23.065690686563627
6	21.844293481961678	27.286972378462053	27.900655866824646	22.968078272751622
7	21.992947209047546	27.23000801888783	27.776065552723388	23.00097921934123
8	21.990459821454856	27.042928391773646	27.434883057305974	23.531728729465524
9	22.202626866823493	26.95725468243324	27.517078294443216	23.323040156300053
10	21.92807292012459	27.020519708532863	27.944434324845922	23.106973046496623
11	23.04990024150861	26.625466163826367	27.37249866080751	22.95213493385751
12	21.88282471586661	27.386679317200308	27.873168280564926	22.85732768636815
13	21.89828365125884	27.246741011443532	28.244442176196653	22.610533161100975
14	22.13492710717606	26.866851652362417	28.287568182413043	22.71065305804848
15	21.903380222507117	27.322123474241078	28.063934443206605	22.7105618600452
16	21.96566359762405	27.360305811443087	28.28363597106248	22.39039461987038
17	22.20665417881499	26.83510843548517	27.423739364424716	23.534498021275123
18	22.139119607544252	27.778993465714773	27.36807281605839	22.71381411068258
19	22.61039308328894	27.035741873155327	27.697075406989484	22.656789636566245
20	22.856011181217553	26.63338896325758	27.784792204925434	22.725807650599435
21	22.7769143110166	26.81537545348573	27.863580472597228	22.544129762900443
22	22.18248870908503	27.536923959329744	27.943288142188226	22.337299189397
23	22.15255511619243	27.259179449334447	27.93036246686837	22.65790296760475
24	21.857131538100667	27.595510322274304	27.856851941472243	22.690506198152782
25	22.071456034001123	27.566331030781697	27.620638535540916	22.741574399676267
26	22.287008246335354	26.95052327374813	27.656291679412337	23.106176800504176
27	22.75552762841335	27.09422091285129	27.580413573506757	22.5698378852286
28	22.00240898157274	27.365595118309304	27.613148277013682	23.018847623104275
29	22.805060956988235	26.839210443419486	27.437621324102533	22.918107275489746
30	22.12204392938779	27.859600482670405	27.337617717018993	22.680737870922815
31	22.19845374199892	27.42170443083899	27.71249243249418	22.667349394667912
32	22.268211580305273	27.64751719115036	27.375109318259998	22.709161910284365
33	22.069989293198685	26.977621188731625	28.10868736176281	22.843702156306875
34	22.222576888592997	27.741844283947053	27.7614233152316	22.27415551222835
35	22.230869360652424	26.72948792589101	27.89889694829591	23.140745765160663
36	22.459794747804608	27.341221453500474	27.290283461783133	22.908700336911785
37	22.23471325362526	27.305015910223645	27.347886004006888	23.11238483214421
38	22.458609188142017	27.31527173775793	27.072978361908177	23.153140712191878
39	22.422237198352704	27.310273554799142	27.231030756929282	23.036458489918875
40	22.134747566543133	27.123217742283774	28.008465103189895	22.7335695879832
41	22.612896107250805	26.960183338329525	27.551934025017598	22.87498652940207
42	22.600382925128322	27.0162901324711	27.74266676408508	22.640660178315503
43	22.410437220102445	27.570286536986714	27.45394117062271	22.565335072288132
44	22.476898587573267	27.134677747680424	27.24544481126674	23.14297885347957
45	22.540202030047237	27.568724015797528	27.278884910622043	22.612189043533196
46	22.35186572010802	28.23703086677547	26.98752267493466	22.42358073818185
47	22.72097621151975	27.167727176539824	27.11570612285626	22.995590489084165
48	22.641665552397356	27.77150219830993	27.58300589260915	22.003826356683565
49	22.955181808284564	27.65031743565411	27.75034096557731	21.64415979048402
50	23.3345449783897	27.240757736716432	27.59086125489128	21.833836030002587
>>END_MODULE
>>Per base GC content	pass
#Base	%GC
1	46.099052679417106
2	45.3755521845719
3	45.001399127185806
4	45.42218454969109
5	45.604007386881726
6	44.8123717547133
7	44.99392642838878
8	45.522188550920376
9	45.525667023123546
10	45.03504596662121
11	46.002035175366125
12	44.74015240223476
13	44.50881681235981
14	44.84558016522453
15	44.61394208255231
16	44.35605821749443
17	45.74115220009011
18	44.852933718226836
19	45.267182719855185
20	45.58181883181699
21	45.321044073917044
22	44.51978789848203
23	44.81045808379718
24	44.54763773625345
25	44.81303043367738
26	45.393185046839534
27	45.325365513641955
28	45.02125660467701
29	45.72316823247798
30	44.802781800310605
31	44.865803136666834
32	44.977373490589635
33	44.91369144950556
34	44.49673240082135
35	45.371615125813086
36	45.36849508471639
37	45.34709808576947
38	45.61174990033389
39	45.458695688271575
40	44.86831715452633
41	45.48788263665288
42	45.24104310344383
43	44.97577229239057
44	45.619877441052836
45	45.152391073580425
46	44.77544645828987
47	45.71656670060392
48	44.64549190908092
49	44.59934159876858
50	45.16838100839229
>>END_MODULE
>>Per sequence GC content	warn
#GC Content	Count
0	1953.0
1	1896.5
2	1631.0
3	1573.0
4	1774.5
5	2135.5
6	2538.5
7	3178.0
8	3855.0
9	4976.5
10	6173.5
11	8355.0
12	10618.5
13	14601.0
14	19234.0
15	26477.0
16	34296.5
17	46863.5
18	60669.0
19	79231.0
20	97899.0
21	119636.0
22	142595.5
23	172491.0
24	204257.5
25	235389.0
26	271400.5
27	316446.0
28	365229.0
29	421780.5
30	480155.5
31	541845.0
32	606554.0
33	677020.5
34	745757.0
35	798543.0
36	844731.5
37	862764.0
38	874378.5
39	882028.0
40	888595.0
41	891429.0
42	894046.5
43	890437.0
44	882688.5
45	868622.0
46	855354.5
47	839185.0
48	821439.5
49	803152.0
50	784363.0
51	765154.0
52	743745.5
53	719727.5
54	694995.0
55	668469.5
56	640087.0
57	607217.0
58	573899.0
59	535726.5
60	495834.5
61	452613.5
62	409091.5
63	373041.5
64	331530.0
65	293608.0
66	257848.5
67	224911.0
68	190506.5
69	158476.0
70	131444.5
71	110061.5
72	91210.5
73	75110.5
74	60314.0
75	49975.5
76	42192.5
77	34652.5
78	27814.0
79	22634.5
80	18144.5
81	14731.0
82	11798.5
83	9567.5
84	7488.0
85	5928.5
86	4629.5
87	3684.0
88	2960.5
89	2258.0
90	1610.5
91	1292.5
92	1049.5
93	856.5
94	677.0
95	598.5
96	524.5
97	463.0
98	396.5
99	554.0
100	727.0
>>END_MODULE
>>Per base N content	pass
#Base	N-Count
1	9.008306083798526E-4
2	4.2558926380150516E-5
3	1.7732885991729382E-4
4	0.0
5	9.575758435533867E-4
6	8.228059100162434E-4
7	9.575758435533867E-4
8	2.9081933026436186E-4
9	6.241975869088742E-4
10	3.120987934544371E-4
11	3.6884402862797115E-4
12	0.0010214142331236124
13	6.454770500989495E-4
14	5.178002709584979E-4
15	2.411672494875196E-4
16	7.093154396691753E-6
17	9.362963803633114E-4
18	7.093154396691753E-6
19	4.965208077684228E-4
20	0.0012200225562309815
21	0.0016260003274722057
22	0.0010164687845990337
23	4.981528492350365E-5
24	7.125295833376382E-6
25	0.0014625427811599376
26	2.643186597186578E-4
27	4.792801126866233E-4
28	0.0013467421090583164
29	1.0760838639502866E-4
30	0.0011568664984683375
31	9.572879700715792E-4
32	0.001095964607841872
33	0.0013003165620670352
34	1.5923770882125517E-4
35	7.252958082689234E-6
36	3.1254663213922836E-4
37	5.535353538296307E-4
38	9.488525416730562E-5
39	5.998218821606023E-4
40	2.8596258084308805E-4
41	3.675468752745116E-5
42	4.4236216382042247E-4
43	3.1066756987098567E-4
44	0.0
45	0.0
46	0.0
47	1.0879802198978994E-4
48	9.929122613080295E-5
49	9.491698655273084E-6
50	0.0
>>END_MODULE
>>Sequence Length Distribution	warn
#Length	Count
20	14462.0
21	15326.0
22	16400.0
23	17407.0
24	17821.0
25	18429.0
26	18956.0
27	19685.0
28	20180.0
29	22530.0
30	23488.0
31	24355.0
32	26278.0
33	26960.0
34	28345.0
35	29531.0
36	28020.0
37	29168.0
38	30034.0
39	32577.0
40	34441.0
41	40160.0
42	44273.0
43	54080.0
44	86392.0
45	144475.0
46	366446.0
47	782221.0
48	1550138.0
49	2081451.0
50	8454071.0
>>END_MODULE
>>Sequence Duplication Levels	warn
#Total Duplicate Percentage	33.93700404069909
#Duplication Level	Relative count
1	100.0
2	23.39425202652911
3	9.091378039793662
4	4.2461311717022845
5	2.358879882092852
6	1.4782608695652173
7	0.9491525423728814
8	0.6875460574797347
9	0.5416359616801769
10++	4.6366985998526165
>>END_MODULE
>>Overrepresented sequences	pass
>>END_MODULE
>>Kmer Content	warn
#Sequence	Count	Obs/Exp Overall	Obs/Exp Max	Max Obs/Exp Position
TTTTT	3632810	3.5740457	5.2283897	13
AAAAA	3311980	3.5354097	4.2969127	13
GCAGC	1348895	3.044827	3.3296404	34
CAGCA	1633745	3.024461	3.309564	41
AGAAA	2311010	3.0079775	6.363096	28
GAAAA	2298615	2.9918442	6.611283	4
TTTTC	2461575	2.935708	5.1553745	4
GAGAA	1456615	2.3117366	6.456303	27
GGAAA	1433030	2.2743058	6.2530966	20
TGAAA	1554890	1.9910654	5.222989	10
CTGAA	1280645	1.9557353	5.70921	9
AAATG	1462685	1.8729954	5.2966633	23
CATTT	1493785	1.8108181	5.37382	1
TGAGA	1060350	1.6556015	5.648181	26
ATGAG	876615	1.3687229	5.3571587	25
AACTG	882255	1.3473346	5.0455546	7
ACTGA	861020	1.3149055	5.0241137	8
>>END_MODULE
