##FastQC	0.10.1
>>Basic Statistics	pass
#Measure	Value	
Filename	029-F0_S5_L001_R1_001.fastq.gz	
File type	Conventional base calls	
Encoding	Sanger / Illumina 1.9	
Total Sequences	21505603	
Filtered Sequences	0	
Sequence length	35-76	
%GC	45	
>>END_MODULE
>>Per base sequence quality	pass
#Base	Mean	Median	Lower Quartile	Upper Quartile	10th Percentile	90th Percentile
1	31.39483054718345	32.0	32.0	32.0	32.0	32.0
2	31.430306325286484	32.0	32.0	32.0	32.0	32.0
3	31.508635726233763	32.0	32.0	32.0	32.0	32.0
4	31.58891489813143	32.0	32.0	32.0	32.0	32.0
5	31.55454729634877	32.0	32.0	32.0	32.0	32.0
6	35.16768304520455	36.0	36.0	36.0	36.0	36.0
7	35.18475110881569	36.0	36.0	36.0	36.0	36.0
8	35.11728278439809	36.0	36.0	36.0	36.0	36.0
9	35.25356136259002	36.0	36.0	36.0	36.0	36.0
10-14	35.18404897551583	36.0	36.0	36.0	36.0	36.0
15-19	35.13411688107512	36.0	36.0	36.0	36.0	36.0
20-24	35.07766453235466	36.0	36.0	36.0	36.0	36.0
25-29	34.966385104384194	36.0	36.0	36.0	36.0	36.0
30-34	34.869360668473234	36.0	36.0	36.0	36.0	36.0
35-39	34.844829608730564	36.0	36.0	36.0	36.0	36.0
40-44	34.784507489556084	36.0	36.0	36.0	36.0	36.0
45-49	34.68354377531913	36.0	36.0	36.0	32.8	36.0
50-54	34.56288383350859	36.0	36.0	36.0	32.0	36.0
55-59	34.40734635082805	36.0	36.0	36.0	32.0	36.0
60-64	34.2593143539995	36.0	36.0	36.0	32.0	36.0
65-69	34.10977617962589	36.0	36.0	36.0	32.0	36.0
70-74	33.99704489137421	36.0	36.0	36.0	32.0	36.0
75-76	33.33890694748208	36.0	34.0	36.0	23.0	36.0
>>END_MODULE
>>Per sequence quality scores	pass
#Quality	Count
2	45487.0
3	0.0
4	0.0
5	0.0
6	0.0
7	0.0
8	0.0
9	0.0
10	0.0
11	0.0
12	0.0
13	0.0
14	0.0
15	0.0
16	1.0
17	17.0
18	215.0
19	1424.0
20	5112.0
21	12129.0
22	21169.0
23	34140.0
24	53301.0
25	85664.0
26	130795.0
27	192260.0
28	266788.0
29	354642.0
30	460242.0
31	602209.0
32	823304.0
33	1286235.0
34	2979509.0
35	1.415096E7
>>END_MODULE
>>Per base sequence content	fail
#Base	G	A	T	C
1	41.688895837155506	19.123714819272976	12.549939889414421	26.637449454157103
2	15.60223982341768	19.71918236734122	37.69017441176117	26.98840339747993
3	18.886262464468366	21.91245977826479	28.23874873655068	30.96252902071617
4	12.861728707901717	15.52588572592991	35.88279537629562	35.72959018987276
5	14.61402631747191	35.351435192614986	34.386752615875885	15.647785874037215
6	34.18100004740542	35.37295969658293	16.4461056074366	13.999934648575044
7	30.12035117239586	29.394996252349998	20.858047592009644	19.626604983244498
8	25.851048521825327	35.98123607533156	19.696594370692125	18.471121032150993
9	24.63751826877357	16.168519312756743	20.162300147864997	39.03166227060469
10-14	23.988619076384442	23.288185078788	28.39267897567438	24.330516869153183
15-19	22.384619045081443	28.366285420882285	26.315296464967204	22.933799069069067
20-24	22.48623502757058	26.9968827926456	27.60845565840665	22.90842652137717
25-29	22.327876422340694	27.102247855372084	27.49321123619291	23.076664486094305
30-34	22.35715873252854	27.103953241050295	27.65020178249632	22.888686243924848
35-39	22.3922135179671	27.30794650190581	27.49729852648172	22.802541453645368
40-44	22.493238657105866	27.194723666381392	27.558654785950548	22.753382890562193
45-49	22.49013449816992	27.300229252560694	27.355830076040526	22.85380617322886
50-54	22.449102573620113	27.412672268393262	27.38036665033532	22.757858507651303
55-59	22.52396873566309	27.280833858795244	27.24288799194238	22.952309413599288
60-64	22.628084545316156	27.274716517286034	27.303410822761716	22.793788114636094
65-69	22.71047069130524	27.418551267929807	27.18895722683707	22.682020813927885
70-74	22.969434265198796	27.62594326789966	27.183920912639582	22.22070155426196
75-76	26.969684512336876	34.917529542741484	28.249888871833956	9.862897073087682
>>END_MODULE
>>Per base GC content	fail
#Base	%GC
1	68.3263452913126
2	42.59064322089761
3	49.84879148518453
4	48.59131889777447
5	30.261812191509126
6	48.18093469598047
7	49.74695615564036
8	44.322169553976316
9	63.66918053937825
10-14	48.319135945537624
15-19	45.31841811415051
20-24	45.39466154894775
25-29	45.404540908435
30-34	45.245844976453384
35-39	45.19475497161247
40-44	45.246621547668056
45-49	45.343940671398784
50-54	45.206961081271416
55-59	45.47627814926238
60-64	45.42187265995225
65-69	45.392491505233124
70-74	45.19013581946075
75-76	36.832581585424556
>>END_MODULE
>>Per sequence GC content	warn
#GC Content	Count
0	45499.0
1	22760.5
2	36.0
3	67.5
4	86.0
5	132.5
6	272.5
7	491.0
8	629.5
9	814.0
10	1362.0
11	2317.0
12	2945.5
13	3880.5
14	6351.5
15	10268.0
16	16298.5
17	21107.5
18	28435.5
19	42711.0
20	60985.0
21	74745.5
22	93958.0
23	127931.0
24	164618.5
25	189483.0
26	221191.0
27	272720.0
28	324621.0
29	360973.5
30	405141.0
31	474601.0
32	543256.0
33	590334.5
34	651304.0
35	742234.5
36	819871.5
37	866238.0
38	902351.0
39	936452.0
40	944794.5
41	942303.0
42	948172.5
43	953258.5
44	946505.5
45	932060.0
46	923935.0
47	912858.0
48	889694.0
49	861430.5
50	841581.5
51	822145.5
52	791081.5
53	761104.5
54	744784.0
55	725448.5
56	694924.0
57	665207.5
58	638842.0
59	599488.5
60	546123.5
61	488500.5
62	442152.0
63	399382.0
64	344153.0
65	294264.0
66	244689.0
67	208959.0
68	181243.0
69	147530.5
70	115413.5
71	93441.5
72	77970.5
73	61507.5
74	46872.5
75	37374.0
76	31283.5
77	24758.0
78	18572.0
79	14853.0
80	12608.5
81	9764.5
82	6952.0
83	5283.5
84	4241.5
85	3281.5
86	2372.0
87	1729.5
88	1344.5
89	1032.5
90	788.0
91	561.0
92	457.5
93	467.0
94	394.5
95	247.0
96	187.5
97	151.0
98	96.0
99	56.0
100	36.0
>>END_MODULE
>>Per base N content	pass
#Base	N-Count
1	0.24091861083830107
2	0.212488810474182
3	0.2115820700307729
4	0.21154487042283815
5	0.2115123207658953
6	0.24347143393282206
7	0.21151697071688713
8	0.2115123207658953
9	0.2115123207658953
10-14	0.21214192413019062
15-19	0.2117410983546939
20-24	0.21215587398316615
25-29	0.21436088074349738
30-34	0.2162543407873753
35-39	0.056858523060312964
40-44	0.007895101081786806
45-49	0.0030691213677781375
50-54	0.0029265791176380277
55-59	0.004397213415262178
60-64	0.0020704868939413223
65-69	0.0025185390956705437
70-74	0.0061354775823945695
75-76	0.02121722266818107
>>END_MODULE
>>Sequence Length Distribution	warn
#Length	Count
35	60058.0
36	20841.0
37	27395.0
38	29101.0
39	31280.0
40	30981.0
41	32564.0
42	34354.0
43	37223.0
44	39097.0
45	42961.0
46	43837.0
47	45379.0
48	47255.0
49	48680.0
50	48039.0
51	49018.0
52	49700.0
53	51304.0
54	53936.0
55	56020.0
56	57679.0
57	58995.0
58	60037.0
59	61016.0
60	62080.0
61	60932.0
62	60977.0
63	62372.0
64	65368.0
65	66733.0
66	68915.0
67	70860.0
68	69567.0
69	76238.0
70	78828.0
71	94331.0
72	174661.0
73	520177.0
74	1424479.0
75	4427133.0
76	1.3005202E7
>>END_MODULE
>>Sequence Duplication Levels	warn
#Total Duplicate Percentage	33.228635509248576
#Duplication Level	Relative count
1	100.0
2	22.117688564834552
3	8.73991209372749
4	4.584944213327061
5	2.595293045408441
6	1.6765401972746115
7	1.135578520293413
8	0.7923324562306143
9	0.6078468843253414
10++	4.750319725991151
>>END_MODULE
>>Overrepresented sequences	warn
#Sequence	Count	Percentage	Possible Source
NNNNNNNNNNNNNNNNNNNNNNNNNNNNNNNNNNN	45487	0.2115123207658953	No Hit
>>END_MODULE
>>Kmer Content	warn
#Sequence	Count	Obs/Exp Overall	Obs/Exp Max	Max Obs/Exp Position
AAAAA	7419610	3.4562166	6.4447365	72
TTTTT	7089770	3.213331	5.7031255	72
CCTGG	3387370	3.0118566	11.619151	3
CCAGG	3270810	2.9241946	12.815476	3
CCCAG	3101025	2.7670627	10.909747	2
CTGGG	3042680	2.7105987	9.713071	4
CAGCA	3500400	2.6562395	7.3685746	4
CCAGC	2888985	2.577858	6.644483	3
TGCTG	3408810	2.5634863	6.84633	2
GGAGG	2842440	2.5510373	5.842	6
GCTGG	2780495	2.4770286	5.7126975	3
TCCAG	3209285	2.4220245	9.957668	2
AGGAG	3079065	2.3455405	7.3922515	5
AGCAG	3069230	2.3335454	5.354093	7
CAGCC	2603760	2.3233502	5.4325356	9
CAGGA	3052230	2.3206203	10.415444	4
CTGCT	3072350	2.3060124	6.5154114	9
CTCCA	3053755	2.3002086	7.1889215	1
CTCCT	3070470	2.3001626	6.751555	1
GGCTG	2548465	2.2703228	7.911884	7
CTGGA	3001975	2.2699413	8.851027	4
TCCTG	2995150	2.2480683	9.355542	2
GCTGC	2516330	2.2373774	5.494232	8
CAGAG	2942160	2.2369337	7.438807	4
GGCAG	2476380	2.2182248	5.8670855	7
CCTGC	2478675	2.199652	6.3252873	3
GCAGG	2438810	2.1845713	6.4174457	3
CCCTG	2459495	2.1826313	8.636236	2
CTCTG	2893755	2.1719644	7.2016106	2
CTGCC	2445255	2.1699944	5.720979	9
CACAG	2841900	2.1565442	8.061098	7
CTGCA	2845495	2.147475	6.578911	4
TGCAG	2812065	2.1263406	6.538345	2
CAGGG	2372570	2.1252365	9.018944	4
GCCTG	2387325	2.1226735	6.795819	7
TGGAG	2758810	2.0900974	6.410429	5
CTGTG	2774325	2.0863423	9.293892	9
AGCTG	2671610	2.020136	5.596956	7
CAGGC	2251205	2.0126395	5.7870154	4
GCCAG	2240610	2.0031672	5.0828505	2
GGAGA	2620715	1.9963831	5.6746225	6
GGGAG	2218430	1.9909998	5.144741	7
CTGGC	2232455	1.9849721	5.0010085	4
CTCAG	2607865	1.9681371	6.0145483	2
CCCCA	2201585	1.9607036	6.4092665	1
CAGAA	3013495	1.9447148	5.445797	4
CTGAG	2571080	1.94412	5.5392504	4
CAGTG	2498320	1.8891029	6.749922	9
TTCTG	2950025	1.8727213	5.1702285	2
CACTG	2464975	1.8602992	7.769437	7
CCAGA	2445440	1.8556948	6.6020746	3
TGGGG	2075805	1.8528179	5.453517	5
CCTCT	2467025	1.8481075	5.24159	1
TCCCA	2449570	1.8451126	5.044857	2
GGCCA	2045185	1.8284521	5.5568857	1
TCTGG	2390240	1.7975035	5.9978986	3
CACAC	2372915	1.7971921	7.4643893	5
ACACA	2788570	1.7960968	7.2924795	6
GAGAG	2333775	1.7778007	5.7074294	7
GTGTG	2348300	1.7693716	7.2619934	9
TGGCC	1953655	1.7370789	5.048506	5
ACAGA	2677805	1.7280821	6.3192964	8
CCTGA	2255105	1.7019117	5.4450564	3
TGTGT	2669965	1.6982057	6.7074394	10
GCCCA	1875890	1.6738675	6.5702415	1
TCAGG	2189570	1.6556418	5.7502027	3
CCTGT	2161705	1.62251	5.4333444	8
TGGGC	1791735	1.5961831	5.832755	5
ACAGG	2091660	1.5902959	5.2201104	8
ACAGC	2050950	1.5563406	6.2094235	8
GCTGT	2009900	1.5114807	5.41023	8
CTGTC	1972575	1.4805547	5.845766	9
GACAG	1939435	1.4745587	7.229021	7
GGGCT	1609260	1.4336236	5.6169276	6
GCCCT	1611455	1.4300545	5.313861	1
AGACA	2184640	1.4098253	5.5864353	6
AGGGC	1541530	1.38083	5.3021507	5
GTCCT	1793235	1.3459476	9.111866	1
GGACA	1741685	1.3242086	6.556717	6
GCACA	1741480	1.3215027	5.151228	6
GTGCT	1717450	1.2915531	5.8155923	1
AGGAC	1698495	1.2913712	9.659404	5
TGTGC	1711160	1.2868229	6.457897	10
AGCAC	1669360	1.2667753	6.0406356	5
ACTGC	1642440	1.2395378	5.337276	8
GTCCA	1596870	1.2051466	6.875263	1
ACAGT	1759930	1.1295397	5.9451494	8
GTCTT	1773910	1.1261054	5.077014	1
GTGCA	1487865	1.1250479	5.6466303	1
GTCCC	1259470	1.1176924	5.038718	1
TGGAC	1476265	1.1162766	6.1393504	5
ACTGT	1731035	1.1049247	6.655038	8
TGCAC	1457015	1.0995988	5.4869475	5
GACTG	1402680	1.0606354	6.159396	7
GGACC	1140285	1.0194463	5.5869617	6
ACACT	1584230	1.0148156	5.2888975	6
AGACT	1552150	0.9961845	5.0304174	6
CTACA	1522700	0.9754011	5.588565	4
TGTAG	1515920	0.9694832	5.9285784	2
GGACT	1265275	0.9567367	5.39936	6
TAGGA	1315710	0.8460647	6.2049155	4
TCCTA	1302190	0.82959074	5.7818646	2
GTGTA	1122550	0.7179095	5.9322333	1
TACAC	1081300	0.692652	5.2832694	5
>>END_MODULE
