##FastQC	0.10.1
>>Basic Statistics	pass
#Measure	Value	
Filename	005-F0_S3_L002_R1_001_trimmed.fq.gz	
File type	Conventional base calls	
Encoding	Sanger / Illumina 1.9	
Total Sequences	20600258	
Filtered Sequences	0	
Sequence length	20-50	
%GC	45	
>>END_MODULE
>>Per base sequence quality	pass
#Base	Mean	Median	Lower Quartile	Upper Quartile	10th Percentile	90th Percentile
1	35.114028474789	36.0	36.0	36.0	36.0	36.0
2	35.106048671817604	36.0	36.0	36.0	36.0	36.0
3	35.08331429635493	36.0	36.0	36.0	36.0	36.0
4	35.07177827578664	36.0	36.0	36.0	36.0	36.0
5	35.05692739382196	36.0	36.0	36.0	36.0	36.0
6	35.00774961167962	36.0	36.0	36.0	36.0	36.0
7	34.99454186447568	36.0	36.0	36.0	36.0	36.0
8	34.97860371457484	36.0	36.0	36.0	36.0	36.0
9	34.97271247767868	36.0	36.0	36.0	36.0	36.0
10	34.95035450526882	36.0	36.0	36.0	36.0	36.0
11	34.93192570694988	36.0	36.0	36.0	36.0	36.0
12	34.91523081895382	36.0	36.0	36.0	36.0	36.0
13	34.90626088275205	36.0	36.0	36.0	36.0	36.0
14	34.906658062243686	36.0	36.0	36.0	36.0	36.0
15	34.903311842016734	36.0	36.0	36.0	36.0	36.0
16	34.87756434895136	36.0	36.0	36.0	36.0	36.0
17	34.86647997321199	36.0	36.0	36.0	36.0	36.0
18	34.856407914891165	36.0	36.0	36.0	36.0	36.0
19	34.850428960647	36.0	36.0	36.0	36.0	36.0
20	34.84119155206697	36.0	36.0	36.0	36.0	36.0
21	34.828500162888524	36.0	36.0	36.0	36.0	36.0
22	34.81830433745315	36.0	36.0	36.0	36.0	36.0
23	34.8084029602621	36.0	36.0	36.0	36.0	36.0
24	34.796928790241765	36.0	36.0	36.0	36.0	36.0
25	34.78966957429021	36.0	36.0	36.0	36.0	36.0
26	34.77465208440274	36.0	36.0	36.0	36.0	36.0
27	34.77353678673694	36.0	36.0	36.0	36.0	36.0
28	34.75551953960407	36.0	36.0	36.0	32.0	36.0
29	34.740107420553755	36.0	36.0	36.0	32.0	36.0
30	34.72281769499657	36.0	36.0	36.0	32.0	36.0
31	34.71690159593248	36.0	36.0	36.0	32.0	36.0
32	34.70779046278732	36.0	36.0	36.0	32.0	36.0
33	34.688503104291776	36.0	36.0	36.0	32.0	36.0
34	34.6715759344378	36.0	36.0	36.0	32.0	36.0
35	34.647262001895655	36.0	36.0	36.0	32.0	36.0
36	34.63955546035049	36.0	36.0	36.0	32.0	36.0
37	34.618289046882396	36.0	36.0	36.0	32.0	36.0
38	34.59612571972113	36.0	36.0	36.0	32.0	36.0
39	34.581412849806966	36.0	36.0	36.0	32.0	36.0
40	34.56283347907616	36.0	36.0	36.0	32.0	36.0
41	34.54350937916725	36.0	36.0	36.0	32.0	36.0
42	34.52677457682276	36.0	36.0	36.0	32.0	36.0
43	34.5077189849414	36.0	36.0	36.0	32.0	36.0
44	34.48586251993212	36.0	36.0	36.0	32.0	36.0
45	34.46934254579006	36.0	36.0	36.0	32.0	36.0
46	34.45314100011666	36.0	36.0	36.0	32.0	36.0
47	34.46028646915139	36.0	36.0	36.0	32.0	36.0
48	34.46953354589087	36.0	36.0	36.0	32.0	36.0
49	34.544660235087136	36.0	36.0	36.0	32.0	36.0
50	34.64117424736259	36.0	36.0	36.0	32.0	36.0
>>END_MODULE
>>Per sequence quality scores	pass
#Quality	Count
14	2.0
15	35.0
16	184.0
17	616.0
18	1533.0
19	3265.0
20	7028.0
21	12821.0
22	21458.0
23	33831.0
24	52511.0
25	79542.0
26	117801.0
27	167492.0
28	230677.0
29	309502.0
30	406269.0
31	536436.0
32	732961.0
33	1102530.0
34	2190928.0
35	9563420.0
36	5029416.0
>>END_MODULE
>>Per base sequence content	pass
#Base	G	A	T	C
1	22.67221404244055	26.54756002730258	27.19105704100401	23.589168889252853
2	22.605535708174486	26.55381207659808	27.44184962758956	23.39880258763787
3	22.596585926253933	26.62636555328579	27.312162789417492	23.464885731042788
4	22.787713064716915	26.349877707824493	27.5133827226896	23.349026504768993
5	22.873330033051044	26.4040091148373	27.175363531854796	23.547297320256863
6	22.435603594654182	26.784709530565564	27.382842845115963	23.39684402966429
7	22.478178886529047	26.743509490572727	27.366419950998612	23.411891671899618
8	22.525829530872866	26.65104971015412	27.352691408039647	23.470429350933372
9	22.429872017442136	26.777129516375766	27.394792553034243	23.39820591314786
10	22.533967539044177	26.816802664976592	27.321840078103882	23.327389717875352
11	22.9701928975841	26.721825522767723	27.087379196901317	23.220602382746858
12	22.373695513910555	26.905988264807167	27.447253330516542	23.273062890765736
13	22.482631042776262	26.72096145591963	27.554106361192176	23.242301140111934
14	22.525741890175347	26.47873058924369	27.66397914017696	23.331548380404
15	22.465184659337762	26.760805617094697	27.480160685366172	23.293849038201365
16	22.626095265408814	27.081427815127363	27.330681974953908	22.96179494450992
17	22.754210165717343	26.75757264787655	27.12545153560698	23.36276565079913
18	22.641828078075527	27.12965051214407	27.12885925991801	23.099662149862397
19	22.74790927375764	26.844023021459247	27.341021651282233	23.067046053500885
20	22.80698620376502	26.62976356898054	27.306711401381477	23.25653882587296
21	22.826348185344024	26.774848649923005	27.310534130801795	23.088269033931176
22	22.63430304305649	26.92890393685163	27.325261695092813	23.111531324999067
23	22.726780366872294	26.70744329558622	27.24139136736841	23.324384970173075
24	22.59129174266784	27.024543506353453	27.265089882279753	23.11907486869895
25	22.68619365010728	26.942868781160744	27.135291262312517	23.235646306419454
26	22.762375085275423	26.928134094597194	27.100930362951036	23.208560457176343
27	22.72548468337599	27.021074419735264	27.21327531876562	23.04016557812313
28	22.541469996266176	27.01034710683151	27.172795741952566	23.275387154949748
29	22.813845492674155	26.762859030170873	27.244361366005844	23.178934111149136
30	22.680226886264954	27.04478448914132	27.148694090383486	23.12629453421024
31	22.787567874380677	26.96243385337181	27.126259844558366	23.12373842768915
32	22.736405789768117	27.01253173870003	27.0796968363299	23.171365635201948
33	22.675402775098842	26.839513804877928	27.274893450117872	23.210189969905358
34	22.81596308088889	27.1446438104119	27.12577622496925	22.913616883729958
35	22.80093671150808	26.819347377027906	27.114152975549832	23.26556293591418
36	22.89862700695677	27.076039945325093	26.957009812922045	23.06832323479609
37	22.64473041195244	26.99816119860258	27.110614028598057	23.24649436084692
38	22.682668625813278	26.85921018920734	27.144004061404686	23.314117123574693
39	22.62140968229711	26.98536688911506	27.147417849682043	23.245805578905788
40	22.71564904643229	26.975154066976714	27.233327569297412	23.075869317293584
41	22.942626804368143	26.937532534541436	27.067165461054753	23.05267520003567
42	22.85198947443676	27.02428627488786	27.089843379962304	23.033880870713077
43	22.79300237103004	27.163114505101728	27.034639657351313	23.009243466516928
44	22.835656688287727	26.89425376121709	26.98930466966886	23.280784880826317
45	22.716792955723943	27.04696406261875	27.14709752946337	23.089145452193936
46	22.767893640254954	27.23702619932099	26.909269242530044	23.08581091789401
47	22.775962535389606	27.055769903966436	27.047969051749813	23.120298508894145
48	22.803932095451433	27.459186982353824	27.17341076017287	22.563470162021872
49	22.971057614881765	27.666458601645033	27.274981699011004	22.0875020844622
50	22.8892725437856	27.44207096386489	27.37903567419886	22.289620818150652
>>END_MODULE
>>Per base GC content	pass
#Base	%GC
1	46.261382931693404
2	46.00433829581236
3	46.06147165729672
4	46.13673956948591
5	46.4206273533079
6	45.832447624318476
7	45.89007055842866
8	45.99625888180624
9	45.82807793058999
10	45.861357256919526
11	46.19079528033095
12	45.64675840467629
13	45.724932182888196
14	45.85729027057935
15	45.759033697539124
16	45.58789020991873
17	46.11697581651647
18	45.741490227937916
19	45.814955327258524
20	46.06352502963798
21	45.9146172192752
22	45.74583436805556
23	46.05116533704537
24	45.71036661136679
25	45.92183995652674
26	45.97093554245177
27	45.76565026149912
28	45.81685715121592
29	45.99277960382329
30	45.80652142047519
31	45.911306302069825
32	45.907771424970065
33	45.8855927450042
34	45.72957996461885
35	46.06649964742226
36	45.96695024175286
37	45.89122477279936
38	45.996785749387975
39	45.8672152612029
40	45.79151836372588
41	45.99530200440381
42	45.88587034514984
43	45.80224583754696
44	46.116441569114045
45	45.80593840791788
46	45.85370455814897
47	45.89626104428375
48	45.3674022574733
49	45.05855969934397
50	45.178893361936254
>>END_MODULE
>>Per sequence GC content	pass
#GC Content	Count
0	2675.0
1	2680.5
2	2425.0
3	2343.5
4	2589.0
5	3095.5
6	3724.0
7	4675.5
8	5719.5
9	7584.5
10	9600.0
11	13300.5
12	17181.0
13	23062.5
14	29902.5
15	40574.5
16	52378.5
17	70103.0
18	89185.5
19	113265.0
20	138390.5
21	170961.5
22	205011.5
23	246764.0
24	290607.0
25	332164.5
26	380692.0
27	438551.0
28	500642.0
29	570540.5
30	642670.5
31	718181.0
32	796515.0
33	878832.0
34	964356.5
35	1041147.5
36	1112972.5
37	1170952.5
38	1218595.5
39	1253820.5
40	1286225.5
41	1307551.0
42	1324792.0
43	1329041.5
44	1328354.0
45	1313317.0
46	1297345.0
47	1277159.5
48	1255460.5
49	1232538.0
50	1208092.0
51	1184477.0
52	1159095.5
53	1131237.5
54	1103278.0
55	1075483.0
56	1044254.5
57	1002313.5
58	955746.0
59	898615.5
60	838679.5
61	772076.0
62	704789.0
63	643475.5
64	570930.0
65	503194.0
66	438175.0
67	378333.5
68	320469.0
69	268629.0
70	222863.0
71	184543.0
72	150816.5
73	121454.5
74	94398.5
75	74801.5
76	60138.0
77	47010.5
78	35320.0
79	27114.5
80	19988.0
81	14595.0
82	10625.5
83	7927.0
84	5658.0
85	4311.0
86	3227.0
87	2513.5
88	1972.0
89	1510.5
90	1206.5
91	1028.5
92	887.5
93	771.0
94	643.0
95	563.5
96	510.5
97	465.5
98	401.5
99	516.5
100	662.0
>>END_MODULE
>>Per base N content	pass
#Base	N-Count
1	3.398015694754891E-5
2	1.456292440609239E-5
3	0.0
4	1.456292440609239E-5
5	0.0
6	4.85430813536413E-6
7	1.2621201151946738E-4
8	0.0
9	1.4077493592555977E-4
10	9.70861627072826E-6
11	0.0
12	0.0
13	0.0
14	0.0013349347372251358
15	0.0
16	0.0
17	0.0
18	0.0
19	0.0
20	0.0
21	0.0
22	0.0
23	2.934148178884256E-4
24	0.0
25	0.0
26	0.0
27	0.0
28	0.0
29	0.0
30	0.0
31	0.0
32	0.0
33	0.0
34	0.0
35	0.0
36	0.0
37	0.0
38	0.0
39	0.0
40	0.0
41	0.0
42	0.0
43	0.0
44	0.0
45	0.0
46	0.0
47	0.0
48	0.0
49	0.0
50	0.0
>>END_MODULE
>>Sequence Length Distribution	warn
#Length	Count
20	49393.0
21	50194.0
22	51806.0
23	52798.0
24	54369.0
25	55959.0
26	57946.0
27	60803.0
28	62830.0
29	67513.0
30	68509.0
31	70899.0
32	71783.0
33	72001.0
34	72689.0
35	73966.0
36	75055.0
37	78377.0
38	81684.0
39	85429.0
40	87429.0
41	91820.0
42	96281.0
43	110327.0
44	150423.0
45	243274.0
46	572763.0
47	1188668.0
48	2317088.0
49	3037737.0
50	1.1390445E7
>>END_MODULE
>>Sequence Duplication Levels	warn
#Total Duplicate Percentage	35.374149659863946
#Duplication Level	Relative count
1	100.0
2	23.151039683144184
3	9.884225759768452
4	5.314189961154696
5	3.1952166958641177
6	2.004722370325234
7	1.390052555411684
8	0.9764643156371392
9	0.793662883692589
10++	5.624952395460431
>>END_MODULE
>>Overrepresented sequences	pass
>>END_MODULE
>>Kmer Content	warn
#Sequence	Count	Obs/Exp Overall	Obs/Exp Max	Max Obs/Exp Position
AAAAA	4500400	3.5429986	4.2893786	46
TTTTT	4457010	3.304248	3.923414	13
>>END_MODULE
