##FastQC	0.10.1
>>Basic Statistics	pass
#Measure	Value	
Filename	005-F5_S2_L001_R1_001.fastq.gz	
File type	Conventional base calls	
Encoding	Sanger / Illumina 1.9	
Total Sequences	18168987	
Filtered Sequences	0	
Sequence length	35-75	
%GC	46	
>>END_MODULE
>>Per base sequence quality	pass
#Base	Mean	Median	Lower Quartile	Upper Quartile	10th Percentile	90th Percentile
1	31.308084815075272	32.0	32.0	32.0	32.0	32.0
2	31.361887539464913	32.0	32.0	32.0	32.0	32.0
3	31.453686328247137	32.0	32.0	32.0	32.0	32.0
4	31.548257423487616	32.0	32.0	32.0	32.0	32.0
5	31.49753946106076	32.0	32.0	32.0	32.0	32.0
6	35.08218471398543	36.0	36.0	36.0	36.0	36.0
7	35.10092307292641	36.0	36.0	36.0	36.0	36.0
8	35.03846675656711	36.0	36.0	36.0	36.0	36.0
9	35.18020834072918	36.0	36.0	36.0	36.0	36.0
10	35.05886811411115	36.0	36.0	36.0	36.0	36.0
11	35.15605845279101	36.0	36.0	36.0	36.0	36.0
12	35.088682214368916	36.0	36.0	36.0	36.0	36.0
13	35.12716883995789	36.0	36.0	36.0	36.0	36.0
14	35.10286500837939	36.0	36.0	36.0	36.0	36.0
15	35.055062343321616	36.0	36.0	36.0	36.0	36.0
16	35.07142720725157	36.0	36.0	36.0	36.0	36.0
17	35.06412988241997	36.0	36.0	36.0	36.0	36.0
18	35.06338069370626	36.0	36.0	36.0	36.0	36.0
19	35.05573508308416	36.0	36.0	36.0	36.0	36.0
20	35.05355714107782	36.0	36.0	36.0	36.0	36.0
21	35.04111693183555	36.0	36.0	36.0	36.0	36.0
22	35.02783022520738	36.0	36.0	36.0	36.0	36.0
23	35.000377676532	36.0	36.0	36.0	36.0	36.0
24	34.99184379404311	36.0	36.0	36.0	36.0	36.0
25	34.974679050626214	36.0	36.0	36.0	36.0	36.0
26	34.923734328171406	36.0	36.0	36.0	36.0	36.0
27	34.90764311736257	36.0	36.0	36.0	36.0	36.0
28	34.88845630193912	36.0	36.0	36.0	36.0	36.0
29	34.87926553087412	36.0	36.0	36.0	36.0	36.0
30	34.85381980844612	36.0	36.0	36.0	36.0	36.0
31	34.83690345532197	36.0	36.0	36.0	36.0	36.0
32	34.81587360924415	36.0	36.0	36.0	36.0	36.0
33	34.800437470729655	36.0	36.0	36.0	36.0	36.0
34	34.80669230485992	36.0	36.0	36.0	36.0	36.0
35	34.79424439017981	36.0	36.0	36.0	36.0	36.0
36	34.82244339190323	36.0	36.0	36.0	36.0	36.0
37	34.80395304601757	36.0	36.0	36.0	36.0	36.0
38	34.79029311332914	36.0	36.0	36.0	32.0	36.0
39	34.78290798636211	36.0	36.0	36.0	32.0	36.0
40	34.77291883212999	36.0	36.0	36.0	32.0	36.0
41	34.76191228638997	36.0	36.0	36.0	32.0	36.0
42	34.74791026177578	36.0	36.0	36.0	32.0	36.0
43	34.731766451836414	36.0	36.0	36.0	32.0	36.0
44	34.721121227905265	36.0	36.0	36.0	32.0	36.0
45	34.70854065978575	36.0	36.0	36.0	32.0	36.0
46	34.69697924324544	36.0	36.0	36.0	32.0	36.0
47	34.69283441817244	36.0	36.0	36.0	32.0	36.0
48	34.673130734585584	36.0	36.0	36.0	32.0	36.0
49	34.64995880515261	36.0	36.0	36.0	32.0	36.0
50	34.63259103369934	36.0	36.0	36.0	32.0	36.0
51	34.617435126590024	36.0	36.0	36.0	32.0	36.0
52	34.60655060942065	36.0	36.0	36.0	32.0	36.0
53	34.57533673436583	36.0	36.0	36.0	32.0	36.0
54	34.553246239404615	36.0	36.0	36.0	32.0	36.0
55	34.52865528634518	36.0	36.0	36.0	32.0	36.0
56	34.51276927767887	36.0	36.0	36.0	32.0	36.0
57	34.49138552607837	36.0	36.0	36.0	32.0	36.0
58	34.46229315082162	36.0	36.0	36.0	32.0	36.0
59	34.448568667444995	36.0	36.0	36.0	32.0	36.0
60	34.426474397581536	36.0	36.0	36.0	32.0	36.0
61	34.39495036417952	36.0	36.0	36.0	32.0	36.0
62	34.36628980100285	36.0	36.0	36.0	32.0	36.0
63	34.34216068722442	36.0	36.0	36.0	32.0	36.0
64	34.31670960271161	36.0	36.0	36.0	32.0	36.0
65	34.2803614767013	36.0	36.0	36.0	32.0	36.0
66	34.242977763970366	36.0	36.0	36.0	32.0	36.0
67	34.222653467295125	36.0	36.0	36.0	32.0	36.0
68	34.19009879462565	36.0	36.0	36.0	32.0	36.0
69	34.16774703613239	36.0	36.0	36.0	32.0	36.0
70	34.143255403559685	36.0	36.0	36.0	32.0	36.0
71	34.09262460442568	36.0	36.0	36.0	32.0	36.0
72	34.07834604225192	36.0	36.0	36.0	32.0	36.0
73	34.05189406699168	36.0	36.0	36.0	32.0	36.0
74	33.996934860173184	36.0	36.0	36.0	32.0	36.0
75	33.22047286808243	36.0	36.0	36.0	21.0	36.0
>>END_MODULE
>>Per sequence quality scores	pass
#Quality	Count
2	26591.0
3	0.0
4	0.0
5	0.0
6	0.0
7	0.0
8	0.0
9	0.0
10	0.0
11	0.0
12	0.0
13	0.0
14	0.0
15	0.0
16	1.0
17	6.0
18	69.0
19	580.0
20	2479.0
21	6851.0
22	13774.0
23	23611.0
24	39438.0
25	65515.0
26	103354.0
27	155309.0
28	222227.0
29	304104.0
30	402766.0
31	534822.0
32	738077.0
33	1158528.0
34	2679696.0
35	1.1691189E7
>>END_MODULE
>>Per base sequence content	fail
#Base	G	A	T	C
1	42.975174996935294	18.28796796301539	11.621437995479228	27.11541904457009
2	16.12457752908068	19.819717078906933	35.93772435391996	28.117981038092427
3	18.90910630247138	21.398844286841793	28.080901795138246	31.611147615548578
4	13.027176785249313	15.248515135487064	35.230164747809496	36.494143331454126
5	14.864850265642973	35.08721229544322	33.95755444870677	16.09038299020703
6	34.81880261206621	34.94568265248965	16.051813539482897	14.183701195961252
7	30.749568786164954	29.272255239124767	20.2312749185044	19.746901056205875
8	26.621015217615135	34.65996994002335	19.539784050574134	19.17923079178737
9	24.70403635051533	15.36954376535767	19.69995346603103	40.22646641809597
10	14.180516318878112	27.261552541607937	34.74413215500293	23.813798984511028
11	34.81170823490815	22.596340192706844	23.292847640242933	19.299103932142074
12	22.37744460648454	24.10342335028783	30.743418993615247	22.77571304961238
13	27.90313708154516	20.41182118734408	25.93828579995745	25.746755931153313
14	20.43511584394367	20.48546779776208	27.0290225134141	32.050393844880155
15	22.80449045751046	29.35085760233372	23.053663898507708	24.790988041648113
16	22.862084414230047	28.42305823326909	25.367808040680963	23.347049311819905
17	21.789380647554562	28.03883530465204	27.268534148593986	22.90324989919941
18	22.255774303069803	27.710326973308092	27.780957582168853	22.252941141453256
19	22.78846343584576	27.070579360399456	27.351837845363892	22.7891193583909
20	22.740928874358364	27.021483329664203	27.55688266556045	22.68070513041698
21	22.593989423773177	26.616045617371075	27.276195794963478	23.51376916389227
22	22.463863097244708	26.727996676954906	27.54197405899419	23.266166166806194
23	22.457635853709327	26.756655396165414	27.4006955881009	23.38501316202436
24	22.640234509267685	26.50298229627443	27.666037054863097	23.190746139594793
25	22.748178650198646	26.546938830404986	27.291375289833482	23.41350722956289
26	22.26582420535854	26.989152921146687	27.490321565023716	23.254701308471056
27	22.360354167112213	26.927160006870093	27.43639263523958	23.27609319077811
28	22.372028479590018	26.81629813393997	27.419504016999742	23.392169369470274
29	22.301405118378586	26.89653389581723	27.510047465642064	23.292013520162122
30	22.400592560614903	26.930337693516893	27.491821727578987	23.177248018289212
31	22.883631246942247	26.817069807097145	27.182330272142664	23.116968673817944
32	22.186226119196164	27.066226533694888	27.596184098285587	23.151363248823365
33	22.3339133375768	26.87444921828407	27.67058441453929	23.12105302959984
34	22.357449368870572	26.65157898659031	27.83932177425738	23.151649870281744
35	22.29614056934392	26.949375085125222	27.61936395263447	23.135120392896393
36	22.427008215005166	27.25306042994636	27.545920924853963	22.774010430194515
37	22.556837342451434	26.882118998304595	27.2835798855017	23.277463773742273
38	22.395858417997065	27.35661256406393	27.302214284483394	22.94531473345561
39	22.599355235953222	27.011722485088775	27.49226857572229	22.89665370323571
40	22.664422416036935	26.80099812443504	27.48296237762463	23.051617081903398
41	22.67196121316779	26.96094390097364	27.458051443480674	22.9090434423779
42	22.441534006555834	27.17877504789021	27.485228016195723	22.89446292935823
43	22.526331363230664	26.913935738861255	27.437755605784492	23.121977292123585
44	22.384049404153934	27.230439452672055	27.439523078447735	22.945988064726276
45	22.502934382451876	27.18545352792584	27.275960721326182	23.035651368296104
46	22.580988518999977	27.112436055970058	27.234106695946465	23.0724687290835
47	22.594354738894033	27.223958343519563	27.326574055111518	22.855112862474886
48	22.36241948392466	27.24810532465987	27.311088579241744	23.078386612173727
49	22.671790195788937	26.957641222233992	27.365445819201025	23.005122762776054
50	22.48845603073066	27.326280375440437	27.278647826595726	22.906615767233177
51	22.608469696719844	27.193559532524347	27.250504515779944	22.94746625497586
52	22.553537599078645	27.243692473146897	27.21246977256882	22.990300155205638
53	22.482523193878798	27.021998115911394	27.46044733233315	23.035031357876658
54	22.625791699076725	27.375000976689783	27.295648470492473	22.703558853741015
55	22.60634613938695	26.992947945881763	27.294204434381562	23.106501480349724
56	22.715835205646567	27.286402868192578	27.09705670255339	22.900705223607464
57	22.49387339615816	27.209623777921767	27.222622411639936	23.07388041428014
58	22.547161244044926	27.090869303341037	27.22080808135073	23.141161371263312
59	22.482290315421047	27.217066426255947	27.254225740484987	23.046417517838016
60	22.524760294480338	27.204487253785565	27.391124948293406	22.87962750344069
61	22.78059409119696	27.136859011973247	27.190187704790876	22.89235919203892
62	22.688603095293093	27.231226376135652	27.230337292392452	22.849833236178803
63	22.66427684636108	27.397526555665408	27.122075510657375	22.81612108731614
64	22.69871515764768	27.088843278511682	27.099407745530545	23.113033818310093
65	22.600316141913627	27.27316654689477	27.216567922773443	22.90994938841816
66	22.628129587735906	27.48341261563868	26.980517925820724	22.907939870804686
67	22.67013734929738	27.131450347429464	27.12686988981715	23.071542413456005
68	22.6736369021315	27.46260824393317	27.240772821723063	22.622982032212267
69	22.94046969127061	27.269985815167985	27.15955518819369	22.629989305367715
70	23.061435236582533	27.090546167265945	27.0631585052065	22.784860090945028
71	22.827788754395602	27.47995677510931	26.96679196654232	22.72546250395277
72	22.75727848949307	27.587598794049097	27.2421969390084	22.412925777449434
73	23.520934768400707	28.187863387833023	27.204684045714846	21.086517798051425
74	24.642831331825676	30.555837869504938	27.443358275353685	17.357972523315706
75	30.191964468741773	41.0090505668398	28.798984964418434	0.0
>>END_MODULE
>>Per base GC content	fail
#Base	%GC
1	70.09059404150538
2	44.2425585671731
3	50.520253918019954
4	49.521320116703436
5	30.95523325585
6	49.002503808027456
7	50.49646984237083
8	45.80024600940251
9	64.93050276861129
10	37.994315303389136
11	54.11081216705023
12	45.15315765609692
13	53.64989301269847
14	52.485509688823825
15	47.595478499158574
16	46.20913372604995
17	44.692630546753975
18	44.508715444523055
19	45.577582794236655
20	45.42163400477535
21	46.10775858766545
22	45.730029264050906
23	45.84264901573369
24	45.83098064886248
25	46.161685879761535
26	45.5205255138296
27	45.636447357890326
28	45.76419784906029
29	45.593418638540705
30	45.577840578904116
31	46.00059992076019
32	45.33758936801953
33	45.45496636717664
34	45.50909923915232
35	45.43126096224031
36	45.20101864519968
37	45.83430111619371
38	45.34117315145267
39	45.49600893918894
40	45.71603949794033
41	45.581004655545684
42	45.33599693591406
43	45.648308655354256
44	45.33003746888021
45	45.53858575074798
46	45.65345724808348
47	45.449467601368916
48	45.440806096098385
49	45.676912958564984
50	45.39507179796384
51	45.55593595169571
52	45.54383775428428
53	45.51755455175546
54	45.32935055281774
55	45.71284761973667
56	45.61654042925403
57	45.5677538104383
58	45.68832261530824
59	45.52870783325906
60	45.40438779792103
61	45.67295328323588
62	45.5384363314719
63	45.48039793367722
64	45.81174897595777
65	45.510265530331786
66	45.53606945854059
67	45.741679762753385
68	45.29661893434377
69	45.57045899663832
70	45.84629532752756
71	45.55325125834837
72	45.170204266942505
73	44.60745256645213
74	42.00080385514138
75	30.191964468741773
>>END_MODULE
>>Per sequence GC content	warn
#GC Content	Count
0	26594.0
1	13301.0
2	10.5
3	29.0
4	44.5
5	62.5
6	120.0
7	234.0
8	320.0
9	436.0
10	781.0
11	1369.5
12	1754.0
13	2458.5
14	4303.0
15	7177.5
16	9453.0
17	13528.5
18	22181.0
19	33178.5
20	40932.5
21	53453.0
22	76635.5
23	102521.0
24	120373.0
25	143809.5
26	183283.5
27	223824.5
28	251703.5
29	287269.5
30	343100.0
31	397969.0
32	435195.0
33	478246.0
34	550683.0
35	620645.5
36	662595.0
37	704744.0
38	751675.5
39	778610.0
40	795791.0
41	804187.0
42	805975.0
43	805276.0
44	807136.0
45	803739.5
46	788954.5
47	771072.5
48	762533.0
49	748472.0
50	721433.0
51	695709.5
52	681759.5
53	669423.0
54	645869.0
55	621479.0
56	606841.0
57	590808.0
58	559480.5
59	519768.5
60	486025.0
61	447617.5
62	399134.5
63	351114.5
64	312079.5
65	278708.5
66	235550.5
67	191380.0
68	159122.0
69	135947.5
70	109566.5
71	83600.5
72	65663.5
73	54143.0
74	41787.0
75	30900.5
76	23809.5
77	18914.0
78	13683.0
79	9409.5
80	6973.0
81	5318.5
82	3659.0
83	2264.0
84	1545.5
85	1206.5
86	827.5
87	551.0
88	454.0
89	379.5
90	285.0
91	221.5
92	202.5
93	233.0
94	215.0
95	131.0
96	93.0
97	63.0
98	30.5
99	46.0
100	65.0
>>END_MODULE
>>Per base N content	pass
#Base	N-Count
1	0.14835719789991594
2	0.14648037339671166
3	0.1463813034815865
4	0.14635378406071842
5	0.14635378406071842
6	0.15971171095009315
7	0.1463813034815865
8	0.14635378406071842
9	0.15081193024135026
10	0.14637029571323928
11	0.1464638617441908
12	0.14695921131981657
13	0.1466620015744411
14	0.146909676362254
15	0.14642533455497547
16	0.14663998603774664
17	0.14712983172919877
18	0.14701425016155276
19	0.1464088229024546
20	0.1466289782693994
21	0.146403319018281
22	0.14635378406071842
23	0.1466289782693994
24	0.14635378406071842
25	0.14680510256295523
26	0.14635378406071842
27	0.14635378406071842
28	0.14635378406071842
29	0.1464088229024546
30	0.1469977385090319
31	0.14635378406071842
32	0.14635378406071842
33	0.14635378406071842
34	0.14635378406071842
35	0.1463813034815865
36	0.0
37	0.0
38	0.0
39	0.0
40	0.0
41	0.0
42	0.0
43	0.0
44	0.0
45	0.0
46	0.0
47	0.0
48	0.0
49	0.0
50	0.0
51	0.0
52	0.0
53	0.0
54	0.0
55	0.0
56	0.0
57	0.0
58	0.0
59	0.0
60	0.0
61	0.0
62	0.0
63	0.0
64	0.0
65	0.0
66	0.0
67	0.0
68	0.0
69	5.8956041785684175E-5
70	0.0
71	0.0
72	0.0
73	0.0
74	0.0
75	0.0
>>END_MODULE
>>Sequence Length Distribution	warn
#Length	Count
35	35097.0
36	12573.0
37	15965.0
38	17805.0
39	18858.0
40	19677.0
41	20797.0
42	22216.0
43	24677.0
44	26948.0
45	28932.0
46	29547.0
47	30829.0
48	31525.0
49	32688.0
50	32826.0
51	34135.0
52	35149.0
53	37045.0
54	39173.0
55	40442.0
56	41778.0
57	42834.0
58	42897.0
59	43836.0
60	44852.0
61	44683.0
62	46264.0
63	47378.0
64	50465.0
65	52636.0
66	51930.0
67	55410.0
68	55330.0
69	63670.0
70	74480.0
71	143359.0
72	450892.0
73	1244102.0
74	3814053.0
75	1.1171234E7
>>END_MODULE
>>Sequence Duplication Levels	warn
#Total Duplicate Percentage	33.03187225525344
#Duplication Level	Relative count
1	100.0
2	22.033412887828163
3	9.107398568019093
4	4.634477694143565
5	2.693592803378006
6	1.6596291536625665
7	1.064806315402974
8	0.7857536258490913
9	0.5698549660363503
10++	4.320910592986965
>>END_MODULE
>>Overrepresented sequences	warn
#Sequence	Count	Percentage	Possible Source
NNNNNNNNNNNNNNNNNNNNNNNNNNNNNNNNNNN	26591	0.14635378406071842	No Hit
>>END_MODULE
>>Kmer Content	warn
#Sequence	Count	Obs/Exp Overall	Obs/Exp Max	Max Obs/Exp Position
AAAAA	5651000	3.2751935	7.094102	71
TTTTT	5500740	3.0582054	5.3764353	71
CCTGG	2886535	2.9809685	11.656696	3
CCAGG	2803040	2.9189265	13.203523	3
CCCAG	2666660	2.7532067	11.542297	2
CAGCA	2992720	2.680267	7.2036014	4
CTGGG	2559775	2.6662757	10.05275	4
TGCTG	2919570	2.5937438	6.6713343	2
CCAGC	2484990	2.5656404	6.764083	3
GGAGG	2374970	2.515923	5.639072	6
GCTGG	2388235	2.487599	5.9848614	3
TCCAG	2745135	2.4381616	9.7716465	2
AGCAG	2657145	2.4002137	5.686135	7
AGGAG	2599945	2.3687623	7.3795733	5
CTGCT	2688730	2.368278	6.8561716	9
CAGGA	2606390	2.3543663	10.373554	4
CTCCA	2642465	2.3269405	7.1964183	1
CTCCT	2659815	2.322813	6.57291	1
CAGCC	2231975	2.3044138	5.4423456	9
CTGGA	2572285	2.304308	8.822466	4
GCTGC	2225245	2.2980444	5.826069	8
AGAAG	2902685	2.2744446	5.009527	5
TCCTG	2571195	2.2647514	9.025253	2
GGCTG	2163130	2.2531283	8.452244	7
CAGAG	2469420	2.2306406	8.113717	4
GGCAG	2106730	2.2127144	6.245129	7
CCTGC	2158145	2.2097266	6.3611403	3
GCAGG	2085405	2.190317	6.5092034	3
CTGCA	2451920	2.177735	6.5174956	4
CTCTG	2461540	2.1681654	7.5148463	2
CTGCC	2114910	2.1654582	5.8323507	9
TGCAG	2412690	2.1613393	6.606473	2
CCCTG	2100570	2.1507754	8.859615	2
TGGAG	2361015	2.1332555	6.4850864	5
CAGGG	1993720	2.0940192	9.412319	4
CACAG	2332425	2.0889096	7.499551	7
AGCTG	2321965	2.080066	6.121988	7
GCCTG	2010355	2.0761244	6.983896	7
CTGTG	2279770	2.0253458	9.129261	9
GGAGA	2219810	2.022428	5.575986	6
GCCAG	1932595	2.0124946	5.432343	2
CAGAA	2560390	1.9891102	5.5171585	4
CTGGC	1925460	1.988452	5.1861153	4
CAGGC	1906925	1.9857631	6.154532	4
CTCAG	2195155	1.9496828	6.2208915	2
GGGAG	1832290	1.9410353	5.2468157	7
CCCCA	1889425	1.9340965	6.8044257	1
CTGAG	2147835	1.9240764	5.828011	4
TTCTG	2526685	1.9145387	5.1018944	2
CCAGA	2117440	1.89637	7.063199	3
CCTCT	2132915	1.8626717	5.478986	1
GGCCA	1765925	1.8389337	6.052228	1
CAGTG	2042800	1.8299837	6.6369348	9
AGAGG	2007420	1.8289236	5.2455387	5
TCTGG	2054695	1.8253895	6.1990848	3
CACTG	2030570	1.8035022	7.644258	7
TGGGG	1709115	1.795549	5.678885	5
ACCTG	2014515	1.7892425	5.3545456	7
GAGAG	1914050	1.7438558	5.5534887	7
TGGCC	1686520	1.741695	5.4083	5
CCTGA	1918235	1.703729	5.5511203	3
ACAGA	2189240	1.7007723	6.015375	8
GCCCA	1629690	1.6825818	7.448912	1
TCAGG	1850675	1.6578742	5.7954593	3
ACACA	2139045	1.6475931	6.8364954	6
CACAC	1823645	1.6193082	7.181468	5
AGGTG	1780705	1.6089262	5.2120147	7
CCTGT	1823530	1.6061954	5.5820813	8
GGCCT	1546840	1.5974454	5.099142	6
GTGTG	1781125	1.595972	6.583205	1
ACAGG	1747575	1.5785941	5.0366125	8
TGGGC	1506665	1.5693506	6.255856	5
TGTGT	2047660	1.5649253	6.104628	10
GGGCC	1267725	1.534973	5.1630406	6
AGCCT	1727325	1.5341675	5.016522	6
ACAGC	1705475	1.527416	5.882144	8
GCTGT	1677480	1.4902719	5.460746	8
AGGCT	1643185	1.4720001	5.1558166	6
GACAG	1609565	1.453929	7.175576	7
CTGTC	1649855	1.4532198	5.858866	9
GCCCT	1391455	1.4247122	5.697884	1
GGGCT	1352795	1.4090788	5.987294	6
AGACA	1796980	1.3960341	5.697549	6
AGAGC	1525340	1.3778479	5.0328894	5
AGGGC	1299695	1.3650795	5.7697816	5
GGACA	1449675	1.3094994	6.4731355	6
GTCCT	1474050	1.2983677	8.211965	1
AGGAC	1386240	1.2521981	8.787158	5
GTGCT	1400845	1.2445096	5.6170707	1
ACTGC	1381855	1.2273296	5.3754644	8
AGCAC	1360195	1.2181847	5.805419	5
TGTGC	1361215	1.2093024	6.0046754	10
GTCCA	1357375	1.205587	6.8210297	1
TGGAC	1249390	1.1192303	6.18326	5
GTGCA	1226310	1.0985547	5.7566833	1
ACAGT	1415640	1.0906675	5.7343903	8
ACTGT	1398655	1.0686535	6.452039	8
TGCAC	1197235	1.0633546	5.466226	5
GACTG	1175770	1.0532799	6.2838025	7
GGACC	977545	1.0179597	5.5432215	6
AGACT	1283210	0.9886379	5.2263875	6
ACACT	1279800	0.9775949	5.236238	6
GGACT	1073270	0.96145815	5.3715982	6
CTACA	1236805	0.9447525	5.009981	4
TGTAG	1221080	0.94100755	5.385626	2
TAGGA	1036015	0.80506	5.3555827	4
GTGTA	872625	0.67247576	5.740746	1
TACAC	847195	0.64714295	5.0728617	5
>>END_MODULE
