##FastQC	0.10.1
>>Basic Statistics	pass
#Measure	Value	
Filename	005-F0_S3_L003_R1_001.fastq.gz	
File type	Conventional base calls	
Encoding	Sanger / Illumina 1.9	
Total Sequences	21471740	
Filtered Sequences	0	
Sequence length	35-75	
%GC	46	
>>END_MODULE
>>Per base sequence quality	pass
#Base	Mean	Median	Lower Quartile	Upper Quartile	10th Percentile	90th Percentile
1	31.311479507482858	32.0	32.0	32.0	32.0	32.0
2	31.395755118122704	32.0	32.0	32.0	32.0	32.0
3	31.468129690467563	32.0	32.0	32.0	32.0	32.0
4	31.557356972467066	32.0	32.0	32.0	32.0	32.0
5	31.503895399255022	32.0	32.0	32.0	32.0	32.0
6	35.09379044269351	36.0	36.0	36.0	36.0	36.0
7	35.08795547077228	36.0	36.0	36.0	36.0	36.0
8	35.02146831137113	36.0	36.0	36.0	36.0	36.0
9	35.173848090559964	36.0	36.0	36.0	36.0	36.0
10	35.0438764627366	36.0	36.0	36.0	36.0	36.0
11	35.153628303994	36.0	36.0	36.0	36.0	36.0
12	35.083582094418055	36.0	36.0	36.0	36.0	36.0
13	35.12875919697239	36.0	36.0	36.0	36.0	36.0
14	35.10757125412286	36.0	36.0	36.0	36.0	36.0
15	35.05567392302627	36.0	36.0	36.0	36.0	36.0
16	35.075082550366204	36.0	36.0	36.0	36.0	36.0
17	35.069148797442594	36.0	36.0	36.0	36.0	36.0
18	35.064141192097146	36.0	36.0	36.0	36.0	36.0
19	35.05364437162522	36.0	36.0	36.0	36.0	36.0
20	35.053252461141945	36.0	36.0	36.0	36.0	36.0
21	35.041535991028205	36.0	36.0	36.0	36.0	36.0
22	35.03182387640685	36.0	36.0	36.0	36.0	36.0
23	35.005827846276084	36.0	36.0	36.0	36.0	36.0
24	34.99998425837869	36.0	36.0	36.0	36.0	36.0
25	34.98521102621399	36.0	36.0	36.0	36.0	36.0
26	34.93175387742214	36.0	36.0	36.0	36.0	36.0
27	34.9187258228723	36.0	36.0	36.0	36.0	36.0
28	34.8985403139196	36.0	36.0	36.0	36.0	36.0
29	34.8803313098985	36.0	36.0	36.0	36.0	36.0
30	34.85760348253099	36.0	36.0	36.0	36.0	36.0
31	34.85041747897469	36.0	36.0	36.0	36.0	36.0
32	34.83759010681016	36.0	36.0	36.0	36.0	36.0
33	34.82051459266925	36.0	36.0	36.0	36.0	36.0
34	34.811169937787994	36.0	36.0	36.0	36.0	36.0
35	34.80089517663683	36.0	36.0	36.0	36.0	36.0
36	34.8405475255393	36.0	36.0	36.0	36.0	36.0
37	34.83034921578925	36.0	36.0	36.0	36.0	36.0
38	34.81792017218113	36.0	36.0	36.0	36.0	36.0
39	34.8041812702871	36.0	36.0	36.0	36.0	36.0
40	34.79661536816203	36.0	36.0	36.0	36.0	36.0
41	34.77864452098166	36.0	36.0	36.0	32.0	36.0
42	34.76697415560123	36.0	36.0	36.0	32.0	36.0
43	34.76241159301502	36.0	36.0	36.0	32.0	36.0
44	34.74862535025198	36.0	36.0	36.0	32.0	36.0
45	34.7379902060859	36.0	36.0	36.0	32.0	36.0
46	34.71906381046144	36.0	36.0	36.0	32.0	36.0
47	34.71510272051281	36.0	36.0	36.0	32.0	36.0
48	34.69932924168874	36.0	36.0	36.0	32.0	36.0
49	34.684143968300226	36.0	36.0	36.0	32.0	36.0
50	34.67243927316708	36.0	36.0	36.0	32.0	36.0
51	34.66117624495586	36.0	36.0	36.0	32.0	36.0
52	34.650471468736576	36.0	36.0	36.0	32.0	36.0
53	34.62507884444957	36.0	36.0	36.0	32.0	36.0
54	34.602773389545725	36.0	36.0	36.0	32.0	36.0
55	34.569319614827	36.0	36.0	36.0	32.0	36.0
56	34.550208303929416	36.0	36.0	36.0	32.0	36.0
57	34.52475889847047	36.0	36.0	36.0	32.0	36.0
58	34.517272188817934	36.0	36.0	36.0	32.0	36.0
59	34.492039289277	36.0	36.0	36.0	32.0	36.0
60	34.4640284001618	36.0	36.0	36.0	32.0	36.0
61	34.440521098980845	36.0	36.0	36.0	32.0	36.0
62	34.40569646934107	36.0	36.0	36.0	32.0	36.0
63	34.38910579000049	36.0	36.0	36.0	32.0	36.0
64	34.361448203883846	36.0	36.0	36.0	32.0	36.0
65	34.34483999337519	36.0	36.0	36.0	32.0	36.0
66	34.292150789720125	36.0	36.0	36.0	32.0	36.0
67	34.27596515348393	36.0	36.0	36.0	32.0	36.0
68	34.24330616362025	36.0	36.0	36.0	32.0	36.0
69	34.2205297656477	36.0	36.0	36.0	32.0	36.0
70	34.19444512849324	36.0	36.0	36.0	32.0	36.0
71	34.157098478843295	36.0	36.0	36.0	32.0	36.0
72	34.120361829073175	36.0	36.0	36.0	32.0	36.0
73	34.085749784993496	36.0	36.0	36.0	32.0	36.0
74	34.04452357098515	36.0	36.0	36.0	32.0	36.0
75	33.27729072327044	36.0	36.0	36.0	27.0	36.0
>>END_MODULE
>>Per sequence quality scores	pass
#Quality	Count
2	37655.0
3	0.0
4	0.0
5	0.0
6	0.0
7	0.0
8	0.0
9	0.0
10	0.0
11	0.0
12	0.0
13	0.0
14	0.0
15	0.0
16	1.0
17	7.0
18	65.0
19	459.0
20	2103.0
21	6166.0
22	13016.0
23	23244.0
24	41327.0
25	71097.0
26	115761.0
27	178255.0
28	256974.0
29	353593.0
30	471629.0
31	626418.0
32	864393.0
33	1347473.0
34	3110393.0
35	1.3951711E7
>>END_MODULE
>>Per base sequence content	fail
#Base	G	A	T	C
1	42.42444857411562	18.36257853483024	12.106901247915957	27.10607164313818
2	16.04894853511913	19.641470068455707	36.136917761752564	28.172663634672602
3	18.80634046193248	21.25480980410407	28.132304224789628	31.806545509173823
4	13.110333377888535	15.20459585748587	35.08072772875539	36.6043430358702
5	14.995526984240287	34.88605648433325	33.88484742875658	16.233569102669883
6	34.84540024759998	34.71916475551345	16.071650026095323	14.363784970791245
7	30.66715530037326	29.252570050781667	20.26050303922545	19.819771609619615
8	26.575564107355177	34.57069895915781	19.600449471017775	19.253287462469242
9	24.733351756304312	15.490766811610316	19.657849690298598	40.11803174178677
10	14.34117201644017	27.21783551758799	34.56617812236911	23.874814343602722
11	34.83906611909015	22.483692093741173	23.231944339860227	19.445297447308448
12	22.5108617738157	23.960524373463997	30.547044110157547	22.98156974256276
13	27.836780895325408	20.352071028554334	25.91191207424586	25.8992360018744
14	20.637942969231382	20.345184880581993	26.883627703341023	32.1332444468456
15	22.96806350423224	29.136668427728686	22.98779847155244	24.907469596486635
16	22.9855834424083	28.337809469845503	25.157834257525476	23.518772830220723
17	21.907825436061334	27.913566028146086	27.1472984123468	23.031310123445778
18	22.3754133061365	27.564620854749982	27.63479950190983	22.425166337203688
19	22.85488075931839	26.918278283620943	27.29367321764154	22.933167739419126
20	22.8990800468806	26.83263858909947	27.371907294882103	22.896374069137828
21	22.71084116723434	26.502586884394645	27.134920851531568	23.651651096839448
22	22.642380115596257	26.50222297802775	27.40554122091053	23.44985568546546
23	22.61662361896229	26.578301652241514	27.255502281354932	23.549572447441268
24	22.81622243162919	26.330202088506365	27.46254398487194	23.391031494992507
25	22.916780874212947	26.35432109956872	27.129339923693884	23.59955810252445
26	22.469968858944473	26.76725070219936	27.305076344760053	23.457704094096112
27	22.538606426911713	26.718769565880297	27.286741119108164	23.455882888099822
28	22.570401302411554	26.625465934281777	27.272150875579715	23.531981887726953
29	22.485421574157407	26.720380217102957	27.330357696881645	23.463840511857992
30	22.58219034442346	26.75427073936727	27.279046054772486	23.384492861436783
31	23.02528668406453	26.68634501518332	26.99966427246967	23.288704028282478
32	22.422170108964295	26.83640099402424	27.39639690707581	23.345031989935656
33	22.509367673031065	26.690815119936307	27.478994321427763	23.320822885604866
34	22.56452281494638	26.43983636343702	27.611628861227338	23.38401196038926
35	22.528923924071734	26.713061022046535	27.397769896556756	23.360245157324975
36	22.67865956894849	27.060348546581935	27.265583827218997	22.995408057250575
37	22.799698769917978	26.70528873544436	27.053244337416004	23.441768157221656
38	22.652126689432414	27.10193100311098	27.091470946819406	23.1544713606372
39	22.808801171456036	26.810930904160244	27.258531694786274	23.12173622959744
40	22.842261698847896	26.61842832128954	27.257060497346945	23.28224948251562
41	22.884167319613006	26.76910877992044	27.20924158638715	23.137482314079403
42	22.682824918558612	26.930856321451607	27.25072673977529	23.135592020214485
43	22.77409364121952	26.7129876154228	27.159590958182722	23.353327785174958
44	22.665576613496278	27.001361464763274	27.179718778558122	23.153343143182322
45	22.758130404504843	26.942078057882433	27.027292103348632	23.27249943426409
46	22.856370237530133	26.92778229104773	26.967432051183753	23.24841542023838
47	22.801613264641507	27.006856113341986	27.105117645563205	23.086412976453303
48	22.633652072190014	26.994469520147256	27.076938203412688	23.294940204250043
49	22.878676447238284	26.760478298737915	27.13442466445324	23.22642058957056
50	22.76065988712855	27.049772071214928	27.032619126792095	23.156948914864426
51	22.87429499128365	26.955136022754942	26.999492886151643	23.17107609980976
52	22.82672871268547	26.990499403881806	26.951212147096225	23.2315597363365
53	22.755583050813925	26.848651712259443	27.1479457495175	23.247819487409135
54	22.913579161872573	27.1310861089701	26.989516220283367	22.965818508873962
55	22.88379815779059	26.818819632886353	26.980674161492562	23.31670804783049
56	22.994421214317683	27.077957526149536	26.80191845667866	23.12570280285412
57	22.773831002305716	26.945640432076146	26.984446916228226	23.29608164938991
58	22.774158764222673	26.856368139844243	26.990061014135147	23.379412081797938
59	22.733436765868166	26.966621017689167	26.999074459520074	23.30086775692259
60	22.819466308176064	26.97605898349906	27.085301398287108	23.119173310037763
61	23.050144181651344	26.930162932251417	26.89056413009413	23.12912875600311
62	22.931749967596296	27.053814411964616	26.899653818558445	23.114781801880643
63	22.93856058596755	27.1549879274936	26.851724371093155	23.054727115445697
64	22.969999150926455	26.88985362122353	26.79455200350049	23.345595224349523
65	22.85073761872868	27.016597685048204	26.95279892960928	23.17986576661384
66	22.907969707992297	27.189684046290758	26.708854839398843	23.193491406318103
67	22.92765670502499	26.939373709881597	26.838672141080384	23.294297444013026
68	22.974609618639754	27.211927582317628	26.912390243882562	22.901072555160056
69	23.207298105107586	27.06698350698397	26.82247729932375	22.903241088584693
70	23.29269603657444	26.90090405316819	26.77274729722039	23.033652613036978
71	23.11164663343416	27.23179091840924	26.648347998245786	23.00821444991082
72	23.05369690972735	27.346128037962668	26.931010552216733	22.66916450009325
73	23.785522853908027	27.957457868533638	26.916380716701703	21.340638560856632
74	24.983285293792107	30.323598227597092	27.02687706107001	17.66623941754079
75	30.704064465408802	40.86839622641509	28.427539308176105	0.0
>>END_MODULE
>>Per base GC content	fail
#Base	%GC
1	69.5305202172538
2	44.22161216979173
3	50.6128859711063
4	49.71467641375874
5	31.229096086910168
6	49.20918521839123
7	50.48692690999288
8	45.82885156982442
9	64.85138349809108
10	38.21598636004289
11	54.284363566398596
12	45.49243151637846
13	53.736016897199804
14	52.771187416076984
15	47.875533100718876
16	46.504356272629025
17	44.939135559507115
18	44.800579643340185
19	45.78804849873752
20	45.795454116018426
21	46.362492264073786
22	46.09223580106172
23	46.16619606640355
24	46.207253926621696
25	46.5163389767374
26	45.927672953040585
27	45.99448931501154
28	46.10238319013851
29	45.949262086015395
30	45.96668320586024
31	46.31399071234701
32	45.76720209889995
33	45.830190558635934
34	45.948534775335645
35	45.88916908139671
36	45.67406762619906
37	46.24146692713963
38	45.80659805006961
39	45.93053740105347
40	46.124511181363516
41	46.021649633692405
42	45.8184169387731
43	46.12742142639448
44	45.818919756678596
45	46.03062983876893
46	46.10478565776852
47	45.888026241094806
48	45.92859227644006
49	46.10509703680884
50	45.91760880199298
51	46.04537109109341
52	46.058288449021966
53	46.00340253822306
54	45.879397670746535
55	46.200506205621075
56	46.120124017171804
57	46.06991265169563
58	46.15357084602061
59	46.03430452279076
60	45.93863961821383
61	46.17927293765445
62	46.04653176947694
63	45.993287701413244
64	46.31559437527598
65	46.03060338534252
66	46.101461114310396
67	46.22195414903802
68	45.87568217379981
69	46.110539193692276
70	46.32634864961142
71	46.11986108334498
72	45.722861409820595
73	45.12616141476466
74	42.6495247113329
75	30.704064465408802
>>END_MODULE
>>Per sequence GC content	warn
#GC Content	Count
0	37657.0
1	18832.0
2	10.0
3	18.5
4	25.5
5	48.0
6	95.5
7	193.0
8	277.5
9	413.5
10	720.0
11	1309.5
12	1774.5
13	2550.0
14	4466.0
15	7365.5
16	9692.0
17	14136.5
18	23083.5
19	34430.5
20	42962.5
21	56667.0
22	82041.5
23	110827.0
24	130879.5
25	156446.0
26	200008.0
27	246237.5
28	278988.5
29	318922.0
30	381727.0
31	446034.5
32	491488.5
33	544109.0
34	629701.5
35	712083.5
36	763540.0
37	816765.0
38	876265.0
39	914269.5
40	939084.0
41	952370.0
42	958378.5
43	960557.5
44	964142.5
45	960093.0
46	943586.5
47	921979.0
48	910979.5
49	895439.5
50	865851.0
51	838345.0
52	823297.5
53	811543.5
54	788690.0
55	763637.0
56	749188.0
57	732962.0
58	699101.5
59	655172.0
60	614811.0
61	565934.5
62	504233.0
63	443670.0
64	394614.0
65	352344.0
66	297612.5
67	242048.0
68	201532.0
69	170699.5
70	136233.0
71	103084.5
72	80455.5
73	65586.5
74	49801.0
75	35834.0
76	26822.0
77	20841.0
78	14620.0
79	9687.5
80	6786.0
81	4978.5
82	3369.5
83	2145.0
84	1508.5
85	1163.0
86	870.5
87	648.5
88	523.5
89	418.5
90	316.5
91	259.0
92	227.0
93	255.0
94	231.5
95	137.0
96	94.0
97	65.5
98	33.0
99	43.5
100	63.0
>>END_MODULE
>>Per base N content	pass
#Base	N-Count
1	0.18558346924841676
2	0.17642259081006012
3	0.17537004453295355
4	0.17537004453295355
5	0.17537004453295355
6	0.1806188040652504
7	0.17616178288298945
8	0.17537004453295355
9	0.17862082905251275
10	0.17537004453295355
11	0.17538401638618947
12	0.1763061586997607
13	0.17537470181736553
14	0.1753979882394254
15	0.17559825146914038
16	0.17560290875355233
17	0.17564482431326014
18	0.17637136068152837
19	0.17595220508445053
20	0.17564016702884816
21	0.17537004453295355
22	0.17537004453295355
23	0.17589166038709486
24	0.17542127466148527
25	0.17608726633239782
26	0.17537470181736553
27	0.1757845428456194
28	0.17537004453295355
29	0.17543990379913318
30	0.17606863719474994
31	0.17554236405619666
32	0.17537004453295355
33	0.17537004453295355
34	0.17537004453295355
35	0.17542593194589726
36	1.3071401738375054E-4
37	0.0
38	0.0
39	0.0
40	4.22158439814982E-5
41	0.0
42	0.0
43	0.0
44	0.0
45	0.0
46	0.0
47	0.0
48	0.0
49	0.0
50	0.0
51	0.0
52	0.0
53	0.0
54	0.0
55	0.0
56	7.305321225201722E-5
57	0.0
58	0.0
59	0.0
60	9.873234579266424E-6
61	9.908369381632538E-6
62	0.0
63	3.493128666599931E-5
64	0.0
65	0.0
66	0.0
67	0.0
68	0.0
69	3.5812329274312774E-5
70	0.0
71	0.0
72	0.0
73	6.449388904277848E-5
74	0.0
75	0.0
>>END_MODULE
>>Sequence Length Distribution	warn
#Length	Count
35	50931.0
36	19228.0
37	25023.0
38	27400.0
39	30148.0
40	30890.0
41	33263.0
42	35804.0
43	39658.0
44	43208.0
45	46526.0
46	47856.0
47	49594.0
48	51240.0
49	52429.0
50	52984.0
51	55283.0
52	57510.0
53	60179.0
54	63842.0
55	65766.0
56	67326.0
57	68903.0
58	69167.0
59	70796.0
60	71830.0
61	71515.0
62	74099.0
63	76407.0
64	80102.0
65	83287.0
66	81879.0
67	85390.0
68	85936.0
69	95162.0
70	108070.0
71	189977.0
72	546718.0
73	1449367.0
74	4437047.0
75	1.272E7
>>END_MODULE
>>Sequence Duplication Levels	warn
#Total Duplicate Percentage	34.97008286259768
#Duplication Level	Relative count
1	100.0
2	22.78770269145499
3	9.770806377166897
4	5.2686536671736315
5	3.162856861810395
6	2.0725035752389167
7	1.4414455315188524
8	1.013930190149744
9	0.7188311049569079
10++	5.096134201983974
>>END_MODULE
>>Overrepresented sequences	warn
#Sequence	Count	Percentage	Possible Source
NNNNNNNNNNNNNNNNNNNNNNNNNNNNNNNNNNN	37655	0.17537004453295355	No Hit
>>END_MODULE
>>Kmer Content	warn
#Sequence	Count	Obs/Exp Overall	Obs/Exp Max	Max Obs/Exp Position
AAAAA	6145570	3.147792	6.663598	71
TTTTT	6076185	2.982978	5.1961207	71
CCTGG	3477490	2.9818177	11.550222	3
CCAGG	3396010	2.9367647	12.868731	3
CCCAG	3224120	2.7629478	11.293717	2
CTGGG	3087985	2.6719546	9.708413	4
CAGCA	3447720	2.603747	7.085579	4
CCAGC	2977315	2.5514452	6.710426	3
TGCTG	3352750	2.5120986	6.6705804	2
GGAGG	2843410	2.5039005	5.589694	6
GCTGG	2886025	2.4972038	5.8764977	3
TCCAG	3277860	2.4545517	9.926032	2
CAGGA	3119415	2.3772705	10.441528	4
AGGAG	3085125	2.3725586	7.314343	5
CTCCA	3161785	2.3462558	7.414108	1
CTGGA	3094010	2.3379877	8.874226	4
CTCCT	3170295	2.3326938	6.680001	1
AGCAG	3048210	2.323006	5.6116996	7
CAGCC	2683975	2.300064	5.343366	9
TCCTG	3091175	2.2951994	9.24322	2
CTGCT	3079580	2.2865899	6.6643085	9
GGCTG	2616655	2.2641249	8.207583	7
CAGAG	2910950	2.2184017	7.8764596	4
CTGCA	2960195	2.2166753	6.550605	4
GGCAG	2535430	2.212537	6.0806	7
CCTGC	2598945	2.2083788	6.349123	3
TGCAG	2916660	2.2039733	6.686905	2
GCAGG	2519260	2.1984262	6.3974586	3
GCTGC	2555075	2.1908813	5.6403074	8
TGGAG	2851800	2.1745944	6.5087333	5
CTCTG	2912295	2.162381	7.3221	2
CTGCC	2540690	2.1588783	5.779796	9
CCCTG	2511075	2.133714	8.620386	2
AGCTG	2788525	2.1071482	6.0169597	7
CAGGG	2403500	2.0974085	9.005031	4
CACAG	2766750	2.0894725	7.3096795	7
GCCTG	2408970	2.0656018	6.694749	7
GGAGA	2647570	2.0360649	5.695365	6
CTGTG	2700580	2.0234504	8.936569	9
CAGAA	3006475	2.0009196	5.5557346	4
CAGGC	2312375	1.9996706	5.9081373	4
GCCAG	2306415	1.9945166	5.1353693	2
CTGGC	2306680	1.9778918	5.12852	4
CTCAG	2621435	1.9630026	6.120285	2
CTGAG	2573100	1.944362	5.6903706	4
GGGAG	2201235	1.9384028	5.1317925	7
TTCTG	2967285	1.9252024	5.1213036	2
CCCCA	2265270	1.9237238	6.6998167	1
CCAGA	2522390	1.9049299	7.0251	3
CCTCT	2508655	1.8458611	5.3299894	1
GGCCA	2126210	1.8386809	5.7598324	1
CAGTG	2429165	1.8355978	6.5556016	9
TCTGG	2448935	1.8349016	6.089865	3
AGAGG	2368095	1.8211398	5.087687	5
CACTG	2421400	1.8132108	7.468739	7
ACCTG	2416545	1.8095753	5.398493	7
TGGGG	2051080	1.7909161	5.487246	5
TGGCC	2039095	1.7484478	5.3287854	5
CCTGA	2299550	1.7219663	5.528585	3
GAGAG	2208485	1.6983947	5.429968	7
ACAGA	2546015	1.6944665	5.90284	8
GCCCA	1960230	1.6798422	6.9820642	1
TCAGG	2221905	1.6789817	5.8056846	3
AGGTG	2144500	1.635254	5.247024	7
CCTGT	2160710	1.6043284	5.46925	8
ACAGG	2088825	1.5918697	5.039662	8
ACACA	2387915	1.574897	6.4045477	6
TGGGC	1815975	1.571317	5.9870086	5
CACAC	2049795	1.5340463	6.702853	5
GTGTG	2019550	1.5269642	6.2423477	1
ACAGC	2014855	1.5216353	5.8699126	8
TGTGT	2304460	1.5087767	5.7714076	10
GCTGT	1981400	1.4845939	5.3565855	8
GACAG	1899335	1.4474615	7.0863256	7
CTGTC	1940395	1.4407444	5.784666	9
GCCCT	1663835	1.4137961	5.354399	1
AGACA	2107070	1.4023324	5.6220083	6
GGGCT	1620420	1.4021082	5.71667	6
AGGGC	1553625	1.355767	5.4492483	5
GGACA	1723535	1.3134863	6.366629	6
GTCCT	1721075	1.2778991	7.7514906	1
AGGAC	1632365	1.2440068	8.228998	5
GTGCT	1654180	1.2394193	5.505583	1
ACTGC	1653535	1.2382125	5.3053293	8
GTCCA	1619255	1.2125427	6.7887754	1
AGCAC	1604485	1.2117205	5.7188835	5
TGTGC	1596775	1.1964078	5.6826906	10
GTCTT	1755720	1.1391276	5.0076146	1
TGGAC	1497825	1.131831	6.229206	5
GTGCA	1458695	1.1022624	5.6400256	1
ACAGT	1654185	1.0916193	5.60915	8
ACTGT	1632420	1.0681543	6.371362	8
TGCAC	1422855	1.065473	5.3666	5
GACTG	1390030	1.0503757	6.1353874	7
GGACC	1167860	1.0099293	5.234198	6
AGACT	1493080	0.9853038	5.0498776	6
ACACT	1482810	0.969692	5.094194	6
GGACT	1278540	0.96612835	5.463022	6
TGTAG	1413835	0.9335542	5.0188675	2
GTGTA	998780	0.65949374	5.491426	1
>>END_MODULE
