##FastQC	0.10.1
>>Basic Statistics	pass
#Measure	Value	
Filename	029-F0_S5_L003_R1_001_trimmed.fq.gz	
File type	Conventional base calls	
Encoding	Sanger / Illumina 1.9	
Total Sequences	21283406	
Filtered Sequences	0	
Sequence length	20-51	
%GC	45	
>>END_MODULE
>>Per base sequence quality	pass
#Base	Mean	Median	Lower Quartile	Upper Quartile	10th Percentile	90th Percentile
1	35.1615714138987	36.0	36.0	36.0	36.0	36.0
2	35.147706386844284	36.0	36.0	36.0	36.0	36.0
3	35.134306745828184	36.0	36.0	36.0	36.0	36.0
4	35.11824084923249	36.0	36.0	36.0	36.0	36.0
5	35.0968096459749	36.0	36.0	36.0	36.0	36.0
6	35.053011205067456	36.0	36.0	36.0	36.0	36.0
7	35.030520396970296	36.0	36.0	36.0	36.0	36.0
8	35.02554398483025	36.0	36.0	36.0	36.0	36.0
9	35.00505116521293	36.0	36.0	36.0	36.0	36.0
10	34.98187837040744	36.0	36.0	36.0	36.0	36.0
11	34.97086984103954	36.0	36.0	36.0	36.0	36.0
12	34.955741059490194	36.0	36.0	36.0	36.0	36.0
13	34.951539523326296	36.0	36.0	36.0	36.0	36.0
14	34.94086674848941	36.0	36.0	36.0	36.0	36.0
15	34.91219567958249	36.0	36.0	36.0	36.0	36.0
16	34.89332041121614	36.0	36.0	36.0	36.0	36.0
17	34.89143687810118	36.0	36.0	36.0	36.0	36.0
18	34.87850187136401	36.0	36.0	36.0	36.0	36.0
19	34.85455133449975	36.0	36.0	36.0	36.0	36.0
20	34.85723981396587	36.0	36.0	36.0	36.0	36.0
21	34.84452570720562	36.0	36.0	36.0	36.0	36.0
22	34.82962550342058	36.0	36.0	36.0	36.0	36.0
23	34.820155651828046	36.0	36.0	36.0	36.0	36.0
24	34.79831609265427	36.0	36.0	36.0	36.0	36.0
25	34.78128906418457	36.0	36.0	36.0	36.0	36.0
26	34.76160962938618	36.0	36.0	36.0	36.0	36.0
27	34.7514447784227	36.0	36.0	36.0	36.0	36.0
28	34.72899160740976	36.0	36.0	36.0	36.0	36.0
29	34.70758225344316	36.0	36.0	36.0	32.0	36.0
30	34.68795138444481	36.0	36.0	36.0	32.0	36.0
31	34.67152334570478	36.0	36.0	36.0	32.0	36.0
32	34.65703416364306	36.0	36.0	36.0	32.0	36.0
33	34.609751056961215	36.0	36.0	36.0	32.0	36.0
34	34.58751447840722	36.0	36.0	36.0	32.0	36.0
35	34.550520888869045	36.0	36.0	36.0	32.0	36.0
36	34.52115347538591	36.0	36.0	36.0	32.0	36.0
37	34.512528665213225	36.0	36.0	36.0	32.0	36.0
38	34.48204700770275	36.0	36.0	36.0	32.0	36.0
39	34.45767818037373	36.0	36.0	36.0	32.0	36.0
40	34.43147106103319	36.0	36.0	36.0	32.0	36.0
41	34.405900113080264	36.0	36.0	36.0	32.0	36.0
42	34.366948430386905	36.0	36.0	36.0	32.0	36.0
43	34.33741615055115	36.0	36.0	36.0	32.0	36.0
44	34.313389675288946	36.0	36.0	36.0	32.0	36.0
45	34.307181234786725	36.0	36.0	36.0	32.0	36.0
46	34.28769542181745	36.0	36.0	36.0	32.0	36.0
47	34.287944402646914	36.0	36.0	36.0	32.0	36.0
48	34.294573831064554	36.0	36.0	36.0	32.0	36.0
49	34.327963572778714	36.0	36.0	36.0	32.0	36.0
50	34.42940475850669	36.0	36.0	36.0	32.0	36.0
51	34.53262884692989	36.0	36.0	36.0	32.0	36.0
>>END_MODULE
>>Per sequence quality scores	pass
#Quality	Count
14	15.0
15	111.0
16	380.0
17	1094.0
18	2363.0
19	4686.0
20	9047.0
21	16165.0
22	26385.0
23	41589.0
24	63799.0
25	94997.0
26	135849.0
27	187955.0
28	251761.0
29	328111.0
30	423140.0
31	549194.0
32	743489.0
33	1126599.0
34	2291360.0
35	1.0451739E7
36	4533578.0
>>END_MODULE
>>Per base sequence content	pass
#Base	G	A	T	C
1	22.441292852403695	26.860006236861373	27.33457434689739	23.364126563837544
2	22.374967856384888	27.072589527221396	27.634877850973627	22.91756476542009
3	22.293343056118072	27.061932008791857	27.553062630207474	23.091662304882597
4	22.57919938205101	26.71147485987847	27.858340643443146	22.850985114627377
5	22.643155785585765	26.85323326690377	27.431060045261063	23.072550902249404
6	22.15488955553314	27.278995598797902	27.613021987592095	22.953092858076868
7	22.257993158091978	27.195846703972272	27.53089421053997	23.015265927395788
8	22.237702398528334	27.111317346402085	27.460678488421863	23.190301766647714
9	22.232002112869857	27.099219227679534	27.5629905904275	23.10578806902311
10	22.262473352857732	27.155403173553065	27.621409243251698	22.960714230337498
11	22.837038417019663	27.017726938382463	27.297267391637842	22.84796725296003
12	22.12421526578944	27.312074801284776	27.690332536870194	22.87337739605559
13	22.242482748925543	27.158898013617428	27.813147690547414	22.785471546909616
14	22.284998734206003	26.928306066921504	27.94623655105623	22.840458647816266
15	22.21069108696397	27.20970685483725	27.726220784999484	22.853381273199297
16	22.300121944096496	27.494458336033308	27.695698283492696	22.509721436377497
17	22.42316140266168	27.1319203745378	27.295877924690416	23.149040298110105
18	22.337224544561202	27.60215333965272	27.32023841754382	22.74038369824226
19	22.593470553724053	27.173565866938844	27.547718283967406	22.6852452953697
20	22.690559277094735	26.90886768365941	27.59386947616902	22.806703563076837
21	22.662140171052222	27.046767226785416	27.614947814201397	22.676144787960965
22	22.388390103093794	27.313285571107194	27.660145892131048	22.63817843366796
23	22.399525173470654	27.12877091086641	27.59481154080168	22.876892374861256
24	22.269766147349838	27.444688092831697	27.576206997446977	22.709338762371488
25	22.37347679634295	27.390751535179696	27.380576359062374	22.85519530941498
26	22.476823676422605	27.239316559133737	27.361167881263242	22.922691883180413
27	22.553994337483463	27.29722649091239	27.485092931068202	22.66368624053595
28	22.250731065186464	27.33539796836999	27.443253682350953	22.970617284092594
29	22.61538308523401	27.077610491537484	27.45379432128808	22.85321210194042
30	22.371856689906075	27.491006447138457	27.37582458972186	22.76131227323361
31	22.44210426187145	27.342396559669325	27.45239611789238	22.763103060566845
32	22.379721312184383	27.456811262321875	27.330593813992337	22.8328736115014
33	22.32878535281658	27.122054219730707	27.70575787212956	22.84340255532315
34	22.514969212500237	27.518093466052502	27.47304858586354	22.493888735583724
35	22.47740499709824	27.073916402871035	27.479408861477012	22.969269738553713
36	22.648461589359503	27.381687047472646	27.193102718898633	22.776748644269222
37	22.395630088262674	27.288745461561703	27.350320863337007	22.965303586838616
38	22.4550389749091	27.20667339302124	27.296861998328666	23.041425633740992
39	22.397885934766695	27.293336476309815	27.366872200786574	22.941905388136917
40	22.391225974888634	27.208052914392855	27.614606626173504	22.786114484545003
41	22.664492599751078	27.18613946343939	27.377413620013908	22.77195431679562
42	22.580922237072162	27.253447900827805	27.483297079184517	22.68233278291552
43	22.569003634380955	27.455571386630062	27.31397893736702	22.661446041621968
44	22.562272562994174	27.14955679708536	27.28124434580355	23.006926294116912
45	22.48387585355454	27.363037349573936	27.395457467051042	22.757629329820475
46	22.509032733455648	27.694286150820783	27.123393085860346	22.67328802986322
47	22.59571119824252	27.23850586246878	27.262038923745664	22.903744015543037
48	22.590184257785666	27.596144020603386	27.47029169632802	22.343380025282933
49	22.828428972138436	27.528528031702727	27.447719899973443	22.195323096185394
50	22.973803690929422	27.666055129133827	27.49534227438334	21.864798905553414
51	22.334210349470073	28.267811145963506	27.6776879465631	21.72029055800332
>>END_MODULE
>>Per base GC content	pass
#Base	%GC
1	45.805419416241236
2	45.29253262180497
3	45.385005361000665
4	45.430184496678386
5	45.715706687835166
6	45.10798241361
7	45.273259085487766
8	45.42800416517605
9	45.33779018189297
10	45.223187583195234
11	45.685005669979695
12	44.99759266184504
13	45.02795429583516
14	45.12545738202227
15	45.064072360163266
16	44.80984338047399
17	45.572201700771785
18	45.077608242803464
19	45.27871584909376
20	45.49726284017158
21	45.33828495901319
22	45.02656853676176
23	45.27641754833191
24	44.97910490972132
25	45.22867210575793
26	45.39951555960302
27	45.21768057801941
28	45.221348349279054
29	45.46859518717443
30	45.13316896313969
31	45.2052073224383
32	45.21259492368579
33	45.17218790813973
34	45.00885794808396
35	45.44667473565195
36	45.425210233628725
37	45.360933675101286
38	45.49646460865009
39	45.339791322903615
40	45.17734045943364
41	45.4364469165467
42	45.26325501998768
43	45.23044967600292
44	45.56919885711109
45	45.24150518337502
46	45.18232076331887
47	45.49945521378555
48	44.93356428306859
49	45.02375206832383
50	44.838602596482836
51	44.0545009074734
>>END_MODULE
>>Per sequence GC content	pass
#GC Content	Count
0	7001.0
1	6571.5
2	4993.5
3	4060.0
4	4343.0
5	5103.5
6	6019.5
7	7356.0
8	8665.0
9	10898.5
10	13341.0
11	17517.0
12	21762.0
13	28793.5
14	36483.5
15	49056.5
16	62099.5
17	81379.5
18	101670.0
19	128253.0
20	155552.0
21	190426.0
22	226014.0
23	270067.5
24	315779.5
25	361527.0
26	447056.5
27	505817.0
28	574953.0
29	646407.5
30	722015.0
31	800065.5
32	882572.0
33	966733.5
34	1045225.5
35	1120093.0
36	1176632.5
37	1228982.5
38	1261580.0
39	1293378.0
40	1310968.5
41	1326244.0
42	1335680.5
43	1339054.0
44	1327275.0
45	1312545.0
46	1293838.5
47	1272923.5
48	1247892.0
49	1222309.0
50	1198151.0
51	1171860.0
52	1140420.0
53	1107947.5
54	1077061.0
55	1043991.5
56	1003839.0
57	959441.0
58	908135.5
59	851695.0
60	790149.5
61	724549.5
62	659071.0
63	596934.5
64	530117.5
65	466228.0
66	409768.5
67	355199.5
68	304175.5
69	253446.5
70	213022.5
71	177143.5
72	148120.5
73	120501.0
74	98010.5
75	73108.0
76	60645.5
77	49817.0
78	39543.0
79	31723.0
80	24590.5
81	19905.0
82	15921.0
83	12845.0
84	10028.0
85	8021.5
86	6141.0
87	5029.0
88	4063.5
89	3170.0
90	2369.0
91	1964.5
92	1593.0
93	1380.5
94	1194.0
95	1077.5
96	972.5
97	852.0
98	776.5
99	1043.0
100	1288.0
>>END_MODULE
>>Per base N content	pass
#Base	N-Count
1	0.0012451014654327414
2	8.927142582347958E-5
3	3.1010074233419217E-4
4	4.5105562521337045E-4
5	9.913826762502204E-4
6	0.0016773631062622213
7	0.0021331172275715644
8	0.0012779909381045497
9	0.0023727405284661674
10	0.0029882435170385793
11	0.001226307481048851
12	0.002645253302032579
13	4.4165863302142525E-4
14	0.00151291574290318
15	0.013423603346193743
16	0.011008576352863822
17	0.005017993830498746
18	0.0034956810954036212
19	0.014288126627852704
20	0.0018606044540051532
21	0.0015633692415389468
22	0.0033888615766154585
23	0.0018593399399986744
24	0.004135733051331988
25	0.0015024800668204236
26	0.0012869942321208497
27	9.987966173386983E-4
28	8.193689622749593E-4
29	4.900893130115397E-4
30	8.673983139318819E-4
31	6.525109175951696E-4
32	0.0011684419631240684
33	6.614823313205464E-4
34	0.0027033028945005794
35	0.0025066035785878482
36	0.002377449011946436
37	6.850425975750773E-4
38	0.005177528143228132
39	0.001652516641413268
40	8.567026372196054E-4
41	0.0011299527114790246
42	0.0016867169284884732
43	0.0036294098337649643
44	0.001843237230961423
45	0.0013389410696907117
46	3.179852617934195E-4
47	8.82741637671633E-4
48	7.926293185444412E-4
49	0.0013290257622478316
50	0.0014371690643769901
51	0.0013338147526708154
>>END_MODULE
>>Sequence Length Distribution	warn
#Length	Count
20	47220.0
21	49130.0
22	50523.0
23	52000.0
24	52640.0
25	52778.0
26	53934.0
27	55462.0
28	57186.0
29	60821.0
30	62403.0
31	63552.0
32	65873.0
33	66435.0
34	67403.0
35	68091.0
36	67246.0
37	68704.0
38	70922.0
39	74105.0
40	76141.0
41	80482.0
42	82419.0
43	90071.0
44	105477.0
45	144629.0
46	239576.0
47	586151.0
48	1215636.0
49	2426849.0
50	3258797.0
51	1.177075E7
>>END_MODULE
>>Sequence Duplication Levels	warn
#Total Duplicate Percentage	31.3929211557779
#Duplication Level	Relative count
1	100.0
2	20.554080241154093
3	8.084403933108447
4	4.100337328644226
5	2.471829469604536
6	1.509366252781167
7	0.9997846838441111
8	0.732792650541879
9	0.572023254144836
10++	4.519486112107945
>>END_MODULE
>>Overrepresented sequences	pass
>>END_MODULE
>>Kmer Content	warn
#Sequence	Count	Obs/Exp Overall	Obs/Exp Max	Max Obs/Exp Position
AAAAA	5632270	3.9240043	4.8915353	47
TTTTT	5355200	3.5673056	4.3821273	13
>>END_MODULE
