##FastQC	0.10.1
>>Basic Statistics	pass
#Measure	Value	
Filename	005-primary_S6_L002_R2_001_trimmed.fq.gz	
File type	Conventional base calls	
Encoding	Sanger / Illumina 1.9	
Total Sequences	29833774	
Filtered Sequences	0	
Sequence length	20-50	
%GC	44	
>>END_MODULE
>>Per base sequence quality	pass
#Base	Mean	Median	Lower Quartile	Upper Quartile	10th Percentile	90th Percentile
1	34.6291711534719	36.0	36.0	36.0	32.0	36.0
2	34.625187513990014	36.0	36.0	36.0	32.0	36.0
3	34.61208307068358	36.0	36.0	36.0	32.0	36.0
4	34.599690438092075	36.0	36.0	36.0	32.0	36.0
5	34.58866779643769	36.0	36.0	36.0	32.0	36.0
6	34.57187431264982	36.0	36.0	36.0	32.0	36.0
7	34.55820571007879	36.0	36.0	36.0	32.0	36.0
8	34.55666198986424	36.0	36.0	36.0	32.0	36.0
9	34.53771380047325	36.0	36.0	36.0	32.0	36.0
10	34.521783801137595	36.0	36.0	36.0	32.0	36.0
11	34.50585769001267	36.0	36.0	36.0	32.0	36.0
12	34.498783794500824	36.0	36.0	36.0	32.0	36.0
13	34.48541887459495	36.0	36.0	36.0	32.0	36.0
14	34.47752711406877	36.0	36.0	36.0	32.0	36.0
15	34.45373374484904	36.0	36.0	36.0	32.0	36.0
16	34.44412865767502	36.0	36.0	36.0	32.0	36.0
17	34.422674348877216	36.0	36.0	36.0	32.0	36.0
18	34.41346515529681	36.0	36.0	36.0	32.0	36.0
19	34.40290554590914	36.0	36.0	36.0	32.0	36.0
20	34.404813115497895	36.0	36.0	36.0	32.0	36.0
21	34.382735201469	36.0	36.0	36.0	32.0	36.0
22	34.37183625011274	36.0	36.0	36.0	32.0	36.0
23	34.34957872184777	36.0	36.0	36.0	32.0	36.0
24	34.318686580735076	36.0	36.0	36.0	32.0	36.0
25	34.31159969710054	36.0	36.0	36.0	32.0	36.0
26	34.291407586273884	36.0	36.0	36.0	32.0	36.0
27	34.27026868170628	36.0	36.0	36.0	32.0	36.0
28	34.247114167775024	36.0	36.0	36.0	32.0	36.0
29	34.23169096207206	36.0	36.0	36.0	32.0	36.0
30	34.197757085180335	36.0	36.0	36.0	32.0	36.0
31	34.1674063630276	36.0	36.0	36.0	32.0	36.0
32	34.13672358916197	36.0	36.0	36.0	32.0	36.0
33	34.12803377521932	36.0	36.0	36.0	32.0	36.0
34	34.09481311384168	36.0	36.0	36.0	32.0	36.0
35	34.065043436600526	36.0	36.0	36.0	32.0	36.0
36	34.049338220017965	36.0	36.0	36.0	32.0	36.0
37	34.017648741096735	36.0	36.0	36.0	32.0	36.0
38	34.00903815137137	36.0	36.0	36.0	32.0	36.0
39	33.968950935065706	36.0	36.0	36.0	32.0	36.0
40	33.943651192050424	36.0	36.0	36.0	32.0	36.0
41	33.922895207255536	36.0	36.0	36.0	32.0	36.0
42	33.89562804766691	36.0	36.0	36.0	32.0	36.0
43	33.890428482340994	36.0	36.0	36.0	32.0	36.0
44	33.870358361732265	36.0	36.0	36.0	32.0	36.0
45	33.84465505905621	36.0	36.0	36.0	32.0	36.0
46	33.847431782515336	36.0	36.0	36.0	32.0	36.0
47	33.847602971568435	36.0	36.0	36.0	32.0	36.0
48	33.88363597572009	36.0	36.0	36.0	32.0	36.0
49	33.96179412153186	36.0	36.0	36.0	32.0	36.0
50	34.09326202688408	36.0	36.0	36.0	32.0	36.0
>>END_MODULE
>>Per sequence quality scores	pass
#Quality	Count
2	93.0
3	45.0
4	54.0
5	60.0
6	88.0
7	61.0
8	92.0
9	127.0
10	167.0
11	179.0
12	231.0
13	341.0
14	1766.0
15	3736.0
16	7450.0
17	13106.0
18	21152.0
19	32736.0
20	49266.0
21	69894.0
22	95241.0
23	128533.0
24	172194.0
25	226809.0
26	295174.0
27	379119.0
28	480588.0
29	601584.0
30	753240.0
31	963915.0
32	1290455.0
33	1902299.0
34	3603529.0
35	1.3137202E7
36	5603248.0
>>END_MODULE
>>Per base sequence content	pass
#Base	G	A	T	C
1	22.412946413530925	27.106940522379347	27.693524684630432	22.7865883794593
2	22.291095847818458	26.911361558017532	27.972500059419414	22.8250425347446
3	22.373426781103372	27.027714320476488	27.699387769053175	22.899471129366965
4	22.415607360459365	26.89390077842567	27.871422502238786	22.81906935887618
5	22.59499141305409	26.867553465940237	27.52977004577202	23.00768507523366
6	22.214871006273892	27.1556647391403	27.705387893003248	22.924076361582564
7	22.203406183519338	27.196228308391635	27.77362971175657	22.82673579633246
8	22.361817089247836	27.08663800942521	27.770050361092974	22.78149454023398
9	22.078990495414157	27.301965166111085	27.95390167749579	22.66514266097897
10	22.311635039527232	27.350985600308636	27.660699098644375	22.676680261519753
11	22.573025186157455	27.4131609120588	27.46174172767541	22.552072174108336
12	22.10945733663615	27.389284661190988	27.826293946888153	22.674964055284708
13	22.268025158035663	27.212616621581954	27.873589037943447	22.64576918243894
14	22.299223742069348	26.919398750461166	28.014756853292845	22.76662065417664
15	22.233781078737145	27.191817478506554	27.814624403699245	22.75977703905706
16	22.40635181091463	27.636842552388586	27.55292801393162	22.403877622765158
17	22.551996476092842	27.349718544816277	27.488390568880565	22.60989441021032
18	22.42264137685922	27.59138137479553	27.511619641560632	22.47435760678461
19	22.388949053662135	27.476300481131915	27.68513185026236	22.44961861494359
20	22.391777178538703	27.248332411611877	27.632897601623434	22.726992808225983
21	22.430670892750733	27.406622002023845	27.619447911236904	22.54325919398851
22	22.391209757797473	27.39175040723926	27.640112192256495	22.57692764270677
23	22.51057489553505	27.170408505126993	27.531738202467963	22.787278396869997
24	22.431445676623714	27.491667787409785	27.59791050787402	22.478976028092482
25	22.46398871639821	27.419185650187888	27.5159272852221	22.6008983481918
26	22.573890180715612	27.59630733195502	27.360623024683317	22.46917946264605
27	22.29977306090067	27.68134326506108	27.581424563311618	22.437459110726632
28	22.30455751529051	27.54406317710772	27.506133486725364	22.645245820876404
29	22.399364885371835	27.465233675700457	27.62140167894276	22.51399975998495
30	22.4336578260134	27.49647324828449	27.55951542358951	22.510353502112597
31	22.520128298528842	27.516010473524595	27.4515328637348	22.51232836421177
32	22.49189879337829	27.47902102168348	27.453901971254503	22.57517821368372
33	22.386470750775295	27.523620374861068	27.530956528770577	22.55895234559306
34	22.551444547676518	27.68865929963561	27.424213175190104	22.335682977497765
35	22.530080071207202	27.57226974191078	27.347104721219615	22.550545465662395
36	22.601049273323344	27.718066132774865	27.316229382446526	22.36465521145527
37	22.34477805622202	27.61721466469443	27.519182194258114	22.51882508482544
38	22.352466704549837	27.404516368355953	27.596081740199065	22.64693518689515
39	22.23397706414665	27.611863061204794	27.601973809047536	22.552186065601017
40	22.411943316135606	27.65356757304588	27.501411745854615	22.4330773649639
41	22.58831800766173	27.682495732033686	27.34806601966709	22.381120240637493
42	22.452188059875475	27.830627227057708	27.32447174182113	22.392712971245682
43	22.466584424138546	27.772144528506498	27.37839568845366	22.3828753589013
44	22.49391244017688	27.544698115752155	27.380236256919112	22.58115318715185
45	22.286157911568175	27.638621531527303	27.583443549037202	22.49177700786732
46	22.406911298035226	27.63739299802383	27.38173529806367	22.573960405877276
47	22.37528005017683	27.72164244464309	27.475280618365165	22.42779688681491
48	22.38443380020041	28.09401425807789	27.510682534173707	22.010869407547993
49	22.55302017884337	28.3823822264702	27.564618320319344	21.499979274367085
50	22.38944565653344	28.232017985450664	27.672538075387866	21.70599828262803
>>END_MODULE
>>Per base GC content	pass
#Base	%GC
1	45.19953479299022
2	45.11613838256305
3	45.27289791047034
4	45.234676719335546
5	45.60267648828775
6	45.13894736785646
7	45.0301419798518
8	45.143311629481815
9	44.744133156393126
10	44.98831530104698
11	45.125097360265784
12	44.78442139192086
13	44.9137943404746
14	45.06584439624599
15	44.99355811779421
16	44.81022943367979
17	45.161890886303155
18	44.89699898364383
19	44.83856766860572
20	45.11876998676469
21	44.97393008673925
22	44.96813740050424
23	45.29785329240505
24	44.91042170471619
25	45.06488706459001
26	45.04306964336166
27	44.7372321716273
28	44.949803336166916
29	44.913364645356786
30	44.944011328125995
31	45.03245666274061
32	45.06707700706201
33	44.94542309636835
34	44.887127525174286
35	45.080625536869604
36	44.965704484778605
37	44.863603141047456
38	44.99940189144498
39	44.78616312974767
40	44.845020681099506
41	44.96943824829923
42	44.84490103112116
43	44.84945978303985
44	45.07506562732873
45	44.777934919435495
46	44.9808717039125
47	44.80307693699174
48	44.395303207748405
49	44.052999453210454
50	44.09544393916147
>>END_MODULE
>>Per sequence GC content	pass
#GC Content	Count
0	16046.0
1	12846.0
2	9178.5
3	9545.0
4	10518.5
5	11928.0
6	13619.0
7	15606.5
8	17682.0
9	21511.0
10	25840.0
11	32707.0
12	39799.5
13	51653.5
14	65566.5
15	85415.0
16	107126.5
17	139426.0
18	174284.5
19	216738.5
20	261010.5
21	317253.5
22	375451.0
23	444039.0
24	515911.0
25	582292.0
26	659491.5
27	747792.0
28	841233.0
29	938534.5
30	1037161.5
31	1141345.0
32	1248802.5
33	1354328.5
34	1463431.5
35	1564281.5
36	1659230.0
37	1741024.0
38	1807934.5
39	1853270.0
40	1892132.5
41	1912422.5
42	1926112.0
43	1919544.0
44	1904339.5
45	1869538.5
46	1832681.0
47	1790598.5
48	1747227.5
49	1703142.5
50	1659355.0
51	1619715.0
52	1578580.0
53	1540754.5
54	1501914.5
55	1458819.5
56	1411669.0
57	1353312.5
58	1290560.0
59	1212417.0
60	1128864.5
61	1035732.0
62	942235.5
63	857965.0
64	758708.0
65	667076.5
66	578846.5
67	499111.5
68	424175.0
69	357464.5
70	298409.5
71	247530.5
72	202662.5
73	164159.5
74	128834.0
75	103110.5
76	83976.0
77	66400.0
78	50611.0
79	39152.5
80	29284.0
81	22041.0
82	16586.0
83	12835.5
84	9702.5
85	7686.0
86	6060.0
87	5027.5
88	4166.5
89	3454.0
90	3009.0
91	2805.0
92	2654.5
93	2501.5
94	2371.0
95	2464.5
96	2599.5
97	2951.5
98	4158.0
99	15291.0
100	25563.0
>>END_MODULE
>>Per base N content	pass
#Base	N-Count
1	0.012110435642503694
2	0.011580834526667663
3	0.022226487336131192
4	0.013243379801697229
5	0.008198761578069204
6	0.01168474360635701
7	0.015458989533137846
8	0.014074652439212016
9	0.015046705120176885
10	0.015395303323005665
11	0.017185221018299595
12	0.02252145504621708
13	0.023335968154749715
14	0.02376501209669283
15	0.028960466081160232
16	0.019467868865668824
17	0.04132899846998908
18	0.012335013330864541
19	0.02773366855966664
20	0.012472441468518197
21	0.0355703827652103
22	0.009757357497348315
23	0.018317396151394123
24	0.024259091569686198
25	0.022452473220270348
26	0.018663702733482904
27	0.03564543647343168
28	0.02961286940546346
29	0.02222861004370721
30	0.02310138291192604
31	0.031792285782941306
32	0.03560797905067953
33	0.023049674577237788
34	0.014180437402260083
35	0.014974321778640245
36	0.012727724973647898
37	0.01929824350226973
38	0.005381798621982287
39	0.008078545019414568
40	0.012389121397576086
41	0.011848453488623845
42	0.004651648538812215
43	0.007590481928649033
44	0.0014350166615684527
45	0.0028014526362389047
46	0.007731182083894851
47	0.00216448016163101
48	0.0011604333024796223
49	2.8986815153881826E-4
50	6.96546392384111E-4
>>END_MODULE
>>Sequence Length Distribution	warn
#Length	Count
20	75871.0
21	77736.0
22	79890.0
23	81447.0
24	83320.0
25	84421.0
26	87876.0
27	90086.0
28	93486.0
29	98692.0
30	99729.0
31	103962.0
32	104402.0
33	105331.0
34	105468.0
35	106636.0
36	109327.0
37	114235.0
38	119389.0
39	125101.0
40	128472.0
41	134282.0
42	142829.0
43	165030.0
44	223669.0
45	370136.0
46	850688.0
47	1743345.0
48	3429852.0
49	4619735.0
50	1.6079331E7
>>END_MODULE
>>Sequence Duplication Levels	warn
#Total Duplicate Percentage	37.77887536117354
#Duplication Level	Relative count
1	100.0
2	23.000412777036896
3	11.10370229250016
4	6.262303930907475
5	3.9761541880993203
6	2.67193751190703
7	1.9805359751063694
8	1.3962977074998413
9	1.0097161364069347
10++	7.359338286657776
>>END_MODULE
>>Overrepresented sequences	pass
>>END_MODULE
>>Kmer Content	warn
#Sequence	Count	Obs/Exp Overall	Obs/Exp Max	Max Obs/Exp Position
AAAAA	9178550	4.5167437	5.5961337	46
TTTTT	7252980	3.4727604	3.7954996	46
GGGGG	2369640	3.21959	4.2862897	46
CCTGG	2791585	3.033917	3.6517706	19
>>END_MODULE
