##FastQC	0.10.1
>>Basic Statistics	pass
#Measure	Value	
Filename	006-F0_S6_L002_R1_001_trimmed.fq.gz	
File type	Conventional base calls	
Encoding	Sanger / Illumina 1.9	
Total Sequences	21930425	
Filtered Sequences	0	
Sequence length	20-51	
%GC	45	
>>END_MODULE
>>Per base sequence quality	pass
#Base	Mean	Median	Lower Quartile	Upper Quartile	10th Percentile	90th Percentile
1	35.16147375164868	36.0	36.0	36.0	36.0	36.0
2	35.15078969057827	36.0	36.0	36.0	36.0	36.0
3	35.12905025780394	36.0	36.0	36.0	36.0	36.0
4	35.121516933666356	36.0	36.0	36.0	36.0	36.0
5	35.10111185715735	36.0	36.0	36.0	36.0	36.0
6	35.057371300373795	36.0	36.0	36.0	36.0	36.0
7	35.033558127578466	36.0	36.0	36.0	36.0	36.0
8	35.02831504633403	36.0	36.0	36.0	36.0	36.0
9	35.006746700075354	36.0	36.0	36.0	36.0	36.0
10	34.98915214821418	36.0	36.0	36.0	36.0	36.0
11	34.978001976705876	36.0	36.0	36.0	36.0	36.0
12	34.94721401888016	36.0	36.0	36.0	36.0	36.0
13	34.936382765039895	36.0	36.0	36.0	36.0	36.0
14	34.921271657982004	36.0	36.0	36.0	36.0	36.0
15	34.90143182359667	36.0	36.0	36.0	36.0	36.0
16	34.884238449551255	36.0	36.0	36.0	36.0	36.0
17	34.888450406227875	36.0	36.0	36.0	36.0	36.0
18	34.87207507378448	36.0	36.0	36.0	36.0	36.0
19	34.86286271241893	36.0	36.0	36.0	36.0	36.0
20	34.85535282603962	36.0	36.0	36.0	36.0	36.0
21	34.8500330806525	36.0	36.0	36.0	36.0	36.0
22	34.82995726587515	36.0	36.0	36.0	36.0	36.0
23	34.823714950868606	36.0	36.0	36.0	36.0	36.0
24	34.80220235510483	36.0	36.0	36.0	36.0	36.0
25	34.78879254812652	36.0	36.0	36.0	36.0	36.0
26	34.76658693210511	36.0	36.0	36.0	36.0	36.0
27	34.76339471104996	36.0	36.0	36.0	36.0	36.0
28	34.7381800706719	36.0	36.0	36.0	36.0	36.0
29	34.72501221353187	36.0	36.0	36.0	36.0	36.0
30	34.69584953398298	36.0	36.0	36.0	32.0	36.0
31	34.67608471973875	36.0	36.0	36.0	32.0	36.0
32	34.6527513674945	36.0	36.0	36.0	32.0	36.0
33	34.61504161957539	36.0	36.0	36.0	32.0	36.0
34	34.60070065106067	36.0	36.0	36.0	32.0	36.0
35	34.57098655439263	36.0	36.0	36.0	32.0	36.0
36	34.53960413480113	36.0	36.0	36.0	32.0	36.0
37	34.52908560624894	36.0	36.0	36.0	32.0	36.0
38	34.51087805108996	36.0	36.0	36.0	32.0	36.0
39	34.47124991784015	36.0	36.0	36.0	32.0	36.0
40	34.44885374827335	36.0	36.0	36.0	32.0	36.0
41	34.42514776001312	36.0	36.0	36.0	32.0	36.0
42	34.39219349939072	36.0	36.0	36.0	32.0	36.0
43	34.3593711377766	36.0	36.0	36.0	32.0	36.0
44	34.33422094264403	36.0	36.0	36.0	32.0	36.0
45	34.330463604589795	36.0	36.0	36.0	32.0	36.0
46	34.294818320505165	36.0	36.0	36.0	32.0	36.0
47	34.296506670842355	36.0	36.0	36.0	32.0	36.0
48	34.29852299400084	36.0	36.0	36.0	32.0	36.0
49	34.33944521083761	36.0	36.0	36.0	32.0	36.0
50	34.425554376046954	36.0	36.0	36.0	32.0	36.0
51	34.53310235590365	36.0	36.0	36.0	32.0	36.0
>>END_MODULE
>>Per sequence quality scores	pass
#Quality	Count
14	9.0
15	79.0
16	292.0
17	825.0
18	1983.0
19	4421.0
20	9034.0
21	16155.0
22	28221.0
23	44441.0
24	67163.0
25	99035.0
26	141253.0
27	194739.0
28	259190.0
29	336923.0
30	432765.0
31	561041.0
32	762633.0
33	1151868.0
34	2334809.0
35	1.0519653E7
36	4963893.0
>>END_MODULE
>>Per base sequence content	pass
#Base	G	A	T	C
1	22.732321823348144	26.585620743125958	27.1323391875958	23.549718245930094
2	22.652305171303848	26.644810670794183	27.363508627868384	23.33937553003359
3	22.587435584603526	26.72848398536528	27.319565299469467	23.36451513056173
4	22.854226600018432	26.466093908677703	27.514822781651095	23.164856709652774
5	23.00486488635891	26.513471052913822	27.08455391740911	23.397110143318155
6	22.52469900886593	26.924996480869172	27.274907751349048	23.27539675891585
7	22.608104211848737	26.834380509370366	27.20839355646226	23.349121722318635
8	22.656542125114047	26.700055303701593	27.16156852387635	23.481834047308013
9	22.53988326320398	26.77482624522753	27.32622140192225	23.35906908964624
10	22.62869600526943	26.802717614219436	27.301010726500568	23.267575654010564
11	23.101037300992758	26.70375625569892	27.013597691960143	23.18160875134818
12	22.478940956976103	26.932729167888382	27.39181325056885	23.19651662456667
13	22.586569719591495	26.788563687591825	27.47996230376405	23.14490428905263
14	22.627649986785066	26.55334775637021	27.611240301523065	23.207761955321658
15	22.567459380817624	26.86196409438294	27.390755859533893	23.17982066526554
16	22.717585038477523	27.13931956084943	27.26603514382912	22.877060256843933
17	22.834196851262252	26.788712398483767	26.98063330707842	23.396457443175557
18	22.776437501088694	27.16775301886013	27.003393438913676	23.0524160411375
19	22.919729351881315	26.84157158605164	27.210744572349505	23.02795448971754
20	22.95493629038918	26.584750889787635	27.223974307392062	23.236338512431125
21	22.910332372487822	26.776964438297448	27.2615866375621	23.05111655165263
22	22.748105335552964	26.940995157790965	27.303094880028823	23.007804626627255
23	22.814176351353304	26.717974454929532	27.18227754561195	23.285571648105208
24	22.648347769200925	27.102518642855266	27.242445035507583	23.006688552436227
25	22.777671526575148	26.99636860759475	27.061171077690727	23.164788788139376
26	22.843811008091535	26.95057913654543	26.981899812404276	23.22371004295876
27	22.844606902234997	26.98221972337877	27.127781784210075	23.04539159017616
28	22.6846936500993	26.952810628089196	27.079906057394375	23.282589664417127
29	22.94158126654006	26.73566434270333	27.120688971427082	23.20206541932953
30	22.772448880028023	27.05970579450027	27.06355635823402	23.104288967237686
31	22.852120319390075	26.946897163984712	27.08921623613691	23.111766280488308
32	22.812890987258502	26.990748416214426	27.016681637300515	23.179678959226553
33	22.684534488622504	26.833074308768474	27.28355352150482	23.198837681104198
34	22.872136950967338	27.17215438179569	27.09132453246001	22.864384134776962
35	22.8998434724302	26.80940721915497	27.04493174073985	23.24581756767498
36	23.015995928165502	27.053947665157978	26.876335737436563	23.053720669239954
37	22.793704394052106	26.968482566005115	27.00799189944034	23.22982114050244
38	22.802055202688237	26.8007510301219	26.99551915901187	23.40167460817799
39	22.744141450941203	26.94225520054579	27.049358034508415	23.264245314004594
40	22.784675023136465	26.92678261759066	27.19582182943576	23.092720529837113
41	23.030151847410483	26.872174054284308	27.01706529069631	23.080608807608904
42	22.90008424796417	27.040081710316315	27.033859125542104	23.025974916177407
43	22.898520828927012	27.125926766942243	26.959477127500957	23.01607527662978
44	22.925112695572583	26.84998156204872	26.938633761783827	23.286271980594872
45	22.81025299488959	27.017554962704292	27.112767033211206	23.05942500919491
46	22.852420211527253	27.234588174704776	26.838261325862224	23.07473028790575
47	22.91393558200945	26.945647414729585	26.93525676761898	23.20516023564198
48	22.908787048632732	27.287778344435026	27.07981323239952	22.72362137453272
49	23.15098348429373	27.245185837452908	27.057136843955217	22.546693834298146
50	23.23568322981768	27.405395710571344	27.12738987838425	22.231531181226725
51	22.622957406147307	27.911250385757725	27.36713462429864	22.09865758379633
>>END_MODULE
>>Per base GC content	pass
#Base	%GC
1	46.28204006927824
2	45.99168070133744
3	45.95195071516525
4	46.0190833096712
5	46.40197502967707
6	45.80009576778178
7	45.957225934167376
8	46.138376172422056
9	45.898952352850216
10	45.896271659279996
11	46.28264605234094
12	45.67545758154277
13	45.73147400864413
14	45.835411942106724
15	45.74728004608317
16	45.594645295321456
17	46.23065429443781
18	45.82885354222619
19	45.94768384159886
20	46.1912748028203
21	45.961448924140456
22	45.75590996218022
23	46.099747999458515
24	45.655036321637155
25	45.94246031471452
26	46.0675210510503
27	45.88999849241115
28	45.967283314516436
29	46.14364668586959
30	45.87673784726571
31	45.96388659987838
32	45.992569946485055
33	45.883372169726705
34	45.7365210857443
35	46.14566104010518
36	46.06971659740546
37	46.02352553455455
38	46.20372981086623
39	46.0083867649458
40	45.877395552973574
41	46.110760655019384
42	45.92605916414158
43	45.9145961055568
44	46.211384676167455
45	45.869678004084506
46	45.927150499433
47	46.119095817651434
48	45.63240842316546
49	45.69767731859188
50	45.4672144110444
51	44.72161498994364
>>END_MODULE
>>Per sequence GC content	pass
#GC Content	Count
0	6331.0
1	5964.0
2	4552.5
3	3697.0
4	3962.0
5	4632.0
6	5424.0
7	6701.0
8	8002.5
9	10041.0
10	12208.5
11	16216.5
12	20263.5
13	27055.5
14	34448.0
15	46210.0
16	58559.0
17	77350.0
18	97002.5
19	123731.5
20	151222.5
21	185290.5
22	220125.5
23	262682.0
24	306785.5
25	352276.5
26	437272.0
27	495427.0
28	560913.0
29	627685.0
30	700264.0
31	775329.0
32	852709.5
33	932208.5
34	1009122.5
35	1082985.0
36	1143289.0
37	1200279.0
38	1238042.0
39	1276215.0
40	1300764.0
41	1321753.0
42	1336193.0
43	1345465.5
44	1338624.5
45	1328506.0
46	1315409.0
47	1299865.5
48	1280352.0
49	1260004.5
50	1239804.0
51	1219586.5
52	1196042.0
53	1170552.0
54	1145836.5
55	1118588.5
56	1083848.0
57	1045158.0
58	995360.0
59	938567.0
60	877097.5
61	810969.5
62	742905.0
63	677627.5
64	604924.0
65	534902.0
66	470948.0
67	408357.0
68	351173.5
69	294854.5
70	249300.0
71	208411.5
72	174923.5
73	143231.5
74	117025.0
75	86960.0
76	71993.5
77	59489.5
78	47357.0
79	38229.5
80	30024.5
81	23950.0
82	18609.5
83	14974.0
84	11725.5
85	9293.5
86	7028.5
87	5736.0
88	4591.5
89	3560.5
90	2621.0
91	2170.5
92	1817.5
93	1515.5
94	1225.5
95	1079.5
96	938.5
97	845.0
98	763.0
99	904.0
100	1050.0
>>END_MODULE
>>Per base N content	pass
#Base	N-Count
1	0.0013998816712398414
2	9.621336567804774E-4
3	4.97026391417403E-4
4	7.386997744001769E-4
5	0.004710351030588782
6	0.0013406032942818026
7	7.934182762075974E-4
8	0.002776963966726591
9	0.0010761305355459366
10	7.295800240989401E-4
11	0.0037436574986576873
12	0.004062848759200973
13	0.0017509920578374564
14	0.003159993479378535
15	0.006278948082401504
16	0.004555315275467758
17	0.0025444103340450538
18	0.0020929826941338344
19	0.00519369779655433
20	0.006000795698213783
21	0.002476650826001891
22	0.0038560686208019513
23	0.0017030185383896182
24	0.0072242761815936385
25	0.0035287685275915796
26	0.003745577617316
27	0.0017152469413206602
28	9.945934088201845E-4
29	0.004273105197046534
30	0.0018598250773766672
31	9.560016188294079E-4
32	0.0046345787424094086
33	0.012886689690445494
34	0.002313019784975248
35	0.0011246511090246276
36	6.903141967446877E-4
37	0.0023403191861038532
38	1.9167696451158507E-4
39	4.904348142172821E-4
40	0.0012352162467992942
41	3.874211706879854E-4
42	4.278008730832455E-4
43	0.0011080249119144602
44	8.678338132568724E-4
45	8.23123926827536E-4
46	4.667437157924027E-4
47	1.256728840393678E-4
48	0.0030346453791221376
49	0.0013164089430491497
50	0.002010746437568295
51	8.018901460101419E-4
>>END_MODULE
>>Sequence Length Distribution	warn
#Length	Count
20	46032.0
21	48682.0
22	50863.0
23	52567.0
24	53330.0
25	53448.0
26	54265.0
27	54908.0
28	56526.0
29	59942.0
30	60986.0
31	64019.0
32	66928.0
33	66735.0
34	67992.0
35	68274.0
36	67613.0
37	68871.0
38	70573.0
39	72755.0
40	75754.0
41	79044.0
42	83414.0
43	91294.0
44	107049.0
45	149029.0
46	246617.0
47	615539.0
48	1273852.0
49	2536631.0
50	3370473.0
51	1.209642E7
>>END_MODULE
>>Sequence Duplication Levels	warn
#Total Duplicate Percentage	33.75884290278591
#Duplication Level	Relative count
1	100.0
2	22.391587083348817
3	9.289138270595668
4	4.820333692542083
5	2.79959867712088
6	1.7390658095202705
7	1.2054550183939652
8	0.8390620935676861
9	0.6190777005685407
10++	4.93478503214299
>>END_MODULE
>>Overrepresented sequences	pass
>>END_MODULE
>>Kmer Content	warn
#Sequence	Count	Obs/Exp Overall	Obs/Exp Max	Max Obs/Exp Position
AAAAA	5490980	3.950428	5.028737	47
TTTTT	5174605	3.5596933	4.2365813	13
>>END_MODULE
