##FastQC	0.10.1
>>Basic Statistics	pass
#Measure	Value	
Filename	KS27_S1_L001_R2_001.fastq.gz	
File type	Conventional base calls	
Encoding	Sanger / Illumina 1.9	
Total Sequences	20074505	
Filtered Sequences	0	
Sequence length	35-75	
%GC	45	
>>END_MODULE
>>Per base sequence quality	pass
#Base	Mean	Median	Lower Quartile	Upper Quartile	10th Percentile	90th Percentile
1	31.437318578963716	32.0	32.0	32.0	32.0	32.0
2	31.242515369619326	32.0	32.0	32.0	32.0	32.0
3	31.309800864330153	32.0	32.0	32.0	32.0	32.0
4	31.346388366736814	32.0	32.0	32.0	32.0	32.0
5	31.326499956038766	32.0	32.0	32.0	32.0	32.0
6	35.056965389682084	36.0	36.0	36.0	36.0	36.0
7	35.04878805230814	36.0	36.0	36.0	36.0	36.0
8	34.99333024649923	36.0	36.0	36.0	36.0	36.0
9	35.08236372453518	36.0	36.0	36.0	36.0	36.0
10	34.93870738033142	36.0	36.0	36.0	36.0	36.0
11	35.06411341151376	36.0	36.0	36.0	36.0	36.0
12	34.977454388040954	36.0	36.0	36.0	36.0	36.0
13	35.01610400854218	36.0	36.0	36.0	36.0	36.0
14	34.95283525048314	36.0	36.0	36.0	36.0	36.0
15	34.932438184652625	36.0	36.0	36.0	36.0	36.0
16	34.94066892309424	36.0	36.0	36.0	36.0	36.0
17	34.92828132001262	36.0	36.0	36.0	36.0	36.0
18	34.916957205171435	36.0	36.0	36.0	36.0	36.0
19	34.9107901788861	36.0	36.0	36.0	36.0	36.0
20	34.891749609766215	36.0	36.0	36.0	36.0	36.0
21	34.87931139522494	36.0	36.0	36.0	36.0	36.0
22	34.877088974298495	36.0	36.0	36.0	36.0	36.0
23	34.85853623787984	36.0	36.0	36.0	36.0	36.0
24	34.851490186183916	36.0	36.0	36.0	36.0	36.0
25	34.82994958032589	36.0	36.0	36.0	36.0	36.0
26	34.820036957324724	36.0	36.0	36.0	36.0	36.0
27	34.80606470744858	36.0	36.0	36.0	36.0	36.0
28	34.79840748252572	36.0	36.0	36.0	36.0	36.0
29	34.78151565879209	36.0	36.0	36.0	36.0	36.0
30	34.75998033326351	36.0	36.0	36.0	36.0	36.0
31	34.74609286754518	36.0	36.0	36.0	32.0	36.0
32	34.73343556914604	36.0	36.0	36.0	32.0	36.0
33	34.719692067126935	36.0	36.0	36.0	32.0	36.0
34	34.71095969738731	36.0	36.0	36.0	32.0	36.0
35	34.68647804765298	36.0	36.0	36.0	32.0	36.0
36	34.687307180716836	36.0	36.0	36.0	32.0	36.0
37	34.67582898512342	36.0	36.0	36.0	32.0	36.0
38	34.664497201514635	36.0	36.0	36.0	32.0	36.0
39	34.64910816293338	36.0	36.0	36.0	32.0	36.0
40	34.63693235103137	36.0	36.0	36.0	32.0	36.0
41	34.6194038849713	36.0	36.0	36.0	32.0	36.0
42	34.609478120202034	36.0	36.0	36.0	32.0	36.0
43	34.59295728276647	36.0	36.0	36.0	32.0	36.0
44	34.572352300037295	36.0	36.0	36.0	32.0	36.0
45	34.55260218924529	36.0	36.0	36.0	32.0	36.0
46	34.54027652990692	36.0	36.0	36.0	32.0	36.0
47	34.51756503575903	36.0	36.0	36.0	32.0	36.0
48	34.48957655791789	36.0	36.0	36.0	32.0	36.0
49	34.47699157137998	36.0	36.0	36.0	32.0	36.0
50	34.447630397507744	36.0	36.0	36.0	32.0	36.0
51	34.4239039302988	36.0	36.0	36.0	32.0	36.0
52	34.40870669291616	36.0	36.0	36.0	32.0	36.0
53	34.376724040023255	36.0	36.0	36.0	32.0	36.0
54	34.34131016721124	36.0	36.0	36.0	32.0	36.0
55	34.311934775865886	36.0	36.0	36.0	32.0	36.0
56	34.287416558218005	36.0	36.0	36.0	32.0	36.0
57	34.27182708055142	36.0	36.0	36.0	32.0	36.0
58	34.251342079186905	36.0	36.0	36.0	32.0	36.0
59	34.20784715945002	36.0	36.0	36.0	32.0	36.0
60	34.19003116372277	36.0	36.0	36.0	32.0	36.0
61	34.14862896622084	36.0	36.0	36.0	32.0	36.0
62	34.12174439628653	36.0	36.0	36.0	32.0	36.0
63	34.09611754180629	36.0	36.0	36.0	32.0	36.0
64	34.06786358406357	36.0	36.0	36.0	32.0	36.0
65	34.02347225495072	36.0	36.0	36.0	32.0	36.0
66	33.99992280034875	36.0	36.0	36.0	32.0	36.0
67	33.97593274673222	36.0	36.0	36.0	32.0	36.0
68	33.93548271144943	36.0	36.0	36.0	32.0	36.0
69	33.906976857819394	36.0	36.0	36.0	32.0	36.0
70	33.886367598932196	36.0	36.0	36.0	32.0	36.0
71	33.844865115198445	36.0	36.0	36.0	27.0	36.0
72	33.82287922397287	36.0	36.0	36.0	27.0	36.0
73	33.79691719033294	36.0	36.0	36.0	27.0	36.0
74	33.766072346438655	36.0	36.0	36.0	27.0	36.0
75	32.781877865114296	36.0	32.0	36.0	14.0	36.0
>>END_MODULE
>>Per sequence quality scores	pass
#Quality	Count
2	9570.0
3	0.0
4	0.0
5	0.0
6	0.0
7	0.0
8	0.0
9	0.0
10	0.0
11	0.0
12	0.0
13	1.0
14	1299.0
15	3944.0
16	6148.0
17	8430.0
18	11149.0
19	14308.0
20	19178.0
21	26911.0
22	39168.0
23	56776.0
24	82596.0
25	117455.0
26	161957.0
27	215988.0
28	279276.0
29	354941.0
30	450557.0
31	587185.0
32	807134.0
33	1261197.0
34	2791566.0
35	1.2767771E7
>>END_MODULE
>>Per base sequence content	fail
#Base	G	A	T	C
1	44.713326906233306	18.06955407518707	11.374437107932982	25.842681910646643
2	16.990680198023014	19.73570971601275	36.291613925511975	26.98199616045226
3	19.85951847255206	21.316055566604454	29.087605464723836	29.73682049611964
4	13.704042934780498	14.705911965836076	36.35428391308452	35.2357611862989
5	15.150760154098672	34.58468272508263	35.2419400699362	15.022617050882495
6	34.32227914020155	35.175653447170404	16.55012089498421	13.95194651764384
7	30.172153560427684	30.02373045315123	20.917884857339434	18.886231129081654
8	26.57344267499496	34.316433120765154	20.28474051872084	18.82538368551904
9	24.873053413828654	15.735969241863978	20.46886271996396	38.922114624343415
10	14.454051308912788	27.35554837331893	35.00307377023649	23.1873265475318
11	33.96527324907856	22.939949718252265	23.917171922062046	19.177605110607136
12	21.92453152726386	24.400074059547165	31.346341266493017	22.329053146695966
13	27.695913293514284	20.902375213276294	26.422851606546445	24.978859886662978
14	20.42064427320597	20.822529452500095	27.572175040686652	31.184651233607287
15	22.671152435828972	29.591055241395004	23.570078846505112	24.167713476270915
16	22.617282338567257	28.8285409347202	25.69883231617745	22.855344410535096
17	21.497258775072034	28.312346887742223	27.758774199866583	22.431620137319157
18	21.903420070884856	28.08215924945683	28.243415690108144	21.77100498955018
19	22.33686777455297	27.518280024331006	27.966983197304152	22.177869003811875
20	22.33395224056295	27.42186804990896	28.063524751014647	22.180654958513447
21	22.229282078411917	27.12564481270435	27.822342808486546	22.822730300397183
22	22.174190945547544	27.041328566476793	28.074434330337976	22.710046157637688
23	22.160016964919148	27.13698300044331	27.87912843973828	22.823871594899263
24	22.213722596160913	26.95805892219437	28.148050317631228	22.68016816401349
25	22.398163761806355	26.979035815466133	27.753411610852464	22.869388811875044
26	21.94216427812998	27.291730573759647	27.952878990138768	22.813226157971606
27	21.961840394698513	27.327305072256653	27.99644753396909	22.714406999075752
28	22.102109974440484	27.195612644645994	28.006569669924176	22.695707710989346
29	21.858461041613143	27.3414591176099	28.1573750425805	22.642704798196455
30	22.02206486091283	27.41645063888819	27.99572986406385	22.565754636135125
31	22.369915476925293	27.438568826662035	27.751388180425206	22.440127515987466
32	21.82270712563983	27.554462548719943	28.1034252042182	22.51940512142202
33	21.95688149500609	27.357387402451096	28.219518279027568	22.466212823515253
34	21.983041559815668	27.09665892264291	28.372875366902512	22.547424150638914
35	21.905782400989587	27.37123245103959	28.17780371578577	22.545181432185053
36	22.024279409855172	27.705319373507585	28.060281564192348	22.210119652444902
37	22.118165878391583	27.458332369428064	27.869260143540785	22.55424160863957
38	21.982566976002474	27.817730016295926	27.88710801567501	22.31259499202659
39	22.06261518398006	27.616570927388818	28.08564349865945	22.235170389971675
40	22.067191290845994	27.432098235519888	28.048321190980403	22.452389282653712
41	22.08380862503074	27.576390579300377	28.082757553174627	22.257043242494262
42	21.974534606999303	27.666855933464145	28.12554233529917	22.233067124237383
43	22.101996658157947	27.44518024504509	27.984843251813246	22.467979844983713
44	22.005371312386593	27.75826403552814	28.035216860273408	22.201147791811856
45	22.045548077299877	27.709467189422217	27.918069934394307	22.3269147988836
46	22.174540603081272	27.75290939987622	27.803344557117466	22.26920543992504
47	22.018426017291006	27.817121848560483	27.982952395244908	22.181499738903604
48	21.909976632122017	27.763413855242362	27.93204864684325	22.39456086579237
49	22.109430376550122	27.6271495170054	27.99748504012579	22.265935066318686
50	22.03863632092353	27.79440674939154	27.95029854260796	22.216658387076965
51	22.111704107879294	27.791594288414107	27.912477579883817	22.184224023822786
52	22.114156503444995	27.750599000320364	27.84931650836627	22.285927987868366
53	21.99125457479096	27.671916253045538	28.029691435092413	22.30713773707109
54	22.158775273827434	27.932042396912664	27.876061872223985	22.033120457035917
55	22.138515701877278	27.720958831892883	27.809137217615458	22.331388248614374
56	22.240382087060798	27.916945559933264	27.70729667682561	22.135375676180328
57	22.03768657299888	27.82263559665077	27.863013453229772	22.27666437712058
58	22.02916881020028	27.660541083445665	27.88976280772521	22.420527298628844
59	21.958639839222	27.80362217170011	27.93773910502817	22.299998884049725
60	22.07137921120734	27.801064501943394	27.96097899481898	22.166577292030283
61	22.271986920995115	27.82016551335867	27.7847903279148	22.123057237731416
62	22.181065548753715	27.943167271263846	27.765048895115736	22.11071828486671
63	22.178273479451292	27.980763187396672	27.74350420380916	22.097459129342873
64	22.23774766743159	27.70638625109448	27.709331406782965	22.346534674690965
65	22.04915732562639	27.837400726155238	27.87462857767934	22.238813370539035
66	22.13708702474029	27.93577910497243	27.68707131604467	22.24006255424261
67	22.17317758493738	27.80826832566236	27.744674812282753	22.2738792771175
68	22.18247667678606	28.040731923738942	27.824897197106317	21.951894202368678
69	22.404554751715803	27.96357153243145	27.718241447534943	21.91363226831781
70	22.45361748494305	27.77991402741914	27.656506312914033	22.10996217472378
71	22.30568872369219	28.0647016279275	27.600209927139407	22.029399721240903
72	22.290292647915397	28.208105091793627	27.826008828819415	21.675593431471558
73	22.972721208320067	28.774124086518665	27.85520371741228	20.39795098774899
74	24.14391582509994	31.14940411607433	28.026891762383187	16.679788296442542
75	29.28254546937102	41.30162444907693	29.41583008155205	0.0
>>END_MODULE
>>Per base GC content	fail
#Base	%GC
1	70.55600881687994
2	43.97267635847527
3	49.5963389686717
4	48.9398041210794
5	30.173377204981165
6	48.27422565784539
7	49.05838468950934
8	45.398826360514
9	63.795168038172065
10	37.64137785644459
11	53.14287835968569
12	44.25358467395982
13	52.67477318017726
14	51.605295506813256
15	46.83886591209989
16	45.47262674910235
17	43.9288789123912
18	43.674425060435034
19	44.51473677836484
20	44.5146071990764
21	45.0520123788091
22	44.88423710318523
23	44.98388855981841
24	44.8938907601744
25	45.2675525736814
26	44.755390436101585
27	44.67624739377427
28	44.797817685429834
29	44.501165839809595
30	44.58781949704796
31	44.81004299291276
32	44.342112247061856
33	44.423094318521336
34	44.53046571045458
35	44.45096383317464
36	44.23439906230007
37	44.67240748703115
38	44.29516196802907
39	44.29778557395173
40	44.51958057349971
41	44.340851867525
42	44.207601731236686
43	44.56997650314166
44	44.20651910419845
45	44.37246287618348
46	44.443746043006314
47	44.19992575619462
48	44.30453749791439
49	44.375365442868805
50	44.2552947080005
51	44.295928131702084
52	44.400084491313365
53	44.29839231186205
54	44.19189573086335
55	44.46990395049165
56	44.375757763241126
57	44.314350950119454
58	44.44969610882912
59	44.25863872327172
60	44.237956503237626
61	44.395044158726535
62	44.29178383362042
63	44.275732608794165
64	44.584282342122556
65	44.287970696165424
66	44.377149578982895
67	44.447056862054886
68	44.13437087915474
69	44.31818702003361
70	44.56357965966683
71	44.33508844493309
72	43.965886079386955
73	43.37067219606906
74	40.82370412154248
75	29.28254546937102
>>END_MODULE
>>Per sequence GC content	warn
#GC Content	Count
0	9630.0
1	4875.0
2	165.5
3	297.0
4	384.0
5	479.5
6	733.0
7	1182.0
8	1482.0
9	1711.5
10	2638.0
11	4320.0
12	5339.0
13	6503.5
14	9405.5
15	13912.0
16	17548.0
17	23981.5
18	37257.0
19	54391.5
20	66593.5
21	84732.0
22	118507.0
23	156562.0
24	181767.5
25	213854.5
26	267097.5
27	319749.0
28	354330.5
29	395830.0
30	460887.5
31	521146.5
32	560431.5
33	604677.5
34	677232.5
35	744256.0
36	782407.0
37	817997.5
38	855396.0
39	877347.0
40	891965.0
41	895074.0
42	885720.5
43	869863.5
44	862193.0
45	847161.5
46	816765.5
47	785511.0
48	768197.0
49	747222.5
50	711209.0
51	678066.0
52	659094.0
53	645280.5
54	621472.5
55	597691.0
56	583822.0
57	567835.0
58	536918.5
59	498101.5
60	465739.5
61	430031.0
62	383120.5
63	337104.5
64	301995.0
65	273483.0
66	233263.5
67	192145.0
68	164109.5
69	143130.5
70	117810.0
71	92239.0
72	74605.5
73	62831.5
74	49742.0
75	38012.0
76	30559.5
77	25590.5
78	20326.0
79	15635.5
80	12493.0
81	10488.0
82	8241.5
83	5932.0
84	4522.5
85	3741.5
86	2886.0
87	2144.5
88	1833.0
89	1647.5
90	1369.5
91	1160.0
92	1074.5
93	1079.0
94	1010.0
95	993.0
96	1049.0
97	1110.5
98	1417.5
99	8555.5
100	15448.0
>>END_MODULE
>>Per base N content	pass
#Base	N-Count
1	0.3675258742369986
2	0.216692765276155
3	0.08571070619175915
4	0.058297826023605566
5	0.05090038334693682
6	0.0476724083607541
7	0.0476724083607541
8	0.0476724083607541
9	0.0476724083607541
10	0.0476724083607541
11	0.0476724083607541
12	0.0476724083607541
13	0.0476724083607541
14	0.0476724083607541
15	0.0476724083607541
16	0.0476724083607541
17	0.0476724083607541
18	0.0476724083607541
19	0.0476724083607541
20	0.0476724083607541
21	0.0476724083607541
22	0.0476724083607541
23	0.0476724083607541
24	0.0476724083607541
25	0.0476724083607541
26	0.0476724083607541
27	0.0476724083607541
28	0.0476724083607541
29	0.0476724083607541
30	0.0476724083607541
31	0.0476724083607541
32	0.0476724083607541
33	0.0476724083607541
34	0.0476724083607541
35	0.0476724083607541
36	0.0
37	0.0
38	0.0
39	0.0
40	0.0
41	0.0
42	0.0
43	3.498786445921232E-5
44	0.0
45	0.0
46	0.0
47	0.0
48	0.0
49	0.0
50	0.0
51	0.0
52	0.0
53	0.0
54	0.0
55	0.0
56	0.0
57	0.0
58	0.0
59	0.0
60	0.0
61	0.0
62	0.0
63	0.0
64	0.0
65	0.0
66	0.0
67	0.0
68	0.0
69	0.0
70	0.0
71	0.0
72	0.0
73	0.0
74	0.0
75	0.0
>>END_MODULE
>>Sequence Length Distribution	warn
#Length	Count
35	12650.0
36	4559.0
37	6271.0
38	7005.0
39	8090.0
40	8755.0
41	9577.0
42	10661.0
43	12196.0
44	13700.0
45	14810.0
46	15745.0
47	16284.0
48	16588.0
49	17272.0
50	17528.0
51	18050.0
52	18502.0
53	19724.0
54	21231.0
55	21753.0
56	22723.0
57	23173.0
58	23518.0
59	23617.0
60	24195.0
61	23773.0
62	24752.0
63	26309.0
64	28184.0
65	29543.0
66	28633.0
67	30974.0
68	31783.0
69	39214.0
70	51687.0
71	129880.0
72	472855.0
73	1375391.0
74	4251055.0
75	1.3122295E7
>>END_MODULE
>>Sequence Duplication Levels	warn
#Total Duplicate Percentage	35.2177242077704
#Duplication Level	Relative count
1	100.0
2	23.447865672324657
3	10.256058318463955
4	5.574873038385872
5	3.3726799957298197
6	2.1320400786933247
7	1.4297479068490644
8	0.9745161733083223
9	0.7617696847691815
10++	4.556892528709338
>>END_MODULE
>>Overrepresented sequences	pass
>>END_MODULE
>>Kmer Content	warn
#Sequence	Count	Obs/Exp Overall	Obs/Exp Max	Max Obs/Exp Position
AAAAA	8738200	4.162386	8.878791	71
GGGGG	2723600	3.23189	5.513009	71
TTTTT	7194385	3.208857	5.6857934	71
CCTGG	3122885	3.0968785	12.219258	3
CCAGG	2915660	2.9296637	12.216928	3
CCCAG	2793180	2.8294556	11.227175	2
CTGGG	2811155	2.765221	11.059503	4
CCAGC	2628215	2.6623483	6.465403	3
GGAGG	2573305	2.544052	5.851452	6
GCTGG	2564560	2.5226552	7.044421	3
TCCAG	2932880	2.4231699	8.561868	2
CAGCA	2891405	2.4205341	6.562953	4
CAGCC	2373670	2.4044974	5.766461	9
TGCTG	2945780	2.382616	7.440999	2
CTCCA	2823585	2.3518713	6.3494315	1
CAGGA	2785735	2.3132308	9.56789	4
GGCTG	2351275	2.3128555	8.251737	7
CTCCT	2789830	2.2933888	6.0525203	1
AGGAG	2755475	2.269617	6.8926005	5
CTGGA	2760190	2.2620668	8.705551	4
CCTGC	2244785	2.244223	6.311678	3
GGCAG	2248405	2.2409508	6.4712877	7
CTGCC	2240125	2.2395642	5.758915	9
TCCTG	2741415	2.2353814	8.656448	2
GCTGC	2233975	2.215371	5.646165	8
CTGCT	2712590	2.211877	6.438647	9
GCAGG	2210935	2.203605	6.8061714	3
CTGCA	2666805	2.2033365	6.752501	4
GCCTG	2218720	2.200243	7.250391	7
CCCTG	2198520	2.1979697	9.179972	2
CAGAG	2609175	2.166618	7.555477	4
AGCAG	2602745	2.1612787	5.386015	7
TGCAG	2622155	2.1489427	7.050456	2
CTCTG	2619900	2.1362967	7.541302	2
CAGGG	2086140	2.0792236	9.262368	4
TGGAG	2534255	2.0601254	6.3619866	5
CTGGC	2063040	2.0458593	5.7320414	4
GCCAG	2031215	2.0409706	5.2274213	2
CCCCA	1996100	2.0384939	6.734628	1
AGCTG	2486750	2.0379739	5.83453	7
CAGGC	2011635	2.0212965	6.086548	4
CAGAA	2878075	1.9911441	5.37365	4
GGGAG	2011720	1.9888508	5.5704412	7
GGAGA	2394605	1.9723773	5.412189	6
CACAG	2340810	1.9596046	6.8204308	7
CTGTG	2397990	1.9395508	8.8318405	9
CTCAG	2332405	1.9270524	6.072589	2
TTCTG	2883110	1.9174483	5.1918955	2
CTGAG	2319095	1.9005752	5.87725	4
CCAGA	2237370	1.87301	6.507008	3
GGCCA	1862345	1.8712896	6.2495046	1
TGGGG	1907240	1.8609182	6.3080344	5
CCTCT	2238935	1.8405237	5.648865	1
TCTGG	2231020	1.8045015	6.402551	3
CACTG	2170565	1.7933389	7.297178	7
TGGCC	1790330	1.7754205	5.726787	5
CAGTG	2161765	1.7716379	6.4436846	9
ACCTG	2143335	1.7708412	5.394747	7
AGAGG	2119700	1.7459447	5.152603	5
CCTGA	2083205	1.7211614	5.5755568	3
GCCCA	1691030	1.7129917	7.2060494	1
GGGCC	1384170	1.6693555	5.5599403	6
ACAGA	2395960	1.6576016	5.703266	8
TCAGG	1995835	1.6356528	5.7176876	3
TGGGC	1651490	1.6245047	6.58365	5
GAGAG	1970985	1.623452	5.158484	7
GGCCT	1635385	1.621766	5.053084	1
CCTGT	1956220	1.5951244	5.517252	8
AGCCT	1906315	1.5750134	5.127263	6
AGGTG	1932205	1.570712	5.2832	7
GTGTG	1832000	1.4697927	7.41836	1
GCCCT	1459900	1.4595345	6.2229843	1
GGGCT	1471335	1.4472934	5.994666	6
CTGTC	1773765	1.4463484	5.748741	9
TGTGT	2175335	1.4350449	5.5549946	10
GCTGT	1773150	1.4341654	5.1002517	8
ACAGC	1711990	1.4331892	5.463837	8
ACACA	2042295	1.4244335	5.7999535	6
GACAG	1709920	1.4198909	6.930517	7
CACAC	1651255	1.3936044	6.065037	5
AGGGC	1367170	1.3626374	5.673494	5
AGACA	1919620	1.3280543	5.1883054	6
ACTGC	1522975	1.2582946	5.1752133	8
GGACA	1500800	1.2462409	5.8754945	6
GTCCT	1506800	1.228662	7.6352243	1
GTGCT	1496185	1.2101495	6.4007826	1
GTCCA	1413000	1.1674323	6.5855956	1
AGGAC	1391890	1.1558037	7.2048125	5
TGTGC	1416840	1.1459734	5.5577927	10
AGCAC	1358865	1.1375711	5.265567	5
GTCTT	1704105	1.1333363	5.276631	1
TGCAC	1301200	1.0750623	5.5448446	5
TGGAC	1298325	1.0640202	5.8501916	5
GTGCA	1297745	1.0635449	6.1544023	1
ACAGT	1537205	1.04959	5.494816	8
ACTGT	1550830	1.0450555	6.186821	8
GACTG	1268750	1.0397825	5.825648	7
AGACT	1475730	1.0076153	5.0178566	6
GGACT	1145055	0.9384104	5.063202	6
GTGTA	948575	0.6340503	5.518519	1
>>END_MODULE
