##FastQC	0.10.1
>>Basic Statistics	pass
#Measure	Value	
Filename	005-primary_S6_L004_R1_001_trimmed.fq.gz	
File type	Conventional base calls	
Encoding	Sanger / Illumina 1.9	
Total Sequences	30275958	
Filtered Sequences	0	
Sequence length	20-50	
%GC	45	
>>END_MODULE
>>Per base sequence quality	pass
#Base	Mean	Median	Lower Quartile	Upper Quartile	10th Percentile	90th Percentile
1	35.09295682732814	36.0	36.0	36.0	36.0	36.0
2	35.07995717261862	36.0	36.0	36.0	36.0	36.0
3	35.06740810645859	36.0	36.0	36.0	36.0	36.0
4	35.05946398128839	36.0	36.0	36.0	36.0	36.0
5	35.043949195596056	36.0	36.0	36.0	36.0	36.0
6	34.99340202546192	36.0	36.0	36.0	36.0	36.0
7	34.978934836678	36.0	36.0	36.0	36.0	36.0
8	34.96196714898336	36.0	36.0	36.0	36.0	36.0
9	34.95423140697976	36.0	36.0	36.0	36.0	36.0
10	34.93445353570645	36.0	36.0	36.0	36.0	36.0
11	34.91280979449106	36.0	36.0	36.0	36.0	36.0
12	34.90741333436914	36.0	36.0	36.0	36.0	36.0
13	34.891808609326254	36.0	36.0	36.0	36.0	36.0
14	34.890096293567325	36.0	36.0	36.0	36.0	36.0
15	34.873312580232806	36.0	36.0	36.0	36.0	36.0
16	34.852630625263785	36.0	36.0	36.0	36.0	36.0
17	34.85404428821047	36.0	36.0	36.0	36.0	36.0
18	34.8275327571798	36.0	36.0	36.0	36.0	36.0
19	34.82156686833824	36.0	36.0	36.0	36.0	36.0
20	34.80839800345872	36.0	36.0	36.0	36.0	36.0
21	34.80040418180585	36.0	36.0	36.0	36.0	36.0
22	34.79609891723497	36.0	36.0	36.0	36.0	36.0
23	34.78091577061153	36.0	36.0	36.0	32.0	36.0
24	34.76293647020875	36.0	36.0	36.0	32.0	36.0
25	34.761413782713596	36.0	36.0	36.0	32.0	36.0
26	34.738614298614856	36.0	36.0	36.0	32.0	36.0
27	34.73334786985724	36.0	36.0	36.0	32.0	36.0
28	34.720488905975714	36.0	36.0	36.0	32.0	36.0
29	34.71144928009522	36.0	36.0	36.0	32.0	36.0
30	34.70506743113215	36.0	36.0	36.0	32.0	36.0
31	34.68334592552691	36.0	36.0	36.0	32.0	36.0
32	34.66874169104258	36.0	36.0	36.0	32.0	36.0
33	34.64104794411273	36.0	36.0	36.0	32.0	36.0
34	34.62189624413539	36.0	36.0	36.0	32.0	36.0
35	34.60902051619221	36.0	36.0	36.0	32.0	36.0
36	34.59429920150627	36.0	36.0	36.0	32.0	36.0
37	34.57199649968188	36.0	36.0	36.0	32.0	36.0
38	34.54806215718729	36.0	36.0	36.0	32.0	36.0
39	34.52758906511679	36.0	36.0	36.0	32.0	36.0
40	34.51410320497471	36.0	36.0	36.0	32.0	36.0
41	34.48829519324513	36.0	36.0	36.0	32.0	36.0
42	34.4814401548122	36.0	36.0	36.0	32.0	36.0
43	34.44151222898871	36.0	36.0	36.0	32.0	36.0
44	34.43429788627245	36.0	36.0	36.0	32.0	36.0
45	34.41420902220713	36.0	36.0	36.0	32.0	36.0
46	34.405799340231106	36.0	36.0	36.0	32.0	36.0
47	34.40451296374422	36.0	36.0	36.0	32.0	36.0
48	34.42880940062065	36.0	36.0	36.0	32.0	36.0
49	34.49491910874752	36.0	36.0	36.0	32.0	36.0
50	34.58945061287798	36.0	36.0	36.0	32.0	36.0
>>END_MODULE
>>Per sequence quality scores	pass
#Quality	Count
14	1.0
15	26.0
16	107.0
17	435.0
18	1430.0
19	4021.0
20	9490.0
21	18768.0
22	32280.0
23	51699.0
24	80309.0
25	121286.0
26	178214.0
27	253801.0
28	348551.0
29	464509.0
30	612931.0
31	806603.0
32	1102198.0
33	1659863.0
34	3330650.0
35	1.4253782E7
36	6945004.0
>>END_MODULE
>>Per base sequence content	pass
#Base	G	A	T	C
1	22.33697323758101	27.043887201590916	27.672284954945003	22.946854605883072
2	22.180156916680374	26.87277752565238	27.936612372728973	23.01045318493827
3	22.29592135011453	26.99231898586171	27.632074303201055	23.0796853608227
4	22.329716348988992	26.864797195231343	27.837694221529453	22.96779223425021
5	22.508493957329474	26.8251764974393	27.51353839278622	23.152791152445005
6	22.13735793537049	27.09852823304698	27.684036432781024	23.08007739880151
7	22.101826543486737	27.121879015064792	27.80300674937976	22.973287692068713
8	22.289741249726266	26.989956701549183	27.776370718501937	22.943931330222608
9	21.979424389853026	27.18906889209033	27.95603757081984	22.875469147236803
10	22.216378194885873	27.258873180588207	27.683325942972843	22.841422681553084
11	22.47690395131345	27.326230271557385	27.491288632386134	22.70557714474303
12	22.018606314620996	27.29569118836801	27.856426541482186	22.829275955528804
13	22.1699937620471	27.096546375179937	27.895183366286876	22.838276496486092
14	22.168164551553918	26.827982225079523	28.069215662162755	22.934637561203804
15	22.112320937953474	27.092856979125152	27.86172777753226	22.933094305389115
16	22.31122133278161	27.561562213819958	27.59717462945351	22.530041823944927
17	22.435438706844554	27.28488393331765	27.529563226372556	22.750114133465242
18	22.299984694125946	27.516196184444436	27.545206001408772	22.638613120020842
19	22.280890335493265	27.379407779598587	27.742927242797734	22.596774642110418
20	22.25780601228209	27.137284970470628	27.695318509822215	22.90959050742507
21	22.31735096313297	27.305450874867415	27.680529815850292	22.696668346149323
22	22.274381568088746	27.287872557573827	27.708006477480968	22.72973939685646
23	22.383326973146875	27.053603456177694	27.598757540016578	22.964312030658853
24	22.319365988476438	27.387204481840588	27.65910184949623	22.634327680186747
25	22.33944832220435	27.332696894115475	27.552085672814236	22.77576911086594
26	22.450258544363464	27.505848209087404	27.41149946332186	22.63239378322728
27	22.186946969091	27.54642665445033	27.65434974001235	22.612276636446317
28	22.209828732561252	27.425948777333147	27.56944888596707	22.79477360413853
29	22.298724234477	27.31562797859975	27.712336474281024	22.67331131264223
30	22.338252918531563	27.354857937706313	27.61717787890977	22.68971126485235
31	22.41958121289514	27.3943702781619	27.52196238072647	22.66408612821649
32	22.38990997247411	27.3260750667301	27.541205137791348	22.742809823004446
33	22.308727116670607	27.362442365251873	27.589899763325302	22.738930754752218
34	22.464986973737457	27.54231755310729	27.508444684699075	22.48425078845618
35	22.45183600764089	27.43251905524376	27.40344993063034	22.71219500648501
36	22.516993213621276	27.57422207707712	27.382663193326778	22.526121515974825
37	22.260186384931295	27.46932767273999	27.601497910768106	22.668988031560605
38	22.247329638996856	27.26206636509994	27.69110878298934	22.79949521291386
39	22.15234413764949	27.435247556244423	27.70151406383457	22.710894242271518
40	22.34467998235484	27.504236695392425	27.586975742707757	22.564107579544977
41	22.50597418177402	27.525049427806458	27.425186531802336	22.54378985861718
42	22.37235700518662	27.676171561490197	27.399496725479906	22.551974707843275
43	22.392412195947745	27.60709000500449	27.483925925496173	22.516571873551595
44	22.387063672595993	27.397385497795074	27.475800033748758	22.739750795860175
45	22.204412375913066	27.459042142491363	27.68474268472218	22.651802796873397
46	22.32221903042191	27.48292879041217	27.478458472696836	22.716393706469088
47	22.252049265473257	27.59363218069385	27.59054239758677	22.563776156246124
48	22.31514403455387	27.930229484732845	27.6278794471682	22.12674703354508
49	22.425097744125043	28.263025216476855	27.700852683597365	21.61102435580073
50	22.159158253276974	28.167369547428716	27.819119940238313	21.854352259055997
>>END_MODULE
>>Per base GC content	pass
#Base	%GC
1	45.28382784346408
2	45.190610101618645
3	45.37560671093723
4	45.29750858323921
5	45.66128510977448
6	45.217435334171995
7	45.075114235555446
8	45.23367257994887
9	44.85489353708983
10	45.057800876438954
11	45.182481096056485
12	44.8478822701498
13	45.00827025853319
14	45.10280211275772
15	45.04541524334259
16	44.841263156726534
17	45.185552840309796
18	44.93859781414679
19	44.87766497760368
20	45.167396519707154
21	45.0140193092823
22	45.0041209649452
23	45.34763900380573
24	44.953693668663185
25	45.115217433070285
26	45.082652327590736
27	44.79922360553732
28	45.004602336699776
29	44.972035547119226
30	45.027964183383915
31	45.08366734111163
32	45.13271979547856
33	45.04765787142283
34	44.94923776219364
35	45.1640310141259
36	45.0431147295961
37	44.929174416491904
38	45.04682485191072
39	44.86323837992101
40	44.908787561899814
41	45.049764040391196
42	44.9243317130299
43	44.90898406949933
44	45.12681446845617
45	44.85621517278646
46	45.03861273689099
47	44.81582542171938
48	44.441891068098954
49	44.03612209992577
50	44.01351051233298
>>END_MODULE
>>Per sequence GC content	warn
#GC Content	Count
0	6883.0
1	6875.0
2	6065.0
3	5618.0
4	6133.0
5	7349.5
6	8791.0
7	11023.0
8	13340.0
9	16988.5
10	21112.0
11	28563.0
12	36210.0
13	47614.0
14	61041.5
15	81586.5
16	103942.0
17	136345.0
18	170862.5
19	213827.5
20	259205.5
21	316913.5
22	376022.5
23	445572.5
24	518902.0
25	586981.5
26	664142.0
27	751795.5
28	845633.0
29	945614.0
30	1047011.0
31	1151319.5
32	1258556.5
33	1366689.0
34	1479800.5
35	1582723.0
36	1679672.5
37	1765126.5
38	1834830.5
39	1881600.5
40	1923287.5
41	1945581.5
42	1960719.0
43	1951323.5
44	1934042.0
45	1900028.0
46	1863272.5
47	1820079.5
48	1776119.0
49	1731642.0
50	1687450.5
51	1649443.5
52	1610338.0
53	1572394.0
54	1534231.0
55	1493055.0
56	1446712.5
57	1387983.0
58	1324057.0
59	1245052.5
60	1160441.0
61	1064465.5
62	968298.5
63	881579.5
64	779315.5
65	684357.5
66	593183.0
67	511112.0
68	433858.5
69	365373.5
70	303969.0
71	251750.5
72	206101.0
73	166135.0
74	129376.0
75	103273.5
76	83575.5
77	65515.5
78	49494.0
79	37949.5
80	28073.5
81	20985.0
82	15615.0
83	11741.0
84	8375.0
85	6192.0
86	4529.0
87	3578.0
88	2840.5
89	2186.5
90	1671.5
91	1360.0
92	1146.0
93	974.0
94	826.5
95	696.0
96	589.5
97	542.0
98	479.5
99	642.0
100	830.0
>>END_MODULE
>>Per base N content	pass
#Base	N-Count
1	2.312065567008648E-4
2	5.945311458022236E-5
3	2.642360648009883E-5
4	3.0387147452113657E-4
5	7.596786863028414E-5
6	1.2220917997045707E-4
7	4.591101625917172E-4
8	1.5854163888059299E-4
9	4.95442621501853E-5
10	1.0899737673040768E-4
11	0.0
12	0.0
13	0.0
14	8.818878662732984E-4
15	0.0
16	0.0
17	0.0
18	0.0
19	0.0
20	0.0
21	0.0
22	0.0
23	5.492454648885184E-4
24	0.0
25	0.0
26	0.0
27	0.0
28	8.340800375775006E-4
29	0.0
30	1.699557465827933E-5
31	0.0
32	0.0
33	0.0
34	0.0
35	0.0
36	0.0
37	0.0
38	0.0
39	0.0
40	0.0
41	0.0
42	1.7817770674743294E-4
43	0.0
44	0.0
45	0.0
46	0.0
47	0.0
48	0.0
49	0.0
50	0.0
>>END_MODULE
>>Sequence Length Distribution	warn
#Length	Count
20	76182.0
21	78190.0
22	80373.0
23	81379.0
24	83192.0
25	85043.0
26	87111.0
27	91023.0
28	94561.0
29	99481.0
30	100994.0
31	104475.0
32	105646.0
33	105745.0
34	105924.0
35	107058.0
36	109902.0
37	113972.0
38	119020.0
39	123905.0
40	128126.0
41	132784.0
42	138958.0
43	158929.0
44	212434.0
45	349905.0
46	824390.0
47	1717097.0
48	3365273.0
49	4454666.0
50	1.684022E7
>>END_MODULE
>>Sequence Duplication Levels	warn
#Total Duplicate Percentage	39.69195952089181
#Duplication Level	Relative count
1	100.0
2	24.436087145326876
3	12.05663299166728
4	6.869372137420217
5	4.442478021122664
6	3.0012535948676353
7	2.193381346836107
8	1.564125883866316
9	1.2240985178084212
10++	8.08118050946751
>>END_MODULE
>>Overrepresented sequences	pass
>>END_MODULE
>>Kmer Content	warn
#Sequence	Count	Obs/Exp Overall	Obs/Exp Max	Max Obs/Exp Position
AAAAA	8150230	4.0283384	4.9775186	46
TTTTT	7603900	3.5544715	4.0591774	46
CCTGG	2876840	3.0526147	3.6980162	19
>>END_MODULE
