##FastQC	0.10.1
>>Basic Statistics	pass
#Measure	Value	
Filename	KS27_S1_L001_R1_001_trimmed.fq.gz	
File type	Conventional base calls	
Encoding	Sanger / Illumina 1.9	
Total Sequences	19936433	
Filtered Sequences	0	
Sequence length	20-50	
%GC	44	
>>END_MODULE
>>Per base sequence quality	pass
#Base	Mean	Median	Lower Quartile	Upper Quartile	10th Percentile	90th Percentile
1	35.26085754658318	36.0	36.0	36.0	36.0	36.0
2	35.25279983635989	36.0	36.0	36.0	36.0	36.0
3	35.229468882422445	36.0	36.0	36.0	36.0	36.0
4	35.22541269042461	36.0	36.0	36.0	36.0	36.0
5	35.18810059954055	36.0	36.0	36.0	36.0	36.0
6	35.167516827107434	36.0	36.0	36.0	36.0	36.0
7	35.15301498517814	36.0	36.0	36.0	36.0	36.0
8	35.15395642741106	36.0	36.0	36.0	36.0	36.0
9	35.134070021452686	36.0	36.0	36.0	36.0	36.0
10	35.12084995344954	36.0	36.0	36.0	36.0	36.0
11	35.097652724537035	36.0	36.0	36.0	36.0	36.0
12	35.082909766255575	36.0	36.0	36.0	36.0	36.0
13	35.07283303888915	36.0	36.0	36.0	36.0	36.0
14	35.06140466551865	36.0	36.0	36.0	36.0	36.0
15	35.03812131287478	36.0	36.0	36.0	36.0	36.0
16	35.023119481805	36.0	36.0	36.0	36.0	36.0
17	35.021943594423334	36.0	36.0	36.0	36.0	36.0
18	34.998811522602864	36.0	36.0	36.0	36.0	36.0
19	34.992712186778846	36.0	36.0	36.0	36.0	36.0
20	34.984257213915846	36.0	36.0	36.0	36.0	36.0
21	34.977641236948195	36.0	36.0	36.0	36.0	36.0
22	34.965720335989396	36.0	36.0	36.0	36.0	36.0
23	34.95811977973455	36.0	36.0	36.0	36.0	36.0
24	34.94262480947971	36.0	36.0	36.0	36.0	36.0
25	34.92653733238018	36.0	36.0	36.0	36.0	36.0
26	34.918357655933725	36.0	36.0	36.0	36.0	36.0
27	34.91482850173991	36.0	36.0	36.0	36.0	36.0
28	34.87822500545255	36.0	36.0	36.0	36.0	36.0
29	34.87045703046664	36.0	36.0	36.0	36.0	36.0
30	34.861001887075105	36.0	36.0	36.0	36.0	36.0
31	34.83827343929625	36.0	36.0	36.0	36.0	36.0
32	34.818608345290166	36.0	36.0	36.0	36.0	36.0
33	34.8034781874226	36.0	36.0	36.0	36.0	36.0
34	34.77963451791341	36.0	36.0	36.0	36.0	36.0
35	34.76272490509164	36.0	36.0	36.0	36.0	36.0
36	34.74282743686767	36.0	36.0	36.0	36.0	36.0
37	34.72732404566435	36.0	36.0	36.0	36.0	36.0
38	34.70851938779778	36.0	36.0	36.0	32.0	36.0
39	34.686229921718436	36.0	36.0	36.0	32.0	36.0
40	34.67086348946758	36.0	36.0	36.0	32.0	36.0
41	34.65436785304191	36.0	36.0	36.0	32.0	36.0
42	34.6286878322682	36.0	36.0	36.0	32.0	36.0
43	34.611625835219286	36.0	36.0	36.0	32.0	36.0
44	34.589823591996755	36.0	36.0	36.0	32.0	36.0
45	34.570733728054535	36.0	36.0	36.0	32.0	36.0
46	34.54583251449541	36.0	36.0	36.0	32.0	36.0
47	34.56360133612164	36.0	36.0	36.0	32.0	36.0
48	34.57512179329164	36.0	36.0	36.0	32.0	36.0
49	34.646411852145725	36.0	36.0	36.0	32.0	36.0
50	34.74036094272958	36.0	36.0	36.0	32.0	36.0
>>END_MODULE
>>Per sequence quality scores	pass
#Quality	Count
7	1.0
8	1.0
9	2.0
10	9.0
11	15.0
12	24.0
13	89.0
14	69.0
15	136.0
16	242.0
17	565.0
18	1247.0
19	2971.0
20	6267.0
21	11581.0
22	20121.0
23	32014.0
24	49744.0
25	73979.0
26	106610.0
27	148367.0
28	200465.0
29	263438.0
30	342984.0
31	451061.0
32	617557.0
33	937379.0
34	1875937.0
35	9078932.0
36	5714626.0
>>END_MODULE
>>Per base sequence content	pass
#Base	G	A	T	C
1	22.136258720745925	27.17306381984923	27.802932811031578	22.887744648373264
2	22.09235753102907	27.108733182566517	28.030679304380662	22.76822998202375
3	22.09586443867087	27.215198032264865	27.85601007763529	22.832927451428976
4	22.13787508413006	27.018983473139624	28.122593283419256	22.720548159311058
5	22.38583993097171	27.011476725674644	27.74294606377332	22.859737279580326
6	21.88248668814461	27.335294929960423	27.95322344961208	22.828994932282882
7	21.869834212762303	27.32937988657922	28.03751111126271	22.76327478939577
8	22.01275651112962	27.19782915195555	28.03781488241574	22.75159945449909
9	21.741234572161808	27.366499734799742	28.172518912886606	22.719746780151844
10	21.93571157126708	27.424545246968545	28.000969719782486	22.638773461981888
11	22.321356643240183	27.42330061691777	27.77837470112449	22.47696803871755
12	21.761921204192962	27.558621839652403	28.135162087482236	22.544294868672402
13	21.845031703088242	27.357604464942515	28.228612360053585	22.56875147191566
14	21.875006897265752	27.11170199638473	28.422583784974652	22.59070732137486
15	21.768159130247934	27.391779805051108	28.198911906859124	22.641149157841838
16	21.958550986003214	27.730359693233638	28.081071932627292	22.23001738813586
17	22.00161322928272	27.52157117295714	27.905164591021798	22.571651006738342
18	21.934003836981557	27.832537816279352	27.890986424091903	22.34247192264719
19	21.956118734779125	27.65175172797958	28.13458069123598	22.257548846005317
20	21.971473312602285	27.42448321511138	28.080911186763398	22.52313228552294
21	21.99326607238081	27.56658754469909	28.107317082477483	22.332829300442615
22	21.88742666597579	27.6399783831955	28.140589440382985	22.33200551044572
23	21.986703806018927	27.44211967983206	28.027246592742127	22.543929921406885
24	21.897461026894245	27.755312449994296	28.05077724663264	22.296449276478818
25	21.937884835091808	27.704169825793617	27.97960234769883	22.378342991415742
26	22.06226470116354	27.716252937609166	27.8617081068427	22.359774254384593
27	21.882914588372333	27.821888611993433	28.020080524335018	22.27511627529922
28	21.786296222265022	27.73280771278791	27.998175548711107	22.482720516235958
29	21.994670592940956	27.579198069883304	28.073269551288266	22.352861785887473
30	21.939536828463442	27.75034552273648	27.99244333272525	22.317674316074825
31	22.014990716585775	27.735526091779562	27.973212763834187	22.27627042780048
32	22.005675319455914	27.702611796672322	27.9247542645839	22.366958619287864
33	21.91210762587427	27.624086012925307	28.069867334281845	22.39393902691858
34	22.036023226032174	27.879873239152325	27.96345686120715	22.120646673608352
35	22.0390943668782	27.65342953287375	27.89167426008683	22.41580184016122
36	22.13302264650228	27.82503749339675	27.804553096701074	22.237386763399904
37	21.91326803150087	27.76301013569252	27.95925963408839	22.36446219871822
38	21.900153105188966	27.602244777177198	27.993574544755074	22.50402757287877
39	21.81988031759885	27.771977984452402	28.0448255955646	22.363316102384147
40	21.96812429951175	27.738095017636823	28.059663749178753	22.234116933672674
41	22.129570561356008	27.760589368343048	27.88765106682342	22.22218900347752
42	22.063706188825492	27.867914705845898	27.855638487313712	22.212740618014898
43	22.04498339543264	27.88893794341919	27.88777830536707	22.178300355781097
44	22.092057623091364	27.650081966825752	27.833848437894115	22.42401197218877
45	21.93078819984418	27.764675642445408	27.9994130781406	22.305123079569814
46	21.961105224340077	27.90246912044896	27.83029089033483	22.306134764876134
47	21.98003975845127	27.84051757471281	27.9210894170905	22.258353249745415
48	21.947406070573848	28.218918760610773	28.037835122915496	21.79584004589989
49	22.025283825269728	28.530392656919325	28.169904579493455	21.274418938317492
50	21.759995514951672	28.527361165420512	28.33911723235919	21.373526087268626
>>END_MODULE
>>Per base GC content	pass
#Base	%GC
1	45.02400336911919
2	44.86058751305282
3	44.928791890099845
4	44.858423243441116
5	45.245577210552035
6	44.71148162042749
7	44.63310900215807
8	44.7643559656287
9	44.46098135231365
10	44.57448503324897
11	44.79832468195774
12	44.30621607286536
13	44.41378317500391
14	44.46571421864062
15	44.40930828808977
16	44.18856837413907
17	44.57326423602106
18	44.276475759628745
19	44.213667580784445
20	44.494605598125226
21	44.326095372823424
22	44.219432176421506
23	44.53063372742581
24	44.193910303373066
25	44.31622782650756
26	44.42203895554813
27	44.158030863671556
28	44.26901673850098
29	44.34753237882843
30	44.25721114453827
31	44.291261144386255
32	44.372633938743775
33	44.306046652792844
34	44.15666989964053
35	44.45489620703942
36	44.37040940990219
37	44.277730230219085
38	44.40418067806773
39	44.183196419983
40	44.202241233184424
41	44.35175956483353
42	44.27644680684039
43	44.223283751213735
44	44.516069595280136
45	44.23591127941399
46	44.267239989216215
47	44.23839300819669
48	43.743246116473735
49	43.29970276358722
50	43.1335216022203
>>END_MODULE
>>Per sequence GC content	warn
#GC Content	Count
0	6925.0
1	6450.5
2	4987.0
3	4335.0
4	4741.5
5	5534.0
6	6411.5
7	7919.5
8	9509.0
9	12160.5
10	15057.5
11	20364.0
12	25855.5
13	34742.5
14	44804.5
15	60592.0
16	77601.0
17	102061.0
18	128058.0
19	160929.5
20	194441.5
21	235486.0
22	277983.0
23	328162.5
24	380202.5
25	428602.5
26	483674.0
27	544053.0
28	606708.5
29	673433.5
30	741707.5
31	810567.0
32	881713.0
33	951916.0
34	1022462.0
35	1081250.0
36	1135832.5
37	1177323.0
38	1209578.0
39	1228387.5
40	1243949.5
41	1245769.0
42	1244376.5
43	1229631.0
44	1210448.0
45	1181123.0
46	1151292.5
47	1119062.5
48	1085851.5
49	1054381.0
50	1023218.0
51	993707.5
52	963596.0
53	935114.5
54	907478.0
55	879910.5
56	848293.0
57	808977.0
58	767944.5
59	720833.5
60	672222.5
61	617932.5
62	562043.0
63	514509.5
64	458358.5
65	405696.5
66	355173.0
67	309429.0
68	265047.5
69	225539.5
70	190672.5
71	160422.0
72	133296.5
73	110307.0
74	89003.5
75	73173.5
76	61267.0
77	49835.0
78	39680.0
79	32101.0
80	25524.5
81	20910.0
82	16842.5
83	13509.5
84	10610.0
85	8399.0
86	6398.0
87	4924.0
88	3962.5
89	3064.5
90	2211.5
91	1707.5
92	1342.5
93	1132.0
94	932.5
95	781.0
96	640.0
97	590.5
98	550.5
99	810.0
100	1072.0
>>END_MODULE
>>Per base N content	pass
#Base	N-Count
1	3.2603625733851186E-4
2	6.370246874152463E-4
3	5.0159424205924896E-5
4	1.9562175440310708E-4
5	0.0012991290869334548
6	0.0031700756098144533
7	0.002909246603943644
8	0.0013091609717746401
9	0.002783848043428832
10	0.0038973872608003652
11	0.004388949618018429
12	0.011797496573233538
13	0.003400808961161708
14	0.005000894593330712
15	0.02072587408188817
16	0.005020958363013082
17	0.006335135277208315
18	0.004870480090395308
19	0.012334202412236933
20	0.020113929106575883
21	0.008233348767515383
22	0.01699926023319789
23	0.02234683403001839
24	0.012485705629150176
25	0.017905653383742642
26	0.010977305027222304
27	0.015428091408234774
28	0.04201269845185987
29	0.01624265195889217
30	0.016830423323915863
31	0.03097910567153085
32	0.031518485746866165
33	0.014745585228770276
34	0.03687981104981913
35	0.023777477911692487
36	0.019289840559631233
37	0.03213738095799793
38	0.02497127688102601
39	0.01932472510270496
40	0.010271572243382873
41	0.025302843081043202
42	0.010266140924576502
43	0.016848151364412988
44	0.032794667380462474
45	0.014211841479534087
46	0.01851407918272511
47	0.013921317967071726
48	0.005926232016364701
49	0.0046674102257786764
50	0.006595713534770139
>>END_MODULE
>>Sequence Length Distribution	warn
#Length	Count
20	17442.0
21	18125.0
22	18855.0
23	19297.0
24	19819.0
25	20179.0
26	21174.0
27	21808.0
28	23108.0
29	24502.0
30	25293.0
31	26317.0
32	27174.0
33	27426.0
34	27536.0
35	28491.0
36	28780.0
37	30691.0
38	32778.0
39	35629.0
40	37075.0
41	40306.0
42	45001.0
43	57349.0
44	95163.0
45	186965.0
46	512071.0
47	1121475.0
48	2263293.0
49	3060351.0
50	1.202296E7
>>END_MODULE
>>Sequence Duplication Levels	warn
#Total Duplicate Percentage	37.1375043139575
#Duplication Level	Relative count
1	100.0
2	24.997647132638978
3	10.905540218346092
4	5.919029991215962
5	3.6375329401430543
6	2.3324758438950934
7	1.5246580499435312
8	1.1246705985694567
9	0.8713452126992094
10++	5.544924080813151
>>END_MODULE
>>Overrepresented sequences	pass
>>END_MODULE
>>Kmer Content	warn
#Sequence	Count	Obs/Exp Overall	Obs/Exp Max	Max Obs/Exp Position
AAAAA	6118005	4.273894	5.222902	46
TTTTT	5580600	3.636854	4.2313647	46
CCTGG	1856280	3.0683424	3.8595314	9
>>END_MODULE
