##FastQC	0.10.1
>>Basic Statistics	pass
#Measure	Value	
Filename	KS27_S1_L004_R1_001.fastq.gz	
File type	Conventional base calls	
Encoding	Sanger / Illumina 1.9	
Total Sequences	19933865	
Filtered Sequences	0	
Sequence length	35-75	
%GC	45	
>>END_MODULE
>>Per base sequence quality	pass
#Base	Mean	Median	Lower Quartile	Upper Quartile	10th Percentile	90th Percentile
1	31.456095343276377	32.0	32.0	32.0	32.0	32.0
2	31.48838652213206	32.0	32.0	32.0	32.0	32.0
3	31.585397513226862	32.0	32.0	32.0	32.0	32.0
4	31.66480654905609	32.0	32.0	32.0	32.0	32.0
5	31.643945266008373	32.0	32.0	32.0	32.0	32.0
6	35.298156980595586	36.0	36.0	36.0	36.0	36.0
7	35.30924444406541	36.0	36.0	36.0	36.0	36.0
8	35.253604055209564	36.0	36.0	36.0	36.0	36.0
9	35.36143020934475	36.0	36.0	36.0	36.0	36.0
10	35.24655865784182	36.0	36.0	36.0	36.0	36.0
11	35.32718717619488	36.0	36.0	36.0	36.0	36.0
12	35.27940692886202	36.0	36.0	36.0	36.0	36.0
13	35.30336279492211	36.0	36.0	36.0	36.0	36.0
14	35.268786258961825	36.0	36.0	36.0	36.0	36.0
15	35.239310941455656	36.0	36.0	36.0	36.0	36.0
16	35.257243038417286	36.0	36.0	36.0	36.0	36.0
17	35.253523187801264	36.0	36.0	36.0	36.0	36.0
18	35.2451744807141	36.0	36.0	36.0	36.0	36.0
19	35.24976576293659	36.0	36.0	36.0	36.0	36.0
20	35.240678413343325	36.0	36.0	36.0	36.0	36.0
21	35.22849833687546	36.0	36.0	36.0	36.0	36.0
22	35.21094504251935	36.0	36.0	36.0	36.0	36.0
23	35.18920048871606	36.0	36.0	36.0	36.0	36.0
24	35.18657651188066	36.0	36.0	36.0	36.0	36.0
25	35.170796782259735	36.0	36.0	36.0	36.0	36.0
26	35.13791500042766	36.0	36.0	36.0	36.0	36.0
27	35.116230294526424	36.0	36.0	36.0	36.0	36.0
28	35.10644895006563	36.0	36.0	36.0	36.0	36.0
29	35.08535775676217	36.0	36.0	36.0	36.0	36.0
30	35.07129104165198	36.0	36.0	36.0	36.0	36.0
31	35.05253853179	36.0	36.0	36.0	36.0	36.0
32	35.02814316240227	36.0	36.0	36.0	36.0	36.0
33	35.012342814602185	36.0	36.0	36.0	36.0	36.0
34	35.00764819065445	36.0	36.0	36.0	36.0	36.0
35	34.991505661345656	36.0	36.0	36.0	36.0	36.0
36	34.99260580950813	36.0	36.0	36.0	36.0	36.0
37	34.98471746589098	36.0	36.0	36.0	36.0	36.0
38	34.96934147683745	36.0	36.0	36.0	36.0	36.0
39	34.959707658821415	36.0	36.0	36.0	36.0	36.0
40	34.9595950752449	36.0	36.0	36.0	36.0	36.0
41	34.93715593373494	36.0	36.0	36.0	36.0	36.0
42	34.92948138867311	36.0	36.0	36.0	36.0	36.0
43	34.915615213874524	36.0	36.0	36.0	36.0	36.0
44	34.895927885490806	36.0	36.0	36.0	36.0	36.0
45	34.88527844164448	36.0	36.0	36.0	36.0	36.0
46	34.865476480065965	36.0	36.0	36.0	36.0	36.0
47	34.85149699142314	36.0	36.0	36.0	36.0	36.0
48	34.82728732015172	36.0	36.0	36.0	36.0	36.0
49	34.81317783651222	36.0	36.0	36.0	36.0	36.0
50	34.78720145709561	36.0	36.0	36.0	36.0	36.0
51	34.773365494505875	36.0	36.0	36.0	36.0	36.0
52	34.75872293764676	36.0	36.0	36.0	36.0	36.0
53	34.72347728912852	36.0	36.0	36.0	36.0	36.0
54	34.70099689092194	36.0	36.0	36.0	32.0	36.0
55	34.679782304946364	36.0	36.0	36.0	32.0	36.0
56	34.659493011263045	36.0	36.0	36.0	32.0	36.0
57	34.634946919763365	36.0	36.0	36.0	32.0	36.0
58	34.61319837248698	36.0	36.0	36.0	32.0	36.0
59	34.57650921401979	36.0	36.0	36.0	32.0	36.0
60	34.55124039516341	36.0	36.0	36.0	32.0	36.0
61	34.53400075342657	36.0	36.0	36.0	32.0	36.0
62	34.505835669059344	36.0	36.0	36.0	32.0	36.0
63	34.46987776785844	36.0	36.0	36.0	32.0	36.0
64	34.444943367904386	36.0	36.0	36.0	32.0	36.0
65	34.415276248298284	36.0	36.0	36.0	32.0	36.0
66	34.387825194193994	36.0	36.0	36.0	32.0	36.0
67	34.37170937924153	36.0	36.0	36.0	32.0	36.0
68	34.32716729504484	36.0	36.0	36.0	32.0	36.0
69	34.29946629855674	36.0	36.0	36.0	32.0	36.0
70	34.27115015488569	36.0	36.0	36.0	32.0	36.0
71	34.23519644944271	36.0	36.0	36.0	32.0	36.0
72	34.21934881523018	36.0	36.0	36.0	32.0	36.0
73	34.194585377197406	36.0	36.0	36.0	32.0	36.0
74	34.16107425660207	36.0	36.0	36.0	32.0	36.0
75	33.36023784357295	36.0	36.0	36.0	27.0	36.0
>>END_MODULE
>>Per sequence quality scores	pass
#Quality	Count
2	9270.0
3	0.0
4	0.0
5	0.0
6	0.0
7	0.0
8	0.0
9	0.0
10	3.0
11	21.0
12	102.0
13	348.0
14	80.0
15	66.0
16	78.0
17	111.0
18	222.0
19	648.0
20	1961.0
21	5095.0
22	10635.0
23	19821.0
24	35306.0
25	61762.0
26	99478.0
27	149185.0
28	212619.0
29	288550.0
30	383104.0
31	508173.0
32	705978.0
33	1126236.0
34	2629135.0
35	1.3685878E7
>>END_MODULE
>>Per base sequence content	fail
#Base	G	A	T	C
1	43.27496775659671	18.68328921826887	11.564761177390961	26.476981847743453
2	16.34798097527202	20.354486502736943	35.70401305522145	27.59351946676959
3	18.60050856742634	21.871681707959432	28.905917535588554	30.621892189025672
4	13.017912738188064	15.322567207398777	35.8856432292315	35.77387682518167
5	14.600602923171085	35.363745160190206	34.606470043682194	15.429181872956516
6	34.32657476852102	35.58281611244796	16.222256964319726	13.8683521547113
7	30.390931409145328	30.006316314083172	20.65799078977515	18.94476148699635
8	26.40729711193628	34.68226581268026	19.907476161999778	19.002960913383685
9	24.50146163573212	15.607740082044327	20.163993295723202	39.726804986500355
10	14.12472875860212	27.471163152877136	35.054112768666066	23.34999531985468
11	34.052978241213935	22.927848721642775	23.766801784427738	19.252371252715548
12	21.815635399364453	24.40051102669841	31.332566609258556	22.45128696467858
13	27.64293075969675	20.846621976506928	26.3860570315231	25.12439023227323
14	20.266449581534783	20.769451022718403	27.521648495239177	31.44245090050764
15	22.541075489865666	29.72260665775139	23.487498742132527	24.248819110250423
16	22.537682698192864	28.962009014486867	25.604480291820238	22.895827995500035
17	21.352870660608158	28.39507653731481	27.71043526857133	22.5416175335057
18	21.83599214940128	28.18446246962611	28.140717540306344	21.838827840666273
19	22.240701390416177	27.60775180834808	27.94969198282038	22.201854818415363
20	22.29001353405995	27.49916610396041	27.957886719225623	22.25293364275402
21	22.135707607671574	27.18883497221421	27.76071174828749	22.91474567182673
22	22.073483113640215	27.11355488772751	28.023173493779368	22.789788504852908
23	22.106581454075354	27.18891199060932	27.849015796778648	22.855490758536675
24	22.162400605975556	26.994631061386748	28.116546099935775	22.72642223270192
25	22.32887122999346	27.025959740689682	27.73295799146326	22.9122110378536
26	21.875085639359746	27.338537997976882	27.934552807701152	22.851823554962223
27	21.853884497154848	27.356973578559295	28.00484399604378	22.784297928242083
28	22.024489686105586	27.185028292755696	28.004183793162245	22.78629822797647
29	21.76215871160489	27.35216526830129	28.13699625606261	22.748679764031206
30	21.927515776802643	27.43345388388147	27.975707987893045	22.663322351422842
31	22.307385831912363	27.465688294964032	27.724833510807024	22.502092362316585
32	21.7638978147205	27.563367353028887	28.090962850865914	22.581771981384698
33	21.86570968960361	27.34982541119083	28.197508346909338	22.58695655229622
34	21.8755014647728	27.125800304524166	28.372793398144896	22.625904832558135
35	21.791793298803285	27.35436879679068	28.201371941784014	22.652465962622024
36	21.938173968627307	27.76074981027413	28.04987716768955	22.25119905340901
37	22.02461534660548	27.508475639325557	27.869521077228864	22.597387936840097
38	21.91883966356215	27.82020580184294	27.867742045025963	22.39321248956895
39	21.970349104682764	27.65280427149116	28.08358518411922	22.293261439706853
40	21.979713851370864	27.4177622906367	28.07429973971637	22.528224118276068
41	22.024665527703736	27.57158800439895	28.06304990616933	22.340696561727988
42	21.914723086010692	27.64455487252414	28.094113944209838	22.34660809725533
43	22.010339922029477	27.44059367586055	28.001180819357547	22.547885582752425
44	21.916948320032365	27.757478118474932	28.000333632313012	22.32523992917969
45	21.94273553416753	27.72116127918328	27.907588771150426	22.42851441549876
46	22.079652045515193	27.72687654956299	27.809415673940148	22.384055730981668
47	21.922608398739893	27.815308579912347	27.983635678581546	22.27844734276621
48	21.836140760726042	27.73064214711368	27.949233339657596	22.48398375250268
49	22.00517279270189	27.576306629650883	28.018894409215033	22.399626168432192
50	21.95555382366873	27.77162339423727	27.945777547459322	22.327045234634678
51	22.04639388133309	27.735385785584842	27.900724092554814	22.317496240527255
52	22.01059071551598	27.703105373848423	27.871272871697105	22.415031038938487
53	21.92545216288873	27.600496566195044	28.033916465471453	22.440134805444774
54	22.05558439136962	27.877196736406457	27.91343135433892	22.153787517885004
55	22.0790655591814	27.6328785869494	27.834398494740626	22.453657359128574
56	22.15707783180874	27.82953669469432	27.741244981846798	22.27214049165015
57	21.957755378666604	27.753586524887435	27.883590665458186	22.40506743098777
58	21.949044121453404	27.600382611525117	27.929371401701047	22.521201865320435
59	21.882009979292068	27.742935462652056	27.96241881273602	22.412635745319854
60	21.998403359131977	27.756903631246	28.000883443938502	22.24380956568352
61	22.18895406880913	27.769502113480627	27.80745534557838	22.23408847213186
62	22.114322808122946	27.857360492085416	27.779369147382425	22.24894755240921
63	22.0960932568945	27.921077926488657	27.777828233468778	22.205000583148063
64	22.147004463147933	27.62034951333414	27.74701009364869	22.485635929869236
65	21.984792239834228	27.72838905362276	27.919759285057278	22.36705942148573
66	22.061458254823286	27.841774433327664	27.716479478102023	22.380287833747026
67	22.109088075982832	27.680832269588805	27.784267450655843	22.42581220377252
68	22.10159847110627	27.949787508677794	27.86438793223944	22.084226087976496
69	22.33619260213819	27.841141205223956	27.76077230742842	22.06189388520943
70	22.39415038654922	27.66151400826328	27.712715397090577	22.231620208096924
71	22.230245548103145	27.94939499603163	27.63547789170299	22.184881564162236
72	22.219843132602797	28.091306016021374	27.858142436258387	21.830708415117446
73	22.881913041228472	28.645966716391737	27.90479818565671	20.567322056723082
74	24.055957574282722	31.040785810208778	28.079136721098504	16.82411989441
75	29.25015043090679	41.23430483676168	29.515544732331527	0.0
>>END_MODULE
>>Per base GC content	fail
#Base	%GC
1	69.75194960434017
2	43.94150044204161
3	49.22240075645201
4	48.79178956336973
5	30.0297847961276
6	48.194926923232316
7	49.33569289614168
8	45.41025802531996
9	64.22826662223248
10	37.4747240784568
11	53.30534949392949
12	44.26692236404303
13	52.76732099196998
14	51.70890048204242
15	46.789894600116085
16	45.433510693692895
17	43.894488194113855
18	43.674819990067554
19	44.44255620883154
20	44.54294717681397
21	45.0504532794983
22	44.86327161849312
23	44.96207221261203
24	44.88882283867748
25	45.24108226784706
26	44.72690919432197
27	44.63818242539693
28	44.810787914082056
29	44.5108384756361
30	44.590838128225485
31	44.80947819422895
32	44.3456697961052
33	44.45266624189983
34	44.50140629733093
35	44.44425926142531
36	44.189373022036314
37	44.62200328344558
38	44.312052153131106
39	44.26361054438962
40	44.50793796964693
41	44.36536208943173
42	44.26133118326602
43	44.5582255047819
44	44.242188249212056
45	44.37124994966629
46	44.46370777649686
47	44.20105574150611
48	44.32012451322872
49	44.404798961134084
50	44.282599058303404
51	44.363890121860344
52	44.42562175445447
53	44.3655869683335
54	44.20937190925463
55	44.53272291830997
56	44.42921832345888
57	44.362822809654375
58	44.47024598677384
59	44.29464572461192
60	44.24221292481549
61	44.42304254094099
62	44.363270360532155
63	44.30109384004257
64	44.63264039301717
65	44.35185166131996
66	44.44174608857031
67	44.53490027975535
68	44.18582455908277
69	44.39808648734761
70	44.62577059464615
71	44.41512711226538
72	44.05055154772024
73	43.44923509795156
74	40.88007746869272
75	29.25015043090679
>>END_MODULE
>>Per sequence GC content	warn
#GC Content	Count
0	9281.0
1	4653.0
2	44.0
3	84.0
4	105.5
5	153.5
6	296.0
7	536.0
8	685.0
9	889.0
10	1599.0
11	2769.5
12	3469.0
13	4742.0
14	7827.0
15	12532.0
16	16192.5
17	22473.0
18	35924.5
19	52907.5
20	64702.0
21	83031.0
22	117213.0
23	155051.0
24	180087.5
25	211717.5
26	265249.5
27	318486.5
28	352882.5
29	392867.0
30	455839.0
31	516183.5
32	555626.0
33	599648.5
34	669287.5
35	734120.0
36	773411.0
37	809325.5
38	847537.0
39	871917.0
40	887093.5
41	887007.5
42	877527.0
43	863742.5
44	856086.5
45	841124.5
46	809827.5
47	779343.5
48	764012.0
49	742981.0
50	707465.5
51	675695.5
52	657487.5
53	645043.0
54	622641.0
55	598497.0
56	583969.5
57	569304.5
58	539614.0
59	501255.0
60	468706.5
61	431816.5
62	384509.5
63	338944.5
64	304135.5
65	275086.5
66	234751.5
67	193164.5
68	164271.0
69	142834.0
70	116568.5
71	90524.5
72	73244.5
73	61452.5
74	48219.5
75	36782.0
76	29555.5
77	24656.0
78	19403.0
79	14688.5
80	11701.5
81	9716.0
82	7446.0
83	5191.0
84	3835.0
85	3190.0
86	2391.0
87	1563.5
88	1189.0
89	985.0
90	698.5
91	462.5
92	336.5
93	293.5
94	222.0
95	156.5
96	123.5
97	106.0
98	70.5
99	72.0
100	92.0
>>END_MODULE
>>Per base N content	pass
#Base	N-Count
1	0.08722844265274196
2	0.046503776362486655
3	0.046503776362486655
4	0.04651882612829976
5	0.046503776362486655
6	0.046503776362486655
7	0.046503776362486655
8	0.046503776362486655
9	0.046503776362486655
10	0.046503776362486655
11	0.046503776362486655
12	0.046503776362486655
13	0.046503776362486655
14	0.046503776362486655
15	0.046503776362486655
16	0.046503776362486655
17	0.046503776362486655
18	0.046503776362486655
19	0.0467897219129356
20	0.04674958920410066
21	0.046619157900387106
22	0.051369867308723116
23	0.04727131441895488
24	0.04830473167145458
25	0.04830473167145458
26	0.05116418717594405
27	0.04925788350628441
28	0.05655701992563911
29	0.05378786301602825
30	0.0556941666856879
31	0.06321904959223915
32	0.06006863194869635
33	0.06981586360698239
34	0.05508214287595506
35	0.06838613585473764
36	0.017613940080779166
37	0.01744713342844657
38	0.022991745370789355
39	0.014212634373826446
40	0.014891669761768464
41	0.02120773047418132
42	0.01752508831583147
43	0.029164616671753067
44	0.02183444815245118
45	0.01444160981521542
46	0.020407434659902312
47	0.018827890873524312
48	0.02168065202553499
49	0.025615237002352124
50	0.04330596119379172
51	0.027323563543511294
52	0.026582241279190556
53	0.029502180001640194
54	0.023199801974206694
55	0.017796537602808415
56	0.022954340652081334
57	0.023249644290628396
58	0.02373035827181193
59	0.03481005065554079
60	0.03255105849970541
61	0.02819976795444072
62	0.02194754209558042
63	0.03072064088519765
64	0.024314151159547208
65	0.021236555945981072
66	0.015942028089698967
67	0.02313044705521141
68	0.015979831829965083
69	0.019431128989474692
70	0.02816527645551403
71	0.05140272456796003
72	0.016734007481258122
73	0.01627237726927076
74	0.016238142416799085
75	0.017026433460975137
>>END_MODULE
>>Sequence Length Distribution	warn
#Length	Count
35	12144.0
36	4409.0
37	5818.0
38	6669.0
39	7795.0
40	8056.0
41	8903.0
42	10103.0
43	11440.0
44	13095.0
45	14425.0
46	14662.0
47	15281.0
48	15966.0
49	16458.0
50	16459.0
51	17202.0
52	17793.0
53	18743.0
54	20459.0
55	21572.0
56	21704.0
57	22700.0
58	22839.0
59	22986.0
60	23470.0
61	23444.0
62	24234.0
63	24893.0
64	27254.0
65	28797.0
66	28388.0
67	30056.0
68	30986.0
69	38503.0
70	51770.0
71	129581.0
72	472005.0
73	1383293.0
74	4257946.0
75	1.2991564E7
>>END_MODULE
>>Sequence Duplication Levels	warn
#Total Duplicate Percentage	35.928158493658586
#Duplication Level	Relative count
1	100.0
2	24.021050684994837
3	10.657872432232512
4	5.6702778505493825
5	3.43113837049822
6	2.1543819636004993
7	1.4925028124085005
8	1.1064708511195698
9	0.7581945107950255
10++	4.812685888644034
>>END_MODULE
>>Overrepresented sequences	pass
>>END_MODULE
>>Kmer Content	warn
#Sequence	Count	Obs/Exp Overall	Obs/Exp Max	Max Obs/Exp Position
AAAAA	8058545	3.8358474	7.5707707	71
TTTTT	7313710	3.316774	6.011895	71
CCTGG	3140615	3.1398308	12.442822	3
CCAGG	2958305	2.9863436	13.608501	3
CCCAG	2848935	2.8629863	12.53015	2
CTGGG	2817285	2.8293226	11.059645	4
CCAGC	2672735	2.6859171	7.1739383	3
CCTCC	2613250	2.5891201	5.0004854	1
GGAGG	2539410	2.586723	5.982979	6
GCTGG	2539695	2.5505466	6.3332887	3
TCCAG	2962085	2.4484203	9.394144	2
CAGCA	2918405	2.4357872	6.8002777	4
CAGCC	2417010	2.428931	6.2232685	5
TGCTG	2903385	2.387525	6.4079413	2
CTCCA	2858960	2.3525367	7.0266333	1
CAGGA	2797380	2.3453376	10.403369	4
GGCTG	2326290	2.3362296	8.69155	7
AGGAG	2755975	2.3210757	7.5585575	5
CTCCT	2801055	2.282678	6.4661317	1
GGCAG	2242575	2.2740707	6.553731	7
CTGGA	2734810	2.2707837	8.553905	4
CCTGC	2270215	2.2594275	6.4367743	3
TCCTG	2748640	2.2500958	8.899239	2
GCAGG	2202805	2.2337422	6.734883	3
GCCTG	2227000	2.226444	8.152966	7
CTGCC	2228550	2.2179604	5.91557	9
CAGAG	2642505	2.2154896	8.286292	4
AGCAG	2639440	2.21292	5.7283897	7
CCCTG	2223355	2.2127903	9.250515	2
CTGCA	2666055	2.2037258	6.589685	4
CTGCT	2685170	2.1981378	6.687307	9
GCTGC	2198620	2.198071	5.825594	8
TGCAG	2609430	2.1666775	6.551569	2
CTCTG	2618025	2.1431715	7.4697394	2
CAGGG	2095470	2.1248996	9.588292	4
TGGAG	2506275	2.0904386	6.328104	5
AGCTG	2489825	2.0673664	6.022973	7
CTGGC	2064760	2.0642445	5.6868396	4
GCCAG	2040305	2.059643	5.7005296	2
CAGGC	2040015	2.0593503	6.5136304	4
GGGAG	1990250	2.0273314	5.541404	7
GGAGA	2386190	2.0096438	5.6197486	6
CCCCA	2004410	2.0052252	7.228553	1
CAGAA	2878255	1.9951706	5.457624	4
CACAG	2387485	1.9926655	7.0929356	7
CTGTG	2376635	1.9543655	9.074324	9
CTCAG	2345060	1.9383956	6.262281	2
CTGAG	2319195	1.9256878	5.9971385	4
TTCTG	2838405	1.9112135	5.040781	2
CCAGA	2261000	1.8870975	7.150125	3
GGCCA	1865145	1.8828226	6.497961	1
TGGGG	1846835	1.863116	6.124939	5
CCTCT	2242875	1.8277975	5.486251	1
TCTGG	2214275	1.8208529	6.3607945	3
CACTG	2181365	1.8030874	7.5508003	7
CAGTG	2167695	1.7998933	6.6546173	9
TGGCC	1791315	1.7908677	6.0132794	5
ACCTG	2156995	1.7829435	5.57193	7
AGAGG	2115305	1.781505	5.2640796	5
GCCCA	1731120	1.739658	8.2175865	1
CCTGA	2092105	1.7293063	5.723929	3
GGCCC	1415090	1.7199818	5.0760684	6
ACAGA	2415560	1.6744361	5.764662	8
GGGCC	1367925	1.6701759	5.6347146	6
GAGAG	1969050	1.6583294	5.432198	7
TCAGG	1996715	1.6579243	5.8717384	3
TGGGC	1644810	1.6518378	6.6706843	5
GGCCT	1640030	1.6396203	5.5337543	6
AGCCT	1937795	1.6017559	5.857145	6
AGGTG	1917805	1.5996065	5.325032	7
CCTGT	1952785	1.5985918	5.6785016	8
AGGCC	1582185	1.597181	5.1884594	5
AGGCT	1788790	1.4852786	5.1498175	6
GCCCT	1476310	1.4692949	6.040536	1
GGGCT	1454645	1.4608603	6.2781672	6
CTGTC	1769185	1.4482929	5.8902793	9
GCTGT	1752030	1.4407374	5.2968287	8
ACAGC	1726180	1.4407209	5.609514	8
GACAG	1718030	1.4404051	7.228487	7
GTGTG	1731945	1.4306635	6.3358703	1
ACACA	2066960	1.4263388	6.137478	6
TGTGT	2084295	1.4097891	5.489686	10
CACAC	1692660	1.4063822	6.595374	5
AGAGC	1657130	1.3893462	5.1319265	5
AGGGC	1366015	1.3851999	5.897188	5
AGACA	1940540	1.3451586	5.5753994	6
ACTGC	1527420	1.2625452	5.379187	8
GGACA	1499455	1.2571507	6.1469393	6
GTCCT	1499570	1.2275802	7.200835	1
GTGCT	1471940	1.2104124	5.6642666	1
AGGAC	1399645	1.1734694	7.6883636	5
GTCCA	1412960	1.1679341	6.575928	1
TGTGC	1402055	1.1529443	5.6984386	10
AGCAC	1370890	1.1441854	5.6168094	5
TGCAC	1301375	1.0756994	5.5621057	5
TGGAC	1291355	1.0722455	6.0090394	5
GTGCA	1285225	1.0671556	5.728093	1
ACAGT	1543555	1.0596625	5.6207914	8
GACTG	1267965	1.0528243	6.4014955	7
ACTGT	1548110	1.0525483	6.4127936	8
GCACT	1249175	1.0325515	5.110155	6
AGACT	1486255	1.0203258	5.713672	6
GGACC	1000080	1.0095587	5.328564	6
GGACT	1144385	0.9502125	5.4081645	6
GTGTA	924885	0.6316668	5.4801817	1
>>END_MODULE
