##FastQC	0.10.1
>>Basic Statistics	pass
#Measure	Value	
Filename	KS26_S5_L004_R2_001.fastq.gz	
File type	Conventional base calls	
Encoding	Sanger / Illumina 1.9	
Total Sequences	20718475	
Filtered Sequences	0	
Sequence length	35-75	
%GC	46	
>>END_MODULE
>>Per base sequence quality	pass
#Base	Mean	Median	Lower Quartile	Upper Quartile	10th Percentile	90th Percentile
1	31.525998559256895	32.0	32.0	32.0	32.0	32.0
2	31.297574604308473	32.0	32.0	32.0	32.0	32.0
3	31.332435760836645	32.0	32.0	32.0	32.0	32.0
4	31.36408567715529	32.0	32.0	32.0	32.0	32.0
5	31.3483063304611	32.0	32.0	32.0	32.0	32.0
6	35.07327575991959	36.0	36.0	36.0	36.0	36.0
7	35.06113220205638	36.0	36.0	36.0	36.0	36.0
8	35.01713296948738	36.0	36.0	36.0	36.0	36.0
9	35.09720783020951	36.0	36.0	36.0	36.0	36.0
10	34.95181488985072	36.0	36.0	36.0	36.0	36.0
11	35.064515221318175	36.0	36.0	36.0	36.0	36.0
12	34.97854576651998	36.0	36.0	36.0	36.0	36.0
13	35.01624255646229	36.0	36.0	36.0	36.0	36.0
14	34.966000586433125	36.0	36.0	36.0	36.0	36.0
15	34.93657332405015	36.0	36.0	36.0	36.0	36.0
16	34.93904787876521	36.0	36.0	36.0	36.0	36.0
17	34.92963902989964	36.0	36.0	36.0	36.0	36.0
18	34.91778000069986	36.0	36.0	36.0	36.0	36.0
19	34.911323058284935	36.0	36.0	36.0	36.0	36.0
20	34.8914110715195	36.0	36.0	36.0	36.0	36.0
21	34.88117040467505	36.0	36.0	36.0	36.0	36.0
22	34.8736750653704	36.0	36.0	36.0	36.0	36.0
23	34.86005519228611	36.0	36.0	36.0	36.0	36.0
24	34.85078921107852	36.0	36.0	36.0	36.0	36.0
25	34.831146790485306	36.0	36.0	36.0	36.0	36.0
26	34.811299142432055	36.0	36.0	36.0	36.0	36.0
27	34.804033598032674	36.0	36.0	36.0	36.0	36.0
28	34.79902077734968	36.0	36.0	36.0	36.0	36.0
29	34.77919002243167	36.0	36.0	36.0	36.0	36.0
30	34.75652657833166	36.0	36.0	36.0	36.0	36.0
31	34.746690236612494	36.0	36.0	36.0	32.0	36.0
32	34.73282174484367	36.0	36.0	36.0	32.0	36.0
33	34.71221516062355	36.0	36.0	36.0	32.0	36.0
34	34.69989031528623	36.0	36.0	36.0	32.0	36.0
35	34.680428699506116	36.0	36.0	36.0	32.0	36.0
36	34.6757864516995	36.0	36.0	36.0	32.0	36.0
37	34.66088560388464	36.0	36.0	36.0	32.0	36.0
38	34.6465710906058	36.0	36.0	36.0	32.0	36.0
39	34.629131879162436	36.0	36.0	36.0	32.0	36.0
40	34.615466181243924	36.0	36.0	36.0	32.0	36.0
41	34.60466746634615	36.0	36.0	36.0	32.0	36.0
42	34.588986073272245	36.0	36.0	36.0	32.0	36.0
43	34.57077622390003	36.0	36.0	36.0	32.0	36.0
44	34.550153955216295	36.0	36.0	36.0	32.0	36.0
45	34.52552367432253	36.0	36.0	36.0	32.0	36.0
46	34.49918874029966	36.0	36.0	36.0	32.0	36.0
47	34.48537231747527	36.0	36.0	36.0	32.0	36.0
48	34.46418145619802	36.0	36.0	36.0	32.0	36.0
49	34.44049435677026	36.0	36.0	36.0	32.0	36.0
50	34.426010398387874	36.0	36.0	36.0	32.0	36.0
51	34.39811829193361	36.0	36.0	36.0	32.0	36.0
52	34.373322013721236	36.0	36.0	36.0	32.0	36.0
53	34.34615942391042	36.0	36.0	36.0	32.0	36.0
54	34.30919342925555	36.0	36.0	36.0	32.0	36.0
55	34.28190193478676	36.0	36.0	36.0	32.0	36.0
56	34.265947980952035	36.0	36.0	36.0	32.0	36.0
57	34.246998673062315	36.0	36.0	36.0	32.0	36.0
58	34.21856291381459	36.0	36.0	36.0	32.0	36.0
59	34.18369702184738	36.0	36.0	36.0	32.0	36.0
60	34.1669553120954	36.0	36.0	36.0	32.0	36.0
61	34.13707153588056	36.0	36.0	36.0	32.0	36.0
62	34.118959564074565	36.0	36.0	36.0	32.0	36.0
63	34.09460963335128	36.0	36.0	36.0	32.0	36.0
64	34.062750589958384	36.0	36.0	36.0	32.0	36.0
65	34.0243228981419	36.0	36.0	36.0	32.0	36.0
66	34.01136223159446	36.0	36.0	36.0	32.0	36.0
67	33.97548758640902	36.0	36.0	36.0	32.0	36.0
68	33.94606601600317	36.0	36.0	36.0	32.0	36.0
69	33.91579929188886	36.0	36.0	36.0	32.0	36.0
70	33.900895836226596	36.0	36.0	36.0	32.0	36.0
71	33.86241853327817	36.0	36.0	36.0	32.0	36.0
72	33.84640879833058	36.0	36.0	36.0	27.0	36.0
73	33.811501702451956	36.0	36.0	36.0	27.0	36.0
74	33.76189020360381	36.0	36.0	36.0	27.0	36.0
75	32.62483453678017	36.0	32.0	36.0	14.0	36.0
>>END_MODULE
>>Per sequence quality scores	pass
#Quality	Count
2	5317.0
3	0.0
4	0.0
5	0.0
6	0.0
7	0.0
8	0.0
9	0.0
10	0.0
11	0.0
12	0.0
13	0.0
14	1323.0
15	4121.0
16	6971.0
17	10342.0
18	13999.0
19	18067.0
20	23833.0
21	32321.0
22	44831.0
23	63073.0
24	89237.0
25	124996.0
26	168866.0
27	222223.0
28	285228.0
29	361679.0
30	456333.0
31	591323.0
32	813040.0
33	1277298.0
34	2853029.0
35	1.3251025E7
>>END_MODULE
>>Per base sequence content	fail
#Base	G	A	T	C
1	45.13150697847135	17.444280134246625	11.287993056981785	26.136219830300238
2	17.256086844877245	19.273776863443135	36.10636361875807	27.363772672921556
3	20.208628294245973	20.746992424887043	28.5078347767524	30.536544504114588
4	13.830971089174989	14.407775920442898	35.74138109499161	36.0198718953905
5	15.462614100097122	34.32136038981777	34.91805147312109	15.297974036964016
6	35.21495370237604	34.46753990868993	16.239768943007146	14.077737445926882
7	31.0509145925503	29.526772305797117	20.29793332334934	19.12437977830324
8	27.193328028492807	34.07758971374621	19.725142829499973	19.003939428261013
9	25.260184854477526	15.537258973257481	19.679823810545933	39.52273236171906
10	14.554651685657976	27.2783705893616	34.60554397354571	23.561433751434716
11	34.69342048180196	22.406172926407457	23.448491050954182	19.45191554083641
12	22.444515703496297	24.005311020173746	30.81350028807775	22.736672988252202
13	28.164068463147917	20.370606934973413	26.00752140257898	25.45780319929969
14	20.77788910797668	20.26915451521202	27.110245574334925	31.842710802476375
15	23.13767412965227	29.025279486594947	23.115634998777107	24.721411384975674
16	23.12805222651225	28.268770025314343	25.193323973099613	23.409853775073795
17	22.008174707111298	27.812905207404874	27.21493265295422	22.963987432529603
18	22.445558518889296	27.53432383415412	27.66301980605758	22.357097840899005
19	22.857745786518887	27.00173001142559	27.429433985875068	22.71109021618046
20	22.843643639468205	26.85735318583482	27.516958061151275	22.7820451135457
21	22.70649893174184	26.576961369193437	27.317152700713237	23.39938699835148
22	22.63742689550285	26.509863923212485	27.57695374119195	23.27575544009272
23	22.68822552311917	26.590310371793617	27.35393125471258	23.367532850374626
24	22.738198588549366	26.386353061179758	27.638856421604086	23.23659192866679
25	22.87659370917752	26.42666077282856	27.25774601825564	23.438999499738284
26	22.456184614629983	26.744444280297575	27.455678173265515	23.343692931806924
27	22.533850222163128	26.772209240136146	27.426590382789527	23.267350154911192
28	22.64206645843188	26.635180400786783	27.434961873027763	23.28779126775357
29	22.399959484690843	26.83232561640287	27.575360551008206	23.192354347898085
30	22.554218917269882	26.88639752566943	27.42053143224225	23.13885212481844
31	22.860536283264963	26.88893697426534	27.225747034807533	23.024779707662155
32	22.344024025694196	26.976987285087095	27.57225141622538	23.106737272993332
33	22.50693979160493	26.809050556173037	27.641994523481163	23.04201512874087
34	22.53181769771659	26.582754788043427	27.764655684082552	23.12077183015743
35	22.42759409260529	26.82142433326681	27.67139129629581	23.07959027783209
36	22.558921713570026	27.153439316935906	27.522101376151664	22.765537593342405
37	22.69753570114593	26.87957094641954	27.2882697466165	23.13462360581803
38	22.544452412094593	27.21625002650383	27.331688381451485	22.907609179950093
39	22.612207062490985	27.05804937863417	27.52137444164709	22.80836911722776
40	22.643294019181415	26.827363886809646	27.49753914059106	23.031802953417877
41	22.59711018102517	27.007091979172888	27.512949272880594	22.882848566921353
42	22.512960850453645	27.076483874909496	27.560517777350206	22.850037497286653
43	22.634283780974155	26.88370549097109	27.430261984309904	23.051748743744845
44	22.542888250479955	27.192213340410774	27.488416759236284	22.77648164987298
45	22.60679434019812	27.091224277859187	27.38786237777938	22.914119004163304
46	22.706134067127408	27.13932470266771	27.252948056559546	22.90159317364533
47	22.547101922123375	27.231711651824593	27.421915010503504	22.799271415548525
48	22.499364499691467	27.163344924341505	27.360320913102363	22.97696966286466
49	22.695806192945476	27.028015511539333	27.400730721234538	22.875447574280656
50	22.607015365362155	27.1938878621995	27.374309899552856	22.82478687288549
51	22.668797579813706	27.220935832722283	27.316675234853733	22.793591352610278
52	22.668880764108852	27.166631122578643	27.286031037165788	22.878457076146724
53	22.542055554110856	27.095935682450655	27.452193250677798	22.90981551276069
54	22.706243802019053	27.362363515256455	27.298776483345666	22.63261619937883
55	22.693120947382546	27.153179078654897	27.226920134899053	22.9267798390635
56	22.774622705871494	27.322892864241506	27.168341820202734	22.73414260968426
57	22.633011411331665	27.216077109144305	27.26852788624835	22.882383593275684
58	22.59238374136595	27.07943253095201	27.302016242346482	23.02616748533556
59	22.52334672807729	27.20861630207661	27.350123947193605	22.917913022652492
60	22.662007591787653	27.238345351137472	27.347756725888157	22.75189033118672
61	22.842867434907273	27.2479013749229	27.17481090997727	22.73442028019256
62	22.7470286908321	27.368783794827795	27.177800390847466	22.706387123492636
63	22.741782179095285	27.395419678950656	27.135131755190706	22.727666386763353
64	22.779083866332826	27.14025997511097	27.09516943561494	22.985486722941264
65	22.622893224449072	27.260885183929307	27.268577335150486	22.847644256471135
66	22.712091330620556	27.33665932926133	27.076865139228403	22.874384200889704
67	22.741757312793293	27.23342669744886	27.13704497869668	22.88777101106117
68	22.76938953285197	27.447402672678418	27.19746749282613	22.58574030164348
69	22.98974593893	27.394155879358244	27.07365591133371	22.542442270378046
70	23.039040258628162	27.186032947863215	27.033657084944824	22.741269708563795
71	22.88250940099067	27.470871972002136	26.96298253029902	22.683636096708174
72	22.882967575107514	27.587785770533994	27.205934595095	22.323312059263486
73	23.57871447463401	28.18246033330805	27.23014498317155	21.00868020888639
74	24.806233832610584	30.55449772933909	27.281993166470514	17.35727527157981
75	30.29164409714415	41.07380884567175	28.6345470571841	0.0
>>END_MODULE
>>Per base GC content	fail
#Base	%GC
1	71.2677268087716
2	44.6198595177988
3	50.745172798360564
4	49.850842984565496
5	30.76058813706114
6	49.29269114830293
7	50.17529437085354
8	46.19726745675381
9	64.7829172161966
10	38.11608543709269
11	54.14533602263837
12	45.1811886917485
13	53.6218716624476
14	52.62059991045306
15	47.85908551462795
16	46.537906001586045
17	44.9721621396409
18	44.80265635978831
19	45.56883600269935
20	45.625688753013904
21	46.10588593009333
22	45.913182335595565
23	46.055758373493795
24	45.97479051721616
25	46.3155932089158
26	45.7998775464369
27	45.801200377074316
28	45.92985772618545
29	45.59231383258893
30	45.69307104208832
31	45.885315990927126
32	45.45076129868753
33	45.5489549203458
34	45.65258952787402
35	45.50718437043738
36	45.32445930691243
37	45.832159306963966
38	45.45206159204469
39	45.42057617971874
40	45.67509697259929
41	45.47995874794652
42	45.362998347740294
43	45.686032524719
44	45.31936990035294
45	45.52091334436143
46	45.607727240772746
47	45.3463733376719
48	45.47633416255613
49	45.571253767226125
50	45.43180223824764
51	45.462388932423984
52	45.54733784025557
53	45.45187106687155
54	45.338860001397876
55	45.61990078644605
56	45.508765315555756
57	45.51539500460734
58	45.61855122670151
59	45.441259750729785
60	45.41389792297437
61	45.57728771509983
62	45.453415814324735
63	45.46944856585864
64	45.764570589274086
65	45.47053748092021
66	45.58647553151026
67	45.629528323854466
68	45.35512983449545
69	45.532188209308046
70	45.78030996719196
71	45.56614549769885
72	45.206279634371
73	44.5873946835204
74	42.16350910419039
75	30.29164409714415
>>END_MODULE
>>Per sequence GC content	warn
#GC Content	Count
0	5332.0
1	2696.0
2	83.5
3	145.0
4	183.0
5	230.0
6	328.0
7	522.5
8	667.0
9	797.5
10	1215.5
11	1969.5
12	2445.5
13	3103.5
14	4789.5
15	7597.0
16	9926.0
17	14077.5
18	23231.0
19	35491.0
20	44229.5
21	58591.0
22	85794.5
23	116686.5
24	137805.5
25	165672.0
26	213467.0
27	262729.0
28	295744.5
29	336003.0
30	400712.5
31	464747.5
32	506768.0
33	552961.0
34	630575.5
35	704901.0
36	748556.5
37	791514.0
38	841319.0
39	876816.0
40	901191.5
41	913315.0
42	918428.0
43	917599.0
44	919331.0
45	913956.0
46	893088.5
47	866833.0
48	853399.0
49	834185.5
50	798928.5
51	767189.0
52	749539.5
53	734542.5
54	707052.5
55	677314.0
56	660188.0
57	642969.5
58	606020.5
59	559567.0
60	521639.5
61	480490.5
62	427967.5
63	375254.5
64	334439.5
65	301367.5
66	256198.0
67	210487.0
68	178661.0
69	154786.0
70	126281.0
71	98457.5
72	79864.5
73	67623.0
74	53856.5
75	41493.0
76	33713.0
77	28259.0
78	22335.5
79	17161.0
80	13946.5
81	11794.0
82	9174.5
83	6571.5
84	5115.5
85	4363.0
86	3347.5
87	2438.5
88	2074.0
89	1855.0
90	1533.0
91	1317.0
92	1234.5
93	1217.5
94	1125.5
95	1046.0
96	1041.5
97	1073.5
98	1310.5
99	7627.0
100	13739.0
>>END_MODULE
>>Per base N content	pass
#Base	N-Count
1	0.07281906607508516
2	0.05899082823422091
3	0.052750021418082174
4	0.026078174189944
5	0.02612161368054357
6	0.025663085724214742
7	0.025663085724214742
8	0.025663085724214742
9	0.025663085724214742
10	0.025663085724214742
11	0.025663085724214742
12	0.025663085724214742
13	0.025663085724214742
14	0.025663085724214742
15	0.025663085724214742
16	0.025663085724214742
17	0.025663085724214742
18	0.025663085724214742
19	0.025663085724214742
20	0.025663085724214742
21	0.025663085724214742
22	0.025663085724214742
23	0.025663085724214742
24	0.025663085724214742
25	0.025663085724214742
26	0.025663085724214742
27	0.025663085724214742
28	0.025663085724214742
29	0.025663085724214742
30	0.025663085724214742
31	0.025663085724214742
32	0.025663085724214742
33	0.025663085724214742
34	0.025663085724214742
35	0.025663085724214742
36	0.0
37	0.0
38	0.0
39	0.0
40	0.0
41	0.0
42	0.0
43	0.0
44	0.0
45	0.0
46	0.0
47	0.0
48	0.0
49	0.0
50	0.0
51	0.0
52	0.0
53	0.0
54	0.0
55	0.0
56	0.0
57	0.0
58	0.0
59	0.0
60	0.0
61	0.0
62	0.0
63	0.0
64	0.0
65	0.0
66	0.0
67	0.0
68	0.0
69	0.0
70	0.0
71	0.0
72	0.0
73	0.0
74	0.0
75	0.0
>>END_MODULE
>>Sequence Length Distribution	warn
#Length	Count
35	7095.0
36	2731.0
37	4092.0
38	4835.0
39	5732.0
40	6535.0
41	7292.0
42	8009.0
43	9327.0
44	10726.0
45	11978.0
46	12727.0
47	13716.0
48	14306.0
49	15414.0
50	15626.0
51	16393.0
52	17079.0
53	18100.0
54	19361.0
55	20671.0
56	21361.0
57	22607.0
58	23264.0
59	24049.0
60	24380.0
61	24747.0
62	25737.0
63	26951.0
64	29222.0
65	31096.0
66	30690.0
67	32999.0
68	34820.0
69	42230.0
70	56762.0
71	138224.0
72	506721.0
73	1443141.0
74	4529160.0
75	1.3408569E7
>>END_MODULE
>>Sequence Duplication Levels	warn
#Total Duplicate Percentage	35.50150327763813
#Duplication Level	Relative count
1	100.0
2	23.0404780645112
3	10.332337365601669
4	5.504313737477171
5	3.3203169775563386
6	2.0922964061103
7	1.52146170363974
8	1.0354498284439213
9	0.7947363996912755
10++	5.192532534521362
>>END_MODULE
>>Overrepresented sequences	pass
>>END_MODULE
>>Kmer Content	warn
#Sequence	Count	Obs/Exp Overall	Obs/Exp Max	Max Obs/Exp Position
AAAAA	6686915	3.4112904	7.3741446	71
CCTGG	3339115	2.9698043	11.894249	3
CCAGG	3172720	2.858955	12.192127	3
CCCAG	3023510	2.7448885	11.173753	2
CTGGG	3002740	2.6507967	10.774569	4
CCAGC	2827755	2.5671728	6.3088493	3
CAGCA	3212020	2.5200083	6.889122	4
GCTGG	2816135	2.486063	6.9876785	3
GGAGG	2788665	2.4756904	5.6229706	6
TGCTG	3262555	2.4750597	7.7156057	2
TCCAG	3116760	2.413504	8.769799	2
CAGGA	2991235	2.3293595	10.029088	4
CTCCA	2968750	2.3160934	6.311704	1
CAGCC	2541945	2.3077004	5.328531	9
CTCCT	2988915	2.3015313	6.1132274	1
CTGGA	2981240	2.2914155	8.881183	4
AGGAG	2960580	2.2883635	7.1339297	5
CTGCT	2988215	2.2839017	6.5785475	9
GGCTG	2566600	2.2657754	8.254944	7
TCCTG	2958760	2.261389	8.909011	2
AGCAG	2884245	2.2460434	5.5398054	7
GCTGC	2497125	2.2209394	5.6164837	8
CCTGC	2468875	2.2122455	6.199598	3
GGCAG	2464210	2.2040198	6.224416	7
CTGCA	2845620	2.2035432	6.7502985	4
CTGCC	2450600	2.1958702	5.5725875	9
GCAGG	2434995	2.1778896	6.8523383	3
TGCAG	2818090	2.1660166	7.176967	2
CCCTG	2410515	2.159952	9.164766	2
CAGAG	2768950	2.1562598	7.6397567	4
CTCTG	2808795	2.1467705	7.552041	2
GCCTG	2362560	2.1012576	6.6084886	7
TGGAG	2751345	2.0990083	6.567063	5
CAGGG	2313130	2.068892	9.338436	4
AGCTG	2687450	2.0656052	5.794663	7
CAGAA	2982925	2.0224442	5.4825125	4
CACAG	2568405	2.0150568	7.165277	7
CTGGC	2259520	2.0096138	5.553039	4
GCCAG	2225675	2.0055673	5.1598496	2
CCCCA	2190525	2.003546	6.654143	1
CAGGC	2211860	1.9931188	5.897661	4
GGAGA	2571015	1.9872515	5.6057806	6
CTGTG	2617400	1.985628	9.02697	9
CTCAG	2538505	1.9657245	6.231066	2
GGGAG	2199340	1.9525058	5.4297175	7
TTCTG	2958645	1.9288116	5.340558	2
CTGAG	2503205	1.9239923	5.993776	4
CCAGA	2406180	1.8877822	6.685784	3
CCTCT	2410515	1.8561505	5.6715803	1
GGCCA	2048180	1.8456258	6.196279	1
TGGGG	2080705	1.8231878	6.3598413	5
TCTGG	2391360	1.8141482	6.4757075	3
CACTG	2316775	1.7940251	7.513388	7
CAGTG	2309890	1.7754081	6.6812663	9
ACCTG	2287135	1.771073	5.404414	7
AGAGG	2286640	1.7674456	5.2536044	5
TGGCC	1955480	1.7392012	5.5411873	5
CCTGA	2228770	1.7258773	5.5812874	3
ACAGA	2469980	1.6746638	5.8948603	8
GCCCA	1839490	1.6699779	6.9769626	1
TCAGG	2160565	1.6606352	5.8506055	3
GAGAG	2144580	1.6576409	5.31904	7
CCTGT	2089135	1.5967323	5.501917	8
GGCCT	1780720	1.5837698	5.03015	1
GGGCC	1524570	1.5778825	5.2227316	6
AGGTG	2066645	1.5766488	5.2504716	7
TGGGC	1767225	1.5600932	6.404961	5
GTGTG	2048130	1.5422243	7.9372935	1
ACACA	2254120	1.5397458	6.42522	6
TGTGT	2362980	1.5290415	5.960468	10
CACAC	1884060	1.4892112	6.5868344	5
GCTGT	1928030	1.462654	5.2706885	8
ACAGC	1862775	1.4614506	5.6757135	8
CCTTG	1905230	1.4561731	5.0128407	2
CTGTC	1899445	1.4517515	5.8344016	9
GCCCT	1607905	1.4407698	6.041691	1
GGGCT	1620165	1.4302697	6.071566	6
GACAG	1825485	1.421557	7.0381994	7
AGACA	2048985	1.3892262	5.440935	6
AGGGC	1505500	1.3465377	5.691685	5
GGACA	1645785	1.2816194	6.1426516	6
GTCCT	1634100	1.2489476	7.725212	1
ACTGC	1601900	1.2404523	5.2027855	8
GTGCT	1618750	1.228026	6.5582733	1
GTCCA	1538005	1.1909746	6.839382	1
AGGAC	1510170	1.1760122	7.419787	5
TGTGC	1543615	1.1710268	5.687788	10
AGCAC	1488170	1.1675521	5.514019	5
GTCTT	1767535	1.1522986	5.351868	1
GTGCA	1408765	1.0827931	6.2260966	1
TGGAC	1406495	1.0810483	6.0833254	5
ACAGT	1613905	1.0800232	5.723191	8
ACTGT	1619855	1.0699222	6.45258	8
TGCAC	1357170	1.0509425	5.5142016	5
GACTG	1366470	1.0502846	6.0991635	7
GGACC	1093765	0.98559743	5.0032344	6
ACACT	1439620	0.97060114	5.0963798	6
GGACT	1230800	0.9460071	5.330918	6
GTGTA	994070	0.6517113	5.8512583	1
>>END_MODULE
