##FastQC	0.10.1
>>Basic Statistics	pass
#Measure	Value	
Filename	029-F0_S5_L001_R2_001.fastq.gz	
File type	Conventional base calls	
Encoding	Sanger / Illumina 1.9	
Total Sequences	21505603	
Filtered Sequences	0	
Sequence length	35-76	
%GC	45	
>>END_MODULE
>>Per base sequence quality	pass
#Base	Mean	Median	Lower Quartile	Upper Quartile	10th Percentile	90th Percentile
1	31.348574276201415	32.0	32.0	32.0	32.0	32.0
2	31.151315031715225	32.0	32.0	32.0	32.0	32.0
3	31.20510408380551	32.0	32.0	32.0	32.0	32.0
4	31.241890822591674	32.0	32.0	32.0	32.0	32.0
5	31.199908089068696	32.0	32.0	32.0	32.0	32.0
6	34.884284853579786	36.0	36.0	36.0	36.0	36.0
7	34.867295885635016	36.0	36.0	36.0	36.0	36.0
8	34.77890036377961	36.0	36.0	36.0	32.0	36.0
9	34.91789297886695	36.0	36.0	36.0	36.0	36.0
10-14	34.80349201089596	36.0	36.0	36.0	34.4	36.0
15-19	34.70328611571598	36.0	36.0	36.0	32.0	36.0
20-24	34.62741134019818	36.0	36.0	36.0	32.0	36.0
25-29	34.54452469898193	36.0	36.0	36.0	32.0	36.0
30-34	34.4564327910266	36.0	36.0	36.0	32.0	36.0
35-39	34.424195905434296	36.0	36.0	36.0	32.0	36.0
40-44	34.335002263111434	36.0	36.0	36.0	32.0	36.0
45-49	34.19262036423085	36.0	36.0	36.0	32.0	36.0
50-54	34.02223419645458	36.0	36.0	36.0	32.0	36.0
55-59	33.84458388327318	36.0	36.0	36.0	31.0	36.0
60-64	33.703798452528225	36.0	36.0	36.0	27.0	36.0
65-69	33.583953115072276	36.0	36.0	36.0	27.0	36.0
70-74	33.44768613320389	36.0	36.0	36.0	27.0	36.0
75-76	32.481701487054025	36.0	34.0	36.0	20.5	36.0
>>END_MODULE
>>Per sequence quality scores	pass
#Quality	Count
2	54187.0
3	154.0
4	2628.0
5	3828.0
6	1667.0
7	826.0
8	317.0
9	228.0
10	153.0
11	135.0
12	187.0
13	248.0
14	2133.0
15	7227.0
16	9930.0
17	11360.0
18	14166.0
19	18557.0
20	25650.0
21	37077.0
22	53906.0
23	77495.0
24	110810.0
25	156692.0
26	212377.0
27	278352.0
28	356846.0
29	449566.0
30	566725.0
31	727981.0
32	988782.0
33	1531293.0
34	3305823.0
35	1.2498297E7
>>END_MODULE
>>Per base sequence content	fail
#Base	G	A	T	C
1	43.22701330658533	18.421267843583973	12.405363533757708	25.946355316072996
2	16.353515022514756	18.949499653960185	38.49334310862757	26.203642214897492
3	20.03544657537517	21.191996936890696	28.295281013795183	30.477275473938953
4	13.510455052945385	14.811352199278833	36.334463798315724	35.34372894946006
5	15.288667783114294	34.53537144384052	34.97173980293661	15.204220970108578
6	34.283603454881856	35.0189305816826	16.678132188822957	14.019333774612589
7	30.208937196885266	29.321541860934452	20.949051946169625	19.52046899601066
8	26.062964284295614	35.60526829624903	19.965047608692853	18.366719810762508
9	24.928475682664715	16.20908854280086	20.342474574908625	38.5199611996258
10-14	24.150247156062427	23.213483541188314	28.4382163012327	24.19805300151656
15-19	22.55466018259322	28.20890721298099	26.378817087160012	22.85761551726578
20-24	22.60859525023895	26.91982561882682	27.653088183966627	22.8184909469676
25-29	22.46163961875484	27.04213798360291	27.514060151592943	22.982162246049306
30-34	22.480344663378297	27.075275760053653	27.6563288091286	22.78805076743945
35-39	22.524503762130657	27.298286773409625	27.493066817064456	22.684142647395266
40-44	22.615251690803394	27.211626336045097	27.563047978313506	22.610073994838004
45-49	22.60956219577614	27.33771193792038	27.34289941235347	22.709826453950008
50-54	22.559697586936807	27.499880436601533	27.35410339950302	22.586318576958643
55-59	22.617689703873353	27.39690342954304	27.20819314468994	22.77721372189367
60-64	22.71786607122701	27.425430819433494	27.259547396788626	22.59715571255087
65-69	22.789611715436735	27.621573354900004	27.120845006154877	22.46796992350838
70-74	23.069762506605628	27.839751587921658	27.103678437731503	21.98680746774121
75-76	27.017641575994585	35.105361940194925	28.102753737359027	9.774242746451467
>>END_MODULE
>>Per base GC content	fail
#Base	%GC
1	69.17336862265832
2	42.55715723741225
3	50.51272204931412
4	48.85418400240545
5	30.492888753222868
6	48.30293722949444
7	49.72940619289592
8	44.42968409505812
9	63.448436882290515
10-14	48.34830015757898
15-19	45.412275699859
20-24	45.42708619720655
25-29	45.44380186480415
30-34	45.26839543081775
35-39	45.20864640952592
40-44	45.2253256856414
45-49	45.31938864972615
50-54	45.14601616389545
55-59	45.394903425767026
60-64	45.31502178377788
65-69	45.25758163894512
70-74	45.05656997434684
75-76	36.79188432244605
>>END_MODULE
>>Per sequence GC content	warn
#GC Content	Count
0	54323.0
1	27461.0
2	984.5
3	1757.5
4	2153.5
5	2344.0
6	2517.5
7	2348.5
8	2218.5
9	2333.0
10	2800.0
11	3795.0
12	4470.5
13	5496.5
14	8075.0
15	12071.5
16	18233.5
17	23114.5
18	30664.5
19	45460.5
20	63784.5
21	76894.5
22	96309.0
23	130632.0
24	166782.0
25	191195.5
26	222730.0
27	274534.5
28	326424.5
29	362468.5
30	407011.5
31	475838.5
32	543962.5
33	591599.5
34	653166.0
35	743489.5
36	819632.0
37	865637.5
38	899893.5
39	932167.5
40	940809.0
41	939651.0
42	947031.0
43	953828.5
44	947063.5
45	932156.5
46	924697.5
47	913086.0
48	889211.5
49	861259.0
50	841333.5
51	819555.5
52	787997.0
53	757701.5
54	739435.0
55	718681.0
56	687211.0
57	656052.0
58	627948.5
59	589257.0
60	536819.0
61	480679.5
62	435756.5
63	392177.5
64	336705.0
65	287415.5
66	239200.0
67	205227.0
68	178196.5
69	145293.0
70	114191.0
71	92951.0
72	77763.5
73	61319.0
74	46891.5
75	37660.5
76	31696.0
77	25375.0
78	19377.5
79	15490.0
80	13198.5
81	10579.0
82	7810.0
83	6159.0
84	5280.5
85	4290.5
86	3352.0
87	2756.5
88	2393.0
89	2066.0
90	1772.0
91	1575.5
92	1526.5
93	1435.0
94	1314.5
95	1236.0
96	1194.5
97	1200.5
98	1329.0
99	12114.0
100	22777.0
>>END_MODULE
>>Per base N content	pass
#Base	N-Count
1	0.4969635122530626
2	0.36005965515126453
3	0.27023190189087
4	0.25227379116037807
5	0.25217149223855756
6	0.2526504371907172
7	0.2566121954357662
8	0.2650425565839749
9	0.28108488750582816
10-14	0.2989546491674751
15-19	0.3118405933560663
20-24	0.31753957329166727
25-29	0.3140297902830253
30-34	0.3186341717551468
35-39	0.12721495771620053
40-44	0.07148408434636626
45-49	0.06684340766752504
50-54	0.07400532572994781
55-59	0.07476464686071775
60-64	0.06991285080815134
65-69	0.058190672023642094
70-74	0.05896384248499012
75-76	0.07090006773993922
>>END_MODULE
>>Sequence Length Distribution	warn
#Length	Count
35	68734.0
36	20695.0
37	27201.0
38	28904.0
39	30958.0
40	30811.0
41	32297.0
42	34150.0
43	36950.0
44	38696.0
45	42625.0
46	43498.0
47	44981.0
48	46856.0
49	48299.0
50	47680.0
51	48556.0
52	49183.0
53	50861.0
54	53468.0
55	55546.0
56	57243.0
57	58453.0
58	59494.0
59	60402.0
60	61662.0
61	60412.0
62	60461.0
63	61772.0
64	64896.0
65	66125.0
66	68381.0
67	70145.0
68	68912.0
69	75023.0
70	77735.0
71	92837.0
72	173575.0
73	516126.0
74	1395388.0
75	4382847.0
76	1.3092765E7
>>END_MODULE
>>Sequence Duplication Levels	warn
#Total Duplicate Percentage	31.804393921545525
#Duplication Level	Relative count
1	100.0
2	20.72492244798077
3	8.349707425560858
4	4.286773332181749
5	2.389537854742009
6	1.5308876557338111
7	1.0263496930307545
8	0.72693772087031
9	0.5707540719308474
10++	4.342193336644139
>>END_MODULE
>>Overrepresented sequences	warn
#Sequence	Count	Percentage	Possible Source
NNNNNNNNNNNNNNNNNNNNNNNNNNNNNNNNNNN	54185	0.2519575944929328	No Hit
GGGGGGGGGGGGGGGGGGGGGGGGGGGGGGGGGGGGGGGGGGGGGGGGGG	22691	0.10551203795587598	No Hit
>>END_MODULE
>>Kmer Content	warn
#Sequence	Count	Obs/Exp Overall	Obs/Exp Max	Max Obs/Exp Position
GGGGG	3691575	3.7570875	6.805617	72
AAAAA	7982050	3.7404473	7.5996757	72
TTTTT	7167770	3.2372816	5.6402116	72
CCTGG	3355145	2.9825938	11.702226	3
CCAGG	3214280	2.8785188	11.934464	3
CCCAG	3050360	2.7691238	10.255269	2
CTGGG	3022250	2.650375	9.725995	4
CAGCA	3399840	2.6072204	7.2262745	4
CCAGC	2835560	2.5741277	6.4727874	3
TGCTG	3418560	2.5483053	7.5009313	2
GGAGG	2851835	2.4854093	5.671985	6
GCTGG	2777485	2.4357271	6.0380116	3
TCCAG	3157020	2.4032228	9.668273	2
CAGCC	2564900	2.3284223	5.337264	9
CTCCT	3016630	2.3106925	6.951227	1
CTCCA	2993400	2.3098693	7.116022	1
CTGCT	3045685	2.3014376	6.3724856	9
CAGGA	3022685	2.2866845	9.760414	4
AGGAG	3056620	2.2811239	6.8557024	5
AGCAG	3013475	2.279717	5.2128463	7
CTGGA	2985865	2.2422342	8.876159	4
GCTGC	2519335	2.2395914	5.3243976	8
TCCTG	2962020	2.2382169	9.551319	2
GGCTG	2550815	2.236948	7.6344647	7
CAGAG	2903050	2.1961796	7.1318383	4
CCTGC	2431465	2.1910725	6.269577	3
CCCTG	2423860	2.1842196	8.565676	2
CTGCC	2420745	2.1814125	5.600356	9
GGCAG	2469205	2.1814065	5.69746	7
CTCTG	2878350	2.1749928	7.2887826	2
GCAGG	2433015	2.1494346	6.247323	3
CTGCA	2821570	2.1478677	6.580066	4
CACAG	2752805	2.1110315	7.6701746	7
TGCAG	2807970	2.108644	6.66261	2
GCCTG	2362165	2.099873	6.3042607	7
CAGGG	2353830	2.0794792	8.501449	4
CTGTG	2780335	2.0725517	9.071297	9
TGGAG	2772115	2.0536013	6.3557463	5
CCCCA	2199070	2.023654	6.255205	1
AGCTG	2661330	1.9985249	5.511095	7
CAGGC	2223570	1.9912977	5.585868	4
CTGGC	2215105	1.9691427	5.0600123	4
CTCAG	2578550	1.9628733	5.8918905	2
GGAGA	2617220	1.9532042	5.4420285	6
CAGAA	3000125	1.9435092	5.2345967	4
CTGAG	2562760	1.9245038	5.573048	4
CCTCT	2436620	1.8664137	5.388085	1
TTCTG	2945070	1.8661015	5.3092914	2
CAGTG	2480230	1.8625278	6.5712333	9
CACTG	2422790	1.844304	7.7331195	7
CCAGA	2403880	1.8434528	6.291291	3
TGGGG	2116615	1.8311033	5.456754	5
GTGTG	2461510	1.8101056	8.324709	1
GGCCA	2013790	1.8034312	5.367635	1
TCTGG	2378600	1.7730855	6.092565	3
ACACA	2688660	1.7655869	6.9345336	6
CACAC	2248360	1.7477973	6.9851837	5
GAGAG	2325670	1.7356234	5.489399	7
TGTGT	2767145	1.7296795	6.7773533	10
TGGCC	1944315	1.7284209	5.004725	5
ACAGA	2645495	1.7137766	6.1396656	8
CCTGA	2234600	1.7010478	5.4481654	3
GCCCA	1842730	1.6728345	6.2761235	1
TCAGG	2179105	1.6363982	5.523159	3
CCTGT	2140335	1.6173198	5.2828593	8
TGGGC	1785460	1.5657667	5.7557983	5
ACAGC	1986475	1.5233593	5.9349866	8
GCTGT	2019690	1.5055424	5.4053526	8
CTGTC	1968960	1.4878224	5.8850136	9
GACAG	1909655	1.4446688	6.9854045	7
GCCCT	1592100	1.4346935	5.363648	1
GGGCT	1611675	1.4133651	5.4484615	6
AGACA	2150960	1.3934121	5.3669267	6
GTCCT	1790225	1.3527633	9.910212	1
AGGGC	1529645	1.351357	5.0726357	5
GGACA	1730055	1.3088	6.260862	6
GCACA	1689875	1.295907	5.0233083	6
GTGCT	1728620	1.2885693	6.660175	1
TGTGC	1711260	1.2756287	6.4671893	10
AGGAC	1679105	1.2702559	9.288445	5
AGCAC	1613755	1.2375333	5.8104296	5
ACTGC	1621095	1.2340285	5.2515464	8
GTCCA	1580945	1.203465	6.96959	1
GTCTT	1784700	1.1308496	5.47472	1
GTGCA	1493920	1.1218587	5.897147	1
ACAGT	1741695	1.1199969	5.836203	8
TGGAC	1468230	1.1025667	5.927535	5
ACTGT	1720440	1.0982007	6.574056	8
TGCAC	1437995	1.094647	5.4231796	5
GACTG	1401135	1.0521818	5.980794	7
ACACT	1571715	1.0245293	5.2532387	6
GGACC	1131280	1.0131074	5.5298696	6
CTACA	1513480	0.9865686	5.800652	4
TGTAG	1529410	0.96307516	5.998376	2
GGACT	1258145	0.94480354	5.195827	6
TCCTA	1300820	0.8417154	6.137768	2
TAGGA	1313320	0.8331234	6.091913	4
GTGTA	1151945	0.72538406	6.164418	1
TACAC	1077675	0.70248723	5.290477	5
>>END_MODULE
