##FastQC	0.10.1
>>Basic Statistics	pass
#Measure	Value	
Filename	006-F0_S6_L002_R2_001_trimmed.fq.gz	
File type	Conventional base calls	
Encoding	Sanger / Illumina 1.9	
Total Sequences	21864626	
Filtered Sequences	0	
Sequence length	20-51	
%GC	46	
>>END_MODULE
>>Per base sequence quality	pass
#Base	Mean	Median	Lower Quartile	Upper Quartile	10th Percentile	90th Percentile
1	34.6579126942304	36.0	36.0	36.0	32.0	36.0
2	34.63996173545342	36.0	36.0	36.0	32.0	36.0
3	34.62402357122413	36.0	36.0	36.0	32.0	36.0
4	34.61105239120029	36.0	36.0	36.0	32.0	36.0
5	34.59349412150933	36.0	36.0	36.0	32.0	36.0
6	34.57471758263782	36.0	36.0	36.0	32.0	36.0
7	34.557064913893335	36.0	36.0	36.0	32.0	36.0
8	34.54886925575585	36.0	36.0	36.0	32.0	36.0
9	34.53379262009787	36.0	36.0	36.0	32.0	36.0
10	34.51282098308016	36.0	36.0	36.0	32.0	36.0
11	34.50403606263377	36.0	36.0	36.0	32.0	36.0
12	34.47799957794842	36.0	36.0	36.0	32.0	36.0
13	34.471145264501665	36.0	36.0	36.0	32.0	36.0
14	34.45608747206561	36.0	36.0	36.0	32.0	36.0
15	34.430801514738924	36.0	36.0	36.0	32.0	36.0
16	34.402682808295005	36.0	36.0	36.0	32.0	36.0
17	34.388297654851264	36.0	36.0	36.0	32.0	36.0
18	34.375189358372744	36.0	36.0	36.0	32.0	36.0
19	34.35523873127306	36.0	36.0	36.0	32.0	36.0
20	34.339008497103954	36.0	36.0	36.0	32.0	36.0
21	34.31495670302512	36.0	36.0	36.0	32.0	36.0
22	34.30337985772666	36.0	36.0	36.0	32.0	36.0
23	34.2789846884499	36.0	36.0	36.0	32.0	36.0
24	34.23957047874992	36.0	36.0	36.0	32.0	36.0
25	34.22152715285132	36.0	36.0	36.0	32.0	36.0
26	34.189891297011485	36.0	36.0	36.0	32.0	36.0
27	34.180734714461195	36.0	36.0	36.0	32.0	36.0
28	34.144816345493105	36.0	36.0	36.0	32.0	36.0
29	34.115075602999575	36.0	36.0	36.0	32.0	36.0
30	34.09718287976853	36.0	36.0	36.0	32.0	36.0
31	34.064023018569834	36.0	36.0	36.0	32.0	36.0
32	34.03286947451295	36.0	36.0	36.0	32.0	36.0
33	34.00575776554848	36.0	36.0	36.0	32.0	36.0
34	33.94809028759156	36.0	36.0	36.0	32.0	36.0
35	33.93816400046666	36.0	36.0	36.0	32.0	36.0
36	33.911926702806305	36.0	36.0	36.0	32.0	36.0
37	33.88944380820052	36.0	36.0	36.0	32.0	36.0
38	33.840111217711694	36.0	36.0	36.0	32.0	36.0
39	33.81835498594277	36.0	36.0	36.0	32.0	36.0
40	33.78735233302058	36.0	36.0	36.0	27.0	36.0
41	33.76889679892814	36.0	36.0	36.0	27.0	36.0
42	33.74328624224519	36.0	36.0	36.0	27.0	36.0
43	33.722001015954646	36.0	36.0	36.0	27.0	36.0
44	33.718252741450215	36.0	36.0	36.0	27.0	36.0
45	33.71121114859008	36.0	36.0	36.0	27.0	36.0
46	33.70003112473219	36.0	36.0	36.0	27.0	36.0
47	33.69030801145399	36.0	36.0	36.0	27.0	36.0
48	33.71307912437606	36.0	36.0	36.0	27.0	36.0
49	33.751797189112295	36.0	36.0	36.0	27.0	36.0
50	33.85294329217279	36.0	36.0	36.0	27.0	36.0
51	34.007947536229175	36.0	36.0	36.0	32.0	36.0
>>END_MODULE
>>Per sequence quality scores	pass
#Quality	Count
2	33.0
3	17.0
4	24.0
5	22.0
6	32.0
7	39.0
8	85.0
9	119.0
10	173.0
11	214.0
12	267.0
13	253.0
14	1615.0
15	3323.0
16	6735.0
17	12786.0
18	20506.0
19	30081.0
20	42424.0
21	57650.0
22	77140.0
23	103881.0
24	139138.0
25	183161.0
26	235938.0
27	297557.0
28	372415.0
29	459916.0
30	573515.0
31	725652.0
32	969064.0
33	1421274.0
34	2652981.0
35	9533444.0
36	3943152.0
>>END_MODULE
>>Per base sequence content	pass
#Base	G	A	T	C
1	22.866488639443826	26.511297343121633	27.12072695557257	23.501487061861976
2	22.801280433954112	26.555556917598228	27.37465939531038	23.268503253137276
3	22.714629641759725	26.62132019428269	27.32346428593646	23.340585878021123
4	22.97438756533112	26.36002818542511	27.52660635332125	23.13897789592252
5	23.148539989600497	26.431697186389314	27.056737666508223	23.36302515750197
6	22.653573202589595	26.809436285413046	27.291002085110932	23.245988426886427
7	22.761296875957118	26.74565916320752	27.175802855062397	23.31724110577296
8	22.792411382249636	26.62170416840069	27.142707368641773	23.4431770807079
9	22.66970894126566	26.750322966848046	27.307720086646555	23.27224800523974
10	22.75052768694956	26.744001594701842	27.28095102485117	23.224519693497427
11	23.259894955333763	26.64479307263814	26.94328767272422	23.152024299303882
12	22.581624328540595	26.88604990555485	27.37672557662545	23.155600189279106
13	22.73004817875223	26.739827282130417	27.44591136992297	23.084213169194378
14	22.78219128762955	26.50407617477252	27.55162704159232	23.162105496005612
15	22.68471163500221	26.868870943026845	27.367721691241215	23.078695730729734
16	22.867714901755807	27.095336917775697	27.23272331212684	22.80422486834166
17	23.02215055607971	26.748096177488062	26.925899877062072	23.303853389370158
18	22.907880737327357	27.14330018854927	26.95091772536944	22.99790134875394
19	23.05695958859437	26.851039228909013	27.156726405494336	22.935274777002277
20	23.108532470111584	26.57029152490701	27.16811702260961	23.153058982371792
21	23.04269504244421	26.75048610543847	27.23031152645405	22.976507325663277
22	22.86559052890469	26.943125630151066	27.241532281146636	22.94975155979761
23	22.945537650612398	26.719432435081274	27.14353929831258	23.191490615993747
24	22.75198510072202	27.09188919169847	27.21986638110333	22.936259326476183
25	22.91256366526821	26.990926614569716	27.027951395718546	23.06855832444353
26	23.006215106786446	26.93693210435039	26.921419626945102	23.13543316191806
27	22.98691888791431	27.017192767913677	27.052997662216683	22.942890681955326
28	22.78598967811006	26.992652078772373	27.014170201448152	23.207188041669422
29	23.094815185983947	26.78674684294	27.002730493459282	23.11570747761677
30	22.876686072527985	27.10356079613418	26.982922754519546	23.03683037681829
31	22.956934158633036	26.988057355915434	27.03282875187919	23.02217973357234
32	22.96034528930461	27.009485719531263	26.925066320598706	23.10510267056542
33	22.816420879141887	26.865583999070314	27.231748012157865	23.086247109629937
34	23.0083907950486	27.21605051092465	27.004450563144587	22.771108130882162
35	23.000509982376364	26.8529820062139	26.969247319734947	23.17726069167479
36	23.128877944853667	27.112825751668275	26.804714164622663	22.9535821388554
37	22.929230491327402	26.988552741361104	26.940123949327244	23.142092817984253
38	22.944557015940948	26.891441272050802	26.873026167007975	23.29097554500028
39	22.86952509660469	27.02276515857575	26.947403821239817	23.16030592357974
40	22.91992173494768	26.968084858976006	27.115834758101997	22.996158647974323
41	23.18353974187655	26.920663389240453	26.898037701796163	22.997759167086837
42	23.05149577253179	27.05731000901389	26.968430676097594	22.922763542356726
43	23.056744270970796	27.147266538545097	26.871365692029798	22.92462349845431
44	23.066206302161465	26.904681466480202	26.82495222377699	23.204160007581347
45	22.93745119078389	27.096514030058405	27.000864560251685	22.96517021890602
46	22.994429257967575	27.26478888078592	26.74858459511194	22.992197266134568
47	23.088414747109198	26.983542716594698	26.813068925086288	23.114973611209816
48	23.031926674026728	27.320674906753716	27.00108475081503	22.646313668404527
49	23.33354059950823	27.278992789835698	26.928677347958452	22.45878926269762
50	23.47230356228593	27.419899497514017	27.021067408950906	22.08672953124914
51	22.95781129606161	27.832346348001476	27.22053969651228	21.989302659424634
>>END_MODULE
>>Per base GC content	pass
#Base	%GC
1	46.3679757013058
2	46.069783687091395
3	46.05521551978085
4	46.11336546125364
5	46.51156514710246
6	45.89956162947602
7	46.07853798173008
8	46.23558846295754
9	45.9419569465054
10	45.975047380446995
11	46.411919254637645
12	45.737224517819705
13	45.81426134794661
14	45.94429678363516
15	45.763407365731936
16	45.67193977009747
17	46.32600394544987
18	45.905782086081295
19	45.99223436559665
20	46.26159145248337
21	46.019202368107486
22	45.8153420887023
23	46.137028266606144
24	45.6882444271982
25	45.98112198971174
26	46.14164826870451
27	45.92980956986964
28	45.993177719779474
29	46.21052266360072
30	45.913516449346275
31	45.979113892205376
32	46.065447959870035
33	45.902667988771825
34	45.77949892593076
35	46.17777067405115
36	46.082460083709066
37	46.07132330931166
38	46.23553256094123
39	46.02983102018443
40	45.916080382922004
41	46.181298908963385
42	45.97425931488851
43	45.981367769425106
44	46.27036630974281
45	45.90262140968991
46	45.98662652410214
47	46.20338835831902
48	45.67824034243126
49	45.79232986220585
50	45.55903309353507
51	44.94711395548624
>>END_MODULE
>>Per sequence GC content	pass
#GC Content	Count
0	8931.0
1	7953.0
2	5952.0
3	5283.5
4	5720.5
5	6473.5
6	7375.5
7	8797.5
8	10213.5
9	12429.0
10	14840.5
11	18793.0
12	22801.0
13	29481.5
14	36869.5
15	48850.0
16	61348.0
17	79902.5
18	99387.0
19	125460.0
20	152452.0
21	186280.0
22	220926.5
23	263198.5
24	306759.5
25	351140.5
26	434142.5
27	492357.5
28	558171.5
29	626327.5
30	698592.0
31	772573.5
32	850404.0
33	929605.5
34	1006881.0
35	1081667.5
36	1141729.0
37	1197987.0
38	1234670.5
39	1270837.0
40	1296620.0
41	1319026.0
42	1332439.5
43	1340038.5
44	1334666.0
45	1326934.5
46	1314865.5
47	1298820.5
48	1276532.5
49	1254256.0
50	1234659.0
51	1214635.5
52	1190595.5
53	1164179.0
54	1137111.0
55	1108980.5
56	1075494.0
57	1036647.5
58	984887.5
59	926927.5
60	865778.0
61	800101.0
62	732133.0
63	667360.5
64	596327.0
65	527920.5
66	464682.5
67	402983.0
68	347417.0
69	292886.0
70	247551.0
71	206679.0
72	173905.5
73	143093.5
74	117427.5
75	88227.5
76	73573.0
77	61248.5
78	49408.5
79	40243.0
80	31989.0
81	26038.5
82	20811.0
83	17105.5
84	13712.5
85	11243.0
86	9055.0
87	7706.5
88	6404.0
89	5331.0
90	4407.5
91	4004.0
92	3701.0
93	3481.0
94	3248.5
95	3198.0
96	3165.5
97	3236.5
98	3794.0
99	15825.5
100	27385.0
>>END_MODULE
>>Per base N content	pass
#Base	N-Count
1	0.009385022181490779
2	0.00932099181573012
3	0.01314451937115229
4	0.01683998619505314
5	0.00933928620594745
6	0.015728601989350287
7	0.024784325146929107
8	0.014397685101039458
9	0.011319653946973528
10	0.010208269741270672
11	0.014905354429570396
12	0.012490494920882708
13	0.011429420288277512
14	0.011822749677950129
15	0.011781587299961134
16	0.013386920041531924
17	0.018298963814885286
18	0.013565290346150902
19	0.011008649313278902
20	0.026247876364315584
21	0.01288383551645824
22	0.011373929318654778
23	0.02438532047910156
24	0.024527560596090802
25	0.019813587549404408
26	0.03233697624918445
27	0.015104797438062657
28	0.02280475446725604
29	0.020929993915482004
30	0.010510768005222193
31	0.013780787494661767
32	0.02434437031248843
33	0.011950891770245005
34	0.022207531110596306
35	0.01783762806212218
36	0.02048082890266805
37	0.016301670147088422
38	0.027932355030812882
39	0.03777743041759745
40	0.034814118374589455
41	0.019242475562469278
42	0.020183568456855632
43	0.023450386085803607
44	0.006392904250596724
45	0.0039724405743693375
46	0.010649511350691554
47	0.00953031731603995
48	0.004233530767276429
49	0.007651022097287384
50	0.01054545315101446
51	0.008812338865648759
>>END_MODULE
>>Sequence Length Distribution	warn
#Length	Count
20	46589.0
21	48955.0
22	51098.0
23	52560.0
24	53992.0
25	54067.0
26	54263.0
27	55820.0
28	56927.0
29	59849.0
30	61765.0
31	64660.0
32	67583.0
33	67069.0
34	68879.0
35	68780.0
36	68877.0
37	69802.0
38	71724.0
39	74571.0
40	77717.0
41	82117.0
42	86445.0
43	96756.0
44	114661.0
45	160012.0
46	271089.0
47	648654.0
48	1320872.0
49	2663471.0
50	3561670.0
51	1.1563332E7
>>END_MODULE
>>Sequence Duplication Levels	warn
#Total Duplicate Percentage	32.05706999345212
#Duplication Level	Relative count
1	100.0
2	21.213724140429694
3	8.369986594688598
4	4.348393174160356
5	2.5230969892395203
6	1.6368972138690627
7	0.9782254266149777
8	0.7333067642476722
9	0.5536031303213652
10++	4.565051990869896
>>END_MODULE
>>Overrepresented sequences	pass
>>END_MODULE
>>Kmer Content	warn
#Sequence	Count	Obs/Exp Overall	Obs/Exp Max	Max Obs/Exp Position
AAAAA	5760205	4.1720963	5.121632	47
GGGGG	2467855	3.9662182	6.321615	47
TTTTT	5099110	3.562282	4.2549353	13
>>END_MODULE
