##FastQC	0.10.1
>>Basic Statistics	pass
#Measure	Value	
Filename	019-F0_S5_L004_R1_001_trimmed.fq.gz	
File type	Conventional base calls	
Encoding	Sanger / Illumina 1.9	
Total Sequences	14390321	
Filtered Sequences	0	
Sequence length	20-50	
%GC	45	
>>END_MODULE
>>Per base sequence quality	pass
#Base	Mean	Median	Lower Quartile	Upper Quartile	10th Percentile	90th Percentile
1	35.39244753470058	36.0	36.0	36.0	36.0	36.0
2	35.38267951076283	36.0	36.0	36.0	36.0	36.0
3	35.37079186767272	36.0	36.0	36.0	36.0	36.0
4	35.36041676902134	36.0	36.0	36.0	36.0	36.0
5	35.344594189386044	36.0	36.0	36.0	36.0	36.0
6	35.31843375835744	36.0	36.0	36.0	36.0	36.0
7	35.304441228239455	36.0	36.0	36.0	36.0	36.0
8	35.29400185027144	36.0	36.0	36.0	36.0	36.0
9	35.27912900622578	36.0	36.0	36.0	36.0	36.0
10	35.25513635171863	36.0	36.0	36.0	36.0	36.0
11	35.24882586010416	36.0	36.0	36.0	36.0	36.0
12	35.22992364103622	36.0	36.0	36.0	36.0	36.0
13	35.225551396664464	36.0	36.0	36.0	36.0	36.0
14	35.21696096980742	36.0	36.0	36.0	36.0	36.0
15	35.20316391830314	36.0	36.0	36.0	36.0	36.0
16	35.18594963934439	36.0	36.0	36.0	36.0	36.0
17	35.17005221773719	36.0	36.0	36.0	36.0	36.0
18	35.16052720436188	36.0	36.0	36.0	36.0	36.0
19	35.129762636983564	36.0	36.0	36.0	36.0	36.0
20	35.13741639258777	36.0	36.0	36.0	36.0	36.0
21	35.12521321027194	36.0	36.0	36.0	36.0	36.0
22	35.116748037411995	36.0	36.0	36.0	36.0	36.0
23	35.11006685169031	36.0	36.0	36.0	36.0	36.0
24	35.09073899059255	36.0	36.0	36.0	36.0	36.0
25	35.0829532556124	36.0	36.0	36.0	36.0	36.0
26	35.06320833515585	36.0	36.0	36.0	36.0	36.0
27	35.064781283609804	36.0	36.0	36.0	36.0	36.0
28	35.04921988880548	36.0	36.0	36.0	36.0	36.0
29	35.040687195507886	36.0	36.0	36.0	36.0	36.0
30	35.03085591908184	36.0	36.0	36.0	36.0	36.0
31	35.01968597181664	36.0	36.0	36.0	36.0	36.0
32	35.016287636140866	36.0	36.0	36.0	36.0	36.0
33	34.98360979191757	36.0	36.0	36.0	36.0	36.0
34	34.984556412193285	36.0	36.0	36.0	36.0	36.0
35	34.95073875629853	36.0	36.0	36.0	36.0	36.0
36	34.94201302813677	36.0	36.0	36.0	36.0	36.0
37	34.94797873579194	36.0	36.0	36.0	36.0	36.0
38	34.92577892651817	36.0	36.0	36.0	36.0	36.0
39	34.9240310024193	36.0	36.0	36.0	36.0	36.0
40	34.91319286698271	36.0	36.0	36.0	36.0	36.0
41	34.904045051509605	36.0	36.0	36.0	36.0	36.0
42	34.882282527452	36.0	36.0	36.0	36.0	36.0
43	34.88007707315617	36.0	36.0	36.0	36.0	36.0
44	34.865309428268	36.0	36.0	36.0	36.0	36.0
45	34.86629585282899	36.0	36.0	36.0	36.0	36.0
46	34.85559196380262	36.0	36.0	36.0	36.0	36.0
47	34.87313376932006	36.0	36.0	36.0	36.0	36.0
48	34.88170004496985	36.0	36.0	36.0	36.0	36.0
49	34.95011851106584	36.0	36.0	36.0	36.0	36.0
50	35.05120089910292	36.0	36.0	36.0	36.0	36.0
>>END_MODULE
>>Per sequence quality scores	pass
#Quality	Count
13	1.0
14	11.0
15	82.0
16	305.0
17	803.0
18	1831.0
19	3523.0
20	6505.0
21	11066.0
22	17094.0
23	24225.0
24	34582.0
25	47811.0
26	67122.0
27	91811.0
28	121190.0
29	157309.0
30	201318.0
31	262218.0
32	352196.0
33	514981.0
34	997681.0
35	5772572.0
36	5704084.0
>>END_MODULE
>>Per base sequence content	pass
#Base	G	A	T	C
1	22.232131750866387	26.651698136021835	27.250251733993785	23.865918379117996
2	22.51479310294746	27.221415005266387	27.434954369676674	22.82883752210948
3	22.00882635422871	27.206454786633206	27.816121859197917	22.968596999940168
4	22.732250826667734	26.33818576730554	28.23205124784021	22.697512158186512
5	22.530753740614674	26.658859082817138	27.76587699949174	23.044510177076447
6	21.840572686483835	27.285226238095962	27.934483841247864	22.93971723417234
7	21.96332482775917	27.221580619160118	27.804353402054776	23.010741151025933
8	21.981013546662812	27.044139577742165	27.4584128431314	23.516434032463625
9	22.19950779224705	26.952464044268815	27.540889622255044	23.30713854122909
10	21.902409509031603	27.02047151139669	27.946727330203284	23.130391649368427
11	23.045469072342975	26.640794043575223	27.397841718169737	22.91589516591207
12	21.904023035872356	27.38604335570662	27.85369196747926	22.856241640941764
13	21.87652469925052	27.29203406250658	28.22718872716465	22.60425251107825
14	22.125654643819004	26.872056865097992	28.30818717205267	22.69410131903033
15	21.919647460958945	27.323645004849123	28.057357780650715	22.69934975354122
16	21.959363415538384	27.35297234548289	28.285743769994028	22.401920468984695
17	22.197404197711492	26.83817093707408	27.441128016044942	23.523296849169487
18	22.176247767825654	27.77550731519417	27.367039475773545	22.68120544120663
19	22.572229402335807	27.03550660754991	27.718283753486954	22.673980236627326
20	22.846778064984914	26.65658970818748	27.792724965051935	22.703907261775672
21	22.768310587380874	26.80491976221358	27.876614294802433	22.550155355603117
22	22.14927010392386	27.584389783397878	27.93012251624291	22.336217596435347
23	22.165266286892262	27.279636445068384	27.929893443969334	22.625203824070024
24	21.884583180197907	27.612026200730096	27.828290073229272	22.675100545842728
25	22.07358294331773	27.560165847494115	27.635268313958367	22.730982895229786
26	22.28341634828909	26.973536227157474	27.635399993981213	23.107647430572225
27	22.766200345641014	27.103098014316206	27.60124997021544	22.52945166982733
28	21.98875158101499	27.393517385866197	27.62103195239894	22.996699080719875
29	22.770625499605657	26.82943696559677	27.470710299913094	22.929227234884483
30	22.102083943414502	27.857840763183383	27.36325969184331	22.676815601558804
31	22.222201852548206	27.44334964497656	27.693407763182044	22.64104073929319
32	22.248851990072243	27.66573951844049	27.349782491252185	22.735626000235083
33	22.069113016872727	26.97191974059901	28.10883025529619	22.850136987232077
34	22.22055034164391	27.751422810160065	27.780630295984082	22.247396552211946
35	22.234034691806812	26.741638978970617	27.90114710906347	23.123179220159106
36	22.481050328115384	27.34365359116105	27.2653320072521	22.90996407347147
37	22.247010064620348	27.32001967900672	27.330929469169853	23.10204078720308
38	22.448024246390183	27.347882330531814	27.068247742416712	23.13584568066129
39	22.431353332957357	27.326354196099427	27.216428090949734	23.02586437999348
40	22.13250930284593	27.10999248302035	28.02043411724692	22.73706409688679
41	22.612782788681944	26.96707032336894	27.538494862263025	22.88165202568609
42	22.585135277146705	27.011024909600362	27.757406486528257	22.646433326724672
43	22.406296032995176	27.58378770489291	27.463046253982537	22.54687000812938
44	22.474499609768078	27.117713852040122	27.283540593722883	23.12424594446892
45	22.529598484520104	27.572858371280862	27.29589610246593	22.601647041733102
46	22.35717088333121	28.25064212010327	27.00572739822727	22.38645959833825
47	22.713900619776055	27.162781370952764	27.136280769645676	22.9870372396255
48	22.647650749126434	27.777753010573065	27.596746172906233	21.977850067394268
49	22.947791657600458	27.65157305690231	27.76123233484158	21.63940295065565
50	23.325302042388763	27.245738385380307	27.59188142500862	21.83707814722231
>>END_MODULE
>>Per base GC content	pass
#Base	%GC
1	46.09805012998439
2	45.34363062505694
3	44.97742335416888
4	45.42976298485424
5	45.575263917691125
6	44.78028992065617
7	44.974065978785106
8	45.49744757912644
9	45.506646333476134
10	45.032801158400034
11	45.96136423825505
12	44.760264676814124
13	44.48077721032877
14	44.81975596284934
15	44.61899721450017
16	44.361283884523075
17	45.72070104688098
18	44.857453209032286
19	45.24620963896314
20	45.550685326760586
21	45.31846594298399
22	44.48548770035921
23	44.79047011096228
24	44.55968372604063
25	44.804565838547525
26	45.391063778861316
27	45.29565201546835
28	44.985450661734866
29	45.699852734490136
30	44.77889954497331
31	44.8632425918414
32	44.984477990307326
33	44.9192500041048
34	44.46794689385585
35	45.357213911965914
36	45.39101440158685
37	45.34905085182343
38	45.583869927051474
39	45.457217712950836
40	44.86957339973272
41	45.494434814368034
42	45.231568603871374
43	44.953166041124554
44	45.598745554237
45	45.1312455262532
46	44.74363048166946
47	45.700937859401556
48	44.6255008165207
49	44.58719460825611
50	45.16238018961107
>>END_MODULE
>>Per sequence GC content	warn
#GC Content	Count
0	2136.0
1	2102.5
2	1773.5
3	1626.5
4	1834.5
5	2248.0
6	2669.5
7	3219.0
8	3823.0
9	5008.5
10	6324.0
11	8571.5
12	10883.5
13	14812.0
14	19387.5
15	27074.5
16	35395.0
17	48152.5
18	61968.5
19	80711.5
20	99830.5
21	122681.0
22	146764.5
23	177257.5
24	209363.0
25	240668.0
26	276977.0
27	322504.0
28	372392.5
29	430888.0
30	490888.5
31	554127.0
32	620211.5
33	691069.0
34	760914.5
35	816139.5
36	863268.5
37	881202.5
38	893161.0
39	899586.5
40	905801.5
41	910208.5
42	913880.0
43	910628.5
44	902268.0
45	886719.5
46	872413.0
47	855043.0
48	837331.5
49	820200.0
50	801210.5
51	781846.5
52	760172.5
53	734480.0
54	708686.0
55	681016.0
56	651779.0
57	619611.5
58	586044.0
59	546425.0
60	505540.0
61	461831.0
62	417690.0
63	380981.0
64	338319.0
65	298858.5
66	262448.0
67	228985.5
68	193421.0
69	161174.5
70	134390.5
71	112006.5
72	92093.5
73	76033.5
74	61343.5
75	50489.5
76	42421.5
77	34924.0
78	28061.5
79	23019.0
80	18439.5
81	14806.0
82	11804.5
83	9653.0
84	7629.5
85	6044.0
86	4743.0
87	3797.0
88	3032.0
89	2311.0
90	1655.5
91	1338.5
92	1100.5
93	890.5
94	692.0
95	624.0
96	558.0
97	479.0
98	421.5
99	579.0
100	728.0
>>END_MODULE
>>Per base N content	pass
#Base	N-Count
1	9.103341058201552E-4
2	0.0
3	5.55929224928339E-5
4	1.1813496029727203E-4
5	2.7101549715256526E-4
6	2.7101549715256526E-4
7	0.0010423672967406355
8	4.2389603400785843E-4
9	3.891504574498373E-4
10	8.894867598853424E-4
11	5.420309943051305E-4
12	0.0016886350207198297
13	0.0013064336785815966
14	3.683031115150246E-4
15	5.906748014863602E-4
16	5.976239167979644E-4
17	0.0016816859054082254
18	0.0014176195235672644
19	0.0018554137881983312
20	0.002758798778706882
21	0.002747734336523024
22	0.0024094719266228057
23	9.760592194649634E-4
24	0.001507772251839011
25	0.0033548603539377674
26	0.001994558703886765
27	0.002249559391206157
28	0.004807205446556753
29	0.0021083669699857093
30	0.0027875239438451896
31	0.0012832729948242497
32	0.004457063608796111
33	0.003411117667565494
34	0.001857785657058015
35	0.002017916254201742
36	0.002670225448202682
37	0.0025186781748616225
38	0.0013942566777923582
39	0.0033607308134874655
40	0.0030742172795001498
41	0.0012025449307150498
42	0.0031200578770736198
43	0.0025433098126689292
44	2.473499724204781E-4
45	5.198598545695718E-4
46	3.4788092406055497E-4
47	1.2941960332434806E-4
48	4.2959657801198265E-4
49	4.649316039117485E-4
50	0.0
>>END_MODULE
>>Sequence Length Distribution	warn
#Length	Count
20	14841.0
21	15487.0
22	16601.0
23	17621.0
24	18171.0
25	18725.0
26	19414.0
27	20018.0
28	20421.0
29	22866.0
30	23671.0
31	25182.0
32	27037.0
33	27455.0
34	28887.0
35	30166.0
36	28470.0
37	29341.0
38	30649.0
39	33055.0
40	35028.0
41	41318.0
42	44983.0
43	55208.0
44	88179.0
45	147157.0
46	374802.0
47	798412.0
48	1582886.0
49	2123445.0
50	8630825.0
>>END_MODULE
>>Sequence Duplication Levels	warn
#Total Duplicate Percentage	34.59357093826524
#Duplication Level	Relative count
1	100.0
2	24.148505418601882
3	9.211623198761462
4	4.465136358223175
5	2.5172680719304514
6	1.5392402048350602
7	0.9973800166726212
8	0.699654638561391
9	0.522508038585209
10++	4.761373109443849
>>END_MODULE
>>Overrepresented sequences	pass
>>END_MODULE
>>Kmer Content	warn
#Sequence	Count	Obs/Exp Overall	Obs/Exp Max	Max Obs/Exp Position
TTTTT	3731285	3.5913713	5.2133803	13
AAAAA	3410230	3.5644076	4.3103395	13
GCAGC	1361450	3.0132158	3.2552621	46
CAGCA	1659480	3.0124865	3.2288842	38
AGAAA	2361900	3.0098214	6.3253984	28
GAAAA	2351870	2.99704	6.6759915	4
TTTTC	2515545	2.9378612	5.0786114	4
GAGAA	1492040	2.318116	6.486874	27
GGAAA	1468135	2.2809758	6.295867	20
TGAAA	1581375	1.9822283	5.1954536	10
CTGAA	1311195	1.9616568	5.7994237	9
AAATG	1489455	1.8670081	5.3146596	23
CATTT	1523660	1.8090378	5.3190417	1
TGAGA	1080575	1.6513884	5.718688	26
ATGAG	897540	1.3716651	5.3911304	25
AACTG	898180	1.343752	5.005261	7
ACTGA	874840	1.3088336	5.006947	8
>>END_MODULE
