##FastQC	0.10.1
>>Basic Statistics	pass
#Measure	Value	
Filename	KS26_S5_L001_R1_001_trimmed.fq.gz	
File type	Conventional base calls	
Encoding	Sanger / Illumina 1.9	
Total Sequences	20638816	
Filtered Sequences	0	
Sequence length	20-50	
%GC	45	
>>END_MODULE
>>Per base sequence quality	pass
#Base	Mean	Median	Lower Quartile	Upper Quartile	10th Percentile	90th Percentile
1	35.29058590376502	36.0	36.0	36.0	36.0	36.0
2	35.28149618660295	36.0	36.0	36.0	36.0	36.0
3	35.26201895496331	36.0	36.0	36.0	36.0	36.0
4	35.25485958109225	36.0	36.0	36.0	36.0	36.0
5	35.21821334130795	36.0	36.0	36.0	36.0	36.0
6	35.198559694509605	36.0	36.0	36.0	36.0	36.0
7	35.18579418509279	36.0	36.0	36.0	36.0	36.0
8	35.18477053141033	36.0	36.0	36.0	36.0	36.0
9	35.17033133102209	36.0	36.0	36.0	36.0	36.0
10	35.15071460494633	36.0	36.0	36.0	36.0	36.0
11	35.138165241649524	36.0	36.0	36.0	36.0	36.0
12	35.12705922665331	36.0	36.0	36.0	36.0	36.0
13	35.11904389282796	36.0	36.0	36.0	36.0	36.0
14	35.10925510455638	36.0	36.0	36.0	36.0	36.0
15	35.08689025572009	36.0	36.0	36.0	36.0	36.0
16	35.0708577468785	36.0	36.0	36.0	36.0	36.0
17	35.068373156677204	36.0	36.0	36.0	36.0	36.0
18	35.04482359840797	36.0	36.0	36.0	36.0	36.0
19	35.03545387487344	36.0	36.0	36.0	36.0	36.0
20	35.02435464321209	36.0	36.0	36.0	36.0	36.0
21	35.014688977339155	36.0	36.0	36.0	36.0	36.0
22	35.00377144104464	36.0	36.0	36.0	36.0	36.0
23	34.9975774780107	36.0	36.0	36.0	36.0	36.0
24	34.985205635037424	36.0	36.0	36.0	36.0	36.0
25	34.96867273274078	36.0	36.0	36.0	36.0	36.0
26	34.96185724060848	36.0	36.0	36.0	36.0	36.0
27	34.957216717913234	36.0	36.0	36.0	36.0	36.0
28	34.924563174879864	36.0	36.0	36.0	36.0	36.0
29	34.91788987251268	36.0	36.0	36.0	36.0	36.0
30	34.90965320462231	36.0	36.0	36.0	36.0	36.0
31	34.886122571050684	36.0	36.0	36.0	36.0	36.0
32	34.87031776160318	36.0	36.0	36.0	36.0	36.0
33	34.856950450625405	36.0	36.0	36.0	36.0	36.0
34	34.8338073442584	36.0	36.0	36.0	36.0	36.0
35	34.81765644813176	36.0	36.0	36.0	36.0	36.0
36	34.800824376460945	36.0	36.0	36.0	36.0	36.0
37	34.78360237071802	36.0	36.0	36.0	36.0	36.0
38	34.76464588319799	36.0	36.0	36.0	36.0	36.0
39	34.74318212044111	36.0	36.0	36.0	36.0	36.0
40	34.72956303292338	36.0	36.0	36.0	32.0	36.0
41	34.713567450021806	36.0	36.0	36.0	32.0	36.0
42	34.68927633640723	36.0	36.0	36.0	32.0	36.0
43	34.67443502284962	36.0	36.0	36.0	32.0	36.0
44	34.654563161834716	36.0	36.0	36.0	32.0	36.0
45	34.63448447270311	36.0	36.0	36.0	32.0	36.0
46	34.61208844894224	36.0	36.0	36.0	32.0	36.0
47	34.63072208774272	36.0	36.0	36.0	32.0	36.0
48	34.64327085131976	36.0	36.0	36.0	32.0	36.0
49	34.71272043840101	36.0	36.0	36.0	32.0	36.0
50	34.80354312939488	36.0	36.0	36.0	32.0	36.0
>>END_MODULE
>>Per sequence quality scores	pass
#Quality	Count
7	1.0
8	1.0
9	3.0
10	9.0
11	12.0
12	28.0
13	79.0
14	80.0
15	134.0
16	270.0
17	642.0
18	1415.0
19	3092.0
20	6243.0
21	11629.0
22	19674.0
23	31574.0
24	49227.0
25	73657.0
26	106726.0
27	148362.0
28	199658.0
29	262798.0
30	338561.0
31	443579.0
32	605352.0
33	916774.0
34	1842811.0
35	9317570.0
36	6258855.0
>>END_MODULE
>>Per base sequence content	pass
#Base	G	A	T	C
1	22.64832487328337	26.60525699040064	27.275229183991467	23.471188952324525
2	22.5793597572557	26.54467787462294	27.51384391398826	23.362118454133096
3	22.65112248504698	26.60997572291613	27.31024882496831	23.42865296706859
4	22.6823617082203	26.461837152274914	27.562555750603597	23.29324538890119
5	22.92701492620479	26.43657604573193	27.1692007208845	23.46720830717878
6	22.449983184021367	26.791761783989028	27.386259080228715	23.37199595176089
7	22.482449043986026	26.759999131706884	27.414780325718453	23.342771498588636
8	22.565061711544157	26.659386106204025	27.431001475347966	23.344550706903853
9	22.325152974415715	26.816525912680117	27.53669823345045	23.321622879453713
10	22.48699242852256	26.88347406093038	27.393238097914622	23.236295412632437
11	22.851987982295665	26.875249086812918	27.19605230865469	23.076710622236725
12	22.28368796594488	26.95188464553481	27.568120198326966	23.19630719019334
13	22.427983549064624	26.79135096612832	27.636487026880435	23.14417845792662
14	22.463193364676165	26.5502207189172	27.787024839436512	23.199561076970124
15	22.382806947638862	26.795775874807077	27.642085803687905	23.179331373866155
16	22.527432964872837	27.13956096596133	27.499299584906538	22.83370648425929
17	22.612644955663328	26.87804988905838	27.30122271517225	23.208082440106036
18	22.499021696342687	27.185760046485658	27.310318113919706	23.00490014325195
19	22.549486376754288	27.04928006489556	27.51165122901537	22.889582329334786
20	22.563852748450024	26.785536966536423	27.49407636252385	23.1565339224897
21	22.558911080454493	26.964318551428118	27.509212827468055	22.967557540649334
22	22.442358486014573	27.04139980758092	27.53591161186366	22.98033009454085
23	22.546126852353947	26.826193120611748	27.464167444042314	23.163512582991995
24	22.46863907868559	27.156345478901496	27.48995507807553	22.885060364337388
25	22.528658294091553	27.049056591285982	27.406967728723743	23.015317385898733
26	22.63836047849202	27.091220523661946	27.27842112458981	22.99199787325622
27	22.452737310055028	27.17700236727889	27.451722176866824	22.91853814579926
28	22.40655033625724	27.11757405990603	27.373625682084622	23.102249921752104
29	22.59235660698004	26.97815084497146	27.487923743927666	22.94156880412083
30	22.528087958303285	27.141938275812105	27.41246872389173	22.917505041992882
31	22.605707933500845	27.122535630495115	27.355518006741935	22.916238429262105
32	22.58165531045551	27.07417077683371	27.339957573197076	23.004216339513704
33	22.505743195360772	27.004131839740758	27.480226013116948	23.00989895178152
34	22.6373543238175	27.282002153215757	27.341329459965085	22.739314063001657
35	22.636620797147923	27.05713694965615	27.27409425373927	23.032147999456644
36	22.7093247331824	27.24051741966076	27.192428623773136	22.857729223383703
37	22.53277470115321	27.118715826417084	27.36214953605762	22.986359936372093
38	22.5067231141734	26.97939505034716	27.394270766743762	23.11961106873568
39	22.426144345408826	27.125370433651767	27.436303005868208	23.012182215071196
40	22.577104173800393	27.128965277187177	27.415977447724536	22.87795310128789
41	22.75882745638923	27.138492238377914	27.25435709680716	22.848323208425693
42	22.674853915859583	27.25290227770765	27.24240333306097	22.82984047337179
43	22.63003486093906	27.297315693699503	27.236475468905518	22.836173976455925
44	22.673877466641176	27.043718922002153	27.2006635789168	23.081740032439875
45	22.52927814923306	27.165467392434305	27.361265621693896	22.943988836638738
46	22.595214761726645	27.280467023552557	27.171588049895067	22.952730164825734
47	22.601433694271208	27.227121295243844	27.271504353713077	22.899940656771868
48	22.586189545347573	27.611191860221595	27.377615765760886	22.425002828669946
49	22.71838281785874	27.892024128915306	27.501319334517802	21.88827371870815
50	22.484314429344675	27.767095593295092	27.65128629677141	22.097303680588816
>>END_MODULE
>>Per base GC content	pass
#Base	%GC
1	46.119513825607896
2	45.94147821138879
3	46.07977545211557
4	45.97560709712149
5	46.39422323338357
6	45.82197913578226
7	45.825220542574655
8	45.909612418448006
9	45.64677585386943
10	45.723287841155
11	45.92869860453239
12	45.47999515613822
13	45.57216200699125
14	45.662754441646285
15	45.56213832150501
16	45.36113944913213
17	45.82072739576937
18	45.50392183959464
19	45.43906870608907
20	45.720386670939725
21	45.526468621103824
22	45.42268858055542
23	45.70963943534594
24	45.353699443022975
25	45.54397567999028
26	45.63035835174824
27	45.37127545585429
28	45.508800258009344
29	45.533925411100874
30	45.445593000296164
31	45.52194636276295
32	45.585871649969214
33	45.515642147142295
34	45.376668386819155
35	45.66876879660457
36	45.5670539565661
37	45.5191346375253
38	45.626334182909076
39	45.43832656048002
40	45.455057275088286
41	45.607150664814924
42	45.50469438923137
43	45.46620883739498
44	45.755617499081055
45	45.4732669858718
46	45.54794492655238
47	45.501374351043076
48	45.01119237401752
49	44.60665653656689
50	44.581618109933494
>>END_MODULE
>>Per sequence GC content	pass
#GC Content	Count
0	2227.0
1	2202.5
2	1885.5
3	1716.5
4	1898.5
5	2267.5
6	2654.0
7	3342.5
8	4144.5
9	5779.5
10	7583.0
11	10827.5
12	14174.5
13	20051.0
14	26911.5
15	38427.5
16	50903.5
17	69755.0
18	90022.5
19	117179.0
20	145176.5
21	180966.0
22	218162.0
23	263826.0
24	311553.0
25	357037.5
26	409195.5
27	469625.5
28	532959.5
29	601866.0
30	672821.5
31	745576.5
32	822120.5
33	900303.5
34	978430.0
35	1049062.5
36	1116940.0
37	1170610.5
38	1214114.0
39	1244687.5
40	1272527.0
41	1290232.5
42	1305576.0
43	1305058.5
44	1298410.0
45	1277074.0
46	1255032.0
47	1229093.0
48	1202419.0
49	1173569.0
50	1145130.0
51	1119086.5
52	1089039.5
53	1057775.5
54	1028445.5
55	996270.0
56	959839.5
57	916987.5
58	871561.5
59	815384.0
60	757168.0
61	694827.0
62	630904.0
63	576806.0
64	514048.5
65	456284.5
66	400638.5
67	348997.0
68	298224.5
69	253304.5
70	213701.0
71	180057.5
72	149948.0
73	123833.0
74	100031.0
75	82870.5
76	69724.0
77	56915.0
78	45568.5
79	37046.5
80	29466.0
81	23641.5
82	18629.5
83	15018.0
84	11841.5
85	9352.0
86	7226.0
87	5687.0
88	4540.0
89	3465.5
90	2533.0
91	1993.5
92	1543.0
93	1296.5
94	1101.0
95	951.5
96	783.5
97	699.0
98	660.5
99	900.0
100	1126.0
>>END_MODULE
>>Per base N content	pass
#Base	N-Count
1	2.374167200289009E-4
2	6.977144425339127E-4
3	5.3297631026896116E-5
4	1.2597621879084536E-4
5	0.0013615122107779826
6	0.003425584103274141
7	0.003023429250980289
8	0.0014293455593576685
9	0.002718179182371702
10	0.004050619958044105
11	0.004510917680549117
12	0.011575276411204984
13	0.003483726973485301
14	0.004985751120606919
15	0.0208103022964108
16	0.0051068821002135
17	0.0067106562702046475
18	0.005097191621844974
19	0.012505562334583534
20	0.019928468764874887
21	0.00856809734173204
22	0.01698982847455459
23	0.02263358355585643
24	0.012906513866505716
25	0.018348180146140262
26	0.010875097099081242
27	0.01606304787729138
28	0.04211967727279604
29	0.01619514687874574
30	0.016840496821557988
31	0.03208179088774297
32	0.031299919031135354
33	0.014755445311728546
34	0.036834189208246375
35	0.024236209783747225
36	0.018980373731399457
37	0.032041802106412665
38	0.02522263214564366
39	0.019736045382102326
40	0.010881546768188055
41	0.025571492516147817
42	0.010517779308975917
43	0.017263568927834434
44	0.03369306182065336
45	0.014293807320081927
46	0.018805561336335912
47	0.013617816732563775
48	0.0060199854582169456
49	0.004479767500711284
50	0.006511463789238369
>>END_MODULE
>>Sequence Length Distribution	warn
#Length	Count
20	15801.0
21	16568.0
22	17573.0
23	17866.0
24	18561.0
25	19297.0
26	20231.0
27	21309.0
28	22515.0
29	24330.0
30	25082.0
31	26659.0
32	27661.0
33	28279.0
34	28628.0
35	29614.0
36	30293.0
37	32578.0
38	34623.0
39	37153.0
40	39776.0
41	43150.0
42	48026.0
43	62548.0
44	102939.0
45	199313.0
46	548465.0
47	1192958.0
48	2392822.0
49	3197459.0
50	1.2316739E7
>>END_MODULE
>>Sequence Duplication Levels	warn
#Total Duplicate Percentage	37.455407885608
#Duplication Level	Relative count
1	100.0
2	24.415860278498936
3	10.961372039965385
4	5.985367004956337
5	3.579576744551963
6	2.4002832192589096
7	1.6741405082212257
8	1.1785068051294154
9	0.951144677838093
10++	6.1977814491385415
>>END_MODULE
>>Overrepresented sequences	pass
>>END_MODULE
>>Kmer Content	warn
#Sequence	Count	Obs/Exp Overall	Obs/Exp Max	Max Obs/Exp Position
AAAAA	4726290	3.5689318	4.2887387	46
TTTTT	4557010	3.1960678	3.5851207	13
>>END_MODULE
