##FastQC	0.10.1
>>Basic Statistics	pass
#Measure	Value	
Filename	001-F0_S3_L002_R1_001_trimmed.fq.gz	
File type	Conventional base calls	
Encoding	Sanger / Illumina 1.9	
Total Sequences	20706013	
Filtered Sequences	0	
Sequence length	20-51	
%GC	45	
>>END_MODULE
>>Per base sequence quality	pass
#Base	Mean	Median	Lower Quartile	Upper Quartile	10th Percentile	90th Percentile
1	35.180159405869205	36.0	36.0	36.0	36.0	36.0
2	35.16887538899932	36.0	36.0	36.0	36.0	36.0
3	35.14946160808457	36.0	36.0	36.0	36.0	36.0
4	35.140639243296135	36.0	36.0	36.0	36.0	36.0
5	35.12009289282297	36.0	36.0	36.0	36.0	36.0
6	35.077930888964474	36.0	36.0	36.0	36.0	36.0
7	35.056220625380654	36.0	36.0	36.0	36.0	36.0
8	35.04798412905468	36.0	36.0	36.0	36.0	36.0
9	35.03014757114274	36.0	36.0	36.0	36.0	36.0
10	35.00922741620997	36.0	36.0	36.0	36.0	36.0
11	35.00170950341816	36.0	36.0	36.0	36.0	36.0
12	34.97877003168114	36.0	36.0	36.0	36.0	36.0
13	34.974643645785406	36.0	36.0	36.0	36.0	36.0
14	34.96241888769219	36.0	36.0	36.0	36.0	36.0
15	34.94554934356508	36.0	36.0	36.0	36.0	36.0
16	34.92587230578866	36.0	36.0	36.0	36.0	36.0
17	34.92336839545112	36.0	36.0	36.0	36.0	36.0
18	34.902467944939474	36.0	36.0	36.0	36.0	36.0
19	34.88900663783028	36.0	36.0	36.0	36.0	36.0
20	34.8797132987408	36.0	36.0	36.0	36.0	36.0
21	34.87025195010468	36.0	36.0	36.0	36.0	36.0
22	34.85209420407261	36.0	36.0	36.0	36.0	36.0
23	34.84410697255606	36.0	36.0	36.0	36.0	36.0
24	34.824042346850774	36.0	36.0	36.0	36.0	36.0
25	34.8116208194221	36.0	36.0	36.0	36.0	36.0
26	34.78861705616432	36.0	36.0	36.0	36.0	36.0
27	34.78170924863145	36.0	36.0	36.0	36.0	36.0
28	34.76078723392224	36.0	36.0	36.0	36.0	36.0
29	34.746215158485946	36.0	36.0	36.0	36.0	36.0
30	34.72017136091513	36.0	36.0	36.0	36.0	36.0
31	34.70054209445049	36.0	36.0	36.0	32.0	36.0
32	34.67528030177361	36.0	36.0	36.0	32.0	36.0
33	34.63922965159101	36.0	36.0	36.0	32.0	36.0
34	34.62617026832134	36.0	36.0	36.0	32.0	36.0
35	34.59543799296405	36.0	36.0	36.0	32.0	36.0
36	34.56344703235031	36.0	36.0	36.0	32.0	36.0
37	34.55357255822282	36.0	36.0	36.0	32.0	36.0
38	34.53590354622144	36.0	36.0	36.0	32.0	36.0
39	34.49660220251646	36.0	36.0	36.0	32.0	36.0
40	34.47495631442952	36.0	36.0	36.0	32.0	36.0
41	34.44887056066266	36.0	36.0	36.0	32.0	36.0
42	34.418215196185194	36.0	36.0	36.0	32.0	36.0
43	34.38477082507706	36.0	36.0	36.0	32.0	36.0
44	34.36088415168624	36.0	36.0	36.0	32.0	36.0
45	34.356426378576444	36.0	36.0	36.0	32.0	36.0
46	34.32003748785417	36.0	36.0	36.0	32.0	36.0
47	34.32315547266258	36.0	36.0	36.0	32.0	36.0
48	34.328019720363415	36.0	36.0	36.0	32.0	36.0
49	34.35924716547117	36.0	36.0	36.0	32.0	36.0
50	34.44584333281615	36.0	36.0	36.0	32.0	36.0
51	34.553388721807494	36.0	36.0	36.0	32.0	36.0
>>END_MODULE
>>Per sequence quality scores	pass
#Quality	Count
14	7.0
15	81.0
16	295.0
17	850.0
18	1992.0
19	4260.0
20	8695.0
21	15442.0
22	26228.0
23	40799.0
24	62423.0
25	91910.0
26	131205.0
27	180999.0
28	241602.0
29	312189.0
30	400938.0
31	518897.0
32	700727.0
33	1049452.0
34	2112007.0
35	9819612.0
36	4985403.0
>>END_MODULE
>>Per base sequence content	pass
#Base	G	A	T	C
1	22.47605313213948	26.861215020862577	27.368021468448234	23.29471037854971
2	22.420538674291972	27.049952583324977	27.6165958555759	22.912912886807153
3	22.30722595945781	27.075256423450973	27.583628752537866	23.03388886455335
4	22.634619760003172	26.725307723317126	27.789180616866037	22.85089189981366
5	22.682889840352185	26.844793153328066	27.42645599240761	23.045861013912134
6	22.1901763424907	27.245752745737533	27.635784876939862	22.928286034831906
7	22.27879445633747	27.17999207761197	27.520827660628544	23.020385805422016
8	22.29122366551972	27.10029632900924	27.473083786404334	23.135396219066713
9	22.283044721601517	27.13085345991179	27.558782114450313	23.02731970403638
10	22.318094756703772	27.14219542507047	27.599148433855575	22.940561384370184
11	22.885770853958178	27.010801051677536	27.244379988298594	22.85904810606569
12	22.188163178174392	27.29093436341174	27.637175552831607	22.883726905582265
13	22.34037867461759	27.086894753384723	27.732586768894272	22.84013980310342
14	22.341978324029125	26.883959893600313	27.883108711556503	22.890953070814057
15	22.30178696839867	27.16125604336516	27.66064432327085	22.87631266496532
16	22.424781920479155	27.461463288542674	27.537584770332973	22.576170020645193
17	22.570562892453754	27.079715427786823	27.22489932005874	23.124822359700687
18	22.461155776593724	27.52419595852778	27.265632108610244	22.74901615626825
19	22.663136876588812	27.116789763048523	27.488580730159036	22.731492630203633
20	22.75552268713267	26.869645921308205	27.540916163497737	22.83391522806139
21	22.745339615147255	26.987191744226507	27.531338300463908	22.736130340162326
22	22.50196942901867	27.25695107602992	27.521323534057153	22.719755960894258
23	22.549308220305466	27.032005342024522	27.462914742131083	22.955771695538925
24	22.3743643775731	27.343776523505248	27.489067240445962	22.792791858475688
25	22.509417165023248	27.289139483201257	27.285046023930736	22.91639732784476
26	22.607381657221463	27.20482245997585	27.25264439021671	22.935151492585977
27	22.65869689143576	27.249003135579592	27.366924691426487	22.725375281558165
28	22.373653247088235	27.281062124248496	27.334009603365146	23.01127502529812
29	22.708352960320653	27.01079605467181	27.383257351580635	22.8975936334269
30	22.46024304399496	27.427730395576887	27.276505287229725	22.83552127319843
31	22.577820325156157	27.244535111944035	27.31152012767961	22.866124435220193
32	22.54349473320851	27.355216162059342	27.209664111738807	22.89162499299334
33	22.473702615003326	27.051068448104576	27.558949677094425	22.916279259797676
34	22.66198237069553	27.444215532861204	27.31877709187907	22.575025004564196
35	22.626393699346366	27.011137748058417	27.368280386358062	22.994188166237155
36	22.758322472085073	27.31762591337576	27.101592556812037	22.822459057727134
37	22.514476300553973	27.229678958458496	27.23150778239283	23.024336958594706
38	22.555031403821864	27.139929882522562	27.206776694542363	23.09826201911321
39	22.515446578834368	27.239562208676332	27.270289770264423	22.97470144222488
40	22.53128241032219	27.18783553255466	27.454620977201422	22.826261079921732
41	22.8005278854901	27.099490619488282	27.25710325462871	22.842878240392903
42	22.73240729249637	27.195144205748363	27.29351411577856	22.778934385976708
43	22.658753652502302	27.37397457266619	27.1986279249541	22.768643849877414
44	22.685452842434575	27.122645362086782	27.155331872983517	23.03656992249512
45	22.591990078609715	27.273146395583737	27.318368677121992	22.81649484868456
46	22.61561143207482	27.546555997598787	27.025805655768643	22.812026914557748
47	22.682218985269007	27.18136420327495	27.164531167541334	22.971885643914707
48	22.653832313986104	27.562228370923997	27.34403998756743	22.43989932752247
49	22.917375275913383	27.46782364749668	27.32002185741228	22.294779219177663
50	23.064014324702192	27.618895211720094	27.36424858491612	21.952841878661594
51	22.472930715873964	28.18564522877548	27.572391559598813	21.76903249575174
>>END_MODULE
>>Per base GC content	pass
#Base	%GC
1	45.770763510689186
2	45.333451561099125
3	45.341114824011164
4	45.48551165981684
5	45.72875085426432
6	45.11846237732261
7	45.29918026175949
8	45.42661988458643
9	45.31036442563789
10	45.258656141073956
11	45.74481896002387
12	45.07189008375666
13	45.180518477721
14	45.23293139484318
15	45.178099633363985
16	45.00095194112435
17	45.69538525215444
18	45.210171932861975
19	45.39462950679244
20	45.58943791519406
21	45.481469955309585
22	45.221725389912926
23	45.50507991584439
24	45.16715623604879
25	45.42581449286801
26	45.54253314980744
27	45.384072172993925
28	45.384928272386354
29	45.605946593747554
30	45.29576431719339
31	45.443944760376354
32	45.43511972620185
33	45.389981874801
34	45.23700737525972
35	45.62058186558352
36	45.58078152981221
37	45.53881325914868
38	45.65329342293508
39	45.49014802105925
40	45.35754349024393
41	45.643406125883004
42	45.51134167847308
43	45.42739750237972
44	45.7220227649297
45	45.408484927294275
46	45.42763834663257
47	45.65410462918372
48	45.09373164150857
49	45.21215449509104
50	45.01685620336379
51	44.24196321162571
>>END_MODULE
>>Per sequence GC content	pass
#GC Content	Count
0	7461.0
1	6946.5
2	5273.0
3	4342.5
4	4657.0
5	5421.5
6	6298.5
7	7641.0
8	9053.0
9	11233.0
10	13540.5
11	17625.0
12	21865.0
13	28674.0
14	36024.0
15	47567.0
16	59793.5
17	78198.5
18	97435.5
19	123260.0
20	150481.5
21	183163.5
22	216069.0
23	257433.5
24	300822.5
25	345843.5
26	429229.5
27	487668.5
28	553633.5
29	621457.5
30	696210.0
31	773653.5
32	853696.5
33	936316.5
34	1016188.5
35	1091822.0
36	1149833.5
37	1203458.5
38	1237369.5
39	1271288.5
40	1292869.5
41	1309965.5
42	1317672.5
43	1319932.0
44	1311385.0
45	1301298.0
46	1285637.0
47	1265141.5
48	1238977.5
49	1212821.0
50	1187172.0
51	1161668.0
52	1131661.0
53	1098572.0
54	1067426.5
55	1035438.0
56	999059.0
57	957615.5
58	906609.0
59	851904.0
60	793145.0
61	728890.5
62	664724.0
63	602936.0
64	535111.0
65	471006.5
66	413844.0
67	358037.0
68	306211.0
69	255014.5
70	214568.0
71	179102.5
72	150401.5
73	122960.0
74	99606.5
75	74465.0
76	62082.0
77	51230.5
78	40798.5
79	32441.5
80	25083.5
81	20139.0
82	15884.5
83	12824.0
84	10065.0
85	8033.5
86	6210.5
87	5083.0
88	3987.0
89	3150.5
90	2474.0
91	2062.0
92	1710.5
93	1426.0
94	1154.0
95	1016.5
96	880.0
97	805.5
98	757.5
99	895.0
100	1035.0
>>END_MODULE
>>Per base N content	pass
#Base	N-Count
1	0.0013426051649827516
2	0.0010480047510836588
3	6.085188877259953E-4
4	7.534043371845657E-4
5	0.005133774425815342
6	0.0013667527398925133
7	6.519845225635664E-4
8	0.0031343552232870713
9	0.0010866408709392773
10	7.920404570401843E-4
11	0.0038974185904355418
12	0.0038298053806882083
13	0.0015502743092067025
14	0.0033275358225651652
15	0.006191438206862904
16	0.00459286874783668
17	0.0026465742101098844
18	0.002361632826174696
19	0.005307636965165626
20	0.00597411003267505
21	0.0024463809016032657
22	0.003712740053671448
23	0.0017892887713646319
24	0.007767802575721156
25	0.0037252036530554403
26	0.003767497254528716
27	0.001537073648018932
28	0.0010019939679963127
29	0.004521056772124797
30	0.0016796953032719862
31	8.884407979443187E-4
32	0.004934664089753828
33	0.012569261286847348
34	0.0022318423609577463
35	0.001087638932469622
36	8.513860513627869E-4
37	0.0021739349933679528
38	2.225289556747161E-4
39	4.627310197614221E-4
40	0.0013845628556269287
41	4.410928853397949E-4
42	4.48693578498097E-4
43	0.0011039318390023683
44	9.075055405882387E-4
45	9.188378195365985E-4
46	4.986240145129939E-4
47	9.339469328056496E-5
48	0.003148894542273569
49	0.0014032772050800336
50	0.001891778148635315
51	9.277851660303081E-4
>>END_MODULE
>>Sequence Length Distribution	warn
#Length	Count
20	63275.0
21	64944.0
22	66851.0
23	67581.0
24	68637.0
25	69468.0
26	72004.0
27	73451.0
28	76002.0
29	80172.0
30	81085.0
31	83300.0
32	84701.0
33	84694.0
34	86143.0
35	86087.0
36	85814.0
37	88476.0
38	89692.0
39	94021.0
40	96007.0
41	99722.0
42	102143.0
43	109075.0
44	122202.0
45	159690.0
46	248457.0
47	577086.0
48	1163767.0
49	2294900.0
50	3064858.0
51	1.1101708E7
>>END_MODULE
>>Sequence Duplication Levels	warn
#Total Duplicate Percentage	31.077348746301432
#Duplication Level	Relative count
1	100.0
2	20.445015893424767
3	8.014571948998178
4	4.023000821457909
5	2.31508268152434
6	1.4686238794242652
7	0.9578913532626165
8	0.6821672202578664
9	0.4993035465552341
10++	4.45658773527626
>>END_MODULE
>>Overrepresented sequences	pass
>>END_MODULE
>>Kmer Content	warn
#Sequence	Count	Obs/Exp Overall	Obs/Exp Max	Max Obs/Exp Position
AAAAA	5413340	3.957057	4.943882	47
TTTTT	5217440	3.660155	4.3892107	13
>>END_MODULE
