##FastQC	0.10.1
>>Basic Statistics	pass
#Measure	Value	
Filename	032-F0_S5_L001_R1_001_trimmed.fq.gz	
File type	Conventional base calls	
Encoding	Sanger / Illumina 1.9	
Total Sequences	32123291	
Filtered Sequences	0	
Sequence length	20-51	
%GC	44	
>>END_MODULE
>>Per base sequence quality	pass
#Base	Mean	Median	Lower Quartile	Upper Quartile	10th Percentile	90th Percentile
1	35.05717667595142	36.0	36.0	36.0	36.0	36.0
2	35.05094256998761	36.0	36.0	36.0	36.0	36.0
3	35.03328077437645	36.0	36.0	36.0	36.0	36.0
4	35.01760380030801	36.0	36.0	36.0	36.0	36.0
5	35.005157379422926	36.0	36.0	36.0	36.0	36.0
6	34.95678207441448	36.0	36.0	36.0	36.0	36.0
7	34.93008107419629	36.0	36.0	36.0	36.0	36.0
8	34.925555168055475	36.0	36.0	36.0	36.0	36.0
9	34.90666709709164	36.0	36.0	36.0	36.0	36.0
10	34.88831748278842	36.0	36.0	36.0	36.0	36.0
11	34.86376940644095	36.0	36.0	36.0	36.0	36.0
12	34.84635244875751	36.0	36.0	36.0	36.0	36.0
13	34.82337983365403	36.0	36.0	36.0	32.0	36.0
14	34.81447078383096	36.0	36.0	36.0	32.0	36.0
15	34.793977989366034	36.0	36.0	36.0	32.0	36.0
16	34.785511142055775	36.0	36.0	36.0	32.0	36.0
17	34.78214031681872	36.0	36.0	36.0	32.0	36.0
18	34.7649531301136	36.0	36.0	36.0	32.0	36.0
19	34.756519467448086	36.0	36.0	36.0	32.0	36.0
20	34.76703461049492	36.0	36.0	36.0	32.0	36.0
21	34.743818512051675	36.0	36.0	36.0	32.0	36.0
22	34.7336326848735	36.0	36.0	36.0	32.0	36.0
23	34.7230233081166	36.0	36.0	36.0	32.0	36.0
24	34.71471113478891	36.0	36.0	36.0	32.0	36.0
25	34.702061346385065	36.0	36.0	36.0	32.0	36.0
26	34.67919271118889	36.0	36.0	36.0	32.0	36.0
27	34.67490894361921	36.0	36.0	36.0	32.0	36.0
28	34.63781782382251	36.0	36.0	36.0	32.0	36.0
29	34.62561888461563	36.0	36.0	36.0	32.0	36.0
30	34.61392543515409	36.0	36.0	36.0	32.0	36.0
31	34.59160150646355	36.0	36.0	36.0	32.0	36.0
32	34.57236047890862	36.0	36.0	36.0	32.0	36.0
33	34.549569937420586	36.0	36.0	36.0	32.0	36.0
34	34.53568647185741	36.0	36.0	36.0	32.0	36.0
35	34.506788238888056	36.0	36.0	36.0	32.0	36.0
36	34.487896337952634	36.0	36.0	36.0	32.0	36.0
37	34.47392315349372	36.0	36.0	36.0	32.0	36.0
38	34.44130324881483	36.0	36.0	36.0	32.0	36.0
39	34.431427237000726	36.0	36.0	36.0	32.0	36.0
40	34.42129802731005	36.0	36.0	36.0	32.0	36.0
41	34.40165393832959	36.0	36.0	36.0	32.0	36.0
42	34.37392694319914	36.0	36.0	36.0	32.0	36.0
43	34.348680152231786	36.0	36.0	36.0	32.0	36.0
44	34.32107755382986	36.0	36.0	36.0	32.0	36.0
45	34.30381194939451	36.0	36.0	36.0	32.0	36.0
46	34.27445497920129	36.0	36.0	36.0	32.0	36.0
47	34.288447796344414	36.0	36.0	36.0	32.0	36.0
48	34.29074024728576	36.0	36.0	36.0	32.0	36.0
49	34.307649721014435	36.0	36.0	36.0	32.0	36.0
50	34.37411275049934	36.0	36.0	36.0	32.0	36.0
51	34.49000520475643	36.0	36.0	36.0	32.0	36.0
>>END_MODULE
>>Per sequence quality scores	pass
#Quality	Count
14	5.0
15	39.0
16	226.0
17	698.0
18	1924.0
19	5247.0
20	11861.0
21	23442.0
22	39546.0
23	63157.0
24	98780.0
25	147995.0
26	216054.0
27	303418.0
28	411536.0
29	544234.0
30	707747.0
31	924925.0
32	1247354.0
33	1856113.0
34	3597271.0
35	1.4686612E7
36	7235107.0
>>END_MODULE
>>Per base sequence content	pass
#Base	G	A	T	C
1	22.03804959941007	27.327317231038922	27.72466339201629	22.909969777534712
2	21.988144589979235	27.39065672954653	27.962513902786835	22.6586847776874
3	21.939580800493502	27.432716971877564	27.871414636612467	22.756287591016466
4	22.128276921013704	27.071475680434737	28.223227508856098	22.57701988969546
5	22.204953954231197	27.164284371017573	27.8082841634414	22.822477511309835
6	21.622800279487215	27.58295078170346	28.04770956988449	22.746539368924836
7	21.674072281410727	27.590910091334482	28.102047091372988	22.632970535881807
8	21.82187442214625	27.43284444441677	28.031991228763776	22.713289904673196
9	21.624606922950125	27.545432570368632	28.141102578498284	22.688857928182955
10	21.770544686212652	27.60922365798847	28.068375608603663	22.551856047195216
11	22.259179919330478	27.626162048255086	27.764521231309253	22.35013680110518
12	21.597450158364264	27.795287334255143	28.15949261174819	22.447769895632405
13	21.651233287596924	27.619521845685924	28.332704749556193	22.39654011716096
14	21.718157010304193	27.307291604240724	28.509135422045027	22.465415963410056
15	21.580076480117718	27.610871561847876	28.291311564877525	22.517740393156878
16	21.71553477781493	27.996639569587973	28.203284186607924	22.08454146598917
17	21.840455229028912	27.72932534647247	27.8784384859581	22.551780938540514
18	21.74211026445819	28.167461392808473	27.88056927659038	22.209859066142954
19	21.88417558854513	27.839264857137874	28.15189482518597	22.124664729131023
20	21.977203255340047	27.581500788855145	28.104524559546928	22.33677139625788
21	22.00121008363139	27.708207179081658	28.141231518116477	22.149351219170477
22	21.761988650232354	27.923045549579395	28.170014122872892	22.144951677315362
23	21.841388058955264	27.643552389279787	28.130610561852286	22.384448989912663
24	21.710511157398955	28.0059484535512	28.109769401447803	22.173770987602044
25	21.774883191008033	27.968258315524743	27.973723356555585	22.283135136911643
26	21.92219660988479	27.92675292823916	27.920782925855857	22.23026753602019
27	21.84897564877335	28.009182752131846	28.038744199585842	22.103097399508968
28	21.62075425689833	27.990575559552582	28.02707358429143	22.36159659925766
29	21.937236112016357	27.759963938501965	28.096049899465324	22.206750050016353
30	21.798253343852032	28.071407674555683	27.952446579804697	22.17789240178759
31	21.890993727162645	27.99908827388106	27.993648101755657	22.116269897200638
32	21.87516110775462	28.0078671506167	27.896594867615367	22.220376874013308
33	21.761400364055262	27.768562523524192	28.180357701136984	22.289679411283558
34	21.91887679963799	28.139846207934806	27.9967239545051	21.944553037922113
35	21.88024500897369	27.79561413214264	27.98718581148974	22.336955047393932
36	22.02649084065141	28.044256868655122	27.787307917985743	22.141944372707734
37	21.78721299188933	27.967754882754914	27.954112098856896	22.290920026498863
38	21.809007468389144	27.846980010674294	27.97009815952765	22.37391436140891
39	21.736834684180025	27.950239911026937	28.007621406806106	22.305303997986933
40	21.783132356619785	27.922967687526924	28.160367954824423	22.13353200102887
41	22.05637597838395	27.922280861040395	27.950217424384853	22.0711257361908
42	22.012959388431845	27.976384155109407	27.927984197166545	22.0826722592922
43	21.936289250135445	28.150655324642333	27.880444080951257	22.032611344270965
44	21.964494126398044	27.828760779560156	27.831185617861475	22.37555947618032
45	21.884558683576863	27.973936212198886	27.98622497221569	22.155280132008563
46	21.889764828794572	28.21670777117215	27.76073281848246	22.132794581550815
47	21.929798605809587	27.91234936535762	27.89819489540786	22.259657133424938
48	21.934300626202905	28.277068069167488	28.041375462650077	21.74725584197953
49	22.15375535820908	28.24604772385498	28.02599957137966	21.574197346556286
50	22.263817680614668	28.408559839907337	28.00811852251176	21.31950395696623
51	21.662505518305522	28.980197015158076	28.17301508350965	21.18428238302675
>>END_MODULE
>>Per base GC content	pass
#Base	%GC
1	44.94801937694478
2	44.64682936766664
3	44.69586839150997
4	44.705296810709164
5	45.027431465541035
6	44.36933964841205
7	44.30704281729253
8	44.53516432681945
9	44.313464851133084
10	44.32240073340787
11	44.60931672043566
12	44.04522005399667
13	44.04777340475788
14	44.18357297371425
15	44.097816873274596
16	43.80007624380411
17	44.39223616756942
18	43.951969330601145
19	44.00884031767615
20	44.313974651597924
21	44.15056130280187
22	43.90694032754771
23	44.22583704886793
24	43.884282145000995
25	44.058018327919676
26	44.15246414590498
27	43.952073048282315
28	43.98235085615599
29	44.14398616203271
30	43.97614574563962
31	44.00726362436328
32	44.09553798176793
33	44.05107977533882
34	43.8634298375601
35	44.21720005636762
36	44.16843521335914
37	44.07813301838819
38	44.182921829798055
39	44.04213868216696
40	43.916664357648656
41	44.12750171457475
42	44.09563164772404
43	43.96890059440641
44	44.340053602578365
45	44.039838815585426
46	44.022559410345394
47	44.189455739234525
48	43.681556468182436
49	43.72795270476536
50	43.5833216375809
51	42.84678790133227
>>END_MODULE
>>Per sequence GC content	warn
#GC Content	Count
0	11827.0
1	11186.0
2	8581.5
3	7096.5
4	7679.5
5	8928.5
6	10395.0
7	12559.5
8	14755.5
9	18664.5
10	22762.0
11	30306.5
12	37942.5
13	51252.5
14	65715.0
15	89205.5
16	113530.0
17	149901.5
18	187083.0
19	236269.5
20	286581.5
21	349911.5
22	414196.5
23	490176.0
24	567938.0
25	645947.5
26	796113.0
27	895939.5
28	1004357.0
29	1114556.0
30	1229923.5
31	1346983.0
32	1465935.0
33	1586878.0
34	1697053.5
35	1800544.5
36	1870559.0
37	1935527.0
38	1966761.5
39	1995507.0
40	1998790.5
41	1995332.0
42	1979700.5
43	1956635.5
44	1913147.5
45	1866357.0
46	1815037.5
47	1761298.5
48	1705067.5
49	1649625.0
50	1603244.0
51	1558111.0
52	1515020.5
53	1470897.5
54	1427792.5
55	1382682.0
56	1333659.0
57	1280806.0
58	1217712.5
59	1144761.5
60	1064388.5
61	980487.0
62	896613.0
63	816339.0
64	727475.0
65	641448.0
66	564905.5
67	490259.5
68	420486.0
69	353306.0
70	300455.0
71	250341.0
72	209058.0
73	171151.5
74	139880.5
75	103826.5
76	86085.0
77	71085.0
78	56876.0
79	45997.5
80	36053.5
81	29325.0
82	23429.5
83	18859.5
84	14567.5
85	11518.5
86	8721.0
87	6872.5
88	5207.5
89	3996.0
90	2894.0
91	2336.0
92	1874.0
93	1585.0
94	1259.0
95	1058.5
96	909.0
97	836.0
98	774.5
99	1293.0
100	1815.0
>>END_MODULE
>>Per base N content	pass
#Base	N-Count
1	5.198720143586783E-4
2	7.315564273909544E-4
3	8.000425610190439E-4
4	7.004263666509138E-4
5	4.482728746565849E-4
6	5.478890690247148E-4
7	0.0018428995958104045
8	3.4554367421445084E-4
9	4.233688260645524E-4
10	0.001164264271677519
11	0.0011767162959735351
12	6.163752026528042E-4
13	0.002540212956387314
14	0.0059022595163117
15	0.0021604262153588185
16	7.782515185010154E-5
17	9.961619436812998E-5
18	2.0545840088426808E-4
19	3.424306681404468E-5
20	0.0044329206493817835
21	0.0031129890699806485
22	1.122965992752939E-4
23	0.004012750616573965
24	1.1879885974353389E-4
25	0.001402235996756453
26	2.6951119225139027E-4
27	0.006479876156230348
28	1.571158803462017E-5
29	0.006652668369863059
30	0.003993685249186417
31	0.0016765426394521172
32	0.00190083769379491
33	0.0023573145839797596
34	7.776770253987095E-4
35	0.00489424083010395
36	2.644648070308638E-4
37	0.0029213158423884015
38	0.0026747406293453537
39	0.0027128327088099566
40	3.2786876814689346E-4
41	1.9335488252015143E-5
42	3.554305014623542E-5
43	1.84698554299609E-4
44	9.75135951016451E-6
45	9.789231004021711E-5
46	1.4441614799661816E-4
47	0.0
48	0.0
49	0.002503254776977828
50	1.1741165831513348E-4
51	6.35501395772899E-4
>>END_MODULE
>>Sequence Length Distribution	warn
#Length	Count
20	31948.0
21	33382.0
22	35039.0
23	36083.0
24	37866.0
25	39352.0
26	41728.0
27	44248.0
28	46922.0
29	51639.0
30	52761.0
31	54684.0
32	56302.0
33	57256.0
34	58959.0
35	60984.0
36	62636.0
37	66135.0
38	70252.0
39	75107.0
40	78984.0
41	82639.0
42	87288.0
43	96156.0
44	119020.0
45	178414.0
46	321553.0
47	847623.0
48	1814113.0
49	3636501.0
50	4964989.0
51	1.8882728E7
>>END_MODULE
>>Sequence Duplication Levels	warn
#Total Duplicate Percentage	41.163071613459884
#Duplication Level	Relative count
1	100.0
2	25.124019574981563
3	12.325702218944828
4	7.362405309378562
5	4.786485218207415
6	3.272273245290608
7	2.3639136555607694
8	1.7639270630823891
9	1.2871220754843467
10++	9.308171884427164
>>END_MODULE
>>Overrepresented sequences	pass
>>END_MODULE
>>Kmer Content	warn
#Sequence	Count	Obs/Exp Overall	Obs/Exp Max	Max Obs/Exp Position
AAAAA	10746560	4.4083266	5.37448	47
TTTTT	9837580	3.8892379	4.4982195	13
CCTGG	2986265	3.0719507	3.8363705	9
>>END_MODULE
