##FastQC	0.10.1
>>Basic Statistics	pass
#Measure	Value	
Filename	030-F0_S1_L002_R1_001_trimmed.fq.gz	
File type	Conventional base calls	
Encoding	Sanger / Illumina 1.9	
Total Sequences	17047708	
Filtered Sequences	0	
Sequence length	20-51	
%GC	43	
>>END_MODULE
>>Per base sequence quality	pass
#Base	Mean	Median	Lower Quartile	Upper Quartile	10th Percentile	90th Percentile
1	35.092351006950615	36.0	36.0	36.0	36.0	36.0
2	35.07564676729564	36.0	36.0	36.0	36.0	36.0
3	35.06783469073966	36.0	36.0	36.0	36.0	36.0
4	35.046425595745774	36.0	36.0	36.0	36.0	36.0
5	35.030292107302635	36.0	36.0	36.0	36.0	36.0
6	34.97282185968929	36.0	36.0	36.0	36.0	36.0
7	34.94601004428279	36.0	36.0	36.0	36.0	36.0
8	34.92950289857147	36.0	36.0	36.0	36.0	36.0
9	34.91363671878941	36.0	36.0	36.0	36.0	36.0
10	34.894833252657776	36.0	36.0	36.0	36.0	36.0
11	34.873448325135556	36.0	36.0	36.0	36.0	36.0
12	34.85354365525266	36.0	36.0	36.0	36.0	36.0
13	34.83966120254993	36.0	36.0	36.0	36.0	36.0
14	34.82829257751247	36.0	36.0	36.0	36.0	36.0
15	34.81278720869691	36.0	36.0	36.0	36.0	36.0
16	34.793825950092526	36.0	36.0	36.0	32.0	36.0
17	34.78145812915144	36.0	36.0	36.0	32.0	36.0
18	34.760295870858414	36.0	36.0	36.0	32.0	36.0
19	34.73584314090785	36.0	36.0	36.0	32.0	36.0
20	34.74415598859389	36.0	36.0	36.0	32.0	36.0
21	34.7160005974709	36.0	36.0	36.0	32.0	36.0
22	34.70841038482186	36.0	36.0	36.0	32.0	36.0
23	34.69888192869585	36.0	36.0	36.0	32.0	36.0
24	34.689008865391415	36.0	36.0	36.0	32.0	36.0
25	34.672613502138276	36.0	36.0	36.0	32.0	36.0
26	34.63957977751183	36.0	36.0	36.0	32.0	36.0
27	34.63497953254671	36.0	36.0	36.0	32.0	36.0
28	34.6037585707038	36.0	36.0	36.0	32.0	36.0
29	34.594102167108744	36.0	36.0	36.0	32.0	36.0
30	34.5853454246686	36.0	36.0	36.0	32.0	36.0
31	34.55209686874327	36.0	36.0	36.0	32.0	36.0
32	34.542616134183106	36.0	36.0	36.0	32.0	36.0
33	34.49490284603507	36.0	36.0	36.0	32.0	36.0
34	34.49513358055819	36.0	36.0	36.0	32.0	36.0
35	34.45358763018221	36.0	36.0	36.0	32.0	36.0
36	34.437333618879514	36.0	36.0	36.0	32.0	36.0
37	34.437473448027895	36.0	36.0	36.0	32.0	36.0
38	34.38779391949084	36.0	36.0	36.0	32.0	36.0
39	34.391277442991395	36.0	36.0	36.0	32.0	36.0
40	34.36262441881973	36.0	36.0	36.0	32.0	36.0
41	34.34318912295966	36.0	36.0	36.0	32.0	36.0
42	34.31587119718933	36.0	36.0	36.0	32.0	36.0
43	34.30536891128115	36.0	36.0	36.0	32.0	36.0
44	34.260647005422626	36.0	36.0	36.0	32.0	36.0
45	34.25238921870189	36.0	36.0	36.0	32.0	36.0
46	34.23305791707951	36.0	36.0	36.0	32.0	36.0
47	34.2441520405996	36.0	36.0	36.0	32.0	36.0
48	34.218800935536294	36.0	36.0	36.0	32.0	36.0
49	34.262585058008995	36.0	36.0	36.0	32.0	36.0
50	34.33814744343805	36.0	36.0	36.0	32.0	36.0
51	34.446636716668245	36.0	36.0	36.0	32.0	36.0
>>END_MODULE
>>Per sequence quality scores	pass
#Quality	Count
12	1.0
13	5.0
14	19.0
15	85.0
16	429.0
17	1145.0
18	2452.0
19	5037.0
20	9367.0
21	16485.0
22	26087.0
23	39773.0
24	58002.0
25	84136.0
26	119287.0
27	163832.0
28	220358.0
29	288967.0
30	376007.0
31	489265.0
32	659139.0
33	975103.0
34	1858491.0
35	7604721.0
36	4049515.0
>>END_MODULE
>>Per base sequence content	pass
#Base	G	A	T	C
1	21.55632401445264	27.527346236591434	27.550739443551393	23.365590305404535
2	21.855718977510676	28.65037601284256	27.818046187961315	21.675858821685452
3	21.130285799156788	28.4712617638995	28.326761383613725	22.07169105332999
4	22.266250801509873	27.13453862742325	28.981435591220844	21.617774979846033
5	21.685663625741476	27.810208303795857	28.466847998654117	22.037280071808546
6	20.835675053255127	28.64984069656501	28.632776766071345	21.881707484108517
7	21.070568559714815	28.53241399861912	28.38364391383642	22.013373527829643
8	20.897802134695073	28.503623416029495	27.889694887610784	22.708879561664652
9	21.442717779449385	28.03061736106585	27.931848084792925	22.594816774691832
10	21.038083417377663	28.07909476264362	28.65513644745805	22.227685372520664
11	22.468777453034193	27.626921008469612	27.932118970656695	21.9721825678395
12	21.061680608413642	28.60734673938044	28.411376437375118	21.9195962148308
13	20.998531037163318	28.443442584389107	28.987765995076554	21.570260383371025
14	21.228584922323478	28.116823545291698	29.081512846538836	21.573078685845985
15	21.025715447329492	28.589807264807888	28.739675068019476	21.644802219843147
16	20.935977986926275	28.523333046289256	29.190340959085425	21.35034800769904
17	21.16687324414278	28.024424186183587	27.94843370980707	22.860268859866554
18	21.17562360531932	29.26305719694679	27.920773191815435	21.640546005918456
19	21.947442088857475	28.02897362390333	28.39512987548165	21.62845441175755
20	22.418475120688417	27.57850392940527	28.544920469240925	21.458100480665394
21	22.323424571373533	27.604125683456697	28.597536655774768	21.474913089395
22	21.37229469365327	28.724859887182124	28.647776718068986	21.25506870109562
23	21.122985680240333	28.578015907384298	28.77899747351782	21.52000093885755
24	20.888216681639104	28.774658293444578	28.548872435421096	21.788252589495222
25	21.140136416006374	28.871396824259993	28.131446384342496	21.857020375391137
26	21.265789978569604	27.91763398000126	28.490653151116163	22.32592289031297
27	22.18496400047072	28.01609132005406	28.24795753042159	21.550987149053626
28	20.919881924160226	28.59569887683115	28.33593250576699	22.14848669324163
29	22.10598319983812	27.778696993626966	28.13072681919681	21.9845929873381
30	21.13429946615	29.209554838591167	27.901523310321156	21.754622384937676
31	21.248046176841143	28.62412638453231	28.440700803532177	21.687126635094366
32	21.28299407181421	29.039967321967392	27.967081885847723	21.70995672037068
33	21.12673440445536	27.793936547712473	29.094813004700253	21.984516043131915
34	21.31153051614695	28.931182603662364	28.558777227196902	21.198509652993785
35	21.211659176350345	27.55592305066314	28.90230061462203	22.33011715836449
36	21.595721211566936	28.305721250484034	27.908523670348874	22.19003386760016
37	21.27600892744279	28.293464101349073	27.962779678500105	22.467747292708033
38	21.579801337849386	28.539649281654107	27.595444748285825	22.285104632210682
39	21.580816370475503	28.36780197496222	27.75447967601123	22.296901978551052
40	21.10377546648544	28.00000984925712	28.97516632932961	21.92104835492783
41	21.74056217298573	27.849348096374204	28.41425999648154	21.995829734158526
42	21.852772040151997	27.650816184329884	28.753602053489857	21.74280972202826
43	21.561988793974805	28.64974525110518	28.188243043551214	21.600022911368804
44	21.615362365519104	28.067449565267694	27.959736643375667	22.357451425837528
45	21.879078710506576	28.57945339070172	27.918604044332863	21.622863854458846
46	21.531833171203793	29.731779836590395	27.447282673640995	21.28910431856482
47	21.89889257436165	27.979931174837642	27.778275179521263	22.34290107127945
48	21.854688073939908	28.601257127783093	28.450448772963288	21.09360602531371
49	22.199187560298807	28.13587179164667	28.609942513672415	21.054998134382107
50	23.0835940809116	28.040956524995607	28.189285631269563	20.686163762823227
51	21.769573352307166	29.53388430422188	28.118833758014723	20.577708585456232
>>END_MODULE
>>Per base GC content	pass
#Base	%GC
1	44.92191431985717
2	43.53157779919613
3	43.20197685248678
4	43.88402578135591
5	43.72294369755003
6	42.71738253736364
7	43.08394208754446
8	43.60668169635972
9	44.037534554141224
10	43.265768789898324
11	44.440960020873696
12	42.98127682324444
13	42.56879142053434
14	42.80166360816946
15	42.67051766717264
16	42.286325994625315
17	44.027142104009336
18	42.816169611237775
19	43.575896500615016
20	43.87657560135381
21	43.79833766076853
22	42.62736339474889
23	42.64298661909788
24	42.67646927113432
25	42.997156791397515
26	43.591712868882574
27	43.73595114952435
28	43.06836861740186
29	44.090576187176225
30	42.88892185108767
31	42.935172811935516
32	42.992950792184885
33	43.111250447587274
34	42.51004016914074
35	43.54177633471483
36	43.785755079167096
37	43.74375622015082
38	43.86490597006007
39	43.87771834902655
40	43.02482382141327
41	43.73639190714426
42	43.59558176218026
43	43.16201170534361
44	43.972813791356636
45	43.501942564965425
46	42.82093748976861
47	44.241793645641096
48	42.94829409925362
49	43.25418569468091
50	43.76975784373482
51	42.3472819377634
>>END_MODULE
>>Per sequence GC content	warn
#GC Content	Count
0	9803.0
1	8922.0
2	6609.0
3	5632.0
4	6176.0
5	7156.0
6	8127.0
7	9468.0
8	10886.5
9	13320.5
10	15920.5
11	20177.0
12	24483.5
13	31512.0
14	38979.5
15	50194.0
16	61900.5
17	79545.0
18	98117.0
19	123519.0
20	149096.0
21	178462.5
22	208664.0
23	246374.5
24	285878.0
25	326966.5
26	407119.0
27	463289.0
28	533987.0
29	608144.0
30	692395.5
31	778593.5
32	871696.5
33	965665.0
34	1042175.0
35	1111873.5
36	1131428.0
37	1142758.5
38	1130950.0
39	1119596.0
40	1103259.5
41	1083811.5
42	1076299.0
43	1065906.0
44	1041878.5
45	1018026.0
46	993632.0
47	967136.0
48	940851.5
49	914313.0
50	886667.0
51	858314.0
52	827346.5
53	792827.0
54	756217.0
55	719345.0
56	680303.5
57	639278.5
58	596030.5
59	550168.5
60	503612.5
61	455079.0
62	408285.5
63	364954.5
64	321940.5
65	281318.0
66	247038.5
67	214289.0
68	180744.5
69	146263.0
70	120818.5
71	99183.0
72	82699.5
73	67286.0
74	54912.5
75	41348.5
76	34463.5
77	28497.0
78	22968.0
79	18838.5
80	15055.5
81	12400.5
82	10071.0
83	8238.5
84	6538.0
85	5278.5
86	4070.0
87	3290.0
88	2613.5
89	2104.0
90	1646.0
91	1345.5
92	1091.0
93	909.0
94	720.0
95	634.0
96	551.5
97	467.0
98	414.5
99	600.5
100	777.0
>>END_MODULE
>>Per base N content	pass
#Base	N-Count
1	1.407813883250464E-4
2	1.1145193242399506E-4
3	1.1731782360420533E-5
4	0.001143848780141002
5	9.092131329325912E-4
6	3.108922325511441E-4
7	0.003507802925765739
8	7.097728328054422E-4
9	0.0053320950828111315
10	9.209449152930118E-4
11	0.0024167471662466296
12	0.0013315572979077305
13	0.0017949627011443414
14	0.003900817634839827
15	9.972015006357454E-5
16	0.002252502213200742
17	0.004898019135475573
18	0.0020354642395329623
19	0.002000268892451701
20	5.279302062189239E-4
21	0.010453390394703334
22	0.010554111453300558
23	0.006392314880713448
24	0.0010338614435435147
25	0.0016513835753271219
26	0.0026983718439427783
27	0.014690071579631954
28	0.00242382389007774
29	0.004237763606802386
30	0.004242090923624653
31	0.00616619367522478
32	0.009579490437257133
33	0.013095752743505934
34	0.005489317986699528
35	0.001212484737090569
36	0.002797087818098812
37	7.317322584349064E-4
38	0.0028439086778723603
39	2.760632884290833E-4
40	0.007109427007882231
41	0.008134543998896123
42	0.004582586802658496
43	1.2451829320036108E-5
44	0.0019449612246026213
45	0.0014901473906670372
46	9.499150332666577E-5
47	6.4088982168266136E-6
48	9.237388276263098E-4
49	0.003850543270901599
50	0.0012832748528572033
51	2.02711838432178E-5
>>END_MODULE
>>Sequence Length Distribution	warn
#Length	Count
20	29306.0
21	29762.0
22	30777.0
23	31030.0
24	31909.0
25	32904.0
26	34328.0
27	36043.0
28	37529.0
29	40664.0
30	41907.0
31	42272.0
32	43747.0
33	44313.0
34	46164.0
35	49377.0
36	46235.0
37	48705.0
38	50126.0
39	54575.0
40	55822.0
41	63950.0
42	64366.0
43	71861.0
44	85569.0
45	113581.0
46	187580.0
47	447507.0
48	924041.0
49	1841583.0
50	2523953.0
51	9866222.0
>>END_MODULE
>>Sequence Duplication Levels	warn
#Total Duplicate Percentage	27.189928323429577
#Duplication Level	Relative count
1	100.0
2	16.675905457119768
3	5.833127408485884
4	2.7355724599448346
5	1.5547882536014586
6	1.0084751988566163
7	0.659182133292371
8	0.4908803120262337
9	0.39003279214057207
10++	4.224910005276128
>>END_MODULE
>>Overrepresented sequences	warn
#Sequence	Count	Percentage	Possible Source
CAAGAAAACTGAAAATCATGGAAAATGAGAAACATCCACTTGACGACTTGA	19113	0.11211477812735882	No Hit
>>END_MODULE
>>Kmer Content	warn
#Sequence	Count	Obs/Exp Overall	Obs/Exp Max	Max Obs/Exp Position
TTTTT	5678110	4.0417557	6.2216597	13
AAAAA	5652330	4.0386777	5.0920467	13
GAAAA	3422730	3.2217922	8.541691	4
TTTTC	3466650	3.1974783	6.4280343	4
AGAAA	3310770	3.116405	7.777585	28
GCAGC	1452930	3.020558	3.300139	37
CCAGG	1413710	2.939022	5.80458	35
AAGAA	2738760	2.577976	5.447491	2
GGAAA	1954275	2.4233918	8.48365	20
GAGAA	1937895	2.4030802	8.730969	27
AAAAT	3164195	2.259154	5.9091477	22
GGTGG	1032410	2.2201762	5.413667	18
TCCTC	1429120	2.2132423	5.6436577	24
GAGGA	1352675	2.2097576	5.189224	2
CCACC	1082645	2.1742365	6.357917	8
TGGAA	1734010	2.1486244	5.99449	19
TGAAA	2149200	2.0214944	6.7170143	10
TTCAG	1660910	2.0212266	5.424853	15
CTGAA	1636945	1.9935727	7.950106	9
AAATG	2090240	1.9660381	6.8675613	23
TCCAC	1267360	1.9642167	5.6879344	35
CATTT	2069950	1.9106737	6.6860075	1
AAAAC	2006735	1.8565385	6.452271	5
GTGGA	1082690	1.7673647	6.264177	47
TGAGA	1423380	1.7637203	8.070366	26
CCACT	1066215	1.6524721	5.8664656	36
CATGG	1013810	1.6265513	6.49378	17
CAAGA	1266965	1.5441577	5.7372336	1
AGTGG	918815	1.499858	5.6354074	46
AATGA	1593110	1.4984474	6.346449	24
CATCC	960755	1.4890251	5.347704	33
ATGGA	1195445	1.4812847	5.386681	18
ATGAG	1181400	1.4638813	7.7316284	25
ACTGA	1178555	1.435317	7.1790543	8
CACTT	1196810	1.4314734	6.820805	37
CTTGA	1175505	1.4305182	6.4499297	47
AACTG	1171155	1.426305	7.1875863	7
AAACT	1462305	1.3518323	5.809582	6
AAATC	1436160	1.3276626	6.084496	13
AAGTG	1060645	1.3142529	5.0787363	47
ACTTG	1068840	1.3007134	5.4521003	46
AATCA	1283575	1.1866049	5.90579	14
CCTCG	430370	0.8787079	5.0771875	25
>>END_MODULE
