##FastQC	0.10.1
>>Basic Statistics	pass
#Measure	Value	
Filename	KS29_S2_L002_R2_001_trimmed.fq.gz	
File type	Conventional base calls	
Encoding	Sanger / Illumina 1.9	
Total Sequences	19371989	
Filtered Sequences	0	
Sequence length	20-50	
%GC	45	
>>END_MODULE
>>Per base sequence quality	pass
#Base	Mean	Median	Lower Quartile	Upper Quartile	10th Percentile	90th Percentile
1	34.97131063826229	36.0	36.0	36.0	36.0	36.0
2	34.965621547689295	36.0	36.0	36.0	36.0	36.0
3	34.95002629828047	36.0	36.0	36.0	36.0	36.0
4	34.94707977585575	36.0	36.0	36.0	36.0	36.0
5	34.928408951708576	36.0	36.0	36.0	36.0	36.0
6	34.91334617214577	36.0	36.0	36.0	36.0	36.0
7	34.903946569451385	36.0	36.0	36.0	36.0	36.0
8	34.89709936341591	36.0	36.0	36.0	36.0	36.0
9	34.87795533024513	36.0	36.0	36.0	36.0	36.0
10	34.8604149527444	36.0	36.0	36.0	36.0	36.0
11	34.85382905183355	36.0	36.0	36.0	36.0	36.0
12	34.838212586224365	36.0	36.0	36.0	36.0	36.0
13	34.82500222357137	36.0	36.0	36.0	36.0	36.0
14	34.815367590803405	36.0	36.0	36.0	36.0	36.0
15	34.80198465939662	36.0	36.0	36.0	36.0	36.0
16	34.78049595217094	36.0	36.0	36.0	36.0	36.0
17	34.7728995716444	36.0	36.0	36.0	36.0	36.0
18	34.758042398227666	36.0	36.0	36.0	36.0	36.0
19	34.74401616684791	36.0	36.0	36.0	36.0	36.0
20	34.735433258815085	36.0	36.0	36.0	36.0	36.0
21	34.72371962057781	36.0	36.0	36.0	36.0	36.0
22	34.720564610947704	36.0	36.0	36.0	36.0	36.0
23	34.70400870544525	36.0	36.0	36.0	32.0	36.0
24	34.68037341875436	36.0	36.0	36.0	32.0	36.0
25	34.66495161810653	36.0	36.0	36.0	32.0	36.0
26	34.644921928946715	36.0	36.0	36.0	32.0	36.0
27	34.63670212614098	36.0	36.0	36.0	32.0	36.0
28	34.614994379540676	36.0	36.0	36.0	32.0	36.0
29	34.59147947761175	36.0	36.0	36.0	32.0	36.0
30	34.5709249078479	36.0	36.0	36.0	32.0	36.0
31	34.55811273730585	36.0	36.0	36.0	32.0	36.0
32	34.5340526444534	36.0	36.0	36.0	32.0	36.0
33	34.51049520354123	36.0	36.0	36.0	32.0	36.0
34	34.482543288219304	36.0	36.0	36.0	32.0	36.0
35	34.45875162226649	36.0	36.0	36.0	32.0	36.0
36	34.44742221103132	36.0	36.0	36.0	32.0	36.0
37	34.4192455472537	36.0	36.0	36.0	32.0	36.0
38	34.40103555885237	36.0	36.0	36.0	32.0	36.0
39	34.37152236184758	36.0	36.0	36.0	32.0	36.0
40	34.34450213471621	36.0	36.0	36.0	32.0	36.0
41	34.31983074995161	36.0	36.0	36.0	32.0	36.0
42	34.29910037024659	36.0	36.0	36.0	32.0	36.0
43	34.2960090628918	36.0	36.0	36.0	32.0	36.0
44	34.26819414439587	36.0	36.0	36.0	32.0	36.0
45	34.248862009638486	36.0	36.0	36.0	32.0	36.0
46	34.23289804922999	36.0	36.0	36.0	32.0	36.0
47	34.244469821306694	36.0	36.0	36.0	32.0	36.0
48	34.26797860134054	36.0	36.0	36.0	32.0	36.0
49	34.34533044278825	36.0	36.0	36.0	32.0	36.0
50	34.475442568286326	36.0	36.0	36.0	32.0	36.0
>>END_MODULE
>>Per sequence quality scores	pass
#Quality	Count
14	919.0
15	1969.0
16	3793.0
17	6196.0
18	10034.0
19	15394.0
20	22658.0
21	32167.0
22	45122.0
23	61961.0
24	84392.0
25	113500.0
26	148756.0
27	191946.0
28	243346.0
29	305604.0
30	383452.0
31	494028.0
32	668561.0
33	1001834.0
34	1954451.0
35	8822625.0
36	4759281.0
>>END_MODULE
>>Per base sequence content	pass
#Base	G	A	T	C
1	22.553099735912507	26.782402158085056	27.468965628671377	23.195532477331056
2	22.43821220422952	26.789820085072318	27.730725017446584	23.041242693251583
3	22.45341972886728	26.843423254060284	27.5510170896752	23.152139927397233
4	22.526065857253997	26.632753095203594	27.84179260064622	22.999388446896184
5	22.703326953159017	26.663250737959842	27.446180152177458	23.187242156703682
6	22.208401006215727	26.998007277414825	27.652555450036647	23.141036266332797
7	22.29560423557953	27.005234206977917	27.671789406859563	23.027372150582988
8	22.417321215699637	26.881596928431044	27.659348763825953	23.041733092043362
9	22.147008239577257	27.091177885760725	27.793372172573505	22.968441702088516
10	22.312107445446102	27.129134752244592	27.683662219713217	22.87509558259609
11	22.702841716459783	27.123910714588988	27.41234263554455	22.760904933406685
12	22.125213884851988	27.277803017542496	27.760809692799228	22.83617340480629
13	22.262711381882365	27.082211331009944	27.85344860561298	22.80162868149471
14	22.282884839548483	26.859477361875438	28.0118783879136	22.845759410662478
15	22.196383654770813	27.087192750315932	27.86819154192169	22.848232052991566
16	22.341577831785884	27.41780412945723	27.716477642022202	22.524140396734687
17	22.476989843428054	27.169497153854465	27.49097162919099	22.862541373526486
18	22.293400022062784	27.53059585156692	27.53978437629714	22.63621975007316
19	22.402077556414056	27.317860855692206	27.737471872402985	22.542589715490756
20	22.402738304259824	27.126569192249693	27.73411651224869	22.736575991241786
21	22.451331195816294	27.222271295233046	27.730523051142857	22.5958744578078
22	22.27437963144414	27.36983210143482	27.784190837636025	22.571597429485017
23	22.403112605358494	27.09883329030963	27.6735592534672	22.824494850864674
24	22.271670448153863	27.44484226683797	27.733268679428463	22.5502186055797
25	22.32813010222931	27.392588341400526	27.617592929682644	22.66168862668752
26	22.457059403783518	27.427948484405157	27.524527648644554	22.590464463166768
27	22.34759247671196	27.504201333889444	27.635565851869597	22.512640337529
28	22.21163229840051	27.45727655933323	27.62233630912329	22.708754833142972
29	22.443753298371934	27.303440439244053	27.678252003574023	22.57455425880999
30	22.338566281762702	27.498401599951844	27.62037886897952	22.542653249305936
31	22.426408064131504	27.47576513601752	27.571657713807916	22.526169086043062
32	22.400003716722676	27.43243577612843	27.553464168235575	22.614096338913324
33	22.30748748941923	27.356285262045038	27.70918143705695	22.62704581147878
34	22.433399317270382	27.641379570242535	27.57848197863879	22.346739133848295
35	22.42935786471599	27.393172300229097	27.506380438782564	22.671089396272357
36	22.496567274980343	27.614924442256655	27.408517399253412	22.479990883509593
37	22.330867660610863	27.497057436629092	27.544648372219676	22.627426530540365
38	22.321249549285426	27.349612975187952	27.614618400611963	22.71451907491466
39	22.243323325063553	27.52349439748577	27.64201865627005	22.591163621180623
40	22.380783273590872	27.482567409100827	27.645090152719803	22.491559164588494
41	22.550501112421124	27.529376628486297	27.490222794002587	22.429899465089992
42	22.47998612908706	27.610000197958772	27.484978352173115	22.42503532078105
43	22.456866453658346	27.663410958003254	27.472667562087636	22.40705502625076
44	22.501261240467034	27.381780091654857	27.419872196078682	22.697086471799434
45	22.369209736727758	27.52702774070887	27.571993468430172	22.531769054133196
46	22.38368096018549	27.667659374843893	27.389280910415387	22.559378754555233
47	22.372128771161133	27.59506244719187	27.475676098937914	22.55713268270908
48	22.413095414555105	27.966543140788236	27.611079941969617	22.009281502687042
49	22.505520134981623	28.211074814133667	27.768201718641457	21.515203332243253
50	22.342922663947924	28.12932044738507	27.880819021659377	21.646937867007633
>>END_MODULE
>>Per base GC content	pass
#Base	%GC
1	45.74863221324357
2	45.4794548974811
3	45.60555965626452
4	45.52545430415018
5	45.8905691098627
6	45.34943727254853
7	45.322976386162516
8	45.459054307743
9	45.11544994166577
10	45.18720302804219
11	45.463746649866465
12	44.961387289658276
13	45.064340063377074
14	45.12864425021096
15	45.044615707762375
16	44.86571822852057
17	45.33953121695454
18	44.92961977213594
19	44.94466727190481
20	45.13931429550161
21	45.0472056536241
22	44.84597706092916
23	45.22760745622317
24	44.821889053733564
25	44.98981872891683
26	45.047523866950286
27	44.86023281424096
28	44.920387131543485
29	45.01830755718193
30	44.88121953106864
31	44.95257715017457
32	45.014100055636
33	44.93453330089801
34	44.780138451118674
35	45.10044726098834
36	44.97655815848993
37	44.95829419115123
38	45.03576862420008
39	44.834486946244176
40	44.872342438179366
41	44.98040057751111
42	44.90502144986811
43	44.86392147990911
44	45.19834771226646
45	44.900978790860954
46	44.94305971474072
47	44.92926145387022
48	44.42237691724215
49	44.020723467224876
50	43.98986053095555
>>END_MODULE
>>Per sequence GC content	warn
#GC Content	Count
0	6489.0
1	5453.5
2	4133.0
3	4177.5
4	4591.0
5	5313.5
6	6150.0
7	7134.5
8	8063.0
9	9948.5
10	12019.5
11	15727.5
12	19639.5
13	26256.0
14	34018.0
15	46732.5
16	60273.5
17	80010.0
18	101111.5
19	129283.0
20	158385.0
21	194619.0
22	232260.5
23	277552.0
24	325005.5
25	369495.0
26	420775.5
27	479160.0
28	540523.0
29	606889.5
30	673743.0
31	742030.0
32	814534.5
33	886157.5
34	957613.5
35	1019289.5
36	1076743.0
37	1121768.5
38	1157185.5
39	1179105.0
40	1197919.0
41	1205362.5
42	1209652.0
43	1201475.5
44	1190001.0
45	1168161.5
46	1144188.0
47	1115742.0
48	1086504.0
49	1058535.5
50	1030616.0
51	1004221.5
52	976296.0
53	948575.0
54	921697.5
55	892812.5
56	860086.5
57	821990.0
58	782394.5
59	734225.0
60	684698.0
61	631315.0
62	576328.5
63	527890.0
64	470478.0
65	416811.5
66	365873.0
67	318920.5
68	271610.5
69	230494.0
70	195109.5
71	163756.0
72	135875.5
73	112126.0
74	90031.0
75	73774.0
76	61882.0
77	51040.5
78	41078.5
79	33180.5
80	26291.0
81	21246.5
82	17050.0
83	13989.5
84	11129.5
85	8744.0
86	6767.5
87	5421.5
88	4452.5
89	3567.0
90	2743.0
91	2261.5
92	1911.0
93	1719.0
94	1530.5
95	1462.5
96	1433.5
97	1557.5
98	2307.5
99	8450.5
100	13967.0
>>END_MODULE
>>Per base N content	pass
#Base	N-Count
1	0.0
2	0.0
3	0.0
4	0.0
5	0.0
6	0.0
7	0.0
8	0.0
9	0.0
10	0.0
11	0.0
12	0.0
13	0.0
14	0.0
15	0.0
16	0.0
17	0.0
18	0.0
19	0.0
20	0.0
21	0.0
22	0.0
23	0.0
24	0.0
25	0.0
26	0.0
27	0.0
28	0.0
29	0.0
30	0.0
31	0.0
32	0.0
33	0.0
34	0.0
35	0.0
36	0.0
37	0.0
38	0.0
39	0.0
40	0.0
41	0.0
42	0.0
43	0.0
44	0.0
45	0.0
46	0.0
47	0.0
48	0.0
49	0.0
50	0.0
>>END_MODULE
>>Sequence Length Distribution	warn
#Length	Count
20	13079.0
21	13837.0
22	14643.0
23	15278.0
24	15990.0
25	16535.0
26	17912.0
27	18957.0
28	20364.0
29	21816.0
30	22740.0
31	24176.0
32	25256.0
33	25746.0
34	26643.0
35	27826.0
36	28661.0
37	30466.0
38	33076.0
39	36098.0
40	38405.0
41	42178.0
42	47423.0
43	61343.0
44	101573.0
45	195197.0
46	519312.0
47	1125566.0
48	2294512.0
49	3103885.0
50	1.1393496E7
>>END_MODULE
>>Sequence Duplication Levels	warn
#Total Duplicate Percentage	33.47700865997278
#Duplication Level	Relative count
1	100.0
2	21.903773445029284
3	9.364667506857439
4	4.984802431610942
5	2.9186744754985545
6	1.8985840314330196
7	1.2625101934909926
8	0.934094447327452
9	0.6434872859366891
10++	4.3583660760619765
>>END_MODULE
>>Overrepresented sequences	pass
>>END_MODULE
>>Kmer Content	warn
#Sequence	Count	Obs/Exp Overall	Obs/Exp Max	Max Obs/Exp Position
AAAAA	5548935	4.213359	5.2766767	46
TTTTT	4726360	3.3832412	3.7896156	13
>>END_MODULE
