##FastQC	0.10.1
>>Basic Statistics	pass
#Measure	Value	
Filename	008-F5_S2_L002_R2_001.fastq.gz	
File type	Conventional base calls	
Encoding	Sanger / Illumina 1.9	
Total Sequences	12771607	
Filtered Sequences	0	
Sequence length	35-75	
%GC	46	
>>END_MODULE
>>Per base sequence quality	pass
#Base	Mean	Median	Lower Quartile	Upper Quartile	10th Percentile	90th Percentile
1	31.502841889826392	32.0	32.0	32.0	32.0	32.0
2	31.329716221302455	32.0	32.0	32.0	32.0	32.0
3	31.35443073060422	32.0	32.0	32.0	32.0	32.0
4	31.371876146831013	32.0	32.0	32.0	32.0	32.0
5	31.369074306780657	32.0	32.0	32.0	32.0	32.0
6	35.126574596290034	36.0	36.0	36.0	36.0	36.0
7	35.109379579249506	36.0	36.0	36.0	36.0	36.0
8	35.06735135210471	36.0	36.0	36.0	36.0	36.0
9	35.12793362652014	36.0	36.0	36.0	36.0	36.0
10	35.00230205956071	36.0	36.0	36.0	36.0	36.0
11	35.11953624943204	36.0	36.0	36.0	36.0	36.0
12	35.0326153161462	36.0	36.0	36.0	36.0	36.0
13	35.058693553599014	36.0	36.0	36.0	36.0	36.0
14	35.00900027694244	36.0	36.0	36.0	36.0	36.0
15	34.99067047709814	36.0	36.0	36.0	36.0	36.0
16	34.997965721933035	36.0	36.0	36.0	36.0	36.0
17	34.98997667247356	36.0	36.0	36.0	36.0	36.0
18	34.9721062509988	36.0	36.0	36.0	36.0	36.0
19	34.96520359575737	36.0	36.0	36.0	36.0	36.0
20	34.95180395074794	36.0	36.0	36.0	36.0	36.0
21	34.942095149028624	36.0	36.0	36.0	36.0	36.0
22	34.93159717488958	36.0	36.0	36.0	36.0	36.0
23	34.92358424433198	36.0	36.0	36.0	36.0	36.0
24	34.91190787502309	36.0	36.0	36.0	36.0	36.0
25	34.89620851941341	36.0	36.0	36.0	36.0	36.0
26	34.87479022804256	36.0	36.0	36.0	36.0	36.0
27	34.86347833910016	36.0	36.0	36.0	36.0	36.0
28	34.85617338522866	36.0	36.0	36.0	36.0	36.0
29	34.83871959104285	36.0	36.0	36.0	36.0	36.0
30	34.822806558328956	36.0	36.0	36.0	36.0	36.0
31	34.81766899028447	36.0	36.0	36.0	36.0	36.0
32	34.79874239788305	36.0	36.0	36.0	36.0	36.0
33	34.78606513651727	36.0	36.0	36.0	36.0	36.0
34	34.77216367525246	36.0	36.0	36.0	36.0	36.0
35	34.76530510216921	36.0	36.0	36.0	36.0	36.0
36	34.76248906035534	36.0	36.0	36.0	36.0	36.0
37	34.75463324788575	36.0	36.0	36.0	36.0	36.0
38	34.7386961404292	36.0	36.0	36.0	36.0	36.0
39	34.7178233212955	36.0	36.0	36.0	36.0	36.0
40	34.70885631799977	36.0	36.0	36.0	36.0	36.0
41	34.705621316393156	36.0	36.0	36.0	36.0	36.0
42	34.69187262619898	36.0	36.0	36.0	36.0	36.0
43	34.67890135173098	36.0	36.0	36.0	36.0	36.0
44	34.66547642083176	36.0	36.0	36.0	36.0	36.0
45	34.64901830994465	36.0	36.0	36.0	36.0	36.0
46	34.62851624080029	36.0	36.0	36.0	36.0	36.0
47	34.61458138129489	36.0	36.0	36.0	32.0	36.0
48	34.6120559343762	36.0	36.0	36.0	32.0	36.0
49	34.59670466959268	36.0	36.0	36.0	32.0	36.0
50	34.571582119197004	36.0	36.0	36.0	32.0	36.0
51	34.54953249481524	36.0	36.0	36.0	32.0	36.0
52	34.54739186568215	36.0	36.0	36.0	32.0	36.0
53	34.51735588877012	36.0	36.0	36.0	32.0	36.0
54	34.49573903019909	36.0	36.0	36.0	32.0	36.0
55	34.47066638550135	36.0	36.0	36.0	32.0	36.0
56	34.44665451521977	36.0	36.0	36.0	32.0	36.0
57	34.43732026634968	36.0	36.0	36.0	32.0	36.0
58	34.42813084860394	36.0	36.0	36.0	32.0	36.0
59	34.40091503490996	36.0	36.0	36.0	32.0	36.0
60	34.38932526044195	36.0	36.0	36.0	32.0	36.0
61	34.359086180667454	36.0	36.0	36.0	32.0	36.0
62	34.33198715337246	36.0	36.0	36.0	32.0	36.0
63	34.31351103155157	36.0	36.0	36.0	32.0	36.0
64	34.286953481075564	36.0	36.0	36.0	32.0	36.0
65	34.27096633638511	36.0	36.0	36.0	32.0	36.0
66	34.24309457250281	36.0	36.0	36.0	32.0	36.0
67	34.21467528656799	36.0	36.0	36.0	32.0	36.0
68	34.193933124149	36.0	36.0	36.0	32.0	36.0
69	34.17378452155126	36.0	36.0	36.0	32.0	36.0
70	34.15539135577418	36.0	36.0	36.0	32.0	36.0
71	34.13219791237554	36.0	36.0	36.0	32.0	36.0
72	34.11440994563637	36.0	36.0	36.0	32.0	36.0
73	34.07535679595387	36.0	36.0	36.0	32.0	36.0
74	34.01642589077394	36.0	36.0	36.0	32.0	36.0
75	33.00606614966591	36.0	36.0	36.0	21.0	36.0
>>END_MODULE
>>Per sequence quality scores	pass
#Quality	Count
2	8664.0
3	46.0
4	1928.0
5	1432.0
6	291.0
7	238.0
8	114.0
9	59.0
10	60.0
11	96.0
12	128.0
13	152.0
14	1192.0
15	2816.0
16	4887.0
17	7685.0
18	10719.0
19	14399.0
20	19153.0
21	25017.0
22	32258.0
23	43484.0
24	57919.0
25	77367.0
26	100587.0
27	126919.0
28	159540.0
29	195069.0
30	241302.0
31	305866.0
32	407994.0
33	618446.0
34	1358670.0
35	8947110.0
>>END_MODULE
>>Per base sequence content	fail
#Base	G	A	T	C
1	44.734617682760735	17.57074183842165	11.429230231387509	26.26541024743011
2	17.17228672696689	19.23763253230613	36.241991902962205	27.348088837764774
3	20.295564209797888	20.532101138047494	28.517332094744525	30.655002557410093
4	13.970447720474457	14.315932354462815	35.506565453840146	36.207054471222584
5	15.549932836602077	34.16535923172344	34.85469294448975	15.430014987184734
6	35.31269463323332	34.266112879577165	16.19627437173401	14.224918115455504
7	31.1524502749056	29.433074724786838	20.183612041889617	19.230862958417934
8	27.15901688046457	34.0682235424361	19.74055239956156	19.032207177537767
9	25.239072657570716	15.68783560355996	19.853827964238025	39.2192637746313
10	14.97609773183766	27.074345604232864	34.31214035204322	23.637416311886252
11	34.633678702342	22.478132303258917	23.436878719648206	19.45131027475087
12	22.616469798915475	23.93711204982692	30.57750616938504	22.868911981872568
13	28.17575198696635	20.327493569089487	25.950283825460513	25.546470618483646
14	20.80339914530705	20.38266798952146	26.98508559078483	31.82884727438666
15	23.15420291536323	29.055230746680692	23.089302104651775	24.701264233304308
16	23.158228653772355	28.197928711713992	25.296598186000196	23.347244448513457
17	22.04575025634156	27.87982623095487	27.25272318568535	22.821700327018224
18	22.489989744990208	27.448333617737475	27.748043588220323	22.313633049051994
19	22.906488909080778	26.949726198479823	27.45105877681216	22.69272611562724
20	22.893662082503955	26.825092069284857	27.555446343506123	22.725799504705066
21	22.669011455696015	26.557667527541	27.315671220944317	23.457649795818668
22	22.72584890535816	26.545936735074307	27.52861614814441	23.19959821142313
23	22.613668893541146	26.645260682899114	27.437116950573042	23.303953472986695
24	22.768737043536852	26.32955543698598	27.71264942725643	23.18905809222074
25	22.87356520062303	26.39768252905657	27.319011273017736	23.40974099730266
26	22.388371529303228	26.833754632011992	27.512222679008037	23.265651159676747
27	22.48138902186473	26.825017964476466	27.49586681822646	23.197726195432338
28	22.57681021789147	26.734384256518766	27.45918400704033	23.229621518549433
29	22.35240413877054	26.86605752222518	27.63317940097138	23.148358938032896
30	22.470376697751778	26.91596108118684	27.474273376427	23.139388844634382
31	22.922662515475846	26.874273237870057	27.23607585486039	22.966988391793716
32	22.303101076332812	27.041219762334528	27.60206255578956	23.053616605543105
33	22.45543005534075	26.85003153750141	27.736609261567786	22.957929145590057
34	22.501457816904782	26.61538223963163	27.854802925651768	23.02835701781182
35	22.36775699374075	26.910421512897216	27.746741694690336	22.9750797986717
36	22.487811972157555	27.221357007591717	27.629962184480313	22.66086883577042
37	22.595655206677844	26.972310796032172	27.33973824488928	23.092295752400705
38	22.46334768071116	27.356270942866	27.356114089495197	22.824267286927636
39	22.58000244581074	27.165183766437156	27.541719389262703	22.713094398489403
40	22.699968133881328	26.816700294406527	27.53267179553455	22.95065977617759
41	22.634338309642935	27.05756332675297	27.575957028187894	22.7321413354162
42	22.469895956254778	27.233161423867575	27.586931824247902	22.71001079562975
43	22.598345391302136	26.98549785434447	27.474401269971178	22.941755484382217
44	22.44155574868216	27.36322362424457	27.537210360819053	22.658010266254216
45	22.55605405830125	27.2353186139703	27.391034807888744	22.81759251983971
46	22.623297964781962	27.256012729722773	27.298045278181267	22.822644027314006
47	22.549437057578952	27.32720087717842	27.48105636157699	22.642305703665638
48	22.4182567756676	27.322602351811327	27.37162825897357	22.887512613547504
49	22.670004819670996	27.131850088310767	27.43771533893956	22.76042975307867
50	22.534745347841085	27.39654152874016	27.38359774729358	22.685115376125175
51	22.585046178096118	27.369271654049278	27.366985180338908	22.678696987515696
52	22.60706069603514	27.356469711936764	27.24872545757386	22.787744134454226
53	22.460582899891673	27.245311480389773	27.49321911093659	22.800886508781957
54	22.614421205562742	27.5463542588095	27.326558652841072	22.512665882786685
55	22.64142886829388	27.211636360875975	27.28785551145351	22.85907925937664
56	22.673077142285393	27.485817942787953	27.187326642636222	22.65377827229043
57	22.543899344676387	27.43421902878224	27.24848470825726	22.77339691828411
58	22.557966581700857	27.29623215137032	27.249089728511517	22.896711538417307
59	22.438722034753447	27.43286955225035	27.335512130134497	22.7928962828617
60	22.563242739068947	27.406587258871497	27.381580059166748	22.64858994289281
61	22.769600614495555	27.38355374456638	27.218374639516256	22.6284710014218
62	22.69711929611779	27.534986828024266	27.23290346232173	22.534990413536214
63	22.735368617772895	27.594175605782407	27.128329045184856	22.542126731259845
64	22.71940022984033	27.31698157092063	27.08482494722842	22.878793252010624
65	22.549379152722775	27.534386178292458	27.263889547662412	22.652345121322355
66	22.632695978989364	27.657270695734937	27.061809641070443	22.648223684205256
67	22.71034570814688	27.456261933004956	27.099837705916187	22.73355465293198
68	22.68312314025842	27.72291081076194	27.228011098676557	22.365954950303085
69	22.95321564459803	27.594339812498074	27.112278492404823	22.34016605049907
70	23.052405363460064	27.355445617650346	27.05433696429645	22.53781205459314
71	22.824527246855304	27.7504046899125	26.94661572270575	22.478452340526445
72	22.82697194197073	27.839389245159467	27.165723762035892	22.16791505083391
73	23.583014001495403	28.449429717496145	27.19693100317031	20.770625277838136
74	24.738945299823513	30.846242876447803	27.307667928200047	17.10714389552864
75	30.09490392017152	41.300293537989894	28.604802541838577	0.0
>>END_MODULE
>>Per base GC content	fail
#Base	%GC
1	71.00002793019084
2	44.520375564731665
3	50.95056676720798
4	50.177502191697045
5	30.979947823786812
6	49.53761274868882
7	50.38331323332355
8	46.19122405800234
9	64.45833643220202
10	38.61351404372391
11	54.08498897709288
12	45.48538178078804
13	53.72222260545
14	52.63224641969371
15	47.855467148667536
16	46.50547310228581
17	44.86745058335978
18	44.803622794042205
19	45.599215024708016
20	45.61946158720902
21	46.12666125151468
22	45.925447116781285
23	45.917622366527844
24	45.95779513575759
25	46.28330619792569
26	45.65402268897997
27	45.67911521729707
28	45.8064317364409
29	45.50076307680344
30	45.60976554238616
31	45.88965090726956
32	45.356717681875914
33	45.413359200930806
34	45.5298148347166
35	45.34283679241245
36	45.148680807927974
37	45.68795095907855
38	45.287614967638795
39	45.293096844300145
40	45.65062791005892
41	45.36647964505913
42	45.17990675188452
43	45.54010087568435
44	45.09956601493638
45	45.373646578140956
46	45.44594199209596
47	45.19174276124459
48	45.3057693892151
49	45.43043457274967
50	45.219860723966256
51	45.263743165611814
52	45.39480483048936
53	45.26146940867363
54	45.12708708834943
55	45.50050812767052
56	45.326855414575824
57	45.3172962629605
58	45.45467812011816
59	45.23161831761515
60	45.21183268196175
61	45.39807161591736
62	45.232109709654004
63	45.27749534903273
64	45.59819348185095
65	45.20172427404513
66	45.28091966319462
67	45.44390036107885
68	45.04907809056151
69	45.2933816950971
70	45.59021741805321
71	45.30297958738175
72	44.99488699280464
73	44.35363927933354
74	41.84608919535215
75	30.09490392017152
>>END_MODULE
>>Per sequence GC content	warn
#GC Content	Count
0	8731.0
1	4528.0
2	528.0
3	906.5
4	1082.0
5	1137.5
6	1178.5
7	1107.0
8	1054.5
9	1154.0
10	1447.5
11	2046.0
12	2468.5
13	2957.0
14	4055.5
15	5817.5
16	7275.0
17	10068.0
18	16205.5
19	24259.5
20	29864.5
21	38730.5
22	55927.0
23	75618.5
24	88723.0
25	105600.0
26	134252.5
27	163569.5
28	183313.5
29	207673.5
30	247629.0
31	287442.5
32	313264.5
33	342246.0
34	392038.5
35	440104.5
36	467428.5
37	494432.0
38	524275.0
39	543396.5
40	557492.5
41	561761.5
42	561526.0
43	560162.5
44	561177.0
45	556321.5
46	540905.5
47	525481.0
48	519158.5
49	508060.5
50	485814.5
51	465171.0
52	454060.0
53	445257.5
54	428538.5
55	411028.5
56	401207.0
57	390208.5
58	369373.5
59	342239.5
60	318881.5
61	295490.5
62	264168.0
63	231574.0
64	205891.0
65	185103.0
66	158281.0
67	130883.5
68	111277.0
69	96405.5
70	78570.5
71	61373.0
72	49928.5
73	42298.5
74	33862.5
75	26150.0
76	21131.0
77	17993.0
78	14193.5
79	10836.5
80	8846.0
81	7342.0
82	5690.5
83	3987.0
84	2896.0
85	2463.5
86	1963.5
87	1457.5
88	1256.0
89	1147.0
90	992.5
91	891.5
92	840.5
93	844.0
94	870.0
95	930.0
96	973.5
97	1040.5
98	1417.0
99	6176.0
100	10627.0
>>END_MODULE
>>Per base N content	pass
#Base	N-Count
1	0.19999832440819704
2	0.10268089207568006
3	0.06808070433109945
4	0.06785363815219181
5	0.068143343277005
6	0.06905943786087373
7	0.07508843640428335
8	0.08518896643155399
9	0.09062289498886084
10	0.1000343966111704
11	0.1031663439064481
12	0.10211714156253006
13	0.11330602327490973
14	0.10445827216575015
15	0.10708910789378345
16	0.10917185284514315
17	0.1112937471376938
18	0.10914836324042855
19	0.10968079428062577
20	0.10611037436400916
21	0.11595251873941939
22	0.11469973982130831
23	0.11051859018211256
24	0.10944589823347994
25	0.11429258667292222
26	0.12379804671409009
27	0.11342347129848264
28	0.12053299165876306
29	0.12022762679747348
30	0.11422994772701665
31	0.10822443878832162
32	0.10838886602132371
33	0.12030592547985543
34	0.11367402708210486
35	0.11845807657564157
36	0.0526873816463459
37	0.04506040405938601
38	0.06321897277712342
39	0.06361490710106986
40	0.07665998626283155
41	0.05307923063349215
42	0.07060214530109775
43	0.05487434536075193
44	0.055733899673485694
45	0.05504158195584753
46	0.05406201693513697
47	0.07204200933456922
48	0.05767249447498604
49	0.05965712850354803
50	0.04942663294705176
51	0.06485434325935978
52	0.048886206630641214
53	0.04758842819232858
54	0.05802642097410314
55	0.04487790412125855
56	0.06017181323162825
57	0.062432387680103854
58	0.05223068380262207
59	0.06272167139287897
60	0.05771533699480808
61	0.05684447845409743
62	0.059683051542267385
63	0.050118047695542504
64	0.046894946219304526
65	0.04657813410041481
66	0.06514505143024055
67	0.07369744576200793
68	0.05126389766113086
69	0.043764345214506846
70	0.05768074846758548
71	0.049904436764018734
72	0.060296373162975925
73	0.07114113046807105
74	0.05504927270886281
75	0.07090117460574294
>>END_MODULE
>>Sequence Length Distribution	warn
#Length	Count
35	9538.0
36	1420.0
37	1821.0
38	2384.0
39	2724.0
40	2970.0
41	3262.0
42	3828.0
43	4555.0
44	5096.0
45	6034.0
46	6231.0
47	6844.0
48	7282.0
49	7987.0
50	8114.0
51	9003.0
52	9265.0
53	10052.0
54	11091.0
55	11636.0
56	12409.0
57	12871.0
58	13485.0
59	14063.0
60	14741.0
61	14897.0
62	15616.0
63	16518.0
64	17855.0
65	18962.0
66	19150.0
67	20596.0
68	21382.0
69	26907.0
70	35384.0
71	84630.0
72	311838.0
73	888184.0
74	2762361.0
75	8318621.0
>>END_MODULE
>>Sequence Duplication Levels	warn
#Total Duplicate Percentage	33.757216948820826
#Duplication Level	Relative count
1	100.0
2	23.506688234468598
3	9.041488473782564
4	4.594237260593705
5	2.62654464608862
6	1.575483613640896
7	1.0842990833684178
8	0.7474868340387186
9	0.5539675153449002
10++	3.994475097313627
>>END_MODULE
>>Overrepresented sequences	pass
>>END_MODULE
>>Kmer Content	warn
#Sequence	Count	Obs/Exp Overall	Obs/Exp Max	Max Obs/Exp Position
AAAAA	4877900	3.9676378	9.139538	71
GGGGG	2022320	3.3713374	5.587154	71
TTTTT	3885160	3.0035315	5.2193418	71
CCTGG	2053540	2.9900994	12.011166	3
CCAGG	1945245	2.8613563	12.396514	3
CCCAG	1815660	2.695381	10.98871	2
CAGCA	2053755	2.6170719	6.919622	4
CTGGG	1810375	2.6119392	10.684384	4
CCAGC	1744855	2.5902696	6.3884745	3
TGCTG	2076890	2.5695803	7.9858556	2
GCTGG	1721785	2.484125	6.915869	3
GGAGG	1712895	2.4737306	5.7335567	6
TCCAG	1952770	2.4632185	9.047365	2
CTGCT	1905625	2.3794367	6.618613	9
GCTGC	1611250	2.346094	5.7690225	8
AGCAG	1854085	2.3410392	5.5609303	7
CTCCA	1837115	2.338709	6.515003	1
CTCCT	1854135	2.3365014	6.2154512	1
CAGGA	1846125	2.3309884	10.062201	4
CAGCC	1559775	2.315515	5.4372854	9
CTTCT	2160800	2.3136916	5.16193	1
CTGGA	1850225	2.3125358	8.984599	4
AGGAG	1837740	2.2991912	7.1130724	5
TCCTG	1811300	2.261659	9.014879	2
GGCTG	1555385	2.2440493	8.115953	7
CCTGC	1521990	2.236569	6.3572946	3
GGCAG	1515610	2.2090073	6.2415433	7
CTGCC	1498495	2.2020428	5.7471805	9
CTGCA	1740275	2.1951783	6.7772045	4
GCAGG	1500880	2.1875381	6.808468	3
TGCAG	1716050	2.1448345	7.0498877	2
CCCTG	1457725	2.1421313	9.027158	2
CAGAG	1684470	2.1268768	7.696731	4
CTCTG	1692470	2.1132832	7.5973687	2
GCCTG	1444585	2.1034179	6.739175	7
TGGAG	1680015	2.0806022	6.5979652	5
AGCTG	1653305	2.0664117	5.7655387	7
CAGAA	1862895	2.037684	5.4701824	4
CAGGG	1394235	2.0321026	9.149929	4
CTGGC	1391385	2.0259552	5.7437344	4
GCCAG	1366755	2.0104272	5.2017894	2
GGAGA	1594135	1.9944178	5.6543455	6
CACAG	1546810	1.9710789	7.00045	7
CCCCA	1312700	1.9667044	6.670711	1
CAGGC	1336790	1.96635	5.9677367	4
TTCTG	1847855	1.9605179	5.405584	2
CTGTG	1567495	1.9393443	8.689989	9
CTCAG	1525940	1.9248164	6.252722	2
GGGAG	1328870	1.919129	5.388988	7
CTGAG	1507495	1.8841687	5.981856	4
CCAGA	1476210	1.8811141	6.635115	3
CCTCT	1468860	1.8509941	5.7229676	1
GGCCA	1243430	1.8290222	6.0461197	1
TCTGG	1468485	1.8168464	6.5768385	3
TGGGG	1256195	1.7958232	6.2722864	5
ACCTG	1411880	1.7809415	5.3787766	7
CACTG	1389175	1.7523015	7.2163153	7
AGAGG	1399195	1.7505289	5.0853343	5
CAGTG	1399600	1.7493142	6.3874354	9
TGGCC	1193630	1.7380097	5.679895	5
CCTGA	1360545	1.7161876	5.670278	3
ACAGA	1507955	1.6494411	5.7878394	8
GCCCA	1108725	1.6459228	6.996861	1
TCAGG	1312735	1.6407444	5.908099	3
GAGAG	1308835	1.6374798	5.3493133	7
CCTGT	1253715	1.5654367	5.2786093	8
GGGCC	920985	1.5637988	5.161953	6
AGGTG	1261035	1.5617194	5.0523467	7
TGGGC	1068590	1.5417204	6.213456	5
ACAGC	1148000	1.4628807	5.613281	8
GTGTG	1193180	1.4627385	7.742972	1
GCTGT	1178800	1.4584409	5.2060966	8
TGTGT	1380190	1.4509546	5.727494	10
CTGTC	1159655	1.4479898	5.616747	9
ACACA	1308875	1.4448893	6.084637	6
GCCCT	969255	1.4243231	5.9927897	1
GGGCT	976970	1.4095346	5.8511877	6
GACAG	1110630	1.4023243	6.9280605	7
CACAC	1083180	1.3930147	6.2062955	5
AGACA	1244170	1.3609061	5.411602	6
AGGGC	906940	1.3218684	5.425731	5
GTCCT	1017605	1.2706207	8.3876	1
GGACA	1001675	1.2647533	6.016436	6
GTGCT	980030	1.2125176	6.597574	1
ACTGC	958890	1.2095411	5.1205173	8
GTCCA	945935	1.1931998	6.822415	1
AGGAC	939060	1.1856933	8.060222	5
GTCTT	1092055	1.158637	5.350142	1
AGCAC	897680	1.1439013	5.404907	5
TGTGC	924130	1.1433568	5.648652	10
TGGAC	862895	1.0785042	6.0391607	5
ACAGT	968890	1.0490779	5.494968	8
GTGCA	832050	1.039952	5.926382	1
ACTGT	965910	1.0352726	6.079713	8
TGCAC	812010	1.0242671	5.415161	5
GACTG	819425	1.0241724	5.960743	7
GGACC	667845	0.98236597	5.1547894	6
GGACT	742210	0.9276639	5.240456	6
TGTAG	843650	0.8959679	5.170667	2
GTGTA	588405	0.6248942	5.6234202	1
>>END_MODULE
