##FastQC	0.10.1
>>Basic Statistics	pass
#Measure	Value	
Filename	040-F5_S4_L001_R1_001_trimmed.fq.gz	
File type	Conventional base calls	
Encoding	Sanger / Illumina 1.9	
Total Sequences	18667580	
Filtered Sequences	0	
Sequence length	20-51	
%GC	43	
>>END_MODULE
>>Per base sequence quality	pass
#Base	Mean	Median	Lower Quartile	Upper Quartile	10th Percentile	90th Percentile
1	35.07971092128707	36.0	36.0	36.0	36.0	36.0
2	35.068423544990836	36.0	36.0	36.0	36.0	36.0
3	35.055969011516225	36.0	36.0	36.0	36.0	36.0
4	35.04198648137573	36.0	36.0	36.0	36.0	36.0
5	35.02581400481476	36.0	36.0	36.0	36.0	36.0
6	34.97686882820376	36.0	36.0	36.0	36.0	36.0
7	34.95226354996202	36.0	36.0	36.0	36.0	36.0
8	34.941633945053404	36.0	36.0	36.0	36.0	36.0
9	34.926843275882575	36.0	36.0	36.0	36.0	36.0
10	34.90279538108314	36.0	36.0	36.0	36.0	36.0
11	34.89112182725345	36.0	36.0	36.0	36.0	36.0
12	34.87677224364379	36.0	36.0	36.0	36.0	36.0
13	34.85787177555955	36.0	36.0	36.0	36.0	36.0
14	34.850623380213186	36.0	36.0	36.0	36.0	36.0
15	34.82907291678943	36.0	36.0	36.0	36.0	36.0
16	34.81818902075148	36.0	36.0	36.0	36.0	36.0
17	34.81088105689115	36.0	36.0	36.0	36.0	36.0
18	34.791064347922976	36.0	36.0	36.0	32.0	36.0
19	34.774224189745	36.0	36.0	36.0	32.0	36.0
20	34.781227882778595	36.0	36.0	36.0	36.0	36.0
21	34.75600977883048	36.0	36.0	36.0	32.0	36.0
22	34.74615578878967	36.0	36.0	36.0	32.0	36.0
23	34.73260890898515	36.0	36.0	36.0	32.0	36.0
24	34.72298870319459	36.0	36.0	36.0	32.0	36.0
25	34.713370640688055	36.0	36.0	36.0	32.0	36.0
26	34.68441422212468	36.0	36.0	36.0	32.0	36.0
27	34.68133489488497	36.0	36.0	36.0	32.0	36.0
28	34.647114369610286	36.0	36.0	36.0	32.0	36.0
29	34.632815453481015	36.0	36.0	36.0	32.0	36.0
30	34.62185018185098	36.0	36.0	36.0	32.0	36.0
31	34.599768339886374	36.0	36.0	36.0	32.0	36.0
32	34.579950981003634	36.0	36.0	36.0	32.0	36.0
33	34.5513378968043	36.0	36.0	36.0	32.0	36.0
34	34.541681586805474	36.0	36.0	36.0	32.0	36.0
35	34.503363035250466	36.0	36.0	36.0	32.0	36.0
36	34.48802667314271	36.0	36.0	36.0	32.0	36.0
37	34.476769581490345	36.0	36.0	36.0	32.0	36.0
38	34.44013146612969	36.0	36.0	36.0	32.0	36.0
39	34.43301285753612	36.0	36.0	36.0	32.0	36.0
40	34.42067029112145	36.0	36.0	36.0	32.0	36.0
41	34.40006690528769	36.0	36.0	36.0	32.0	36.0
42	34.370245196096974	36.0	36.0	36.0	32.0	36.0
43	34.34947085513716	36.0	36.0	36.0	32.0	36.0
44	34.31922419442424	36.0	36.0	36.0	32.0	36.0
45	34.3048023552931	36.0	36.0	36.0	32.0	36.0
46	34.271971707942036	36.0	36.0	36.0	32.0	36.0
47	34.288282577432156	36.0	36.0	36.0	32.0	36.0
48	34.28515098830141	36.0	36.0	36.0	32.0	36.0
49	34.307661773112734	36.0	36.0	36.0	32.0	36.0
50	34.37189823914742	36.0	36.0	36.0	32.0	36.0
51	34.48813383683067	36.0	36.0	36.0	32.0	36.0
>>END_MODULE
>>Per sequence quality scores	pass
#Quality	Count
15	34.0
16	150.0
17	487.0
18	1301.0
19	3088.0
20	7090.0
21	13195.0
22	22838.0
23	37074.0
24	57556.0
25	86183.0
26	125105.0
27	175958.0
28	237162.0
29	313449.0
30	405670.0
31	529943.0
32	716679.0
33	1062669.0
34	2051115.0
35	8496928.0
36	4323906.0
>>END_MODULE
>>Per base sequence content	pass
#Base	G	A	T	C
1	21.695372589522087	27.52916572474241	27.837520476808308	22.937941208927192
2	21.8225595915969	27.85436716841555	28.071740317458648	22.251332922528903
3	21.534681854416572	27.848679407264417	28.20952747978523	22.40711125853379
4	21.985109059840926	27.206993046401927	28.620227778200974	22.187670115556173
5	21.834956932320644	27.492700005180133	28.191862436272192	22.480480626227035
6	21.191983127448545	28.048495461010027	28.39077520858601	22.368746202955418
7	21.27423536910273	28.020154235960515	28.40745301314463	22.298157381792123
8	21.358569342823262	27.876623040947358	28.19642474985275	22.568382866376627
9	21.38802546132923	27.807580276442646	28.290386647399696	22.514007614828422
10	21.325707758200586	27.85168248509952	28.48436444430778	22.338245312392107
11	22.145690655811087	27.734142559205388	28.013592474747938	22.106574310235583
12	21.28744564548069	28.145105306331743	28.411579252937635	22.155869795249934
13	21.283749288991018	27.954403712964186	28.744589287246775	22.017257710798027
14	21.399638003871964	27.64136047372142	28.878984156535413	22.0800173658712
15	21.214645329126594	28.02099769252947	28.61493269957981	22.149424278764123
16	21.27668384833888	28.29393505291477	28.716636116352824	21.712744982393527
17	21.46930519781966	27.968334154901246	28.081230549812673	22.48113009746642
18	21.428163539491546	28.64551515625519	28.058972955193884	21.867348349059384
19	21.725827898151092	28.02967862883522	28.41944539767192	21.825048075341765
20	21.959442682281296	27.71026177162869	28.410158009686416	21.9201375364036
21	21.93147867374292	27.78758862012384	28.472221439894046	21.80871126623919
22	21.499661744934137	28.272762137737633	28.496908161211294	21.730667956116932
23	21.49289590002582	28.060141699458402	28.469589786292964	21.977372614222812
24	21.307265014141638	28.349019622634597	28.398074862045608	21.945640501178158
25	21.402533035368116	28.40161966777684	28.16063288537809	22.035214411476957
26	21.545254452625663	28.059167720274147	28.2796590393035	22.115918787796687
27	21.79336145937117	28.153925235051847	28.26653263963042	21.786180665946567
28	21.234888327300048	28.336931676791522	28.29809918820135	22.130080807707085
29	21.82656820851489	27.900256136660722	28.301750175676403	21.971425479147985
30	21.4440346133475	28.581293010180563	28.075307067815114	21.89936530865682
31	21.51070416993032	28.293088926966988	28.348914079053134	21.847292824049557
32	21.55769701715404	28.43263532909744	28.062889975206602	21.946777678541924
33	21.400153612105417	27.90362359396831	28.61756453413888	22.0786582597874
34	21.611534374172976	28.513191049889347	28.302412365858682	21.572862210079002
35	21.526670972703535	27.842919609803197	28.427584502300395	22.202824915192874
36	21.72553513053034	28.25322291197523	27.967434079788017	22.053807877706415
37	21.43249687441566	28.22107946462155	28.110917809105878	22.23550585185691
38	21.587519049450265	28.19098242840013	28.00547738140265	22.21602114074695
39	21.529678143570898	28.204724667197688	28.096345827147438	22.169251362083973
40	21.403079866319214	28.070195813229255	28.591453952757906	21.935270367693633
41	21.796667806771257	28.016749512337856	28.298999607226783	21.887583073664103
42	21.811391694321394	27.972937403965197	28.34845090076037	21.86722000095304
43	21.659544535055012	28.43549835420822	28.130986699746963	21.7739704109898
44	21.71613952856025	28.030227648632255	28.021035715753285	22.232597107054207
45	21.736599748493244	28.293572078826678	28.11479838720453	21.855029785475548
46	21.602885657944213	28.82977475998107	27.839466506708412	21.727873075366308
47	21.77548268997721	28.078294967920204	28.009788780691142	22.136433561411444
48	21.74712716235132	28.52722351068458	28.33724239148009	21.388406935484014
49	21.9928203571753	28.33924319885418	28.38966082709526	21.278275616875256
50	22.32624754000646	28.449529777087072	28.246126039239634	20.97809664366683
51	21.505752115846168	29.27611763760177	28.358921004581937	20.85920924197012
>>END_MODULE
>>Per base GC content	pass
#Base	%GC
1	44.63331379844928
2	44.0738925141258
3	43.941793112950364
4	44.172779175397096
5	44.31543755854768
6	43.560729330403966
7	43.572392750894856
8	43.92695220919989
9	43.90203307615766
10	43.66395307059269
11	44.25226496604667
12	43.44331544073063
13	43.301006999789045
14	43.47965536974316
15	43.36406960789072
16	42.98942883073241
17	43.95043529528608
18	43.295511888550934
19	43.55087597349286
20	43.87958021868489
21	43.7401899399821
22	43.23032970105107
23	43.47026851424863
24	43.252905515319796
25	43.43774744684507
26	43.66117324042235
27	43.57954212531773
28	43.36496913500713
29	43.797993687662874
30	43.34339992200432
31	43.35799699397988
32	43.50447469569596
33	43.478811871892816
34	43.18439658425198
35	43.729495887896405
36	43.77934300823675
37	43.66800272627256
38	43.80354019019722
39	43.698929505654874
40	43.33835023401284
41	43.68425088043536
42	43.67861169527444
43	43.433514946044816
44	43.94873663561446
45	43.59162953396879
46	43.33075873331052
47	43.911916251388654
48	43.13553409783533
49	43.27109597405056
50	43.304344183673294
51	42.36496135781629
>>END_MODULE
>>Per sequence GC content	warn
#GC Content	Count
0	9653.0
1	8928.5
2	6686.5
3	5545.0
4	6070.0
5	7097.0
6	8112.0
7	9596.5
8	11141.0
9	13688.0
10	16357.5
11	21372.0
12	26517.5
13	34610.0
14	43282.0
15	57659.0
16	72530.5
17	94189.0
18	116663.0
19	146359.0
20	176643.0
21	212704.0
22	249533.0
23	294101.0
24	339850.5
25	386678.5
26	475301.0
27	534430.0
28	604384.0
29	676122.5
30	750206.0
31	825992.0
32	906695.0
33	988162.5
34	1058324.5
35	1123865.5
36	1158467.0
37	1187748.5
38	1192676.5
39	1195291.5
40	1185887.5
41	1173836.0
42	1160749.5
43	1143014.0
44	1113405.0
45	1082556.5
46	1050993.0
47	1018256.5
48	985315.0
49	951769.5
50	921078.0
51	892115.5
52	864727.5
53	836401.5
54	807988.0
55	777814.5
56	747439.5
57	715490.5
58	677261.5
59	634941.0
60	589547.5
61	540630.0
62	491033.0
63	444479.0
64	395607.0
65	348167.0
66	305191.0
67	263833.5
68	225918.5
69	188894.5
70	159743.0
71	132699.5
72	110462.0
73	89862.5
74	73357.5
75	54623.0
76	45241.5
77	37728.0
78	30455.0
79	24560.0
80	19390.0
81	15835.5
82	12662.0
83	10153.5
84	7803.5
85	6220.0
86	4762.0
87	3818.0
88	2955.5
89	2253.0
90	1615.5
91	1298.5
92	1040.0
93	860.5
94	683.5
95	602.5
96	538.0
97	472.5
98	417.0
99	792.0
100	1168.0
>>END_MODULE
>>Per base N content	pass
#Base	N-Count
1	6.428256903144382E-4
2	7.553201861194649E-4
3	8.94599085687593E-4
4	6.535394518196789E-4
5	5.410449560146522E-4
6	5.410449560146522E-4
7	0.0018106256943856676
8	4.017660564465239E-4
9	2.946284413941175E-4
10	0.001194584407834331
11	0.001028521104503101
12	4.767623869832084E-4
13	0.002389168815668662
14	0.005796144974335184
15	0.002067755970511443
16	7.499633053668446E-5
17	1.17851376557647E-4
18	2.1427523010481272E-4
19	3.2141284515721905E-5
20	0.004355144051880319
21	0.0029611362137142126
22	1.3967473085888088E-4
23	0.004029700777769911
24	1.5087265281217465E-4
25	0.0014517390403551613
26	3.4596081291060886E-4
27	0.006368080925745685
28	3.7975316695153576E-5
29	0.00659881124643989
30	0.004009115726884002
31	0.0016813864406883291
32	0.002013370090468159
33	0.0023634603977533857
34	6.815400320400763E-4
35	0.004710596384642067
36	1.491242842103397E-4
37	0.0030398044957213504
38	0.002631365510492403
39	0.002666533803882841
40	3.350048586871338E-4
41	2.2402574145379602E-5
42	1.1238711697487147E-5
43	1.5224431807288918E-4
44	4.528043702866602E-5
45	1.1940217039030864E-4
46	1.5451009826498893E-4
47	0.0
48	0.0
49	0.0023155918186398036
50	1.2405766346147883E-4
51	6.430752963084263E-4
>>END_MODULE
>>Sequence Length Distribution	warn
#Length	Count
20	26087.0
21	26816.0
22	27689.0
23	28290.0
24	29197.0
25	30296.0
26	32103.0
27	34076.0
28	35773.0
29	39090.0
30	39947.0
31	40404.0
32	41839.0
33	41884.0
34	43521.0
35	44865.0
36	45331.0
37	46911.0
38	50066.0
39	53207.0
40	55097.0
41	59457.0
42	60982.0
43	66978.0
44	80054.0
45	113034.0
46	194395.0
47	487996.0
48	1029486.0
49	2059404.0
50	2818110.0
51	1.0885195E7
>>END_MODULE
>>Sequence Duplication Levels	warn
#Total Duplicate Percentage	33.08740347252964
#Duplication Level	Relative count
1	100.0
2	21.63848867980006
3	8.8503381358424
4	4.6162893266686265
5	2.736695089679506
6	1.7693325492502205
7	1.18347544839753
8	0.8725374889738312
9	0.6380476330491032
10++	4.710379300205822
>>END_MODULE
>>Overrepresented sequences	pass
>>END_MODULE
>>Kmer Content	warn
#Sequence	Count	Obs/Exp Overall	Obs/Exp Max	Max Obs/Exp Position
AAAAA	6574705	4.441854	5.4340224	47
TTTTT	6231485	4.0665565	5.1673517	13
CCTGG	1636510	3.0266304	3.699349	9
CCAGG	1619605	3.016202	4.197233	35
AGAAA	3234445	2.8440082	5.0787945	28
GAAAA	3132530	2.7543955	5.137968	4
GGAAA	1921710	2.1991858	5.0685806	20
GAGAA	1905670	2.18083	5.1501856	27
>>END_MODULE
