##FastQC	0.10.1
>>Basic Statistics	pass
#Measure	Value	
Filename	018-F5_S4_L003_R1_001.fastq.gz	
File type	Conventional base calls	
Encoding	Sanger / Illumina 1.9	
Total Sequences	16196058	
Filtered Sequences	0	
Sequence length	35-75	
%GC	46	
>>END_MODULE
>>Per base sequence quality	pass
#Base	Mean	Median	Lower Quartile	Upper Quartile	10th Percentile	90th Percentile
1	31.485042100985314	32.0	32.0	32.0	32.0	32.0
2	31.54325898314269	32.0	32.0	32.0	32.0	32.0
3	31.632261381133606	32.0	32.0	32.0	32.0	32.0
4	31.70365653173136	32.0	32.0	32.0	32.0	32.0
5	31.685324972286466	32.0	32.0	32.0	32.0	32.0
6	35.37741430661708	36.0	36.0	36.0	36.0	36.0
7	35.397086377438264	36.0	36.0	36.0	36.0	36.0
8	35.35677051786305	36.0	36.0	36.0	36.0	36.0
9	35.44491017505618	36.0	36.0	36.0	36.0	36.0
10	35.35294884718245	36.0	36.0	36.0	36.0	36.0
11	35.421597773976856	36.0	36.0	36.0	36.0	36.0
12	35.375020205533964	36.0	36.0	36.0	36.0	36.0
13	35.39799011586646	36.0	36.0	36.0	36.0	36.0
14	35.37797487512085	36.0	36.0	36.0	36.0	36.0
15	35.34960105724492	36.0	36.0	36.0	36.0	36.0
16	35.36094486695466	36.0	36.0	36.0	36.0	36.0
17	35.36529296202817	36.0	36.0	36.0	36.0	36.0
18	35.35755644984724	36.0	36.0	36.0	36.0	36.0
19	35.35086543898522	36.0	36.0	36.0	36.0	36.0
20	35.34544344061993	36.0	36.0	36.0	36.0	36.0
21	35.33631090972877	36.0	36.0	36.0	36.0	36.0
22	35.32514504455344	36.0	36.0	36.0	36.0	36.0
23	35.31166775273341	36.0	36.0	36.0	36.0	36.0
24	35.307130784540284	36.0	36.0	36.0	36.0	36.0
25	35.2831435896315	36.0	36.0	36.0	36.0	36.0
26	35.25273890720816	36.0	36.0	36.0	36.0	36.0
27	35.24164910992539	36.0	36.0	36.0	36.0	36.0
28	35.23190192329516	36.0	36.0	36.0	36.0	36.0
29	35.215616787739336	36.0	36.0	36.0	36.0	36.0
30	35.195714228733934	36.0	36.0	36.0	36.0	36.0
31	35.17834463176163	36.0	36.0	36.0	36.0	36.0
32	35.16906163215765	36.0	36.0	36.0	36.0	36.0
33	35.1550920600556	36.0	36.0	36.0	36.0	36.0
34	35.14354140989122	36.0	36.0	36.0	36.0	36.0
35	35.13048329414479	36.0	36.0	36.0	36.0	36.0
36	35.13105465514244	36.0	36.0	36.0	36.0	36.0
37	35.11650617093044	36.0	36.0	36.0	36.0	36.0
38	35.101230488298754	36.0	36.0	36.0	36.0	36.0
39	35.079889426792406	36.0	36.0	36.0	36.0	36.0
40	35.08300877601505	36.0	36.0	36.0	36.0	36.0
41	35.07289726168745	36.0	36.0	36.0	36.0	36.0
42	35.06082344893827	36.0	36.0	36.0	36.0	36.0
43	35.0500536563026	36.0	36.0	36.0	36.0	36.0
44	35.03162244726114	36.0	36.0	36.0	36.0	36.0
45	35.02312147930686	36.0	36.0	36.0	36.0	36.0
46	35.00888270647444	36.0	36.0	36.0	36.0	36.0
47	35.003543763682934	36.0	36.0	36.0	36.0	36.0
48	34.99345232653879	36.0	36.0	36.0	36.0	36.0
49	34.97398928218992	36.0	36.0	36.0	36.0	36.0
50	34.96292983949477	36.0	36.0	36.0	36.0	36.0
51	34.95015492561966	36.0	36.0	36.0	36.0	36.0
52	34.943534692682405	36.0	36.0	36.0	36.0	36.0
53	34.917020358019045	36.0	36.0	36.0	36.0	36.0
54	34.90889924924905	36.0	36.0	36.0	36.0	36.0
55	34.88256956502228	36.0	36.0	36.0	36.0	36.0
56	34.877038839182376	36.0	36.0	36.0	36.0	36.0
57	34.869400223523535	36.0	36.0	36.0	36.0	36.0
58	34.85206150360513	36.0	36.0	36.0	36.0	36.0
59	34.836425146011756	36.0	36.0	36.0	36.0	36.0
60	34.82226820900573	36.0	36.0	36.0	36.0	36.0
61	34.800189298959125	36.0	36.0	36.0	36.0	36.0
62	34.776264580789274	36.0	36.0	36.0	36.0	36.0
63	34.75855138986863	36.0	36.0	36.0	36.0	36.0
64	34.74318204301613	36.0	36.0	36.0	36.0	36.0
65	34.73277919666717	36.0	36.0	36.0	36.0	36.0
66	34.7060789287745	36.0	36.0	36.0	36.0	36.0
67	34.687673346896744	36.0	36.0	36.0	32.0	36.0
68	34.66768488505074	36.0	36.0	36.0	32.0	36.0
69	34.65103824194008	36.0	36.0	36.0	32.0	36.0
70	34.63297268197435	36.0	36.0	36.0	32.0	36.0
71	34.594896503143936	36.0	36.0	36.0	32.0	36.0
72	34.578167270424686	36.0	36.0	36.0	32.0	36.0
73	34.5546846552976	36.0	36.0	36.0	32.0	36.0
74	34.51919179284107	36.0	36.0	36.0	32.0	36.0
75	33.915503436670036	36.0	36.0	36.0	32.0	36.0
>>END_MODULE
>>Per sequence quality scores	pass
#Quality	Count
2	5911.0
3	0.0
4	0.0
5	0.0
6	0.0
7	0.0
8	0.0
9	0.0
10	0.0
11	0.0
12	0.0
13	0.0
14	0.0
15	0.0
16	0.0
17	9.0
18	83.0
19	599.0
20	2519.0
21	6292.0
22	12055.0
23	20243.0
24	32560.0
25	49947.0
26	75820.0
27	108432.0
28	148983.0
29	197963.0
30	258095.0
31	335488.0
32	455014.0
33	699686.0
34	1591556.0
35	1.2194803E7
>>END_MODULE
>>Per base sequence content	fail
#Base	G	A	T	C
1	43.985791014686846	17.796235776635562	11.058514298719704	27.159458909957884
2	16.46311992750649	19.899155899773312	35.419053536229676	28.218670636490522
3	18.769242799339622	21.061025573146434	28.351712927621968	31.818018699891976
4	13.143568122018904	14.955966737053098	35.101948116962745	36.79851702396525
5	14.79426962584095	35.01282601078298	34.33050978474748	15.862394578628594
6	35.149212712887916	34.69662960229202	15.99261081232557	14.161546872494494
7	31.14903269409583	29.41359916956238	20.056938787838284	19.380429348503505
8	26.847816761639038	34.18091880203435	19.645090313262752	19.32617412306386
9	24.67029484043598	15.167447213419372	19.78862823172637	40.37362971441828
10	14.433189379488494	26.948044869029257	34.59238747922115	24.02637827226109
11	34.64724563649731	22.342156621555073	23.44386990433132	19.5667278376163
12	22.349250185421543	24.006419711360053	30.89989484955531	22.744435253663095
13	28.24298616318327	20.217681873041247	25.836966202886448	25.702365760889034
14	20.51812256665258	20.391088505316752	27.009774958175175	32.08101396985549
15	22.99101000630702	29.339361128417867	22.95161504813282	24.718013817142293
16	23.02375636243451	28.22833541906692	25.40103558046755	23.34687263803102
17	21.915911119961663	27.939343619713668	27.24008948338036	22.904655776944306
18	22.33988777369738	27.46371496139874	27.850190832150723	22.34620643275316
19	22.89518805890499	26.841132936466266	27.34180803871986	22.92187096590888
20	22.829335644697977	26.85193655128641	27.525420244794564	22.79330755922105
21	22.578501070473354	26.505009192692246	27.228695134302995	23.687794602531408
22	22.654129423137775	26.61370335385244	27.43689927621143	23.29526794679835
23	22.513715752003193	26.69509919121164	27.375821981571008	23.415363075214156
24	22.758982894736192	26.302937893419337	27.708469321753586	23.229609890090885
25	22.827603122394805	26.3577864595381	27.30153516282789	23.513075255239205
26	22.303007737167324	26.834694223703227	27.50414678616197	23.35815125296748
27	22.391782255565982	26.78697695930411	27.477650589222968	23.34359019590694
28	22.47603583642454	26.661679228324036	27.388275533897204	23.474009401354216
29	22.35755098289454	26.732426446435763	27.50357349377438	23.40644907689531
30	22.380630661514285	26.81347891146731	27.483740682555936	23.322149744462468
31	22.956329249500236	26.697543103352427	27.19734260540596	23.148785041741373
32	22.25865970697188	26.94867109796663	27.585583479956927	23.207085715104565
33	22.37109089259374	26.775656667907548	27.751412915132317	23.101839524366387
34	22.437467842148727	26.508316722947413	27.877288419096868	23.176927015806992
35	22.308078685533843	26.835320879575374	27.731872365163966	23.124728069726814
36	22.424664237848425	27.097456362873302	27.675592773440034	22.80228662583824
37	22.543946151716177	26.762847145469372	27.28779649527996	23.405410207534494
38	22.432902068382372	27.24638814908409	27.289500432018816	23.031209350514725
39	22.6329257099415	26.944542822088923	27.51464075677647	22.90789071119311
40	22.78290915181399	26.622154342022846	27.488018453038336	23.106918053124822
41	22.675647702487655	26.83958193000783	27.55949254925379	22.925277818250724
42	22.4250286261732	27.10245469628541	27.59650325471346	22.876013422827928
43	22.535275072974905	26.82817257811994	27.535901995594337	23.100650353310815
44	22.386280599139646	27.189467715549466	27.52765056535727	22.89660111995362
45	22.48219242066308	27.10750149990352	27.37357834390209	23.03672773553131
46	22.618389546376147	26.976130247561358	27.29207331322131	23.113406892841184
47	22.613131398518867	27.070264233179987	27.404690136929055	22.91191423137209
48	22.370924181612214	27.10594823766736	27.370908355872597	23.152219224847826
49	22.750969738591344	26.839267652819608	27.376873412984242	23.032889195604803
50	22.519199519938198	27.205930292216802	27.311134929126556	22.963735258718447
51	22.582105021107385	27.113442478079214	27.346295134911426	22.95815736590198
52	22.589179600710242	27.171762720921215	27.21935887249286	23.01969880587568
53	22.459769778372824	26.917950253114203	27.55693628861156	23.065343679901414
54	22.605302584696545	27.317847232099524	27.36658438426975	22.71026579893418
55	22.62428066334951	26.836208266490267	27.348543113511354	23.19096795664887
56	22.722641280263275	27.186150907879487	27.135329950101244	22.955877861756
57	22.55391072744182	27.077196032339085	27.248718863990078	23.12017437622901
58	22.60608329643586	27.01213975492812	27.141802213623144	23.23997473501288
59	22.541518245233778	27.117682677865464	27.214965180975987	23.125833895924774
60	22.550357062315825	27.052655621356593	27.468820871818657	22.928166444508925
61	22.80317329938861	26.9860411654117	27.224821040783624	22.98596449441606
62	22.75311768840741	27.126719159272604	27.26077282340085	22.85939032891914
63	22.709910232784587	27.289607754147376	27.13128063815254	22.869201374915498
64	22.717501197522882	26.986891099363863	27.07074293865301	23.224864764460246
65	22.630239221679698	27.192096644032045	27.19469987410982	22.98296426017844
66	22.658565685642216	27.464602665701698	27.00041382034653	22.876417828309553
67	22.831046350066995	27.013471409059353	27.06434279224567	23.091139448627985
68	22.758588373575822	27.361579711898827	27.218566610491717	22.661265304033638
69	23.03371754898751	27.15809557078436	27.151098922242618	22.657087957985507
70	23.20044414330009	26.93140850837349	27.008441285361112	22.85970606296531
71	22.887842029276637	27.35809056011919	26.95764374241031	22.796423668193867
72	22.840036689942945	27.455635632403236	27.193709920267356	22.510617757386463
73	23.664119413801256	28.076328652243852	27.137562556710936	21.12198937724395
74	24.786496278753887	30.487405719723142	27.403152138739912	17.322945862783058
75	30.28499952008672	41.02731712382318	28.687683356090098	0.0
>>END_MODULE
>>Per base GC content	fail
#Base	%GC
1	71.14524992464474
2	44.68179056399701
3	50.58726149923161
4	49.94208514598416
5	30.656664204469546
6	49.31075958538241
7	50.529462042599334
8	46.173990884702896
9	65.04392455485426
10	38.45956765174959
11	54.21397347411361
12	45.09368543908464
13	53.945351924072305
14	52.59913653650807
15	47.709023823449314
16	46.37062900046553
17	44.82056689690597
18	44.68609420645054
19	45.817059024813865
20	45.622643203919026
21	46.26629567300476
22	45.94939736993612
23	45.92907882721735
24	45.98859278482708
25	46.340678377634006
26	45.6611589901348
27	45.73537245147292
28	45.95004523777876
29	45.76400005978986
30	45.70278040597675
31	46.10511429124161
32	45.465745422076445
33	45.47293041696013
34	45.61439485795572
35	45.43280675526065
36	45.22695086368667
37	45.94935635925067
38	45.4641114188971
39	45.54081642113461
40	45.88982720493882
41	45.60092552073838
42	45.301042049001126
43	45.63592542628572
44	45.28288171909327
45	45.51892015619439
46	45.731796439217334
47	45.52504562989096
48	45.52314340646004
49	45.78385893419615
50	45.48293477865664
51	45.54026238700936
52	45.60887840658592
53	45.525113458274234
54	45.315568383630726
55	45.81524861999838
56	45.678519142019276
57	45.67408510367083
58	45.846058031448734
59	45.66735214115856
60	45.47852350682475
61	45.78913779380467
62	45.61250801732655
63	45.579111607700085
64	45.94236596198313
65	45.613203481858136
66	45.53498351395177
67	45.922185798694976
68	45.41985367760945
69	45.69080550697302
70	46.0601502062654
71	45.6842656974705
72	45.35065444732941
73	44.78610879104521
74	42.109442141536945
75	30.28499952008672
>>END_MODULE
>>Per sequence GC content	warn
#GC Content	Count
0	5913.0
1	2958.5
2	5.5
3	8.5
4	10.0
5	23.5
6	48.5
7	95.0
8	130.5
9	186.0
10	303.0
11	526.5
12	698.5
13	1023.5
14	1865.5
15	3159.0
16	4189.0
17	6307.0
18	11256.5
19	18336.0
20	23595.5
21	32821.0
22	50676.5
23	72509.0
24	88064.5
25	108992.0
26	145564.0
27	184567.5
28	211124.0
29	244771.0
30	299603.5
31	353727.0
32	389549.5
33	430831.5
34	501764.0
35	571562.0
36	611764.5
37	650156.0
38	692209.5
39	715419.0
40	730837.0
41	734375.0
42	730973.5
43	727167.5
44	728359.0
45	723308.5
46	705341.0
47	685862.5
48	676293.0
49	661675.0
50	634049.5
51	607500.5
52	591903.5
53	578077.5
54	554451.5
55	529295.5
56	514071.0
57	498522.0
58	469345.5
59	433942.0
60	404271.0
61	373330.0
62	332749.0
63	291417.5
64	258921.5
65	232951.0
66	199300.0
67	164150.0
68	138900.0
69	120400.5
70	98267.5
71	76843.0
72	62778.0
73	53186.0
74	42606.5
75	33275.0
76	27086.5
77	22689.5
78	17760.0
79	13544.0
80	10823.5
81	8939.5
82	6813.5
83	4721.5
84	3409.0
85	2747.0
86	1978.0
87	1254.0
88	952.5
89	784.5
90	513.5
91	326.0
92	257.5
93	282.0
94	263.0
95	170.5
96	125.5
97	94.0
98	51.0
99	67.0
100	95.0
>>END_MODULE
>>Per base N content	pass
#Base	N-Count
1	0.05803263979420177
2	0.0365459298799745
3	0.036496535144539495
4	0.036496535144539495
5	0.036496535144539495
6	0.07997625101120284
7	0.03729302525342895
8	0.036496535144539495
9	0.036496535144539495
10	0.036521232512256994
11	0.036496535144539495
12	0.03656445290576262
13	0.03653975553804512
14	0.036502709486468866
15	0.038089515362318416
16	0.036496535144539495
17	0.038503196271586576
18	0.03651505817032762
19	0.03653975553804512
20	0.036496535144539495
21	0.03719423578255894
22	0.037719054846555876
23	0.03651505817032762
24	0.036762031847502645
25	0.037348594330793336
26	0.039589880451156696
27	0.03656445290576262
28	0.03735476867272271
29	0.037169538414841434
30	0.0386760778456091
31	0.03930586072240541
32	0.037515301562886474
33	0.03673116013785577
34	0.03944169624485168
35	0.03856493969088034
36	0.0021496420166557725
37	6.486839530849525E-4
38	0.0010566321463090728
39	0.0033251568262626574
40	0.0053291758343019515
41	0.0013419796401280607
42	0.0013486242578777442
43	6.560055451034756E-4
44	0.001572630776012799
45	0.0026203100167452057
46	0.00597498415451557
47	0.00216446189244671
48	0.0022714075037250153
49	0.0025338199758169243
50	0.003710334842492868
51	0.0030414158742503284
52	0.0038593349593997964
53	0.0037690805810738576
54	0.0022572224727822306
55	0.002814913097516017
56	0.002542857615905418
57	0.0032148160740553522
58	0.004063723186940784
59	0.00305918347760079
60	0.0014059227130391863
61	0.0015773865859044734
62	0.0016234173804197363
63	0.003988262788336278
64	0.004239732654572324
65	3.0960650214092897E-4
66	0.0010884894456076445
67	0.0013183538754628422
68	8.000136129300485E-4
69	0.0015583201639378255
70	4.207333573661327E-4
71	7.35228633408802E-4
72	8.304610004891995E-4
73	0.001149650007555315
74	0.0030163918021332754
75	7.66322721871023E-4
>>END_MODULE
>>Sequence Length Distribution	warn
#Length	Count
35	7316.0
36	2123.0
37	3125.0
38	3806.0
39	4579.0
40	4968.0
41	5520.0
42	6221.0
43	7120.0
44	8152.0
45	9194.0
46	9834.0
47	10743.0
48	11187.0
49	11978.0
50	12154.0
51	13094.0
52	13284.0
53	14251.0
54	15600.0
55	16194.0
56	17142.0
57	17897.0
58	18607.0
59	19372.0
60	20201.0
61	19995.0
62	20829.0
63	21516.0
64	23515.0
65	24826.0
66	24464.0
67	27519.0
68	27674.0
69	35163.0
70	45502.0
71	107852.0
72	398500.0
73	1144816.0
74	3550759.0
75	1.0439466E7
>>END_MODULE
>>Sequence Duplication Levels	warn
#Total Duplicate Percentage	36.895563340601186
#Duplication Level	Relative count
1	100.0
2	25.822055546497094
3	10.686139774677196
4	5.57328426234345
5	3.1585567538608466
6	2.046695084360175
7	1.2997600801285785
8	0.9969485919265798
9	0.6995721817179505
10++	5.004930392179699
>>END_MODULE
>>Overrepresented sequences	pass
>>END_MODULE
>>Kmer Content	warn
#Sequence	Count	Obs/Exp Overall	Obs/Exp Max	Max Obs/Exp Position
AAAAA	4655515	3.0617952	6.777155	71
CCTGG	2601435	2.9465518	12.034524	3
CCAGG	2504505	2.87546	13.569597	3
CAGCA	2763445	2.7512057	7.11026	4
CCCAG	2353475	2.6844606	11.946654	2
TGCTG	2730695	2.663267	6.681774	2
CTGGG	2278365	2.5975409	10.398101	4
CCAGC	2235265	2.5496259	6.6972837	3
AGCAG	2499775	2.5050194	5.810094	7
GGAGG	2140915	2.4903524	5.628244	6
GCTGG	2169450	2.4733677	6.1453114	3
CTGCT	2536885	2.4581273	6.7363873	9
TCCAG	2496640	2.4521317	9.642987	2
GCTGC	2122030	2.403547	5.787492	8
AGGAG	2356200	2.376623	7.5166364	5
AGAAG	2691180	2.3538442	5.0286846	5
CAGGA	2343865	2.3487823	10.657437	4
CTCCT	2424100	2.3335445	6.561174	1
CTGGA	2339000	2.3123634	8.824488	4
CTCCA	2346240	2.2894034	7.1076026	1
CAGCC	1992860	2.27313	5.3197656	9
TCCTG	2321110	2.2490509	9.042081	2
GGCTG	1956305	2.2303634	8.455181	7
GGCAG	1913890	2.2117722	6.3101196	7
CCTGC	1950130	2.194455	6.274688	3
CAGAG	2186765	2.1913528	8.449197	4
GCAGG	1882395	2.1753752	6.5552034	3
CTGCC	1909740	2.149005	5.738775	9
CTGCA	2170830	2.13213	6.327279	4
CTCTG	2195850	2.1276796	7.5733957	2
TGCAG	2148370	2.1239042	6.479456	2
CCCTG	1887265	2.1237137	9.188023	2
TGGAG	2098635	2.0883374	6.382996	5
AGCTG	2111910	2.0878594	6.1736426	7
CAGGG	1782575	2.060019	9.588057	4
CAGAA	2365905	2.0558634	5.578445	4
GCCTG	1812685	2.053163	7.0704384	7
GGAGA	2013690	2.0311441	5.5597982	6
CACAG	2024760	2.0157921	7.174381	7
GCCAG	1751625	2.0110672	5.5659733	2
CTGGC	1773540	2.008825	5.5248113	4
CAGGC	1712195	1.965797	6.1379294	4
CTGTG	2006100	1.9565644	9.172122	9
TTCTG	2333215	1.9466985	5.1321864	2
CTCAG	1979540	1.9442502	6.434847	2
GGGAG	1656780	1.9271976	5.178876	7
CCCCA	1687980	1.9128318	7.0022936	1
CTGAG	1933705	1.911684	6.1140532	4
CCAGA	1908510	1.900057	7.228055	3
CCTCT	1923840	1.8519722	5.6020126	1
GGCCA	1593905	1.8299865	6.3864155	1
AGAGG	1807420	1.8230864	5.391019	5
TCTGG	1861825	1.8158519	6.339386	3
CAGTG	1816615	1.7959273	6.603923	9
ACCTG	1810910	1.7786264	5.408981	7
TGGGG	1543710	1.7715065	5.750142	5
CACTG	1790185	1.7582709	7.3671975	7
GAGAG	1719735	1.7346413	5.596893	7
TGGCC	1515905	1.717011	5.5565305	5
CCTGA	1745205	1.7140927	5.784047	3
ACAGA	1950955	1.6952908	6.03234	8
GCCCA	1452000	1.6562047	8.052578	1
TCAGG	1668950	1.649944	5.9500146	3
AGGTG	1578625	1.5708791	5.1448307	7
CCTGT	1615840	1.565676	5.5846643	8
GGCCT	1376460	1.5590667	5.2064238	6
ACACA	1804435	1.5577588	6.662985	6
GGGCC	1158490	1.5338784	5.331976	6
AGGCC	1335175	1.5329345	5.0025406	5
TGGGC	1343465	1.5316707	6.302556	5
GTGTG	1559675	1.5311354	6.758409	1
TGTGT	1810285	1.5202986	6.319886	10
AGCCT	1540190	1.5127326	5.085755	6
CACAC	1519930	1.503342	6.9708095	5
ACAGC	1488205	1.4816136	5.711942	8
GCTGT	1504845	1.4676864	5.472487	8
AGGCT	1462955	1.4462947	5.118751	6
CTGTC	1486645	1.440492	5.980328	9
GACAG	1428060	1.431056	7.2354426	7
AGACA	1627685	1.414384	5.903316	6
GCCCT	1256355	1.4137592	6.0656695	1
GGGCT	1234190	1.4070876	6.0890408	6
AGAGC	1361710	1.3645668	5.2404943	5
AGGGC	1161550	1.3423363	5.7853594	5
GTCCT	1350245	1.3083265	8.9067545	1
GGACA	1298300	1.3010237	6.5573716	6
AGGAC	1249360	1.251981	9.453866	5
GTGCT	1236425	1.2058944	5.742951	1
GTCCA	1217705	1.1959966	6.8891788	1
ACTGC	1216135	1.1944547	5.1054845	8
TGTGC	1199290	1.1696763	6.085398	10
AGCAC	1170065	1.1648828	5.6845136	5
GTCTT	1380330	1.1516669	5.026776	1
TGGAC	1109125	1.0964942	6.0676785	5
ACAGT	1255750	1.0765043	5.662899	8
GTGCA	1072715	1.0604988	5.666289	1
ACTGT	1241755	1.0501812	6.438349	8
GACTG	1052730	1.0407414	6.380503	7
TGCAC	1025085	1.0068104	5.187179	5
AGACT	1164335	0.99813795	5.5162764	6
GGACC	865915	0.99417007	5.701057	6
ACACT	1140840	0.9716265	5.08949	6
GGACT	952540	0.94169235	5.4516726	6
TGTAG	1088740	0.92680943	5.6731577	2
CTACA	1082215	0.921697	5.166407	4
TAGGA	946105	0.81637543	5.8336563	4
TCCTA	944835	0.79386425	5.352139	2
GTGTA	765440	0.6515945	5.619732	1
>>END_MODULE
