##FastQC	0.10.1
>>Basic Statistics	pass
#Measure	Value	
Filename	018-F5_S4_L004_R1_001_trimmed.fq.gz	
File type	Conventional base calls	
Encoding	Sanger / Illumina 1.9	
Total Sequences	16536212	
Filtered Sequences	0	
Sequence length	20-50	
%GC	45	
>>END_MODULE
>>Per base sequence quality	pass
#Base	Mean	Median	Lower Quartile	Upper Quartile	10th Percentile	90th Percentile
1	35.364090457959776	36.0	36.0	36.0	36.0	36.0
2	35.35377050076523	36.0	36.0	36.0	36.0	36.0
3	35.34101123038336	36.0	36.0	36.0	36.0	36.0
4	35.33289056768261	36.0	36.0	36.0	36.0	36.0
5	35.31774937331476	36.0	36.0	36.0	36.0	36.0
6	35.2894471841556	36.0	36.0	36.0	36.0	36.0
7	35.28142273454162	36.0	36.0	36.0	36.0	36.0
8	35.26963557312884	36.0	36.0	36.0	36.0	36.0
9	35.25476989530613	36.0	36.0	36.0	36.0	36.0
10	35.23545102106819	36.0	36.0	36.0	36.0	36.0
11	35.2258205809166	36.0	36.0	36.0	36.0	36.0
12	35.21114255187343	36.0	36.0	36.0	36.0	36.0
13	35.202788401600074	36.0	36.0	36.0	36.0	36.0
14	35.19452913399998	36.0	36.0	36.0	36.0	36.0
15	35.17899135545674	36.0	36.0	36.0	36.0	36.0
16	35.16764220245846	36.0	36.0	36.0	36.0	36.0
17	35.15516340743575	36.0	36.0	36.0	36.0	36.0
18	35.14354067303927	36.0	36.0	36.0	36.0	36.0
19	35.126741239166506	36.0	36.0	36.0	36.0	36.0
20	35.12731694538024	36.0	36.0	36.0	36.0	36.0
21	35.11550693992715	36.0	36.0	36.0	36.0	36.0
22	35.10639885638759	36.0	36.0	36.0	36.0	36.0
23	35.09883133225747	36.0	36.0	36.0	36.0	36.0
24	35.08493390688365	36.0	36.0	36.0	36.0	36.0
25	35.07261939419734	36.0	36.0	36.0	36.0	36.0
26	35.06393141351008	36.0	36.0	36.0	36.0	36.0
27	35.06157516041487	36.0	36.0	36.0	36.0	36.0
28	35.047860518485194	36.0	36.0	36.0	36.0	36.0
29	35.03852227911888	36.0	36.0	36.0	36.0	36.0
30	35.03162435151106	36.0	36.0	36.0	36.0	36.0
31	35.0200753592008	36.0	36.0	36.0	36.0	36.0
32	35.01288342886459	36.0	36.0	36.0	36.0	36.0
33	34.99289649558202	36.0	36.0	36.0	36.0	36.0
34	34.98482602355853	36.0	36.0	36.0	36.0	36.0
35	34.96227550832361	36.0	36.0	36.0	36.0	36.0
36	34.95527836433653	36.0	36.0	36.0	36.0	36.0
37	34.953912430092984	36.0	36.0	36.0	36.0	36.0
38	34.94034738989825	36.0	36.0	36.0	36.0	36.0
39	34.93095515987944	36.0	36.0	36.0	36.0	36.0
40	34.92371041017637	36.0	36.0	36.0	36.0	36.0
41	34.91421472959683	36.0	36.0	36.0	36.0	36.0
42	34.899457400198116	36.0	36.0	36.0	36.0	36.0
43	34.88989261528607	36.0	36.0	36.0	36.0	36.0
44	34.88041734239836	36.0	36.0	36.0	36.0	36.0
45	34.877521262294636	36.0	36.0	36.0	36.0	36.0
46	34.871730813492974	36.0	36.0	36.0	36.0	36.0
47	34.890725956399024	36.0	36.0	36.0	36.0	36.0
48	34.90294151171224	36.0	36.0	36.0	36.0	36.0
49	34.96336749006063	36.0	36.0	36.0	36.0	36.0
50	35.062141728903065	36.0	36.0	36.0	36.0	36.0
>>END_MODULE
>>Per sequence quality scores	pass
#Quality	Count
12	1.0
13	0.0
14	12.0
15	56.0
16	197.0
17	538.0
18	1394.0
19	3117.0
20	6363.0
21	11202.0
22	17869.0
23	26541.0
24	38697.0
25	54682.0
26	76582.0
27	104590.0
28	139737.0
29	182380.0
30	233684.0
31	302992.0
32	409967.0
33	606978.0
34	1194935.0
35	6832185.0
36	6291513.0
>>END_MODULE
>>Per base sequence content	pass
#Base	G	A	T	C
1	22.546328820557267	26.53567599932487	27.288356999046147	23.629638181071716
2	22.621410831139663	26.646244816678067	27.47186930983581	23.260475042346464
3	22.48934791677073	26.728253561488906	27.42840828867475	23.35399023306561
4	22.73066913333635	26.33499869014615	27.751521571224725	23.18281060529278
5	22.771078953016332	26.410565554221172	27.370051228970997	23.448304263791496
6	22.273708071485316	26.874548980594092	27.552058517124088	23.299684430796503
7	22.361140382201658	26.813918814274402	27.52806824610616	23.296872557417785
8	22.4476384343202	26.71217389658413	27.411509357662773	23.4286783114329
9	22.302615915471844	26.79993974403795	27.534283580256385	23.36316076023382
10	22.35639224248426	26.85565437053442	27.51885923055343	23.269094156427887
11	22.92183464516836	26.717137583148265	27.23391527542972	23.12711249625366
12	22.22351435650896	26.978445567290997	27.6344829075126	23.163557168687447
13	22.331367865123923	26.83204272566615	27.79988811084948	23.036701298360445
14	22.41641755094609	26.56238689557677	27.8931132547907	23.128082298686447
15	22.261782749089207	26.870547172965082	27.762830031995406	23.104840045950308
16	22.374958023675102	27.120325237372978	27.71840433785292	22.786312401099
17	22.489858587168253	26.809535924570472	27.337368954150758	23.363236534110516
18	22.420825522335267	27.264161378047223	27.335121797143064	22.97989130247444
19	22.615611515698937	26.97630657570657	27.553838026073702	22.854243882520787
20	22.7306054460341	26.6403947416801	27.564342913208307	23.06465689907749
21	22.67488476918646	26.84916233100575	27.59197238394145	22.883980515866337
22	22.38273740077212	27.135301191509814	27.637642349375174	22.844319058342894
23	22.46858620782452	26.854122274560023	27.591127211402718	23.08616430621274
24	22.347855521436294	27.205225949458466	27.576176882022434	22.870741647082802
25	22.449271402550092	27.123594414086217	27.433624772313298	22.993509411050393
26	22.557434329902534	26.982269398812058	27.361380886382992	23.098915384902412
27	22.579555502024302	27.108713154301707	27.462195833747742	22.849535509926245
28	22.344789756306294	27.124722635236083	27.434782934346412	23.095704674111207
29	22.690667906790072	26.87787655566331	27.443240915977192	22.98821462156943
30	22.469256669316735	27.23981064277257	27.38649298240807	22.90443970550263
31	22.505506841094114	27.16364276919732	27.438253144647458	22.892597245061104
32	22.536329652081946	27.17247578303602	27.324146692829608	22.967047872052422
33	22.40298037771389	26.939340303385777	27.63092402846218	23.02675529043815
34	22.529200611539867	27.342387180703188	27.4616132857484	22.666798922008546
35	22.56277693447929	26.879794233804112	27.450086524267647	23.10734230744895
36	22.659848284391064	27.194957996531542	27.22619859336106	22.918995125716332
37	22.50206758690997	27.104103547734532	27.3371988259224	23.056630039433102
38	22.54487889621834	27.02075366628851	27.24955421012254	23.18481322737061
39	22.455729141232435	27.12187771714841	27.348571267499626	23.073821874119524
40	22.483435873385922	27.068288770639633	27.571304655146438	22.876970700828007
41	22.727699150086313	27.035857296499895	27.347251992068582	22.889191561345214
42	22.690169766558157	27.129960395865986	27.360691738859078	22.819178098716776
43	22.623669562752283	27.308219879107654	27.26418830752338	22.803922250616683
44	22.656487348766582	27.002632342897726	27.194763800355105	23.146116507980594
45	22.563553501941	27.232866840359478	27.304624190757504	22.89895546694202
46	22.54849074300535	27.50281848356314	27.110008607200538	22.838682166230974
47	22.707144980435217	27.16168553344499	27.199022655147164	22.93214683097263
48	22.64690132676096	27.59386009688874	27.399359360417485	22.359879215932814
49	22.864487219615985	27.756017338794592	27.48453859334804	21.89495684824138
50	22.8953876668676	27.457434672004936	27.466698431936248	22.180479229191217
>>END_MODULE
>>Per base GC content	pass
#Base	%GC
1	46.17596700162898
2	45.88188587348613
3	45.84333814983634
4	45.91347973862913
5	46.21938321680783
6	45.57339250228182
7	45.65801293961944
8	45.8763167457531
9	45.665776675705665
10	45.625486398912145
11	46.04894714142201
12	45.38707152519641
13	45.36806916348437
14	45.54449984963254
15	45.36662279503951
16	45.1612704247741
17	45.85309512127878
18	45.400716824809706
19	45.46985539821973
20	45.795262345111595
21	45.558865285052796
22	45.22705645911501
23	45.55475051403726
24	45.218597168519096
25	45.442780813600486
26	45.656349714804946
27	45.42909101195055
28	45.4404944304175
29	45.6788825283595
30	45.37369637481936
31	45.398104086155215
32	45.50337752413437
33	45.42973566815204
34	45.19599953354842
35	45.67011924192824
36	45.578843410107396
37	45.55869762634307
38	45.72969212358895
39	45.52955101535196
40	45.36040657421393
41	45.61689071143152
42	45.50934786527493
43	45.42759181336897
44	45.802603856747176
45	45.46250896888302
46	45.38717290923632
47	45.63929181140785
48	45.006780542693775
49	44.75944406785736
50	45.07586689605881
>>END_MODULE
>>Per sequence GC content	warn
#GC Content	Count
0	1093.0
1	1135.0
2	1075.5
3	1049.0
4	1155.5
5	1421.5
6	1728.5
7	2202.5
8	2673.0
9	3424.5
10	4325.5
11	6215.5
12	8192.0
13	11696.0
14	15786.0
15	22737.0
16	30367.0
17	42645.5
18	56054.0
19	75450.5
20	95555.0
21	122110.0
22	149902.0
23	186094.5
24	224483.5
25	262593.0
26	306085.0
27	357886.0
28	413642.5
29	475334.0
30	537797.5
31	604568.5
32	675542.0
33	747321.5
34	817661.5
35	879693.5
36	938643.0
37	978690.5
38	1009686.0
39	1030797.5
40	1050795.5
41	1062406.5
42	1071705.5
43	1070324.0
44	1063459.5
45	1043694.0
46	1024193.5
47	1002459.5
48	979163.0
49	953187.5
50	928005.0
51	904045.0
52	875760.5
53	847631.5
54	821663.5
55	792768.0
56	759316.5
57	721671.5
58	683751.0
59	636677.5
60	588291.5
61	538512.0
62	488253.5
63	445997.0
64	396501.0
65	350597.5
66	307722.0
67	269068.0
68	229441.0
69	193405.5
70	162802.0
71	137085.5
72	113870.0
73	94337.5
74	76352.0
75	62992.5
76	52621.5
77	43308.0
78	35018.0
79	28667.0
80	22871.5
81	18412.0
82	14791.0
83	12066.5
84	9432.0
85	7397.5
86	5689.0
87	4400.5
88	3441.0
89	2698.0
90	1974.5
91	1528.5
92	1208.5
93	1000.5
94	802.5
95	673.5
96	538.0
97	460.0
98	422.5
99	593.0
100	747.0
>>END_MODULE
>>Per base N content	pass
#Base	N-Count
1	7.438221038772362E-4
2	1.209466835572742E-5
3	6.047334177863709E-5
4	9.675734684581935E-5
5	3.688873848496863E-4
6	3.688873848496863E-4
7	0.0010703781494818766
8	5.140234051184153E-4
9	5.3821274182987E-4
10	8.768634557902378E-4
11	5.321654076520064E-4
12	0.0015904488887781554
13	0.0012276088381063329
14	3.32603379782504E-4
15	5.321654076520064E-4
16	6.349700886756895E-4
17	0.0018202475875369766
18	0.0014090288634422442
19	0.001910957600204932
20	0.002636637701548577
21	0.002686927064998763
22	0.002422497051821088
23	9.333922784699494E-4
24	0.0016014632521205436
25	0.003308937257388872
26	0.0019142688322577271
27	0.002494007538594006
28	0.00485301986924978
29	0.002212715470026483
30	0.002569239791848858
31	0.0013441943421515945
32	0.004294639427396093
33	0.003062911528964392
34	0.001975203103939665
35	0.0020271515449351925
36	0.0024177348789446913
37	0.0024275034414790227
38	0.0015303737221996506
39	0.0032884411663878293
40	0.0029043002717037926
41	0.0011974666569132078
42	0.0029846315724152144
43	0.0025181635008655876
44	2.3134002018535463E-4
45	4.840376028069152E-4
46	4.5080295307680957E-4
47	8.485702277046821E-5
48	4.3812545451169427E-4
49	4.320597970759153E-4
50	1.9986533074014728E-5
>>END_MODULE
>>Sequence Length Distribution	warn
#Length	Count
20	11759.0
21	12565.0
22	12930.0
23	14034.0
24	14379.0
25	15176.0
26	15964.0
27	16641.0
28	17582.0
29	19012.0
30	19489.0
31	20722.0
32	21622.0
33	22216.0
34	23121.0
35	24116.0
36	24217.0
37	25475.0
38	27314.0
39	29410.0
40	31109.0
41	34972.0
42	38949.0
43	49664.0
44	85919.0
45	158180.0
46	429788.0
47	940444.0
48	1881173.0
49	2491532.0
50	1.0006738E7
>>END_MODULE
>>Sequence Duplication Levels	warn
#Total Duplicate Percentage	37.9330078946596
#Duplication Level	Relative count
1	100.0
2	26.024698363162084
3	11.092197240150997
4	5.600870038064166
5	3.3398743803737068
6	2.197161343200069
7	1.4934077278924431
8	1.09069989203332
9	0.7660117738846727
10++	6.010670575533331
>>END_MODULE
>>Overrepresented sequences	pass
>>END_MODULE
>>Kmer Content	warn
#Sequence	Count	Obs/Exp Overall	Obs/Exp Max	Max Obs/Exp Position
AAAAA	3567260	3.3666966	3.9449632	46
TTTTT	3710120	3.2113914	4.01858	13
>>END_MODULE
