##FastQC	0.10.1
>>Basic Statistics	pass
#Measure	Value	
Filename	006-F5_S1_L002_R2_001.fastq.gz	
File type	Conventional base calls	
Encoding	Sanger / Illumina 1.9	
Total Sequences	20799231	
Filtered Sequences	0	
Sequence length	35-76	
%GC	46	
>>END_MODULE
>>Per base sequence quality	pass
#Base	Mean	Median	Lower Quartile	Upper Quartile	10th Percentile	90th Percentile
1	31.29310492296566	32.0	32.0	32.0	32.0	32.0
2	31.014555970843347	32.0	32.0	32.0	32.0	32.0
3	31.07270739961492	32.0	32.0	32.0	32.0	32.0
4	31.112382904925667	32.0	32.0	32.0	32.0	32.0
5	31.04370901981905	32.0	32.0	32.0	32.0	32.0
6	34.720840207986534	36.0	36.0	36.0	32.0	36.0
7	34.70505616289371	36.0	36.0	36.0	32.0	36.0
8	34.5932768379754	36.0	36.0	36.0	32.0	36.0
9	34.77905394675409	36.0	36.0	36.0	32.0	36.0
10-14	34.63906694435001	36.0	36.0	36.0	32.8	36.0
15-19	34.515934786242816	36.0	36.0	36.0	32.0	36.0
20-24	34.442124115069454	36.0	36.0	36.0	32.0	36.0
25-29	34.346429682905104	36.0	36.0	36.0	32.0	36.0
30-34	34.2544588787922	36.0	36.0	36.0	32.0	36.0
35-39	34.18510400275409	36.0	36.0	36.0	32.0	36.0
40-44	34.08470581884956	36.0	36.0	36.0	32.0	36.0
45-49	33.94031590535989	36.0	36.0	36.0	32.0	36.0
50-54	33.77793920078552	36.0	36.0	36.0	29.0	36.0
55-59	33.599914595489146	36.0	36.0	36.0	27.0	36.0
60-64	33.434681201792365	36.0	36.0	36.0	27.0	36.0
65-69	33.30617793270834	36.0	36.0	36.0	27.0	36.0
70-74	33.16489036888281	36.0	36.0	36.0	22.2	36.0
75-76	32.17203401069087	36.0	34.0	36.0	17.5	36.0
>>END_MODULE
>>Per sequence quality scores	pass
#Quality	Count
2	31729.0
3	100.0
4	1315.0
5	3420.0
6	1249.0
7	870.0
8	551.0
9	144.0
10	176.0
11	178.0
12	186.0
13	259.0
14	1698.0
15	5932.0
16	10005.0
17	15664.0
18	23455.0
19	31631.0
20	40879.0
21	52244.0
22	69642.0
23	95896.0
24	130860.0
25	180153.0
26	240264.0
27	311267.0
28	394958.0
29	493963.0
30	622722.0
31	798968.0
32	1087589.0
33	1663314.0
34	3420636.0
35	1.1067314E7
>>END_MODULE
>>Per base sequence content	fail
#Base	G	A	T	C
1	44.611610069610165	17.90940913479715	11.479322583826411	25.999658211766274
2	16.79767784801604	18.484967305519675	38.1968005396211	26.520554306843184
3	20.710930386392985	20.66400443131256	27.640596204732766	30.98446897756169
4	13.497926783940652	14.306425912843693	35.84677746129492	36.34886984192074
5	15.390761090228025	34.50142126109523	34.78415186980871	15.323665778868028
6	35.28522165340994	34.49044405799558	16.239426660333038	13.984907628261444
7	31.024364264204902	28.84106924143165	20.26085049202605	19.873716002337396
8	26.555341666576375	35.1977983480387	19.37878935627443	18.86807062911049
9	25.032450828145137	15.655941172271778	19.93401753245396	39.37759046712913
10-14	24.508067738889288	22.79446169639168	28.00313304785821	24.694337516860827
15-19	22.97144835184018	27.812218447357555	25.834345913493962	23.381987287308302
20-24	23.024870085554554	26.5180637179949	27.16447341085249	23.292592785598053
25-29	22.90656512347075	26.65301998404841	27.03855580845975	23.401859084021094
30-34	22.888639508956242	26.695157340571633	27.21035566910061	23.205847481371514
35-39	22.92107779122214	26.942139629837996	27.0735453538461	23.063237225093765
40-44	22.96664184407757	26.85500900531211	27.1579122298007	23.020436920809615
45-49	22.97267460601112	27.007265418656246	26.966797182573327	23.05326279275931
50-54	22.95703499182023	27.098168442980132	26.993608669210577	22.95118789598906
55-59	22.99408585679672	27.03238210763437	26.87226469411032	23.1012673414586
60-64	23.116701661263768	27.075629248250266	26.868510070780683	22.939159019705283
65-69	23.16387635578562	27.200338271068027	26.79576922336363	22.840016149782723
70-74	23.462453492602155	27.41692300978657	26.755811036405152	22.364812461206125
75-76	27.74889052010755	34.59768927040949	27.612130755838106	10.041289453644856
>>END_MODULE
>>Per base GC content	fail
#Base	%GC
1	70.61126828137644
2	43.318232154859224
3	51.69539936395468
4	49.84679662586139
5	30.714426869096055
6	49.27012928167139
7	50.8980802665423
8	45.423412295686866
9	64.41004129527427
10-14	49.202405255750115
15-19	46.35343563914848
20-24	46.31746287115261
25-29	46.30842420749184
30-34	46.09448699032775
35-39	45.984315016315904
40-44	45.98707876488719
45-49	46.02593739877043
50-54	45.90822288780929
55-59	46.09535319825532
60-64	46.055860680969054
65-69	46.003892505568345
70-74	45.82726595380828
75-76	37.7901799737524
>>END_MODULE
>>Per sequence GC content	warn
#GC Content	Count
0	31810.0
1	16094.0
2	621.5
3	1183.5
4	1510.0
5	1708.5
6	1868.0
7	1777.0
8	1728.0
9	1778.5
10	2078.5
11	2922.5
12	3521.0
13	4290.0
14	6360.0
15	9793.5
16	15301.0
17	19525.5
18	25935.5
19	39105.0
20	56163.5
21	68353.5
22	85319.0
23	116087.0
24	149851.5
25	172595.5
26	201587.0
27	249705.5
28	298139.5
29	331048.5
30	371537.5
31	434483.5
32	495522.5
33	535771.5
34	587375.0
35	665411.0
36	729639.0
37	767388.5
38	799852.5
39	834319.5
40	848769.0
41	854783.5
42	865075.5
43	875961.5
44	875952.5
45	865400.5
46	860427.0
47	853607.5
48	835900.5
49	815623.0
50	803755.5
51	787274.5
52	761459.5
53	739628.5
54	728872.5
55	714240.5
56	689409.0
57	663682.5
58	641057.5
59	607117.5
60	558431.0
61	503246.0
62	459182.0
63	419098.5
64	365447.0
65	314764.0
66	263755.5
67	227520.0
68	199822.0
69	164533.5
70	129552.5
71	106041.0
72	89542.0
73	71859.0
74	55537.0
75	44758.5
76	38125.0
77	30771.0
78	23476.5
79	18995.5
80	16612.0
81	13394.0
82	9889.0
83	7809.0
84	6602.0
85	5361.0
86	4223.0
87	3616.0
88	3299.5
89	2835.0
90	2495.0
91	2286.0
92	2126.0
93	2039.0
94	1883.5
95	1764.0
96	1713.0
97	1731.5
98	1985.5
99	12182.5
100	22147.0
>>END_MODULE
>>Per base N content	pass
#Base	N-Count
1	0.3507196972811158
2	0.23970597759119078
3	0.15612115659468373
4	0.15259217997049987
5	0.15269314524176397
6	0.15282295773338928
7	0.15647693897913822
8	0.15868855920682837
9	0.17812677786020067
10-14	0.1881165702712759
15-19	0.20838943516709824
20-24	0.2102260415300931
25-29	0.21485217410201368
30-34	0.20949620685495537
35-39	0.08800278801097075
40-44	0.06471200323877346
45-49	0.06691161063151449
50-54	0.05895972280744283
55-59	0.0663409391908239
60-64	0.06342912084078274
65-69	0.050293996440419854
70-74	0.05359009883783302
75-76	0.061262074425252805
>>END_MODULE
>>Sequence Length Distribution	warn
#Length	Count
35	38991.0
36	10491.0
37	13487.0
38	14577.0
39	16109.0
40	15466.0
41	16480.0
42	17452.0
43	19086.0
44	20282.0
45	21927.0
46	22580.0
47	23306.0
48	23907.0
49	24987.0
50	24449.0
51	25551.0
52	25539.0
53	27221.0
54	28029.0
55	29307.0
56	29741.0
57	31204.0
58	31063.0
59	32092.0
60	33098.0
61	32038.0
62	32968.0
63	33263.0
64	35425.0
65	36561.0
66	37960.0
67	38013.0
68	38658.0
69	42527.0
70	46972.0
71	63297.0
72	143811.0
73	503904.0
74	1389181.0
75	4501740.0
76	1.3206491E7
>>END_MODULE
>>Sequence Duplication Levels	warn
#Total Duplicate Percentage	31.225154661464604
#Duplication Level	Relative count
1	100.0
2	20.02529239870537
3	8.024263555368204
4	4.118945721369219
5	2.3706265227238625
6	1.5325478876560235
7	0.9688274758328987
8	0.7551995884626651
9	0.5494309210291292
10++	4.5497738688081855
>>END_MODULE
>>Overrepresented sequences	warn
#Sequence	Count	Percentage	Possible Source
NNNNNNNNNNNNNNNNNNNNNNNNNNNNNNNNNNN	31728	0.1525441012698979	No Hit
GGGGGGGGGGGGGGGGGGGGGGGGGGGGGGGGGGGGGGGGGGGGGGGGGG	21915	0.1053644723691948	No Hit
>>END_MODULE
>>Kmer Content	warn
#Sequence	Count	Obs/Exp Overall	Obs/Exp Max	Max Obs/Exp Position
GGGGG	4135455	3.93202	8.152924	72
AAAAA	7219770	3.715118	7.4062967	72
TTTTT	6266815	3.1282177	5.608552	72
CCTGG	3476090	2.9895961	12.139415	3
CCAGG	3321140	2.8737469	12.395377	3
CCCAG	3223135	2.8290367	10.969499	2
CTGGG	3185600	2.700934	10.337611	4
CCAGC	2916275	2.5596972	6.55852	3
CAGCA	3262015	2.4964256	7.2879276	4
GGAGG	2932695	2.4662137	5.654987	6
TGCTG	3264740	2.4333405	7.7730374	2
GCTGG	2866615	2.4304802	6.4352283	3
TCCAG	3099820	2.3579214	9.68965	2
CAGCC	2670885	2.3443112	5.354891	9
CTCCT	3036830	2.329015	7.1636095	1
CTCCA	3010815	2.3231416	7.272744	1
CAGGA	3032005	2.2875142	10.192708	4
AGGAG	3045200	2.26491	7.0351696	5
TCCTG	2991655	2.2618537	9.968628	2
GGCTG	2662090	2.2570722	7.953299	7
CCCTG	2554130	2.2282467	9.12749	2
CTGCT	2936870	2.2204332	6.50057	9
CCTGC	2544090	2.2194877	6.4704514	3
CAGAG	2927135	2.2083943	7.4742446	4
CTCTG	2916755	2.2052252	7.564966	2
CTGGA	2940065	2.2047076	9.095703	4
AGCAG	2916000	2.1999936	5.1602845	7
CTGCC	2511550	2.1910994	5.651917	9
CTGCA	2869815	2.1829648	6.8736844	4
GGCAG	2542530	2.1688457	5.6676965	7
GCAGG	2527225	2.1557899	6.658348	3
GCCTG	2487140	2.1390538	6.578798	7
CACAG	2780235	2.1277187	7.8784394	7
TGCAG	2835930	2.1266186	7.199264	2
GCTGC	2446715	2.1042867	5.2796326	8
CAGGG	2463405	2.1013496	9.060193	4
CTGTG	2808200	2.093063	9.468505	9
CTTCT	3136605	2.084704	5.03233	1
CCCCA	2326070	2.0710073	6.585825	1
TGGAG	2762330	2.042071	6.5699325	5
CAGGC	2325125	2.0119057	5.9328012	4
AGCTG	2670320	2.0024302	5.6757903	7
CTCAG	2622115	1.9945484	6.058146	2
GCCAG	2278515	1.9715745	5.092788	2
CTGGC	2283835	1.9642024	5.287866	4
CTGAG	2609135	1.9565487	5.8336315	4
GGAGA	2577625	1.9171447	5.522787	6
CAGAA	2860250	1.908575	5.266088	4
TCCCA	2468680	1.9048308	5.2341843	2
TGGGG	2262905	1.89143	5.7462053	5
CCTCT	2458755	1.885676	5.514014	1
CACTG	2446270	1.8607894	7.9681473	7
CAGTG	2473530	1.8548604	6.6552877	9
CCAGA	2399740	1.8365252	6.635661	3
GGCCA	2116220	1.8311424	5.7119846	1
TTCTG	2793360	1.8302598	5.289369	2
GTGTG	2443205	1.7952107	8.780922	1
ACACA	2629590	1.7798856	7.323631	6
TCTGG	2373945	1.7693954	6.181995	3
ACCTG	2299535	1.7491734	5.0532136	7
TGTGT	2703940	1.7465622	6.8490987	10
TGGCC	2026750	1.7430977	5.3292937	5
CACAC	2227820	1.729464	7.2741966	5
ACAGA	2580355	1.7218082	6.1101236	8
GCCCA	1958600	1.7191187	6.6634455	1
GAGAG	2284895	1.6994225	5.549933	7
CCTGA	2227375	1.694284	5.6926537	3
CCTGT	2186830	1.6533623	5.5714784	8
TCAGG	2156155	1.6168662	5.7328854	3
GGGCC	1640880	1.6053392	5.1013246	6
TGGGC	1882730	1.5962863	6.2216463	5
ACAGG	2095155	1.5807023	5.035125	8
ACAGC	1966025	1.5046023	5.8994694	8
CTGTC	1969060	1.4887165	6.120303	9
GCTGT	1993000	1.485462	5.5046215	8
GCCCT	1691910	1.476038	5.8684597	1
GACAG	1910070	1.4410636	6.9908805	7
GGGCT	1698830	1.4403653	5.815214	6
AGACA	2101450	1.4022465	5.4549713	6
AGGGC	1615010	1.3776463	5.497412	5
GTCCT	1745055	1.3193566	9.435003	1
GCACA	1702575	1.3029836	5.106395	6
GTGCT	1740775	1.2974688	7.0723968	1
GGACA	1717815	1.2960159	6.431511	6
TGTCC	1710345	1.293114	5.012717	10
TGTGC	1703065	1.269362	6.423601	10
ACTGC	1648575	1.2540116	5.3557677	8
AGCAC	1614680	1.2357173	6.0106707	5
AGGAC	1626510	1.2271303	8.709459	5
GTCCA	1562415	1.188473	6.987645	1
GTCCC	1308035	1.1411419	5.1884837	1
ACAGT	1719665	1.1405369	6.0136385	8
GTGCA	1517865	1.1382227	6.459205	1
GTCTT	1718755	1.1261593	5.623872	1
TGCAC	1474215	1.1213824	5.736963	5
ACTGT	1695085	1.1174217	6.8929706	8
TGGAC	1441355	1.080849	6.153139	5
GACTG	1395410	1.0463955	6.0812416	7
GCACT	1373665	1.0448974	5.040554	6
ACACT	1550015	1.0427979	5.5779653	6
AGACT	1518695	1.0072472	5.053993	6
CTACA	1471620	0.9900563	5.7067547	4
GGACC	1142470	0.98856705	5.2947626	6
TGTAG	1480100	0.9618734	5.8102193	2
GGACT	1274240	0.95553225	5.4160714	6
TCCTA	1239565	0.8288839	5.76857	2
TAGGA	1242375	0.81230545	5.643957	4
GTGTA	1136795	0.73876965	6.666141	1
TACAC	1062445	0.71477723	5.761556	5
GTATA	948750	0.54531825	5.144919	1
>>END_MODULE
