##FastQC	0.10.1
>>Basic Statistics	pass
#Measure	Value	
Filename	005-F5_S2_L004_R2_001.fastq.gz	
File type	Conventional base calls	
Encoding	Sanger / Illumina 1.9	
Total Sequences	18146547	
Filtered Sequences	0	
Sequence length	35-75	
%GC	46	
>>END_MODULE
>>Per base sequence quality	pass
#Base	Mean	Median	Lower Quartile	Upper Quartile	10th Percentile	90th Percentile
1	31.318897749527775	32.0	32.0	32.0	32.0	32.0
2	31.029894723222	32.0	32.0	32.0	32.0	32.0
3	31.08408084469183	32.0	32.0	32.0	32.0	32.0
4	31.143329086244343	32.0	32.0	32.0	32.0	32.0
5	31.096455926298265	32.0	32.0	32.0	32.0	32.0
6	34.74113736348849	36.0	36.0	36.0	32.0	36.0
7	34.72692589945624	36.0	36.0	36.0	32.0	36.0
8	34.64164339364398	36.0	36.0	36.0	32.0	36.0
9	34.80287979856443	36.0	36.0	36.0	32.0	36.0
10	34.5977523437379	36.0	36.0	36.0	32.0	36.0
11	34.76788134954821	36.0	36.0	36.0	32.0	36.0
12	34.64623385374639	36.0	36.0	36.0	32.0	36.0
13	34.70102449793892	36.0	36.0	36.0	32.0	36.0
14	34.65569719682758	36.0	36.0	36.0	32.0	36.0
15	34.59236625017421	36.0	36.0	36.0	32.0	36.0
16	34.59807560082918	36.0	36.0	36.0	32.0	36.0
17	34.577982797498606	36.0	36.0	36.0	32.0	36.0
18	34.56595103189604	36.0	36.0	36.0	32.0	36.0
19	34.555842938053175	36.0	36.0	36.0	32.0	36.0
20	34.54074921250859	36.0	36.0	36.0	32.0	36.0
21	34.52725623227383	36.0	36.0	36.0	32.0	36.0
22	34.51001289666844	36.0	36.0	36.0	32.0	36.0
23	34.49403002124867	36.0	36.0	36.0	32.0	36.0
24	34.48095530240547	36.0	36.0	36.0	32.0	36.0
25	34.46563866943943	36.0	36.0	36.0	32.0	36.0
26	34.43930958325019	36.0	36.0	36.0	32.0	36.0
27	34.42780386814086	36.0	36.0	36.0	32.0	36.0
28	34.41763587309475	36.0	36.0	36.0	32.0	36.0
29	34.399484651267265	36.0	36.0	36.0	32.0	36.0
30	34.372582287969166	36.0	36.0	36.0	32.0	36.0
31	34.36292998331859	36.0	36.0	36.0	32.0	36.0
32	34.331641220778806	36.0	36.0	36.0	32.0	36.0
33	34.324033933287694	36.0	36.0	36.0	32.0	36.0
34	34.3045655462717	36.0	36.0	36.0	32.0	36.0
35	34.28658620287375	36.0	36.0	36.0	32.0	36.0
36	34.31367896216156	36.0	36.0	36.0	32.0	36.0
37	34.29608053493102	36.0	36.0	36.0	32.0	36.0
38	34.28048011515278	36.0	36.0	36.0	32.0	36.0
39	34.25540703363987	36.0	36.0	36.0	32.0	36.0
40	34.26142817477066	36.0	36.0	36.0	32.0	36.0
41	34.22610829022499	36.0	36.0	36.0	32.0	36.0
42	34.22495596850601	36.0	36.0	36.0	32.0	36.0
43	34.20440726724512	36.0	36.0	36.0	32.0	36.0
44	34.163821492906614	36.0	36.0	36.0	32.0	36.0
45	34.149348423940104	36.0	36.0	36.0	32.0	36.0
46	34.12517912858477	36.0	36.0	36.0	32.0	36.0
47	34.102685693460735	36.0	36.0	36.0	32.0	36.0
48	34.07687386233553	36.0	36.0	36.0	32.0	36.0
49	34.04983898342941	36.0	36.0	36.0	32.0	36.0
50	34.01880534735903	36.0	36.0	36.0	32.0	36.0
51	33.98035471252437	36.0	36.0	36.0	32.0	36.0
52	33.95138653107636	36.0	36.0	36.0	32.0	36.0
53	33.93343748017635	36.0	36.0	36.0	32.0	36.0
54	33.903686660929885	36.0	36.0	36.0	32.0	36.0
55	33.857227974830955	36.0	36.0	36.0	32.0	36.0
56	33.83652314346791	36.0	36.0	36.0	32.0	36.0
57	33.8065884748035	36.0	36.0	36.0	27.0	36.0
58	33.78564300968002	36.0	36.0	36.0	27.0	36.0
59	33.73986007421092	36.0	36.0	36.0	27.0	36.0
60	33.7093823038052	36.0	36.0	36.0	27.0	36.0
61	33.68766678973995	36.0	36.0	36.0	27.0	36.0
62	33.65864670659236	36.0	36.0	36.0	27.0	36.0
63	33.618063547678126	36.0	36.0	36.0	27.0	36.0
64	33.592733227004736	36.0	36.0	36.0	27.0	36.0
65	33.559854424593034	36.0	36.0	36.0	27.0	36.0
66	33.53941146857786	36.0	36.0	36.0	27.0	36.0
67	33.51940672709682	36.0	36.0	36.0	27.0	36.0
68	33.49525285019672	36.0	36.0	36.0	27.0	36.0
69	33.471287628097436	36.0	36.0	36.0	27.0	36.0
70	33.442391414834375	36.0	36.0	36.0	27.0	36.0
71	33.3834649192657	36.0	36.0	36.0	27.0	36.0
72	33.34325512952191	36.0	36.0	36.0	27.0	36.0
73	33.308811925534016	36.0	36.0	36.0	27.0	36.0
74	33.21631375945318	36.0	36.0	36.0	27.0	36.0
75	31.904162167184673	36.0	32.0	36.0	14.0	36.0
>>END_MODULE
>>Per sequence quality scores	pass
#Quality	Count
2	28151.0
3	101.0
4	943.0
5	426.0
6	252.0
7	135.0
8	64.0
9	59.0
10	61.0
11	89.0
12	98.0
13	116.0
14	1462.0
15	3909.0
16	6871.0
17	10759.0
18	15515.0
19	21252.0
20	28996.0
21	39645.0
22	54457.0
23	74696.0
24	104208.0
25	141944.0
26	189908.0
27	246743.0
28	315043.0
29	395910.0
30	502949.0
31	651785.0
32	896346.0
33	1389759.0
34	3021870.0
35	1.0002025E7
>>END_MODULE
>>Per base sequence content	fail
#Base	G	A	T	C
1	44.68069908813751	17.70110497356508	11.45856212511383	26.159633813183586
2	16.95629880557896	19.138562677338403	36.825276420624014	27.079862096458623
3	20.290492918877725	20.763011126153216	28.23351896055819	30.712976994410873
4	13.750316621093653	14.540046489829129	35.80253905140679	35.90709783767043
5	15.514995452829167	34.329348738170445	34.70114211618492	15.45451369281547
6	34.91186775842121	34.58229151224018	16.31988296353583	14.185957765802776
7	30.76814640395199	29.298828054605085	20.386095263001227	19.546930278441693
8	26.847158211131095	34.41487400194168	19.79464051575447	18.94332727117276
9	25.1404275687944	15.545241480773491	19.8781740301135	39.43615692031861
10	14.50232927170082	27.223370248082325	34.73630575526642	23.53799472495043
11	34.81563037468974	22.63143264009231	23.40041450280694	19.152522482411012
12	22.624824538611552	24.105873494250243	30.722906164444545	22.54639580269366
13	28.031986546762656	20.50970078591853	25.92939931906897	25.528913348249848
14	20.653792638080294	20.6003354707736	27.05088334049665	31.694988550649448
15	23.004439357140548	29.314749659493987	23.080069946012532	24.600741037352932
16	22.982462299895708	28.378419109585728	25.44030285947339	23.198815731045173
17	21.97145755824654	28.003336307355408	27.25389268060449	22.771313453793557
18	22.383041936424096	27.668246937351505	27.819596313339634	22.12911481288476
19	22.940981635529266	27.053144736892946	27.347063489829075	22.658810137748713
20	22.89424892193059	27.007779897136196	27.589396666998066	22.508574513935148
21	22.745504451150786	26.664977046877674	27.24806700742813	23.341451494543414
22	22.632595810963622	26.739929793352562	27.536461902062676	23.09101249362114
23	22.584258373390647	26.807028740235943	27.380756921721378	23.227955964652033
24	22.791987451161205	26.52574617484882	27.656230315841963	23.026036058148016
25	22.919263271403448	26.555365547296102	27.24127769900329	23.28409348229716
26	22.411011360341135	26.98695012325948	27.480755352583603	23.121283163815782
27	22.51063753674198	26.971689986549745	27.392819185172083	23.124853291536187
28	22.543455702650274	26.87576861848816	27.37061580732012	23.210159871541446
29	22.44163588769792	26.986213693872614	27.46231473964542	23.109835678784048
30	22.52888659927215	27.005048074959088	27.453387394982663	23.0126779307861
31	23.03403004559915	26.891899904239462	27.114490976946254	22.959579073215128
32	22.308763521042824	27.169214572569842	27.536623128267003	22.985398778120334
33	22.4901341965679	26.96658826875618	27.59331701334767	22.949960521328254
34	22.502506900186177	26.73836220859839	27.761581591789426	22.997549299426012
35	22.4548283611611	27.04008683599354	27.557795653286536	22.947289149558824
36	22.57655769946331	27.353345679705804	27.464846336155702	22.605250284675183
37	22.720905887790842	26.97595265330724	27.181061367116516	23.122080091785403
38	22.543565291585367	27.45306326775296	27.225674944996285	22.77769649566539
39	22.746062344704658	27.130111111677103	27.409579049549887	22.714247494068353
40	22.827941201491416	26.90163613621993	27.418999699120878	22.85142296316777
41	22.817565409042736	27.05500228872621	27.381661146329705	22.74577115590135
42	22.598375997645086	27.292209343012182	27.41554798971391	22.69386666962882
43	22.69241138489128	27.06185601408686	27.308511752878466	22.93722084814339
44	22.52699132004299	27.372334009027057	27.35705335537594	22.74362131555402
45	22.638765532701864	27.304551656477628	27.196935737508394	22.85974707331211
46	22.728404526518613	27.23371548813293	27.1451315058819	22.892748479466558
47	22.711606842592325	27.35110119931613	27.262307932319736	22.67498402577181
48	22.499808488732047	27.37541918832509	27.215861022052067	22.908911300890793
49	22.82646566952081	27.150382379077577	27.22401170300411	22.79914024839751
50	22.60901368925686	27.49428723933807	27.169505071024027	22.727194000381036
51	22.73957746784362	27.363730266955073	27.15052338360366	22.746168881597644
52	22.710088499491476	27.42151544753188	27.08799836351635	22.780397689460294
53	22.62727763793406	27.20487408636611	27.368933461937274	22.798914813762554
54	22.758548823150125	27.554962943252033	27.18276068621664	22.503727547381203
55	22.742115025511318	27.197825772260938	27.15263158462646	22.90742761760129
56	22.803537984372937	27.492635365113888	26.97168968213486	22.732136968378313
57	22.643562944284067	27.402830866831735	27.075877728460423	22.877728460423775
58	22.652821378907216	27.30136860496807	27.099995528219623	22.945814487905093
59	22.586339925480083	27.4523015190599	27.11208369160218	22.849274863857836
60	22.671264934529848	27.403429622855263	27.25156381044816	22.673741632166728
61	22.93496712248032	27.32552100361772	27.047608238578995	22.69190363532296
62	22.823812841805267	27.455724724199303	27.10024262513839	22.62021980885704
63	22.778681167225496	27.627461881018977	26.993027686570187	22.60082926518534
64	22.839299291020307	27.317643364552318	26.926485758451264	22.91657158597611
65	22.73351941522975	27.502280018604697	27.06293130873621	22.70126925742934
66	22.765495291124996	27.708131761114814	26.84961226870647	22.676760679053725
67	22.818448570256017	27.37457133458297	26.954979402676145	22.852000692484868
68	22.81811407158742	27.705344842988183	27.073095476536384	22.403445608888013
69	23.070125194820047	27.538833564793457	26.979255257525057	22.41178598286144
70	23.21513255572986	27.348003690174465	26.897975197246215	22.538888556849457
71	22.96853878197676	27.732291980187618	26.807051540823224	22.492117697012404
72	22.929048891110753	27.850588799105182	27.071583501097095	22.14877880868697
73	23.674818675089092	28.477839079400557	26.992972454678476	20.854369790831875
74	24.785095849831656	30.818935074388556	27.189997745650054	17.20597133012974
75	30.203381514979142	41.32702347830892	28.46959500671194	0.0
>>END_MODULE
>>Per base GC content	fail
#Base	%GC
1	70.84033290132109
2	44.03616090203758
3	51.00346991328859
4	49.65741445876408
5	30.969509145644636
6	49.097825524223985
7	50.31507668239369
8	45.79048548230385
9	64.576584489113
10	38.040323996651246
11	53.96815285710075
12	45.171220341305215
13	53.560899895012504
14	52.348781188729745
15	47.60518039449348
16	46.18127803094088
17	44.742771012040095
18	44.512156749308865
19	45.59979177327798
20	45.402823435865734
21	46.0869559456942
22	45.723608304584765
23	45.81221433804268
24	45.81802350930923
25	46.20335675370061
26	45.53229452415692
27	45.63549082827817
28	45.75361557419172
29	45.551471566481965
30	45.541564530058245
31	45.99360911881428
32	45.294162299163155
33	45.44009471789616
34	45.50005619961219
35	45.402117510719926
36	45.181807984138494
37	45.84298597957625
38	45.321261787250755
39	45.460309838773014
40	45.67936416465919
41	45.56333656494409
42	45.29224266727391
43	45.62963223303467
44	45.270612635597004
45	45.498512606013975
46	45.62115300598517
47	45.38659086836414
48	45.40871978962284
49	45.62560591791832
50	45.336207689637895
51	45.485746349441264
52	45.49048618895177
53	45.426192451696615
54	45.26227637053133
55	45.6495426431126
56	45.53567495275125
57	45.52129140470784
58	45.59863586681231
59	45.43561478933792
60	45.345006566696576
61	45.62687075780328
62	45.44403265066231
63	45.37951043241083
64	45.75587087699642
65	45.434788672659096
66	45.44225597017872
67	45.67044926274089
68	45.22155968047543
69	45.48191117768148
70	45.754021112579316
71	45.460656478989165
72	45.07782769979772
73	44.529188465920974
74	41.99106717996139
75	30.203381514979142
>>END_MODULE
>>Per sequence GC content	warn
#GC Content	Count
0	28202.0
1	14216.0
2	366.5
3	596.5
4	692.5
5	747.5
6	908.0
7	1158.5
8	1308.0
9	1488.0
10	2097.0
11	3192.0
12	3898.0
13	4578.5
14	6441.5
15	9299.0
16	11529.5
17	15709.5
18	24426.0
19	35404.5
20	43142.5
21	55512.0
22	78587.5
23	104713.0
24	122867.5
25	145963.5
26	185030.5
27	225758.5
28	253766.0
29	289236.0
30	345166.5
31	399553.5
32	436319.0
33	479348.0
34	551171.0
35	620675.5
36	662921.5
37	704175.0
38	748723.5
39	776263.5
40	795507.5
41	802808.0
42	803105.0
43	802973.5
44	805369.5
45	801546.5
46	787695.0
47	769488.0
48	759667.5
49	745779.5
50	719384.0
51	694368.0
52	679312.5
53	666064.5
54	642731.5
55	617158.0
56	601316.0
57	583874.0
58	551885.5
59	512703.0
60	479033.5
61	439575.5
62	389350.5
63	342172.0
64	304652.0
65	272618.5
66	230383.5
67	187264.5
68	156343.5
69	133511.5
70	107512.5
71	82086.5
72	64673.0
73	53539.0
74	41449.0
75	30856.0
76	24065.0
77	19200.5
78	14069.5
79	10049.0
80	7697.0
81	6045.0
82	4370.0
83	3077.0
84	2427.0
85	2024.5
86	1679.0
87	1482.0
88	1405.5
89	1308.5
90	1209.5
91	1167.5
92	1140.5
93	1139.0
94	1142.0
95	1208.5
96	1271.0
97	1374.0
98	1843.5
99	7379.0
100	12550.0
>>END_MODULE
>>Per base N content	pass
#Base	N-Count
1	0.16834056638984815
2	0.16755804837140642
3	0.1571373330694815
4	0.1623779995169329
5	0.15809068248631544
6	0.15668545646728274
7	0.15922588468208304
8	0.16115462627683383
9	0.1628739616412974
10	0.1649900667052525
11	0.16744232387572136
12	0.1693875975412843
13	0.17113999704737215
14	0.17143206363172012
15	0.17006541244458243
16	0.1749258412633544
17	0.17584061584829336
18	0.1736253183594653
19	0.17456213570548712
20	0.17373002147460892
21	0.17644128108780144
22	0.17646883453915502
23	0.18139539164117557
24	0.17833144785065722
25	0.17383472458975252
26	0.17364185043027744
27	0.1784967685587787
28	0.17670579422079585
29	0.1758185730872105
30	0.1758957227510005
31	0.17972014179887777
32	0.17993505871943571
33	0.18168194753525285
34	0.1793343934799276
35	0.18869705624987498
36	0.024179874856585567
37	0.040280284474950634
38	0.02260207321899313
39	0.026287679768787982
40	0.018983536353555232
41	0.04037558893778753
42	0.01795299934757257
43	0.02304532679413151
44	0.027513197232268114
45	0.02741371273272455
46	0.024072737527030177
47	0.030901090335883948
48	0.02640953024370215
49	0.0245296051176916
50	0.025585315389468823
51	0.028948768283414073
52	0.032632094101863254
53	0.02246821798762337
54	0.018979080690722964
55	0.023449136296770454
56	0.01768064833975753
57	0.02120703507739427
58	0.01663202756765716
59	0.017801359070147786
60	0.015386486654348669
61	0.019152199795748268
62	0.01665431260075455
63	0.01764193609218783
64	0.013805842251590053
65	0.016710452516142907
66	0.019692856842508537
67	0.017432112728130916
68	0.014132357015657536
69	0.01349371419287605
70	0.015359559840927973
71	0.017874927799078205
72	0.020214480855813878
73	0.025341427235340202
74	0.029274667352693896
75	0.06880261837620308
>>END_MODULE
>>Sequence Length Distribution	warn
#Length	Count
35	36445.0
36	11918.0
37	15772.0
38	16915.0
39	18280.0
40	18997.0
41	20087.0
42	21840.0
43	24004.0
44	26010.0
45	28054.0
46	28597.0
47	30011.0
48	30333.0
49	31737.0
50	32042.0
51	33688.0
52	34611.0
53	36193.0
54	38424.0
55	39704.0
56	40967.0
57	41567.0
58	42245.0
59	43223.0
60	43953.0
61	44094.0
62	45489.0
63	46755.0
64	49713.0
65	51919.0
66	51019.0
67	54256.0
68	54231.0
69	61928.0
70	73486.0
71	141982.0
72	447825.0
73	1218421.0
74	3773147.0
75	1.1246665E7
>>END_MODULE
>>Sequence Duplication Levels	warn
#Total Duplicate Percentage	31.119478282268982
#Duplication Level	Relative count
1	100.0
2	20.381141566867694
3	8.30737130934347
4	4.2108497441907
5	2.4551976448395116
6	1.4912681853259782
7	1.0018006688198473
8	0.6988309943693372
9	0.5251950724554835
10++	3.838568611198445
>>END_MODULE
>>Overrepresented sequences	warn
#Sequence	Count	Percentage	Possible Source
NNNNNNNNNNNNNNNNNNNNNNNNNNNNNNNNNNN	28150	0.15512593112066994	No Hit
>>END_MODULE
>>Kmer Content	warn
#Sequence	Count	Obs/Exp Overall	Obs/Exp Max	Max Obs/Exp Position
AAAAA	6405945	3.6777618	8.690361	71
GGGGG	2647430	3.1145594	5.4508095	71
TTTTT	5339545	2.9916894	5.1273003	71
CCTGG	2854515	2.960938	11.70146	3
CCAGG	2741490	2.8575993	12.049087	3
CCCAG	2592260	2.7325718	10.771173	2
CTGGG	2564110	2.6299968	10.221861	4
CAGCA	2903500	2.6219363	6.8851743	4
TGCTG	2933910	2.594379	7.756161	2
CCAGC	2414715	2.545417	6.3051286	3
GGAGG	2422910	2.4694207	5.5760517	6
GCTGG	2396015	2.4575825	6.5891376	3
TCCAG	2679195	2.4076147	9.1366	2
CTGCT	2665950	2.3840594	6.6165814	9
CTCCT	2587100	2.3396811	6.5071764	1
AGCAG	2616135	2.3360493	5.4714456	7
CTCCA	2562405	2.328675	6.6638737	1
GCTGC	2230340	2.3134923	5.6606464	8
CAGGA	2581715	2.3053143	9.657612	4
AGGAG	2608885	2.303554	6.953227	5
CAGCC	2168890	2.286286	5.324396	9
CTGGA	2572595	2.2859972	8.975812	4
TCCTG	2538135	2.2697592	9.183473	2
GGCTG	2188655	2.2448943	8.118582	7
CTTCT	2906615	2.2408903	5.051716	1
CCTGC	2098255	2.2010694	6.2602997	3
CAGAG	2449485	2.187241	7.527788	4
GGCAG	2118955	2.184027	6.067682	7
CTGCC	2075045	2.176722	5.69574	9
CTGCA	2421270	2.175835	6.5313087	4
CTCTG	2430115	2.173161	7.53176	2
GCAGG	2094845	2.1591763	6.4861355	3
CCCTG	2047170	2.147481	8.810678	2
TGCAG	2403295	2.135558	6.923007	2
TGGAG	2378365	2.089798	6.4495354	5
GCCTG	1989390	2.063559	6.5282364	7
CAGGG	1997805	2.0591562	8.884743	4
AGCTG	2316085	2.0580633	5.876346	7
CACAG	2264305	2.0447266	7.2457705	7
CTGTG	2296430	2.0306723	8.966599	9
GCCAG	1907385	1.9881676	5.0923514	2
CAGAA	2567220	1.9859604	5.3043427	4
CCCCA	1856225	1.978801	6.4774046	1
CTGGC	1903430	1.9743943	5.3273587	4
GGAGA	2234210	1.972729	5.475251	6
CAGGC	1872055	1.9513414	5.7726364	4
CTCAG	2164180	1.9448049	5.9629116	2
TTCTG	2511100	1.914338	5.3362026	2
GGGAG	1877055	1.9130872	5.2319255	7
CTGAG	2143515	1.9047184	5.781699	4
CCAGA	2086780	1.8844167	6.572808	3
CCTCT	2074375	1.8759909	5.5867925	1
GGCCA	1747275	1.8212768	5.922169	1
TCTGG	2055370	1.8175093	6.401117	3
TGGGG	1788965	1.8144374	5.997614	5
CAGTG	2023295	1.7978913	6.387333	9
CACTG	1995730	1.7934301	7.317212	7
ACCTG	1980335	1.7795956	5.349574	7
TGGCC	1663665	1.7256905	5.4126077	5
CCTGA	1891470	1.6997385	5.5277834	3
GAGAG	1922455	1.6974603	5.3770165	7
ACAGA	2176550	1.6837443	5.860053	8
GCCCA	1576075	1.6613836	6.8389144	1
GTGTG	1875020	1.6395102	7.996249	1
TCAGG	1842065	1.6368511	5.6659536	3
ACACA	2075650	1.6238283	6.54946	6
CCTGT	1802090	1.6115416	5.529878	8
TGTGT	2124550	1.6015599	6.263943	10
CACAC	1727415	1.577522	6.62954	5
AGGTG	1792145	1.574704	5.1762915	7
TGGGC	1515945	1.5548985	6.2293806	5
GGGCC	1276780	1.5361905	5.0559525	6
GCTGT	1704680	1.5074034	5.4665785	8
ACAGC	1655690	1.4951314	5.6969075	8
CTGTC	1638770	1.4654906	5.8578796	9
GACAG	1594435	1.4237335	6.829803	7
GCCCT	1349480	1.4156045	5.782732	1
GGGCT	1375330	1.4106703	5.7518396	6
AGACA	1788740	1.3837409	5.3019567	6
AGGGC	1297895	1.3377525	5.3886547	5
GTCCT	1463830	1.3090484	8.908794	1
GGACA	1447950	1.2929313	6.1032977	6
GTGCT	1427755	1.262526	6.6420865	1
AGGAC	1378245	1.2306889	8.41606	5
ACTGC	1355985	1.2185336	5.0850444	8
TGTGC	1371250	1.21256	6.02579	10
GTCCA	1343855	1.2076334	6.850738	1
AGCAC	1315685	1.188098	5.3987284	5
GTCTT	1501790	1.1448902	5.4006314	1
TGGAC	1240610	1.1024008	6.0619764	5
GTGCA	1230485	1.0934038	6.081813	1
ACAGT	1399590	1.0774341	5.4494405	8
ACTGT	1388665	1.0638239	6.2412395	8
TGCAC	1175870	1.0566764	5.3482075	5
GACTG	1173200	1.0425006	5.8981833	7
GGACC	960140	1.0008044	5.2597117	6
ACACT	1264845	0.9847039	5.1253233	6
GGACT	1072560	0.9530723	5.306874	6
CTACA	1220345	0.9500599	5.2217593	4
TGTAG	1232255	0.9334574	5.443982	2
TCCTA	1034635	0.8015634	5.094088	2
TAGGA	1044795	0.7953212	5.3117986	4
GTGTA	895205	0.6781353	5.984208	1
TACAC	838380	0.6526935	5.06528	5
>>END_MODULE
