##FastQC	0.10.1
>>Basic Statistics	pass
#Measure	Value	
Filename	040-F0_S2_L003_R1_001_trimmed.fq.gz	
File type	Conventional base calls	
Encoding	Sanger / Illumina 1.9	
Total Sequences	13462155	
Filtered Sequences	0	
Sequence length	20-51	
%GC	43	
>>END_MODULE
>>Per base sequence quality	pass
#Base	Mean	Median	Lower Quartile	Upper Quartile	10th Percentile	90th Percentile
1	35.11916338803111	36.0	36.0	36.0	36.0	36.0
2	35.10667237154824	36.0	36.0	36.0	36.0	36.0
3	35.086037562336784	36.0	36.0	36.0	36.0	36.0
4	35.080834086370274	36.0	36.0	36.0	36.0	36.0
5	35.06109913308828	36.0	36.0	36.0	36.0	36.0
6	35.0169343615491	36.0	36.0	36.0	36.0	36.0
7	34.996311511789905	36.0	36.0	36.0	36.0	36.0
8	34.98309757984513	36.0	36.0	36.0	36.0	36.0
9	34.97113515629555	36.0	36.0	36.0	36.0	36.0
10	34.942883364513335	36.0	36.0	36.0	36.0	36.0
11	34.93644955061058	36.0	36.0	36.0	36.0	36.0
12	34.90918541645078	36.0	36.0	36.0	36.0	36.0
13	34.90318229139391	36.0	36.0	36.0	36.0	36.0
14	34.89437292914842	36.0	36.0	36.0	36.0	36.0
15	34.8840173805754	36.0	36.0	36.0	36.0	36.0
16	34.86244653994847	36.0	36.0	36.0	36.0	36.0
17	34.84579445118556	36.0	36.0	36.0	36.0	36.0
18	34.829389648239825	36.0	36.0	36.0	36.0	36.0
19	34.80366167229541	36.0	36.0	36.0	36.0	36.0
20	34.80227467296284	36.0	36.0	36.0	36.0	36.0
21	34.78537133665368	36.0	36.0	36.0	36.0	36.0
22	34.77946426004846	36.0	36.0	36.0	36.0	36.0
23	34.767372579211205	36.0	36.0	36.0	36.0	36.0
24	34.748364783114866	36.0	36.0	36.0	32.0	36.0
25	34.7369111551011	36.0	36.0	36.0	32.0	36.0
26	34.71601911787881	36.0	36.0	36.0	32.0	36.0
27	34.71576123969642	36.0	36.0	36.0	32.0	36.0
28	34.6905743003809	36.0	36.0	36.0	32.0	36.0
29	34.67965771266709	36.0	36.0	36.0	32.0	36.0
30	34.663301779438136	36.0	36.0	36.0	32.0	36.0
31	34.64047593924995	36.0	36.0	36.0	32.0	36.0
32	34.627870606565715	36.0	36.0	36.0	32.0	36.0
33	34.58735277571962	36.0	36.0	36.0	32.0	36.0
34	34.57975907669447	36.0	36.0	36.0	32.0	36.0
35	34.54510564130203	36.0	36.0	36.0	32.0	36.0
36	34.523026760611934	36.0	36.0	36.0	32.0	36.0
37	34.51817038861718	36.0	36.0	36.0	32.0	36.0
38	34.49041053525245	36.0	36.0	36.0	32.0	36.0
39	34.46843868559174	36.0	36.0	36.0	32.0	36.0
40	34.4516668979963	36.0	36.0	36.0	32.0	36.0
41	34.42697077486142	36.0	36.0	36.0	32.0	36.0
42	34.39581958681513	36.0	36.0	36.0	32.0	36.0
43	34.37271954914833	36.0	36.0	36.0	32.0	36.0
44	34.35005282356912	36.0	36.0	36.0	32.0	36.0
45	34.339553896298256	36.0	36.0	36.0	32.0	36.0
46	34.30085804336973	36.0	36.0	36.0	32.0	36.0
47	34.30023316608603	36.0	36.0	36.0	32.0	36.0
48	34.28822434684075	36.0	36.0	36.0	32.0	36.0
49	34.335545564995414	36.0	36.0	36.0	32.0	36.0
50	34.404769247535725	36.0	36.0	36.0	32.0	36.0
51	34.50236201592994	36.0	36.0	36.0	32.0	36.0
>>END_MODULE
>>Per sequence quality scores	pass
#Quality	Count
6	2.0
7	5.0
8	1.0
9	8.0
10	12.0
11	19.0
12	18.0
13	6.0
14	37.0
15	108.0
16	289.0
17	642.0
18	1329.0
19	2742.0
20	5506.0
21	9596.0
22	16125.0
23	25633.0
24	39766.0
25	59064.0
26	86324.0
27	121958.0
28	165619.0
29	218553.0
30	284394.0
31	372567.0
32	506216.0
33	747906.0
34	1442082.0
35	6138634.0
36	3216994.0
>>END_MODULE
>>Per base sequence content	pass
#Base	G	A	T	C
1	21.710095082454316	27.38827811617887	27.581206358639133	23.320420442727677
2	21.95413414042778	28.182428521510104	27.849675886528196	22.013761451533924
3	21.426783877257062	28.08153763837592	28.178854924447066	22.312823559919956
4	22.27423001160444	27.047271871536104	28.74041957539121	21.93807854146824
5	21.84361864428309	27.56853469324872	28.263720421030612	22.324126241437575
6	21.096265123775453	28.268624889958765	28.45568477608712	22.179425210178668
7	21.298579339001794	28.182800544912695	28.281545357430147	22.23707475865536
8	21.230088913006096	28.104636483265715	27.906858064178262	22.758416539549927
9	21.53220416740981	27.8335861802725	27.958418755684043	22.67579089663365
10	21.257799666957684	27.83587195706299	28.50272170761553	22.403606668363796
11	22.43645580226848	27.50280235538992	27.91313849689754	22.147603345444065
12	21.251421308269926	28.252677950172444	28.338481997083807	22.157418744473826
13	21.205425507503854	28.10305204668106	28.809427611528577	21.882094834286512
14	21.380192648318612	27.826716055442922	28.92449561078348	21.868595685454984
15	21.177641009549212	28.237107256877835	28.612660252981602	21.97259148059135
16	21.15572905105706	28.293423226903414	28.925481819967413	21.62536590207211
17	21.38043653804639	27.838374632780038	27.953371143512523	22.82781768566105
18	21.403303292840466	28.847431177932364	27.90299540459428	21.846270124632895
19	21.939970829450044	27.899036973679497	28.324330636610036	21.836661560260424
20	22.301450392062808	27.557397191185395	28.41960032482031	21.721552091931486
21	22.26149842309657	27.539507751450476	28.460799291183747	21.73819453426921
22	21.479011651661743	28.44175204361743	28.53166838038729	21.54756792433354
23	21.356953409607627	28.22177393402427	28.61713399455884	21.804138661809265
24	21.115941246455723	28.495100050118598	28.443487827215037	21.94547087621065
25	21.298686262497544	28.57498548838783	28.104795043531844	22.02153320558278
26	21.466489814072574	27.835707455568258	28.372624560708616	22.325178169650556
27	22.125166125438934	27.955157067086656	28.17324629572065	21.74643051175376
28	21.16129674225663	28.370560144633945	28.235018432094655	22.233124681014775
29	22.06417424499615	27.736667083031506	28.145984590284574	22.05317408168777
30	21.336744325272964	28.84725581715345	27.917968721710857	21.89803113586273
31	21.414551691351573	28.37878177754458	28.356829671385892	21.849836859717954
32	21.465822996142368	28.65590686779137	27.977348094840515	21.900922041225744
33	21.337936199830846	27.719410679436752	28.83596564126261	22.106687479469787
34	21.512791341121932	28.6578326616439	28.378662256993657	21.450713740240506
35	21.40125571864459	27.552675589747732	28.693087141505142	22.352981550102534
36	21.72564921525086	28.16598101153327	27.864039453003848	22.24433032021202
37	21.447520827562002	28.153652864898543	27.924891652231153	22.4739346553083
38	21.665422513781905	28.307247607319997	27.68321985383758	22.34411002506052
39	21.647314858648432	28.19324859115212	27.833836596908135	22.325599953291306
40	21.317903649212834	27.91482203815075	28.78409936398939	21.983174948647026
41	21.818856548961243	27.81432972522575	28.330812190272248	22.03600153554076
42	21.930126566377368	27.656501312895198	28.53221822814223	21.881153892585203
43	21.65838632083853	28.471626054829528	28.105293488039845	21.764694136292096
44	21.706866074900557	27.966531841216995	27.931435566073475	22.39516651780897
45	21.893217643019376	28.352840877489015	27.950942016096253	21.80299946339536
46	21.635435100275267	29.248891103000616	27.550581881391555	21.56509191533256
47	21.952151200336218	27.913398778650212	27.77898079052032	22.355469230493256
48	21.935191851299884	28.453293321446665	28.294926212496375	21.316588614757073
49	22.183739216460854	28.1364256475431	28.421697011072318	21.258138124923732
50	22.84991813129643	28.09383040676244	28.18325079247292	20.873000669468215
51	21.746710999497484	29.310959068174085	28.156607182349504	20.78572274997893
>>END_MODULE
>>Per base GC content	pass
#Base	%GC
1	45.03051552518199
2	43.96789559196171
3	43.739607437177014
4	44.21230855307268
5	44.167744885720666
6	43.27569033395412
7	43.53565409765716
8	43.98850545255602
9	44.20799506404346
10	43.66140633532148
11	44.58405914771254
12	43.408840052743756
13	43.087520341790366
14	43.2487883337736
15	43.15023249014057
16	42.78109495312917
17	44.208254223707435
18	43.24957341747336
19	43.776632389710464
20	44.0230024839943
21	43.999692957365774
22	43.02657957599528
23	43.16109207141689
24	43.06141212266637
25	43.320219468080325
26	43.79166798372313
27	43.871596637192695
28	43.3944214232714
29	44.11734832668392
30	43.23477546113569
31	43.26438855106953
32	43.36674503736811
33	43.44462367930063
34	42.96350508136244
35	43.754237268747126
36	43.96997953546288
37	43.9214554828703
38	44.00953253884242
39	43.97291481193974
40	43.30107859785986
41	43.854858084502
42	43.81128045896257
43	43.423080457130624
44	44.10203259270953
45	43.696217106414736
46	43.200527015607825
47	44.307620430829466
48	43.25178046605696
49	43.44187734138459
50	43.722918800764646
51	42.53243374947642
>>END_MODULE
>>Per sequence GC content	warn
#GC Content	Count
0	6179.0
1	5648.5
2	4171.5
3	3496.5
4	3822.5
5	4442.5
6	5117.5
7	6102.0
8	7078.0
9	8759.0
10	10577.0
11	13711.0
12	16915.5
13	22325.0
14	28020.0
15	36900.0
16	46152.5
17	60489.5
18	75308.5
19	94971.0
20	115120.0
21	139731.5
22	164674.0
23	194664.0
24	225947.5
25	258404.5
26	322101.5
27	366098.0
28	420324.5
29	476935.0
30	538230.5
31	600698.5
32	669295.0
33	738287.0
34	793655.0
35	844898.0
36	864829.0
37	879192.0
38	873233.5
39	866591.5
40	856479.5
41	844921.5
42	838730.0
43	829607.5
44	809497.5
45	788573.5
46	768706.5
47	748591.5
48	728292.0
49	707651.5
50	687370.0
51	665522.5
52	641094.0
53	616623.5
54	592287.0
55	565836.0
56	538753.0
57	511685.0
58	481733.0
59	448055.5
60	412397.5
61	375774.5
62	340659.5
63	307975.0
64	272985.0
65	239125.5
66	210489.5
67	183029.5
68	155456.0
69	127674.0
70	106635.5
71	87990.5
72	73513.5
73	59945.0
74	48927.5
75	36810.5
76	30922.0
77	25663.0
78	20639.0
79	16882.5
80	13464.0
81	10951.0
82	8710.5
83	7056.0
84	5503.0
85	4382.5
86	3367.5
87	2727.0
88	2163.5
89	1722.5
90	1309.0
91	1031.5
92	795.5
93	678.0
94	560.0
95	515.0
96	481.5
97	422.0
98	361.0
99	551.0
100	747.0
>>END_MODULE
>>Per base N content	pass
#Base	N-Count
1	0.001151375838415172
2	0.0015079309367630961
3	2.971292486232702E-5
4	5.125479538751411E-4
5	0.0010473806013970275
6	0.001158804069630754
7	0.0013519380812358794
8	8.913877458698106E-4
9	9.211006707321377E-4
10	0.0015005027055475146
11	0.001968481272129165
12	6.388278845400309E-4
13	0.0024958856884354694
14	0.003914677850611585
15	0.006975109111431267
16	0.006707692787670325
17	0.006514558776065198
18	0.008185910799571094
19	0.004702070359463251
20	0.00872074344709298
21	0.008738943005878073
22	0.00860882440247237
23	0.00928426726101886
24	0.007101684017626514
25	0.010492284842724166
26	0.005946998907669621
27	0.011665778667094387
28	0.00844668791013686
29	0.012082908173059768
30	0.008584075589348083
31	0.011677700897270698
32	0.010444800818254331
33	0.009124127068878734
34	0.010430140199038419
35	0.009432633572229837
36	0.008592089116781398
37	0.009723628278793663
38	0.008012025258697002
39	0.008972748184866956
40	0.00924546144005361
41	0.007522189296397189
42	0.008254712123132944
43	0.008618388146151953
44	0.009199984246495062
45	0.00871582059096882
46	0.00970757321359076
47	0.007415062698919467
48	0.004259967087016378
49	0.005956323220449751
50	0.007349494896133691
51	0.007781086358779809
>>END_MODULE
>>Sequence Length Distribution	warn
#Length	Count
20	16593.0
21	17480.0
22	18300.0
23	18592.0
24	19460.0
25	20458.0
26	21686.0
27	22595.0
28	23765.0
29	26120.0
30	26762.0
31	27603.0
32	28878.0
33	29265.0
34	30551.0
35	32246.0
36	31117.0
37	32752.0
38	34173.0
39	36866.0
40	38417.0
41	43097.0
42	43956.0
43	49662.0
44	59246.0
45	83200.0
46	141221.0
47	351850.0
48	736594.0
49	1480601.0
50	2028120.0
51	7890929.0
>>END_MODULE
>>Sequence Duplication Levels	warn
#Total Duplicate Percentage	26.791274217949347
#Duplication Level	Relative count
1	100.0
2	17.35994453777031
3	5.888195611017785
4	2.8004426312561663
5	1.4905474228728368
6	0.9325920593019225
7	0.6412820307708716
8	0.4839612830973522
9	0.3599712023038157
10++	3.3657307415406765
>>END_MODULE
>>Overrepresented sequences	pass
>>END_MODULE
>>Kmer Content	warn
#Sequence	Count	Obs/Exp Overall	Obs/Exp Max	Max Obs/Exp Position
AAAAA	4440305	4.14277	5.0358524	47
TTTTT	4411510	4.0221386	5.8115892	13
GAAAA	2530940	3.0704176	7.321982	4
TTTTC	2606955	3.047905	5.614661	4
AGAAA	2499200	3.031912	6.828349	28
CCAGG	1156265	2.9716904	5.0248055	35
GGAAA	1490830	2.3516967	7.254285	20
GAGAA	1478890	2.3328621	7.3969803	27
AAAAT	2418765	2.2463117	5.1626472	22
CCACC	866910	2.1470292	5.270879	8
TGGAA	1341535	2.1064618	5.2311845	19
TGAAA	1650565	1.9931804	5.765272	10
CTGAA	1270465	1.9582726	6.6838894	9
AAATG	1582110	1.9105157	5.7978206	23
CATTT	1591290	1.8690411	5.7015576	1
AAAAC	1520190	1.8103908	5.5098786	5
GTGGA	838670	1.7123017	5.2782936	47
TGAGA	1084070	1.7021934	6.668138	26
CATGG	787005	1.5773407	5.52505	17
AATGA	1205040	1.4551754	5.2737923	24
CTTGA	913960	1.402284	5.4315357	47
ATGAG	886735	1.3923404	6.3359456	25
CACTT	917055	1.3812206	5.6130304	37
AACTG	892465	1.3756299	6.0293546	7
ACTGA	881690	1.3590215	5.9996014	8
AAATC	1093100	1.2957844	5.137485	13
>>END_MODULE
