##FastQC	0.10.1
>>Basic Statistics	pass
#Measure	Value	
Filename	004-primary_S1_L003_R1_001.fastq.gz	
File type	Conventional base calls	
Encoding	Sanger / Illumina 1.9	
Total Sequences	28156319	
Filtered Sequences	0	
Sequence length	35-75	
%GC	46	
>>END_MODULE
>>Per base sequence quality	pass
#Base	Mean	Median	Lower Quartile	Upper Quartile	10th Percentile	90th Percentile
1	31.270143551079954	32.0	32.0	32.0	32.0	32.0
2	31.36305637111158	32.0	32.0	32.0	32.0	32.0
3	31.453428660188145	32.0	32.0	32.0	32.0	32.0
4	31.549804859079767	32.0	32.0	32.0	32.0	32.0
5	31.49239913072444	32.0	32.0	32.0	32.0	32.0
6	35.06782346087214	36.0	36.0	36.0	36.0	36.0
7	35.06275024799939	36.0	36.0	36.0	36.0	36.0
8	34.9907761735474	36.0	36.0	36.0	36.0	36.0
9	35.15146784634739	36.0	36.0	36.0	36.0	36.0
10	35.012204791400464	36.0	36.0	36.0	36.0	36.0
11	35.131448929812166	36.0	36.0	36.0	36.0	36.0
12	35.05958218473089	36.0	36.0	36.0	36.0	36.0
13	35.10406079715179	36.0	36.0	36.0	36.0	36.0
14	35.08205564797018	36.0	36.0	36.0	36.0	36.0
15	35.028628067468624	36.0	36.0	36.0	36.0	36.0
16	35.046963844954306	36.0	36.0	36.0	36.0	36.0
17	35.04175652364217	36.0	36.0	36.0	36.0	36.0
18	35.03818986423616	36.0	36.0	36.0	36.0	36.0
19	35.028229648911136	36.0	36.0	36.0	36.0	36.0
20	35.029517743423774	36.0	36.0	36.0	36.0	36.0
21	35.01865673563366	36.0	36.0	36.0	36.0	36.0
22	35.005868522799446	36.0	36.0	36.0	36.0	36.0
23	34.981831964611565	36.0	36.0	36.0	36.0	36.0
24	34.97609939708383	36.0	36.0	36.0	36.0	36.0
25	34.96280643076959	36.0	36.0	36.0	36.0	36.0
26	34.9064496676572	36.0	36.0	36.0	36.0	36.0
27	34.895460482600726	36.0	36.0	36.0	36.0	36.0
28	34.87517821487958	36.0	36.0	36.0	36.0	36.0
29	34.85839995632952	36.0	36.0	36.0	36.0	36.0
30	34.83633041662868	36.0	36.0	36.0	36.0	36.0
31	34.82744047615031	36.0	36.0	36.0	36.0	36.0
32	34.81845119740262	36.0	36.0	36.0	36.0	36.0
33	34.7967510951982	36.0	36.0	36.0	36.0	36.0
34	34.78893579803525	36.0	36.0	36.0	32.0	36.0
35	34.77864734378098	36.0	36.0	36.0	32.0	36.0
36	34.81294487264623	36.0	36.0	36.0	32.0	36.0
37	34.80121457449498	36.0	36.0	36.0	32.0	36.0
38	34.787015156348374	36.0	36.0	36.0	32.0	36.0
39	34.777561292852404	36.0	36.0	36.0	32.0	36.0
40	34.7700736857412	36.0	36.0	36.0	32.0	36.0
41	34.75013416346875	36.0	36.0	36.0	32.0	36.0
42	34.73843978584291	36.0	36.0	36.0	32.0	36.0
43	34.73456835729663	36.0	36.0	36.0	32.0	36.0
44	34.71930317937615	36.0	36.0	36.0	32.0	36.0
45	34.70931162324703	36.0	36.0	36.0	32.0	36.0
46	34.69506618603192	36.0	36.0	36.0	32.0	36.0
47	34.68532857406312	36.0	36.0	36.0	32.0	36.0
48	34.66788777570588	36.0	36.0	36.0	32.0	36.0
49	34.65312467325161	36.0	36.0	36.0	32.0	36.0
50	34.6402405917084	36.0	36.0	36.0	32.0	36.0
51	34.62760642539179	36.0	36.0	36.0	32.0	36.0
52	34.619150499211976	36.0	36.0	36.0	32.0	36.0
53	34.59383070093497	36.0	36.0	36.0	32.0	36.0
54	34.56503272821427	36.0	36.0	36.0	32.0	36.0
55	34.5386355204077	36.0	36.0	36.0	32.0	36.0
56	34.51875318306615	36.0	36.0	36.0	32.0	36.0
57	34.48835358333909	36.0	36.0	36.0	32.0	36.0
58	34.48235824878929	36.0	36.0	36.0	32.0	36.0
59	34.45393191358551	36.0	36.0	36.0	32.0	36.0
60	34.425893143318	36.0	36.0	36.0	32.0	36.0
61	34.402741987162024	36.0	36.0	36.0	32.0	36.0
62	34.37080609720068	36.0	36.0	36.0	32.0	36.0
63	34.35098887005679	36.0	36.0	36.0	32.0	36.0
64	34.322141829125684	36.0	36.0	36.0	32.0	36.0
65	34.298502700298926	36.0	36.0	36.0	32.0	36.0
66	34.24968548597594	36.0	36.0	36.0	32.0	36.0
67	34.233742343452164	36.0	36.0	36.0	32.0	36.0
68	34.202744618123376	36.0	36.0	36.0	32.0	36.0
69	34.176644178385764	36.0	36.0	36.0	32.0	36.0
70	34.14833339189055	36.0	36.0	36.0	32.0	36.0
71	34.113284894774964	36.0	36.0	36.0	32.0	36.0
72	34.07571842134938	36.0	36.0	36.0	32.0	36.0
73	34.039019485630575	36.0	36.0	36.0	32.0	36.0
74	33.99435439478559	36.0	36.0	36.0	32.0	36.0
75	33.20951433612055	36.0	36.0	36.0	21.0	36.0
>>END_MODULE
>>Per sequence quality scores	pass
#Quality	Count
2	42739.0
3	0.0
4	0.0
5	0.0
6	0.0
7	0.0
8	0.0
9	0.0
10	0.0
11	0.0
12	0.0
13	0.0
14	0.0
15	0.0
16	0.0
17	8.0
18	53.0
19	366.0
20	1941.0
21	6063.0
22	14575.0
23	28983.0
24	54384.0
25	96628.0
26	156873.0
27	240928.0
28	348870.0
29	480706.0
30	639911.0
31	846260.0
32	1172342.0
33	1837414.0
34	4242572.0
35	1.7944703E7
>>END_MODULE
>>Per base sequence content	fail
#Base	G	A	T	C
1	41.75399303400148	18.586832903902163	12.712043721227726	26.947130340868625
2	15.95102134838447	19.79994613211973	36.255658724071104	27.993373795424702
3	18.624778487833993	21.492428214407415	28.448987997971088	31.433805299787505
4	13.198344003147234	15.361067498340661	35.14914144694486	36.291447051567246
5	14.992907342287962	34.92688231096858	33.90011161865547	16.18009872808799
6	34.53157890543118	34.895197043388734	16.179771020280747	14.393453030899343
7	30.480664537904918	29.54631906455896	20.40101560218501	19.57200079535111
8	26.41690693312296	34.87434310658205	19.616186185330584	19.092563774964404
9	24.734432236712433	16.117580766808786	19.61677595241409	39.53121104406468
10	14.46748866561996	27.63322565109104	34.2976205805166	23.601665102772394
11	34.6274852587213	22.531420055765235	23.203572281743494	19.637522403769967
12	22.41100739475122	24.038847921157938	30.393657895746852	23.15648678834399
13	27.698387316677113	20.455794689107353	26.10013118571634	25.745686808499197
14	20.79882641715297	20.277601202294964	26.97583341167629	31.947738968875772
15	23.035008969699934	28.910181991323896	23.164345234669504	24.890463804306666
16	23.009539963076847	28.516305638787536	24.931308865348303	23.54284553278731
17	21.859580363941827	27.908808521342625	27.15816569859097	23.073445416124578
18	22.36565878258629	27.696174898452934	27.508288864790387	22.429877454170388
19	22.670915125104163	27.119940933532334	27.516374479327716	22.69276946203579
20	22.753712928075974	26.933046391975164	27.42972902082791	22.883511659120952
21	22.697731843472088	26.664423385424413	27.30185198754481	23.335992783558694
22	22.573396913520085	26.491464267446553	27.549038578509034	23.38610024052433
23	22.65935894318492	26.620387990773953	27.27300795363017	23.447245112410954
24	22.70847510210464	26.493271343320757	27.471461192696296	23.32679236187831
25	22.896411189773524	26.43145698860016	27.132859566105594	23.539272255520714
26	22.500468545822645	26.73502366952283	27.324201589559266	23.44030619509526
27	22.524173457003542	26.729487064568314	27.373039552556282	23.37329992587186
28	22.67522314838594	26.60258849993491	27.405570546333834	23.316617805345317
29	22.377231654563253	26.818530048740186	27.544407577297758	23.259830719398806
30	22.616731616123687	26.864681143678144	27.283086616456444	23.235500623741725
31	22.86141461542262	26.92206522911782	27.085143181318017	23.131376974141542
32	22.41099141411375	26.910311671441345	27.455589078303085	23.22310783614182
33	22.525583721461302	26.744882722157758	27.517285240798216	23.212248315582716
34	22.553260737337613	26.474618316130496	27.649683889422832	23.322437057109056
35	22.51398684080228	26.72250637130086	27.463796128616618	23.299710659280244
36	22.72085843575301	27.13532046183197	27.19691053786092	22.946910564554106
37	22.797565835463278	26.88981385197127	27.152360626931948	23.16025968563351
38	22.675545448272256	27.11605364713619	27.170491043862494	23.037909860729062
39	22.67353419835182	27.016779527688666	27.333333833216056	22.976352440743455
40	22.644615032459182	26.81065867363397	27.28357524599764	23.261151047909213
41	22.695754060996077	26.97749147326169	27.280295593594754	23.046458872147475
42	22.66292131406725	26.95398089540271	27.301339817596045	23.08175797293399
43	22.774184582945143	26.714903231569455	27.211665764481896	23.29924642100351
44	22.696193985567746	27.057453980441228	27.25818979828839	22.988162235702635
45	22.743545820130006	27.013327915906345	27.13520199714143	23.10792426682222
46	22.855539940735138	27.163498562637255	26.993114886664454	22.987846609963157
47	22.59068553761531	27.23473261096721	27.217264830133253	22.957317021284222
48	22.630574828233566	27.0847683043138	27.13821110592592	23.146445761526714
49	22.694516113329673	26.993267955399304	27.27391958291462	23.038296348356404
50	22.748688965573457	27.02967568846062	27.19219891433566	23.029436431630263
51	22.84812642833013	27.049571120232045	27.075038410267766	23.02726404117006
52	22.805687622167138	27.00315066990091	27.097319197581644	23.093842510350306
53	22.73585607559169	27.036297381001706	27.15498652469453	23.072860018712067
54	22.8814873260005	27.210241913937004	27.05179848880464	22.856472271257857
55	22.868198209673047	27.105686154276178	26.9501015176721	23.076014118378684
56	22.95096917888784	27.23867047480176	26.930199367065487	22.880160979244913
57	22.72774457035954	27.113846036159877	27.1242079809373	23.03420141254329
58	22.696942819626013	26.91476496621492	27.21667068752226	23.17162152663681
59	22.609918799716507	27.100854907768625	27.206581712700835	23.082644579814037
60	22.81087907562671	27.133826342242724	27.111714522122004	22.943580060008564
61	22.940032721463783	27.180727036716547	26.959547196722	22.91969304509767
62	22.780448164924884	27.348145884566627	26.939403350854057	22.932002599654428
63	22.865769419416125	27.279487814736665	26.944899846141485	22.90984291970572
64	22.862965746772797	27.068827383066857	26.951947602487543	23.116259267672802
65	22.687810456318413	27.11044100533111	27.165628563056497	23.03611997529397
66	22.811834901671002	27.136038716132738	26.939285442885613	23.112840939310644
67	22.761776093826715	27.163216816277107	27.044941301214276	23.030065788681902
68	22.828991338605093	27.3590192054323	27.053717768631934	22.758271687330677
69	23.063903281519863	27.301720113896277	26.900558589677757	22.7338180149061
70	23.036838013422877	27.14792987469003	26.8936456456156	22.921586466271492
71	22.93251233797693	27.345522178769254	26.83339293746627	22.888572545787547
72	22.97162436933719	27.495049645589305	27.06958064052543	22.46374534454808
73	23.58197615668054	28.053591832983	27.1848035905161	21.17962841982036
74	24.871365831102345	30.439718190151066	27.127992674144075	17.560923304602515
75	30.510117920557185	40.82676553108266	28.66311654836016	0.0
>>END_MODULE
>>Per base GC content	fail
#Base	%GC
1	68.70112337487011
2	43.944395143809174
3	50.0585837876215
4	49.48979105471448
5	31.17300607037595
6	48.92503193633053
7	50.05266533325603
8	45.50947070808736
9	64.26564328077711
10	38.069153768392354
11	54.26500766249127
12	45.56749418309521
13	53.444074125176314
14	52.74656538602874
15	47.9254727740066
16	46.552385495864165
17	44.9330257800664
18	44.795536236756675
19	45.36368458713995
20	45.637224587196926
21	46.03372462703078
22	45.95949715404441
23	46.10660405559588
24	46.03526746398295
25	46.43568344529424
26	45.9407747409179
27	45.897473382875404
28	45.991840953731256
29	45.63706237396205
30	45.85223223986541
31	45.99279158956416
32	45.634099250255574
33	45.737832037044015
34	45.875697794446666
35	45.813697500082526
36	45.66776900030711
37	45.95782552109679
38	45.71345530900132
39	45.64988663909528
40	45.905766080368394
41	45.742212933143556
42	45.74467928700124
43	46.07343100394865
44	45.684356221270384
45	45.851470086952226
46	45.8433865506983
47	45.54800255889953
48	45.77702058976028
49	45.73281246168608
50	45.77812539720372
51	45.87539046950019
52	45.89953013251745
53	45.80871609430376
54	45.73795959725835
55	45.94421232805173
56	45.83113015813275
57	45.76194598290283
58	45.86856434626282
59	45.69256337953054
60	45.75445913563527
61	45.859725766561446
62	45.712450764579316
63	45.77561233912185
64	45.9792250144456
65	45.72393043161239
66	45.92467584098165
67	45.79184188250861
68	45.58726302593577
69	45.797721296425955
70	45.95842447969437
71	45.82108488376447
72	45.435369713885265
73	44.7616045765009
74	42.432289135704856
75	30.510117920557185
>>END_MODULE
>>Per sequence GC content	warn
#GC Content	Count
0	42752.0
1	21387.0
2	30.0
3	63.5
4	89.0
5	115.5
6	200.5
7	400.0
8	553.5
9	740.5
10	1332.5
11	2414.5
12	3155.5
13	4497.0
14	7626.0
15	12451.0
16	16379.5
17	23381.0
18	37878.0
19	56109.5
20	69419.5
21	90051.5
22	127991.0
23	171295.5
24	201371.0
25	238849.0
26	302048.5
27	366009.5
28	409100.0
29	462120.0
30	544229.0
31	623960.0
32	678354.0
33	739331.5
34	835358.0
35	926091.5
36	985807.0
37	1047462.5
38	1116709.5
39	1170936.0
40	1208542.0
41	1230165.5
42	1242752.0
43	1241091.0
44	1241325.5
45	1230828.5
46	1201492.0
47	1168526.5
48	1151327.5
49	1129743.0
50	1088994.0
51	1055904.0
52	1040630.0
53	1030807.5
54	1010473.0
55	986133.5
56	973297.5
57	957731.5
58	918321.0
59	860786.5
60	807138.0
61	743143.5
62	664054.5
63	587746.5
64	523821.0
65	467582.0
66	395794.5
67	323662.0
68	271419.0
69	231125.0
70	185389.5
71	141296.5
72	110899.0
73	90033.5
74	68181.0
75	49484.5
76	37275.0
77	29210.0
78	21108.5
79	14290.0
80	10133.5
81	7612.5
82	5231.5
83	3331.5
84	2276.0
85	1707.5
86	1227.0
87	864.5
88	679.5
89	554.0
90	416.0
91	316.0
92	272.0
93	333.5
94	311.5
95	181.0
96	134.5
97	91.5
98	44.0
99	67.0
100	97.0
>>END_MODULE
>>Per base N content	pass
#Base	N-Count
1	0.16155876057520163
2	0.15304202228991654
3	0.15179185887189303
4	0.15179185887189303
5	0.15179185887189303
6	0.1567498933365544
7	0.15253769500196387
8	0.1517954104725124
9	0.15494212862128745
10	0.15179185887189303
11	0.15182027167684808
12	0.1527188266335525
13	0.1517954104725124
14	0.15183802967994503
15	0.1519410260979072
16	0.1519836453053398
17	0.15206178051896627
18	0.1527188266335525
19	0.1523849761753303
20	0.1519836453053398
21	0.15179185887189303
22	0.15179185887189303
23	0.1522464637511743
24	0.15185933928366135
25	0.15248797259329247
26	0.1517954104725124
27	0.15214701893383153
28	0.15179185887189303
29	0.1518699940855195
30	0.15243469858400172
31	0.15190195849109395
32	0.15179185887189303
33	0.15179185887189303
34	0.15179185887189303
35	0.15183447807932565
36	9.609537444559199E-5
37	0.0
38	0.0
39	0.0
40	3.933014470740142E-5
41	0.0
42	0.0
43	0.0
44	0.0
45	0.0
46	0.0
47	0.0
48	0.0
49	0.0
50	0.0
51	0.0
52	0.0
53	0.0
54	0.0
55	0.0
56	6.304937329664701E-5
57	0.0
58	0.0
59	0.0
60	3.7579570512859295E-6
61	1.1312388245387873E-5
62	0.0
63	1.5189899567422039E-5
64	0.0
65	0.0
66	0.0
67	0.0
68	0.0
69	4.6678781366390626E-5
70	0.0
71	0.0
72	0.0
73	3.675023997906706E-5
74	0.0
75	0.0
>>END_MODULE
>>Sequence Length Distribution	warn
#Length	Count
35	59233.0
36	24374.0
37	31327.0
38	34816.0
39	38200.0
40	39753.0
41	41611.0
42	45332.0
43	48925.0
44	55103.0
45	59524.0
46	61562.0
47	63737.0
48	66076.0
49	68511.0
50	69428.0
51	71116.0
52	73855.0
53	76172.0
54	80649.0
55	84019.0
56	85802.0
57	87705.0
58	88597.0
59	90689.0
60	90604.0
61	91471.0
62	94840.0
63	96928.0
64	101846.0
65	105468.0
66	104830.0
67	106781.0
68	109823.0
69	120103.0
70	139050.0
71	245213.0
72	713610.0
73	1892413.0
74	5807360.0
75	1.6789863E7
>>END_MODULE
>>Sequence Duplication Levels	warn
#Total Duplicate Percentage	38.97706360913903
#Duplication Level	Relative count
1	100.0
2	24.8504301144816
3	11.673727443244292
4	6.775920056917405
5	4.3035702735916175
6	2.7690640967595885
7	1.9694715736368928
8	1.436679386844318
9	1.0793286333354892
10++	6.838981954595433
>>END_MODULE
>>Overrepresented sequences	warn
#Sequence	Count	Percentage	Possible Source
NNNNNNNNNNNNNNNNNNNNNNNNNNNNNNNNNNN	42739	0.15179185887189303	No Hit
>>END_MODULE
>>Kmer Content	warn
#Sequence	Count	Obs/Exp Overall	Obs/Exp Max	Max Obs/Exp Position
AAAAA	9506005	3.6168804	6.854296	71
TTTTT	8871315	3.2665057	5.8252482	71
CCTGG	4650570	3.0859067	11.676313	3
CCAGG	4445390	2.969167	12.803895	3
CCCAG	4264680	2.8298676	11.343016	2
CTGGG	4166285	2.782727	9.893683	4
CCAGC	3975595	2.6380427	6.7901196	3
GGAGG	3806605	2.5760407	5.9025917	6
GCTGG	3803220	2.5402305	5.84919	3
TCCAG	4302435	2.4721293	9.850391	2
CAGCA	4215370	2.4380395	6.8441715	4
CAGGA	4143900	2.4124558	10.685338	4
AGGAG	4084335	2.3934073	7.523196	5
CAGCC	3589555	2.3818822	5.6096563	9
CTCCA	4171495	2.381242	7.398246	1
TGCTG	4137180	2.377159	6.3796673	2
CTGGA	4037700	2.3352642	8.854034	4
CTCCT	4117170	2.3348687	6.8082027	1
GGCTG	3474620	2.320753	8.060134	7
TCCTG	4062035	2.3187416	9.441242	2
CTGCA	3942795	2.2654846	6.7889595	4
TGCAG	3881635	2.2450018	6.802183	2
CCTGC	3398445	2.240329	6.338978	3
GGCAG	3328125	2.2375329	6.0753374	7
GCAGG	3318360	2.2309678	6.49767	3
CAGAG	3807775	2.216774	7.674862	4
AGCAG	3774625	2.1974752	5.5939665	7
AGAAG	4319765	2.1919754	5.013911	5
CTGCC	3318465	2.1876042	5.6911135	9
CTGCT	3818390	2.1796613	6.4709888	9
TGGAG	3737520	2.1758583	6.5815663	5
GCCTG	3275455	2.173443	6.985543	7
CCCTG	3271625	2.1567264	8.576186	2
CTCTG	3764315	2.1487935	7.1769385	2
GCTGC	3182120	2.11151	5.6041403	8
CAGGG	3135300	2.1078947	8.917071	4
AGCTG	3642110	2.1064692	5.9854746	7
GGAGA	3506280	2.0546687	5.797694	6
CAGGC	3074245	2.0533512	6.0284176	4
CACAG	3495940	2.0219436	7.1724744	7
GCCAG	3016985	2.0151062	5.0066295	2
CTGGC	3029960	2.0105436	5.1105843	4
CAGAA	3987885	2.0103562	5.539311	4
GGGAG	2947915	1.9949402	5.302273	7
CTCAG	3454910	1.9851512	6.150467	2
CTGTG	3441710	1.977553	8.631204	9
CTGAG	3413885	1.9744716	5.7293625	4
CCCCA	2939700	1.9379278	6.586987	1
TTCTG	3907070	1.931244	5.2668524	2
CCAGA	3285080	1.8999887	6.9372663	3
TCCCA	3295435	1.8811549	5.0978127	2
GGCCA	2795635	1.8672619	5.769843	1
TCTGG	3198335	1.8377135	6.1737127	3
CCTCT	3223390	1.8280016	5.2332835	1
TGGGG	2703710	1.8177195	5.4979553	5
AGAGG	3087790	1.8094351	5.06686	5
ACCTG	3147920	1.8087585	5.2661824	7
CACTG	3147005	1.8082327	7.4700427	7
CAGTG	3105495	1.7961096	6.4634814	9
TGGCC	2678705	1.7774668	5.300865	5
CCTGA	3039985	1.7467405	5.663493	3
GCCCA	2570615	1.7057555	6.928814	1
TCAGG	2934815	1.6973943	5.891284	3
ACAGA	3321510	1.6744262	5.890323	8
GAGAG	2826775	1.6564811	5.4352355	7
AGGTG	2816565	1.6397095	5.1842637	7
TGGGC	2430620	1.6234493	6.060043	5
CCTGT	2813230	1.6058836	5.2826138	8
ACAGG	2754375	1.6035157	5.10982	8
AGCCT	2785955	1.6007779	5.13067	6
ACAGC	2523090	1.4592773	5.7686987	8
GCTGT	2504120	1.4388283	5.0546985	8
GACAG	2459800	1.4320228	7.177969	7
CTGTC	2505215	1.4300585	5.6913686	9
GCCCT	2161845	1.4251354	5.3942623	1
GGGCT	2124105	1.4187231	5.604948	6
ACACA	2815715	1.4101784	5.839225	6
GTGTG	2375275	1.3737662	5.7654514	1
AGACA	2723185	1.372801	5.622545	6
CACAC	2387560	1.3718741	6.2188635	5
AGGGC	2035695	1.368619	5.3703494	5
GGACA	2195735	1.2782921	6.1733284	6
ACTGC	2221355	1.276365	5.3746815	8
GTGCT	2108755	1.2116578	5.27068	1
GTCCT	2093400	1.1949809	6.234863	1
GTCCA	2067600	1.188019	6.7067294	1
AGCAC	2021615	1.1692398	5.5342393	5
AGGAC	1995820	1.1619074	6.620259	5
TGTGC	1993420	1.1453882	5.099198	10
GTCTT	2314465	1.144028	5.0287595	1
TGGAC	1911100	1.1053133	6.072302	5
TGCAC	1880265	1.0803787	5.523953	5
GTGCA	1863450	1.0777543	5.581877	1
ACAGT	2113320	1.0583946	5.6845665	8
ACTGT	2111625	1.0506328	6.280564	8
GACTG	1813045	1.0486019	6.1647005	7
GCACT	1801300	1.0350063	5.1211834	6
AGACT	2023830	1.013576	5.351522	6
GGACT	1652165	0.9555544	5.2956843	6
GTGTA	1227995	0.615001	5.219488	1
>>END_MODULE
