##FastQC	0.10.1
>>Basic Statistics	pass
#Measure	Value	
Filename	029-F0_S5_L002_R1_001.fastq.gz	
File type	Conventional base calls	
Encoding	Sanger / Illumina 1.9	
Total Sequences	20553818	
Filtered Sequences	0	
Sequence length	35-76	
%GC	45	
>>END_MODULE
>>Per base sequence quality	pass
#Base	Mean	Median	Lower Quartile	Upper Quartile	10th Percentile	90th Percentile
1	31.386143732517237	32.0	32.0	32.0	32.0	32.0
2	31.433067180024654	32.0	32.0	32.0	32.0	32.0
3	31.517320820881064	32.0	32.0	32.0	32.0	32.0
4	31.59708171980505	32.0	32.0	32.0	32.0	32.0
5	31.560929847680853	32.0	32.0	32.0	32.0	32.0
6	35.197460199365395	36.0	36.0	36.0	36.0	36.0
7	35.200947240069944	36.0	36.0	36.0	36.0	36.0
8	35.13695241438841	36.0	36.0	36.0	36.0	36.0
9	35.26495554256635	36.0	36.0	36.0	36.0	36.0
10-14	35.199347556741046	36.0	36.0	36.0	36.0	36.0
15-19	35.151054728615385	36.0	36.0	36.0	36.0	36.0
20-24	35.10155499090242	36.0	36.0	36.0	36.0	36.0
25-29	34.994685736732706	36.0	36.0	36.0	36.0	36.0
30-34	34.90424179098988	36.0	36.0	36.0	36.0	36.0
35-39	34.88225766935644	36.0	36.0	36.0	36.0	36.0
40-44	34.82408995579088	36.0	36.0	36.0	36.0	36.0
45-49	34.734221046794545	36.0	36.0	36.0	35.2	36.0
50-54	34.61362786434478	36.0	36.0	36.0	32.0	36.0
55-59	34.47096132469861	36.0	36.0	36.0	32.0	36.0
60-64	34.314970099424634	36.0	36.0	36.0	32.0	36.0
65-69	34.16457743401631	36.0	36.0	36.0	32.0	36.0
70-74	34.04254165793259	36.0	36.0	36.0	32.0	36.0
75-76	33.4031421162225	36.0	34.0	36.0	26.5	36.0
>>END_MODULE
>>Per sequence quality scores	pass
#Quality	Count
2	43984.0
3	0.0
4	0.0
5	0.0
6	0.0
7	0.0
8	0.0
9	0.0
10	0.0
11	0.0
12	0.0
13	0.0
14	0.0
15	0.0
16	2.0
17	22.0
18	158.0
19	1253.0
20	4867.0
21	11410.0
22	19951.0
23	31376.0
24	49009.0
25	78042.0
26	120659.0
27	177591.0
28	245111.0
29	328021.0
30	426135.0
31	556667.0
32	763428.0
33	1192677.0
34	2756396.0
35	1.3747059E7
>>END_MODULE
>>Per base sequence content	fail
#Base	G	A	T	C
1	41.7888481517009	19.038625559383007	12.562201224626012	26.610325064290087
2	15.625993121540866	19.69761713239303	37.6664141373018	27.009975608764307
3	18.902636550118988	21.90720528573808	28.202966265155172	30.987191898987763
4	12.874425066911988	15.519280608498054	35.877365420532584	35.72892890405737
5	14.645769439187076	35.30571237192851	34.38423246136463	15.664285727519783
6	34.20259276598728	35.34506910197323	16.455335523437196	13.997002608602294
7	30.136104465789437	29.386995526146144	20.835702522019435	19.641197486044987
8	25.875948540685073	35.93975951490495	19.719690031031515	18.464601913378463
9	24.63910465540806	16.1723864622144	20.163376341015894	39.02513254136164
10-14	23.996712989833554	23.269506359488997	28.389536643512887	24.344244007164566
15-19	22.389879070137546	28.336261303638572	26.32645392363217	22.947405702591713
20-24	22.489693940848152	26.980051139163425	27.609939001298233	22.92031591869019
25-29	22.32735238860547	27.08352123526611	27.501774969318166	23.087351406810253
30-34	22.367214678797236	27.08400849563306	27.658657041566897	22.890119784002806
35-39	22.400964273804448	27.291132949321135	27.491076567919293	22.816826208955128
40-44	22.502350700857818	27.18290419338824	27.564475572299024	22.75026953345492
45-49	22.494815676262533	27.28505146678063	27.362740976877543	22.85739188007929
50-54	22.44698166092344	27.410237138583547	27.37582417653055	22.766957023962462
55-59	22.521660155214622	27.268980305286828	27.24566545065974	22.963694088838814
60-64	22.623713634667865	27.281069229050097	27.290672466939743	22.804544669342295
65-69	22.700212640305587	27.4337183663937	27.181793199342792	22.684275793957923
70-74	22.96122517619486	27.640504933171687	27.165468224697946	22.232801665935504
75-76	26.966468093183906	34.93864063908027	28.225825281813925	9.8690659859219
>>END_MODULE
>>Per base GC content	fail
#Base	%GC
1	68.39917321599098
2	42.63596873030517
3	49.88982844910675
4	48.60335397096936
5	30.310055166706857
6	48.19959537458958
7	49.777301951834424
8	44.34055045406353
9	63.664237196769704
10-14	48.340956996998116
15-19	45.337284772729255
20-24	45.41000985953834
25-29	45.414703795415726
30-34	45.25733446280004
35-39	45.217790482759575
40-44	45.252620234312744
45-49	45.35220755634183
50-54	45.2139386848859
55-59	45.48535424405343
60-64	45.42825830401016
65-69	45.38448843426351
70-74	45.19402684213036
75-76	36.835534079105805
>>END_MODULE
>>Per sequence GC content	warn
#GC Content	Count
0	43995.0
1	22009.0
2	27.5
3	56.0
4	80.5
5	131.5
6	262.5
7	460.5
8	579.0
9	757.0
10	1315.0
11	2282.0
12	2919.0
13	3792.5
14	6092.5
15	9797.0
16	15420.5
17	19926.0
18	27113.0
19	40969.0
20	58552.5
21	71560.0
22	89803.0
23	121982.5
24	156655.5
25	180303.0
26	210473.0
27	260066.0
28	309922.5
29	344911.5
30	387154.5
31	452847.5
32	518506.0
33	563700.5
34	621553.5
35	707828.0
36	782380.5
37	826937.0
38	860142.0
39	893504.5
40	902026.0
41	899445.0
42	905759.0
43	910938.5
44	905018.5
45	890720.5
46	881745.0
47	871453.5
48	849830.0
49	823423.0
50	805533.0
51	786557.0
52	757601.5
53	729351.0
54	712195.0
55	694476.0
56	666206.5
57	636016.5
58	609857.5
59	573689.5
60	523485.5
61	468996.0
62	425336.5
63	383525.0
64	330697.0
65	282557.0
66	234227.5
67	200034.0
68	173547.5
69	141383.0
70	110736.5
71	89733.5
72	74584.5
73	58766.5
74	44709.5
75	35649.0
76	29916.5
77	23621.5
78	17652.0
79	13751.0
80	11644.0
81	9264.5
82	6570.5
83	4858.5
84	3918.0
85	2934.0
86	2046.5
87	1515.0
88	1219.5
89	889.5
90	599.0
91	413.0
92	339.5
93	304.0
94	218.0
95	153.0
96	137.5
97	108.5
98	73.5
99	66.0
100	66.0
>>END_MODULE
>>Per base N content	pass
#Base	N-Count
1	0.25402579705629386
2	0.2140332273059925
3	0.21400403564924042
4	0.21426676056000882
5	0.21399430509698977
6	0.21399430509698977
7	0.21399430509698977
8	0.21418405086587808
9	0.21404295785824318
10-14	0.21404295785824318
15-19	0.21485545897117508
20-24	0.2147318809575914
25-29	0.21625860460572338
30-34	0.21675680888095827
35-39	0.047225665034641255
40-44	0.004320770117065915
45-49	0.0028916125986250167
50-54	0.004550624157121412
55-59	0.0010296931976208554
60-64	8.611861749136654E-4
65-69	0.0012194382742593498
70-74	0.0026031180184242814
75-76	0.00995433384875808
>>END_MODULE
>>Sequence Length Distribution	warn
#Length	Count
35	57924.0
36	19957.0
37	25838.0
38	28136.0
39	29809.0
40	29416.0
41	31134.0
42	32820.0
43	35518.0
44	37668.0
45	41249.0
46	41769.0
47	43893.0
48	44848.0
49	46487.0
50	45467.0
51	47385.0
52	47278.0
53	49422.0
54	52015.0
55	53277.0
56	54899.0
57	56214.0
58	56990.0
59	58441.0
60	58838.0
61	58085.0
62	58857.0
63	59328.0
64	62105.0
65	63184.0
66	66239.0
67	67704.0
68	67118.0
69	73092.0
70	75857.0
71	90331.0
72	166448.0
73	499564.0
74	1361542.0
75	4232534.0
76	1.2425138E7
>>END_MODULE
>>Sequence Duplication Levels	warn
#Total Duplicate Percentage	32.16821998753418
#Duplication Level	Relative count
1	100.0
2	21.18774057245391
3	8.388562498191185
4	4.26446328828177
5	2.501953520678378
6	1.564263595056869
7	1.0599658495644373
8	0.7445084363152259
9	0.5643504181981304
10++	4.429427256678147
>>END_MODULE
>>Overrepresented sequences	warn
#Sequence	Count	Percentage	Possible Source
NNNNNNNNNNNNNNNNNNNNNNNNNNNNNNNNNNN	43984	0.21399430509698977	No Hit
>>END_MODULE
>>Kmer Content	warn
#Sequence	Count	Obs/Exp Overall	Obs/Exp Max	Max Obs/Exp Position
AAAAA	7049790	3.4408405	6.4928246	72
TTTTT	6748725	3.207164	5.6072206	72
CCTGG	3248225	3.018146	11.75108	3
CCAGG	3123190	2.9174967	12.699226	3
CCCAG	2961575	2.7606175	10.829548	2
CTGGG	2909620	2.709311	9.731531	4
CAGCA	3345745	2.6543589	7.398552	4
CCAGC	2757725	2.5705998	6.593908	3
TGCTG	3264080	2.5675595	6.8828883	2
GGAGG	2717715	2.5496042	5.799689	6
GCTGG	2654390	2.471652	5.735353	3
TCCAG	3061440	2.4158769	9.989413	2
AGGAG	2945750	2.347035	7.294247	5
AGCAG	2932555	2.331532	5.316652	7
CAGCC	2496940	2.32751	5.4300776	9
CAGGA	2922695	2.3236928	10.3069315	4
CTGCT	2942760	2.3098626	6.510383	9
CTCCT	2935840	2.2995095	6.7203827	1
CTCCA	2919995	2.2993374	7.218023	1
CTGGA	2875580	2.2740653	8.88292	4
GGCTG	2441210	2.273148	7.927009	7
TCCTG	2868570	2.2516284	9.367456	2
CAGAG	2822525	2.2440526	7.563412	4
GCTGC	2410735	2.2399774	5.419552	8
GGCAG	2373480	2.2219076	5.8892536	7
CCTGC	2379080	2.2058437	6.2458534	3
CCCTG	2360040	2.1881902	8.758565	2
GCAGG	2335465	2.1863203	6.3052015	3
CTCTG	2775960	2.178936	7.1903925	2
CTGCC	2344040	2.173355	5.704423	9
CACAG	2722590	2.1599765	8.004192	7
CTGCA	2726705	2.1517272	6.4815917	4
TGCAG	2700575	2.135668	6.5636306	2
GCCTG	2285420	2.1235387	6.6896276	7
CAGGG	2261945	2.117495	8.998721	4
TGGAG	2638290	2.0908768	6.461221	5
CTGTG	2656975	2.0900044	9.281815	9
AGCTG	2552295	2.0184052	5.6245685	7
CAGGC	2156980	2.0149212	5.770372	4
GGAGA	2500330	1.9921454	5.6517496	6
CTGGC	2139915	1.9883401	5.017701	4
GGGAG	2116670	1.9857382	5.220735	7
CTCAG	2498140	1.9713594	6.0681295	2
CCCCA	2105440	1.9583843	6.423679	1
CAGAA	2876210	1.9420961	5.442569	4
CTGAG	2454915	1.9413953	5.566042	4
CAGTG	2397980	1.8963698	6.745278	9
TTCTG	2821260	1.874735	5.125093	2
CACTG	2366080	1.8671467	7.985002	7
CCAGA	2336180	1.8534169	6.711215	3
CCTCT	2361440	1.8496082	5.216358	1
TGGGG	1980730	1.8483164	5.4746795	5
TCCCA	2334935	1.8386344	5.001082	2
GGCCA	1951585	1.8230536	5.4377084	1
TCTGG	2288135	1.799871	6.0086617	3
ACACA	2653965	1.7882035	7.2837615	6
CACAC	2257285	1.7870008	7.4686804	5
GAGAG	2224205	1.7721418	5.7151585	7
GTGTG	2230865	1.7585772	7.1672864	9
TGGCC	1873170	1.7404892	5.0245047	5
ACAGA	2564980	1.7319452	6.3372593	8
CCTGA	2157805	1.7027906	5.4778438	3
TGTGT	2540740	1.6919421	6.7331896	10
GCCCA	1801555	1.6793107	6.5959454	1
TCAGG	2090855	1.6534894	5.710949	3
CCTGT	2066155	1.6217884	5.3689766	8
TGGGC	1712920	1.5949963	5.8747926	5
ACAGG	2001220	1.5910729	5.1998177	8
ACAGC	1967555	1.5609668	6.2216372	8
GCTGT	1919950	1.5102527	5.4779387	8
CTGTC	1887055	1.4812074	5.9840617	9
GACAG	1860365	1.4790859	7.2839627	7
GCCCT	1547930	1.4352152	5.4224687	1
GGGCT	1540185	1.4341531	5.635266	6
AGACA	2096205	1.4154154	5.651398	6
AGGGC	1472530	1.3784928	5.3386426	5
GTCCT	1723850	1.3531027	9.220524	1
GGACA	1664755	1.323566	6.465846	6
GCACA	1666490	1.3221159	5.1942515	6
AGGAC	1625275	1.2921772	9.6530905	5
GTGCT	1640010	1.2900491	5.86608	1
TGTGC	1634675	1.2858524	6.4350777	10
AGCAC	1593970	1.2645818	6.076236	5
ACTGC	1579815	1.2466807	5.3740172	8
GTCCA	1524640	1.2031405	6.7730083	1
ACAGT	1688895	1.1343185	5.9321804	8
GTGCA	1425685	1.1274598	5.657495	1
GTCTT	1692735	1.1248271	5.1065316	1
TGGAC	1410375	1.1153524	6.0905056	5
GTCCC	1199220	1.111897	5.040098	1
ACTGT	1657070	1.10702	6.670361	8
TGCAC	1391040	1.0977126	5.507871	5
GACTG	1338945	1.0588641	6.111777	7
ACACT	1522340	1.0202712	5.3788867	6
GGACC	1086670	1.0151019	5.575719	6
CTACA	1460375	0.97874224	5.6881423	4
TGTAG	1451630	0.9718495	5.9758415	2
GGACT	1211730	0.95826006	5.4150553	6
TAGGA	1253590	0.84375507	6.181921	4
TCCTA	1242765	0.82846683	5.815385	2
GTAGG	986535	0.78184104	5.055943	3
GTGTA	1069980	0.7163392	5.9202995	1
TACAC	1038515	0.69601196	5.409517	5
>>END_MODULE
