##FastQC	0.10.1
>>Basic Statistics	pass
#Measure	Value	
Filename	018-F5_S4_L001_R2_001_trimmed.fq.gz	
File type	Conventional base calls	
Encoding	Sanger / Illumina 1.9	
Total Sequences	16334088	
Filtered Sequences	0	
Sequence length	20-50	
%GC	45	
>>END_MODULE
>>Per base sequence quality	pass
#Base	Mean	Median	Lower Quartile	Upper Quartile	10th Percentile	90th Percentile
1	35.10861426729181	36.0	36.0	36.0	36.0	36.0
2	35.09929596314162	36.0	36.0	36.0	36.0	36.0
3	35.0843930190654	36.0	36.0	36.0	36.0	36.0
4	35.07634328895497	36.0	36.0	36.0	36.0	36.0
5	35.06404979574005	36.0	36.0	36.0	36.0	36.0
6	35.045456409932406	36.0	36.0	36.0	36.0	36.0
7	35.03326883019119	36.0	36.0	36.0	36.0	36.0
8	35.02604528639738	36.0	36.0	36.0	36.0	36.0
9	35.011680297057296	36.0	36.0	36.0	36.0	36.0
10	34.99852388452909	36.0	36.0	36.0	36.0	36.0
11	34.9862234120448	36.0	36.0	36.0	36.0	36.0
12	34.97104748058172	36.0	36.0	36.0	36.0	36.0
13	34.96816583821515	36.0	36.0	36.0	36.0	36.0
14	34.95848657115108	36.0	36.0	36.0	36.0	36.0
15	34.95135926780853	36.0	36.0	36.0	36.0	36.0
16	34.923508248516846	36.0	36.0	36.0	36.0	36.0
17	34.9145526827087	36.0	36.0	36.0	36.0	36.0
18	34.90156126255717	36.0	36.0	36.0	36.0	36.0
19	34.87618365959581	36.0	36.0	36.0	36.0	36.0
20	34.88476675281779	36.0	36.0	36.0	36.0	36.0
21	34.87209258726925	36.0	36.0	36.0	36.0	36.0
22	34.865906128501976	36.0	36.0	36.0	36.0	36.0
23	34.85793581934558	36.0	36.0	36.0	36.0	36.0
24	34.84136203172221	36.0	36.0	36.0	36.0	36.0
25	34.834583348624655	36.0	36.0	36.0	36.0	36.0
26	34.81565104495153	36.0	36.0	36.0	36.0	36.0
27	34.80956458626228	36.0	36.0	36.0	36.0	36.0
28	34.799002647427834	36.0	36.0	36.0	36.0	36.0
29	34.79105171768466	36.0	36.0	36.0	36.0	36.0
30	34.77139420720927	36.0	36.0	36.0	36.0	36.0
31	34.759496710463424	36.0	36.0	36.0	36.0	36.0
32	34.74532156842896	36.0	36.0	36.0	36.0	36.0
33	34.720471569511645	36.0	36.0	36.0	36.0	36.0
34	34.70635995949104	36.0	36.0	36.0	36.0	36.0
35	34.67024720963889	36.0	36.0	36.0	36.0	36.0
36	34.666044500499495	36.0	36.0	36.0	36.0	36.0
37	34.661308251346796	36.0	36.0	36.0	32.0	36.0
38	34.64293917846016	36.0	36.0	36.0	32.0	36.0
39	34.62500392891119	36.0	36.0	36.0	32.0	36.0
40	34.61965414704193	36.0	36.0	36.0	32.0	36.0
41	34.59436423381471	36.0	36.0	36.0	32.0	36.0
42	34.57583619527723	36.0	36.0	36.0	32.0	36.0
43	34.56327160854453	36.0	36.0	36.0	32.0	36.0
44	34.53880890525948	36.0	36.0	36.0	32.0	36.0
45	34.54178465376613	36.0	36.0	36.0	32.0	36.0
46	34.533673761174114	36.0	36.0	36.0	32.0	36.0
47	34.53947072299994	36.0	36.0	36.0	32.0	36.0
48	34.567003705234306	36.0	36.0	36.0	32.0	36.0
49	34.64004250497233	36.0	36.0	36.0	32.0	36.0
50	34.75977859173426	36.0	36.0	36.0	32.0	36.0
>>END_MODULE
>>Per sequence quality scores	pass
#Quality	Count
2	1.0
3	0.0
4	1.0
5	2.0
6	2.0
7	4.0
8	18.0
9	46.0
10	77.0
11	46.0
12	67.0
13	86.0
14	614.0
15	1243.0
16	2475.0
17	4388.0
18	7244.0
19	11731.0
20	17987.0
21	26108.0
22	35586.0
23	48642.0
24	65472.0
25	85571.0
26	111274.0
27	142729.0
28	179684.0
29	224026.0
30	278341.0
31	352310.0
32	469636.0
33	689840.0
34	1328771.0
35	6718436.0
36	5531630.0
>>END_MODULE
>>Per base sequence content	pass
#Base	G	A	T	C
1	22.590120649013894	26.528126355698905	27.32959809906142	23.552154896225783
2	22.653665016154516	26.63316336788723	27.542391974881586	23.170779641076667
3	22.526377645884534	26.71223957177396	27.48703365277796	23.274349129563554
4	22.77611280533537	26.28879581369805	27.821905840043055	23.113185540923524
5	22.81401220539545	26.419495572360557	27.36844425288482	23.39804796935917
6	22.308290249658576	26.884886535472535	27.585305186216864	23.221518028652028
7	22.415485828224433	26.838407620320137	27.54275973098875	23.20334682046668
8	22.473784663238945	26.744575259471663	27.46113504269695	23.320505034592447
9	22.36530666239042	26.827144685358835	27.574079506463384	23.23346914578736
10	22.393703749350475	26.874499216287074	27.576868367514436	23.154928666848015
11	22.95727120023731	26.74637288735402	27.246755703750008	23.04960020865866
12	22.243580018017695	27.035338753825577	27.657582266494597	23.063498961662134
13	22.405457730676968	26.856703651454428	27.819241599810745	22.918597018057866
14	22.447754472100616	26.612157863853792	27.928116511188456	23.01197115285714
15	22.333707811441077	26.911287873050266	27.78543475879714	22.969569556711512
16	22.410795344755847	27.149760128212442	27.769497281926558	22.669947245105153
17	22.53548506469803	26.829884147369633	27.386181026638308	23.248449761294037
18	22.44265837984292	27.316666241082714	27.355575024235325	22.88510035483904
19	22.64684535109883	27.00386268044282	27.59068567812923	22.758606290329116
20	22.776247498243997	26.696326496424806	27.56636939486649	22.961056610464713
21	22.71521718255583	26.879682142963723	27.615882875579633	22.78921779890081
22	22.44356057927547	27.17763553590181	27.647970430414997	22.73083345440772
23	22.51702140770534	26.9243894253561	27.575091701890358	22.983497465048206
24	22.359714747443178	27.290986503749448	27.6097247602276	22.739573988579775
25	22.479747377119335	27.15757450555072	27.469694845725922	22.892983271604027
26	22.592734952320363	27.03668462491555	27.393381897282655	22.977198525481427
27	22.616202007301844	27.146630044304242	27.498453346251527	22.73871460214238
28	22.370883567053266	27.167640289006783	27.463526011510787	22.997950132429164
29	22.718217636197387	26.92752103985049	27.4467141994462	22.90754712450593
30	22.480155360580266	27.288434056419565	27.419994171011837	22.811416411988336
31	22.543619353328502	27.243606105388384	27.446328671555843	22.76644586972727
32	22.557284368917447	27.253675076028255	27.331026183510982	22.858014371543316
33	22.43875995244036	27.018041230556978	27.64061883125219	22.902579985750474
34	22.56613396489038	27.435242217780193	27.441486297165863	22.55713752016356
35	22.561892546374413	26.979678831466387	27.435298023872623	23.023130598286578
36	22.6620734968652	27.27736914613254	27.24599996161419	22.814557395388068
37	22.498766715498743	27.189729086840202	27.36261360447617	22.948890593184878
38	22.57472578523709	27.12024938384553	27.27251016733807	23.032514663579313
39	22.500033344849047	27.194743874926946	27.352043895221907	22.953178885002103
40	22.52226015784484	27.146278724962404	27.561088979964776	22.77037213722798
41	22.784409344285788	27.126583090071133	27.31706933789937	22.771938227743707
42	22.68340167891536	27.239635905494904	27.391393402470875	22.68556901311886
43	22.647078960878318	27.377939280141643	27.26755205512123	22.707429703858807
44	22.69611082301078	27.083316565915343	27.172704067292912	23.047868543780957
45	22.592413402921046	27.31726693058813	27.33227453762869	22.758045128862133
46	22.57069374307706	27.607131718989343	27.09872779242386	22.723446745509737
47	22.71420527210606	27.262383772573916	27.15909995129647	22.86431100402356
48	22.67425791010053	27.673227789021027	27.381042211224845	22.2714720896536
49	22.925847999656487	27.820343044777502	27.46963129470122	21.78417766086479
50	22.998001281589467	27.523361362429462	27.435773015898558	22.042864340082517
>>END_MODULE
>>Per base GC content	pass
#Base	%GC
1	46.14227554523968
2	45.824444657231176
3	45.800726775448084
4	45.8892983462589
5	46.21206017475462
6	45.529808278310604
7	45.61883264869112
8	45.79428969783139
9	45.598775808177784
10	45.548632416198494
11	46.006871408895975
12	45.30707897967983
13	45.32405474873483
14	45.459725624957755
15	45.30327736815259
16	45.080742589861
17	45.78393482599207
18	45.327758734681964
19	45.405451641427945
20	45.73730410870871
21	45.50443498145664
22	45.17439403368319
23	45.500518872753545
24	45.09928873602295
25	45.37273064872336
26	45.56993347780179
27	45.354916609444224
28	45.36883369948243
29	45.62576476070332
30	45.29157177256861
31	45.31006522305577
32	45.41529874046076
33	45.341339938190835
34	45.12327148505394
35	45.585023144660994
36	45.47663089225327
37	45.44765730868362
38	45.6072404488164
39	45.45321222985115
40	45.29263229507283
41	45.5563475720295
42	45.368970692034225
43	45.354508664737125
44	45.74397936679174
45	45.350458531783175
46	45.2941404885868
47	45.57851627612962
48	44.94572999975412
49	44.71002566052128
50	45.04086562167198
>>END_MODULE
>>Per sequence GC content	warn
#GC Content	Count
0	1921.0
1	1682.5
2	1379.5
3	1530.5
4	1791.0
5	2135.0
6	2513.0
7	2979.0
8	3451.5
9	4336.0
10	5400.0
11	7206.5
12	9011.5
13	12467.0
14	16682.5
15	23749.5
16	31432.0
17	43773.0
18	57353.0
19	76625.5
20	96618.0
21	123213.0
22	151015.5
23	187100.0
24	225354.0
25	262205.0
26	305271.5
27	357841.0
28	413276.0
29	474507.5
30	537337.5
31	602980.5
32	672338.0
33	742648.5
34	812553.5
35	874157.5
36	930889.0
37	970093.0
38	1000817.0
39	1020893.0
40	1039723.0
41	1051802.0
42	1061450.5
43	1059672.0
44	1053202.0
45	1033052.5
46	1011661.0
47	990732.5
48	968876.0
49	942926.0
50	916706.5
51	891890.0
52	863906.5
53	834276.5
54	806150.0
55	776553.5
56	743637.5
57	706554.0
58	668254.5
59	622098.5
60	574702.0
61	524948.0
62	475163.5
63	433795.5
64	386067.5
65	341487.5
66	298622.5
67	260149.5
68	221540.5
69	187120.5
70	157578.5
71	132612.0
72	110783.5
73	91873.5
74	74111.5
75	61457.5
76	52014.0
77	42934.0
78	34667.5
79	28390.5
80	22667.0
81	18357.5
82	14718.0
83	11953.0
84	9456.0
85	7510.0
86	5838.5
87	4652.0
88	3773.0
89	2936.0
90	2167.5
91	1782.0
92	1492.0
93	1321.5
94	1156.5
95	1070.5
96	1004.5
97	1066.0
98	1561.0
99	4750.0
100	7502.0
>>END_MODULE
>>Per base N content	pass
#Base	N-Count
1	0.0016040075209586234
2	0.0035018790152226433
3	0.005173230363397087
4	0.005007931878412801
5	0.0020080704842535438
6	0.006991513698224229
7	0.0030365943908224322
8	0.007267011173198038
9	0.012287187383831898
10	0.005748713977786822
11	0.007303744169861214
12	0.007677196302603488
13	0.004322249274033543
14	0.005044664875075976
15	0.006948658535450526
16	0.0073221106681928
17	0.008828163531382958
18	0.02194796550624681
19	0.01166884860666846
20	0.009550579132425392
21	0.021204192266700585
22	0.026217560750275953
23	0.01967941152484512
24	0.01744868529591736
25	0.017464375532391437
26	0.012527727441937735
27	0.015280938295189294
28	0.027331907075955144
29	0.0062649123430747475
30	0.005672930001605477
31	0.008068155121666728
32	0.014168288916129614
33	0.01659459957758524
34	0.011995891453769102
35	0.017724577363083083
36	0.010635975904997246
37	0.016418212496599822
38	0.022301183356541857
39	0.011664639912002409
40	0.01142936074807487
41	0.005964911111824862
42	0.009462290535788027
43	0.004995819238249356
44	0.009726796773821116
45	0.008991010455124186
46	0.010701417384059768
47	0.00614802061892415
48	0.013944961905670175
49	0.006987297647941743
50	0.008447626418110473
>>END_MODULE
>>Sequence Length Distribution	warn
#Length	Count
20	11844.0
21	12565.0
22	13460.0
23	14190.0
24	14628.0
25	15451.0
26	16036.0
27	16775.0
28	17795.0
29	19230.0
30	19807.0
31	20626.0
32	21979.0
33	22524.0
34	23452.0
35	24423.0
36	24416.0
37	25736.0
38	27805.0
39	29947.0
40	31690.0
41	36174.0
42	40296.0
43	52093.0
44	87693.0
45	162800.0
46	436364.0
47	938639.0
48	1904848.0
49	2555771.0
50	9695031.0
>>END_MODULE
>>Sequence Duplication Levels	warn
#Total Duplicate Percentage	35.15927067182194
#Duplication Level	Relative count
1	100.0
2	23.67724066955232
3	9.773889881042468
4	5.1177467687744045
5	2.9603172200865697
6	1.849441535248358
7	1.2531404183188546
8	0.9012622211459879
9	0.6787843932560462
10++	5.133638042195114
>>END_MODULE
>>Overrepresented sequences	pass
>>END_MODULE
>>Kmer Content	warn
#Sequence	Count	Obs/Exp Overall	Obs/Exp Max	Max Obs/Exp Position
AAAAA	3804120	3.6041617	4.2928762	46
TTTTT	3551175	3.1090536	3.890305	13
>>END_MODULE
