##FastQC	0.10.1
>>Basic Statistics	pass
#Measure	Value	
Filename	040-F5_S4_L004_R1_001.fastq.gz	
File type	Conventional base calls	
Encoding	Sanger / Illumina 1.9	
Total Sequences	18578734	
Filtered Sequences	0	
Sequence length	35-76	
%GC	44	
>>END_MODULE
>>Per base sequence quality	pass
#Base	Mean	Median	Lower Quartile	Upper Quartile	10th Percentile	90th Percentile
1	31.335783320865673	32.0	32.0	32.0	32.0	32.0
2	31.412685492994303	32.0	32.0	32.0	32.0	32.0
3	31.49365532656854	32.0	32.0	32.0	32.0	32.0
4	31.58318537743207	32.0	32.0	32.0	32.0	32.0
5	31.54071558374214	32.0	32.0	32.0	32.0	32.0
6	35.15482857981604	36.0	36.0	36.0	36.0	36.0
7	35.16372719475934	36.0	36.0	36.0	36.0	36.0
8	35.10263234297881	36.0	36.0	36.0	36.0	36.0
9	35.22380055605511	36.0	36.0	36.0	36.0	36.0
10-14	35.15066794109868	36.0	36.0	36.0	36.0	36.0
15-19	35.11790592405274	36.0	36.0	36.0	36.0	36.0
20-24	35.07281668384939	36.0	36.0	36.0	36.0	36.0
25-29	34.97318693512701	36.0	36.0	36.0	36.0	36.0
30-34	34.886833494682676	36.0	36.0	36.0	36.0	36.0
35-39	34.83778950315711	36.0	36.0	36.0	36.0	36.0
40-44	34.7740921570242	36.0	36.0	36.0	35.2	36.0
45-49	34.699565791616806	36.0	36.0	36.0	32.0	36.0
50-54	34.60609221195536	36.0	36.0	36.0	32.0	36.0
55-59	34.483810343614415	36.0	36.0	36.0	32.0	36.0
60-64	34.36057500008154	36.0	36.0	36.0	32.0	36.0
65-69	34.22045889066979	36.0	36.0	36.0	32.0	36.0
70-74	34.07184663516826	36.0	36.0	36.0	32.0	36.0
75-76	33.586525947494366	36.0	36.0	36.0	26.5	36.0
>>END_MODULE
>>Per sequence quality scores	pass
#Quality	Count
2	15458.0
3	0.0
4	0.0
5	0.0
6	0.0
7	0.0
8	0.0
9	0.0
10	0.0
11	0.0
12	0.0
13	0.0
14	0.0
15	3.0
16	10.0
17	21.0
18	113.0
19	569.0
20	2219.0
21	5848.0
22	12571.0
23	22707.0
24	40568.0
25	68910.0
26	109577.0
27	163924.0
28	232896.0
29	316608.0
30	417661.0
31	551389.0
32	752351.0
33	1158429.0
34	2564184.0
35	1.2142718E7
>>END_MODULE
>>Per base sequence content	fail
#Base	G	A	T	C
1	43.001682461651704	18.858023766925623	11.445953828408305	26.694339943014366
2	15.958610969313822	20.593563334402827	36.21028960620959	27.237536090073753
3	18.707005164390164	22.12340645045627	28.60952452573565	30.56006385941792
4	12.910000368469445	15.588261468503728	35.95216167663509	35.54957648639173
5	14.496627642663935	35.522921708431205	34.45022850492553	15.530222143979328
6	33.889815569191555	35.80491396022987	16.439630591065928	13.865639879512646
7	30.21402580018742	29.91418109605223	20.725301934852446	19.146491168907904
8	26.002565495443804	35.173301307376995	20.057962829405756	18.766170367773448
9	24.409834772698527	15.7020344900329	20.350583593111473	39.537547144157095
10-14	23.520045538717888	23.500595220882474	28.918972387120817	24.060386853278818
15-19	21.740794964888526	28.945990091231316	26.945373303521354	22.36784164035881
20-24	21.88315576694816	27.63561256960513	28.16181485524058	22.31941680820613
25-29	21.461383821796126	27.805672565266228	28.247819186871702	22.48512442606594
30-34	21.520642989176974	27.83737189434172	28.449697953844527	22.192287162636777
35-39	21.463927722642755	28.139916157996453	28.3233660986235	22.072790020737294
40-44	21.685241555298667	28.006232303241152	28.38085894201364	21.927667199446542
45-49	21.61804927542745	28.143050319028756	28.18270390560963	22.056196499934163
50-54	21.577241482586984	28.332843217491916	28.17977876965385	21.910136530267252
55-59	21.634026761748192	28.12315112361457	28.01589066862111	22.22693144601612
60-64	21.76286550742929	28.10349293507616	28.133760165374806	21.99988139211974
65-69	21.898498085262897	28.321120754567147	27.96132008548775	21.819061074682207
70-74	22.1679985859332	28.546963404088977	27.921188237613414	21.363849772364407
75-76	25.733378494930726	35.77633813645435	29.18373619796057	9.30654717065435
>>END_MODULE
>>Per base GC content	fail
#Base	%GC
1	69.69602240466607
2	43.19614705938758
3	49.26706902380808
4	48.45957685486118
5	30.02684978664326
6	47.755455448704204
7	49.36051696909532
8	44.768735863217245
9	63.947381916855626
10-14	47.5804323919967
15-19	44.108636605247334
20-24	44.20257257515429
25-29	43.94650824786207
30-34	43.71293015181375
35-39	43.53671774338005
40-44	43.61290875474521
45-49	43.67424577536161
50-54	43.487378012854236
55-59	43.86095820776432
60-64	43.76274689954903
65-69	43.71755915994511
70-74	43.53184835829761
75-76	35.03992566558507
>>END_MODULE
>>Per sequence GC content	fail
#GC Content	Count
0	15470.0
1	7752.0
2	46.0
3	84.5
4	111.5
5	176.0
6	333.0
7	579.5
8	737.5
9	974.5
10	1689.5
11	2888.0
12	3611.0
13	4632.0
14	7379.5
15	11822.5
16	18486.0
17	23524.0
18	31530.0
19	47251.5
20	67198.0
21	81726.0
22	102161.0
23	137826.0
24	175953.0
25	201876.5
26	232933.5
27	283801.5
28	334629.0
29	368814.5
30	411399.0
31	478981.5
32	545977.0
33	592180.5
34	652189.5
35	741280.5
36	814394.0
37	854029.5
38	872845.0
39	878375.0
40	857298.0
41	827498.5
42	816790.0
43	806419.5
44	782170.0
45	754577.5
46	737982.0
47	721300.0
48	691231.0
49	660488.0
50	640492.5
51	621003.5
52	593163.0
53	567920.0
54	553706.0
55	540116.5
56	518939.0
57	497460.5
58	478562.5
59	453068.5
60	415235.5
61	371761.5
62	337632.5
63	305395.0
64	263940.0
65	226746.5
66	188334.5
67	160250.5
68	139518.0
69	113483.0
70	88517.0
71	72123.5
72	60102.5
73	47630.5
74	36834.5
75	29589.0
76	24751.5
77	19457.5
78	14536.5
79	11557.0
80	9884.0
81	7790.0
82	5530.0
83	4068.0
84	3188.0
85	2347.5
86	1566.0
87	1099.0
88	819.0
89	551.0
90	374.5
91	275.0
92	227.5
93	201.0
94	158.5
95	119.5
96	100.0
97	73.0
98	51.0
99	97.5
100	142.0
>>END_MODULE
>>Per base N content	pass
#Base	N-Count
1	0.08320265525089061
2	0.08320265525089061
3	0.08320265525089061
4	0.08320265525089061
5	0.08320265525089061
6	0.08320265525089061
7	0.08320265525089061
8	0.08320265525089061
9	0.08320265525089061
10-14	0.0836504790907712
15-19	0.08320696124935101
20-24	0.08584438530634003
25-29	0.08551282342488999
30-34	0.0866980495011124
35-39	0.026129907759452852
40-44	0.012000900191904076
45-49	0.011588667805421482
50-54	0.013403733067246033
55-59	0.010727215366384628
60-64	0.00958865378661554
65-69	0.006970786976073741
70-74	0.0037769722932797147
75-76	5.065711941533958E-4
>>END_MODULE
>>Sequence Length Distribution	warn
#Length	Count
35	20053.0
36	6821.0
37	9502.0
38	10556.0
39	12024.0
40	13379.0
41	14357.0
42	16283.0
43	18339.0
44	20572.0
45	22537.0
46	23321.0
47	23762.0
48	24707.0
49	25349.0
50	26139.0
51	27345.0
52	28797.0
53	31292.0
54	33431.0
55	34472.0
56	35383.0
57	35839.0
58	36336.0
59	36940.0
60	38750.0
61	38538.0
62	39948.0
63	41291.0
64	45372.0
65	46622.0
66	48216.0
67	51259.0
68	47979.0
69	55236.0
70	56311.0
71	69686.0
72	137575.0
73	429676.0
74	1235105.0
75	3779887.0
76	1.1829747E7
>>END_MODULE
>>Sequence Duplication Levels	warn
#Total Duplicate Percentage	34.27400175547852
#Duplication Level	Relative count
1	100.0
2	22.554966166058627
3	9.436200452113969
4	4.862836380999276
5	2.864134530017831
6	1.829345628445877
7	1.233987630281191
8	0.9169110021859636
9	0.664741825018465
10++	4.849407253221125
>>END_MODULE
>>Overrepresented sequences	pass
>>END_MODULE
>>Kmer Content	warn
#Sequence	Count	Obs/Exp Overall	Obs/Exp Max	Max Obs/Exp Position
AAAAA	8513245	4.010525	7.453032	72
TTTTT	7924990	3.668172	6.3329096	72
CCTGG	2811860	3.1442673	12.639903	3
CCAGG	2693485	3.0225348	14.185675	3
CCCAG	2516780	2.8114312	12.213484	2
CTGGG	2465625	2.7696655	10.719663	4
CCAGC	2409945	2.6920888	7.116336	3
AGAAA	4457885	2.6149292	5.1783466	48
TTTCT	4495535	2.588295	5.2780986	16
CCTCC	2323960	2.5751662	5.1233006	1
GGAGG	2271385	2.572152	5.9261947	6
GCTGG	2270775	2.5507882	6.320858	3
CAGCA	2817515	2.5392067	6.698277	4
GAAAA	4236090	2.4848275	5.2390027	24
TCCAG	2745310	2.4654272	9.7413	2
TGCTG	2739720	2.4629214	6.395609	2
CAGCC	2157855	2.4104853	6.3286486	5
GCTGC	2084225	2.330614	5.9062386	8
CTCCA	2581600	2.3078904	6.964337	1
GGCTG	2051995	2.30503	8.589933	7
CAGGA	2541525	2.300916	10.18663	4
AGCAG	2540100	2.2996259	5.596837	7
CTGGA	2540685	2.292061	8.670076	4
AGGAG	2518890	2.2908156	7.414205	5
CTGCT	2542605	2.2753525	6.688442	9
CTCCT	2528105	2.2521138	6.4839296	1
GGCAG	1996095	2.2501557	6.5187044	7
CCTGC	2000200	2.2265098	6.383222	3
TCCTG	2482570	2.221628	8.78098	2
CTGCC	1977610	2.2013638	5.9166927	9
GCAGG	1941735	2.1888766	6.579421	3
CAGAG	2414645	2.186048	8.1009	4
GCCTG	1954330	2.1853633	8.370582	7
CCCTG	1932650	2.1513166	8.91675	2
CTGCA	2383195	2.1402297	6.3261356	4
CTCTG	2358265	2.1103885	7.2336946	2
TGCAG	2330445	2.1023946	6.2615447	2
CAGGG	1840150	2.0743623	9.5632105	4
GCCAG	1846420	2.0719879	5.837347	2
GAGAA	2807990	2.0509331	5.03169	47
TGGAG	2257735	2.0460813	6.214748	5
CTGGC	1828540	2.044703	5.6576886	4
AGCTG	2245970	2.0261862	6.020402	7
CAGGC	1803080	2.0233536	6.3614397	4
GGGAG	1752760	1.9848529	5.5321255	7
GGAGA	2177350	1.9802004	5.4493656	6
CAGAA	2695070	1.9595281	5.3494205	4
CCCCA	1762095	1.9594625	7.175703	1
CACAG	2153470	1.9407548	6.9385986	7
CTCAG	2113645	1.8981601	6.055693	2
CTGTG	2109185	1.8960904	8.812172	9
CTGAG	2083385	1.879511	5.794137	4
CAGTG	2069065	1.8665925	7.491265	7
GGCCA	1662900	1.8660486	6.6246724	1
CCAGA	2063025	1.8592438	7.0191927	3
TGGGG	1612810	1.8199443	5.9852004	5
CACTG	2018800	1.8129845	7.46266	7
CCTCT	2023750	1.8028188	5.3763437	1
TCTGG	2000515	1.7983993	6.110642	3
ACCTG	1979740	1.7779067	5.44145	7
TGGCC	1583605	1.7708126	5.9432316	5
CATTT	3055260	1.7652717	5.0858245	14
AGAGG	1930170	1.7554016	5.0771255	5
GCCCA	1531855	1.7111964	8.003959	1
CCTGA	1873325	1.6823406	5.4651484	3
GAGAG	1845065	1.6780026	5.3901057	7
GGCCC	1200260	1.6694851	5.009336	6
ACAGA	2268860	1.6496398	5.799651	8
TCAGG	1803080	1.6266359	5.74298	3
TGGGC	1443925	1.621978	6.5895033	5
GGGCC	1154140	1.6126503	5.6015725	6
GGCCT	1430715	1.5998487	5.451336	6
CCTGT	1756960	1.5722865	5.564771	8
AGGCC	1400805	1.5719345	5.1033807	5
AGGTG	1728440	1.5664057	5.153445	7
GTGTG	1724795	1.5576017	7.745111	9
AGCCT	1728335	1.5521322	5.919392	6
CACAC	1697835	1.5231853	6.887501	5
ACACA	2055270	1.4875644	6.1590466	6
AGTGG	1619305	1.4675016	5.392525	8
TGTGT	1996325	1.4427602	6.2177286	10
AGGCT	1597490	1.4411644	5.039509	6
CTGTC	1607145	1.4382185	5.836154	9
ACAGC	1585100	1.4285271	5.4457493	8
GACAG	1577570	1.4282197	7.088838	7
GGGCT	1263995	1.4198604	6.192301	6
GCCCT	1271915	1.415824	5.8531494	1
GCTGT	1557465	1.4001116	5.204472	8
GTCCT	1561140	1.3970491	10.71028	1
AGAGC	1498775	1.3568844	5.078966	5
ATGGC	1491620	1.3456545	5.994678	17
AGGGC	1191960	1.3436712	5.7225995	5
AGGAC	1467115	1.3282216	11.593804	5
AGACA	1818305	1.3220509	5.4413815	6
GGACA	1439685	1.3033885	6.5343204	6
GAGAC	1354470	1.2262408	5.0639787	5
ACTGC	1358215	1.2197458	5.130521	8
TGTGC	1334255	1.1994529	6.702559	10
GTCCA	1315035	1.1809679	6.727845	1
GTGCT	1307175	1.1751088	5.544824	1
AGCAC	1252380	1.1286726	5.4685774	5
TACAG	1546840	1.1207166	5.4737554	5
TGGAC	1228945	1.1086842	5.9847865	5
GTGCA	1221300	1.1017872	5.6797485	1
CTGTA	1502000	1.0843996	5.438981	1
TGCAC	1186605	1.0656313	5.4404764	5
GGACC	936655	1.0510815	6.6381407	6
ACAGT	1448935	1.0497824	5.342105	8
ACTGT	1428590	1.0313997	6.098127	8
GACTG	1130410	1.0197915	6.0833163	7
AGACT	1353055	0.98031545	5.551613	6
AGTGT	1335090	0.9682879	5.295963	8
CTACA	1296200	0.93486273	5.982894	4
GGACT	1032475	0.9314401	5.295615	6
TGTAG	1281670	0.92954457	6.368562	2
TAGGA	1196050	0.8705111	7.1716366	4
TCCTA	1185020	0.85166836	6.5200033	2
CCTAC	874680	0.7819436	5.551507	3
GTAGG	857765	0.7773529	6.139737	3
GTGTA	905030	0.6563824	5.3976054	1
GGACG	534555	0.6025925	5.476458	6
>>END_MODULE
