##FastQC	0.10.1
>>Basic Statistics	pass
#Measure	Value	
Filename	KS26_S5_L003_R1_001_trimmed.fq.gz	
File type	Conventional base calls	
Encoding	Sanger / Illumina 1.9	
Total Sequences	20573443	
Filtered Sequences	0	
Sequence length	20-50	
%GC	45	
>>END_MODULE
>>Per base sequence quality	pass
#Base	Mean	Median	Lower Quartile	Upper Quartile	10th Percentile	90th Percentile
1	35.27541583584235	36.0	36.0	36.0	36.0	36.0
2	35.265660735541445	36.0	36.0	36.0	36.0	36.0
3	35.251930753641965	36.0	36.0	36.0	36.0	36.0
4	35.23736790191121	36.0	36.0	36.0	36.0	36.0
5	35.225708453368746	36.0	36.0	36.0	36.0	36.0
6	35.18614439012469	36.0	36.0	36.0	36.0	36.0
7	35.16774256015388	36.0	36.0	36.0	36.0	36.0
8	35.16043425497619	36.0	36.0	36.0	36.0	36.0
9	35.147973141880044	36.0	36.0	36.0	36.0	36.0
10	35.13085267254489	36.0	36.0	36.0	36.0	36.0
11	35.127874901638975	36.0	36.0	36.0	36.0	36.0
12	35.10854041299748	36.0	36.0	36.0	36.0	36.0
13	35.105598319153486	36.0	36.0	36.0	36.0	36.0
14	35.08934824375288	36.0	36.0	36.0	36.0	36.0
15	35.06407007324928	36.0	36.0	36.0	36.0	36.0
16	35.067972288352514	36.0	36.0	36.0	36.0	36.0
17	35.051022427310784	36.0	36.0	36.0	36.0	36.0
18	35.041367553306465	36.0	36.0	36.0	36.0	36.0
19	35.029238761834854	36.0	36.0	36.0	36.0	36.0
20	35.0128794193563	36.0	36.0	36.0	36.0	36.0
21	35.00404796877042	36.0	36.0	36.0	36.0	36.0
22	34.99568123956442	36.0	36.0	36.0	36.0	36.0
23	34.983421909580365	36.0	36.0	36.0	36.0	36.0
24	34.97523882979483	36.0	36.0	36.0	36.0	36.0
25	34.96158292634803	36.0	36.0	36.0	36.0	36.0
26	34.94989094781639	36.0	36.0	36.0	36.0	36.0
27	34.93433354867753	36.0	36.0	36.0	36.0	36.0
28	34.90779669385415	36.0	36.0	36.0	36.0	36.0
29	34.908966611366814	36.0	36.0	36.0	36.0	36.0
30	34.889946803835024	36.0	36.0	36.0	36.0	36.0
31	34.87181651258818	36.0	36.0	36.0	36.0	36.0
32	34.85427393195406	36.0	36.0	36.0	36.0	36.0
33	34.84644835503031	36.0	36.0	36.0	36.0	36.0
34	34.82408817171238	36.0	36.0	36.0	36.0	36.0
35	34.7930202316049	36.0	36.0	36.0	36.0	36.0
36	34.78221930955862	36.0	36.0	36.0	36.0	36.0
37	34.76133080039975	36.0	36.0	36.0	36.0	36.0
38	34.7425872357539	36.0	36.0	36.0	36.0	36.0
39	34.722489588976735	36.0	36.0	36.0	32.0	36.0
40	34.706154776109685	36.0	36.0	36.0	32.0	36.0
41	34.69108506745907	36.0	36.0	36.0	32.0	36.0
42	34.672782257147574	36.0	36.0	36.0	32.0	36.0
43	34.64545591763617	36.0	36.0	36.0	32.0	36.0
44	34.62390019942126	36.0	36.0	36.0	32.0	36.0
45	34.60364021895039	36.0	36.0	36.0	32.0	36.0
46	34.60141092862493	36.0	36.0	36.0	32.0	36.0
47	34.60831389431955	36.0	36.0	36.0	32.0	36.0
48	34.63527818929783	36.0	36.0	36.0	32.0	36.0
49	34.69797952316915	36.0	36.0	36.0	32.0	36.0
50	34.7934113645339	36.0	36.0	36.0	32.0	36.0
>>END_MODULE
>>Per sequence quality scores	pass
#Quality	Count
9	1.0
10	7.0
11	11.0
12	15.0
13	12.0
14	36.0
15	115.0
16	249.0
17	609.0
18	1378.0
19	2891.0
20	6055.0
21	11480.0
22	19659.0
23	31497.0
24	48708.0
25	73423.0
26	106778.0
27	148721.0
28	200665.0
29	262732.0
30	342103.0
31	449128.0
32	614212.0
33	937122.0
34	1892993.0
35	9429661.0
36	5993182.0
>>END_MODULE
>>Per base sequence content	pass
#Base	G	A	T	C
1	22.708440196422156	26.584048182892868	27.242528146601426	23.464983474083557
2	22.62776234567601	26.509531102387392	27.50879830708537	23.353908244851233
3	22.659799820574513	26.60042366268009	27.31663825058353	23.423138266161867
4	22.71231984085086	26.44307284641771	27.551275294364224	23.293332018367206
5	22.86795321934186	26.439759884719464	27.195522817688598	23.496764078250074
6	22.47241044303356	26.767441904551088	27.383222529859776	23.376925122555576
7	22.519949193941592	26.7440692199736	27.399452985706557	23.33652860037825
8	22.637968375476245	26.611256745483242	27.405717075472563	23.34505780356795
9	22.350599393118934	26.80341314337357	27.531739446234027	23.314248017273464
10	22.536910189527468	26.885867977296385	27.349968864702195	23.227252968473948
11	22.855661994154847	26.86090266313828	27.201923341460187	23.081512001246686
12	22.34915614398812	26.92658936877929	27.532525703414272	23.19172878381831
13	22.452194020391918	26.765107406999466	27.62624839267908	23.156450179929532
14	22.49543042164073	26.52008142727851	27.776308986180414	23.20817916490035
15	22.45200926524849	26.773490732685328	27.605928922835858	23.168571079230322
16	22.511712814893244	27.14737532133501	27.49137865078522	22.84953321298653
17	22.64027227558414	26.867945116730436	27.275049924417043	23.216732683268376
18	22.508037428623634	27.204503069609693	27.29102989377582	22.996429607990855
19	22.55799943212087	27.031313901289266	27.506009713834516	22.90467695275534
20	22.591672131393008	26.799996752520844	27.476775297923396	23.131555818162752
21	22.56372919720947	26.966717967382554	27.494561764145324	22.974991071262657
22	22.445727063169077	27.063714361845413	27.531972274831595	22.95858630015391
23	22.59397038613587	26.806706748054793	27.428627229105512	23.17069563670383
24	22.49851889588461	27.14477993272527	27.465870723663887	22.89083044772623
25	22.53226031765432	27.03227042134947	27.402197451194027	23.033271809802187
26	22.63964566492368	27.090704302466445	27.268074079983123	23.001575952626748
27	22.489548531474114	27.194551666682397	27.421534585066198	22.89436521677729
28	22.469571600330042	27.09392748104535	27.36533351037984	23.071167408244765
29	22.615027735081764	26.9807543783472	27.44495848447902	22.959259402092016
30	22.55394623059886	27.136956660274574	27.393740801323702	22.915356307802863
31	22.61114593547297	27.114111137092923	27.34107973425191	22.9336631931822
32	22.606303046258223	27.07135022707215	27.312829893581114	23.00951683308852
33	22.497448541901534	27.005654870305555	27.459411575947172	23.03748501184574
34	22.64329576561691	27.25995215664998	27.34481738143974	22.751934696293375
35	22.65195995030705	27.04920328056441	27.25281992182571	23.046016847302827
36	22.701815106258458	27.254575499789468	27.17007178982587	22.873537604126206
37	22.552837850094456	27.112113395614617	27.33206460441996	23.00298414987097
38	22.54870019774622	26.96686645687975	27.338183248073598	23.146250097300427
39	22.454416651808636	27.13256485009091	27.402712688997642	23.010305809102817
40	22.579832643897873	27.156066285361568	27.382549567173914	22.881551503566648
41	22.779807259814156	27.133424090113888	27.220499519453973	22.866269130617983
42	22.674375422164026	27.2730930531732	27.222945690000827	22.829585834661952
43	22.655310267815093	27.28580444131271	27.223857896911813	22.835027393960385
44	22.713250112608407	27.02201645779217	27.189703834235196	23.075029595364228
45	22.548040029442625	27.142625475954603	27.36162647775157	22.947708016851205
46	22.628924838104776	27.276090335226904	27.156341835145128	22.938642991523196
47	22.61726904571166	27.225736622800373	27.245103990796064	22.9118903406919
48	22.62850892590592	27.595119624068165	27.341354546074108	22.43501690395181
49	22.716625270806055	27.886616385151736	27.475403340314998	21.921355003727214
50	22.498428721726782	27.759159752824715	27.63951906810635	22.10289245734216
>>END_MODULE
>>Per base GC content	pass
#Base	%GC
1	46.173423670505706
2	45.981670590527244
3	46.08293808673638
4	46.00565185921807
5	46.36471729759194
6	45.849335565589136
7	45.856477794319844
8	45.983026179044195
9	45.6648474103924
10	45.764163158001416
11	45.93717399540153
12	45.54088492780644
13	45.60864420032145
14	45.70360958654108
15	45.6205803444788
16	45.36124602787977
17	45.85700495885252
18	45.50446703661449
19	45.46267638487622
20	45.72322794955576
21	45.538720268472126
22	45.40431336332299
23	45.7646660228397
24	45.38934934361084
25	45.56553212745651
26	45.64122161755043
27	45.3839137482514
28	45.54073900857481
29	45.57428713717378
30	45.46930253840172
31	45.54480912865517
32	45.615819879346745
33	45.53493355374727
34	45.39523046191028
35	45.69797679760988
36	45.575352710384664
37	45.555821999965424
38	45.69495029504665
39	45.46472246091145
40	45.461384147464514
41	45.646076390432135
42	45.503961256825974
43	45.49033766177548
44	45.788279707972634
45	45.49574804629383
46	45.56756782962797
47	45.52915938640356
48	45.063525829857724
49	44.63798027453327
50	44.60132117906894
>>END_MODULE
>>Per sequence GC content	pass
#GC Content	Count
0	2123.0
1	2090.5
2	1832.0
3	1749.0
4	1952.0
5	2333.0
6	2743.0
7	3477.5
8	4256.5
9	5645.5
10	7216.5
11	10472.5
12	13910.5
13	19835.0
14	26772.0
15	38052.5
16	50074.0
17	69075.5
18	89522.5
19	116120.5
20	143647.5
21	179183.5
22	216185.5
23	261578.5
24	309204.0
25	354295.0
26	405562.0
27	465468.5
28	529011.5
29	598384.0
30	668808.5
31	740433.0
32	815855.0
33	893182.5
34	971555.0
35	1042079.0
36	1109529.0
37	1163731.5
38	1207659.5
39	1239291.5
40	1267879.5
41	1284652.0
42	1299986.0
43	1301442.0
44	1295958.5
45	1273868.0
46	1251822.0
47	1226282.0
48	1199815.0
49	1172175.0
50	1143889.5
51	1118252.5
52	1088973.5
53	1057462.5
54	1028466.5
55	997954.5
56	962370.5
57	918623.5
58	872339.5
59	815752.0
60	757668.5
61	695590.5
62	631776.5
63	576655.0
64	513035.5
65	454781.0
66	398156.0
67	346446.0
68	296201.0
69	251553.5
70	212039.5
71	178836.5
72	149031.0
73	122683.0
74	98636.5
75	81299.0
76	68369.5
77	55902.0
78	44430.0
79	36002.5
80	28627.5
81	22914.5
82	18168.5
83	14693.5
84	11571.5
85	9265.5
86	7261.0
87	5641.0
88	4483.5
89	3508.5
90	2643.5
91	2119.0
92	1698.0
93	1409.0
94	1134.5
95	985.0
96	854.0
97	741.5
98	657.5
99	786.0
100	906.0
>>END_MODULE
>>Per base N content	pass
#Base	N-Count
1	0.0
2	8.11726068407704E-4
3	0.0
4	1.7498286504597212E-4
5	0.0015797064205539152
6	0.002585857894568255
7	0.0014873543528907632
8	0.001127667352518487
9	0.001866483893823703
10	0.0016040095962547444
11	0.0024157356646624484
12	0.012807773594337128
13	0.001890787069524532
14	0.004743979896801911
15	0.019967489155801488
16	0.0032906499898923093
17	0.006537554263523125
18	0.0030719214085848444
19	0.010518414443318991
20	0.01770243318048418
21	0.006036444657646763
22	0.014365200290127392
23	0.0191464418773705
24	0.009664218154267934
25	0.015387463204661507
26	0.007405124649105287
27	0.012379887103448185
28	0.03824914923173537
29	0.01348852568895352
30	0.01169895742423196
31	0.026879036429025963
32	0.02768094147263494
33	0.010286523251161788
34	0.029673798272805457
35	0.01842280267958702
36	0.01181339698557119
37	0.024766425027708087
38	0.02061426236132804
39	0.014647177904185594
40	0.006888902118058659
41	0.020622287371250346
42	0.008041524855033897
43	0.012188415774966077
44	0.02975866685996567
45	0.01296156245119209
46	0.016353342408885606
47	0.011790181592418882
48	0.004731796192074415
49	0.004891302765494706
50	0.005898064317290082
>>END_MODULE
>>Sequence Length Distribution	warn
#Length	Count
20	14984.0
21	15759.0
22	16693.0
23	17364.0
24	17936.0
25	18398.0
26	19780.0
27	20702.0
28	21887.0
29	23508.0
30	24839.0
31	26302.0
32	27166.0
33	27607.0
34	28442.0
35	29273.0
36	30143.0
37	31861.0
38	34055.0
39	36460.0
40	39162.0
41	42479.0
42	47066.0
43	61492.0
44	103089.0
45	198556.0
46	548691.0
47	1191837.0
48	2401907.0
49	3197746.0
50	1.2258259E7
>>END_MODULE
>>Sequence Duplication Levels	warn
#Total Duplicate Percentage	36.24218207943155
#Duplication Level	Relative count
1	100.0
2	23.28738577426525
3	10.404575203754014
4	5.689676463324278
5	3.338015559397382
6	2.2065633489750556
7	1.510403803408249
8	1.143029142998271
9	0.860551988145221
10++	5.9188997283279825
>>END_MODULE
>>Overrepresented sequences	pass
>>END_MODULE
>>Kmer Content	warn
#Sequence	Count	Obs/Exp Overall	Obs/Exp Max	Max Obs/Exp Position
AAAAA	4732350	3.5869284	4.2813444	46
TTTTT	4542195	3.2058697	3.5790431	13
>>END_MODULE
