##FastQC	0.10.1
>>Basic Statistics	pass
#Measure	Value	
Filename	018-F5_S4_L001_R2_001.fastq.gz	
File type	Conventional base calls	
Encoding	Sanger / Illumina 1.9	
Total Sequences	16465535	
Filtered Sequences	0	
Sequence length	35-75	
%GC	46	
>>END_MODULE
>>Per base sequence quality	pass
#Base	Mean	Median	Lower Quartile	Upper Quartile	10th Percentile	90th Percentile
1	31.538051451106814	32.0	32.0	32.0	32.0	32.0
2	31.39302846825202	32.0	32.0	32.0	32.0	32.0
3	31.43576664833545	32.0	32.0	32.0	32.0	32.0
4	31.457720140888224	32.0	32.0	32.0	32.0	32.0
5	31.44093672024626	32.0	32.0	32.0	32.0	32.0
6	35.20574047548409	36.0	36.0	36.0	36.0	36.0
7	35.191237454476884	36.0	36.0	36.0	36.0	36.0
8	35.1537289252976	36.0	36.0	36.0	36.0	36.0
9	35.21535419286406	36.0	36.0	36.0	36.0	36.0
10	35.104230746222335	36.0	36.0	36.0	36.0	36.0
11	35.204235331557705	36.0	36.0	36.0	36.0	36.0
12	35.128839542717564	36.0	36.0	36.0	36.0	36.0
13	35.149797744197194	36.0	36.0	36.0	36.0	36.0
14	35.10249463500578	36.0	36.0	36.0	36.0	36.0
15	35.08467486783758	36.0	36.0	36.0	36.0	36.0
16	35.095051147745885	36.0	36.0	36.0	36.0	36.0
17	35.08475193791152	36.0	36.0	36.0	36.0	36.0
18	35.069080354813856	36.0	36.0	36.0	36.0	36.0
19	35.06311638218861	36.0	36.0	36.0	36.0	36.0
20	35.04986397344514	36.0	36.0	36.0	36.0	36.0
21	35.04351477191601	36.0	36.0	36.0	36.0	36.0
22	35.032877583388576	36.0	36.0	36.0	36.0	36.0
23	35.01615386320578	36.0	36.0	36.0	36.0	36.0
24	35.00673151525292	36.0	36.0	36.0	36.0	36.0
25	34.9940917801942	36.0	36.0	36.0	36.0	36.0
26	34.97344665691094	36.0	36.0	36.0	36.0	36.0
27	34.96042697671226	36.0	36.0	36.0	36.0	36.0
28	34.94986570433333	36.0	36.0	36.0	36.0	36.0
29	34.93422618821678	36.0	36.0	36.0	36.0	36.0
30	34.920880372244206	36.0	36.0	36.0	36.0	36.0
31	34.9069012941274	36.0	36.0	36.0	36.0	36.0
32	34.89160412947408	36.0	36.0	36.0	36.0	36.0
33	34.88764410023725	36.0	36.0	36.0	36.0	36.0
34	34.87581010881213	36.0	36.0	36.0	36.0	36.0
35	34.86756488629128	36.0	36.0	36.0	36.0	36.0
36	34.86334509349747	36.0	36.0	36.0	36.0	36.0
37	34.85201037829541	36.0	36.0	36.0	36.0	36.0
38	34.83858236451514	36.0	36.0	36.0	36.0	36.0
39	34.81210131482138	36.0	36.0	36.0	36.0	36.0
40	34.821013037396554	36.0	36.0	36.0	36.0	36.0
41	34.804469642285845	36.0	36.0	36.0	36.0	36.0
42	34.79554273370184	36.0	36.0	36.0	36.0	36.0
43	34.7850835664427	36.0	36.0	36.0	36.0	36.0
44	34.768963879077035	36.0	36.0	36.0	36.0	36.0
45	34.75825643494065	36.0	36.0	36.0	36.0	36.0
46	34.73833707699591	36.0	36.0	36.0	36.0	36.0
47	34.72969710552145	36.0	36.0	36.0	36.0	36.0
48	34.715637406037494	36.0	36.0	36.0	36.0	36.0
49	34.70798332256988	36.0	36.0	36.0	36.0	36.0
50	34.68513352676529	36.0	36.0	36.0	36.0	36.0
51	34.67090239668813	36.0	36.0	36.0	36.0	36.0
52	34.6532479616777	36.0	36.0	36.0	36.0	36.0
53	34.625338101837826	36.0	36.0	36.0	36.0	36.0
54	34.6083462923347	36.0	36.0	36.0	32.0	36.0
55	34.56835174360538	36.0	36.0	36.0	32.0	36.0
56	34.5629027335215	36.0	36.0	36.0	32.0	36.0
57	34.55360883964733	36.0	36.0	36.0	32.0	36.0
58	34.53008866691044	36.0	36.0	36.0	32.0	36.0
59	34.509255524684136	36.0	36.0	36.0	32.0	36.0
60	34.49829152873605	36.0	36.0	36.0	32.0	36.0
61	34.46942432139358	36.0	36.0	36.0	32.0	36.0
62	34.444242558781575	36.0	36.0	36.0	32.0	36.0
63	34.424189361747636	36.0	36.0	36.0	32.0	36.0
64	34.38952600546553	36.0	36.0	36.0	32.0	36.0
65	34.38065708918092	36.0	36.0	36.0	32.0	36.0
66	34.35403361736489	36.0	36.0	36.0	32.0	36.0
67	34.3302979038429	36.0	36.0	36.0	32.0	36.0
68	34.305143394576824	36.0	36.0	36.0	32.0	36.0
69	34.29320998568222	36.0	36.0	36.0	32.0	36.0
70	34.26972405396117	36.0	36.0	36.0	32.0	36.0
71	34.243669919997295	36.0	36.0	36.0	32.0	36.0
72	34.2248521264806	36.0	36.0	36.0	32.0	36.0
73	34.19119974019109	36.0	36.0	36.0	32.0	36.0
74	34.13896397433037	36.0	36.0	36.0	32.0	36.0
75	33.21242989916208	36.0	36.0	36.0	21.0	36.0
>>END_MODULE
>>Per sequence quality scores	pass
#Quality	Count
2	12661.0
3	77.0
4	1763.0
5	2514.0
6	1177.0
7	380.0
8	333.0
9	140.0
10	100.0
11	175.0
12	216.0
13	238.0
14	765.0
15	1825.0
16	3255.0
17	5277.0
18	7691.0
19	10681.0
20	15409.0
21	22507.0
22	32014.0
23	45450.0
24	64415.0
25	87489.0
26	116321.0
27	151548.0
28	192405.0
29	239567.0
30	299911.0
31	381822.0
32	515905.0
33	789291.0
34	1757922.0
35	1.1704291E7
>>END_MODULE
>>Per base sequence content	fail
#Base	G	A	T	C
1	45.260214871760994	17.367563685692133	11.022341098189473	26.349880344357402
2	17.096632920446996	19.27524701405565	36.3104396740704	27.31768039142695
3	20.0734612050677	20.483622132824667	28.635815999893016	30.80710066221462
4	13.751407125407733	14.24519334591432	35.77570574469413	36.22769378398382
5	15.243267325258309	34.27423381512613	35.12984579814299	15.352653061472571
6	35.179144105986204	34.34261981521207	16.303778135346274	14.174457943455456
7	31.00695380450391	29.431840042742145	20.273654286416757	19.287551866337186
8	26.942749808517625	33.905979113223836	19.988584003015085	19.162687075243458
9	25.059181539238622	15.270214180721819	20.04162299652623	39.62898128351333
10	14.68881725069011	26.84415400602283	34.68521318349298	23.781815559794076
11	34.64294856321507	22.32874621734697	23.607579351350626	19.42072586808733
12	22.47803579988895	23.98065875940059	30.93862160431387	22.602683836396594
13	28.312084334732475	20.279551804512945	25.890180090097342	25.518183770657238
14	20.618142157470505	20.46603701685184	27.09531595822195	31.820504867455707
15	23.09934084911282	29.284924659783286	23.04542911695672	24.57030537414718
16	23.071687833392733	28.15611078959695	25.50029775447579	23.271903622534527
17	22.001185286875664	27.89958068622102	27.336611986502373	22.76262204040094
18	22.363771141477095	27.394325300083857	27.965754045256276	22.276149513182773
19	22.972845934077586	26.839580397332437	27.395101765419266	22.79247190317071
20	22.891913328672356	26.7996247460599	27.618064851650093	22.69039707361765
21	22.637480537046773	26.491713825905517	27.299535078191727	23.571270558855982
22	22.68915156430326	26.603720887977676	27.517156679276134	23.18997086844293
23	22.561230421954168	26.685329509548517	27.4563256638718	23.297114404625514
24	22.81265575411811	26.26368659857209	27.79686658897356	23.126791058336234
25	22.86241945519855	26.38285563590299	27.33694316087386	23.4177817480246
26	22.34170668531281	26.857526119429988	27.562746624212554	23.23802057104465
27	22.458084007842853	26.805791121405875	27.51090967511412	23.22521519563715
28	22.50932407850227	26.718064240541278	27.43076756164522	23.34184411931123
29	22.401494924675987	26.801974176362187	27.547040255925264	23.24949064303656
30	22.436675485087648	26.846956276479666	27.54860484869028	23.1677633897424
31	22.99939624425982	26.717061135012145	27.212185843898247	23.07135677682979
32	22.272667537472703	27.016257647501618	27.626500956076434	23.08457385894925
33	22.43885794874639	26.83633515958011	27.78407769673017	22.94072919494333
34	22.47877533010072	26.589502891984417	27.901562338087547	23.030159439827315
35	22.368304866434848	26.89122737881956	27.756825426942665	22.983642327802933
36	22.450535219330114	27.130563763387933	27.73761459330465	22.6812864239773
37	22.568386584727936	26.80958759305051	27.353429422742686	23.268596399478866
38	22.467610722088725	27.30399819487555	27.32958052763379	22.898810555401937
39	22.677827012848947	26.98656959576356	27.559736989818912	22.77586640156858
40	22.806714033874535	26.69085957359773	27.53559236605534	22.966834026472394
41	22.74912773342118	26.87822872925061	27.57840502487914	22.794238512449073
42	22.48039207741773	27.177227447149587	27.607956214390395	22.73442426104229
43	22.559900210959523	26.917515881388493	27.530251112713504	22.992332794938484
44	22.40003370433095	27.289941933803057	27.566740580849757	22.74328378101623
45	22.526904927950138	27.153571601123826	27.42030275242342	22.899220718502615
46	22.638062353681754	27.037591620748724	27.33905038749045	22.985295638079076
47	22.657675203865892	27.15041401012865	27.44670525769472	22.745205528310734
48	22.41653484201732	27.170430889197068	27.413653250227117	22.999381018558502
49	22.76814469504849	26.9271869065353	27.38799281455609	22.916675583860123
50	22.526386027549393	27.29045356784915	27.368390519939094	22.81476988466237
51	22.596068078959323	27.24874352856044	27.38272101370438	22.77246737877585
52	22.60781031342884	27.26061614299804	27.268480520189016	22.86309302338411
53	22.492485484165254	27.024563389973338	27.581515487381246	22.901435638480162
54	22.624634516883173	27.446131881057433	27.374714616463315	22.554518985596076
55	22.619949865147795	26.988069645917534	27.36382902321371	23.02815146572096
56	22.72425391836782	27.289253398808295	27.17490723755338	22.81158544527051
57	22.56505028978991	27.20697959460209	27.282928571868514	22.945041543739492
58	22.641872333707852	27.131430396747973	27.193645421839946	23.03305184770423
59	22.56525223576404	27.21579946299811	27.269213231182356	22.949735070055493
60	22.590244127350132	27.164283638509517	27.481746722494186	22.763725511646165
61	22.85690011803874	27.147963503777905	27.225577254981747	22.769559123201606
62	22.75364528734622	27.265230718824213	27.30661356642387	22.674510427405693
63	22.722844685622775	27.407895478838917	27.1722163952118	22.69704344032651
64	22.77081357203368	27.106120695246528	27.083860888071253	23.039204844648538
65	22.670581776571954	27.32446585328342	27.25274358817384	22.752208781970783
66	22.687664023023757	27.601497531219444	27.002699389500055	22.708139056256744
67	22.836048865539393	27.17624733070203	27.06225868987882	22.92544511387975
68	22.787733156842187	27.490142239717397	27.252877020529038	22.46924758291138
69	23.05098111072918	27.3125443412502	27.183045502819525	22.4534290452011
70	23.224831197838167	27.08988788870067	27.03284426966467	22.652436643796495
71	22.93338585530047	27.533023564511815	26.94866632348622	22.58492425670149
72	22.868670878353704	27.671104566086434	27.21551067745886	22.244713878101
73	23.678007990443625	28.26217802483612	27.16382698880107	20.895986995919184
74	24.81000470448805	30.65164155415023	27.40288002416438	17.135473717197343
75	30.253087605717532	41.08500924449148	28.661903149790984	0.0
>>END_MODULE
>>Per base GC content	fail
#Base	%GC
1	71.6100952161184
2	44.41431331187395
3	50.88056186728232
4	49.97910090939155
5	30.595920386730878
6	49.35360204944166
7	50.2945056708411
8	46.10543688376108
9	64.68816282275195
10	38.47063281048419
11	54.0636744313024
12	45.080719636285544
13	53.83026810538971
14	52.43864702492621
15	47.669646223259996
16	46.34359145592726
17	44.76380732727661
18	44.63992065465987
19	45.7653178372483
20	45.582310402290005
21	46.208751095902755
22	45.879122432746186
23	45.85834482657968
24	45.93944681245434
25	46.28020120322315
26	45.57972725635746
27	45.683299203480004
28	45.8511681978135
29	45.650985567712546
30	45.60443887483005
31	46.07075302108961
32	45.35724139642195
33	45.37958714368972
34	45.50893476992803
35	45.35194719423778
36	45.13182164330741
37	45.836982984206806
38	45.366421277490666
39	45.45369341441753
40	45.773548060346926
41	45.543366245870246
42	45.21481633846002
43	45.55223300589801
44	45.14331748534718
45	45.42612564645275
46	45.623357991760834
47	45.40288073217663
48	45.41591586057582
49	45.68482027890861
50	45.341155912211754
51	45.36853545773518
52	45.470903336812945
53	45.393921122645416
54	45.179153502479245
55	45.648101330868755
56	45.535839363638324
57	45.5100918335294
58	45.67492418141208
59	45.51498730581953
60	45.3539696389963
61	45.62645924124035
62	45.42815571475192
63	45.419888125949285
64	45.81001841668222
65	45.422790558542744
66	45.3958030792805
67	45.76149397941914
68	45.256980739753566
69	45.50441015593028
70	45.87726784163466
71	45.51831011200196
72	45.11338475645471
73	44.573994986362806
74	41.94547842168539
75	30.253087605717532
>>END_MODULE
>>Per sequence GC content	warn
#GC Content	Count
0	12720.0
1	6523.0
2	574.0
3	1069.0
4	1317.5
5	1419.5
6	1456.5
7	1220.5
8	1056.5
9	968.0
10	958.0
11	1254.5
12	1484.5
13	1815.5
14	2613.5
15	3977.0
16	5168.0
17	7403.0
18	12522.5
19	19833.5
20	25352.0
21	34822.5
22	53080.0
23	75214.0
24	90866.0
25	112265.0
26	149961.5
27	190551.5
28	218075.5
29	251309.0
30	306649.5
31	364049.0
32	402540.5
33	444903.5
34	516801.5
35	587292.5
36	628332.5
37	666201.0
38	706502.5
39	729641.5
40	745403.0
41	748915.0
42	747504.0
43	744208.0
44	743338.5
45	738769.5
46	720756.0
47	699567.5
48	689027.5
49	673096.5
50	643208.0
51	614592.0
52	599006.5
53	584817.0
54	559640.5
55	532544.0
56	515790.0
57	498968.5
58	467232.0
59	431179.0
60	402366.5
61	370614.0
62	328529.5
63	286505.0
64	254564.0
65	228409.0
66	194536.0
67	160899.5
68	136879.5
69	118495.0
70	96803.0
71	75605.0
72	61456.5
73	52457.0
74	42290.0
75	33047.0
76	26903.0
77	22767.5
78	18109.0
79	13941.0
80	11350.5
81	9520.0
82	7388.5
83	5265.5
84	3989.0
85	3300.5
86	2524.0
87	1840.5
88	1547.5
89	1353.5
90	1105.0
91	935.0
92	848.0
93	824.0
94	823.5
95	790.5
96	736.0
97	765.0
98	932.5
99	3980.5
100	6890.0
>>END_MODULE
>>Per base N content	pass
#Base	N-Count
1	0.25094842044306487
2	0.15289512305552172
3	0.08912555832531405
4	0.07692431494026766
5	0.07743447145810932
6	0.07928075218934581
7	0.08132137826071245
8	0.09070461421387159
9	0.1057724513658378
10	0.10598501658160517
11	0.11384385627311835
12	0.11677118295882885
13	0.12274730216783117
14	0.11948594442877199
15	0.12228573198502204
16	0.1261908586632624
17	0.12493368724429542
18	0.127326564244648
19	0.12306311334554267
20	0.1287780810037451
21	0.12261368974649169
22	0.12439316426705843
23	0.12811609218892675
24	0.12964656174245173
25	0.12070060280458546
26	0.13204551203468334
27	0.12449641022900257
28	0.13414079773296161
29	0.14111293681013098
30	0.13086729341014428
31	0.1323916896717902
32	0.13219127103978098
33	0.12680426114304819
34	0.13035106360042356
35	0.13285325985459934
36	0.056834410846898976
37	0.06174864477622393
38	0.07553370687108643
39	0.06416611030695668
40	0.05684727356971676
41	0.07509774117070563
42	0.08060940981687584
43	0.07476390082662346
44	0.0666934797283444
45	0.07057985576057323
46	0.061946402820696155
47	0.06730635781422054
48	0.08143967015193032
49	0.050719717001213686
50	0.05422537106398177
51	0.05492771166709522
52	0.06511605113723376
53	0.06822425769641112
54	0.06313102645722646
55	0.07052650536190624
56	0.059659898611989684
57	0.06598910628862457
58	0.07555795625525846
59	0.06133911120658097
60	0.06405724942951618
61	0.05495469855251328
62	0.061104418398077204
63	0.05653348313032307
64	0.06514031865362437
65	0.062754904883697
66	0.05986265030815285
67	0.05353668625749312
68	0.07159717107456796
69	0.059794579271533796
70	0.06795044265639376
71	0.06385547011647663
72	0.05755625369980733
73	0.05686570138850338
74	0.05787436778963974
75	0.07878753662012065
>>END_MODULE
>>Sequence Length Distribution	warn
#Length	Count
35	14234.0
36	2357.0
37	3306.0
38	3937.0
39	4677.0
40	5105.0
41	5797.0
42	6433.0
43	7290.0
44	8285.0
45	9296.0
46	10036.0
47	10698.0
48	11611.0
49	12193.0
50	12443.0
51	13137.0
52	13786.0
53	14648.0
54	15862.0
55	16548.0
56	17235.0
57	18019.0
58	18716.0
59	19681.0
60	20523.0
61	20277.0
62	20910.0
63	21727.0
64	23563.0
65	24778.0
66	24562.0
67	27646.0
68	28182.0
69	35536.0
70	45664.0
71	110542.0
72	402681.0
73	1152789.0
74	3567971.0
75	1.0662854E7
>>END_MODULE
>>Sequence Duplication Levels	warn
#Total Duplicate Percentage	35.38283290458143
#Duplication Level	Relative count
1	100.0
2	24.26606898647622
3	10.094970369244795
4	5.249962011852302
5	3.045889682419085
6	1.825710378361951
7	1.2551283999392189
8	0.886643367269412
9	0.6526363774502355
10++	4.6755812186597785
>>END_MODULE
>>Overrepresented sequences	pass
>>END_MODULE
>>Kmer Content	warn
#Sequence	Count	Obs/Exp Overall	Obs/Exp Max	Max Obs/Exp Position
AAAAA	5104045	3.2952588	7.620489	71
CCTGG	2606060	2.9222858	11.841565	3
CCAGG	2485625	2.8319511	12.412065	3
CAGCA	2723690	2.7010791	6.7154937	4
TGCTG	2792890	2.6657116	7.861265	2
CCCAG	2324350	2.6653128	10.943698	2
CTGGG	2302610	2.5654414	10.451406	4
CCAGC	2211660	2.5360923	6.2397075	3
GGAGG	2199785	2.474214	5.57542	6
CTGCT	2568095	2.4669876	6.605748	9
GCTGG	2205735	2.4575088	6.811127	3
AGCAG	2477460	2.4411232	5.5731177	7
TCCAG	2491080	2.4313946	8.982028	2
GCTGC	2155030	2.4165268	5.605844	8
AGAAG	2739915	2.3348184	5.0190907	5
AGGAG	2383430	2.3333986	7.0586305	5
CTCCT	2410775	2.3308222	6.2927146	1
CAGGA	2357560	2.322982	9.930189	4
CTGGA	2379690	2.307765	8.9224615	4
CTTCT	2799595	2.303927	5.042021	1
CTCCA	2338800	2.2975101	6.4452796	1
CAGCC	1975465	2.2652495	5.312833	9
TCCTG	2335475	2.2435262	8.902065	2
GGCTG	1988480	2.2154548	8.200223	7
CCTGC	1943330	2.1932158	6.2540727	3
GGCAG	1932085	2.1871562	6.280018	7
CTGCC	1927415	2.1752543	5.67078	9
GCAGG	1906740	2.1584654	6.627822	3
CAGAG	2182410	2.1504009	7.754762	4
CTGCA	2201710	2.1489577	6.600928	4
CTCTG	2217195	2.1299028	7.718417	2
CCCTG	1880200	2.121968	9.113722	2
TGCAG	2185730	2.1196675	6.920744	2
TGGAG	2154765	2.0762258	6.392094	5
AGCTG	2135510	2.070965	5.805043	7
CAGAA	2400800	2.0590582	5.536642	4
GCCTG	1821315	2.042318	6.5216703	7
CAGGG	1787830	2.0238569	9.259572	4
GGAGA	2048840	2.0058322	5.441306	6
CTGGC	1782120	1.9983668	5.6427984	4
GCCAG	1752630	1.9968268	5.2912006	2
CACAG	2005025	1.9883802	7.033258	7
CCCCA	1694675	1.9558234	6.556272	1
TTCTG	2381950	1.9476442	5.3127475	2
CAGGC	1707830	1.9457847	5.7743635	4
CTGTG	2037520	1.9447385	8.937574	9
CTCAG	1980875	1.9334139	6.2515903	2
GGGAG	1697830	1.9096388	5.165525	7
CTGAG	1959040	1.899829	5.989798	4
CCAGA	1897335	1.8815843	6.7669816	3
CCTCT	1922200	1.8584508	5.6841354	1
GGCCA	1591250	1.8129613	6.194614	1
TCTGG	1896105	1.8097631	6.476186	3
AGAGG	1829145	1.7907487	5.1690693	5
CAGTG	1832335	1.7769536	6.4548917	9
TGGGG	1602650	1.7741234	5.925356	5
ACCTG	1816925	1.7733921	5.387392	7
CACTG	1797255	1.7541934	7.196734	7
CCTGA	1756035	1.713961	5.6425633	3
TGGCC	1519075	1.7034034	5.5381627	5
GAGAG	1731975	1.6956184	5.3548	7
ACAGA	1960015	1.6810164	5.90484	8
TCAGG	1687935	1.636918	5.853934	3
GCCCA	1415245	1.6228498	7.0110493	1
GTGTG	1665995	1.5799252	8.020261	1
CCTGT	1632920	1.5686312	5.498735	8
AGGTG	1610335	1.5516398	5.044409	7
TGTGT	1909825	1.5515794	6.5075984	10
GGCCT	1379700	1.547116	5.0021143	1
ACACA	1784460	1.5403377	6.46587	6
GGGCC	1165345	1.5253698	5.0837135	6
TGGGC	1353360	1.5078393	6.1495233	5
CACAC	1477130	1.4743308	6.5022726	5
GCTGT	1538120	1.4680796	5.3265376	8
ACAGC	1477615	1.4653486	5.478823	8
CTGTC	1509765	1.4503247	5.819309	9
CCTTG	1508735	1.4493353	5.018652	2
GACAG	1433430	1.412406	6.960882	7
GCCCT	1247700	1.4081373	6.0385475	1
GGGCT	1256295	1.3996948	5.9363394	6
AGACA	1619705	1.3891481	5.458944	6
AGGGC	1160880	1.3141377	5.5568385	5
GTCCT	1365425	1.3116674	9.514595	1
GGACA	1309285	1.2900819	6.230594	6
AGGAC	1259170	1.2407019	9.163846	5
GTGCT	1268830	1.211052	6.4616027	1
GTCCA	1229000	1.1995536	6.8808436	1
ACTGC	1226680	1.1972892	5.0751014	8
TGTGC	1220680	1.1650946	6.0665565	10
GTCTT	1418310	1.1597066	5.4882545	1
AGCAC	1158860	1.1492397	5.3023233	5
TGGAC	1123600	1.0896398	6.0538154	5
ACAGT	1270350	1.0723191	5.57182	8
GTGCA	1094960	1.0618653	5.9809895	1
ACTGT	1257365	1.0446005	6.2415514	8
GACTG	1066645	1.0344061	6.021829	7
TGCAC	1038040	1.0131689	5.343897	5
GGACC	868580	0.9896006	5.509395	6
GGACT	967195	0.93796194	5.3516555	6
TGTAG	1122810	0.9268268	5.7636943	2
CTACA	1088695	0.92491853	5.4027185	4
TAGGA	962645	0.8073658	5.787926	4
TCCTA	959505	0.8022923	5.4451375	2
GTGTA	796480	0.6574567	5.855382	1
>>END_MODULE
