##FastQC	0.10.1
>>Basic Statistics	pass
#Measure	Value	
Filename	008-F5_S2_L001_R1_001.fastq.gz	
File type	Conventional base calls	
Encoding	Sanger / Illumina 1.9	
Total Sequences	12925704	
Filtered Sequences	0	
Sequence length	35-75	
%GC	46	
>>END_MODULE
>>Per base sequence quality	pass
#Base	Mean	Median	Lower Quartile	Upper Quartile	10th Percentile	90th Percentile
1	31.521945032935925	32.0	32.0	32.0	32.0	32.0
2	31.578819227177103	32.0	32.0	32.0	32.0	32.0
3	31.659670065166278	32.0	32.0	32.0	32.0	32.0
4	31.72379639824647	32.0	32.0	32.0	32.0	32.0
5	31.713083093965327	32.0	32.0	32.0	32.0	32.0
6	35.40837814327173	36.0	36.0	36.0	36.0	36.0
7	35.426980070099084	36.0	36.0	36.0	36.0	36.0
8	35.39040225584618	36.0	36.0	36.0	36.0	36.0
9	35.46245341839795	36.0	36.0	36.0	36.0	36.0
10	35.38854332421661	36.0	36.0	36.0	36.0	36.0
11	35.44592418331721	36.0	36.0	36.0	36.0	36.0
12	35.39986967054173	36.0	36.0	36.0	36.0	36.0
13	35.423076530299625	36.0	36.0	36.0	36.0	36.0
14	35.40499132581096	36.0	36.0	36.0	36.0	36.0
15	35.375227917953254	36.0	36.0	36.0	36.0	36.0
16	35.38928262630802	36.0	36.0	36.0	36.0	36.0
17	35.38909849707219	36.0	36.0	36.0	36.0	36.0
18	35.38667642396886	36.0	36.0	36.0	36.0	36.0
19	35.374714677049695	36.0	36.0	36.0	36.0	36.0
20	35.37495033152546	36.0	36.0	36.0	36.0	36.0
21	35.357113469409484	36.0	36.0	36.0	36.0	36.0
22	35.351408789803635	36.0	36.0	36.0	36.0	36.0
23	35.33503915918236	36.0	36.0	36.0	36.0	36.0
24	35.336845172997926	36.0	36.0	36.0	36.0	36.0
25	35.32252285832942	36.0	36.0	36.0	36.0	36.0
26	35.28948659198756	36.0	36.0	36.0	36.0	36.0
27	35.27210432793448	36.0	36.0	36.0	36.0	36.0
28	35.26818972490783	36.0	36.0	36.0	36.0	36.0
29	35.25639810411874	36.0	36.0	36.0	36.0	36.0
30	35.2342588071025	36.0	36.0	36.0	36.0	36.0
31	35.220694981101225	36.0	36.0	36.0	36.0	36.0
32	35.208156012237325	36.0	36.0	36.0	36.0	36.0
33	35.20070929985709	36.0	36.0	36.0	36.0	36.0
34	35.19065499256365	36.0	36.0	36.0	36.0	36.0
35	35.17445394076795	36.0	36.0	36.0	36.0	36.0
36	35.17022618232726	36.0	36.0	36.0	36.0	36.0
37	35.15899986873414	36.0	36.0	36.0	36.0	36.0
38	35.137152177059846	36.0	36.0	36.0	36.0	36.0
39	35.130153850894416	36.0	36.0	36.0	36.0	36.0
40	35.13073550204825	36.0	36.0	36.0	36.0	36.0
41	35.1136088019844	36.0	36.0	36.0	36.0	36.0
42	35.10609064756361	36.0	36.0	36.0	36.0	36.0
43	35.087069850057816	36.0	36.0	36.0	36.0	36.0
44	35.07710892186124	36.0	36.0	36.0	36.0	36.0
45	35.0600646488894	36.0	36.0	36.0	36.0	36.0
46	35.05771493016935	36.0	36.0	36.0	36.0	36.0
47	35.05787863499321	36.0	36.0	36.0	36.0	36.0
48	35.03833629770027	36.0	36.0	36.0	36.0	36.0
49	35.02023584457685	36.0	36.0	36.0	36.0	36.0
50	35.01287312676949	36.0	36.0	36.0	36.0	36.0
51	34.9944489797697	36.0	36.0	36.0	36.0	36.0
52	34.979330437653594	36.0	36.0	36.0	36.0	36.0
53	34.967901573209346	36.0	36.0	36.0	36.0	36.0
54	34.953079504554104	36.0	36.0	36.0	36.0	36.0
55	34.93684558817847	36.0	36.0	36.0	36.0	36.0
56	34.921210971537825	36.0	36.0	36.0	36.0	36.0
57	34.918063668891236	36.0	36.0	36.0	36.0	36.0
58	34.905302584613196	36.0	36.0	36.0	36.0	36.0
59	34.88046640764361	36.0	36.0	36.0	36.0	36.0
60	34.85937276890579	36.0	36.0	36.0	36.0	36.0
61	34.84358511329352	36.0	36.0	36.0	36.0	36.0
62	34.8278478215394	36.0	36.0	36.0	36.0	36.0
63	34.80951361442134	36.0	36.0	36.0	36.0	36.0
64	34.79900200272786	36.0	36.0	36.0	36.0	36.0
65	34.76879248210704	36.0	36.0	36.0	36.0	36.0
66	34.7437802183829	36.0	36.0	36.0	36.0	36.0
67	34.72828385522409	36.0	36.0	36.0	36.0	36.0
68	34.70532620075146	36.0	36.0	36.0	32.0	36.0
69	34.694895682361846	36.0	36.0	36.0	32.0	36.0
70	34.67609286498233	36.0	36.0	36.0	32.0	36.0
71	34.65042859060897	36.0	36.0	36.0	32.0	36.0
72	34.63305877508742	36.0	36.0	36.0	32.0	36.0
73	34.59759957855725	36.0	36.0	36.0	32.0	36.0
74	34.56730041299554	36.0	36.0	36.0	32.0	36.0
75	33.941570924611504	36.0	36.0	36.0	32.0	36.0
>>END_MODULE
>>Per sequence quality scores	pass
#Quality	Count
2	3223.0
3	0.0
4	0.0
5	0.0
6	0.0
7	0.0
8	0.0
9	0.0
10	0.0
11	0.0
12	0.0
13	0.0
14	0.0
15	0.0
16	0.0
17	5.0
18	51.0
19	396.0
20	1548.0
21	4181.0
22	8051.0
23	14183.0
24	23855.0
25	38284.0
26	58607.0
27	84279.0
28	116654.0
29	155481.0
30	200802.0
31	257685.0
32	349028.0
33	530981.0
34	1204211.0
35	9874199.0
>>END_MODULE
>>Per base sequence content	fail
#Base	G	A	T	C
1	43.414948387786794	18.050027109742373	11.523923515700975	27.011100986769858
2	16.401950987585124	19.868800735710117	35.571884377311136	28.157363899393623
3	18.933810001345716	21.105529193658707	28.301082431461882	31.659578373533687
4	13.22479793160462	14.934268427247058	35.0177260852618	36.82320755588652
5	14.934554749974097	34.95775308162574	34.19425418385216	15.913437984548013
6	35.140893741628446	34.670743413834714	15.986884070128248	14.20147877440859
7	31.221953431388293	29.47044766403603	19.987949682417796	19.31964922215788
8	26.8955241644387	34.3894334222662	19.4653720133154	19.249670399979692
9	24.765492013491837	15.587393782974027	19.625387725468507	40.02172647806563
10	14.591033901627373	27.1767479253397	34.372589713256986	23.85962845977594
11	34.56222321480806	22.496485967549873	23.370621852963783	19.570668964678287
12	22.390275788671	23.959774863421977	30.64667915189878	23.003270196008238
13	28.04320879411369	20.27017761785641	25.986913329673555	25.69970025835634
14	20.612530905517144	20.321842994169064	26.96626413721856	32.099361963095234
15	22.916207347126395	29.205595489001674	23.05813369942181	24.82006346445012
16	22.995469909800594	28.35588834341396	25.277384836347206	23.37125691043824
17	21.861755779574075	27.97878928159456	27.253468580218797	22.90598635861257
18	22.35836329021513	27.540084853799527	27.740294380436175	22.361257475549166
19	22.760861968045017	27.01435055393615	27.468676939039625	22.756110538979208
20	22.725523485083627	26.940689940374448	27.553026009947473	22.780760564594456
21	22.524365127675576	26.620713767343773	27.354302564809746	23.500618540170905
22	22.568353034494766	26.582754551258486	27.518009634545066	23.33088277970168
23	22.493250328632712	26.675667002334926	27.455331526507955	23.37575114252441
24	22.642378623951174	26.437839288067604	27.706351335654823	23.213430752326396
25	22.758469654419372	26.42587896436473	27.363590565463912	23.45206081575198
26	22.253589532027082	26.864862664579707	27.533938216821056	23.347609586572148
27	22.277083641743417	26.8484040073178	27.574922079458712	23.299590271480064
28	22.415359211739833	26.71108244778035	27.523831810632576	23.34972652984724
29	22.22926425394278	26.82745559708807	27.67020880862211	23.273071340347045
30	22.342600055964976	26.897105855521218	27.5351158549269	23.22517823358691
31	22.80255129003493	26.84814800398104	27.303107578736114	23.046193127247918
32	22.206397916928484	27.01083292525817	27.662226127912525	23.120543029900816
33	22.29524655520871	26.83109381240336	27.799537875118563	23.074121757269367
34	22.33627196281882	26.564394384656463	27.954556165468876	23.14477748705584
35	22.22237441491261	26.85809669627072	27.80789516348397	23.11163372533269
36	22.347314223828135	27.173934325963945	27.721807420127025	22.7569440300809
37	22.44819487778344	26.909647297316543	27.456327788176537	23.18583003672348
38	22.336716105596494	27.296209458422293	27.437154647324686	22.929919788656527
39	22.465133002407388	27.07735209485353	27.665285804162593	22.792229098576488
40	22.571585486036028	26.811384106094632	27.587521766315078	23.029508641554266
41	22.52574089225179	27.020228132005098	27.653176830381476	22.800854145361633
42	22.34364084439224	27.184289781634746	27.65550305218303	22.816566321789985
43	22.465417297593632	26.939234865095745	27.559765532699203	23.03558230461142
44	22.326688821414056	27.301878305594418	27.608701348619725	22.762731524371798
45	22.398350019866243	27.181775391467372	27.48773027760545	22.932144311060934
46	22.478825078469246	27.16007012358378	27.424922985648227	22.936181812298752
47	22.39885273705015	27.293856331756672	27.559253658034066	22.748037273159113
48	22.301237040389626	27.237475823368623	27.48095676428766	22.980330371954093
49	22.526652821556468	27.065221598185392	27.558649885700902	22.849475694557242
50	22.407042932489755	27.30053971521843	27.490722781973265	22.80169457031855
51	22.473725129011694	27.262508727942418	27.48103703013166	22.782729112914225
52	22.53041224602213	27.207111477682837	27.367100725558167	22.89537555073686
53	22.350067523286377	27.10729150188465	27.598836090241967	22.943804884587003
54	22.49844085013967	27.40746425107425	27.46426979106495	22.629825107721132
55	22.5168667056842	27.066252429294245	27.43434056125615	22.9825403037654
56	22.577924250825493	27.370701930203957	27.284791122904096	22.766582696066457
57	22.444798471927637	27.262959409248378	27.40950864362071	22.882733475203274
58	22.45378762548548	27.131394853906336	27.38228557153693	23.03253194907125
59	22.32688314825081	27.312771360193928	27.459766866709707	22.900578624845554
60	22.44706510370676	27.247878096847266	27.544638167291403	22.760418632154575
61	22.675014427292457	27.237887692001593	27.32301009207468	22.764087788631272
62	22.583387989487143	27.375199160733132	27.341383123123407	22.700029726656318
63	22.59975427825991	27.401816621155206	27.25515997149861	22.743269129086276
64	22.601874963090424	27.14084016089855	27.2406901729974	23.016594703013627
65	22.4629803716341	27.310403648216454	27.40822412060667	22.818391859542782
66	22.541637846087152	27.468092682713515	27.17921340793326	22.811056063266072
67	22.641183524385358	27.233354064878355	27.25773930381766	22.867723106918618
68	22.59699272014661	27.520062296067998	27.37172359197821	22.511221391807187
69	22.84894013923164	27.42544005968387	27.238355788161034	22.487264012923454
70	22.934350013534903	27.16136593996555	27.194225616642576	22.710058429856975
71	22.726887532274784	27.51535655555017	27.11421354076521	22.64354237140984
72	22.724020050002768	27.63987038654995	27.319648732495494	22.31646083095179
73	23.47306845912102	28.220494595141453	27.335589084856064	20.97084786088146
74	24.638705414819906	30.65192268473409	27.5111751216002	17.198196778845805
75	30.034509573569807	41.041945485553704	28.92354494087649	0.0
>>END_MODULE
>>Per base GC content	fail
#Base	%GC
1	70.42604937455665
2	44.55931488697875
3	50.59338837487941
4	50.048005487491146
5	30.847992734522112
6	49.34237251603704
7	50.54160265354617
8	46.1451945644184
9	64.78721849155747
10	38.45066236140332
11	54.13289217948635
12	45.39354598467924
13	53.74290905247003
14	52.711892868612374
15	47.73627081157652
16	46.36672682023884
17	44.76774213818665
18	44.7196207657643
19	45.51697250702422
20	45.50628404967809
21	46.02498366784648
22	45.899235814196444
23	45.86900147115712
24	45.85580937627757
25	46.210530470171356
26	45.601199118599226
27	45.57667391322348
28	45.76508574158707
29	45.502335594289825
30	45.56777828955189
31	45.848744417282845
32	45.3269409468293
33	45.36936831247807
34	45.48104944987466
35	45.33400814024531
36	45.10425825390903
37	45.634024914506924
38	45.26663589425302
39	45.25736210098387
40	45.601094127590294
41	45.32659503761343
42	45.160207166182225
43	45.500999602205056
44	45.08942034578586
45	45.33049433092718
46	45.415006890768
47	45.14689001020926
48	45.28156741234371
49	45.37612851611371
50	45.208737502808304
51	45.25645424192592
52	45.425787796758996
53	45.29387240787338
54	45.128265957860805
55	45.4994070094496
56	45.34450694689195
57	45.327531947130915
58	45.48631957455673
59	45.227461773096366
60	45.20748373586134
61	45.439102215923725
62	45.28341771614346
63	45.34302340734619
64	45.61846966610405
65	45.28137223117688
66	45.35269390935323
67	45.50890663130398
68	45.1082141119538
69	45.33620415215509
70	45.64440844339188
71	45.370429903684624
72	45.04048088095456
73	44.44391632000248
74	41.83690219366571
75	30.034509573569807
>>END_MODULE
>>Per sequence GC content	warn
#GC Content	Count
0	3228.0
1	1615.5
2	6.5
3	18.5
4	27.0
5	45.0
6	87.5
7	143.5
8	175.5
9	253.0
10	467.5
11	851.5
12	1110.0
13	1581.0
14	2748.0
15	4619.5
16	6134.5
17	9016.5
18	15233.5
19	23295.0
20	29112.0
21	38665.0
22	56273.5
23	76294.0
24	89981.5
25	107100.5
26	136357.5
27	166633.0
28	186882.0
29	211744.5
30	251866.0
31	291298.5
32	317313.0
33	347130.0
34	397580.0
35	446424.0
36	474713.0
37	501656.5
38	532555.0
39	551840.0
40	564300.0
41	569164.0
42	568911.0
43	564975.5
44	564517.0
45	560482.5
46	546307.0
47	531263.0
48	524428.0
49	512727.5
50	489726.0
51	470283.5
52	461250.0
53	452675.0
54	436416.0
55	419170.0
56	409324.5
57	399207.0
58	377785.0
59	350143.0
60	327828.0
61	303833.5
62	270705.0
63	237206.0
64	211387.5
65	190307.0
66	162627.0
67	134426.0
68	114374.0
69	99127.5
70	80735.5
71	62850.0
72	50917.5
73	42924.0
74	34158.5
75	26571.5
76	21699.5
77	18135.0
78	14127.0
79	10697.5
80	8546.0
81	7028.5
82	5295.5
83	3632.0
84	2639.5
85	2098.5
86	1464.5
87	903.5
88	675.0
89	545.5
90	355.5
91	229.0
92	186.5
93	235.5
94	240.0
95	144.5
96	94.5
97	71.5
98	40.5
99	48.5
100	64.0
>>END_MODULE
>>Per base N content	pass
#Base	N-Count
1	0.0321065684313984
2	0.024934812061300493
3	0.024934812061300493
4	0.024934812061300493
5	0.024934812061300493
6	0.071152797557487
7	0.024934812061300493
8	0.024934812061300493
9	0.024934812061300493
10	0.02496575815135485
11	0.02497349467386844
12	0.025043123376490752
13	0.025081805989058698
14	0.025174644259221782
15	0.027147457500187225
16	0.024942548583814082
17	0.02752654710335313
18	0.025081805989058698
19	0.025344847754520762
20	0.024950285106327675
21	0.0258554582404177
22	0.026721948761939774
23	0.024934812061300493
24	0.02507406946654511
25	0.02625775741112438
26	0.027433708833190053
27	0.025105015556599473
28	0.025298428619439216
29	0.02550731472730615
30	0.025809039105336155
31	0.026745158329480545
32	0.025128225124140237
33	0.024934812061300493
34	0.026822523554616447
35	0.026992727049915427
36	0.0017954356465948056
37	0.0
38	5.650780233415928E-4
39	0.0019742439361871713
40	0.002841949874973565
41	3.2531093335192254E-4
42	5.96557198678959E-4
43	5.424825863089795E-5
44	9.690605330251565E-4
45	0.0017527590638001971
46	0.0033519644102075075
47	3.7262772960486166E-4
48	5.281722823419501E-4
49	0.0
50	6.221193444199666E-4
51	3.1126052653920076E-5
52	5.450813417099358E-5
53	5.844451102789478E-4
54	1.4817458272477774E-4
55	5.854157025195276E-4
56	6.875317446297716E-4
57	5.86537601283313E-4
58	0.001377813214716141
59	0.0
60	7.84560600559172E-6
61	8.640265680314883E-5
62	0.0
63	8.740266217485225E-4
64	0.0014034312000574618
65	0.0
66	7.51233881881678E-4
67	1.5839710994969072E-5
68	1.2692744279994958E-4
69	0.0011443304228666463
70	0.0
71	0.0
72	6.433702306160592E-5
73	1.320309361686537E-4
74	4.2821501603754447E-4
75	0.0
>>END_MODULE
>>Sequence Length Distribution	warn
#Length	Count
35	4049.0
36	1311.0
37	1774.0
38	2233.0
39	2668.0
40	2944.0
41	3329.0
42	3756.0
43	4549.0
44	5134.0
45	5992.0
46	6476.0
47	6902.0
48	7469.0
49	7849.0
50	8298.0
51	8851.0
52	9435.0
53	9973.0
54	11303.0
55	12000.0
56	12505.0
57	13039.0
58	13611.0
59	14266.0
60	14898.0
61	15230.0
62	16018.0
63	16641.0
64	18163.0
65	19176.0
66	19369.0
67	20866.0
68	21849.0
69	27355.0
70	36200.0
71	85703.0
72	316148.0
73	909050.0
74	2819766.0
75	8389556.0
>>END_MODULE
>>Sequence Duplication Levels	warn
#Total Duplicate Percentage	36.02910257287867
#Duplication Level	Relative count
1	100.0
2	25.611471199706493
3	10.236027883086706
4	5.1868044515103335
5	2.946526843585667
6	1.7770881741469977
7	1.1954261954261953
8	0.8468876115934939
9	0.6374587256940198
10++	4.4301088418735475
>>END_MODULE
>>Overrepresented sequences	pass
>>END_MODULE
>>Kmer Content	warn
#Sequence	Count	Obs/Exp Overall	Obs/Exp Max	Max Obs/Exp Position
AAAAA	4342395	3.4938142	7.502781	71
TTTTT	4243660	3.2232897	5.7740073	71
CCTGG	2092210	3.007838	12.140861	3
CCAGG	2008665	2.9211848	13.774086	3
CCCAG	1887220	2.7277703	12.161266	2
CTGGG	1831455	2.6491816	10.504497	4
CAGCA	2102260	2.628661	7.0991893	4
CCAGC	1802080	2.6047096	6.862617	3
TGCTG	2075265	2.5514278	6.9014044	2
GGAGG	1718140	2.5295463	5.8748546	6
GCTGG	1729815	2.5021603	6.343753	3
TCCAG	2008915	2.483175	9.790307	2
AGCAG	1887625	2.3748167	5.778052	7
AGGAG	1874930	2.3733714	7.6441994	5
CAGGA	1879020	2.3639908	10.709733	4
CTGCT	1921520	2.3479474	6.760157	9
CTCCA	1903210	2.3381164	7.2084303	1
CAGCC	1613885	2.332694	5.5837893	5
AGAAG	2138710	2.3277113	5.0866656	5
CTGGA	1868350	2.3236477	8.884451	4
GCTGC	1613905	2.320209	5.8443274	8
CTCCT	1905280	2.3138537	6.5099354	1
GGCTG	1567455	2.2673082	8.684444	7
TCCTG	1845465	2.2550137	9.061203	2
GGCAG	1529725	2.2383664	6.4153123	7
CCTGC	1560740	2.2300441	6.4605947	3
GCAGG	1514880	2.2166445	6.7341075	3
CTGCA	1767295	2.184514	6.6376066	4
CAGAG	1729100	2.1753767	8.349042	4
CTGCC	1516835	2.1673112	5.716488	9
TGCAG	1742105	2.1666381	6.668023	2
CCCTG	1498430	2.1410134	9.130648	2
TGGAG	1692330	2.117695	6.4986196	5
CTCTG	1724940	2.1077416	7.605879	2
GCCTG	1464740	2.105764	7.382568	7
AGCTG	1685040	2.095667	6.099556	7
CAGGG	1422515	2.0814917	9.69816	4
GGAGA	1621990	2.0531886	5.726279	6
CAGAA	1894770	2.0495923	5.5679846	4
CTGGC	1413345	2.0318766	5.6722164	4
GCCAG	1396285	2.0306056	5.558045	2
CACAG	1605300	2.0072632	7.159857	7
CAGGC	1375405	2.0002398	6.33822	4
GGGAG	1328360	1.9556894	5.282763	7
TTCTG	1863025	1.9468058	5.0888715	2
CTGTG	1582570	1.9456855	8.918197	9
CTCAG	1567950	1.9381081	6.4427013	2
CCCCA	1343020	1.9293075	7.0670037	1
CTGAG	1530580	1.9035666	5.987319	4
CCAGA	1517325	1.8972595	7.261302	3
GGCCA	1272590	1.850717	6.387688	1
CCTCT	1513740	1.838351	5.6183505	1
TCTGG	1477065	1.8159728	6.364629	3
AGAGG	1422490	1.8006523	5.4002624	5
TGGGG	1232535	1.793829	5.9595423	5
ACCTG	1448710	1.7907181	5.3561254	7
CAGTG	1426780	1.7744716	6.607906	9
CACTG	1424490	1.7607803	7.478748	7
TGGCC	1212985	1.7438318	5.7125163	5
CCTGA	1390335	1.7185621	5.6778064	3
GAGAG	1337620	1.69322	5.4970837	7
GCCCA	1163950	1.6823626	8.038512	1
ACAGA	1547130	1.6735466	5.8548703	8
TCAGG	1334835	1.6601206	5.9372034	3
AGGTG	1268835	1.587755	5.181247	7
GGCCT	1095755	1.5752978	5.1876144	6
GGGCC	929570	1.5723057	5.427173	6
TGGGC	1079535	1.5615368	6.387342	5
CCTGT	1277665	1.5612069	5.486519	8
AGGCC	1063725	1.5469663	5.1875763	5
AGCCT	1241300	1.5343432	5.3863187	6
ACAGC	1184765	1.4814273	5.8548045	8
ACACA	1363070	1.4654225	6.2044578	6
GCTGT	1188245	1.460884	5.431172	8
AGGCT	1170280	1.4554651	5.072164	6
GTGTG	1168760	1.4457773	6.622716	1
CTGTC	1175550	1.4364303	5.8520126	9
TGTGT	1362890	1.43295	5.791027	10
GCCCT	1001950	1.4316239	5.966596	1
GACAG	1137510	1.4310987	7.3837276	7
CACAC	1145255	1.4232593	6.7226124	5
GGGCT	979410	1.4167068	6.108578	6
AGACA	1279020	1.3835292	5.7654643	6
AGAGC	1088290	1.3691752	5.0665584	5
AGGGC	922965	1.3505262	5.844532	5
GGACA	1017370	1.279951	6.399218	6
GTCCT	1031515	1.2604308	7.951708	1
ACTGC	982560	1.2145205	5.278203	8
AGGAC	960560	1.2084785	8.451758	5
GTGCT	980690	1.2057061	5.856138	1
GTCCA	971635	1.2010163	6.8709583	1
AGCAC	923415	1.1546358	5.7019596	5
TGTGC	937280	1.1523359	5.719696	10
TGGAC	879605	1.0939558	6.2548947	5
ACAGT	984540	1.0527906	5.663853	8
GTGCA	844325	1.0500784	5.7575746	1
ACTGT	982040	1.0380912	6.2594805	8
GACTG	833855	1.0370569	6.2864237	7
TGCAC	827690	1.0230892	5.405805	5
AGACT	935045	0.9998645	5.475746	6
GGACC	686140	0.9978477	5.4805923	6
GGACT	758370	0.943177	5.522335	6
TGTAG	845485	0.8992459	5.1627564	2
TAGGA	717005	0.771431	5.021249	4
GTGTA	585535	0.62276685	5.5653024	1
>>END_MODULE
