##FastQC	0.10.1
>>Basic Statistics	pass
#Measure	Value	
Filename	KS28_S3_L002_R2_001.fastq.gz	
File type	Conventional base calls	
Encoding	Sanger / Illumina 1.9	
Total Sequences	23151097	
Filtered Sequences	0	
Sequence length	35-75	
%GC	45	
>>END_MODULE
>>Per base sequence quality	pass
#Base	Mean	Median	Lower Quartile	Upper Quartile	10th Percentile	90th Percentile
1	31.427583496367365	32.0	32.0	32.0	32.0	32.0
2	31.229922150125326	32.0	32.0	32.0	32.0	32.0
3	31.290037228041506	32.0	32.0	32.0	32.0	32.0
4	31.327906232693856	32.0	32.0	32.0	32.0	32.0
5	31.307935645554938	32.0	32.0	32.0	32.0	32.0
6	35.038874874914136	36.0	36.0	36.0	36.0	36.0
7	35.032849890439316	36.0	36.0	36.0	36.0	36.0
8	34.9707798727637	36.0	36.0	36.0	36.0	36.0
9	35.06935779328297	36.0	36.0	36.0	36.0	36.0
10	34.91484805234067	36.0	36.0	36.0	36.0	36.0
11	35.04652703930185	36.0	36.0	36.0	36.0	36.0
12	34.9556197272207	36.0	36.0	36.0	36.0	36.0
13	34.99586097367222	36.0	36.0	36.0	36.0	36.0
14	34.94113643945252	36.0	36.0	36.0	36.0	36.0
15	34.911474432507454	36.0	36.0	36.0	36.0	36.0
16	34.91782298696256	36.0	36.0	36.0	36.0	36.0
17	34.90401111446253	36.0	36.0	36.0	36.0	36.0
18	34.89447096178639	36.0	36.0	36.0	36.0	36.0
19	34.891309858880554	36.0	36.0	36.0	36.0	36.0
20	34.876094467575335	36.0	36.0	36.0	36.0	36.0
21	34.86056496588477	36.0	36.0	36.0	36.0	36.0
22	34.85669767614036	36.0	36.0	36.0	36.0	36.0
23	34.83779287003117	36.0	36.0	36.0	36.0	36.0
24	34.832298054817876	36.0	36.0	36.0	36.0	36.0
25	34.812630001939	36.0	36.0	36.0	36.0	36.0
26	34.79691251779559	36.0	36.0	36.0	36.0	36.0
27	34.78752363224948	36.0	36.0	36.0	36.0	36.0
28	34.78176990921855	36.0	36.0	36.0	36.0	36.0
29	34.76192039625595	36.0	36.0	36.0	36.0	36.0
30	34.742980861770825	36.0	36.0	36.0	32.0	36.0
31	34.73481606508754	36.0	36.0	36.0	32.0	36.0
32	34.71882814019569	36.0	36.0	36.0	32.0	36.0
33	34.70568846046475	36.0	36.0	36.0	32.0	36.0
34	34.69293524190236	36.0	36.0	36.0	32.0	36.0
35	34.67876818104991	36.0	36.0	36.0	32.0	36.0
36	34.66297897216	36.0	36.0	36.0	32.0	36.0
37	34.65590655090018	36.0	36.0	36.0	32.0	36.0
38	34.63879419604417	36.0	36.0	36.0	32.0	36.0
39	34.626843892509136	36.0	36.0	36.0	32.0	36.0
40	34.617111840896186	36.0	36.0	36.0	32.0	36.0
41	34.602961259975416	36.0	36.0	36.0	32.0	36.0
42	34.59762060014132	36.0	36.0	36.0	32.0	36.0
43	34.57790068894396	36.0	36.0	36.0	32.0	36.0
44	34.553188984073536	36.0	36.0	36.0	32.0	36.0
45	34.53452557670784	36.0	36.0	36.0	32.0	36.0
46	34.514700038170425	36.0	36.0	36.0	32.0	36.0
47	34.50144628898083	36.0	36.0	36.0	32.0	36.0
48	34.475331799969645	36.0	36.0	36.0	32.0	36.0
49	34.45205758519981	36.0	36.0	36.0	32.0	36.0
50	34.42704275079325	36.0	36.0	36.0	32.0	36.0
51	34.41514382209045	36.0	36.0	36.0	32.0	36.0
52	34.386082714794874	36.0	36.0	36.0	32.0	36.0
53	34.35951791588133	36.0	36.0	36.0	32.0	36.0
54	34.32481845822522	36.0	36.0	36.0	32.0	36.0
55	34.30097546824257	36.0	36.0	36.0	32.0	36.0
56	34.28530821561881	36.0	36.0	36.0	32.0	36.0
57	34.25185765840784	36.0	36.0	36.0	32.0	36.0
58	34.22956858796813	36.0	36.0	36.0	32.0	36.0
59	34.192892094069364	36.0	36.0	36.0	32.0	36.0
60	34.16318545765553	36.0	36.0	36.0	32.0	36.0
61	34.13257283539646	36.0	36.0	36.0	32.0	36.0
62	34.1059290521877	36.0	36.0	36.0	32.0	36.0
63	34.095732249506604	36.0	36.0	36.0	32.0	36.0
64	34.05740477121668	36.0	36.0	36.0	32.0	36.0
65	34.021421616315344	36.0	36.0	36.0	32.0	36.0
66	33.984441141703215	36.0	36.0	36.0	32.0	36.0
67	33.964478033328284	36.0	36.0	36.0	32.0	36.0
68	33.935439707563845	36.0	36.0	36.0	32.0	36.0
69	33.91323110246548	36.0	36.0	36.0	32.0	36.0
70	33.88474802437456	36.0	36.0	36.0	32.0	36.0
71	33.85850322956796	36.0	36.0	36.0	32.0	36.0
72	33.83824574010328	36.0	36.0	36.0	27.0	36.0
73	33.81037269254907	36.0	36.0	36.0	27.0	36.0
74	33.75329438758108	36.0	36.0	36.0	27.0	36.0
75	32.721546549817255	36.0	32.0	36.0	14.0	36.0
>>END_MODULE
>>Per sequence quality scores	pass
#Quality	Count
2	7273.0
3	0.0
4	0.0
5	0.0
6	0.0
7	0.0
8	0.0
9	0.0
10	0.0
11	0.0
12	0.0
13	1.0
14	1702.0
15	4780.0
16	7872.0
17	11921.0
18	16094.0
19	20972.0
20	26820.0
21	35323.0
22	48866.0
23	68546.0
24	98216.0
25	136961.0
26	187591.0
27	248533.0
28	320878.0
29	406976.0
30	515638.0
31	670032.0
32	923233.0
33	1455604.0
34	3253473.0
35	1.4683792E7
>>END_MODULE
>>Per base sequence content	fail
#Base	G	A	T	C
1	44.749345175389536	18.04853210709462	11.418380391942435	25.783742325573417
2	17.011351434819925	19.674118552950034	36.52475790322065	26.78977210900939
3	19.897093731068708	21.335745588488606	28.948937837602433	29.818222842840253
4	13.614495563034227	14.699272511828681	36.49661005583194	35.18962186930516
5	15.116272990477306	34.674221357309726	35.27900622228006	14.930499429932906
6	34.378826074723	35.255487597900846	16.527139162482396	13.838547164893752
7	30.337060980069673	29.998517098989346	20.886531110848406	18.777890810092575
8	26.705599731487762	34.45453957824775	20.16824877340927	18.671611916855227
9	24.938061229639494	15.775011942710936	20.290830071988104	38.99609675566147
10	14.316303131237085	27.565194066460236	34.992890543930855	23.125612258371824
11	34.15040228442802	22.89466511670673	23.83877876015649	19.11615383870876
12	21.991301005399972	24.451884010179132	31.2687090949188	22.2881058895021
13	27.730464939588202	20.85145911928815	26.424557151834545	24.993518789289098
14	20.48036659801768	20.720845440234942	27.565319369867314	31.233468591880065
15	22.751222961253077	29.534574753074516	23.518883482694992	24.195318802977418
16	22.66511791655519	28.93679108517244	25.511173088768736	22.88691790950363
17	21.513307394663908	28.318116314745566	27.687740798581945	22.48083549200858
18	21.93646996278575	28.122962739433206	28.095318215347646	21.845249082433398
19	22.32510496104706	27.570292618886143	27.95050636403042	22.154096056036373
20	22.389160926906463	27.412077623818774	28.011265554041543	22.187495895233216
21	22.314112827681374	27.124869252375927	27.766275789169498	22.794742130773205
22	22.162042020367938	27.026674589298636	28.064657767877943	22.746625622455475
23	22.22033835030892	27.131190593222627	27.800928662437112	22.84754239403134
24	22.228448505311825	26.981803007143508	28.07893371467049	22.71081477287418
25	22.430005516806556	26.97459158002584	27.70287658599547	22.89252631717213
26	22.00912001404781	27.244387098692073	27.895057445995096	22.85143544126502
27	22.018738130742786	27.285620561234825	27.963041025545305	22.73260028247709
28	22.18225907697881	27.168539650145973	27.95501728668521	22.69418398619001
29	21.87635889384572	27.38514603291142	28.116459924686605	22.622035148556265
30	22.083550237851792	27.45101673776987	27.89956404784274	22.565868976535597
31	22.393261372882893	27.469907306588574	27.731467366844818	22.405363953683715
32	21.890133627009952	27.53959328415218	28.054482267061832	22.515790821776037
33	22.014581514273527	27.327847809419914	28.15270285498196	22.504867821324602
34	22.011842122546387	27.11444314474566	28.313289973169514	22.560424759538442
35	21.94106298077621	27.36338212734421	28.141892195516178	22.553662696363403
36	22.071170745238035	27.75017448046607	27.95736449735301	22.221290276942877
37	22.18315769784103	27.49023341270612	27.81850622644791	22.50810266300494
38	22.07762587969099	27.77076590345187	27.848464493183993	22.30314372367314
39	22.090198713833765	27.655120896218992	28.04136165194781	22.21331873799943
40	22.081497318625924	27.447476430521405	28.010675928930773	22.460350321921897
41	22.09724560801415	27.5746134399985	28.041524513069305	22.286616438918042
42	22.012766339627053	27.64293636632188	28.068703206950396	22.27559408710067
43	22.154008805506287	27.41297311799602	27.93486204709705	22.498156029400647
44	22.04245809746079	27.737107790777387	28.008388652332826	22.212045459428996
45	22.10263157176123	27.689106767590477	27.900599794449565	22.30766186619873
46	22.23108812780019	27.774621605988294	27.760534849174768	22.233755417036743
47	22.017512046187857	27.86141959427008	27.940121080076885	22.18094727946518
48	21.948392389113945	27.75946296227539	27.899849768573254	22.392294880037415
49	22.128401221900344	27.638138218524368	27.968313434750456	22.26514712482483
50	22.089037610963903	27.752156134753704	27.925426204188714	22.23338005009368
51	22.167705793016616	27.752354604053735	27.869467928374046	22.210471674555603
52	22.156174813105775	27.70669335061937	27.850584440233657	22.286547396041204
53	22.06139956494414	27.680399616419983	27.970342418085743	22.287858400550135
54	22.203236748656632	27.910620836182314	27.83409632456374	22.05204609059731
55	22.191679832777872	27.739060542221388	27.77152026055801	22.29773936444273
56	22.27208874158142	27.90470702783725	27.71282863703364	22.110375593547698
57	22.05925966304142	27.804549167000726	27.873706746053223	22.262484423904635
58	22.04128545330769	27.623236572308446	27.94470719332447	22.390770781059395
59	21.9658323342352	27.792178994897633	27.94174560813293	22.300243062734246
60	22.123736744024626	27.815277803744287	27.887967933659624	22.173017518571466
61	22.30247982096648	27.843048402748277	27.72646238543445	22.1280093908508
62	22.201641558178338	27.9573874692375	27.71384733072619	22.127123641857974
63	22.17620703592885	27.971363942464205	27.748099675504573	22.10432934610237
64	22.233480713613474	27.712686180082045	27.717103752869164	22.336729353435317
65	22.059539918928674	27.81015379430673	27.900033899279276	22.230272387485318
66	22.160308103907266	27.850991161286842	27.69100223067653	22.29769850412936
67	22.15480462247676	27.818995593646555	27.75328032936517	22.272919454511513
68	22.188481513847236	28.032110841729253	27.792207400703074	21.98720024372044
69	22.425535765441236	27.974595552969678	27.65748396837347	21.942384713215617
70	22.44774834773819	27.770814592974872	27.65686550275037	22.124571556536566
71	22.318692333842655	28.032006749493306	27.59230933845528	22.056991578208763
72	22.304147304044033	28.174254803193616	27.807668586375588	21.713929306386763
73	22.93717436896707	28.737487678981278	27.8637867798087	20.46155117224295
74	24.167519393639335	31.103624931680002	27.988098882348915	16.740756792331744
75	29.3706028627878	41.268264246846314	29.361132890365887	0.0
>>END_MODULE
>>Per base GC content	fail
#Base	%GC
1	70.53308750096295
2	43.80112354382932
3	49.71531657390896
4	48.80411743233938
5	30.04677242041021
6	48.217373239616755
7	49.114951790162245
8	45.377211648342985
9	63.934157985300956
10	37.44191538960891
11	53.26655612313678
12	44.27940689490207
13	52.7239837288773
14	51.71383518989775
15	46.946541764230496
16	45.55203582605883
17	43.994142886672485
18	43.78171904521915
19	44.47920101708343
20	44.576656822139675
21	45.10885495845457
22	44.90866764282341
23	45.06788074434026
24	44.93926327818601
25	45.322531833978694
26	44.86055545531283
27	44.75133841321987
28	44.87644306316882
29	44.49839404240198
30	44.649419214387386
31	44.79862532656661
32	44.405924448785996
33	44.519449335598125
34	44.572266882084826
35	44.49472567713961
36	44.292461022180916
37	44.691260360845966
38	44.380769603364136
39	44.303517451833194
40	44.54184764054782
41	44.383862046932194
42	44.28836042672772
43	44.652164834906934
44	44.25450355688979
45	44.41029343795996
46	44.46484354483694
47	44.19845932565303
48	44.34068726915136
49	44.39354834672517
50	44.322417661057585
51	44.378177467572215
52	44.44272220914698
53	44.349257965494274
54	44.25528283925394
55	44.489419197220606
56	44.38246433512912
57	44.321744086946055
58	44.43205623436708
59	44.26607539696944
60	44.29675426259609
61	44.430489211817275
62	44.328765200036315
63	44.28053638203122
64	44.57021006704879
65	44.28981230641399
66	44.45800660803663
67	44.42772407698828
68	44.17568175756767
69	44.367920478656856
70	44.57231990427476
71	44.375683912051414
72	44.018076610430796
73	43.39872554121003
74	40.90827618597108
75	29.3706028627878
>>END_MODULE
>>Per sequence GC content	warn
#GC Content	Count
0	7368.0
1	3766.5
2	229.5
3	371.5
4	449.0
5	534.5
6	791.0
7	1184.5
8	1409.0
9	1695.0
10	2564.0
11	4046.5
12	4985.5
13	6165.5
14	9120.5
15	13918.0
16	17800.5
17	24674.0
18	39661.5
19	58367.5
20	71069.5
21	91655.0
22	130379.5
23	173758.5
24	202572.0
25	239454.0
26	302072.5
27	364609.5
28	404974.0
29	454199.0
30	530586.5
31	601973.5
32	648118.0
33	697124.5
34	778112.5
35	852480.0
36	895077.5
37	935829.5
38	981127.5
39	1011682.5
40	1031946.5
41	1036282.0
42	1027943.5
43	1013911.5
44	1007471.0
45	990937.5
46	955014.0
47	916592.0
48	895648.5
49	870785.5
50	827265.0
51	787288.0
52	764634.0
53	747836.5
54	718820.5
55	689742.5
56	673103.0
57	653766.5
58	617136.0
59	571559.0
60	532602.0
61	489295.0
62	433667.0
63	381474.0
64	342592.5
65	309910.0
66	264381.5
67	217857.0
68	185737.5
69	161897.5
70	132766.0
71	104032.5
72	84260.0
73	70979.0
74	56346.0
75	43325.5
76	35101.5
77	29626.5
78	23474.5
79	17682.0
80	14160.0
81	12000.5
82	9362.5
83	6714.0
84	5112.5
85	4327.5
86	3381.0
87	2521.5
88	2215.0
89	1972.0
90	1647.5
91	1473.0
92	1405.5
93	1398.0
94	1347.0
95	1351.0
96	1403.5
97	1411.0
98	1765.0
99	9903.0
100	17694.0
>>END_MODULE
>>Per base N content	pass
#Base	N-Count
1	0.306123722776506
2	0.16559042536947602
3	0.07106358718120355
4	0.031760913964465703
5	0.0316615666203636
6	0.03141535798498015
7	0.03141535798498015
8	0.03141535798498015
9	0.03141535798498015
10	0.03141535798498015
11	0.03141535798498015
12	0.03141535798498015
13	0.03141535798498015
14	0.03141535798498015
15	0.03141535798498015
16	0.03141535798498015
17	0.03141535798498015
18	0.03141535798498015
19	0.03141535798498015
20	0.03141535798498015
21	0.03141535798498015
22	0.03141535798498015
23	0.03141535798498015
24	0.03141535798498015
25	0.03141535798498015
26	0.03141535798498015
27	0.03141535798498015
28	0.03141535798498015
29	0.03141535798498015
30	0.03141535798498015
31	0.03141535798498015
32	0.03141535798498015
33	0.03141535798498015
34	0.03141535798498015
35	0.03141535798498015
36	0.0
37	0.0
38	0.0
39	0.0
40	0.0
41	0.0
42	0.0
43	0.0
44	0.0
45	0.0
46	0.0
47	0.0
48	0.0
49	0.0
50	0.0
51	0.0
52	0.0
53	0.0
54	0.0
55	0.0
56	0.0
57	0.0
58	0.0
59	0.0
60	0.0
61	0.0
62	0.0
63	0.0
64	0.0
65	0.0
66	0.0
67	0.0
68	0.0
69	0.0
70	0.0
71	0.0
72	0.0
73	0.0
74	0.0
75	0.0
>>END_MODULE
>>Sequence Length Distribution	warn
#Length	Count
35	9538.0
36	3487.0
37	5091.0
38	5955.0
39	6977.0
40	7725.0
41	8599.0
42	9539.0
43	11098.0
44	12351.0
45	13620.0
46	14350.0
47	14962.0
48	15781.0
49	16708.0
50	16718.0
51	17482.0
52	18315.0
53	19427.0
54	21142.0
55	21594.0
56	22695.0
57	23508.0
58	23863.0
59	24810.0
60	24885.0
61	25405.0
62	26061.0
63	27272.0
64	29740.0
65	31459.0
66	31059.0
67	32889.0
68	34636.0
69	43019.0
70	58691.0
71	149214.0
72	545347.0
73	1596547.0
74	4934140.0
75	1.5195398E7
>>END_MODULE
>>Sequence Duplication Levels	warn
#Total Duplicate Percentage	35.047645393784606
#Duplication Level	Relative count
1	100.0
2	22.385062934935544
3	10.06730805795338
4	5.600638856143286
5	3.3882191885005892
6	2.2801079971099365
7	1.4959881355287676
8	1.0989846750579915
9	0.820625926911815
10++	4.971669772217363
>>END_MODULE
>>Overrepresented sequences	pass
>>END_MODULE
>>Kmer Content	warn
#Sequence	Count	Obs/Exp Overall	Obs/Exp Max	Max Obs/Exp Position
AAAAA	9335910	3.847682	8.025503	71
GGGGG	3246430	3.3035772	5.5759315	71
CCTGG	3589005	3.0762334	11.994921	3
TTTTT	7902680	3.072929	5.4773664	71
CCAGG	3362575	2.9158826	12.304766	3
CCCAG	3253160	2.850473	11.307823	2
CTGGG	3283010	2.7848637	11.078111	4
CCAGC	3039145	2.6629496	6.4468226	3
GGAGG	2999595	2.5476153	5.7796345	6
GCTGG	2988920	2.5353975	7.1131563	3
CAGCA	3336540	2.4148338	6.5691853	4
CAGCC	2748885	2.408619	5.706517	9
TCCAG	3340365	2.3896372	8.592936	2
TGCTG	3381735	2.3665261	7.5666986	2
CTCCA	3224310	2.3307102	6.4087067	1
GGCTG	2740345	2.32454	8.357995	7
CAGGA	3227215	2.311561	9.738987	4
CTCCT	3205630	2.2904034	6.1384225	1
AGGAG	3196420	2.265833	6.9606733	5
TCCTG	3183065	2.2507677	8.697058	2
CTGCC	2594520	2.247065	5.7624025	9
GGCAG	2615340	2.2444649	6.416593	7
CTGGA	3165825	2.2413592	8.661617	4
CCTGC	2587870	2.2413056	6.2399945	3
CTGCA	3087160	2.2084987	6.7667003	4
GCCTG	2571005	2.2036781	7.232063	7
CCCTG	2534335	2.19494	9.106001	2
GCAGG	2556275	2.1937757	6.8450255	3
CTGCT	3096325	2.189433	6.449254	9
GCTGC	2542025	2.1788383	5.586393	8
CAGAG	3015930	2.1602237	7.5938826	4
AGCAG	3004275	2.1518757	5.5192204	7
TGCAG	3031700	2.146401	7.102258	2
CTCTG	3035000	2.14607	7.496515	2
CAGGG	2424905	2.081035	9.40199	4
TGGAG	2933255	2.0552325	6.4830036	5
CCCCA	2313430	2.0482423	6.74207	1
CTGGC	2387770	2.046622	5.678544	4
CAGGC	2358330	2.045044	6.206468	4
GCCAG	2352060	2.0396068	5.3513436	2
AGCTG	2863735	2.027484	5.7820716	7
GGGAG	2379635	2.0210712	5.6821036	7
CAGAA	3319675	1.9845675	5.31479	4
GGAGA	2782900	1.9727027	5.5641594	6
CACAG	2715335	1.9652343	7.0110707	7
CTCAG	2738520	1.9590882	6.1426835	2
CTGTG	2774415	1.9415257	8.870093	9
CTGAG	2709495	1.9182843	5.9070234	4
TTCTG	3299205	1.9046755	5.1840262	2
GGCCA	2171705	1.8832107	6.40946	1
TGGGG	2237260	1.8781697	6.3740964	5
CCAGA	2577780	1.8656783	6.565648	3
CCTCT	2577520	1.8416224	5.5893455	1
TCTGG	2578325	1.8043026	6.383609	3
CACTG	2511025	1.7963421	7.447421	7
TGGCC	2073595	1.7773345	5.773958	5
CAGTG	2494335	1.765954	6.572778	9
ACCTG	2458225	1.75857	5.3002295	7
AGAGG	2465985	1.7480525	5.1544275	5
CCTGA	2411850	1.7253941	5.5348253	3
GCCCA	1967870	1.7242805	7.214989	1
ACAGA	2773875	1.6582776	5.760787	8
GGGCC	1591285	1.6533059	5.484287	6
TCAGG	2333350	1.6519789	5.8822856	3
GAGAG	2309760	1.6373099	5.3010907	7
TGGGC	1911540	1.6214933	6.54849	5
GGCCT	1890210	1.6201502	5.111658	6
CCTGT	2279635	1.6119459	5.487721	8
AGCCT	2216315	1.585512	5.0913463	6
AGGTG	2238815	1.568662	5.2459044	7
CTTGG	2217530	1.5518196	5.007622	3
GTGTG	2130425	1.4754502	7.658015	1
GCCCT	1678365	1.4536004	6.078601	1
ACACA	2403680	1.4519793	6.0514894	6
CCTTG	2052765	1.4515245	5.0076747	2
TGTGT	2533860	1.4477075	5.6278834	10
CTGTC	2044825	1.4459101	5.77118	9
GGGCT	1703835	1.4453044	6.0688496	6
ACAGC	1972770	1.4277999	5.514291	8
GCTGT	2030635	1.4210311	5.1335506	8
CACAC	1941030	1.4195038	6.374588	5
GACAG	1974940	1.4145926	6.990996	7
AGGGC	1580145	1.3560685	5.672669	5
AGACA	2253975	1.3474709	5.3164415	6
ACTGC	1764135	1.2620306	5.213571	8
GGACA	1728765	1.2382644	5.8572593	6
GTGCT	1736170	1.2149657	6.557304	1
GTCCT	1706550	1.2067134	7.2618	1
GTCCA	1622695	1.1608468	6.6036406	1
AGCAC	1585675	1.1476384	5.3539047	5
TGTGC	1633550	1.1431525	5.4927254	10
GTCTT	1965585	1.1347587	5.37008	1
GTCCC	1308280	1.1330768	5.028406	1
AGGAC	1578130	1.1303691	6.741241	5
GTGCA	1513870	1.0717986	6.231888	1
TGCAC	1495460	1.0698252	5.579002	5
ACAGT	1779995	1.0518074	5.6118126	8
TGGAC	1483945	1.0506121	5.866111	5
GACTG	1478670	1.0468775	6.0819945	7
ACTGT	1789410	1.0451399	6.3278327	8
GCACT	1447020	1.0351721	5.035744	6
AGACT	1705795	1.0079622	5.1241975	6
GGACT	1330405	0.9419079	5.1673527	6
GTGTA	1097995	0.63467515	5.721324	1
>>END_MODULE
