##FastQC	0.10.1
>>Basic Statistics	pass
#Measure	Value	
Filename	008-F5_S2_L001_R1_001_trimmed.fq.gz	
File type	Conventional base calls	
Encoding	Sanger / Illumina 1.9	
Total Sequences	12865188	
Filtered Sequences	0	
Sequence length	20-50	
%GC	45	
>>END_MODULE
>>Per base sequence quality	pass
#Base	Mean	Median	Lower Quartile	Upper Quartile	10th Percentile	90th Percentile
1	35.36997212943954	36.0	36.0	36.0	36.0	36.0
2	35.36504021550249	36.0	36.0	36.0	36.0	36.0
3	35.34937849334188	36.0	36.0	36.0	36.0	36.0
4	35.35208828662278	36.0	36.0	36.0	36.0	36.0
5	35.33879209538174	36.0	36.0	36.0	36.0	36.0
6	35.30682163369863	36.0	36.0	36.0	36.0	36.0
7	35.290812617740215	36.0	36.0	36.0	36.0	36.0
8	35.28815832306531	36.0	36.0	36.0	36.0	36.0
9	35.27706800709014	36.0	36.0	36.0	36.0	36.0
10	35.25598755338826	36.0	36.0	36.0	36.0	36.0
11	35.24344238109851	36.0	36.0	36.0	36.0	36.0
12	35.23169502070238	36.0	36.0	36.0	36.0	36.0
13	35.225024383631236	36.0	36.0	36.0	36.0	36.0
14	35.21625645890289	36.0	36.0	36.0	36.0	36.0
15	35.200753848291995	36.0	36.0	36.0	36.0	36.0
16	35.1897313898561	36.0	36.0	36.0	36.0	36.0
17	35.179472697950466	36.0	36.0	36.0	36.0	36.0
18	35.15835998665546	36.0	36.0	36.0	36.0	36.0
19	35.15245342703115	36.0	36.0	36.0	36.0	36.0
20	35.15442821356361	36.0	36.0	36.0	36.0	36.0
21	35.13917825368077	36.0	36.0	36.0	36.0	36.0
22	35.1336542411894	36.0	36.0	36.0	36.0	36.0
23	35.11638863820934	36.0	36.0	36.0	36.0	36.0
24	35.108259023988296	36.0	36.0	36.0	36.0	36.0
25	35.093278129642464	36.0	36.0	36.0	36.0	36.0
26	35.09290204985217	36.0	36.0	36.0	36.0	36.0
27	35.094671720720726	36.0	36.0	36.0	36.0	36.0
28	35.077512703767155	36.0	36.0	36.0	36.0	36.0
29	35.0610097556501	36.0	36.0	36.0	36.0	36.0
30	35.056158523208076	36.0	36.0	36.0	36.0	36.0
31	35.03999395372829	36.0	36.0	36.0	36.0	36.0
32	35.0271112498552	36.0	36.0	36.0	36.0	36.0
33	35.01856581796588	36.0	36.0	36.0	36.0	36.0
34	35.00656849330923	36.0	36.0	36.0	36.0	36.0
35	34.99327772593125	36.0	36.0	36.0	36.0	36.0
36	34.98045355743107	36.0	36.0	36.0	36.0	36.0
37	34.98131754550844	36.0	36.0	36.0	36.0	36.0
38	34.97243050747407	36.0	36.0	36.0	36.0	36.0
39	34.95124116562331	36.0	36.0	36.0	36.0	36.0
40	34.93507177753644	36.0	36.0	36.0	36.0	36.0
41	34.923375756428236	36.0	36.0	36.0	36.0	36.0
42	34.913297100136745	36.0	36.0	36.0	36.0	36.0
43	34.90118160144593	36.0	36.0	36.0	36.0	36.0
44	34.8987260154138	36.0	36.0	36.0	36.0	36.0
45	34.8794855999451	36.0	36.0	36.0	36.0	36.0
46	34.87251858779046	36.0	36.0	36.0	36.0	36.0
47	34.883318067152565	36.0	36.0	36.0	36.0	36.0
48	34.905204216613576	36.0	36.0	36.0	36.0	36.0
49	34.971319679361564	36.0	36.0	36.0	36.0	36.0
50	35.06351976997355	36.0	36.0	36.0	36.0	36.0
>>END_MODULE
>>Per sequence quality scores	pass
#Quality	Count
14	5.0
15	29.0
16	159.0
17	384.0
18	962.0
19	2277.0
20	4826.0
21	8310.0
22	13138.0
23	20025.0
24	28729.0
25	42030.0
26	59064.0
27	80864.0
28	107846.0
29	141439.0
30	179946.0
31	231860.0
32	311295.0
33	459272.0
34	900441.0
35	5235587.0
36	5036700.0
>>END_MODULE
>>Per base sequence content	pass
#Base	G	A	T	C
1	22.511737401216052	26.63483940352914	27.36680582641168	23.486617368843127
2	22.560267977555775	26.590222836327953	27.528158273039054	23.321350913077215
3	22.48852484705237	26.68577404387717	27.471584558266855	23.35411655080361
4	22.637423368676824	26.439184247079517	27.71488445158517	23.208507932658488
5	22.735399416883787	26.441853905051193	27.37958294186475	23.44316373620027
6	22.246576236905714	26.873908121072393	27.542908534213144	23.33660710780875
7	22.265806752901597	26.85802110909412	27.591334616280893	23.28483752172339
8	22.4085923348994	26.72043003648386	27.53759169837315	23.333385930243594
9	22.220656402993676	26.836425480844905	27.680856331249277	23.262061784912145
10	22.325831757685048	26.907390745875947	27.547682388171076	23.219095108267926
11	22.786296354219946	26.863224405897697	27.32149258808192	23.028986651800444
12	22.201693052781376	27.017434602266597	27.6773796025748	23.103492742377224
13	22.2923753621012	26.838115385488344	27.81608010702992	23.05342914538054
14	22.329696887914942	26.573967208873977	27.965298566398733	23.131037336812348
15	22.211856395242815	26.869257349558744	27.82239954505748	23.096486710140958
16	22.337658986163653	27.18123559847387	27.735749737503962	22.745355677858516
17	22.441211119495495	26.920764780118255	27.472299666355436	23.165724434030814
18	22.335051027526763	27.300618766330498	27.449229952472248	22.915100253670488
19	22.46013251681917	27.086748139302397	27.679149203497598	22.773970140380833
20	22.563710758198656	26.8135561310958	27.602521636329026	23.020211474376516
21	22.51693502179696	27.018282753751947	27.674637587772516	22.790144636678576
22	22.337065468614558	27.17956975406135	27.679215571398352	22.80414920592574
23	22.451862815302505	26.94071053284317	27.5863634575989	23.02106319425543
24	22.31241083298302	27.30274771187673	27.635988614678315	22.748852840461943
25	22.38101213863487	27.18426520573877	27.518224486868785	22.916498168757574
26	22.460807318387005	27.158917844008908	27.461162868627735	22.91911196897635
27	22.385553502944923	27.287845999152687	27.596130807692603	22.73046969020978
28	22.28196347522902	27.23574549871744	27.519672402259626	22.962618623793922
29	22.500492306401487	27.073016944419308	27.60011352006434	22.82637722911486
30	22.387508305439592	27.30025417779282	27.531294269560092	22.780943247207492
31	22.44667309050553	27.26362662832863	27.5302101888025	22.75949009236334
32	22.50973414603901	27.20300654922157	27.415214427654043	22.872044877085372
33	22.32321517469808	27.106520326968997	27.648331165529054	22.921933332803864
34	22.466672676732347	27.40607271208413	27.519946397562695	22.60730821362083
35	22.484942912683085	27.06886334995516	27.492618889336008	22.953574848025752
36	22.54786650081184	27.364080691979396	27.343758080389584	22.744294726819174
37	22.411721352675677	27.26223262633033	27.4745572932254	22.851488727768594
38	22.41705680350685	27.13496919834769	27.447178981401326	23.000795016744135
39	22.289214590130214	27.31312393522841	27.527892781680546	22.869768692960825
40	22.404903279557328	27.24816094037536	27.614880185471076	22.732055594596233
41	22.630761816123663	27.236790969081742	27.40321687209275	22.729230342701847
42	22.54464823600549	27.368298256328615	27.41928559949865	22.667767908167246
43	22.54985270745533	27.40075649898859	27.338824043198347	22.71056675035773
44	22.551805322972818	27.149253708592102	27.323813444276666	22.97512752415841
45	22.415203914860825	27.32623079489342	27.47913538947448	22.77942990077128
46	22.461357930490284	27.504651869176	27.270718834919517	22.763271365414198
47	22.546216954417346	27.35825294389364	27.35105638752954	22.744473714159476
48	22.4990169293013	27.754880283587507	27.511996134517027	22.23410665259417
49	22.6700435441985	28.02658584867792	27.547401113649066	21.75596949347451
50	22.581423524956044	27.75563905212447	27.64094516753495	22.02199225538454
>>END_MODULE
>>Per base GC content	pass
#Base	%GC
1	45.99835477005918
2	45.88161889063299
3	45.842641397855985
4	45.84593130133531
5	46.178563153084056
6	45.58318334471446
7	45.550644274624986
8	45.741978265143
9	45.482718187905824
10	45.54492686595298
11	45.81528300602039
12	45.3051857951586
13	45.34580450748174
14	45.46073422472729
15	45.30834310538377
16	45.08301466402217
17	45.606935553526306
18	45.250151281197255
19	45.234102657200005
20	45.583922232575176
21	45.30707965847554
22	45.1412146745403
23	45.47292600955793
24	45.061263673444955
25	45.29751030739244
26	45.37991928736335
27	45.1160231931547
28	45.24458209902294
29	45.326869535516344
30	45.168451552647085
31	45.20616318286887
32	45.38177902312439
33	45.245148507501945
34	45.07398089035318
35	45.43851776070884
36	45.29216122763102
37	45.26321008044427
38	45.41785182025098
39	45.15898328309104
40	45.13695887415356
41	45.359992158825506
42	45.212416144172735
43	45.260419457813065
44	45.52693284713122
45	45.19463381563211
46	45.224629295904485
47	45.29069066857682
48	44.73312358189547
49	44.42601303767301
50	44.60341578034058
>>END_MODULE
>>Per sequence GC content	warn
#GC Content	Count
0	2357.0
1	2271.5
2	1835.0
3	1612.5
4	1780.0
5	2151.5
6	2584.5
7	3216.5
8	3834.5
9	4907.0
10	6088.0
11	8477.0
12	11028.5
13	14995.0
14	19509.5
15	26952.5
16	35117.5
17	47779.5
18	61217.0
19	78645.0
20	96521.5
21	118624.5
22	141378.5
23	168944.0
24	198107.5
25	226358.5
26	258330.0
27	295710.5
28	335418.0
29	379172.0
30	423684.5
31	470338.0
32	520071.5
33	570062.5
34	619589.0
35	663925.0
36	705234.5
37	735967.0
38	761609.0
39	777722.0
40	792156.5
41	802251.5
42	811097.5
43	809737.5
44	804048.0
45	789322.5
46	774619.0
47	756985.0
48	738708.0
49	721551.0
50	704927.5
51	688429.0
52	669821.5
53	651165.0
54	633342.0
55	613338.5
56	589984.5
57	562335.0
58	533541.0
59	499555.5
60	464762.5
61	427022.0
62	388239.5
63	354667.0
64	315891.5
65	279589.0
66	244717.5
67	213538.0
68	182572.0
69	154684.0
70	130711.0
71	110423.0
72	91961.5
73	76071.0
74	61390.5
75	50490.5
76	42109.0
77	34431.5
78	27415.0
79	22102.5
80	17604.5
81	14303.0
82	11327.0
83	9116.5
84	7108.0
85	5508.0
86	4188.5
87	3244.5
88	2522.5
89	1912.5
90	1373.5
91	1073.0
92	814.0
93	676.0
94	553.5
95	478.0
96	409.5
97	367.5
98	343.0
99	548.0
100	743.0
>>END_MODULE
>>Per base N content	pass
#Base	N-Count
1	9.094309387472613E-4
2	0.0017877702214689748
3	0.0
4	1.3991245211496326E-4
5	0.001329168295092151
6	0.002510651224062952
7	1.7100410814051067E-4
8	3.6532695830018185E-4
9	5.674227224662399E-4
10	8.783392827217138E-4
11	0.0018033160494817487
12	1.943228501596712E-4
13	0.0
14	0.0018965910175583907
15	0.0020675951256989016
16	0.0018033160494817487
17	0.0
18	5.674227224662399E-4
19	0.0019820930716286465
20	0.002852659440343973
21	3.266558398403306E-4
22	5.992507497833163E-4
23	5.4514365781426056E-5
24	9.741740231742751E-4
25	0.0017548172463127
26	0.003348538874038583
27	3.7498391670544756E-4
28	5.317101369677493E-4
29	0.0
30	6.268217005672736E-4
31	3.1376604599559225E-5
32	4.712063471494961E-5
33	5.74023833155019E-4
34	1.4959529747969716E-4
35	5.913053048837167E-4
36	6.947853125227236E-4
37	5.772022201885727E-4
38	0.0013779361225241793
39	0.0
40	7.94676178198822E-6
41	8.758412255916985E-5
42	0.0
43	8.718298885521458E-4
44	0.0013718772543713945
45	0.0
46	7.65465829931082E-4
47	1.673617478993172E-5
48	1.1578622229458367E-4
49	0.0012179045062569076
50	0.0
>>END_MODULE
>>Sequence Length Distribution	warn
#Length	Count
20	7619.0
21	8190.0
22	8727.0
23	9269.0
24	9535.0
25	10290.0
26	11009.0
27	11626.0
28	12327.0
29	13796.0
30	14448.0
31	15077.0
32	16033.0
33	16308.0
34	17131.0
35	18020.0
36	18569.0
37	19633.0
38	21004.0
39	22835.0
40	24388.0
41	26832.0
42	30083.0
43	37767.0
44	64129.0
45	120439.0
46	329942.0
47	722574.0
48	1456707.0
49	1942216.0
50	7828665.0
>>END_MODULE
>>Sequence Duplication Levels	warn
#Total Duplicate Percentage	36.320146834849844
#Duplication Level	Relative count
1	100.0
2	25.407046269892373
3	10.175390181829332
4	5.161285376996903
5	2.963542145770092
6	1.8366908901358354
7	1.221905375157146
8	0.9060803973875449
9	0.6822432772207402
10++	4.958912090270751
>>END_MODULE
>>Overrepresented sequences	pass
>>END_MODULE
>>Kmer Content	warn
#Sequence	Count	Obs/Exp Overall	Obs/Exp Max	Max Obs/Exp Position
AAAAA	3245080	3.8602042	4.7390156	46
TTTTT	3221675	3.5284169	4.035502	13
>>END_MODULE
