##FastQC	0.10.1
>>Basic Statistics	pass
#Measure	Value	
Filename	029-F0_S5_L004_R2_001.fastq.gz	
File type	Conventional base calls	
Encoding	Sanger / Illumina 1.9	
Total Sequences	20365374	
Filtered Sequences	0	
Sequence length	35-76	
%GC	45	
>>END_MODULE
>>Per base sequence quality	pass
#Base	Mean	Median	Lower Quartile	Upper Quartile	10th Percentile	90th Percentile
1	31.42478507883037	32.0	32.0	32.0	32.0	32.0
2	31.16944761240329	32.0	32.0	32.0	32.0	32.0
3	31.20377587958856	32.0	32.0	32.0	32.0	32.0
4	31.24320785859371	32.0	32.0	32.0	32.0	32.0
5	31.197833096509793	32.0	32.0	32.0	32.0	32.0
6	34.87360850824542	36.0	36.0	36.0	36.0	36.0
7	34.86089280756641	36.0	36.0	36.0	36.0	36.0
8	34.78007499395788	36.0	36.0	36.0	32.0	36.0
9	34.92439608523762	36.0	36.0	36.0	36.0	36.0
10-14	34.81026414737092	36.0	36.0	36.0	34.4	36.0
15-19	34.71545939691557	36.0	36.0	36.0	32.0	36.0
20-24	34.6398528600555	36.0	36.0	36.0	32.0	36.0
25-29	34.56150973706646	36.0	36.0	36.0	32.0	36.0
30-34	34.467308628852095	36.0	36.0	36.0	32.0	36.0
35-39	34.42625634237436	36.0	36.0	36.0	32.0	36.0
40-44	34.33371859403565	36.0	36.0	36.0	32.0	36.0
45-49	34.20022850071463	36.0	36.0	36.0	32.0	36.0
50-54	34.03844027351089	36.0	36.0	36.0	32.0	36.0
55-59	33.8767507729186	36.0	36.0	36.0	32.0	36.0
60-64	33.72370591843128	36.0	36.0	36.0	27.0	36.0
65-69	33.58944474932348	36.0	36.0	36.0	27.0	36.0
70-74	33.455207934328726	36.0	36.0	36.0	27.0	36.0
75-76	32.50839816298542	36.0	34.0	36.0	20.5	36.0
>>END_MODULE
>>Per sequence quality scores	pass
#Quality	Count
2	43226.0
3	53.0
4	289.0
5	116.0
6	80.0
7	89.0
8	28.0
9	18.0
10	19.0
11	41.0
12	59.0
13	82.0
14	1958.0
15	6425.0
16	9778.0
17	12401.0
18	15621.0
19	20060.0
20	27254.0
21	38031.0
22	53482.0
23	75093.0
24	106861.0
25	147962.0
26	201304.0
27	262855.0
28	336580.0
29	424342.0
30	534701.0
31	690134.0
32	935470.0
33	1442206.0
34	3096431.0
35	1.1882325E7
>>END_MODULE
>>Per base sequence content	fail
#Base	G	A	T	C
1	43.25981318567095	18.39823190206658	12.383452671183473	25.958502241078996
2	16.364257162449526	18.934694470602157	38.446050811215	26.25499755573332
3	20.046950161207562	21.169839794373193	28.280152004628583	30.503058039790666
4	13.541284322407032	14.814337851300511	36.272087800799696	35.37229002549276
5	15.302139208869697	34.53944488815867	34.951232249715446	15.207183653256184
6	34.28475544241111	35.01184547565324	16.664735272256493	14.038663809679164
7	30.23172560454062	29.30825398584397	20.925071871115318	19.534948538500092
8	26.074857464230057	35.59867237752907	19.93506855539592	18.391401602844955
9	24.929326350092214	16.228954330160146	20.34407574780317	38.497643571944465
10-14	24.163676347100417	23.2167121825127	28.411913944934554	24.207697525452325
15-19	22.562593787730638	28.214918211665907	26.346138870643365	22.87634912996009
20-24	22.611949063435606	26.927156734992902	27.61350864992998	22.847385551641505
25-29	22.472778550220504	27.05099094753337	27.474884593316656	23.001345908929473
30-34	22.490410753235903	27.078133058716542	27.623691113473686	22.807765074573865
35-39	22.525922121174165	27.31913786054885	27.44751026669114	22.70742975158585
40-44	22.618569033863075	27.23986412108727	27.512523071978297	22.62904377307136
45-49	22.604418118824825	27.375405171211657	27.29154905519661	22.72862765476691
50-54	22.553824283946696	27.521323430602163	27.312299741145996	22.612552544305146
55-59	22.61346069717718	27.435293375335014	27.153848804841196	22.797397122646608
60-64	22.710903533773198	27.45068420583673	27.21209849824751	22.626313762142562
65-69	22.774717963589556	27.653377093110294	27.07190205994938	22.50000288335077
70-74	23.046844519811607	27.862180337860387	27.06266185526976	22.028313287058246
75-76	26.99390208859463	35.168548148958656	28.028702104265257	9.808847658181458
>>END_MODULE
>>Per base GC content	fail
#Base	%GC
1	69.21831542674994
2	42.619254718182844
3	50.55000820099822
4	48.91357434789979
5	30.50932286212588
6	48.323419252090275
7	49.76667414304072
8	44.46625906707501
9	63.42696992203668
10-14	48.371373872552745
15-19	45.438942917690724
20-24	45.45933461507711
25-29	45.47412445914997
30-34	45.298175827809764
35-39	45.23335187276002
40-44	45.247612806934434
45-49	45.333045773591735
50-54	45.16637682825184
55-59	45.41085781982379
60-64	45.337217295915764
65-69	45.274720846940326
70-74	45.07515780686985
75-76	36.80274974677609
>>END_MODULE
>>Per sequence GC content	warn
#GC Content	Count
0	43261.0
1	21689.0
2	168.5
3	291.5
4	364.0
5	440.0
6	670.0
7	987.5
8	1159.5
9	1438.5
10	2199.0
11	3362.5
12	4078.5
13	4962.0
14	7421.0
15	11381.5
16	17131.0
17	21539.5
18	28411.0
19	41790.5
20	59095.5
21	72111.0
22	90731.0
23	122793.0
24	156975.5
25	180489.5
26	210089.5
27	259094.5
28	308225.0
29	341689.0
30	384806.5
31	451744.0
32	516536.0
33	561274.0
34	618417.0
35	702544.5
36	774207.0
37	817680.5
38	850124.5
39	881405.5
40	889474.0
41	889012.0
42	897400.0
43	903132.5
44	897291.5
45	883889.0
46	876124.5
47	865859.5
48	843637.5
49	816191.5
50	796782.5
51	777470.0
52	747645.0
53	718259.0
54	701425.0
55	682400.5
56	652961.5
57	623517.0
58	597456.0
59	559981.5
60	509166.0
61	456155.0
62	413480.5
63	372643.0
64	321045.5
65	274716.5
66	228485.0
67	195255.0
68	169842.5
69	138129.0
70	107945.5
71	87955.0
72	73657.5
73	58085.0
74	44120.5
75	35429.0
76	30101.5
77	24184.0
78	18390.0
79	14654.0
80	12398.5
81	10027.5
82	7530.5
83	5825.5
84	4983.5
85	4031.0
86	3047.0
87	2506.0
88	2272.0
89	1980.5
90	1682.5
91	1525.5
92	1469.0
93	1378.0
94	1279.0
95	1222.0
96	1172.5
97	1226.0
98	1479.0
99	11732.5
100	21789.0
>>END_MODULE
>>Per base N content	pass
#Base	N-Count
1	0.2287706574895212
2	0.23786452436375585
3	0.21937726260269022
4	0.2156552587740348
5	0.21229661679672565
6	0.21246356683653342
7	0.2139906686712456
8	0.21425091432153417
9	0.21679444728095834
10-14	0.2172609253333624
15-19	0.22105560153228712
20-24	0.2221623820903068
25-29	0.2223234397757684
30-34	0.2227967922415763
35-39	0.054699846811847024
40-44	0.012067825947005168
45-49	0.012393165180423597
50-54	0.011685925835633862
55-59	0.011909743721935498
60-64	0.012119381877995217
65-69	0.00954112893646555
70-74	0.00993366357419662
75-76	0.010523066465054515
>>END_MODULE
>>Sequence Length Distribution	warn
#Length	Count
35	56802.0
36	19477.0
37	25578.0
38	27268.0
39	29193.0
40	28904.0
41	30434.0
42	31574.0
43	34560.0
44	37039.0
45	39729.0
46	40938.0
47	42207.0
48	43500.0
49	45028.0
50	44624.0
51	45813.0
52	46452.0
53	48394.0
54	50872.0
55	51517.0
56	54191.0
57	55250.0
58	56179.0
59	57075.0
60	58635.0
61	56974.0
62	57039.0
63	58089.0
64	60975.0
65	62119.0
66	63966.0
67	66318.0
68	65193.0
69	71518.0
70	72879.0
71	87958.0
72	162494.0
73	488140.0
74	1321429.0
75	4163656.0
76	1.2405394E7
>>END_MODULE
>>Sequence Duplication Levels	warn
#Total Duplicate Percentage	30.895618398503284
#Duplication Level	Relative count
1	100.0
2	20.29574572405119
3	7.915923512566706
4	3.903246665577102
5	2.2646362867639223
6	1.4240135295497018
7	0.952895281001073
8	0.6750563139082918
9	0.5080686994151881
10++	4.177532704701945
>>END_MODULE
>>Overrepresented sequences	warn
#Sequence	Count	Percentage	Possible Source
NNNNNNNNNNNNNNNNNNNNNNNNNNNNNNNNNNN	43226	0.21225242413912948	No Hit
GGGGGGGGGGGGGGGGGGGGGGGGGGGGGGGGGGGGGGGGGGGGGGGGGG	21760	0.1068480254769689	No Hit
>>END_MODULE
>>Kmer Content	warn
#Sequence	Count	Obs/Exp Overall	Obs/Exp Max	Max Obs/Exp Position
GGGGG	3523775	3.7811286	6.816167	72
AAAAA	7639485	3.7715387	7.808621	72
TTTTT	6752515	3.2387543	5.6676083	72
CCTGG	3190295	2.9866836	11.749752	3
CCAGG	3057505	2.878949	12.060496	3
CCCAG	2891810	2.7566347	10.398764	2
CTGGG	2873430	2.6571515	9.806814	4
CAGCA	3244955	2.616036	7.0952234	4
CCAGC	2684115	2.558648	6.404508	3
TGCTG	3244305	2.553861	7.5945373	2
GGAGG	2709905	2.4896343	5.7050676	6
GCTGG	2636450	2.4380085	6.1259947	3
TCCAG	2987005	2.3942118	9.595164	2
CAGCC	2431170	2.3175268	5.305879	9
CTCCT	2863840	2.3105195	6.8136525	1
CTGCT	2893100	2.3055878	6.4251165	9
CTCCA	2840890	2.30528	7.0798945	1
CAGGA	2872895	2.2877688	9.788003	4
AGCAG	2866085	2.2823458	5.2661085	7
AGGAG	2896660	2.2784908	6.9433317	5
CTGGA	2836785	2.2460032	8.86981	4
TCCTG	2815590	2.243818	9.557719	2
GCTGC	2395215	2.2423472	5.376211	8
GGCTG	2421985	2.2396863	7.7380204	7
CAGAG	2758925	2.1970112	7.139733	4
CCTGC	2310985	2.1902726	6.151486	3
CCCTG	2304710	2.1843255	8.631344	2
GGCAG	2341445	2.1777506	5.678055	7
CTCTG	2731975	2.177183	7.2323117	2
CTGCC	2291320	2.1716347	5.52224	9
CTTCT	3184540	2.1603532	5.0265946	1
CTGCA	2687010	2.153753	6.4850183	4
GCAGG	2310580	2.1490433	6.202407	3
CACAG	2632170	2.1220174	7.71455	7
TGCAG	2659635	2.105746	6.659549	2
GCCTG	2239675	2.0967343	6.271029	7
CTGTG	2642275	2.0799532	9.1061	9
CAGGG	2231590	2.0755756	8.583247	4
TGGAG	2626635	2.0541923	6.274923	5
CCCCA	2096090	2.0228422	6.253271	1
AGCTG	2525140	1.9992607	5.487947	7
CAGGC	2106220	1.9832182	5.5291667	4
CTCAG	2437980	1.9541448	5.8903084	2
GGGAG	2125510	1.952741	5.089832	7
GGAGA	2479135	1.9500686	5.4430523	6
CAGAA	2843560	1.9387553	5.2465	4
CTGAG	2426470	1.9211395	5.604183	4
TTCTG	2788990	1.8688838	5.3116903	2
CCTCT	2315025	1.8677405	5.3568454	1
CAGTG	2350030	1.8606187	6.497241	9
CACTG	2305385	1.8478644	7.676839	7
CCAGA	2283230	1.8407072	6.3201756	3
TGGGG	2012565	1.838328	5.54422	5
GTGTG	2337630	1.8176436	8.24731	1
GGCCA	1923750	1.8114045	5.4092283	1
ACACA	2584130	1.7836828	6.9759045	6
TCTGG	2255015	1.775109	5.9815125	3
CACAC	2156505	1.7600627	6.9843335	5
TGTGT	2626255	1.7383195	6.8672676	10
GAGAG	2195690	1.727113	5.448128	7
ACAGA	2515155	1.714847	6.095524	8
CCTGA	2108885	1.6903613	5.490746	3
GCCCA	1751655	1.6697752	6.2557364	1
TCAGG	2054740	1.6268251	5.580944	3
CCTGT	2035145	1.6218607	5.2898364	8
TGGGC	1697480	1.5697136	5.8043437	5
ACAGG	1958850	1.5598885	5.0561576	8
ACAGC	1895580	1.5281893	5.990964	8
GCTGT	1917605	1.5095055	5.392578	8
CTGTC	1872685	1.4923922	5.9375134	9
GACAG	1817645	1.4474429	6.9736447	7
GCCCT	1515095	1.4359553	5.3257866	1
GGGCT	1532255	1.4169247	5.5089397	6
AGACA	2044305	1.3938187	5.422012	6
AGGGC	1455050	1.3533248	5.200706	5
GTCCT	1697925	1.3531213	10.040396	1
GGACA	1643340	1.3086388	6.2493205	6
GTGCT	1640790	1.2916017	6.697004	1
TGTGC	1621280	1.2762436	6.45163	10
AGGAC	1596305	1.2711835	9.246485	5
AGCAC	1534970	1.2374707	5.764366	5
ACTGC	1536730	1.2317547	5.2129884	8
GTCCA	1499385	1.201821	6.9255714	1
GTCTT	1686690	1.1302398	5.448752	1
ACAGT	1653625	1.1209577	5.7344346	8
GTCCC	1179805	1.1181788	5.0880694	1
GTGCA	1408590	1.1152406	5.831384	1
TGGAC	1393275	1.1031151	5.949197	5
ACTGT	1629460	1.0982153	6.5308595	8
TGCAC	1361810	1.0915488	5.2917085	5
GACTG	1320415	1.0454288	5.877257	7
ACACT	1487840	1.0210596	5.1694427	6
GGACC	1076175	1.0133271	5.4920435	6
CTACA	1433835	0.9839977	5.7654395	4
TGTAG	1445435	0.96227616	5.991253	2
GGACT	1188375	0.94088703	5.1399875	6
TCCTA	1227535	0.83756846	6.1328626	2
TAGGA	1242410	0.83190644	6.08363	4
GTGTA	1088875	0.7249018	6.150526	1
TACAC	1024080	0.70279515	5.3160386	5
>>END_MODULE
