##FastQC	0.10.1
>>Basic Statistics	pass
#Measure	Value	
Filename	018-F5_S4_L002_R2_001.fastq.gz	
File type	Conventional base calls	
Encoding	Sanger / Illumina 1.9	
Total Sequences	16310276	
Filtered Sequences	0	
Sequence length	35-75	
%GC	46	
>>END_MODULE
>>Per base sequence quality	pass
#Base	Mean	Median	Lower Quartile	Upper Quartile	10th Percentile	90th Percentile
1	31.51231787861836	32.0	32.0	32.0	32.0	32.0
2	31.34401551512678	32.0	32.0	32.0	32.0	32.0
3	31.36900295249449	32.0	32.0	32.0	32.0	32.0
4	31.391620105018458	32.0	32.0	32.0	32.0	32.0
5	31.380809497031198	32.0	32.0	32.0	32.0	32.0
6	35.14071552192004	36.0	36.0	36.0	36.0	36.0
7	35.124943072698464	36.0	36.0	36.0	36.0	36.0
8	35.081555885381704	36.0	36.0	36.0	36.0	36.0
9	35.153982311519435	36.0	36.0	36.0	36.0	36.0
10	35.022679015364304	36.0	36.0	36.0	36.0	36.0
11	35.13900212356921	36.0	36.0	36.0	36.0	36.0
12	35.054951369308526	36.0	36.0	36.0	36.0	36.0
13	35.07936585499841	36.0	36.0	36.0	36.0	36.0
14	35.03105551371418	36.0	36.0	36.0	36.0	36.0
15	35.008846263545756	36.0	36.0	36.0	36.0	36.0
16	35.0141360575382	36.0	36.0	36.0	36.0	36.0
17	35.00744867836694	36.0	36.0	36.0	36.0	36.0
18	34.98898044398513	36.0	36.0	36.0	36.0	36.0
19	34.98155046548568	36.0	36.0	36.0	36.0	36.0
20	34.968417824443925	36.0	36.0	36.0	36.0	36.0
21	34.95639362571179	36.0	36.0	36.0	36.0	36.0
22	34.943398321401794	36.0	36.0	36.0	36.0	36.0
23	34.93517191248021	36.0	36.0	36.0	36.0	36.0
24	34.92576250702318	36.0	36.0	36.0	36.0	36.0
25	34.90872220678546	36.0	36.0	36.0	36.0	36.0
26	34.88516178389624	36.0	36.0	36.0	36.0	36.0
27	34.87194189724318	36.0	36.0	36.0	36.0	36.0
28	34.86665044785263	36.0	36.0	36.0	36.0	36.0
29	34.849391389820745	36.0	36.0	36.0	36.0	36.0
30	34.83231013380767	36.0	36.0	36.0	36.0	36.0
31	34.825497741423874	36.0	36.0	36.0	36.0	36.0
32	34.80622633240541	36.0	36.0	36.0	36.0	36.0
33	34.79222276802673	36.0	36.0	36.0	36.0	36.0
34	34.77933684261382	36.0	36.0	36.0	36.0	36.0
35	34.773543317108796	36.0	36.0	36.0	36.0	36.0
36	34.77185535203899	36.0	36.0	36.0	36.0	36.0
37	34.76109108688018	36.0	36.0	36.0	36.0	36.0
38	34.747127428177414	36.0	36.0	36.0	36.0	36.0
39	34.72022541710768	36.0	36.0	36.0	36.0	36.0
40	34.71470382636652	36.0	36.0	36.0	36.0	36.0
41	34.712337716397336	36.0	36.0	36.0	36.0	36.0
42	34.697748609579584	36.0	36.0	36.0	36.0	36.0
43	34.68962747985526	36.0	36.0	36.0	36.0	36.0
44	34.67131572661559	36.0	36.0	36.0	36.0	36.0
45	34.65292054640406	36.0	36.0	36.0	36.0	36.0
46	34.629640006810625	36.0	36.0	36.0	36.0	36.0
47	34.619906116385096	36.0	36.0	36.0	32.0	36.0
48	34.617775052785085	36.0	36.0	36.0	32.0	36.0
49	34.59941904818082	36.0	36.0	36.0	32.0	36.0
50	34.57824234154563	36.0	36.0	36.0	32.0	36.0
51	34.55509703591772	36.0	36.0	36.0	32.0	36.0
52	34.55359082216365	36.0	36.0	36.0	32.0	36.0
53	34.5200387688207	36.0	36.0	36.0	32.0	36.0
54	34.501533021432195	36.0	36.0	36.0	32.0	36.0
55	34.46878917712026	36.0	36.0	36.0	32.0	36.0
56	34.4477322668269	36.0	36.0	36.0	32.0	36.0
57	34.441494142535326	36.0	36.0	36.0	32.0	36.0
58	34.428303270657395	36.0	36.0	36.0	32.0	36.0
59	34.400603292097415	36.0	36.0	36.0	32.0	36.0
60	34.391535683240235	36.0	36.0	36.0	32.0	36.0
61	34.359183389827315	36.0	36.0	36.0	32.0	36.0
62	34.332174024919055	36.0	36.0	36.0	32.0	36.0
63	34.31609624223711	36.0	36.0	36.0	32.0	36.0
64	34.28577626009835	36.0	36.0	36.0	32.0	36.0
65	34.27548591874705	36.0	36.0	36.0	32.0	36.0
66	34.242855422857076	36.0	36.0	36.0	32.0	36.0
67	34.21413940394167	36.0	36.0	36.0	32.0	36.0
68	34.191540490191954	36.0	36.0	36.0	32.0	36.0
69	34.17462037304771	36.0	36.0	36.0	32.0	36.0
70	34.15621203923737	36.0	36.0	36.0	32.0	36.0
71	34.131876670605564	36.0	36.0	36.0	32.0	36.0
72	34.11550422296039	36.0	36.0	36.0	32.0	36.0
73	34.07658608631223	36.0	36.0	36.0	32.0	36.0
74	34.01642052730442	36.0	36.0	36.0	32.0	36.0
75	33.00730754096921	36.0	36.0	36.0	21.0	36.0
>>END_MODULE
>>Per sequence quality scores	pass
#Quality	Count
2	13336.0
3	72.0
4	2471.0
5	1817.0
6	426.0
7	317.0
8	145.0
9	92.0
10	82.0
11	134.0
12	164.0
13	207.0
14	870.0
15	2234.0
16	4402.0
17	7265.0
18	10889.0
19	15187.0
20	21003.0
21	28996.0
22	39492.0
23	53827.0
24	72877.0
25	97093.0
26	126349.0
27	161168.0
28	201471.0
29	248540.0
30	310091.0
31	395420.0
32	533488.0
33	815544.0
34	1812252.0
35	1.1332555E7
>>END_MODULE
>>Per base sequence content	fail
#Base	G	A	T	C
1	45.287882663398264	17.329800073521852	11.016757587954801	26.365559675125077
2	17.13596689482049	19.280307559570883	36.21882609100241	27.364899454606213
3	20.093259437084455	20.46930020998468	28.593972732119717	30.843467620811143
4	13.792040417904323	14.296374484136159	35.67282831570303	36.238756782256495
5	15.30314823774713	34.29075293177013	35.04717923260842	15.358919597874317
6	35.212595182198974	34.31698218008954	16.280212810255478	14.190209827456005
7	31.038212105431818	29.427464600227076	20.259128068304534	19.27519522603657
8	27.023274214125813	33.8637630688537	19.9434285474409	19.169534169579585
9	25.07528598116295	15.288838795753273	19.998943117763318	39.63693210532046
10	14.750002915614743	26.84610280518967	34.605333181107554	23.79856109808803
11	34.685299901774194	22.335003413534093	23.565533041058046	19.41416364363367
12	22.49244806456104	23.997458012270194	30.919586711540003	22.590507211628765
13	28.33625415447339	20.27012832725442	25.864040528518938	25.529576989753256
14	20.689916372656935	20.47220512331958	27.067099777028126	31.770778726995356
15	23.131184437936856	29.282536907507094	22.994042191145265	24.59223646341078
16	23.107793283024886	28.15542944305665	25.468345966716722	23.26843130720174
17	22.039128514385357	27.906128153113123	27.278484412346366	22.776258920155154
18	22.421009589475094	27.403113078802043	27.896291520828637	22.279585810894222
19	23.017543782106873	26.843723279122543	27.33491627435377	22.80381666441681
20	22.949965611977884	26.807010147474404	27.562570608394214	22.6804536321535
21	22.676298461633664	26.530919576979954	27.221920995854372	23.57086096553201
22	22.763353045364195	26.59850302998268	27.45886696678263	23.1792769578705
23	22.596057897939676	26.6849140356653	27.407573200394825	23.311454866000194
24	22.873230541512186	26.26882042812492	27.740096201279655	23.117852829083244
25	22.91154951795615	26.38605793710206	27.29726391417322	23.40512863076857
26	22.381000123959325	26.847624766839512	27.515200059235244	23.256175049965922
27	22.510726838007542	26.810455684267993	27.458857458612513	23.21996001911195
28	22.561242151338693	26.71642192399274	27.347759054938663	23.374576869729903
29	22.441855881982047	26.782756190757084	27.502072968745416	23.273314958515453
30	22.486667944001653	26.82967032663453	27.49122834912598	23.192433380237844
31	23.058111356958047	26.73019658724291	27.156956967673512	23.05473508812553
32	22.312367385311795	27.0200111785377	27.562971354766947	23.10465008138356
33	22.47057371735052	26.873268681054213	27.711417373110287	22.944740228484985
34	22.52764350906643	26.573129410918245	27.851836427016636	23.04739065299869
35	22.404439519884914	26.91957136686241	27.69322490789166	22.982764205361008
36	22.49322298542305	27.15214344000339	27.65014579407577	22.704487780497793
37	22.62634070283924	26.821265656884215	27.242425894759805	23.309967745516744
38	22.508833920090858	27.3317553097353	27.25696576321918	22.90244500695466
39	22.727369920019978	27.010855379739212	27.495615378225242	22.766159322015568
40	22.83709363214106	26.686215007903673	27.484425623485254	22.992265736470017
41	22.786783904714518	26.881343258166773	27.524943945051213	22.8069288920675
42	22.51651881719438	27.17579460941734	27.57021158503147	22.737474988356805
43	22.625565553931246	26.927817409396017	27.448648115238576	22.99796892143416
44	22.436469409170446	27.28686399781673	27.488554470368477	22.788112122644353
45	22.558349791345737	27.171903426403006	27.374837000403467	22.894909781847794
46	22.665127825593412	27.043320446401925	27.269180616418726	23.02237111158594
47	22.71809715243377	27.176100232200312	27.35841604818214	22.747386567183785
48	22.438134498682995	27.196790949312287	27.363869368884437	23.00120518312028
49	22.815932913424852	26.948796959796915	27.31200476819063	22.923265358587606
50	22.55581327607675	27.33822683133186	27.29603191739434	22.80992797519705
51	22.625425488709123	27.26101398021963	27.30110180613495	22.812458724936295
52	22.65725300349006	27.276655210509592	27.19603826721525	22.870053518785095
53	22.51532852962102	27.04843544746587	27.512373762910116	22.923862260003
54	22.681670151733528	27.45013176472368	27.305681203444326	22.56251688009847
55	22.67721269928676	27.01444470135439	27.28492186294604	23.023420736412817
56	22.73837994506368	27.336321472865755	27.112465664801004	22.812832917269564
57	22.617481872725932	27.2160379585231	27.199771725556314	22.96670844319466
58	22.660540322859234	27.16335322714517	27.110770574254477	23.065335875741116
59	22.5726669290842	27.265713205227378	27.185355107506844	22.976264758181582
60	22.613275650550456	27.212093667634914	27.41500169152415	22.75962899029049
61	22.882198106217004	27.162760919626834	27.16416032514188	22.79088064901429
62	22.776754359653822	27.29897037999488	27.221128187587425	22.703147072763873
63	22.759042719056954	27.464794510089853	27.091046679930958	22.685116090922236
64	22.807526826696208	27.148155004598003	27.00593802003455	23.038380148671244
65	22.7194244929633	27.32691240504955	27.157052315098944	22.796610786888202
66	22.718182840815494	27.62313029906407	26.93046299201977	22.728223868100663
67	22.86488695837609	27.21295826467603	26.989089443423985	22.933065333523896
68	22.828691001881236	27.527751495243397	27.17817555566102	22.46538194721435
69	23.081495151417606	27.368612501436612	27.089166452465157	22.460725894680625
70	23.26010689369537	27.096171628103622	26.95086950614768	22.692851972053326
71	22.946706794625214	27.57345761892661	26.890129601206965	22.589705985241213
72	22.882725087608375	27.71610279041312	27.126195735923147	22.27497638605536
73	23.695866445543523	28.286314892423135	27.10597203245813	20.911846629575212
74	24.809385446033406	30.70350896251883	27.32490932180437	17.162196269643395
75	30.28395649363105	41.20387512639628	28.512168379972675	0.0
>>END_MODULE
>>Per base GC content	fail
#Base	%GC
1	71.65344233852335
2	44.5008663494267
3	50.9367270578956
4	50.03079720016081
5	30.66206783562145
6	49.40280500965498
7	50.31340733146838
8	46.1928083837054
9	64.7122180864834
10	38.54856401370277
11	54.09946354540786
12	45.0829552761898
13	53.86583114422664
14	52.4606950996523
15	47.72342090134764
16	46.37622459022663
17	44.81538743454051
18	44.700595400369316
19	45.821360446523684
20	45.63041924413139
21	46.24715942716568
22	45.94263000323469
23	45.90751276393987
24	45.99108337059543
25	46.31667814872472
26	45.63717517392524
27	45.730686857119494
28	45.935819021068596
29	45.71517084049751
30	45.6791013242395
31	46.112846445083576
32	45.417017466695356
33	45.4153139458355
34	45.57503416206512
35	45.387203725245925
36	45.19771076592084
37	45.93630844835598
38	45.411278927045515
39	45.49352924203555
40	45.82935936861108
41	45.593712796782015
42	45.25399380555119
43	45.62353447536541
44	45.22458153181479
45	45.453259573193534
46	45.68749893717935
47	45.46548371961755
48	45.439339681803276
49	45.73919827201246
50	45.3657412512738
51	45.43788421364542
52	45.527306522275154
53	45.43919078962402
54	45.244187031832
55	45.70063343569957
56	45.551212862333244
57	45.58419031592059
58	45.725876198600346
59	45.54893168726578
60	45.37290464084094
61	45.673078755231295
62	45.4799014324177
63	45.44415880997919
64	45.84590697536745
65	45.5160352798515
66	45.44640670891616
67	45.79795229189999
68	45.29407294909558
69	45.54222104609823
70	45.95295886574869
71	45.536412779866424
72	45.15770147366373
73	44.60771307511873
74	41.971581715676805
75	30.28395649363105
>>END_MODULE
>>Per sequence GC content	warn
#GC Content	Count
0	13387.0
1	6877.5
2	591.0
3	1056.0
4	1297.5
5	1283.0
6	1178.5
7	969.0
8	857.5
9	853.5
10	1000.0
11	1384.5
12	1619.0
13	1942.5
14	2863.5
15	4282.5
16	5362.5
17	7500.0
18	12696.5
19	20006.5
20	25228.0
21	34537.0
22	52917.0
23	74948.0
24	90398.5
25	111714.0
26	148835.0
27	188441.0
28	215226.5
29	248929.0
30	304173.0
31	359581.0
32	396589.5
33	438354.5
34	509884.5
35	579818.5
36	620557.0
37	657484.0
38	696874.0
39	718950.0
40	733988.0
41	738568.0
42	736479.0
43	734000.5
44	735238.0
45	730441.0
46	712597.5
47	691800.0
48	682088.0
49	667339.0
50	638550.5
51	609870.5
52	592957.5
53	579589.0
54	555448.0
55	529153.5
56	512742.5
57	495880.0
58	465137.0
59	427891.0
60	397604.0
61	366787.5
62	326488.0
63	285314.5
64	253447.0
65	227841.5
66	194391.5
67	160939.5
68	136738.5
69	117889.0
70	95866.5
71	75305.0
72	61662.5
73	52265.0
74	42257.0
75	33051.5
76	26738.5
77	22655.5
78	18043.0
79	13845.5
80	11262.5
81	9565.0
82	7503.5
83	5340.0
84	4002.0
85	3375.5
86	2598.0
87	1914.0
88	1688.0
89	1479.5
90	1255.0
91	1150.0
92	1091.0
93	1089.0
94	1087.5
95	1136.5
96	1191.0
97	1206.5
98	1579.5
99	6755.5
100	11575.0
>>END_MODULE
>>Per base N content	pass
#Base	N-Count
1	0.21362606003724277
2	0.11604953834012373
3	0.08199125508360497
4	0.08178892864841772
5	0.08204030391637762
6	0.08280056082435393
7	0.0892075646052832
8	0.09927483753187254
9	0.10465794692867245
10	0.11456581114875064
11	0.11797470502645081
12	0.11703051499557703
13	0.12818299334726155
14	0.11913961480480159
15	0.1219537915851332
16	0.12406289139435776
17	0.12642949757563882
18	0.12402610476977827
19	0.12473731284498189
20	0.12090537278461749
21	0.13064156608999136
22	0.13021851990732713
23	0.1253136366300607
24	0.12424069341315867
25	0.1293295098133226
26	0.1390227853900204
27	0.1287102682995677
28	0.1357916935311211
29	0.13514179649688332
30	0.129691244955021
31	0.12325971675770538
32	0.12342525656831313
33	0.13559549820003045
34	0.12880836596511303
35	0.13395236230214622
36	0.05372673618515626
37	0.046338810478438706
38	0.06489422934311889
39	0.06434541359781494
40	0.07750749078358604
41	0.054258119594578616
42	0.07160997804620371
43	0.056150102529890465
44	0.05634727093742482
45	0.05607316159760813
46	0.055045357460758094
47	0.07258502445246522
48	0.058210957347972665
49	0.0608186635121831
50	0.05058975689871268
51	0.06501462411925762
52	0.050229635769586105
53	0.04827224481474141
54	0.05879199608615053
55	0.04563978514327017
56	0.060981060116996236
57	0.06358190843658351
58	0.05359336848162491
59	0.0637024237314822
60	0.05870402173059008
61	0.05846594574068031
62	0.06152776273064237
63	0.05116004926588178
64	0.047262071823807
65	0.04748877296982985
66	0.06618542292309207
67	0.07530559089386081
68	0.05265163459450199
69	0.04485156142578678
70	0.05852381544371356
71	0.05084897011146315
72	0.062093611891838034
73	0.07269524665489971
74	0.056152495938730666
75	0.07220269230474345
>>END_MODULE
>>Sequence Length Distribution	warn
#Length	Count
35	14851.0
36	2387.0
37	3454.0
38	4041.0
39	4536.0
40	5102.0
41	5826.0
42	6529.0
43	7217.0
44	7918.0
45	9080.0
46	10092.0
47	10647.0
48	11400.0
49	12218.0
50	12465.0
51	12776.0
52	13455.0
53	14629.0
54	15372.0
55	16361.0
56	17292.0
57	17878.0
58	18846.0
59	19524.0
60	20219.0
61	20130.0
62	20675.0
63	21760.0
64	23515.0
65	24766.0
66	24688.0
67	27368.0
68	27723.0
69	35383.0
70	45488.0
71	108596.0
72	398484.0
73	1136698.0
74	3536184.0
75	1.0564703E7
>>END_MODULE
>>Sequence Duplication Levels	warn
#Total Duplicate Percentage	35.547141308666085
#Duplication Level	Relative count
1	100.0
2	24.413481367617628
3	10.258654146152148
4	5.135034357854365
5	2.9738758551415025
6	1.8210043299267185
7	1.2403832251485796
8	0.9192533349567388
9	0.6818302881798327
10++	4.750743849449437
>>END_MODULE
>>Overrepresented sequences	pass
>>END_MODULE
>>Kmer Content	warn
#Sequence	Count	Obs/Exp Overall	Obs/Exp Max	Max Obs/Exp Position
AAAAA	5141880	3.3367448	7.949354	71
GGGGG	2407880	3.1189203	5.246164	71
CCTGG	2585395	2.9235013	11.92841	3
CCAGG	2467085	2.825507	12.3622	3
CAGCA	2728515	2.7214787	6.905917	4
TGCTG	2764005	2.667211	7.8460436	2
CCCAG	2310730	2.6665504	11.005207	2
CTGGG	2278930	2.5575204	10.424345	4
CCAGC	2197030	2.535342	6.26218	3
CTGCT	2546050	2.4755616	6.717837	9
GCTGG	2189485	2.457141	6.8101215	3
GGAGG	2173945	2.4523606	5.519449	6
AGCAG	2476705	2.4516847	5.655447	7
TCCAG	2466540	2.4290185	8.987524	2
GCTGC	2141825	2.4219232	5.751958	8
CTCCT	2376345	2.3281155	6.251698	1
CTTCT	2773190	2.318552	5.0985284	1
AGGAG	2354355	2.3129914	6.9459815	5
CAGGA	2331295	2.3077435	9.79395	4
CTGGA	2353965	2.3006706	8.958536	4
CTCCA	2318325	2.30041	6.3909636	1
CAGCC	1958935	2.2605836	5.30095	9
TCCTG	2304050	2.2402613	8.912124	2
GGCTG	1978405	2.2202573	8.287424	7
CCTGC	1923910	2.1920447	6.1760893	3
CTGCC	1918810	2.186234	5.725338	9
GGCAG	1918925	2.1811323	6.2051406	7
CTGCA	2175060	2.1419728	6.45989	4
CAGAG	2163105	2.1412525	7.788281	4
GCAGG	1883225	2.1405542	6.535757	3
CTCTG	2196105	2.135305	7.598876	2
CCCTG	1861480	2.1209137	9.014458	2
TGCAG	2160190	2.111283	6.8116	2
TGGAG	2132300	2.0683045	6.429146	5
AGCTG	2111790	2.0639787	5.879914	7
CAGAA	2377765	2.0498662	5.4572835	4
GCCTG	1806710	2.0429835	6.488391	7
CAGGG	1778215	2.0211952	9.191304	4
GGAGA	2036400	2.0006225	5.482516	6
CTGGC	1765050	1.9958754	5.6310673	4
GCCAG	1740440	1.9932939	5.2748013	2
CACAG	1992450	1.9873121	7.0303082	7
TTCTG	2356700	1.9554794	5.3344193	2
CCCCA	1681620	1.9553149	6.6136475	1
CTGTG	2025810	1.954867	8.998832	9
CAGGC	1691600	1.9373583	5.8134613	4
CTCAG	1961925	1.9320798	6.315278	2
GGGAG	1683910	1.8995671	5.1362214	7
CTGAG	1929375	1.8856936	5.892937	4
CCAGA	1885450	1.8805879	6.778881	3
CCTCT	1906370	1.8676791	5.724777	1
GGCCA	1574865	1.8036638	6.116033	1
TCTGG	1862590	1.7973628	6.3957396	3
ACCTG	1805415	1.7779508	5.457097	7
AGAGG	1808255	1.7764858	5.152184	5
TGGGG	1591900	1.7730283	6.009327	5
CAGTG	1812275	1.7712445	6.540337	9
CACTG	1781315	1.7542174	7.190346	7
CCTGA	1731515	1.7051752	5.577517	3
TGGCC	1503105	1.6996744	5.4369273	5
GAGAG	1725460	1.6951455	5.4144797	7
ACAGA	1949715	1.6808455	5.8908544	8
TCAGG	1671165	1.6333294	5.8721185	3
GCCCA	1407860	1.6246508	7.04582	1
CCTGT	1619200	1.5743718	5.5337033	8
GTGTG	1637150	1.5679014	7.8752	1
ACACA	1785840	1.5512702	6.376602	6
AGGTG	1599135	1.5511411	5.0801997	7
TGTGT	1880790	1.5488203	6.4405465	10
GGGCC	1155895	1.5200726	5.0906363	6
TGGGC	1341610	1.5056167	6.209662	5
CACAC	1471030	1.478388	6.5543566	5
ACAGC	1473660	1.4698597	5.5495768	8
GCTGT	1517225	1.4640925	5.3555756	8
CTGTC	1494960	1.4535713	5.7938666	9
CCTTG	1493715	1.452361	5.0414286	2
GACAG	1425770	1.4113666	7.035112	7
GCCCT	1238380	1.4109726	6.137124	1
GGGCT	1245845	1.3981447	5.9490933	6
AGACA	1616145	1.3932755	5.5037026	6
GTCCT	1353865	1.3163828	9.527091	1
AGGGC	1156585	1.3146241	5.5371	5
GGACA	1298845	1.2857238	6.1647997	6
AGGAC	1251180	1.2385403	9.102248	5
GTGCT	1260485	1.2163435	6.5317883	1
ACTGC	1216265	1.197763	5.0510445	8
GTCCA	1212450	1.1940062	6.842068	1
TGTGC	1207500	1.165214	6.114869	10
GTCTT	1391725	1.1547884	5.4032006	1
AGCAC	1154670	1.1516924	5.4307075	5
TGGAC	1113680	1.088466	6.0855474	5
ACAGT	1254875	1.0681229	5.6098785	8
GTGCA	1079855	1.0554069	5.9393415	1
ACTGT	1249645	1.0501987	6.2709045	8
GACTG	1054730	1.0308506	5.94351	7
TGCAC	1027455	1.0118253	5.275462	5
GGACC	865450	0.99118394	5.4390063	6
GGACT	957005	0.9353382	5.26002	6
TGTAG	1112815	0.928153	5.846724	2
CTACA	1079275	0.9256379	5.2269354	4
TAGGA	958610	0.8097938	5.769731	4
TCCTA	948615	0.80327284	5.422587	2
GTGTA	790860	0.6596236	5.8503265	1
>>END_MODULE
