##FastQC	0.10.1
>>Basic Statistics	pass
#Measure	Value	
Filename	005-F5_S2_L002_R2_001.fastq.gz	
File type	Conventional base calls	
Encoding	Sanger / Illumina 1.9	
Total Sequences	17961962	
Filtered Sequences	0	
Sequence length	35-75	
%GC	46	
>>END_MODULE
>>Per base sequence quality	pass
#Base	Mean	Median	Lower Quartile	Upper Quartile	10th Percentile	90th Percentile
1	31.273166428032752	32.0	32.0	32.0	32.0	32.0
2	31.024414426441833	32.0	32.0	32.0	32.0	32.0
3	31.066698504317067	32.0	32.0	32.0	32.0	32.0
4	31.133440044021917	32.0	32.0	32.0	32.0	32.0
5	31.082543154250075	32.0	32.0	32.0	32.0	32.0
6	34.73854949698702	36.0	36.0	36.0	32.0	36.0
7	34.72514288806535	36.0	36.0	36.0	32.0	36.0
8	34.631681327463	36.0	36.0	36.0	32.0	36.0
9	34.79080904413449	36.0	36.0	36.0	36.0	36.0
10	34.588287626930736	36.0	36.0	36.0	32.0	36.0
11	34.748718820360494	36.0	36.0	36.0	36.0	36.0
12	34.6384335408348	36.0	36.0	36.0	32.0	36.0
13	34.69095124463575	36.0	36.0	36.0	32.0	36.0
14	34.62910916969984	36.0	36.0	36.0	32.0	36.0
15	34.57774529308101	36.0	36.0	36.0	32.0	36.0
16	34.58436439181867	36.0	36.0	36.0	32.0	36.0
17	34.57067746830775	36.0	36.0	36.0	32.0	36.0
18	34.5578371115583	36.0	36.0	36.0	32.0	36.0
19	34.54867931465393	36.0	36.0	36.0	32.0	36.0
20	34.532149104869504	36.0	36.0	36.0	32.0	36.0
21	34.50596644175063	36.0	36.0	36.0	32.0	36.0
22	34.501451066425815	36.0	36.0	36.0	32.0	36.0
23	34.48455280108042	36.0	36.0	36.0	32.0	36.0
24	34.471106385816874	36.0	36.0	36.0	32.0	36.0
25	34.45787665066879	36.0	36.0	36.0	32.0	36.0
26	34.4366104326465	36.0	36.0	36.0	32.0	36.0
27	34.41701997810707	36.0	36.0	36.0	32.0	36.0
28	34.41221955597056	36.0	36.0	36.0	32.0	36.0
29	34.39321756721231	36.0	36.0	36.0	32.0	36.0
30	34.37622309856796	36.0	36.0	36.0	32.0	36.0
31	34.35383745940449	36.0	36.0	36.0	32.0	36.0
32	34.34709192681735	36.0	36.0	36.0	32.0	36.0
33	34.33221910835798	36.0	36.0	36.0	32.0	36.0
34	34.323365509847974	36.0	36.0	36.0	32.0	36.0
35	34.29817338439977	36.0	36.0	36.0	32.0	36.0
36	34.35780177178468	36.0	36.0	36.0	32.0	36.0
37	34.33306546747676	36.0	36.0	36.0	32.0	36.0
38	34.3250248938395	36.0	36.0	36.0	32.0	36.0
39	34.302525801309	36.0	36.0	36.0	32.0	36.0
40	34.306068143477894	36.0	36.0	36.0	32.0	36.0
41	34.28092179553316	36.0	36.0	36.0	32.0	36.0
42	34.274450715859956	36.0	36.0	36.0	32.0	36.0
43	34.24815872858109	36.0	36.0	36.0	32.0	36.0
44	34.21082450615629	36.0	36.0	36.0	32.0	36.0
45	34.20121766141808	36.0	36.0	36.0	32.0	36.0
46	34.17601800994287	36.0	36.0	36.0	32.0	36.0
47	34.157607922899395	36.0	36.0	36.0	32.0	36.0
48	34.13311905307266	36.0	36.0	36.0	32.0	36.0
49	34.108050228473246	36.0	36.0	36.0	32.0	36.0
50	34.074003110233875	36.0	36.0	36.0	32.0	36.0
51	34.03909588627103	36.0	36.0	36.0	32.0	36.0
52	34.01172663210505	36.0	36.0	36.0	32.0	36.0
53	33.992461328070995	36.0	36.0	36.0	32.0	36.0
54	33.96140899317999	36.0	36.0	36.0	32.0	36.0
55	33.91947325863941	36.0	36.0	36.0	32.0	36.0
56	33.90403895250514	36.0	36.0	36.0	32.0	36.0
57	33.87115748709073	36.0	36.0	36.0	32.0	36.0
58	33.853030242141244	36.0	36.0	36.0	32.0	36.0
59	33.81434704026667	36.0	36.0	36.0	32.0	36.0
60	33.78175182999201	36.0	36.0	36.0	27.0	36.0
61	33.754904144778294	36.0	36.0	36.0	27.0	36.0
62	33.719632160895586	36.0	36.0	36.0	27.0	36.0
63	33.70939998519656	36.0	36.0	36.0	27.0	36.0
64	33.677387554021045	36.0	36.0	36.0	27.0	36.0
65	33.6402538429516	36.0	36.0	36.0	27.0	36.0
66	33.61599132824137	36.0	36.0	36.0	27.0	36.0
67	33.58655059249925	36.0	36.0	36.0	27.0	36.0
68	33.562991401771	36.0	36.0	36.0	27.0	36.0
69	33.54585288859815	36.0	36.0	36.0	27.0	36.0
70	33.50940394885715	36.0	36.0	36.0	27.0	36.0
71	33.45115455674648	36.0	36.0	36.0	27.0	36.0
72	33.41919272719116	36.0	36.0	36.0	27.0	36.0
73	33.393668173114264	36.0	36.0	36.0	27.0	36.0
74	33.30325887672926	36.0	36.0	36.0	27.0	36.0
75	32.071208569048714	36.0	32.0	36.0	14.0	36.0
>>END_MODULE
>>Per sequence quality scores	pass
#Quality	Count
2	40553.0
3	900.0
4	7701.0
5	2745.0
6	964.0
7	468.0
8	247.0
9	206.0
10	186.0
11	148.0
12	211.0
13	203.0
14	1319.0
15	3470.0
16	6053.0
17	9299.0
18	13877.0
19	19587.0
20	26844.0
21	36737.0
22	51350.0
23	71485.0
24	99643.0
25	136264.0
26	182251.0
27	237936.0
28	303465.0
29	383184.0
30	484462.0
31	626545.0
32	853524.0
33	1318837.0
34	2861787.0
35	1.0179511E7
>>END_MODULE
>>Per base sequence content	fail
#Base	G	A	T	C
1	44.6940106421947	17.68772629861125	11.460886950874219	26.157376108319834
2	16.965534763286197	19.123731168742445	36.83332916584992	27.077404902121444
3	20.276580057909793	20.748141278201533	28.277100778452656	30.698177885436014
4	13.741116147108665	14.545566955384503	35.81874850423395	35.89456839327288
5	15.518668897476633	34.310694674402484	34.72402766251976	15.446608765601125
6	34.920169161541395	34.60120966317531	16.318326211271785	14.160294964011513
7	30.759640623901984	29.31641949880405	20.395206986537655	19.528732890756313
8	26.840762881154607	34.400897191987596	19.815040403841348	18.94329952301645
9	25.147977736694177	15.546038029844263	19.913141954953627	39.39284227850794
10	14.534715139894375	27.2023274921752	34.75643663203775	23.50652073589268
11	34.83080401020347	22.63558018338042	23.409066072578995	19.124549733837114
12	22.645437205664994	24.096497766611144	30.720801486945337	22.53726354077853
13	28.014497063311566	20.536179135900195	25.936446907158206	25.512876893630033
14	20.66480330591195	20.58785604859667	27.090097537447637	31.657243108043744
15	23.025213190575634	29.29797047620175	23.10277866443534	24.574037668787273
16	23.00764824741766	28.359874342162367	25.457357242265545	23.175120168154432
17	21.98315652542084	27.97523827278681	27.31401184671749	22.72759335507486
18	22.378116410011827	27.649455322846727	27.836208157926773	22.136220109214666
19	22.9268144755609	27.063878566906137	27.387390979729147	22.621915977803813
20	22.893428548833388	27.015134367609694	27.600589727860186	22.490847355696733
21	22.721231377100803	26.665410753650022	27.28072063119738	23.332637238051795
22	22.623301272997395	26.72874552081822	27.576730962702534	23.07122224348185
23	22.60063071246982	26.778820139699178	27.40050040745453	23.220048740376473
24	22.790602313024007	26.50858346003473	27.68511784919474	23.015696377746522
25	22.92452328093273	26.561654355492774	27.26750913976702	23.246313223807473
26	22.437667297575903	26.989792205429065	27.504580184348963	23.06796031264607
27	22.51018381100938	26.957843985093326	27.412611308938434	23.119360894958856
28	22.523000782815238	26.874981010475068	27.395824583258122	23.206193623451572
29	22.462100423363538	26.977793829028784	27.485809965525682	23.074295782082
30	22.531706766184083	27.021814246198367	27.470756296532194	22.975722691085355
31	23.060305174921325	26.85902257381961	27.145109400464918	22.93556285079415
32	22.350365158398414	27.14789570082075	27.54891834431139	22.952820796469446
33	22.503144384986115	26.94774659717413	27.628565924167102	22.92054309367265
34	22.49243045300647	26.7363315241496	27.797682448370566	22.973555574473373
35	22.46299986733048	27.033590525999735	27.595187587718996	22.908222018950795
36	22.566900831919046	27.307419989192372	27.52019165376252	22.605487525126055
37	22.71137016617911	26.976167606185335	27.21904058851532	23.093421639120237
38	22.55142618383029	27.433995107822	27.249139324546334	22.765439383801368
39	22.753390474695312	27.10957749535985	27.45336358655418	22.68366844339066
40	22.826489793640974	26.8931525162545	27.4271137578013	22.853243932303226
41	22.822993547582893	27.043362275581067	27.435706743636366	22.69793743319967
42	22.608776528710393	27.28210624100653	27.44293986258979	22.666177367693287
43	22.703050163525518	27.01875753244639	27.345167059721774	22.933025244306318
44	22.540258834526703	27.35613206829477	27.380188809067917	22.723420288110603
45	22.64017972187534	27.297963004598692	27.227087582811205	22.83476969071476
46	22.744593188913566	27.25185166931145	27.15347767472702	22.85007746704796
47	22.725423457021023	27.336485787033897	27.307573855800126	22.63051690014495
48	22.501697916362414	27.355671437658042	27.25582970189551	22.886800944084033
49	22.820225586552134	27.10094938274698	27.262757847267423	22.816067183433468
50	22.6186158342103	27.42096920778297	27.226928232042845	22.73348672596389
51	22.731607872582412	27.356512262748765	27.17868110831797	22.73319875635085
52	22.70138689683939	27.404348440370214	27.14257385434055	22.751690808449844
53	22.626168045107512	27.180497291815175	27.41823720018876	22.775097462888553
54	22.76809221675139	27.516592663431727	27.21131426556726	22.50400085424962
55	22.74295596459512	27.164945476239122	27.20903921681884	22.883059342346918
56	22.822364176766047	27.466182433989218	27.033333717340213	22.678119671904522
57	22.644583739129395	27.384537727962016	27.12051887542808	22.850359657480503
58	22.677536003549964	27.284955687070457	27.129887777152206	22.907620532227373
59	22.606642428450233	27.439825239798694	27.12601474713235	22.827517584618725
60	22.683842959486643	27.365485268735174	27.303969655942367	22.64670211583581
61	22.95263614024406	27.287996274289405	27.077605812285782	22.68176177318075
62	22.8182552448325	27.42942446397243	27.15089365887806	22.601426632317008
63	22.790530026637597	27.588175134140375	27.04184945215636	22.579445387065675
64	22.85020950941507	27.286596715604595	26.983919443549105	22.879274331431233
65	22.718646434556497	27.504694952037312	27.131373843486983	22.645284769919208
66	22.7934266776669	27.67732528268117	26.881444009067746	22.647804030584183
67	22.83566667233901	27.376444364781293	26.979408031527637	22.808480931352058
68	22.833750594068654	27.65391210936454	27.14569269743154	22.366644599135263
69	23.094784264297136	27.485611831482597	27.02893673931991	22.390667164900353
70	23.220673469879152	27.33496906881074	26.936069871987844	22.50828758932226
71	22.961628971319705	27.721027759785404	26.866681049871254	22.450662219023638
72	22.925257631088265	27.812780278649885	27.140812357772948	22.121149732488902
73	23.684783262129635	28.44047064035435	27.067594996259594	20.807151101256423
74	24.80944482733341	30.75321097867027	27.284198715979468	17.15314547801685
75	30.25983158336886	41.21097433331406	28.529194083317076	0.0
>>END_MODULE
>>Per base GC content	fail
#Base	%GC
1	70.85138675051454
2	44.04293966540764
3	50.97475794334581
4	49.63568454038154
5	30.96527766307776
6	49.0804641255529
7	50.28837351465829
8	45.78406240417105
9	64.54082001520212
10	38.04123587578705
11	53.95535374404059
12	45.18270074644352
13	53.5273739569416
14	52.32204641395569
15	47.599250859362904
16	46.18276841557209
17	44.7107498804957
18	44.5143365192265
19	45.54873045336472
20	45.38427590453013
21	46.0538686151526
22	45.694523516479244
23	45.82067945284629
24	45.80629869077053
25	46.1708365047402
26	45.50562761022197
27	45.629544705968236
28	45.72919440626681
29	45.53639620544554
30	45.50742945726944
31	45.995868025715474
32	45.30318595486786
33	45.42368747865876
34	45.46598602747984
35	45.37122188628127
36	45.1723883570451
37	45.804791805299345
38	45.316865567631666
39	45.437058918085974
40	45.679733725944196
41	45.52093098078256
42	45.27495389640368
43	45.63607540783184
44	45.263679122637306
45	45.47494941259011
46	45.59467065596153
47	45.35594035716597
48	45.38849886044645
49	45.6362927699856
50	45.35210256017418
51	45.46480662893326
52	45.45307770528923
53	45.401265507996065
54	45.27209307100101
55	45.62601530694204
56	45.50048384867057
57	45.4949433966099
58	45.58515653577734
59	45.43416001306896
60	45.33054507532246
61	45.634397913424806
62	45.41968187714951
63	45.36997541370327
64	45.7294838408463
65	45.363931204475705
66	45.441230708251084
67	45.644147603691074
68	45.20039519320391
69	45.48545142919749
70	45.72896105920141
71	45.41229119034334
72	45.04640736357717
73	44.49193436338606
74	41.96259030535026
75	30.25983158336886
>>END_MODULE
>>Per sequence GC content	warn
#GC Content	Count
0	40822.0
1	21099.0
2	2062.5
3	3158.5
4	3578.0
5	3336.0
6	2759.5
7	2191.0
8	1967.5
9	2007.5
10	2409.0
11	3383.0
12	4011.5
13	4729.5
14	6560.0
15	9407.0
16	11690.0
17	15789.5
18	24360.0
19	35120.5
20	42745.0
21	55200.0
22	78165.5
23	104170.0
24	122200.5
25	145116.5
26	184089.0
27	223891.5
28	251125.0
29	286331.0
30	341820.5
31	396320.5
32	432981.0
33	475830.5
34	546862.5
35	615207.0
36	656631.5
37	697138.0
38	741658.5
39	768017.0
40	785516.5
41	793013.0
42	794465.0
43	793651.5
44	795123.0
45	792046.5
46	778339.0
47	759874.0
48	749936.0
49	736253.5
50	710445.0
51	684596.0
52	669114.5
53	656445.5
54	633167.0
55	607900.5
56	592395.0
57	575938.5
58	544159.0
59	505656.0
60	472290.0
61	433524.5
62	384797.0
63	337519.5
64	300483.0
65	268781.0
66	228008.0
67	186247.0
68	155166.5
69	132135.5
70	106196.5
71	81354.5
72	64359.5
73	53441.0
74	41398.5
75	30804.0
76	24028.0
77	19104.5
78	14053.0
79	10032.0
80	7675.0
81	6042.0
82	4333.0
83	3046.0
84	2424.0
85	2048.0
86	1678.0
87	1435.5
88	1369.5
89	1301.5
90	1231.5
91	1191.0
92	1172.5
93	1181.5
94	1210.0
95	1240.5
96	1252.0
97	1379.0
98	1766.5
99	7023.0
100	12020.0
>>END_MODULE
>>Per base N content	pass
#Base	N-Count
1	0.3571436127077877
2	0.25316833428330376
3	0.22626147410845207
4	0.22571587669543003
5	0.22724688984421637
6	0.23805305901437715
7	0.256848333160932
8	0.2738286608111074
9	0.2782379786796119
10	0.29260166567549806
11	0.300317971945381
12	0.30423179828573294
13	0.30557352253612385
14	0.305595791818288
15	0.30347464269215135
16	0.31994277685255096
17	0.3159398733835424
18	0.3114470457069222
19	0.31178665225992575
20	0.3159677099862476
21	0.3191466500151821
22	0.3137073778465849
23	0.3304260414313314
24	0.31735397280096683
25	0.3110517659485083
26	0.3179775127015635
27	0.3245803548632382
28	0.31930810231087225
29	0.3240180554885931
30	0.31969781474874515
31	0.3265567536553078
32	0.332541623236927
33	0.330782349945958
34	0.33384994356407166
35	0.3359154194847979
36	0.10120639880792047
37	0.12440818823746558
38	0.09182582425321138
39	0.11069077074143732
40	0.09175795821567355
41	0.11527099199008782
42	0.08839461719847178
43	0.09911597834345949
44	0.10485711887629105
45	0.10303245556175689
46	0.09649474332618492
47	0.11579094895187501
48	0.10833363973665668
49	0.09950373554718599
50	0.10233650733801082
51	0.11173296362786458
52	0.11563083775092628
53	0.10167630103412167
54	0.09224444250151802
55	0.09365737833067651
56	0.08884546816175055
57	0.09890986298673754
58	0.08137967283336162
59	0.08544831733123957
60	0.09081539077114813
61	0.09245662094498111
62	0.08280497320431533
63	0.08644318781770594
64	0.0778901258925216
65	0.08401207168551147
66	0.09368296809380205
67	0.0807744823729569
68	0.07832889326961703
69	0.07866527689157853
70	0.08043026210306672
71	0.08974422475175774
72	0.09192857530410724
73	0.10372323426611982
74	0.1191645172931022
75	0.1966198640981476
>>END_MODULE
>>Sequence Length Distribution	warn
#Length	Count
35	49063.0
36	12148.0
37	15804.0
38	17152.0
39	18662.0
40	18975.0
41	20250.0
42	21656.0
43	24079.0
44	26073.0
45	28327.0
46	28771.0
47	29975.0
48	30583.0
49	31413.0
50	31992.0
51	33167.0
52	34054.0
53	36192.0
54	38020.0
55	39368.0
56	40252.0
57	41741.0
58	41711.0
59	42896.0
60	43750.0
61	43728.0
62	45048.0
63	46712.0
64	49507.0
65	51455.0
66	50345.0
67	53884.0
68	54150.0
69	62174.0
70	72717.0
71	140753.0
72	443081.0
73	1207311.0
74	3719494.0
75	1.1125529E7
>>END_MODULE
>>Sequence Duplication Levels	warn
#Total Duplicate Percentage	30.74753381770925
#Duplication Level	Relative count
1	100.0
2	20.18978569143832
3	8.04279063155276
4	4.114155737996232
5	2.3762305860610584
6	1.4635533283576785
7	0.9183637203681985
8	0.7392401464264137
9	0.527419412161922
10++	3.7900273661015746
>>END_MODULE
>>Overrepresented sequences	warn
#Sequence	Count	Percentage	Possible Source
NNNNNNNNNNNNNNNNNNNNNNNNNNNNNNNNNNN	40543	0.22571587669543003	No Hit
>>END_MODULE
>>Kmer Content	warn
#Sequence	Count	Obs/Exp Overall	Obs/Exp Max	Max Obs/Exp Position
AAAAA	6275375	3.657552	8.528093	71
GGGGG	2622815	3.1216187	5.5013027	71
TTTTT	5284670	2.9764175	5.111732	71
CCTGG	2818050	2.9584277	11.657102	3
CCAGG	2712840	2.8675528	12.157315	3
CCCAG	2558225	2.7369676	10.854793	2
CAGCA	2873790	2.6334796	6.9476843	4
CTGGG	2531935	2.62616	10.106069	4
TGCTG	2900695	2.5904994	7.678191	2
CCAGC	2390830	2.5578768	6.431516	3
GCTGG	2371345	2.4595938	6.4515405	3
GGAGG	2382670	2.4584637	5.5287075	6
TCCAG	2653550	2.4150565	9.14681	2
CTGCT	2624670	2.3724647	6.6822786	9
AGCAG	2585325	2.3407035	5.43888	7
CTCCA	2535355	2.3355138	6.674549	1
CTCCT	2552595	2.335343	6.5228677	1
GCTGC	2205800	2.315679	5.7198296	8
CAGGA	2548175	2.3070686	9.64529	4
AGGAG	2572335	2.300992	6.9738097	5
CTGGA	2550340	2.2932658	8.815143	4
CAGCC	2140000	2.2895212	5.342137	9
TCCTG	2500570	2.2602897	9.102502	2
GGCTG	2160390	2.240788	8.13527	7
CTTCT	2875010	2.2375727	5.0401516	1
CCTGC	2073795	2.2035441	6.260078	3
CAGAG	2414825	2.186336	7.5649524	4
GGCAG	2089425	2.1820784	6.0366015	7
CTGCA	2397310	2.1818466	6.558327	4
CTGCC	2052075	2.1804652	5.701349	9
CTCTG	2396760	2.1664548	7.505687	2
GCAGG	2068825	2.160565	6.62123	3
CCCTG	2025560	2.1522913	8.740037	2
TGCAG	2379485	2.1396332	6.9179015	2
TGGAG	2358820	2.0955956	6.4276757	5
GCCTG	1967380	2.0653825	6.4827204	7
CAGGG	1972255	2.0597126	9.056278	4
AGCTG	2290225	2.0593703	5.9220114	7
CACAG	2234260	2.0474281	7.21573	7
CTGTG	2260280	2.018569	8.904048	9
GCCAG	1883655	1.9910793	5.1997333	2
CAGAA	2534150	1.9890757	5.3956347	4
CCCCA	1830930	1.9826511	6.628321	1
GGAGA	2209385	1.9763279	5.4445577	6
CTGGC	1878780	1.9723691	5.4029565	4
CAGGC	1852740	1.9584012	5.732997	4
CTCAG	2134180	1.9423659	6.0669155	2
TTCTG	2483315	1.9095279	5.268906	2
GGGAG	1845775	1.9044899	5.2118506	7
CTGAG	2109925	1.8972446	5.7579327	4
CCAGA	2052745	1.8810917	6.659695	3
CCTCT	2050360	1.8758532	5.646373	1
GGCCA	1729515	1.8281487	6.0002584	1
TCTGG	2034750	1.8171568	6.3052106	3
TGGGG	1763300	1.806971	5.861403	5
CAGTG	2001680	1.7999107	6.3328424	9
CACTG	1971135	1.7939751	7.420313	7
ACCTG	1955110	1.7793903	5.3042274	7
TGGCC	1650565	1.7327859	5.4122987	5
CCTGA	1869620	1.7015839	5.508974	3
GAGAG	1892240	1.692637	5.4014645	7
ACAGA	2150210	1.6877182	5.908184	8
GCCCA	1552650	1.6611332	6.8047376	1
TCAGG	1818380	1.6350875	5.6468887	3
GTGTG	1844475	1.6274607	7.9533477	1
ACACA	2030355	1.6130012	6.5661197	6
CCTGT	1776590	1.605877	5.4804335	8
TGTGT	2087440	1.5858587	6.187185	10
AGGTG	1768190	1.5708749	5.1404767	7
CACAC	1687240	1.5649321	6.613672	5
TGGGC	1494320	1.5499307	6.123861	5
GGGCC	1266265	1.5439175	5.0464706	6
GCTGT	1680975	1.501214	5.439076	8
ACAGC	1629415	1.4931612	5.6610017	8
CTGTC	1620585	1.4648625	5.788847	9
GACAG	1571760	1.4230413	6.7885747	7
GCCCT	1332950	1.4163474	5.7167645	1
GGGCT	1355470	1.4059132	5.7518206	6
AGACA	1764930	1.3853086	5.276597	6
AGGGC	1284935	1.3419142	5.476231	5
GTCCT	1450445	1.3110714	8.845655	1
GGACA	1428710	1.2935265	6.1231318	6
GTGCT	1407260	1.2567699	6.5858517	1
AGGAC	1355060	1.2268453	8.305157	5
ACTGC	1339330	1.2189549	5.1404667	8
TGTGC	1352240	1.2076335	5.954038	10
GTCCA	1325800	1.206641	6.9098773	1
AGCAC	1297400	1.1889095	5.5334353	5
GTCTT	1484280	1.1413268	5.3593144	1
TGGAC	1226840	1.1031747	6.0556116	5
GTGCA	1217555	1.0948256	6.06667	1
ACAGT	1386580	1.0809088	5.411663	8
ACTGT	1371900	1.062164	6.2310305	8
TGCAC	1164195	1.0595605	5.321855	5
GACTG	1157530	1.040851	5.9042754	7
GGACC	949675	1.0038347	5.3017573	6
ACACT	1252295	0.98808527	5.0372343	6
CTACA	1207090	0.9524176	5.219452	4
GGACT	1054925	0.9485886	5.179679	6
TGTAG	1218245	0.9318802	5.4089446	2
TCCTA	1020750	0.7998935	5.123164	2
TAGGA	1032075	0.79489845	5.244396	4
GTGTA	887610	0.67896545	5.9921875	1
TACAC	832905	0.6571783	5.0916824	5
>>END_MODULE
