##FastQC	0.10.1
>>Basic Statistics	pass
#Measure	Value	
Filename	030-F0_S1_L003_R2_001_trimmed.fq.gz	
File type	Conventional base calls	
Encoding	Sanger / Illumina 1.9	
Total Sequences	17506196	
Filtered Sequences	0	
Sequence length	20-51	
%GC	43	
>>END_MODULE
>>Per base sequence quality	pass
#Base	Mean	Median	Lower Quartile	Upper Quartile	10th Percentile	90th Percentile
1	34.72129924742074	36.0	36.0	36.0	32.0	36.0
2	34.71864590114266	36.0	36.0	36.0	32.0	36.0
3	34.69305147731694	36.0	36.0	36.0	32.0	36.0
4	34.68823512543787	36.0	36.0	36.0	32.0	36.0
5	34.66527639699681	36.0	36.0	36.0	32.0	36.0
6	34.6543824255138	36.0	36.0	36.0	32.0	36.0
7	34.63478644932343	36.0	36.0	36.0	32.0	36.0
8	34.622320177381766	36.0	36.0	36.0	32.0	36.0
9	34.5981690711106	36.0	36.0	36.0	32.0	36.0
10	34.57889817982159	36.0	36.0	36.0	32.0	36.0
11	34.562240534722676	36.0	36.0	36.0	32.0	36.0
12	34.542047112919334	36.0	36.0	36.0	32.0	36.0
13	34.544007961524024	36.0	36.0	36.0	32.0	36.0
14	34.53097857467151	36.0	36.0	36.0	32.0	36.0
15	34.515378897848514	36.0	36.0	36.0	32.0	36.0
16	34.49742862469951	36.0	36.0	36.0	32.0	36.0
17	34.47292552876707	36.0	36.0	36.0	32.0	36.0
18	34.460500213752894	36.0	36.0	36.0	32.0	36.0
19	34.4210275607562	36.0	36.0	36.0	32.0	36.0
20	34.438858618971246	36.0	36.0	36.0	32.0	36.0
21	34.4190146057429	36.0	36.0	36.0	32.0	36.0
22	34.41741127355105	36.0	36.0	36.0	32.0	36.0
23	34.390321802054295	36.0	36.0	36.0	32.0	36.0
24	34.36239238163706	36.0	36.0	36.0	32.0	36.0
25	34.353024988199685	36.0	36.0	36.0	32.0	36.0
26	34.309598923793274	36.0	36.0	36.0	32.0	36.0
27	34.30968060949124	36.0	36.0	36.0	32.0	36.0
28	34.28516661050441	36.0	36.0	36.0	32.0	36.0
29	34.264354397748285	36.0	36.0	36.0	32.0	36.0
30	34.24703164345376	36.0	36.0	36.0	32.0	36.0
31	34.22521558957416	36.0	36.0	36.0	32.0	36.0
32	34.20936880670712	36.0	36.0	36.0	32.0	36.0
33	34.1540899410116	36.0	36.0	36.0	32.0	36.0
34	34.141011136212875	36.0	36.0	36.0	32.0	36.0
35	34.08055695214636	36.0	36.0	36.0	32.0	36.0
36	34.056300614429	36.0	36.0	36.0	32.0	36.0
37	34.061181872835846	36.0	36.0	36.0	32.0	36.0
38	34.016990063212866	36.0	36.0	36.0	32.0	36.0
39	34.00929240264592	36.0	36.0	36.0	32.0	36.0
40	33.98175378190054	36.0	36.0	36.0	32.0	36.0
41	33.94955854238951	36.0	36.0	36.0	32.0	36.0
42	33.91820538113747	36.0	36.0	36.0	32.0	36.0
43	33.90970827510278	36.0	36.0	36.0	32.0	36.0
44	33.871898773559984	36.0	36.0	36.0	32.0	36.0
45	33.86579187908986	36.0	36.0	36.0	32.0	36.0
46	33.842178880404	36.0	36.0	36.0	32.0	36.0
47	33.82812104347234	36.0	36.0	36.0	32.0	36.0
48	33.83513121925148	36.0	36.0	36.0	32.0	36.0
49	33.88080520590464	36.0	36.0	36.0	32.0	36.0
50	33.95832968118444	36.0	36.0	36.0	32.0	36.0
51	34.089565271394605	36.0	36.0	36.0	32.0	36.0
>>END_MODULE
>>Per sequence quality scores	pass
#Quality	Count
14	1182.0
15	2467.0
16	4600.0
17	8073.0
18	12806.0
19	19128.0
20	27964.0
21	39103.0
22	54166.0
23	73357.0
24	98619.0
25	131671.0
26	173061.0
27	222992.0
28	282929.0
29	355655.0
30	446331.0
31	570176.0
32	755618.0
33	1091519.0
34	2003204.0
35	7627505.0
36	3504070.0
>>END_MODULE
>>Per base sequence content	pass
#Base	G	A	T	C
1	21.659748354239834	27.456621644131022	27.541757215559564	23.341872786069572
2	21.916725940918287	28.559248394111435	27.88770901456833	21.636316650401948
3	21.231294337159255	28.38848599661514	28.371497725719514	22.008721940506092
4	22.34083863793139	26.991694826220385	29.10564922270949	21.561817313138732
5	21.779534514522744	27.728862398204612	28.51829146663273	21.973311620639915
6	20.929504045310587	28.51152243468541	28.750957660933306	21.808015859070697
7	21.17074434674443	28.48869623075167	28.366065363371916	21.974494059131978
8	20.970683751055912	28.447168076948298	27.88634378365237	22.69580438834342
9	21.534318477869206	28.030966864531848	27.930316786125324	22.504397871473618
10	21.101831602936468	28.033788722575707	28.731884413952635	22.132495260535183
11	22.60643602984909	27.576264997832766	27.912277458792307	21.905021513525842
12	21.120076571746367	28.604015401175676	28.43054539090046	21.845362636177498
13	21.080307795022975	28.424907387075983	29.00196593251898	21.492818885382068
14	21.26301453496808	28.10519772542247	29.130023449983078	21.501764289626372
15	21.064793288044985	28.58245160741945	28.812655816260712	21.54009928827485
16	20.99547497354651	28.47024562046489	29.24151540403181	21.292764001956794
17	21.242970203235473	27.99299173846791	27.96209981882986	22.801938239466757
18	21.242878807023523	29.24258930952218	27.919389226534424	21.59514265691987
19	22.052078018548404	28.067308283307234	28.34841446993967	21.53219922820469
20	22.502421428390267	27.57562522434914	28.570878562081674	21.351074785178916
21	22.37754698982397	27.64514403723812	28.587392440783745	21.389916532154167
22	21.4350884371203	28.777742232278143	28.638910338155398	21.14825899244616
23	21.184720465213584	28.60042726391963	28.777869104899835	21.436983165966954
24	20.906935257308337	28.825474381467686	28.565363111007198	21.70222725021678
25	21.208783690274817	28.895063141282932	28.11199699073883	21.78415617770342
26	21.32368398802233	27.967648419094598	28.46312953338191	22.245538059501165
27	22.281949598320324	28.033828446871585	28.244244900491445	21.439977054316646
28	20.971092774440585	28.642019846059352	28.267950220714766	22.118937158785297
29	22.170518158577853	27.836198596695148	28.069904477916293	21.923378766810707
30	21.154067026798725	29.33761095772973	27.83957416752603	21.66874784794551
31	21.27818987071782	28.690973019617566	28.394093178955192	21.63674393070942
32	21.296271024909696	29.160501804097173	27.920188657386934	21.623038513606193
33	21.1516802761366	27.9061414624561	29.113569610315754	21.828608651091542
34	21.41715470835712	28.9770306592545	28.505589894232035	21.100224738156346
35	21.23704994196914	27.635762503739496	28.873797440831495	22.253390113459865
36	21.62806063203234	28.400432265177923	27.83676984544654	22.134737257343193
37	21.30643131798891	28.4392357436725	27.881974167474173	22.372358770864416
38	21.595310025697078	28.69717289251763	27.51209620314674	22.19542087863855
39	21.630335602414885	28.47711590903345	27.710925102617885	22.181623385933783
40	21.170529235195477	28.07258691963573	28.95373805137237	21.80314579379642
41	21.7855461297266	27.934732058736166	28.363648464990305	21.916073346546934
42	21.869195246374883	27.74149028896687	28.737691074792405	21.651623389865843
43	21.60504815646839	28.792345396143087	28.102443056012117	21.500163391376407
44	21.648746769438322	28.15566701993204	27.907560370768934	22.288025839860698
45	21.910335162177187	28.720455369614516	27.836362976589868	21.532846491618432
46	21.533799571803662	29.868158066550514	27.38358674582395	21.214455615821873
47	21.98675394804655	28.17220355340606	27.64812378241243	22.192918716134955
48	21.880793590710688	28.761219226991543	28.377103155992184	20.980884026305585
49	22.29164842605201	28.242003807059678	28.492435705870893	20.973912061017415
50	23.14695776921832	28.123070734185745	28.14571273647103	20.584258760124907
51	21.942451555508597	29.610234141401882	27.97846691934309	20.46884738374643
>>END_MODULE
>>Per base GC content	pass
#Base	%GC
1	45.0016211403094
2	43.55304259132024
3	43.24001627766535
4	43.90265595107012
5	43.752846135162656
6	42.73751990438128
7	43.14523840587641
8	43.66648813939933
9	44.03871634934283
10	43.23432686347165
11	44.511457543374924
12	42.965439207923865
13	42.57312668040504
14	42.764778824594444
15	42.604892576319834
16	42.2882389755033
17	44.04490844270223
18	42.83802146394339
19	43.584277246753096
20	43.85349621356918
21	43.76746352197814
22	42.58334742956646
23	42.62170363118054
24	42.60916250752512
25	42.99293986797824
26	43.569222047523496
27	43.721926652636974
28	43.09002993322588
29	44.093896925388556
30	42.82281487474424
31	42.91493380142724
32	42.91930953851589
33	42.980288927228145
34	42.517379446513466
35	43.490440055429005
36	43.762797889375534
37	43.678790088853326
38	43.79073090433563
39	43.811958988348664
40	42.973675028991906
41	43.701619476273535
42	43.520818636240726
43	43.10521154784479
44	43.93677260929902
45	43.44318165379561
46	42.74825518762553
47	44.17967266418151
48	42.86167761701628
49	43.26556048706943
50	43.73121652934323
51	42.411298939255026
>>END_MODULE
>>Per sequence GC content	warn
#GC Content	Count
0	13152.0
1	10803.5
2	7643.0
3	7503.5
4	8278.0
5	9349.0
6	10521.5
7	11832.5
8	13129.0
9	15681.0
10	18433.0
11	23139.0
12	27896.0
13	34566.5
14	41761.0
15	53574.0
16	65758.5
17	83797.0
18	102663.0
19	128607.5
20	155373.5
21	185550.5
22	216324.0
23	255123.5
24	295816.5
25	338214.0
26	420403.0
27	478871.5
28	552827.5
29	630773.5
30	718033.0
31	806623.0
32	899056.5
33	991467.0
34	1066559.0
35	1135093.0
36	1158266.0
37	1172658.0
38	1160387.5
39	1148130.0
40	1131481.5
41	1111878.5
42	1103233.5
43	1092448.5
44	1068129.0
45	1042527.0
46	1019008.0
47	994155.5
48	967419.0
49	940244.0
50	911024.0
51	879959.0
52	846664.5
53	811337.5
54	774283.5
55	736058.0
56	695244.0
57	651934.0
58	606585.0
59	559622.0
60	512328.0
61	463293.0
62	415354.0
63	370935.0
64	326587.0
65	284681.0
66	248758.0
67	214201.0
68	180904.5
69	147378.5
70	122294.0
71	100622.0
72	83710.5
73	68104.0
74	55610.5
75	41753.5
76	34927.5
77	29383.0
78	24076.5
79	19561.5
80	15534.0
81	12844.5
82	10460.5
83	8656.5
84	6985.0
85	5748.0
86	4552.0
87	3791.5
88	3093.0
89	2522.5
90	2043.0
91	1788.0
92	1567.0
93	1460.0
94	1353.5
95	1385.0
96	1443.0
97	1645.0
98	2623.5
99	10058.0
100	16701.0
>>END_MODULE
>>Per base N content	pass
#Base	N-Count
1	0.0
2	0.0
3	0.0
4	0.0
5	0.0
6	0.0
7	0.0
8	0.0
9	0.0
10	0.0
11	0.0
12	0.0
13	0.0
14	0.0
15	0.0
16	0.0
17	0.0
18	0.0
19	0.0
20	0.0
21	0.0
22	0.0
23	0.0
24	0.0
25	0.0
26	5.775376324965179E-6
27	0.0
28	0.0
29	0.0
30	0.0
31	0.0
32	0.0
33	0.0
34	0.0
35	0.0
36	0.0
37	0.0
38	0.0
39	0.0
40	0.0
41	0.0
42	0.0
43	0.0
44	0.0
45	0.0
46	6.175670784377505E-6
47	4.127530950384639E-4
48	0.0
49	0.0
50	0.0
51	0.0
>>END_MODULE
>>Sequence Length Distribution	warn
#Length	Count
20	30125.0
21	30512.0
22	31966.0
23	31801.0
24	32683.0
25	34220.0
26	35822.0
27	37357.0
28	38463.0
29	42320.0
30	43564.0
31	43449.0
32	45820.0
33	46109.0
34	47891.0
35	50939.0
36	48332.0
37	50424.0
38	52666.0
39	56387.0
40	58122.0
41	67749.0
42	67577.0
43	76856.0
44	90910.0
45	121559.0
46	202384.0
47	471963.0
48	967364.0
49	1932720.0
50	2699264.0
51	9918878.0
>>END_MODULE
>>Sequence Duplication Levels	warn
#Total Duplicate Percentage	26.352384383916487
#Duplication Level	Relative count
1	100.0
2	16.058867086264346
3	5.480774316390755
4	2.65774580843074
5	1.5265510128523827
6	0.9718622732321363
7	0.6485693129528746
8	0.4700639974612577
9	0.3570106309832337
10++	4.054715184852171
>>END_MODULE
>>Overrepresented sequences	pass
>>END_MODULE
>>Kmer Content	warn
#Sequence	Count	Obs/Exp Overall	Obs/Exp Max	Max Obs/Exp Position
AAAAA	6671895	4.6233435	5.9341526	47
GGGGG	1489770	4.048408	5.4806447	47
TTTTT	5457855	3.7999182	6.1466336	13
TTTTC	3551380	3.2130165	6.624201	4
GAAAA	3482230	3.1714363	8.502017	4
AGAAA	3346185	3.0475335	7.8224254	28
CCAGG	1438005	2.9120302	5.6007876	35
AAGAA	2775305	2.5276053	5.437224	2
GGAAA	1982520	2.373055	8.388642	20
GAGAA	1963290	2.3500366	8.734865	27
TTTCC	1953720	2.2968981	5.078077	22
AAAAT	3245665	2.2512293	5.921387	22
TCCTC	1457705	2.226961	5.8618383	24
GGTGG	1067990	2.210292	5.3044963	18
ATTTT	3167310	2.2030976	5.1268888	2
CCACC	1100610	2.1828854	6.5699983	8
TTCCT	1844965	2.16904	5.09132	23
GAGGA	1373585	2.1609132	5.1077466	2
TGGAA	1765530	2.1153114	5.777558	19
TTCAG	1695615	2.0124104	5.5282803	15
TGAAA	2185695	1.9924946	6.724968	10
CTGAA	1670755	1.9810389	7.937399	9
TCCAC	1288110	1.9660151	5.5919247	35
AAATG	2121145	1.9336505	6.869914	23
CATTT	2114675	1.9113946	6.8725557	1
AAAAC	2054210	1.851503	6.4480643	5
GTGGA	1117875	1.7602894	6.4375806	47
TGAGA	1453535	1.7415049	8.082503	26
CACCT	1087910	1.6604542	5.0982733	9
CCACT	1079550	1.6476943	5.829109	36
CATGG	1029590	1.6044868	6.2523184	17
CAAGA	1288120	1.5259051	5.7347975	1
AGTGG	949745	1.4955393	5.711244	46
CATCC	968990	1.478949	5.077893	33
AATGA	1620835	1.4775643	6.3519454	24
ATGGA	1216140	1.4570781	5.20876	18
ATGAG	1209470	1.4490867	7.7304287	25
CACTT	1215810	1.4280258	6.7638893	37
ACTGA	1201615	1.4247726	7.2432365	8
CTTGA	1196210	1.4197004	6.379688	47
AACTG	1194440	1.4162652	7.2215786	7
AAACT	1484615	1.339376	5.8391023	6
AAATC	1456520	1.3140295	6.043776	13
AAGTG	1091025	1.3071755	5.338088	47
ACTTG	1082075	1.2842414	5.40169	46
AATCA	1308440	1.180436	5.8871164	14
CGCCA	490105	0.98221284	5.081269	28
CCTCG	441215	0.88506633	5.3314385	25
>>END_MODULE
