##FastQC	0.10.1
>>Basic Statistics	pass
#Measure	Value	
Filename	001-F0_S3_L004_R2_001_trimmed.fq.gz	
File type	Conventional base calls	
Encoding	Sanger / Illumina 1.9	
Total Sequences	20511482	
Filtered Sequences	0	
Sequence length	20-51	
%GC	45	
>>END_MODULE
>>Per base sequence quality	pass
#Base	Mean	Median	Lower Quartile	Upper Quartile	10th Percentile	90th Percentile
1	34.776053041901115	36.0	36.0	36.0	32.0	36.0
2	34.767574961185154	36.0	36.0	36.0	32.0	36.0
3	34.74976410773244	36.0	36.0	36.0	32.0	36.0
4	34.735039476913464	36.0	36.0	36.0	32.0	36.0
5	34.72521185938685	36.0	36.0	36.0	32.0	36.0
6	34.70510097710151	36.0	36.0	36.0	32.0	36.0
7	34.695410404767436	36.0	36.0	36.0	32.0	36.0
8	34.67953115235652	36.0	36.0	36.0	32.0	36.0
9	34.663511588289914	36.0	36.0	36.0	32.0	36.0
10	34.64274663332469	36.0	36.0	36.0	32.0	36.0
11	34.62853771365716	36.0	36.0	36.0	32.0	36.0
12	34.614685618523325	36.0	36.0	36.0	32.0	36.0
13	34.596467529747486	36.0	36.0	36.0	32.0	36.0
14	34.58139528874608	36.0	36.0	36.0	32.0	36.0
15	34.57476807380374	36.0	36.0	36.0	32.0	36.0
16	34.53396707268641	36.0	36.0	36.0	32.0	36.0
17	34.525537501385806	36.0	36.0	36.0	32.0	36.0
18	34.50848271226818	36.0	36.0	36.0	32.0	36.0
19	34.487579054502255	36.0	36.0	36.0	32.0	36.0
20	34.47187550855662	36.0	36.0	36.0	32.0	36.0
21	34.450967659433175	36.0	36.0	36.0	32.0	36.0
22	34.44285709029804	36.0	36.0	36.0	32.0	36.0
23	34.4173867137442	36.0	36.0	36.0	32.0	36.0
24	34.37724809165111	36.0	36.0	36.0	32.0	36.0
25	34.36158007746508	36.0	36.0	36.0	32.0	36.0
26	34.33351216742092	36.0	36.0	36.0	32.0	36.0
27	34.320750890683684	36.0	36.0	36.0	32.0	36.0
28	34.279289074145545	36.0	36.0	36.0	32.0	36.0
29	34.26283088673922	36.0	36.0	36.0	32.0	36.0
30	34.23090952419612	36.0	36.0	36.0	32.0	36.0
31	34.202988533360475	36.0	36.0	36.0	32.0	36.0
32	34.18068279079374	36.0	36.0	36.0	32.0	36.0
33	34.122767678561445	36.0	36.0	36.0	32.0	36.0
34	34.08895065857624	36.0	36.0	36.0	32.0	36.0
35	34.06891292616453	36.0	36.0	36.0	32.0	36.0
36	34.05651776862727	36.0	36.0	36.0	32.0	36.0
37	34.03092591730903	36.0	36.0	36.0	32.0	36.0
38	33.997057382298685	36.0	36.0	36.0	32.0	36.0
39	33.97251904022559	36.0	36.0	36.0	32.0	36.0
40	33.95355077588608	36.0	36.0	36.0	32.0	36.0
41	33.913566667406954	36.0	36.0	36.0	32.0	36.0
42	33.888432851707414	36.0	36.0	36.0	32.0	36.0
43	33.876797196677245	36.0	36.0	36.0	32.0	36.0
44	33.86341778767929	36.0	36.0	36.0	32.0	36.0
45	33.854704533909896	36.0	36.0	36.0	32.0	36.0
46	33.83138093006965	36.0	36.0	36.0	27.0	36.0
47	33.82781621607447	36.0	36.0	36.0	27.0	36.0
48	33.84567039021889	36.0	36.0	36.0	27.0	36.0
49	33.88493003224631	36.0	36.0	36.0	32.0	36.0
50	33.98654208699653	36.0	36.0	36.0	32.0	36.0
51	34.14427576214323	36.0	36.0	36.0	32.0	36.0
>>END_MODULE
>>Per sequence quality scores	pass
#Quality	Count
3	2.0
4	4.0
5	4.0
6	8.0
7	22.0
8	21.0
9	28.0
10	36.0
11	40.0
12	33.0
13	47.0
14	1446.0
15	2906.0
16	5375.0
17	9011.0
18	14256.0
19	21869.0
20	32311.0
21	45178.0
22	62473.0
23	85398.0
24	115935.0
25	154122.0
26	201047.0
27	256545.0
28	323733.0
29	401913.0
30	500815.0
31	633859.0
32	845513.0
33	1242538.0
34	2354876.0
35	9336303.0
36	3863815.0
>>END_MODULE
>>Per base sequence content	pass
#Base	G	A	T	C
1	22.57339735048258	26.80330523197733	27.380017331396004	23.24328008614408
2	22.525776563462905	26.967380239170623	27.65811608278143	22.848727114585042
3	22.450548635094254	26.985931105820992	27.574136458103066	22.989383800981688
4	22.71411895680162	26.652835727663504	27.842009800035473	22.7910355154994
5	22.82231167045973	26.758538465052577	27.426697589738968	22.992452274748725
6	22.308734727190156	27.157922090965624	27.657431737508908	22.875911444335316
7	22.405895383706273	27.140788146044777	27.501904532287092	22.951411937961858
8	22.39739048792616	27.042728015273738	27.46491175422775	23.094969742572356
9	22.397399532557866	27.089143491123252	27.545679163545948	22.967777812772937
10	22.41435008291698	27.115216618225706	27.570443352059332	22.899989946797987
11	23.001712044408425	26.98270042362787	27.204685016300843	22.81090251566286
12	22.266836275476727	27.275751854139546	27.619625574461597	22.83778629592213
13	22.413910285013543	27.09481365219236	27.72229823762154	22.768977825172556
14	22.462986722195826	26.860373529811127	27.86725072395687	22.80938902403617
15	22.394400683123212	27.16715563568361	27.643599361926878	22.794844319266296
16	22.517465456093078	27.44332694931077	27.530357424165132	22.508850170431025
17	22.67777531992895	27.065438526684478	27.171175865811918	23.08561028757465
18	22.528920987510094	27.530391988316243	27.25210613478034	22.68858088939332
19	22.776791401258357	27.1190865026638	27.439073264589474	22.665048831488363
20	22.851754596509426	26.87079790004518	27.497733259284274	22.779714244161116
21	22.826411690063914	27.012759996563023	27.498000680059757	22.662827633313302
22	22.575759404303593	27.2926165015503	27.51211427345806	22.619509820688048
23	22.627506480064437	27.052313247040754	27.407085854793895	22.91309441810092
24	22.453743391772022	27.405208322634017	27.435084110465947	22.705964175128017
25	22.590010797252646	27.329703463999643	27.242139290901136	22.838146447846576
26	22.715030929910846	27.23756682215519	27.198052105433895	22.84935014250007
27	22.76148013687753	27.315218997018693	27.309511525774198	22.613789340329575
28	22.46261264326498	27.330491129617496	27.277704914240424	22.929191312877098
29	22.807338313433505	27.08766264247393	27.264666344077227	22.840332700015338
30	22.530039765402943	27.49466759504916	27.216067065560313	22.75922557398758
31	22.68746657709137	27.319076776616797	27.248946616316026	22.744510029975807
32	22.62095632831528	27.404154620770743	27.16391161841288	22.810977432501097
33	22.515025408750688	27.141964375943445	27.511240126667218	22.831770088638645
34	22.706070162623494	27.521713970284672	27.2693519535518	22.502863913540033
35	22.665494455022856	27.11986434393675	27.27042266049543	22.944218540544966
36	22.801531195266943	27.422893100200408	27.036206871205632	22.739368833327017
37	22.568770725220162	27.34130029613418	27.1694751935827	22.920453785062954
38	22.635392187449643	27.23749151674423	27.145363346077612	22.981752949728513
39	22.577366673711253	27.34308649473495	27.184076799914013	22.895470031639775
40	22.586258552760057	27.270137824565044	27.38797090050934	22.755632722165554
41	22.857846342389752	27.2218689861335	27.153791454183896	22.766493217292847
42	22.762885336554334	27.306437180721936	27.233051288004752	22.697626194718975
43	22.72720745505382	27.4841133020895	27.140761946382106	22.647917296474574
44	22.77291994323896	27.186739744941857	27.058204860436213	22.98213545138297
45	22.631657555058503	27.4010029118722	27.233250330810694	22.7340892022586
46	22.680128556111757	27.641590309595127	26.964636773562734	22.713644360730388
47	22.754475979991277	27.29173659206186	27.071083019892544	22.882704408054316
48	22.71649273840456	27.660339380458925	27.27149299064105	22.351674890495467
49	23.031982931646088	27.561562302865823	27.20225418333874	22.20420058214935
50	23.181430539079205	27.687558294441423	27.310645469635364	21.82036569684401
51	22.758558185179957	28.13659298295137	27.460812501858655	21.64403633001002
>>END_MODULE
>>Per base GC content	pass
#Base	%GC
1	45.816677436626655
2	45.374503678047944
3	45.43993243607595
4	45.505154472301015
5	45.814763945208455
6	45.184646171525465
7	45.35730732166813
8	45.49236023049851
9	45.3651773453308
10	45.31434002971496
11	45.81261456007128
12	45.10462257139886
13	45.1828881101861
14	45.272375746231994
15	45.189245002389505
16	45.0263156265241
17	45.7633856075036
18	45.21750187690341
19	45.44184023274672
20	45.63146884067054
21	45.48923932337722
22	45.19526922499164
23	45.54060089816535
24	45.15970756690004
25	45.42815724509922
26	45.56438107241092
27	45.375269477207105
28	45.39180395614208
29	45.64767101344884
30	45.289265339390525
31	45.43197660706718
32	45.43193376081638
33	45.34679549738934
34	45.20893407616352
35	45.60971299556782
36	45.54090002859396
37	45.48922451028312
38	45.617145137178156
39	45.472836705351035
40	45.341891274925615
41	45.6243395596826
42	45.46051153127331
43	45.37512475152839
44	45.75505539462193
45	45.3657467573171
46	45.39377291684214
47	45.63718038804559
48	45.06816762890003
49	45.23618351379544
50	45.001796235923216
51	44.40259451518998
>>END_MODULE
>>Per sequence GC content	pass
#GC Content	Count
0	10514.0
1	9361.0
2	6967.0
3	6096.5
4	6545.0
5	7450.0
6	8485.5
7	9899.5
8	11347.5
9	13493.5
10	15838.5
11	19972.0
12	24173.5
13	30697.0
14	37882.5
15	49754.0
16	62278.0
17	80234.0
18	99314.5
19	124617.5
20	150803.0
21	183268.0
22	216499.5
23	258002.5
24	301103.5
25	344887.0
26	425894.0
27	483991.5
28	550047.5
29	617793.5
30	691863.5
31	768976.5
32	848536.0
33	929531.5
34	1006618.5
35	1080269.5
36	1137899.0
37	1190098.5
38	1223993.0
39	1257634.0
40	1279209.5
41	1296669.5
42	1305024.0
43	1308176.5
44	1300527.5
45	1289920.5
46	1273629.0
47	1253107.5
48	1228130.0
49	1203317.0
50	1176176.5
51	1148563.5
52	1118862.0
53	1086394.0
54	1053002.5
55	1018496.5
56	982311.0
57	942178.5
58	891572.5
59	835235.0
60	775798.0
61	712755.0
62	649851.5
63	589469.0
64	523275.0
65	460981.5
66	404638.0
67	349333.0
68	298236.0
69	248705.5
70	209542.0
71	174665.0
72	146540.5
73	119766.0
74	97134.5
75	72818.0
76	60759.0
77	50533.0
78	40790.0
79	32786.0
80	25545.5
81	20640.0
82	16452.0
83	13330.5
84	10617.0
85	8695.0
86	6864.0
87	5724.5
88	4636.5
89	3834.0
90	3178.5
91	2782.5
92	2456.5
93	2261.0
94	2088.0
95	2008.5
96	1960.5
97	2141.5
98	2780.0
99	15918.5
100	28600.0
>>END_MODULE
>>Per base N content	pass
#Base	N-Count
1	0.0035492315962347334
2	0.0029349415122710294
3	0.005499358846913159
4	0.004602300311601083
5	0.0038953791832301533
6	0.0037393690031758795
7	0.0058357557976551865
8	0.004782687082288837
9	0.0034517252337008123
10	0.0029446921485244216
11	0.007312977190044093
12	0.0036808651856555267
13	0.004963073852976591
14	0.0045681730847142105
15	0.0047778117641621405
16	0.006947328330541888
17	0.005972264705202676
18	0.007976020455274757
19	0.004612050947854475
20	0.0036808651856555267
21	0.0043131514197334506
22	0.006911872158326513
23	0.006417515802271416
24	0.009593898616241834
25	0.00826373399892393
26	0.0072282643629813645
27	0.005447743938075315
28	0.008256240045197531
29	0.004774283437849936
30	0.00464203338015564
31	0.006727827413799331
32	0.004786927059898396
33	0.0037192372334882984
34	0.008291141377197575
35	0.008446095667312671
36	0.0045394218246602
37	0.004543945647339387
38	0.006011631122135975
39	0.006769484820689729
40	0.006338736042322084
41	0.006508897286261567
42	0.007001838009120613
43	0.005566825832879388
44	0.0042095747289257555
45	0.0028980033082824284
46	0.005706123469997728
47	0.002683507463150942
48	0.0038667105238588393
49	0.002504256464975537
50	0.0045518975297669855
51	0.003294723702959795
>>END_MODULE
>>Sequence Length Distribution	warn
#Length	Count
20	62397.0
21	63870.0
22	65826.0
23	66934.0
24	67875.0
25	69101.0
26	70484.0
27	72223.0
28	74498.0
29	79373.0
30	79988.0
31	81208.0
32	83799.0
33	83224.0
34	85266.0
35	85775.0
36	85256.0
37	88167.0
38	90115.0
39	93332.0
40	96288.0
41	99982.0
42	102364.0
43	111194.0
44	126463.0
45	165396.0
46	262252.0
47	593857.0
48	1192578.0
49	2393984.0
50	3225719.0
51	1.0592694E7
>>END_MODULE
>>Sequence Duplication Levels	warn
#Total Duplicate Percentage	29.377339901477832
#Duplication Level	Relative count
1	100.0
2	19.0117463240423
3	7.352612929326749
4	3.715716637370609
5	2.1002483189643146
6	1.2946067353031445
7	0.8907396557015709
8	0.6214949359671884
9	0.4987305041712006
10++	4.019140090957284
>>END_MODULE
>>Overrepresented sequences	warn
#Sequence	Count	Percentage	Possible Source
GGGGGGGGGGGGGGGGGGGGGGGGGGGGGGGGGGGGGGGGGGGGGGGGGGG	23069	0.11246871386475146	No Hit
>>END_MODULE
>>Kmer Content	warn
#Sequence	Count	Obs/Exp Overall	Obs/Exp Max	Max Obs/Exp Position
AAAAA	5744525	4.221794	5.1231966	47
GGGGG	2212215	4.0898094	6.2115874	47
TTTTT	5142175	3.678021	4.531627	13
>>END_MODULE
