##FastQC	0.10.1
>>Basic Statistics	pass
#Measure	Value	
Filename	018-F5_S4_L003_R2_001_trimmed.fq.gz	
File type	Conventional base calls	
Encoding	Sanger / Illumina 1.9	
Total Sequences	16069655	
Filtered Sequences	0	
Sequence length	20-50	
%GC	45	
>>END_MODULE
>>Per base sequence quality	pass
#Base	Mean	Median	Lower Quartile	Upper Quartile	10th Percentile	90th Percentile
1	35.09866590166373	36.0	36.0	36.0	36.0	36.0
2	35.08311398097843	36.0	36.0	36.0	36.0	36.0
3	35.07163837680398	36.0	36.0	36.0	36.0	36.0
4	35.06639862523495	36.0	36.0	36.0	36.0	36.0
5	35.0463370868883	36.0	36.0	36.0	36.0	36.0
6	35.03706221446571	36.0	36.0	36.0	36.0	36.0
7	35.02193780762561	36.0	36.0	36.0	36.0	36.0
8	35.01823312323756	36.0	36.0	36.0	36.0	36.0
9	35.002905787336445	36.0	36.0	36.0	36.0	36.0
10	34.982959746179986	36.0	36.0	36.0	36.0	36.0
11	34.973975856980125	36.0	36.0	36.0	36.0	36.0
12	34.95784421009661	36.0	36.0	36.0	36.0	36.0
13	34.955283483061706	36.0	36.0	36.0	36.0	36.0
14	34.945626524029294	36.0	36.0	36.0	36.0	36.0
15	34.93196294506634	36.0	36.0	36.0	36.0	36.0
16	34.914064178726925	36.0	36.0	36.0	36.0	36.0
17	34.90826461426832	36.0	36.0	36.0	36.0	36.0
18	34.890250475196886	36.0	36.0	36.0	36.0	36.0
19	34.87107931066348	36.0	36.0	36.0	36.0	36.0
20	34.880683063824335	36.0	36.0	36.0	36.0	36.0
21	34.873147296368565	36.0	36.0	36.0	36.0	36.0
22	34.85635285291902	36.0	36.0	36.0	36.0	36.0
23	34.85187489602831	36.0	36.0	36.0	36.0	36.0
24	34.834456859113494	36.0	36.0	36.0	36.0	36.0
25	34.82419272648539	36.0	36.0	36.0	36.0	36.0
26	34.806354242985755	36.0	36.0	36.0	36.0	36.0
27	34.80517500860559	36.0	36.0	36.0	36.0	36.0
28	34.786383284941365	36.0	36.0	36.0	36.0	36.0
29	34.778278955976326	36.0	36.0	36.0	36.0	36.0
30	34.76242644589558	36.0	36.0	36.0	36.0	36.0
31	34.7487257706479	36.0	36.0	36.0	36.0	36.0
32	34.74018861073119	36.0	36.0	36.0	36.0	36.0
33	34.71304204424738	36.0	36.0	36.0	36.0	36.0
34	34.70702737432591	36.0	36.0	36.0	36.0	36.0
35	34.67647751534084	36.0	36.0	36.0	36.0	36.0
36	34.661912422538784	36.0	36.0	36.0	36.0	36.0
37	34.655100052742476	36.0	36.0	36.0	36.0	36.0
38	34.641720161074794	36.0	36.0	36.0	32.0	36.0
39	34.63024582377368	36.0	36.0	36.0	32.0	36.0
40	34.61705005894296	36.0	36.0	36.0	32.0	36.0
41	34.596853017571306	36.0	36.0	36.0	32.0	36.0
42	34.573967391025874	36.0	36.0	36.0	32.0	36.0
43	34.558603609611374	36.0	36.0	36.0	32.0	36.0
44	34.53630371031148	36.0	36.0	36.0	32.0	36.0
45	34.53639883504862	36.0	36.0	36.0	32.0	36.0
46	34.5330014651488	36.0	36.0	36.0	32.0	36.0
47	34.53530628063696	36.0	36.0	36.0	32.0	36.0
48	34.55503816808707	36.0	36.0	36.0	32.0	36.0
49	34.63815736089641	36.0	36.0	36.0	32.0	36.0
50	34.75635204924474	36.0	36.0	36.0	32.0	36.0
>>END_MODULE
>>Per sequence quality scores	pass
#Quality	Count
4	1.0
5	1.0
6	7.0
7	10.0
8	22.0
9	56.0
10	67.0
11	55.0
12	48.0
13	60.0
14	640.0
15	1355.0
16	2516.0
17	4411.0
18	7233.0
19	11463.0
20	17782.0
21	25816.0
22	35397.0
23	48114.0
24	63913.0
25	84252.0
26	109684.0
27	139736.0
28	176368.0
29	219917.0
30	274244.0
31	349232.0
32	467258.0
33	686363.0
34	1330734.0
35	6659788.0
36	5353112.0
>>END_MODULE
>>Per base sequence content	pass
#Base	G	A	T	C
1	22.62287577688994	26.51026583118029	27.27735149807194	23.589506893857827
2	22.692116353825938	26.607403852365046	27.48724157205688	23.21323822175214
3	22.54878415880625	26.69855787568627	27.46797213718916	23.28468582831832
4	22.828257822519763	26.26033331335701	27.76463758873206	23.146771275391167
5	22.842933749993467	26.358540956049808	27.35999266181653	23.4385326321402
6	22.30236202949282	26.8343211321571	27.56647011922042	23.296846719129658
7	22.44227164336523	26.824351983817753	27.50247277889567	23.23090359392135
8	22.502575145970575	26.68703176901202	27.428870460574007	23.3815226244434
9	22.39495143562264	26.805705399510398	27.529030589409086	23.270312575457876
10	22.437821713758833	26.840436696789123	27.519542422777494	23.20219916667455
11	22.99197501348783	26.720565709054085	27.209544274093368	23.077915003364723
12	22.257780225113233	27.009038745866153	27.637930383166974	23.09525064585364
13	22.41433956548193	26.818497589409297	27.796655187544772	22.970507657564003
14	22.485498848389916	26.58646416467337	27.87439058260437	23.05364640433235
15	22.334126939081546	26.89274224143339	27.759566085850818	23.013564733634244
16	22.43045215782443	27.125380749989965	27.723241859986064	22.72092523219954
17	22.58763932592353	26.784829271680476	27.313376010538448	23.314155391857543
18	22.480982824887143	27.280775795935575	27.320160091435298	22.918081287741987
19	22.687578771561025	26.987955991300126	27.53527967043202	22.789185566706827
20	22.807883922504057	26.65776828650419	27.52686955446424	23.007478236527508
21	22.74141365838936	26.843504392408008	27.58575224428504	22.8293297049176
22	22.461568343089613	27.14450175838688	27.617647735321494	22.776282163202012
23	22.559336863907458	26.89735920591152	27.539707106325327	23.003596823855695
24	22.36491646077662	27.261628026771014	27.548650304105376	22.82480520834699
25	22.500264354314275	27.134064259471696	27.42647262851682	22.93919875769721
26	22.62089762483205	27.0123061872462	27.332083157149402	23.034713030772348
27	22.662677107295202	27.104051760832316	27.47694119087934	22.75632994099314
28	22.399277004714474	27.14887288041199	27.4093026220802	23.042547492793332
29	22.769954082731402	26.888276764617146	27.402361172674933	22.93940797997652
30	22.507410820907314	27.28204189435829	27.36245888923782	22.848088395496575
31	22.57800216927435	27.213391985761586	27.391969659344422	22.816636185619636
32	22.598300499107772	27.215626852507114	27.290590013360095	22.895482635025015
33	22.464940983492205	27.01151444242082	27.60311435561171	22.920430218475264
34	22.61214607003636	27.388273918990873	27.411243845187116	22.58833616578565
35	22.608572062720707	26.91951849582032	27.405631236556122	23.066278204902847
36	22.689235274845313	27.265573115008152	27.198159445933378	22.84703216421316
37	22.54664087898411	27.151027665544085	27.309862633829436	22.992468821642365
38	22.570465440562558	27.103877796479903	27.20273016842207	23.12292659453547
39	22.500685130114245	27.169920862299513	27.321881289311428	23.007512718274814
40	22.543039415305323	27.11701292005222	27.54476020104492	22.795187463597536
41	22.811487162051836	27.07305390522673	27.297529869682517	22.81792906303892
42	22.686326232811865	27.201266281725907	27.375347990463172	22.73705949499906
43	22.676424677026155	27.372481611896827	27.225682470869916	22.7254112402071
44	22.71324770101212	27.06816127618086	27.13209041985507	23.08650060295195
45	22.603140327162173	27.282200456563523	27.291426841666482	22.823232374607823
46	22.605146424980628	27.564688807833605	27.06135447158571	22.768810295600066
47	22.737185761189455	27.218910509638373	27.147322263344886	22.896581465827293
48	22.736128858861257	27.650741145327277	27.34530932384708	22.267820671964383
49	22.970101141317937	27.76627775530562	27.407710727690894	21.85591037568555
50	23.03367105816036	27.473325660346216	27.412649425334422	22.080353856159
>>END_MODULE
>>Per base GC content	pass
#Base	%GC
1	46.212382670747765
2	45.90535457557807
3	45.83346998712457
4	45.97502909791093
5	46.281466382133665
6	45.59920874862248
7	45.67317523728658
8	45.88409777041397
9	45.66526401108052
10	45.64002088043338
11	46.069890016852554
12	45.35303087096687
13	45.38484722304593
14	45.53914525272227
15	45.3476916727158
16	45.15137739002397
17	45.90179471778107
18	45.39906411262913
19	45.476764338267856
20	45.815362159031565
21	45.57074336330696
22	45.23785050629163
23	45.56293368776315
24	45.189721669123614
25	45.43946311201149
26	45.6556106556044
27	45.41900704828834
28	45.44182449750781
29	45.70936206270792
30	45.355499216403885
31	45.39463835489399
32	45.493783134132784
33	45.38537120196747
34	45.20048223582201
35	45.674850267623555
36	45.53626743905848
37	45.539109700626476
38	45.69339203509802
39	45.50819784838906
40	45.33822687890286
41	45.62941622509076
42	45.423385727810924
43	45.40183591723326
44	45.79974830396407
45	45.42637270177
46	45.373956720580686
47	45.63376722701675
48	45.00394953082564
49	44.82601151700349
50	45.11402491431936
>>END_MODULE
>>Per sequence GC content	warn
#GC Content	Count
0	2113.0
1	1838.0
2	1470.5
3	1570.0
4	1800.0
5	2120.5
6	2483.0
7	2961.5
8	3436.0
9	4271.0
10	5294.5
11	7138.5
12	8996.0
13	12328.5
14	16354.0
15	23146.0
16	30582.5
17	42644.5
18	55899.0
19	74712.0
20	94184.0
21	120613.5
22	148475.0
23	183526.0
24	220339.0
25	256126.0
26	297996.0
27	349487.5
28	404059.0
29	463956.5
30	526382.5
31	591128.0
32	657345.0
33	726453.5
34	796727.5
35	856862.0
36	911638.0
37	948945.0
38	978031.0
39	998698.0
40	1017849.0
41	1028907.0
42	1038420.5
43	1037583.5
44	1031225.0
45	1014057.5
46	996544.5
47	974956.0
48	952179.0
49	926663.0
50	900940.0
51	877755.5
52	851631.0
53	824050.5
54	797704.0
55	768734.5
56	736467.0
57	699374.0
58	661000.0
59	616522.5
60	571195.5
61	522531.0
62	473151.0
63	432299.5
64	384837.5
65	340724.5
66	298657.0
67	260152.0
68	221913.0
69	187558.0
70	158007.0
71	133299.0
72	110964.5
73	91901.0
74	74526.5
75	61688.5
76	51824.5
77	42747.5
78	34619.0
79	28225.0
80	22465.5
81	18244.5
82	14665.5
83	11899.5
84	9361.5
85	7477.0
86	5863.5
87	4624.0
88	3679.5
89	2894.0
90	2193.5
91	1807.0
92	1487.0
93	1258.0
94	1081.0
95	1021.5
96	964.0
97	1025.5
98	1487.0
99	4406.5
100	6923.0
>>END_MODULE
>>Per base N content	pass
#Base	N-Count
1	8.276468909880144E-4
2	0.004163126090759261
3	0.006646066763723304
4	0.003932878459431768
5	0.0017610832342075796
6	0.0057935282369161005
7	0.004287584269855202
8	0.004125788637030478
9	0.006764302033864448
10	0.006366035860757434
11	0.00912278452773255
12	0.008624951811348782
13	0.0048040857131033616
14	0.0025762843072859995
15	0.007610617651716853
16	0.006471825312988985
17	0.0031052315684437534
18	0.014542938227360823
19	0.011400369205188289
20	0.009720183787393071
21	0.010318918731758182
22	0.015418842511107455
23	0.01094685014211257
24	0.012791955788903138
25	0.01345338695108947
26	0.007292857515452289
27	0.009391325645719378
28	0.013694066163711088
29	0.010873233593636329
30	0.006011595784068504
31	0.006352435379064915
32	0.010769047264277836
33	0.009497391843405287
34	0.007578175032729822
35	0.012693121062017691
36	0.009260445142377127
37	0.015053872308906221
38	0.013953681656030056
39	0.009045127356157014
40	0.009763772196080269
41	0.006537335213461568
42	0.011657042134442843
43	0.008386351104413731
44	0.008027546726313615
45	0.009698426237605353
46	0.0090286897583755
47	0.0075935454728723786
48	0.009228737050928325
49	0.006403462487545016
50	0.007086616405233514
>>END_MODULE
>>Sequence Length Distribution	warn
#Length	Count
20	11771.0
21	12581.0
22	13294.0
23	14130.0
24	14474.0
25	15159.0
26	16060.0
27	16370.0
28	17595.0
29	18987.0
30	19820.0
31	20572.0
32	21857.0
33	22038.0
34	23233.0
35	24136.0
36	24192.0
37	25604.0
38	27666.0
39	29701.0
40	31837.0
41	35698.0
42	39957.0
43	51369.0
44	86060.0
45	161960.0
46	431982.0
47	928489.0
48	1872702.0
49	2515364.0
50	9524997.0
>>END_MODULE
>>Sequence Duplication Levels	warn
#Total Duplicate Percentage	36.30496523357164
#Duplication Level	Relative count
1	100.0
2	24.926582512031242
3	10.28844231922385
4	5.192269253832316
5	3.0950660373006964
6	1.9365303894586325
7	1.310752010332262
8	0.9186795614938729
9	0.7226433370746783
10++	5.362936084503144
>>END_MODULE
>>Overrepresented sequences	pass
>>END_MODULE
>>Kmer Content	warn
#Sequence	Count	Obs/Exp Overall	Obs/Exp Max	Max Obs/Exp Position
AAAAA	3759285	3.6357858	4.3396707	46
TTTTT	3480595	3.119191	3.946006	13
>>END_MODULE
