##FastQC	0.10.1
>>Basic Statistics	pass
#Measure	Value	
Filename	005-primary_S6_L003_R2_001_trimmed.fq.gz	
File type	Conventional base calls	
Encoding	Sanger / Illumina 1.9	
Total Sequences	30502640	
Filtered Sequences	0	
Sequence length	20-50	
%GC	45	
>>END_MODULE
>>Per base sequence quality	pass
#Base	Mean	Median	Lower Quartile	Upper Quartile	10th Percentile	90th Percentile
1	34.68120038134404	36.0	36.0	36.0	32.0	36.0
2	34.68044097166671	36.0	36.0	36.0	32.0	36.0
3	34.65340275464681	36.0	36.0	36.0	32.0	36.0
4	34.64634726699066	36.0	36.0	36.0	32.0	36.0
5	34.63596659174419	36.0	36.0	36.0	32.0	36.0
6	34.616114605162046	36.0	36.0	36.0	32.0	36.0
7	34.61520199563054	36.0	36.0	36.0	32.0	36.0
8	34.603666994070025	36.0	36.0	36.0	32.0	36.0
9	34.58898105213188	36.0	36.0	36.0	32.0	36.0
10	34.5703011936016	36.0	36.0	36.0	32.0	36.0
11	34.561660892303095	36.0	36.0	36.0	32.0	36.0
12	34.54863359368238	36.0	36.0	36.0	32.0	36.0
13	34.538571546594	36.0	36.0	36.0	32.0	36.0
14	34.539204147575425	36.0	36.0	36.0	32.0	36.0
15	34.50630388058214	36.0	36.0	36.0	32.0	36.0
16	34.48714367018724	36.0	36.0	36.0	32.0	36.0
17	34.485278651290514	36.0	36.0	36.0	32.0	36.0
18	34.46556455441234	36.0	36.0	36.0	32.0	36.0
19	34.46349237311918	36.0	36.0	36.0	32.0	36.0
20	34.457513644720585	36.0	36.0	36.0	32.0	36.0
21	34.43410864356885	36.0	36.0	36.0	32.0	36.0
22	34.422024913551596	36.0	36.0	36.0	32.0	36.0
23	34.41153446258658	36.0	36.0	36.0	32.0	36.0
24	34.3870243750867	36.0	36.0	36.0	32.0	36.0
25	34.37246048896346	36.0	36.0	36.0	32.0	36.0
26	34.3423261943877	36.0	36.0	36.0	32.0	36.0
27	34.32637112788597	36.0	36.0	36.0	32.0	36.0
28	34.30458480754034	36.0	36.0	36.0	32.0	36.0
29	34.28356280406381	36.0	36.0	36.0	32.0	36.0
30	34.25301300825751	36.0	36.0	36.0	32.0	36.0
31	34.230556588077405	36.0	36.0	36.0	32.0	36.0
32	34.21662201376838	36.0	36.0	36.0	32.0	36.0
33	34.19373689572972	36.0	36.0	36.0	32.0	36.0
34	34.16262141374616	36.0	36.0	36.0	32.0	36.0
35	34.14654569827843	36.0	36.0	36.0	32.0	36.0
36	34.13219757462409	36.0	36.0	36.0	32.0	36.0
37	34.09242948105926	36.0	36.0	36.0	32.0	36.0
38	34.057588642981564	36.0	36.0	36.0	32.0	36.0
39	34.026667858790596	36.0	36.0	36.0	32.0	36.0
40	34.00982480468845	36.0	36.0	36.0	32.0	36.0
41	33.96968550973794	36.0	36.0	36.0	32.0	36.0
42	33.95046358630085	36.0	36.0	36.0	32.0	36.0
43	33.925994121776625	36.0	36.0	36.0	32.0	36.0
44	33.90941003281048	36.0	36.0	36.0	32.0	36.0
45	33.89638233206142	36.0	36.0	36.0	32.0	36.0
46	33.88651005527418	36.0	36.0	36.0	32.0	36.0
47	33.88596291124672	36.0	36.0	36.0	32.0	36.0
48	33.90559158348518	36.0	36.0	36.0	32.0	36.0
49	33.98865435255247	36.0	36.0	36.0	32.0	36.0
50	34.1128059354369	36.0	36.0	36.0	32.0	36.0
>>END_MODULE
>>Per sequence quality scores	pass
#Quality	Count
2	22.0
3	5.0
4	1.0
5	8.0
6	26.0
7	52.0
8	70.0
9	59.0
10	105.0
11	155.0
12	170.0
13	192.0
14	1501.0
15	3311.0
16	6070.0
17	10156.0
18	16443.0
19	26058.0
20	41178.0
21	60782.0
22	85764.0
23	119215.0
24	161429.0
25	217363.0
26	287009.0
27	373262.0
28	476615.0
29	602361.0
30	760035.0
31	979842.0
32	1314555.0
33	1950821.0
34	3723705.0
35	1.3600501E7
36	5683799.0
>>END_MODULE
>>Per base sequence content	pass
#Base	G	A	T	C
1	22.39412808803527	27.089302972577894	27.70549531282161	22.811073626565225
2	22.289484406939657	26.874316658970717	27.981173393183855	22.85502554090578
3	22.380126144852255	26.996547873756	27.67943877858645	22.943887202805293
4	22.41559933852291	26.853495625226287	27.847826168216823	22.883078868033984
5	22.579059680400686	26.85029845019925	27.531731706224733	23.038910163175334
6	22.20906064844671	27.118426393088086	27.713625123981295	22.958887834483914
7	22.183752148654992	27.175339820926077	27.767146978296335	22.873761052122596
8	22.371261648046055	27.041319579419177	27.756418982898623	22.830999789636145
9	22.0706777027181	27.269610076383383	27.945507843014138	22.71420437788438
10	22.30758988509317	27.31648197504628	27.645919309246857	22.730008830613695
11	22.55436856687149	27.36170880207649	27.473978312375134	22.609944318676888
12	22.089291544018234	27.37294938441327	27.81684935254055	22.720909719027947
13	22.249107511461713	27.16443655602363	27.872538613189256	22.713917319325397
14	22.28700705441478	26.897612919390923	27.993860674209763	22.821519351984538
15	22.214996153498227	27.158250129077405	27.831085472210514	22.795668245213857
16	22.425534583882882	27.599378505549716	27.548978556775893	22.42610835379151
17	22.54709099767668	27.331638002771196	27.47781108255687	22.64345991699525
18	22.407916924632644	27.562841922066234	27.50319567428309	22.526045479018027
19	22.391394438298875	27.419419987842918	27.70173444972155	22.48745112413666
20	22.381272222810924	27.203946781712062	27.634950625884585	22.77983036959243
21	22.403233644545235	27.36843596559138	27.636474273476587	22.5918561163868
22	22.378531092252306	27.352587499294305	27.668819890899776	22.600061517553613
23	22.52047781197787	27.113776989574106	27.519192692511325	22.846552505936696
24	22.41343604281628	27.466750291142667	27.591302294594566	22.528511371446488
25	22.447115613077397	27.391242943016092	27.507381399968693	22.654260043937814
26	22.560595771839647	27.55942679123573	27.35782887890344	22.522148558021183
27	22.290409897248146	27.643309529824283	27.568185418594872	22.4980951543327
28	22.30498589304386	27.505989143790355	27.505932137858586	22.6830928253072
29	22.39611703238502	27.414269959136572	27.633395518371316	22.556217490107088
30	22.43443722031077	27.446727504125707	27.566226079314234	22.552609196249296
31	22.540969946678608	27.475661233362892	27.438893115368906	22.544475704589594
32	22.491335094700514	27.420018625373466	27.46117339852826	22.627472881397765
33	22.37687589370414	27.486946874143698	27.524993860995327	22.611183371156834
34	22.533253585116693	27.665544472501676	27.408930099363925	22.392271843017703
35	22.51906476209935	27.545368998344966	27.33139872786548	22.6041675116902
36	22.594116807816793	27.69354582995704	27.30474194378136	22.40759541844481
37	22.347393437685053	27.575931962168692	27.513791452292296	22.562883147853956
38	22.349403368780326	27.37478507162587	27.57465220017305	22.701159359420757
39	22.23453936514677	27.564196485948113	27.6115013932839	22.58976275562122
40	22.427379333120513	27.59604111459509	27.495521416070684	22.481058136213715
41	22.582700272774407	27.6445635627108	27.358984020192146	22.41375214432265
42	22.440925164732622	27.77807371795939	27.345601218732043	22.435399898575948
43	22.469564959829473	27.708640432093162	27.38953540572352	22.432259202353848
44	22.501498774280385	27.488138113513884	27.38299201082305	22.627371101382682
45	22.294687808771442	27.56323648166693	27.577502365461182	22.564573344100445
46	22.38409040848949	27.589216505777355	27.398064291942205	22.628628793790952
47	22.364030075560855	27.696657958535425	27.466085009061437	22.473226956842286
48	22.41908047406018	28.018702186789916	27.50470853215446	22.057508806995447
49	22.548442491254434	28.345873157087098	27.58660140119907	21.519082950459406
50	22.373942908955332	28.202689221993754	27.667743647882144	21.755624221168773
>>END_MODULE
>>Per base GC content	pass
#Base	%GC
1	45.2052017146005
2	45.144509947845435
3	45.32401334765755
4	45.29867820655689
5	45.61796984357602
6	45.167948482930626
7	45.057513200777585
8	45.2022614376822
9	44.78488208060248
10	45.037598715706864
11	45.16431288554838
12	44.81020126304618
13	44.96302483078711
14	45.108526406399314
15	45.01066439871208
16	44.85164293767439
17	45.19055091467193
18	44.93396240365067
19	44.87884556243553
20	45.16110259240335
21	44.99508976093204
22	44.978592609805915
23	45.36703031791456
24	44.94194741426277
25	45.10137565701521
26	45.08274432986083
27	44.78850505158085
28	44.98807871835106
29	44.95233452249211
30	44.98704641656006
31	45.0854456512682
32	45.118807976098275
33	44.98805926486097
34	44.92552542813439
35	45.12323227378955
36	45.001712226261596
37	44.91027658553901
38	45.050562728201086
39	44.82430212076799
40	44.90843746933423
41	44.99645241709706
42	44.87632506330857
43	44.90182416218332
44	45.12886987566307
45	44.85926115287189
46	45.012719202280444
47	44.83725703240314
48	44.476589281055624
49	44.06752544171384
50	44.1295671301241
>>END_MODULE
>>Per sequence GC content	warn
#GC Content	Count
0	15222.0
1	12575.0
2	9442.0
3	9653.5
4	10503.5
5	11982.0
6	13729.0
7	15849.5
8	18031.0
9	21825.0
10	26126.0
11	33205.0
12	40537.5
13	51836.5
14	65138.5
15	85964.0
16	108940.0
17	141479.5
18	176178.0
19	219473.0
20	264965.5
21	321621.0
22	380476.5
23	451052.5
24	524702.0
25	591760.0
26	669941.5
27	759441.5
28	854227.0
29	955277.0
30	1057167.5
31	1161336.5
32	1268642.5
33	1377280.0
34	1491624.0
35	1594820.5
36	1690922.0
37	1775563.0
38	1843767.5
39	1890500.0
40	1933089.5
41	1955452.0
42	1969211.5
43	1962356.5
44	1946746.0
45	1911987.0
46	1875815.5
47	1830912.0
48	1784743.5
49	1742280.5
50	1699192.5
51	1660054.0
52	1619014.5
53	1578122.5
54	1539129.5
55	1499069.5
56	1452010.0
57	1392415.5
58	1328695.5
59	1248325.5
60	1163499.5
61	1068982.5
62	973297.0
63	886957.0
64	784647.0
65	689330.0
66	598090.5
67	515856.0
68	438022.5
69	368023.5
70	306280.0
71	254442.0
72	209049.5
73	168903.0
74	131777.5
75	105272.5
76	85568.0
77	67569.5
78	51285.5
79	39268.0
80	29259.5
81	22108.5
82	16483.5
83	12525.5
84	9312.0
85	7238.5
86	5526.5
87	4453.0
88	3612.0
89	2878.5
90	2349.0
91	2049.0
92	1844.5
93	1735.5
94	1649.0
95	1641.0
96	1665.0
97	1855.5
98	2902.5
99	11611.0
100	19458.0
>>END_MODULE
>>Per base N content	pass
#Base	N-Count
1	0.005815890034436363
2	0.005783105986891627
3	0.007563279768570851
4	0.015847808583125917
5	0.006799411460778477
6	0.010094208239024557
7	0.0070944678886811115
8	0.0101761683578864
9	0.010507287238088244
10	0.01003519695344403
11	0.006320764366625316
12	0.01049417361907035
13	0.012880852280327211
14	0.009422135264357446
15	0.011471138235903514
16	0.008553358004421913
17	0.010425327119226401
18	0.009235266193352444
19	0.006228969033500051
20	0.008025534838951645
21	0.010458392458966586
22	0.011784037736601383
23	0.009525961648802213
24	0.006311862255484502
25	0.010549678101908561
26	0.01441229493720238
27	0.01718269452324256
28	0.017809504683209076
29	0.015038273263150912
30	0.014867177881581393
31	0.010211382389175596
32	0.011410937429414581
33	0.008730494049753786
34	0.009591468503480255
35	0.008733629557242103
36	0.005082077799055265
37	0.007820640908795879
38	0.007890836999407857
39	0.0038103726656228596
40	0.006020083714947352
41	0.00494839535592391
42	0.004087113169259469
43	0.002214301683296476
44	0.004784674429944183
45	0.0034697642719419986
46	0.001090696940704883
47	0.0024682845282671686
48	9.158040548885944E-4
49	3.731654724820459E-4
50	7.292587419132041E-4
>>END_MODULE
>>Sequence Length Distribution	warn
#Length	Count
20	77314.0
21	79191.0
22	81474.0
23	83394.0
24	85562.0
25	86605.0
26	89462.0
27	92868.0
28	95963.0
29	101781.0
30	103151.0
31	106732.0
32	108087.0
33	108020.0
34	108603.0
35	110225.0
36	111894.0
37	117443.0
38	122501.0
39	127783.0
40	131753.0
41	137746.0
42	144968.0
43	167635.0
44	226079.0
45	374426.0
46	866359.0
47	1777853.0
48	3507535.0
49	4715168.0
50	1.6455065E7
>>END_MODULE
>>Sequence Duplication Levels	warn
#Total Duplicate Percentage	37.9264514790239
#Duplication Level	Relative count
1	100.0
2	23.078759899709475
3	11.07334739523222
4	6.394714848569268
5	4.004457356628328
6	2.7404783698810045
7	1.9540733075974053
8	1.4168026425757154
9	1.0458868945755562
10++	7.4827874398057865
>>END_MODULE
>>Overrepresented sequences	pass
>>END_MODULE
>>Kmer Content	warn
#Sequence	Count	Obs/Exp Overall	Obs/Exp Max	Max Obs/Exp Position
AAAAA	9202505	4.460448	5.4889994	46
TTTTT	7453985	3.4934702	3.8675437	46
CCTGG	2871175	3.0401595	3.6331048	19
>>END_MODULE
