##FastQC	0.10.1
>>Basic Statistics	pass
#Measure	Value	
Filename	004-F5_S4_L002_R1_001_trimmed.fq.gz	
File type	Conventional base calls	
Encoding	Sanger / Illumina 1.9	
Total Sequences	15259121	
Filtered Sequences	0	
Sequence length	20-50	
%GC	45	
>>END_MODULE
>>Per base sequence quality	pass
#Base	Mean	Median	Lower Quartile	Upper Quartile	10th Percentile	90th Percentile
1	35.06308738229417	36.0	36.0	36.0	36.0	36.0
2	35.06769459394155	36.0	36.0	36.0	36.0	36.0
3	35.03567938153187	36.0	36.0	36.0	36.0	36.0
4	35.017086043160674	36.0	36.0	36.0	36.0	36.0
5	35.01270217334275	36.0	36.0	36.0	36.0	36.0
6	34.96359711676708	36.0	36.0	36.0	36.0	36.0
7	34.93332453422448	36.0	36.0	36.0	36.0	36.0
8	34.926756134904494	36.0	36.0	36.0	36.0	36.0
9	34.917244184642094	36.0	36.0	36.0	36.0	36.0
10	34.898124472569556	36.0	36.0	36.0	36.0	36.0
11	34.86184302490294	36.0	36.0	36.0	36.0	36.0
12	34.82910752198636	36.0	36.0	36.0	32.0	36.0
13	34.8159192787055	36.0	36.0	36.0	32.0	36.0
14	34.813546140698406	36.0	36.0	36.0	32.0	36.0
15	34.8146006575346	36.0	36.0	36.0	32.0	36.0
16	34.78845419732893	36.0	36.0	36.0	32.0	36.0
17	34.777119075207544	36.0	36.0	36.0	32.0	36.0
18	34.77295527049035	36.0	36.0	36.0	32.0	36.0
19	34.76890123618523	36.0	36.0	36.0	32.0	36.0
20	34.771578454617405	36.0	36.0	36.0	32.0	36.0
21	34.768276887078855	36.0	36.0	36.0	32.0	36.0
22	34.75792948109439	36.0	36.0	36.0	32.0	36.0
23	34.745469886995146	36.0	36.0	36.0	32.0	36.0
24	34.736074260642724	36.0	36.0	36.0	32.0	36.0
25	34.724254072790615	36.0	36.0	36.0	32.0	36.0
26	34.70737797727432	36.0	36.0	36.0	32.0	36.0
27	34.70947558392994	36.0	36.0	36.0	32.0	36.0
28	34.688685020033745	36.0	36.0	36.0	32.0	36.0
29	34.673478659695434	36.0	36.0	36.0	32.0	36.0
30	34.652741447629836	36.0	36.0	36.0	32.0	36.0
31	34.646550702781305	36.0	36.0	36.0	32.0	36.0
32	34.63609951481596	36.0	36.0	36.0	32.0	36.0
33	34.61719923647091	36.0	36.0	36.0	32.0	36.0
34	34.599082300664904	36.0	36.0	36.0	32.0	36.0
35	34.57050277732858	36.0	36.0	36.0	32.0	36.0
36	34.559577927992805	36.0	36.0	36.0	32.0	36.0
37	34.54325126676537	36.0	36.0	36.0	32.0	36.0
38	34.516134193827355	36.0	36.0	36.0	32.0	36.0
39	34.501896772686806	36.0	36.0	36.0	32.0	36.0
40	34.48081723411179	36.0	36.0	36.0	32.0	36.0
41	34.46331165074205	36.0	36.0	36.0	32.0	36.0
42	34.44237972579952	36.0	36.0	36.0	32.0	36.0
43	34.42407418234115	36.0	36.0	36.0	32.0	36.0
44	34.40137547487765	36.0	36.0	36.0	32.0	36.0
45	34.38471599916899	36.0	36.0	36.0	32.0	36.0
46	34.36957568362968	36.0	36.0	36.0	32.0	36.0
47	34.37545175762547	36.0	36.0	36.0	32.0	36.0
48	34.38251166374914	36.0	36.0	36.0	32.0	36.0
49	34.458614167018894	36.0	36.0	36.0	32.0	36.0
50	34.5574245543087	36.0	36.0	36.0	32.0	36.0
>>END_MODULE
>>Per sequence quality scores	pass
#Quality	Count
14	8.0
15	60.0
16	234.0
17	676.0
18	1511.0
19	3276.0
20	6338.0
21	11349.0
22	18506.0
23	28662.0
24	43505.0
25	64473.0
26	94210.0
27	132620.0
28	182025.0
29	242498.0
30	318350.0
31	419258.0
32	573417.0
33	859066.0
34	1695484.0
35	7043655.0
36	3519940.0
>>END_MODULE
>>Per base sequence content	pass
#Base	G	A	T	C
1	22.487908211720782	26.688007352457376	27.35389127391128	23.47019316191056
2	22.489845088031956	26.84670896443687	27.543898670945467	23.11954727658571
3	22.391204578559933	26.868572573741307	27.47341737443461	23.266805473264153
4	22.62363987843593	26.535177599433364	27.750588926722745	23.090593595407963
5	22.689943935826975	26.59936964914296	27.40482233544121	23.305864079588858
6	22.192111995973555	27.084890871819606	27.593131189740955	23.129865942465884
7	22.329881141058422	27.009417858043488	27.48786035555448	23.172840645343605
8	22.311285165115343	26.945575698626417	27.465946432956397	23.27719270330185
9	22.261418517939628	27.006804794124424	27.525538047964183	23.20623863997177
10	22.340435710692546	27.029652307512443	27.541261236889476	23.088650744905536
11	22.846768172295114	26.890225197113253	27.24318130775685	23.019825322834784
12	22.159684034224515	27.203198663933527	27.613379564917274	23.02373773692469
13	22.298217570985905	27.004261909975025	27.720784178852764	22.976736340186303
14	22.360305434560715	26.758612915793815	27.87048751500352	23.010594134641945
15	22.250200388344783	27.05528057612231	27.66653465818903	23.027984377343884
16	22.380122682033914	27.292935156618785	27.611826395504696	22.715115765842604
17	22.528316015057488	26.9721368616187	27.265895591233598	23.233651532090217
18	22.394749999033365	27.428191964661657	27.29235845236433	22.884699583940648
19	22.628898479801034	27.077267425823543	27.489689609250757	22.804144485124667
20	22.705023441389578	26.8045780618687	27.520746444044843	22.969652052696876
21	22.71618551584565	26.938981190361904	27.528514757682686	22.816318536109762
22	22.47293144264846	27.165960246057026	27.535511897143074	22.825596414151445
23	22.50135896222471	26.963849724020296	27.504682703025857	23.030108610729137
24	22.363167476952484	27.285089027578298	27.47661774520978	22.87512575025944
25	22.476228044706357	27.218694826176797	27.310308822864265	22.99476830625258
26	22.545178450783087	27.077601673497835	27.329070508816137	23.048149366902937
27	22.615910122007847	27.17095199189037	27.39044011295085	22.822697773150942
28	22.34134727623728	27.2296046387682	27.379934594502224	23.049113490492296
29	22.6840433939451	26.96169233677101	27.380414311481278	22.973849957802614
30	22.44544693682038	27.366629459932007	27.312736190799797	22.87518741244782
31	22.55297679112008	27.19986025607844	27.348807089426664	22.898355863374814
32	22.529727396791355	27.25412719840451	27.279653225102802	22.936492179701332
33	22.457650861007753	27.025269063861852	27.52188218546449	22.995197889665903
34	22.583548371555246	27.39486659975251	27.387207066287605	22.63437796240464
35	22.54855068475073	26.991743058729895	27.37988870172411	23.079817554795273
36	22.66400807431122	27.282721041234282	27.156678292919118	22.89659259153538
37	22.498082025342676	27.16333459098024	27.278450944436823	23.060132439240263
38	22.51591930532332	27.116337276941728	27.254497659934003	23.113245757800957
39	22.444917964017556	27.20061884572284	27.310806855011077	23.043656335248528
40	22.472900062691714	27.178185261922692	27.52862212194768	22.820292553437913
41	22.712564508729027	27.114955139297436	27.300588045084158	22.87189230688938
42	22.63568597836715	27.227898248393924	27.34749044028451	22.788925332954417
43	22.622405579576725	27.391928039864126	27.23084781311333	22.754818567445824
44	22.656675012215857	27.093867334878617	27.18997534392197	23.059482308983554
45	22.556419334308856	27.315855452630316	27.30653772032018	22.82118749274065
46	22.554757252062245	27.60518738987381	27.05838514089809	22.781670217165857
47	22.6250060952316	27.25020245143484	27.19134420273922	22.93344725059434
48	22.61918530360004	27.676567403707985	27.422350457453636	22.28189683523833
49	22.771198588680324	27.824368818544638	27.570234463864146	21.83419812891089
50	22.764083708692922	27.61036347245075	27.602351519839214	22.023201299017114
>>END_MODULE
>>Per base GC content	pass
#Base	%GC
1	45.958101373631344
2	45.60939236461767
3	45.658010051824085
4	45.7142334738439
5	45.99580801541583
6	45.32197793843944
7	45.50272178640202
8	45.58847786841719
9	45.4676571579114
10	45.42908645559808
11	45.8665934951299
12	45.1834217711492
13	45.27495391117221
14	45.37089956920266
15	45.278184765688664
16	45.09523844787652
17	45.761967547147705
18	45.27944958297401
19	45.433042964925704
20	45.67467549408645
21	45.53250405195541
22	45.2985278567999
23	45.53146757295385
24	45.238293227211926
25	45.470996350958934
26	45.593327817686024
27	45.43860789515879
28	45.390460766729575
29	45.65789335174772
30	45.320634349268204
31	45.45133265449489
32	45.46621957649269
33	45.45284875067366
34	45.21792633395989
35	45.628368239546
36	45.5606006658466
37	45.55821446458294
38	45.629165063124276
39	45.488574299266084
40	45.29319261612962
41	45.58445681561841
42	45.42461131132157
43	45.37722414702255
44	45.71615732119941
45	45.377606827049505
46	45.3364274692281
47	45.55845334582594
48	44.90108213883837
49	44.60539671759122
50	44.78728500771004
>>END_MODULE
>>Per sequence GC content	pass
#GC Content	Count
0	3470.0
1	3332.0
2	2755.5
3	2487.5
4	2747.5
5	3311.5
6	3902.0
7	4840.5
8	5866.0
9	7419.0
10	9158.5
11	12256.5
12	15410.5
13	20246.0
14	26078.5
15	35004.0
16	44423.0
17	58284.5
18	73481.0
19	93120.0
20	113349.5
21	137629.0
22	162829.0
23	193884.5
24	226974.5
25	258356.5
26	294590.0
27	338055.0
28	384538.5
29	437237.0
30	492140.0
31	549025.5
32	607854.5
33	671078.0
34	735939.5
35	791089.0
36	841428.5
37	879392.5
38	910512.5
39	934284.0
40	956443.5
41	969957.5
42	980529.5
43	982363.5
44	980365.0
45	969615.5
46	958626.5
47	944485.5
48	928512.0
49	911750.0
50	894965.5
51	876620.5
52	855238.5
53	831598.0
54	807073.0
55	780987.5
56	753554.5
57	720866.5
58	684966.0
59	640810.5
60	594876.5
61	545154.0
62	495614.0
63	451320.0
64	399256.5
65	350805.0
66	304864.0
67	263407.5
68	221580.5
69	183277.5
70	150314.0
71	123509.0
72	100242.0
73	80188.5
74	62103.0
75	49284.0
76	39542.5
77	30678.5
78	22883.0
79	17181.5
80	12468.5
81	9347.5
82	6876.0
83	5128.0
84	3707.0
85	2798.0
86	2053.5
87	1623.0
88	1304.5
89	1028.5
90	822.5
91	678.0
92	581.0
93	505.5
94	429.5
95	390.0
96	363.0
97	326.0
98	289.5
99	386.0
100	489.0
>>END_MODULE
>>Per base N content	pass
#Base	N-Count
1	3.2767287185153066E-5
2	1.966037231109184E-5
3	0.0
4	4.587420205921429E-5
5	0.0
6	6.553457437030613E-6
7	1.6383643592576531E-4
8	0.0
9	1.7038989336279591E-4
10	3.2767287185153066E-5
11	0.0
12	0.0
13	0.0
14	0.0013500122320283063
15	0.0
16	0.0
17	0.0
18	0.0
19	0.0
20	0.0
21	0.0
22	0.0
23	3.1016645115597717E-4
24	0.0
25	0.0
26	0.0
27	0.0
28	0.0
29	0.0
30	0.0
31	0.0
32	0.0
33	0.0
34	0.0
35	0.0
36	0.0
37	0.0
38	0.0
39	0.0
40	0.0
41	0.0
42	0.0
43	0.0
44	0.0
45	0.0
46	0.0
47	0.0
48	0.0
49	0.0
50	0.0
>>END_MODULE
>>Sequence Length Distribution	warn
#Length	Count
20	34373.0
21	35261.0
22	36333.0
23	36883.0
24	37789.0
25	38845.0
26	40192.0
27	41681.0
28	43333.0
29	46155.0
30	46880.0
31	48239.0
32	49422.0
33	49212.0
34	49858.0
35	51038.0
36	51798.0
37	53861.0
38	55329.0
39	58270.0
40	60567.0
41	63776.0
42	67518.0
43	78354.0
44	110797.0
45	179522.0
46	422727.0
47	877055.0
48	1710387.0
49	2271384.0
50	8512282.0
>>END_MODULE
>>Sequence Duplication Levels	warn
#Total Duplicate Percentage	30.255048082835287
#Duplication Level	Relative count
1	100.0
2	20.596242277202585
3	7.8469263971563175
4	3.7259852737890373
5	2.069286540468869
6	1.2998279120941123
7	0.8815978785228651
8	0.6142974017547325
9	0.4605467317403447
10++	3.560950150929557
>>END_MODULE
>>Overrepresented sequences	pass
>>END_MODULE
>>Kmer Content	warn
#Sequence	Count	Obs/Exp Overall	Obs/Exp Max	Max Obs/Exp Position
AAAAA	3692640	3.7515512	4.6286683	46
TTTTT	3629760	3.4881918	4.178067	13
>>END_MODULE
