##FastQC	0.10.1
>>Basic Statistics	pass
#Measure	Value	
Filename	008-F5_S2_L003_R1_001_trimmed.fq.gz	
File type	Conventional base calls	
Encoding	Sanger / Illumina 1.9	
Total Sequences	12631430	
Filtered Sequences	0	
Sequence length	20-50	
%GC	45	
>>END_MODULE
>>Per base sequence quality	pass
#Base	Mean	Median	Lower Quartile	Upper Quartile	10th Percentile	90th Percentile
1	35.36719017561749	36.0	36.0	36.0	36.0	36.0
2	35.360461087937	36.0	36.0	36.0	36.0	36.0
3	35.348024649623994	36.0	36.0	36.0	36.0	36.0
4	35.34174436306895	36.0	36.0	36.0	36.0	36.0
5	35.32243166450671	36.0	36.0	36.0	36.0	36.0
6	35.29479702614827	36.0	36.0	36.0	36.0	36.0
7	35.28798592083398	36.0	36.0	36.0	36.0	36.0
8	35.2778310135907	36.0	36.0	36.0	36.0	36.0
9	35.264835572852796	36.0	36.0	36.0	36.0	36.0
10	35.24707907180739	36.0	36.0	36.0	36.0	36.0
11	35.2319478475517	36.0	36.0	36.0	36.0	36.0
12	35.22518693449594	36.0	36.0	36.0	36.0	36.0
13	35.20927875941204	36.0	36.0	36.0	36.0	36.0
14	35.199258674591874	36.0	36.0	36.0	36.0	36.0
15	35.189376024725625	36.0	36.0	36.0	36.0	36.0
16	35.180961379669604	36.0	36.0	36.0	36.0	36.0
17	35.16785510429144	36.0	36.0	36.0	36.0	36.0
18	35.153801351074264	36.0	36.0	36.0	36.0	36.0
19	35.14051568191408	36.0	36.0	36.0	36.0	36.0
20	35.139345743118554	36.0	36.0	36.0	36.0	36.0
21	35.13077416888454	36.0	36.0	36.0	36.0	36.0
22	35.122018112432016	36.0	36.0	36.0	36.0	36.0
23	35.10971545100752	36.0	36.0	36.0	36.0	36.0
24	35.09634241612057	36.0	36.0	36.0	36.0	36.0
25	35.09031548424088	36.0	36.0	36.0	36.0	36.0
26	35.08195590222397	36.0	36.0	36.0	36.0	36.0
27	35.07787005444461	36.0	36.0	36.0	36.0	36.0
28	35.06851294074922	36.0	36.0	36.0	36.0	36.0
29	35.05089247940743	36.0	36.0	36.0	36.0	36.0
30	35.03969444692723	36.0	36.0	36.0	36.0	36.0
31	35.03104790907625	36.0	36.0	36.0	36.0	36.0
32	35.02743009352859	36.0	36.0	36.0	36.0	36.0
33	35.00662959866636	36.0	36.0	36.0	36.0	36.0
34	35.00037780753261	36.0	36.0	36.0	36.0	36.0
35	34.979116683493245	36.0	36.0	36.0	36.0	36.0
36	34.974285996673366	36.0	36.0	36.0	36.0	36.0
37	34.968235145741126	36.0	36.0	36.0	36.0	36.0
38	34.95448955640429	36.0	36.0	36.0	36.0	36.0
39	34.944822498653686	36.0	36.0	36.0	36.0	36.0
40	34.93447856814969	36.0	36.0	36.0	36.0	36.0
41	34.91725596066851	36.0	36.0	36.0	36.0	36.0
42	34.89873999854183	36.0	36.0	36.0	36.0	36.0
43	34.885707830597674	36.0	36.0	36.0	36.0	36.0
44	34.88231062290676	36.0	36.0	36.0	36.0	36.0
45	34.87748526806636	36.0	36.0	36.0	36.0	36.0
46	34.86862851369256	36.0	36.0	36.0	36.0	36.0
47	34.87984322182793	36.0	36.0	36.0	36.0	36.0
48	34.908993918867324	36.0	36.0	36.0	36.0	36.0
49	34.9651200361464	36.0	36.0	36.0	36.0	36.0
50	35.0582491278332	36.0	36.0	36.0	36.0	36.0
>>END_MODULE
>>Per sequence quality scores	pass
#Quality	Count
13	2.0
14	8.0
15	38.0
16	128.0
17	388.0
18	954.0
19	2258.0
20	4568.0
21	8214.0
22	12966.0
23	19476.0
24	28607.0
25	40995.0
26	57891.0
27	79544.0
28	106510.0
29	138857.0
30	178030.0
31	230816.0
32	310307.0
33	457986.0
34	903306.0
35	5195641.0
36	4853940.0
>>END_MODULE
>>Per base sequence content	pass
#Base	G	A	T	C
1	22.54379443262684	26.594495929688556	27.317277347309783	23.54443229037482
2	22.577131354177414	26.559286127602142	27.526401329018434	23.33718118920201
3	22.536236989794507	26.632107370266073	27.43943480666876	23.392220833270656
4	22.648725351512784	26.367385604957295	27.691339775055884	23.292549268474037
5	22.745407260506596	26.40838073523416	27.368404802337043	23.4778072019222
6	22.27775114588607	26.853505111014087	27.528286433714367	23.340457309385478
7	22.32113692345961	26.808533512695558	27.55665197473412	23.31367758911071
8	22.477946292720087	26.670333740970758	27.49149871315934	23.36022125314981
9	22.239228420859796	26.834670457026654	27.630539969545598	23.295561152567952
10	22.36608326861249	26.856498645810323	27.534052664955027	23.24336542062216
11	22.838783964612816	26.789250649235285	27.284009027303746	23.08795635884815
12	22.23381862470027	26.976263431700527	27.662360014541644	23.12755792905757
13	22.325185224945013	26.819913361925572	27.768976957261582	23.08592445586783
14	22.37947733319146	26.535578780828352	27.935230813419736	23.149713072560452
15	22.2447977053654	26.864602387499847	27.770398786180735	23.120201120954018
16	22.34889190963005	27.18332952002147	27.70324094562745	22.76453762472103
17	22.49136454755185	26.90145217153594	27.426510480780415	23.1806728001318
18	22.39732936731681	27.260544706591887	27.398345096955072	22.943780829136223
19	22.502036850386045	27.06515965732303	27.6259140096434	22.806889482647524
20	22.600228141024342	26.74115082642534	27.571637675064352	23.086983357485966
21	22.52572825935844	26.96375447420005	27.631059355113152	22.879457911328355
22	22.35636550758857	27.13721190626529	27.670600365600805	22.83582222054533
23	22.473637558819508	26.903931611728805	27.554564076328035	23.067866753123656
24	22.32218719042902	27.267599507226496	27.602856943280248	22.807356359064237
25	22.420548154245406	27.1515824277277	27.495109241050013	22.93276017697688
26	22.509824561124553	27.13246839564102	27.394048577813784	22.963658465420643
27	22.425739958726034	27.228095643062932	27.568371944396	22.777792453815042
28	22.287882783261985	27.189708253933386	27.52005609358722	23.00235286921741
29	22.554053143737935	27.009683188767774	27.543655663846305	22.89260800364799
30	22.41777807572306	27.262927001144828	27.487319701538638	22.831975221593478
31	22.48114388905885	27.229142226223157	27.466231340138346	22.823482544579647
32	22.524116689307352	27.187652536649992	27.394394442598387	22.893836331444273
33	22.378707983264793	27.073457025219348	27.602609680133565	22.945225311382288
34	22.5083597153747	27.356389132269765	27.4886528818412	22.646598270514335
35	22.52679609398766	27.02970755019118	27.43474480147585	23.00875155434531
36	22.568431719071373	27.329895311221424	27.316585541408063	22.785087428299143
37	22.429442652810962	27.23165753811465	27.432723003870542	22.906176805203845
38	22.434796160311095	27.10638485974804	27.41908031961808	23.03973866032279
39	22.338298045977663	27.232468299556967	27.48588600041532	22.943347654050054
40	22.430212021213535	27.248967950052013	27.560976932543323	22.759843096191126
41	22.663940668666505	27.149030866509527	27.391746124025662	22.795282340798305
42	22.5782588862904	27.334233176546245	27.36396604243363	22.723541894729724
43	22.584777152496702	27.395969571513167	27.283049067092	22.736204208898126
44	22.566064338639872	27.158439259906476	27.275676118324803	22.99982028312885
45	22.454350304057485	27.298544460541528	27.420926488964913	22.826178746436067
46	22.486735461273273	27.476292657350342	27.25457751547132	22.782394365905066
47	22.578873480112925	27.322904526414632	27.30564596970066	22.792576023771787
48	22.52676095723876	27.704522715263412	27.463887461436077	22.304828866061747
49	22.687661073897672	27.962157199563446	27.52741035871547	21.82277136782341
50	22.62133720225409	27.706895360553958	27.624550440011525	22.04721699718043
>>END_MODULE
>>Per base GC content	pass
#Base	%GC
1	46.08822672300166
2	45.914312543379424
3	45.928457823065166
4	45.94127461998682
5	46.2232144624288
6	45.61820845527155
7	45.63481451257032
8	45.838167545869894
9	45.534789573427744
10	45.60944868923465
11	45.92674032346097
12	45.361376553757836
13	45.41110968081284
14	45.52919040575191
15	45.36499882631942
16	45.11342953435108
17	45.67203734768365
18	45.34111019645304
19	45.30892633303357
20	45.68721149851031
21	45.4051861706868
22	45.1921877281339
23	45.54150431194316
24	45.129543549493256
25	45.35330833122229
26	45.473483026545196
27	45.20353241254107
28	45.290235652479396
29	45.44666114738592
30	45.24975329731654
31	45.304626433638504
32	45.417953020751625
33	45.32393329464708
34	45.154957985889034
35	45.53554764833297
36	45.35351914737051
37	45.33561945801481
38	45.474534820633885
39	45.28164570002772
40	45.19005511740466
41	45.45922300946481
42	45.30180078102013
43	45.32098136139482
44	45.565884621768724
45	45.28052905049355
46	45.26912982717833
47	45.37144950388471
48	44.83158982330051
49	44.51043244172108
50	44.668554199434524
>>END_MODULE
>>Per sequence GC content	warn
#GC Content	Count
0	2256.0
1	2161.5
2	1751.5
3	1544.5
4	1701.0
5	2077.0
6	2494.0
7	3124.5
8	3795.5
9	4893.0
10	6029.5
11	8227.5
12	10551.5
13	14541.0
14	19194.5
15	26628.0
16	34713.0
17	46470.5
18	58924.0
19	76088.5
20	93619.0
21	115150.5
22	137536.5
23	164613.0
24	193125.0
25	221179.5
26	252590.5
27	288449.5
28	327017.5
29	369488.0
30	412507.5
31	458222.5
32	507076.5
33	556151.5
34	604796.0
35	648936.5
36	691373.0
37	721603.5
38	745119.5
39	761304.5
40	775754.0
41	784865.5
42	793672.0
43	793652.5
44	788828.5
45	774282.0
46	759881.5
47	742999.0
48	725037.0
49	707599.5
50	691580.0
51	676061.5
52	657349.0
53	639654.5
54	623883.5
55	604589.5
56	581842.5
57	556007.0
58	529104.5
59	495412.0
60	460501.5
61	423228.5
62	385343.0
63	352848.0
64	314516.0
65	278486.0
66	244481.0
67	213384.0
68	182078.5
69	154161.5
70	129728.0
71	109052.5
72	90814.5
73	75032.0
74	60303.5
75	49464.5
76	41240.0
77	33905.0
78	27282.0
79	22194.0
80	17593.0
81	13986.5
82	10965.0
83	8866.5
84	6955.5
85	5475.5
86	4166.5
87	3168.5
88	2429.0
89	1839.5
90	1310.0
91	1031.0
92	821.5
93	680.5
94	535.0
95	475.0
96	431.5
97	387.0
98	351.5
99	507.5
100	658.0
>>END_MODULE
>>Per base N content	pass
#Base	N-Count
1	6.887581216061839E-4
2	0.0012112642828246683
3	0.0
4	2.0583576048000899E-4
5	6.333408014769507E-4
6	0.0029687850069232066
7	6.333408014769507E-5
8	8.470933219754216E-4
9	6.966748816246459E-4
10	0.0020583576048000896
11	0.0032933721676801438
12	9.341776821785023E-4
13	2.5333632059078027E-4
14	0.0028658671266832024
15	0.0017812710041539238
16	0.001900022404430852
17	5.620899613107939E-4
18	9.183441621415786E-4
19	0.0032379548475509104
20	0.005114226971926377
21	0.0013704123071580359
22	0.0011096944012588374
23	5.55225284642191E-4
24	0.0014446437135535043
25	0.002391007017486443
26	0.005890812010674056
27	0.00218013969125721
28	0.002397172451471195
29	0.002439372233136066
30	0.0036310762669663037
31	0.0029161893570433645
32	0.0034475793953137714
33	0.003740332202370073
34	0.002301650644398023
35	0.0026982481623805746
36	0.0024608394791995132
37	0.0031248132561665534
38	0.00406531935745369
39	0.0030299639191896503
40	0.0013113190388225715
41	0.0015653048001247703
42	0.0016012249289425956
43	0.004293711716610464
44	0.004028960791265017
45	2.3822461870712212E-4
46	0.0010287144909949734
47	0.0011681791744690946
48	4.630373196276708E-4
49	0.001513755917611172
50	2.7374364377035724E-4
>>END_MODULE
>>Sequence Length Distribution	warn
#Length	Count
20	7492.0
21	7852.0
22	8591.0
23	9233.0
24	9424.0
25	9927.0
26	10909.0
27	11542.0
28	12249.0
29	13491.0
30	14386.0
31	14809.0
32	16003.0
33	16210.0
34	16788.0
35	17743.0
36	18039.0
37	19192.0
38	21165.0
39	22412.0
40	24106.0
41	26786.0
42	29318.0
43	37357.0
44	63021.0
45	119506.0
46	326226.0
47	713422.0
48	1435408.0
49	1907412.0
50	7671411.0
>>END_MODULE
>>Sequence Duplication Levels	warn
#Total Duplicate Percentage	35.53818782564493
#Duplication Level	Relative count
1	100.0
2	24.8140425370588
3	9.911665466125791
4	4.947492133297949
5	2.76756264927778
6	1.7492512416120105
7	1.1623763126966675
8	0.8954771202183721
9	0.6081055464988437
10++	4.791295446790764
>>END_MODULE
>>Overrepresented sequences	pass
>>END_MODULE
>>Kmer Content	warn
#Sequence	Count	Obs/Exp Overall	Obs/Exp Max	Max Obs/Exp Position
AAAAA	3141370	3.8324218	4.705669	46
TTTTT	3143180	3.5318022	4.0579944	13
>>END_MODULE
