##FastQC	0.10.1
>>Basic Statistics	pass
#Measure	Value	
Filename	029-F0_S5_L004_R2_001_trimmed.fq.gz	
File type	Conventional base calls	
Encoding	Sanger / Illumina 1.9	
Total Sequences	19918539	
Filtered Sequences	0	
Sequence length	20-51	
%GC	45	
>>END_MODULE
>>Per base sequence quality	pass
#Base	Mean	Median	Lower Quartile	Upper Quartile	10th Percentile	90th Percentile
1	34.76681949414061	36.0	36.0	36.0	32.0	36.0
2	34.7574065547679	36.0	36.0	36.0	32.0	36.0
3	34.743239100016325	36.0	36.0	36.0	32.0	36.0
4	34.727253891462624	36.0	36.0	36.0	32.0	36.0
5	34.71831704122476	36.0	36.0	36.0	32.0	36.0
6	34.69616421164223	36.0	36.0	36.0	32.0	36.0
7	34.68497217592114	36.0	36.0	36.0	32.0	36.0
8	34.66909992745954	36.0	36.0	36.0	32.0	36.0
9	34.65248219259455	36.0	36.0	36.0	32.0	36.0
10	34.62760401252321	36.0	36.0	36.0	32.0	36.0
11	34.613839298153344	36.0	36.0	36.0	32.0	36.0
12	34.596057220863436	36.0	36.0	36.0	32.0	36.0
13	34.58048916137875	36.0	36.0	36.0	32.0	36.0
14	34.56536270054747	36.0	36.0	36.0	32.0	36.0
15	34.55725623249778	36.0	36.0	36.0	32.0	36.0
16	34.51585194074726	36.0	36.0	36.0	32.0	36.0
17	34.50778327667506	36.0	36.0	36.0	32.0	36.0
18	34.49243762306061	36.0	36.0	36.0	32.0	36.0
19	34.46624011931799	36.0	36.0	36.0	32.0	36.0
20	34.45438488234504	36.0	36.0	36.0	32.0	36.0
21	34.43157982657559	36.0	36.0	36.0	32.0	36.0
22	34.422474833512766	36.0	36.0	36.0	32.0	36.0
23	34.399552776398615	36.0	36.0	36.0	32.0	36.0
24	34.35457378794979	36.0	36.0	36.0	32.0	36.0
25	34.34118542720274	36.0	36.0	36.0	32.0	36.0
26	34.3145044418283	36.0	36.0	36.0	32.0	36.0
27	34.30178244950176	36.0	36.0	36.0	32.0	36.0
28	34.26204701795969	36.0	36.0	36.0	32.0	36.0
29	34.2438410527423	36.0	36.0	36.0	32.0	36.0
30	34.214327421645436	36.0	36.0	36.0	32.0	36.0
31	34.182358874075234	36.0	36.0	36.0	32.0	36.0
32	34.16433454297143	36.0	36.0	36.0	32.0	36.0
33	34.10246613642057	36.0	36.0	36.0	32.0	36.0
34	34.06875757762309	36.0	36.0	36.0	32.0	36.0
35	34.04796559092996	36.0	36.0	36.0	32.0	36.0
36	34.0346576984366	36.0	36.0	36.0	32.0	36.0
37	34.008578232647785	36.0	36.0	36.0	32.0	36.0
38	33.975890437271794	36.0	36.0	36.0	32.0	36.0
39	33.954174369727404	36.0	36.0	36.0	32.0	36.0
40	33.93634178069461	36.0	36.0	36.0	32.0	36.0
41	33.893831593829425	36.0	36.0	36.0	32.0	36.0
42	33.86756922847206	36.0	36.0	36.0	32.0	36.0
43	33.8594621200259	36.0	36.0	36.0	32.0	36.0
44	33.84190997415808	36.0	36.0	36.0	32.0	36.0
45	33.83594203636831	36.0	36.0	36.0	27.0	36.0
46	33.81169132240913	36.0	36.0	36.0	27.0	36.0
47	33.8099034712502	36.0	36.0	36.0	27.0	36.0
48	33.824091480746944	36.0	36.0	36.0	27.0	36.0
49	33.865624888037004	36.0	36.0	36.0	32.0	36.0
50	33.967015118551316	36.0	36.0	36.0	32.0	36.0
51	34.11790987374351	36.0	36.0	36.0	32.0	36.0
>>END_MODULE
>>Per sequence quality scores	pass
#Quality	Count
2	1.0
3	4.0
4	0.0
5	3.0
6	2.0
7	14.0
8	15.0
9	22.0
10	37.0
11	23.0
12	52.0
13	49.0
14	1403.0
15	2758.0
16	4950.0
17	8454.0
18	13103.0
19	19913.0
20	29543.0
21	42187.0
22	59244.0
23	81853.0
24	111999.0
25	149709.0
26	195975.0
27	251857.0
28	318527.0
29	395906.0
30	496840.0
31	634248.0
32	848122.0
33	1257709.0
34	2379618.0
35	9041431.0
36	3572968.0
>>END_MODULE
>>Per base sequence content	pass
#Base	G	A	T	C
1	22.56292168593794	26.830829586478234	27.33388175359596	23.27236697398786
2	22.478896068279244	27.03624781861566	27.65984045262442	22.82501566048068
3	22.399324011038544	27.025736432084674	27.560131211345208	23.014808345531577
4	22.676216476640462	26.67850510533295	27.905454893068466	22.739823524958123
5	22.78849935266221	26.810086952173418	27.421115387089024	22.980298308075355
6	22.23467728898042	27.260342748352983	27.657394232903	22.847585729763598
7	22.3877228627896	27.167636036248084	27.512158708169515	22.9324823927928
8	22.36738210000322	27.090134800017612	27.459050118490808	23.083432981488365
9	22.363167427852446	27.106656765318824	27.556138528565388	22.97403727826334
10	22.387097619597853	27.144979924376706	27.621550364377594	22.846372091647847
11	22.956096952600664	27.026430636486793	27.270361559410667	22.74711085150188
12	22.19184357277686	27.34187899575371	27.67695510306502	22.789322328404406
13	22.36262299292778	27.147870463908962	27.80741083710928	22.682095706053975
14	22.391487023990443	26.90395915861723	27.961529179083005	22.743024638309326
15	22.319807651437365	27.22328217302986	27.725135032645266	22.73177514288751
16	22.41467901515981	27.49514237485904	27.661807870005433	22.42837073997572
17	22.558286257847573	27.135477485856267	27.26938618493609	23.036850071360064
18	22.444246956722573	27.629208434064623	27.309057406166136	22.617487203046664
19	22.7157315806248	27.229568240619333	27.503169547760308	22.551530630995558
20	22.78891026169157	26.94448699424541	27.57658876312724	22.69001398093578
21	22.751356882553527	27.105185720720705	27.583093583534573	22.5603638131912
22	22.459628012091105	27.37981202650118	27.626768382465123	22.53379157894259
23	22.50155930269015	27.18171191972531	27.544681390150828	22.772047387433712
24	22.35968302969496	27.503750904468927	27.573017083326278	22.563548982509836
25	22.490232131070123	27.43890639900131	27.352761082617562	22.718100387311008
26	22.56185452916057	27.32411774298744	27.32482058038275	22.78920714746924
27	22.627761414840283	27.404838226990012	27.422535831905638	22.544864526264067
28	22.34410589146421	27.412690221983738	27.402630002482542	22.840573884069514
29	22.714474403794068	27.160119200374506	27.388405710648478	22.73700068518295
30	22.435043064364766	27.57385338284316	27.336362518691292	22.65474103410078
31	22.54312804783966	27.409519349915385	27.38908595328689	22.658266648958065
32	22.48584511980816	27.521885541767094	27.31135774295553	22.680911595469215
33	22.40701088870364	27.23105511008762	27.632139932606236	22.72979406860251
34	22.584956916168338	27.66570554107756	27.383811280879268	22.365526261874834
35	22.54750971351251	27.185878329838115	27.41574408892522	22.85086786772415
36	22.686461895793244	27.516652436506106	27.12817692488942	22.668708742811233
37	22.46483271143719	27.43945956980045	27.293429940870507	22.80227777789186
38	22.52929405593977	27.343582589922523	27.21822909380311	22.9088942603346
39	22.46087604221469	27.41611875302768	27.296185961198947	22.82681924355868
40	22.501868887535117	27.30996521485182	27.541639154854145	22.646526742758912
41	22.73098654876921	27.30137723846858	27.31448087304715	22.653155339715063
42	22.66289617370271	27.392167956216458	27.404719102136077	22.54021676794476
43	22.628614226189615	27.58217304675479	27.248847811335764	22.540364915719834
44	22.637744445146232	27.288061665494645	27.206006476628342	22.86818741273078
45	22.569279806121912	27.503607348104957	27.319381147132344	22.60773169864079
46	22.5718414795256	27.819085130691384	27.01345827128454	22.59561511849848
47	22.661969704919084	27.40001680688709	27.17347397466873	22.764539513525097
48	22.648078082936195	27.759632433641414	27.374173197861534	22.21811628556086
49	22.927813511157517	27.636840238959454	27.351192088531228	22.084154161351805
50	23.141113909104767	27.721839534943747	27.41514414906649	21.721902406884997
51	22.59443802968135	28.274745945818104	27.564804827430674	21.566011197069876
>>END_MODULE
>>Per base GC content	pass
#Base	%GC
1	45.8352886599258
2	45.30391172875992
3	45.41413235657012
4	45.41604000159858
5	45.76879766073756
6	45.082263018744015
7	45.3202052555824
8	45.450815081491584
9	45.33720470611578
10	45.2334697112457
11	45.70320780410254
12	44.981165901181264
13	45.044718698981754
14	45.13451166229977
15	45.05158279432487
16	44.843049755135524
17	45.59513632920764
18	45.06173415976924
19	45.267262211620356
20	45.47892424262735
21	45.311720695744725
22	44.99341959103369
23	45.27360669012386
24	44.92323201220479
25	45.20833251838113
26	45.35106167662981
27	45.17262594110435
28	45.18467977553372
29	45.45147508897702
30	45.08978409846554
31	45.20139469679773
32	45.16675671527738
33	45.13680495730614
34	44.95048317804317
35	45.39837758123666
36	45.35517063860448
37	45.26711048932904
38	45.43818831627437
39	45.287695285773374
40	45.14839563029403
41	45.38414188848427
42	45.203112941647476
43	45.168979141909446
44	45.505931857877016
45	45.177011504762696
46	45.16745659802408
47	45.42650921844418
48	44.866194368497055
49	45.01196767250932
50	44.86301631598976
51	44.160449226751226
>>END_MODULE
>>Per sequence GC content	pass
#GC Content	Count
0	8996.0
1	8046.0
2	6050.0
3	5283.0
4	5682.0
5	6559.0
6	7520.0
7	8749.0
8	10060.0
9	12274.5
10	14582.0
11	18657.0
12	22821.0
13	29363.5
14	36448.0
15	48131.5
16	60504.0
17	78485.5
18	97259.5
19	122599.0
20	148982.0
21	181378.0
22	214355.0
23	255085.0
24	297229.5
25	341033.5
26	422219.5
27	478630.0
28	543093.5
29	609388.5
30	679899.5
31	752199.5
32	829722.0
33	908739.5
34	981380.0
35	1050890.5
36	1103413.5
37	1150957.0
38	1180853.0
39	1211279.5
40	1228300.0
41	1241069.5
42	1250077.5
43	1254124.0
44	1242197.5
45	1228183.0
46	1211752.0
47	1192314.0
48	1168570.0
49	1143770.5
50	1118278.0
51	1092125.5
52	1063888.5
53	1033099.5
54	1001384.0
55	968026.0
56	929462.5
57	888450.5
58	840701.5
59	786521.5
60	728119.0
61	667031.5
62	607005.5
63	550524.5
64	488646.5
65	429596.0
66	377826.5
67	327187.5
68	279331.5
69	233104.0
70	196398.5
71	162778.0
72	136087.0
73	111138.5
74	90685.5
75	68062.0
76	56708.5
77	46730.5
78	37028.0
79	29837.0
80	23619.0
81	19311.0
82	15439.0
83	12706.5
84	10268.0
85	8371.0
86	6606.0
87	5496.0
88	4463.5
89	3699.0
90	3038.0
91	2666.5
92	2373.5
93	2200.5
94	2027.0
95	1968.0
96	1930.0
97	2074.0
98	2684.5
99	13900.0
100	24653.0
>>END_MODULE
>>Per base N content	pass
#Base	N-Count
1	0.0036348047414521715
2	0.0028516147695370627
3	0.005291552758964902
4	0.0046941193829527356
5	0.00405652241863723
6	0.003609702498762585
7	0.0056580455022328694
8	0.004819630596400669
9	0.0035745593589971633
10	0.0030223100198262533
11	0.007154139166532245
12	0.0033938232116321383
13	0.00518110289113072
14	0.0045083627870497935
15	0.004759385213945661
16	0.007023607504546393
17	0.00621029484140378
18	0.008479537580542429
19	0.004372810676526025
20	0.0035243548736179895
21	0.004372466742962606
22	0.00682328862541144
23	0.00616706747550284
24	0.009739291036365965
25	0.007954994037056353
26	0.007501462479624974
27	0.005417236472124055
28	0.008436561333365756
29	0.004774029525781274
30	0.0050142969240119855
31	0.006356308419237731
32	0.004728817590497035
33	0.0037515206778675715
34	0.008241263752185356
35	0.008132615501445043
36	0.004371188296256159
37	0.004922696293962574
38	0.006017155178839731
39	0.006547336554092769
40	0.006379992004523782
41	0.006628835122976375
42	0.006897290759207212
43	0.005343260594428046
44	0.00405902603183283
45	0.002530739918144442
46	0.006082916904009213
47	0.002562095382753986
48	0.0038002549270706966
49	0.002745594336836162
50	0.004686335625840657
51	0.003219009385993199
>>END_MODULE
>>Sequence Length Distribution	warn
#Length	Count
20	44174.0
21	45217.0
22	46650.0
23	48002.0
24	48749.0
25	49576.0
26	50539.0
27	51607.0
28	53626.0
29	55941.0
30	57871.0
31	59435.0
32	61623.0
33	61578.0
34	63411.0
35	63937.0
36	62947.0
37	64445.0
38	66579.0
39	69505.0
40	71889.0
41	76236.0
42	79559.0
43	88104.0
44	103266.0
45	142688.0
46	238300.0
47	573201.0
48	1175678.0
49	2374094.0
50	3214660.0
51	1.0655452E7
>>END_MODULE
>>Sequence Duplication Levels	warn
#Total Duplicate Percentage	29.168062259875878
#Duplication Level	Relative count
1	100.0
2	18.995431249695763
3	7.223771409497716
4	3.611885704748858
5	2.094532102946392
6	1.2885683886984276
7	0.8219578172917116
8	0.5848278547735444
9	0.4568750304235656
10++	4.00130734407488
>>END_MODULE
>>Overrepresented sequences	pass
>>END_MODULE
>>Kmer Content	warn
#Sequence	Count	Obs/Exp Overall	Obs/Exp Max	Max Obs/Exp Position
AAAAA	5617185	4.1420617	5.04523	47
GGGGG	1982825	3.811445	5.655292	47
TTTTT	4981880	3.5793989	4.437438	13
>>END_MODULE
