##FastQC	0.10.1
>>Basic Statistics	pass
#Measure	Value	
Filename	KS25_S6_L001_R2_001.fastq.gz	
File type	Conventional base calls	
Encoding	Sanger / Illumina 1.9	
Total Sequences	14743811	
Filtered Sequences	0	
Sequence length	35-75	
%GC	46	
>>END_MODULE
>>Per base sequence quality	pass
#Base	Mean	Median	Lower Quartile	Upper Quartile	10th Percentile	90th Percentile
1	31.399610250022874	32.0	32.0	32.0	32.0	32.0
2	31.23500945583201	32.0	32.0	32.0	32.0	32.0
3	31.315520390216612	32.0	32.0	32.0	32.0	32.0
4	31.33640766284918	32.0	32.0	32.0	32.0	32.0
5	31.343196952266954	32.0	32.0	32.0	32.0	32.0
6	35.06569814276648	36.0	36.0	36.0	36.0	36.0
7	35.05000769475409	36.0	36.0	36.0	36.0	36.0
8	35.00982954814057	36.0	36.0	36.0	36.0	36.0
9	35.065369055531164	36.0	36.0	36.0	36.0	36.0
10	34.94506908695452	36.0	36.0	36.0	36.0	36.0
11	35.06188081222691	36.0	36.0	36.0	36.0	36.0
12	34.985435312484675	36.0	36.0	36.0	36.0	36.0
13	35.017220038970926	36.0	36.0	36.0	36.0	36.0
14	34.95803534106616	36.0	36.0	36.0	36.0	36.0
15	34.94605261828166	36.0	36.0	36.0	36.0	36.0
16	34.94683179267558	36.0	36.0	36.0	36.0	36.0
17	34.93338337014765	36.0	36.0	36.0	36.0	36.0
18	34.92029292833447	36.0	36.0	36.0	36.0	36.0
19	34.91202098290598	36.0	36.0	36.0	36.0	36.0
20	34.891289979232646	36.0	36.0	36.0	36.0	36.0
21	34.877545703753256	36.0	36.0	36.0	36.0	36.0
22	34.875569009939156	36.0	36.0	36.0	36.0	36.0
23	34.8560291501295	36.0	36.0	36.0	36.0	36.0
24	34.84729375600379	36.0	36.0	36.0	36.0	36.0
25	34.823841407082604	36.0	36.0	36.0	36.0	36.0
26	34.81364607834433	36.0	36.0	36.0	36.0	36.0
27	34.79432095270348	36.0	36.0	36.0	36.0	36.0
28	34.787289256488705	36.0	36.0	36.0	36.0	36.0
29	34.76594321508869	36.0	36.0	36.0	36.0	36.0
30	34.74277946183656	36.0	36.0	36.0	32.0	36.0
31	34.727086843421965	36.0	36.0	36.0	32.0	36.0
32	34.71732783335326	36.0	36.0	36.0	32.0	36.0
33	34.70355873389858	36.0	36.0	36.0	32.0	36.0
34	34.69147156050766	36.0	36.0	36.0	32.0	36.0
35	34.67401874589955	36.0	36.0	36.0	32.0	36.0
36	34.689705081232056	36.0	36.0	36.0	32.0	36.0
37	34.672480697333015	36.0	36.0	36.0	32.0	36.0
38	34.66019909750895	36.0	36.0	36.0	32.0	36.0
39	34.6331965390332	36.0	36.0	36.0	32.0	36.0
40	34.628928907695304	36.0	36.0	36.0	32.0	36.0
41	34.60899949175676	36.0	36.0	36.0	32.0	36.0
42	34.603356219856416	36.0	36.0	36.0	32.0	36.0
43	34.5864567991357	36.0	36.0	36.0	32.0	36.0
44	34.56136482212122	36.0	36.0	36.0	32.0	36.0
45	34.54331306964859	36.0	36.0	36.0	32.0	36.0
46	34.5189124979339	36.0	36.0	36.0	32.0	36.0
47	34.496463479883595	36.0	36.0	36.0	32.0	36.0
48	34.47137323345874	36.0	36.0	36.0	32.0	36.0
49	34.45481212934317	36.0	36.0	36.0	32.0	36.0
50	34.42758717884462	36.0	36.0	36.0	32.0	36.0
51	34.404162216235314	36.0	36.0	36.0	32.0	36.0
52	34.391213065599956	36.0	36.0	36.0	32.0	36.0
53	34.346408857717584	36.0	36.0	36.0	32.0	36.0
54	34.31403291217422	36.0	36.0	36.0	32.0	36.0
55	34.27861462512709	36.0	36.0	36.0	32.0	36.0
56	34.24995959407045	36.0	36.0	36.0	32.0	36.0
57	34.238685940005375	36.0	36.0	36.0	32.0	36.0
58	34.21088011248304	36.0	36.0	36.0	32.0	36.0
59	34.170529445538435	36.0	36.0	36.0	32.0	36.0
60	34.154211009052844	36.0	36.0	36.0	32.0	36.0
61	34.10931305140625	36.0	36.0	36.0	32.0	36.0
62	34.08075571824303	36.0	36.0	36.0	32.0	36.0
63	34.05694021102242	36.0	36.0	36.0	32.0	36.0
64	34.02572512668846	36.0	36.0	36.0	32.0	36.0
65	33.98260746835256	36.0	36.0	36.0	32.0	36.0
66	33.95855579415824	36.0	36.0	36.0	32.0	36.0
67	33.93161737364364	36.0	36.0	36.0	32.0	36.0
68	33.88112563859439	36.0	36.0	36.0	32.0	36.0
69	33.85566604968837	36.0	36.0	36.0	32.0	36.0
70	33.829985300967984	36.0	36.0	36.0	27.0	36.0
71	33.785306234554945	36.0	36.0	36.0	27.0	36.0
72	33.76401037614935	36.0	36.0	36.0	27.0	36.0
73	33.737289454077455	36.0	36.0	36.0	27.0	36.0
74	33.70046087903371	36.0	36.0	36.0	27.0	36.0
75	32.67542451053715	36.0	32.0	36.0	14.0	36.0
>>END_MODULE
>>Per sequence quality scores	pass
#Quality	Count
2	17116.0
3	0.0
4	0.0
5	0.0
6	0.0
7	0.0
8	0.0
9	0.0
10	0.0
11	0.0
12	0.0
13	2.0
14	950.0
15	3057.0
16	4861.0
17	6865.0
18	9156.0
19	11871.0
20	16396.0
21	22822.0
22	32819.0
23	45801.0
24	64735.0
25	90329.0
26	122076.0
27	160678.0
28	207245.0
29	260356.0
30	327269.0
31	421687.0
32	573481.0
33	882548.0
34	1923587.0
35	9538104.0
>>END_MODULE
>>Per base sequence content	fail
#Base	G	A	T	C
1	51.46017405833639	16.11131929603085	6.847168328213938	25.581338317418822
2	18.763305298312797	20.411050309995	35.405421766648416	25.420222625043788
3	20.28698615290046	21.013615321633623	29.647301550187965	29.05209697527795
4	14.09691501313371	14.413891069030695	35.955604201184	35.53358971665158
5	14.57931271826762	33.9708551866919	35.12181835516428	16.328013739876198
6	34.35187596402315	34.56214038519844	16.80115599596515	14.284827654813249
7	30.164812946828874	30.039693223768133	20.863493132709003	18.932000696693997
8	26.51058502943125	32.266248469191495	21.34018528936737	19.88298121200989
9	25.253609177076054	12.235759618841838	20.643599938750683	41.86703126533143
10	14.307086552685448	22.905132482203236	37.86964420733912	24.918136757772196
11	33.81608704464919	21.39316391084354	25.65798368201419	19.13276536249308
12	21.516334792022242	23.833888051596098	33.59308385214741	21.05669330423425
13	29.09399563174222	20.250382044307973	25.514679294980986	25.14094302896882
14	20.55231672822721	20.93842508451489	27.851184532578422	30.65807365467948
15	23.370871740061162	29.82048585918293	23.123457096110158	23.68518530464575
16	23.28388005591207	27.831607838690214	25.837358619839684	23.047153485558027
17	22.10661658980511	27.80166221952719	27.295173832282128	22.79654735838557
18	22.33949979951374	26.910280955774528	28.39622875329461	22.353990491417118
19	23.230792788198574	26.287215155878492	27.048329581077084	23.43366247484585
20	23.236028178759728	26.719158643538147	27.33315248261745	22.711660695084674
21	22.840739215417987	26.337674542726663	26.759350960958994	24.062235280896356
22	22.94647237550584	26.752811815549926	27.188652986973654	23.11206282197058
23	22.510705898370272	26.880423611679333	27.246432414061676	23.36243807588872
24	22.908113463339873	26.285388541013443	27.784679454555146	23.021818541091534
25	23.112646795496204	26.373004941027162	27.239356827855808	23.274991435620823
26	22.412360682420598	26.83805157912213	27.59719679126919	23.15239094718808
27	22.44679474926316	26.8733751870328	27.291527392941866	23.388302670762176
28	22.569789080306204	26.734233308967152	27.085588450090125	23.610389160636515
29	22.656027031183847	26.79474247276799	27.051969230027513	23.49726126602065
30	22.452199899570136	26.797417886362147	27.40460096443907	23.34578124962865
31	23.440493607017732	26.506137324090705	26.86801077906482	23.18535828982674
32	22.364984132556557	27.099237133654224	27.51773564944477	23.01804308434445
33	22.337584909580865	26.862008074452547	27.886046393980457	22.914360621986127
34	22.55788552692916	26.536327397287714	27.844910212372838	23.06087686341029
35	22.3496718034834	26.961168137182174	27.645693755455653	23.043466303878773
36	22.414539580845563	27.1950927929727	27.640751744665476	22.74961588151626
37	22.686965767676448	26.81110440735678	26.907979622701106	23.593950202265663
38	22.65123321515241	27.51494659416907	26.935294499673745	22.898525691004775
39	23.024461880751367	26.908518009268274	27.165947373066906	22.901072736913452
40	23.034117347173023	26.602029495988376	27.380954813789387	22.982898343049207
41	22.990465291432564	26.577357497910505	27.479042637202834	22.953134573454104
42	22.495861410242462	27.310044292841383	27.505360338857233	22.688733958058922
43	22.565802158903058	27.043094293800547	27.3895879450382	23.001515602258195
44	22.37191453423756	27.3927240123681	27.333135457283504	22.90222599611084
45	22.478642447959597	27.35226901238389	27.25132615071472	22.91776238894179
46	22.776222054418998	26.968595877938927	27.096601847527225	23.158580220114853
47	23.076621397286033	27.01142414820279	27.09462062940305	22.817333825108125
48	22.44537517771692	27.14814251252858	27.131075909991797	23.275406399762705
49	23.05964504585372	26.76561045992073	27.014842878090462	23.159901616135087
50	22.52914565591538	27.600147116381578	26.963480201024087	22.90722702667896
51	22.71954366745962	27.18205254239749	27.222578256730607	22.875825533412282
52	22.644656682010257	27.37054101372959	26.96656416907594	23.018238135184212
53	22.45349707981767	26.945087307145236	27.59689203962917	23.00452357340792
54	22.66464097702409	27.52827704683865	27.2897455578393	22.517336418297962
55	22.689366326581283	26.830251141957984	27.175455461671255	23.304927069789482
56	22.96240364337266	27.315908770529212	26.723797906149375	22.99788967994875
57	22.611943633547984	27.267985565347548	26.875689706865273	23.2443810942392
58	22.784466855072953	27.28959195460306	26.622789310186274	23.303151880137715
59	22.83229362144643	27.17701801765284	26.79171777647753	23.198970584423197
60	22.643807643693556	27.05813743526991	27.442095386025596	22.855959535010943
61	23.03591960332285	26.97611756066201	26.959872684222617	23.028090151792522
62	22.907687124805545	27.030668099146883	27.19036416421432	22.87128061183325
63	22.87635741576461	27.35612654023503	27.02824735938171	22.739268684618654
64	22.931120388616762	26.94809303159272	26.84983635148635	23.27095022830417
65	22.794885003437198	27.40425428123609	26.791235489434044	23.009625225892663
66	22.77639834485213	27.92467373663885	26.496061339364175	22.802866579144847
67	23.165398438539313	27.084633923061503	26.601329102599365	23.14863853579982
68	23.062832608366236	27.38929387624296	27.098729020696492	22.449144494694313
69	23.32161370461152	27.087786651516815	26.9598226532001	22.63077699067157
70	23.722925166042273	26.847228215129853	26.719222846901104	22.71062377192677
71	23.193629351801864	27.41764830564261	26.74392486546698	22.644797477088545
72	22.99495348761814	27.65155343712514	26.97032340896085	22.383169666295867
73	23.879685827055404	28.416288720020777	26.654522547850995	21.049502905072824
74	24.860706051368588	30.585598975788177	27.294365613325827	17.25932935951741
75	30.38346021831333	41.06766411830309	28.548875663383576	0.0
>>END_MODULE
>>Per base GC content	fail
#Base	%GC
1	77.04151237575522
2	44.183527923356586
3	49.339083128178416
4	49.630504729785294
5	30.907326458143817
6	48.63670361883641
7	49.09681364352287
8	46.393566241441135
9	67.12064044240748
10	39.22522331045764
11	52.94885240714227
12	42.57302809625649
13	54.23493866071104
14	51.21039038290669
15	47.056057044706904
16	46.3310335414701
17	44.90316394819068
18	44.69349029093086
19	46.664455263044424
20	45.947688873844406
21	46.90297449631435
22	46.05853519747642
23	45.87314397425899
24	45.92993200443141
25	46.38763823111703
26	45.56475162960868
27	45.835097420025335
28	46.18017824094272
29	46.1532882972045
30	45.79798114919878
31	46.62585189684447
32	45.383027216901006
33	45.251945531566996
34	45.61876239033945
35	45.39313810736218
36	45.16415546236182
37	46.28091596994211
38	45.54975890615719
39	45.92553461766482
40	46.01701569022223
41	45.943599864886664
42	45.18459536830138
43	45.56731776116125
44	45.2741405303484
45	45.39640483690139
46	45.93480227453385
47	45.89395522239416
48	45.72078157747963
49	46.21954666198881
50	45.43637268259433
51	45.59536920087191
52	45.66289481719447
53	45.45802065322559
54	45.18197739532205
55	45.994293396370765
56	45.96029332332141
57	45.85632472778718
58	46.08761873521067
59	46.031264205869626
60	45.499767178704495
61	46.06400975511537
62	45.7789677366388
63	45.61562610038326
64	46.202070616920935
65	45.804510229329864
66	45.57926492399697
67	46.31403697433913
68	45.511977103060545
69	45.952390695283086
70	46.43354893796904
71	45.83842682889041
72	45.378123153914004
73	44.929188732128225
74	42.120035410886
75	30.38346021831333
>>END_MODULE
>>Per sequence GC content	warn
#GC Content	Count
0	17177.0
1	8648.5
2	162.5
3	294.0
4	383.5
5	454.0
6	699.0
7	1060.0
8	1252.5
9	1494.5
10	2196.5
11	3291.5
12	3945.0
13	4575.0
14	6113.0
15	8541.5
16	10481.5
17	13923.0
18	21077.5
19	29763.5
20	35807.0
21	45779.0
22	63913.0
23	84013.0
24	97659.0
25	114996.0
26	144834.0
27	175720.5
28	196956.0
29	224864.5
30	270726.0
31	319415.0
32	354626.5
33	395140.0
34	463322.0
35	533659.5
36	574761.5
37	605864.5
38	633486.5
39	636545.0
40	635990.5
41	627065.0
42	611994.0
43	606978.0
44	608866.5
45	608967.5
46	601904.5
47	591193.0
48	586872.5
49	580051.5
50	564040.5
51	549612.0
52	542358.0
53	535046.0
54	520836.0
55	504668.5
56	494124.5
57	480370.5
58	454578.0
59	423716.5
60	397480.0
61	366848.0
62	327627.5
63	289268.0
64	258839.5
65	233740.0
66	198689.5
67	163462.5
68	139966.5
69	121536.0
70	99281.5
71	77937.5
72	63374.0
73	53239.5
74	42242.0
75	32365.5
76	25965.0
77	21523.5
78	16895.5
79	12785.0
80	10157.0
81	8459.0
82	6581.0
83	4749.0
84	3626.5
85	3014.5
86	2361.5
87	1760.0
88	1499.0
89	1396.0
90	1181.5
91	1003.5
92	943.5
93	901.5
94	813.0
95	788.0
96	815.5
97	853.5
98	1065.0
99	6427.5
100	11617.0
>>END_MODULE
>>Per base N content	pass
#Base	N-Count
1	0.43421609243363196
2	0.2846007724868421
3	0.15479037271978052
4	0.12699565939905227
5	0.11952811929018894
6	0.11608938828637995
7	0.11608938828637995
8	0.11608938828637995
9	0.11608938828637995
10	0.11608938828637995
11	0.11608938828637995
12	0.11608938828637995
13	0.11608938828637995
14	0.11608938828637995
15	0.11608938828637995
16	0.11608938828637995
17	0.11608938828637995
18	0.11608938828637995
19	0.11608938828637995
20	0.11608938828637995
21	0.11608938828637995
22	0.11608938828637995
23	0.11608938828637995
24	0.11608938828637995
25	0.11608938828637995
26	0.11608938828637995
27	0.11608938828637995
28	0.11608938828637995
29	0.11608938828637995
30	0.11608938828637995
31	0.11608938828637995
32	0.11608938828637995
33	0.11608938828637995
34	0.11608938828637995
35	0.11608938828637995
36	0.0
37	0.0
38	0.0
39	0.0
40	0.0
41	0.0
42	0.0
43	4.0995445952560615E-5
44	0.0
45	0.0
46	0.0
47	0.0
48	0.0
49	0.0
50	0.0
51	0.0
52	0.0
53	0.0
54	0.0
55	0.0
56	0.0
57	0.0
58	0.0
59	0.0
60	0.0
61	0.0
62	0.0
63	0.0
64	0.0
65	0.0
66	0.0
67	0.0
68	0.0
69	0.0
70	0.0
71	0.0
72	0.0
73	0.0
74	0.0
75	0.0
>>END_MODULE
>>Sequence Length Distribution	warn
#Length	Count
35	21791.0
36	7214.0
37	9951.0
38	11504.0
39	13253.0
40	13892.0
41	15080.0
42	15354.0
43	17193.0
44	18240.0
45	19769.0
46	21060.0
47	22346.0
48	23402.0
49	24553.0
50	24319.0
51	25201.0
52	25863.0
53	26627.0
54	28746.0
55	28873.0
56	30933.0
57	31607.0
58	32167.0
59	35141.0
60	35266.0
61	35126.0
62	34819.0
63	35426.0
64	37502.0
65	38794.0
66	38804.0
67	45893.0
68	41861.0
69	50570.0
70	57745.0
71	114352.0
72	360757.0
73	994107.0
74	3088891.0
75	9189819.0
>>END_MODULE
>>Sequence Duplication Levels	warn
#Total Duplicate Percentage	29.906082509711357
#Duplication Level	Relative count
1	100.0
2	20.459487898982815
3	8.023149772009821
4	3.8407576289021397
5	2.0673447913012977
6	1.2423710978604
7	0.7856892318484742
8	0.5619081024202034
9	0.4300245527884953
10++	2.890915468256752
>>END_MODULE
>>Overrepresented sequences	warn
#Sequence	Count	Percentage	Possible Source
NNNNNNNNNNNNNNNNNNNNNNNNNNNNNNNNNNN	17116	0.11608938828637995	No Hit
>>END_MODULE
>>Kmer Content	fail
#Sequence	Count	Obs/Exp Overall	Obs/Exp Max	Max Obs/Exp Position
AAAAA	5798410	4.3319464	10.562392	71
TTTTT	4898215	3.3286324	5.689368	71
GGGGG	2157810	3.0302022	5.429462	71
CCTGG	2378520	2.959241	10.82208	3
CCAGG	2252190	2.8556683	10.832927	3
CCCAG	2090490	2.6827579	9.946595	2
CTGGG	2097615	2.578509	10.207497	4
GAAAA	3013015	2.5538316	5.3599277	24
AGAAA	3005610	2.5475552	5.485944	48
TTTCT	3186205	2.5338354	5.8313355	16
CCAGC	1974380	2.5337522	5.6639466	3
CAGCA	2215140	2.4756382	5.4887323	4
TGCTG	2277000	2.4208055	6.398298	2
GCTGG	1961395	2.4110596	6.4048524	3
TCCAG	2176420	2.3867085	7.742375	2
CTCCT	2079235	2.2644444	5.564655	1
CTCCA	2033225	2.2566946	5.6919503	1
CTGGA	2067630	2.2402623	7.882652	4
GGCTG	1809095	2.2238438	8.78743	7
CTGCT	2056585	2.2129629	6.5742764	9
CAGGA	1990835	2.1983185	8.123429	4
AGGAG	2008780	2.1915786	6.2626333	5
GCTGC	1757755	2.186915	5.764904	8
TCCTG	2019335	2.1728804	7.5652814	2
CCTGC	1712225	2.1560805	6.253926	8
CTGCC	1705405	2.1474926	5.895448	9
GGCAG	1703385	2.1339536	5.9390745	7
CTCTG	1979580	2.1301026	7.265914	2
CCCTG	1689625	2.1276221	7.9404407	2
CAGAG	1917710	2.1175725	7.3740396	4
GCAGG	1672510	2.0952742	5.7590365	3
TGCAG	1924740	2.0854423	5.377774	2
GCCTG	1663575	2.0697405	7.595368	7
GAGAA	2113050	2.0319717	5.152456	47
CTGTG	1900880	2.020931	10.542215	9
TGGAG	1876785	2.0091388	5.970612	5
CACAG	1795245	2.0063636	5.1269655	7
CAGGG	1599750	2.0041225	8.511623	4
AGCTG	1840615	1.9942932	6.471424	7
CCCCA	1516445	1.9696573	6.7242274	1
GTGTG	1863860	1.9578505	10.58574	9
CAGTG	1801200	1.9515876	6.7295303	7
GCCAG	1537925	1.9500147	5.3076963	2
CAGGC	1534155	1.9452348	5.35916	4
CTGGC	1554560	1.9341093	5.419069	4
CACTG	1747985	1.9168776	6.5163755	7
CTCAG	1736690	1.9044913	5.7762146	2
CTGAG	1739020	1.8842157	5.8815765	9
CAGAA	1928640	1.8771096	5.1745243	4
GGGAG	1501195	1.8581408	5.0460625	7
CCTCT	1688595	1.8390077	5.846884	1
GGCCA	1426425	1.8086381	7.263259	1
TTCTG	1964415	1.8062755	5.1124845	2
CATTT	2227810	1.8055605	5.1503873	14
TGTGT	1985870	1.8041433	8.776074	10
ACCTG	1639005	1.7973678	6.5707517	7
CCAGA	1595325	1.7829334	6.3836684	3
CACAC	1572410	1.7786167	5.5865974	5
TGGGG	1454140	1.7661132	6.6264477	5
ACACA	1777460	1.7509304	5.65201	6
TCTGG	1611700	1.713488	6.356301	3
TGGCC	1374560	1.7101619	6.1365547	5
AGAGG	1564265	1.7066126	5.336895	5
GCCCA	1301660	1.6704404	7.1575303	1
CCTGA	1520775	1.6677144	5.215053	3
CCTGT	1479290	1.5917717	7.1108146	8
AGGTG	1486215	1.5910252	5.9522204	7
GGCCT	1275565	1.586997	5.950409	6
TCTGT	1720110	1.5816377	5.5697203	8
TCAGG	1449850	1.5709022	5.4138412	3
GGGCC	1084230	1.5596997	5.3432407	6
TGGGC	1260625	1.549633	6.5839767	5
GGGCA	1232910	1.5445554	5.4628468	1
CCATG	1384590	1.518371	5.2729516	9
AGCCT	1383605	1.5172907	5.182832	6
GTCCT	1400705	1.5072113	11.546289	1
GCTGT	1388310	1.4759896	6.270327	8
CTGTC	1365465	1.4692917	6.848888	9
GCCCT	1141235	1.4370744	6.353015	1
AGGCT	1313555	1.4232275	5.2725673	6
GGGCT	1152270	1.4164367	6.6660175	6
AGGAC	1269585	1.4019002	10.680212	5
GACAG	1268495	1.4006965	5.4974823	7
GGGTG	1135315	1.3788868	5.4428177	7
ATGGC	1251265	1.3557367	5.9616003	17
GGACA	1226075	1.3538557	5.4480906	6
GCTCT	1243350	1.3378913	5.5972247	1
TGTCC	1243070	1.3375902	5.287405	10
AGGGC	1062285	1.3308011	5.8141656	5
TGTGC	1228920	1.3065333	7.656812	10
GTGCT	1192680	1.2680044	6.285009	1
AAGTG	1333545	1.258306	5.2562246	7
GCCTT	1158440	1.246525	5.0282946	1
GTCCA	1129710	1.2388642	6.963101	1
GTGCA	1087145	1.1779138	5.845885	11
ACTGT	1216540	1.1400042	6.602651	8
TGGAC	1042660	1.1297146	5.7378783	5
GTCTT	1222685	1.1242565	6.0923953	1
GTTCT	1211400	1.1138799	5.5617733	1
AGTGT	1162465	1.0762899	6.515579	8
GGACC	834055	1.0575416	6.360567	6
GACTG	950170	1.0295024	5.6193376	7
CTACA	1043490	1.0086213	5.175456	4
GTGTT	1097605	0.9971632	5.0742574	1
TGTAG	1059835	0.981268	5.5074368	2
AGACT	1019205	0.9733538	5.188115	6
GGACT	866865	0.9392421	5.1673713	6
TCCTA	959770	0.9102859	6.3084636	2
TAGGA	954230	0.9003921	6.427586	4
GTGTA	833395	0.7716143	5.926877	1
>>END_MODULE
