##FastQC	0.10.1
>>Basic Statistics	pass
#Measure	Value	
Filename	029-F5_S4_L003_R2_001.fastq.gz	
File type	Conventional base calls	
Encoding	Sanger / Illumina 1.9	
Total Sequences	25752762	
Filtered Sequences	0	
Sequence length	35-76	
%GC	46	
>>END_MODULE
>>Per base sequence quality	pass
#Base	Mean	Median	Lower Quartile	Upper Quartile	10th Percentile	90th Percentile
1	31.42048138370556	32.0	32.0	32.0	32.0	32.0
2	31.17995250373533	32.0	32.0	32.0	32.0	32.0
3	31.214720890908712	32.0	32.0	32.0	32.0	32.0
4	31.259040952578214	32.0	32.0	32.0	32.0	32.0
5	31.20853204017495	32.0	32.0	32.0	32.0	32.0
6	34.878236827568244	36.0	36.0	36.0	36.0	36.0
7	34.87067523087426	36.0	36.0	36.0	36.0	36.0
8	34.788879188958454	36.0	36.0	36.0	32.0	36.0
9	34.9445797309042	36.0	36.0	36.0	36.0	36.0
10-14	34.830299538356314	36.0	36.0	36.0	33.6	36.0
15-19	34.73879472811499	36.0	36.0	36.0	32.0	36.0
20-24	34.67427689503751	36.0	36.0	36.0	32.0	36.0
25-29	34.60025186424664	36.0	36.0	36.0	32.0	36.0
30-34	34.52697883046487	36.0	36.0	36.0	32.0	36.0
35-39	34.490242326531785	36.0	36.0	36.0	32.0	36.0
40-44	34.412872449971054	36.0	36.0	36.0	32.0	36.0
45-49	34.286861664044714	36.0	36.0	36.0	32.0	36.0
50-54	34.13302092875315	36.0	36.0	36.0	32.0	36.0
55-59	33.962193236890656	36.0	36.0	36.0	32.0	36.0
60-64	33.819212506020186	36.0	36.0	36.0	30.0	36.0
65-69	33.694687102465224	36.0	36.0	36.0	27.0	36.0
70-74	33.57883580196956	36.0	36.0	36.0	27.0	36.0
75-76	32.66391430093976	36.0	34.0	36.0	20.5	36.0
>>END_MODULE
>>Per sequence quality scores	pass
#Quality	Count
2	45487.0
3	96.0
4	617.0
5	295.0
6	117.0
7	92.0
8	53.0
9	15.0
10	29.0
11	47.0
12	68.0
13	115.0
14	1887.0
15	6911.0
16	9724.0
17	11476.0
18	13667.0
19	17526.0
20	23554.0
21	34007.0
22	51431.0
23	78340.0
24	118883.0
25	173305.0
26	240504.0
27	322223.0
28	418656.0
29	534114.0
30	678736.0
31	879357.0
32	1203428.0
33	1865482.0
34	4015843.0
35	1.5006677E7
>>END_MODULE
>>Per base sequence content	fail
#Base	G	A	T	C
1	43.90352203581947	18.157906173171504	11.931421715961209	26.007150075047814
2	16.675812052917532	18.645372291265296	38.14412680053074	26.534688855286433
3	20.32466530313765	20.880885704338546	27.9379283973365	30.856520595187302
4	13.687688097952416	14.34202370542823	35.89601164459705	36.074276552022305
5	15.534343103815004	34.24042063189388	34.70536768880721	15.519868575483905
6	34.88605997197362	34.4924388521694	16.38008297128183	14.241418204575151
7	30.628032016090433	29.030253942756325	20.592721764859814	19.74899227629343
8	26.420535087705648	34.966296383318735	19.7285232805476	18.88464524842802
9	24.85389126717974	16.040219449117842	20.22585920244123	38.88003008126118
10-14	24.33294316369934	22.87399478866983	28.153165382610606	24.639896665020224
15-19	22.8281874243181	27.92140605352515	25.968775425870817	23.28163109628594
20-24	22.864300832600808	26.55862003365572	27.359854997559758	23.217224136183713
25-29	22.81026066377907	26.637079526154984	27.22568484470525	23.3269749653607
30-34	22.796478605412883	26.697238406489475	27.33030689381495	23.175976094282692
35-39	22.868038494993158	26.92720020669867	27.17733542914421	23.027425869163963
40-44	22.88890337607294	26.852826598495	27.212341477587685	23.045928547844376
45-49	22.89287079203897	27.031937107812066	27.077884170212556	22.997307929936404
50-54	22.932175362751344	27.066444058918165	27.059523610778292	22.941856967552194
55-59	22.921530867396413	27.066690156008377	26.99665640117858	23.015122575416626
60-64	23.01542608494643	27.154084592378137	26.932035336266612	22.898453986408825
65-69	22.99319382076691	27.21854509221078	26.934037363324848	22.854223723697466
70-74	23.292145595350828	27.444874586793144	26.874123526035675	22.388856291820353
75-76	27.53716992987321	34.72262256354799	27.68646561471064	10.053741891868151
>>END_MODULE
>>Per base GC content	fail
#Base	%GC
1	69.9106721108673
2	43.21050090820396
3	51.181185898324955
4	49.761964649974715
5	31.05421167929891
6	49.12747817654877
7	50.377024292383865
8	45.305180336133674
9	63.73392134844092
10-14	48.97283982871956
15-19	46.10981852060404
20-24	46.08152496878452
25-29	46.13723562913977
30-34	45.972454699695575
35-39	45.89546436415712
40-44	45.934831923917315
45-49	45.890178721975374
50-54	45.87403233030354
55-59	45.93665344281304
60-64	45.91388007135525
65-69	45.84741754446438
70-74	45.68100188717118
75-76	37.590911821741365
>>END_MODULE
>>Per sequence GC content	warn
#GC Content	Count
0	45558.0
1	22852.5
2	224.5
3	411.0
4	520.0
5	557.5
6	701.5
7	972.0
8	1139.5
9	1395.5
10	2208.5
11	3543.0
12	4352.0
13	5458.5
14	8346.0
15	12894.0
16	19771.0
17	25196.0
18	33798.5
19	50497.0
20	71840.0
21	87730.0
22	110512.5
23	150861.0
24	194099.5
25	222953.5
26	259236.5
27	318740.0
28	378807.5
29	420585.5
30	469906.5
31	546150.0
32	619396.0
33	668395.5
34	729712.0
35	818166.0
36	894209.5
37	943888.0
38	990100.5
39	1046813.0
40	1078367.5
41	1091756.0
42	1106764.5
43	1115230.5
44	1109567.0
45	1092840.0
46	1083406.5
47	1069658.5
48	1040794.5
49	1011356.5
50	993384.0
51	972405.0
52	940505.0
53	913553.0
54	901518.0
55	887133.0
56	861305.5
57	833774.0
58	808308.0
59	766588.5
60	705352.0
61	637961.0
62	584087.0
63	530506.0
64	460772.5
65	397153.5
66	331956.0
67	284880.5
68	249005.5
69	204438.5
70	160427.5
71	130138.0
72	108869.0
73	85745.5
74	65203.5
75	51982.0
76	43587.5
77	34458.5
78	25746.5
79	20503.0
80	17564.0
81	13892.0
82	10132.0
83	7930.0
84	6674.0
85	5225.0
86	3927.0
87	3225.5
88	2788.5
89	2353.5
90	1988.0
91	1744.0
92	1648.5
93	1560.5
94	1417.5
95	1319.5
96	1284.0
97	1277.0
98	1543.0
99	15037.0
100	28260.0
>>END_MODULE
>>Per base N content	pass
#Base	N-Count
1	0.19343556236802872
2	0.1849626847792093
3	0.18787499375795108
4	0.17891673133934138
5	0.17681210271737066
6	0.1768897642901371
7	0.1788662513170432
8	0.17987196868436867
9	0.18014766726768958
10-14	0.18191835112676458
15-19	0.18691587333428547
20-24	0.1878128644997379
25-29	0.18862831101378563
30-34	0.1891773783332444
35-39	0.04883904298095946
40-44	0.012991314715171107
45-49	0.014139508926014349
50-54	0.01380786658056558
55-59	0.014049656739396696
60-64	0.013171343711966254
65-69	0.011592424552941
70-74	0.011339956301624082
75-76	0.011759434180918
>>END_MODULE
>>Sequence Length Distribution	warn
#Length	Count
35	59524.0
36	20767.0
37	26675.0
38	29169.0
39	31597.0
40	31452.0
41	33053.0
42	34981.0
43	37284.0
44	41172.0
45	44817.0
46	45747.0
47	47794.0
48	48933.0
49	50865.0
50	50847.0
51	51628.0
52	52486.0
53	54307.0
54	56855.0
55	59315.0
56	61395.0
57	62821.0
58	63575.0
59	65060.0
60	64681.0
61	64368.0
62	65675.0
63	66646.0
64	70345.0
65	71339.0
66	74344.0
67	74190.0
68	76380.0
69	79763.0
70	85296.0
71	105169.0
72	203677.0
73	634012.0
74	1701850.0
75	5416286.0
76	1.5736622E7
>>END_MODULE
>>Sequence Duplication Levels	warn
#Total Duplicate Percentage	37.96195305053602
#Duplication Level	Relative count
1	100.0
2	24.011055586793486
3	10.97876788811366
4	6.093243896064813
5	3.793428419827197
6	2.4954265033143
7	1.7628750861242883
8	1.289290494254421
9	0.9638000807786428
10++	7.001607653380428
>>END_MODULE
>>Overrepresented sequences	warn
#Sequence	Count	Percentage	Possible Source
NNNNNNNNNNNNNNNNNNNNNNNNNNNNNNNNNNN	45487	0.17662959802136952	No Hit
GGGGGGGGGGGGGGGGGGGGGGGGGGGGGGGGGGGGGGGGGGGGGGGGGG	28170	0.10938632524154109	No Hit
>>END_MODULE
>>Kmer Content	warn
#Sequence	Count	Obs/Exp Overall	Obs/Exp Max	Max Obs/Exp Position
AAAAA	9205130	3.8335466	7.6153383	72
GGGGG	4304570	3.417093	5.9949975	72
TTTTT	8116470	3.2235568	5.690012	72
CCTGG	4309900	3.0431635	11.873283	3
CCAGG	4083915	2.911088	12.190386	3
CCCAG	3920910	2.8249252	10.533782	2
CTGGG	3903580	2.7269661	10.102394	4
CCAGC	3631360	2.616311	6.581722	3
GGAGG	3597870	2.5103903	5.8503113	6
GCTGG	3531750	2.467213	6.3173656	3
CAGCA	3895490	2.4406726	6.9283543	4
TCCAG	3913995	2.4291098	9.848103	2
TGCTG	3910815	2.3786588	7.1914353	2
CAGCC	3299145	2.3769581	5.477935	9
CTCCA	3785025	2.3743079	7.460741	1
CAGGA	3794915	2.352383	10.228231	4
CTCCT	3749060	2.32954	7.0773926	1
AGGAG	3776540	2.3161068	7.131086	5
TCCTG	3728485	2.2921274	9.90191	2
GGCTG	3268365	2.2832172	7.783989	7
CTGGA	3696735	2.2698846	9.04943	4
CTGCA	3621420	2.2475314	6.9837437	4
CCTGC	3124395	2.2297976	6.394127	3
CCCTG	3079920	2.1980572	8.653361	2
TGCAG	3578385	2.1972146	7.109279	2
GCAGG	3107475	2.191517	6.6358833	3
GGCAG	3106640	2.1909282	5.709506	7
CAGAG	3521005	2.1825924	7.1841564	4
CTGCC	3055460	2.1806006	5.5838747	9
CTGCT	3544560	2.1790574	6.439769	9
GCCTG	3073925	2.170458	6.5850725	7
AGCAG	3494985	2.166463	5.1360545	7
CTCTG	3519185	2.1634579	7.352439	2
CTTCT	3961330	2.1202915	5.0406747	1
TGGAG	3469560	2.1077466	6.6262374	5
GCTGC	2966790	2.0948114	5.299538	8
CAGGG	2966750	2.092272	8.762627	4
CACAG	3284815	2.0580614	7.1648536	7
AGCTG	3320850	2.0390818	5.5441766	7
CAGGC	2856250	2.0359864	5.941538	4
CCCCA	2786085	2.0288777	6.258698	1
CTGTG	3334960	2.028409	8.897561	9
CTCAG	3208815	1.9914598	6.0365505	2
CTGGC	2807620	1.9824235	5.1910067	4
GGAGA	3223940	1.9772041	5.551447	6
CTGAG	3187035	1.9569162	5.664546	4
CAGAA	3588145	1.9549909	5.38729	4
TCCCA	3029865	1.9006035	5.1268625	2
TTCTG	3539970	1.8746173	5.3987117	2
CACTG	2986380	1.8534119	7.6319523	7
CCAGA	2947870	1.8469524	6.4012256	3
CCTCT	2970330	1.8456633	5.362551	1
GGCCA	2585755	1.8431724	5.5931597	1
CAGTG	2987920	1.834655	6.4286103	9
TGGGG	2640635	1.8250871	5.4516296	5
ACCTG	2883410	1.7895064	5.037701	7
TCTGG	2936935	1.78632	6.2171164	3
TGGCC	2484985	1.754615	5.2544637	5
CCTGA	2792855	1.733306	5.617367	3
GCCCA	2364040	1.7032365	6.3801293	1
ACAGA	3095330	1.686482	5.825473	8
TCAGG	2708530	1.6631026	5.7670574	3
GAGAG	2671035	1.6381139	5.256242	7
CCTGT	2663860	1.6376374	5.424899	8
AGGTG	2647400	1.608287	5.0049706	7
TGGGC	2295940	1.6038996	6.045108	5
ACACA	2798260	1.5410057	6.153346	6
GTGTG	2558820	1.5397961	7.612059	1
TGTGT	2894655	1.5165908	5.713992	10
CACAC	2368270	1.4997541	6.2761292	5
ACAGC	2349980	1.4723518	5.6336794	8
CTGTC	2376545	1.4610072	5.870674	9
GCTGT	2393830	1.4559895	5.077404	8
GCCCT	2030210	1.4489071	5.539143	1
GACAG	2311395	1.4327819	6.9456644	7
GGGCT	2036805	1.4228729	5.536436	6
AGACA	2522730	1.3745022	5.347782	6
AGGGC	1935110	1.3647177	5.26298	5
GGACA	2066215	1.2808005	6.026925	6
ACTGC	2061575	1.2794578	5.3388515	8
GTCCT	2035910	1.2515981	7.8923345	1
GTGCT	2044690	1.2436333	6.430602	1
GTCCA	1933200	1.1997857	7.0665183	1
TGTGC	1958800	1.1913928	5.5283237	10
AGCAC	1899630	1.1901903	5.5572553	5
AGGAC	1897985	1.1765183	7.0436335	5
GTCTT	2150240	1.1386756	5.6619134	1
GTCCC	1582160	1.1291456	5.1602697	1
TGCAC	1795975	1.1146208	5.623635	5
ACAGT	2052740	1.1078683	5.7927604	8
GTGCA	1803390	1.1073248	6.1730294	1
TGGAC	1782665	1.0945992	6.102159	5
ACTGT	2046905	1.0942872	6.635379	8
GACTG	1705665	1.0473194	5.939314	7
ACACT	1808500	0.9865387	5.175434	6
GGACT	1552480	0.9532602	5.2257495	6
GTGTA	1278810	0.6763916	6.0548306	1
TACAC	1197200	0.65307385	5.0655594	5
>>END_MODULE
