##FastQC	0.10.1
>>Basic Statistics	pass
#Measure	Value	
Filename	018-F5_S4_L004_R2_001_trimmed.fq.gz	
File type	Conventional base calls	
Encoding	Sanger / Illumina 1.9	
Total Sequences	16499474	
Filtered Sequences	0	
Sequence length	20-50	
%GC	45	
>>END_MODULE
>>Per base sequence quality	pass
#Base	Mean	Median	Lower Quartile	Upper Quartile	10th Percentile	90th Percentile
1	35.0434738101348	36.0	36.0	36.0	36.0	36.0
2	35.0359391456964	36.0	36.0	36.0	36.0	36.0
3	35.02069144749705	36.0	36.0	36.0	36.0	36.0
4	35.016152211882634	36.0	36.0	36.0	36.0	36.0
5	34.99817697218711	36.0	36.0	36.0	36.0	36.0
6	34.9834822613133	36.0	36.0	36.0	36.0	36.0
7	34.96681536635653	36.0	36.0	36.0	36.0	36.0
8	34.96295875856406	36.0	36.0	36.0	36.0	36.0
9	34.94784088268511	36.0	36.0	36.0	36.0	36.0
10	34.92900567618095	36.0	36.0	36.0	36.0	36.0
11	34.92168174573323	36.0	36.0	36.0	36.0	36.0
12	34.90419040025155	36.0	36.0	36.0	36.0	36.0
13	34.895494001808785	36.0	36.0	36.0	36.0	36.0
14	34.88848602082709	36.0	36.0	36.0	36.0	36.0
15	34.880783593464855	36.0	36.0	36.0	36.0	36.0
16	34.85769825147153	36.0	36.0	36.0	36.0	36.0
17	34.84706239726188	36.0	36.0	36.0	36.0	36.0
18	34.838398181663244	36.0	36.0	36.0	36.0	36.0
19	34.82038330434049	36.0	36.0	36.0	36.0	36.0
20	34.81895416787226	36.0	36.0	36.0	36.0	36.0
21	34.804812088064786	36.0	36.0	36.0	36.0	36.0
22	34.795942727789836	36.0	36.0	36.0	36.0	36.0
23	34.79142636013054	36.0	36.0	36.0	36.0	36.0
24	34.77535643981254	36.0	36.0	36.0	36.0	36.0
25	34.76241584246149	36.0	36.0	36.0	36.0	36.0
26	34.739663382888	36.0	36.0	36.0	36.0	36.0
27	34.74029786928112	36.0	36.0	36.0	36.0	36.0
28	34.72439733893049	36.0	36.0	36.0	36.0	36.0
29	34.71759631401017	36.0	36.0	36.0	36.0	36.0
30	34.696885670840736	36.0	36.0	36.0	36.0	36.0
31	34.682502501781386	36.0	36.0	36.0	36.0	36.0
32	34.67215912433088	36.0	36.0	36.0	36.0	36.0
33	34.649505879468336	36.0	36.0	36.0	36.0	36.0
34	34.635413328019176	36.0	36.0	36.0	32.0	36.0
35	34.615802813403455	36.0	36.0	36.0	32.0	36.0
36	34.59737810155577	36.0	36.0	36.0	32.0	36.0
37	34.592198905163045	36.0	36.0	36.0	32.0	36.0
38	34.57708499263256	36.0	36.0	36.0	32.0	36.0
39	34.56689051203854	36.0	36.0	36.0	32.0	36.0
40	34.55243230223428	36.0	36.0	36.0	32.0	36.0
41	34.53169723485632	36.0	36.0	36.0	32.0	36.0
42	34.509041530463215	36.0	36.0	36.0	32.0	36.0
43	34.504685358485354	36.0	36.0	36.0	32.0	36.0
44	34.477168204962744	36.0	36.0	36.0	32.0	36.0
45	34.4818580875537	36.0	36.0	36.0	32.0	36.0
46	34.473078147432076	36.0	36.0	36.0	32.0	36.0
47	34.479073476303924	36.0	36.0	36.0	32.0	36.0
48	34.49583748384828	36.0	36.0	36.0	32.0	36.0
49	34.57926156532029	36.0	36.0	36.0	32.0	36.0
50	34.72027437492231	36.0	36.0	36.0	32.0	36.0
>>END_MODULE
>>Per sequence quality scores	pass
#Quality	Count
4	2.0
5	2.0
6	2.0
7	6.0
8	18.0
9	24.0
10	33.0
11	48.0
12	58.0
13	76.0
14	693.0
15	1457.0
16	2981.0
17	5481.0
18	9093.0
19	14213.0
20	21482.0
21	30565.0
22	41648.0
23	55182.0
24	72258.0
25	93277.0
26	119372.0
27	151618.0
28	189348.0
29	234686.0
30	290988.0
31	369650.0
32	492208.0
33	721392.0
34	1398620.0
35	6800294.0
36	5382699.0
>>END_MODULE
>>Per base sequence content	pass
#Base	G	A	T	C
1	22.629880895906	26.553489563701575	27.26094040176865	23.555689138623766
2	22.688991589665832	26.62300284187215	27.50813688723628	23.17986868122573
3	22.533944479020164	26.71132227756223	27.471928813512474	23.28280442990513
4	22.804221836743846	26.265908559195783	27.79164530170956	23.138224302350814
5	22.860551042906835	26.392130933557944	27.352423335496905	23.394894688038313
6	22.326648568282003	26.87021591385023	27.554942174266955	23.248193343600803
7	22.45167289005588	26.82321058997487	27.519484648215613	23.20563187175363
8	22.50487642648582	26.729902522383192	27.426130518156455	23.339090532974534
9	22.38987609020154	26.819932173252	27.546495798847527	23.24369593769894
10	22.416828245151585	26.89700212562331	27.520760739185963	23.16540889003915
11	23.00402305033586	26.76242183084399	27.193359466745058	23.04019565207509
12	22.255326094592075	27.042018354062076	27.64256715398576	23.060088397360094
13	22.434711972365438	26.86403205048905	27.77418922931576	22.927066747829752
14	22.48300376503441	26.62257175645965	27.86791577058347	23.026508707922478
15	22.356120086471687	26.911036195274917	27.767134249855946	22.96570946839745
16	22.455612947092778	27.1500587233032	27.732788332267283	22.66153999733674
17	22.578020831578094	26.82170236283643	27.313294729577525	23.28698207600795
18	22.45822894724576	27.32112301236595	27.325074899473872	22.895573140914415
19	22.695106864403648	27.01110618795843	27.52932020286083	22.7644667447771
20	22.788899505706745	26.72312054995588	27.510687319371225	22.977292624966154
21	22.73597553308015	26.892762931097497	27.57829576314723	22.792965772675124
22	22.461917971116428	27.171128983975557	27.620271667458603	22.746681377449413
23	22.55151027526199	26.941040614702178	27.531721379097995	22.97572773093784
24	22.403232510458864	27.27818982819763	27.55225631431415	22.76632134702936
25	22.50952132063065	27.182931395058585	27.406077028428864	22.901470255881897
26	22.602954321671834	27.083270002304587	27.346972791040624	22.966802884982954
27	22.674530896368626	27.137605663084546	27.451291778034204	22.736571662512624
28	22.38685489550277	27.18549492238283	27.413852171356517	23.01379801075789
29	22.743476128202346	26.96250915052676	27.415797124708618	22.878217596562276
30	22.49485434104665	27.340909221630284	27.370934488868627	22.79330194845444
31	22.58018922543534	27.271118767970016	27.37239720064476	22.776294805949888
32	22.596111260105918	27.27428370644877	27.265395137087626	22.864209896357686
33	22.453926205267766	27.03858390067137	27.598335726521935	22.90915416753893
34	22.608632587521786	27.430911329662912	27.383632096952077	22.576823985863225
35	22.580213574339542	26.980940190314744	27.400980401819375	23.037865833526343
36	22.673195251497827	27.30748441339755	27.21249610770672	22.806824227397907
37	22.534023751544847	27.19646610607107	27.30338902523731	22.966121117146773
38	22.568951389301485	27.159036896203435	27.211055245281525	23.060956469213554
39	22.51874141234306	27.212405483849405	27.305912598313597	22.962940505493933
40	22.53394043473348	27.167479149187596	27.526476312554067	22.772104103524857
41	22.791113909479865	27.13583659119847	27.304043698868384	22.76900580045328
42	22.72193636243576	27.27045593618739	27.343488621729676	22.664119079647175
43	22.67666781521509	27.41434563043206	27.21099689354032	22.69798966081253
44	22.72223322462292	27.096459343786698	27.113458680379594	23.067848751210786
45	22.611554085574824	27.33786343652369	27.282465683433333	22.768116794468153
46	22.61463876634111	27.601227045520243	27.075397778142353	22.708736409996295
47	22.74896255957318	27.276304195581297	27.113614786011887	22.861118458833637
48	22.69986348681353	27.7098932271863	27.32585882541499	22.26438446058518
49	22.95230967374424	27.852152754662598	27.39771846411287	21.797819107480297
50	23.056979778788055	27.50565050908943	27.37050600416593	22.066863707956582
>>END_MODULE
>>Per base GC content	pass
#Base	%GC
1	46.18557003452977
2	45.86886027089157
3	45.8167489089253
4	45.94244613909466
5	46.25544573094514
6	45.57484191188281
7	45.65730476180951
8	45.84396695946035
9	45.633572027900485
10	45.58223713519073
11	46.04421870241095
12	45.31541449195217
13	45.36177872019519
14	45.509512472956885
15	45.32182955486913
16	45.11715294442952
17	45.865002907586046
18	45.35380208816018
19	45.459573609180744
20	45.76619213067289
21	45.528941305755275
22	45.20859934856584
23	45.52723800619983
24	45.169553857488225
25	45.41099157651255
26	45.569757206654785
27	45.41110255888125
28	45.40065290626065
29	45.621693724764626
30	45.28815628950109
31	45.35648403138522
32	45.4603211564636
33	45.3630803728067
34	45.18545657338501
35	45.61807940786588
36	45.480019478895734
37	45.50014486869162
38	45.62990785851504
39	45.481681917836994
40	45.30604453825834
41	45.56011970993315
42	45.386055442082935
43	45.37465747602762
44	45.79008197583371
45	45.37967088004298
46	45.32337517633741
47	45.61008101840682
48	44.96424794739871
49	44.75012878122453
50	45.12384348674463
>>END_MODULE
>>Per sequence GC content	warn
#GC Content	Count
0	2169.0
1	1883.5
2	1518.5
3	1605.0
4	1796.0
5	2178.5
6	2620.5
7	3095.0
8	3602.5
9	4509.5
10	5536.0
11	7361.5
12	9309.5
13	12851.5
14	17016.0
15	23961.5
16	31588.5
17	43867.5
18	57448.5
19	77081.5
20	97269.5
21	124264.5
22	152771.0
23	188839.0
24	227122.0
25	264816.0
26	308797.5
27	361421.0
28	416979.0
29	478961.0
30	542556.5
31	608642.0
32	678192.0
33	749543.5
34	820500.5
35	882818.5
36	940175.0
37	978193.5
38	1007745.5
39	1029370.5
40	1049244.5
41	1060643.5
42	1070113.5
43	1068644.5
44	1061460.0
45	1042057.5
46	1023179.0
47	1001386.0
48	977371.5
49	950931.0
50	924597.0
51	900891.0
52	874191.0
53	844112.0
54	815188.0
55	785067.0
56	751917.0
57	713135.5
58	673123.0
59	627562.0
60	580967.0
61	532287.5
62	482973.5
63	440065.5
64	390627.0
65	345752.0
66	303098.5
67	264385.5
68	225375.5
69	190062.0
70	159806.0
71	134789.0
72	112255.5
73	92854.5
74	75252.5
75	62286.0
76	52543.0
77	43303.0
78	34908.0
79	28782.0
80	23223.5
81	18754.5
82	14913.0
83	12189.0
84	9705.5
85	7645.5
86	5890.5
87	4686.0
88	3782.0
89	3022.0
90	2304.5
91	1939.5
92	1711.0
93	1555.0
94	1387.0
95	1352.0
96	1329.0
97	1502.5
98	2150.0
99	7610.5
100	12604.0
>>END_MODULE
>>Per base N content	pass
#Base	N-Count
1	0.002284921325370736
2	0.005109253785908569
3	0.00643656882637592
4	0.0029940348401409646
5	0.003278892405903364
6	0.004630450643456877
7	0.007448722304723169
8	0.004315289081336775
9	0.007654789479955543
10	0.004751666628887685
11	0.004842578617960791
12	0.003424351588420334
13	0.006091103267898116
14	0.004969855402663139
15	0.004018309917031294
16	0.0055335097349163975
17	0.007588120687968597
18	0.006224440851872006
19	0.008873010133535166
20	0.01567928771547505
21	0.012082048023593474
22	0.01363317662059531
23	0.008729767230507165
24	0.013012025482896634
25	0.013419440088620645
26	0.0040936313391358526
27	0.011732274615473786
28	0.007465449405709329
29	0.010926267615092768
30	0.009672988738768916
31	0.012484403684111998
32	0.009145372597875267
33	0.009907163186087174
34	0.011354092378396349
35	0.004287072210557334
36	0.01048117798816904
37	0.010009118801505644
38	0.0072405784293885795
39	0.009447777410364212
40	0.007366368577183424
41	0.005651190474930902
42	0.00654986735271017
43	0.008805665895649732
44	0.005477891437227412
45	0.005042216096255716
46	0.007979037391325479
47	0.011022010146813964
48	0.0055826629526431176
49	0.0027946709108942268
50	0.007630528184340434
>>END_MODULE
>>Sequence Length Distribution	warn
#Length	Count
20	12203.0
21	12754.0
22	13597.0
23	14595.0
24	14939.0
25	15643.0
26	16536.0
27	17072.0
28	17901.0
29	19751.0
30	20115.0
31	21041.0
32	22178.0
33	22694.0
34	23599.0
35	24846.0
36	24769.0
37	26311.0
38	28152.0
39	30579.0
40	32788.0
41	36552.0
42	41154.0
43	52916.0
44	90582.0
45	167624.0
46	445427.0
47	956815.0
48	1931417.0
49	2594616.0
50	9750308.0
>>END_MODULE
>>Sequence Duplication Levels	warn
#Total Duplicate Percentage	36.56261318141329
#Duplication Level	Relative count
1	100.0
2	24.888515129538476
3	10.440230222043915
4	5.294952705726233
5	3.2203311370685266
6	1.9797244124863056
7	1.384109741231657
8	0.960544385637354
9	0.7113429104880645
10++	5.42456833366766
>>END_MODULE
>>Overrepresented sequences	pass
>>END_MODULE
>>Kmer Content	warn
#Sequence	Count	Obs/Exp Overall	Obs/Exp Max	Max Obs/Exp Position
AAAAA	3903460	3.6568139	4.419924	46
TTTTT	3559925	3.1071134	3.8920224	13
>>END_MODULE
