##FastQC	0.10.1
>>Basic Statistics	pass
#Measure	Value	
Filename	019-F0_S5_L002_R2_001_trimmed.fq.gz	
File type	Conventional base calls	
Encoding	Sanger / Illumina 1.9	
Total Sequences	14059268	
Filtered Sequences	0	
Sequence length	20-50	
%GC	45	
>>END_MODULE
>>Per base sequence quality	pass
#Base	Mean	Median	Lower Quartile	Upper Quartile	10th Percentile	90th Percentile
1	35.078134153214805	36.0	36.0	36.0	36.0	36.0
2	35.065784505992774	36.0	36.0	36.0	36.0	36.0
3	35.05980652762292	36.0	36.0	36.0	36.0	36.0
4	35.048636173661386	36.0	36.0	36.0	36.0	36.0
5	35.032704547633635	36.0	36.0	36.0	36.0	36.0
6	35.0173306320073	36.0	36.0	36.0	36.0	36.0
7	34.99715362136919	36.0	36.0	36.0	36.0	36.0
8	34.99133952066352	36.0	36.0	36.0	36.0	36.0
9	34.97119956743125	36.0	36.0	36.0	36.0	36.0
10	34.95377156193338	36.0	36.0	36.0	36.0	36.0
11	34.94649095529013	36.0	36.0	36.0	36.0	36.0
12	34.92774189950715	36.0	36.0	36.0	36.0	36.0
13	34.92094794693436	36.0	36.0	36.0	36.0	36.0
14	34.907863410812	36.0	36.0	36.0	36.0	36.0
15	34.90364242291989	36.0	36.0	36.0	36.0	36.0
16	34.87566585970194	36.0	36.0	36.0	36.0	36.0
17	34.86147386905207	36.0	36.0	36.0	36.0	36.0
18	34.84998657113585	36.0	36.0	36.0	36.0	36.0
19	34.81196723755462	36.0	36.0	36.0	36.0	36.0
20	34.81588984575868	36.0	36.0	36.0	36.0	36.0
21	34.813990573456934	36.0	36.0	36.0	36.0	36.0
22	34.80678478482617	36.0	36.0	36.0	36.0	36.0
23	34.79219344300482	36.0	36.0	36.0	36.0	36.0
24	34.77714808613438	36.0	36.0	36.0	36.0	36.0
25	34.76379122696591	36.0	36.0	36.0	36.0	36.0
26	34.73094639028922	36.0	36.0	36.0	36.0	36.0
27	34.73010432408884	36.0	36.0	36.0	36.0	36.0
28	34.732862322932824	36.0	36.0	36.0	36.0	36.0
29	34.709699692910434	36.0	36.0	36.0	36.0	36.0
30	34.693723485207215	36.0	36.0	36.0	36.0	36.0
31	34.674432046793136	36.0	36.0	36.0	36.0	36.0
32	34.674990104003975	36.0	36.0	36.0	36.0	36.0
33	34.635004492435904	36.0	36.0	36.0	36.0	36.0
34	34.627962026809044	36.0	36.0	36.0	32.0	36.0
35	34.5838568110897	36.0	36.0	36.0	32.0	36.0
36	34.563457941764945	36.0	36.0	36.0	32.0	36.0
37	34.57066839756199	36.0	36.0	36.0	32.0	36.0
38	34.550718731513975	36.0	36.0	36.0	32.0	36.0
39	34.538688140677586	36.0	36.0	36.0	32.0	36.0
40	34.533148478794445	36.0	36.0	36.0	32.0	36.0
41	34.50358131074756	36.0	36.0	36.0	32.0	36.0
42	34.48084725019086	36.0	36.0	36.0	32.0	36.0
43	34.47771326254237	36.0	36.0	36.0	32.0	36.0
44	34.447099851243834	36.0	36.0	36.0	32.0	36.0
45	34.45516964350126	36.0	36.0	36.0	32.0	36.0
46	34.446491472064004	36.0	36.0	36.0	32.0	36.0
47	34.45025785891099	36.0	36.0	36.0	32.0	36.0
48	34.47149571973744	36.0	36.0	36.0	32.0	36.0
49	34.544556181765145	36.0	36.0	36.0	32.0	36.0
50	34.68122121768234	36.0	36.0	36.0	32.0	36.0
>>END_MODULE
>>Per sequence quality scores	pass
#Quality	Count
4	1.0
5	3.0
6	7.0
7	17.0
8	29.0
9	22.0
10	43.0
11	38.0
12	59.0
13	79.0
14	1028.0
15	1981.0
16	3718.0
17	6244.0
18	10178.0
19	15101.0
20	21449.0
21	29319.0
22	38882.0
23	49734.0
24	63482.0
25	81304.0
26	102376.0
27	128363.0
28	160364.0
29	195763.0
30	243970.0
31	306973.0
32	406089.0
33	587296.0
34	1118552.0
35	5592035.0
36	4894769.0
>>END_MODULE
>>Per base sequence content	pass
#Base	G	A	T	C
1	22.321049610022484	26.651208072820175	27.215345505547443	23.812396811609894
2	22.59982112014299	27.2121942742797	27.47821653339828	22.70976807217903
3	22.093818853040602	27.244619348826955	27.786548683267565	22.875013114864874
4	22.82184245175794	26.318090329339334	28.25991441827752	22.6001528006252
5	22.605556365262807	26.713219024483198	27.71364019080449	22.967584419449505
6	21.90766016400024	27.30734353353116	27.951167830936175	22.83382847153242
7	22.04436647690413	27.302253079183558	27.734824023891413	22.9185564200209
8	22.050451511931353	27.13630489683218	27.388463581888196	23.42478000934827
9	22.28849709321081	27.028313016598222	27.44775536634037	23.235434523850596
10	21.976710034732722	27.074998963260732	27.923154822836377	23.02513617917017
11	23.113618021759848	26.742201184772064	27.30390878612291	22.840272007345185
12	21.946264715064373	27.52937002407103	27.77811801527683	22.746247245587767
13	21.99247346132219	27.353195684670677	28.158018189312973	22.49631266469416
14	22.189653080191693	26.993432791995925	28.228765830658702	22.58814829715368
15	21.96909671844955	27.42583547456355	28.042174037399565	22.56289376958734
16	22.023596169067112	27.45516367236178	28.23071269148565	22.290527467085454
17	22.232098469664553	26.964180401198686	27.33538140592034	23.468339723216427
18	22.186282420962495	27.899423191800093	27.308614689262644	22.60567969797477
19	22.68215502141205	27.174463663679816	27.62805810601503	22.515323208893108
20	22.977475401405773	26.738884298349724	27.718075472068616	22.56556482817589
21	22.832534199288766	26.946945251870535	27.794212723303986	22.426307825536718
22	22.194977012522713	27.74420429320592	27.844552821647333	22.21626587262403
23	22.197884911746183	27.438035616708984	27.847429639327864	22.516649832216967
24	21.913865442625198	27.757391379540756	27.754246947936075	22.57449622989797
25	22.097362035456953	27.73847586035992	27.55772973767482	22.60643236650831
26	22.318310166754657	27.127216703094632	27.574885112915215	22.9795880172355
27	22.84523010484405	27.207547502896865	27.508360850001868	22.438861542257214
28	22.02976193170807	27.55842521436752	27.501119702985715	22.910693150938695
29	22.85518273013164	27.004092878026647	27.345632621431776	22.795091770409933
30	22.157868405538746	28.022763159478558	27.237233347612023	22.582135087370666
31	22.25336971288355	27.632021128752903	27.567235760252544	22.547373398111002
32	22.295916806331313	27.842166207523135	27.248728588200006	22.613188397945546
33	22.082112839570232	27.181279014657523	28.049548302565537	22.68705984320671
34	22.285413902398783	27.956333668724714	27.643683352581544	22.114569076294956
35	22.252266948708577	26.96660492634236	27.794176540849897	22.98695158409917
36	22.48639374644342	27.52034110202541	27.178902151877065	22.814362999654104
37	22.246012534420252	27.51647045505586	27.252362910761995	22.985154099761896
38	22.43994751919054	27.59408151809127	26.94989166587023	23.016079296847966
39	22.474818284986103	27.507733256600243	27.113744569837145	22.90370388857651
40	22.143210135995073	27.322378436227364	27.914141262513702	22.62027016526386
41	22.647292153947976	27.179284084816622	27.419243578326135	22.754180182909263
42	22.615347178310323	27.21759272416382	27.691893015225688	22.47516708230017
43	22.461361560190383	27.805390673907375	27.33661866529806	22.396629100604176
44	22.544883854935286	27.33797790314941	27.10193427970495	23.015203962210354
45	22.587263244075835	27.762903780602738	27.15838239575352	22.491450579567903
46	22.386109976734673	28.458259761310316	26.876850819443415	22.278779442511595
47	22.75092862960094	27.39553122274113	26.973286092054177	22.880254055603753
48	22.6401635586461	27.990693237582303	27.47449106560979	21.894652138161803
49	23.01348160944222	27.82411833380849	27.65679250770931	21.505607549039983
50	23.51908706327338	27.37032639955163	27.427659346618093	21.682927190556892
>>END_MODULE
>>Per base GC content	pass
#Base	%GC
1	46.13344642163238
2	45.30958919232202
3	44.96883196790548
4	45.42199525238315
5	45.57314078471231
6	44.74148863553267
7	44.96292289692503
8	45.47523152127963
9	45.5239316170614
10	45.001846213902894
11	45.95389002910503
12	44.69251196065214
13	44.48878612601635
14	44.77780137734537
15	44.53199048803689
16	44.31412363615257
17	45.70043819288097
18	44.79196211893727
19	45.19747823030515
20	45.54304022958166
21	45.25884202482548
22	44.41124288514674
23	44.71453474396315
24	44.48836167252317
25	44.70379440196526
26	45.297898183990156
27	45.28409164710126
28	44.940455082646764
29	45.65027450054158
30	44.740003492909416
31	44.80074311099455
32	44.90910520427686
33	44.76917268277694
34	44.39998297869374
35	45.23921853280775
36	45.30075674609753
37	45.231166634182145
38	45.4560268160385
39	45.378522173562615
40	44.76348030125894
41	45.40147233685724
42	45.0905142606105
43	44.85799066079456
44	45.560087817145636
45	45.07871382364374
46	44.664889419246265
47	45.63118268520469
48	44.534815696807904
49	44.5190891584822
50	45.20201425383027
>>END_MODULE
>>Per sequence GC content	warn
#GC Content	Count
0	4053.0
1	3279.5
2	2423.0
3	2652.5
4	2989.5
5	3368.5
6	3799.5
7	4359.5
8	4976.0
9	6051.5
10	7228.0
11	9457.5
12	11777.5
13	15601.5
14	20184.0
15	27801.5
16	35888.5
17	48475.5
18	62459.0
19	80655.0
20	99130.5
21	121795.5
22	145464.5
23	175700.5
24	208084.0
25	238959.5
26	274726.0
27	319658.0
28	369172.5
29	427226.5
30	485790.0
31	547163.0
32	612011.0
33	680643.5
34	747368.5
35	798584.5
36	843019.0
37	859843.0
38	869667.0
39	878235.0
40	886304.0
41	888919.0
42	890872.5
43	887854.0
44	880360.5
45	866060.5
46	853113.5
47	837060.5
48	819066.5
49	800684.0
50	781793.5
51	761746.0
52	739044.5
53	713992.0
54	689365.0
55	662644.0
56	633004.0
57	600427.0
58	567438.0
59	528474.5
60	488004.5
61	445502.5
62	403105.0
63	367623.0
64	326690.0
65	288391.0
66	252832.0
67	220937.5
68	186929.5
69	155507.5
70	129754.0
71	108516.0
72	89449.5
73	73885.0
74	59688.0
75	49316.5
76	41454.5
77	34098.0
78	27544.5
79	22608.5
80	18225.5
81	14693.0
82	11751.5
83	9694.0
84	7737.5
85	6239.0
86	4927.0
87	3971.0
88	3269.5
89	2613.0
90	2027.0
91	1711.0
92	1448.5
93	1314.5
94	1189.0
95	1177.0
96	1185.5
97	1242.5
98	1739.0
99	5269.0
100	8369.0
>>END_MODULE
>>Per base N content	pass
#Base	N-Count
1	0.004530819100965996
2	0.004765539713731896
3	0.005640407452222974
4	0.0030229169825911274
5	0.0049006818847183225
6	0.008819804843324702
7	0.007084294858025326
8	0.007518172354350169
9	0.0093674862731118
10	0.005455476060346812
11	0.0037697552959371715
12	0.0032789758328811997
13	0.007205211537328971
14	0.00448102988007626
15	0.005412799585298466
16	0.006892250720307772
17	0.006024495727658083
18	0.01727685964873847
19	0.014204153445257606
20	0.026957306738871468
21	0.010509538153504052
22	0.019780609870060997
23	0.009420313850601816
24	0.010818532761146804
25	0.012736048892689986
26	0.008038726889197541
27	0.02308061412083021
28	0.010971274659502503
29	0.014196722391980068
30	0.007070371166377726
31	0.015269742712416018
32	0.006653986001604623
33	0.005818898347034315
34	0.012256161916096988
35	0.004023533816637596
36	0.012483617985830947
37	0.014336442996965452
38	0.007842944272036367
39	0.015031161770823517
40	0.009734220464421645
41	0.01047522789337782
42	0.012898072592838929
43	0.005494309269174452
44	0.0028109405384673485
45	0.0026649368849109845
46	0.016781819563850383
47	0.022032941514971923
48	0.005752200696116322
49	0.002028092444490581
50	0.00881407260173455
>>END_MODULE
>>Sequence Length Distribution	warn
#Length	Count
20	14883.0
21	15495.0
22	16618.0
23	17768.0
24	18427.0
25	18643.0
26	19330.0
27	19940.0
28	20590.0
29	22772.0
30	23881.0
31	24622.0
32	26436.0
33	27199.0
34	28527.0
35	30164.0
36	28570.0
37	29817.0
38	30558.0
39	33801.0
40	35436.0
41	42144.0
42	45166.0
43	56600.0
44	90740.0
45	152128.0
46	379073.0
47	794531.0
48	1591544.0
49	2167037.0
50	8236828.0
>>END_MODULE
>>Sequence Duplication Levels	warn
#Total Duplicate Percentage	32.41295522854132
#Duplication Level	Relative count
1	100.0
2	22.30853083647967
3	8.309209433948643
4	3.9394748810649647
5	2.197500739960006
6	1.32904036211116
7	0.8547440460291219
8	0.6273417027021174
9	0.473574403881
10++	4.343023801445268
>>END_MODULE
>>Overrepresented sequences	pass
>>END_MODULE
>>Kmer Content	warn
#Sequence	Count	Obs/Exp Overall	Obs/Exp Max	Max Obs/Exp Position
AAAAA	3934505	4.105565	5.0407968	45
TTTTT	3309850	3.325604	5.1475253	13
GAAAA	2323775	2.9635077	6.601408	4
AGAAA	2321440	2.9605298	6.42428	28
TTTTC	2418035	2.9502165	5.263016	4
GAGAA	1459655	2.275052	6.582156	27
GGAAA	1429620	2.228239	6.274613	20
AAAAT	2143730	2.2200809	5.0956154	22
TGAAA	1547165	1.9582334	5.2953215	10
CTGAA	1277010	1.9479022	5.8643	9
AAATG	1449490	1.8346071	5.4195566	23
CATTT	1475840	1.8143234	5.3040786	1
AAAAC	1417420	1.782487	5.010031	5
TGAGA	1059835	1.6394391	5.8046556	26
ATGAG	881190	1.3630966	5.5577893	25
AACTG	877765	1.338909	5.144821	7
ACTGA	856280	1.3061366	5.124439	8
>>END_MODULE
