##FastQC	0.10.1
>>Basic Statistics	pass
#Measure	Value	
Filename	001-F0_S3_L004_R1_001.fastq.gz	
File type	Conventional base calls	
Encoding	Sanger / Illumina 1.9	
Total Sequences	21110280	
Filtered Sequences	0	
Sequence length	35-76	
%GC	45	
>>END_MODULE
>>Per base sequence quality	pass
#Base	Mean	Median	Lower Quartile	Upper Quartile	10th Percentile	90th Percentile
1	31.368683977663963	32.0	32.0	32.0	32.0	32.0
2	31.40899708578001	32.0	32.0	32.0	32.0	32.0
3	31.488072067258226	32.0	32.0	32.0	32.0	32.0
4	31.56430080510538	32.0	32.0	32.0	32.0	32.0
5	31.526477763440372	32.0	32.0	32.0	32.0	32.0
6	35.13913666706458	36.0	36.0	36.0	36.0	36.0
7	35.140132627326594	36.0	36.0	36.0	36.0	36.0
8	35.074691145735635	36.0	36.0	36.0	36.0	36.0
9	35.21026381459649	36.0	36.0	36.0	36.0	36.0
10-14	35.13727976132956	36.0	36.0	36.0	36.0	36.0
15-19	35.09196216251039	36.0	36.0	36.0	36.0	36.0
20-24	35.042668927176706	36.0	36.0	36.0	36.0	36.0
25-29	34.934215121732166	36.0	36.0	36.0	36.0	36.0
30-34	34.84897004682079	36.0	36.0	36.0	36.0	36.0
35-39	34.85101444045913	36.0	36.0	36.0	36.0	36.0
40-44	34.80152839132958	36.0	36.0	36.0	36.0	36.0
45-49	34.7105795205662	36.0	36.0	36.0	32.8	36.0
50-54	34.59587058194963	36.0	36.0	36.0	32.0	36.0
55-59	34.46080526041787	36.0	36.0	36.0	32.0	36.0
60-64	34.312387915860555	36.0	36.0	36.0	32.0	36.0
65-69	34.163985364754595	36.0	36.0	36.0	32.0	36.0
70-74	34.04865167662341	36.0	36.0	36.0	32.0	36.0
75-76	33.40996158298843	36.0	34.0	36.0	26.5	36.0
>>END_MODULE
>>Per sequence quality scores	pass
#Quality	Count
2	60222.0
3	0.0
4	0.0
5	0.0
6	0.0
7	0.0
8	0.0
9	0.0
10	0.0
11	0.0
12	0.0
13	0.0
14	0.0
15	0.0
16	1.0
17	19.0
18	175.0
19	1133.0
20	4529.0
21	10782.0
22	19329.0
23	31194.0
24	50630.0
25	80794.0
26	125674.0
27	184540.0
28	257659.0
29	343274.0
30	446173.0
31	583750.0
32	797059.0
33	1241715.0
34	2879250.0
35	1.3992378E7
>>END_MODULE
>>Per base sequence content	fail
#Base	G	A	T	C
1	41.170798081156235	19.428896672437798	12.971864979884684	26.428440266521285
2	15.51422803680636	19.841161482785463	37.89611886105017	26.748491619358006
3	18.858084532663323	22.013127115289265	28.261084064682702	30.86770428736471
4	13.048884850250342	15.725687954934722	35.833542597011174	35.39188459780377
5	14.735213556181176	35.16603137150501	34.281264213143736	15.81749085917008
6	33.77131312417286	35.29547994594599	16.695037134814545	14.238169795066598
7	29.777651919058844	29.419576896177674	21.03753348328066	19.765237701482818
8	25.56133981509488	35.90911636790792	20.06073242904681	18.4688113879504
9	24.495980011076455	16.543598122152442	20.536708259901232	38.42371360686987
10-14	24.01346304163774	23.326539016125317	28.32086335065184	24.3391345915851
15-19	22.38609818481302	28.342705088816622	26.35261581038354	22.918580915986823
20-24	22.53045907583747	26.963178818135354	27.60856665444999	22.897795451577185
25-29	22.394668169294533	27.064185416489963	27.474496240578354	23.06665017363715
30-34	22.454240183107963	27.039734121079096	27.57408563384019	22.931940061972757
35-39	22.5147130037338	27.228692066345072	27.398409568137588	22.85818536178354
40-44	22.627658930187895	27.12090734519208	27.423238150760326	22.828195573859695
45-49	22.63717659492664	27.211463546815473	27.221316709551115	22.930043148706776
50-54	22.61687192590354	27.31758196119818	27.229433211348347	22.836112901549935
55-59	22.6708876587153	27.214047885979394	27.107804461058727	23.007259994246574
60-64	22.763476667672	27.213421864740262	27.1433477044375	22.879753763150244
65-69	22.827915475671354	27.348893062245484	27.0510586316975	22.772132830385665
70-74	23.112371410179993	27.556127859030365	27.034482993730748	22.29701773705889
75-76	27.180473683423696	34.840133299409906	28.036150402977754	9.943242614188646
>>END_MODULE
>>Per base GC content	fail
#Base	%GC
1	67.59923834767751
2	42.262719656164364
3	49.725788820028036
4	48.440769448054105
5	30.552704415351258
6	48.00948291923946
7	49.542889620541665
8	44.03015120304528
9	62.91969361794633
10-14	48.35259763322284
15-19	45.30467910079984
20-24	45.42825452741466
25-29	45.461318342931676
30-34	45.386180245080716
35-39	45.372898365517344
40-44	45.45585450404759
45-49	45.567219743633416
50-54	45.45298482745348
55-59	45.678147652961876
60-64	45.64323043082224
65-69	45.60004830605702
70-74	45.40938914723888
75-76	37.12371629761234
>>END_MODULE
>>Per sequence GC content	warn
#GC Content	Count
0	60237.0
1	30130.5
2	37.5
3	84.5
4	122.0
5	158.5
6	273.5
7	504.5
8	661.0
9	867.5
10	1470.5
11	2439.0
12	3066.5
13	4041.5
14	6459.0
15	10413.0
16	16170.0
17	20636.5
18	28137.5
19	41966.5
20	59050.5
21	71949.5
22	90601.0
23	123414.5
24	158231.0
25	182344.0
26	212456.5
27	261691.5
28	312349.5
29	348184.0
30	391794.0
31	459922.0
32	528549.5
33	576626.0
34	636679.0
35	723904.5
36	800713.0
37	850090.0
38	888105.0
39	925751.0
40	936808.5
41	936190.0
42	944469.0
43	949099.5
44	940955.0
45	927762.5
46	920539.5
47	906671.5
48	883883.0
49	858370.5
50	838649.5
51	822116.0
52	793368.0
53	761927.0
54	743806.0
55	725610.0
56	698924.0
57	669894.5
58	642636.0
59	606651.5
60	556134.0
61	498201.5
62	450807.5
63	406094.0
64	349922.5
65	299163.0
66	248462.0
67	210702.5
68	181912.5
69	147613.5
70	115183.5
71	93129.5
72	77238.0
73	60832.0
74	46589.0
75	37258.0
76	31302.0
77	24916.0
78	18681.5
79	14645.5
80	12359.5
81	9782.0
82	6833.5
83	5000.5
84	4033.5
85	3068.0
86	2131.0
87	1579.5
88	1277.5
89	984.5
90	696.5
91	458.5
92	380.0
93	323.5
94	233.0
95	172.5
96	151.0
97	122.5
98	91.5
99	74.0
100	60.0
>>END_MODULE
>>Per base N content	pass
#Base	N-Count
1	0.32026102922367683
2	0.2852733360239656
3	0.2854675541963442
4	0.28555755773964153
5	0.2852733360239656
6	0.2852733360239656
7	0.2852733360239656
8	0.28536333956726295
9	0.2852733360239656
10-14	0.2853462862643224
15-19	0.28645096133258297
20-24	0.2859440992729609
25-29	0.2869663500436754
30-34	0.2869606656093619
35-39	0.059522672684729605
40-44	0.0021456515183797703
45-49	0.0018250234371302665
50-54	0.003962196272613594
55-59	7.407917394645733E-4
60-64	6.108659791407779E-4
65-69	8.158887864518555E-4
70-74	0.0010183755886642464
75-76	0.007031844253779329
>>END_MODULE
>>Sequence Length Distribution	warn
#Length	Count
35	80161.0
36	28948.0
37	36308.0
38	39050.0
39	41413.0
40	41998.0
41	43822.0
42	46809.0
43	51182.0
44	54766.0
45	58869.0
46	59614.0
47	61445.0
48	63088.0
49	64627.0
50	64245.0
51	66466.0
52	67400.0
53	69896.0
54	73359.0
55	75620.0
56	76617.0
57	77714.0
58	78142.0
59	79625.0
60	81153.0
61	79105.0
62	81299.0
63	81950.0
64	85886.0
65	87417.0
66	88777.0
67	91113.0
68	89288.0
69	96128.0
70	97292.0
71	113098.0
72	189877.0
73	519213.0
74	1368190.0
75	4220601.0
76	1.2238709E7
>>END_MODULE
>>Sequence Duplication Levels	warn
#Total Duplicate Percentage	31.58008424235879
#Duplication Level	Relative count
1	100.0
2	20.755542799741693
3	8.154552629690752
4	4.140776350721102
5	2.3950635000358758
6	1.452249408050513
7	1.0590514457917772
8	0.7196670732582334
9	0.511587859654158
10++	4.314414866901055
>>END_MODULE
>>Overrepresented sequences	warn
#Sequence	Count	Percentage	Possible Source
NNNNNNNNNNNNNNNNNNNNNNNNNNNNNNNNNNN	60222	0.2852733360239656	No Hit
>>END_MODULE
>>Kmer Content	warn
#Sequence	Count	Obs/Exp Overall	Obs/Exp Max	Max Obs/Exp Position
AAAAA	7228280	3.496845	6.5267177	72
TTTTT	6978845	3.2985291	5.743935	72
CCTGG	3333085	3.0234077	11.436609	3
CCAGG	3220075	2.9345212	12.260154	3
CCCAG	3040375	2.7680314	10.352361	2
CTGGG	2975325	2.7015448	9.263825	4
CAGCA	3344500	2.600347	7.120519	4
CCAGC	2818165	2.5657263	6.428297	3
GGAGG	2801815	2.558383	5.7924385	6
TGCTG	3274230	2.5246131	6.5466986	2
GCTGG	2706490	2.457447	5.5054693	3
TCCAG	3129265	2.4217067	9.82924	2
AGGAG	3025335	2.3568306	7.167405	5
CAGGA	2987840	2.3253314	10.036105	4
CTCCA	3004950	2.3232133	7.266596	1
CAGCC	2548875	2.3205578	5.2799363	9
AGCAG	2970325	2.3117	5.137578	7
CTCCT	3003670	2.3114424	6.697833	1
CTGCT	2977670	2.2936904	6.471745	9
CTGGA	2945010	2.2813575	8.697275	4
GGCTG	2491520	2.262258	7.6615105	7
TCCTG	2928770	2.256023	9.281022	2
CAGAG	2868220	2.2322352	7.142069	4
GGCAG	2437675	2.2236912	5.7214165	7
GCTGC	2432390	2.2063966	5.3337135	8
CCTGC	2426220	2.198635	6.068655	3
GCAGG	2398420	2.187882	6.10771	3
CTGCC	2392325	2.1679194	5.560768	9
CTCTG	2814015	2.1676276	6.8674984	2
CCCTG	2390455	2.1662247	8.263126	2
CTGCA	2798400	2.1656535	6.3445272	4
TGCAG	2776130	2.1505344	6.518812	2
CACAG	2731910	2.1240587	7.5799017	7
CAGGG	2319615	2.1159947	8.534814	4
TGGAG	2727825	2.1151955	6.361568	5
GCCTG	2324010	2.108086	6.2553535	7
CTGTG	2673370	2.0613167	8.771305	9
AGCTG	2644770	2.048776	5.5087395	7
CAGGC	2200850	2.0056803	5.642349	4
GGAGA	2573150	2.0045645	5.5830035	6
CTCAG	2517780	1.9484845	5.8337183	2
CAGAA	2930070	1.9455136	5.394551	4
CCCCA	2134265	1.9411755	6.0708094	1
CTGAG	2496015	1.9335426	5.3120384	9
CAGTG	2442600	1.8921646	6.4413357	9
TTCTG	2871810	1.8803958	5.1342554	2
CACTG	2407405	1.8630664	7.537483	7
CCAGA	2393805	1.8611823	6.4521317	3
CCTCT	2403720	1.8497573	5.0852933	1
TCCCA	2385685	1.8444417	5.0459237	2
TGGGG	2017890	1.834014	5.123812	5
GGCCA	2003170	1.8255306	5.2807546	1
TCTGG	2338635	1.8032174	5.813952	3
GAGAG	2244570	1.7485902	5.50889	7
ACACA	2618280	1.7367811	6.8011904	6
CACAC	2219865	1.7242463	6.8920784	5
ACAGA	2577360	1.7113209	6.0785847	8
GTGTG	2207835	1.7040396	6.660186	9
CCTGA	2188485	1.6936464	5.324506	3
GCCCA	1838835	1.6741202	6.192418	1
TCAGG	2125450	1.6464838	5.586213	3
TGTGT	2511965	1.6463969	6.2695994	10
CCTGT	2092645	1.6119583	5.181978	8
TGGGC	1756760	1.5951084	5.6153836	5
ACAGG	2044715	1.5913303	5.0778084	8
ACAGC	1981665	1.5407437	5.934062	8
GCTGT	1955835	1.5080574	5.1833463	8
CTGTC	1912635	1.4732972	5.736792	9
GACAG	1885430	1.4673642	6.963004	7
GGGCT	1560825	1.4172027	5.309124	6
AGACA	2109175	1.4004544	5.3614573	6
AGGGC	1501835	1.370001	5.057126	5
GTCCT	1722305	1.3266865	8.714422	1
GGACA	1690850	1.3159295	6.2511425	6
AGGAC	1642105	1.277993	8.914703	5
GTGCT	1636225	1.2616204	5.4579473	1
TGTGC	1630145	1.2569323	5.971584	10
ACTGC	1618360	1.2524325	5.293158	8
AGCAC	1590595	1.2366867	5.7100077	5
GTCCA	1554445	1.2029693	6.6556196	1
GTCTT	1725520	1.1298312	5.043199	1
GTGCA	1456550	1.1283194	5.404052	1
TGGAC	1449175	1.1226063	5.949311	5
ACAGT	1695145	1.1203206	5.6772327	8
GTCCC	1227595	1.1124438	5.019311	1
ACTGT	1679000	1.1044985	6.443741	8
TGCAC	1426215	1.1037335	5.2107	5
GACTG	1359480	1.0531237	5.921707	7
GGACC	1123615	1.0239738	5.368365	6
ACACT	1519805	1.0034505	5.088975	6
CTACA	1469405	0.97017366	5.248649	4
TGTAG	1462620	0.9631045	5.596327	2
GGACT	1233005	0.95514965	5.1809916	6
TAGGA	1256410	0.8311783	5.782394	4
TCCTA	1251395	0.822397	5.5734997	2
GTGTA	1069970	0.7045527	5.7024837	1
TACAC	1042145	0.68807554	5.0412364	5
>>END_MODULE
