##FastQC	0.10.1
>>Basic Statistics	pass
#Measure	Value	
Filename	030-F5_S6_L003_R2_001_trimmed.fq.gz	
File type	Conventional base calls	
Encoding	Sanger / Illumina 1.9	
Total Sequences	9879103	
Filtered Sequences	0	
Sequence length	20-51	
%GC	42	
>>END_MODULE
>>Per base sequence quality	pass
#Base	Mean	Median	Lower Quartile	Upper Quartile	10th Percentile	90th Percentile
1	34.77850134774382	36.0	36.0	36.0	32.0	36.0
2	34.77778944100492	36.0	36.0	36.0	32.0	36.0
3	34.752050059605615	36.0	36.0	36.0	32.0	36.0
4	34.75009451769052	36.0	36.0	36.0	32.0	36.0
5	34.73129301314097	36.0	36.0	36.0	32.0	36.0
6	34.72018360371382	36.0	36.0	36.0	32.0	36.0
7	34.70243502876729	36.0	36.0	36.0	32.0	36.0
8	34.68731918272337	36.0	36.0	36.0	32.0	36.0
9	34.66550434791499	36.0	36.0	36.0	32.0	36.0
10	34.64912381215177	36.0	36.0	36.0	32.0	36.0
11	34.63544827905935	36.0	36.0	36.0	32.0	36.0
12	34.61747508857839	36.0	36.0	36.0	32.0	36.0
13	34.61934550130715	36.0	36.0	36.0	32.0	36.0
14	34.603325018475864	36.0	36.0	36.0	32.0	36.0
15	34.59601038677297	36.0	36.0	36.0	32.0	36.0
16	34.57542572438004	36.0	36.0	36.0	32.0	36.0
17	34.553255796604205	36.0	36.0	36.0	32.0	36.0
18	34.54208636148444	36.0	36.0	36.0	32.0	36.0
19	34.503098408833274	36.0	36.0	36.0	32.0	36.0
20	34.520052174777405	36.0	36.0	36.0	32.0	36.0
21	34.4993014716509	36.0	36.0	36.0	32.0	36.0
22	34.50208552761608	36.0	36.0	36.0	32.0	36.0
23	34.472659118596184	36.0	36.0	36.0	32.0	36.0
24	34.44863750567098	36.0	36.0	36.0	32.0	36.0
25	34.43874638455482	36.0	36.0	36.0	32.0	36.0
26	34.398322533773694	36.0	36.0	36.0	32.0	36.0
27	34.39834213971221	36.0	36.0	36.0	32.0	36.0
28	34.37189949164049	36.0	36.0	36.0	32.0	36.0
29	34.35180178244931	36.0	36.0	36.0	32.0	36.0
30	34.33854875050922	36.0	36.0	36.0	32.0	36.0
31	34.310481297699816	36.0	36.0	36.0	32.0	36.0
32	34.295106535438514	36.0	36.0	36.0	32.0	36.0
33	34.246355038474796	36.0	36.0	36.0	32.0	36.0
34	34.23376003917368	36.0	36.0	36.0	32.0	36.0
35	34.17604898170971	36.0	36.0	36.0	32.0	36.0
36	34.1521196562517	36.0	36.0	36.0	32.0	36.0
37	34.152135884923965	36.0	36.0	36.0	32.0	36.0
38	34.10849864678068	36.0	36.0	36.0	32.0	36.0
39	34.10199568038982	36.0	36.0	36.0	32.0	36.0
40	34.0792196683344	36.0	36.0	36.0	32.0	36.0
41	34.0463073679256	36.0	36.0	36.0	32.0	36.0
42	34.01546786139064	36.0	36.0	36.0	32.0	36.0
43	34.00651426752275	36.0	36.0	36.0	32.0	36.0
44	33.97079512133831	36.0	36.0	36.0	32.0	36.0
45	33.96542320136919	36.0	36.0	36.0	32.0	36.0
46	33.940186149053226	36.0	36.0	36.0	32.0	36.0
47	33.92578220042184	36.0	36.0	36.0	32.0	36.0
48	33.93346450122531	36.0	36.0	36.0	32.0	36.0
49	33.97103827531272	36.0	36.0	36.0	32.0	36.0
50	34.04693897416931	36.0	36.0	36.0	32.0	36.0
51	34.17860025983166	36.0	36.0	36.0	32.0	36.0
>>END_MODULE
>>Per sequence quality scores	pass
#Quality	Count
14	631.0
15	1433.0
16	2567.0
17	4389.0
18	6524.0
19	9642.0
20	14133.0
21	19419.0
22	27433.0
23	37447.0
24	51722.0
25	70075.0
26	93230.0
27	120819.0
28	153655.0
29	193337.0
30	241579.0
31	307543.0
32	405838.0
33	583204.0
34	1075393.0
35	4285054.0
36	2174036.0
>>END_MODULE
>>Per base sequence content	pass
#Base	G	A	T	C
1	21.416529415676706	27.560508276915424	27.712596983754494	23.31036532365337
2	21.855000398315518	28.824519796989666	27.994414067754935	21.32606573693988
3	20.990681036527302	28.65928212308344	28.666286807618057	21.683750032771194
4	22.275939424864788	27.012300610693096	29.407841987273542	21.303917977168574
5	21.503136468968894	27.851192562725586	28.836079550947087	21.809591417358437
6	20.612529295422874	28.717171994258994	29.08520135886831	21.58509735144982
7	20.867289267051877	28.663634744976342	28.68697694517407	21.78209904279771
8	20.705776627695855	28.65183205398304	28.104687237292698	22.53770408102841
9	21.34096587514069	28.184745112992548	28.113250767807564	22.361038244059202
10	20.81170729771721	28.14539943555604	29.05510753354834	21.98778573317841
11	22.47906515399222	27.698273821013913	28.125407741978194	21.697253283015673
12	20.8790413461627	28.837010809584633	28.661488801159372	21.622459043093283
13	20.793537631908485	28.67343320542361	29.378750277226583	21.154278885441318
14	21.033822605149478	28.281930049722128	29.41778216099174	21.266465184136656
15	20.744413738777702	28.809741127306797	29.160562451874426	21.28528268204107
16	20.73174052340582	28.619835221881985	29.621960617274667	21.02646363743753
17	20.991551560905883	28.139882740366208	28.15528899739177	22.713276701336145
18	21.061395958722162	29.529715400274704	28.093259074229714	21.31562956677342
19	21.920016422543625	28.197064045187098	28.617092057851814	21.265827474417463
20	22.4264996528531	27.68125810612563	28.80685625000569	21.08538599101558
21	22.292065478602215	27.716621120758944	28.842258353562343	21.1490550470765
22	21.248999711917033	29.025857859762024	28.863240867338046	20.861901560982897
23	20.97479346871147	28.848112799095144	29.06589573056663	21.111198001626754
24	20.627376173660654	29.109529143886657	28.799607424325202	21.463487258127486
25	20.973330048587044	29.177075947895254	28.337880538931554	21.511713464586148
26	21.124678693540623	28.054433142529383	28.730552746533455	22.09033541739654
27	22.226822880358355	28.138016730253355	28.453225742319333	21.18193464706896
28	20.790423686485575	28.856594371386013	28.461251712068258	21.89173023006015
29	22.059503931484677	27.968731539537504	28.253162083583604	21.71860244539421
30	20.918865108152684	29.701765599770386	28.00114102787595	21.378228264200985
31	21.08306136897586	28.913141605170605	28.674567874044705	21.329229151808835
32	21.12135700836148	29.425316411643404	28.11080156574361	21.34252501425151
33	20.90766404077666	28.011040403083836	29.4047104632759	21.676585092863604
34	21.173889314423853	29.26154567230942	28.725581327071414	20.838983686195313
35	20.97055485692469	27.726055246768077	29.19207890417554	22.111310992131695
36	21.4133821958905	28.519431788007456	28.032791125765655	22.034394890336394
37	21.07195790254699	28.680786087772308	27.999066930471383	22.248189079209318
38	21.393143511621933	28.97145870759609	27.618930378968383	22.016467401813596
39	21.489655193017775	28.622645708953193	27.811347715388862	22.07635138264017
40	20.918938982892886	28.175957056262956	29.329239780803544	21.57586418004061
41	21.634926117026808	28.04231552220598	28.618972824407514	21.7037855363597
42	21.78214601190848	27.855874930054053	28.922349353882076	21.43962970415539
43	21.36974211987095	29.032844737934177	28.31487030640163	21.282542835793247
44	21.430858389933352	28.365263644071526	28.0363887755718	22.16748919042332
45	21.82118158566539	28.998658002961662	27.922742796788608	21.257417614584337
46	21.352611075732707	30.25176911399963	27.501831759797135	20.893788050470533
47	21.846497207329964	28.3029600810447	27.75457797427968	22.095964737345657
48	21.718575990081042	28.91249998266402	28.647883553978005	20.72104047327693
49	22.176386636568804	28.39785753377577	28.70311170175444	20.72264412790098
50	23.12359415115947	28.25314376734806	28.26957039211952	20.353691689372948
51	21.774792032640413	29.913791591234457	28.027130177525382	20.284286198599744
>>END_MODULE
>>Per base GC content	pass
#Base	%GC
1	44.72689473933008
2	43.1810661352554
3	42.6744310692985
4	43.57985740203336
5	43.31272788632733
6	42.1976266468727
7	42.64938830984959
8	43.24348070872426
9	43.70200411919989
10	42.79949303089562
11	44.17631843700789
12	42.50150038925599
13	41.94781651734981
14	42.30028778928613
15	42.02969642081877
16	41.75820416084335
17	43.70482826224203
18	42.37702552549558
19	43.18584389696109
20	43.51188564386868
21	43.44112052567871
22	42.11090127289993
23	42.08599147033822
24	42.09086343178814
25	42.485043513173196
26	43.21501411093716
27	43.40875752742732
28	42.68215391654573
29	43.77810637687889
30	42.297093372353665
31	42.41229052078469
32	42.463882022612985
33	42.58424913364026
34	42.012873000619166
35	43.081865849056385
36	43.44777708622689
37	43.32014698175631
38	43.40961091343553
39	43.566006575657944
40	42.4948031629335
41	43.33871165338651
42	43.221775716063874
43	42.6522849556642
44	43.59834758035667
45	43.07859920024973
46	42.24639912620324
47	43.94246194467562
48	42.43961646335798
49	42.89903076446978
50	43.47728584053242
51	42.05907823124016
>>END_MODULE
>>Per sequence GC content	warn
#GC Content	Count
0	9228.0
1	7426.0
2	5060.0
3	4965.0
4	5506.0
5	6167.0
6	6921.0
7	7608.0
8	8264.0
9	10014.0
10	11864.0
11	14608.5
12	17422.0
13	21592.0
14	26002.5
15	32887.0
16	40027.0
17	51121.0
18	62768.5
19	78635.5
20	94750.5
21	111926.5
22	129566.0
23	152004.0
24	175624.5
25	200161.5
26	248108.5
27	282649.5
28	326603.5
29	372934.5
30	425221.5
31	478375.5
32	533674.5
33	588813.5
34	631707.0
35	670044.0
36	677526.5
37	679427.5
38	668183.0
39	656774.5
40	642833.0
41	627792.0
42	620669.5
43	611854.0
44	594390.0
45	577035.0
46	561610.5
47	544708.5
48	527456.0
49	510899.0
50	494579.0
51	477320.5
52	459287.0
53	440209.0
54	419998.0
55	398871.0
56	377854.0
57	356521.5
58	333088.0
59	307649.5
60	281595.5
61	254829.5
62	229774.0
63	206878.0
64	182784.0
65	159714.0
66	140429.5
67	121818.5
68	102813.5
69	83555.5
70	69465.0
71	57348.5
72	47762.0
73	38910.5
74	31708.5
75	24014.0
76	20258.5
77	16901.5
78	13697.0
79	11261.5
80	9044.5
81	7322.5
82	5875.5
83	4875.0
84	3901.5
85	3143.5
86	2433.0
87	2014.5
88	1659.5
89	1358.5
90	1088.5
91	950.5
92	836.0
93	790.5
94	745.0
95	739.5
96	741.5
97	854.5
98	1360.0
99	5077.5
100	8402.0
>>END_MODULE
>>Per base N content	pass
#Base	N-Count
1	0.0
2	0.0
3	0.0
4	0.0
5	0.0
6	0.0
7	0.0
8	0.0
9	0.0
10	0.0
11	0.0
12	0.0
13	0.0
14	0.0
15	0.0
16	0.0
17	0.0
18	0.0
19	0.0
20	0.0
21	0.0
22	0.0
23	0.0
24	0.0
25	0.0
26	0.0
27	0.0
28	0.0
29	0.0
30	0.0
31	0.0
32	0.0
33	0.0
34	0.0
35	0.0
36	0.0
37	0.0
38	0.0
39	0.0
40	0.0
41	0.0
42	0.0
43	0.0
44	0.0
45	0.0
46	2.2146101151209703E-5
47	4.4870077009391416E-4
48	0.0
49	0.0
50	0.0
51	0.0
>>END_MODULE
>>Sequence Length Distribution	warn
#Length	Count
20	19088.0
21	19100.0
22	20127.0
23	20894.0
24	21361.0
25	22271.0
26	23355.0
27	24620.0
28	25431.0
29	28403.0
30	28498.0
31	28726.0
32	30187.0
33	30027.0
34	31916.0
35	33634.0
36	31654.0
37	32984.0
38	34685.0
39	37137.0
40	37802.0
41	43629.0
42	43636.0
43	49311.0
44	56285.0
45	73407.0
46	116308.0
47	262103.0
48	528802.0
49	1055928.0
50	1481100.0
51	5586694.0
>>END_MODULE
>>Sequence Duplication Levels	warn
#Total Duplicate Percentage	24.223283819038073
#Duplication Level	Relative count
1	100.0
2	15.274016351558508
3	4.58865610628513
4	1.9864588656106286
5	1.0654062340316812
6	0.6713081246806336
7	0.48352069494123656
8	0.3442769545222279
9	0.2625191619826265
10++	3.070388349514563
>>END_MODULE
>>Overrepresented sequences	warn
#Sequence	Count	Percentage	Possible Source
CAAGAAAACTGAAAATCATGGAAAATGAGAAACATCCACTTGACGACTTGA	12711	0.12866552762938094	No Hit
>>END_MODULE
>>Kmer Content	warn
#Sequence	Count	Obs/Exp Overall	Obs/Exp Max	Max Obs/Exp Position
AAAAA	4258030	5.0657096	6.516212	47
TTTTT	3437425	4.0968103	6.5563736	13
GGGGG	780645	3.9505749	5.479761	47
TTTTC	2214750	3.4920201	7.263781	4
GAAAA	2149375	3.41585	9.137445	4
AGAAA	2032835	3.2306411	8.637726	28
GCTGC	860835	3.2019083	3.5745702	25
GCAGC	860655	3.2000873	3.5614488	31
TTTCT	1953255	3.0797176	5.125135	21
TGCTG	1075125	3.0227942	3.419731	30
CCAGG	792935	2.9482908	6.2971005	35
AAGAA	1715770	2.726752	6.0985336	2
GGAAA	1175425	2.495379	9.418663	20
GAGAA	1142700	2.4259052	9.885319	27
TCCAG	864285	2.406528	5.0154777	34
TTTCC	1137340	2.3723657	5.305699	22
TTTCA	1475695	2.325907	5.2855496	14
AAAAT	1950250	2.3210156	6.4339876	22
ATTTT	1928320	2.2973943	5.6570377	2
GGTGG	590995	2.2397096	5.8481207	18
TCCTC	807930	2.2294843	6.029362	24
CCACC	604990	2.2078118	6.978232	8
GAGGA	769705	2.1828353	5.509511	2
TTCCT	1045240	2.1802554	5.2823696	23
TGGAA	1025790	2.1784935	6.7017508	19
TTCCA	1032990	2.1539283	5.1902304	6
TTCAG	994110	2.0923245	6.205054	15
TGAAA	1305755	2.0758905	7.3244443	10
CTGAA	971975	2.0450008	8.827749	9
TCCAC	740720	2.0432832	6.7309184	35
AAACA	1279975	2.0152485	5.0508437	30
AAATG	1262410	2.006981	7.6202908	23
CATTT	1267470	1.9977149	7.554732	1
AAAAC	1224385	1.9277253	7.0510006	5
GTGGA	637315	1.8080357	7.379336	47
TGAGA	838850	1.7814848	9.098705	26
CCACT	613625	1.6926904	6.971463	36
CACCT	596205	1.6446371	5.3330584	9
CATGG	581155	1.6333731	7.460439	17
CAAGA	741100	1.5586872	6.5256953	1
AATGA	953200	1.5153984	7.053037	24
CATCC	548895	1.514132	6.245324	33
AGTGG	532840	1.5116446	6.555772	46
CTTGA	706125	1.4861963	7.56637	47
ATGAG	696095	1.4783128	8.761192	25
ATGGA	693750	1.4733326	6.0141535	18
TCAGT	698080	1.4692638	5.441835	16
CACTT	697430	1.4542389	7.6289115	37
ACTGA	689995	1.451725	8.004298	8
AACTG	687365	1.4461915	8.005244	7
GAAAC	670220	1.4096118	5.351352	29
AAATC	872895	1.3748184	6.658627	13
AAACT	869870	1.370054	6.367752	6
ACTTG	640045	1.3471164	6.328079	46
AAGTG	620920	1.3186619	5.3882422	47
ATCCA	604300	1.2595967	5.100022	34
TCATG	590520	1.2428801	5.605923	16
AATCA	771770	1.2155454	6.489126	14
GACTT	509245	1.0718188	5.541293	45
CGCCA	288800	1.0638257	5.4231753	28
CTCGC	250635	0.9235729	5.305401	26
CCTCG	248520	0.9157794	5.7157745	25
TCGCC	245975	0.90640116	5.3082232	27
CGTCC	200800	0.7399343	5.242087	40
GACGA	251525	0.7066728	5.73922	42
TGACG	249620	0.7015729	5.6446743	41
CGACT	176145	0.49046078	5.652406	44
ACGAC	174090	0.4845645	5.7565484	43
>>END_MODULE
