##FastQC	0.10.1
>>Basic Statistics	pass
#Measure	Value	
Filename	018-F5_S4_L003_R2_001.fastq.gz	
File type	Conventional base calls	
Encoding	Sanger / Illumina 1.9	
Total Sequences	16196058	
Filtered Sequences	0	
Sequence length	35-75	
%GC	46	
>>END_MODULE
>>Per base sequence quality	pass
#Base	Mean	Median	Lower Quartile	Upper Quartile	10th Percentile	90th Percentile
1	31.577580421112348	32.0	32.0	32.0	32.0	32.0
2	31.400172128304305	32.0	32.0	32.0	32.0	32.0
3	31.434733995148697	32.0	32.0	32.0	32.0	32.0
4	31.462510198469282	32.0	32.0	32.0	32.0	32.0
5	31.44110344628304	32.0	32.0	32.0	32.0	32.0
6	35.200467175407745	36.0	36.0	36.0	36.0	36.0
7	35.183529288423145	36.0	36.0	36.0	36.0	36.0
8	35.13877710242826	36.0	36.0	36.0	36.0	36.0
9	35.225663738670235	36.0	36.0	36.0	36.0	36.0
10	35.104218075781155	36.0	36.0	36.0	36.0	36.0
11	35.20094797141378	36.0	36.0	36.0	36.0	36.0
12	35.12525436745164	36.0	36.0	36.0	36.0	36.0
13	35.153164615735506	36.0	36.0	36.0	36.0	36.0
14	35.10595368329751	36.0	36.0	36.0	36.0	36.0
15	35.08075267450882	36.0	36.0	36.0	36.0	36.0
16	35.08533693816113	36.0	36.0	36.0	36.0	36.0
17	35.08133244521599	36.0	36.0	36.0	36.0	36.0
18	35.069742896697456	36.0	36.0	36.0	36.0	36.0
19	35.06521728929348	36.0	36.0	36.0	36.0	36.0
20	35.04939300661926	36.0	36.0	36.0	36.0	36.0
21	35.04174046548858	36.0	36.0	36.0	36.0	36.0
22	35.0237008289301	36.0	36.0	36.0	36.0	36.0
23	35.009714277387744	36.0	36.0	36.0	36.0	36.0
24	35.003908049724195	36.0	36.0	36.0	36.0	36.0
25	34.9827494443401	36.0	36.0	36.0	36.0	36.0
26	34.97195132297007	36.0	36.0	36.0	36.0	36.0
27	34.955819928528285	36.0	36.0	36.0	36.0	36.0
28	34.95008377964564	36.0	36.0	36.0	36.0	36.0
29	34.933322046636285	36.0	36.0	36.0	36.0	36.0
30	34.9116709757399	36.0	36.0	36.0	36.0	36.0
31	34.90111525903402	36.0	36.0	36.0	36.0	36.0
32	34.88417107422065	36.0	36.0	36.0	36.0	36.0
33	34.880592610868646	36.0	36.0	36.0	36.0	36.0
34	34.87067877874974	36.0	36.0	36.0	36.0	36.0
35	34.85416630392408	36.0	36.0	36.0	36.0	36.0
36	34.8574523454442	36.0	36.0	36.0	36.0	36.0
37	34.85001892636085	36.0	36.0	36.0	36.0	36.0
38	34.83128529198111	36.0	36.0	36.0	36.0	36.0
39	34.81053774153661	36.0	36.0	36.0	36.0	36.0
40	34.81988198399291	36.0	36.0	36.0	36.0	36.0
41	34.80929941332167	36.0	36.0	36.0	36.0	36.0
42	34.78999017242809	36.0	36.0	36.0	36.0	36.0
43	34.78336159862103	36.0	36.0	36.0	36.0	36.0
44	34.764953734205484	36.0	36.0	36.0	36.0	36.0
45	34.75165145027752	36.0	36.0	36.0	36.0	36.0
46	34.732628638195955	36.0	36.0	36.0	36.0	36.0
47	34.728605314970764	36.0	36.0	36.0	36.0	36.0
48	34.70701917081534	36.0	36.0	36.0	36.0	36.0
49	34.69719464181127	36.0	36.0	36.0	36.0	36.0
50	34.67883788228297	36.0	36.0	36.0	36.0	36.0
51	34.66299511804184	36.0	36.0	36.0	36.0	36.0
52	34.65110494605577	36.0	36.0	36.0	36.0	36.0
53	34.62112694815347	36.0	36.0	36.0	36.0	36.0
54	34.61212643283441	36.0	36.0	36.0	36.0	36.0
55	34.57768578161401	36.0	36.0	36.0	32.0	36.0
56	34.56101333094313	36.0	36.0	36.0	32.0	36.0
57	34.54925159397481	36.0	36.0	36.0	32.0	36.0
58	34.53180806867876	36.0	36.0	36.0	32.0	36.0
59	34.51722076299114	36.0	36.0	36.0	32.0	36.0
60	34.499115471793274	36.0	36.0	36.0	32.0	36.0
61	34.47469789799411	36.0	36.0	36.0	32.0	36.0
62	34.44467140190568	36.0	36.0	36.0	32.0	36.0
63	34.42271433444956	36.0	36.0	36.0	32.0	36.0
64	34.39146899872608	36.0	36.0	36.0	32.0	36.0
65	34.38018461175119	36.0	36.0	36.0	32.0	36.0
66	34.35658978534693	36.0	36.0	36.0	32.0	36.0
67	34.32888821191391	36.0	36.0	36.0	32.0	36.0
68	34.297511402258834	36.0	36.0	36.0	32.0	36.0
69	34.29891707130445	36.0	36.0	36.0	32.0	36.0
70	34.27791802316341	36.0	36.0	36.0	32.0	36.0
71	34.24678012950099	36.0	36.0	36.0	32.0	36.0
72	34.22965752261664	36.0	36.0	36.0	32.0	36.0
73	34.186346256405294	36.0	36.0	36.0	32.0	36.0
74	34.135316051930836	36.0	36.0	36.0	32.0	36.0
75	33.216008384371506	36.0	36.0	36.0	21.0	36.0
>>END_MODULE
>>Per sequence quality scores	pass
#Quality	Count
2	11254.0
3	1062.0
4	1865.0
5	349.0
6	190.0
7	114.0
8	158.0
9	122.0
10	203.0
11	216.0
12	281.0
13	299.0
14	910.0
15	2020.0
16	3435.0
17	5199.0
18	7671.0
19	10371.0
20	15414.0
21	21797.0
22	31710.0
23	45069.0
24	62899.0
25	86013.0
26	114117.0
27	149036.0
28	188331.0
29	234998.0
30	295596.0
31	379443.0
32	512753.0
33	785323.0
34	1753329.0
35	1.1474511E7
>>END_MODULE
>>Per base sequence content	fail
#Base	G	A	T	C
1	45.265750697740636	17.341672442037847	11.003923462573123	26.388653397648394
2	17.132860673177717	19.226490388670246	36.26611246650686	27.37453647164518
3	20.08338698020537	20.425719827333996	28.63572096360348	30.855172228857153
4	13.754934185933312	14.235022151394658	35.700712791607096	36.30933087106493
5	15.275666275577052	34.26194048830426	35.077358630001626	15.385034606117062
6	35.238989657956964	34.29622769154259	16.26693549403703	14.19784715646341
7	31.04529843886387	29.4003414261106	20.254947975003283	19.299412160022246
8	26.98878047140511	33.890628507184196	19.94954969608936	19.17104132532134
9	25.070568062395566	15.231286237361347	20.015680967587144	39.682464732655944
10	14.701266028839012	26.817226970603734	34.63404055690017	23.84746644365709
11	34.672211409556084	22.31773433538855	23.568342161594384	19.44171209346099
12	22.48428952744142	23.95818558557924	30.92511215232655	22.63241273465279
13	28.33112817226758	20.247531801784696	25.87103862097336	25.55030140497437
14	20.65505587581589	20.45388427326828	27.066094287546033	31.824965563369794
15	23.13014122627502	29.24026785674554	23.002681336307212	24.626909580672226
16	23.098762163771575	28.09432014999191	25.496448274197448	23.310469412039073
17	22.02574311804464	27.860323271438276	27.311048738689074	22.80288487182801
18	22.424398436932645	27.350532842801716	27.913434869875726	22.311633850389917
19	22.983159833797444	26.819161577754873	27.337799782858262	22.859878805589414
20	22.91930678862544	26.774868117776485	27.593236648031628	22.712588445566446
21	22.67105510777401	26.474036310013638	27.245161348138502	23.60974723407385
22	22.726743153654	26.57883356221496	27.46171566220917	23.23270762192188
23	22.586767101445314	26.67260016785557	27.43549125446264	23.30514147623647
24	22.864919597087983	26.237522726969303	27.739944135045047	23.157613540897668
25	22.893812523358235	26.324394611068332	27.325954989146204	23.45583787642723
26	22.339493125646065	26.808002430852845	27.539471071936383	23.31303337156471
27	22.485786298441038	26.793263953662223	27.468992290943916	23.25195745695282
28	22.539745368072598	26.661373011804475	27.39750090208873	23.401380718034197
29	22.43435664002966	26.781451208091493	27.500775881672624	23.283416270206224
30	22.483837994301105	26.812020926157455	27.492169874549248	23.211971204992192
31	23.03673640042703	26.691776845126174	27.172232462955805	23.099254291490993
32	22.28828088626646	26.991777821679065	27.605869756086587	23.114071535967888
33	22.44851462823428	26.7980939731655	27.76152239851023	22.991869000089995
34	22.517844203189668	26.564722336015166	27.846265060121816	23.071168400673347
35	22.371200148550724	26.873637123439337	27.729237869629802	23.025924858380137
36	22.4714300153216	27.108222697053534	27.692007637001936	22.728339650622924
37	22.62330547440287	26.763683472331223	27.280339663716894	23.332671389549013
38	22.50847011497537	27.26866174347998	27.292101366536208	22.930766775008436
39	22.719457402362806	26.971405234671163	27.504110377277545	22.80502698568848
40	22.84018342366084	26.651096329596317	27.496509079857308	23.012211166885535
41	22.77587910511282	26.840945671030454	27.549294034605413	22.83388118925131
42	22.499576460727507	27.144768200176056	27.57764515136699	22.778010187729446
43	22.603912337098222	26.891691677257185	27.493289988869662	23.011105996774933
44	22.406181973037835	27.261413904853598	27.505356639134053	22.827047482974514
45	22.55084552293655	27.128588755634333	27.37735549338488	22.943210228044236
46	22.665754465435523	27.012038922350328	27.28100346932567	23.041203142888477
47	22.703422484204523	27.10839619182974	27.424510524336632	22.7636707996291
48	22.44589474406085	27.153395522397332	27.359806878134002	23.040902855407815
49	22.820677410959537	26.887644394707223	27.345019522806506	22.946658671526738
50	22.556776442853455	27.2826552795514	27.3119275470947	22.848640730500446
51	22.63440080786859	27.213327067948818	27.330538477181655	22.82173364700094
52	22.65004192073147	27.221822131616708	27.2293732836627	22.89876266398912
53	22.52094721257536	27.018580752458494	27.54242942272141	22.918042612244736
54	22.671215534701375	27.400258385789666	27.344489693058126	22.58403638645083
55	22.668724643752906	26.92715287145842	27.334633334118426	23.06948915067025
56	22.752680178395696	27.27733321710269	27.126518953276346	22.84346765122527
57	22.613771338660605	27.168838336927394	27.229366795194686	22.988023529217312
58	22.638329727975467	27.115715378254208	27.123850780428256	23.122104113342072
59	22.567210697089806	27.18900966183575	27.240241535854402	23.00353810522004
60	22.611808393714057	27.135432814132905	27.46586906625279	22.786889725900245
61	22.88317530890072	27.099460947112508	27.20436676932274	22.812996974664028
62	22.75647524017357	27.22883346317731	27.292681554981	22.722009741668113
63	22.752025141215004	27.404848886323684	27.13303901348278	22.71008695897853
64	22.786918953778	27.09401076817159	27.04131167136275	23.077758606687667
65	22.67800152587238	27.293066603133976	27.213566413301184	22.81536545769246
66	22.71642785459464	27.56286137662502	26.967334045706	22.753376723074343
67	22.855875469684015	27.141824762240457	27.045266224007307	22.95703354406822
68	22.83567890591414	27.469569249707444	27.22115431305786	22.473597531320557
69	23.09331440695458	27.275294136222307	27.12750820039093	22.503883256432186
70	23.244447873268616	27.061041855031316	27.003700513819513	22.690809757880558
71	22.939646268463783	27.49823057439459	26.938944897590893	22.623178259550738
72	22.884399054906858	27.61362177611727	27.194124564430737	22.30785460454513
73	23.689835473116887	28.22844334210331	27.14531205161221	20.93640913316759
74	24.825842114107758	30.638065238144613	27.361734535170175	17.174358112577455
75	30.284389945184515	41.094900047408196	28.62071000740729	0.0
>>END_MODULE
>>Per base GC content	fail
#Base	%GC
1	71.65440409538904
2	44.507397144822896
3	50.938559209062525
4	50.064265056998245
5	30.660700881694115
6	49.436836814420374
7	50.344710598886124
8	46.15982179672645
9	64.75303279505151
10	38.5487324724961
11	54.11392350301707
12	45.11670226209421
13	53.881429577241946
14	52.480021439185684
15	47.75705080694725
16	46.409231575810644
17	44.82862798987265
18	44.73603228732256
19	45.84303863938686
20	45.63189523419189
21	46.28080234184786
22	45.959450775575874
23	45.89190857768178
24	46.02253313798565
25	46.34965039978546
26	45.65252649721078
27	45.73774375539386
28	45.94112608610679
29	45.71777291023588
30	45.69580919929329
31	46.135990691918025
32	45.40235242223435
33	45.44038362832427
34	45.58901260386302
35	45.397125006930864
36	45.19976966594453
37	45.95597686395188
38	45.43923688998381
39	45.52448438805129
40	45.852394590546375
41	45.609760294364136
42	45.27758664845695
43	45.61501833387316
44	45.23322945601235
45	45.49405575098079
46	45.706957608324004
47	45.46709328383363
48	45.48679759946867
49	45.767336082486274
50	45.405417173353904
51	45.45613445486953
52	45.54880458472059
53	45.4389898248201
54	45.25525192115221
55	45.73821379442316
56	45.59614782962097
57	45.60179486787792
58	45.760433841317536
59	45.57074880230984
60	45.39869811961431
61	45.69617228356475
62	45.47848498184168
63	45.462112100193536
64	45.86467756046566
65	45.49336698356484
66	45.46980457766899
67	45.81290901375223
68	45.30927643723469
69	45.597197663386765
70	45.93525763114917
71	45.56282452801452
72	45.192253659451985
73	44.62624460628447
74	42.000200226685216
75	30.284389945184515
>>END_MODULE
>>Per sequence GC content	warn
#GC Content	Count
0	11306.0
1	5992.5
2	872.5
3	1012.5
4	960.0
5	825.5
6	608.0
7	530.0
8	547.5
9	662.5
10	912.0
11	1328.0
12	1610.5
13	1950.0
14	2759.5
15	4117.5
16	5260.0
17	7348.0
18	12289.5
19	19468.0
20	24758.5
21	33869.0
22	51805.0
23	73682.5
24	89147.5
25	109928.0
26	146842.0
27	186223.0
28	211959.0
29	245051.0
30	300177.0
31	355513.5
32	392593.0
33	434807.5
34	505890.5
35	574661.0
36	614420.0
37	651603.5
38	692060.5
39	713232.5
40	727093.0
41	732328.5
42	731359.0
43	727613.5
44	727795.0
45	723419.5
46	707114.5
47	688034.0
48	677579.5
49	662755.5
50	634257.5
51	605880.0
52	589738.0
53	576399.0
54	552810.5
55	526680.0
56	510229.0
57	493928.5
58	463602.0
59	428086.5
60	399727.0
61	368450.0
62	326880.0
63	286151.5
64	254702.0
65	228666.0
66	194922.5
67	161021.5
68	137219.0
69	118927.5
70	97078.0
71	76074.5
72	61856.5
73	52405.0
74	42158.0
75	33025.0
76	26873.0
77	22566.5
78	17867.5
79	13767.5
80	11130.0
81	9322.0
82	7348.5
83	5309.0
84	3927.5
85	3211.5
86	2430.0
87	1736.0
88	1454.5
89	1289.5
90	1080.5
91	955.5
92	904.5
93	863.0
94	813.0
95	798.5
96	790.5
97	777.0
98	928.5
99	3782.0
100	6471.0
>>END_MODULE
>>Per base N content	pass
#Base	N-Count
1	0.07652479387268185
2	0.07269052753453958
3	0.07110989600061941
4	0.07115311639412504
5	0.07541341232539424
6	0.08139017531302987
7	0.08602710610199099
8	0.09252868815362356
9	0.09838196430267167
10	0.09254721117941168
11	0.09536888544113635
12	0.0963753031756246
13	0.09776453010973411
14	0.10088257278406881
15	0.09919697743734925
16	0.10857580282807087
17	0.10434020426451918
18	0.10084552673249256
19	0.10350666810405346
20	0.10520461213463178
21	0.09677046105910463
22	0.10287071088532777
23	0.11029844422636668
24	0.1052231351604199
25	0.09882034257965736
26	0.10727301668097262
27	0.10357458586527661
28	0.10459335228362358
29	0.10921793438872596
30	0.11013173699427353
31	0.11292253954635134
32	0.11329917440404326
33	0.10793984560934519
34	0.10233354313747209
35	0.11372520399717018
36	0.042574503063170614
37	0.04047305705069515
38	0.053739991900059195
39	0.050735758143147916
40	0.04579038886702308
41	0.04892285580798682
42	0.055673071091466964
43	0.050519055434819556
44	0.05015149815600182
45	0.05276733534004132
46	0.04293251658209548
47	0.04792241680863259
48	0.052741270202250196
49	0.04694432282783256
50	0.04323036324634474
51	0.04001513245251508
52	0.04806874970809397
53	0.04622660459824145
54	0.04506395319786575
55	0.05158939611246238
56	0.046566449416991174
57	0.05493875642683334
58	0.05339061073208281
59	0.04708102948092773
60	0.04831263992157453
61	0.04446361085387423
62	0.05203646984739642
63	0.04702431875882021
64	0.046028152919006735
65	0.048328180013209494
66	0.04632139666735406
67	0.044636804545078096
68	0.05133454246794704
69	0.043757008853348725
70	0.04975486750701645
71	0.04482667658038981
72	0.043724683421182076
73	0.04108061180891077
74	0.045059295431013176
75	0.05603898580030706
>>END_MODULE
>>Sequence Length Distribution	warn
#Length	Count
35	12663.0
36	2260.0
37	3239.0
38	3899.0
39	4665.0
40	5108.0
41	5604.0
42	6299.0
43	7240.0
44	8204.0
45	9241.0
46	9918.0
47	10787.0
48	11268.0
49	12060.0
50	12183.0
51	13170.0
52	13377.0
53	14322.0
54	15632.0
55	16276.0
56	17211.0
57	17951.0
58	18630.0
59	19412.0
60	20298.0
61	20128.0
62	20881.0
63	21654.0
64	23550.0
65	24931.0
66	24499.0
67	27661.0
68	27783.0
69	35186.0
70	45320.0
71	109136.0
72	398055.0
73	1135903.0
74	3513819.0
75	1.0476635E7
>>END_MODULE
>>Sequence Duplication Levels	warn
#Total Duplicate Percentage	36.15383483935497
#Duplication Level	Relative count
1	100.0
2	25.17892796805406
3	10.431577330671171
4	5.250345569037014
5	3.1999692827522654
6	1.9106128090923054
7	1.3031792351405314
8	0.8800491475963753
9	0.7226232529565351
10++	4.708954077714637
>>END_MODULE
>>Overrepresented sequences	pass
>>END_MODULE
>>Kmer Content	warn
#Sequence	Count	Obs/Exp Overall	Obs/Exp Max	Max Obs/Exp Position
AAAAA	5047410	3.3290596	7.866125	71
CCTGG	2578810	2.9269035	11.933784	3
CCAGG	2454205	2.829286	12.386002	3
CAGCA	2707800	2.7224681	6.794318	4
CCCAG	2303300	2.670136	11.082161	2
TGCTG	2753855	2.6688025	7.85592	2
CTGGG	2277355	2.570413	10.633155	4
CCAGC	2191180	2.5401592	6.245606	3
CTGCT	2530910	2.4664307	6.566999	9
GGAGG	2163185	2.4661865	5.461854	6
GCTGG	2182095	2.4628947	6.9063883	3
AGCAG	2455765	2.4553654	5.604769	7
TCCAG	2456650	2.4317138	8.95918	2
GCTGC	2134450	2.4225626	5.6865797	8
AGGAG	2342765	2.3293846	7.0131583	5
CTCCT	2375855	2.3282468	6.3561707	1
CAGGA	2322610	2.3222322	9.818738	4
CTTCT	2758010	2.3077633	5.1249313	1
CTGGA	2341915	2.3052788	8.92603	4
CTCCA	2304230	2.2935693	6.339845	1
CAGCC	1957655	2.2694416	5.348817	9
TCCTG	2301525	2.2428896	8.882501	2
GGCTG	1967145	2.220284	8.210582	7
CCTGC	1921260	2.1927648	6.269469	3
GGCAG	1909710	2.1893568	6.2456565	7
CTGCC	1909885	2.1797822	5.651325	9
GCAGG	1885725	2.1618598	6.6861706	3
CTGCA	2174105	2.1520371	6.4363465	4
CAGAG	2150075	2.1497252	7.794342	4
CTCTG	2187570	2.1318378	7.7017126	2
TGCAG	2164345	2.1304867	7.0560203	2
CCCTG	1856885	2.1192925	9.077372	2
TGGAG	2117790	2.073091	6.389861	5
AGCTG	2102805	2.0699093	5.9594827	7
CAGAA	2360030	2.057913	5.4933414	4
GCCTG	1806715	2.0505893	6.5624757	7
CAGGG	1767405	2.0262136	9.237533	4
GGAGA	2015065	2.0035563	5.463654	6
CTGGC	1760405	1.9980282	5.649381	4
GCCAG	1730430	1.9948951	5.2155585	2
CACAG	1979845	1.9905697	7.0022335	7
TTCTG	2353800	1.9586105	5.3825474	2
CAGGC	1690770	1.9491738	5.8688917	4
CCCCA	1671795	1.9488698	6.62531	1
CTGTG	2009110	1.9470589	8.872075	9
CTCAG	1953555	1.9337256	6.246428	2
GGGAG	1674405	1.9089422	5.175565	7
CTGAG	1927095	1.8969481	5.9505715	4
CCAGA	1872605	1.8827488	6.7507014	3
CCTCT	1898550	1.8605063	5.723399	1
GGCCA	1569915	1.8098481	6.1576014	1
TCTGG	1864150	1.806576	6.517806	3
AGAGG	1794935	1.7846836	5.1629953	5
CAGTG	1807410	1.7791353	6.5368314	9
TGGGG	1580445	1.7739226	5.9842234	5
ACCTG	1789715	1.7715487	5.321955	7
CACTG	1772685	1.7546916	7.172934	7
CCTGA	1727275	1.7097425	5.5565434	3
TGGCC	1502145	1.7049078	5.513184	5
GAGAG	1708935	1.6991745	5.4386983	7
ACAGA	1925830	1.6792969	5.9119353	8
TCAGG	1664370	1.6383332	5.798411	3
GCCCA	1401410	1.6246061	7.060542	1
GTGTG	1630695	1.5715611	7.942191	1
CCTGT	1609905	1.56889	5.4226885	8
AGGTG	1595420	1.5617464	5.0462666	7
TGTGT	1866385	1.5444113	6.399523	10
ACACA	1749720	1.534246	6.3650393	6
GGGCC	1154140	1.525613	5.258964	6
TGGGC	1339450	1.5118151	6.314157	5
ACAGC	1466300	1.4742429	5.6174593	8
CACAC	1450280	1.4662734	6.5133195	5
GCTGT	1508020	1.4614449	5.398359	8
CCTTG	1489915	1.451957	5.003352	2
CTGTC	1489575	1.4516256	5.8322563	9
GCCCT	1239580	1.4147525	6.1595674	1
GACAG	1409565	1.4093356	7.028436	7
GGGCT	1242090	1.4019265	6.0067005	6
AGACA	1597605	1.3930893	5.4978137	6
AGGGC	1149885	1.3182675	5.6169405	5
GTCCT	1351475	1.317044	9.410614	1
GGACA	1280305	1.2800968	6.2220564	6
AGGAC	1238320	1.2381185	9.147487	5
GTGCT	1253105	1.214403	6.5814147	1
GTCCA	1207205	1.1949515	6.896731	1
TGTGC	1199510	1.1624634	6.0463758	10
AGCAC	1150100	1.15633	5.3027344	5
GTCTT	1388250	1.1551708	5.4460554	1
TGGAC	1105205	1.0879155	6.0766773	5
ACAGT	1249460	1.0726422	5.5735135	8
GTGCA	1076510	1.0596695	5.993876	1
ACTGT	1236975	1.0454818	6.2356205	8
GACTG	1047035	1.0306555	5.953284	7
TGCAC	1018840	1.0084984	5.248333	5
GGACC	862790	0.9946519	5.4745874	6
GGACT	950835	0.9359605	5.3026643	6
TGTAG	1105700	0.9293429	5.850804	2
CTACA	1070595	0.9242184	5.2938156	4
TAGGA	951825	0.81259245	5.8435583	4
TCCTA	946025	0.8040351	5.4519267	2
GTAGG	758250	0.74224603	5.033126	3
GTGTA	782900	0.65802896	5.8673296	1
>>END_MODULE
