##FastQC	0.10.1
>>Basic Statistics	pass
#Measure	Value	
Filename	005-primary_S6_L001_R2_001_trimmed.fq.gz	
File type	Conventional base calls	
Encoding	Sanger / Illumina 1.9	
Total Sequences	30261682	
Filtered Sequences	0	
Sequence length	20-50	
%GC	44	
>>END_MODULE
>>Per base sequence quality	pass
#Base	Mean	Median	Lower Quartile	Upper Quartile	10th Percentile	90th Percentile
1	34.7194549199215	36.0	36.0	36.0	32.0	36.0
2	34.70346459922485	36.0	36.0	36.0	32.0	36.0
3	34.689944233767314	36.0	36.0	36.0	32.0	36.0
4	34.676458367383546	36.0	36.0	36.0	32.0	36.0
5	34.665228324056805	36.0	36.0	36.0	32.0	36.0
6	34.649033850795206	36.0	36.0	36.0	32.0	36.0
7	34.64060418056075	36.0	36.0	36.0	32.0	36.0
8	34.62804717860693	36.0	36.0	36.0	32.0	36.0
9	34.61834808124677	36.0	36.0	36.0	32.0	36.0
10	34.59397815362676	36.0	36.0	36.0	32.0	36.0
11	34.59019254118129	36.0	36.0	36.0	32.0	36.0
12	34.579152110579976	36.0	36.0	36.0	32.0	36.0
13	34.56749909010345	36.0	36.0	36.0	32.0	36.0
14	34.56327103695029	36.0	36.0	36.0	32.0	36.0
15	34.538998691480536	36.0	36.0	36.0	32.0	36.0
16	34.51916671386607	36.0	36.0	36.0	32.0	36.0
17	34.51324695038432	36.0	36.0	36.0	32.0	36.0
18	34.49803163617938	36.0	36.0	36.0	32.0	36.0
19	34.495409111760544	36.0	36.0	36.0	32.0	36.0
20	34.488686881317435	36.0	36.0	36.0	32.0	36.0
21	34.469839248719055	36.0	36.0	36.0	32.0	36.0
22	34.455298203254436	36.0	36.0	36.0	32.0	36.0
23	34.44219838778474	36.0	36.0	36.0	32.0	36.0
24	34.40931635067275	36.0	36.0	36.0	32.0	36.0
25	34.40004347739435	36.0	36.0	36.0	32.0	36.0
26	34.38538991940431	36.0	36.0	36.0	32.0	36.0
27	34.36522311904956	36.0	36.0	36.0	32.0	36.0
28	34.337738853196406	36.0	36.0	36.0	32.0	36.0
29	34.31405777388087	36.0	36.0	36.0	32.0	36.0
30	34.28432177548253	36.0	36.0	36.0	32.0	36.0
31	34.26026496865795	36.0	36.0	36.0	32.0	36.0
32	34.23856580866967	36.0	36.0	36.0	32.0	36.0
33	34.21491733982863	36.0	36.0	36.0	32.0	36.0
34	34.18324898170096	36.0	36.0	36.0	32.0	36.0
35	34.159344554438704	36.0	36.0	36.0	32.0	36.0
36	34.13729100962694	36.0	36.0	36.0	32.0	36.0
37	34.11354256282217	36.0	36.0	36.0	32.0	36.0
38	34.08301210370182	36.0	36.0	36.0	32.0	36.0
39	34.056077221845065	36.0	36.0	36.0	32.0	36.0
40	34.02675756825312	36.0	36.0	36.0	32.0	36.0
41	34.013314893418496	36.0	36.0	36.0	32.0	36.0
42	33.982713718842014	36.0	36.0	36.0	32.0	36.0
43	33.969099650697885	36.0	36.0	36.0	32.0	36.0
44	33.95333870614195	36.0	36.0	36.0	32.0	36.0
45	33.94227725849111	36.0	36.0	36.0	32.0	36.0
46	33.93093054576244	36.0	36.0	36.0	32.0	36.0
47	33.92354148418647	36.0	36.0	36.0	32.0	36.0
48	33.956325055592046	36.0	36.0	36.0	32.0	36.0
49	34.027898355345435	36.0	36.0	36.0	32.0	36.0
50	34.16287882489643	36.0	36.0	36.0	32.0	36.0
>>END_MODULE
>>Per sequence quality scores	pass
#Quality	Count
2	115.0
3	42.0
4	37.0
5	44.0
6	54.0
7	76.0
8	145.0
9	163.0
10	220.0
11	257.0
12	321.0
13	374.0
14	1829.0
15	3566.0
16	6631.0
17	10687.0
18	16804.0
19	26733.0
20	41249.0
21	59872.0
22	84819.0
23	117112.0
24	158076.0
25	213700.0
26	281375.0
27	364669.0
28	464609.0
29	584721.0
30	734715.0
31	943507.0
32	1268110.0
33	1870671.0
34	3590535.0
35	1.3542889E7
36	5872955.0
>>END_MODULE
>>Per base sequence content	pass
#Base	G	A	T	C
1	22.382642070853752	27.119482314983216	27.715036748076095	22.782838866086937
2	22.264298514455163	26.920060354555254	27.992148197030602	22.82349293395898
3	22.36017842748632	27.014337191198134	27.715610620381543	22.909873760934005
4	22.390454217794268	26.868618438986054	27.89854292844382	22.842384414775864
5	22.561914873400728	26.873225565245413	27.545843850567824	23.019015710786032
6	22.196668022633766	27.134309620831143	27.737012098073304	22.932010258461784
7	22.195877376241505	27.17908866493952	27.784788405656087	22.840245553162887
8	22.352379865662307	27.063454401912214	27.802359960011525	22.781805772413954
9	22.058788728346283	27.28509686870745	27.98390362455002	22.67221077839625
10	22.307064668210074	27.330995546622756	27.666296251561768	22.695643533605402
11	22.543320373979466	27.387067673287856	27.50616166662585	22.56345028610683
12	22.070196708891576	27.39529753924912	27.853382528101235	22.68112322375807
13	22.234419634592584	27.190292953067573	27.910390896382886	22.664896515956954
14	22.264789029569336	26.925209949832023	28.045528482369818	22.764472538228823
15	22.199775948562365	27.185513697990626	27.86120444751523	22.753505905931778
16	22.39390222529097	27.623858610918155	27.586994876430133	22.395244287360743
17	22.53506951466934	27.35689703457424	27.51105677442005	22.596976676336368
18	22.380892370192843	27.59653229974314	27.52775694752849	22.494818382535524
19	22.384129999787465	27.445323980254855	27.72851899061242	22.44202702934526
20	22.358178611458523	27.240715332244626	27.664801423016815	22.736304633280035
21	22.387189958713684	27.387206029617584	27.661004528250544	22.564599483418192
22	22.346855626541608	27.367963344959488	27.699990428461085	22.585190600037812
23	22.48657292212653	27.15962878556011	27.549302469580212	22.804495822733152
24	22.383852601255434	27.499692872507225	27.625607627145854	22.490846899091487
25	22.439243116848694	27.408004932552956	27.548290823096995	22.60446112750136
26	22.55303791834603	27.591179385613486	27.38103882763229	22.4747438684082
27	22.252037696586363	27.69102173172275	27.61897475288621	22.437965818804678
28	22.310555196688405	27.52773481421398	27.532492034529916	22.6292179545677
29	22.37524457018821	27.45676208693065	27.652832051803582	22.515161291077558
30	22.40880564282614	27.489100707259333	27.591861480207143	22.510232169707386
31	22.519448434766144	27.51101296908444	27.477190495331527	22.49234810081789
32	22.46744994765646	27.446251164879875	27.48117999387734	22.605118893586322
33	22.352060365252605	27.512895473693206	27.565897546024004	22.569146615030185
34	22.53844986952506	27.6692785826515	27.445284143025905	22.346987404797527
35	22.497721454250264	27.580466708416466	27.356284216527367	22.5655276208059
36	22.57100659569529	27.72980479445514	27.332411431100677	22.366777178748883
37	22.326402984570056	27.617393954921326	27.54067309285376	22.515529967654864
38	22.311123634873297	27.40239647394691	27.620818148895065	22.665661742284726
39	22.193597598926175	27.600644214243175	27.643892783971562	22.561865402859087
40	22.403847803361064	27.638959999419914	27.51612698416067	22.44106521305835
41	22.560545353166997	27.66118844282881	27.392290663606573	22.385975540397617
42	22.413946653763677	27.816285974964156	27.367783358359652	22.40198401291251
43	22.462555928417654	27.74578911443182	27.425183459853535	22.366471497296995
44	22.484253350538786	27.52670165673362	27.413970515648657	22.575074477078942
45	22.262196767394826	27.613460923606993	27.62442539801825	22.499916910979934
46	22.39249610997377	27.61338011831938	27.41612703457255	22.5779967371343
47	22.327030882783607	27.735938254624354	27.50553715815332	22.43149370443871
48	22.385892062811248	28.079152245196443	27.516816479273814	22.018139212718495
49	22.52171956767576	28.398584090423512	27.589356359735834	21.49033998216489
50	22.348553933266576	28.23996678244517	27.696834351877154	21.714644932411094
>>END_MODULE
>>Per base GC content	pass
#Base	%GC
1	45.16548093694069
2	45.087791448414144
3	45.27005218842032
4	45.232838632570136
5	45.58093058418676
6	45.128678281095546
7	45.03612292940439
8	45.13418563807626
9	44.73099950674253
10	45.00270820181548
11	45.10677066008629
12	44.75131993264965
13	44.89931615054954
14	45.02926156779816
15	44.95328185449414
16	44.78914651265171
17	45.132046191005706
18	44.87571075272837
19	44.82615702913272
20	45.09448324473856
21	44.951789442131876
22	44.93204622657942
23	45.291068744859686
24	44.87469950034692
25	45.04370424435005
26	45.027781786754225
27	44.69000351539104
28	44.939773151256105
29	44.89040586126577
30	44.919037812533524
31	45.01179653558403
32	45.072568841242784
33	44.92120698028279
34	44.885437274322584
35	45.06324907505616
36	44.93778377444417
37	44.841932952224916
38	44.97678537715802
39	44.75546300178526
40	44.84491301641941
41	44.94652089356462
42	44.81593066667619
43	44.82902742571465
44	45.05932782761772
45	44.76211367837476
46	44.97049284710807
47	44.75852458722232
48	44.404031275529746
49	44.01205954984066
50	44.06319886567767
>>END_MODULE
>>Per sequence GC content	pass
#GC Content	Count
0	15978.0
1	13178.0
2	9748.0
3	9958.5
4	10935.0
5	12287.5
6	13965.5
7	16142.0
8	18282.5
9	22006.0
10	26252.5
11	33224.5
12	40607.5
13	52304.5
14	65829.5
15	86460.0
16	109019.5
17	141101.0
18	175692.0
19	219107.0
20	264534.0
21	321218.5
22	380081.5
23	450450.5
24	524073.5
25	590759.0
26	668026.5
27	757680.0
28	852586.0
29	952426.0
30	1053879.5
31	1159721.0
32	1269041.0
33	1376155.0
34	1486424.0
35	1587837.5
36	1683637.0
37	1766215.0
38	1832967.0
39	1880439.0
40	1922081.5
41	1941426.0
42	1954874.0
43	1949222.5
44	1934695.0
45	1898778.0
46	1859184.0
47	1816228.0
48	1773393.0
49	1728074.0
50	1681925.5
51	1642865.5
52	1603994.0
53	1564534.0
54	1523564.5
55	1482019.0
56	1435342.5
57	1375596.0
58	1311035.5
59	1231004.5
60	1145704.0
61	1050527.5
62	955802.5
63	870426.0
64	770033.5
65	677247.5
66	587657.0
67	507456.0
68	431973.0
69	363777.5
70	302746.0
71	250889.5
72	205548.5
73	166280.0
74	130329.0
75	104231.5
76	84852.0
77	67034.0
78	50931.0
79	39172.0
80	29034.0
81	21751.5
82	16403.0
83	12627.0
84	9299.0
85	7178.5
86	5502.0
87	4379.5
88	3506.0
89	2851.0
90	2377.0
91	2085.0
92	1904.5
93	1759.5
94	1623.0
95	1603.0
96	1589.0
97	1757.0
98	2813.5
99	11832.5
100	19992.0
>>END_MODULE
>>Per base N content	pass
#Base	N-Count
1	0.009315410822174392
2	0.01042242133137213
3	0.01325769003851141
4	0.023894904453757727
5	0.012580265697062049
6	0.017494070554306927
7	0.014691846936994447
8	0.0296282275387072
9	0.01876300200365598
10	0.030189994065762768
11	0.010670259505073115
12	0.020359079842290326
13	0.02191219906414984
14	0.016291229284611478
15	0.01730571354229418
16	0.03214626338350922
17	0.022143514692937426
18	0.017193360236883067
19	0.026340241100940787
20	0.030844286844333373
21	0.018655335601569473
22	0.017160043380430225
23	0.022119680226897757
24	0.03159983684717997
25	0.01858675356339619
26	0.027677516719047574
27	0.03046979381387373
28	0.034211876428811426
29	0.027860254779588457
30	0.0298244359821459
31	0.036258394549037454
32	0.025287012214939397
33	0.0238978575027303
34	0.02499789238871657
35	0.01955404713679267
36	0.008511443491424034
37	0.016991090816158284
38	0.01472174654397446
39	0.00828140466566311
40	0.008414062710550512
41	0.007532877189193577
42	0.01147924639729297
43	0.0037038384902465227
44	0.0041702392016710705
45	0.0029194062946840704
46	9.224763086866975E-4
47	0.0032419759001187987
48	8.044095034000388E-4
49	1.4741309047264442E-4
50	8.673234544784675E-4
>>END_MODULE
>>Sequence Length Distribution	warn
#Length	Count
20	77288.0
21	79575.0
22	81781.0
23	83010.0
24	85433.0
25	86751.0
26	89271.0
27	92356.0
28	96178.0
29	101386.0
30	101642.0
31	106023.0
32	107252.0
33	107294.0
34	107966.0
35	108946.0
36	110992.0
37	116107.0
38	121452.0
39	126885.0
40	130797.0
41	136232.0
42	144079.0
43	166733.0
44	224914.0
45	370372.0
46	851543.0
47	1759410.0
48	3460674.0
49	4657132.0
50	1.6372208E7
>>END_MODULE
>>Sequence Duplication Levels	warn
#Total Duplicate Percentage	38.20981950956801
#Duplication Level	Relative count
1	100.0
2	23.3026011722467
3	11.154734965096475
4	6.440959866942803
5	4.187623441735501
6	2.8194692105326284
7	1.9318881487937694
8	1.468906676048905
9	1.1162731190877906
10++	7.502059028138719
>>END_MODULE
>>Overrepresented sequences	pass
>>END_MODULE
>>Kmer Content	warn
#Sequence	Count	Obs/Exp Overall	Obs/Exp Max	Max Obs/Exp Position
AAAAA	9275685	4.5051317	5.5711994	46
TTTTT	7480415	3.5172908	3.8929005	46
CCTGG	2835180	3.0400233	3.6929717	19
>>END_MODULE
