##FastQC	0.10.1
>>Basic Statistics	pass
#Measure	Value	
Filename	KS26_S5_L002_R1_001_trimmed.fq.gz	
File type	Conventional base calls	
Encoding	Sanger / Illumina 1.9	
Total Sequences	20321365	
Filtered Sequences	0	
Sequence length	20-50	
%GC	45	
>>END_MODULE
>>Per base sequence quality	pass
#Base	Mean	Median	Lower Quartile	Upper Quartile	10th Percentile	90th Percentile
1	35.304852799012274	36.0	36.0	36.0	36.0	36.0
2	35.29266213170227	36.0	36.0	36.0	36.0	36.0
3	35.275843970127006	36.0	36.0	36.0	36.0	36.0
4	35.26557758300193	36.0	36.0	36.0	36.0	36.0
5	35.248943562600246	36.0	36.0	36.0	36.0	36.0
6	35.22054832438668	36.0	36.0	36.0	36.0	36.0
7	35.202380204282534	36.0	36.0	36.0	36.0	36.0
8	35.19574206752352	36.0	36.0	36.0	36.0	36.0
9	35.18120328038987	36.0	36.0	36.0	36.0	36.0
10	35.163251681173975	36.0	36.0	36.0	36.0	36.0
11	35.15156614725438	36.0	36.0	36.0	36.0	36.0
12	35.13666887042283	36.0	36.0	36.0	36.0	36.0
13	35.12423245190468	36.0	36.0	36.0	36.0	36.0
14	35.12102449810827	36.0	36.0	36.0	36.0	36.0
15	35.09708309456575	36.0	36.0	36.0	36.0	36.0
16	35.08721328513119	36.0	36.0	36.0	36.0	36.0
17	35.07787016275728	36.0	36.0	36.0	36.0	36.0
18	35.062578571862666	36.0	36.0	36.0	36.0	36.0
19	35.05441204367915	36.0	36.0	36.0	36.0	36.0
20	35.043417801904546	36.0	36.0	36.0	36.0	36.0
21	35.02633048931258	36.0	36.0	36.0	36.0	36.0
22	35.017949244526754	36.0	36.0	36.0	36.0	36.0
23	35.01242799888862	36.0	36.0	36.0	36.0	36.0
24	34.998258034007286	36.0	36.0	36.0	36.0	36.0
25	34.99095871255917	36.0	36.0	36.0	36.0	36.0
26	34.97377355171455	36.0	36.0	36.0	36.0	36.0
27	34.9640240240151	36.0	36.0	36.0	36.0	36.0
28	34.950127127309315	36.0	36.0	36.0	36.0	36.0
29	34.93179153351043	36.0	36.0	36.0	36.0	36.0
30	34.91777749912784	36.0	36.0	36.0	36.0	36.0
31	34.906822745757424	36.0	36.0	36.0	36.0	36.0
32	34.88653097315968	36.0	36.0	36.0	36.0	36.0
33	34.86257630838878	36.0	36.0	36.0	36.0	36.0
34	34.84554513891454	36.0	36.0	36.0	36.0	36.0
35	34.82660766524022	36.0	36.0	36.0	36.0	36.0
36	34.807574986857674	36.0	36.0	36.0	36.0	36.0
37	34.79456103256896	36.0	36.0	36.0	36.0	36.0
38	34.782309232362586	36.0	36.0	36.0	36.0	36.0
39	34.752889882924094	36.0	36.0	36.0	36.0	36.0
40	34.72284953719507	36.0	36.0	36.0	32.0	36.0
41	34.71843764476972	36.0	36.0	36.0	32.0	36.0
42	34.70004044040686	36.0	36.0	36.0	32.0	36.0
43	34.672024123973074	36.0	36.0	36.0	32.0	36.0
44	34.654149471468926	36.0	36.0	36.0	32.0	36.0
45	34.64390477782179	36.0	36.0	36.0	32.0	36.0
46	34.633821229620935	36.0	36.0	36.0	32.0	36.0
47	34.63794166613151	36.0	36.0	36.0	32.0	36.0
48	34.65201353076451	36.0	36.0	36.0	32.0	36.0
49	34.71270948162758	36.0	36.0	36.0	32.0	36.0
50	34.804529001257116	36.0	36.0	36.0	32.0	36.0
>>END_MODULE
>>Per sequence quality scores	pass
#Quality	Count
8	2.0
9	3.0
10	11.0
11	11.0
12	15.0
13	21.0
14	48.0
15	90.0
16	269.0
17	626.0
18	1389.0
19	3079.0
20	6059.0
21	11235.0
22	18773.0
23	30184.0
24	47427.0
25	71289.0
26	103063.0
27	143606.0
28	193127.0
29	253117.0
30	329406.0
31	431547.0
32	588817.0
33	896681.0
34	1809183.0
35	9242491.0
36	6139796.0
>>END_MODULE
>>Per base sequence content	pass
#Base	G	A	T	C
1	22.618292899028148	26.60067750530145	27.298206115282785	23.482823480387616
2	22.551793771116426	26.55292244095422	27.522635646814525	23.37264814111483
3	22.604959617629707	26.62783833509405	27.325497395730302	23.44170465154594
4	22.67964485496112	26.439822304456783	27.566208321082215	23.314324519499884
5	22.82445415190986	26.434947269172532	27.24172819129645	23.49887038762116
6	22.407063254194135	26.778419999660446	27.407908441265892	23.406608304879523
7	22.442700399250352	26.74810556365989	27.445730749402937	23.363463287686816
8	22.566154849748102	26.643925773030286	27.44205840633896	23.347860970882653
9	22.320126030142536	26.814799555904468	27.553710466780114	23.311363947172886
10	22.466567815391578	26.90504780750605	27.381550584493308	23.246833792609067
11	22.808246848960906	26.885390815660585	27.209580794708867	23.096781540669642
12	22.292797946207227	26.94059264251809	27.56439656845589	23.202212842818792
13	22.429254270719895	26.76491205344529	27.646014028394706	23.15981964744011
14	22.462780931534137	26.54843996709737	27.786373065906382	23.202406035462104
15	22.377877676854478	26.77397568407936	27.65341576934754	23.19473086971862
16	22.49673396636593	27.150997989444164	27.505337909110516	22.84693013507939
17	22.594591588555996	26.8933524808238	27.305750251236994	23.206305679383213
18	22.491794987967655	27.199658565588642	27.32286847230494	22.985677974138767
19	22.553453426305214	27.02747871934316	27.507764648772522	22.9113032055791
20	22.577734470637882	26.792587097179005	27.473065296586242	23.15661313559687
21	22.553144437174176	26.980990125050514	27.496696980972885	22.96916845680242
22	22.448011423902816	27.053001160055295	27.529784084609116	22.969203331432766
23	22.561773563245893	26.79066066355691	27.462140375188604	23.185425398008594
24	22.465339297303796	27.142648716823892	27.50238288088015	22.889629104992164
25	22.510371429482063	27.043692310429098	27.41582100386493	23.030115256223908
26	22.613012784118098	27.11011941607071	27.279813620772998	22.997054179038194
27	22.476226432692812	27.179684904343578	27.44485137859981	22.899237284363803
28	22.424318714177005	27.097841458147542	27.39196573728932	23.085874090386138
29	22.607132071968945	26.986011904067936	27.434385266313495	22.972470757649628
30	22.53170249020365	27.107980690307066	27.42040181317613	22.939915006313154
31	22.617335726849536	27.11616355932747	27.35148222513861	22.91501848868438
32	22.609331382565134	27.059494778654464	27.323121343305463	23.00805249547494
33	22.507945376474705	27.009184442872343	27.44656593157984	23.036304249073112
34	22.651041515077704	27.252614677138038	27.358166773310412	22.738177034473843
35	22.629067269410438	27.03828833726696	27.28206941761748	23.05057497570513
36	22.720135621887604	27.24224364268647	27.190136833941636	22.84748390148429
37	22.549386885461573	27.10260262829841	27.356696609780634	22.991313876459387
38	22.52929978739316	26.978597156414285	27.34899574038113	23.143107315811417
39	22.42664199450148	27.134936433827132	27.41655286040232	23.021868711269065
40	22.578427421915272	27.144718330940204	27.40827817179437	22.868576075350155
41	22.75065258351577	27.13897662120407	27.264214490603145	22.846156304677017
42	22.684467906172024	27.26361141842003	27.21939637433603	22.832524301071917
43	22.650469944303143	27.260766151452426	27.231512076105634	22.8572518281388
44	22.691086103492474	27.02126128032643	27.199737098669136	23.087915517511963
45	22.53696097596693	27.137110975578327	27.38483326808943	22.941094780365308
46	22.606714311868377	27.29004638422291	27.164158523885305	22.93908078002341
47	22.633532757266966	27.21619806823337	27.25311858871178	22.897150585787884
48	22.616503529747387	27.60277127414814	27.332238786202634	22.44848640990184
49	22.74276437951592	27.895420299513756	27.452622564839686	21.90919275613064
50	22.509594381165094	27.74786027290721	27.638955536569092	22.103589809358603
>>END_MODULE
>>Per base GC content	pass
#Base	%GC
1	46.101116379415764
2	45.92444191223126
3	46.04666426917564
4	45.993969374461
5	46.32332453953102
6	45.813671559073654
7	45.806163686937175
8	45.91401582063075
9	45.63148997731542
10	45.713401608000645
11	45.905028389630544
12	45.49501078902602
13	45.589073918160004
14	45.66518696699624
15	45.57260854657309
16	45.34366410144533
17	45.800897267939206
18	45.47747296210642
19	45.46475663188431
20	45.734347606234756
21	45.5223128939766
22	45.417214755335586
23	45.74719896125449
24	45.35496840229596
25	45.54048668570597
26	45.61006696315629
27	45.37546371705661
28	45.51019280456315
29	45.57960282961857
30	45.4716174965168
31	45.532354215533914
32	45.61738387804007
33	45.54424962554782
34	45.38921854955155
35	45.679642245115566
36	45.567619523371896
37	45.54070076192096
38	45.67240710320458
39	45.448510705770545
40	45.44700349726543
41	45.59680888819278
42	45.51699220724394
43	45.50772177244194
44	45.77900162100443
45	45.47805575633224
46	45.54579509189178
47	45.530683343054854
48	45.06498993964922
49	44.651957135646555
50	44.6131841905237
>>END_MODULE
>>Per sequence GC content	pass
#GC Content	Count
0	2140.0
1	2089.5
2	1764.5
3	1598.0
4	1754.5
5	2172.0
6	2671.5
7	3382.0
8	4097.0
9	5609.0
10	7304.0
11	10605.5
12	14013.0
13	19641.5
14	26347.0
15	37550.5
16	49476.0
17	67943.5
18	88000.5
19	114945.0
20	142729.0
21	178240.0
22	215093.5
23	259130.0
24	305058.5
25	350149.5
26	402120.5
27	461503.0
28	523931.5
29	592294.0
30	661737.0
31	732927.5
32	807819.0
33	884294.5
34	962004.0
35	1031874.5
36	1098620.5
37	1152212.0
38	1195222.5
39	1225598.5
40	1253715.5
41	1271345.5
42	1286387.5
43	1284743.5
44	1277345.5
45	1256837.0
46	1235919.5
47	1210848.5
48	1183673.5
49	1155071.5
50	1128324.0
51	1103255.0
52	1073915.5
53	1044329.0
54	1016445.0
55	983062.5
56	944701.5
57	903163.5
58	859952.5
59	804217.0
60	746342.5
61	685094.0
62	622758.0
63	569110.0
64	506621.5
65	449355.0
66	393131.0
67	341731.0
68	292387.5
69	248212.0
70	208882.0
71	175399.5
72	145754.5
73	120617.0
74	97288.0
75	80141.5
76	67382.0
77	55075.5
78	44048.5
79	35793.0
80	28375.0
81	22754.5
82	18127.0
83	14633.0
84	11433.0
85	9048.0
86	6983.5
87	5442.5
88	4371.5
89	3367.0
90	2439.0
91	1924.5
92	1560.5
93	1316.0
94	1050.5
95	889.5
96	746.0
97	678.5
98	648.0
99	759.0
100	861.0
>>END_MODULE
>>Per base N content	pass
#Base	N-Count
1	2.3620460535008349E-4
2	4.8717199853454726E-4
3	5.954324426533355E-4
4	4.428836350314066E-4
5	0.0011564183803597838
6	0.002066790296813231
7	0.0013827811271536138
8	0.0027409576079165943
9	0.002519515790400891
10	0.0029623994254322976
11	0.008847830842071878
12	0.0035283062924168726
13	0.013375085777948478
14	0.003936743422501392
15	0.01187912327739795
16	0.007927617067062178
17	0.00937437027483144
18	0.011721653540497895
19	0.006820407979483661
20	0.006840091696596168
21	0.01452747897270533
22	0.009713829402977991
23	0.01585295794541719
24	0.012726827436413624
25	0.007485695650884942
26	0.010405417107623417
27	0.009623308365699381
28	0.013606890973572058
29	0.016185594552989395
30	0.03264673712647631
31	0.016815238563835433
32	0.017757507126774114
33	0.020293405455760673
34	0.014420660808687097
35	0.013251128020392442
36	0.015402378503665687
37	0.015068891301560196
38	0.015810318750887415
39	0.025774573717468528
40	0.02550887381823706
41	0.020020720385500335
42	0.013112526216199454
43	0.019710155745218828
44	0.015070805829833257
45	0.012203619357302293
46	0.005308740164177437
47	0.011329862985146407
48	0.007499594857611639
49	0.007028871728125596
50	0.018813497097834718
>>END_MODULE
>>Sequence Length Distribution	warn
#Length	Count
20	15020.0
21	15686.0
22	16840.0
23	17396.0
24	17823.0
25	18363.0
26	19284.0
27	20002.0
28	21049.0
29	23127.0
30	24066.0
31	25430.0
32	26575.0
33	26948.0
34	27912.0
35	28410.0
36	29052.0
37	31010.0
38	33435.0
39	35942.0
40	38518.0
41	42119.0
42	46560.0
43	60270.0
44	100757.0
45	195478.0
46	537940.0
47	1172066.0
48	2360225.0
49	3159157.0
50	1.2134905E7
>>END_MODULE
>>Sequence Duplication Levels	warn
#Total Duplicate Percentage	36.59676871668938
#Duplication Level	Relative count
1	100.0
2	23.715421155577634
3	10.509484926573318
4	5.7390791393709835
5	3.506783818187463
6	2.2625663634387903
7	1.5826321835511814
8	1.1277903691514795
9	0.8243037660281288
10++	5.96805240771213
>>END_MODULE
>>Overrepresented sequences	pass
>>END_MODULE
>>Kmer Content	warn
#Sequence	Count	Obs/Exp Overall	Obs/Exp Max	Max Obs/Exp Position
AAAAA	4637865	3.5593114	4.276331	46
TTTTT	4463835	3.1765697	3.563482	13
>>END_MODULE
