##FastQC	0.10.1
>>Basic Statistics	pass
#Measure	Value	
Filename	001-F0_S3_L004_R2_001.fastq.gz	
File type	Conventional base calls	
Encoding	Sanger / Illumina 1.9	
Total Sequences	21110280	
Filtered Sequences	0	
Sequence length	35-76	
%GC	46	
>>END_MODULE
>>Per base sequence quality	pass
#Base	Mean	Median	Lower Quartile	Upper Quartile	10th Percentile	90th Percentile
1	31.390835176037456	32.0	32.0	32.0	32.0	32.0
2	31.148961216999492	32.0	32.0	32.0	32.0	32.0
3	31.17996592181629	32.0	32.0	32.0	32.0	32.0
4	31.21195133366303	32.0	32.0	32.0	32.0	32.0
5	31.18431981953816	32.0	32.0	32.0	32.0	32.0
6	34.85428521080725	36.0	36.0	36.0	36.0	36.0
7	34.8394335366466	36.0	36.0	36.0	36.0	36.0
8	34.76752430569372	36.0	36.0	36.0	32.0	36.0
9	34.888804459249236	36.0	36.0	36.0	36.0	36.0
10-14	34.78014623207272	36.0	36.0	36.0	33.6	36.0
15-19	34.69589977963343	36.0	36.0	36.0	32.0	36.0
20-24	34.62372772886006	36.0	36.0	36.0	32.0	36.0
25-29	34.54761897994721	36.0	36.0	36.0	32.0	36.0
30-34	34.46090956633451	36.0	36.0	36.0	32.0	36.0
35-39	34.44125588861912	36.0	36.0	36.0	32.0	36.0
40-44	34.3551882778808	36.0	36.0	36.0	32.0	36.0
45-49	34.221518824335185	36.0	36.0	36.0	32.0	36.0
50-54	34.06003209660789	36.0	36.0	36.0	32.0	36.0
55-59	33.90000803278855	36.0	36.0	36.0	32.0	36.0
60-64	33.744850666744284	36.0	36.0	36.0	27.0	36.0
65-69	33.61033805724446	36.0	36.0	36.0	27.0	36.0
70-74	33.475430061999795	36.0	36.0	36.0	27.0	36.0
75-76	32.50207058231966	36.0	34.0	36.0	20.5	36.0
>>END_MODULE
>>Per sequence quality scores	pass
#Quality	Count
2	60323.0
3	75.0
4	251.0
5	116.0
6	81.0
7	71.0
8	20.0
9	21.0
10	40.0
11	55.0
12	75.0
13	90.0
14	2039.0
15	7150.0
16	10838.0
17	13539.0
18	18124.0
19	23150.0
20	30038.0
21	40414.0
22	56826.0
23	79031.0
24	110459.0
25	153202.0
26	207165.0
27	270546.0
28	344902.0
29	433347.0
30	541570.0
31	694219.0
32	936856.0
33	1432252.0
34	3085334.0
35	1.2558061E7
>>END_MODULE
>>Per base sequence content	fail
#Base	G	A	T	C
1	42.54675861927407	18.75774178825224	12.792524968766768	25.90297462370692
2	16.277263303990555	19.042639371224563	38.60643886209604	26.073658462688837
3	19.892120194266315	21.24481998059237	28.365314744452373	30.497745080688937
4	13.678018980916514	14.980535883302618	36.185484449871296	35.15596068590957
5	15.386479814581966	34.372298686913624	34.85426187276092	15.386959625743494
6	33.88928390277328	34.932643125549376	16.869140379953475	14.308932591723863
7	29.863759881422926	29.340928093645484	21.097792832167833	19.697519192763757
8	25.76271558444742	35.485016193240284	20.30148045152945	18.450787770782846
9	24.73808947150033	16.51831428237242	20.722151788623318	38.021444457503925
10-14	24.156543066492848	23.246491314135287	28.33701304447957	24.259952574892292
15-19	22.54115533628417	28.18453277367135	26.378231015755834	22.896080874288653
20-24	22.644050341025014	26.88384172580685	27.6116236362748	22.860484296893333
25-29	22.519326709523394	26.992190524356424	27.467608783377685	23.020873982742497
30-34	22.55030378338393	27.02096747507697	27.547278093354233	22.881450648184863
35-39	22.61888749391521	27.232544284316862	27.36077763504116	22.787790586726768
40-44	22.726396113764103	27.14857802661826	27.39140237282302	22.73362348679462
45-49	22.737438635230696	27.29378347257801	27.161469463905654	22.807308428285637
50-54	22.68923846036274	27.425877917044193	27.172569741701043	22.712313880892022
55-59	22.738035829804502	27.356657915683936	27.031834343917044	22.873471910594517
60-64	22.835829580947575	27.37965217540171	27.049899985304453	22.734618258346263
65-69	22.87539175802484	27.55952383515579	26.95146595414138	22.61361845267799
70-74	23.165158629547555	27.802692026753757	26.922810744431125	22.109338599267563
75-76	27.157765009220565	35.1190118850364	27.829321626917476	9.893901478825564
>>END_MODULE
>>Per base GC content	fail
#Base	%GC
1	68.449733242981
2	42.35092176667939
3	50.38986527495525
4	48.83397966682609
5	30.773439440325458
6	48.198216494497146
7	49.56127907418668
8	44.213503355230266
9	62.75953392900426
10-14	48.41649564138514
15-19	45.43723621057282
20-24	45.50453463791835
25-29	45.54020069226589
30-34	45.4317544315688
35-39	45.406678080641974
40-44	45.460019600558724
45-49	45.54474706351633
50-54	45.401552341254764
55-59	45.61150774039901
60-64	45.570447839293834
65-69	45.48901021070283
70-74	45.27449722881512
75-76	37.05166648804612
>>END_MODULE
>>Per sequence GC content	warn
#GC Content	Count
0	60370.0
1	30242.0
2	189.5
3	345.0
4	429.5
5	517.0
6	755.5
7	1105.0
8	1308.5
9	1664.0
10	2550.5
11	3761.0
12	4495.0
13	5634.0
14	8257.5
15	12310.5
16	18435.0
17	23215.5
18	30473.5
19	44440.0
20	61808.0
21	74664.5
22	92849.0
23	124537.0
24	158636.5
25	182613.0
26	213228.5
27	262892.0
28	313430.5
29	349590.0
30	393455.0
31	461283.5
32	529671.5
33	577372.0
34	637117.5
35	725103.5
36	800450.5
37	846820.0
38	883896.0
39	920849.0
40	933174.0
41	933227.5
42	940843.5
43	947397.5
44	941840.5
45	929620.5
46	922494.0
47	908144.5
48	883522.0
49	857896.5
50	838962.5
51	819567.5
52	788970.5
53	758343.5
54	740932.5
55	721591.5
56	692126.0
57	661699.0
58	634202.5
59	598360.5
60	547536.0
61	489658.0
62	443843.5
63	400415.0
64	345343.5
65	294857.5
66	244047.0
67	207400.0
68	179361.5
69	145563.5
70	113820.0
71	92403.0
72	76771.5
73	61198.0
74	47358.0
75	37947.5
76	32072.5
77	25737.5
78	19680.5
79	15917.0
80	13624.5
81	10815.0
82	7814.5
83	6049.0
84	5091.0
85	4084.0
86	3198.0
87	2666.5
88	2345.5
89	2020.5
90	1728.0
91	1553.0
92	1526.5
93	1462.5
94	1354.0
95	1280.5
96	1253.0
97	1286.0
98	1596.0
99	13862.0
100	25855.0
>>END_MODULE
>>Per base N content	pass
#Base	N-Count
1	0.3021561059351179
2	0.31118488243642434
3	0.2930089037189464
4	0.2891150662141857
5	0.2857944091693715
6	0.2860549457420745
7	0.28744289512029214
8	0.2878029092934817
9	0.29037037879175454
10-14	0.2905939665414196
15-19	0.29439116866285053
20-24	0.2955015281654246
25-29	0.29565500789188964
30-34	0.29615523811147937
35-39	0.06923198142429716
40-44	0.012003788131283574
45-49	0.0123663143700635
50-54	0.011686249065171803
55-59	0.011950502860340018
60-64	0.012154896868371477
65-69	0.009616544867950251
70-74	0.009970198018018288
75-76	0.010459645626651649
>>END_MODULE
>>Sequence Length Distribution	warn
#Length	Count
35	80008.0
36	28607.0
37	35832.0
38	38611.0
39	40924.0
40	41554.0
41	43264.0
42	46375.0
43	50560.0
44	54135.0
45	58242.0
46	59057.0
47	60792.0
48	62416.0
49	63918.0
50	63573.0
51	65748.0
52	66575.0
53	69180.0
54	72579.0
55	74698.0
56	75791.0
57	76876.0
58	77208.0
59	78598.0
60	80448.0
61	78292.0
62	80539.0
63	81020.0
64	85085.0
65	86410.0
66	88023.0
67	89861.0
68	88134.0
69	94533.0
70	95647.0
71	111141.0
72	188630.0
73	515861.0
74	1341656.0
75	4186008.0
76	1.2333871E7
>>END_MODULE
>>Sequence Duplication Levels	warn
#Total Duplicate Percentage	30.826613793746528
#Duplication Level	Relative count
1	100.0
2	20.076340752197634
3	7.7525594727096
4	4.027045627079683
5	2.2675189965022313
6	1.4338723066117052
7	0.9734155391742996
8	0.6775596500812362
9	0.5299864488069984
10++	4.159010124372991
>>END_MODULE
>>Overrepresented sequences	warn
#Sequence	Count	Percentage	Possible Source
NNNNNNNNNNNNNNNNNNNNNNNNNNNNNNNNNNN	60323	0.2857517759120201	No Hit
GGGGGGGGGGGGGGGGGGGGGGGGGGGGGGGGGGGGGGGGGGGGGGGGGG	25840	0.12240481888444871	No Hit
>>END_MODULE
>>Kmer Content	warn
#Sequence	Count	Obs/Exp Overall	Obs/Exp Max	Max Obs/Exp Position
GGGGG	3903180	4.03627	7.3294525	72
AAAAA	7879130	3.8340073	7.8589973	72
TTTTT	7018140	3.314065	5.760343	72
CCTGG	3290250	2.975804	11.335129	3
CCAGG	3176720	2.8904233	11.642701	3
CCCAG	3002055	2.7628052	10.06871	2
CTGGG	2958615	2.6455424	9.288818	4
CAGCA	3287930	2.5729284	6.97158	4
CCAGC	2777455	2.5561051	6.4099417	3
TGCTG	3283095	2.5097194	7.134588	2
GGAGG	2794355	2.4852257	5.664251	6
GCTGG	2711565	2.4246345	5.803414	3
TCCAG	3094830	2.4073255	9.722646	2
CTCCA	2963900	2.331904	7.2673283	1
CTCCT	2973220	2.3252358	6.9985785	1
CAGCC	2512960	2.3126893	5.249587	9
CAGGA	2964380	2.2934532	9.560405	4
CTGCT	2961045	2.289475	6.312514	9
AGGAG	2986900	2.2846913	6.7458825	5
AGCAG	2932640	2.2688968	5.064278	7
CTGGA	2930660	2.2537944	8.687455	4
TCCTG	2912065	2.2516036	9.433481	2
GGCTG	2494960	2.23095	7.4384885	7
GCTGC	2437560	2.2046049	5.2885847	8
CCTGC	2397530	2.1932523	6.1233625	3
CAGAG	2818755	2.1807873	6.894994	4
GGCAG	2419630	2.1766186	5.5353274	7
CTGCC	2379195	2.1764796	5.598401	9
CTTCT	3292545	2.1763966	5.1468763	1
CTCTG	2799290	2.1644063	7.0153604	2
CCCTG	2362230	2.16096	8.184844	2
CTGCA	2774525	2.158175	6.324168	4
GCAGG	2394705	2.1541972	6.0824404	3
TGCAG	2761280	2.1235342	6.570344	2
GCCTG	2309450	2.0887382	6.095492	7
CACAG	2663575	2.0843472	7.3029757	7
TGGAG	2733700	2.0785027	6.2808223	5
CAGGG	2297125	2.0664175	8.107894	4
CTGTG	2679750	2.0485003	8.665949	9
AGCTG	2630735	2.02314	5.402852	7
CCCCA	2162515	2.0129821	6.075984	1
CAGGC	2169010	1.9735317	5.3256197	4
GGAGA	2552295	1.9522603	5.396983	6
CAGAA	2920145	1.9430454	5.236668	4
CTCAG	2493210	1.939353	5.600685	2
CTGAG	2483735	1.9100912	5.245421	4
TTCTG	2867860	1.8741966	5.303321	2
CCTCT	2379495	1.8609074	5.2133317	1
CAGTG	2411865	1.8548204	6.260732	9
CCAGA	2369405	1.854148	6.382034	3
CACTG	2376045	1.8482158	7.4732804	7
TGGGG	2047840	1.810394	5.1888046	5
GGCCA	1982510	1.8038396	5.2281446	1
TCTGG	2336225	1.7858969	5.9090033	3
GTGTG	2301840	1.7396735	7.6547627	1
ACACA	2570235	1.7298188	6.595453	6
GAGAG	2222570	1.7000523	5.2935843	7
CACAC	2147370	1.6996565	6.5559235	5
ACAGA	2545035	1.6934501	5.8468432	8
CCTGA	2174345	1.6913227	5.2083263	3
TGTGT	2601120	1.6806159	6.3673444	10
GCCCA	1810540	1.6662486	6.0068183	1
TCAGG	2114160	1.6258732	5.3632984	3
CCTGT	2094460	1.6194329	5.2024984	8
TGGGC	1747155	1.5622756	5.6397276	5
ACAGC	1938055	1.5166007	5.7463193	8
GCTGT	1959005	1.4975361	5.1308494	8
CTGTC	1906855	1.4743772	5.779202	9
GACAG	1860345	1.4392939	6.6250095	7
GCCCT	1550835	1.4186987	5.0987034	1
GGGCT	1564475	1.3989264	5.277116	6
AGACA	2073120	1.3794405	5.1298523	6
GTCCT	1722810	1.3320736	9.336072	1
GGACA	1683845	1.302741	6.0267305	6
GTGCT	1646195	1.2584125	6.1721354	1
AGGAC	1624085	1.2565064	8.53087	5
TGTGC	1625660	1.2427148	6.002923	10
ACTGC	1592480	1.2387167	5.151986	8
AGCAC	1557335	1.2186729	5.4839625	5
GTCCA	1548515	1.2045183	6.758439	1
GTCTT	1728515	1.1296148	5.442846	1
GTGCA	1458245	1.1214484	5.665123	1
TGGAC	1444825	1.111128	5.7656975	5
ACAGT	1678785	1.1103671	5.4739885	8
TGCAC	1412870	1.0990063	5.106574	5
ACTGT	1658830	1.0906019	6.270811	8
GACTG	1349110	1.0375193	5.6692686	7
GGACC	1112355	1.0121058	5.1134195	6
ACACT	1508885	1.0094314	5.096007	6
CTACA	1456385	0.97430915	5.438855	4
TGTAG	1466095	0.9529658	5.565493	2
TCCTA	1246485	0.8288969	5.8233886	2
TAGGA	1253420	0.81963193	5.630178	4
GTGTA	1089250	0.7080155	5.8663173	1
TACAC	1038280	0.69460046	5.073256	5
>>END_MODULE
