##FastQC	0.10.1
>>Basic Statistics	pass
#Measure	Value	
Filename	030-F0_S1_L004_R2_001_trimmed.fq.gz	
File type	Conventional base calls	
Encoding	Sanger / Illumina 1.9	
Total Sequences	17272740	
Filtered Sequences	0	
Sequence length	20-51	
%GC	43	
>>END_MODULE
>>Per base sequence quality	pass
#Base	Mean	Median	Lower Quartile	Upper Quartile	10th Percentile	90th Percentile
1	34.6635173689872	36.0	36.0	36.0	32.0	36.0
2	34.65813628874168	36.0	36.0	36.0	32.0	36.0
3	34.63930702366851	36.0	36.0	36.0	32.0	36.0
4	34.63538297919149	36.0	36.0	36.0	32.0	36.0
5	34.61017331355651	36.0	36.0	36.0	32.0	36.0
6	34.59927388474556	36.0	36.0	36.0	32.0	36.0
7	34.57557984430959	36.0	36.0	36.0	32.0	36.0
8	34.55710611055339	36.0	36.0	36.0	32.0	36.0
9	34.542163489984794	36.0	36.0	36.0	32.0	36.0
10	34.52286545157283	36.0	36.0	36.0	32.0	36.0
11	34.507549236542665	36.0	36.0	36.0	32.0	36.0
12	34.4782648844364	36.0	36.0	36.0	32.0	36.0
13	34.48535188974071	36.0	36.0	36.0	32.0	36.0
14	34.475435165468824	36.0	36.0	36.0	32.0	36.0
15	34.46495113108864	36.0	36.0	36.0	32.0	36.0
16	34.437930808893086	36.0	36.0	36.0	32.0	36.0
17	34.41816758661336	36.0	36.0	36.0	32.0	36.0
18	34.4077051469541	36.0	36.0	36.0	32.0	36.0
19	34.361427081053726	36.0	36.0	36.0	32.0	36.0
20	34.38021911983854	36.0	36.0	36.0	32.0	36.0
21	34.34381319097596	36.0	36.0	36.0	32.0	36.0
22	34.349184192816466	36.0	36.0	36.0	32.0	36.0
23	34.32118624432613	36.0	36.0	36.0	32.0	36.0
24	34.28548214884194	36.0	36.0	36.0	32.0	36.0
25	34.28612268658138	36.0	36.0	36.0	32.0	36.0
26	34.23508388668486	36.0	36.0	36.0	32.0	36.0
27	34.22951683749544	36.0	36.0	36.0	32.0	36.0
28	34.213077920645915	36.0	36.0	36.0	32.0	36.0
29	34.19089657949597	36.0	36.0	36.0	32.0	36.0
30	34.17101427897323	36.0	36.0	36.0	32.0	36.0
31	34.156107255251584	36.0	36.0	36.0	32.0	36.0
32	34.13680543005493	36.0	36.0	36.0	32.0	36.0
33	34.08194695135609	36.0	36.0	36.0	32.0	36.0
34	34.072601310016104	36.0	36.0	36.0	32.0	36.0
35	34.00624828757584	36.0	36.0	36.0	32.0	36.0
36	33.99753699548017	36.0	36.0	36.0	32.0	36.0
37	33.98919075827437	36.0	36.0	36.0	32.0	36.0
38	33.9442708325473	36.0	36.0	36.0	32.0	36.0
39	33.92807495366567	36.0	36.0	36.0	32.0	36.0
40	33.91471905765443	36.0	36.0	36.0	32.0	36.0
41	33.87720398368886	36.0	36.0	36.0	32.0	36.0
42	33.84373976791144	36.0	36.0	36.0	32.0	36.0
43	33.82713075898481	36.0	36.0	36.0	32.0	36.0
44	33.78799200952967	36.0	36.0	36.0	27.0	36.0
45	33.79545070032034	36.0	36.0	36.0	27.0	36.0
46	33.76641856574508	36.0	36.0	36.0	27.0	36.0
47	33.771663786264185	36.0	36.0	36.0	27.0	36.0
48	33.76148370294558	36.0	36.0	36.0	27.0	36.0
49	33.81048360853929	36.0	36.0	36.0	27.0	36.0
50	33.902478340783254	36.0	36.0	36.0	32.0	36.0
51	34.04255956675262	36.0	36.0	36.0	32.0	36.0
>>END_MODULE
>>Per sequence quality scores	pass
#Quality	Count
14	1223.0
15	2836.0
16	5505.0
17	9566.0
18	15475.0
19	23170.0
20	32879.0
21	45807.0
22	61568.0
23	81351.0
24	108046.0
25	140995.0
26	181272.0
27	230188.0
28	288742.0
29	358876.0
30	447036.0
31	566395.0
32	747954.0
33	1077088.0
34	1974077.0
35	7442090.0
36	3430601.0
>>END_MODULE
>>Per base sequence content	pass
#Base	G	A	T	C
1	21.723032940923094	27.420924531950348	27.52491498164159	23.331127545484968
2	21.946988526589976	28.567094581959008	27.867151147138365	21.61876574431265
3	21.266382751086393	28.391135396005495	28.36714962420554	21.97533222870257
4	22.353100897715127	27.01086220252259	29.096304350091533	21.539732549670752
5	21.816741292927468	27.7410358750262	28.477027964295182	21.96519486775115
6	20.96278297479149	28.531003187681865	28.716544103599084	21.789669733927564
7	21.19956069506054	28.463457447978723	28.376221722783995	21.960760134176745
8	21.012527136087815	28.45846642176716	27.864412105996628	22.664594336148397
9	21.58337357014579	28.04101144346525	27.884157348515636	22.491457637873317
10	21.153708097267717	28.061309323245766	28.68607412605064	22.098908453435875
11	22.65396225497518	27.602939660991826	27.869272622641226	21.873825461391768
12	21.165787489096882	28.643308800039275	28.387209277686452	21.80369443317739
13	21.134406006227152	28.452139035265972	28.974876018512408	21.438578939994464
14	21.307719562732956	28.144920840584643	29.084204359007316	21.46315523767509
15	21.13052127224748	28.614904178491656	28.74874513250359	21.505829416757273
16	21.037403446123776	28.504157417989273	29.201939009097572	21.25650012678938
17	21.284851158530728	28.01960198555643	27.92214205736901	22.773404798543833
18	21.301605883027243	29.25020581563782	27.898266285488	21.54992201584694
19	22.125331591860935	28.072234052038063	28.32561597059876	21.47681838550224
20	22.537061288481155	27.61890701764746	28.537533709185688	21.306497984685695
21	22.445440460457718	27.64043025479251	28.55756568149927	21.356563603250503
22	21.45821656204889	28.804861589427983	28.588863760792922	21.148058087730206
23	21.216857653672356	28.625422599235634	28.747421947509316	21.410297799582693
24	20.95528397688569	28.85958532262396	28.544668969328512	21.64046173116184
25	21.24235213296153	28.922748620119886	28.08124738766942	21.753651859249164
26	21.348908591921244	28.003016189925617	28.444680933380024	22.20339428477312
27	22.332944229925687	28.061450381925628	28.17411696175125	21.431488426397433
28	21.051827272049742	28.66212623873935	28.228533670693466	22.05751281851744
29	22.211200632807707	27.883024826027068	28.01507772282299	21.890696818342235
30	21.19385488461773	29.35373044368693	27.822842920429103	21.629571751266237
31	21.333071671627582	28.71920147004151	28.360263177212463	21.587463681118443
32	21.336503813092445	29.172526742391398	27.911996930415327	21.57897251410083
33	21.217440265945406	27.895091192605477	29.063803284947525	21.82366525650159
34	21.437214562422426	29.004198977624668	28.46551693893135	21.093069521021558
35	21.279010710450212	27.679952150144	28.81591352368762	22.22512361571817
36	21.66541956057695	28.43238044345604	27.786447905773993	22.115752090193016
37	21.346216590854418	28.47681927883137	27.835721915246324	22.34124221506789
38	21.61497196107662	28.726061876692725	27.490948735509296	22.168017426721356
39	21.684568072628245	28.505380716623463	27.647263829672557	22.16278738107573
40	21.2222011781021	28.08925202249894	28.916121884222058	21.772424915176906
41	21.83934350477263	27.977037521199644	28.302621630763326	21.8809973432644
42	21.924361217675173	27.789972951163932	28.673358059732745	21.612307771428153
43	21.649546644670153	28.805308670944374	28.05064984731805	21.49449483706743
44	21.70409827813146	28.201639657145748	27.835023783243578	22.259238281479213
45	21.948051480215184	28.750126082007217	27.782095758725493	21.519726679052102
46	21.582316264364856	29.915079573042874	27.336807469327717	21.16579669326455
47	22.0169494555112	28.184437682309206	27.614600380500047	22.184012481679545
48	21.929725254736297	28.800293757029465	28.32170392664854	20.948277061585696
49	22.341142507144067	28.277013490980114	28.44201860906539	20.939825392810434
50	23.228046931660217	28.167688844832927	28.05629985093721	20.54796437256965
51	22.00520074628753	29.635221707590993	27.889613837470996	20.469963708650475
>>END_MODULE
>>Per base GC content	pass
#Base	%GC
1	45.054160486408065
2	43.56575427090263
3	43.241714979788966
4	43.89283344738588
5	43.78193616067862
6	42.752452708719055
7	43.160320829237286
8	43.677121472236216
9	44.07483120801911
10	43.25261655070359
11	44.527787716366944
12	42.96948192227427
13	42.572984946221624
14	42.770874800408045
15	42.63635068900476
16	42.29390357291315
17	44.05825595707456
18	42.85152789887418
19	43.602149977363176
20	43.843559273166846
21	43.80200406370822
22	42.606274649779095
23	42.62715545325505
24	42.59574570804753
25	42.99600399221069
26	43.55230287669436
27	43.76443265632312
28	43.10934009056718
29	44.10189745114994
30	42.82342663588396
31	42.92053535274603
32	42.915476327193275
33	43.041105522447
34	42.53028408344399
35	43.50413432616838
36	43.78117165076997
37	43.687458805922304
38	43.782989387797976
39	43.847355453703976
40	42.994626093279
41	43.720340848037026
42	43.53666898910332
43	43.14404148173758
44	43.963336559610674
45	43.46777815926729
46	42.7481129576294
47	44.20096193719074
48	42.878002316322
49	43.2809678999545
50	43.77601130422986
51	42.47516445493801
>>END_MODULE
>>Per sequence GC content	warn
#GC Content	Count
0	12636.0
1	10415.5
2	7411.5
3	7339.0
4	8127.0
5	9255.5
6	10498.5
7	11704.0
8	12920.0
9	15720.5
10	18666.5
11	22936.0
12	27337.5
13	34021.0
14	41117.5
15	52878.5
16	65176.5
17	82879.5
18	101408.0
19	126801.0
20	152640.0
21	182179.5
22	212726.5
23	252112.5
24	293147.5
25	335064.5
26	416727.0
27	474945.5
28	547138.0
29	623390.0
30	709638.0
31	797163.5
32	890097.5
33	983188.5
34	1055911.0
35	1121390.5
36	1142931.5
37	1156063.0
38	1142997.5
39	1129664.5
40	1114108.5
41	1096253.5
42	1087209.0
43	1075971.5
44	1052570.0
45	1028055.0
46	1005393.5
47	981363.0
48	953974.5
49	925507.0
50	897307.5
51	868097.0
52	834592.0
53	798308.5
54	761775.0
55	724238.0
56	683245.5
57	640725.0
58	596769.0
59	550205.0
60	503146.0
61	454684.0
62	407691.5
63	364048.5
64	319951.0
65	278245.5
66	243281.5
67	210256.5
68	177671.0
69	144278.5
70	119351.0
71	98041.5
72	81889.0
73	66852.0
74	54740.5
75	41285.5
76	34469.0
77	28952.5
78	23768.0
79	19574.5
80	15734.5
81	12981.5
82	10567.5
83	8861.0
84	7219.0
85	6009.0
86	4936.0
87	4142.5
88	3387.0
89	2896.5
90	2456.0
91	2281.5
92	2171.0
93	2111.0
94	2045.0
95	2179.0
96	2328.5
97	2776.5
98	4023.5
99	14585.5
100	24345.0
>>END_MODULE
>>Per base N content	pass
#Base	N-Count
1	0.0
2	0.0036473657335199857
3	0.0
4	0.0
5	0.0
6	0.0
7	0.0
8	4.457891452079983E-4
9	0.0
10	0.0
11	0.0
12	9.147361680891394E-4
13	0.0
14	0.0
15	0.0
16	0.0
17	0.0
18	0.0
19	0.0
20	0.0
21	0.0
22	0.0
23	0.0
24	5.83070116047279E-5
25	0.0
26	0.0
27	0.0
28	0.0
29	0.0
30	0.0
31	0.0
32	0.0
33	0.0
34	0.0
35	8.556511178902347E-4
36	0.0
37	0.0
38	0.0
39	0.0
40	0.0
41	0.0038231530146567616
42	0.0
43	0.0
44	0.0019517876336464966
45	0.0
46	3.754964297486546E-5
47	0.007776991627659697
48	0.0
49	0.0
50	0.0
51	0.0
>>END_MODULE
>>Sequence Length Distribution	warn
#Length	Count
20	29376.0
21	30228.0
22	31077.0
23	31463.0
24	32261.0
25	33204.0
26	34822.0
27	36641.0
28	37895.0
29	41152.0
30	42581.0
31	42855.0
32	44533.0
33	44858.0
34	47375.0
35	49843.0
36	47627.0
37	49584.0
38	52230.0
39	55648.0
40	57411.0
41	66656.0
42	66599.0
43	76535.0
44	89654.0
45	121785.0
46	201538.0
47	469420.0
48	956819.0
49	1915371.0
50	2670562.0
51	9765137.0
>>END_MODULE
>>Sequence Duplication Levels	warn
#Total Duplicate Percentage	25.89993958174979
#Duplication Level	Relative count
1	100.0
2	15.79366123093109
3	5.48264071541294
4	2.5006575486586007
5	1.4893477117306682
6	0.920568122041031
7	0.5858758548132562
8	0.45107837980010523
9	0.3485007890583903
10++	3.93740136770121
>>END_MODULE
>>Overrepresented sequences	warn
#Sequence	Count	Percentage	Possible Source
GGGGGGGGGGGGGGGGGGGGGGGGGGGGGGGGGGGGGGGGGGGGGGGGGGG	17451	0.1010320308185036	No Hit
>>END_MODULE
>>Kmer Content	warn
#Sequence	Count	Obs/Exp Overall	Obs/Exp Max	Max Obs/Exp Position
GGGGG	1978450	5.399963	7.4856434	47
AAAAA	6622795	4.620584	5.7940984	47
TTTTT	5332650	3.7865036	6.150632	13
TTTTC	3497810	3.2294848	6.762931	4
GAAAA	3444005	3.1564677	8.451554	4
AGAAA	3322435	3.0450473	7.830921	28
CCAGG	1419510	2.9100301	5.6524143	35
AAGAA	2753775	2.5238643	5.423098	2
GGAAA	1962375	2.3626623	8.3782215	20
GAGAA	1939685	2.3353438	8.702282	27
TTTCC	1915560	2.299718	5.074659	22
AAAAT	3217045	2.2523746	5.9667926	22
TCCTC	1431850	2.2352087	5.8031588	24
ATTTT	3136540	2.219311	5.2318044	2
GGTGG	1061785	2.2138503	5.3056645	18
CCACC	1082530	2.1896482	6.567809	8
TTCCT	1807530	2.1700227	5.1082435	23
GAGGA	1356725	2.1458209	5.0365376	2
TGGAA	1739415	2.1016033	5.8156414	19
TTCAG	1674600	2.016853	5.6138754	15
TGAAA	2153650	1.9808	6.6969514	10
TCCAC	1269335	1.9745532	5.6202435	35
CTGAA	1644240	1.9733331	7.96408	9
AAATG	2101625	1.9329506	6.8908515	23
CATTT	2092465	1.9251621	6.986519	1
AAAAC	2030795	1.848806	6.46989	5
GTGGA	1099075	1.7444434	6.5384307	47
TGAGA	1432540	1.7308294	8.033061	26
CACCT	1070455	1.6651795	5.0334754	9
CCACT	1062935	1.6534816	5.898346	36
CATGG	1016470	1.6025509	6.331604	17
CAAGA	1273240	1.5227113	5.744363	1
CATCC	959190	1.4920976	5.241944	33
AGTGG	934545	1.483303	5.822393	46
AATGA	1602875	1.4742298	6.3395553	24
ATGGA	1203830	1.4544969	5.2429333	18
ATGAG	1191615	1.4397382	7.6926575	25
CACTT	1196155	1.4309957	6.859556	37
ACTGA	1184165	1.4211745	7.263349	8
CTTGA	1180000	1.4211674	6.4203105	47
AACTG	1173425	1.408285	7.224883	7
AAACT	1467065	1.3403016	5.8541994	6
AAATC	1450825	1.325465	6.0892577	13
AAGTG	1073285	1.2967689	5.174436	47
ACTTG	1069155	1.2876678	5.420063	46
AATCA	1299725	1.1874208	5.9367943	14
CCTCG	431515	0.88180095	5.241542	25
>>END_MODULE
