##FastQC	0.10.1
>>Basic Statistics	pass
#Measure	Value	
Filename	006-F5_S1_L003_R2_001_trimmed.fq.gz	
File type	Conventional base calls	
Encoding	Sanger / Illumina 1.9	
Total Sequences	21573350	
Filtered Sequences	0	
Sequence length	20-51	
%GC	45	
>>END_MODULE
>>Per base sequence quality	pass
#Base	Mean	Median	Lower Quartile	Upper Quartile	10th Percentile	90th Percentile
1	34.66594163632445	36.0	36.0	36.0	32.0	36.0
2	34.6605790941138	36.0	36.0	36.0	32.0	36.0
3	34.634857080611035	36.0	36.0	36.0	32.0	36.0
4	34.624613794334216	36.0	36.0	36.0	32.0	36.0
5	34.60435681060197	36.0	36.0	36.0	32.0	36.0
6	34.58034116166474	36.0	36.0	36.0	32.0	36.0
7	34.57067530077619	36.0	36.0	36.0	32.0	36.0
8	34.55959695643004	36.0	36.0	36.0	32.0	36.0
9	34.5338608514672	36.0	36.0	36.0	32.0	36.0
10	34.51638405718166	36.0	36.0	36.0	32.0	36.0
11	34.502974364203986	36.0	36.0	36.0	32.0	36.0
12	34.484749192869906	36.0	36.0	36.0	32.0	36.0
13	34.47361425091606	36.0	36.0	36.0	32.0	36.0
14	34.46299132958025	36.0	36.0	36.0	32.0	36.0
15	34.441778768712325	36.0	36.0	36.0	32.0	36.0
16	34.41167755587333	36.0	36.0	36.0	32.0	36.0
17	34.39916104823776	36.0	36.0	36.0	32.0	36.0
18	34.38127801199165	36.0	36.0	36.0	32.0	36.0
19	34.353501519235536	36.0	36.0	36.0	32.0	36.0
20	34.355004716467306	36.0	36.0	36.0	32.0	36.0
21	34.33297777725797	36.0	36.0	36.0	32.0	36.0
22	34.31817345980105	36.0	36.0	36.0	32.0	36.0
23	34.290817269761675	36.0	36.0	36.0	32.0	36.0
24	34.26055483138765	36.0	36.0	36.0	32.0	36.0
25	34.239443216232914	36.0	36.0	36.0	32.0	36.0
26	34.206542868059984	36.0	36.0	36.0	32.0	36.0
27	34.1926698492871	36.0	36.0	36.0	32.0	36.0
28	34.163023217785955	36.0	36.0	36.0	32.0	36.0
29	34.13730561654483	36.0	36.0	36.0	32.0	36.0
30	34.11108865169995	36.0	36.0	36.0	32.0	36.0
31	34.07062914883277	36.0	36.0	36.0	32.0	36.0
32	34.038964091772954	36.0	36.0	36.0	32.0	36.0
33	34.00128512363625	36.0	36.0	36.0	32.0	36.0
34	33.96858265563084	36.0	36.0	36.0	32.0	36.0
35	33.92640472098742	36.0	36.0	36.0	32.0	36.0
36	33.906406284176995	36.0	36.0	36.0	32.0	36.0
37	33.86394355201149	36.0	36.0	36.0	32.0	36.0
38	33.83878552180748	36.0	36.0	36.0	32.0	36.0
39	33.81858757298069	36.0	36.0	36.0	32.0	36.0
40	33.80644422396323	36.0	36.0	36.0	32.0	36.0
41	33.76969151138408	36.0	36.0	36.0	27.0	36.0
42	33.738504502423794	36.0	36.0	36.0	27.0	36.0
43	33.726603065372274	36.0	36.0	36.0	27.0	36.0
44	33.6968652970723	36.0	36.0	36.0	27.0	36.0
45	33.6790252011468	36.0	36.0	36.0	27.0	36.0
46	33.69407038354446	36.0	36.0	36.0	27.0	36.0
47	33.68457332628794	36.0	36.0	36.0	27.0	36.0
48	33.70195461081721	36.0	36.0	36.0	27.0	36.0
49	33.75701834609203	36.0	36.0	36.0	27.0	36.0
50	33.86059868168988	36.0	36.0	36.0	32.0	36.0
51	34.01158667093478	36.0	36.0	36.0	32.0	36.0
>>END_MODULE
>>Per sequence quality scores	pass
#Quality	Count
4	2.0
5	2.0
6	10.0
7	11.0
8	18.0
9	25.0
10	35.0
11	38.0
12	52.0
13	58.0
14	1298.0
15	2580.0
16	4584.0
17	7842.0
18	12402.0
19	19295.0
20	29687.0
21	43845.0
22	63721.0
23	90271.0
24	125561.0
25	170073.0
26	227076.0
27	293905.0
28	373220.0
29	470708.0
30	594010.0
31	763145.0
32	1027845.0
33	1519944.0
34	2826205.0
35	9688256.0
36	3217626.0
>>END_MODULE
>>Per base sequence content	pass
#Base	G	A	T	C
1	22.987908834562287	26.41776341970842	26.939520253683675	23.654807492045617
2	22.820518906101867	26.5301392339509	27.272872659092002	23.376469200855233
3	22.799109737305013	26.58122891500474	27.15933505926455	23.4603262884257
4	23.014655273436052	26.28563691234649	27.450592826744476	23.249114987472986
5	23.196174904196685	26.424976269073223	26.930834286070304	23.44801454065979
6	22.633413005674534	26.80282351780659	27.203499896766818	23.360263579752058
7	22.750456794455083	26.75512233960717	27.09860877771274	23.39581208822501
8	22.8126068209069	26.61630491145089	27.06680347159661	23.5042847960456
9	22.64595007768883	26.747254700279736	27.241960970952086	23.364834251079344
10	22.799949657534484	26.72925326038157	27.216207677967684	23.25458940411626
11	23.304356879595375	26.646552224461935	26.844779315330804	23.204311580611886
12	22.534719455452425	26.900873411572835	27.3295807706961	23.234826362278646
13	22.71687791133282	26.718736028140427	27.39641742804537	23.16796863248138
14	22.707802900358793	26.512489310601662	27.56086275816169	23.21884503087786
15	22.65535879844243	26.82084183200445	27.3478815130725	23.175917856480623
16	22.784778791944394	27.096298276920116	27.249538915204436	22.869384015931054
17	22.942594434885656	26.74734895607808	26.928242545284007	23.381814063752255
18	22.805329940814488	27.204377009417502	26.98260054666725	23.007692503100756
19	22.982949724106476	26.855689962348716	27.1814654882885	22.97989482525631
20	23.042148191886763	26.602572392995967	27.235050687914363	23.120228727202907
21	23.011376255219332	26.78227789572395	27.25135354197529	22.954992307081426
22	22.763364398071705	26.94828796933463	27.310501300573538	22.977846332020135
23	22.842898633166506	26.725310904257064	27.192614867198866	23.239175595377564
24	22.6799425863523	27.11658771094068	27.268439744701066	22.93502995800595
25	22.829504013227524	27.030087505117418	27.050046196180073	23.090362285474985
26	22.89855512689634	27.003175183240714	26.978767232594965	23.11950245726798
27	22.899275198282336	27.051456368338716	27.13563039282257	22.913638040556382
28	22.66643543717022	27.01741369027043	27.108610291196833	23.20754058136251
29	22.998313104894418	26.799483876007436	27.088698084458173	23.113504934639973
30	22.783636862059513	27.138294085645082	27.067630849007408	23.010438203287993
31	22.889283245584387	27.02849142077925	27.05943808488665	23.022787248749708
32	22.83125922852852	27.066123969891898	27.00592324544474	23.096693556134838
33	22.73355571084142	26.87987104739201	27.30706579776757	23.079507443999
34	22.92267944661239	27.240519280646875	27.083676300564896	22.753124972175844
35	22.910870997648942	26.882551452444126	27.044073325492363	23.16250422441457
36	23.018875351990033	27.14620559151465	26.856207972940084	22.97871108355523
37	22.78996731699844	27.00401563418209	27.039581645384857	23.166435403434612
38	22.798553705101988	26.879779051751356	27.031624168014307	23.290043075132353
39	22.735139869004414	27.02809051863437	27.067238800501237	23.16953081185998
40	22.818745612004655	26.965332895069167	27.216478208599042	22.99944328432714
41	23.10843070568468	26.94555522856224	26.98697455981328	22.9590395059398
42	22.968310787635634	27.058301372803967	27.06956101233458	22.903826827225817
43	22.923300403427817	27.18232728563604	26.99362842416764	22.90074388676851
44	22.994626074009737	26.858511817984425	26.91708799900741	23.22977410899842
45	22.837528303456853	27.056897916797446	27.106212721311984	22.999361058433713
46	22.880323357492323	27.26696519274943	26.814479407983725	23.03823204177452
47	22.923957651817044	27.012976070104482	26.924681298201786	23.138384979876683
48	22.95103417282069	27.340662553909105	27.105355801000496	22.602947472269705
49	23.261300764379392	27.250977464441846	27.06167481770123	22.42604695347753
50	23.34577558446792	27.459688284640997	27.140221930189508	22.054314200701576
51	22.838147252121253	27.96400761559402	27.346279662214513	21.851565470070216
>>END_MODULE
>>Per base GC content	pass
#Base	%GC
1	46.6427163266079
2	46.1969881069571
3	46.25943602573071
4	46.263770260909034
5	46.64418944485648
6	45.99367658542659
7	46.14626888268009
8	46.316891616952496
9	46.010784328768175
10	46.05453906165074
11	46.50866846020726
12	45.76954581773107
13	45.8848465438142
14	45.926647931236644
15	45.831276654923045
16	45.65416280787545
17	46.32440849863791
18	45.813022443915244
19	45.962844549362785
20	46.162376919089674
21	45.96636856230076
22	45.74121073009184
23	46.082074228544066
24	45.61497254435825
25	45.9198662987025
26	46.01805758416432
27	45.81291323883872
28	45.87397601853273
29	46.11181803953439
30	45.794075065347506
31	45.9120704943341
32	45.927952784663354
33	45.813063154840414
34	45.67580441878823
35	46.07337522206351
36	45.997586435545266
37	45.95640272043305
38	46.08859678023434
39	45.90467068086439
40	45.8181888963318
41	46.06747021162448
42	45.87213761486145
43	45.824044290196326
44	46.22440018300816
45	45.83688936189056
46	45.91855539926684
47	46.06234263169373
48	45.553981645090396
49	45.68734771785692
50	45.4000897851695
51	44.68971272219147
>>END_MODULE
>>Per sequence GC content	pass
#GC Content	Count
0	6772.0
1	6184.0
2	4800.5
3	4355.5
4	4806.5
5	5596.5
6	6437.5
7	7550.0
8	8692.5
9	10952.0
10	13362.0
11	17375.5
12	21424.5
13	27946.5
14	35068.0
15	46727.0
16	59022.0
17	77920.0
18	97466.0
19	123721.0
20	150674.5
21	184868.5
22	219934.5
23	261948.0
24	305274.5
25	350456.5
26	435061.0
27	492682.0
28	556833.5
29	622590.0
30	692250.5
31	763540.0
32	839356.5
33	916431.5
34	989346.0
35	1059418.5
36	1113793.5
37	1164789.5
38	1196834.5
39	1229044.0
40	1251836.5
41	1270750.5
42	1280669.0
43	1286376.0
44	1280941.0
45	1272571.5
46	1260894.0
47	1246772.0
48	1227553.5
49	1206910.0
50	1186332.0
51	1167454.0
52	1146532.0
53	1121898.5
54	1095903.0
55	1068371.0
56	1035976.0
57	999669.0
58	952113.5
59	897743.0
60	838560.5
61	775723.0
62	709781.0
63	647332.0
64	578945.5
65	512862.5
66	452696.5
67	394397.5
68	339986.5
69	285977.5
70	242859.5
71	203261.0
72	170775.0
73	140504.5
74	115442.5
75	85799.5
76	71046.0
77	58762.5
78	46974.0
79	38086.5
80	29922.0
81	24262.5
82	19229.5
83	15722.5
84	12539.0
85	10147.5
86	7914.5
87	6603.0
88	5398.0
89	4449.5
90	3616.5
91	3210.0
92	2856.5
93	2634.0
94	2403.5
95	2284.5
96	2214.0
97	2311.5
98	2844.5
99	13920.0
100	24567.0
>>END_MODULE
>>Per base N content	pass
#Base	N-Count
1	0.003045424099641456
2	0.003420887344802731
3	0.003898328261489291
4	0.003587759898207743
5	0.005974964481640543
6	0.0038380687283152593
7	0.003416251996097037
8	0.00476513846945421
9	0.003481146877976763
10	0.005122060319792707
11	0.005200861247789518
12	0.0016640901853444182
13	0.00450092359322961
14	0.008079412794025962
15	0.006257720752687924
16	0.006470946793149881
17	0.004630713356989063
18	0.005460440775308425
19	0.006679537484906146
20	0.0034857822266824577
21	0.006460436717168068
22	0.007096068828986461
23	0.006440086373470567
24	0.004380110458930267
25	0.005492188260454592
26	0.006644801748695
27	0.006256734647157135
28	0.007330062644383839
29	0.007153793702802682
30	0.004353959818311044
31	0.007060239622366198
32	0.007384164981402049
33	0.0063577860402210095
34	0.006284311833520197
35	0.007900134330752576
36	0.005600243672402099
37	0.007302265440921315
38	0.008658383893076691
39	0.004357591725990423
40	0.00661571479634337
41	0.0045506812542830824
42	0.006658017025734681
43	0.004251208140213347
44	0.006183897479897002
45	0.003912329941382203
46	0.0032762909369859067
47	0.0011251087749711572
48	0.006424117909744573
49	0.0030125668014698687
50	0.0024601618864210587
51	0.002205304707799671
>>END_MODULE
>>Sequence Length Distribution	warn
#Length	Count
20	26819.0
21	27574.0
22	28562.0
23	29749.0
24	30208.0
25	30251.0
26	31213.0
27	32185.0
28	33407.0
29	35386.0
30	36422.0
31	37573.0
32	38838.0
33	39088.0
34	40484.0
35	40792.0
36	41314.0
37	42693.0
38	44749.0
39	46619.0
40	49353.0
41	53140.0
42	56933.0
43	65762.0
44	83822.0
45	130982.0
46	243605.0
47	640071.0
48	1345288.0
49	2744330.0
50	3656384.0
51	1.1789754E7
>>END_MODULE
>>Sequence Duplication Levels	warn
#Total Duplicate Percentage	29.864880186535345
#Duplication Level	Relative count
1	100.0
2	18.943728298916177
3	7.577631893388813
4	3.8756202819910874
5	2.242152466367713
6	1.3663775531720483
7	0.9397360023616402
8	0.6930289441500204
9	0.5215288808918004
10++	4.414018021564025
>>END_MODULE
>>Overrepresented sequences	pass
>>END_MODULE
>>Kmer Content	warn
#Sequence	Count	Obs/Exp Overall	Obs/Exp Max	Max Obs/Exp Position
AAAAA	5606300	4.0629735	5.0113	47
TTTTT	4954535	3.4478877	4.1537476	13
GGGGG	2098235	3.4209332	4.8559074	47
>>END_MODULE
