##FastQC	0.10.1
>>Basic Statistics	pass
#Measure	Value	
Filename	004-primary_S1_L004_R2_001_trimmed.fq.gz	
File type	Conventional base calls	
Encoding	Sanger / Illumina 1.9	
Total Sequences	27402660	
Filtered Sequences	0	
Sequence length	20-50	
%GC	45	
>>END_MODULE
>>Per base sequence quality	pass
#Base	Mean	Median	Lower Quartile	Upper Quartile	10th Percentile	90th Percentile
1	34.58726689306805	36.0	36.0	36.0	32.0	36.0
2	34.57490480851129	36.0	36.0	36.0	32.0	36.0
3	34.55963289695234	36.0	36.0	36.0	32.0	36.0
4	34.54695379937568	36.0	36.0	36.0	32.0	36.0
5	34.53702574859521	36.0	36.0	36.0	32.0	36.0
6	34.50976478195912	36.0	36.0	36.0	32.0	36.0
7	34.507779244788644	36.0	36.0	36.0	32.0	36.0
8	34.498444640045896	36.0	36.0	36.0	32.0	36.0
9	34.48192909009563	36.0	36.0	36.0	32.0	36.0
10	34.456831526574426	36.0	36.0	36.0	32.0	36.0
11	34.45199301819604	36.0	36.0	36.0	32.0	36.0
12	34.42456845430334	36.0	36.0	36.0	32.0	36.0
13	34.41500409084374	36.0	36.0	36.0	32.0	36.0
14	34.399356230380555	36.0	36.0	36.0	32.0	36.0
15	34.37958457317647	36.0	36.0	36.0	32.0	36.0
16	34.362402628066036	36.0	36.0	36.0	32.0	36.0
17	34.348170871003035	36.0	36.0	36.0	32.0	36.0
18	34.3330577761429	36.0	36.0	36.0	32.0	36.0
19	34.3165960530839	36.0	36.0	36.0	32.0	36.0
20	34.32094282087943	36.0	36.0	36.0	32.0	36.0
21	34.28744423281081	36.0	36.0	36.0	32.0	36.0
22	34.29084441812506	36.0	36.0	36.0	32.0	36.0
23	34.270965862709126	36.0	36.0	36.0	32.0	36.0
24	34.23408892898661	36.0	36.0	36.0	32.0	36.0
25	34.21905308497926	36.0	36.0	36.0	32.0	36.0
26	34.202040701029055	36.0	36.0	36.0	32.0	36.0
27	34.180576860363935	36.0	36.0	36.0	32.0	36.0
28	34.15286290541623	36.0	36.0	36.0	32.0	36.0
29	34.13370777866928	36.0	36.0	36.0	32.0	36.0
30	34.101629209485395	36.0	36.0	36.0	32.0	36.0
31	34.06730911593548	36.0	36.0	36.0	32.0	36.0
32	34.04103512519931	36.0	36.0	36.0	32.0	36.0
33	34.03337378707433	36.0	36.0	36.0	32.0	36.0
34	34.00260563480406	36.0	36.0	36.0	32.0	36.0
35	33.964787490014494	36.0	36.0	36.0	32.0	36.0
36	33.94663053652525	36.0	36.0	36.0	32.0	36.0
37	33.918858415440475	36.0	36.0	36.0	32.0	36.0
38	33.904036101610174	36.0	36.0	36.0	32.0	36.0
39	33.85799876720168	36.0	36.0	36.0	32.0	36.0
40	33.8325097201225	36.0	36.0	36.0	32.0	36.0
41	33.81966723495619	36.0	36.0	36.0	27.0	36.0
42	33.79816647668362	36.0	36.0	36.0	27.0	36.0
43	33.76106915630606	36.0	36.0	36.0	27.0	36.0
44	33.7508372851998	36.0	36.0	36.0	27.0	36.0
45	33.72771769292646	36.0	36.0	36.0	27.0	36.0
46	33.73617609540816	36.0	36.0	36.0	27.0	36.0
47	33.7544866723301	36.0	36.0	36.0	27.0	36.0
48	33.78855472184355	36.0	36.0	36.0	27.0	36.0
49	33.867817540814784	36.0	36.0	36.0	32.0	36.0
50	34.01462997718126	36.0	36.0	36.0	32.0	36.0
>>END_MODULE
>>Per sequence quality scores	pass
#Quality	Count
2	27.0
3	7.0
4	3.0
5	8.0
6	20.0
7	23.0
8	41.0
9	67.0
10	49.0
11	63.0
12	84.0
13	117.0
14	1472.0
15	3427.0
16	6772.0
17	12200.0
18	20215.0
19	31561.0
20	47540.0
21	68387.0
22	94526.0
23	127912.0
24	170788.0
25	225156.0
26	290291.0
27	370530.0
28	466762.0
29	580099.0
30	726238.0
31	923885.0
32	1237278.0
33	1820450.0
34	3428583.0
35	1.2014585E7
36	4733494.0
>>END_MODULE
>>Per base sequence content	pass
#Base	G	A	T	C
1	22.700392729056365	26.716597501438837	27.361886997241296	23.2211227722635
2	22.615216028753764	26.537632782395228	27.585990818176704	23.26116037067431
3	22.691072420054116	26.656854057715996	27.345521392206507	23.306552130023384
4	22.738170454764433	26.53305405564804	27.509740072046167	23.219035417541356
5	22.919072733325542	26.50964252616179	27.14748999150476	23.42379474900791
6	22.511691170620658	26.786586776696637	27.380915017032216	23.3208070356505
7	22.563575447604123	26.811681872964176	27.398693022278227	23.226049657153474
8	22.71708654440677	26.691849428669006	27.41334417293772	23.1777198539865
9	22.3873361130626	26.94578068118573	27.584686550550625	23.08219665520104
10	22.62285471079521	26.966154558995715	27.307500874615307	23.103489855593768
11	22.884055179306323	27.02926228199712	27.11111270073097	22.975569837965587
12	22.404461150571677	27.024320174283677	27.489690027276346	23.081528647868296
13	22.5765945614729	26.838539737067645	27.5421983288884	23.042667372571053
14	22.605913892531742	26.57480460802755	27.64523097382427	23.17405052561644
15	22.53579871144166	26.834472831888267	27.492658487875715	23.137069968794354
16	22.72982697067161	27.241503360013713	27.217211422013772	22.811458247300905
17	22.863291486426697	26.989022674509712	27.13609345249044	23.011592386573156
18	22.70709929330457	27.216235619205843	27.18388931351855	22.89277577397104
19	22.71299985178506	27.10299062420972	27.345240481022266	22.838769042982953
20	22.687735412048475	26.878737273758187	27.313014556283154	23.120512757910188
21	22.70365907578002	27.060620323532053	27.30807582557272	22.927644775115205
22	22.674450303017927	27.0310197710264	27.331417966378645	22.963111959577027
23	22.78680971137123	26.79917287308976	27.23557035348078	23.178447062058225
24	22.692740384236217	27.141115327103616	27.30194898358333	22.86419530507684
25	22.761854723127346	27.08548750331682	27.168527626887084	22.984130146668747
26	22.868786594557935	27.240804417815667	27.034586284758344	22.855822702868046
27	22.611145159146016	27.313954118309848	27.249735982198615	22.825164740345524
28	22.63517062323524	27.18277474342003	27.175575505823762	23.00647912752097
29	22.705339540424305	27.09808505393032	27.28783199173438	22.908743413910997
30	22.72967012430427	27.144787468452225	27.231082171725784	22.894460235517723
31	22.836858844635742	27.18183171886443	27.104244059632528	22.877065376867296
32	22.78902254686463	27.1131092900041	27.11989735301031	22.977970810120965
33	22.671288024849353	27.185840469268914	27.2001942937316	22.94267721215013
34	22.83997254666415	27.346319847482143	27.0903923475252	22.72331525832851
35	22.824191581488982	27.248824402967646	26.989990827214328	22.93699318832904
36	22.887090236883076	27.39110308313793	26.97768663250557	22.744120047473427
37	22.673443864494228	27.25482549567677	27.17370977199993	22.898020867829075
38	22.66046072020947	27.05255631963171	27.252226673105078	23.034756287053735
39	22.552350595929877	27.25197695206676	27.258955843187998	22.936716608815367
40	22.737444499889744	27.304808866660952	27.150510328976917	22.80723630447238
41	22.913334627640314	27.331998576001688	27.003095781088334	22.75157101526967
42	22.746969339699994	27.499098425181227	26.987118625799255	22.766813609319517
43	22.792752813535767	27.416095339430562	27.025617438098266	22.765534408935405
44	22.81833573007591	27.221633809905605	27.00327187433213	22.95675858568636
45	22.615462360067195	27.29246860124987	27.23136157648915	22.860707462193783
46	22.73811042003933	27.287163745563923	27.028013181718123	22.94671265267862
47	22.705225244150075	27.390737970321865	27.097477040004904	22.80655974552316
48	22.75285018403125	27.715952640619996	27.157324099363578	22.373873075985177
49	22.88979935437161	28.03493166723006	27.2124617385262	21.862807239872122
50	22.69859027611634	27.847067738650257	27.340686221749877	22.113655763483525
>>END_MODULE
>>Per base GC content	pass
#Base	%GC
1	45.92151550131987
2	45.87637639942807
3	45.9976245500775
4	45.957205872305785
5	46.342867482333446
6	45.832498206271154
7	45.7896251047576
8	45.89480639839327
9	45.46953276826364
10	45.726344566388974
11	45.85962501727191
12	45.485989798439974
13	45.619261934043955
14	45.77996441814818
15	45.672868680236014
16	45.541285217972515
17	45.87488387299985
18	45.599875067275605
19	45.55176889476801
20	45.80824816995867
21	45.63130385089523
22	45.637562262594955
23	45.96525677342946
24	45.55693568931306
25	45.74598486979609
26	45.724609297425985
27	45.43630989949154
28	45.64164975075621
29	45.6140829543353
30	45.62413035982199
31	45.71392422150304
32	45.766993356985594
33	45.61396523699949
34	45.563287804992655
35	45.76118476981802
36	45.6312102843565
37	45.5714647323233
38	45.6952170072632
39	45.48906720474524
40	45.54468080436212
41	45.66490564290998
42	45.513782949019514
43	45.55828722247117
44	45.77509431576227
45	45.47616982226098
46	45.684823072717954
47	45.51178498967323
48	45.126723260016426
49	44.75260659424373
50	44.81224603959987
>>END_MODULE
>>Per sequence GC content	pass
#GC Content	Count
0	13081.0
1	10711.5
2	7982.5
3	8162.5
4	8809.5
5	9915.0
6	11259.5
7	12899.0
8	14576.5
9	17643.0
10	21067.0
11	26555.5
12	32385.0
13	41500.5
14	52224.5
15	69225.0
16	87590.0
17	113513.0
18	141762.5
19	177113.0
20	213969.0
21	260494.0
22	308781.5
23	367087.5
24	428588.5
25	485327.5
26	551360.5
27	627424.5
28	708204.0
29	794790.0
30	884030.0
31	978049.0
32	1074790.5
33	1170991.5
34	1272010.0
35	1366969.0
36	1456593.5
37	1536053.5
38	1601517.0
39	1650092.0
40	1692468.5
41	1716366.0
42	1735536.0
43	1737132.5
44	1730439.5
45	1707463.0
46	1683571.5
47	1652381.5
48	1619305.5
49	1588715.5
50	1559402.0
51	1531094.5
52	1499314.5
53	1468000.0
54	1436890.5
55	1402516.0
56	1363368.0
57	1312872.5
58	1256090.5
59	1181810.5
60	1103982.0
61	1016727.5
62	928254.0
63	849101.0
64	755688.5
65	667399.0
66	580582.5
67	501019.0
68	426736.0
69	360325.0
70	300866.0
71	250333.5
72	205826.0
73	166628.0
74	130387.0
75	104255.0
76	84899.0
77	67031.0
78	50906.5
79	39021.5
80	29017.0
81	21948.0
82	16639.5
83	12907.5
84	9685.5
85	7526.5
86	5838.0
87	4882.5
88	4106.0
89	3401.5
90	2928.5
91	2708.5
92	2582.5
93	2521.5
94	2459.0
95	2576.5
96	2750.5
97	3290.0
98	4521.5
99	15500.5
100	25776.0
>>END_MODULE
>>Per base N content	pass
#Base	N-Count
1	0.007626996795201633
2	0.007305860088035249
3	0.011747034776915818
4	0.008948036431499716
5	0.005247665737559784
6	0.005984820451737168
7	0.00911955262737267
8	0.00695552913476283
9	0.006970126257815847
10	0.007451831318565424
11	0.009772773883995204
12	0.009973484325974193
13	0.01201708155339664
14	0.009988081449027212
15	0.01961488410249224
16	0.009572063442016212
17	0.02557051030812337
18	0.008440786405407357
19	0.01190760313049901
20	0.005484868987171318
21	0.026444551937666937
22	0.005165863446394249
23	0.009096759752553432
24	0.014378284030288287
25	0.013064188874771732
26	0.01045819915589774
27	0.01688120985372268
28	0.013364500027980876
29	0.01141311476757644
30	0.012169919064414414
31	0.01521950696922515
32	0.019039194090995117
33	0.009678139915296768
34	0.0066716598306546466
35	0.009637364221327296
36	0.00516188640755835
37	0.008206229662195457
38	0.004634486786734732
39	0.006044648564132482
40	0.003607576470989306
41	0.006211818475261657
42	0.004155654150436016
43	0.004165103108015732
44	0.0018865378170604815
45	0.003011606941401578
46	0.006051137390465275
47	0.0030392290164429426
48	0.0016545204428849171
49	4.539521017190533E-4
50	0.0010318729847725615
>>END_MODULE
>>Sequence Length Distribution	warn
#Length	Count
20	62435.0
21	65017.0
22	67718.0
23	69342.0
24	71791.0
25	73182.0
26	75673.0
27	77740.0
28	81072.0
29	86368.0
30	88018.0
31	91586.0
32	93017.0
33	94403.0
34	94812.0
35	96002.0
36	97664.0
37	102408.0
38	106460.0
39	112031.0
40	115650.0
41	120982.0
42	129784.0
43	151107.0
44	208340.0
45	346588.0
46	801639.0
47	1640177.0
48	3236924.0
49	4311146.0
50	1.4633584E7
>>END_MODULE
>>Sequence Duplication Levels	warn
#Total Duplicate Percentage	37.32908673431598
#Duplication Level	Relative count
1	100.0
2	23.515183031563687
3	11.048078286767835
4	6.2181881214642525
5	3.774090357553696
6	2.466159252430703
7	1.771222364046077
8	1.285081706298555
9	0.874580437762965
10++	6.629477300304133
>>END_MODULE
>>Overrepresented sequences	pass
>>END_MODULE
>>Kmer Content	warn
#Sequence	Count	Obs/Exp Overall	Obs/Exp Max	Max Obs/Exp Position
AAAAA	7901850	4.5155354	5.545446	46
TTTTT	6311540	3.4952073	3.838308	46
GGGGG	2382445	3.2892625	4.462893	46
>>END_MODULE
