##FastQC	0.10.1
>>Basic Statistics	pass
#Measure	Value	
Filename	008-F0_S1_L004_R1_001_trimmed.fq.gz	
File type	Conventional base calls	
Encoding	Sanger / Illumina 1.9	
Total Sequences	23193263	
Filtered Sequences	0	
Sequence length	20-50	
%GC	45	
>>END_MODULE
>>Per base sequence quality	pass
#Base	Mean	Median	Lower Quartile	Upper Quartile	10th Percentile	90th Percentile
1	35.335892711603364	36.0	36.0	36.0	36.0	36.0
2	35.32589920616172	36.0	36.0	36.0	36.0	36.0
3	35.3132922262814	36.0	36.0	36.0	36.0	36.0
4	35.306302265446654	36.0	36.0	36.0	36.0	36.0
5	35.28755406257412	36.0	36.0	36.0	36.0	36.0
6	35.260035252478275	36.0	36.0	36.0	36.0	36.0
7	35.25124226806724	36.0	36.0	36.0	36.0	36.0
8	35.238370426791604	36.0	36.0	36.0	36.0	36.0
9	35.22236754698983	36.0	36.0	36.0	36.0	36.0
10	35.19921453052984	36.0	36.0	36.0	36.0	36.0
11	35.19263675835522	36.0	36.0	36.0	36.0	36.0
12	35.17519764252231	36.0	36.0	36.0	36.0	36.0
13	35.16724774776193	36.0	36.0	36.0	36.0	36.0
14	35.15699446860927	36.0	36.0	36.0	36.0	36.0
15	35.141338025615454	36.0	36.0	36.0	36.0	36.0
16	35.12898383465923	36.0	36.0	36.0	36.0	36.0
17	35.1165624259079	36.0	36.0	36.0	36.0	36.0
18	35.1057000043504	36.0	36.0	36.0	36.0	36.0
19	35.08716052588202	36.0	36.0	36.0	36.0	36.0
20	35.08370771288197	36.0	36.0	36.0	36.0	36.0
21	35.074041642049025	36.0	36.0	36.0	36.0	36.0
22	35.061095797021885	36.0	36.0	36.0	36.0	36.0
23	35.053511129677055	36.0	36.0	36.0	36.0	36.0
24	35.03800046779147	36.0	36.0	36.0	36.0	36.0
25	35.02736606148252	36.0	36.0	36.0	36.0	36.0
26	35.01740045816029	36.0	36.0	36.0	36.0	36.0
27	35.014237457836295	36.0	36.0	36.0	36.0	36.0
28	34.9985941086553	36.0	36.0	36.0	36.0	36.0
29	34.98749423168673	36.0	36.0	36.0	36.0	36.0
30	34.977234056243894	36.0	36.0	36.0	36.0	36.0
31	34.966813771813335	36.0	36.0	36.0	36.0	36.0
32	34.9586441030103	36.0	36.0	36.0	36.0	36.0
33	34.93667909690969	36.0	36.0	36.0	36.0	36.0
34	34.92970403702229	36.0	36.0	36.0	36.0	36.0
35	34.905526798477396	36.0	36.0	36.0	36.0	36.0
36	34.89759995613302	36.0	36.0	36.0	36.0	36.0
37	34.89336883346245	36.0	36.0	36.0	36.0	36.0
38	34.87993611724464	36.0	36.0	36.0	36.0	36.0
39	34.87092112094312	36.0	36.0	36.0	36.0	36.0
40	34.861193225448226	36.0	36.0	36.0	36.0	36.0
41	34.85104812806466	36.0	36.0	36.0	36.0	36.0
42	34.83487131148186	36.0	36.0	36.0	36.0	36.0
43	34.82656101377973	36.0	36.0	36.0	36.0	36.0
44	34.81715602547762	36.0	36.0	36.0	36.0	36.0
45	34.8078859049157	36.0	36.0	36.0	36.0	36.0
46	34.80541308321348	36.0	36.0	36.0	36.0	36.0
47	34.82012549436951	36.0	36.0	36.0	36.0	36.0
48	34.835510050110116	36.0	36.0	36.0	36.0	36.0
49	34.89586417496635	36.0	36.0	36.0	36.0	36.0
50	35.00085838672145	36.0	36.0	36.0	36.0	36.0
>>END_MODULE
>>Per sequence quality scores	pass
#Quality	Count
12	1.0
13	1.0
14	12.0
15	78.0
16	274.0
17	756.0
18	2021.0
19	4787.0
20	10196.0
21	17757.0
22	28220.0
23	41469.0
24	58954.0
25	82687.0
26	114236.0
27	155231.0
28	206080.0
29	268184.0
30	343421.0
31	442852.0
32	599507.0
33	888271.0
34	1756179.0
35	9730417.0
36	8441672.0
>>END_MODULE
>>Per base sequence content	pass
#Base	G	A	T	C
1	22.426915478833813	26.787052585258415	27.363034781325705	23.42299715458207
2	22.39244742718812	26.851276892400904	27.662710833862008	23.09356484654897
3	22.361931416615242	26.895525147482523	27.55679926958078	23.185744166321452
4	22.546409525704576	26.54462107393769	27.84449092828537	23.064478472072363
5	22.641820357926505	26.676072298269187	27.43695489673114	23.245152447073163
6	22.133822258311348	27.070347395402194	27.61263572244913	23.183194623837323
7	22.192098678709492	27.03045793070299	27.636593219671774	23.14085017091574
8	22.29822027532454	26.9055442174319	27.594118570760024	23.20211693648354
9	22.09563654599418	26.977096655596306	27.738510698174284	23.188756100235228
10	22.205716824401893	27.05201886458749	27.662299876782242	23.079964434228373
11	22.66316839329671	27.061806508782162	27.423046695326846	22.851978402594284
12	22.03559834494006	27.2167970888992	27.81452373565055	22.933080830510196
13	22.13721411032232	27.05729542813657	27.945160059414608	22.860330402126507
14	22.18742173069223	26.794168056192774	28.12385755644585	22.894552656669152
15	22.078014805759775	27.05255123757305	27.94357347794623	22.925860478720946
16	22.203480096794102	27.38845110633537	27.84055446030871	22.567514336561818
17	22.305692484882393	27.12657156368711	27.522409517702545	23.04532643372795
18	22.231635047922556	27.50982292413886	27.51215121876954	22.74639080916905
19	22.36461917504346	27.229608938692014	27.751796093569247	22.653975792695277
20	22.43974019835709	26.97752047558928	27.741224718193724	22.841514607859907
21	22.382043480598256	27.16344836649834	27.80001089003985	22.654497262863558
22	22.154826153403228	27.375267068046632	27.859292551834645	22.61061422671549
23	22.235636485122445	27.160175099123123	27.782215032165787	22.82197338358864
24	22.125479814795284	27.490488892071546	27.817619373112485	22.566411920020684
25	22.223537417327186	27.407408978268105	27.64912116090401	22.7199324435007
26	22.30940758600015	27.391206363420306	27.582157311268585	22.71722873931096
27	22.29101757821272	27.41456569663871	27.70602581249964	22.58839091264893
28	22.10035642999653	27.39147231437455	27.65479511187422	22.8533761437547
29	22.35558792951336	27.215287982410345	27.700833647751715	22.728290440324578
30	22.22498358364355	27.50556556114287	27.615461562117133	22.65398929309645
31	22.271306314681844	27.450084298359783	27.65754409385705	22.62106529310132
32	22.264921283177934	27.464616147260763	27.593487528706717	22.67697504085459
33	22.151445997193502	27.262957380519964	27.8536148490114	22.731981773275137
34	22.305446289113306	27.623939858515445	27.656137730887377	22.41447612148387
35	22.298467386614362	27.255854213106762	27.677474338167805	22.76820406211107
36	22.417868366278487	27.533412809378333	27.450078151152262	22.59864067319092
37	22.241469248084773	27.40985633484252	27.591609815161593	22.757064601911107
38	22.235711891467226	27.32328235611579	27.56383893372985	22.877166818687133
39	22.174916017802126	27.405444616176865	27.643773753021232	22.775865612999773
40	22.227811232035624	27.378425010180507	27.79760808983908	22.596155667944785
41	22.449780792378544	27.392234874250367	27.576341732415123	22.581642600955966
42	22.387210412045423	27.4929805269971	27.57982689199572	22.539982168961757
43	22.367206857289982	27.613655566902253	27.50636190295152	22.512775672856243
44	22.374866802481044	27.35189571853034	27.47694477492037	22.796292704068247
45	22.277408799831345	27.47378689693822	27.65744774381298	22.591356559417456
46	22.29885180901026	27.695027760315362	27.411299664091455	22.594820766582927
47	22.374594029462642	27.51324765487158	27.482737848055226	22.629420467610547
48	22.360505962403394	27.9089121164634	27.66810480703379	22.062477114099412
49	22.546987457166303	28.132928940968316	27.766264149045917	21.55381945281947
50	22.472829490108303	27.926548705081856	27.816144228245804	21.784477576564036
>>END_MODULE
>>Per base GC content	pass
#Base	%GC
1	45.84991263341588
2	45.48601227373709
3	45.5476755829367
4	45.61088799777694
5	45.88697280499967
6	45.31701688214868
7	45.33294884962523
8	45.50033721180808
9	45.284392646229406
10	45.28568125863027
11	45.51514679589099
12	44.968679175450255
13	44.997544512448826
14	45.08197438736138
15	45.00387528448072
16	44.77099443335592
17	45.35101891861034
18	44.9780258570916
19	45.01859496773874
20	45.281254806217
21	45.03654074346181
22	44.76544038011872
23	45.05760986871109
24	44.69189173481597
25	44.94346986082788
26	45.02663632531112
27	44.87940849086165
28	44.95373257375123
29	45.08387836983793
30	44.87897287674
31	44.89237160778317
32	44.94189632403252
33	44.883427770468636
34	44.71992241059717
35	45.06667144872543
36	45.01650903946941
37	44.99853384999588
38	45.112878710154355
39	44.9507816308019
40	44.82396689998041
41	45.03142339333451
42	44.92719258100718
43	44.87998253014623
44	45.171159506549294
45	44.868765359248805
46	44.893672575593186
47	45.00401449707319
48	44.42298307650281
49	44.10080690998577
50	44.25730706667234
>>END_MODULE
>>Per sequence GC content	warn
#GC Content	Count
0	5931.0
1	5762.5
2	4752.5
3	4289.0
4	4751.5
5	5734.5
6	6801.5
7	8319.0
8	9969.5
9	12857.5
10	15957.0
11	21588.5
12	27373.5
13	36173.5
14	46440.0
15	62843.5
16	80323.5
17	105309.0
18	131951.5
19	166628.0
20	201900.5
21	243885.0
22	287543.0
23	340533.5
24	395679.5
25	446832.0
26	504970.5
27	572894.5
28	644780.0
29	720626.5
30	797382.5
31	879391.0
32	966229.5
33	1052343.5
34	1138224.5
35	1212902.5
36	1280918.5
37	1327506.5
38	1363841.0
39	1385048.0
40	1404171.0
41	1414197.0
42	1422062.0
43	1417390.5
44	1405902.0
45	1378430.5
46	1351202.0
47	1323091.0
48	1294071.0
49	1262095.0
50	1231737.0
51	1206114.0
52	1176268.5
53	1146558.0
54	1119579.0
55	1088401.5
56	1050831.0
57	1003113.0
58	953346.0
59	894810.0
60	834285.5
61	765482.0
62	694595.5
63	634224.5
64	564477.5
65	500333.5
66	438908.5
67	382516.0
68	326540.5
69	276571.5
70	233494.0
71	197369.0
72	164403.5
73	135855.0
74	109387.0
75	89708.0
76	74704.5
77	61210.0
78	49194.0
79	39962.0
80	31747.0
81	25764.0
82	20424.0
83	16267.0
84	12617.5
85	9966.5
86	7657.0
87	5894.5
88	4570.5
89	3422.0
90	2416.0
91	1946.5
92	1567.5
93	1282.0
94	1007.5
95	862.0
96	744.0
97	650.0
98	598.5
99	822.0
100	1023.0
>>END_MODULE
>>Per base N content	pass
#Base	N-Count
1	7.976454197065761E-4
2	4.311596863278789E-6
3	3.0181178042951524E-5
4	7.76087435390182E-5
5	2.845653929764001E-4
6	2.845653929764001E-4
7	0.00110376879699937
8	5.389496079098487E-4
9	4.3115968632787894E-4
10	7.631526448003456E-4
11	4.613408643708304E-4
12	0.0016685879860888913
13	0.0013495298182062611
14	4.4840607378099405E-4
15	5.475728016364062E-4
16	4.958336392770608E-4
17	0.0018927910229793886
18	0.00138833418997577
19	0.0018496750543466004
20	0.0027852915736780977
21	0.0029338390811699216
22	0.002378966824638411
23	0.0010456304034409363
24	0.0015567103752022265
25	0.0034751680847487465
26	0.0020443916252190085
27	0.002458000381575297
28	0.004816330954658843
29	0.0021802866903269757
30	0.002665154818104271
31	0.0013927663892043891
32	0.004400972710831865
33	0.0031193035899519683
34	0.001825866899107968
35	0.002221858424493312
36	0.0027548250388281423
37	0.0025480450113686227
38	0.001528379638258891
39	0.0034133201210866516
40	0.002916814049491373
41	0.0012270991517301922
42	0.0029323886707362736
43	0.002469160648955707
44	3.4678918343196007E-4
45	4.110826083906429E-4
46	3.97048109732908E-4
47	1.298287966205935E-4
48	3.949020904438334E-4
49	4.3132174519361436E-4
50	1.415895623006463E-5
>>END_MODULE
>>Sequence Length Distribution	warn
#Length	Count
20	15441.0
21	16507.0
22	17382.0
23	18244.0
24	18893.0
25	19243.0
26	20022.0
27	20942.0
28	22094.0
29	23955.0
30	24684.0
31	26384.0
32	27689.0
33	28548.0
34	29492.0
35	31077.0
36	30871.0
37	32583.0
38	34749.0
39	38467.0
40	40940.0
41	45502.0
42	51281.0
43	66222.0
44	112121.0
45	216369.0
46	596697.0
47	1308678.0
48	2637929.0
49	3494922.0
50	1.4125335E7
>>END_MODULE
>>Sequence Duplication Levels	warn
#Total Duplicate Percentage	41.12302505194653
#Duplication Level	Relative count
1	100.0
2	27.046328511261674
3	12.349553028915784
4	6.938456160210418
5	4.246641474255465
6	2.761731950525212
7	2.0276006725374973
8	1.4507832398328644
9	1.0745617685738542
10++	8.574020742121823
>>END_MODULE
>>Overrepresented sequences	pass
>>END_MODULE
>>Kmer Content	warn
#Sequence	Count	Obs/Exp Overall	Obs/Exp Max	Max Obs/Exp Position
AAAAA	6470490	4.1305127	5.0541267	46
TTTTT	6230025	3.697828	4.275573	13
CCTGG	2238875	3.023238	3.8266108	9
>>END_MODULE
