##FastQC	0.10.1
>>Basic Statistics	pass
#Measure	Value	
Filename	040-F0_S2_L002_R1_001.fastq.gz	
File type	Conventional base calls	
Encoding	Sanger / Illumina 1.9	
Total Sequences	13144519	
Filtered Sequences	0	
Sequence length	35-76	
%GC	44	
>>END_MODULE
>>Per base sequence quality	pass
#Base	Mean	Median	Lower Quartile	Upper Quartile	10th Percentile	90th Percentile
1	31.337514974872796	32.0	32.0	32.0	32.0	32.0
2	31.4318757498848	32.0	32.0	32.0	32.0	32.0
3	31.509470144932653	32.0	32.0	32.0	32.0	32.0
4	31.590033686283995	32.0	32.0	32.0	32.0	32.0
5	31.56222954982225	32.0	32.0	32.0	32.0	32.0
6	35.17309625403562	36.0	36.0	36.0	36.0	36.0
7	35.18201921272281	36.0	36.0	36.0	36.0	36.0
8	35.12462122044938	36.0	36.0	36.0	36.0	36.0
9	35.23376465886656	36.0	36.0	36.0	36.0	36.0
10-14	35.16833903165266	36.0	36.0	36.0	36.0	36.0
15-19	35.12968585613517	36.0	36.0	36.0	36.0	36.0
20-24	35.086772684493056	36.0	36.0	36.0	36.0	36.0
25-29	34.97286870672103	36.0	36.0	36.0	36.0	36.0
30-34	34.87602379364357	36.0	36.0	36.0	36.0	36.0
35-39	34.81582747855457	36.0	36.0	36.0	36.0	36.0
40-44	34.7525840117092	36.0	36.0	36.0	32.8	36.0
45-49	34.662400563954655	36.0	36.0	36.0	32.0	36.0
50-54	34.55732696252318	36.0	36.0	36.0	32.0	36.0
55-59	34.43236711923398	36.0	36.0	36.0	32.0	36.0
60-64	34.308919889713906	36.0	36.0	36.0	32.0	36.0
65-69	34.165098010406425	36.0	36.0	36.0	32.0	36.0
70-74	34.02474349455017	36.0	36.0	36.0	32.0	36.0
75-76	33.56735145332631	36.0	36.0	36.0	26.5	36.0
>>END_MODULE
>>Per sequence quality scores	pass
#Quality	Count
2	10526.0
3	0.0
4	0.0
5	0.0
6	0.0
7	0.0
8	0.0
9	0.0
10	0.0
11	0.0
12	0.0
13	0.0
14	0.0
15	0.0
16	0.0
17	8.0
18	66.0
19	498.0
20	2127.0
21	5617.0
22	10835.0
23	18296.0
24	31220.0
25	51221.0
26	79729.0
27	119268.0
28	168499.0
29	229205.0
30	301722.0
31	395664.0
32	538556.0
33	822199.0
34	1780781.0
35	8578482.0
>>END_MODULE
>>Per base sequence content	fail
#Base	G	A	T	C
1	43.147967263268676	18.556435959726794	11.433826712104993	26.86177006489953
2	15.767725778443767	20.47823536985287	36.923645383395595	26.830393468307772
3	18.961910517235694	22.164120233656284	28.32311544554653	30.55085380356149
4	12.914518836731526	15.874646803907996	35.95314844465046	35.25768591471002
5	14.45449224771172	35.63368733331897	34.47997878482195	15.43184163414736
6	33.83917594595947	35.73655018698426	16.66892924337633	13.755344623679944
7	30.32562146180526	29.703632398768598	20.739663863076522	19.231082276349625
8	25.83344608147728	35.859840948598034	19.936732111856614	18.369980858068068
9	24.719314225308327	15.81740602419995	20.11012949374954	39.35315025674218
10-14	23.716266249581313	23.54700704245727	28.876266086340102	23.86046062162131
15-19	21.80833596556329	28.909137868461883	27.02306281135925	22.259463354615576
20-24	21.962946581498052	27.69896950828457	28.11340472205977	22.224679188157612
25-29	21.408018288721323	27.965958874224096	28.161066263006568	22.464956574048013
30-34	21.526051643218512	27.8892484994799	28.47710968675971	22.107590170541876
35-39	21.42935380829338	28.202235031161333	28.326351280040058	22.04205988050523
40-44	21.727537813610247	28.038621928640005	28.458810853863426	21.775029403886318
45-49	21.647976465741632	28.091271856572586	28.15326878043905	22.107482897246733
50-54	21.441197426644482	28.45495464728376	28.22358845750005	21.880259468571705
55-59	21.62185490786435	28.058829209067014	27.926321275452132	22.392994607616508
60-64	21.749570782328203	27.95091104140483	28.24379463019313	22.055723546073832
65-69	22.015251713493758	28.336021377538817	27.866277587303284	21.78244932166414
70-74	22.28566815618615	28.53592683812179	27.884089065586632	21.29431594010543
75-76	25.686492178412006	35.71992168843421	29.399236965546372	9.194349167607406
>>END_MODULE
>>Per base GC content	fail
#Base	%GC
1	70.00973732816821
2	42.598119246751544
3	49.51276432079719
4	48.17220475144154
5	29.886333881859077
6	47.59452056963941
7	49.55670373815488
8	44.203426939545345
9	64.0724644820505
10-14	47.576726871202624
15-19	44.06779932017887
20-24	44.18762576965566
25-29	43.87297486276934
30-34	43.633641813760384
35-39	43.47141368879861
40-44	43.50256721749657
45-49	43.75545936298836
50-54	43.32145689521619
55-59	44.01484951548086
60-64	43.80529432840204
65-69	43.7977010351579
70-74	43.57998409629158
75-76	34.880841346019416
>>END_MODULE
>>Per sequence GC content	fail
#GC Content	Count
0	10536.0
1	5272.0
2	25.5
3	58.0
4	73.0
5	111.0
6	241.0
7	428.5
8	527.5
9	708.5
10	1157.0
11	1860.5
12	2293.0
13	2869.5
14	4584.5
15	7366.5
16	11574.5
17	14848.0
18	20001.0
19	30103.5
20	42925.5
21	52119.0
22	64685.0
23	87511.5
24	112485.0
25	129295.5
26	150715.0
27	185609.5
28	220564.0
29	244796.5
30	276112.5
31	327449.5
32	381659.0
33	420121.0
34	469132.5
35	545863.0
36	610222.0
37	642503.5
38	652811.5
39	646181.5
40	617583.5
41	585640.0
42	573243.0
43	567442.5
44	554319.0
45	539150.5
46	529701.0
47	519997.5
48	501800.0
49	481612.0
50	468283.0
51	454117.0
52	432704.5
53	411963.5
54	398729.0
55	385973.5
56	366277.0
57	345760.0
58	329442.0
59	308984.5
60	280715.5
61	250641.0
62	226485.5
63	203608.5
64	174875.5
65	149122.5
66	123413.0
67	105267.5
68	91367.0
69	74017.5
70	57529.5
71	46700.5
72	39041.0
73	31193.0
74	24330.5
75	19790.0
76	16814.5
77	13386.5
78	10025.5
79	7999.5
80	6779.0
81	5329.5
82	3877.0
83	2963.0
84	2381.0
85	1746.5
86	1150.0
87	807.0
88	638.5
89	449.5
90	293.5
91	201.5
92	165.5
93	157.5
94	134.0
95	98.5
96	84.0
97	59.5
98	33.0
99	72.5
100	114.0
>>END_MODULE
>>Per base N content	pass
#Base	N-Count
1	0.08007900479279614
2	0.08007900479279614
3	0.08007900479279614
4	0.08007900479279614
5	0.08007900479279614
6	0.08007900479279614
7	0.08007900479279614
8	0.08007900479279614
9	0.08007900479279614
10-14	0.08049438705212415
15-19	0.08014595284924461
20-24	0.08281778892023359
25-29	0.08238262655331853
30-34	0.08221069177198496
35-39	0.018511151300369528
40-44	0.006074971939360746
45-49	0.005301279125553087
50-54	0.00797345795193317
55-59	0.001689201402922281
60-64	0.004595991709712379
65-69	0.0012760977523378159
70-74	2.881924195331351E-4
75-76	0.0
>>END_MODULE
>>Sequence Length Distribution	warn
#Length	Count
35	13531.0
36	4417.0
37	6086.0
38	6936.0
39	7970.0
40	8533.0
41	9453.0
42	10575.0
43	11853.0
44	12751.0
45	14161.0
46	14255.0
47	15257.0
48	15787.0
49	16619.0
50	16944.0
51	17996.0
52	18745.0
53	20255.0
54	21689.0
55	22288.0
56	23198.0
57	24114.0
58	24220.0
59	25426.0
60	27770.0
61	26851.0
62	27020.0
63	28005.0
64	31074.0
65	31990.0
66	32620.0
67	37572.0
68	33250.0
69	41255.0
70	39689.0
71	49126.0
72	96803.0
73	303226.0
74	874969.0
75	2669617.0
76	8410623.0
>>END_MODULE
>>Sequence Duplication Levels	warn
#Total Duplicate Percentage	27.57740496093218
#Duplication Level	Relative count
1	100.0
2	18.261676711149377
3	6.150452001721911
4	2.866713301764959
5	1.569226216099871
6	0.9282178217821783
7	0.6490798536375376
8	0.43922191132156696
9	0.34034653465346537
10++	3.319387645286268
>>END_MODULE
>>Overrepresented sequences	warn
#Sequence	Count	Percentage	Possible Source
CTGTAGGACGTGGAATATGGCAAGAAAACTGAAAATCATGGAAAATGAGA	14017	0.10663760309525208	No Hit
>>END_MODULE
>>Kmer Content	warn
#Sequence	Count	Obs/Exp Overall	Obs/Exp Max	Max Obs/Exp Position
AAAAA	5536390	3.673809	7.3989325	71
TTTTT	5464300	3.5662932	6.313741	33
CCTGG	1928640	3.0494416	12.364681	3
CCAGG	1883445	2.987883	14.105649	3
AGAAA	3356300	2.7705777	6.9722834	48
CAGCA	2160895	2.7556539	6.9262204	4
GAAAA	3337640	2.755174	7.542068	24
CCCAG	1704030	2.7009027	11.781341	2
TTTCT	3313210	2.696582	7.3556914	16
TGCTG	2108950	2.67395	6.4693003	2
CTGGG	1661000	2.6285589	10.176468	4
TTTTC	3224090	2.6240487	5.8642817	24
CCAGC	1636330	2.5935977	6.9371367	3
GCTGC	1607335	2.5414145	5.818101	8
GGAGG	1586705	2.5215333	5.7473125	6
AGCAG	1947625	2.485852	5.5066223	7
CTGCT	1956250	2.4781773	6.495485	9
GCTGG	1563385	2.4740815	6.10934	3
TCCAG	1922600	2.4436467	9.906308	2
AAGAA	2908445	2.4008799	5.0069056	22
CAGCC	1457820	2.3106577	5.604911	9
CTGGA	1790120	2.2772493	8.789121	4
AGGAG	1778235	2.2716322	7.2306423	5
CTCCT	1781325	2.254614	6.3094115	1
GGCTG	1407085	2.2267344	8.375384	7
CAGGA	1743305	2.2250679	9.867363	4
CTCCA	1747510	2.2191682	6.829189	1
GGCAG	1391175	2.2088761	6.351968	7
CAGAG	1715995	2.1902108	8.035741	4
CTGCC	1379065	2.1785872	5.895484	9
CCTGC	1376595	2.1746852	6.325392	3
GAGAA	2116705	2.1736498	7.190556	47
TCCTG	1705910	2.1610467	8.482128	2
CCCTG	1359385	2.1474977	8.937761	2
CCACC	1347095	2.1332955	5.2463875	28
GCAGG	1340795	2.1288838	6.413489	3
CTCTG	1672835	2.1191473	7.1591125	2
TGGAA	2038650	2.0865576	6.484336	11
AAAAT	3137125	2.074819	5.985168	72
GCCTG	1308980	2.0696752	7.2915463	7
CAGGG	1301290	2.0661585	9.572087	4
GGAAA	2009020	2.0630677	7.0377665	40
TTCTC	2022065	2.0523055	5.799588	17
GCCAG	1292105	2.0497856	5.7355585	2
CTGCA	1594310	2.0263865	6.0827107	4
CTGGC	1266975	2.0032592	5.436133	4
TGCAG	1567470	1.9940116	6.102822	2
TGGAG	1561015	1.9875335	6.0327287	5
CACAG	1555030	1.983032	7.406503	7
AGCTG	1550690	1.9726655	5.7687154	7
CCCCA	1233410	1.9532607	7.1019483	1
CAGTG	1534560	1.9521462	9.564288	7
CAGGC	1230355	1.9518257	5.9190245	4
GGAGA	1526380	1.9498965	5.383959	6
TGAAA	2369325	1.9493628	5.9175754	30
GGGAG	1216475	1.9331775	5.530464	7
CAGAA	1875155	1.923922	5.186209	4
CTGTG	1508415	1.9125282	8.7722225	9
CTGAA	1861045	1.9031178	6.6566	29
CATTT	2330525	1.9030929	6.71876	14
CTCAG	1475945	1.8759431	5.984566	2
CCAGA	1446355	1.8444457	6.886652	3
CTGAG	1447785	1.8417579	5.6143627	4
CACTG	1447905	1.8403039	7.6593676	7
GTGTG	1440315	1.8277777	10.298975	9
CCTCT	1440505	1.8232399	5.407493	1
GGCCA	1147145	1.8198222	6.135493	1
TGGGG	1146825	1.816453	6.0588264	5
GTGGA	1423320	1.8122158	5.284454	9
GAGAG	1406200	1.7963707	5.7515073	7
CACAC	1405285	1.7905087	7.8730283	5
AGAGG	1391245	1.7772663	5.129869	5
ACCTG	1388820	1.7652062	5.912948	8
TCTGG	1391930	1.7648362	5.9104843	3
AAATG	2123705	1.7472792	5.9307165	43
ACACA	1681390	1.723613	7.3124776	6
TGGCC	1088955	1.7217857	5.484078	5
TGGCA	1330280	1.6922773	5.8793154	18
GCCCA	1050695	1.665361	7.7569857	1
TCTCA	1633905	1.6638539	5.2058864	18
ACAGA	1619525	1.6616437	6.088168	8
AAAAC	1997875	1.6477789	5.706917	25
CCTGA	1295850	1.6470402	5.2021003	3
TGTGT	1600205	1.626973	7.373229	10
ATTTC	1954555	1.5960779	6.4630413	15
TGAGA	1557605	1.5942082	6.4766297	46
TCAGG	1245875	1.584904	5.511647	3
GTCCT	1246765	1.5794019	14.207005	1
TGGGC	987520	1.5627661	6.244372	5
GGCCT	988060	1.562257	5.191443	6
GGGCC	789935	1.5589123	5.2966957	6
CATGG	1225115	1.5584947	5.20641	37
CCTGT	1222260	1.5483589	5.424352	8
AGTGG	1213125	1.5445888	6.7416873	8
AGGAC	1175790	1.50072	15.575547	5
ATGGC	1168985	1.4870903	9.654705	17
AGCCT	1161320	1.4760511	5.1694345	6
ACAGC	1149350	1.465694	5.678108	8
CTGTC	1142450	1.4472556	5.7946587	9
GACAG	1120435	1.4300677	7.092544	7
GCTGT	1121500	1.4219563	5.199745	8
GCCCT	892830	1.4104543	5.8719864	1
GGGCT	889410	1.4075055	6.026259	6
AGGCT	1099690	1.3989389	5.027722	6
ACTGA	1339855	1.3701452	5.8888755	28
GGACA	1071250	1.3672904	7.238355	6
AATGA	1660910	1.3665142	5.393116	44
CACTT	1340055	1.3646177	5.7024865	57
AGGGC	845010	1.3416876	5.7120137	5
AGACA	1306890	1.3408781	5.4800115	6
AACTG	1276150	1.3050001	5.940056	27
ATGAG	1273250	1.3031708	6.1770244	45
TGTCC	1022305	1.2950559	5.088503	10
GCAAG	1007160	1.2854891	5.511399	20
GGCAA	1004565	1.282177	5.55634	19
TGTGC	1003260	1.272039	7.8321013	10
AAACT	1546145	1.270982	5.1184506	26
GTCCA	949330	1.2066094	6.862488	1
GTGCT	939890	1.191692	5.703499	1
GGAAT	1163320	1.1906577	5.8383574	12
TACAG	1138250	1.1639825	7.1124563	5
ACTGC	915545	1.1636683	5.0332212	8
AGCAC	906050	1.1554286	5.5242496	5
GTGCA	900770	1.1458886	6.445599	11
AAATC	1386350	1.1396252	5.3083096	33
TGGAC	893050	1.1360677	6.090711	5
CTGTA	1106745	1.1280149	7.2861814	1
ACAGT	1070850	1.0950588	6.2413964	6
AATAT	1656215	1.0917512	5.39992	14
GGACC	684000	1.0850924	7.85053	6
AGTGT	1049325	1.070425	6.8915954	8
AATCA	1299275	1.0680467	5.1377997	34
GACCT	831085	1.0563186	5.2563763	7
ACTGT	1030995	1.0508091	6.08634	8
TGCAC	822810	1.045801	5.3602962	5
GACTG	802950	1.0214497	6.0885267	7
ACACT	999605	1.0213116	5.0881915	6
CTACA	983130	1.0044789	7.976973	4
TGTAG	975855	0.9954777	8.413668	2
TAGGA	965195	0.98787683	9.973564	4
TCCTA	948210	0.9655903	8.991797	2
AGACT	927985	0.948964	5.120397	6
TATGG	922615	0.9411671	7.50571	16
GGACT	734170	0.93395317	5.36099	6
ATATG	1130455	0.9270002	6.425133	15
GTAGG	671790	0.8553441	8.457402	3
CCTAC	666895	0.84689194	7.593958	3
TGGCG	500995	0.7928326	5.5744023	18
GTGTA	707035	0.72125226	5.700951	1
GGACG	448815	0.7126183	8.230798	6
TACAC	679515	0.6942708	5.236205	5
ACGTG	542305	0.6898776	6.0342827	8
GCGAG	433870	0.6888889	5.5526843	20
GGCGA	414955	0.65885615	5.59461	19
GACGT	399980	0.508823	5.889822	7
>>END_MODULE
