##FastQC	0.10.1
>>Basic Statistics	pass
#Measure	Value	
Filename	004-primary_S1_L003_R2_001_trimmed.fq.gz	
File type	Conventional base calls	
Encoding	Sanger / Illumina 1.9	
Total Sequences	27613629	
Filtered Sequences	0	
Sequence length	20-50	
%GC	45	
>>END_MODULE
>>Per base sequence quality	pass
#Base	Mean	Median	Lower Quartile	Upper Quartile	10th Percentile	90th Percentile
1	34.6657459981084	36.0	36.0	36.0	32.0	36.0
2	34.66588154711574	36.0	36.0	36.0	32.0	36.0
3	34.63866038759339	36.0	36.0	36.0	32.0	36.0
4	34.63203065413821	36.0	36.0	36.0	32.0	36.0
5	34.61977808132354	36.0	36.0	36.0	32.0	36.0
6	34.59907703547404	36.0	36.0	36.0	32.0	36.0
7	34.597083961691524	36.0	36.0	36.0	32.0	36.0
8	34.586345785988506	36.0	36.0	36.0	32.0	36.0
9	34.5703179035251	36.0	36.0	36.0	32.0	36.0
10	34.55517491018656	36.0	36.0	36.0	32.0	36.0
11	34.54601258675562	36.0	36.0	36.0	32.0	36.0
12	34.53281928282588	36.0	36.0	36.0	32.0	36.0
13	34.52312729341008	36.0	36.0	36.0	32.0	36.0
14	34.52029796590662	36.0	36.0	36.0	32.0	36.0
15	34.487413841911184	36.0	36.0	36.0	32.0	36.0
16	34.47078831978224	36.0	36.0	36.0	32.0	36.0
17	34.46786726221316	36.0	36.0	36.0	32.0	36.0
18	34.44938472230506	36.0	36.0	36.0	32.0	36.0
19	34.447589123472326	36.0	36.0	36.0	32.0	36.0
20	34.43940403486988	36.0	36.0	36.0	32.0	36.0
21	34.4183097757212	36.0	36.0	36.0	32.0	36.0
22	34.40495138452703	36.0	36.0	36.0	32.0	36.0
23	34.39208931375711	36.0	36.0	36.0	32.0	36.0
24	34.36753771999483	36.0	36.0	36.0	32.0	36.0
25	34.35157603050687	36.0	36.0	36.0	32.0	36.0
26	34.3235360764432	36.0	36.0	36.0	32.0	36.0
27	34.306541859034574	36.0	36.0	36.0	32.0	36.0
28	34.28302135255887	36.0	36.0	36.0	32.0	36.0
29	34.26284741968104	36.0	36.0	36.0	32.0	36.0
30	34.23128794936943	36.0	36.0	36.0	32.0	36.0
31	34.208568940298385	36.0	36.0	36.0	32.0	36.0
32	34.193529942601764	36.0	36.0	36.0	32.0	36.0
33	34.169606795984905	36.0	36.0	36.0	32.0	36.0
34	34.14063824771772	36.0	36.0	36.0	32.0	36.0
35	34.12033530227484	36.0	36.0	36.0	32.0	36.0
36	34.11029633603998	36.0	36.0	36.0	32.0	36.0
37	34.06928100844304	36.0	36.0	36.0	32.0	36.0
38	34.033773692870454	36.0	36.0	36.0	32.0	36.0
39	34.0014840393166	36.0	36.0	36.0	32.0	36.0
40	33.98469340858922	36.0	36.0	36.0	32.0	36.0
41	33.945522416792954	36.0	36.0	36.0	32.0	36.0
42	33.92731029849191	36.0	36.0	36.0	32.0	36.0
43	33.90289751051249	36.0	36.0	36.0	32.0	36.0
44	33.88366513363263	36.0	36.0	36.0	32.0	36.0
45	33.87068357565734	36.0	36.0	36.0	32.0	36.0
46	33.86293641318786	36.0	36.0	36.0	32.0	36.0
47	33.86342091481083	36.0	36.0	36.0	32.0	36.0
48	33.883176253749724	36.0	36.0	36.0	32.0	36.0
49	33.97092423539592	36.0	36.0	36.0	32.0	36.0
50	34.09832755548198	36.0	36.0	36.0	32.0	36.0
>>END_MODULE
>>Per sequence quality scores	pass
#Quality	Count
2	23.0
3	3.0
4	9.0
5	14.0
6	24.0
7	50.0
8	51.0
9	74.0
10	94.0
11	121.0
12	142.0
13	168.0
14	1221.0
15	2779.0
16	5055.0
17	8693.0
18	14382.0
19	23681.0
20	37115.0
21	55299.0
22	79639.0
23	111384.0
24	151946.0
25	203335.0
26	269474.0
27	348622.0
28	444005.0
29	557049.0
30	700769.0
31	894066.0
32	1196177.0
33	1765199.0
34	3333717.0
35	1.2270724E7
36	5138525.0
>>END_MODULE
>>Per base sequence content	pass
#Base	G	A	T	C
1	22.70776984809543	26.683674243599896	27.35545808024748	23.253097828057193
2	22.6080361402459	26.493899189507804	27.609244492256206	23.28882017799009
3	22.660444204255338	26.631285855204865	27.364699234672468	23.343570705867325
4	22.729801688571705	26.482123691077312	27.529471915047605	23.258602705303378
5	22.9180008653557	26.457988001999293	27.17718862396601	23.446822508679
6	22.515625428385714	26.74580636076527	27.374390924924892	23.364177285924125
7	22.52517474749922	26.77103475385812	27.42273682055833	23.28105367808433
8	22.68438462449753	26.67551753283138	27.433617869956013	23.20647997271508
9	22.37451973496164	26.91087573136247	27.601790256246144	23.11281427742974
10	22.596546703370134	26.925079481481802	27.33570814992405	23.142665665224023
11	22.873651473688827	26.94975257226947	27.155805027694395	23.020790926347303
12	22.41493995885368	26.95902086188805	27.5112264318092	23.114812747449072
13	22.554692925993308	26.789769212425924	27.561086950915737	23.094450910665035
14	22.57828098110258	26.53399546999663	27.676075821473727	23.211647727427064
15	22.509406008762888	26.787630608627676	27.513404119339636	23.189559263269803
16	22.727386810871234	27.200785793339698	27.22678598869428	22.84504140709479
17	22.846892118281694	26.958173516828467	27.14524502557547	23.049689339314366
18	22.701190679697167	27.167623044628396	27.21129385551908	22.919892420155357
19	22.695840847743128	27.04669996312104	27.384626126898905	22.872833062236932
20	22.670398304414736	26.83991206697478	27.346976721883216	23.142712906727272
21	22.690714416866633	27.001430208836336	27.350941622518526	22.956913751778504
22	22.658209455598058	26.997106029210734	27.34841513897985	22.996269376211362
23	22.77243231564199	26.74683722956233	27.26488704223232	23.21584341256336
24	22.699953477099495	27.088038362869334	27.31465144414639	22.897356715884783
25	22.72800181713062	27.034951967713518	27.200771737780777	23.036274477375088
26	22.842174949605596	27.189653773144222	27.08030608673806	22.887865190512123
27	22.59405333528935	27.270056290407595	27.278682084822425	22.857208289480628
28	22.627967541788145	27.13139057292756	27.19279564162342	23.047846243660874
29	22.691154327399136	27.05491233526331	27.317691927655925	22.936241409681628
30	22.732689795547394	27.091755236296883	27.251078962591023	22.9244760055647
31	22.813374602922103	27.128951781571402	27.152241541358645	22.905432074147843
32	22.767132346416812	27.056041945950614	27.160338761933765	23.01648694569881
33	22.655176639593876	27.127705438144112	27.225627446710604	22.991490475551405
34	22.82209552544899	27.288457426490304	27.13273984820489	22.75670719985581
35	22.818385969276576	27.184070241336233	27.014006536285123	22.983537253102067
36	22.889163830923042	27.33646971006895	26.995241531153685	22.779124927854326
37	22.6589796231197	27.217958051848544	27.210681044334144	22.91238128069761
38	22.647281728075576	27.00804239872984	27.286815058849704	23.05786081434488
39	22.55204877933561	27.187789070658436	27.286512122242858	22.973650027763092
40	22.742623772940714	27.24006408333136	27.185679880012415	22.831632263715512
41	22.89656138238251	27.285191830170678	27.034431356843402	22.783815430603404
42	22.74009791760795	27.424223249182116	27.038219535200437	22.797459298009493
43	22.776369312369535	27.35908286931196	27.071499568209546	22.793048250108964
44	22.803311146767697	27.14510991873163	27.054042341257745	22.997536593242923
45	22.600610012819985	27.23099995491576	27.252703205680262	22.91568682658399
46	22.719968412410864	27.255109927776765	27.054696735282718	22.970224924529653
47	22.685818321636454	27.352498426930875	27.134030487137483	22.827652764295188
48	22.720443094724516	27.65949199759225	27.196589306541448	22.423475601141785
49	22.887270008008088	27.962173686698456	27.263784724578404	21.886771580715056
50	22.694614043548107	27.81725379966552	27.35531078577416	22.132821371012206
>>END_MODULE
>>Per base GC content	pass
#Base	%GC
1	45.960867676152624
2	45.89685631823599
3	46.00401491012266
4	45.98840439387508
5	46.3648233740347
6	45.87980271430984
7	45.80622842558355
8	45.89086459721261
9	45.487334012391386
10	45.73921236859416
11	45.89444240003613
12	45.52975270630275
13	45.64914383665834
14	45.789928708529644
15	45.69896527203269
16	45.57242821796602
17	45.896581457596064
18	45.62108309985252
19	45.56867390998006
20	45.81311121114201
21	45.64762816864514
22	45.65447883180942
23	45.988275728205345
24	45.597310192984274
25	45.76427629450571
26	45.730040140117715
27	45.45126162476998
28	45.67581378544902
29	45.62739573708077
30	45.65716580111209
31	45.71880667706995
32	45.78361929211562
33	45.64666711514528
34	45.578802725304804
35	45.80192322237864
36	45.66828875877737
37	45.57136090381731
38	45.705142542420454
39	45.5256988070987
40	45.57425603665623
41	45.68037681298592
42	45.53755721561744
43	45.5694175624785
44	45.800847740010624
45	45.51629683940398
46	45.69019333694052
47	45.51347108593164
48	45.143918695866304
49	44.77404158872314
50	44.82743541456031
>>END_MODULE
>>Per sequence GC content	pass
#GC Content	Count
0	12734.0
1	10527.5
2	7885.5
3	8006.5
4	8704.0
5	9899.5
6	11298.0
7	13013.0
8	14771.5
9	17818.0
10	21220.0
11	26768.0
12	32570.5
13	42017.0
14	53175.0
15	69831.0
16	87930.5
17	114086.0
18	142279.5
19	178164.5
20	215730.5
21	261965.5
22	309998.5
23	369261.0
24	431662.0
25	487281.5
26	552112.0
27	629925.0
28	713144.5
29	800241.5
30	888172.5
31	980504.5
32	1076424.0
33	1174735.5
34	1278515.0
35	1373599.0
36	1462854.5
37	1542703.5
38	1608907.5
39	1657102.0
40	1699848.5
41	1726203.5
42	1745955.5
43	1746299.0
44	1740162.5
45	1718407.0
46	1694111.5
47	1661853.5
48	1629749.5
49	1600293.0
50	1570347.5
51	1542819.0
52	1513233.0
53	1482919.5
54	1453103.0
55	1419634.0
56	1379857.5
57	1328645.0
58	1272230.0
59	1198637.0
60	1120600.5
61	1033105.5
62	945008.0
63	865488.5
64	770525.5
65	679957.5
66	591798.5
67	512071.5
68	436350.0
69	367606.5
70	306425.0
71	255229.5
72	210066.5
73	169515.5
74	132571.0
75	106337.5
76	86465.5
77	67850.0
78	51342.0
79	39488.0
80	29328.5
81	21915.0
82	16309.5
83	12540.0
84	9295.0
85	7160.0
86	5471.5
87	4387.5
88	3501.5
89	2781.5
90	2317.0
91	2082.0
92	1890.5
93	1689.0
94	1526.5
95	1512.0
96	1519.0
97	1668.5
98	2559.5
99	9760.5
100	16229.0
>>END_MODULE
>>Per base N content	pass
#Base	N-Count
1	0.005873911031396851
2	0.0059463390342500795
3	0.00743111309274127
4	0.015854489824571775
5	0.006743047065635597
6	0.00979950878604185
7	0.006996545075621897
8	0.010038521195457504
9	0.010259426604159851
10	0.010121813398738718
11	0.006257779446518963
12	0.010491196213290184
13	0.012591608296033818
14	0.009459097172631674
15	0.011179262240395857
16	0.008321977527835983
17	0.01012905619902404
18	0.009086092957937546
19	0.006083952239671214
20	0.007822224308148704
21	0.010453756176155375
22	0.01173039691129626
23	0.00945069331467949
24	0.00629725570204253
25	0.01069584090191496
26	0.014067305475288698
27	0.01713801682246788
28	0.017828036330734962
29	0.014644537785856424
30	0.015071456566592692
31	0.010323799531601934
32	0.011502277638305896
33	0.008745696100446012
34	0.009105307503743158
35	0.008532567974988706
36	0.004994779998757006
37	0.007703799846809235
38	0.007596566903401434
39	0.0038467542357187904
40	0.0058186745685246104
41	0.0050185285782885026
42	0.003989553375934327
43	0.002273458039823694
44	0.004712073574592815
45	0.0032003219881720077
46	0.0010439337713905152
47	0.002444715385360236
48	8.628412755190336E-4
49	3.502675861382492E-4
50	6.14102672163178E-4
>>END_MODULE
>>Sequence Length Distribution	warn
#Length	Count
20	63723.0
21	65755.0
22	68173.0
23	70733.0
24	72962.0
25	74466.0
26	76826.0
27	79314.0
28	82820.0
29	86869.0
30	89213.0
31	92409.0
32	94427.0
33	94912.0
34	96315.0
35	97247.0
36	99619.0
37	103949.0
38	107955.0
39	113759.0
40	117659.0
41	122556.0
42	130171.0
43	151412.0
44	206666.0
45	343716.0
46	799028.0
47	1643014.0
48	3239728.0
49	4309864.0
50	1.4818369E7
>>END_MODULE
>>Sequence Duplication Levels	warn
#Total Duplicate Percentage	37.60444995039707
#Duplication Level	Relative count
1	100.0
2	23.53443707037708
3	11.057673292780358
4	6.182614955030494
5	3.974086173755527
6	2.57081609568182
7	1.7892880025945468
8	1.2126341768246862
9	0.9689999129877629
10++	6.913517746541263
>>END_MODULE
>>Overrepresented sequences	pass
>>END_MODULE
>>Kmer Content	warn
#Sequence	Count	Obs/Exp Overall	Obs/Exp Max	Max Obs/Exp Position
AAAAA	7828285	4.4792233	5.6142874	46
TTTTT	6406775	3.5062656	3.8482888	46
CCTGG	2695475	3.0001771	3.5741403	19
>>END_MODULE
