##FastQC	0.10.1
>>Basic Statistics	pass
#Measure	Value	
Filename	019-F5_S6_L002_R2_001.fastq.gz	
File type	Conventional base calls	
Encoding	Sanger / Illumina 1.9	
Total Sequences	21202010	
Filtered Sequences	0	
Sequence length	35-75	
%GC	45	
>>END_MODULE
>>Per base sequence quality	pass
#Base	Mean	Median	Lower Quartile	Upper Quartile	10th Percentile	90th Percentile
1	31.46952020115074	32.0	32.0	32.0	32.0	32.0
2	31.287394166873803	32.0	32.0	32.0	32.0	32.0
3	31.31450829426078	32.0	32.0	32.0	32.0	32.0
4	31.336914471788287	32.0	32.0	32.0	32.0	32.0
5	31.329157141233306	32.0	32.0	32.0	32.0	32.0
6	35.07699307754312	36.0	36.0	36.0	36.0	36.0
7	35.05587234417869	36.0	36.0	36.0	36.0	36.0
8	35.015103568010765	36.0	36.0	36.0	36.0	36.0
9	35.07811311286053	36.0	36.0	36.0	36.0	36.0
10	34.94812411653423	36.0	36.0	36.0	36.0	36.0
11	35.071687542832024	36.0	36.0	36.0	36.0	36.0
12	34.98076342761842	36.0	36.0	36.0	36.0	36.0
13	35.01110432454281	36.0	36.0	36.0	36.0	36.0
14	34.95812849819428	36.0	36.0	36.0	36.0	36.0
15	34.934204587206594	36.0	36.0	36.0	36.0	36.0
16	34.942154116520086	36.0	36.0	36.0	36.0	36.0
17	34.93129495741206	36.0	36.0	36.0	36.0	36.0
18	34.91442127420938	36.0	36.0	36.0	36.0	36.0
19	34.90892396522783	36.0	36.0	36.0	36.0	36.0
20	34.89619069135426	36.0	36.0	36.0	36.0	36.0
21	34.88238544364426	36.0	36.0	36.0	36.0	36.0
22	34.87155944176991	36.0	36.0	36.0	36.0	36.0
23	34.86488894213332	36.0	36.0	36.0	36.0	36.0
24	34.852955686748565	36.0	36.0	36.0	36.0	36.0
25	34.83213483061276	36.0	36.0	36.0	36.0	36.0
26	34.81047509174838	36.0	36.0	36.0	36.0	36.0
27	34.79897736110869	36.0	36.0	36.0	36.0	36.0
28	34.790618625309584	36.0	36.0	36.0	36.0	36.0
29	34.77384229136766	36.0	36.0	36.0	36.0	36.0
30	34.75620429383818	36.0	36.0	36.0	36.0	36.0
31	34.751567139153316	36.0	36.0	36.0	36.0	36.0
32	34.731245056482855	36.0	36.0	36.0	36.0	36.0
33	34.714928490270495	36.0	36.0	36.0	36.0	36.0
34	34.702664417194406	36.0	36.0	36.0	36.0	36.0
35	34.694251111097486	36.0	36.0	36.0	36.0	36.0
36	34.706879594242785	36.0	36.0	36.0	36.0	36.0
37	34.69303278572353	36.0	36.0	36.0	36.0	36.0
38	34.677183811326714	36.0	36.0	36.0	36.0	36.0
39	34.653286119834824	36.0	36.0	36.0	36.0	36.0
40	34.64428776196207	36.0	36.0	36.0	36.0	36.0
41	34.64083600488525	36.0	36.0	36.0	36.0	36.0
42	34.62533259131505	36.0	36.0	36.0	32.0	36.0
43	34.6129489372284	36.0	36.0	36.0	32.0	36.0
44	34.59639712838947	36.0	36.0	36.0	32.0	36.0
45	34.58060278946038	36.0	36.0	36.0	32.0	36.0
46	34.55785708946569	36.0	36.0	36.0	32.0	36.0
47	34.54338755833749	36.0	36.0	36.0	32.0	36.0
48	34.540783341459516	36.0	36.0	36.0	32.0	36.0
49	34.52175279592735	36.0	36.0	36.0	32.0	36.0
50	34.49576549817741	36.0	36.0	36.0	32.0	36.0
51	34.473016904590075	36.0	36.0	36.0	32.0	36.0
52	34.468253766699846	36.0	36.0	36.0	32.0	36.0
53	34.43817721162111	36.0	36.0	36.0	32.0	36.0
54	34.41697535393426	36.0	36.0	36.0	32.0	36.0
55	34.38755149686526	36.0	36.0	36.0	32.0	36.0
56	34.35895504721721	36.0	36.0	36.0	32.0	36.0
57	34.35280825851697	36.0	36.0	36.0	32.0	36.0
58	34.33912947440925	36.0	36.0	36.0	32.0	36.0
59	34.30993184729755	36.0	36.0	36.0	32.0	36.0
60	34.300799647487565	36.0	36.0	36.0	32.0	36.0
61	34.264927578126844	36.0	36.0	36.0	32.0	36.0
62	34.23698600456181	36.0	36.0	36.0	32.0	36.0
63	34.21893476373398	36.0	36.0	36.0	32.0	36.0
64	34.188192188332174	36.0	36.0	36.0	32.0	36.0
65	34.17510653746214	36.0	36.0	36.0	32.0	36.0
66	34.13969214073438	36.0	36.0	36.0	32.0	36.0
67	34.11074796281489	36.0	36.0	36.0	32.0	36.0
68	34.085667570415275	36.0	36.0	36.0	32.0	36.0
69	34.07085118629082	36.0	36.0	36.0	32.0	36.0
70	34.04831434986571	36.0	36.0	36.0	32.0	36.0
71	34.021532289116486	36.0	36.0	36.0	32.0	36.0
72	34.00432068839477	36.0	36.0	36.0	32.0	36.0
73	33.960457379066476	36.0	36.0	36.0	32.0	36.0
74	33.89755084381538	36.0	36.0	36.0	32.0	36.0
75	32.864437258961416	36.0	32.0	36.0	14.0	36.0
>>END_MODULE
>>Per sequence quality scores	pass
#Quality	Count
2	24049.0
3	111.0
4	3194.0
5	2409.0
6	524.0
7	430.0
8	214.0
9	105.0
10	138.0
11	172.0
12	228.0
13	270.0
14	3035.0
15	6675.0
16	10476.0
17	15479.0
18	21292.0
19	28182.0
20	35896.0
21	46859.0
22	60799.0
23	78976.0
24	103757.0
25	133944.0
26	172049.0
27	217063.0
28	269080.0
29	330489.0
30	409150.0
31	519501.0
32	694933.0
33	1059738.0
34	2335154.0
35	1.4617639E7
>>END_MODULE
>>Per base sequence content	fail
#Base	G	A	T	C
1	46.32966761329801	17.562680342111175	10.109177264791002	25.998474779799817
2	17.43803582129089	19.781627656321252	35.76724880586407	27.01308771652378
3	19.826292691686525	20.933875338011195	29.06816688303192	30.171665087270362
4	13.627537131780931	14.248366815484973	36.16213089557771	35.961965157156385
5	14.971594922708121	34.64887743376303	35.38547535204617	14.99405229148267
6	34.90217758640888	35.03609667389486	16.16729814026661	13.894427599429646
7	30.399286109908648	29.969745993753698	20.625018387240985	19.005949509096673
8	26.741645774155725	33.54716062251828	20.43232314111279	19.278870462213213
9	24.72614219824539	14.459946029458607	20.738309940683035	40.075601831612964
10	14.220154798852278	26.111742321722048	35.83345165580131	23.834651223624363
11	34.380530459288686	22.68425354098188	24.012135326834468	18.923080672894965
12	21.816091605457757	24.320686554407782	31.905305720041287	21.957916120093174
13	28.039267920089067	20.523070252636323	26.155543998287605	25.282117828987005
14	20.264525521516788	20.793288420678717	27.612435155819703	31.32975090198479
15	22.863459253323015	29.785017474519233	23.325267443873575	24.02625582828418
16	22.835727778197942	28.542213921167196	25.754760668336125	22.867297632298733
17	21.69298927113298	28.25940697351319	27.62931030817586	22.418293447177973
18	22.07698177338708	27.785601893647566	28.21633321099967	21.921083121965683
19	22.619779718522608	27.22863823599465	27.67194769417954	22.4796343513032
20	22.641935820324726	27.226427105172856	27.872099232256414	22.259537842246
21	22.352685848150227	26.954665914828325	27.530411824711372	23.162236412310076
22	22.39915173105963	26.97928435221113	27.796836848772532	22.824727067956708
23	22.286174723749664	27.07923627860844	27.713414291370896	22.921174706270996
24	22.502159059248214	26.698282795616336	28.08694454356765	22.712613601567806
25	22.626372846631106	26.76781300421327	27.603428175464728	23.00238597369089
26	22.12130289059835	27.185590379979836	27.799267310659715	22.893839418762102
27	22.131769886637958	27.20753732580018	27.813647549510268	22.847045238051596
28	22.265813847298972	27.026263715263465	27.702884560645035	23.00503787679253
29	22.11816212078134	27.18141408918781	27.82956688301681	22.870856907014037
30	22.13544878832319	27.286442295141555	27.7948253433017	22.78328357323356
31	22.711810010259764	27.156443724275302	27.47991046006158	22.651835805403355
32	21.99538789963502	27.47788911355076	27.861660797340576	22.665062189473648
33	22.08716617932664	27.277597294303803	28.079412266606397	22.555824259763163
34	22.21085333515244	26.96196525419517	28.166722946830646	22.660458463821744
35	22.049026213587002	27.320703840258233	28.003191955463425	22.627077990691344
36	22.191279054465	27.590761808189253	27.906386844663047	22.311572292682705
37	22.308402994780927	27.292279174656652	27.534144747933887	22.865173082628534
38	22.230452957493462	27.77151447357693	27.50097378379181	22.4970587851378
39	22.385751866153207	27.487169198600437	27.74895942336688	22.378119511879476
40	22.486638903554358	27.177192263893197	27.727972006449125	22.608196826103324
41	22.446375374933282	27.368187658099117	27.790331604817712	22.395105362149884
42	22.183954867866145	27.676719716401045	27.83639369194172	22.30293172379109
43	22.31188359715083	27.40533826091988	27.71526966868747	22.56750847324182
44	22.158184632829663	27.766842736416773	27.725164114616447	22.349808516137116
45	22.218360749342143	27.669467844331447	27.64424370696963	22.467927699356785
46	22.394962214325265	27.54074703362508	27.47157813399349	22.59271261805616
47	22.391793264225424	27.641222251924763	27.59544987543973	22.371534608410084
48	22.12446985181339	27.693718774842324	27.57663857726526	22.605172796079025
49	22.49348815653626	27.416524326534	27.566652169141527	22.52333534778822
50	22.267996328925978	27.803310602930893	27.5112937852754	22.41739928286773
51	22.285348112210666	27.746137550734275	27.575666097568032	22.39284823948703
52	22.340160165815035	27.738168546046943	27.438586763325752	22.483084524812273
53	22.19015930404156	27.550897074791003	27.765989987177974	22.49295363398946
54	22.355656053856165	27.949390954107223	27.560199084875762	22.13475390716085
55	22.342137802140606	27.54735590996733	27.510607724793168	22.599898563098897
56	22.458119963798822	27.828002948692376	27.333211521255063	22.38066556625374
57	22.293119321335023	27.761245200417576	27.44852999046032	22.49710548778708
58	22.328239074078336	27.625970617318572	27.36251536412327	22.683274944479823
59	22.261521912066502	27.76529609622365	27.424633473531625	22.548548518178222
60	22.272850549445764	27.725438972338885	27.64287634210242	22.358834136112936
61	22.5381729963769	27.693323159425027	27.3966261707119	22.37187767348617
62	22.464112750211207	27.83879586670458	27.428702333611188	22.26838904947303
63	22.42637426067228	28.001106192915437	27.34202875255599	22.23049079385629
64	22.46326399328367	27.663066477136873	27.248448139593663	22.625221389985796
65	22.353384579908546	27.8612312066364	27.43469730098129	22.350686912473765
66	22.38357317720434	28.111684969713473	27.183658856795322	22.321082996286858
67	22.509565183320436	27.742499191881592	27.23960465868017	22.5083309661178
68	22.496508748748603	28.049464017308146	27.414162029288285	22.039865204654962
69	22.76444988629988	27.890611494853257	27.30354599245172	22.041392626395144
70	22.88802949999566	27.663586815478702	27.178925858760035	22.269457825765603
71	22.612993060165362	28.110704434435203	27.120812051300703	22.155490454098732
72	22.553613944133758	28.211902444545384	27.390622831478595	21.843860779842267
73	23.319894097726294	28.82623276370375	27.330235121630558	20.523638016939397
74	24.41066500025463	31.235239141290933	27.576077269227966	16.77801858922647
75	29.574208805395685	41.62810279652499	28.79768839807932	0.0
>>END_MODULE
>>Per base GC content	fail
#Base	%GC
1	72.32814239309782
2	44.451123537814674
3	49.99795777895689
4	49.58950228893732
5	29.96564721419079
6	48.79660518583853
7	49.40523561900532
8	46.02051623636894
9	64.80174402985836
10	38.05480602247664
11	53.30361113218365
12	43.77400772555093
13	53.321385749076065
14	51.59427642350158
15	46.8897150816072
16	45.70302541049668
17	44.11128271831096
18	43.998064895352755
19	45.09941406982581
20	44.90147366257072
21	45.5149222604603
22	45.22387879901634
23	45.20734943002066
24	45.214772660816024
25	45.628758820322005
26	45.01514230936045
27	44.978815124689554
28	45.2708517240915
29	44.98901902779537
30	44.91873236155675
31	45.36364581566312
32	44.660450089108664
33	44.6429904390898
34	44.87131179897418
35	44.676104204278346
36	44.502851347147704
37	45.173576077409464
38	44.72751174263126
39	44.76387137803268
40	45.09483572965768
41	44.84148073708317
42	44.48688659165724
43	44.87939207039265
44	44.507993148966776
45	44.686288448698924
46	44.98767483238143
47	44.76332787263551
48	44.72964264789242
49	45.016823504324485
50	44.68539561179371
51	44.6781963516977
52	44.823244690627305
53	44.68311293803102
54	44.490409961017015
55	44.9420363652395
56	44.83878553005256
57	44.7902248091221
58	45.01151401855816
59	44.81007043024473
60	44.6316846855587
61	44.910050669863075
62	44.73250179968423
63	44.65686505452857
64	45.088485383269465
65	44.704071492382305
66	44.704656173491195
67	45.017896149438236
68	44.53637395340357
69	44.80584251269502
70	45.15748732576127
71	44.7684835142641
72	44.397474723976025
73	43.84353211466569
74	41.1886835894811
75	29.574208805395685
>>END_MODULE
>>Per sequence GC content	warn
#GC Content	Count
0	24228.0
1	12457.0
2	1083.5
3	1909.0
4	2342.0
5	2507.5
6	2715.5
7	2877.0
8	2997.5
9	3278.5
10	4283.0
11	6072.5
12	7162.5
13	8186.0
14	10875.0
15	15076.5
16	18378.5
17	24218.0
18	36787.0
19	52402.5
20	63040.5
21	80360.5
22	112409.5
23	147404.0
24	170603.5
25	200444.5
26	251074.0
27	302748.5
28	337120.0
29	377645.5
30	442879.0
31	508245.0
32	552220.0
33	602438.0
34	685204.0
35	764412.0
36	810840.0
37	854039.0
38	898014.5
39	920669.0
40	936195.0
41	939401.0
42	932941.5
43	924084.5
44	921186.0
45	912546.5
46	888103.5
47	860106.5
48	846341.5
49	826613.5
50	789404.0
51	754881.5
52	736361.5
53	720257.5
54	691727.5
55	662107.0
56	644388.0
57	627141.5
58	592093.0
59	547447.5
60	510100.0
61	470033.5
62	417444.5
63	364885.0
64	324843.0
65	292231.0
66	248559.0
67	203795.0
68	172747.5
69	149955.5
70	122264.0
71	95199.5
72	77039.0
73	64928.0
74	51867.0
75	40408.0
76	33132.0
77	28096.5
78	22067.0
79	16705.0
80	13471.0
81	11220.5
82	8704.0
83	6249.5
84	4766.0
85	4029.0
86	3155.0
87	2364.5
88	2035.0
89	1876.5
90	1634.0
91	1551.5
92	1576.5
93	1599.5
94	1633.5
95	1737.5
96	1839.5
97	2053.0
98	2824.5
99	12595.5
100	21809.0
>>END_MODULE
>>Per base N content	pass
#Base	N-Count
1	0.24656624537013233
2	0.14843875651412297
3	0.11360715328405184
4	0.11347980686736776
5	0.11369676742912582
6	0.1145976254138169
7	0.12093664704431326
8	0.13091211635123273
9	0.1366757208396751
10	0.14645781225459284
11	0.14975938602047634
12	0.1484812053196843
13	0.16032913860525488
14	0.15107058245892724
15	0.1538297548204156
16	0.1560276596417038
17	0.15806048577469778
18	0.15625405327136438
19	0.1569473837621999
20	0.15301379444684726
21	0.16196105935239158
22	0.16128187846340983
23	0.1572869742066908
24	0.15596634470033738
25	0.1609847368244803
26	0.17050270233812737
27	0.16073004399111218
28	0.16675305784687394
29	0.16694643573887571
30	0.16089512267940634
31	0.1552164158020867
32	0.15523528193789174
33	0.16699360107838832
34	0.16084324080594245
35	0.16530508192383647
36	0.052867604716372196
37	0.04692650967490176
38	0.06430213467490131
39	0.06443835825797871
40	0.07714525190018384
41	0.05407330279563047
42	0.07168643171442225
43	0.056210033069019456
44	0.056645314657820744
45	0.05638759877325045
46	0.05445249016669001
47	0.072627997153481
48	0.0580609158711899
49	0.060706785036635465
50	0.0504820874722537
51	0.0653140249304474
52	0.050150765559614584
53	0.048878488164611336
54	0.05868921319396028
55	0.04578939202977525
56	0.061506264184209236
57	0.06337465056336339
58	0.05394879535728941
59	0.06392423954054115
60	0.05924855023120814
61	0.05798942356614224
62	0.06091111382581857
63	0.0516850688221485
64	0.04758380293296515
65	0.04774493206220903
66	0.06686433525332194
67	0.07606195795088243
68	0.05279781589863564
69	0.04505461692862362
70	0.05945092884069703
71	0.05112342528432246
72	0.061991533266881116
73	0.0733068974313731
74	0.056714619424225024
75	0.07266185951665396
>>END_MODULE
>>Sequence Length Distribution	warn
#Length	Count
35	28363.0
36	6507.0
37	9211.0
38	10587.0
39	11887.0
40	12277.0
41	13186.0
42	14114.0
43	15582.0
44	17154.0
45	19109.0
46	20460.0
47	21493.0
48	22547.0
49	23585.0
50	23231.0
51	23764.0
52	24510.0
53	25414.0
54	26693.0
55	27951.0
56	29517.0
57	31124.0
58	31726.0
59	33031.0
60	33843.0
61	33142.0
62	33525.0
63	33671.0
64	35823.0
65	37681.0
66	37960.0
67	42347.0
68	42359.0
69	52906.0
70	64300.0
71	144816.0
72	505919.0
73	1446041.0
74	4449345.0
75	1.3685309E7
>>END_MODULE
>>Sequence Duplication Levels	warn
#Total Duplicate Percentage	39.043255347987504
#Duplication Level	Relative count
1	100.0
2	26.01168177240685
3	11.811480362537765
4	6.532124874118832
5	3.9258811681772405
6	2.6424974823766365
7	1.8948640483383685
8	1.2366565961732126
9	0.9240684793554884
10++	6.148640483383685
>>END_MODULE
>>Overrepresented sequences	warn
#Sequence	Count	Percentage	Possible Source
NNNNNNNNNNNNNNNNNNNNNNNNNNNNNNNNNNN	24049	0.11342792499390389	No Hit
>>END_MODULE
>>Kmer Content	fail
#Sequence	Count	Obs/Exp Overall	Obs/Exp Max	Max Obs/Exp Position
AAAAA	9526915	4.430004	10.456782	71
GGGGG	3758390	4.017849	6.7105165	71
TTTTT	6937095	3.0926986	5.332858	71
CCTGG	3318025	3.0433047	12.445226	3
CCAGG	3123410	2.8890374	12.615634	3
CCCAG	2929555	2.7393405	11.556595	2
CTGGG	2929065	2.6575084	11.097449	4
CCAGC	2801700	2.6197872	6.537932	3
CAGCA	3312410	2.593942	6.588182	4
TGCTG	3378805	2.5736077	7.5315666	2
GGAGG	2766825	2.5041795	5.501459	6
GCTGG	2752465	2.497281	6.970843	3
TCCAG	3159085	2.453122	8.759435	2
CTGCT	3103565	2.389793	6.8324513	9
GCTGC	2599455	2.38423	5.9365005	8
CTCCA	2989285	2.346634	6.4555492	1
CTCCT	3013775	2.3460133	6.272886	1
CAGCC	2503020	2.3405	5.47264	9
CTTCT	3607845	2.3322814	5.045511	1
AGCAG	2997830	2.322218	5.4411535	7
CAGGA	2969055	2.299928	9.473256	4
AGGAG	2995675	2.295464	6.7614536	5
CTGGA	2978245	2.2876945	8.694592	4
GGCTG	2496105	2.2646885	8.765656	7
TCCTG	2922975	2.2507358	8.717639	2
CCTGC	2419960	2.243852	6.283341	3
CTGCC	2387150	2.2134295	5.9279513	9
GGCAG	2408540	2.2037272	6.4268622	7
CTGCA	2814715	2.1857085	6.41651	4
GCAGG	2385520	2.1826646	6.5580955	3
CCCTG	2347700	2.1768506	9.245964	2
CTCTG	2774450	2.1363692	7.854171	2
GCCTG	2329160	2.1363142	7.440775	7
TGCAG	2780040	2.1354463	6.5558095	2
CAGAG	2736215	2.1195624	7.6741505	4
TGGAG	2707915	2.0575597	6.3018003	5
AGCTG	2671625	2.0521688	6.160215	7
CAGGG	2225675	2.0364122	9.244287	4
CTGGC	2212870	2.0296526	6.083722	4
GCCAG	2168080	2.0053928	5.625046	2
CCCCA	2109940	1.994503	7.108411	1
CAGAA	3037505	1.9920719	5.450676	4
GGAGA	2578440	1.9757537	5.178142	6
CAGGC	2133695	1.9735881	6.1171284	4
CACAG	2485995	1.9467779	6.3334613	7
CTGTG	2550650	1.9428091	9.308706	9
TTCTG	3027790	1.9361482	5.3260474	2
GGGAG	2130215	1.9280007	5.3417974	7
CTCAG	2466615	1.9153987	6.339902	2
CTGAG	2458245	1.8882643	5.9749217	4
CCTCT	2410610	1.8764913	6.061779	1
CCAGA	2374280	1.8592942	6.872445	3
GGCCA	1977655	1.829257	6.780905	1
TGGGG	2014710	1.8081644	6.2371664	5
TCTGG	2364920	1.8013401	6.6325426	3
ACCTG	2302495	1.7879546	6.017142	7
CAGTG	2311755	1.77574	6.333576	9
CACTG	2282020	1.7720551	7.0436463	7
AGAGG	2268710	1.7384202	5.170272	5
TGGCC	1894795	1.7379129	5.971304	5
CCTGA	2207020	1.7138155	5.5929184	3
GCCCA	1779495	1.6639533	7.4806504	1
ACAGA	2492525	1.6346604	5.482438	8
GAGAG	2127415	1.6301516	5.0395274	7
TCAGG	2116655	1.6258769	5.772106	3
CCTGT	2071485	1.5950752	6.155087	8
GGGCC	1458245	1.593172	5.5357895	6
GGCCT	1733435	1.589913	5.526736	1
TGGGC	1728630	1.5683666	6.691876	5
CTTGG	2038085	1.5523926	5.0588403	3
AGGTG	2031440	1.5435525	5.330828	7
AGCCT	1970055	1.5298053	5.043392	6
GTGTG	2008625	1.5134145	7.29345	1
TGTGT	2328850	1.4731066	6.3407145	10
CCATG	1895910	1.4722295	5.020298	9
CTGTC	1904955	1.4668447	6.302086	9
GCTGT	1912030	1.4563775	5.617628	8
CCTTG	1889920	1.4552675	5.081732	2
ACACA	2188625	1.4510406	5.7131195	6
ACAGC	1839420	1.4404464	5.1468897	8
GCCCT	1553385	1.4403403	6.4004107	1
AGGCT	1860935	1.4294496	5.156804	6
GGGCT	1569080	1.423609	6.335539	6
CCCCT	1511305	1.4166362	5.062888	1
CACAC	1780105	1.4092305	5.8988976	5
GACAG	1792450	1.3884909	6.564823	7
GCTCT	1732380	1.3339593	5.2184677	1
AGACA	2030755	1.33182	5.06345	6
AGGGC	1446575	1.323564	5.7254467	5
GTCCT	1698430	1.3078172	9.3455105	1
GGACA	1623315	1.2574732	5.878097	6
AGGAC	1565400	1.2126106	8.637017	5
GTGCT	1591165	1.2119771	6.470051	1
GTCCA	1533995	1.1911919	6.899369	1
TGTGC	1524825	1.1614467	6.177712	10
GTCTT	1804310	1.1537825	5.6129994	1
AGCAC	1444740	1.1313732	5.125535	5
TGGAC	1399665	1.0751318	5.896374	5
GTGCA	1371770	1.0537046	5.8304005	1
ACAGT	1601295	1.0413601	5.1060405	8
ACTGT	1607070	1.036349	6.1976857	8
TGCAC	1333455	1.0354668	5.202476	5
GACTG	1332360	1.0234325	5.8610296	7
GGACC	1083615	1.0023032	5.4040146	6
AGACT	1505815	0.9792673	5.070181	6
GGACT	1209065	0.9287252	5.192425	6
TGTAG	1426425	0.9099132	5.167131	2
TCCTA	1211785	0.78998166	5.1251993	2
TAGGA	1221555	0.78581893	5.302122	4
GTGTA	997530	0.63632214	5.60152	1
>>END_MODULE
