##FastQC	0.10.1
>>Basic Statistics	pass
#Measure	Value	
Filename	006-F5_S1_L001_R1_001.fastq.gz	
File type	Conventional base calls	
Encoding	Sanger / Illumina 1.9	
Total Sequences	21702184	
Filtered Sequences	0	
Sequence length	35-76	
%GC	46	
>>END_MODULE
>>Per base sequence quality	pass
#Base	Mean	Median	Lower Quartile	Upper Quartile	10th Percentile	90th Percentile
1	31.344648538598697	32.0	32.0	32.0	32.0	32.0
2	31.33785839250096	32.0	32.0	32.0	32.0	32.0
3	31.48259617557385	32.0	32.0	32.0	32.0	32.0
4	31.585101204560793	32.0	32.0	32.0	32.0	32.0
5	31.538322778942433	32.0	32.0	32.0	32.0	32.0
6	35.14340307869475	36.0	36.0	36.0	36.0	36.0
7	35.17007785944493	36.0	36.0	36.0	36.0	36.0
8	35.087814341634925	36.0	36.0	36.0	36.0	36.0
9	35.25315396828264	36.0	36.0	36.0	36.0	36.0
10-14	35.17419681816356	36.0	36.0	36.0	36.0	36.0
15-19	35.117740426493484	36.0	36.0	36.0	36.0	36.0
20-24	35.062293149850724	36.0	36.0	36.0	36.0	36.0
25-29	34.944998300631866	36.0	36.0	36.0	36.0	36.0
30-34	34.84382050212089	36.0	36.0	36.0	36.0	36.0
35-39	34.79074228547165	36.0	36.0	36.0	36.0	36.0
40-44	34.72256035543067	36.0	36.0	36.0	32.8	36.0
45-49	34.61947033764999	36.0	36.0	36.0	32.0	36.0
50-54	34.497487350643496	36.0	36.0	36.0	32.0	36.0
55-59	34.339634961482275	36.0	36.0	36.0	32.0	36.0
60-64	34.18849813957048	36.0	36.0	36.0	32.0	36.0
65-69	34.034958060753	36.0	36.0	36.0	32.0	36.0
70-74	33.92151581135701	36.0	36.0	36.0	32.0	36.0
75-76	33.2291086214659	36.0	34.0	36.0	23.0	36.0
>>END_MODULE
>>Per sequence quality scores	pass
#Quality	Count
2	24984.0
3	0.0
4	0.0
5	0.0
6	0.0
7	0.0
8	0.0
9	0.0
10	0.0
11	0.0
12	0.0
13	0.0
14	0.0
15	0.0
16	3.0
17	25.0
18	186.0
19	1381.0
20	5110.0
21	11629.0
22	20647.0
23	33309.0
24	54271.0
25	88684.0
26	136532.0
27	199846.0
28	277864.0
29	371837.0
30	485886.0
31	642556.0
32	895767.0
33	1435802.0
34	3352172.0
35	1.3663693E7
>>END_MODULE
>>Per base sequence content	fail
#Base	G	A	T	C
1	42.87399222519004	18.656309174670753	11.701783931456454	26.767914668682756
2	15.934313652447956	19.330030440160993	37.46697356709003	27.268682340301027
3	19.465593796536552	21.4973109280215	27.630151724986753	31.406943550455203
4	12.837051296777858	15.073503530669797	35.44716819846115	36.642276974091196
5	14.67605594818519	35.34622552728212	34.15931024302032	15.818408281512372
6	35.143242529847385	34.97419963969019	15.995438906075798	13.887118924386623
7	30.905453656376284	28.936643108888603	20.153585333899212	20.004317900835904
8	26.268157326591997	35.63725481150702	19.107366265015777	18.987221596885206
9	24.679875629693875	15.582519882641668	19.71123115531526	40.026373332349195
10-14	24.314920214480683	22.873350611686092	27.987566620176977	24.824162553656244
15-19	22.778061901846524	27.97684130964487	25.796817624058676	23.448279164449932
20-24	22.85360795507125	26.61531173295065	27.168010289808482	23.36307002216961
25-29	22.722219011383494	26.716202527011273	27.064329412271842	23.497249049333394
30-34	22.71630294013773	26.73342908281886	27.245847622426712	23.3044203546167
35-39	22.73240296909538	26.973193230282828	27.12213071014447	23.172273090477322
40-44	22.78176575772092	26.855323710828916	27.223401940529552	23.139508590920613
45-49	22.782185239237826	26.980928455123344	27.041175083944385	23.19571122169444
50-54	22.770439829341846	27.05347473966736	27.05920196362821	23.116883467362587
55-59	22.797007100494348	26.95241183420191	26.976788593650646	23.27379247165309
60-64	22.9203466669794	26.959941118663405	26.992477540780648	23.127234673576545
65-69	22.94824612807164	27.047213908765876	26.939978270744056	23.064561692418426
70-74	23.24696792459543	27.257100726360928	26.89789687696959	22.59803447207405
75-76	27.46351012632439	34.55594449197866	27.849640337851394	10.130905043845559
>>END_MODULE
>>Per base GC content	fail
#Base	%GC
1	69.6419068938728
2	43.20299599274898
3	50.872537346991756
4	49.479328270869054
5	30.49446422969756
6	49.03036145423401
7	50.90977155721219
8	45.2553789234772
9	64.70624896204306
10-14	49.13908276813693
15-19	46.226341066296456
20-24	46.21667797724086
25-29	46.219468060716885
30-34	46.020723294754426
35-39	45.9046760595727
40-44	45.921274348641525
45-49	45.977896460932264
50-54	45.88732329670443
55-59	46.070799572147436
60-64	46.04758134055595
65-69	46.01280782049007
70-74	45.84500239666948
75-76	37.59441517016995
>>END_MODULE
>>Per sequence GC content	warn
#GC Content	Count
0	24987.0
1	12502.5
2	23.0
3	42.0
4	56.0
5	84.5
6	144.5
7	273.5
8	375.0
9	490.5
10	904.5
11	1675.5
12	2154.0
13	2924.5
14	5048.5
15	8533.5
16	14095.0
17	18482.0
18	25281.0
19	39051.5
20	56624.5
21	69329.0
22	87829.5
23	120961.5
24	156460.0
25	180430.0
26	211077.0
27	261581.5
28	311874.0
29	345396.0
30	386627.5
31	452652.5
32	517417.5
33	559591.5
34	612921.0
35	694401.5
36	763928.0
37	805699.0
38	840618.0
39	878341.0
40	893125.5
41	896749.5
42	906108.5
43	915024.0
44	912552.5
45	901999.0
46	897299.0
47	888975.5
48	871165.0
49	850060.5
50	835744.0
51	820745.5
52	796005.0
53	772668.5
54	761957.0
55	749616.0
56	726509.0
57	701489.0
58	679036.5
59	643189.0
60	591367.0
61	533509.0
62	487412.5
63	444744.5
64	387484.0
65	333173.5
66	278904.0
67	240109.5
68	209961.5
69	171991.5
70	135109.5
71	110297.5
72	92623.5
73	73645.5
74	56192.5
75	44665.5
76	37777.5
77	30031.5
78	22393.5
79	17755.0
80	15123.0
81	11888.0
82	8385.5
83	6226.0
84	5056.5
85	3769.5
86	2552.5
87	1912.0
88	1597.0
89	1248.5
90	926.5
91	665.0
92	536.5
93	513.0
94	420.0
95	281.5
96	219.5
97	188.0
98	124.0
99	66.0
100	40.0
>>END_MODULE
>>Per base N content	pass
#Base	N-Count
1	0.14363531338597074
2	0.11625097271316102
3	0.11520960286761923
4	0.11516813238704456
5	0.11512205407529491
6	0.14719255905304277
7	0.11512205407529491
8	0.11512205407529491
9	0.11512205407529491
10-14	0.11573766032027008
15-19	0.11535336720027808
20-24	0.11576530730731986
25-29	0.11798259566871243
30-34	0.11997041403759179
35-39	0.037465793662060425
40-44	0.007971987320786347
45-49	0.0030932246783444512
50-54	0.002951607163687391
55-59	0.004358430862227273
60-64	0.002007805426819392
65-69	0.0025371714327009805
70-74	0.0060424881305023445
75-76	0.020783111763636918
>>END_MODULE
>>Sequence Length Distribution	warn
#Length	Count
35	32665.0
36	10693.0
37	14351.0
38	15354.0
39	16382.0
40	16299.0
41	17294.0
42	18144.0
43	20042.0
44	21143.0
45	22603.0
46	23650.0
47	24280.0
48	25478.0
49	26221.0
50	25795.0
51	26697.0
52	27499.0
53	28137.0
54	30066.0
55	31153.0
56	31699.0
57	32651.0
58	33436.0
59	33744.0
60	34263.0
61	34145.0
62	34577.0
63	35229.0
64	37278.0
65	38263.0
66	40017.0
67	40926.0
68	40587.0
69	45130.0
70	50050.0
71	67113.0
72	153341.0
73	531297.0
74	1487920.0
75	4754967.0
76	1.3671605E7
>>END_MODULE
>>Sequence Duplication Levels	warn
#Total Duplicate Percentage	33.99022040936678
#Duplication Level	Relative count
1	100.0
2	22.156045265038713
3	9.175104228707564
4	4.736450268016677
5	2.8774568195354377
6	1.7934782608695652
7	1.234365693865396
8	0.8889219773674807
9	0.6447290053603335
10++	5.3916021441334125
>>END_MODULE
>>Overrepresented sequences	warn
#Sequence	Count	Percentage	Possible Source
NNNNNNNNNNNNNNNNNNNNNNNNNNNNNNNNNNN	24984	0.11512205407529491	No Hit
>>END_MODULE
>>Kmer Content	warn
#Sequence	Count	Obs/Exp Overall	Obs/Exp Max	Max Obs/Exp Position
AAAAA	7089755	3.4555702	6.398952	72
TTTTT	6452055	3.0750494	5.6235375	72
CCTGG	3679350	3.047653	12.076197	3
CCAGG	3520675	2.9293225	13.172046	3
CCCAG	3412195	2.8287392	11.331377	2
CTGGG	3339690	2.776405	10.169144	4
CCAGC	3099340	2.5693796	6.748941	3
GGAGG	3038485	2.5466125	5.881632	6
CAGCA	3463775	2.5167303	7.498038	4
GCTGG	2988305	2.484286	5.954628	3
TGCTG	3427130	2.4768858	7.090647	2
TCCAG	3293550	2.3823433	10.022835	2
CAGCC	2840300	2.354633	5.454929	9
AGGAG	3204495	2.3453684	7.6456256	5
CAGGA	3200575	2.3339806	10.90181	4
CTCCT	3225795	2.3144498	6.973114	1
CTCCA	3200880	2.306892	7.416874	1
GGCTG	2772120	2.3045635	8.275373	7
TCCTG	3159610	2.2752373	9.690225	2
CAGAG	3099510	2.2602801	7.8829975	4
AGCAG	3073720	2.241473	5.323909	7
CTGGA	3083100	2.238257	9.020542	4
CTGCT	3107815	2.2379398	6.5902734	9
CCCTG	2705395	2.2327642	9.058178	2
CCTGC	2702385	2.2302802	6.4804225	3
GGCAG	2660750	2.221916	5.8224716	7
CTCTG	3065395	2.207393	7.4505186	2
GCAGG	2638975	2.2037323	6.8755374	3
CTGCC	2652890	2.1894321	5.7092805	9
CTGCA	3024625	2.1878202	6.910364	4
GCCTG	2622870	2.1725569	7.0756507	7
CACAG	2981025	2.1659706	8.054008	7
TGCAG	2979085	2.1627445	7.1299376	2
CAGGG	2581820	2.1560035	9.517314	4
GCTGC	2577175	2.1347075	5.3894978	8
CTGTG	2934650	2.1209567	9.747658	9
TGGAG	2879835	2.0983222	6.572991	5
CAGGC	2456760	2.0441086	6.1907954	4
AGCTG	2808530	2.0389256	5.722596	7
GGGAG	2405680	2.0162463	5.180255	7
CTCAG	2773515	2.0061831	6.1979723	2
CCCCA	2425665	2.0035844	6.53853	1
GCCAG	2401855	1.9984262	5.2602973	2
CTGGC	2408130	1.9946852	5.2542553	4
CTGAG	2744040	1.9921075	5.857099	4
GGAGA	2709255	1.9829024	5.76565	6
CAGAA	2995300	1.9074589	5.4295897	4
CAGTG	2621980	1.9034946	6.960732	9
CACTG	2608225	1.8866229	8.301861	7
TCCCA	2616165	1.8854846	5.2859225	2
TGGGG	2255500	1.8819224	5.652923	5
CCTCT	2599945	1.8654137	5.3355846	1
GGCCA	2226500	1.8525245	5.7721224	1
TTCTG	2936175	1.8448291	5.149275	2
CCAGA	2533950	1.8411324	6.766733	3
AGAGG	2506515	1.8345171	5.1741686	5
ACACA	2861170	1.8154166	7.6398153	6
TCTGG	2484855	1.7958765	6.213627	3
CACAC	2468590	1.7871199	7.8865867	5
TGGCC	2141785	1.7740681	5.429996	5
ACCTG	2444180	1.7679633	5.053362	7
GAGAG	2390650	1.7497156	5.8064847	7
GTGTG	2408035	1.7467085	7.1580653	1
ACAGA	2729160	1.7379763	6.262243	8
GCCCA	2072760	1.718336	6.814671	1
TGTGT	2713450	1.7111114	6.751363	10
CCTGA	2358640	1.7060891	5.592442	3
CCTGT	2298750	1.6553313	5.7299366	8
GGCCT	1987945	1.6466404	5.0811687	6
TCAGG	2266850	1.645679	5.867355	3
TGGGC	1962745	1.6317008	6.164169	5
AGGTG	2233710	1.6275389	5.1736355	7
ACAGG	2219685	1.6186783	5.264742	8
GGGCC	1693155	1.6132154	5.1423984	6
AGCCT	2215885	1.6028295	5.0002804	6
AGGCT	2106410	1.5292033	5.1159234	6
ACAGC	2094920	1.5221394	6.099005	8
CCATG	2097295	1.517049	5.051391	9
GCTGT	2079665	1.5030341	5.5345497	8
CTGTC	2075510	1.4945762	6.182877	9
GCCCT	1788375	1.4759471	5.642663	1
GACAG	2020000	1.4730605	7.3715262	7
GGGCT	1762130	1.4649223	5.874239	6
AGACA	2230045	1.4201313	5.7888813	6
AGGGC	1688455	1.4099803	5.852246	5
ACTGG	1837460	1.3339521	5.015978	8
GCACA	1820150	1.3224953	5.3272257	6
GGACA	1808930	1.3191402	6.6647997	6
GTCCT	1826705	1.3154113	8.619954	1
GTGCT	1805280	1.304728	6.0938544	1
TGTCC	1801660	1.2973765	5.0369296	10
TGTGC	1774800	1.2826992	6.4847493	10
ACTGC	1747085	1.2637296	5.4638896	8
AGGAC	1717830	1.2527066	9.109462	5
AGCAC	1722565	1.2515916	6.2749934	5
ACTGA	1891485	1.1991428	5.0528545	8
GTCCA	1637120	1.1841878	6.7886953	1
ACAGT	1818865	1.153104	6.2407217	8
GTGCA	1584595	1.1503781	6.228619	1
TGCAC	1564265	1.1314892	5.9900317	5
ACTGT	1792725	1.1314485	7.14611	8
GTCCC	1370520	1.1310911	5.137746	1
GTCTT	1785430	1.1218042	5.1287227	1
TGGAC	1520580	1.1039047	6.3094525	5
GACTG	1466940	1.0649635	6.379279	7
GCACT	1459615	1.0557922	5.2947154	6
ACACT	1639275	1.0354701	5.713041	6
AGACT	1618515	1.0260884	5.35699	6
GGACC	1205405	1.0029384	5.520519	6
CTACA	1556755	0.9833453	5.5053973	4
TGTAG	1535160	0.972427	5.90399	2
GGACT	1336210	0.9700564	5.6044226	6
TAGGA	1303245	0.8292325	5.791179	4
TCCTA	1306130	0.82134444	5.4815006	2
GTGTA	1157395	0.7331367	6.41681	1
TACAC	1121665	0.7085148	5.747569	5
GTATA	977710	0.54082793	5.1171274	1
>>END_MODULE
