##FastQC	0.10.1
>>Basic Statistics	pass
#Measure	Value	
Filename	004-F0_S5_L001_R2_001_trimmed.fq.gz	
File type	Conventional base calls	
Encoding	Sanger / Illumina 1.9	
Total Sequences	15409172	
Filtered Sequences	0	
Sequence length	20-50	
%GC	44	
>>END_MODULE
>>Per base sequence quality	pass
#Base	Mean	Median	Lower Quartile	Upper Quartile	10th Percentile	90th Percentile
1	34.67893959519694	36.0	36.0	36.0	32.0	36.0
2	34.65840857639852	36.0	36.0	36.0	32.0	36.0
3	34.644155831345124	36.0	36.0	36.0	32.0	36.0
4	34.63058021547167	36.0	36.0	36.0	32.0	36.0
5	34.615236302119285	36.0	36.0	36.0	32.0	36.0
6	34.59930819125129	36.0	36.0	36.0	32.0	36.0
7	34.583671465280545	36.0	36.0	36.0	32.0	36.0
8	34.566942986943104	36.0	36.0	36.0	32.0	36.0
9	34.56003547757141	36.0	36.0	36.0	32.0	36.0
10	34.53111834951287	36.0	36.0	36.0	32.0	36.0
11	34.525285524751105	36.0	36.0	36.0	32.0	36.0
12	34.511242849388665	36.0	36.0	36.0	32.0	36.0
13	34.49909599295796	36.0	36.0	36.0	32.0	36.0
14	34.49039617443429	36.0	36.0	36.0	32.0	36.0
15	34.467993478170015	36.0	36.0	36.0	32.0	36.0
16	34.446346500642605	36.0	36.0	36.0	32.0	36.0
17	34.43504621792787	36.0	36.0	36.0	32.0	36.0
18	34.4218339570744	36.0	36.0	36.0	32.0	36.0
19	34.403415641022114	36.0	36.0	36.0	32.0	36.0
20	34.40044325548446	36.0	36.0	36.0	32.0	36.0
21	34.38102362973281	36.0	36.0	36.0	32.0	36.0
22	34.371433989313175	36.0	36.0	36.0	32.0	36.0
23	34.35091456987946	36.0	36.0	36.0	32.0	36.0
24	34.32117057364211	36.0	36.0	36.0	32.0	36.0
25	34.309639732342916	36.0	36.0	36.0	32.0	36.0
26	34.28572939716362	36.0	36.0	36.0	32.0	36.0
27	34.27286379901318	36.0	36.0	36.0	32.0	36.0
28	34.242883878541114	36.0	36.0	36.0	32.0	36.0
29	34.21424795721773	36.0	36.0	36.0	32.0	36.0
30	34.1890351509877	36.0	36.0	36.0	32.0	36.0
31	34.16273284214723	36.0	36.0	36.0	32.0	36.0
32	34.142528708761944	36.0	36.0	36.0	32.0	36.0
33	34.10635027627285	36.0	36.0	36.0	32.0	36.0
34	34.0792116248647	36.0	36.0	36.0	32.0	36.0
35	34.044306102489564	36.0	36.0	36.0	32.0	36.0
36	34.02336556513368	36.0	36.0	36.0	32.0	36.0
37	34.00117256008658	36.0	36.0	36.0	32.0	36.0
38	33.967513393426074	36.0	36.0	36.0	32.0	36.0
39	33.945258421332284	36.0	36.0	36.0	32.0	36.0
40	33.918265563490046	36.0	36.0	36.0	32.0	36.0
41	33.89966201254627	36.0	36.0	36.0	32.0	36.0
42	33.86538106604386	36.0	36.0	36.0	32.0	36.0
43	33.853903470014	36.0	36.0	36.0	32.0	36.0
44	33.831603846822915	36.0	36.0	36.0	32.0	36.0
45	33.830429513805015	36.0	36.0	36.0	32.0	36.0
46	33.817906052310335	36.0	36.0	36.0	32.0	36.0
47	33.812579510049716	36.0	36.0	36.0	27.0	36.0
48	33.843843023280535	36.0	36.0	36.0	32.0	36.0
49	33.92017289926369	36.0	36.0	36.0	32.0	36.0
50	34.07043222254765	36.0	36.0	36.0	32.0	36.0
>>END_MODULE
>>Per sequence quality scores	pass
#Quality	Count
2	41.0
3	17.0
4	12.0
5	14.0
6	37.0
7	42.0
8	62.0
9	77.0
10	113.0
11	113.0
12	164.0
13	205.0
14	1042.0
15	2310.0
16	4131.0
17	7051.0
18	11224.0
19	16816.0
20	25112.0
21	35242.0
22	48765.0
23	66128.0
24	89101.0
25	120004.0
26	156628.0
27	201249.0
28	253969.0
29	316271.0
30	394194.0
31	501519.0
32	665402.0
33	971455.0
34	1825585.0
35	6779401.0
36	2915676.0
>>END_MODULE
>>Per base sequence content	pass
#Base	G	A	T	C
1	22.37169298347522	26.97146958969403	27.54833437934237	23.108503047488377
2	22.326751308768	27.192226963022193	27.81487341977541	22.666148308434398
3	22.19508044375726	27.200570747552337	27.76376337186563	22.84058543682477
4	22.473879334149398	26.785462290444954	28.12765446994726	22.613003905458385
5	22.519681165540128	26.923674793731756	27.655135964299387	22.90150807642873
6	21.971074290581992	27.401391957759134	27.940132029970204	22.687401721688673
7	22.16271968343738	27.35064758555511	27.728028021550465	22.758604709457046
8	22.09676162927322	27.310904622367516	27.659097961266266	22.933235787092997
9	22.109281314208364	27.370976384142033	27.742906593597393	22.77683570805221
10	22.125915737480756	27.365869922368258	27.84939021809437	22.65882412205661
11	22.7475681683582	27.19198448819984	27.459709072618267	22.6007382708237
12	21.955637306733998	27.549357403802055	27.918464493734884	22.576540795729066
13	22.12001694932417	27.369919519270642	27.96389882229719	22.546164709108
14	22.147389899005894	27.1534843092384	28.14347953275777	22.55564625899793
15	22.036768525387266	27.456646667230494	27.96685654415273	22.53972826322951
16	22.16468339815837	27.664510232055562	27.92713196360623	22.24367440617984
17	22.318140393513108	27.322820436925216	27.481364209935972	22.8776749596257
18	22.154716648268742	27.872690385417858	27.570748928918842	22.401844037394554
19	22.480282757004126	27.433132679929358	27.747663430675324	22.338921132391196
20	22.551730047538086	27.192026480591046	27.805866990728028	22.450376481142836
21	22.53353490306936	27.3032425202877	27.81335859979276	22.34986397685018
22	22.22402320517656	27.620441604061867	27.827982621665903	22.327552569095666
23	22.244486346981613	27.405944469057776	27.77995825117368	22.569610932786922
24	22.108986025735522	27.7332053869713	27.749087390363602	22.408721196929577
25	22.216102089929688	27.675392031977008	27.596988588759668	22.511517289333636
26	22.299435634213953	27.485766567431426	27.59287776309631	22.62192003525831
27	22.402909578185522	27.60968103301548	27.649272242896757	22.33813714590224
28	22.082594034250434	27.699454130788816	27.613741806856762	22.604210028103992
29	22.494223316851617	27.37964299376016	27.600289168720753	22.52584452066747
30	22.17102119367827	27.863926143498063	27.56614466995145	22.398907992872218
31	22.26911547049686	27.710214294208903	27.59767893744664	22.4229912978476
32	22.26783891135651	27.791005815927438	27.481636743909053	22.459518528806992
33	22.186200761612337	27.459473679132206	27.856488499696596	22.497837059558854
34	22.315139262542978	27.86931672887782	27.6530623834444	22.162481625134806
35	22.283159009424075	27.407884244520375	27.648464046494166	22.660492699561388
36	22.369173127841403	27.775458745772834	27.3966790109484	22.458689115437355
37	22.250313080083316	27.659512123455194	27.47514029168896	22.615034504772524
38	22.300938842344415	27.59925106019732	27.45486088852831	22.64494920892995
39	22.23058607081893	27.710680729494815	27.493856452003985	22.56487674768227
40	22.23700509999003	27.615196962827948	27.786875724109144	22.360922213072875
41	22.499879438495025	27.56909687703394	27.522681557543198	22.40834212692784
42	22.417820453755567	27.63274397570365	27.62525550770259	22.324180062838195
43	22.346272704875076	27.867544103641155	27.484987725350635	22.30119546613313
44	22.39449011224194	27.569171966223	27.40186197755998	22.63447594397508
45	22.34870174475095	27.81200408845707	27.489017667272176	22.350276499519804
46	22.29930043349103	28.131063400075877	27.28822986436505	22.281406302068042
47	22.407262201119053	27.722663658053374	27.378018221090723	22.49205591973685
48	22.39765065076747	28.15718017614922	27.613090347386244	21.832078825697067
49	22.621512506215957	28.25344602736861	27.77411578219783	21.3509256842176
50	22.756070320793285	27.936955248553573	27.753948063474027	21.55302636717911
>>END_MODULE
>>Per base GC content	pass
#Base	%GC
1	45.4801960309636
2	44.9928996172024
3	45.03566588058203
4	45.086883239607786
5	45.421189241968854
6	44.65847601227067
7	44.92132439289443
8	45.02999741636622
9	44.88611702226058
10	44.78473985953737
11	45.348306439181904
12	44.532178102463064
13	44.66618165843217
14	44.703036158003826
15	44.57649678861678
16	44.40835780433821
17	45.195815353138805
18	44.55656068566329
19	44.81920388939532
20	45.002106528680926
21	44.88339887991954
22	44.55157577427223
23	44.81409727976854
24	44.517707222665095
25	44.727619379263324
26	44.92135566947226
27	44.74104672408777
28	44.686804062354426
29	45.020067837519086
30	44.56992918655049
31	44.69210676834446
32	44.72735744016351
33	44.68403782117119
34	44.47762088767778
35	44.94365170898546
36	44.82786224327876
37	44.86534758485584
38	44.945888051274366
39	44.7954628185012
40	44.597927313062904
41	44.90822156542286
42	44.74200051659376
43	44.64746817100821
44	45.02896605621702
45	44.69897824427076
46	44.580706735559076
47	44.8993181208559
48	44.229729476464534
49	43.97243819043356
50	44.3090966879724
>>END_MODULE
>>Per sequence GC content	pass
#GC Content	Count
0	7812.0
1	6401.5
2	4714.0
3	4841.5
4	5324.0
5	6020.0
6	6817.5
7	7859.0
8	8893.0
9	10681.0
10	12768.0
11	16193.5
12	19661.5
13	24977.0
14	31328.0
15	41137.0
16	51712.0
17	66846.0
18	83419.5
19	104770.5
20	126456.0
21	152521.0
22	180134.0
23	214352.5
24	250507.5
25	283440.0
26	321260.0
27	367673.0
28	418877.5
29	475647.5
30	533032.5
31	592483.0
32	654545.5
33	719822.5
34	785629.0
35	839477.0
36	887625.5
37	921645.0
38	947815.5
39	966426.5
40	983273.0
41	992727.0
42	999981.5
43	998407.5
44	992568.0
45	979455.5
46	966151.5
47	947955.5
48	927413.5
49	904881.5
50	881425.5
51	858702.5
52	833733.0
53	805827.0
54	776463.5
55	744755.0
56	712714.0
57	677926.5
58	640264.0
59	594490.0
60	548356.0
61	499993.5
62	451194.5
63	409264.0
64	360976.5
65	316436.0
66	274084.5
67	235887.0
68	198071.0
69	163965.5
70	134968.0
71	111305.5
72	90703.0
73	73134.5
74	57179.0
75	45717.0
76	37050.5
77	28912.0
78	21844.5
79	16862.0
80	12595.0
81	9524.5
82	7159.0
83	5515.5
84	4124.5
85	3237.5
86	2494.0
87	2065.0
88	1778.5
89	1494.0
90	1264.5
91	1167.5
92	1114.0
93	1055.5
94	1005.5
95	1006.0
96	1014.5
97	1145.0
98	1751.5
99	6542.5
100	10861.0
>>END_MODULE
>>Per base N content	pass
#Base	N-Count
1	0.009098477192674596
2	0.01007192339731168
3	0.013044179142136906
4	0.023064185408534606
5	0.01251851819163288
6	0.017327342442540066
7	0.014101990684509201
8	0.02928126183548344
9	0.01808663048215699
10	0.030163853061021057
11	0.010039475190490444
12	0.019949157553695942
13	0.021078355151074955
14	0.015776318156484982
15	0.01668486794747959
16	0.03171487734707615
17	0.021623485025671723
18	0.016503157989280672
19	0.02596505509835311
20	0.030384500867405465
21	0.017668050176222055
22	0.01646683174768669
23	0.021530123758050777
24	0.031034248734595198
25	0.018516604205650142
26	0.027395019615675552
27	0.02987235154716441
28	0.03342786283715485
29	0.02716181307387278
30	0.02881718441961965
31	0.03624388417754655
32	0.02473966247459409
33	0.023486642290399134
34	0.023979945267404275
35	0.01928796021531348
36	0.007815135537841548
37	0.016818675620170014
38	0.013900844318096225
39	0.007913316479812714
40	0.008223455969046911
41	0.007408566118460289
42	0.011307413269998927
43	0.0037048412631621595
44	0.003871151883214253
45	0.0027487151338490704
46	9.759044907206798E-4
47	0.0030734204861268886
48	7.874570068160705E-4
49	1.3734372115781855E-4
50	8.472483081216164E-4
>>END_MODULE
>>Sequence Length Distribution	warn
#Length	Count
20	31131.0
21	32041.0
22	32572.0
23	33535.0
24	34117.0
25	34982.0
26	36227.0
27	37494.0
28	38670.0
29	41415.0
30	42041.0
31	43037.0
32	44276.0
33	44364.0
34	44998.0
35	46462.0
36	46297.0
37	48564.0
38	50751.0
39	53793.0
40	55179.0
41	59998.0
42	63655.0
43	76755.0
44	111990.0
45	186569.0
46	437777.0
47	901376.0
48	1777602.0
49	2423405.0
50	8498099.0
>>END_MODULE
>>Sequence Duplication Levels	warn
#Total Duplicate Percentage	27.095540585159586
#Duplication Level	Relative count
1	100.0
2	18.000229827561732
3	6.460182374929869
4	3.1729722787402745
5	1.6966681763182976
6	1.0565308205519917
7	0.7090856242860136
8	0.4927773308908522
9	0.3792154768583924
10++	3.225021461838485
>>END_MODULE
>>Overrepresented sequences	pass
>>END_MODULE
>>Kmer Content	warn
#Sequence	Count	Obs/Exp Overall	Obs/Exp Max	Max Obs/Exp Position
AAAAA	4524745	4.2215214	5.295185	46
TTTTT	3686950	3.3488302	4.1758575	13
>>END_MODULE
