##FastQC	0.10.1
>>Basic Statistics	pass
#Measure	Value	
Filename	029-F5_S4_L001_R2_001_trimmed.fq.gz	
File type	Conventional base calls	
Encoding	Sanger / Illumina 1.9	
Total Sequences	25044294	
Filtered Sequences	0	
Sequence length	20-51	
%GC	45	
>>END_MODULE
>>Per base sequence quality	pass
#Base	Mean	Median	Lower Quartile	Upper Quartile	10th Percentile	90th Percentile
1	34.751117360305706	36.0	36.0	36.0	32.0	36.0
2	34.74200091246333	36.0	36.0	36.0	32.0	36.0
3	34.71507973033698	36.0	36.0	36.0	32.0	36.0
4	34.7097475377026	36.0	36.0	36.0	32.0	36.0
5	34.69822243741429	36.0	36.0	36.0	32.0	36.0
6	34.67572186303195	36.0	36.0	36.0	32.0	36.0
7	34.66113047546878	36.0	36.0	36.0	32.0	36.0
8	34.65056259920922	36.0	36.0	36.0	32.0	36.0
9	34.6298839568007	36.0	36.0	36.0	32.0	36.0
10	34.61918052072061	36.0	36.0	36.0	32.0	36.0
11	34.609847257023894	36.0	36.0	36.0	32.0	36.0
12	34.5899814943875	36.0	36.0	36.0	32.0	36.0
13	34.569427710759186	36.0	36.0	36.0	32.0	36.0
14	34.55698224114443	36.0	36.0	36.0	32.0	36.0
15	34.5406177950155	36.0	36.0	36.0	32.0	36.0
16	34.50694198047667	36.0	36.0	36.0	32.0	36.0
17	34.50344561519682	36.0	36.0	36.0	32.0	36.0
18	34.48165574162322	36.0	36.0	36.0	32.0	36.0
19	34.46898694768557	36.0	36.0	36.0	32.0	36.0
20	34.4612594389764	36.0	36.0	36.0	32.0	36.0
21	34.43546407710376	36.0	36.0	36.0	32.0	36.0
22	34.40865176827507	36.0	36.0	36.0	32.0	36.0
23	34.385242607520055	36.0	36.0	36.0	32.0	36.0
24	34.35293134988275	36.0	36.0	36.0	32.0	36.0
25	34.330893403228885	36.0	36.0	36.0	32.0	36.0
26	34.30704859456143	36.0	36.0	36.0	32.0	36.0
27	34.283362394678036	36.0	36.0	36.0	32.0	36.0
28	34.24707927282753	36.0	36.0	36.0	32.0	36.0
29	34.23399087109052	36.0	36.0	36.0	32.0	36.0
30	34.19803208258437	36.0	36.0	36.0	32.0	36.0
31	34.14883302087252	36.0	36.0	36.0	32.0	36.0
32	34.13030168643423	36.0	36.0	36.0	32.0	36.0
33	34.098077660006034	36.0	36.0	36.0	32.0	36.0
34	34.04265752112719	36.0	36.0	36.0	32.0	36.0
35	34.02120489334652	36.0	36.0	36.0	32.0	36.0
36	33.99967752958946	36.0	36.0	36.0	32.0	36.0
37	33.96016112170489	36.0	36.0	36.0	32.0	36.0
38	33.94454197975627	36.0	36.0	36.0	32.0	36.0
39	33.905652778543285	36.0	36.0	36.0	32.0	36.0
40	33.888601199778165	36.0	36.0	36.0	32.0	36.0
41	33.87084189977529	36.0	36.0	36.0	32.0	36.0
42	33.83788062085359	36.0	36.0	36.0	32.0	36.0
43	33.83909317437777	36.0	36.0	36.0	32.0	36.0
44	33.821475572204974	36.0	36.0	36.0	27.0	36.0
45	33.79998931551511	36.0	36.0	36.0	27.0	36.0
46	33.80652154974872	36.0	36.0	36.0	27.0	36.0
47	33.79523681482844	36.0	36.0	36.0	27.0	36.0
48	33.817087948890205	36.0	36.0	36.0	27.0	36.0
49	33.85308359021039	36.0	36.0	36.0	27.0	36.0
50	33.95927769649526	36.0	36.0	36.0	32.0	36.0
51	34.10971590554569	36.0	36.0	36.0	32.0	36.0
>>END_MODULE
>>Per sequence quality scores	pass
#Quality	Count
2	24.0
3	27.0
4	30.0
5	27.0
6	33.0
7	51.0
8	106.0
9	170.0
10	182.0
11	203.0
12	253.0
13	289.0
14	1890.0
15	3006.0
16	5022.0
17	8013.0
18	12586.0
19	20002.0
20	31510.0
21	47618.0
22	70093.0
23	99533.0
24	138890.0
25	188442.0
26	249769.0
27	320822.0
28	406907.0
29	509512.0
30	641688.0
31	819930.0
32	1104036.0
33	1638845.0
34	3110277.0
35	1.1452223E7
36	4162285.0
>>END_MODULE
>>Per base sequence content	pass
#Base	G	A	T	C
1	22.83513837306817	26.586166686633923	27.212850924483845	23.365844015814066
2	22.712970525564284	26.474830940308564	27.504238048057555	23.307960486069597
3	22.7686700041113	26.584868839831817	27.318767977944848	23.327693178112042
4	22.874463322130357	26.433143656636698	27.47361406187267	23.218778959360275
5	23.069255067439332	26.474385169756324	27.062586190805764	23.393773571998576
6	22.642103007142016	26.784478139106277	27.25528263384402	23.318136219907686
7	22.697499575094536	26.752687127728503	27.25797720078668	23.291836096390284
8	22.85493309761348	26.57920508122384	27.269548995701488	23.296312825461193
9	22.56683113299026	26.802405360914754	27.467707673509285	23.163055832585705
10	22.757965954193917	26.832214690591726	27.259647222898558	23.150172132315795
11	23.07721121259637	26.81056362882564	27.05367088441795	23.058554274160038
12	22.527063884628053	26.918237341186696	27.431365103694326	23.123333670490922
13	22.696455920743652	26.753582566996688	27.471000596976346	23.078960915283318
14	22.713965313154453	26.4917268502766	27.607236250421323	23.187071586147624
15	22.62512049767607	26.799222297275765	27.436113767537908	23.13954343751026
16	22.82741791844585	27.16470537108573	27.20301046915477	22.80486624131365
17	22.95467747176538	26.83658028402844	27.064401485482737	23.14434075872344
18	22.819314495552725	27.130772536129538	27.122397461549642	22.927515506768096
19	22.876317840829905	26.951519048565537	27.294715074335112	22.87744803626945
20	22.85849887321101	26.726946053786428	27.245701502376	23.16885357062656
21	22.85933513373539	26.921034807595234	27.287782435805063	22.931847622864314
22	22.765241617181225	26.92092007696219	27.34384482710433	22.96999347875225
23	22.903667207964084	26.719482508151103	27.16528844428792	23.211561839596897
24	22.74947588642786	27.100379403636936	27.289119065688954	22.86102564424625
25	22.848653277494588	27.00523042359967	27.128293992239787	23.017822306665956
26	22.935284471081662	27.14257484985631	26.977083105297638	22.945057573764384
27	22.75820243779233	27.15760816349822	27.213581772778355	22.870607625931097
28	22.72316332357551	27.038035359144843	27.153368622145912	23.085432695133736
29	22.86839857219125	26.92471933295087	27.225124195833477	22.9817578990244
30	22.812057032163203	27.065189149626256	27.18630401873178	22.936449799478762
31	22.904821692396304	27.05694307248361	27.093753697130268	22.944481537989816
32	22.87105420789952	27.00685515180555	27.070847459101934	23.051243181193
33	22.739807538851174	27.01369470396625	27.249563921191672	22.99693383599091
34	22.92563191413553	27.252678033527726	27.08690036116808	22.734789691168665
35	22.921553149598882	27.042252366838593	27.002413393279294	23.033781090283227
36	23.01067038905083	27.210453061790908	26.950938061813943	22.82793848734432
37	22.805294927209033	27.08007680913955	27.137259777817125	22.977368485834297
38	22.789466351890336	26.903044580673797	27.15015585971907	23.1573332077168
39	22.664115582527824	27.087236662851154	27.228543073926797	23.020104680694224
40	22.83713277650284	27.09725971757983	27.18160351831258	22.884003987604746
41	23.029349436862997	27.100359680115087	27.01607711536269	22.85421376765922
42	22.885106470167838	27.264203988142878	27.022551340233875	22.82813820145541
43	22.909656006051048	27.243007424330752	26.999429963056997	22.8479066065612
44	22.929117519009708	26.999975895899297	26.983009168730625	23.08789741636037
45	22.72590547233197	27.1178971013248	27.233563166127727	22.9226342602155
46	22.879782134746897	27.17396933516327	26.963179087700052	22.98306944238978
47	22.852456521614524	27.127265007217243	27.067613179094145	22.952665292074087
48	22.866960130396308	27.43829510433798	27.12188883862046	22.57285592664525
49	23.118426024375886	27.451918709896862	27.03064441121681	22.399010854510447
50	23.1145334075119	27.612714096514722	27.195930847620332	22.076821648353047
51	22.741953039793778	27.929004969418415	27.409252510684844	21.91978948010296
>>END_MODULE
>>Per base GC content	pass
#Base	%GC
1	46.20098238888223
2	46.020931011633884
3	46.09636318222334
4	46.09324228149063
5	46.46302863943791
6	45.9602392270497
7	45.98933567148482
8	46.151245923074676
9	45.72988696557596
10	45.908138086509716
11	46.135765486756405
12	45.65039755511898
13	45.77541683602697
14	45.90103689930208
15	45.76466393518633
16	45.6322841597595
17	46.09901823048882
18	45.74683000232082
19	45.75376587709935
20	46.02735244383757
21	45.7911827565997
22	45.73523509593348
23	46.11522904756098
24	45.61050153067411
25	45.86647558416054
26	45.880342044846046
27	45.62881006372343
28	45.808596018709245
29	45.850156471215655
30	45.74850683164197
31	45.84930323038613
32	45.92229738909252
33	45.736741374842076
34	45.660421605304194
35	45.95533423988211
36	45.838608876395156
37	45.78266341304333
38	45.94679955960713
39	45.684220263222045
40	45.72113676410759
41	45.88356320452222
42	45.71324467162325
43	45.757562612612254
44	46.017014935370085
45	45.64853973254747
46	45.862851577136674
47	45.80512181368861
48	45.43981605704156
49	45.517436878886336
50	45.191355055864946
51	44.66174251989674
>>END_MODULE
>>Per sequence GC content	pass
#GC Content	Count
0	9389.0
1	8508.0
2	6463.5
3	5633.0
4	6089.0
5	7083.5
6	8177.5
7	9710.5
8	11345.5
9	13958.5
10	16690.0
11	21437.5
12	26301.0
13	34320.5
14	43130.5
15	57608.0
16	72790.0
17	95021.0
18	118299.0
19	149541.5
20	181686.0
21	222199.5
22	263389.5
23	313603.5
24	365479.0
25	417447.0
26	514610.0
27	581826.5
28	654864.5
29	729519.0
30	808668.5
31	889774.0
32	973480.0
33	1058909.5
34	1144036.0
35	1228233.5
36	1300772.0
37	1368450.0
38	1417307.0
39	1465069.0
40	1492874.5
41	1517887.5
42	1533265.5
43	1540567.0
44	1529118.5
45	1513402.5
46	1492836.5
47	1469886.0
48	1443251.5
49	1415938.0
50	1389586.0
51	1363494.5
52	1335918.5
53	1307377.5
54	1279291.0
55	1247882.5
56	1209992.5
57	1167504.5
58	1113774.5
59	1052346.0
60	983197.5
61	908307.0
62	831104.5
63	757932.5
64	677332.5
65	599512.5
66	527762.0
67	457622.5
68	393848.5
69	332354.5
70	282430.0
71	235865.0
72	197518.5
73	161757.5
74	131571.5
75	98058.0
76	81465.5
77	66696.0
78	52901.5
79	42489.5
80	33063.0
81	26843.5
82	21464.5
83	17571.0
84	13915.5
85	11146.5
86	8729.5
87	7336.5
88	5999.5
89	4847.0
90	3847.5
91	3383.0
92	3009.5
93	2720.5
94	2422.0
95	2292.5
96	2205.0
97	2302.5
98	2901.0
99	17073.0
100	30759.0
>>END_MODULE
>>Per base N content	pass
#Base	N-Count
1	0.013152696578310412
2	0.010760934207209036
3	0.02386172275409321
4	0.010924644152476409
5	0.01275739695437212
6	0.00989047644944593
7	0.013695734445538772
8	0.008536874706869356
9	0.011563512231568596
10	0.013508066947305443
11	0.010669096920839533
12	0.006400659567404855
13	0.02575836236389814
14	0.01698590505286354
15	0.01753692877108055
16	0.033788135532988074
17	0.024907869233606664
18	0.022803597498096774
19	0.017477034888665657
20	0.018195761477644366
21	0.01362599375540629
22	0.03357136735557918
23	0.030519776538036267
24	0.010180108213463464
25	0.024612303771741756
26	0.011643880172667423
27	0.0167313275001553
28	0.01835830529934821
29	0.016277050876857924
30	0.012714015865785707
31	0.03874421281850726
32	0.029543229664225606
33	0.021602238436290905
34	0.021976693398925055
35	0.02124983457407262
36	0.021983600574287845
37	0.03612967590015755
38	0.025538567558153473
39	0.02721910462003571
40	0.030855448505773535
41	0.0176504650492752
42	0.03520488851552551
43	0.015275692910485502
44	0.00796438439915737
45	0.008969479288713432
46	0.00527790023533302
47	0.013041803596125312
48	0.011039047897036513
49	0.008213722615888125
50	0.006601844850135552
51	0.00895863843077613
>>END_MODULE
>>Sequence Length Distribution	warn
#Length	Count
20	47952.0
21	49488.0
22	51521.0
23	52768.0
24	54150.0
25	54392.0
26	55766.0
27	57248.0
28	58820.0
29	61669.0
30	63322.0
31	66132.0
32	68029.0
33	68272.0
34	69871.0
35	69660.0
36	70662.0
37	72563.0
38	75397.0
39	78546.0
40	81977.0
41	85848.0
42	89574.0
43	98805.0
44	118323.0
45	170392.0
46	295879.0
47	735795.0
48	1521800.0
49	3089416.0
50	4160014.0
51	1.3350243E7
>>END_MODULE
>>Sequence Duplication Levels	warn
#Total Duplicate Percentage	35.79007982990619
#Duplication Level	Relative count
1	100.0
2	22.512896376750497
3	10.017399569226525
4	5.486613062707434
5	3.3795022343499688
6	2.1699638978101072
7	1.5107731694043522
8	1.1313552501475515
9	0.8699784613261997
10++	6.221687374964549
>>END_MODULE
>>Overrepresented sequences	warn
#Sequence	Count	Percentage	Possible Source
GGGGGGGGGGGGGGGGGGGGGGGGGGGGGGGGGGGGGGGGGGGGGGGGGGG	25045	0.100002819005399	No Hit
>>END_MODULE
>>Kmer Content	warn
#Sequence	Count	Obs/Exp Overall	Obs/Exp Max	Max Obs/Exp Position
AAAAA	6706110	4.179516	5.090106	47
TTTTT	5946430	3.544963	3.962554	47
GGGGG	2460490	3.523876	5.1063533	47
CCTGG	2538135	3.0033467	3.6058059	19
>>END_MODULE
