##FastQC	0.10.1
>>Basic Statistics	pass
#Measure	Value	
Filename	KS27_S1_L004_R2_001_trimmed.fq.gz	
File type	Conventional base calls	
Encoding	Sanger / Illumina 1.9	
Total Sequences	19762564	
Filtered Sequences	0	
Sequence length	20-50	
%GC	44	
>>END_MODULE
>>Per base sequence quality	pass
#Base	Mean	Median	Lower Quartile	Upper Quartile	10th Percentile	90th Percentile
1	34.808275231898044	36.0	36.0	36.0	36.0	36.0
2	34.80156006072896	36.0	36.0	36.0	32.0	36.0
3	34.792348755961015	36.0	36.0	36.0	32.0	36.0
4	34.7791277488083	36.0	36.0	36.0	32.0	36.0
5	34.75882299483002	36.0	36.0	36.0	32.0	36.0
6	34.74024731811115	36.0	36.0	36.0	32.0	36.0
7	34.7326657107853	36.0	36.0	36.0	32.0	36.0
8	34.729691096762544	36.0	36.0	36.0	32.0	36.0
9	34.70793951635021	36.0	36.0	36.0	32.0	36.0
10	34.68387173850519	36.0	36.0	36.0	32.0	36.0
11	34.675115536627736	36.0	36.0	36.0	32.0	36.0
12	34.660928055691556	36.0	36.0	36.0	32.0	36.0
13	34.639566961048175	36.0	36.0	36.0	32.0	36.0
14	34.625264970678906	36.0	36.0	36.0	32.0	36.0
15	34.605984931914705	36.0	36.0	36.0	32.0	36.0
16	34.59070189475414	36.0	36.0	36.0	32.0	36.0
17	34.578456773119115	36.0	36.0	36.0	32.0	36.0
18	34.56014796460621	36.0	36.0	36.0	32.0	36.0
19	34.54249529565091	36.0	36.0	36.0	32.0	36.0
20	34.52947522396386	36.0	36.0	36.0	32.0	36.0
21	34.51946717497569	36.0	36.0	36.0	32.0	36.0
22	34.504828466393306	36.0	36.0	36.0	32.0	36.0
23	34.48780908057852	36.0	36.0	36.0	32.0	36.0
24	34.46495307856439	36.0	36.0	36.0	32.0	36.0
25	34.44364248924152	36.0	36.0	36.0	32.0	36.0
26	34.41826164225059	36.0	36.0	36.0	32.0	36.0
27	34.40296838340656	36.0	36.0	36.0	32.0	36.0
28	34.38067535232216	36.0	36.0	36.0	32.0	36.0
29	34.35603723848283	36.0	36.0	36.0	32.0	36.0
30	34.343718145154114	36.0	36.0	36.0	32.0	36.0
31	34.31559399954024	36.0	36.0	36.0	32.0	36.0
32	34.29410426628124	36.0	36.0	36.0	32.0	36.0
33	34.26524700755587	36.0	36.0	36.0	32.0	36.0
34	34.228404813958825	36.0	36.0	36.0	32.0	36.0
35	34.204937360469614	36.0	36.0	36.0	32.0	36.0
36	34.18795640003918	36.0	36.0	36.0	32.0	36.0
37	34.170047443944455	36.0	36.0	36.0	32.0	36.0
38	34.14480444332134	36.0	36.0	36.0	32.0	36.0
39	34.10928185491858	36.0	36.0	36.0	32.0	36.0
40	34.097183995257325	36.0	36.0	36.0	32.0	36.0
41	34.0709469822059	36.0	36.0	36.0	32.0	36.0
42	34.05619918262272	36.0	36.0	36.0	32.0	36.0
43	34.037200568709444	36.0	36.0	36.0	32.0	36.0
44	34.01399548785912	36.0	36.0	36.0	32.0	36.0
45	33.9912647818925	36.0	36.0	36.0	32.0	36.0
46	33.99291759402379	36.0	36.0	36.0	32.0	36.0
47	33.99313894302262	36.0	36.0	36.0	32.0	36.0
48	34.01839218058101	36.0	36.0	36.0	32.0	36.0
49	34.095768442421736	36.0	36.0	36.0	32.0	36.0
50	34.25904644491731	36.0	36.0	36.0	32.0	36.0
>>END_MODULE
>>Per sequence quality scores	pass
#Quality	Count
14	1291.0
15	2625.0
16	4707.0
17	7665.0
18	11699.0
19	17865.0
20	27409.0
21	38827.0
22	54713.0
23	75617.0
24	102048.0
25	136008.0
26	178223.0
27	228506.0
28	290218.0
29	364693.0
30	457607.0
31	592644.0
32	802566.0
33	1200357.0
34	2283243.0
35	8785784.0
36	4098249.0
>>END_MODULE
>>Per base sequence content	pass
#Base	G	A	T	C
1	22.194599850505227	27.16708216605902	27.797137051649777	22.841180931785978
2	22.15141719465146	27.070404427279783	28.046502467999595	22.73167591006916
3	22.133448878394525	27.18466591683144	27.877738941161684	22.804146263612353
4	22.205155161040846	26.964896862573095	28.142896842737613	22.68705113364845
5	22.359264718889715	26.996542553891285	27.751464840290968	22.892727886928032
6	21.913047315115588	27.31926383641313	27.945938593797848	22.821750254673432
7	21.922742413383205	27.345545851236714	28.027329854567455	22.704381880812633
8	22.09109101430361	27.215810661005325	28.001847331145896	22.69125099354517
9	21.815600445367313	27.384720929936012	28.157146005953475	22.642532618743193
10	21.962686623051546	27.47958210280812	27.990037122713428	22.56769415142691
11	22.343320431498668	27.490481498250936	27.724292252766393	22.441905817484006
12	21.788200154595323	27.61647223508043	28.09519554244075	22.5001320678835
13	21.92227182667188	27.38617317064729	28.191261012488056	22.50029399019277
14	21.938868863372182	27.145966484915622	28.345552732934852	22.56961191877734
15	21.84324867967537	27.403053571388813	28.20787322940485	22.545824519530967
16	21.982668848030045	27.76529401751716	28.037460119041235	22.214577015411564
17	22.083288383025604	27.51240679094069	27.843375991091037	22.560928834942672
18	21.974486711339683	27.84577446529711	27.881989401780054	22.297749421583152
19	22.01342396664724	27.67766368776845	28.080931199008386	22.22798114657592
20	22.03427146396591	27.45280420091239	28.052893339143647	22.46003099597805
21	22.020292351627607	27.59890382953173	28.087952734878062	22.292851083962603
22	21.93412279810679	27.683472598763693	28.143376989502528	22.239027613626984
23	22.06575923761794	27.471118705238005	27.989790446509666	22.473331610634386
24	21.946170792177007	27.80099757376296	28.010432809119735	22.2423988249403
25	21.993974041987922	27.739807207775375	27.91914018183612	22.34707856840058
26	22.11909300295073	27.78453726294689	27.795248969055535	22.301120765046843
27	21.963239518864615	27.86847374055952	27.967834515330058	22.200452225245808
28	21.864349499133386	27.790277918231183	27.936663937833394	22.408708644802037
29	22.05658170374126	27.656552907941766	28.001045634704862	22.285819753612113
30	21.98836299346447	27.839287273479773	27.92122931153965	22.251120421516102
31	22.049862760625693	27.840912377331577	27.925283509372267	22.183941352670463
32	22.066675691103672	27.78265021061775	27.831871150721817	22.31880294755676
33	21.914437452532304	27.715031581143073	28.03066080165223	22.339870164672387
34	22.091901495232328	27.968037838133732	27.882817742330513	22.05724292430343
35	22.074332338806695	27.756522295933824	27.82766825127957	22.34147711397992
36	22.16948208937528	27.935821764927237	27.732255620106088	22.162440525591393
37	21.9599463205775	27.861760721816214	27.8808161527276	22.297476804878684
38	21.938767252693193	27.71048708410114	27.923225680116374	22.42751998308929
39	21.8906299337239	27.840742396730032	27.956214844951056	22.312412824595004
40	21.984865910145533	27.845166443540776	27.981434279297844	22.188533367015843
41	22.179261930541497	27.881255299514923	27.79770579979017	22.141776970153412
42	22.10824972608611	27.970332618095643	27.76651202420083	22.154905631617414
43	22.060314838017273	28.031847603588457	27.808823062321498	22.099014496072776
44	22.135522716416567	27.751752377532206	27.731516611200433	22.381208294850786
45	21.941485451824043	27.868738090889728	27.92557723584604	22.264199221440187
46	22.002435271041065	27.990801270635473	27.744089483003375	22.262673975320087
47	22.035482532613575	27.938242210237245	27.806671333560157	22.21960392358902
48	22.017036100994915	28.316789041415973	27.936175992533137	21.729998865055975
49	22.085152496431213	28.64668399997907	28.104762592717602	21.163400910872113
50	21.915658576595558	28.56177854289616	28.20899995248949	21.313562928018793
>>END_MODULE
>>Per base GC content	pass
#Base	%GC
1	45.035780782291205
2	44.88309310472062
3	44.93759514200688
4	44.89220629468929
5	45.25199260581775
6	44.73479756978902
7	44.62712429419584
8	44.78234200784878
9	44.458133064110505
10	44.53038077447845
11	44.785226248982674
12	44.28833222247883
13	44.422565816864655
14	44.508480782149526
15	44.38907319920634
16	44.19724586344161
17	44.644217217968276
18	44.272236132922835
19	44.241405113223166
20	44.49430245994396
21	44.31314343559021
22	44.17315041173378
23	44.53909084825233
24	44.18856961711731
25	44.3410526103885
26	44.42021376799757
27	44.16369174411042
28	44.27305814393542
29	44.34240145735337
30	44.239483414980576
31	44.23380411329615
32	44.38547863866043
33	44.25430761720469
34	44.14914441953576
35	44.41580945278661
36	44.33192261496667
37	44.257423125456185
38	44.36628723578249
39	44.20304275831891
40	44.17339927716138
41	44.32103890069491
42	44.263155357703525
43	44.15932933409005
44	44.51673101126735
45	44.20568467326423
46	44.26510924636115
47	44.2550864562026
48	43.74703496605089
49	43.248553407303326
50	43.22922150461435
>>END_MODULE
>>Per sequence GC content	pass
#GC Content	Count
0	10827.0
1	9041.0
2	6606.0
3	6456.0
4	7015.0
5	7924.0
6	8969.0
7	10509.0
8	12051.0
9	14799.0
10	17825.5
11	23006.0
12	28306.0
13	36705.5
14	46549.0
15	62439.0
16	79583.0
17	103223.5
18	128150.5
19	160098.5
20	193248.5
21	233792.0
22	275546.5
23	325031.5
24	376919.5
25	423669.0
26	477175.0
27	537248.5
28	599821.5
29	666281.5
30	733910.5
31	801878.0
32	871929.0
33	940379.5
34	1011043.5
35	1072177.0
36	1126565.0
37	1166926.5
38	1197662.5
39	1215848.0
40	1230935.0
41	1234587.0
42	1235193.0
43	1221633.5
44	1203463.0
45	1174438.5
46	1143998.0
47	1112360.5
48	1079486.0
49	1046373.5
50	1014909.5
51	987077.0
52	957123.0
53	927295.0
54	898795.0
55	870788.0
56	839493.0
57	801428.0
58	761275.0
59	711527.0
60	660896.0
61	607513.0
62	552451.5
63	506194.5
64	451668.0
65	399108.5
66	348131.0
67	303350.0
68	260227.5
69	221078.5
70	186679.0
71	156521.5
72	129404.0
73	106798.5
74	86084.0
75	70728.0
76	59343.0
77	48596.5
78	39119.0
79	31722.5
80	25205.0
81	20644.5
82	16763.5
83	13531.5
84	10587.0
85	8419.5
86	6585.0
87	5184.0
88	4299.5
89	3540.0
90	2792.0
91	2382.0
92	2069.5
93	1816.0
94	1578.5
95	1563.5
96	1581.0
97	1699.5
98	2542.5
99	10309.5
100	17351.0
>>END_MODULE
>>Per base N content	pass
#Base	N-Count
1	0.0
2	0.0
3	0.0
4	0.0
5	0.0
6	0.0
7	0.0
8	0.0
9	0.0
10	0.0
11	0.0
12	0.0
13	0.0
14	0.0
15	0.0
16	0.0
17	0.0
18	0.0
19	0.0
20	0.0
21	0.0
22	0.0
23	0.0
24	0.0
25	0.0
26	0.0
27	0.0
28	0.0
29	0.0
30	0.0
31	0.0
32	0.0
33	0.0
34	0.0
35	0.0
36	0.0
37	0.0
38	0.0
39	0.0
40	0.0
41	0.0
42	0.0
43	0.0
44	0.0
45	0.0
46	0.0
47	0.0
48	0.0
49	0.0
50	0.0
>>END_MODULE
>>Sequence Length Distribution	warn
#Length	Count
20	17095.0
21	17673.0
22	18413.0
23	18809.0
24	19345.0
25	19831.0
26	20915.0
27	21370.0
28	22923.0
29	24802.0
30	25085.0
31	26314.0
32	27002.0
33	27482.0
34	27837.0
35	28568.0
36	29294.0
37	30579.0
38	33323.0
39	35766.0
40	38425.0
41	42288.0
42	47137.0
43	62210.0
44	101960.0
45	200742.0
46	533977.0
47	1158856.0
48	2368756.0
49	3223593.0
50	1.1492194E7
>>END_MODULE
>>Sequence Duplication Levels	warn
#Total Duplicate Percentage	34.77546711915238
#Duplication Level	Relative count
1	100.0
2	22.922007698648578
3	10.051349532257943
4	5.249147325513684
5	3.160378428658938
6	1.9473497137584983
7	1.3415916086243014
8	0.9974968048339649
9	0.7456647835983997
10++	4.835477308649258
>>END_MODULE
>>Overrepresented sequences	pass
>>END_MODULE
>>Kmer Content	warn
#Sequence	Count	Obs/Exp Overall	Obs/Exp Max	Max Obs/Exp Position
AAAAA	6648995	4.6513863	5.874624	46
TTTTT	5340340	3.5447395	4.0712876	46
GGGGG	1477510	3.2280567	4.0283456	46
CCTGG	1823295	3.0458684	3.7637138	9
>>END_MODULE
