##FastQC	0.10.1
>>Basic Statistics	pass
#Measure	Value	
Filename	030-F0_S1_L001_R2_001_trimmed.fq.gz	
File type	Conventional base calls	
Encoding	Sanger / Illumina 1.9	
Total Sequences	17535465	
Filtered Sequences	0	
Sequence length	20-51	
%GC	43	
>>END_MODULE
>>Per base sequence quality	pass
#Base	Mean	Median	Lower Quartile	Upper Quartile	10th Percentile	90th Percentile
1	34.70378356091498	36.0	36.0	36.0	32.0	36.0
2	34.69409456778021	36.0	36.0	36.0	32.0	36.0
3	34.67140609045725	36.0	36.0	36.0	32.0	36.0
4	34.67624628146445	36.0	36.0	36.0	32.0	36.0
5	34.645245677830616	36.0	36.0	36.0	32.0	36.0
6	34.641049781115015	36.0	36.0	36.0	32.0	36.0
7	34.61658153918359	36.0	36.0	36.0	32.0	36.0
8	34.59441942372215	36.0	36.0	36.0	32.0	36.0
9	34.587720143149895	36.0	36.0	36.0	32.0	36.0
10	34.56306154413356	36.0	36.0	36.0	32.0	36.0
11	34.55379506617019	36.0	36.0	36.0	32.0	36.0
12	34.53113977872842	36.0	36.0	36.0	32.0	36.0
13	34.53141020212467	36.0	36.0	36.0	32.0	36.0
14	34.51870731685758	36.0	36.0	36.0	32.0	36.0
15	34.50626076924678	36.0	36.0	36.0	32.0	36.0
16	34.48056210656518	36.0	36.0	36.0	32.0	36.0
17	34.449892660388535	36.0	36.0	36.0	32.0	36.0
18	34.45001264580095	36.0	36.0	36.0	32.0	36.0
19	34.40925661224267	36.0	36.0	36.0	32.0	36.0
20	34.42601698899915	36.0	36.0	36.0	32.0	36.0
21	34.39988846587218	36.0	36.0	36.0	32.0	36.0
22	34.40086716224463	36.0	36.0	36.0	32.0	36.0
23	34.382714891396894	36.0	36.0	36.0	32.0	36.0
24	34.35718091081007	36.0	36.0	36.0	32.0	36.0
25	34.336578686133066	36.0	36.0	36.0	32.0	36.0
26	34.290282773177445	36.0	36.0	36.0	32.0	36.0
27	34.30049615263006	36.0	36.0	36.0	32.0	36.0
28	34.27682365842547	36.0	36.0	36.0	32.0	36.0
29	34.24242994616105	36.0	36.0	36.0	32.0	36.0
30	34.23546634371043	36.0	36.0	36.0	32.0	36.0
31	34.2055951234391	36.0	36.0	36.0	32.0	36.0
32	34.18051579215583	36.0	36.0	36.0	32.0	36.0
33	34.12481697535211	36.0	36.0	36.0	32.0	36.0
34	34.11268160224668	36.0	36.0	36.0	32.0	36.0
35	34.059647226844206	36.0	36.0	36.0	32.0	36.0
36	34.03232346399893	36.0	36.0	36.0	32.0	36.0
37	34.03393832213873	36.0	36.0	36.0	32.0	36.0
38	33.98714278787792	36.0	36.0	36.0	32.0	36.0
39	33.9877605587009	36.0	36.0	36.0	32.0	36.0
40	33.96835871050775	36.0	36.0	36.0	32.0	36.0
41	33.92903773915658	36.0	36.0	36.0	32.0	36.0
42	33.902704105261726	36.0	36.0	36.0	32.0	36.0
43	33.88585112252564	36.0	36.0	36.0	32.0	36.0
44	33.84673506466073	36.0	36.0	36.0	32.0	36.0
45	33.83206250053565	36.0	36.0	36.0	32.0	36.0
46	33.812828429540055	36.0	36.0	36.0	32.0	36.0
47	33.80888528397561	36.0	36.0	36.0	27.0	36.0
48	33.80943967964372	36.0	36.0	36.0	27.0	36.0
49	33.8767573748674	36.0	36.0	36.0	32.0	36.0
50	33.95228355967267	36.0	36.0	36.0	32.0	36.0
51	34.083009598421164	36.0	36.0	36.0	32.0	36.0
>>END_MODULE
>>Per sequence quality scores	pass
#Quality	Count
14	1128.0
15	2572.0
16	4971.0
17	8371.0
18	13398.0
19	20383.0
20	29378.0
21	40962.0
22	56110.0
23	75555.0
24	101433.0
25	134962.0
26	177437.0
27	227565.0
28	288581.0
29	360589.0
30	452776.0
31	572687.0
32	756907.0
33	1086284.0
34	1991461.0
35	7563947.0
36	3568008.0
>>END_MODULE
>>Per base sequence content	pass
#Base	G	A	T	C
1	21.64027586379945	27.496328155540784	27.558048788555077	23.305347192104687
2	21.90614848251814	28.57473696876587	27.93580894490109	21.5833056038149
3	21.20228348663694	28.429117790717267	28.413161555738615	21.95543716690718
4	22.32184319035737	27.026582984825325	29.135149823514805	21.516424001302504
5	21.750503907367154	27.75246621632218	28.53416205387197	21.962867822438696
6	20.893862808884737	28.532126179716364	28.802794793294616	21.771216218104282
7	21.149014297596327	28.49633585422457	28.41518602443676	21.93946382374234
8	20.965540406256693	28.466293879289772	27.92692979627287	22.64123591818067
9	21.51575678204142	28.045033308212812	27.94300008582607	22.496209823919695
10	21.099024177573845	28.03739735444712	28.761233306330915	22.102345161648124
11	22.591165959956008	27.59622855738357	27.9439296306086	21.868675852051826
12	21.092654229585587	28.63519729873146	28.46560955184251	21.80653891984045
13	21.043776141664907	28.474078104002377	29.041197367734473	21.440948386598247
14	21.249570513242734	28.14578911936467	29.15391180102723	21.450728566365363
15	21.076749319165476	28.599777650606928	28.82553727545862	21.497935754768978
16	20.969965723748984	28.53529119415995	29.273440995148974	21.221302086942092
17	21.220235676670107	28.044417413510274	27.98838810376571	22.7469588060539
18	21.23061464295358	29.26596471778764	27.97284246525541	21.53057817400337
19	22.059158396997173	28.086965472543785	28.375956953522476	21.47791917693657
20	22.501285252486888	27.618737227669754	28.57364204485025	21.30633547499311
21	22.37526332542624	27.650009517304696	28.61866090951614	21.35606624775292
22	21.421256073592275	28.820691852722053	28.66326374578746	21.09478832789821
23	21.15475047228091	28.649950263588646	28.809209979388772	21.386089284741672
24	20.875121764555153	28.867511950143893	28.604416074948897	21.652950210352056
25	21.167460342580256	28.93449656009829	28.152736815148806	21.74530628217265
26	21.297886762142028	27.990562983264372	28.497922282136585	22.21362797245701
27	22.26241808795468	28.05381233081372	28.257355905063385	21.426413676168217
28	20.966755153046538	28.66037380857976	28.299770722198147	22.073100316175555
29	22.171145197542778	27.89697620376732	28.075855098576664	21.856023500113235
30	21.126539712591832	29.390998050567706	27.859467488758256	21.622994748082206
31	21.272440058977825	28.73091108627096	28.399360616652725	21.597288238098493
32	21.254614268202403	29.221802837958066	27.96437326744723	21.559209626392306
33	21.129115921610975	27.90951578055079	29.136204582767135	21.825163715071096
34	21.361074417255615	29.045164633751618	28.520824186817812	21.072936762174958
35	21.2168333579313	27.6637488939023	28.884735701393154	22.234682046773244
36	21.603133807223518	28.41643681486558	27.881612936269917	22.098816441640984
37	21.271671644692947	28.500012544661814	27.9033196259425	22.324996184702737
38	21.55221273632569	28.758703957037724	27.53646596960646	22.152617337030126
39	21.636691515841015	28.485206960044597	27.714045649011286	22.164055875103102
40	21.157633186226423	28.110526059552697	28.982047216293626	21.74979353792725
41	21.778275822095136	27.972950079857828	28.382212061551915	21.86656203649512
42	21.87248088269237	27.79459359975622	28.736801929758133	21.596123587793283
43	21.587237418627904	28.803065076712354	28.142012037962395	21.46768546669735
44	21.628420952346747	28.203479720300155	27.909413190989536	22.25868613636357
45	21.903843351971997	28.73035686081975	27.87741456803153	21.488385219176724
46	21.514552251532734	29.924513361934896	27.401602125855305	21.15933226067706
47	21.961714771688733	28.189026178732522	27.69966461481421	22.149594434764534
48	21.869885058447785	28.79152429063639	28.397244780446616	20.941345870469206
49	22.27909545072514	28.280463400814526	28.50823086577239	20.93221028268795
50	23.17331168826545	28.17301063741998	28.123188898289204	20.530488776025372
51	21.920189238175304	29.659818546149992	27.986470283302967	20.433521932371736
>>END_MODULE
>>Per base GC content	pass
#Base	%GC
1	44.945623055904136
2	43.48945408633304
3	43.15772065354412
4	43.838267191659874
5	43.71337172980586
6	42.66507902698902
7	43.08847812133867
8	43.60677632443736
9	44.01196660596112
10	43.201369339221976
11	44.45984181200784
12	42.89919314942603
13	42.48472452826315
14	42.700299079608094
15	42.574685073934454
16	42.19126781069107
17	43.96719448272401
18	42.76119281695695
19	43.53707757393374
20	43.80762072747999
21	43.73132957317916
22	42.51604440149049
23	42.54083975702258
24	42.52807197490721
25	42.912766624752905
26	43.51151473459904
27	43.688831764122895
28	43.0398554692221
29	44.02716869765601
30	42.749534460674035
31	42.869728297076314
32	42.813823894594705
33	42.954279636682074
34	42.43401117943057
35	43.451515404704544
36	43.7019502488645
37	43.596667829395685
38	43.704830073355815
39	43.80074739094412
40	42.90742672415367
41	43.64483785859026
42	43.46860447048565
43	43.054922885325254
44	43.887107088710316
45	43.39222857114872
46	42.673884512209796
47	44.111309206453264
48	42.81123092891699
49	43.21130573341309
50	43.70380046429082
51	42.353711170547044
>>END_MODULE
>>Per sequence GC content	warn
#GC Content	Count
0	12757.0
1	10462.0
2	7495.5
3	7452.5
4	8199.5
5	9351.0
6	10545.0
7	11807.5
8	13116.0
9	15737.5
10	18520.5
11	23216.5
12	28012.0
13	34732.5
14	41925.0
15	53688.0
16	65976.5
17	84349.0
18	103484.5
19	129446.5
20	156056.0
21	186658.0
22	217961.0
23	257027.5
24	297817.0
25	341230.5
26	423788.0
27	481421.5
28	556425.5
29	635534.5
30	722554.0
31	810980.0
32	905468.0
33	1000471.0
34	1075479.5
35	1142371.0
36	1164003.0
37	1178223.0
38	1165393.0
39	1151704.0
40	1135986.5
41	1117879.5
42	1108992.5
43	1097229.0
44	1071328.0
45	1045724.0
46	1021442.5
47	994202.0
48	966391.0
49	938201.5
50	910188.0
51	880346.0
52	845330.5
53	809088.5
54	772038.0
55	732919.5
56	690914.0
57	647491.0
58	603132.5
59	556451.5
60	508249.0
61	458437.5
62	411223.0
63	367396.0
64	322620.0
65	280903.5
66	246987.5
67	214271.5
68	180782.5
69	146795.0
70	121858.0
71	100374.5
72	83641.5
73	68123.5
74	55811.5
75	42059.0
76	35146.0
77	29542.5
78	24085.5
79	19666.5
80	15795.5
81	13176.0
82	10794.0
83	8950.0
84	7174.0
85	5827.0
86	4627.0
87	3796.5
88	3025.5
89	2520.0
90	2093.0
91	1830.5
92	1590.0
93	1486.0
94	1397.5
95	1399.0
96	1416.0
97	1649.5
98	2665.5
99	10114.5
100	16782.0
>>END_MODULE
>>Per base N content	pass
#Base	N-Count
1	0.0
2	0.0
3	0.0
4	0.0
5	0.0
6	0.0
7	0.0
8	0.0
9	0.0
10	0.0
11	0.0
12	0.0
13	0.0
14	0.0
15	0.0
16	0.0
17	0.0
18	0.0
19	0.0
20	0.0
21	0.0
22	0.0
23	0.0
24	0.0
25	0.0
26	0.0
27	0.0
28	0.0
29	0.0
30	0.0
31	0.0
32	0.0
33	0.0
34	0.0
35	0.0
36	0.0
37	0.0
38	0.0
39	0.0
40	0.0
41	0.0
42	0.0
43	0.0
44	0.0
45	0.0
46	0.0
47	0.0
48	0.0
49	0.0
50	0.0
51	0.0
>>END_MODULE
>>Sequence Length Distribution	warn
#Length	Count
20	30509.0
21	30948.0
22	32058.0
23	32327.0
24	32673.0
25	34605.0
26	35977.0
27	37797.0
28	39037.0
29	42479.0
30	43662.0
31	43986.0
32	45693.0
33	45871.0
34	48446.0
35	51401.0
36	48235.0
37	50596.0
38	53008.0
39	56964.0
40	58996.0
41	68172.0
42	67903.0
43	77227.0
44	91675.0
45	121887.0
46	203085.0
47	473047.0
48	967956.0
49	1930184.0
50	2698572.0
51	9940489.0
>>END_MODULE
>>Sequence Duplication Levels	warn
#Total Duplicate Percentage	26.171495994656294
#Duplication Level	Relative count
1	100.0
2	15.977097270559955
3	5.552657126064072
4	2.6429274284619906
5	1.5109989895854659
6	0.9536199916789392
7	0.6306835817544231
8	0.4695455776203087
9	0.3718061324897803
10++	3.9709951592558594
>>END_MODULE
>>Overrepresented sequences	pass
>>END_MODULE
>>Kmer Content	warn
#Sequence	Count	Obs/Exp Overall	Obs/Exp Max	Max Obs/Exp Position
AAAAA	6751085	4.6393223	5.9735355	47
GGGGG	1499785	4.097959	5.638945	47
TTTTT	5436790	3.755499	6.088767	13
TTTTC	3579120	3.2232566	6.667809	4
GAAAA	3494080	3.164502	8.453924	4
AGAAA	3363250	3.0460124	7.850111	28
CCAGG	1430630	2.9085474	5.6013284	35
AAGAA	2789240	2.5261457	5.4034786	2
GGAAA	1990035	2.3753343	8.381239	20
GAGAA	1967335	2.3482392	8.793249	27
TTTCC	1956955	2.297698	5.102426	22
AAAAT	3260245	2.2427456	5.9168324	22
TCCTC	1454935	2.227149	5.8520994	24
GGTGG	1067730	2.2159367	5.3324423	18
ATTTT	3201985	2.2095077	5.134264	2
CCACC	1096820	2.1866827	6.6299624	8
TTCCT	1846930	2.168516	5.136412	23
GAGGA	1372495	2.159068	5.0423145	2
TGGAA	1772960	2.1184187	5.8270974	19
TTCAG	1704220	2.018544	5.5742097	15
TGAAA	2190065	1.9855386	6.755046	10
CTGAA	1675505	1.9824827	8.029712	9
TCCAC	1288865	1.9708989	5.5743766	35
AAATG	2131245	1.9322116	6.903216	23
CATTT	2127290	1.9137995	6.9029336	1
AAAAC	2061940	1.8492659	6.467394	5
GTGGA	1112150	1.7513291	6.4953203	47
TGAGA	1457595	1.7416053	8.106617	26
CACCT	1083915	1.6574944	5.1242747	9
CCACT	1078905	1.6498333	5.8251977	36
CATGG	1037050	1.617167	6.3193765	17
CAAGA	1286705	1.5208762	5.673842	1
AGTGG	949615	1.4953814	5.803506	46
CATCC	971245	1.4852024	5.148081	33
AATGA	1629350	1.4771878	6.3689857	24
ATGGA	1226105	1.4650097	5.2643437	18
ATGAG	1206250	1.4412861	7.7825065	25
CACTT	1221680	1.4329163	6.875396	37
ACTGA	1206520	1.4275726	7.311744	8
CTTGA	1201215	1.4227654	6.366835	47
AACTG	1191990	1.4103805	7.250913	7
AAACT	1489325	1.337093	5.850763	6
AAATC	1466700	1.3167807	6.092074	13
AAGTG	1095140	1.3085264	5.2986975	47
ACTTG	1090165	1.2912333	5.385677	46
AATCA	1315230	1.1807933	5.928501	14
CGCCA	490915	0.988339	5.1282516	28
CCTCG	438265	0.8832532	5.3235664	25
CTCGC	426605	0.8597543	5.0036583	26
TCGCC	416350	0.839087	5.0023975	27
>>END_MODULE
