##FastQC	0.10.1
>>Basic Statistics	pass
#Measure	Value	
Filename	001-F5_S2_L002_R2_001_trimmed.fq.gz	
File type	Conventional base calls	
Encoding	Sanger / Illumina 1.9	
Total Sequences	18901274	
Filtered Sequences	0	
Sequence length	20-51	
%GC	45	
>>END_MODULE
>>Per base sequence quality	pass
#Base	Mean	Median	Lower Quartile	Upper Quartile	10th Percentile	90th Percentile
1	34.77893982172842	36.0	36.0	36.0	32.0	36.0
2	34.76397077784281	36.0	36.0	36.0	32.0	36.0
3	34.74767669099977	36.0	36.0	36.0	32.0	36.0
4	34.73726919148413	36.0	36.0	36.0	32.0	36.0
5	34.72260398955118	36.0	36.0	36.0	32.0	36.0
6	34.70358426633041	36.0	36.0	36.0	32.0	36.0
7	34.691671471457425	36.0	36.0	36.0	32.0	36.0
8	34.68462236989951	36.0	36.0	36.0	32.0	36.0
9	34.66910293983358	36.0	36.0	36.0	32.0	36.0
10	34.65379751650603	36.0	36.0	36.0	32.0	36.0
11	34.64161828456643	36.0	36.0	36.0	32.0	36.0
12	34.62000947660988	36.0	36.0	36.0	32.0	36.0
13	34.615045790035104	36.0	36.0	36.0	32.0	36.0
14	34.59815973251327	36.0	36.0	36.0	32.0	36.0
15	34.57943289960243	36.0	36.0	36.0	32.0	36.0
16	34.552999654943896	36.0	36.0	36.0	32.0	36.0
17	34.537847237175654	36.0	36.0	36.0	32.0	36.0
18	34.52682141955087	36.0	36.0	36.0	32.0	36.0
19	34.509161445942745	36.0	36.0	36.0	32.0	36.0
20	34.49120048733223	36.0	36.0	36.0	32.0	36.0
21	34.47148797778994	36.0	36.0	36.0	32.0	36.0
22	34.45950122173748	36.0	36.0	36.0	32.0	36.0
23	34.434969336673106	36.0	36.0	36.0	32.0	36.0
24	34.39987832000501	36.0	36.0	36.0	32.0	36.0
25	34.38338540008223	36.0	36.0	36.0	32.0	36.0
26	34.35242891440071	36.0	36.0	36.0	32.0	36.0
27	34.344042838669246	36.0	36.0	36.0	32.0	36.0
28	34.31020942784146	36.0	36.0	36.0	32.0	36.0
29	34.279941327195026	36.0	36.0	36.0	32.0	36.0
30	34.26230197986318	36.0	36.0	36.0	32.0	36.0
31	34.23015262967083	36.0	36.0	36.0	32.0	36.0
32	34.20056251869805	36.0	36.0	36.0	32.0	36.0
33	34.175062424372754	36.0	36.0	36.0	32.0	36.0
34	34.12083152330785	36.0	36.0	36.0	32.0	36.0
35	34.112061808475865	36.0	36.0	36.0	32.0	36.0
36	34.09052630991294	36.0	36.0	36.0	32.0	36.0
37	34.06708746699447	36.0	36.0	36.0	32.0	36.0
38	34.01901596382443	36.0	36.0	36.0	32.0	36.0
39	33.995904669646784	36.0	36.0	36.0	32.0	36.0
40	33.97015697198624	36.0	36.0	36.0	32.0	36.0
41	33.951536868120215	36.0	36.0	36.0	32.0	36.0
42	33.93126176263069	36.0	36.0	36.0	32.0	36.0
43	33.9057928614236	36.0	36.0	36.0	32.0	36.0
44	33.90150293740218	36.0	36.0	36.0	32.0	36.0
45	33.896226192202	36.0	36.0	36.0	32.0	36.0
46	33.88917791518475	36.0	36.0	36.0	32.0	36.0
47	33.87456068609408	36.0	36.0	36.0	32.0	36.0
48	33.898596223062945	36.0	36.0	36.0	32.0	36.0
49	33.930660722890195	36.0	36.0	36.0	32.0	36.0
50	34.02207834706947	36.0	36.0	36.0	32.0	36.0
51	34.17209719827048	36.0	36.0	36.0	32.0	36.0
>>END_MODULE
>>Per sequence quality scores	pass
#Quality	Count
2	36.0
3	13.0
4	26.0
5	18.0
6	33.0
7	34.0
8	88.0
9	92.0
10	166.0
11	215.0
12	218.0
13	216.0
14	1306.0
15	2740.0
16	5706.0
17	10800.0
18	17034.0
19	24795.0
20	34134.0
21	45276.0
22	60399.0
23	81404.0
24	108348.0
25	142889.0
26	184897.0
27	234071.0
28	292054.0
29	361164.0
30	446646.0
31	562725.0
32	744701.0
33	1092226.0
34	2080330.0
35	8459384.0
36	3907090.0
>>END_MODULE
>>Per base sequence content	pass
#Base	G	A	T	C
1	22.550758215745578	26.865808421830373	27.475903862440397	23.107529499983652
2	22.45982935631412	26.8987409083564	27.746726394531752	22.89470334079773
3	22.43445774731394	26.9483828121449	27.610563717847565	23.006595722693596
4	22.624509716195636	26.65236284740017	27.883383110250442	22.83974432615375
5	22.766439698129922	26.72590103309689	27.456945830365203	23.050713438407982
6	22.260127006603263	27.10685603889888	27.701715980808782	22.93130097368907
7	22.32498847140883	27.080261115048938	27.64727093877395	22.947479474768286
8	22.40835222378143	26.99392119137876	27.589033803848363	23.008692780991446
9	22.27535115965335	27.136795326083323	27.72179156082386	22.866061953439466
10	22.373780967335897	27.16710965464399	27.634444201108092	22.824665176912024
11	22.868643489322345	27.08786591838225	27.32933686239109	22.714153729904318
12	22.224063012381308	27.294112368192646	27.715502218146266	22.76632240127978
13	22.344047683172693	27.083659848379902	27.845612362677162	22.72668010577024
14	22.4164174951205	26.821273402278567	27.982326647480782	22.77998245512015
15	22.31078722310422	27.147908660506054	27.77884191470993	22.762462201679792
16	22.472446322899273	27.46699410987437	27.613268349839892	22.447291217386464
17	22.63187678221879	27.17623307527144	27.32364712237281	22.868243020136955
18	22.495859885738824	27.52956258793956	27.390695401090646	22.58388212523096
19	22.62814465200816	27.24010339089324	27.581182222480905	22.550569734617696
20	22.690152319143177	26.991837426333255	27.585489731664165	22.73252052285941
21	22.676404690978412	27.143979681318676	27.604224997998557	22.575390629704362
22	22.50222452089677	27.318558308302265	27.61906945601673	22.560147714784236
23	22.59302682269141	27.05638597689616	27.533037943432344	22.81754925698009
24	22.415879553963343	27.428504858492026	27.573449968678887	22.582165618865744
25	22.526676597319195	27.350608961825312	27.39747488631578	22.72523955453971
26	22.645328097381974	27.339954404020993	27.341278898132888	22.673438600464145
27	22.58176103838345	27.4088295187695	27.49856617370906	22.510843269137983
28	22.4017148534869	27.40881050189556	27.40749935241677	22.78197529220077
29	22.655819984683927	27.224068944173425	27.471499544687468	22.648611526455177
30	22.51509487011718	27.49986334670626	27.39475759778675	22.590284185389805
31	22.619607233311275	27.398629086505753	27.393843455663514	22.587920224519458
32	22.607672018862996	27.4084608646478	27.339960696228193	22.64390642026101
33	22.47759188836152	27.261681998060645	27.57217203713742	22.68855407644041
34	22.66068541413844	27.567477980764483	27.385135600735	22.38670100436208
35	22.63698027146849	27.271913289716586	27.344850717689834	22.74625572112509
36	22.718682489570636	27.510079258769167	27.202509915931305	22.568728335728895
37	22.497333200350756	27.436032548887496	27.354230323245776	22.71240392751597
38	22.533264339378185	27.294472244103467	27.35232131062989	22.819942105888455
39	22.478540912107526	27.417436963169312	27.394932394102682	22.709089730620477
40	22.53031538591733	27.390685727606478	27.513134143682922	22.565864742793273
41	22.789902473206517	27.377832378845206	27.299722588957405	22.53254255899087
42	22.667118440446625	27.501310121017553	27.33486624375685	22.496705194778972
43	22.66131701146536	27.582340602914368	27.268827669071666	22.487514716548606
44	22.700358582464546	27.30314556567588	27.214159332253708	22.782336519605867
45	22.5341480051423	27.469784093924194	27.419034346476966	22.577033554456538
46	22.599676814979194	27.65531144677466	27.13523060991389	22.609781128332255
47	22.65469354901082	27.421967536661974	27.247561478061062	22.67577743626615
48	22.64747390401551	27.75130385124365	27.410036930865473	22.191185313875362
49	22.915406137279586	27.71796360155283	27.314497233887263	22.052133027280323
50	22.99616442015619	27.896749384537884	27.42081314354527	21.686273051760654
51	22.587406868934973	28.26102334177665	27.58179555138156	21.56977423790682
>>END_MODULE
>>Per base GC content	pass
#Base	%GC
1	45.65828771572923
2	45.35453269711185
3	45.44105347000754
4	45.46425404234939
5	45.81715313653791
6	45.19142798029234
7	45.272467946177116
8	45.41704500477288
9	45.14141311309282
10	45.19844614424792
11	45.58279721922666
12	44.99038541366109
13	45.07072778894293
14	45.196399950240654
15	45.07324942478402
16	44.91973754028574
17	45.50011980235575
18	45.07974201096979
19	45.17871438662585
20	45.422672842002584
21	45.251795320682774
22	45.06237223568101
23	45.4105760796715
24	44.99804517282909
25	45.25191615185891
26	45.31876669784612
27	45.09260430752144
28	45.18369014568767
29	45.30443151113911
30	45.10537905550699
31	45.207527457830736
32	45.25157843912401
33	45.166145964801935
34	45.04738641850052
35	45.38323599259358
36	45.28741082529953
37	45.20973712786673
38	45.35320644526664
39	45.187630642728
40	45.0961801287106
41	45.322445032197386
42	45.1638236352256
43	45.14883172801397
44	45.482695102070416
45	45.11118155959884
46	45.20945794331145
47	45.33047098527697
48	44.83865921789088
49	44.9675391645599
50	44.68243747191685
51	44.15718110684179
>>END_MODULE
>>Per sequence GC content	pass
#GC Content	Count
0	11223.0
1	9749.0
2	6919.0
3	5965.5
4	6529.5
5	7491.5
6	8529.0
7	9932.0
8	11341.5
9	13494.5
10	15811.0
11	19951.5
12	24169.5
13	30684.0
14	37825.0
15	49342.5
16	61431.5
17	79241.0
18	97910.0
19	122159.5
20	147357.5
21	179012.5
22	211222.0
23	250127.0
24	290434.0
25	331343.0
26	407566.0
27	461312.0
28	522130.0
29	584594.0
30	649956.5
31	717400.5
32	787307.0
33	858510.0
34	927114.5
35	993280.5
36	1046306.0
37	1094287.5
38	1125099.0
39	1155264.5
40	1173227.5
41	1188527.5
42	1193333.5
43	1192153.5
44	1179904.0
45	1166103.0
46	1149423.5
47	1127947.0
48	1100841.0
49	1074731.5
50	1051514.0
51	1027644.5
52	1001176.5
53	973581.5
54	947212.0
55	919519.5
56	887715.5
57	852182.5
58	808880.5
59	760261.0
60	707613.0
61	651816.5
62	594150.0
63	538685.5
64	479142.0
65	422222.0
66	370438.0
67	319890.5
68	273970.5
69	229625.0
70	194460.0
71	162754.5
72	136329.0
73	111436.0
74	90850.0
75	68675.0
76	57545.0
77	47352.0
78	37747.5
79	30495.0
80	24078.5
81	19799.0
82	16185.0
83	13343.0
84	10704.0
85	8800.5
86	7023.0
87	5939.0
88	5006.0
89	4316.0
90	3682.0
91	3179.5
92	2744.5
93	2517.0
94	2322.5
95	2308.5
96	2314.5
97	2389.0
98	2875.5
99	12939.5
100	22597.0
>>END_MODULE
>>Per base N content	pass
#Base	N-Count
1	0.009375029429233182
2	0.009396192023881566
3	0.01328481879052174
4	0.017411524746956213
5	0.009972872728049972
6	0.016104734527418625
7	0.025268138010167994
8	0.014993698308378578
9	0.011523032786043946
10	0.01039612462101761
11	0.015522763174588124
12	0.012618197059097709
13	0.011618264461961665
14	0.012237270355426835
15	0.012094422841550257
16	0.013364178520453173
17	0.018422038641416446
18	0.01397260311659415
19	0.011237337758290791
20	0.02660138147301605
21	0.012810803894654135
22	0.01143650114130962
23	0.02461835941759203
24	0.02448686849545821
25	0.020498297514436544
26	0.03259561708438771
27	0.014934078676678654
28	0.022815295933401005
29	0.021343569840595544
30	0.01048383612836841
31	0.013758164427639009
32	0.024333569048755284
33	0.011910584664617465
34	0.022063666081920442
35	0.018310253313708242
36	0.02033780973568663
37	0.016210930438460263
38	0.0276162296517473
39	0.03735979757864639
40	0.034906517721589224
41	0.018923131171025103
42	0.020662831282735147
43	0.023362286698085762
44	0.006758578308128454
45	0.0042761207242803445
46	0.010979952524944821
47	0.009821870883809654
48	0.004334319437246268
49	0.007688197387427569
50	0.010441803447078143
51	0.009169913173764137
>>END_MODULE
>>Sequence Length Distribution	warn
#Length	Count
20	49998.0
21	51820.0
22	53284.0
23	54521.0
24	55957.0
25	56509.0
26	57788.0
27	60098.0
28	62315.0
29	66000.0
30	67466.0
31	68434.0
32	70350.0
33	69898.0
34	72377.0
35	72009.0
36	72635.0
37	74899.0
38	77454.0
39	80435.0
40	83500.0
41	86420.0
42	88634.0
43	96324.0
44	110444.0
45	147096.0
46	236091.0
47	539132.0
48	1092303.0
49	2188705.0
50	2970999.0
51	9967379.0
>>END_MODULE
>>Sequence Duplication Levels	warn
#Total Duplicate Percentage	31.37540612385547
#Duplication Level	Relative count
1	100.0
2	20.643597027344985
3	8.164758543513816
4	4.249519382514132
5	2.431063671056785
6	1.4382657599494992
7	1.031534245789217
8	0.7302516427075263
9	0.5523514389830995
10++	4.226564517517431
>>END_MODULE
>>Overrepresented sequences	pass
>>END_MODULE
>>Kmer Content	warn
#Sequence	Count	Obs/Exp Overall	Obs/Exp Max	Max Obs/Exp Position
AAAAA	5776750	4.5355563	5.537724	47
GGGGG	2012560	4.091552	6.529352	47
TTTTT	5080480	3.8384273	4.4711003	13
>>END_MODULE
