##FastQC	0.10.1
>>Basic Statistics	pass
#Measure	Value	
Filename	001-F5_S2_L001_R1_001_trimmed.fq.gz	
File type	Conventional base calls	
Encoding	Sanger / Illumina 1.9	
Total Sequences	19835988	
Filtered Sequences	0	
Sequence length	20-51	
%GC	45	
>>END_MODULE
>>Per base sequence quality	pass
#Base	Mean	Median	Lower Quartile	Upper Quartile	10th Percentile	90th Percentile
1	35.1825222418969	36.0	36.0	36.0	36.0	36.0
2	35.174399480378796	36.0	36.0	36.0	36.0	36.0
3	35.15781830479026	36.0	36.0	36.0	36.0	36.0
4	35.14579596438554	36.0	36.0	36.0	36.0	36.0
5	35.12427790337441	36.0	36.0	36.0	36.0	36.0
6	35.084743094218446	36.0	36.0	36.0	36.0	36.0
7	35.06608796093242	36.0	36.0	36.0	36.0	36.0
8	35.0601638295002	36.0	36.0	36.0	36.0	36.0
9	35.03921362525527	36.0	36.0	36.0	36.0	36.0
10	35.01899819661113	36.0	36.0	36.0	36.0	36.0
11	35.00912276212306	36.0	36.0	36.0	36.0	36.0
12	34.98726723367649	36.0	36.0	36.0	36.0	36.0
13	34.98099656039316	36.0	36.0	36.0	36.0	36.0
14	34.96944946730155	36.0	36.0	36.0	36.0	36.0
15	34.94956026390014	36.0	36.0	36.0	36.0	36.0
16	34.93825762548354	36.0	36.0	36.0	36.0	36.0
17	34.92925061257347	36.0	36.0	36.0	36.0	36.0
18	34.91743169031964	36.0	36.0	36.0	36.0	36.0
19	34.90015506159814	36.0	36.0	36.0	36.0	36.0
20	34.89538217103176	36.0	36.0	36.0	36.0	36.0
21	34.87973229992905	36.0	36.0	36.0	36.0	36.0
22	34.86459658614767	36.0	36.0	36.0	36.0	36.0
23	34.85444823229699	36.0	36.0	36.0	36.0	36.0
24	34.834013655097664	36.0	36.0	36.0	36.0	36.0
25	34.81638781943642	36.0	36.0	36.0	36.0	36.0
26	34.79831878778698	36.0	36.0	36.0	36.0	36.0
27	34.778788488107764	36.0	36.0	36.0	36.0	36.0
28	34.765874331417784	36.0	36.0	36.0	36.0	36.0
29	34.7470360289063	36.0	36.0	36.0	36.0	36.0
30	34.72962716783987	36.0	36.0	36.0	36.0	36.0
31	34.69791308913013	36.0	36.0	36.0	32.0	36.0
32	34.68431926484127	36.0	36.0	36.0	32.0	36.0
33	34.64732117823708	36.0	36.0	36.0	32.0	36.0
34	34.6227073521159	36.0	36.0	36.0	32.0	36.0
35	34.596125921430804	36.0	36.0	36.0	32.0	36.0
36	34.56562313909337	36.0	36.0	36.0	32.0	36.0
37	34.54814677889796	36.0	36.0	36.0	32.0	36.0
38	34.51711257855188	36.0	36.0	36.0	32.0	36.0
39	34.4939165627574	36.0	36.0	36.0	32.0	36.0
40	34.47728664144105	36.0	36.0	36.0	32.0	36.0
41	34.452067071115714	36.0	36.0	36.0	32.0	36.0
42	34.42501690795748	36.0	36.0	36.0	32.0	36.0
43	34.40076794799395	36.0	36.0	36.0	32.0	36.0
44	34.36733195209945	36.0	36.0	36.0	32.0	36.0
45	34.349493445446846	36.0	36.0	36.0	32.0	36.0
46	34.32719473820634	36.0	36.0	36.0	32.0	36.0
47	34.33201724666551	36.0	36.0	36.0	32.0	36.0
48	34.34712256793655	36.0	36.0	36.0	32.0	36.0
49	34.387724046279835	36.0	36.0	36.0	32.0	36.0
50	34.47215959127844	36.0	36.0	36.0	32.0	36.0
51	34.58400275134226	36.0	36.0	36.0	32.0	36.0
>>END_MODULE
>>Per sequence quality scores	pass
#Quality	Count
13	2.0
14	4.0
15	62.0
16	279.0
17	729.0
18	1622.0
19	3807.0
20	7646.0
21	14507.0
22	24263.0
23	39377.0
24	61069.0
25	89718.0
26	128905.0
27	177555.0
28	234589.0
29	301575.0
30	385536.0
31	494476.0
32	660520.0
33	984498.0
34	1966888.0
35	9518540.0
36	4739821.0
>>END_MODULE
>>Per base sequence content	pass
#Base	G	A	T	C
1	22.427228747303534	26.951353275811073	27.455873336955428	23.16554463992997
2	22.350823982742813	26.986910055513956	27.73385323881991	22.928412722923316
3	22.33152565248698	27.03729845961716	27.587371450963715	23.043804436932145
4	22.497737429728236	26.764204888039067	27.85243161774581	22.885626064486882
5	22.601184627569285	26.828310673092098	27.473861614648687	23.09664308468993
6	22.13378727928263	27.194746522758027	27.67198566936492	22.99948052859442
7	22.172008617783824	27.162666164933945	27.67090245644348	22.994422760838752
8	22.259557567836072	27.059775237757606	27.615757132476066	23.06491006193026
9	22.113486656363033	27.194718526859894	27.723176401880465	22.968618414896603
10	22.257785113867072	27.196189356474953	27.64355580068939	22.902469728968583
11	22.71960410706952	27.157503641746704	27.355444057154376	22.767448194029402
12	22.098690772894457	27.3332951852497	27.747386751237773	22.820627290618066
13	22.216570717117012	27.138880419193463	27.834645732806113	22.809903130883413
14	22.26452591185999	26.877227418074572	28.007453027594575	22.85079364247086
15	22.17735488357241	27.160125371731237	27.79232877925224	22.870190965444117
16	22.32809046051877	27.522740200099545	27.629164755063435	22.520004584318254
17	22.46736451059749	27.206837734395446	27.370313918845262	22.955483836161804
18	22.360606629558156	27.57650277466815	27.410175954516298	22.6527146412574
19	22.491284437439052	27.276604777852743	27.5957753850529	22.636335399655312
20	22.519676567911674	27.02937845166129	27.616582473801127	22.83436250662591
21	22.554363389449755	27.180696361940182	27.61864658887187	22.646293659738195
22	22.395277911739335	27.324078682141344	27.634208274360116	22.6464351317592
23	22.45271946769802	27.10072967620126	27.56322814179979	22.883322714300927
24	22.302682207967468	27.44304554521182	27.578723001639037	22.675549245181678
25	22.387680210033604	27.3806002676548	27.437260257863798	22.7944592644478
26	22.50284164407924	27.35102362006866	27.386331031727696	22.759803704124405
27	22.43197337787775	27.432319827194064	27.52869806610294	22.60700872882525
28	22.25342532736038	27.402582758370663	27.470533243847388	22.873458670421567
29	22.50594421050544	27.18948344773167	27.54298008920549	22.7615922525574
30	22.371559716697178	27.479098458347124	27.43425199978569	22.715089825170004
31	22.475189801745817	27.384828085755696	27.4555571526953	22.68442495980319
32	22.4559539411654	27.422919331599505	27.382189507599463	22.738937219635627
33	22.344778249236054	27.237047791069426	27.639612753927373	22.77856120576715
34	22.50822318046551	27.538457017259088	27.457358252723925	22.49596154955147
35	22.47987751818381	27.24094814079053	27.430509133908547	22.848665207117115
36	22.606209931949426	27.485075996446096	27.27170235134321	22.637011720261263
37	22.376509978350104	27.392587883587243	27.41229047904912	22.818611659013534
38	22.40010689595248	27.249164888776146	27.43600760346792	22.914720611803453
39	22.332286549834507	27.39514390746749	27.459879745991262	22.812689796706742
40	22.400248028391722	27.36005321446548	27.578111148263922	22.66158760887887
41	22.643495472568155	27.330681309098054	27.38802276529716	22.63780045303663
42	22.533722182260895	27.442352895308765	27.399832440906152	22.624092481524187
43	22.533878054369957	27.52593838270403	27.342762891594617	22.5974206713314
44	22.54923109108138	27.289767639136475	27.30912111391274	22.8518801558694
45	22.42928839004531	27.383197511150264	27.490420583988023	22.697093514816398
46	22.45724061717753	27.612871317934264	27.22743754391439	22.702450520973816
47	22.48656568707757	27.37401136247155	27.355897491021867	22.78352545942901
48	22.485720495239285	27.712731494414122	27.49223318379354	22.30931482655305
49	22.717693412503372	27.687207423868255	27.44510544630266	22.149993717325714
50	22.791351212850383	27.896125310587834	27.53496028630003	21.777563190261755
51	22.262346865913937	28.366645333288908	27.723386148483087	21.64762165231407
>>END_MODULE
>>Per base GC content	pass
#Base	%GC
1	45.59277338723351
2	45.27923670566613
3	45.37533008941912
4	45.38336349421512
5	45.69782771225921
6	45.13326780787705
7	45.166431378622576
8	45.32446762976633
9	45.08210507125964
10	45.160254842835656
11	45.48705230109892
12	44.91931806351253
13	45.02647384800043
14	45.11531955433085
15	45.04754584901652
16	44.848095044837024
17	45.422848346759295
18	45.01332127081556
19	45.127619837094365
20	45.35403907453758
21	45.20065704918795
22	45.04171304349854
23	45.33604218199895
24	44.97823145314914
25	45.1821394744814
26	45.26264534820365
27	45.038982106702996
28	45.126883997781945
29	45.26753646306284
30	45.08664954186719
31	45.15961476154901
32	45.194891160801035
33	45.123339455003205
34	45.00418473001698
35	45.32854272530093
36	45.24322165221069
37	45.19512163736364
38	45.314827507755936
39	45.14497634654125
40	45.06183563727059
41	45.28129592560479
42	45.15781466378508
43	45.131298725701356
44	45.401111246950784
45	45.12638190486171
46	45.159691138151345
47	45.27009114650658
48	44.795035321792334
49	44.867687129829086
50	44.56891440311214
51	43.909968518228006
>>END_MODULE
>>Per sequence GC content	warn
#GC Content	Count
0	8373.0
1	7776.0
2	5746.5
3	4540.0
4	4917.5
5	5802.5
6	6727.5
7	7982.0
8	9282.0
9	11558.5
10	13986.0
11	18176.0
12	22400.5
13	29364.0
14	37079.5
15	49093.0
16	61407.5
17	79793.5
18	99350.5
19	125748.5
20	152861.0
21	185912.5
22	219830.0
23	261965.5
24	305365.5
25	348417.0
26	428882.5
27	484720.0
28	548174.0
29	612995.5
30	682089.5
31	753599.0
32	826968.5
33	902524.0
34	976021.0
35	1045714.5
36	1099215.0
37	1148988.0
38	1181932.5
39	1214172.0
40	1232632.5
41	1248240.5
42	1254165.0
43	1254079.0
44	1240288.5
45	1223966.0
46	1204368.0
47	1182262.0
48	1154922.5
49	1126784.0
50	1103245.0
51	1080324.5
52	1053654.0
53	1025310.5
54	998113.5
55	968978.0
56	936157.5
57	899811.5
58	854685.0
59	804053.5
60	748137.0
61	688420.5
62	628946.5
63	571269.0
64	507124.0
65	445486.5
66	391058.5
67	338537.0
68	290030.0
69	242760.0
70	204830.5
71	170550.0
72	143024.5
73	116834.5
74	94646.5
75	70904.5
76	59189.0
77	48638.5
78	38433.0
79	30752.0
80	24032.0
81	19359.0
82	15338.0
83	12394.5
84	9767.5
85	7923.0
86	6217.0
87	5040.0
88	3934.5
89	3110.5
90	2399.5
91	1958.0
92	1611.0
93	1416.0
94	1216.0
95	1040.5
96	893.0
97	823.5
98	765.0
99	978.0
100	1198.0
>>END_MODULE
>>Per base N content	pass
#Base	N-Count
1	0.0015376093189812376
2	3.7810065220850105E-4
3	3.7810065220850105E-4
4	7.057878841225353E-4
5	0.0010990125624193764
6	0.0022181904929565394
7	0.00366001431337829
8	0.002268603913251006
9	0.00461786929897316
10	0.00513208618597672
11	0.00366001431337829
12	0.00505646605553502
13	0.002843316904607928
14	0.006876390528165272
15	0.017377505975502708
16	0.015925599471022064
17	0.012694099230146742
18	0.0077838320934656745
19	0.01839081572342149
20	0.004910267136681067
21	0.007819476937142727
22	0.01117075718777911
23	0.005529893112960316
24	0.009134390122461995
25	0.006840451279601503
26	0.003969041680014321
27	0.0019546869612554808
28	0.0011714573941461809
29	5.954660490113089E-4
30	0.0016420913321845275
31	0.0015385851869503565
32	0.0018427549941016136
33	0.003337165730955176
34	0.00592997240716309
35	0.004539257185784487
36	0.003057749779070931
37	0.0017406326067580433
38	0.0078117594376991535
39	0.003413834678109582
40	7.73460085592283E-4
41	0.0014889428603505276
42	0.001763691350300663
43	0.003802863715516381
44	0.001991580744117458
45	0.0017428926889870165
46	6.043613400347306E-4
47	0.001360647886097444
48	0.0015385679197005607
49	0.004211216867093683
50	0.0023385231601669035
51	0.002248977964458374
>>END_MODULE
>>Sequence Length Distribution	warn
#Length	Count
20	52056.0
21	53846.0
22	55203.0
23	56715.0
24	58055.0
25	59184.0
26	60476.0
27	62881.0
28	64968.0
29	68851.0
30	70294.0
31	71625.0
32	73711.0
33	73566.0
34	74816.0
35	75063.0
36	75855.0
37	77455.0
38	79877.0
39	83142.0
40	86031.0
41	88456.0
42	90753.0
43	96804.0
44	110279.0
45	145922.0
46	231448.0
47	544838.0
48	1112689.0
49	2211755.0
50	2964466.0
51	1.0804908E7
>>END_MODULE
>>Sequence Duplication Levels	warn
#Total Duplicate Percentage	33.78390356319802
#Duplication Level	Relative count
1	100.0
2	22.27874082502287
3	9.309208813927373
4	4.8092868988391375
5	2.8296484691638963
6	1.7862853148309277
7	1.248614922398471
8	0.9280949512527051
9	0.6730175728234761
10++	4.870267496597729
>>END_MODULE
>>Overrepresented sequences	pass
>>END_MODULE
>>Kmer Content	warn
#Sequence	Count	Obs/Exp Overall	Obs/Exp Max	Max Obs/Exp Position
AAAAA	5758750	4.291711	5.332123	47
TTTTT	5331055	3.8087595	4.4004083	13
>>END_MODULE
