##FastQC	0.10.1
>>Basic Statistics	pass
#Measure	Value	
Filename	032-F5_S3_L004_R1_001_trimmed.fq.gz	
File type	Conventional base calls	
Encoding	Sanger / Illumina 1.9	
Total Sequences	43230993	
Filtered Sequences	0	
Sequence length	20-51	
%GC	44	
>>END_MODULE
>>Per base sequence quality	pass
#Base	Mean	Median	Lower Quartile	Upper Quartile	10th Percentile	90th Percentile
1	35.10618382048268	36.0	36.0	36.0	36.0	36.0
2	35.09072842717261	36.0	36.0	36.0	36.0	36.0
3	35.07426315652754	36.0	36.0	36.0	36.0	36.0
4	35.0674286847864	36.0	36.0	36.0	36.0	36.0
5	35.0406677450134	36.0	36.0	36.0	36.0	36.0
6	35.00045687130064	36.0	36.0	36.0	36.0	36.0
7	34.98742353662799	36.0	36.0	36.0	36.0	36.0
8	34.97579511995017	36.0	36.0	36.0	36.0	36.0
9	34.962819938001424	36.0	36.0	36.0	36.0	36.0
10	34.934771079627986	36.0	36.0	36.0	36.0	36.0
11	34.93077866612965	36.0	36.0	36.0	36.0	36.0
12	34.91286702574701	36.0	36.0	36.0	36.0	36.0
13	34.90098587372258	36.0	36.0	36.0	36.0	36.0
14	34.884801767102594	36.0	36.0	36.0	36.0	36.0
15	34.8737257319072	36.0	36.0	36.0	36.0	36.0
16	34.85593328841649	36.0	36.0	36.0	36.0	36.0
17	34.84844558162243	36.0	36.0	36.0	36.0	36.0
18	34.83586925703973	36.0	36.0	36.0	36.0	36.0
19	34.825945843992066	36.0	36.0	36.0	36.0	36.0
20	34.821286154588215	36.0	36.0	36.0	36.0	36.0
21	34.798900431000924	36.0	36.0	36.0	36.0	36.0
22	34.78852011145614	36.0	36.0	36.0	36.0	36.0
23	34.77553426235485	36.0	36.0	36.0	36.0	36.0
24	34.76233169493599	36.0	36.0	36.0	32.0	36.0
25	34.755297302411385	36.0	36.0	36.0	32.0	36.0
26	34.74912177607978	36.0	36.0	36.0	32.0	36.0
27	34.72925560345374	36.0	36.0	36.0	32.0	36.0
28	34.71466672077162	36.0	36.0	36.0	32.0	36.0
29	34.7039762318764	36.0	36.0	36.0	32.0	36.0
30	34.687499014958	36.0	36.0	36.0	32.0	36.0
31	34.67494789537932	36.0	36.0	36.0	32.0	36.0
32	34.657016985908136	36.0	36.0	36.0	32.0	36.0
33	34.62614517513317	36.0	36.0	36.0	32.0	36.0
34	34.60601742942206	36.0	36.0	36.0	32.0	36.0
35	34.59115200418368	36.0	36.0	36.0	32.0	36.0
36	34.574181935971076	36.0	36.0	36.0	32.0	36.0
37	34.55178921805712	36.0	36.0	36.0	32.0	36.0
38	34.54187387972484	36.0	36.0	36.0	32.0	36.0
39	34.505190469161676	36.0	36.0	36.0	32.0	36.0
40	34.496675916875624	36.0	36.0	36.0	32.0	36.0
41	34.480154143895284	36.0	36.0	36.0	32.0	36.0
42	34.45301737168019	36.0	36.0	36.0	32.0	36.0
43	34.425505795659355	36.0	36.0	36.0	32.0	36.0
44	34.4131573367553	36.0	36.0	36.0	32.0	36.0
45	34.3874732044685	36.0	36.0	36.0	32.0	36.0
46	34.36483067337334	36.0	36.0	36.0	32.0	36.0
47	34.37987681990115	36.0	36.0	36.0	32.0	36.0
48	34.37440412099985	36.0	36.0	36.0	32.0	36.0
49	34.41251059667454	36.0	36.0	36.0	32.0	36.0
50	34.46913480069227	36.0	36.0	36.0	32.0	36.0
51	34.572796897997605	36.0	36.0	36.0	32.0	36.0
>>END_MODULE
>>Per sequence quality scores	pass
#Quality	Count
8	8.0
9	11.0
10	18.0
11	42.0
12	91.0
13	129.0
14	176.0
15	273.0
16	463.0
17	991.0
18	2494.0
19	6641.0
20	15053.0
21	29286.0
22	50407.0
23	79938.0
24	122394.0
25	183058.0
26	267757.0
27	376781.0
28	512922.0
29	679855.0
30	889642.0
31	1164312.0
32	1585273.0
33	2385100.0
34	4725414.0
35	2.0049834E7
36	1.010263E7
>>END_MODULE
>>Per base sequence content	pass
#Base	G	A	T	C
1	22.281295382179582	27.278884714572353	27.545944539540052	22.893875363708016
2	22.038653099070586	27.059450123054212	27.942669307830304	22.959227470044898
3	22.19627861477467	27.179651057824433	27.63964100252724	22.984429324873652
4	22.164245135766706	27.033388181441364	27.92860062932253	22.8737660534694
5	22.41787659925187	27.01407367089386	27.507703496407732	23.060346233446534
6	21.914574118665616	27.324828121443133	27.740757377592285	23.019840382298966
7	21.835933956052898	27.30351747155728	27.970334991937683	22.890213580452134
8	22.109505532088335	27.140008295067535	27.950993407202457	22.799492765641673
9	21.716502470672012	27.377311493297068	28.124188694297224	22.781997341733696
10	22.011865773526022	27.473929117177754	27.822518599257652	22.69168651003858
11	22.33762590912586	27.623641718336817	27.57032456266238	22.46840780987494
12	21.810127823198133	27.581419726547658	27.974954438410997	22.633498011843216
13	21.88763279769735	27.351786007152867	28.113352623846783	22.647228571303
14	21.91759605619597	27.019404404161257	28.310225251172294	22.75277428847048
15	21.820927191500445	27.300078798885043	28.079406549988732	22.799587459625776
16	22.038578429181623	27.87138638956957	27.794574597822496	22.29546058342631
17	22.118910342205027	27.628998599695898	27.720695835770755	22.53139522232832
18	21.989712623478106	27.896922387847983	27.701694765635477	22.41167022303843
19	21.95303243645089	27.744751651283835	27.963033543418035	22.339182368847236
20	21.94635286153219	27.51957515198772	27.91635955125424	22.617712435225847
21	22.058052791624934	27.67282426519745	27.895733663047935	22.37338928012968
22	21.906686553317826	27.686433528593334	27.96040212266705	22.44647779542179
23	22.060089748835175	27.39589148817129	27.870631145065765	22.67338761792777
24	22.0017988905625	27.717987164523215	27.918325449675567	22.361888495238713
25	22.021406520693226	27.699865068719053	27.801632628930133	22.477095781657585
26	22.195909336323247	27.89782225893937	27.627745484525732	22.27852292021165
27	21.861715714009662	27.95964665389534	27.870285819744485	22.308351812350512
28	21.865009197817827	27.78577436125434	27.847140681318578	22.50207575960926
29	21.97819370443607	27.649319738642898	27.979177130199716	22.393309426721316
30	22.038011302655672	27.71991525564857	27.84699519277567	22.39507824892009
31	22.161676451692173	27.765284206081102	27.745764909469422	22.327274432757306
32	22.06166087252272	27.719210379865306	27.791437561755362	22.42769118585662
33	21.9924060741971	27.696207868044226	27.88275832656419	22.428627731194485
34	22.144667790965656	27.928223527484175	27.752101313485323	22.175007368064847
35	22.14720409872917	27.807189507429875	27.62340950942504	22.422196884415914
36	22.282599966095795	27.936288566773904	27.604881493654588	22.176229973475714
37	21.945003048248296	27.805288331573713	27.880057314010376	22.36965130616762
38	21.921869953538753	27.588593447342628	27.99726753203555	22.492269067083065
39	21.84037805724911	27.742700562047478	27.974424656758206	22.4424967239452
40	22.061935193349534	27.803934824253858	27.83929292607159	22.294837056325015
41	22.233996640970048	27.898960060323986	27.674737477817246	22.19230582088872
42	22.115250643205776	28.00958291585961	27.641791261749542	22.23337517918507
43	22.11461606132358	27.956845100205534	27.721412958765317	22.20712587970557
44	22.09898695726148	27.67754143043575	27.724104220749513	22.499367391553264
45	21.943748595260747	27.72197359402539	27.931873570392597	22.402404240321268
46	22.061949489812456	27.76666047155144	27.701528638570377	22.469861400065728
47	21.970479760235527	27.82950812186143	27.85640522109638	22.343606896806666
48	22.045380418922583	28.151917070484316	27.847740623883805	21.9549618867093
49	22.283190404223877	28.160424749221864	27.782859213287423	21.773525633266836
50	22.1885279647101	28.427335897423855	27.844570405260928	21.53956573260512
51	21.80071404074359	28.752173924384145	28.107795981538864	21.339316053333402
>>END_MODULE
>>Per base GC content	pass
#Base	%GC
1	45.1751707458876
2	44.99788056911548
3	45.18070793964832
4	45.0380111892361
5	45.4782228326984
6	44.93441450096458
7	44.72614753650503
8	44.90899829773001
9	44.498499812405704
10	44.703552283564605
11	44.8060337190008
12	44.44362583504135
13	44.53486136900035
14	44.67037034466645
15	44.62051465112623
16	44.33403901260793
17	44.65030556453335
18	44.40138284651653
19	44.29221480529813
20	44.564065296758045
21	44.43144207175462
22	44.35316434873962
23	44.73347736676295
24	44.363687385801214
25	44.498502302350815
26	44.4744322565349
27	44.17006752636017
28	44.36708495742709
29	44.37150313115738
30	44.43308955157576
31	44.48895088444947
32	44.48935205837934
33	44.42103380539158
34	44.3196751590305
35	44.56940098314509
36	44.45882993957151
37	44.314654354415914
38	44.41413902062182
39	44.282874781194316
40	44.356772249674556
41	44.42630246185877
42	44.348625822390844
43	44.321741941029146
44	44.59835434881474
45	44.34615283558202
46	44.53181088987818
47	44.31408665704219
48	44.000342305631875
49	44.05671603749071
50	43.72809369731522
51	43.14003009407699
>>END_MODULE
>>Per sequence GC content	warn
#GC Content	Count
0	13217.0
1	12721.5
2	10161.0
3	8548.5
4	9256.0
5	11135.0
6	13149.5
7	16139.5
8	19276.5
9	24390.5
10	29798.0
11	40030.5
12	50305.0
13	67834.5
14	86866.5
15	118919.0
16	152172.0
17	200856.0
18	251065.5
19	317815.5
20	385817.5
21	471905.0
22	559655.0
23	664940.5
24	771979.0
25	876639.0
26	1075676.5
27	1206147.0
28	1342148.5
29	1479131.0
30	1617750.5
31	1758242.5
32	1898608.5
33	2041724.5
34	2175758.5
35	2304746.0
36	2411881.5
37	2512053.0
38	2571618.0
39	2628569.0
40	2644765.5
41	2651847.5
42	2631622.0
43	2599638.0
44	2544973.5
45	2486417.5
46	2419423.0
47	2348895.0
48	2279552.0
49	2211898.0
50	2153309.5
51	2098415.0
52	2054645.5
53	2012090.0
54	1971462.5
55	1927415.5
56	1873025.5
57	1810658.0
58	1728609.0
59	1632226.0
60	1524849.5
61	1408953.0
62	1288006.0
63	1173892.5
64	1046471.5
65	922487.0
66	811453.5
67	702514.5
68	602167.0
69	506230.0
70	431404.0
71	360630.5
72	301321.5
73	246327.0
74	200955.5
75	148998.0
76	123456.0
77	101104.0
78	80368.0
79	64870.5
80	50720.0
81	41284.0
82	33003.0
83	26800.5
84	21036.5
85	16587.0
86	12365.0
87	9789.0
88	7501.5
89	5778.0
90	4219.0
91	3316.5
92	2567.5
93	2153.5
94	1731.0
95	1479.0
96	1284.5
97	1163.5
98	1024.5
99	1299.5
100	1602.0
>>END_MODULE
>>Per base N content	pass
#Base	N-Count
1	5.320257159024776E-4
2	1.1103145375356055E-4
3	1.1103145375356055E-4
4	0.0016099560794266279
5	0.0014410957435097547
6	7.494623128365337E-4
7	0.0034119040476354545
8	0.0011172540033952032
9	0.004778978821976169
10	0.0017880690364896314
11	0.002324721062965174
12	0.0011542644879797234
13	0.0017649374836243062
14	0.008542482473164565
15	0.007457612643780817
16	0.010541048640728655
17	0.00914621600294955
18	0.005734311955314097
19	0.01105225595905234
20	0.008065972484138867
21	0.013901388096326824
22	0.013539961178334595
23	0.012433195080196777
24	0.0102363516415503
25	0.00694741920832238
26	0.009942289507444621
27	0.01757681758962619
28	0.012019340619721597
29	0.009706874855485565
30	0.007491009850044711
31	0.010708971505489676
32	0.014158571957252269
33	0.020970586276463456
34	0.013697962040033684
35	0.010727675945486834
36	0.009866597153694302
37	0.012278503464142622
38	0.009815715890297939
39	0.011522303035423571
40	0.011301918532390938
41	0.010457617869378327
42	0.007667554660627797
43	0.010073762191297655
44	0.008897250771300854
45	0.007152766368241814
46	0.0067154059602247025
47	0.006392131180269835
48	0.006265885794212086
49	0.008296381922883747
50	0.006545985737640084
51	0.006429573350189064
>>END_MODULE
>>Sequence Length Distribution	warn
#Length	Count
20	48255.0
21	51152.0
22	53359.0
23	55086.0
24	57546.0
25	57973.0
26	61413.0
27	65160.0
28	69053.0
29	74220.0
30	75332.0
31	79346.0
32	80850.0
33	82084.0
34	83616.0
35	84224.0
36	86937.0
37	91882.0
38	98196.0
39	103640.0
40	108261.0
41	111699.0
42	117338.0
43	129477.0
44	159974.0
45	238979.0
46	434306.0
47	1147586.0
48	2464608.0
49	4916200.0
50	6638296.0
51	2.5304945E7
>>END_MODULE
>>Sequence Duplication Levels	warn
#Total Duplicate Percentage	41.53929861008062
#Duplication Level	Relative count
1	100.0
2	23.67459175903207
3	12.139774938658093
4	7.448176664692444
5	5.012268381419748
6	3.4994500380742872
7	2.656739148828158
8	1.9773246467552246
9	1.5305863440223368
10++	11.280142144005415
>>END_MODULE
>>Overrepresented sequences	pass
>>END_MODULE
>>Kmer Content	warn
#Sequence	Count	Obs/Exp Overall	Obs/Exp Max	Max Obs/Exp Position
AAAAA	14394050	4.5340447	5.6238523	47
TTTTT	12700685	3.8698008	4.335333	47
CCTGG	4230335	3.1532862	4.0152836	9
CCAGG	4011750	3.0103066	3.443363	30
>>END_MODULE
