##FastQC	0.10.1
>>Basic Statistics	pass
#Measure	Value	
Filename	040-F5_S4_L003_R2_001_trimmed.fq.gz	
File type	Conventional base calls	
Encoding	Sanger / Illumina 1.9	
Total Sequences	18638217	
Filtered Sequences	0	
Sequence length	20-51	
%GC	43	
>>END_MODULE
>>Per base sequence quality	pass
#Base	Mean	Median	Lower Quartile	Upper Quartile	10th Percentile	90th Percentile
1	34.76696043403722	36.0	36.0	36.0	32.0	36.0
2	34.76625746979982	36.0	36.0	36.0	32.0	36.0
3	34.74094378233712	36.0	36.0	36.0	32.0	36.0
4	34.74135589257277	36.0	36.0	36.0	32.0	36.0
5	34.7167465643307	36.0	36.0	36.0	32.0	36.0
6	34.70698924687914	36.0	36.0	36.0	32.0	36.0
7	34.694652229877995	36.0	36.0	36.0	32.0	36.0
8	34.68600247545138	36.0	36.0	36.0	32.0	36.0
9	34.666593215434716	36.0	36.0	36.0	32.0	36.0
10	34.65311660444773	36.0	36.0	36.0	32.0	36.0
11	34.63726927312843	36.0	36.0	36.0	32.0	36.0
12	34.62138663800298	36.0	36.0	36.0	32.0	36.0
13	34.61827899095713	36.0	36.0	36.0	32.0	36.0
14	34.60644615308428	36.0	36.0	36.0	32.0	36.0
15	34.590549460820206	36.0	36.0	36.0	32.0	36.0
16	34.577124947091235	36.0	36.0	36.0	32.0	36.0
17	34.55583508873193	36.0	36.0	36.0	32.0	36.0
18	34.54107192764201	36.0	36.0	36.0	32.0	36.0
19	34.525436687425625	36.0	36.0	36.0	32.0	36.0
20	34.5338728484597	36.0	36.0	36.0	32.0	36.0
21	34.511961213739966	36.0	36.0	36.0	32.0	36.0
22	34.503020536180955	36.0	36.0	36.0	32.0	36.0
23	34.4825393783823	36.0	36.0	36.0	32.0	36.0
24	34.457141261210985	36.0	36.0	36.0	32.0	36.0
25	34.4451055411417	36.0	36.0	36.0	32.0	36.0
26	34.419346027048995	36.0	36.0	36.0	32.0	36.0
27	34.410452645714145	36.0	36.0	36.0	32.0	36.0
28	34.38540319268853	36.0	36.0	36.0	32.0	36.0
29	34.37210997419618	36.0	36.0	36.0	32.0	36.0
30	34.3502922749761	36.0	36.0	36.0	32.0	36.0
31	34.32670304358297	36.0	36.0	36.0	32.0	36.0
32	34.310167005613074	36.0	36.0	36.0	32.0	36.0
33	34.27247397844978	36.0	36.0	36.0	32.0	36.0
34	34.25029024305981	36.0	36.0	36.0	32.0	36.0
35	34.209462441146655	36.0	36.0	36.0	32.0	36.0
36	34.1850790535265	36.0	36.0	36.0	32.0	36.0
37	34.180002908640404	36.0	36.0	36.0	32.0	36.0
38	34.145500692455265	36.0	36.0	36.0	32.0	36.0
39	34.129239464481415	36.0	36.0	36.0	32.0	36.0
40	34.103031552583744	36.0	36.0	36.0	32.0	36.0
41	34.07712208919997	36.0	36.0	36.0	32.0	36.0
42	34.05131948365123	36.0	36.0	36.0	32.0	36.0
43	34.03710536880681	36.0	36.0	36.0	32.0	36.0
44	34.01202965249788	36.0	36.0	36.0	32.0	36.0
45	33.99159466573181	36.0	36.0	36.0	32.0	36.0
46	33.970053146337406	36.0	36.0	36.0	32.0	36.0
47	33.95578781578328	36.0	36.0	36.0	32.0	36.0
48	33.971913065799896	36.0	36.0	36.0	32.0	36.0
49	34.01132130837526	36.0	36.0	36.0	32.0	36.0
50	34.077253869180296	36.0	36.0	36.0	32.0	36.0
51	34.20069053050405	36.0	36.0	36.0	32.0	36.0
>>END_MODULE
>>Per sequence quality scores	pass
#Quality	Count
14	741.0
15	1785.0
16	3345.0
17	5580.0
18	8904.0
19	13973.0
20	21419.0
21	31908.0
22	46117.0
23	65671.0
24	92208.0
25	126487.0
26	169955.0
27	221926.0
28	285565.0
29	361933.0
30	458980.0
31	588655.0
32	785662.0
33	1153556.0
34	2172217.0
35	8283811.0
36	3737819.0
>>END_MODULE
>>Per base sequence content	pass
#Base	G	A	T	C
1	21.820504611573092	27.43401903733603	27.83086493734889	22.91461141374199
2	21.926507240472624	27.815740100032098	28.08377539546835	22.173977264026917
3	21.645520062353604	27.775655793684557	28.22369757793892	22.35512656602292
4	22.158793408189208	27.065941983613563	28.661733040236626	22.113531567960603
5	21.96528777403976	27.408163559851246	28.187605069733866	22.438943596375125
6	21.320703584468408	27.9361056907965	28.423716710670337	22.31947401406476
7	21.409188443293694	27.948977093678007	28.373277336560683	22.268557126467623
8	21.49143880018137	27.860401024411296	28.110784416771196	22.53737575863614
9	21.50398828385784	27.80307257931378	28.262365439784286	22.43057369704409
10	21.480171628004975	27.816673665726714	28.44601498093943	22.257139725328877
11	22.267285545607717	27.695599852711233	27.96789521229418	22.06921938938687
12	21.373171049569816	28.176150111354538	28.354568465427782	22.096110373647864
13	21.438225555588282	27.929833631618305	28.72585934588056	21.90608146691285
14	21.53113143816278	27.618119265378226	28.861301486080993	21.989447810378
15	21.353973934309277	28.006729399062152	28.604367037898527	22.034929628730044
16	21.390012789313484	28.238060539803783	28.698421098971	21.673505571911733
17	21.604593400752872	27.915765762358063	28.015936288326294	22.463704548562774
18	21.54281710530573	28.6203342304685	28.035240709988514	21.801607954237255
19	21.88218969657881	28.021864967019113	28.34343542625349	21.752509910148593
20	22.106953685537626	27.689708731259007	28.364590883344686	21.83874669985868
21	22.057716251925218	27.77002000520305	28.42654785114117	21.745715891730555
22	21.6114634238992	28.297938784560518	28.443498949338952	21.64709884220133
23	21.629038686160808	28.028547158249182	28.439854757425024	21.902559398164982
24	21.4070236498985	28.359402469230417	28.367103804227423	21.866470076643665
25	21.55020634811752	28.385957008822317	28.123999469609096	21.93983717345107
26	21.67772695428089	28.039806747862855	28.21507949919565	22.067386798660603
27	21.94693487303899	28.152800696844494	28.204280794397953	21.695983635718562
28	21.38030450305274	28.33035439713209	28.215855867272566	22.073485232542602
29	21.963248720262882	27.92226424611375	28.18265459642545	21.931832437197922
30	21.54308965490901	28.63055662785035	28.021082755544523	21.805270961696113
31	21.64338300509608	28.322479460063732	28.25133909032629	21.7827984445139
32	21.66279365893927	28.494641186928582	27.980815280959614	21.86174987317254
33	21.515721964917827	27.936135166663107	28.577188307581807	21.970954560837264
34	21.74033521029443	28.542144910939548	28.224607689438415	21.492912189327612
35	21.62343837750204	27.87273747964637	28.350744298333918	22.153079844517677
36	21.819136260385996	28.306035696138437	27.874036423800025	22.000791619675546
37	21.535315076641343	28.27904000667368	28.01548745629413	22.17015746039085
38	21.69092554099684	28.26111172006466	27.903358459479872	22.14460427945863
39	21.65267425802052	28.247267900047895	28.016903986631892	22.0831538552997
40	21.52352664199636	28.107218621066387	28.517591158067653	21.8516635788696
41	21.91180371858814	28.076800412607884	28.1894685788235	21.82192728998048
42	21.930685755864165	28.02985911230007	28.27714617788544	21.76230895395032
43	21.773191095615434	28.50178422378045	28.034154995662746	21.69086968494137
44	21.80632860677454	28.083391071127974	27.902730759475464	22.207549562622024
45	21.81794009846654	28.36495018747757	28.026385618507888	21.790724095548
46	21.715375585406825	28.903460314584695	27.70325478076383	21.677909319244655
47	21.898009805289526	28.137749528877592	27.898479476661187	22.065761189171695
48	21.859699477121232	28.55146690732027	28.2449527964802	21.3438808190783
49	22.13413600324887	28.418988645853503	28.21557721794558	21.231298132952045
50	22.48928439021583	28.492042198080895	28.093824632678626	20.924848779024646
51	21.749585505675586	29.252307292441053	28.15617719196995	20.84193000991341
>>END_MODULE
>>Per base GC content	pass
#Base	%GC
1	44.73511602531508
2	44.10048450449954
3	44.00064662837652
4	44.27232497614981
5	44.404231370414884
6	43.640177598533164
7	43.67774556976131
8	44.02881455881751
9	43.934561980901925
10	43.73731135333385
11	44.336504934994586
12	43.46928142321768
13	43.344307022501134
14	43.520579248540784
15	43.388903563039314
16	43.06351836122522
17	44.06829794931564
18	43.34442505954298
19	43.6346996067274
20	43.94570038539631
21	43.803432143655776
22	43.25856226610053
23	43.53159808432579
24	43.27349372654216
25	43.49004352156859
26	43.74511375294149
27	43.64291850875755
28	43.45378973559534
29	43.89508115746081
30	43.34836061660513
31	43.42618144960998
32	43.52454353211181
33	43.48667652575509
34	43.23324739962204
35	43.77651822201972
36	43.81992788006154
37	43.7054725370322
38	43.83552982045546
39	43.73582811332022
40	43.37519022086596
41	43.73373100856862
42	43.692994709814485
43	43.4640607805568
44	44.01387816939656
45	43.60866419401454
46	43.39328490465148
47	43.96377099446122
48	43.203580296199526
49	43.36543413620092
50	43.41413316924048
51	42.591515515588995
>>END_MODULE
>>Per sequence GC content	warn
#GC Content	Count
0	12359.0
1	10281.5
2	7348.0
3	7068.0
4	7771.0
5	8819.5
6	9985.5
7	11544.0
8	13082.0
9	15683.5
10	18499.0
11	23529.5
12	28664.5
13	36650.0
14	45005.5
15	58538.5
16	72783.5
17	94221.5
18	116443.0
19	145673.0
20	175384.5
21	211046.0
22	247691.5
23	292122.0
24	337660.5
25	383467.0
26	471278.5
27	531181.5
28	600402.5
29	671621.0
30	747075.5
31	823915.5
32	903830.5
33	984212.0
34	1052401.0
35	1116108.5
36	1150882.0
37	1179787.5
38	1185534.5
39	1189064.0
40	1182782.5
41	1173450.0
42	1158776.0
43	1139612.5
44	1109909.0
45	1078877.0
46	1048496.0
47	1016771.0
48	984004.0
49	951349.5
50	922405.0
51	894090.0
52	866056.0
53	838148.0
54	810233.0
55	780296.5
56	749387.0
57	716969.0
58	678633.0
59	634951.5
60	588170.5
61	539537.0
62	490333.5
63	443932.0
64	394722.0
65	346914.0
66	303947.5
67	262735.5
68	225104.5
69	188412.5
70	158715.0
71	131134.0
72	109401.5
73	89539.5
74	73347.5
75	54804.0
76	45562.5
77	37705.0
78	30348.5
79	24755.0
80	19583.0
81	15839.0
82	12520.0
83	10233.0
84	8135.0
85	6555.5
86	5105.0
87	4087.0
88	3174.5
89	2570.5
90	2005.0
91	1673.0
92	1416.5
93	1312.5
94	1229.5
95	1227.5
96	1213.0
97	1370.5
98	2249.5
99	9066.5
100	15169.0
>>END_MODULE
>>Per base N content	pass
#Base	N-Count
1	0.0
2	0.0
3	0.0
4	0.0
5	0.0
6	0.0
7	0.0
8	0.0
9	0.0
10	0.0
11	0.0
12	0.0
13	0.0
14	0.0
15	0.0
16	0.0
17	0.0
18	0.0
19	0.0
20	0.0
21	0.0
22	0.0
23	0.0
24	0.0
25	0.0
26	0.0
27	0.0
28	0.0
29	0.0
30	0.0
31	0.0
32	0.0
33	0.0
34	0.0
35	0.0
36	0.0
37	0.0
38	0.0
39	0.0
40	0.0
41	0.0
42	0.0
43	0.0
44	0.0
45	0.0
46	0.0
47	4.295048470782817E-4
48	0.0
49	0.0
50	0.0
51	0.0
>>END_MODULE
>>Sequence Length Distribution	warn
#Length	Count
20	26059.0
21	26716.0
22	27798.0
23	28389.0
24	29692.0
25	30634.0
26	32678.0
27	34268.0
28	35711.0
29	38497.0
30	39987.0
31	40557.0
32	42032.0
33	41974.0
34	43609.0
35	45280.0
36	45294.0
37	47375.0
38	50039.0
39	53726.0
40	55654.0
41	60300.0
42	61814.0
43	68702.0
44	82933.0
45	116818.0
46	202539.0
47	501364.0
48	1044785.0
49	2093939.0
50	2908570.0
51	1.0680484E7
>>END_MODULE
>>Sequence Duplication Levels	warn
#Total Duplicate Percentage	31.577912952899442
#Duplication Level	Relative count
1	100.0
2	20.3355020322576
3	8.220230657647177
4	4.226808565642639
5	2.4774871816967554
6	1.5640484294885604
7	1.054188748617634
8	0.8093124793542735
9	0.5536645266922314
10++	4.381202694357074
>>END_MODULE
>>Overrepresented sequences	pass
>>END_MODULE
>>Kmer Content	warn
#Sequence	Count	Obs/Exp Overall	Obs/Exp Max	Max Obs/Exp Position
AAAAA	7184370	4.8597794	6.1150765	47
TTTTT	5862225	3.8734143	5.089444	13
GGGGG	1380730	3.3950624	4.43427	47
CCTGG	1642655	3.0348904	3.7292082	19
AGAAA	3179840	2.784424	5.1018376	28
GAAAA	3090640	2.706316	5.1481338	4
GGAAA	1905190	2.1595867	5.007476	20
GAGAA	1885685	2.1374772	5.2357655	27
>>END_MODULE
