##FastQC	0.10.1
>>Basic Statistics	pass
#Measure	Value	
Filename	019-F5_S6_L003_R2_001_trimmed.fq.gz	
File type	Conventional base calls	
Encoding	Sanger / Illumina 1.9	
Total Sequences	20805748	
Filtered Sequences	0	
Sequence length	20-50	
%GC	44	
>>END_MODULE
>>Per base sequence quality	pass
#Base	Mean	Median	Lower Quartile	Upper Quartile	10th Percentile	90th Percentile
1	35.051467507921366	36.0	36.0	36.0	36.0	36.0
2	35.04061319977537	36.0	36.0	36.0	36.0	36.0
3	35.02766600845113	36.0	36.0	36.0	36.0	36.0
4	35.022348775924804	36.0	36.0	36.0	36.0	36.0
5	35.00028958343627	36.0	36.0	36.0	36.0	36.0
6	34.9885289392143	36.0	36.0	36.0	36.0	36.0
7	34.97604892647936	36.0	36.0	36.0	36.0	36.0
8	34.97138233145956	36.0	36.0	36.0	36.0	36.0
9	34.953986177281394	36.0	36.0	36.0	36.0	36.0
10	34.93539756417313	36.0	36.0	36.0	36.0	36.0
11	34.92653006274997	36.0	36.0	36.0	36.0	36.0
12	34.91202046665181	36.0	36.0	36.0	36.0	36.0
13	34.90834403069767	36.0	36.0	36.0	36.0	36.0
14	34.89723998387369	36.0	36.0	36.0	36.0	36.0
15	34.88410044185866	36.0	36.0	36.0	36.0	36.0
16	34.867939427123694	36.0	36.0	36.0	36.0	36.0
17	34.85980532879664	36.0	36.0	36.0	36.0	36.0
18	34.83975058238714	36.0	36.0	36.0	36.0	36.0
19	34.82366661366849	36.0	36.0	36.0	36.0	36.0
20	34.82438204096291	36.0	36.0	36.0	36.0	36.0
21	34.8193710119141	36.0	36.0	36.0	36.0	36.0
22	34.80439050497479	36.0	36.0	36.0	36.0	36.0
23	34.79822490415626	36.0	36.0	36.0	36.0	36.0
24	34.780673108908964	36.0	36.0	36.0	36.0	36.0
25	34.77101311112521	36.0	36.0	36.0	36.0	36.0
26	34.754507462206675	36.0	36.0	36.0	36.0	36.0
27	34.750568121592615	36.0	36.0	36.0	36.0	36.0
28	34.730401828682595	36.0	36.0	36.0	36.0	36.0
29	34.722373703712385	36.0	36.0	36.0	36.0	36.0
30	34.702190891556825	36.0	36.0	36.0	36.0	36.0
31	34.688984435848155	36.0	36.0	36.0	36.0	36.0
32	34.68238947257573	36.0	36.0	36.0	36.0	36.0
33	34.656780478720854	36.0	36.0	36.0	36.0	36.0
34	34.64809466647468	36.0	36.0	36.0	36.0	36.0
35	34.61831698884668	36.0	36.0	36.0	32.0	36.0
36	34.60143036661329	36.0	36.0	36.0	32.0	36.0
37	34.59449365150856	36.0	36.0	36.0	32.0	36.0
38	34.57932890498053	36.0	36.0	36.0	32.0	36.0
39	34.56550009702236	36.0	36.0	36.0	32.0	36.0
40	34.55158152604011	36.0	36.0	36.0	32.0	36.0
41	34.52954495166361	36.0	36.0	36.0	32.0	36.0
42	34.50900680410313	36.0	36.0	36.0	32.0	36.0
43	34.49242707159836	36.0	36.0	36.0	32.0	36.0
44	34.47072520886564	36.0	36.0	36.0	32.0	36.0
45	34.46821464002205	36.0	36.0	36.0	32.0	36.0
46	34.463476000414516	36.0	36.0	36.0	32.0	36.0
47	34.46584841403671	36.0	36.0	36.0	32.0	36.0
48	34.48513247969596	36.0	36.0	36.0	32.0	36.0
49	34.56722299534961	36.0	36.0	36.0	32.0	36.0
50	34.6857345931239	36.0	36.0	36.0	32.0	36.0
>>END_MODULE
>>Per sequence quality scores	pass
#Quality	Count
4	1.0
5	6.0
6	8.0
7	11.0
8	26.0
9	75.0
10	78.0
11	64.0
12	72.0
13	61.0
14	2449.0
15	3804.0
16	5941.0
17	9129.0
18	13586.0
19	19849.0
20	28310.0
21	39687.0
22	53535.0
23	69483.0
24	90468.0
25	116192.0
26	149015.0
27	187499.0
28	234891.0
29	290192.0
30	360029.0
31	457878.0
32	609779.0
33	891262.0
34	1713458.0
35	8522172.0
36	6936738.0
>>END_MODULE
>>Per base sequence content	pass
#Base	G	A	T	C
1	22.254339121905304	26.94949031010509	27.599839504687008	23.196331063302598
2	22.324030728598242	26.970225313765724	27.840940388238245	22.864803569397797
3	22.20624691921179	27.0690699798864	27.77197636934802	22.952706731553786
4	22.42510830238756	26.706196695660257	28.11690952481821	22.751785477133968
5	22.546462853509173	26.75943616371382	27.651750777324853	23.042350205452163
6	22.01938747484567	27.186897337824785	27.86171554840413	22.931999638925415
7	22.047578056705355	27.211769874927676	27.878600189388596	22.86205187897837
8	22.167183924446284	27.029234016763446	27.75535598404742	23.048226074742846
9	22.018822058909695	27.161993805258394	27.907013409026227	22.912170726805687
10	22.041616430964428	27.264927796377187	27.87246675911814	22.820989013540245
11	22.632759899461206	27.149516605291986	27.549830777002978	22.667892718243827
12	21.907635490060706	27.442442040915033	27.947625120872523	22.702297348151742
13	22.028712380346658	27.25517003767036	28.122748704089908	22.593368877893074
14	22.13786882853687	26.93806393364427	28.230918853155725	22.69314838466314
15	21.97322787501894	27.29101599601926	28.067629306731494	22.668126822230306
16	22.085558587611715	27.57930499581722	28.001408742896444	22.33372767367462
17	22.246535715705352	27.25266618636756	27.600518546157765	22.900279551769323
18	22.174458019901785	27.71840421330835	27.567356186025293	22.53978158076457
19	22.306882528817404	27.446950979166868	27.842617072209354	22.403549419806378
20	22.423778257309152	27.131838056832734	27.798254959563817	22.646128726294297
21	22.341849537142192	27.330987412023138	27.853434841493435	22.473728209341235
22	22.101376830286778	27.636266767601263	27.921720824419573	22.340635577692385
23	22.22564602107916	27.34821563507548	27.805416592360636	22.62072175148472
24	22.062519299068924	27.71900062979023	27.82419912094054	22.394280950200297
25	22.130736641713693	27.617485494667076	27.721865564254756	22.529912299364476
26	22.287446805739016	27.460802820568837	27.622594439259352	22.629155934432795
27	22.303358126389252	27.579512590688694	27.713966251578288	22.403163031343766
28	22.061010596729663	27.61441587254165	27.676037979692335	22.648535551036353
29	22.41194075609738	27.36161462263777	27.660058629564926	22.566385991699924
30	22.192082502097595	27.753754649505485	27.612522099854665	22.441640748542255
31	22.2078879226463	27.674263091975092	27.68107356466727	22.436775420711342
32	22.260176748869963	27.68935143063114	27.534898618716635	22.515573201782257
33	22.090089460236403	27.493615228744307	27.86675299155493	22.549542319464365
34	22.24013614911424	27.884725082123346	27.694586004849658	22.180552763912758
35	22.247249618306956	27.482375875309085	27.644768647919104	22.62560585846486
36	22.368243738098727	27.733736412391234	27.469343794350902	22.428676055159137
37	22.177555020610342	27.660667246691283	27.58352028898881	22.578257443709557
38	22.21540093476353	27.5537009562407	27.509589964007823	22.721308144987947
39	22.15959339688476	27.663072736628706	27.56402036145944	22.613313505027087
40	22.18463640575168	27.631351895975282	27.77421947804558	22.409792220227455
41	22.446189059540977	27.554184142037936	27.540599604565557	22.45902719385553
42	22.357558874653886	27.72302571741244	27.568348208467302	22.351067199466375
43	22.327494284536236	27.866510948022572	27.504908995724342	22.301085771716846
44	22.346774321150626	27.562993720908562	27.4168625036951	22.673369454245716
45	22.24366050531623	27.777274160033823	27.566067994863303	22.412997339786646
46	22.217931586840418	28.010202517990024	27.377507467748725	22.394358427420837
47	22.376081332483192	27.70130863216699	27.3996735395794	22.522936495770416
48	22.336430138924925	28.1519032324995	27.60054591253479	21.911120716040784
49	22.531496146935286	28.351552500470046	27.684336211313482	21.432615141281193
50	22.568196361377325	28.071015518425035	27.667799078546395	21.692989041651245
>>END_MODULE
>>Per base GC content	pass
#Base	%GC
1	45.4506701852079
2	45.18883429799603
3	45.15895365076557
4	45.176893779521535
5	45.588813058961335
6	44.951387113771084
7	44.909629935683725
8	45.215409999189134
9	44.93099278571538
10	44.86260544450467
11	45.30065261770504
12	44.609932838212444
13	44.62208125823973
14	44.831017213200006
15	44.64135469724925
16	44.41928626128633
17	45.14681526747468
18	44.71423960066635
19	44.71043194862378
20	45.069906983603445
21	44.81557774648343
22	44.44201240797916
23	44.84636777256388
24	44.45680024926922
25	44.66064894107817
26	44.91660274017181
27	44.70652115773302
28	44.70954614776602
29	44.978326747797304
30	44.63372325063985
31	44.644663343357635
32	44.77574995065222
33	44.639631779700764
34	44.42068891302699
35	44.87285547677181
36	44.796919793257864
37	44.7558124643199
38	44.93670907975148
39	44.772906901911846
40	44.594428625979134
41	44.90521625339651
42	44.70862607412026
43	44.628580056253085
44	45.020143775396335
45	44.656657845102885
46	44.612290014261255
47	44.899017828253605
48	44.24755085496571
49	43.96411128821648
50	44.26118540302857
>>END_MODULE
>>Per sequence GC content	pass
#GC Content	Count
0	12212.0
1	9626.5
2	6551.5
3	6734.0
4	7462.5
5	8176.5
6	9025.5
7	10385.5
8	11771.0
9	14405.0
10	17412.5
11	22241.5
12	27102.5
13	35071.0
14	44353.5
15	58763.0
16	74412.0
17	96736.0
18	120502.0
19	151247.5
20	183030.0
21	220766.0
22	259331.0
23	306240.5
24	355961.5
25	402207.5
26	455401.0
27	518402.5
28	585510.0
29	658229.5
30	731637.0
31	806447.0
32	884768.0
33	964843.5
34	1044669.5
35	1112361.5
36	1174305.5
37	1218335.0
38	1252467.0
39	1273597.0
40	1292379.5
41	1302907.0
42	1310934.5
43	1304614.5
44	1292015.0
45	1266381.0
46	1240154.5
47	1211865.0
48	1182924.5
49	1151428.5
50	1119303.0
51	1092212.0
52	1062513.0
53	1028876.5
54	997064.0
55	963192.0
56	924409.5
57	880976.0
58	836551.5
59	782154.5
60	725957.0
61	665027.5
62	603627.5
63	551731.5
64	490149.0
65	432681.0
66	378507.0
67	329238.5
68	280644.5
69	236699.0
70	198421.0
71	166487.0
72	137981.5
73	114049.5
74	91945.0
75	75583.0
76	63345.5
77	52172.0
78	42083.5
79	34066.5
80	26825.5
81	21584.5
82	17231.5
83	13845.0
84	10794.5
85	8597.5
86	6679.5
87	5196.0
88	4114.0
89	3251.0
90	2452.0
91	2009.5
92	1672.5
93	1462.0
94	1272.0
95	1233.5
96	1211.5
97	1278.5
98	2110.0
99	7251.5
100	11630.0
>>END_MODULE
>>Per base N content	pass
#Base	N-Count
1	7.497927976441895E-4
2	0.004296889494191701
3	0.00679139245558487
4	0.0038691230904075165
5	0.0020090601885594307
6	0.005681122351380974
7	0.004349759499153792
8	0.004042152197556175
9	0.006387657872237999
10	0.006349206959538297
11	0.00883409719275654
12	0.00867548717787027
13	0.005113971389060369
14	0.0026531129762794397
15	0.007555604345491448
16	0.00665200789704845
17	0.0031577812054630287
18	0.014866084122522294
19	0.011285342877362544
20	0.010112590040021631
21	0.010677158478527533
22	0.015925883462612714
23	0.010881222246793935
24	0.012213704771622556
25	0.013883494319324818
26	0.0073263329810108035
27	0.00967355931608372
28	0.013896915574247064
29	0.011286548894292644
30	0.006248794257888956
31	0.007039269562852092
32	0.011493205350888488
33	0.009898573401152758
34	0.007758775263101933
35	0.013261914557597223
36	0.009600106339639454
37	0.014773053102738225
38	0.013704954907090488
39	0.009424887706152704
40	0.009922650482405114
41	0.00707042597052543
42	0.011450183444910673
43	0.008446807704669579
44	0.00840791591722452
45	0.009968616289870991
46	0.00939254446481113
47	0.0075510801407643255
48	0.00993070518592851
49	0.006266854284654735
50	0.007196428094072882
>>END_MODULE
>>Sequence Length Distribution	warn
#Length	Count
20	23065.0
21	24023.0
22	25695.0
23	26717.0
24	27016.0
25	27700.0
26	28306.0
27	28728.0
28	30196.0
29	32341.0
30	32675.0
31	35021.0
32	37079.0
33	37370.0
34	38305.0
35	39236.0
36	38876.0
37	39841.0
38	42336.0
39	45395.0
40	48028.0
41	54452.0
42	59466.0
43	74072.0
44	117694.0
45	212756.0
46	548969.0
47	1176673.0
48	2375457.0
49	3208284.0
50	1.2269976E7
>>END_MODULE
>>Sequence Duplication Levels	warn
#Total Duplicate Percentage	40.02531943708414
#Duplication Level	Relative count
1	100.0
2	26.74144617348191
3	12.173351005514375
4	6.694974882594538
5	4.112054718308706
6	2.6655539737862646
7	1.7623091649894458
8	1.387593474383519
9	0.9916057140052035
10++	7.102416834388755
>>END_MODULE
>>Overrepresented sequences	pass
>>END_MODULE
>>Kmer Content	warn
#Sequence	Count	Obs/Exp Overall	Obs/Exp Max	Max Obs/Exp Position
AAAAA	6947425	4.7935205	6.226019	46
TTTTT	5181580	3.4136426	4.1497574	13
>>END_MODULE
