##FastQC	0.10.1
>>Basic Statistics	pass
#Measure	Value	
Filename	006-F0_S6_L004_R1_001_trimmed.fq.gz	
File type	Conventional base calls	
Encoding	Sanger / Illumina 1.9	
Total Sequences	21765172	
Filtered Sequences	0	
Sequence length	20-51	
%GC	45	
>>END_MODULE
>>Per base sequence quality	pass
#Base	Mean	Median	Lower Quartile	Upper Quartile	10th Percentile	90th Percentile
1	35.13790890326987	36.0	36.0	36.0	36.0	36.0
2	35.13171795747812	36.0	36.0	36.0	36.0	36.0
3	35.11309880758121	36.0	36.0	36.0	36.0	36.0
4	35.10220727867439	36.0	36.0	36.0	36.0	36.0
5	35.0789178693373	36.0	36.0	36.0	36.0	36.0
6	35.03191309492064	36.0	36.0	36.0	36.0	36.0
7	35.013289672142264	36.0	36.0	36.0	36.0	36.0
8	35.010647790883525	36.0	36.0	36.0	36.0	36.0
9	34.9869635305432	36.0	36.0	36.0	36.0	36.0
10	34.97067282537441	36.0	36.0	36.0	36.0	36.0
11	34.95730274954868	36.0	36.0	36.0	36.0	36.0
12	34.931999342803266	36.0	36.0	36.0	36.0	36.0
13	34.91910617568288	36.0	36.0	36.0	36.0	36.0
14	34.90520042754544	36.0	36.0	36.0	36.0	36.0
15	34.885098128330895	36.0	36.0	36.0	36.0	36.0
16	34.87457342400051	36.0	36.0	36.0	36.0	36.0
17	34.875735509923835	36.0	36.0	36.0	36.0	36.0
18	34.857595979485026	36.0	36.0	36.0	36.0	36.0
19	34.83760183471098	36.0	36.0	36.0	36.0	36.0
20	34.84176679145931	36.0	36.0	36.0	36.0	36.0
21	34.83399576088114	36.0	36.0	36.0	36.0	36.0
22	34.82401388054854	36.0	36.0	36.0	36.0	36.0
23	34.80748857078161	36.0	36.0	36.0	36.0	36.0
24	34.787098499978676	36.0	36.0	36.0	36.0	36.0
25	34.7718283274384	36.0	36.0	36.0	36.0	36.0
26	34.75335559526456	36.0	36.0	36.0	36.0	36.0
27	34.74253852720753	36.0	36.0	36.0	36.0	36.0
28	34.72383851710173	36.0	36.0	36.0	32.0	36.0
29	34.70950939337925	36.0	36.0	36.0	32.0	36.0
30	34.68470392268336	36.0	36.0	36.0	32.0	36.0
31	34.66257885139388	36.0	36.0	36.0	32.0	36.0
32	34.64010409645017	36.0	36.0	36.0	32.0	36.0
33	34.6064227036165	36.0	36.0	36.0	32.0	36.0
34	34.5959026625408	36.0	36.0	36.0	32.0	36.0
35	34.57367805431998	36.0	36.0	36.0	32.0	36.0
36	34.54985306971006	36.0	36.0	36.0	32.0	36.0
37	34.521343366327336	36.0	36.0	36.0	32.0	36.0
38	34.49809209626319	36.0	36.0	36.0	32.0	36.0
39	34.466071210531176	36.0	36.0	36.0	32.0	36.0
40	34.45266990686468	36.0	36.0	36.0	32.0	36.0
41	34.42897238884397	36.0	36.0	36.0	32.0	36.0
42	34.3899531344963	36.0	36.0	36.0	32.0	36.0
43	34.369927084690055	36.0	36.0	36.0	32.0	36.0
44	34.34580616773156	36.0	36.0	36.0	32.0	36.0
45	34.322730931549735	36.0	36.0	36.0	32.0	36.0
46	34.303850403720354	36.0	36.0	36.0	32.0	36.0
47	34.301906097830276	36.0	36.0	36.0	32.0	36.0
48	34.30657862480667	36.0	36.0	36.0	32.0	36.0
49	34.346076773164256	36.0	36.0	36.0	32.0	36.0
50	34.42988339099922	36.0	36.0	36.0	32.0	36.0
51	34.54073676574116	36.0	36.0	36.0	32.0	36.0
>>END_MODULE
>>Per sequence quality scores	pass
#Quality	Count
14	9.0
15	76.0
16	350.0
17	822.0
18	2011.0
19	4277.0
20	8946.0
21	16278.0
22	27510.0
23	43419.0
24	66339.0
25	98297.0
26	140575.0
27	193124.0
28	257786.0
29	335444.0
30	430483.0
31	560893.0
32	763350.0
33	1161066.0
34	2371134.0
35	1.0570469E7
36	4712514.0
>>END_MODULE
>>Per base sequence content	pass
#Base	G	A	T	C
1	22.717398595718052	26.56255542190485	27.140431870455405	23.579614111921693
2	22.65864291936907	26.62956714245525	27.370272692575746	23.34151724559993
3	22.59918881798871	26.713265578465347	27.328017803238396	23.359527800307546
4	22.870028257223712	26.463554834277005	27.51329263874098	23.1531242697583
5	23.02410571386786	26.521013189560005	27.0481067147749	23.406774381797238
6	22.508937637023436	26.933710624420026	27.278843018516763	23.278508720039774
7	22.61748586855098	26.822317023297888	27.22321558079177	23.336981527359367
8	22.676127094589486	26.69811841762967	27.157084987727416	23.468669500053434
9	22.532413973335903	26.788642644363453	27.322352827448253	23.35659055485239
10	22.63796325543731	26.820282447263683	27.290043130926193	23.25171116637281
11	23.130710700422224	26.671657971703024	27.016788566159182	23.180842761715574
12	22.478234160869413	26.940726252388625	27.380430892168523	23.20060869457344
13	22.6065660637392	26.78522045490247	27.459749203456397	23.14846427790193
14	22.648153182606006	26.531268049482236	27.583677347955216	23.236901419956542
15	22.549788089159783	26.887888455345905	27.38005587304225	23.182267582452067
16	22.708194958175937	27.13497628983413	27.27099592988657	22.885832822103367
17	22.867938728050415	26.776657040326562	26.968033674348213	23.38737055727481
18	22.774567398206834	27.15563473877524	26.98997881598216	23.07981904703576
19	22.928595031723003	26.860723867438608	27.19602448888675	23.01465661195164
20	22.980528269374208	26.580336177434727	27.20067901155722	23.23845654163384
21	22.921978247784715	26.7702629390634	27.253995417838293	23.053763395313588
22	22.744989827611587	26.94113580980656	27.289188843734674	23.024685518847182
23	22.8150859158199	26.71711967645644	27.17694750302834	23.290846904695314
24	22.659387081518084	27.086727325858195	27.24341254244852	23.0104730501752
25	22.775783511492797	27.001214498640437	27.05974819311202	23.163253796754745
26	22.889650201298057	26.91373850856812	26.986201709524032	23.210409580609788
27	22.851256150917454	26.998576461928764	27.110460576215335	23.03970681093845
28	22.700294485022056	26.949425105227405	27.081108026351007	23.269172383399532
29	22.957841962170114	26.717746263043956	27.118204664862915	23.20620710992301
30	22.7714002582833	27.04989125520685	27.053586935126507	23.125121551383344
31	22.84197704598513	26.93200446621578	27.108163053230435	23.11785543456866
32	22.803965135298192	26.97341864823986	27.009162260276764	23.21345395618519
33	22.70823294709483	26.819478452843608	27.279826405263634	23.192462194797926
34	22.902454115331295	27.155294679911	27.09318833912235	22.849062865635357
35	22.881566953265246	26.80663202842967	27.043408921850098	23.26839209645499
36	23.03727997397229	27.03764944159745	26.87479881662934	23.050271767800915
37	22.82448407030656	26.92833194399793	27.01979425262592	23.227389733069586
38	22.802232533442748	26.80617627359999	26.981588236358917	23.410002956598344
39	22.73258465452553	26.943423448347474	27.049688412139894	23.274303484987094
40	22.780028322105995	26.91886156507462	27.2084012688809	23.09270884393849
41	23.063998424140237	26.84718384825696	26.978285975423727	23.110531752179075
42	22.911149192247134	26.999265354228836	27.053690451553976	23.035895001970058
43	22.919442722056118	27.09485292349762	26.97789167966878	23.00781267477748
44	22.94891916649699	26.832886392563516	26.92173954440833	23.296454896531166
45	22.8014568541874	27.025163438893113	27.101205079807983	23.07217462711151
46	22.883609908728967	27.19859412549439	26.8295935723336	23.088202393443037
47	22.930210068775857	26.911274825144343	26.944854522655714	23.213660583424083
48	22.90664015630817	27.259275077652863	27.08541185545224	22.748672910586727
49	23.168850056661093	27.221066181565835	27.052609749197902	22.55747401257517
50	23.238172365532105	27.404950822328196	27.12780464069263	22.229072171447072
51	22.6567875729081	27.91298665458481	27.36345242418906	22.066773348318033
>>END_MODULE
>>Per base GC content	pass
#Base	%GC
1	46.297012707639745
2	46.000160164969
3	45.95871661829626
4	46.02315252698202
5	46.4308800956651
6	45.78744635706321
7	45.95446739591034
8	46.14479659464292
9	45.88900452818829
10	45.88967442181012
11	46.311553462137795
12	45.678842855442845
13	45.75503034164113
14	45.88505460256255
15	45.732055671611846
16	45.5940277802793
17	46.255309285325225
18	45.854386445242596
19	45.94325164367464
20	46.21898481100805
21	45.9757416430983
22	45.76967534645877
23	46.105932820515214
24	45.669860131693284
25	45.93903730824754
26	46.100059781907845
27	45.890962961855905
28	45.96946686842159
29	46.16404907209312
30	45.896521809666645
31	45.959832480553786
32	46.01741909148338
33	45.900695141892754
34	45.75151698096665
35	46.14995904972023
36	46.08755174177321
37	46.05187380337615
38	46.212235490041095
39	46.006888139512625
40	45.87273716604448
41	46.17453017631931
42	45.94704419421719
43	45.9272553968336
44	46.24537406302815
45	45.87363148129891
46	45.97181230217201
47	46.14387065219994
48	45.6553130668949
49	45.72632406923626
50	45.46724453697918
51	44.72356092122613
>>END_MODULE
>>Per sequence GC content	pass
#GC Content	Count
0	6283.0
1	5936.5
2	4519.0
3	3642.0
4	3918.0
5	4660.5
6	5487.0
7	6618.0
8	7762.0
9	9849.5
10	12153.0
11	16070.5
12	20010.5
13	26787.5
14	34132.0
15	45878.5
16	58162.0
17	76861.5
18	96591.5
19	122645.5
20	149209.5
21	183389.5
22	218370.0
23	260085.5
24	303375.5
25	348414.5
26	433054.0
27	490853.5
28	555385.5
29	621610.0
30	693390.5
31	768122.0
32	845642.5
33	924241.5
34	1000523.5
35	1074465.5
36	1133916.5
37	1189558.0
38	1227068.0
39	1265531.5
40	1289539.5
41	1309118.0
42	1322641.5
43	1331806.0
44	1326869.0
45	1318449.0
46	1305443.5
47	1290143.0
48	1269363.5
49	1248505.5
50	1231092.0
51	1212180.5
52	1188415.5
53	1164119.5
54	1139336.5
55	1110763.5
56	1076654.0
57	1039271.5
58	989746.5
59	932856.5
60	871948.5
61	806808.0
62	738311.0
63	672664.0
64	601397.0
65	532773.0
66	469039.5
67	406149.5
68	348852.5
69	292633.0
70	247058.0
71	206072.5
72	173244.0
73	142385.5
74	116258.0
75	86185.0
76	71153.5
77	58961.5
78	47122.5
79	37691.0
80	29313.5
81	23544.5
82	18480.0
83	14785.5
84	11482.0
85	9186.0
86	7072.5
87	5805.5
88	4591.5
89	3581.0
90	2739.0
91	2270.0
92	1853.5
93	1583.0
94	1327.0
95	1167.0
96	1036.0
97	927.5
98	819.0
99	931.0
100	1053.0
>>END_MODULE
>>Per base N content	pass
#Base	N-Count
1	0.0014334828137356323
2	5.191780703593796E-4
3	6.570129562954982E-4
4	5.421505513487328E-4
5	0.004194775028655873
6	8.775487737932878E-4
7	2.9864225286159007E-4
8	0.0018653654563354702
9	8.086313308252284E-4
10	2.1594132129991897E-4
11	0.003018584002000995
12	0.0025821068632032864
13	9.143047433762527E-4
14	0.0016126681654525864
15	0.0038134318442326117
16	0.003069123460177572
17	0.001088895598895336
18	8.224148194188403E-4
19	0.002407516007684203
20	0.0027291307415351464
21	7.596822189424413E-4
22	0.0016426903095945202
23	9.481182304358348E-4
24	0.004631355248591123
25	0.0031415271456061117
26	0.001658510460076392
27	5.464338721373695E-4
28	2.8094275398067787E-4
29	0.0035867106548873578
30	0.0012193241121672728
31	7.554115678156335E-4
32	0.0031395430274371913
33	0.012150573055320494
34	0.0017201168764621588
35	6.692349034109995E-4
36	4.843723960487681E-4
37	0.001784950595598562
38	3.8133939331509145E-4
39	3.729431037516575E-4
40	0.0010790183091423423
41	3.5610869588653964E-4
42	2.4974563896368876E-4
43	8.161849675741021E-4
44	5.876757965476269E-4
45	5.410950522814478E-4
46	3.75039810475882E-4
47	9.618779421441555E-5
48	0.0021521529286439595
49	8.948468788356073E-4
50	7.814394583686825E-4
51	2.4134806710574816E-4
>>END_MODULE
>>Sequence Length Distribution	warn
#Length	Count
20	45564.0
21	47842.0
22	49990.0
23	51416.0
24	52163.0
25	53153.0
26	53487.0
27	54893.0
28	55810.0
29	59578.0
30	60769.0
31	62784.0
32	65218.0
33	65559.0
34	67535.0
35	67686.0
36	66836.0
37	68435.0
38	69873.0
39	72324.0
40	74898.0
41	78582.0
42	82250.0
43	89267.0
44	104925.0
45	146458.0
46	244851.0
47	609405.0
48	1263467.0
49	2523878.0
50	3340435.0
51	1.2015841E7
>>END_MODULE
>>Sequence Duplication Levels	warn
#Total Duplicate Percentage	33.45863735570741
#Duplication Level	Relative count
1	100.0
2	22.312140440245518
3	9.105515285685728
4	4.734157158617218
5	2.7380220789124916
6	1.6896069183554099
7	1.1409659339113438
8	0.8033407127149954
9	0.6182391660064711
10++	4.939249672370262
>>END_MODULE
>>Overrepresented sequences	pass
>>END_MODULE
>>Kmer Content	warn
#Sequence	Count	Obs/Exp Overall	Obs/Exp Max	Max Obs/Exp Position
AAAAA	5467955	3.9706721	4.9484234	47
TTTTT	5169970	3.5811865	4.193489	13
>>END_MODULE
