##FastQC	0.10.1
>>Basic Statistics	pass
#Measure	Value	
Filename	032-F5_S3_L002_R2_001.fastq.gz	
File type	Conventional base calls	
Encoding	Sanger / Illumina 1.9	
Total Sequences	42964679	
Filtered Sequences	0	
Sequence length	35-76	
%GC	45	
>>END_MODULE
>>Per base sequence quality	pass
#Base	Mean	Median	Lower Quartile	Upper Quartile	10th Percentile	90th Percentile
1	31.285021051827247	32.0	32.0	32.0	32.0	32.0
2	31.034365717011408	32.0	32.0	32.0	32.0	32.0
3	31.10769748797611	32.0	32.0	32.0	32.0	32.0
4	31.177669615546296	32.0	32.0	32.0	32.0	32.0
5	31.140827538825555	32.0	32.0	32.0	32.0	32.0
6	34.83482273892934	36.0	36.0	36.0	36.0	36.0
7	34.824622476523096	36.0	36.0	36.0	36.0	36.0
8	34.750620480604546	36.0	36.0	36.0	32.0	36.0
9	34.86072878608031	36.0	36.0	36.0	36.0	36.0
10-14	34.755272930120114	36.0	36.0	36.0	32.8	36.0
15-19	34.66592764721924	36.0	36.0	36.0	32.0	36.0
20-24	34.603593039761805	36.0	36.0	36.0	32.0	36.0
25-29	34.54669809589408	36.0	36.0	36.0	32.0	36.0
30-34	34.48512707379938	36.0	36.0	36.0	32.0	36.0
35-39	34.431805843349125	36.0	36.0	36.0	32.0	36.0
40-44	34.368939616413755	36.0	36.0	36.0	32.0	36.0
45-49	34.26529769538452	36.0	36.0	36.0	32.0	36.0
50-54	34.147308201566446	36.0	36.0	36.0	32.0	36.0
55-59	34.01432103703018	36.0	36.0	36.0	32.0	36.0
60-64	33.884241405063605	36.0	36.0	36.0	32.0	36.0
65-69	33.737545442628196	36.0	36.0	36.0	28.0	36.0
70-74	33.61549412746549	36.0	36.0	36.0	27.0	36.0
75-76	32.978368880693104	36.0	34.0	36.0	20.5	36.0
>>END_MODULE
>>Per sequence quality scores	pass
#Quality	Count
2	25894.0
3	0.0
4	0.0
5	0.0
6	0.0
7	0.0
8	0.0
9	0.0
10	0.0
11	0.0
12	0.0
13	0.0
14	2293.0
15	6963.0
16	12686.0
17	19992.0
18	29671.0
19	40433.0
20	55408.0
21	76759.0
22	109261.0
23	154453.0
24	220940.0
25	312597.0
26	428050.0
27	565866.0
28	727631.0
29	919799.0
30	1158138.0
31	1486551.0
32	2004132.0
33	3058195.0
34	6447384.0
35	2.5101583E7
>>END_MODULE
>>Per base sequence content	fail
#Base	G	A	T	C
1	44.80342475994904	18.172705128344987	11.309103987988617	25.714766123717354
2	17.220739115910284	19.789189759153444	36.14654143473613	26.843529690200143
3	19.987424094269237	21.295743359797562	28.893642127391892	29.823190418541305
4	13.72380682622924	14.588178561904911	36.29666742215995	35.391347189705904
5	15.388449143685573	34.50581676647055	34.91679878430425	15.188935305539625
6	34.464407852612865	35.19179318008193	16.32300137821971	14.02079758908549
7	30.251209949233544	30.08362486269698	20.752990565522524	18.91217462254696
8	26.704213917557283	34.01225721687281	20.28825221766289	18.995276647907016
9	24.84741009788703	15.677851620626898	20.46019001236295	39.014548269123125
10-14	23.741439353721816	23.272735826130152	28.71355488982746	24.272269930320572
15-19	22.276917709711626	28.446216631420757	26.481246732994425	22.795618925873192
20-24	22.35375872885085	27.141056273483287	27.80676817008213	22.698416827583735
25-29	22.152964970946428	27.186927622660956	27.84491130804004	22.815196098352573
30-34	22.14380215928327	27.389108005734208	27.926620187320157	22.540469647662363
35-39	22.15295599747204	27.638338668272432	27.84041509989728	22.368290234358252
40-44	22.17376181197868	27.575236028811357	27.880113640189837	22.37088851902013
45-49	22.177285354631213	27.808468749847293	27.74546478354306	22.268781111978438
50-54	22.27356275621991	27.784401415802094	27.721113981808127	22.22092184616987
55-59	22.225112904066556	27.805469770801267	27.70722924971767	22.26218807541451
60-64	22.341999446795626	27.904782768221185	27.60231775663185	22.150900028351337
65-69	22.308404102343786	27.896745575113425	27.64884767353874	22.146002649004053
70-74	22.595657630905364	28.17901602367714	27.548790075375845	21.676536270041645
75-76	26.631688740901794	35.4313327373916	28.348978131074638	9.588000390631967
>>END_MODULE
>>Per base GC content	fail
#Base	%GC
1	70.51819088366639
2	44.06426880611043
3	49.810614512810545
4	49.11515401593514
5	30.5773844492252
6	48.485205441698355
7	49.1633845717805
8	45.6994905654643
9	63.86195836701015
10-14	48.01370928404239
15-19	45.07253663558482
20-24	45.052175556434584
25-29	44.968161069299
30-34	44.68427180694563
35-39	44.52124623183029
40-44	44.544650330998806
45-49	44.44606646660965
50-54	44.494484602389775
55-59	44.48730097948106
60-64	44.49289947514696
65-69	44.45440675134783
70-74	44.27219390094701
75-76	36.21968913153376
>>END_MODULE
>>Per sequence GC content	warn
#GC Content	Count
0	25950.0
1	13029.5
2	167.5
3	339.0
4	452.0
5	597.5
6	990.0
7	1667.5
8	2101.0
9	2637.0
10	4225.0
11	7078.0
12	8902.0
13	10885.0
14	16323.5
15	25619.5
16	40148.0
17	51138.0
18	69220.0
19	105244.5
20	151077.5
21	183986.5
22	231178.0
23	315713.5
24	404868.0
25	464015.0
26	538486.0
27	657864.0
28	773988.5
29	851297.5
30	941077.0
31	1080105.5
32	1207851.5
33	1288627.5
34	1387243.5
35	1526820.5
36	1638633.0
37	1708331.0
38	1768363.0
39	1835613.5
40	1862234.5
41	1852127.0
42	1852289.5
43	1844142.5
44	1801681.0
45	1743767.0
46	1707197.0
47	1666547.5
48	1599225.0
49	1532601.5
50	1490492.0
51	1449156.0
52	1391119.5
53	1346517.5
54	1327825.0
55	1310568.0
56	1277206.5
57	1240925.0
58	1207141.5
59	1146841.5
60	1054477.0
61	948793.0
62	865359.0
63	787698.0
64	685824.5
65	591699.5
66	494354.0
67	424521.5
68	372291.0
69	304642.0
70	239807.0
71	197219.0
72	165521.5
73	130586.0
74	99796.5
75	80251.0
76	68121.5
77	54189.5
78	40849.5
79	32914.5
80	28043.0
81	22431.5
82	16738.5
83	13079.0
84	10773.0
85	8446.0
86	6386.0
87	5159.5
88	4493.0
89	3871.0
90	3390.0
91	3203.0
92	3188.0
93	3155.5
94	3271.0
95	3558.5
96	3705.5
97	4096.0
98	5610.0
99	24623.0
100	42519.0
>>END_MODULE
>>Per base N content	pass
#Base	N-Count
1	0.36298653598692077
2	0.25034051807997915
3	0.12580566469494628
4	0.07042529050432333
5	0.06122238222703817
6	0.06040310460599508
7	0.060268109997982294
8	0.060268109997982294
9	0.060268109997982294
10-14	0.060268109997982294
15-19	0.060268109997982294
20-24	0.060268109997982294
25-29	0.060268109997982294
30-34	0.060268109997982294
35-39	0.012066940305143627
40-44	0.0
45-49	0.0
50-54	0.0
55-59	0.0
60-64	0.0
65-69	0.0
70-74	0.0
75-76	0.0
>>END_MODULE
>>Sequence Length Distribution	warn
#Length	Count
35	34744.0
36	13531.0
37	18310.0
38	20912.0
39	23889.0
40	25604.0
41	27614.0
42	30733.0
43	34530.0
44	39569.0
45	43002.0
46	44636.0
47	47475.0
48	49078.0
49	51214.0
50	51881.0
51	53493.0
52	56074.0
53	59782.0
54	65187.0
55	66355.0
56	69203.0
57	70561.0
58	71862.0
59	73575.0
60	73652.0
61	73881.0
62	77699.0
63	80684.0
64	87414.0
65	89602.0
66	92836.0
67	91945.0
68	93419.0
69	100723.0
70	110622.0
71	145140.0
72	306992.0
73	1012457.0
74	2872238.0
75	8985304.0
76	2.7527257E7
>>END_MODULE
>>Sequence Duplication Levels	warn
#Total Duplicate Percentage	41.73059538922836
#Duplication Level	Relative count
1	100.0
2	23.609698202780603
3	12.201593760596813
4	7.622075279755849
5	5.24245506951509
6	3.585961342828077
7	2.6610715496778568
8	2.0286537809426926
9	1.5166158019667684
10++	11.080874872838251
>>END_MODULE
>>Overrepresented sequences	warn
#Sequence	Count	Percentage	Possible Source
GGGGGGGGGGGGGGGGGGGGGGGGGGGGGGGGGGGGGGGGGGGGGGGGGG	45001	0.1047395233652275	No Hit
>>END_MODULE
>>Kmer Content	warn
#Sequence	Count	Obs/Exp Overall	Obs/Exp Max	Max Obs/Exp Position
AAAAA	19553055	4.30611	8.359155	72
GGGGG	7462190	3.9831085	6.8967648	72
TTTTT	16314795	3.4723487	6.009084	72
CCTGG	6929960	3.1533422	12.369164	3
CCAGG	6442710	2.951717	12.329762	3
CCCAG	6315340	2.9287117	11.534135	2
CTGGG	6368995	2.863107	11.374596	4
CCAGC	5921475	2.7460582	6.6610513	3
GGAGG	5803610	2.595117	5.95262	6
GCTGG	5739595	2.5801675	7.1523476	3
CAGCC	5340955	2.4768448	5.8032365	9
TCCAG	6289670	2.3975694	8.441305	2
CTCCA	6158290	2.3761683	6.4690003	1
GGCTG	5256680	2.3630788	8.371903	7
CAGCA	6080080	2.333557	6.495448	4
CTCCT	6084930	2.3318837	6.312596	1
CAGGA	6143070	2.3292754	9.6615925	4
AGGAG	6126445	2.2949338	6.9945254	5
GCCTG	5034760	2.2909687	7.6372733	7
TGCTG	6116650	2.287797	7.3655753	2
TCCTG	6020180	2.2792244	8.875394	2
CCTGC	4930605	2.2709854	6.406603	3
CTGCC	4919820	2.2660177	5.8222876	9
GGCAG	4969380	2.249234	6.4526806	7
CTGGA	5936095	2.2354782	8.444865	4
CTGCA	5843340	2.227432	6.81805	4
GCAGG	4872280	2.2052846	6.7884436	3
CCCTG	4748770	2.187234	9.063195	2
TGCAG	5721520	2.1546714	7.0795226	2
CAGAG	5668445	2.1493113	7.397161	4
CTCTG	5645780	2.1374774	7.4472575	2
CTGCT	5628505	2.1309369	6.340912	9
GCTGC	4620645	2.1025338	5.5156746	8
CAGGC	4582750	2.0995793	6.4863973	4
AGCAG	5497065	2.084329	5.2913895	7
TGGAG	5552690	2.0658526	6.315182	5
CTGGC	4523940	2.05853	5.8586535	4
CAGGG	4547460	2.0582652	9.060345	4
GGGAG	4599810	2.0568311	5.5545816	7
CCCCA	4377055	2.0546393	6.885631	1
GCCAG	4444445	2.0362153	5.464233	2
AGCTG	5392320	2.0306978	5.719843	7
GGAGA	5285285	1.9798398	5.389688	6
CTCAG	5190915	1.9787333	6.1253643	2
CAGAA	6184545	1.9644729	5.3128147	4
CTGAG	5135690	1.9340531	5.8564696	4
CACAG	5002440	1.9199545	6.5285273	7
TTCTG	6108535	1.9009826	5.2099714	2
CTGTG	5080900	1.9003975	8.604573	9
GGCCA	4126615	1.8906019	6.6652503	1
TGGGG	4241090	1.8835211	6.321127	5
CCAGA	4788950	1.8380163	6.47533	3
CCTCT	4772650	1.8289881	5.595166	1
TGGCC	3945390	1.7952724	6.0110683	5
TCTGG	4772905	1.7851989	6.34806	3
CACTG	4674830	1.782006	7.1164227	7
ACCTG	4603460	1.7548004	5.3794785	7
CAGTG	4616210	1.7384219	6.2428145	9
GCCCA	3726590	1.72819	7.2111545	1
CCTGA	4511555	1.719767	5.619525	3
ACAGA	5209090	1.6546272	5.5093293	8
TCAGG	4391875	1.6539395	5.8842106	3
AGCCT	4330245	1.6506531	5.410039	6
TGGGC	3647975	1.6399046	6.602796	5
GGCCT	3601765	1.6389124	5.2125044	6
GGGCC	2987465	1.6338269	5.39413	6
CCTGT	4271825	1.6173017	5.5674477	8
GAGAG	4288475	1.6064401	5.0346804	7
AGGTG	4217910	1.569254	5.347352	7
CTGTC	3822810	1.4473058	5.8678236	9
GCCCT	3123660	1.4387252	5.9823723	1
GGGCT	3169250	1.4246992	5.8233886	6
GACAG	3712235	1.4075727	6.6899133	7
GCTGT	3706530	1.3863453	5.0504365	8
GTGTG	3749200	1.3853796	7.2721663	1
ACAGC	3602715	1.3827351	5.1955833	8
ACACA	4277510	1.3753178	5.4656177	6
TGTGT	4420710	1.3591248	5.1361938	10
CACAC	3474085	1.3496565	5.9836636	5
AGACA	4193720	1.3321028	5.16356	6
AGGGC	2942875	1.3320001	5.434235	5
ACTGC	3357515	1.2798566	5.135728	8
GGACA	3161690	1.1988219	5.4926205	6
GTGCT	3158405	1.1813313	6.3162513	1
GTCCT	3070300	1.1624075	6.727556	1
GTCCA	2982140	1.1367668	6.382281	1
GTCTT	3623605	1.1276697	5.375423	1
AGCAC	2931790	1.1252317	5.27681	5
TGTGC	2968945	1.1104678	5.159258	10
TGCAC	2856460	1.0888586	5.599462	5
AGGAC	2850555	1.0808485	6.0476108	5
GTGCA	2828095	1.0650344	6.1480007	1
GCACT	2759150	1.0517647	5.1151414	6
TGGAC	2754490	1.0373155	5.688917	5
AGACT	3204000	1.0107996	5.228115	6
GACTG	2678455	1.0086814	5.8275485	7
ACAGT	3186625	1.0053182	5.1421127	8
ACTGT	3203640	1.0038077	5.973719	8
GGACT	2467835	0.9293637	5.024682	6
GTGTA	1944940	0.6020594	5.4620457	1
>>END_MODULE
