##FastQC	0.10.1
>>Basic Statistics	pass
#Measure	Value	
Filename	001-F5_S2_L001_R2_001_trimmed.fq.gz	
File type	Conventional base calls	
Encoding	Sanger / Illumina 1.9	
Total Sequences	19783194	
Filtered Sequences	0	
Sequence length	20-51	
%GC	45	
>>END_MODULE
>>Per base sequence quality	pass
#Base	Mean	Median	Lower Quartile	Upper Quartile	10th Percentile	90th Percentile
1	34.841241813632315	36.0	36.0	36.0	36.0	36.0
2	34.83259846716359	36.0	36.0	36.0	36.0	36.0
3	34.80671088803962	36.0	36.0	36.0	36.0	36.0
4	34.80150581346976	36.0	36.0	36.0	36.0	36.0
5	34.79261710722748	36.0	36.0	36.0	36.0	36.0
6	34.77435352451177	36.0	36.0	36.0	36.0	36.0
7	34.75989059198429	36.0	36.0	36.0	32.0	36.0
8	34.750960992446416	36.0	36.0	36.0	32.0	36.0
9	34.729930111386466	36.0	36.0	36.0	32.0	36.0
10	34.71870654455494	36.0	36.0	36.0	32.0	36.0
11	34.71132123559017	36.0	36.0	36.0	32.0	36.0
12	34.693562576396914	36.0	36.0	36.0	32.0	36.0
13	34.67271098893333	36.0	36.0	36.0	32.0	36.0
14	34.66265022725855	36.0	36.0	36.0	32.0	36.0
15	34.64945276278441	36.0	36.0	36.0	32.0	36.0
16	34.617459951107996	36.0	36.0	36.0	32.0	36.0
17	34.61268145073035	36.0	36.0	36.0	32.0	36.0
18	34.59490681838332	36.0	36.0	36.0	32.0	36.0
19	34.576828038991074	36.0	36.0	36.0	32.0	36.0
20	34.57004470562236	36.0	36.0	36.0	32.0	36.0
21	34.54438444083727	36.0	36.0	36.0	32.0	36.0
22	34.52027032246392	36.0	36.0	36.0	32.0	36.0
23	34.498135391669166	36.0	36.0	36.0	32.0	36.0
24	34.46782913802356	36.0	36.0	36.0	32.0	36.0
25	34.44709195965726	36.0	36.0	36.0	32.0	36.0
26	34.42151097381135	36.0	36.0	36.0	32.0	36.0
27	34.39927484542637	36.0	36.0	36.0	32.0	36.0
28	34.36686240064805	36.0	36.0	36.0	32.0	36.0
29	34.35147046109903	36.0	36.0	36.0	32.0	36.0
30	34.32033686373939	36.0	36.0	36.0	32.0	36.0
31	34.26978118136519	36.0	36.0	36.0	32.0	36.0
32	34.25663155971664	36.0	36.0	36.0	32.0	36.0
33	34.2198446527586	36.0	36.0	36.0	32.0	36.0
34	34.17094894868711	36.0	36.0	36.0	32.0	36.0
35	34.149265908676114	36.0	36.0	36.0	32.0	36.0
36	34.128512526560584	36.0	36.0	36.0	32.0	36.0
37	34.09382264301747	36.0	36.0	36.0	32.0	36.0
38	34.07481040716444	36.0	36.0	36.0	32.0	36.0
39	34.04233344968422	36.0	36.0	36.0	32.0	36.0
40	34.02771649390991	36.0	36.0	36.0	32.0	36.0
41	34.006010140237876	36.0	36.0	36.0	32.0	36.0
42	33.976703358319945	36.0	36.0	36.0	32.0	36.0
43	33.980145954634615	36.0	36.0	36.0	32.0	36.0
44	33.96099788296619	36.0	36.0	36.0	32.0	36.0
45	33.9448515262112	36.0	36.0	36.0	32.0	36.0
46	33.95121161681311	36.0	36.0	36.0	32.0	36.0
47	33.93897413381202	36.0	36.0	36.0	32.0	36.0
48	33.95824337909326	36.0	36.0	36.0	32.0	36.0
49	33.99555706542739	36.0	36.0	36.0	32.0	36.0
50	34.09262542712154	36.0	36.0	36.0	32.0	36.0
51	34.235844682207976	36.0	36.0	36.0	32.0	36.0
>>END_MODULE
>>Per sequence quality scores	pass
#Quality	Count
2	34.0
3	23.0
4	22.0
5	26.0
6	24.0
7	59.0
8	82.0
9	132.0
10	151.0
11	180.0
12	175.0
13	226.0
14	1485.0
15	2424.0
16	4074.0
17	6489.0
18	10354.0
19	16059.0
20	24692.0
21	37074.0
22	53362.0
23	75908.0
24	105226.0
25	142185.0
26	187676.0
27	240396.0
28	302452.0
29	374566.0
30	464818.0
31	585754.0
32	776853.0
33	1145348.0
34	2193361.0
35	9155006.0
36	3876498.0
>>END_MODULE
>>Per base sequence content	pass
#Base	G	A	T	C
1	22.518286842295375	26.877933542458702	27.5090709380698	23.09470867717612
2	22.440784125309115	26.92091303303564	27.757697031151807	22.880605810503436
3	22.416655863611716	26.956942225127307	27.633585925948545	22.99281598531243
4	22.589506710049033	26.658304434815566	27.902705439152907	22.849483415982498
5	22.724796009499823	26.7296537037492	27.49138068665132	23.05416960009965
6	22.228341985707154	27.1095153329312	27.720725517368006	22.94141716399364
7	22.30148385192309	27.0746265623402	27.686744360297492	22.937145225439217
8	22.371268365661265	27.006726438130148	27.6021207050319	23.019884491176686
9	22.243863283071327	27.142261544052815	27.733662918708145	22.880212254167713
10	22.340129514562047	27.16285638192782	27.67274186206454	22.82427224144559
11	22.830073646279466	27.105025822706995	27.353485964337565	22.71141456667597
12	22.173240687376207	27.31855812538283	27.744534871418118	22.763666315822835
13	22.31210431747705	27.096574786673422	27.854729968016496	22.736590927833028
14	22.34394326114922	26.84754530455271	28.004435850917186	22.80407558338088
15	22.262680929806184	27.147136668287363	27.80538680252946	22.784795599376995
16	22.4212749434414	27.47271734261322	27.654631221642006	22.451376492303375
17	22.581172136506584	27.14409249047546	27.361029153272025	22.913706219745926
18	22.461126486288183	27.55277740616465	27.42539752745311	22.560698580094055
19	22.599290254487933	27.25174731555181	27.60372313049218	22.545239299468076
20	22.63801325883423	27.01183499112999	27.636408825329696	22.713742924706086
21	22.646459699464387	27.15450400188845	27.653122459393508	22.545913839253647
22	22.467158440434464	27.33655451404283	27.636009121713524	22.560277923809178
23	22.531683940288318	27.085016317233073	27.555762399226165	22.827537343252448
24	22.373998333213382	27.43165909061169	27.624509083087435	22.569833493087497
25	22.478354174802526	27.365709124084	27.444182547313773	22.711754153799703
26	22.578600604520943	27.3625975280743	27.35779957955983	22.701002287844922
27	22.52917088521884	27.45048462297429	27.50870386731068	22.51164062449619
28	22.339117094204532	27.39859017755618	27.47004245056918	22.792250277670107
29	22.605503068249632	27.232376669285625	27.481917495158726	22.680202767306024
30	22.44948491820534	27.49756377062951	27.43992189056194	22.61302942060321
31	22.550230429743635	27.400747364314128	27.43755522159612	22.61146698434612
32	22.52883591473625	27.431054323782927	27.37138330784856	22.668726453632264
33	22.44173168452165	27.272513063752378	27.61800865873889	22.667746592987086
34	22.59208303261592	27.60230768929533	27.42379823372377	22.381811044364987
35	22.55478923164431	27.271313552761928	27.417557014814232	22.756340200779533
36	22.663994132743948	27.529727414662155	27.262678502245162	22.543599950348735
37	22.427639668406087	27.45527160160648	27.386388630661816	22.730700099325613
38	22.471374479484037	27.29419802366505	27.414400978835445	22.820026518015464
39	22.40586002017325	27.44298107689664	27.44624946510531	22.704909437824803
40	22.474287106095442	27.39810630145265	27.543909844718627	22.583696747733278
41	22.708223021651765	27.37388921406907	27.35798579519929	22.55990196907987
42	22.62189197392634	27.495784508329084	27.387771695842805	22.494551821901773
43	22.584904121692638	27.587477553709345	27.328130009994727	22.49948831460329
44	22.630584648678624	27.306814047052796	27.269747121070825	22.792854183197758
45	22.458159919608654	27.46510668374268	27.48638576313136	22.590347633517307
46	22.522317038495558	27.657079021927622	27.211755344794454	22.608848594782373
47	22.57432285407144	27.4273038562036	27.303309218706723	22.69506407101824
48	22.55472918209041	27.779547966055627	27.460625639673868	22.205097212180092
49	22.841581700331957	27.73303057652396	27.379823412190802	22.045564310953285
50	22.905238845913058	27.879323689026386	27.525157505195065	21.690279959865496
51	22.512410077316144	28.309569307799602	27.634562551679636	21.543458063204618
>>END_MODULE
>>Per base GC content	pass
#Base	%GC
1	45.6129955194715
2	45.321389935812554
3	45.40947184892415
4	45.43899012603153
5	45.778965609599474
6	45.169759149700795
7	45.238629077362305
8	45.391152856837955
9	45.12407553723904
10	45.164401756007635
11	45.541488212955436
12	44.936907003199046
13	45.048695245310086
14	45.1480188445301
15	45.04747652918318
16	44.87265143574477
17	45.494878356252514
18	45.021825066382235
19	45.14452955395601
20	45.35175618354032
21	45.19237353871804
22	45.02743636424364
23	45.35922128354077
24	44.94383182630088
25	45.19010832860223
26	45.279602892365865
27	45.04081150971503
28	45.13136737187464
29	45.28570583555565
30	45.06251433880855
31	45.16169741408975
32	45.19756236836851
33	45.109478277508735
34	44.973894076980905
35	45.31112943242384
36	45.20759408309269
37	45.1583397677317
38	45.2914009974995
39	45.11076945799805
40	45.05798385382872
41	45.26812499073164
42	45.11644379582811
43	45.08439243629592
44	45.42343883187638
45	45.04850755312596
46	45.131165633277924
47	45.26938692508968
48	44.759826394270505
49	44.88714601128524
50	44.59551880577855
51	44.055868140520765
>>END_MODULE
>>Per sequence GC content	pass
#GC Content	Count
0	11316.0
1	10100.0
2	7410.5
3	6336.0
4	6890.5
5	7839.0
6	8854.5
7	10312.0
8	11859.0
9	14198.5
10	16565.5
11	20759.5
12	25073.0
13	31879.0
14	39322.5
15	51269.0
16	63766.5
17	82490.0
18	102137.0
19	127867.5
20	154561.5
21	187444.0
22	221128.0
23	262371.0
24	304693.0
25	347423.0
26	427540.0
27	483999.0
28	547475.0
29	612337.0
30	680950.5
31	752343.5
32	826173.0
33	901426.5
34	973955.5
35	1042933.0
36	1097100.5
37	1147467.5
38	1180642.5
39	1212235.0
40	1229790.5
41	1244676.0
42	1250251.0
43	1249259.5
44	1236308.5
45	1220476.0
46	1201289.5
47	1179983.0
48	1153837.0
49	1127246.0
50	1101760.0
51	1076073.0
52	1048704.5
53	1019837.0
54	992785.0
55	963491.5
56	928638.5
57	890294.0
58	844958.5
59	794601.5
60	739376.5
61	681056.5
62	621486.5
63	563325.5
64	500221.5
65	440295.5
66	385979.0
67	333348.5
68	285070.5
69	238081.0
70	201448.0
71	168655.0
72	141382.0
73	115375.0
74	93721.0
75	70276.0
76	58570.0
77	48433.0
78	38726.5
79	31066.5
80	24227.5
81	19644.0
82	15714.0
83	12719.0
84	10013.5
85	8175.5
86	6501.0
87	5373.0
88	4332.0
89	3545.5
90	2852.0
91	2468.5
92	2177.0
93	2019.0
94	1850.0
95	1717.5
96	1627.0
97	1753.0
98	2276.0
99	12675.5
100	22679.0
>>END_MODULE
>>Per base N content	pass
#Base	N-Count
1	0.013723769781563078
2	0.011236810395732863
3	0.02445510062733045
4	0.011075056939743906
5	0.01322334502709724
6	0.010665618504271859
7	0.014411221969516146
8	0.009341262083362271
9	0.01203546808467834
10	0.01450726308400959
11	0.010888029506256674
12	0.006889686266029641
13	0.026209114665710704
14	0.01743398967830978
15	0.018353962459246975
16	0.03438777378415235
17	0.025632867978750043
18	0.023049867478426387
19	0.018753291303719714
20	0.018333743277248356
21	0.013810729451813882
22	0.03462375820999286
23	0.031032211680353236
24	0.010774066596815823
25	0.025170381955163502
26	0.011872612879805348
27	0.01760970305986386
28	0.019498708288198153
29	0.017280147379718516
30	0.013116237114677966
31	0.03896922095762716
32	0.02999717562469617
33	0.022256006473478068
34	0.0225916984872768
35	0.02246860609867022
36	0.02263346316998504
37	0.03697496288982816
38	0.027257146034313784
39	0.027965258486103057
40	0.031580971881216266
41	0.01832073984609379
42	0.03624685284522731
43	0.01585051123541935
44	0.008619601061390104
45	0.009398908857438108
46	0.005265004180255987
47	0.013604398117329046
48	0.011600859793809579
49	0.00839051342056313
50	0.007232780852201666
51	0.009433180183443655
>>END_MODULE
>>Sequence Length Distribution	warn
#Length	Count
20	52158.0
21	53796.0
22	55693.0
23	56047.0
24	58446.0
25	58934.0
26	61081.0
27	62682.0
28	65262.0
29	69140.0
30	69737.0
31	71758.0
32	73807.0
33	73905.0
34	74480.0
35	75271.0
36	76198.0
37	77841.0
38	81127.0
39	83846.0
40	86656.0
41	89951.0
42	91926.0
43	99971.0
44	114589.0
45	152135.0
46	243610.0
47	563027.0
48	1138885.0
49	2301813.0
50	3139359.0
51	1.0410063E7
>>END_MODULE
>>Sequence Duplication Levels	warn
#Total Duplicate Percentage	31.872241053129436
#Duplication Level	Relative count
1	100.0
2	20.768279542676975
3	8.465971956061122
4	4.37291641054938
5	2.6033568840710717
6	1.5952792461835512
7	1.0738847146793171
8	0.7766681370812031
9	0.5893710723660899
10++	4.385210040279716
>>END_MODULE
>>Overrepresented sequences	pass
>>END_MODULE
>>Kmer Content	warn
#Sequence	Count	Obs/Exp Overall	Obs/Exp Max	Max Obs/Exp Position
AAAAA	5946745	4.4559445	5.3808227	47
TTTTT	5374325	3.8529792	4.4345593	13
GGGGG	1828940	3.5927005	5.4029202	47
>>END_MODULE
