##FastQC	0.10.1
>>Basic Statistics	pass
#Measure	Value	
Filename	005-F0_S3_L004_R2_001_trimmed.fq.gz	
File type	Conventional base calls	
Encoding	Sanger / Illumina 1.9	
Total Sequences	20793075	
Filtered Sequences	0	
Sequence length	20-50	
%GC	45	
>>END_MODULE
>>Per base sequence quality	pass
#Base	Mean	Median	Lower Quartile	Upper Quartile	10th Percentile	90th Percentile
1	34.71205273871229	36.0	36.0	36.0	32.0	36.0
2	34.7004156431889	36.0	36.0	36.0	32.0	36.0
3	34.685465184923345	36.0	36.0	36.0	32.0	36.0
4	34.67458334084785	36.0	36.0	36.0	32.0	36.0
5	34.666726686649284	36.0	36.0	36.0	32.0	36.0
6	34.641201409603916	36.0	36.0	36.0	32.0	36.0
7	34.63362581051624	36.0	36.0	36.0	32.0	36.0
8	34.624051324780005	36.0	36.0	36.0	32.0	36.0
9	34.6085920432644	36.0	36.0	36.0	32.0	36.0
10	34.5810396971107	36.0	36.0	36.0	32.0	36.0
11	34.57431683384973	36.0	36.0	36.0	32.0	36.0
12	34.5500749648621	36.0	36.0	36.0	32.0	36.0
13	34.54135090649171	36.0	36.0	36.0	32.0	36.0
14	34.52551909710324	36.0	36.0	36.0	32.0	36.0
15	34.51115080381329	36.0	36.0	36.0	32.0	36.0
16	34.49043049188251	36.0	36.0	36.0	32.0	36.0
17	34.47688377019753	36.0	36.0	36.0	32.0	36.0
18	34.4628449616038	36.0	36.0	36.0	32.0	36.0
19	34.43978310086411	36.0	36.0	36.0	32.0	36.0
20	34.4481210210611	36.0	36.0	36.0	32.0	36.0
21	34.41512699220053	36.0	36.0	36.0	32.0	36.0
22	34.41814634569728	36.0	36.0	36.0	32.0	36.0
23	34.40078233350087	36.0	36.0	36.0	32.0	36.0
24	34.36213256009332	36.0	36.0	36.0	32.0	36.0
25	34.349640660854405	36.0	36.0	36.0	32.0	36.0
26	34.329819295054584	36.0	36.0	36.0	32.0	36.0
27	34.312818167944286	36.0	36.0	36.0	32.0	36.0
28	34.28946002785896	36.0	36.0	36.0	32.0	36.0
29	34.267601179420495	36.0	36.0	36.0	32.0	36.0
30	34.23736972824703	36.0	36.0	36.0	32.0	36.0
31	34.203273955377185	36.0	36.0	36.0	32.0	36.0
32	34.18116888525576	36.0	36.0	36.0	32.0	36.0
33	34.168323424896286	36.0	36.0	36.0	32.0	36.0
34	34.140899668201335	36.0	36.0	36.0	32.0	36.0
35	34.10174149487286	36.0	36.0	36.0	32.0	36.0
36	34.08615841753549	36.0	36.0	36.0	32.0	36.0
37	34.061369819824456	36.0	36.0	36.0	32.0	36.0
38	34.04602123597123	36.0	36.0	36.0	32.0	36.0
39	34.006086701473	36.0	36.0	36.0	32.0	36.0
40	33.98228983577128	36.0	36.0	36.0	32.0	36.0
41	33.966918945344	36.0	36.0	36.0	32.0	36.0
42	33.94707629487231	36.0	36.0	36.0	32.0	36.0
43	33.91367459745504	36.0	36.0	36.0	32.0	36.0
44	33.89989257571236	36.0	36.0	36.0	32.0	36.0
45	33.87901662743348	36.0	36.0	36.0	32.0	36.0
46	33.88634184657835	36.0	36.0	36.0	32.0	36.0
47	33.901838588550135	36.0	36.0	36.0	32.0	36.0
48	33.932664109593475	36.0	36.0	36.0	32.0	36.0
49	34.01275325160123	36.0	36.0	36.0	32.0	36.0
50	34.15322640180583	36.0	36.0	36.0	32.0	36.0
>>END_MODULE
>>Per sequence quality scores	pass
#Quality	Count
2	13.0
3	3.0
4	4.0
5	10.0
6	18.0
7	23.0
8	37.0
9	62.0
10	46.0
11	62.0
12	72.0
13	108.0
14	990.0
15	2363.0
16	4679.0
17	7979.0
18	13058.0
19	20146.0
20	30229.0
21	43426.0
22	59990.0
23	82697.0
24	111628.0
25	149632.0
26	196859.0
27	254463.0
28	323426.0
29	406715.0
30	512106.0
31	660436.0
32	888628.0
33	1322910.0
34	2550229.0
35	9346428.0
36	3803600.0
>>END_MODULE
>>Per base sequence content	pass
#Base	G	A	T	C
1	22.775703902189814	26.586327247723997	27.235493005924454	23.402475844161742
2	22.708854589740977	26.59802839726271	27.455272490777606	23.237844522218705
3	22.66797032860804	26.682776780695722	27.33444421645752	23.31480867423872
4	22.87798985782739	26.387156185167903	27.541726054756033	23.193127902248673
5	22.97299429097016	26.46357195329313	27.168204423495336	23.395229332241374
6	22.51494039593041	26.83766208625185	27.394944686086355	23.25245283173138
7	22.573929230928023	26.823212377197446	27.33156684887997	23.271291542994557
8	22.651681448277188	26.738553069508843	27.30528675041844	23.304478731795534
9	22.534851155284326	26.861562354283347	27.419666611115478	23.18391987931685
10	22.628799638081496	26.885964167624714	27.326270772930815	23.158965421362975
11	23.099903073407944	26.79744189214252	27.04616499299312	23.056490041456414
12	22.469752504135	26.967965464744715	27.409718292868984	23.1525637382513
13	22.589664766957608	26.81224625493349	27.503449643857458	23.094639334251443
14	22.65415529610766	26.552610682913645	27.6412407523849	23.151993268593795
15	22.593774828429048	26.83222472200457	27.456061812924297	23.117938636642084
16	22.745029759277998	27.156410744170735	27.29061307551659	22.807946421034682
17	22.880962404093708	26.821328994594808	27.072478609733324	23.225229991578157
18	22.719336060851983	27.238797876208142	27.116660268959574	22.9252057939803
19	22.895594279262724	26.93743312161682	27.281176046583116	22.88579655253734
20	22.93734517421625	26.720358362321363	27.253834879495002	23.088461583967383
21	22.917704505505228	26.84622156582775	27.288516311945386	22.94755761672164
22	22.746576868801593	27.01987080787583	27.3017013887194	22.931850934603172
23	22.847474574121193	26.79197802876142	27.185502440134314	23.17504495698307
24	22.691106346419122	27.11207117468496	27.23392626948179	22.962896209414126
25	22.792465215252115	27.026985953124083	27.09600235325028	23.08454647837352
26	22.887437674107716	27.049680241339825	27.012833571887512	23.050048512664944
27	22.84200698241855	27.135258764395054	27.15533799383074	22.86739625935565
28	22.67590494044444	27.093735148817537	27.116285977722633	23.11407393301539
29	22.916964314359927	26.912337249034017	27.141423505647587	23.029274930958465
30	22.778907492828548	27.176788765724318	27.086247830862213	22.958055910584918
31	22.88743623437892	27.093810010342228	27.05778116602956	22.96097258924929
32	22.84824079704774	27.14721775657728	26.968358468313554	23.03618297806143
33	22.746209868683405	26.999752138554552	27.220203906016536	23.033834086745507
34	22.902280326000728	27.28365860819279	27.047000848874553	22.767060216931934
35	22.88866799545044	26.97055019279849	27.0284365567163	23.112345255034764
36	22.947076156453726	27.229894504809078	26.89595289325278	22.927076445484413
37	22.74523634980961	27.135179093281735	27.036751999230603	23.082832557678053
38	22.766465647131877	27.01557191762124	27.054987079934907	23.16297535531198
39	22.697835430880772	27.14030802763642	27.07964890540972	23.08220763607309
40	22.793377060267126	27.140881497872243	27.14839245696264	22.91734898489799
41	22.999088640816453	27.106703246285463	26.980902955292613	22.913305157605475
42	22.907181379005554	27.220426713661254	26.99351889785943	22.87887300947376
43	22.883885039466474	27.335066103485083	26.92488528983042	22.856163567218026
44	22.914860934777963	27.04904540908207	26.884670041772335	23.151423614367637
45	22.778981015818573	27.239113843352847	27.04563295478814	22.936272186040437
46	22.85363060820342	27.365079501321958	26.824568683300175	22.956721207174443
47	22.87022775664105	27.20716064777183	26.942696212231503	22.979915383355625
48	22.88092210683826	27.59089328802401	27.070016995161634	22.458167609976094
49	23.05243384723952	27.790538705472873	27.186953550315945	21.97007389697166
50	23.094000971035793	27.47458305723956	27.23145588370275	22.199960088021896
>>END_MODULE
>>Per base GC content	pass
#Base	%GC
1	46.17817974635155
2	45.94669911195968
3	45.982779002846755
4	46.07111776007606
5	46.368223623211534
6	45.76739322766179
7	45.845220773922584
8	45.95616018007272
9	45.718771034601176
10	45.78776505944447
11	46.15639311486436
12	45.622316242386304
13	45.68430410120905
14	45.80614856470145
15	45.71171346507113
16	45.552976180312676
17	46.10619239567186
18	45.64454185483228
19	45.78139083180006
20	46.025806758183634
21	45.865262122226866
22	45.67842780340477
23	46.02251953110426
24	45.65400255583325
25	45.87701169362563
26	45.93748618677267
27	45.709403241774204
28	45.78997887345983
29	45.946239245318395
30	45.73696340341347
31	45.84840882362821
32	45.88442377510917
33	45.780043955428916
34	45.669340542932666
35	46.00101325048521
36	45.87415260193814
37	45.82806890748766
38	45.92944100244385
39	45.780043066953866
40	45.71072604516511
41	45.912393798421924
42	45.786054388479315
43	45.740048606684496
44	46.0662845491456
45	45.715253201859014
46	45.810351815377864
47	45.850143139996675
48	45.33908971681436
49	45.02250774421118
50	45.29396105905769
>>END_MODULE
>>Per sequence GC content	pass
#GC Content	Count
0	6072.0
1	5041.5
2	3871.0
3	4062.5
4	4469.0
5	5049.0
6	5785.0
7	6886.0
8	7958.5
9	9899.5
10	12118.0
11	15507.5
12	19066.5
13	25077.5
14	32216.5
15	43480.5
16	55782.5
17	73156.0
18	92046.0
19	116293.0
20	141642.0
21	174370.0
22	208623.5
23	250763.5
24	295736.0
25	338485.5
26	387716.5
27	446001.0
28	509765.0
29	580866.5
30	653319.0
31	729839.5
32	809375.5
33	891409.0
34	977355.0
35	1054562.0
36	1125789.0
37	1184070.0
38	1231458.5
39	1268525.5
40	1301811.0
41	1321223.5
42	1337528.5
43	1342840.0
44	1342431.0
45	1327012.5
46	1310031.5
47	1289687.0
48	1268637.0
49	1244918.5
50	1217713.0
51	1192976.5
52	1168664.0
53	1141136.5
54	1111529.0
55	1079685.0
56	1045206.5
57	1002816.0
58	956309.0
59	898584.0
60	837825.0
61	770510.5
62	702715.0
63	641582.0
64	569325.5
65	501734.0
66	436867.0
67	376829.0
68	318714.5
69	266919.5
70	221750.0
71	183380.0
72	149639.5
73	120612.0
74	93827.0
75	74436.0
76	60325.5
77	47445.5
78	35733.0
79	27265.5
80	20020.5
81	14829.5
82	10980.0
83	8344.0
84	6190.0
85	4879.5
86	3788.0
87	3063.5
88	2541.0
89	2120.5
90	1794.5
91	1638.0
92	1549.0
93	1447.5
94	1331.5
95	1288.0
96	1286.5
97	1440.5
98	2128.0
99	7436.0
100	12211.0
>>END_MODULE
>>Per base N content	pass
#Base	N-Count
1	0.007795864729002324
2	0.0075217350007153825
3	0.011585587990232325
4	0.008988569511724456
5	0.005295032120068821
6	0.006203988587546575
7	0.009012615979118047
8	0.007093707881109456
9	0.006925382609354316
10	0.007954571413800026
11	0.010017758316170166
12	0.010883431142339457
13	0.012133847446806208
14	0.01045540402273353
15	0.019977805110595714
16	0.010003330435734013
17	0.026287598154674095
18	0.008522068044288783
19	0.012205986848986983
20	0.005564352554877044
21	0.027121313597154393
22	0.0053062429494746596
23	0.009398970706121414
24	0.014703230805459207
25	0.01358321646279991
26	0.01082717677043631
27	0.017367304682472186
28	0.013798809912821388
29	0.011378108184767468
30	0.011965201830952761
31	0.015464060224204565
32	0.01894400207751726
33	0.009488794802638815
34	0.0068452939005623015
35	0.010358970022409202
36	0.0054114530903565635
37	0.008282731994986537
38	0.0044867812345798725
39	0.005487661583632755
40	0.003940272658648374
41	0.006048866480098016
42	0.004175024928269959
43	0.0042907264888130126
44	0.0015631073104640594
45	0.0025391936441443892
46	0.005825564260345647
47	0.0027164759700535686
48	0.001434195395851914
49	5.49577183837116E-4
50	8.981012522944242E-4
>>END_MODULE
>>Sequence Length Distribution	warn
#Length	Count
20	49242.0
21	51226.0
22	52049.0
23	53246.0
24	54620.0
25	56440.0
26	58576.0
27	60848.0
28	63472.0
29	68039.0
30	68903.0
31	70901.0
32	72434.0
33	72372.0
34	73867.0
35	75483.0
36	75640.0
37	80260.0
38	82502.0
39	87297.0
40	90127.0
41	94209.0
42	100421.0
43	116311.0
44	160951.0
45	261668.0
46	603895.0
47	1234229.0
48	2429160.0
49	3240085.0
50	1.1134602E7
>>END_MODULE
>>Sequence Duplication Levels	warn
#Total Duplicate Percentage	33.95337839169245
#Duplication Level	Relative count
1	100.0
2	21.97923503789009
3	9.218927143624322
4	4.918252879050063
5	2.939465361895101
6	1.955665612506713
7	1.2247150784653023
8	0.9054836207410943
9	0.6787397816098812
10++	5.353093860015514
>>END_MODULE
>>Overrepresented sequences	pass
>>END_MODULE
>>Kmer Content	warn
#Sequence	Count	Obs/Exp Overall	Obs/Exp Max	Max Obs/Exp Position
AAAAA	5032155	3.8596787	4.736899	46
TTTTT	4372070	3.2389536	3.8400033	13
>>END_MODULE
