##FastQC	0.10.1
>>Basic Statistics	pass
#Measure	Value	
Filename	018-F5_S4_L004_R1_001.fastq.gz	
File type	Conventional base calls	
Encoding	Sanger / Illumina 1.9	
Total Sequences	16633939	
Filtered Sequences	0	
Sequence length	35-75	
%GC	46	
>>END_MODULE
>>Per base sequence quality	pass
#Base	Mean	Median	Lower Quartile	Upper Quartile	10th Percentile	90th Percentile
1	31.492808768867075	32.0	32.0	32.0	32.0	32.0
2	31.550257157970822	32.0	32.0	32.0	32.0	32.0
3	31.636548805427264	32.0	32.0	32.0	32.0	32.0
4	31.708317614967807	32.0	32.0	32.0	32.0	32.0
5	31.69011849808996	32.0	32.0	32.0	32.0	32.0
6	35.40504603269256	36.0	36.0	36.0	36.0	36.0
7	35.40498561405089	36.0	36.0	36.0	36.0	36.0
8	35.368833984542086	36.0	36.0	36.0	36.0	36.0
9	35.456147037692034	36.0	36.0	36.0	36.0	36.0
10	35.36955227502037	36.0	36.0	36.0	36.0	36.0
11	35.43183271262447	36.0	36.0	36.0	36.0	36.0
12	35.38692356633026	36.0	36.0	36.0	36.0	36.0
13	35.407718340195906	36.0	36.0	36.0	36.0	36.0
14	35.389316445130646	36.0	36.0	36.0	36.0	36.0
15	35.35946386481278	36.0	36.0	36.0	36.0	36.0
16	35.37532282642133	36.0	36.0	36.0	36.0	36.0
17	35.376134901059814	36.0	36.0	36.0	36.0	36.0
18	35.36708875750957	36.0	36.0	36.0	36.0	36.0
19	35.363737536851616	36.0	36.0	36.0	36.0	36.0
20	35.35292266011075	36.0	36.0	36.0	36.0	36.0
21	35.345946080480395	36.0	36.0	36.0	36.0	36.0
22	35.334461729119	36.0	36.0	36.0	36.0	36.0
23	35.32078192663806	36.0	36.0	36.0	36.0	36.0
24	35.311622881387265	36.0	36.0	36.0	36.0	36.0
25	35.2947464818766	36.0	36.0	36.0	36.0	36.0
26	35.265278536851675	36.0	36.0	36.0	36.0	36.0
27	35.25512303489871	36.0	36.0	36.0	36.0	36.0
28	35.24198315263751	36.0	36.0	36.0	36.0	36.0
29	35.2263579901309	36.0	36.0	36.0	36.0	36.0
30	35.20554896828707	36.0	36.0	36.0	36.0	36.0
31	35.194368032731155	36.0	36.0	36.0	36.0	36.0
32	35.179036186197386	36.0	36.0	36.0	36.0	36.0
33	35.169667870009626	36.0	36.0	36.0	36.0	36.0
34	35.15998140909378	36.0	36.0	36.0	36.0	36.0
35	35.143315062054754	36.0	36.0	36.0	36.0	36.0
36	35.14265604259253	36.0	36.0	36.0	36.0	36.0
37	35.12890992358477	36.0	36.0	36.0	36.0	36.0
38	35.116674906258474	36.0	36.0	36.0	36.0	36.0
39	35.09893639217046	36.0	36.0	36.0	36.0	36.0
40	35.097986487009535	36.0	36.0	36.0	36.0	36.0
41	35.08424027646411	36.0	36.0	36.0	36.0	36.0
42	35.07285296601441	36.0	36.0	36.0	36.0	36.0
43	35.063476328529894	36.0	36.0	36.0	36.0	36.0
44	35.04801512123234	36.0	36.0	36.0	36.0	36.0
45	35.03347991943685	36.0	36.0	36.0	36.0	36.0
46	35.022815518864135	36.0	36.0	36.0	36.0	36.0
47	35.01829084412527	36.0	36.0	36.0	36.0	36.0
48	35.001973141588245	36.0	36.0	36.0	36.0	36.0
49	34.9910567936684	36.0	36.0	36.0	36.0	36.0
50	34.981723263192634	36.0	36.0	36.0	36.0	36.0
51	34.96860135603386	36.0	36.0	36.0	36.0	36.0
52	34.95835758827065	36.0	36.0	36.0	36.0	36.0
53	34.93570410421145	36.0	36.0	36.0	36.0	36.0
54	34.92484671822836	36.0	36.0	36.0	36.0	36.0
55	34.89973011500193	36.0	36.0	36.0	36.0	36.0
56	34.88956542040498	36.0	36.0	36.0	36.0	36.0
57	34.88505507329405	36.0	36.0	36.0	36.0	36.0
58	34.867559476364995	36.0	36.0	36.0	36.0	36.0
59	34.85396266914371	36.0	36.0	36.0	36.0	36.0
60	34.842429178137905	36.0	36.0	36.0	36.0	36.0
61	34.82894735151591	36.0	36.0	36.0	36.0	36.0
62	34.80836983478099	36.0	36.0	36.0	36.0	36.0
63	34.793385832354666	36.0	36.0	36.0	36.0	36.0
64	34.775267404927725	36.0	36.0	36.0	36.0	36.0
65	34.76142224491177	36.0	36.0	36.0	36.0	36.0
66	34.73788048195562	36.0	36.0	36.0	36.0	36.0
67	34.72951929620418	36.0	36.0	36.0	36.0	36.0
68	34.69448757747181	36.0	36.0	36.0	36.0	36.0
69	34.67631157091959	36.0	36.0	36.0	32.0	36.0
70	34.664037737935324	36.0	36.0	36.0	32.0	36.0
71	34.634773808842986	36.0	36.0	36.0	32.0	36.0
72	34.61961315746863	36.0	36.0	36.0	32.0	36.0
73	34.5973431568111	36.0	36.0	36.0	32.0	36.0
74	34.55630783271258	36.0	36.0	36.0	32.0	36.0
75	33.98475550016267	36.0	36.0	36.0	32.0	36.0
>>END_MODULE
>>Per sequence quality scores	pass
#Quality	Count
2	6128.0
3	0.0
4	0.0
5	0.0
6	0.0
7	0.0
8	0.0
9	0.0
10	0.0
11	0.0
12	0.0
13	0.0
14	0.0
15	1.0
16	0.0
17	6.0
18	80.0
19	614.0
20	2534.0
21	6561.0
22	12257.0
23	20496.0
24	32776.0
25	50898.0
26	75990.0
27	108833.0
28	150120.0
29	199454.0
30	259329.0
31	336280.0
32	457439.0
33	702821.0
34	1603484.0
35	1.2607838E7
>>END_MODULE
>>Per base sequence content	fail
#Base	G	A	T	C
1	44.02366333446646	17.806283147770998	11.091792438923868	27.078261078838672
2	16.463916988231343	19.910323734134337	35.45267022820984	28.173089049424487
3	18.784301721032413	21.073514792386973	28.358509027947758	31.783674458632856
4	13.126267793156899	14.952725887971663	35.15527690325563	36.7657294156158
5	14.777140538823783	35.0218738954875	34.36420464485674	15.836780920831972
6	35.1195780730893	34.73441388275021	15.99925281370608	14.146755230454408
7	31.146441270009284	29.424650333668524	20.083128449151033	19.345779947171156
8	26.811317508208273	34.19367417992943	19.661732674318316	19.333275637543984
9	24.675154173931855	15.183213232337076	19.823854144120354	40.317778449610714
10	14.432351584484065	26.94254986074534	34.62744041458256	23.997658140188037
11	34.643027855285204	22.339503082669527	23.487009342669346	19.530459719375916
12	22.34005298234529	24.025098204495208	30.935355681084264	22.699493132075236
13	28.22530956728088	20.26133091393231	25.848050798280255	25.66530872050656
14	20.499415179636802	20.428796496947676	27.050263277418956	32.02152504599657
15	22.971346017825198	29.357977427094884	22.979687464573658	24.69098909050626
16	23.006135836381706	28.254526701638376	25.418823080126717	23.3205143818532
17	21.898927158777976	27.985880281287795	27.25834610811646	22.856846451817766
18	22.294870924380845	27.508263114128496	27.85965031717043	22.33721564432023
19	22.868073253899745	26.88793491819218	27.369766230804526	22.87422559710355
20	22.833462564615388	26.850088685756653	27.545928925942203	22.77051982368575
21	22.567797759977214	26.513812383297065	27.26760930322965	23.650780553496073
22	22.63408847190872	26.63108531015722	27.45956487712843	23.275261340805635
23	22.503192093771148	26.71312340098369	27.406167538329328	23.377516966915827
24	22.742089375049428	26.327321211261022	27.73845239251506	23.192137021174485
25	22.802515241239206	26.38580243182646	27.346323305698206	23.465359021236125
26	22.288514355642146	26.860714992793973	27.53640480959899	23.31436584196489
27	22.379796616848186	26.79378078572949	27.505271195878716	23.32115140154361
28	22.463036885683398	26.69613552064398	27.391678657182506	23.449148936490108
29	22.318887471910603	26.7837523075179	27.516955877581495	23.38040434299
30	22.3768093419754	26.83878387946447	27.50270768690798	23.281699091652158
31	22.94596287957253	26.69629109658944	27.209632734930917	23.148113288907112
32	22.231474608124604	26.96675630308098	27.6146932833071	23.187075805487318
33	22.34181785902527	26.818271592227	27.77641926040577	23.063491288341964
34	22.427512896963638	26.547156016469092	27.876951007986587	23.14838007858068
35	22.2752935790708	26.85730537407478	27.743337961348637	23.12406308550578
36	22.39066437102414	27.108580258653138	27.700131634962045	22.800623735360677
37	22.502862901874757	26.7932244645605	27.314944230485	23.38896840307974
38	22.423698160604587	27.256685971671647	27.320203025943563	22.999412841780202
39	22.624188141113056	26.962152288731332	27.533796511049896	22.87986305910571
40	22.73954604701941	26.63760000881282	27.544712575323583	23.078141368844186
41	22.685580796273374	26.84966596886792	27.565840518312022	22.898912716546683
42	22.39250171100708	27.140421366138405	27.609293325464083	22.857783597390426
43	22.489825358929522	26.84959126686182	27.55669417264531	23.103889201563348
44	22.36291803702662	27.205707569933196	27.542581759661246	22.88879263337894
45	22.471761218955827	27.120382304640156	27.393350201417565	23.014506274986445
46	22.578134415509606	26.98173761156186	27.317759185886214	23.122368787042323
47	22.595073098685976	27.1146601841963	27.417058586316305	22.873208130801427
48	22.367556153754396	27.127517185694938	27.38847048674664	23.116456173804025
49	22.71929847369219	26.86975715090015	27.389612080337006	23.021332295070657
50	22.487399015884243	27.244146090631478	27.33956229450313	22.92889259898115
51	22.53536982593591	27.160080391308107	27.378226716181718	22.926323066574263
52	22.558728775319533	27.178785365376186	27.264631093378444	22.99785476592584
53	22.432299231497822	26.93873243088894	27.574066789538858	23.054901548074376
54	22.559126809751316	27.34684389278863	27.39953502609544	22.69449427136462
55	22.598608300342462	26.874548556895235	27.38167192345056	23.145171219311745
56	22.69002419331144	27.202641597421618	27.1585265652244	22.948807644042546
57	22.538265313889752	27.103534201746122	27.260663287769166	23.09753719659496
58	22.58296723008922	27.017447068832084	27.174022311545354	23.22556338953334
59	22.491206507297512	27.122414463520194	27.27139009356309	23.114988935619202
60	22.521875683047003	27.068694829585098	27.494577023076378	22.914852464291517
61	22.772150867171273	27.03087599116738	27.259455383793863	22.937517757867486
62	22.72689821365245	27.136632642953533	27.27875903037961	22.8577101130144
63	22.67201382006316	27.305966035982753	27.175139392418224	22.84688075153586
64	22.69961209113153	26.99242969977061	27.109553500364854	23.19840470873301
65	22.60331149877082	27.211469099304615	27.236871952887732	22.94834744903683
66	22.629254596655702	27.46559265316215	27.015809764132108	22.889342986050035
67	22.797989350507304	27.027838433336033	27.103282211556497	23.07089000460017
68	22.73118401182167	27.36143699296466	27.25755857916233	22.64982041605134
69	22.989886219974714	27.176022862491966	27.198360349227535	22.63573056830578
70	23.157895716570465	26.93041618125889	27.043308973748424	22.868379128422223
71	22.87154169358644	27.385917318144838	26.9835862723542	22.758954715914527
72	22.814325426829278	27.47336268742182	27.24485397963963	22.467457906109278
73	23.627639103627924	28.10638048571687	27.165395853164675	21.10058455749053
74	24.730671553380073	30.51383134632007	27.458482720576004	17.297014379723848
75	30.227619282984392	41.04157447321434	28.730806243801265	0.0
>>END_MODULE
>>Per base GC content	fail
#Base	%GC
1	71.10192441330514
2	44.63700603765583
3	50.56797617966527
4	49.8919972087727
5	30.613921459655753
6	49.26633330354371
7	50.49222121718044
8	46.14459314575225
9	64.99293262354257
10	38.4300097246721
11	54.17348757466113
12	45.039546114420524
13	53.89061828778744
14	52.520940225633375
15	47.662335108331455
16	46.3266502182349
17	44.755773610595746
18	44.63208656870108
19	45.7422988510033
20	45.60398238830114
21	46.21857831347329
22	45.90934981271435
23	45.88070906068698
24	45.93422639622391
25	46.26787426247533
26	45.602880197607035
27	45.7009480183918
28	45.912185822173505
29	45.699291814900604
30	45.65850843362755
31	46.09407616847964
32	45.41855041361192
33	45.405309147367234
34	45.57589297554432
35	45.39935666457659
36	45.19128810638482
37	45.89183130495449
38	45.42311100238479
39	45.50405120021877
40	45.817687415863595
41	45.58449351282006
42	45.2502853083975
43	45.59371456049286
44	45.25171067040556
45	45.48626749394227
46	45.70050320255193
47	45.4682812294874
48	45.48401232755842
49	45.74063076876285
50	45.41629161486539
51	45.46169289251017
52	45.556583541245374
53	45.4872007795722
54	45.25362108111593
55	45.743779519654204
56	45.63883183735398
57	45.635802510484716
58	45.808530619622566
59	45.606195442916714
60	45.43672814733852
61	45.70966862503876
62	45.58460832666685
63	45.51889457159902
64	45.898016799864536
65	45.55165894780765
66	45.51859758270574
67	45.868879355107474
68	45.38100442787301
69	45.625616788280496
70	46.026274844992685
71	45.630496409500964
72	45.28178333293855
73	44.728223661118456
74	42.027685933103925
75	30.227619282984392
>>END_MODULE
>>Per sequence GC content	warn
#GC Content	Count
0	6129.0
1	3065.5
2	5.0
3	13.5
4	19.0
5	34.0
6	60.0
7	105.0
8	141.0
9	198.5
10	366.0
11	627.5
12	786.5
13	1080.0
14	1893.0
15	3215.0
16	4266.0
17	6462.5
18	11636.0
19	18852.0
20	24156.0
21	33584.0
22	51938.0
23	74371.0
24	90287.0
25	111994.5
26	149979.5
27	190499.0
28	217965.5
29	252154.0
30	308005.0
31	363963.0
32	401673.0
33	445706.5
34	518809.0
35	590140.0
36	632220.0
37	670770.5
38	713433.0
39	737233.5
40	752692.5
41	755931.0
42	752653.5
43	749372.0
44	750688.5
45	746032.0
46	727081.0
47	704519.5
48	693483.0
49	679750.5
50	650803.5
51	621392.5
52	604914.0
53	591547.5
54	567303.0
55	541900.5
56	526599.0
57	510262.0
58	480105.5
59	443642.0
60	413080.0
61	381160.5
62	339884.0
63	296977.5
64	263388.5
65	236895.5
66	202219.0
67	166566.0
68	141054.0
69	122090.0
70	99380.0
71	77925.5
72	63785.0
73	53783.5
74	43115.0
75	33669.0
76	27186.0
77	22916.0
78	18080.5
79	13804.5
80	11093.5
81	9159.5
82	6999.5
83	4862.0
84	3549.0
85	2874.5
86	2058.0
87	1312.5
88	998.5
89	805.5
90	526.0
91	324.5
92	237.0
93	217.0
94	186.0
95	133.5
96	101.0
97	82.0
98	52.5
99	116.0
100	189.0
>>END_MODULE
>>Per base N content	pass
#Base	N-Count
1	0.07989087852251953
2	0.03684034190578672
3	0.036846353710927995
4	0.03684034190578672
5	0.03684034190578672
6	0.03742348700449124
7	0.04003261043580838
8	0.0390647098080617
9	0.03684034190578672
10	0.036846353710927995
11	0.036930518982905974
12	0.03688843634691699
13	0.03686438912635186
14	0.03974404378902676
15	0.03684034190578672
16	0.03735735714793712
17	0.036846353710927995
18	0.03684034190578672
19	0.03684034190578672
20	0.03684034190578672
21	0.037579793938164616
22	0.03685236551606928
23	0.03690045995719955
24	0.036936530788047255
25	0.03721307382454631
26	0.03721908562968759
27	0.03792246683121779
28	0.03735735714793712
29	0.03741747519934995
30	0.03774211267697927
31	0.037399439783926104
32	0.03845150568365076
33	0.03808478557003245
34	0.03720105021426374
35	0.037399439783926104
36	6.495697502584746E-4
37	0.0018467082935970233
38	0.0014198931482273987
39	0.0019076710099180238
40	0.002684708065386727
41	0.002715650989111143
42	0.0024455267941794053
43	9.40023148672615E-4
44	0.0016337046163187438
45	0.0033172919148729816
46	0.0019371906077274713
47	0.002536176443485958
48	0.004906418525959607
49	0.002231191059369515
50	0.0026080232962437323
51	0.0013564698646897086
52	0.004315131377871751
53	0.0031237717208282183
54	0.001985212413782134
55	0.0020418211148367595
56	0.0024514509304685785
57	0.0024601243678119764
58	0.0015484151940008788
59	0.003332294788467941
60	0.0029268767206857716
61	0.0012174927150803358
62	0.003013838849669167
63	0.0025454393118506022
64	2.3338720688025486E-4
65	5.166655390236251E-4
66	5.359443061461723E-4
67	8.637651151182957E-5
68	6.67467504066453E-4
69	6.748252837098601E-4
70	1.3650863165795256E-4
71	5.289543710891214E-4
72	4.637077267743839E-4
73	4.887473007965681E-4
74	9.602255110487166E-4
75	0.003905882221337676
>>END_MODULE
>>Sequence Length Distribution	warn
#Length	Count
35	7549.0
36	2216.0
37	3205.0
38	3848.0
39	4514.0
40	5171.0
41	5696.0
42	6404.0
43	7270.0
44	8277.0
45	9401.0
46	10026.0
47	10612.0
48	11498.0
49	12326.0
50	12474.0
51	13375.0
52	13597.0
53	14691.0
54	15891.0
55	16654.0
56	17310.0
57	18065.0
58	18764.0
59	19537.0
60	20501.0
61	20372.0
62	21026.0
63	21714.0
64	23855.0
65	25070.0
66	24920.0
67	27547.0
68	28234.0
69	36132.0
70	46758.0
71	111111.0
72	408370.0
73	1178334.0
74	3644214.0
75	1.072741E7
>>END_MODULE
>>Sequence Duplication Levels	warn
#Total Duplicate Percentage	37.4881121623609
#Duplication Level	Relative count
1	100.0
2	26.245706488495742
3	10.98041060869838
4	5.658808952461613
5	3.287379036685017
6	2.1330321993757746
7	1.4539123888392227
8	1.0469110243259776
9	0.7536190969118085
10++	5.280823099483994
>>END_MODULE
>>Overrepresented sequences	pass
>>END_MODULE
>>Kmer Content	warn
#Sequence	Count	Obs/Exp Overall	Obs/Exp Max	Max Obs/Exp Position
AAAAA	4777335	3.042683	6.862812	71
CCTGG	2663040	2.948019	12.037155	3
CCAGG	2565570	2.878875	13.723106	3
CAGCA	2837195	2.754797	7.1011806	4
CCCAG	2404805	2.6817958	12.009691	2
TGCTG	2802845	2.6651392	6.7046537	2
CTGGG	2331280	2.5968099	10.249313	4
CCAGC	2284965	2.5481522	6.698933	3
AGCAG	2568175	2.509101	5.741414	7
GGAGG	2206690	2.5070703	5.6980615	6
GCTGG	2219830	2.4726658	6.1057167	3
TCCAG	2562525	2.454608	9.713696	2
CTGCT	2595050	2.4522989	6.7078156	9
GCTGC	2167915	2.3999093	5.8121896	8
AGGAG	2418065	2.377139	7.502534	5
AGAAG	2763395	2.3506665	5.0739365	5
CAGGA	2405200	2.349875	10.585366	4
CTCCT	2478280	2.3274748	6.574956	1
CTGGA	2407275	2.3202398	8.799475	4
CTCCA	2404715	2.2892044	7.099281	1
CAGCC	2040830	2.2758975	5.2559204	9
TCCTG	2380330	2.2493906	9.021073	2
GGCTG	2000340	2.2281764	8.550012	7
GGCAG	1962260	2.215586	6.3539095	7
CCTGC	1991205	2.1906621	6.217191	3
CAGAG	2238535	2.1870437	8.393003	4
GCAGG	1928825	2.1778347	6.506727	3
CTGCC	1947665	2.1427608	5.617131	9
CTGCA	2229435	2.1355455	6.3441777	4
CTCTG	2249405	2.1256676	7.5908103	2
TGCAG	2204925	2.1252058	6.389369	2
CCCTG	1923645	2.116335	9.077161	2
TGGAG	2160000	2.0948553	6.3673477	5
AGCTG	2159815	2.0817266	6.0479803	7
CAGGG	1825430	2.0610914	9.617456	4
CAGAA	2433880	2.0575678	5.588424	4
GCCTG	1857390	2.0561543	7.094716	7
GGAGA	2071580	2.0365186	5.543213	6
CACAG	2075335	2.0150628	7.06614	7
GCCAG	1785550	2.0035996	5.658547	2
CTGGC	1802935	1.9958719	5.5129356	4
CAGGC	1750280	1.9640226	6.119886	4
CTGTG	2053880	1.9529713	9.23786	9
TTCTG	2404615	1.9518278	5.112369	2
CTCAG	2030795	1.945271	6.4001513	2
GGGAG	1704795	1.936856	5.2749805	7
CCCCA	1723835	1.9105059	7.0602813	1
CTGAG	1979760	1.9081817	5.94952	4
CCAGA	1950955	1.8942951	7.2780595	3
CCTCT	1980010	1.8595248	5.667476	1
GGCCA	1619025	1.8167388	6.4110017	1
AGAGG	1846570	1.8153168	5.3264656	5
TCTGG	1904695	1.8111159	6.25597	3
CAGTG	1864800	1.7973781	6.662544	9
TGGGG	1591955	1.7843072	5.7060776	5
ACCTG	1857375	1.7791543	5.3827147	7
CACTG	1835445	1.7581478	7.421556	7
GAGAG	1763045	1.7332054	5.596507	7
CCTGA	1789460	1.7140995	5.6585155	3
TGGCC	1538425	1.703056	5.557876	5
ACAGA	2012240	1.7011193	5.9405656	8
GCCCA	1483725	1.6546236	8.02053	1
TCAGG	1711135	1.6492689	5.915998	3
AGGTG	1627865	1.5787692	5.1169286	7
CCTGT	1658015	1.5668093	5.592501	8
ACACA	1861635	1.5640709	6.637367	6
GGCCT	1404215	1.5544838	5.2157874	6
GTGTG	1612980	1.5432736	6.810968	1
TGGGC	1372330	1.5286367	6.2660685	5
AGGCC	1361495	1.5277596	5.0580163	5
TGTGT	1869730	1.5271016	6.335035	10
GGGCC	1176200	1.525312	5.2336845	6
CACAC	1570490	1.5154529	7.0127044	5
AGCCT	1578630	1.5121483	5.0629387	6
ACAGC	1528380	1.4839928	5.671761	8
GCTGT	1543170	1.4673529	5.517811	8
AGGCT	1499840	1.4456131	5.1436796	6
CTGTC	1529265	1.4451417	5.9449024	9
GACAG	1465715	1.4320002	7.2283964	7
AGACA	1673035	1.41436	5.890789	6
GCCCT	1285540	1.4143114	6.0375457	1
GGGCT	1262920	1.406765	6.1537986	6
AGAGC	1386845	1.3549442	5.1253147	5
AGGGC	1180525	1.3329297	5.861199	5
GTCCT	1385430	1.3092189	8.930097	1
GGACA	1332785	1.3021278	6.413311	6
AGGAC	1288410	1.2587734	9.559618	5
GTGCT	1272935	1.2103947	5.7528505	1
GTCCA	1250830	1.1981531	6.897959	1
ACTGC	1249435	1.1968168	5.139848	8
TGTGC	1231015	1.1705344	6.153087	10
AGCAC	1199730	1.1648873	5.648527	5
GTCTT	1420665	1.1531549	5.1572495	1
TGGAC	1135730	1.0946677	6.0547614	5
ACAGT	1284955	1.071659	5.5938296	8
GTGCA	1100750	1.0609523	5.6703944	1
ACTGT	1278340	1.051789	6.4076595	8
GACTG	1081815	1.0427018	6.456126	7
TGCAC	1055435	1.0109869	5.217814	5
AGACT	1196655	0.9980161	5.4343843	6
GGACC	887525	0.99590874	5.619975	6
ACACT	1169135	0.9690366	5.085195	6
GGACT	982155	0.94664514	5.596691	6
TGTAG	1123775	0.930368	5.708919	2
CTACA	1109260	0.9194093	5.1707654	4
TAGGA	974235	0.81757104	5.8822904	4
TCCTA	970130	0.7932665	5.338383	2
GTAGG	772775	0.7494684	5.025887	3
GTGTA	785965	0.6506967	5.6807113	1
>>END_MODULE
