##FastQC	0.10.1
>>Basic Statistics	pass
#Measure	Value	
Filename	004-F5_S4_L002_R2_001.fastq.gz	
File type	Conventional base calls	
Encoding	Sanger / Illumina 1.9	
Total Sequences	15551325	
Filtered Sequences	0	
Sequence length	35-75	
%GC	46	
>>END_MODULE
>>Per base sequence quality	pass
#Base	Mean	Median	Lower Quartile	Upper Quartile	10th Percentile	90th Percentile
1	31.27022552740683	32.0	32.0	32.0	32.0	32.0
2	30.995166906999884	32.0	32.0	32.0	32.0	32.0
3	31.029354540529503	32.0	32.0	32.0	32.0	32.0
4	31.102067637323508	32.0	32.0	32.0	32.0	32.0
5	31.04828694661066	32.0	32.0	32.0	32.0	32.0
6	34.703525519529684	36.0	36.0	36.0	32.0	36.0
7	34.688172808426295	36.0	36.0	36.0	32.0	36.0
8	34.5910979289546	36.0	36.0	36.0	32.0	36.0
9	34.74963805334915	36.0	36.0	36.0	32.0	36.0
10	34.5414820923619	36.0	36.0	36.0	32.0	36.0
11	34.71192654002151	36.0	36.0	36.0	32.0	36.0
12	34.59718171924257	36.0	36.0	36.0	32.0	36.0
13	34.6514898891252	36.0	36.0	36.0	32.0	36.0
14	34.58552477039738	36.0	36.0	36.0	32.0	36.0
15	34.53501852736021	36.0	36.0	36.0	32.0	36.0
16	34.540197121467145	36.0	36.0	36.0	32.0	36.0
17	34.52568768256081	36.0	36.0	36.0	32.0	36.0
18	34.512056882612896	36.0	36.0	36.0	32.0	36.0
19	34.50090619288067	36.0	36.0	36.0	32.0	36.0
20	34.48767863831539	36.0	36.0	36.0	32.0	36.0
21	34.458891187728376	36.0	36.0	36.0	32.0	36.0
22	34.45242498629538	36.0	36.0	36.0	32.0	36.0
23	34.435949605580234	36.0	36.0	36.0	32.0	36.0
24	34.42299868339193	36.0	36.0	36.0	32.0	36.0
25	34.41149850575433	36.0	36.0	36.0	32.0	36.0
26	34.39138819361051	36.0	36.0	36.0	32.0	36.0
27	34.36830707351303	36.0	36.0	36.0	32.0	36.0
28	34.36314783467004	36.0	36.0	36.0	32.0	36.0
29	34.33956431365173	36.0	36.0	36.0	32.0	36.0
30	34.32454289264741	36.0	36.0	36.0	32.0	36.0
31	34.30163487677095	36.0	36.0	36.0	32.0	36.0
32	34.293761271145705	36.0	36.0	36.0	32.0	36.0
33	34.27971597275473	36.0	36.0	36.0	32.0	36.0
34	34.26873118528486	36.0	36.0	36.0	32.0	36.0
35	34.24494279426351	36.0	36.0	36.0	32.0	36.0
36	34.30880043194204	36.0	36.0	36.0	32.0	36.0
37	34.288140697125996	36.0	36.0	36.0	32.0	36.0
38	34.280002303763645	36.0	36.0	36.0	32.0	36.0
39	34.25676750386576	36.0	36.0	36.0	32.0	36.0
40	34.26275677069585	36.0	36.0	36.0	32.0	36.0
41	34.23416906013152	36.0	36.0	36.0	32.0	36.0
42	34.2243169091515	36.0	36.0	36.0	32.0	36.0
43	34.198360192153935	36.0	36.0	36.0	32.0	36.0
44	34.164071738903324	36.0	36.0	36.0	32.0	36.0
45	34.15295981243263	36.0	36.0	36.0	32.0	36.0
46	34.123455774858584	36.0	36.0	36.0	32.0	36.0
47	34.106615310837206	36.0	36.0	36.0	32.0	36.0
48	34.081694111941	36.0	36.0	36.0	32.0	36.0
49	34.05974921375156	36.0	36.0	36.0	32.0	36.0
50	34.0243286361767	36.0	36.0	36.0	32.0	36.0
51	33.987113058719494	36.0	36.0	36.0	32.0	36.0
52	33.96072738954288	36.0	36.0	36.0	32.0	36.0
53	33.938817057472484	36.0	36.0	36.0	32.0	36.0
54	33.90766267429156	36.0	36.0	36.0	32.0	36.0
55	33.861805569400346	36.0	36.0	36.0	32.0	36.0
56	33.8469474574239	36.0	36.0	36.0	32.0	36.0
57	33.81295223229177	36.0	36.0	36.0	32.0	36.0
58	33.795591696116	36.0	36.0	36.0	27.0	36.0
59	33.754692292911685	36.0	36.0	36.0	27.0	36.0
60	33.72333142822796	36.0	36.0	36.0	27.0	36.0
61	33.69398153756594	36.0	36.0	36.0	27.0	36.0
62	33.65601997965233	36.0	36.0	36.0	27.0	36.0
63	33.64561840194987	36.0	36.0	36.0	27.0	36.0
64	33.614260737988914	36.0	36.0	36.0	27.0	36.0
65	33.57548322766063	36.0	36.0	36.0	27.0	36.0
66	33.553252326407865	36.0	36.0	36.0	27.0	36.0
67	33.51955593821175	36.0	36.0	36.0	27.0	36.0
68	33.495173499543405	36.0	36.0	36.0	27.0	36.0
69	33.4777761827598	36.0	36.0	36.0	27.0	36.0
70	33.44037012689872	36.0	36.0	36.0	27.0	36.0
71	33.38281610507776	36.0	36.0	36.0	27.0	36.0
72	33.34819925205154	36.0	36.0	36.0	27.0	36.0
73	33.319058070178826	36.0	36.0	36.0	27.0	36.0
74	33.229067890413994	36.0	36.0	36.0	27.0	36.0
75	32.004019351103246	36.0	32.0	36.0	14.0	36.0
>>END_MODULE
>>Per sequence quality scores	pass
#Quality	Count
2	39567.0
3	715.0
4	6609.0
5	2324.0
6	847.0
7	407.0
8	216.0
9	166.0
10	166.0
11	133.0
12	188.0
13	176.0
14	1504.0
15	3890.0
16	6058.0
17	9002.0
18	12820.0
19	18134.0
20	24588.0
21	34675.0
22	47410.0
23	65199.0
24	89158.0
25	121461.0
26	161591.0
27	210905.0
28	268842.0
29	338762.0
30	429226.0
31	553602.0
32	754436.0
33	1160623.0
34	2482529.0
35	8705396.0
>>END_MODULE
>>Per base sequence content	fail
#Base	G	A	T	C
1	43.86293414049163	17.837972524729068	12.147913178841014	26.151180155938285
2	16.643699306026743	19.09236386954092	37.21647454259915	27.04746228183318
3	19.97460108135261	20.743627835636673	28.523795353231797	30.75797572977892
4	13.692213619791172	14.742777498240853	35.869889725637286	35.6951191563307
5	15.472626917962112	34.295558216231086	34.80878980494234	15.423025060864456
6	34.595644662598524	34.65191827045052	16.526935799537522	14.225501267413435
7	30.50962353101103	29.44126088356722	20.57449319646866	19.47462238895308
8	26.56927225013106	34.73539335292685	19.959620619837608	18.73571377710448
9	25.07583799117802	15.940939021746514	19.974995763934366	39.0082272231411
10	14.598681784625086	27.49131636007825	34.65226476502629	23.257737090270375
11	34.63271921378798	22.59104118178508	23.57773515794613	19.198504446480815
12	22.66996117545524	24.090050337002623	30.660654691362062	22.579333796180077
13	27.90970211359735	20.61475019289333	26.02437020706282	25.451177486446497
14	20.63939388191428	20.7279448169928	27.13533563610927	31.49732566498365
15	22.96305796984384	29.380699893134466	23.139479009218928	24.51676312780277
16	22.90241369330792	28.35733927504992	25.67599125132564	23.064255780316515
17	21.950685847224655	28.034644503785493	27.40052981081089	22.61413983817896
18	22.314748393379098	27.639802568967497	27.979296040604236	22.06615299704917
19	22.877730177010374	27.075468770274032	27.44106348302938	22.60573756968621
20	22.813460586602787	27.044259920478858	27.71244863133135	22.429830861587003
21	22.629525605394484	26.666568586058993	27.3659801088656	23.337925699680923
22	22.63361862435982	26.820193355075894	27.555427599083927	22.990760421480356
23	22.528523201800674	26.83642644856008	27.469802123100816	23.16524822653843
24	22.76520775282944	26.518610441530218	27.78900778058845	22.927174025051894
25	22.854755741102565	26.613076289474495	27.335537908459028	23.196630060963912
26	22.344307099226672	27.059874995547723	27.569680070988657	23.026137834236952
27	22.48671336812077	27.00735923145936	27.428645435631616	23.077281964788256
28	22.474439929139145	26.96843486274549	27.37528983867889	23.181835369436474
29	22.438118159386736	27.03213994842322	27.475291370462855	23.054450521727183
30	22.49585529309061	27.017094459956287	27.49541747989044	22.991632767062665
31	23.02131968636618	26.881256982317314	27.1683257306524	22.929097600664107
32	22.306874841767076	27.192223371742486	27.570530338999056	22.93037144749139
33	22.48207497636757	27.000896251181622	27.653227459360224	22.863801313090583
34	22.522220130517635	26.782200610761965	27.79964673927599	22.895932519444408
35	22.44120529429057	27.064709752720344	27.60243191185691	22.891653041132173
36	22.544014633597637	27.297609268014046	27.56110236015062	22.5972737382377
37	22.69034397605549	26.991402214737768	27.17987471798618	23.138379091220564
38	22.553520984423542	27.446297859367657	27.26410647223257	22.73607468397623
39	22.801500936433083	27.104220797354017	27.40246951911281	22.69180874710009
40	22.8598809995951	26.88694831799675	27.437762720774316	22.81540796163383
41	22.87539899983003	27.01556963479398	27.414627940617702	22.694403424758285
42	22.605380235071166	27.27638552889191	27.4436717996369	22.674562436400024
43	22.693046661312472	27.069119604332663	27.35601752222452	22.881816212130346
44	22.526770433867995	27.415403653333847	27.353615183630243	22.70421072916792
45	22.64227270051605	27.33855703007986	27.219094399351178	22.800075870052915
46	22.734551217997172	27.20510549736335	27.165940526523748	22.894402758115735
47	22.77726341013377	27.310931573265425	27.277523038981112	22.634281977619697
48	22.497714011537667	27.352534078523995	27.251424632749234	22.89832727718911
49	22.85304827659182	27.115012996156075	27.213933003415264	22.818005723836844
50	22.60398564183973	27.524742144384863	27.178721749216745	22.692550464558664
51	22.727937984085056	27.371164190382764	27.1788127757027	22.72208504982948
52	22.721045871988807	27.456604956122536	27.055593180334565	22.766755991554096
53	22.60898414146398	27.225840536511082	27.39022991200596	22.77494541001898
54	22.764446101666667	27.57401942689433	27.204509917780527	22.457024553658474
55	22.7634701446138	27.134307603700293	27.18139593188183	22.92082631980408
56	22.821157790280783	27.464632244986408	26.97882108311519	22.73538888161762
57	22.663112302635124	27.419666433151914	27.049078514846148	22.868142749366815
58	22.716229225788855	27.309626968912916	27.04630923846734	22.92783456683088
59	22.636023408472365	27.443005698701672	27.092851696128967	22.828119196696996
60	22.690887149496923	27.375029477747116	27.315445170234714	22.61863820252125
61	22.944262585757738	27.338639060518023	27.060217957636016	22.65688039608822
62	22.838586176342943	27.435234273623976	27.155188454909997	22.570991095123087
63	22.81352590207653	27.629533720545602	26.99959591122842	22.55734446614945
64	22.88676622131694	27.31092046328015	26.922771512979953	22.879541802422956
65	22.75423671993985	27.537190057509818	27.054665226928158	22.65390799562217
66	22.782198693348143	27.78326865020848	26.825428281110835	22.60910437533254
67	22.89584458094741	27.385904887540804	26.919324898734043	22.79892563277774
68	22.86444837214856	27.68421575832703	27.102481968629366	22.348853900895044
69	23.128365008529332	27.495287566854508	27.015011708618985	22.361335715997175
70	23.301888940690308	27.312975399715928	26.9011670546838	22.48396860490996
71	22.976284565931895	27.79273707921738	26.81835242410137	22.412625930749357
72	22.94118379222625	27.889317182271146	27.04622635665303	22.123272668849577
73	23.731206247175173	28.51143331618297	26.998809775278776	20.758550661363078
74	24.85113296590903	30.830623511429184	27.228698140569335	17.089545382092453
75	30.229021313694137	41.260167289736415	28.510811396569448	0.0
>>END_MODULE
>>Per base GC content	fail
#Base	%GC
1	70.01411429642992
2	43.69116158785992
3	50.73257681113154
4	49.387332776121866
5	30.89565197882657
6	48.82114593001196
7	49.98424591996412
8	45.304986027235536
9	64.08406521431912
10	37.85641887489547
11	53.83122366026879
12	45.249294971635315
13	53.360879600043845
14	52.13671954689792
15	47.47982109764661
16	45.966669473624435
17	44.56482568540362
18	44.38090139042827
19	45.48346774669659
20	45.243291448189794
21	45.96745130507541
22	45.62437904584017
23	45.693771428339105
24	45.69238177788134
25	46.05138580206648
26	45.370444933463624
27	45.56399533290902
28	45.65627529857562
29	45.49256868111392
30	45.487488060153275
31	45.95041728703029
32	45.237246289258465
33	45.345876289458154
34	45.41815264996204
35	45.33285833542274
36	45.14128837183534
37	45.82872306727606
38	45.28959566839978
39	45.49330968353317
40	45.67528896122893
41	45.56980242458832
42	45.27994267147119
43	45.57486287344282
44	45.23098116303591
45	45.44234857056896
46	45.62895397611291
47	45.41154538775346
48	45.39604128872678
49	45.67105400042866
50	45.29653610639839
51	45.45002303391454
52	45.4878018635429
53	45.38392955148296
54	45.22147065532514
55	45.684296464417876
56	45.5565466718984
57	45.53125505200194
58	45.64406379261974
59	45.464142605169364
60	45.30952535201818
61	45.60114298184595
62	45.40957727146603
63	45.37087036822598
64	45.766308023739896
65	45.408144715562024
66	45.391303068680685
67	45.69477021372515
68	45.2133022730436
69	45.48970072452651
70	45.785857545600265
71	45.38891049668125
72	45.06445646107583
73	44.489756908538254
74	41.940678348001484
75	30.229021313694137
>>END_MODULE
>>Per sequence GC content	warn
#GC Content	Count
0	39879.0
1	20544.0
2	1890.5
3	2874.0
4	3189.5
5	3043.0
6	2697.5
7	2303.0
8	2113.5
9	2220.0
10	2623.5
11	3562.5
12	4219.5
13	4837.0
14	6453.5
15	8952.0
16	10946.5
17	14425.0
18	21816.5
19	31253.0
20	37854.0
21	48277.0
22	68083.5
23	90180.5
24	105217.5
25	124869.5
26	158098.5
27	191937.0
28	214934.0
29	244335.5
30	290986.0
31	338167.5
32	371602.0
33	410398.0
34	473835.5
35	535960.0
36	574163.0
37	610860.5
38	649583.5
39	670545.0
40	684857.5
41	691481.0
42	693648.0
43	693957.5
44	695364.5
45	693593.5
46	682030.0
47	665997.0
48	658103.5
49	647930.0
50	625627.0
51	604292.0
52	591951.5
53	579487.5
54	558954.5
55	537412.0
56	523537.5
57	507552.5
58	479250.5
59	444626.0
60	414403.5
61	379546.0
62	335518.5
63	294034.5
64	260835.0
65	232087.5
66	194105.0
67	156838.5
68	131124.0
69	110935.5
70	87882.5
71	66249.5
72	51655.5
73	41658.5
74	31254.5
75	22422.5
76	16888.0
77	13297.5
78	9557.5
79	6575.0
80	4913.0
81	3806.0
82	2775.0
83	2063.0
84	1657.0
85	1427.0
86	1269.0
87	1141.0
88	1067.5
89	1030.5
90	986.0
91	964.0
92	969.0
93	946.5
94	945.0
95	934.5
96	904.5
97	1004.0
98	1334.0
99	6126.5
100	10690.0
>>END_MODULE
>>Per base N content	pass
#Base	N-Count
1	0.3854333955466817
2	0.2817187602985598
3	0.2549043248726395
4	0.2543834689327115
5	0.2559846186739715
6	0.26615095498293556
7	0.2844194948018899
8	0.3014341221728695
9	0.3057745883389357
10	0.31997916576240293
11	0.32779843518156815
12	0.33176594277336496
13	0.3332577770704425
14	0.33290410945691123
15	0.3309878740235961
16	0.3480089317148217
17	0.342993281922923
18	0.3385370699924283
19	0.3391479504158006
20	0.34278751167505017
21	0.34638849101282365
22	0.34080054271902877
23	0.3586961239637137
24	0.3450124024801745
25	0.3385370699924283
26	0.3449030870359921
27	0.3519571483458805
28	0.3466649947834027
29	0.3524844346060545
30	0.3462598846079032
31	0.3539055353804258
32	0.3599178848104583
33	0.35796949777591297
34	0.36173123511983707
35	0.36344170030527945
36	0.10015430187432911
37	0.12399678337945952
38	0.09090299713574436
39	0.1096754368183794
40	0.09059588293267279
41	0.11448134499225887
42	0.08748263265009137
43	0.0990076837878547
44	0.10357190695822965
45	0.10262654567880956
46	0.09493203445131261
47	0.11454544034940231
48	0.10731350054468834
49	0.09836796565411896
50	0.10090720038534448
51	0.11087719446930305
52	0.114797882451641
53	0.1005931121065587
54	0.09203217516895193
55	0.09249061813972165
56	0.08813556183367861
57	0.09899523637156718
58	0.0807695176407417
59	0.08555938723310678
60	0.09064362338138206
61	0.0922399481417718
62	0.08254450335359259
63	0.08590568603604651
64	0.07771397458705548
65	0.08406301438698573
66	0.09396651769513269
67	0.08071915120831023
68	0.07827682572173979
69	0.07855015530153238
70	0.08014292589516063
71	0.09020118070860218
72	0.09214997161317766
73	0.10419141880474304
74	0.11977007898336109
75	0.1979176899185564
>>END_MODULE
>>Sequence Length Distribution	warn
#Length	Count
35	49245.0
36	13775.0
37	17968.0
38	19293.0
39	20983.0
40	21437.0
41	22713.0
42	24477.0
43	27160.0
44	29267.0
45	31975.0
46	31919.0
47	33334.0
48	34140.0
49	34977.0
50	35466.0
51	36716.0
52	37618.0
53	39539.0
54	41861.0
55	43149.0
56	44002.0
57	45316.0
58	45137.0
59	46263.0
60	46657.0
61	47254.0
62	48577.0
63	49615.0
64	51878.0
65	54263.0
66	53297.0
67	56195.0
68	56180.0
69	63791.0
70	73013.0
71	130467.0
72	386681.0
73	1030800.0
74	3148281.0
75	9426646.0
>>END_MODULE
>>Sequence Duplication Levels	warn
#Total Duplicate Percentage	28.2955586418841
#Duplication Level	Relative count
1	100.0
2	19.325104915758313
3	7.192653492956392
4	3.4397258109936604
5	1.8448689154011526
6	1.1202461656810423
7	0.7740756767152267
8	0.5062056554916788
9	0.3832601842121531
10++	2.7831008358918354
>>END_MODULE
>>Overrepresented sequences	warn
#Sequence	Count	Percentage	Possible Source
NNNNNNNNNNNNNNNNNNNNNNNNNNNNNNNNNNN	39560	0.2543834689327115	No Hit
>>END_MODULE
>>Kmer Content	warn
#Sequence	Count	Obs/Exp Overall	Obs/Exp Max	Max Obs/Exp Position
AAAAA	5800405	3.8939047	9.350713	71
GGGGG	2231490	3.1046467	5.546147	71
TTTTT	4685645	3.0547657	5.2187953	71
CCTGG	2424850	2.9703388	11.575337	3
CCAGG	2333900	2.875723	12.082137	3
CCCAG	2173145	2.7103558	10.663466	2
CAGCA	2526915	2.6912706	7.101456	4
TGCTG	2552630	2.6545715	7.7658796	2
CTGGG	2154555	2.6073895	9.886246	4
CCAGC	2046425	2.55231	6.392516	3
GGAGG	2053925	2.4700387	5.382076	6
GCTGG	2027750	2.453933	6.272264	3
TCCAG	2307005	2.4427083	9.517376	2
CTGCT	2291525	2.4121482	6.5250173	9
AGCAG	2260465	2.3784375	5.41464	7
GCTGC	1921510	2.3537683	5.536164	8
CTCCT	2200550	2.344679	6.609207	1
CTCCA	2184095	2.3408165	6.9407673	1
AGGAG	2233410	2.321612	6.942907	5
CAGGA	2199890	2.314701	9.840891	4
CTGGA	2207085	2.3087096	9.024924	4
CAGCC	1839590	2.2943444	5.3458414	9
CTTCT	2524595	2.2836492	5.126762	1
TCCTG	2150745	2.2639577	9.137962	2
GGCTG	1843730	2.2312367	7.922763	7
CAGAG	2079395	2.1879177	7.4669394	4
CCTGC	1759360	2.1814668	6.1235213	3
CTGCA	2053115	2.173884	6.477695	4
CTCTG	2064370	2.173036	7.3912916	2
GGCAG	1780180	2.1669853	5.9872437	7
CTGCC	1745395	2.1641514	5.5686145	9
CCCTG	1732870	2.1486213	8.63635	2
GCAGG	1762990	2.14606	6.358534	3
TGCAG	2043025	2.1370955	6.810089	2
TGGAG	2037040	2.1051207	6.3425465	5
CACAG	1955040	2.0821998	7.477458	7
AGCTG	1972490	2.0633128	5.820891	7
CTGTG	1974415	2.053265	8.902341	9
GCCTG	1672380	2.0485947	6.2581754	7
CAGGG	1679605	2.0445569	8.522087	4
GGAGA	1921660	1.99755	5.581696	6
CAGAA	2186015	1.9881495	5.386613	4
CTGGC	1614595	1.9778106	5.1325006	4
CCCCA	1558455	1.9674541	6.4106755	1
CTCAG	1833590	1.941446	6.062905	2
CAGGC	1568920	1.93315	5.5285945	4
TTCTG	2145500	1.9173144	5.3714004	2
CTGAG	1824370	1.9083726	5.701866	4
GGGAG	1577995	1.8976879	5.006298	7
CCAGA	1775765	1.8912643	6.71472	3
CCTCT	1757100	1.8721845	5.496846	1
TCTGG	1756060	1.8261899	6.3234906	3
GGCCA	1471320	1.812892	5.610105	1
TGGGG	1510075	1.8054024	5.6856813	5
CAGTG	1725860	1.8053267	6.2144046	9
CACTG	1693895	1.7935338	7.3587046	7
ACCTG	1688710	1.7880437	5.2107606	7
TGGCC	1409275	1.7263021	5.097779	5
CCTGA	1617615	1.7127668	5.530437	3
GAGAG	1635730	1.7003282	5.464879	7
ACAGA	1864070	1.6953452	5.999338	8
GCCCA	1331580	1.6607523	6.6189857	1
GTGTG	1612025	1.6561724	7.8134065	1
TCAGG	1569455	1.64172	5.530644	3
ACACA	1766805	1.6265119	6.4721894	6
TGTGT	1813885	1.6014072	6.2654023	10
CCTGT	1516775	1.5966163	5.2763066	8
CACAC	1468950	1.5836039	6.584553	5
TGGGC	1280695	1.5498656	5.957132	5
GCTGT	1471225	1.5299797	5.5337687	8
ACAGC	1435780	1.5291661	5.892124	8
CTGTC	1397510	1.4710733	5.71614	9
GACAG	1359530	1.4304832	6.8881	7
GCCCT	1139445	1.4128214	5.601054	1
GGGCT	1153580	1.3960341	5.5880394	6
AGACA	1519505	1.3819681	5.322509	6
GTCCT	1272750	1.339746	9.171829	1
AGGGC	1089215	1.3258843	5.1328764	5
GGACA	1243365	1.3082556	6.1956697	6
GTGCT	1227645	1.2766721	6.663778	1
AGGAC	1197815	1.2603283	8.736571	5
TGTGC	1191890	1.2394892	6.08297	10
ACTGC	1152290	1.2200702	5.1221285	8
GTCCA	1148895	1.2164755	6.807045	1
AGCAC	1137915	1.2119273	5.6059546	5
GTCTT	1283975	1.1474173	5.383777	1
TGGAC	1062635	1.1115636	6.054252	5
GTGCA	1042835	1.090852	5.8007445	1
ACAGT	1194625	1.0801494	5.4083686	8
ACTGT	1187710	1.0676255	6.1507316	8
TGCAC	995760	1.0543329	5.201887	5
GACTG	998980	1.0449777	5.7899227	7
GGACC	819520	1.0097743	5.3705883	6
ACACT	1078790	0.98732907	5.0092177	6
CTACA	1045495	0.95685685	5.3034015	4
GGACT	905340	0.9470261	5.1873345	6
TGTAG	1062465	0.94351846	5.576113	2
TCCTA	887610	0.80761343	5.500574	2
TAGGA	893840	0.7984343	5.4245615	4
GTGTA	767860	0.6818954	5.8180394	1
>>END_MODULE
