##FastQC	0.10.1
>>Basic Statistics	pass
#Measure	Value	
Filename	004-primary_S1_L003_R1_001_trimmed.fq.gz	
File type	Conventional base calls	
Encoding	Sanger / Illumina 1.9	
Total Sequences	27664446	
Filtered Sequences	0	
Sequence length	20-50	
%GC	45	
>>END_MODULE
>>Per base sequence quality	pass
#Base	Mean	Median	Lower Quartile	Upper Quartile	10th Percentile	90th Percentile
1	35.07156872037127	36.0	36.0	36.0	36.0	36.0
2	35.05899500029749	36.0	36.0	36.0	36.0	36.0
3	35.03518093223338	36.0	36.0	36.0	36.0	36.0
4	35.02982326123574	36.0	36.0	36.0	36.0	36.0
5	35.01659364514294	36.0	36.0	36.0	36.0	36.0
6	34.96102072674797	36.0	36.0	36.0	36.0	36.0
7	34.95042741864413	36.0	36.0	36.0	36.0	36.0
8	34.930492083593506	36.0	36.0	36.0	36.0	36.0
9	34.91408127240285	36.0	36.0	36.0	36.0	36.0
10	34.89250972168393	36.0	36.0	36.0	36.0	36.0
11	34.883951625129235	36.0	36.0	36.0	36.0	36.0
12	34.87507680435748	36.0	36.0	36.0	36.0	36.0
13	34.8539469758404	36.0	36.0	36.0	36.0	36.0
14	34.846831091430495	36.0	36.0	36.0	36.0	36.0
15	34.83707640485553	36.0	36.0	36.0	36.0	36.0
16	34.82238531001127	36.0	36.0	36.0	36.0	36.0
17	34.811300649215966	36.0	36.0	36.0	32.0	36.0
18	34.7977299093573	36.0	36.0	36.0	32.0	36.0
19	34.78930895634057	36.0	36.0	36.0	32.0	36.0
20	34.78288001863475	36.0	36.0	36.0	32.0	36.0
21	34.76433761029189	36.0	36.0	36.0	32.0	36.0
22	34.75392021830914	36.0	36.0	36.0	32.0	36.0
23	34.75188779882935	36.0	36.0	36.0	32.0	36.0
24	34.73790992671059	36.0	36.0	36.0	32.0	36.0
25	34.729439971214134	36.0	36.0	36.0	32.0	36.0
26	34.716812542067444	36.0	36.0	36.0	32.0	36.0
27	34.708803364196186	36.0	36.0	36.0	32.0	36.0
28	34.693175086909655	36.0	36.0	36.0	32.0	36.0
29	34.67977424167608	36.0	36.0	36.0	32.0	36.0
30	34.668545758588195	36.0	36.0	36.0	32.0	36.0
31	34.65766913172381	36.0	36.0	36.0	32.0	36.0
32	34.6514674042221	36.0	36.0	36.0	32.0	36.0
33	34.62859852850237	36.0	36.0	36.0	32.0	36.0
34	34.60214619594902	36.0	36.0	36.0	32.0	36.0
35	34.57842053314172	36.0	36.0	36.0	32.0	36.0
36	34.56169706762554	36.0	36.0	36.0	32.0	36.0
37	34.53462875904317	36.0	36.0	36.0	32.0	36.0
38	34.53207301459952	36.0	36.0	36.0	32.0	36.0
39	34.50740668115997	36.0	36.0	36.0	32.0	36.0
40	34.4833066127506	36.0	36.0	36.0	32.0	36.0
41	34.46442291835911	36.0	36.0	36.0	32.0	36.0
42	34.437699812497904	36.0	36.0	36.0	32.0	36.0
43	34.42412668198222	36.0	36.0	36.0	32.0	36.0
44	34.402534163835035	36.0	36.0	36.0	32.0	36.0
45	34.39079947342601	36.0	36.0	36.0	32.0	36.0
46	34.35999552816344	36.0	36.0	36.0	32.0	36.0
47	34.37329049063715	36.0	36.0	36.0	32.0	36.0
48	34.39017044029337	36.0	36.0	36.0	32.0	36.0
49	34.45004539989711	36.0	36.0	36.0	32.0	36.0
50	34.550945204502646	36.0	36.0	36.0	32.0	36.0
>>END_MODULE
>>Per sequence quality scores	pass
#Quality	Count
14	4.0
15	30.0
16	114.0
17	372.0
18	1199.0
19	3559.0
20	8466.0
21	17477.0
22	30053.0
23	48643.0
24	74998.0
25	114071.0
26	167127.0
27	237928.0
28	326617.0
29	436858.0
30	573209.0
31	757136.0
32	1038370.0
33	1567147.0
34	3131187.0
35	1.2895174E7
36	6234707.0
>>END_MODULE
>>Per base sequence content	pass
#Base	G	A	T	C
1	22.679517963237	26.676051998294128	27.32170382157662	23.322726216892253
2	22.556663524004783	26.50080178724707	27.561311005468898	23.381223683279252
3	22.636500734520133	26.634104868653917	27.293394524065658	23.43599987276029
4	22.683419396324382	26.50841819351617	27.49180743920704	23.316354970952407
5	22.871604223081984	26.4504974307817	27.156639809261417	23.5212585368749
6	22.476373554575197	26.749956487469746	27.353930288498468	23.41973966945659
7	22.494379588803582	26.75037392895534	27.40388296184555	23.35136352039553
8	22.641425749136634	26.624502077504104	27.439071073391457	23.29500109996781
9	22.345251070472315	26.84767266435766	27.57881024379904	23.228266021370985
10	22.58260809874341	26.901359793845252	27.320770870234877	23.195261237176464
11	22.833343846237124	26.952299551608082	27.126234189300586	23.088122412854204
12	22.396888049014247	26.934933018358652	27.48845937489585	23.17971955773125
13	22.512480459576164	26.767378605738212	27.54483859897285	23.17530233571278
14	22.537245097913765	26.49672073678974	27.674409239932007	23.29162492536449
15	22.48554949651238	26.74475465502023	27.496304460810585	23.2733913876568
16	22.685414069241794	27.16378392042139	27.234119755054316	22.9166822552825
17	22.78656872434749	26.921218664563174	27.17241111569702	23.119801495392316
18	22.66680850937698	27.138287894866934	27.193080244585417	23.00182335117067
19	22.66355885095259	27.03137087943131	27.36196849920653	22.943101770409573
20	22.61660865295098	26.804632012184598	27.323550977997563	23.25520835686686
21	22.66302062549876	26.96346497770848	27.32849419866862	23.045020198124146
22	22.62776842714243	26.940463438430683	27.350966115633895	23.080802018792994
23	22.736375284260664	26.69849650713847	27.268439530675504	23.296688677925363
24	22.650884306643636	27.04510979139651	27.320019443004	22.983986458955854
25	22.69542920491497	26.999884792137642	27.202442758014744	23.102243244932648
26	22.80451326309365	27.1502368253622	27.064753353671268	22.98049655787288
27	22.542680795627277	27.21900872703566	27.287042762011072	22.95126771532599
28	22.579773568761432	27.068660935455487	27.21116863547724	23.14039686030584
29	22.63891939319649	26.982786266520403	27.350239726530695	23.02805461375241
30	22.692881555040483	27.0174446043345	27.270727240289204	23.018946600335813
31	22.789125291051036	27.035805337181756	27.156113946949223	23.01895542481798
32	22.74778560067158	26.986124547018353	27.178356532247605	23.08773332006246
33	22.67093452432522	27.020380710022803	27.24209328640136	23.066591479250626
34	22.8158523132815	27.19410560514641	27.140495892664596	22.849546188907492
35	22.798252171803966	27.091352155017113	27.0446271069826	23.065768566196322
36	22.87635510512461	27.220194078481104	27.03235282370471	22.871097992689577
37	22.654310839578496	27.098938626239534	27.224457398202368	23.02229313597961
38	22.62345260799326	26.898381689741658	27.31952038372971	23.158645318535374
39	22.53114562018872	27.090710816403913	27.313387747134527	23.064755816272843
40	22.73235931691672	27.117372091491248	27.222504405600578	22.927764185991453
41	22.85544638795048	27.158968898525753	27.082277096421347	22.903307617102424
42	22.698598622090486	27.32486393834997	27.061288922555576	22.915248517003967
43	22.773672109417006	27.26026445106783	27.075042214485475	22.891021225029693
44	22.77376036611797	27.054859702941975	27.0837457501005	23.08763418083955
45	22.59102363548203	27.108769514277377	27.296322766733212	23.00388408350738
46	22.705204210189965	27.150129468499745	27.082229005801146	23.062437315509143
47	22.63993648486895	27.237219793892294	27.200909101114014	22.92193462012475
48	22.697570717180877	27.554193191811276	27.252927411481576	22.495308679526268
49	22.803922177955215	27.89461405274801	27.316389286268105	21.985074483028665
50	22.52864201552913	27.79165530013849	27.45326966769178	22.2264330166406
>>END_MODULE
>>Per base GC content	pass
#Base	%GC
1	46.00224418012925
2	45.937887207284035
3	46.072500607280425
4	45.99977436727679
5	46.392862759956884
6	45.89611322403179
7	45.84574310919911
8	45.93642684910444
9	45.5735170918433
10	45.77786933591987
11	45.921466259091325
12	45.5766076067455
13	45.687782795288946
14	45.828870023278256
15	45.75894088416918
16	45.6020963245243
17	45.906370219739806
18	45.66863186054765
19	45.60666062136216
20	45.87181700981784
21	45.7080408236229
22	45.70857044593542
23	46.03306396218603
24	45.63487076559949
25	45.79767244984762
26	45.78500982096653
27	45.49394851095327
28	45.720170429067274
29	45.6669740069489
30	45.711828155376296
31	45.80808071586902
32	45.83551892073404
33	45.73752600357584
34	45.66539850218899
35	45.86402073800029
36	45.74745309781419
37	45.67660397555811
38	45.782097926528635
39	45.59590143646156
40	45.66012350290818
41	45.7587540050529
42	45.61384713909445
43	45.664693334446696
44	45.86139454695752
45	45.59490771898941
46	45.76764152569911
47	45.56187110499369
48	45.19287939670715
49	44.788996660983884
50	44.75507503216973
>>END_MODULE
>>Per sequence GC content	warn
#GC Content	Count
0	6113.0
1	6051.5
2	5240.5
3	4700.5
4	5029.0
5	6009.5
6	7202.5
7	8924.5
8	10684.0
9	13604.0
10	16820.0
11	22684.0
12	28902.5
13	38185.5
14	48941.5
15	65941.5
16	84487.5
17	111092.0
18	139787.5
19	176343.5
20	214445.0
21	261804.0
22	310599.0
23	369954.0
24	432816.0
25	490069.0
26	555054.0
27	631138.0
28	712727.5
29	799987.5
30	889052.5
31	980964.5
32	1076348.5
33	1175063.5
34	1277122.0
35	1370193.0
36	1460538.5
37	1541392.5
38	1608070.5
39	1656002.5
40	1699414.5
41	1727200.5
42	1748527.5
43	1748204.5
44	1741076.0
45	1718693.5
46	1694202.0
47	1663514.5
48	1632335.0
49	1600774.5
50	1569339.5
51	1541802.5
52	1512608.5
53	1485807.0
54	1459262.0
55	1428238.0
56	1391202.0
57	1341822.0
58	1286224.5
59	1212037.0
60	1133654.0
61	1046086.0
62	957804.5
63	876823.0
64	779768.0
65	687725.0
66	598420.0
67	518078.0
68	441617.0
69	371828.0
70	310166.5
71	258382.0
72	212409.0
73	171824.0
74	134197.0
75	107169.5
76	86585.0
77	67916.0
78	51570.0
79	39383.0
80	28893.0
81	21524.0
82	15949.0
83	12116.5
84	8797.0
85	6550.0
86	4792.0
87	3743.5
88	2907.5
89	2203.0
90	1656.5
91	1366.0
92	1182.5
93	1015.5
94	837.5
95	704.5
96	604.0
97	559.5
98	528.0
99	803.0
100	1089.0
>>END_MODULE
>>Per base N content	pass
#Base	N-Count
1	0.0
2	0.0
3	4.5545824413039033E-4
4	6.868021141648743E-5
5	7.048758540113184E-4
6	3.614747969288812E-6
7	3.614747969288812E-4
8	0.0
9	7.952445532435387E-5
10	6.470398865026973E-4
11	1.1205718704795318E-4
12	0.0
13	0.0
14	0.0
15	4.3376975631465745E-5
16	9.759819517079792E-5
17	0.0
18	0.0
19	0.0
20	3.9762227662176935E-5
21	0.0
22	0.0
23	0.0
24	0.0
25	0.0
26	0.0
27	0.0
28	0.0
29	0.0
30	0.0
31	0.0
32	0.0
33	0.0
34	0.0
35	0.0
36	6.448113547486564E-5
37	0.0
38	0.0
39	0.0
40	3.8546714840809E-6
41	1.1615862048163778E-5
42	0.0
43	1.563716400327974E-5
44	0.0
45	0.0
46	0.0
47	0.0
48	0.0
49	5.153515761950655E-5
50	0.0
>>END_MODULE
>>Sequence Length Distribution	warn
#Length	Count
20	63368.0
21	65813.0
22	67958.0
23	70306.0
24	72477.0
25	73642.0
26	76248.0
27	79256.0
28	81889.0
29	86653.0
30	89189.0
31	92358.0
32	93666.0
33	94868.0
34	95573.0
35	96882.0
36	98906.0
37	103229.0
38	107378.0
39	112239.0
40	115795.0
41	119840.0
42	126827.0
43	145661.0
44	197326.0
45	325634.0
46	769816.0
47	1601087.0
48	3136333.0
49	4118119.0
50	1.528611E7
>>END_MODULE
>>Sequence Duplication Levels	warn
#Total Duplicate Percentage	39.44519320487567
#Duplication Level	Relative count
1	100.0
2	25.146341861109754
3	11.892416312022045
4	6.824666960165664
5	4.325033833912179
6	2.8029154233723035
7	1.972150206264573
8	1.4193937615157592
9	1.1250794893117448
10++	7.547000603303494
>>END_MODULE
>>Overrepresented sequences	pass
>>END_MODULE
>>Kmer Content	warn
#Sequence	Count	Obs/Exp Overall	Obs/Exp Max	Max Obs/Exp Position
AAAAA	7073835	4.0755944	5.042716	46
TTTTT	6545085	3.5742698	4.0688663	46
CCTGG	2739380	3.024776	3.5474153	19
>>END_MODULE
