##FastQC	0.10.1
>>Basic Statistics	pass
#Measure	Value	
Filename	032-F0_S5_L002_R2_001_trimmed.fq.gz	
File type	Conventional base calls	
Encoding	Sanger / Illumina 1.9	
Total Sequences	31088174	
Filtered Sequences	0	
Sequence length	20-51	
%GC	44	
>>END_MODULE
>>Per base sequence quality	pass
#Base	Mean	Median	Lower Quartile	Upper Quartile	10th Percentile	90th Percentile
1	34.664996664004775	36.0	36.0	36.0	32.0	36.0
2	34.66228444295249	36.0	36.0	36.0	32.0	36.0
3	34.64122437683217	36.0	36.0	36.0	32.0	36.0
4	34.6429771011961	36.0	36.0	36.0	32.0	36.0
5	34.620863065164265	36.0	36.0	36.0	32.0	36.0
6	34.618511367055525	36.0	36.0	36.0	32.0	36.0
7	34.6032962244743	36.0	36.0	36.0	32.0	36.0
8	34.585835951638714	36.0	36.0	36.0	32.0	36.0
9	34.580681387076645	36.0	36.0	36.0	32.0	36.0
10	34.56935489360038	36.0	36.0	36.0	32.0	36.0
11	34.55002709390394	36.0	36.0	36.0	32.0	36.0
12	34.530070662882935	36.0	36.0	36.0	32.0	36.0
13	34.535919542910435	36.0	36.0	36.0	32.0	36.0
14	34.527374621616566	36.0	36.0	36.0	32.0	36.0
15	34.50952162709846	36.0	36.0	36.0	32.0	36.0
16	34.49964632853638	36.0	36.0	36.0	32.0	36.0
17	34.46874856657712	36.0	36.0	36.0	32.0	36.0
18	34.46809275449886	36.0	36.0	36.0	32.0	36.0
19	34.45284991649879	36.0	36.0	36.0	32.0	36.0
20	34.45599146479301	36.0	36.0	36.0	32.0	36.0
21	34.4296622875085	36.0	36.0	36.0	32.0	36.0
22	34.4213791787905	36.0	36.0	36.0	32.0	36.0
23	34.40883658319136	36.0	36.0	36.0	32.0	36.0
24	34.38576367317032	36.0	36.0	36.0	32.0	36.0
25	34.3687712372532	36.0	36.0	36.0	32.0	36.0
26	34.340918624653504	36.0	36.0	36.0	32.0	36.0
27	34.336284533187474	36.0	36.0	36.0	32.0	36.0
28	34.30173491136766	36.0	36.0	36.0	32.0	36.0
29	34.2818024332198	36.0	36.0	36.0	32.0	36.0
30	34.26529032835607	36.0	36.0	36.0	32.0	36.0
31	34.24742610795806	36.0	36.0	36.0	32.0	36.0
32	34.23029303750564	36.0	36.0	36.0	32.0	36.0
33	34.19633132510374	36.0	36.0	36.0	32.0	36.0
34	34.16598132173006	36.0	36.0	36.0	32.0	36.0
35	34.140893677380184	36.0	36.0	36.0	32.0	36.0
36	34.133665297681766	36.0	36.0	36.0	32.0	36.0
37	34.10401770823117	36.0	36.0	36.0	32.0	36.0
38	34.07611681141241	36.0	36.0	36.0	32.0	36.0
39	34.057982004309345	36.0	36.0	36.0	32.0	36.0
40	34.04054705788361	36.0	36.0	36.0	32.0	36.0
41	34.0300845908735	36.0	36.0	36.0	32.0	36.0
42	34.00791770913859	36.0	36.0	36.0	32.0	36.0
43	33.9780691972792	36.0	36.0	36.0	32.0	36.0
44	33.94548170110653	36.0	36.0	36.0	32.0	36.0
45	33.92812449703358	36.0	36.0	36.0	32.0	36.0
46	33.915393396581635	36.0	36.0	36.0	32.0	36.0
47	33.91916786278227	36.0	36.0	36.0	32.0	36.0
48	33.9131609820147	36.0	36.0	36.0	32.0	36.0
49	33.96978084207374	36.0	36.0	36.0	32.0	36.0
50	34.0528532044022	36.0	36.0	36.0	32.0	36.0
51	34.1793347164887	36.0	36.0	36.0	32.0	36.0
>>END_MODULE
>>Per sequence quality scores	pass
#Quality	Count
14	1323.0
15	3007.0
16	6156.0
17	11084.0
18	18448.0
19	29402.0
20	44604.0
21	64999.0
22	91942.0
23	126870.0
24	173320.0
25	232538.0
26	306270.0
27	394305.0
28	500878.0
29	628590.0
30	788533.0
31	1005284.0
32	1334001.0
33	1952028.0
34	3643361.0
35	1.3477571E7
36	6253660.0
>>END_MODULE
>>Per base sequence content	pass
#Base	G	A	T	C
1	22.131283747961525	27.23079843801698	27.75095764711044	22.88696016691106
2	22.13113256507121	27.259979952505415	28.024489312238153	22.58439817018523
3	22.05659296683041	27.327793520455725	27.911536393227856	22.704077119486012
4	22.26751239876617	26.940865037618483	28.253444541323013	22.538178022292335
5	22.304410673975255	27.079287448661347	27.795501916580882	22.820799960782516
6	21.726654000328228	27.498893952407755	28.050573185803707	22.72387886146031
7	21.822214453637578	27.508360574667396	28.068309833829417	22.60111513786561
8	21.94469511139509	27.39204303218323	27.995471847269	22.66779000915268
9	21.754465218832088	27.518602411322068	28.13721063192711	22.589721737918733
10	21.883607573735272	27.559955756809646	28.073926117371833	22.482510552083244
11	22.38015330202411	27.560624821515734	27.732400751488328	22.32682112497183
12	21.694844476874067	27.751153863202127	28.144605726923682	22.409395933000116
13	21.802415928320524	27.54683822858171	28.33727062901797	22.313475214079798
14	21.86010024261959	27.251587693764197	28.471591802078823	22.416720261537392
15	21.7245149232631	27.566344038089852	28.304869240631504	22.40427179801554
16	21.86637594089637	27.89854431463231	28.2057640310428	22.02931571342852
17	21.99701725807376	27.628274339946756	27.836453179913367	22.538255222066113
18	21.8767882603848	28.088343175125047	27.875374732526907	22.159493831963243
19	22.040985745898105	27.778952215077023	28.117566506157615	22.062495532867256
20	22.126719311336846	27.520641772012727	28.09234148007535	22.260297436575076
21	22.134828175630254	27.65473704926487	28.110172460948302	22.100262314156573
22	21.8785262694828	27.867891762737635	28.173062343928727	22.080519623850837
23	21.97127129827784	27.62240730699907	28.0919730457346	22.31434834898848
24	21.832300140196722	27.952187415530883	28.09330484967853	22.12220759459386
25	21.888991762642487	27.927583705767766	27.94373012324096	22.239694408348782
26	22.030022517065916	27.881059215683013	27.896620276784805	22.192297990466265
27	21.993163431639392	27.972594058753526	28.008060731188078	22.026181778419005
28	21.776708729562255	27.95698198418352	27.96396401545517	22.302345270799055
29	22.07300309864354	27.739840782897375	28.042029672499964	22.14512644595912
30	21.917021751652406	28.060060957712764	27.919423392497837	22.103493898136993
31	22.006780221597484	27.968466298394752	27.96614300841775	22.058610471590015
32	22.007166096862075	28.005827095293608	27.838232894487042	22.148773913357275
33	21.855880788712607	27.801195061378774	28.12709588545052	22.215828264458096
34	22.046307015831875	28.147236782582986	27.938124642593298	21.868331558991844
35	21.99632878146323	27.79221426358397	27.920900182837805	22.29055677211499
36	22.124799071956808	28.069153629562066	27.72193113289297	22.084116165588156
37	21.87776497238113	27.999271099985624	27.90030464113422	22.22265928649902
38	21.918130948615275	27.862065954983777	27.896647519540803	22.32315557686015
39	21.857017762182267	27.9460115359439	27.951453988258557	22.245516713615277
40	21.896944994740736	27.92273285191827	28.110758581097357	22.06956357224364
41	22.174873994473383	27.934652649947832	27.877351744776085	22.013121610802695
42	22.110115500177077	28.001024717416033	27.896181254058234	21.992678528348655
43	22.05149568859164	28.165315127208196	27.837695999185243	21.94549318501492
44	22.09019734894628	27.83871263631608	27.748717830302027	22.322372184435608
45	21.978773395226405	28.009480245276002	27.918648031652026	22.093098327845567
46	21.97361436284516	28.25183404139484	27.68649981444967	22.088051781310327
47	22.032787596898586	27.96195948857528	27.808977582951144	22.196275331574988
48	22.06529148871745	28.292009090556274	27.96918247789228	21.673516942833995
49	22.313465028318888	28.246865433219366	27.912401817907234	21.527267720554516
50	22.40986922491533	28.425154883415793	27.914893836619463	21.250082055049415
51	21.927603529804145	28.943977518161034	28.014696760810338	21.113722191224486
>>END_MODULE
>>Per base GC content	pass
#Base	%GC
1	45.01824391487258
2	44.715530735256436
3	44.76067008631642
4	44.8056904210585
5	45.12521063475777
6	44.45053286178854
7	44.42332959150318
8	44.61248512054777
9	44.34418695675082
10	44.366118125818524
11	44.70697442699594
12	44.10424040987419
13	44.11589114240032
14	44.27682050415698
15	44.128786721278644
16	43.895691654324885
17	44.535272480139874
18	44.036282092348046
19	44.10348127876536
20	44.38701674791192
21	44.23509048978683
22	43.95904589333364
23	44.28561964726632
24	43.95450773479058
25	44.12868617099127
26	44.22232050753219
27	44.0193452100584
28	44.07905400036131
29	44.21812954460266
30	44.0205156497894
31	44.0653906931875
32	44.155940010219354
33	44.07170905317071
34	43.91463857482372
35	44.28688555357822
36	44.208915237544964
37	44.10042425888015
38	44.241286525475424
39	44.10253447579755
40	43.96650856698438
41	44.18799560527608
42	44.102794028525736
43	43.99698887360656
44	44.41256953338189
45	44.07187172307197
46	44.061666144155495
47	44.229062928473574
48	43.73880843155145
49	43.84073274887341
50	43.659951279964744
51	43.041325721028635
>>END_MODULE
>>Per sequence GC content	warn
#GC Content	Count
0	14375.0
1	12275.0
2	9297.0
3	9149.5
4	10004.0
5	11445.5
6	13199.0
7	15342.0
8	17411.0
9	21373.5
10	25666.0
11	32831.0
12	39977.5
13	52476.0
14	66069.5
15	88659.0
16	111871.5
17	145912.5
18	181263.5
19	228842.5
20	277255.0
21	337626.0
22	399187.5
23	472382.5
24	547351.5
25	622895.0
26	765628.0
27	860173.5
28	965713.5
29	1073612.5
30	1184296.0
31	1296616.5
32	1414137.0
33	1533136.0
34	1636904.5
35	1735113.5
36	1805144.5
37	1868458.0
38	1897872.5
39	1924763.5
40	1929276.5
41	1928639.0
42	1916725.5
43	1896445.0
44	1853819.5
45	1808264.5
46	1759757.0
47	1708377.5
48	1655461.0
49	1602155.5
50	1555983.0
51	1511405.0
52	1467590.0
53	1423558.5
54	1382366.0
55	1338974.0
56	1290889.0
57	1239394.0
58	1175753.0
59	1103298.5
60	1028325.5
61	948948.5
62	866139.5
63	788320.0
64	702479.5
65	618489.0
66	544866.0
67	473716.5
68	405536.5
69	339515.0
70	288402.5
71	240644.0
72	201666.5
73	165195.0
74	135124.5
75	100742.0
76	83744.0
77	69330.0
78	55637.0
79	45106.5
80	35738.5
81	29373.5
82	23597.5
83	19311.0
84	15255.5
85	12159.5
86	9334.0
87	7660.0
88	6222.0
89	5118.0
90	4049.0
91	3560.5
92	3189.0
93	3027.0
94	2874.0
95	2856.0
96	2858.5
97	3282.0
98	4848.5
99	18330.5
100	30669.0
>>END_MODULE
>>Per base N content	pass
#Base	N-Count
1	0.0
2	0.0
3	0.0
4	0.0
5	0.0
6	0.0
7	0.0
8	0.0
9	0.0
10	0.0
11	0.0
12	0.0
13	0.0
14	0.0
15	0.0
16	0.0
17	0.0
18	0.0
19	0.0
20	0.0
21	0.0
22	0.0
23	0.0
24	0.0
25	0.0
26	0.0
27	0.0
28	0.0
29	0.0
30	0.0
31	0.0
32	0.0
33	0.0
34	0.0
35	0.0
36	0.0
37	0.0
38	0.0
39	0.0
40	0.0
41	0.0
42	0.0
43	0.0
44	0.0
45	0.0
46	0.0
47	0.0
48	0.0
49	0.0
50	0.0
51	0.0
>>END_MODULE
>>Sequence Length Distribution	warn
#Length	Count
20	31520.0
21	32366.0
22	34165.0
23	35762.0
24	37286.0
25	38718.0
26	40956.0
27	44070.0
28	46006.0
29	49979.0
30	51150.0
31	53252.0
32	55433.0
33	55780.0
34	58045.0
35	59582.0
36	60908.0
37	64541.0
38	68432.0
39	73810.0
40	77690.0
41	82665.0
42	86763.0
43	97578.0
44	121260.0
45	182921.0
46	330367.0
47	850912.0
48	1800000.0
49	3600510.0
50	4954045.0
51	1.7911702E7
>>END_MODULE
>>Sequence Duplication Levels	warn
#Total Duplicate Percentage	38.67882200385566
#Duplication Level	Relative count
1	100.0
2	23.344670381359
3	11.147293179278128
4	6.584332360437722
5	4.19872799929244
6	2.848734833683093
7	2.0133310820046475
8	1.5397480119963658
9	1.0790296773363566
10++	8.05332432801859
>>END_MODULE
>>Overrepresented sequences	pass
>>END_MODULE
>>Kmer Content	warn
#Sequence	Count	Obs/Exp Overall	Obs/Exp Max	Max Obs/Exp Position
AAAAA	11020075	4.7005553	5.853021	47
GGGGG	2737235	3.7712762	4.916427	47
TTTTT	9026485	3.7170792	4.379266	13
CCTGG	2881615	3.0493028	3.7661192	9
>>END_MODULE
