##FastQC	0.10.1
>>Basic Statistics	pass
#Measure	Value	
Filename	032-F5_S3_L003_R2_001.fastq.gz	
File type	Conventional base calls	
Encoding	Sanger / Illumina 1.9	
Total Sequences	44220892	
Filtered Sequences	0	
Sequence length	35-76	
%GC	45	
>>END_MODULE
>>Per base sequence quality	pass
#Base	Mean	Median	Lower Quartile	Upper Quartile	10th Percentile	90th Percentile
1	31.391806660073705	32.0	32.0	32.0	32.0	32.0
2	31.1305955338938	32.0	32.0	32.0	32.0	32.0
3	31.185145044111728	32.0	32.0	32.0	32.0	32.0
4	31.232585742503794	32.0	32.0	32.0	32.0	32.0
5	31.198281821180814	32.0	32.0	32.0	32.0	32.0
6	34.87217575801049	36.0	36.0	36.0	36.0	36.0
7	34.8673313283685	36.0	36.0	36.0	36.0	36.0
8	34.801371419644816	36.0	36.0	36.0	32.0	36.0
9	34.92285406635398	36.0	36.0	36.0	36.0	36.0
10-14	34.81768705615436	36.0	36.0	36.0	33.6	36.0
15-19	34.74200482884878	36.0	36.0	36.0	32.0	36.0
20-24	34.68529600443157	36.0	36.0	36.0	32.0	36.0
25-29	34.61970028103458	36.0	36.0	36.0	32.0	36.0
30-34	34.55053718952571	36.0	36.0	36.0	32.0	36.0
35-39	34.49400319251228	36.0	36.0	36.0	32.0	36.0
40-44	34.43315388008072	36.0	36.0	36.0	32.0	36.0
45-49	34.3359976970133	36.0	36.0	36.0	32.0	36.0
50-54	34.22103184045547	36.0	36.0	36.0	32.0	36.0
55-59	34.08486499325668	36.0	36.0	36.0	32.0	36.0
60-64	33.94455813029391	36.0	36.0	36.0	32.0	36.0
65-69	33.79920894307501	36.0	36.0	36.0	29.0	36.0
70-74	33.67986911378707	36.0	36.0	36.0	27.0	36.0
75-76	33.05714546087926	36.0	34.0	36.0	20.5	36.0
>>END_MODULE
>>Per sequence quality scores	pass
#Quality	Count
2	26398.0
3	0.0
4	0.0
5	0.0
6	0.0
7	0.0
8	0.0
9	0.0
10	0.0
11	0.0
12	0.0
13	0.0
14	1422.0
15	5312.0
16	9520.0
17	14196.0
18	19765.0
19	26980.0
20	38464.0
21	58251.0
22	87099.0
23	131906.0
24	198432.0
25	291948.0
26	409390.0
27	552800.0
28	722618.0
29	925020.0
30	1177491.0
31	1525950.0
32	2079541.0
33	3199366.0
34	6808788.0
35	2.5910235E7
>>END_MODULE
>>Per base sequence content	fail
#Base	G	A	T	C
1	44.7130371088621	18.193426833230525	11.341330556142136	25.752205501765236
2	17.17409985914703	19.750813704232122	36.19910718113821	26.87597925548264
3	19.935638505914	21.265074130172533	28.9231463258473	29.876141038066173
4	13.671005954439785	14.567808639608886	36.32108922100568	35.440096184945645
5	15.351626525579814	34.503523241546056	34.929524986365344	15.215325246508787
6	34.436820639783804	35.20842029118455	16.322222686349424	14.032536382682217
7	30.21712737479354	30.081896669250348	20.76416979142354	18.936806164532577
8	26.66666304629979	34.014774626731125	20.28744762686761	19.03111470010148
9	24.805051891919558	15.659229903807159	20.47408302575891	39.06163517851437
10-14	23.704517580855207	23.256192502170066	28.730130499966805	24.30915941700792
15-19	22.240004377015836	28.442689263508708	26.491358403153114	22.82594795632234
20-24	22.31513093011089	27.13585905067722	27.819617982276252	22.729392036935643
25-29	22.108811563721037	27.171599249444967	27.865879401176088	22.853709785657912
30-34	22.10693078644593	27.375683948321704	27.941238562432684	22.576146702799672
35-39	22.116612198514936	27.627891569842898	27.851889953304447	22.40360627833772
40-44	22.13382414423165	27.56218634140433	27.899515542761304	22.40447397160271
45-49	22.139975948899547	27.778389836821827	27.7733102306875	22.30832398359113
50-54	22.237474926574805	27.765833314439366	27.739967007877176	22.256724751108656
55-59	22.186079329407868	27.78049365743699	27.727238956076583	22.30618805707856
60-64	22.304651779818997	27.877193198167816	27.627672952526193	22.19048206948699
65-69	22.27298030297434	27.858047393164874	27.674710190427447	22.194262113433343
70-74	22.560869478989066	28.139897727143314	27.577475644155797	21.721757149711827
75-76	26.592875660054293	35.40496599202743	28.39382322365535	9.608335124262927
>>END_MODULE
>>Per base GC content	fail
#Base	%GC
1	70.46524261062734
2	44.05007911462967
3	49.811779543980165
4	49.11110213938543
5	30.5669517720886
6	48.46935702246603
7	49.15393353932612
8	45.697777746401265
9	63.866687070433926
10-14	48.01367699786312
15-19	45.065952333338174
20-24	45.04452296704653
25-29	44.96252134937895
30-34	44.683077489245605
35-39	44.520218476852655
40-44	44.538298115834365
45-49	44.44829993249068
50-54	44.49419967768346
55-59	44.492267386486425
60-64	44.49513384930599
65-69	44.46724241640768
70-74	44.28262662870089
75-76	36.201210784317226
>>END_MODULE
>>Per sequence GC content	warn
#GC Content	Count
0	26429.0
1	13243.5
2	95.0
3	223.5
4	315.5
5	442.5
6	793.5
7	1347.0
8	1680.5
9	2187.0
10	3764.0
11	6649.0
12	8479.0
13	10462.0
14	15996.0
15	25265.5
16	40216.5
17	51940.0
18	70259.0
19	107094.5
20	154278.5
21	188057.0
22	236073.0
23	322777.0
24	414830.0
25	475130.0
26	551328.5
27	674733.5
28	794327.5
29	873918.5
30	965899.5
31	1107438.5
32	1238696.5
33	1322282.0
34	1424021.0
35	1568251.0
36	1683134.0
37	1755287.5
38	1819681.5
39	1889997.5
40	1916827.0
41	1907560.0
42	1907853.5
43	1899074.0
44	1855514.0
45	1796853.5
46	1760971.5
47	1717399.0
48	1646204.0
49	1577407.5
50	1533443.5
51	1492673.5
52	1435844.0
53	1391437.5
54	1372863.0
55	1355029.0
56	1321216.0
57	1285766.5
58	1250040.0
59	1186230.0
60	1090848.0
61	981004.5
62	895089.0
63	817007.5
64	712667.0
65	613756.5
66	512477.5
67	439880.0
68	384851.0
69	314817.0
70	247196.5
71	201914.5
72	169214.0
73	133817.5
74	102280.5
75	81822.5
76	69098.0
77	55102.5
78	41352.5
79	32992.0
80	28239.0
81	22536.5
82	16652.5
83	12800.5
84	10415.0
85	8107.5
86	5892.5
87	4506.5
88	3798.0
89	3126.5
90	2584.0
91	2259.0
92	2175.0
93	2102.0
94	2054.0
95	2059.0
96	2045.5
97	2208.5
98	3046.0
99	16375.0
100	29035.0
>>END_MODULE
>>Per base N content	pass
#Base	N-Count
1	0.10792183929713584
2	0.10345788592414644
3	0.08441937353954777
4	0.07391981147734425
5	0.064109968654635
6	0.06337728329858204
7	0.06057544022404613
8	0.05987215273721751
9	0.05978848187865591
10-14	0.05969576552187143
15-19	0.05969576552187143
20-24	0.05969576552187143
25-29	0.05969576552187143
30-34	0.05969576552187143
35-39	0.011952167460234503
40-44	0.0
45-49	4.5606088266844144E-7
50-54	0.0
55-59	0.0
60-64	0.0
65-69	9.280907862364438E-5
70-74	0.0
75-76	0.0
>>END_MODULE
>>Sequence Length Distribution	warn
#Length	Count
35	35216.0
36	13777.0
37	18601.0
38	21357.0
39	24182.0
40	26395.0
41	28029.0
42	31129.0
43	35852.0
44	40482.0
45	44110.0
46	45945.0
47	48249.0
48	49617.0
49	53171.0
50	53225.0
51	54709.0
52	57259.0
53	61537.0
54	66840.0
55	68500.0
56	71168.0
57	72965.0
58	73642.0
59	75898.0
60	76099.0
61	76442.0
62	80195.0
63	83506.0
64	90174.0
65	93294.0
66	96448.0
67	95369.0
68	96130.0
69	104427.0
70	115028.0
71	149506.0
72	317910.0
73	1046854.0
74	2962069.0
75	9276173.0
76	2.8289413E7
>>END_MODULE
>>Sequence Duplication Levels	warn
#Total Duplicate Percentage	42.30830031715294
#Duplication Level	Relative count
1	100.0
2	23.925571358845037
3	12.415334423674679
4	7.829050461111635
5	5.309848179957699
6	3.77537826567223
7	2.727280511718315
8	2.163842340066619
9	1.6517815092950172
10++	11.459715883304932
>>END_MODULE
>>Overrepresented sequences	pass
>>END_MODULE
>>Kmer Content	warn
#Sequence	Count	Obs/Exp Overall	Obs/Exp Max	Max Obs/Exp Position
AAAAA	20088785	4.310319	8.312545	72
TTTTT	17089270	3.5219016	6.130924	72
CCTGG	7165945	3.165995	12.404791	3
GGGGG	5826970	3.0488727	5.4330993	72
CCAGG	6687585	2.9785602	12.58415	3
CCCAG	6533280	2.934964	11.627571	2
CTGGG	6573820	2.8795202	11.336342	4
CCAGC	6131705	2.754563	6.632272	3
GGAGG	5986955	2.6210444	6.0390053	6
GCTGG	5916685	2.5916765	7.1765585	3
CAGCC	5526175	2.4825394	5.857255	9
TCCAG	6511570	2.407101	8.53559	2
GGCTG	5425250	2.376414	8.341607	7
CTCCA	6364320	2.372985	6.492218	1
CAGGA	6351245	2.3465698	9.778145	4
CAGCA	6263055	2.3339696	6.473976	4
CTCCT	6295285	2.3284016	6.195315	1
AGGAG	6306030	2.3099163	7.0567536	5
GCCTG	5206320	2.3002105	7.751966	7
TGCTG	6313985	2.2955003	7.363958	2
TCCTG	6220640	2.281094	8.761279	2
CCTGC	5080790	2.2641351	6.315221	3
CTGCC	5079960	2.2637653	5.7924533	9
GGCAG	5125390	2.263235	6.4797277	7
CTGGA	6127400	2.245693	8.484961	4
CTGCA	6035380	2.2310698	6.801675	4
GCAGG	5038415	2.2248292	6.8163166	3
CCCTG	4903930	2.1853216	9.0802765	2
TGCAG	5915145	2.1679018	7.0953164	2
CAGAG	5846550	2.160102	7.45777	4
CTCTG	5838665	2.1410248	7.343602	2
CTGCT	5810195	2.130585	6.3782964	9
CAGGC	4743420	2.1126556	6.5620985	4
GCTGC	4779380	2.1115835	5.484187	8
AGCAG	5676605	2.097313	5.325978	7
TGGAG	5745200	2.087589	6.392103	5
CAGGG	4696290	2.0737562	9.155005	4
GGGAG	4728860	2.0702596	5.5442653	7
CTGGC	4666500	2.061712	5.9019513	4
GCCAG	4594445	2.046304	5.4709425	2
CCCCA	4515370	2.0459697	6.8716545	1
AGCTG	5569115	2.0410817	5.777753	7
GGAGA	5448760	1.9958959	5.3926835	6
CTCAG	5342235	1.9748385	6.130731	2
CAGAA	6376420	1.9711667	5.3504434	4
CTGAG	5309395	1.9458942	5.874104	4
CACAG	5157845	1.9221057	6.533984	7
CTGTG	5250770	1.9089596	8.616755	9
TTCTG	6296335	1.89991	5.2161884	2
GGCCA	4261750	1.8981264	6.66573	1
TGGGG	4314925	1.8738778	6.332918	5
CCAGA	4937590	1.8400259	6.510416	3
CCTCT	4932590	1.8243893	5.527349	1
TGGCC	4076475	1.8010324	6.0692353	5
TCTGG	4925730	1.7907889	6.372135	3
CACTG	4828240	1.7848325	7.0734096	7
ACCTG	4754895	1.7577193	5.3719273	7
CAGTG	4755795	1.7429998	6.2407794	9
AGAGG	4729885	1.73257	5.0460644	5
GCCCA	3856625	1.7325226	7.203631	1
CCTGA	4661960	1.7233645	5.582138	3
TCAGG	4529685	1.6601304	5.9299593	3
ACAGA	5360745	1.6571875	5.5265994	8
AGCCT	4480385	1.6562424	5.4471455	6
TGGGC	3770985	1.651799	6.6575484	5
GGCCT	3723800	1.6452166	5.224764	6
GGGCC	3081800	1.6404753	5.4312096	6
CCTGT	4419735	1.6207066	5.6234894	8
GAGAG	4418825	1.6186278	5.029818	7
AGGTG	4363395	1.5854931	5.3575797	7
CTTGG	4259070	1.5484192	5.0612636	3
CTGTC	3958175	1.4514536	5.916266	9
GCCCT	3224595	1.4369652	5.991918	1
GGGCT	3270510	1.4325764	5.8284802	6
GACAG	3822705	1.4123598	6.6622667	7
GCTGT	3830120	1.3924708	5.0317626	8
GTGTG	3863135	1.392449	7.297425	1
ACAGC	3708685	1.3820665	5.1688776	8
ACACA	4384945	1.3672407	5.457479	6
TGTGT	4559385	1.3640085	5.160744	10
AGGGC	3043950	1.3441268	5.4878764	5
CACAC	3568125	1.3411686	5.980626	5
AGACA	4310400	1.3324902	5.1138124	6
ACTGC	3473945	1.2841965	5.114068	8
GGACA	3257790	1.2036428	5.46561	6
GTGCT	3260260	1.1852938	6.373459	1
GTCCT	3159560	1.1586033	6.678963	1
GTCCA	3087510	1.141345	6.4597526	1
GTCTT	3737935	1.1279166	5.432658	1
AGCAC	3019800	1.1253487	5.23572	5
TGTGC	3064435	1.1141001	5.1543584	10
TGCAC	2953415	1.0917748	5.5959167	5
AGGAC	2945580	1.0882919	6.0816813	5
GTGCA	2912610	1.0674721	6.1715984	1
GCACT	2856120	1.0558081	5.084359	6
TGGAC	2839880	1.0408165	5.6898637	5
GACTG	2763980	1.0129992	5.809462	7
AGACT	3297565	1.0112054	5.216357	6
ACAGT	3275875	1.0045542	5.1360345	8
ACTGT	3301960	1.0044248	5.99541	8
GGACT	2544320	0.93249375	5.0435457	6
GTGTA	2005620	0.60486704	5.4293056	1
>>END_MODULE
