##FastQC	0.10.1
>>Basic Statistics	pass
#Measure	Value	
Filename	019-F5_S6_L004_R1_001_trimmed.fq.gz	
File type	Conventional base calls	
Encoding	Sanger / Illumina 1.9	
Total Sequences	21430581	
Filtered Sequences	0	
Sequence length	20-50	
%GC	44	
>>END_MODULE
>>Per base sequence quality	pass
#Base	Mean	Median	Lower Quartile	Upper Quartile	10th Percentile	90th Percentile
1	35.3657019378056	36.0	36.0	36.0	36.0	36.0
2	35.356846414943206	36.0	36.0	36.0	36.0	36.0
3	35.34398297460997	36.0	36.0	36.0	36.0	36.0
4	35.336837858012345	36.0	36.0	36.0	36.0	36.0
5	35.318656316410646	36.0	36.0	36.0	36.0	36.0
6	35.29192978949101	36.0	36.0	36.0	36.0	36.0
7	35.283539349679785	36.0	36.0	36.0	36.0	36.0
8	35.272101069028416	36.0	36.0	36.0	36.0	36.0
9	35.256510964401755	36.0	36.0	36.0	36.0	36.0
10	35.23526581010566	36.0	36.0	36.0	36.0	36.0
11	35.22849842475106	36.0	36.0	36.0	36.0	36.0
12	35.21323308966752	36.0	36.0	36.0	36.0	36.0
13	35.20343638840216	36.0	36.0	36.0	36.0	36.0
14	35.19477927359972	36.0	36.0	36.0	36.0	36.0
15	35.180489180391326	36.0	36.0	36.0	36.0	36.0
16	35.16807528456648	36.0	36.0	36.0	36.0	36.0
17	35.15531174819759	36.0	36.0	36.0	36.0	36.0
18	35.14534076327655	36.0	36.0	36.0	36.0	36.0
19	35.12849450978487	36.0	36.0	36.0	36.0	36.0
20	35.12631533414796	36.0	36.0	36.0	36.0	36.0
21	35.112482136448314	36.0	36.0	36.0	36.0	36.0
22	35.10343400095636	36.0	36.0	36.0	36.0	36.0
23	35.094331555148806	36.0	36.0	36.0	36.0	36.0
24	35.08011292039545	36.0	36.0	36.0	36.0	36.0
25	35.06940418814096	36.0	36.0	36.0	36.0	36.0
26	35.06052617936377	36.0	36.0	36.0	36.0	36.0
27	35.057879441045095	36.0	36.0	36.0	36.0	36.0
28	35.04006861208323	36.0	36.0	36.0	36.0	36.0
29	35.032410326644175	36.0	36.0	36.0	36.0	36.0
30	35.02253975070837	36.0	36.0	36.0	36.0	36.0
31	35.009773652104116	36.0	36.0	36.0	36.0	36.0
32	35.00377422249191	36.0	36.0	36.0	36.0	36.0
33	34.98476544329352	36.0	36.0	36.0	36.0	36.0
34	34.97445857215505	36.0	36.0	36.0	36.0	36.0
35	34.9535735028516	36.0	36.0	36.0	36.0	36.0
36	34.94637929221812	36.0	36.0	36.0	36.0	36.0
37	34.94197341453349	36.0	36.0	36.0	36.0	36.0
38	34.926207928269186	36.0	36.0	36.0	36.0	36.0
39	34.919136340281895	36.0	36.0	36.0	36.0	36.0
40	34.9079853574319	36.0	36.0	36.0	36.0	36.0
41	34.89966845589867	36.0	36.0	36.0	36.0	36.0
42	34.88346955811186	36.0	36.0	36.0	36.0	36.0
43	34.87512111687848	36.0	36.0	36.0	36.0	36.0
44	34.865112174104674	36.0	36.0	36.0	36.0	36.0
45	34.86109476444892	36.0	36.0	36.0	36.0	36.0
46	34.85381756186199	36.0	36.0	36.0	36.0	36.0
47	34.87157510458383	36.0	36.0	36.0	36.0	36.0
48	34.88503557226199	36.0	36.0	36.0	36.0	36.0
49	34.946784359072225	36.0	36.0	36.0	36.0	36.0
50	35.045362959163306	36.0	36.0	36.0	36.0	36.0
>>END_MODULE
>>Per sequence quality scores	pass
#Quality	Count
10	2.0
11	1.0
12	2.0
13	0.0
14	14.0
15	60.0
16	233.0
17	727.0
18	1905.0
19	4437.0
20	9082.0
21	15873.0
22	24931.0
23	36268.0
24	51934.0
25	72713.0
26	101371.0
27	136850.0
28	182073.0
29	236020.0
30	302776.0
31	392594.0
32	525531.0
33	776829.0
34	1536897.0
35	8824046.0
36	8197412.0
>>END_MODULE
>>Per base sequence content	pass
#Base	G	A	T	C
1	22.142097308653717	26.96300918315813	27.656537128261604	23.238356379926543
2	22.20173592120531	26.98553996272896	27.886761446178244	22.925962669887483
3	22.105805472125944	27.080623225490836	27.83304824219827	22.98052306018495
4	22.34400413465476	26.751479475485674	28.117075571678736	22.787440818180833
5	22.453641929997122	26.763066260784445	27.722114429426558	23.061177379791875
6	21.95274400842537	27.198629430657505	27.887353124120708	22.961273436796418
7	21.94559574346365	27.162604940966524	27.97777473122038	22.914024584349452
8	22.082669170265902	26.96683882022241	27.863636278795433	23.086855730716252
9	21.912618321627644	27.133149000733304	27.97130626890271	22.982926408736347
10	21.95469553639785	27.213928121917498	27.937366810283343	22.89400953140131
11	22.52188530585533	27.096156291449443	27.66967134419559	22.712287058499637
12	21.82870688478539	27.38607270805603	28.04244472468208	22.742775682476502
13	21.92944831108773	27.182584734456842	28.21882771414047	22.669139240314955
14	22.04474669697363	26.849618706947453	28.339108125252153	22.76652647082676
15	21.885839709303543	27.197381260620396	28.166968293360327	22.749810736715734
16	22.006584648183374	27.505940844743655	28.097612864384487	22.389861642688487
17	22.156382114959264	27.1751733534918	27.7283413127269	22.940103218822035
18	22.084701412374596	27.643029782328675	27.679496854265917	22.592771951030812
19	22.213905809470567	27.356233125433384	27.953614948637856	22.47624611645819
20	22.296348231044995	27.037723941059333	27.933425182658446	22.732502645237233
21	22.2774299345181	27.238177979815042	27.992951035445135	22.491441050221724
22	22.039209219582695	27.5101597922757	28.029180585517	22.421450402624604
23	22.130211171448426	27.257474690900146	27.93078425785086	22.681529879800564
24	21.992940701810827	27.596015442525378	27.931563934730114	22.479479920933684
25	22.063097560474137	27.48647918136134	27.857646272082608	22.592776986081915
26	22.219464794573835	27.365652014761515	27.750994695022545	22.663888495642105
27	22.220565557199983	27.45666714954687	27.84806367392013	22.474703619333017
28	21.983069941414367	27.47975174475673	27.82535451855243	22.711823795276473
29	22.33130476613475	27.229037049538373	27.81047501074504	22.629183173581836
30	22.12219175085551	27.626601848194298	27.74306938955552	22.508137011394673
31	22.148202911027163	27.535459928543283	27.80929308522635	22.507044075203208
32	22.179160728145032	27.53204383119793	27.684569821507175	22.60422561914986
33	22.038420995398862	27.33792679101405	28.00811390401796	22.615538309569125
34	22.16358610517876	27.71731050487426	27.853622423931736	22.26548096601525
35	22.20991604458621	27.280939562200235	27.79305666810447	22.716087725109084
36	22.311354205866316	27.572249403830938	27.612197818165978	22.504198572136765
37	22.121297510726556	27.49303265504155	27.72948735827817	22.656182475953724
38	22.175299772932277	27.3482492731397	27.660014273485896	22.81643668044212
39	22.08850079662056	27.518041677957726	27.732764071547866	22.660693453873844
40	22.120971963322443	27.470915094316457	27.934606589793876	22.47350635256723
41	22.391754965529056	27.396187805707918	27.696153781186126	22.5159034475769
42	22.295158133147346	27.57188884262014	27.70983056896656	22.423122455265954
43	22.25324306863861	27.699679776358764	27.657319071022453	22.389758083980173
44	22.28991872621635	27.39201807092523	27.57864033933234	22.739422863526087
45	22.19279592287129	27.59804503168859	27.707632629271377	22.501526416168744
46	22.18419461695654	27.827700105768795	27.520965159914397	22.467140117360273
47	22.32208163560861	27.53461182039483	27.562376128471655	22.580930415524904
48	22.260064527213817	27.98380984251666	27.778195795197064	21.97792983507246
49	22.420425310036084	28.173638223711357	27.906779509898282	21.49915695635428
50	22.410569196610822	27.932776147689154	27.891928696974833	21.764725958725194
>>END_MODULE
>>Per base GC content	pass
#Base	%GC
1	45.38045368858026
2	45.127698591092795
3	45.086328532310894
4	45.131444952835594
5	45.514819309789
6	44.91401744522179
7	44.859620327813104
8	45.16952490098215
9	44.895544730363994
10	44.84870506779916
11	45.23417236435497
12	44.571482567261896
13	44.59858755140268
14	44.811273167800394
15	44.63565044601928
16	44.39644629087186
17	45.0964853337813
18	44.677473363405404
19	44.69015192592876
20	45.02885087628223
21	44.76887098473982
22	44.4606596222073
23	44.81174105124899
24	44.47242062274451
25	44.65587454655605
26	44.883353290215936
27	44.695269176533
28	44.69489373669084
29	44.960487939716586
30	44.63032876225019
31	44.65524698623037
32	44.78338634729489
33	44.65395930496799
34	44.429067071194005
35	44.92600376969529
36	44.81555277800308
37	44.77747998668028
38	44.9917364533744
39	44.749194250494405
40	44.59447831588967
41	44.907658413105956
42	44.7182805884133
43	44.64300115261878
44	45.02934158974244
45	44.694322339040035
46	44.65133473431681
47	44.903012051133516
48	44.23799436228627
49	43.919582266390364
50	44.175295155336016
>>END_MODULE
>>Per sequence GC content	warn
#GC Content	Count
0	6449.0
1	6163.0
2	4988.5
3	4459.5
4	4932.5
5	5975.0
6	7071.0
7	8439.5
8	9831.0
9	12511.5
10	15481.5
11	20850.5
12	26340.5
13	34602.5
14	44260.5
15	59341.5
16	75437.5
17	98781.0
18	123911.0
19	156461.5
20	189421.0
21	228213.0
22	268325.5
23	317002.0
24	368480.5
25	416698.0
26	471146.5
27	535037.5
28	603130.5
29	677490.0
30	753381.0
31	830922.5
32	911666.5
33	994896.0
34	1078310.0
35	1148675.0
36	1212600.0
37	1257891.0
38	1293969.5
39	1315587.5
40	1334994.5
41	1344423.5
42	1351204.5
43	1344773.5
44	1331080.5
45	1302899.0
46	1275739.0
47	1246174.0
48	1215475.5
49	1184066.0
50	1152324.0
51	1123100.0
52	1090983.0
53	1058317.0
54	1027139.0
55	993919.5
56	956759.5
57	911561.5
58	864013.0
59	806796.0
60	747519.0
61	685371.0
62	623121.0
63	568547.5
64	504503.5
65	445640.0
66	389296.5
67	338425.5
68	288344.0
69	242597.5
70	202970.5
71	170763.0
72	142114.5
73	117425.0
74	94478.5
75	77761.0
76	65174.0
77	53351.5
78	42368.0
79	34151.0
80	27063.5
81	21693.5
82	17143.5
83	13860.5
84	10844.0
85	8424.0
86	6313.5
87	4836.0
88	3766.5
89	2911.0
90	2128.5
91	1610.5
92	1206.5
93	1013.0
94	839.0
95	723.5
96	622.0
97	550.0
98	503.5
99	712.5
100	907.0
>>END_MODULE
>>Per base N content	pass
#Base	N-Count
1	7.185992764265234E-4
2	0.0
3	3.266360347393288E-5
4	6.066097788016106E-5
5	2.8930620219769123E-4
6	3.313022638070335E-4
7	9.285795844732348E-4
8	4.712891358381745E-4
9	5.412825718537448E-4
10	7.185992764265234E-4
11	4.946202811766979E-4
12	0.0016611775481028723
13	0.0013018779098896106
14	3.872970126194899E-4
15	5.459488009214496E-4
16	5.926110915984965E-4
17	0.0017778332747954897
18	0.0013485402005666575
19	0.0018711578561495835
20	0.0025944233616438115
21	0.00273269773742437
22	0.0023476511212723148
23	9.973053558434673E-4
24	0.0015470602362904794
25	0.003276415087431465
26	0.0019411287151170826
27	0.002376693046704466
28	0.004722182281608612
29	0.001972697023705164
30	0.0026374664780610293
31	0.0014155176237861877
32	0.0042157102592130695
33	0.003035567156056465
34	0.001894044486441259
35	0.002216969937029472
36	0.0024408874149516725
37	0.002483746416095098
38	0.0014288625439027606
39	0.00333435606137406
40	0.0028167674026149617
41	0.0013127019063423869
42	0.0029708749739685548
43	0.0024406546097681986
44	3.11620433068654E-4
45	4.4559548450184627E-4
46	3.512257630725982E-4
47	1.4238086433727507E-4
48	4.1681275412383436E-4
49	3.9764586193872365E-4
50	0.0
>>END_MODULE
>>Sequence Length Distribution	warn
#Length	Count
20	23164.0
21	24342.0
22	25524.0
23	26772.0
24	27007.0
25	27491.0
26	28270.0
27	29008.0
28	29738.0
29	32598.0
30	33652.0
31	35228.0
32	37355.0
33	37198.0
34	38660.0
35	39565.0
36	39156.0
37	40103.0
38	42136.0
39	45126.0
40	47866.0
41	53310.0
42	58087.0
43	71419.0
44	115696.0
45	207192.0
46	549354.0
47	1192041.0
48	2378800.0
49	3173476.0
50	1.2921247E7
>>END_MODULE
>>Sequence Duplication Levels	warn
#Total Duplicate Percentage	41.75014833012156
#Duplication Level	Relative count
1	100.0
2	28.345946309967758
3	12.920794996338168
4	7.411211098297038
5	4.4118761206468395
6	2.9033697271724765
7	2.0018014529475643
8	1.5236588014445296
9	1.096865976951504
10++	7.744564073640703
>>END_MODULE
>>Overrepresented sequences	pass
>>END_MODULE
>>Kmer Content	warn
#Sequence	Count	Obs/Exp Overall	Obs/Exp Max	Max Obs/Exp Position
AAAAA	5863150	3.999482	4.8823986	46
TTTTT	5994510	3.741732	4.4027786	13
>>END_MODULE
