##FastQC	0.10.1
>>Basic Statistics	pass
#Measure	Value	
Filename	008-F5_S2_L003_R2_001_trimmed.fq.gz	
File type	Conventional base calls	
Encoding	Sanger / Illumina 1.9	
Total Sequences	12601863	
Filtered Sequences	0	
Sequence length	20-50	
%GC	45	
>>END_MODULE
>>Per base sequence quality	pass
#Base	Mean	Median	Lower Quartile	Upper Quartile	10th Percentile	90th Percentile
1	35.0871530661776	36.0	36.0	36.0	36.0	36.0
2	35.07779064095523	36.0	36.0	36.0	36.0	36.0
3	35.065486983948325	36.0	36.0	36.0	36.0	36.0
4	35.0582586876242	36.0	36.0	36.0	36.0	36.0
5	35.03875577761796	36.0	36.0	36.0	36.0	36.0
6	35.02765979919001	36.0	36.0	36.0	36.0	36.0
7	35.015754734042105	36.0	36.0	36.0	36.0	36.0
8	35.01222604943412	36.0	36.0	36.0	36.0	36.0
9	34.99701512387494	36.0	36.0	36.0	36.0	36.0
10	34.97752824324467	36.0	36.0	36.0	36.0	36.0
11	34.97101547604509	36.0	36.0	36.0	36.0	36.0
12	34.955998013944445	36.0	36.0	36.0	36.0	36.0
13	34.95067181733368	36.0	36.0	36.0	36.0	36.0
14	34.943244978936846	36.0	36.0	36.0	36.0	36.0
15	34.92892471533772	36.0	36.0	36.0	36.0	36.0
16	34.91487433246973	36.0	36.0	36.0	36.0	36.0
17	34.90685448651521	36.0	36.0	36.0	36.0	36.0
18	34.890342007368275	36.0	36.0	36.0	36.0	36.0
19	34.877760296235564	36.0	36.0	36.0	36.0	36.0
20	34.87678766226867	36.0	36.0	36.0	36.0	36.0
21	34.87408792131259	36.0	36.0	36.0	36.0	36.0
22	34.85557193907809	36.0	36.0	36.0	36.0	36.0
23	34.850288658716735	36.0	36.0	36.0	36.0	36.0
24	34.83539685303167	36.0	36.0	36.0	36.0	36.0
25	34.825557129792934	36.0	36.0	36.0	36.0	36.0
26	34.81209328400259	36.0	36.0	36.0	36.0	36.0
27	34.806076053130106	36.0	36.0	36.0	36.0	36.0
28	34.79098643816104	36.0	36.0	36.0	36.0	36.0
29	34.783700124166316	36.0	36.0	36.0	36.0	36.0
30	34.76423778075647	36.0	36.0	36.0	36.0	36.0
31	34.75095094057462	36.0	36.0	36.0	36.0	36.0
32	34.741500169673785	36.0	36.0	36.0	36.0	36.0
33	34.72072003629285	36.0	36.0	36.0	36.0	36.0
34	34.71285537923523	36.0	36.0	36.0	36.0	36.0
35	34.68603600201187	36.0	36.0	36.0	36.0	36.0
36	34.669777846486795	36.0	36.0	36.0	36.0	36.0
37	34.66193780454387	36.0	36.0	36.0	36.0	36.0
38	34.65099655698019	36.0	36.0	36.0	32.0	36.0
39	34.63566981723546	36.0	36.0	36.0	32.0	36.0
40	34.62401793493633	36.0	36.0	36.0	32.0	36.0
41	34.600696989736164	36.0	36.0	36.0	32.0	36.0
42	34.57944465850783	36.0	36.0	36.0	32.0	36.0
43	34.56317552675731	36.0	36.0	36.0	32.0	36.0
44	34.54700733867976	36.0	36.0	36.0	32.0	36.0
45	34.54128982351158	36.0	36.0	36.0	32.0	36.0
46	34.53557348456278	36.0	36.0	36.0	32.0	36.0
47	34.54053201702963	36.0	36.0	36.0	32.0	36.0
48	34.56354027261247	36.0	36.0	36.0	32.0	36.0
49	34.643507471763506	36.0	36.0	36.0	32.0	36.0
50	34.75982433223297	36.0	36.0	36.0	32.0	36.0
>>END_MODULE
>>Per sequence quality scores	pass
#Quality	Count
5	1.0
6	7.0
7	2.0
8	17.0
9	64.0
10	48.0
11	46.0
12	41.0
13	44.0
14	946.0
15	1620.0
16	2740.0
17	4235.0
18	6698.0
19	10034.0
20	14810.0
21	20971.0
22	28883.0
23	38703.0
24	51589.0
25	67738.0
26	87219.0
27	111338.0
28	140054.0
29	172174.0
30	214032.0
31	270780.0
32	357233.0
33	520631.0
34	997658.0
35	5143244.0
36	4338263.0
>>END_MODULE
>>Per base sequence content	pass
#Base	G	A	T	C
1	22.614628163430687	26.56827077771604	27.336354819403596	23.480746239449676
2	22.6412825937559	26.53189263998908	27.573892935195783	23.252931831059236
3	22.58919338877342	26.60784589147361	27.473119175556842	23.32984154419613
4	22.76485126809675	26.33912278550776	27.705228758947943	23.19079718744755
5	22.818341487445622	26.404619343692165	27.352553247730032	23.424485921132185
6	22.350565565928992	26.81707423045378	27.562469769492253	23.26989043412497
7	22.41749482851017	26.81392976804538	27.51990449240122	23.24867091104323
8	22.52656677322394	26.71901868377551	27.487792786826752	23.266621756173798
9	22.32173707815128	26.840711808931054	27.65243168371581	23.185119429201855
10	22.43889056511179	26.899253572034524	27.51504989809605	23.14680596475763
11	22.86176776990423	26.859688203061083	27.290648353611434	22.987895673423246
12	22.231031255242765	27.020359659326914	27.66773628961307	23.080872795817246
13	22.41680403440558	26.839759540590226	27.755488916462955	22.987947508541243
14	22.44064176928245	26.573502377249508	27.895475933175778	23.09037992029227
15	22.31465835910664	26.884652292869426	27.798738375029323	23.00195097299461
16	22.421351462646424	27.19511239915407	27.68227896309103	22.701257175108477
17	22.52386484987521	26.94165440686624	27.382753283879364	23.151727459379185
18	22.438903833269286	27.306025831317864	27.40289049554867	22.852179839864178
19	22.563761956842555	27.138878931108728	27.603268176515687	22.694090935533026
20	22.621032878976845	26.813276029206534	27.577556791915942	22.98813429990068
21	22.578928606567864	27.011974597111145	27.64349715443207	22.765599641888926
22	22.44855711999339	27.185799905593356	27.64155036689855	22.724092607514706
23	22.546209164317947	26.948743141901915	27.53932919856828	22.965718495211856
24	22.381052500229988	27.3183020419285	27.591699291833084	22.708946166008435
25	22.478756449283477	27.206996533781414	27.47274898483169	22.84149803210342
26	22.561442222921677	27.18285288753281	27.386881183048484	22.868823706497032
27	22.48203836522378	27.289039894506683	27.55811837490575	22.67080336536379
28	22.36018208124659	27.243884959993842	27.48044651782633	22.91548644093324
29	22.61739932641405	27.06983236449964	27.531860561169214	22.780907747917094
30	22.46557667953972	27.327556116690005	27.465342221506667	22.741524982263613
31	22.497810508087102	27.330811478737814	27.461459975318746	22.70991803785634
32	22.566330864617417	27.27622532721248	27.35571728456757	22.801726523602532
33	22.394247883528042	27.174064683922488	27.60041510615671	22.831272326392757
34	22.5711885927114	27.449696954489934	27.43507626723078	22.544038185567885
35	22.540804940445103	27.145589063756496	27.38597509240583	22.927630903392572
36	22.61504216473973	27.38502638991127	27.29369546427105	22.70623598107795
37	22.472728941110862	27.338918482381303	27.376664926759943	22.811687649747892
38	22.463576996904163	27.20695301096448	27.378516232974537	22.95095375915682
39	22.36088283377775	27.350176884599183	27.45143787773815	22.837502403884923
40	22.446913778120308	27.330406930156627	27.53823985317481	22.684439438548253
41	22.67658228465992	27.293015135391958	27.319943832108116	22.710458747840008
42	22.603476938642316	27.440823842871414	27.34966191809256	22.60603730039371
43	22.60693747930895	27.50192707758582	27.28727965308516	22.603855790020067
44	22.617903178425397	27.237995716085965	27.222126634125893	22.921974471362745
45	22.48840970030346	27.39464212870162	27.4116617673361	22.705286403658825
46	22.530568717911333	27.571319371400605	27.186778167730647	22.711333742957414
47	22.592241328921695	27.424411159275436	27.267973759861007	22.71537375194186
48	22.581947750196534	27.833281719586672	27.388413562173668	22.196356968043126
49	22.764623643934907	28.07550583949861	27.45981177554854	21.70005874101794
50	22.71577738466268	27.803125225088127	27.49513476795935	21.98596262228984
>>END_MODULE
>>Per base GC content	pass
#Base	%GC
1	46.09537440288036
2	45.89421442481514
3	45.91903493296955
4	45.9556484555443
5	46.2428274085778
6	45.62045600005396
7	45.6661657395534
8	45.79318852939774
9	45.506856507353135
10	45.585696529869416
11	45.84966344332748
12	45.31190405106001
13	45.40475154294682
14	45.53102168957472
15	45.31660933210125
16	45.1226086377549
17	45.67559230925439
18	45.291083673133464
19	45.257852892375574
20	45.60916717887753
21	45.34452824845679
22	45.172649727508094
23	45.511927659529796
24	45.089998666238415
25	45.3202544813869
26	45.43026592941871
27	45.15284173058757
28	45.27566852217983
29	45.39830707433114
30	45.20710166180333
31	45.20772854594344
32	45.36805738821995
33	45.2255202099208
34	45.115226778279286
35	45.468435843837675
36	45.32127814581768
37	45.28441659085875
38	45.414530756060984
39	45.19838523766267
40	45.131353216668565
41	45.38704103249992
42	45.209514239036025
43	45.21079326932902
44	45.53987764978814
45	45.19369610396228
46	45.24190246086875
47	45.307615080863556
48	44.77830471823966
49	44.464682384952845
50	44.70174000695252
>>END_MODULE
>>Per sequence GC content	warn
#GC Content	Count
0	4388.0
1	3530.5
2	2493.5
3	2541.0
4	2818.0
5	3254.0
6	3713.0
7	4215.0
8	4765.5
9	5913.0
10	7200.5
11	9391.5
12	11604.5
13	15285.5
14	19591.0
15	27175.0
16	35466.0
17	47310.5
18	60020.5
19	77027.5
20	94244.5
21	115207.0
22	137095.5
23	164063.5
24	192699.5
25	219752.5
26	250568.0
27	287911.0
28	327775.5
29	370037.5
30	412960.0
31	458629.0
32	506815.5
33	556142.0
34	605891.5
35	649945.5
36	690911.0
37	721421.5
38	745692.0
39	760782.5
40	774147.5
41	783611.5
42	792534.5
43	792796.0
44	788403.5
45	774096.5
46	759379.0
47	743428.0
48	727489.0
49	709951.5
50	692624.5
51	677012.5
52	658536.5
53	638111.0
54	619124.0
55	600021.5
56	578272.0
57	552029.0
58	524117.0
59	489180.5
60	453811.5
61	417495.0
62	380193.5
63	347743.0
64	310161.0
65	274921.5
66	240903.0
67	210299.5
68	179977.5
69	152303.0
70	128332.5
71	107928.0
72	89466.5
73	74087.0
74	60231.0
75	49859.5
76	41732.5
77	34012.5
78	27052.5
79	22032.0
80	17546.0
81	13968.5
82	11026.0
83	9015.5
84	7107.0
85	5604.0
86	4325.0
87	3366.5
88	2638.5
89	2024.5
90	1478.0
91	1230.0
92	1041.0
93	904.5
94	790.5
95	762.5
96	737.5
97	752.5
98	1140.5
99	3673.5
100	5836.0
>>END_MODULE
>>Per base N content	pass
#Base	N-Count
1	9.284341529502424E-4
2	0.0041501800170339895
3	0.006927547141244116
4	0.0039517966510189805
5	0.001952092321587689
6	0.006094337003981078
7	0.004459658068017403
8	0.003983537989581382
9	0.006673616432744904
10	0.006197496354308882
11	0.00922085885237762
12	0.00921292351773702
13	0.005165902851030836
14	0.0025789837581951178
15	0.007705209936022951
16	0.006618069090260702
17	0.0030154271634281376
18	0.014355020364846056
19	0.011442752551745723
20	0.009982650977875256
21	0.010266765994120708
22	0.015541304592407833
23	0.010487428483330992
24	0.012412946257353476
25	0.01361708254245424
26	0.006750539126587034
27	0.009851731048859162
28	0.013709634727263305
29	0.011077857114026398
30	0.006065133452139536
31	0.006560835082956112
32	0.011012153230462871
33	0.01002245495697532
34	0.008138026068702954
35	0.012972783888559358
36	0.010096677298016252
37	0.015046232638985635
38	0.013387678951001339
39	0.009091997154415579
40	0.010302488866979525
41	0.0069716870595970225
42	0.011626278258745513
43	0.008737501347610416
44	0.008544790941275145
45	0.010067290063609444
46	0.009463503490624926
47	0.00780711908136175
48	0.009867927836574688
49	0.006255611457537427
50	0.006723067657225261
>>END_MODULE
>>Sequence Length Distribution	warn
#Length	Count
20	7829.0
21	8218.0
22	8853.0
23	9439.0
24	9768.0
25	10610.0
26	11278.0
27	11829.0
28	12594.0
29	13781.0
30	14497.0
31	15124.0
32	16004.0
33	16591.0
34	17142.0
35	18187.0
36	18282.0
37	19724.0
38	21590.0
39	23111.0
40	24835.0
41	27259.0
42	30699.0
43	40055.0
44	66176.0
45	124377.0
46	335174.0
47	724290.0
48	1465058.0
49	1968037.0
50	7511452.0
>>END_MODULE
>>Sequence Duplication Levels	warn
#Total Duplicate Percentage	34.29674615719648
#Duplication Level	Relative count
1	100.0
2	23.776999851035306
3	9.332638164754954
4	4.592581558170713
5	2.650826754059288
6	1.6252048264561298
7	1.108297333531953
8	0.7828094741546253
9	0.5705347832563682
10++	4.524802621778639
>>END_MODULE
>>Overrepresented sequences	pass
>>END_MODULE
>>Kmer Content	warn
#Sequence	Count	Obs/Exp Overall	Obs/Exp Max	Max Obs/Exp Position
AAAAA	3628495	4.389772	5.5958986	46
TTTTT	2925030	3.3043256	3.8627863	13
>>END_MODULE
