##FastQC	0.10.1
>>Basic Statistics	pass
#Measure	Value	
Filename	004-primary_S1_L002_R1_001_trimmed.fq.gz	
File type	Conventional base calls	
Encoding	Sanger / Illumina 1.9	
Total Sequences	27216966	
Filtered Sequences	0	
Sequence length	20-50	
%GC	45	
>>END_MODULE
>>Per base sequence quality	pass
#Base	Mean	Median	Lower Quartile	Upper Quartile	10th Percentile	90th Percentile
1	35.083607298476984	36.0	36.0	36.0	36.0	36.0
2	35.07619162988262	36.0	36.0	36.0	36.0	36.0
3	35.05397085773631	36.0	36.0	36.0	36.0	36.0
4	35.04426400797209	36.0	36.0	36.0	36.0	36.0
5	35.027367708803396	36.0	36.0	36.0	36.0	36.0
6	34.97827079623791	36.0	36.0	36.0	36.0	36.0
7	34.96753249425377	36.0	36.0	36.0	36.0	36.0
8	34.94926833505248	36.0	36.0	36.0	36.0	36.0
9	34.94360620504137	36.0	36.0	36.0	36.0	36.0
10	34.92167536234568	36.0	36.0	36.0	36.0	36.0
11	34.901299358642696	36.0	36.0	36.0	36.0	36.0
12	34.88645240619399	36.0	36.0	36.0	36.0	36.0
13	34.87274345715095	36.0	36.0	36.0	36.0	36.0
14	34.87561475441458	36.0	36.0	36.0	36.0	36.0
15	34.87208941657935	36.0	36.0	36.0	36.0	36.0
16	34.84716279544164	36.0	36.0	36.0	36.0	36.0
17	34.835153227586055	36.0	36.0	36.0	36.0	36.0
18	34.82508208299191	36.0	36.0	36.0	36.0	36.0
19	34.82383205387404	36.0	36.0	36.0	36.0	36.0
20	34.812412044751795	36.0	36.0	36.0	36.0	36.0
21	34.798361491824494	36.0	36.0	36.0	36.0	36.0
22	34.78873528306497	36.0	36.0	36.0	32.0	36.0
23	34.77438700382648	36.0	36.0	36.0	32.0	36.0
24	34.767829242424405	36.0	36.0	36.0	32.0	36.0
25	34.757022864737884	36.0	36.0	36.0	32.0	36.0
26	34.74361732260216	36.0	36.0	36.0	32.0	36.0
27	34.74227706110607	36.0	36.0	36.0	32.0	36.0
28	34.72210374491127	36.0	36.0	36.0	32.0	36.0
29	34.706345803929004	36.0	36.0	36.0	32.0	36.0
30	34.68869129694332	36.0	36.0	36.0	32.0	36.0
31	34.682261030215855	36.0	36.0	36.0	32.0	36.0
32	34.67164945193897	36.0	36.0	36.0	32.0	36.0
33	34.656256446369355	36.0	36.0	36.0	32.0	36.0
34	34.63502110156815	36.0	36.0	36.0	32.0	36.0
35	34.61450805813308	36.0	36.0	36.0	32.0	36.0
36	34.60564065795687	36.0	36.0	36.0	32.0	36.0
37	34.58278284334039	36.0	36.0	36.0	32.0	36.0
38	34.56010166950388	36.0	36.0	36.0	32.0	36.0
39	34.54137180758402	36.0	36.0	36.0	32.0	36.0
40	34.524279155165225	36.0	36.0	36.0	32.0	36.0
41	34.50448198554909	36.0	36.0	36.0	32.0	36.0
42	34.49049633855734	36.0	36.0	36.0	32.0	36.0
43	34.46474938917533	36.0	36.0	36.0	32.0	36.0
44	34.446402886996125	36.0	36.0	36.0	32.0	36.0
45	34.42551464174776	36.0	36.0	36.0	32.0	36.0
46	34.412841345690126	36.0	36.0	36.0	32.0	36.0
47	34.41894330101324	36.0	36.0	36.0	32.0	36.0
48	34.42979089463537	36.0	36.0	36.0	32.0	36.0
49	34.500475866337894	36.0	36.0	36.0	32.0	36.0
50	34.59950346167307	36.0	36.0	36.0	32.0	36.0
>>END_MODULE
>>Per sequence quality scores	pass
#Quality	Count
15	20.0
16	100.0
17	418.0
18	1237.0
19	3638.0
20	8609.0
21	17231.0
22	29629.0
23	47916.0
24	72746.0
25	109330.0
26	160763.0
27	228296.0
28	313045.0
29	419451.0
30	550132.0
31	727283.0
32	994280.0
33	1496998.0
34	2988223.0
35	1.2641938E7
36	6405683.0
>>END_MODULE
>>Per base sequence content	pass
#Base	G	A	T	C
1	22.63250076046341	26.7099514468131	27.371810889806675	23.28573690291681
2	22.544003631853347	26.52165609396906	27.58489394736914	23.349446326808454
3	22.61702865778647	26.642870480126255	27.35268508620689	23.38741577588038
4	22.63519844026643	26.538210224537966	27.540445742720088	23.286145592475513
5	22.845786705248482	26.49157881888819	27.193200006202012	23.469434469661312
6	22.435084971270125	26.76846690174554	27.40397128790706	23.392476839077275
7	22.475311128174027	26.78071778737034	27.445918013200465	23.298053071255165
8	22.622598712876375	26.671382107763225	27.453129786766095	23.252889392594312
9	22.29596145839966	26.865610003244672	27.616109811654354	23.22231872670131
10	22.537413705018174	26.916744758278522	27.362099337674127	23.183742199029172
11	22.818961525689527	26.961715718056155	27.176298783633708	23.043023972620606
12	22.36241173979495	26.950244931782624	27.540634029524085	23.14670929889834
13	22.508228874592415	26.777319705657128	27.580833219984918	23.133618199765543
14	22.49548345660977	26.509344844931093	27.73607734394548	23.25909435451366
15	22.43839375777594	26.767116511076217	27.53375596677455	23.260733764373295
16	22.64475033697731	27.196631689219142	27.26745516013798	22.891162813665563
17	22.754244539968195	26.964996759741698	27.19839896923118	23.08235973105893
18	22.63285334596075	27.161396314343044	27.23507094802558	22.970679391670622
19	22.62362380876693	27.04281219295347	27.412166367110867	22.921397631168734
20	22.592712942361025	26.821215120010073	27.36970020831859	23.216371729310314
21	22.63664942158331	26.9895503876323	27.37054467385963	23.00325551692476
22	22.59349180532412	26.980026238909925	27.375773084371314	23.050708871394644
23	22.688017933560253	26.73670212008115	27.30106335079156	23.274216595567037
24	22.629214242669455	27.07199665558925	27.373922626442816	22.924866475298483
25	22.681852862389558	27.00179306551636	27.247286399577785	23.069067672516297
26	22.789474347734075	27.14633092699779	27.123985299254986	22.940209426013144
27	22.523015465028042	27.226142372573005	27.3143158331917	22.93652632920725
28	22.556855448656933	27.10030975488757	27.26146482270448	23.081369973751016
29	22.613023239013728	26.999486788181983	27.39011849022414	22.997371482580146
30	22.65802202114496	27.033921794673528	27.310657300900047	22.99739888328147
31	22.755750393785807	27.077371379051883	27.199869053035226	22.96700917412708
32	22.69887867379355	27.011026587184922	27.214377553288227	23.075717185733296
33	22.612005458950986	27.071774679643212	27.290933599225507	23.025286262180288
34	22.776642423375826	27.230694556733877	27.188551892160095	22.804111127730202
35	22.763662281997284	27.1057901773337	27.090371993079565	23.04017554758945
36	22.83428237284654	27.246892040805566	27.085823129218134	22.833002457129766
37	22.625482135435146	27.12194829750571	27.281827826576006	22.970741740483138
38	22.579389141545015	26.9096042438926	27.38662144534429	23.124385169218098
39	22.467571676989174	27.13421155897013	27.35747491666192	23.040741847378783
40	22.683069120388037	27.163075118858803	27.251876931374785	22.901978829378372
41	22.823965490952197	27.18848255610917	27.142259319557915	22.845292633380716
42	22.68464945501351	27.346351444732058	27.102597876979956	22.866401223274472
43	22.720492678466417	27.28758173180269	27.128199030697335	22.863726559033555
44	22.741179267729887	27.084905712014017	27.138517907068437	23.035397113187653
45	22.55621264515165	27.138168489933275	27.340475713470358	22.96514315144472
46	22.662725284128044	27.184356496092978	27.1524469586528	23.000471261126176
47	22.6152894516794	27.282761711703696	27.243066904768188	22.85888193184872
48	22.651372342080812	27.587851309058454	27.308210465277927	22.45256588358281
49	22.803427074183023	27.922638349582712	27.34248557565292	21.93144900058135
50	22.49011149260624	27.83727102895851	27.513339450090623	22.159278028344627
>>END_MODULE
>>Per base GC content	pass
#Base	%GC
1	45.918237663380225
2	45.893449958661805
3	46.004444433666855
4	45.92134403274194
5	46.3152211749098
6	45.8275618103474
7	45.773364199429196
8	45.87548810547069
9	45.51828018510097
10	45.72115590404734
11	45.86198549831014
12	45.50912103869329
13	45.641847074357955
14	45.754577811123426
15	45.69912752214923
16	45.53591315064288
17	45.83660427102713
18	45.603532737631376
19	45.54502143993566
20	45.80908467167134
21	45.63990493850807
22	45.64420067671877
23	45.96223452912729
24	45.554080717967935
25	45.75092053490585
26	45.72968377374722
27	45.45954179423529
28	45.63822542240795
29	45.61039472159388
30	45.65542090442643
31	45.72275956791289
32	45.77459585952685
33	45.63729172113128
34	45.58075355110603
35	45.80383782958673
36	45.66728482997631
37	45.596223875918284
38	45.70377431076311
39	45.508313524367956
40	45.58504794976641
41	45.66925812433291
42	45.551050678287986
43	45.584219237499966
44	45.77657638091755
45	45.52135579659637
46	45.66319654525422
47	45.474171383528116
48	45.10393822566362
49	44.73487607476437
50	44.64938952095087
>>END_MODULE
>>Per sequence GC content	pass
#GC Content	Count
0	6214.0
1	6181.0
2	5348.0
3	4702.5
4	5015.0
5	6068.5
6	7270.5
7	9009.0
8	10802.0
9	13690.5
10	16867.5
11	22583.5
12	28713.0
13	38161.5
14	49111.5
15	66096.0
16	84322.0
17	110107.5
18	138064.0
19	174299.0
20	212039.0
21	259008.5
22	307733.5
23	366613.0
24	428219.5
25	484785.0
26	549946.5
27	626129.0
28	706995.0
29	792727.0
30	880757.5
31	972009.0
32	1065411.5
33	1160971.5
34	1261948.0
35	1355144.5
36	1443577.0
37	1523279.5
38	1589399.5
39	1636391.5
40	1678260.0
41	1701369.0
42	1719864.0
43	1721123.5
44	1714967.0
45	1691858.0
46	1666380.0
47	1634857.0
48	1603964.0
49	1573428.5
50	1542732.0
51	1515212.0
52	1484519.0
53	1456550.0
54	1430636.5
55	1398513.5
56	1360007.0
57	1311632.0
58	1257375.5
59	1185237.5
60	1108416.0
61	1021399.5
62	933303.0
63	853077.5
64	758755.0
65	670304.0
66	584042.0
67	505368.5
68	430570.5
69	363547.5
70	303650.0
71	252875.5
72	208466.0
73	168795.0
74	131512.5
75	105138.5
76	85328.0
77	67094.0
78	50834.0
79	38702.5
80	28270.5
81	21087.5
82	15777.0
83	11865.0
84	8508.0
85	6503.5
86	4842.0
87	3690.0
88	2811.5
89	2132.5
90	1616.5
91	1325.5
92	1106.0
93	921.5
94	772.5
95	688.0
96	624.5
97	568.0
98	506.0
99	658.0
100	833.0
>>END_MODULE
>>Per base N content	pass
#Base	N-Count
1	3.306760937277138E-5
2	2.9393430553574562E-5
3	0.0
4	3.67417881919682E-5
5	0.0
6	7.3483576383936404E-6
7	1.7636058332144738E-4
8	0.0
9	1.3594461631028233E-4
10	3.6741788191968202E-6
11	0.0
12	0.0
13	0.0
14	0.001308007659634068
15	0.0
16	0.0
17	0.0
18	0.0
19	0.0
20	0.0
21	0.0
22	0.0
23	2.516423642436628E-4
24	0.0
25	0.0
26	0.0
27	0.0
28	0.0
29	0.0
30	0.0
31	0.0
32	0.0
33	0.0
34	0.0
35	0.0
36	0.0
37	0.0
38	0.0
39	0.0
40	0.0
41	0.0
42	0.0
43	0.0
44	0.0
45	0.0
46	0.0
47	0.0
48	0.0
49	0.0
50	0.0
>>END_MODULE
>>Sequence Length Distribution	warn
#Length	Count
20	62753.0
21	64673.0
22	67063.0
23	68850.0
24	70616.0
25	72397.0
26	74678.0
27	77761.0
28	80455.0
29	85637.0
30	87500.0
31	91455.0
32	91973.0
33	93239.0
34	93722.0
35	94986.0
36	96625.0
37	100744.0
38	105299.0
39	110034.0
40	112881.0
41	117585.0
42	123923.0
43	142364.0
44	192281.0
45	318157.0
46	752982.0
47	1567859.0
48	3072305.0
49	4028845.0
50	1.5097324E7
>>END_MODULE
>>Sequence Duplication Levels	warn
#Total Duplicate Percentage	39.49474910182005
#Duplication Level	Relative count
1	100.0
2	25.14049411515216
3	11.93363947048604
4	6.92315848714958
5	4.395487875500599
6	2.842507932106066
7	1.9754818397592229
8	1.4347120380414835
9	1.0831708848886243
10++	7.399492671468072
>>END_MODULE
>>Overrepresented sequences	pass
>>END_MODULE
>>Kmer Content	warn
#Sequence	Count	Obs/Exp Overall	Obs/Exp Max	Max Obs/Exp Position
AAAAA	6992940	4.074639	5.0148225	46
TTTTT	6520040	3.58519	4.0703278	46
CCTGG	2668375	3.0092669	3.5600054	19
>>END_MODULE
