##FastQC	0.10.1
>>Basic Statistics	pass
#Measure	Value	
Filename	008-F0_S1_L001_R2_001.fastq.gz	
File type	Conventional base calls	
Encoding	Sanger / Illumina 1.9	
Total Sequences	23148125	
Filtered Sequences	0	
Sequence length	35-75	
%GC	45	
>>END_MODULE
>>Per base sequence quality	pass
#Base	Mean	Median	Lower Quartile	Upper Quartile	10th Percentile	90th Percentile
1	31.48358815238815	32.0	32.0	32.0	32.0	32.0
2	31.31238841158841	32.0	32.0	32.0	32.0	32.0
3	31.357251267651268	32.0	32.0	32.0	32.0	32.0
4	31.379690493290493	32.0	32.0	32.0	32.0	32.0
5	31.36677627237627	32.0	32.0	32.0	32.0	32.0
6	35.1089905985906	36.0	36.0	36.0	36.0	36.0
7	35.08998685638686	36.0	36.0	36.0	36.0	36.0
8	35.04869012069012	36.0	36.0	36.0	36.0	36.0
9	35.1101226989227	36.0	36.0	36.0	36.0	36.0
10	34.98983416583417	36.0	36.0	36.0	36.0	36.0
11	35.106136242136245	36.0	36.0	36.0	36.0	36.0
12	35.01878458838459	36.0	36.0	36.0	36.0	36.0
13	35.045585895185894	36.0	36.0	36.0	36.0	36.0
14	34.98977126657127	36.0	36.0	36.0	36.0	36.0
15	34.97144611064611	36.0	36.0	36.0	36.0	36.0
16	34.98165929205929	36.0	36.0	36.0	36.0	36.0
17	34.971331371331374	36.0	36.0	36.0	36.0	36.0
18	34.954498776898774	36.0	36.0	36.0	36.0	36.0
19	34.94970923130923	36.0	36.0	36.0	36.0	36.0
20	34.93472832032832	36.0	36.0	36.0	36.0	36.0
21	34.92667790587791	36.0	36.0	36.0	36.0	36.0
22	34.9197350973351	36.0	36.0	36.0	36.0	36.0
23	34.90054835974836	36.0	36.0	36.0	36.0	36.0
24	34.88921651321651	36.0	36.0	36.0	36.0	36.0
25	34.87410881010881	36.0	36.0	36.0	36.0	36.0
26	34.852868904068906	36.0	36.0	36.0	36.0	36.0
27	34.84120433080433	36.0	36.0	36.0	36.0	36.0
28	34.83095369495369	36.0	36.0	36.0	36.0	36.0
29	34.81071438831439	36.0	36.0	36.0	36.0	36.0
30	34.795795771795774	36.0	36.0	36.0	36.0	36.0
31	34.78255517455518	36.0	36.0	36.0	36.0	36.0
32	34.76491404811405	36.0	36.0	36.0	36.0	36.0
33	34.759174576774576	36.0	36.0	36.0	36.0	36.0
34	34.745007727407724	36.0	36.0	36.0	36.0	36.0
35	34.735479914679914	36.0	36.0	36.0	36.0	36.0
36	34.73489371936557	36.0	36.0	36.0	36.0	36.0
37	34.72246041307029	36.0	36.0	36.0	36.0	36.0
38	34.706961775104475	36.0	36.0	36.0	36.0	36.0
39	34.68119715431227	36.0	36.0	36.0	36.0	36.0
40	34.684340788534286	36.0	36.0	36.0	36.0	36.0
41	34.667801360784324	36.0	36.0	36.0	36.0	36.0
42	34.65793705497431	36.0	36.0	36.0	36.0	36.0
43	34.647187615944105	36.0	36.0	36.0	36.0	36.0
44	34.62732327178428	36.0	36.0	36.0	32.0	36.0
45	34.61683185397518	36.0	36.0	36.0	32.0	36.0
46	34.59578937904826	36.0	36.0	36.0	32.0	36.0
47	34.58433826607711	36.0	36.0	36.0	32.0	36.0
48	34.56720915978923	36.0	36.0	36.0	32.0	36.0
49	34.55843770329659	36.0	36.0	36.0	32.0	36.0
50	34.53307832080947	36.0	36.0	36.0	32.0	36.0
51	34.51464373262033	36.0	36.0	36.0	32.0	36.0
52	34.49510184966025	36.0	36.0	36.0	32.0	36.0
53	34.46608012891974	36.0	36.0	36.0	32.0	36.0
54	34.445363950023456	36.0	36.0	36.0	32.0	36.0
55	34.404916741428075	36.0	36.0	36.0	32.0	36.0
56	34.39765062759797	36.0	36.0	36.0	32.0	36.0
57	34.38466942482921	36.0	36.0	36.0	32.0	36.0
58	34.362058749428975	36.0	36.0	36.0	32.0	36.0
59	34.33557139004623	36.0	36.0	36.0	32.0	36.0
60	34.32197264856887	36.0	36.0	36.0	32.0	36.0
61	34.29176309937521	36.0	36.0	36.0	32.0	36.0
62	34.267931086875514	36.0	36.0	36.0	32.0	36.0
63	34.242572778642355	36.0	36.0	36.0	32.0	36.0
64	34.207360057106285	36.0	36.0	36.0	32.0	36.0
65	34.19058303501863	36.0	36.0	36.0	32.0	36.0
66	34.164777985560654	36.0	36.0	36.0	32.0	36.0
67	34.13528358595059	36.0	36.0	36.0	32.0	36.0
68	34.112125892063794	36.0	36.0	36.0	32.0	36.0
69	34.09679731414317	36.0	36.0	36.0	32.0	36.0
70	34.071792066833616	36.0	36.0	36.0	32.0	36.0
71	34.044178866462076	36.0	36.0	36.0	32.0	36.0
72	34.018827535844416	36.0	36.0	36.0	32.0	36.0
73	33.98233959870723	36.0	36.0	36.0	32.0	36.0
74	33.92257880747322	36.0	36.0	36.0	32.0	36.0
75	32.94715235694626	36.0	36.0	36.0	21.0	36.0
>>END_MODULE
>>Per sequence quality scores	pass
#Quality	Count
2	19739.0
3	92.0
4	2550.0
5	3560.0
6	1678.0
7	480.0
8	421.0
9	206.0
10	137.0
11	257.0
12	325.0
13	288.0
14	2128.0
15	4999.0
16	7920.0
17	11699.0
18	16507.0
19	22145.0
20	30216.0
21	41129.0
22	56465.0
23	77267.0
24	105898.0
25	143294.0
26	188309.0
27	240266.0
28	301905.0
29	373161.0
30	463369.0
31	584647.0
32	783890.0
33	1186397.0
34	2580062.0
35	1.5896719E7
>>END_MODULE
>>Per base sequence content	fail
#Base	G	A	T	C
1	44.52112060545924	17.81366467159753	11.604939929203125	26.060274793740113
2	17.179108951131454	19.420704913387375	36.39146829861967	27.008717836861496
3	20.307080758792306	20.84552200343143	28.63497460373318	30.212422634043083
4	13.865262308084233	14.401568877987803	35.871001059477756	35.862167754450205
5	15.432944879198846	34.320010985696456	35.0661545773274	15.180889557777292
6	35.12047933603787	34.55506516501227	16.311780290623958	14.012675208325904
7	30.985616901337565	29.552495696329796	20.44503320375661	19.016854198576034
8	27.014126892260133	34.47103028827011	19.7913182020558	18.723524617413965
9	25.397231048089147	15.766915516108321	19.653689632854267	39.18216380294826
10	14.649008764941618	27.465437170168578	34.634407737160736	23.251146327729064
11	34.55613010498942	22.30293144491688	23.681509828887055	19.459428621206648
12	22.54500816206831	23.966838731890547	30.851757461566475	22.636395644474664
13	28.178949045413926	20.516341051347357	26.069061612683996	25.235648290554717
14	20.696023577022345	20.47010436387125	27.222410888346666	31.611461170759743
15	23.08480236531979	29.313050430101008	23.114143065131163	24.488004139448044
16	22.974634249527245	28.350550315468638	25.46269995127004	23.212115483734078
17	21.84892055957284	27.982353339145995	27.407771860336226	22.76095424094494
18	22.310070866271168	27.592874094056352	27.94594229819205	22.151112741480432
19	22.79553487502936	27.06561126195668	27.513737232257522	22.625116630756434
20	22.760283518096756	27.03513452436036	27.677245530533984	22.5273364270089
21	22.541894425740015	26.74859858067024	27.349905460347827	23.359601533241918
22	22.50490625089759	26.8211915086821	27.69423770305442	22.979664537365892
23	22.40720011614207	26.88446650005563	27.57380913282953	23.134524250972767
24	22.65401206713624	26.50164571914462	27.89240666060515	22.95193555311399
25	22.710630886423747	26.674448365572882	27.414060132764696	23.20086061523868
26	22.206329693726563	27.028947099294143	27.649889140204547	23.11483406677475
27	22.30043261321107	27.05284072178133	27.605432734980727	23.04129393002687
28	22.394279644106547	26.927467446408436	27.569240260095622	23.1090126493894
29	22.18757890361208	27.017894711885326	27.731853964697216	23.062672419805374
30	22.310854092003257	27.08770873669815	27.622425783324463	22.97901138797413
31	22.746165068645215	27.09307384065215	27.37863340137953	22.782127689323104
32	22.07994927058513	27.295119487144238	27.775392902701178	22.84953833956946
33	22.244017721578015	27.095718660929624	27.906207851458305	22.754055766034057
34	22.290621806206705	26.82329326390128	28.090240038068664	22.79584489182335
35	22.167712428705908	27.136283328257377	27.901708462539453	22.794295780497258
36	22.294084482472094	27.454906221372845	27.80053155622389	22.45047773993117
37	22.402939963371196	27.190995793109785	27.444989608163706	22.961074635355317
38	22.287945183016063	27.608903275039815	27.463258215564906	22.63989332637922
39	22.42832896028397	27.32482513611541	27.69987937077448	22.546966532826143
40	22.501583405348953	27.05454558052891	27.704537536288402	22.739333477833732
41	22.43098239255493	27.24247863715963	27.756930357764315	22.569608612521126
42	22.239357450051543	27.467249574578883	27.790837501141084	22.502555474228483
43	22.310380308213166	27.252448877208607	27.721381057911486	22.715789756666744
44	22.19779889935425	27.59636245749522	27.74409522215782	22.461743420992704
45	22.30247257624684	27.500831167480776	27.565445461287432	22.631250794984954
46	22.388998534866538	27.49912146697085	27.48682157039765	22.62505842776496
47	22.37850206324116	27.549492481991035	27.6117774501654	22.460228004602406
48	22.173656632143445	27.502213449818868	27.56044027706979	22.763689640967897
49	22.448426468388785	27.34310576847429	27.59483098930956	22.613636773827363
50	22.291886490642106	27.61885074049082	27.546480462657975	22.542782306209094
51	22.34540031743799	27.589607422535483	27.523654878839853	22.541337381186672
52	22.330714101751003	27.637060724153077	27.470881078145755	22.56134409595017
53	22.220212378495205	27.426817964716992	27.748561134604522	22.60440852218328
54	22.417396027648206	27.768565705693415	27.5374612301454	22.27657703651298
55	22.34941303404151	27.41854772584768	27.551426801912793	22.680612438198015
56	22.49790835444508	27.703220154788767	27.33321662557411	22.465654865192043
57	22.334751445161587	27.583455956220664	27.442304149954133	22.63948844866362
58	22.331968121277725	27.48866872241439	27.418055514300992	22.761307642006894
59	22.25220453689521	27.576720146512084	27.505879254690324	22.665196061902382
60	22.340081885470166	27.529326534959704	27.6329684161123	22.497623163457835
61	22.5583681758793	27.568971983231638	27.44697711849307	22.425682722395994
62	22.47211632296183	27.670698111620577	27.48375703008618	22.373428535331406
63	22.46208170690371	27.790197547812618	27.355689330411774	22.392031414871898
64	22.466898973139546	27.521293167799904	27.311370774270156	22.700437084790394
65	22.3817021414856	27.658779377575232	27.48109332062882	22.478425160310348
66	22.427298728698837	27.885117216482335	27.220339050479193	22.46724500433963
67	22.52295410877795	27.596479133682557	27.30637386247416	22.574192895065337
68	22.499853924457973	27.887705103139087	27.42668271266227	22.185758259740666
69	22.772520346556274	27.71327890655612	27.33946662326589	22.174734123621718
70	22.88375891664273	27.492445853067952	27.256500129837768	22.36729510045155
71	22.6248165205767	27.878983888065743	27.191466545917812	22.30473304543974
72	22.58851318678901	28.01717081966374	27.413368042538234	21.980947951009018
73	23.35762145329921	28.6206434087388	27.42249722044725	20.599237917514742
74	24.452415281633744	31.01116979778612	27.63839526781191	16.898019652768223
75	29.73763493651958	41.349832072765494	28.912532990714922	0.0
>>END_MODULE
>>Per base GC content	fail
#Base	%GC
1	70.58139539919934
2	44.187826787992954
3	50.51950339283538
4	49.72743006253444
5	30.61383443697614
6	49.13315454436377
7	50.00247109991359
8	45.7376515096741
9	64.5793948510374
10	37.90015509267069
11	54.01555872619607
12	45.181403806542974
13	53.41459733596865
14	52.307484747782084
15	47.57280650476783
16	46.18674973326132
17	44.60987480051777
18	44.4611836077516
19	45.42065150578579
20	45.287619945105654
21	45.90149595898193
22	45.484570788263476
23	45.54172436711484
24	45.605947620250234
25	45.911491501662425
26	45.32116376050131
27	45.34172654323794
28	45.503292293495946
29	45.25025132341746
30	45.28986547997739
31	45.528292757968316
32	44.92948761015459
33	44.998073487612075
34	45.08646669803005
35	44.96200820920317
36	44.74456222240327
37	45.36401459872651
38	44.927838509395286
39	44.97529549311011
40	45.240916883182685
41	45.00059100507606
42	44.74191292428002
43	45.026170064879906
44	44.65954232034696
45	44.93372337123179
46	45.0140569626315
47	44.83873006784357
48	44.93734627311134
49	45.06206324221615
50	44.834668796851204
51	44.886737698624664
52	44.89205819770117
53	44.82462090067848
54	44.693973064161185
55	45.03002547223952
56	44.96356321963712
57	44.9742398938252
58	45.093275763284616
59	44.91740059879759
60	44.837705048928
61	44.98405089827529
62	44.84554485829324
63	44.854113121775605
64	45.167336057929944
65	44.86012730179595
66	44.894543733038475
67	45.09714700384328
68	44.68561218419864
69	44.947254470177995
70	45.251054017094276
71	44.92954956601644
72	44.56946113779803
73	43.95685937081395
74	41.35043493440197
75	29.73763493651958
>>END_MODULE
>>Per sequence GC content	warn
#GC Content	Count
0	19888.0
1	10249.5
2	952.0
3	1738.5
4	2188.5
5	2434.0
6	2638.0
7	2607.0
8	2631.0
9	2704.0
10	3375.5
11	4921.5
12	5903.0
13	7144.5
14	10090.5
15	14636.5
16	18314.0
17	24642.0
18	38082.0
19	55349.0
20	67420.5
21	86180.0
22	121550.5
23	160293.0
24	185326.0
25	218465.0
26	273159.0
27	328258.5
28	365782.0
29	409504.0
30	479613.0
31	548911.5
32	594906.5
33	647098.5
34	734707.0
35	818037.5
36	865149.0
37	909454.5
38	956448.0
39	980998.0
40	997574.0
41	1000408.5
42	995730.5
43	989897.0
44	988546.0
45	979670.0
46	952986.5
47	925460.5
48	913409.5
49	893495.0
50	855393.0
51	821688.5
52	803442.5
53	788728.0
54	762084.0
55	732449.5
56	715319.5
57	698022.0
58	659815.0
59	609777.0
60	569852.5
61	526943.0
62	469589.0
63	411338.5
64	365839.5
65	329520.5
66	281173.5
67	231813.0
68	197463.5
69	171973.5
70	140523.5
71	109756.0
72	89472.5
73	75917.0
74	60658.0
75	46732.0
76	37656.5
77	31675.0
78	25079.5
79	19427.0
80	15851.0
81	13183.0
82	10089.5
83	7135.5
84	5342.0
85	4410.0
86	3327.5
87	2401.5
88	2057.5
89	1806.0
90	1504.0
91	1347.0
92	1276.0
93	1244.5
94	1198.5
95	1218.5
96	1260.5
97	1357.5
98	1741.0
99	8003.0
100	13978.0
>>END_MODULE
>>Per base N content	pass
#Base	N-Count
1	0.2571914571914572
2	0.15984879984879985
3	0.09712233712233712
4	0.08531576531576532
5	0.08583416583416582
6	0.0876960876960877
7	0.08973512973512973
8	0.0987941787941788
9	0.11396171396171395
10	0.11432891432891434
11	0.12254124254124255
12	0.12521532521532522
13	0.1309134109134109
14	0.12823500823500822
15	0.1298895698895699
16	0.13361773361773363
17	0.13295677295677297
18	0.1354105354105354
19	0.13087453087453085
20	0.13701757701757702
21	0.13094797094797095
22	0.13252477252477252
23	0.13655101655101656
24	0.1373199773199773
25	0.12864972864972865
26	0.14014526014526013
27	0.13265869265869265
28	0.1416097416097416
29	0.14895806895806896
30	0.13893565893565893
31	0.1402143802143802
32	0.14058158058158057
33	0.1348791748791749
34	0.13824013824013823
35	0.14085374085374086
36	0.056451749602091914
37	0.06129170583354579
38	0.07402742912424119
39	0.06337231311841929
40	0.056050888146881896
41	0.07385571058606312
42	0.07879324370457488
43	0.07338532251087944
44	0.06592637304166617
45	0.06932255235012776
46	0.06097601455336447
47	0.06614675732193505
48	0.07995714651423809
49	0.04981051660447633
50	0.05357550954150377
51	0.054134162012138554
52	0.06451330761744876
53	0.06693138454248987
54	0.06212322716402124
55	0.0692291568917283
56	0.05893268953510205
57	0.06504338405087415
58	0.07375253391633747
59	0.06095106447666441
60	0.06351167444857957
61	0.0539862141702899
62	0.060124931130663486
63	0.05607218893810145
64	0.06483942713055241
65	0.06136003268299698
66	0.059453066248377665
67	0.05333034183262801
68	0.07077102585027456
69	0.05886004779084477
70	0.06695827593798494
71	0.0631489629074394
72	0.05684454954194547
73	0.056325877850378854
74	0.05755947336186618
75	0.07709564891596278
>>END_MODULE
>>Sequence Length Distribution	warn
#Length	Count
35	22181.0
36	3729.0
37	5108.0
38	6068.0
39	7034.0
40	7619.0
41	8112.0
42	8727.0
43	9872.0
44	10801.0
45	12107.0
46	13136.0
47	13800.0
48	14649.0
49	15200.0
50	15580.0
51	16348.0
52	16649.0
53	17612.0
54	18704.0
55	19658.0
56	20692.0
57	22134.0
58	22659.0
59	24137.0
60	25181.0
61	24656.0
62	25261.0
63	26186.0
64	28305.0
65	29877.0
66	30075.0
67	33471.0
68	34589.0
69	45096.0
70	58856.0
71	148918.0
72	552876.0
73	1601979.0
74	4964906.0
75	1.5165577E7
>>END_MODULE
>>Sequence Duplication Levels	warn
#Total Duplicate Percentage	38.48668364186911
#Duplication Level	Relative count
1	100.0
2	24.881931292402847
3	11.281854577709588
4	6.409672444242003
5	3.950806702946324
6	2.4500755160261787
7	1.7340717122559715
8	1.3105426765436834
9	0.9685230024213075
10++	6.834799702730564
>>END_MODULE
>>Overrepresented sequences	pass
>>END_MODULE
>>Kmer Content	warn
#Sequence	Count	Obs/Exp Overall	Obs/Exp Max	Max Obs/Exp Position
AAAAA	9872500	4.2787867	9.7825	71
TTTTT	7714520	3.183404	5.6322675	71
CCTGG	3741955	3.084965	12.468283	3
GGGGG	3113190	2.9812183	5.1070046	71
CCAGG	3490540	2.9060724	12.493327	3
CCCAG	3300815	2.7738135	11.15672	2
CTGGG	3334560	2.723629	11.213996	4
CCAGC	3146750	2.6443462	6.3919997	3
GGAGG	3131440	2.559018	6.028008	6
GCTGG	3069670	2.5072699	7.196371	3
CAGCA	3528125	2.5066793	6.848033	4
TGCTG	3594490	2.4809935	7.8818808	2
TCCAG	3476385	2.4457982	8.938655	2
CAGCC	2830380	2.3784873	5.7100945	9
CTCCA	3299495	2.3430552	6.4063835	1
CTCCT	3324490	2.3377495	6.2373166	1
CAGGA	3293960	2.318627	10.085966	4
AGGAG	3320165	2.315421	7.2835298	5
CTGCT	3300365	2.2992837	6.5318117	9
GGCTG	2801200	2.2879865	8.4712515	7
CTGGA	3269340	2.278823	9.038128	4
GCTGC	2751850	2.2686965	5.6896896	8
TCCTG	3241645	2.2583752	9.036079	2
CCTGC	2702070	2.248488	6.3246245	3
AGCAG	3185865	2.2425387	5.5182986	7
GGCAG	2701620	2.2284133	6.4066396	7
CTGCC	2677150	2.2277513	5.7021174	9
GCAGG	2666190	2.1991892	7.084577	3
CCCTG	2638950	2.1959636	9.276567	2
CTGCA	3108325	2.1868508	6.932855	4
GCCTG	2638065	2.1748893	7.0127645	7
CAGAG	3059090	2.1533015	7.547412	4
TGCAG	3062730	2.1348097	7.184965	2
CTCTG	3062500	2.1335692	7.5651636	2
CAGGG	2512775	2.072646	9.449043	4
TGGAG	2995725	2.0687602	6.6324196	5
CTGGC	2476230	2.0414686	5.700552	4
AGCTG	2926045	2.0395362	5.7475123	7
CAGGC	2417375	2.0126016	5.976504	4
GCCAG	2416145	2.0115776	5.1862283	2
CCCCA	2366730	2.0074608	6.6480894	1
GGGAG	2433665	1.988795	5.676304	7
GGAGA	2851510	1.9885895	5.6881485	6
CAGAA	3295030	1.9793062	5.3375373	4
CACAG	2783835	1.9778726	7.3868976	7
CTGTG	2831105	1.9540888	9.04169	9
CTCAG	2765435	1.945612	6.2164483	2
TTCTG	3282345	1.9144831	5.306688	2
CTGAG	2737905	1.9083974	6.006388	4
CCTCT	2650030	1.8634756	5.5872054	1
TGGGG	2285255	1.8492763	6.510729	5
CCAGA	2601585	1.8483868	6.516686	3
GGCCA	2215215	1.8442919	5.97293	1
TCTGG	2603515	1.7970012	6.486419	3
CACTG	2547995	1.7926326	7.4142776	7
CAGTG	2567545	1.7896516	6.70109	9
ACCTG	2543165	1.7892344	5.2750797	7
AGAGG	2532935	1.7664213	5.182431	5
TGGCC	2121020	1.7486242	5.6612806	5
CCTGA	2441810	1.7179265	5.681477	3
GCCCA	1991115	1.6732177	6.846646	1
GAGAG	2385310	1.6634706	5.3817115	7
ACAGA	2764395	1.6605566	5.975932	8
TCAGG	2361245	1.6458547	5.906013	3
GGGCC	1656765	1.6163433	5.2952824	6
CCTGT	2295705	1.5993617	5.4286137	8
TGGGC	1948250	1.5913074	6.5364404	5
AGGTG	2280800	1.5750537	5.254198	7
GTGTG	2263895	1.5481119	8.05305	1
TGTGT	2598495	1.5015743	6.1271687	10
ACACA	2444450	1.4820983	6.2531633	6
CTGTC	2115700	1.4739567	5.8492346	9
GCCCT	1746945	1.4536947	6.0390506	1
GCTGT	2098930	1.448726	5.39113	8
ACAGC	2036550	1.4469379	5.755388	8
CACAC	2013990	1.4442902	6.4391017	5
GGGCT	1764775	1.441447	6.24715	6
GACAG	2013965	1.4176352	7.2671976	7
AGACA	2245605	1.3489224	5.375243	6
AGGGC	1631705	1.3459011	5.687248	5
GTCCT	1862600	1.2976279	9.000621	1
GGACA	1803805	1.269703	6.3618784	6
ACTGC	1756215	1.2355787	5.2399955	8
GTGCT	1767945	1.2202734	6.6674786	1
AGGAC	1722375	1.2123842	8.65696	5
GTCCA	1682725	1.1838751	6.682241	1
TGTGC	1697135	1.1713986	5.987747	10
GTCTT	1968800	1.1483358	5.3026247	1
AGCAC	1610900	1.1445202	5.5243106	5
TGGAC	1543140	1.0756124	6.172482	5
GTGCA	1534135	1.0693357	6.2378883	1
TGCAC	1507290	1.0604485	5.7206035	5
ACAGT	1780530	1.0591093	5.8036447	8
ACTGT	1770015	1.0425726	6.278043	8
GACTG	1471750	1.0258515	6.034034	7
GCACT	1443115	1.0152982	5.045792	6
AGACT	1679020	0.9987283	5.1296983	6
GGACC	1198785	0.99805635	5.4696937	6
GGACT	1336155	0.9313379	5.2962794	6
CTACA	1517955	0.91136575	5.15179	4
TGTAG	1560940	0.91090554	5.3430996	2
TAGGA	1338850	0.7890076	5.3752723	4
TCCTA	1318815	0.7840713	5.0909514	2
GTGTA	1120555	0.65391344	5.7052894	1
>>END_MODULE
