##FastQC	0.10.1
>>Basic Statistics	pass
#Measure	Value	
Filename	005-F0_S3_L001_R1_001_trimmed.fq.gz	
File type	Conventional base calls	
Encoding	Sanger / Illumina 1.9	
Total Sequences	20900281	
Filtered Sequences	0	
Sequence length	20-50	
%GC	45	
>>END_MODULE
>>Per base sequence quality	pass
#Base	Mean	Median	Lower Quartile	Upper Quartile	10th Percentile	90th Percentile
1	35.12512707365035	36.0	36.0	36.0	36.0	36.0
2	35.11277834015724	36.0	36.0	36.0	36.0	36.0
3	35.08630979650465	36.0	36.0	36.0	36.0	36.0
4	35.08034815417075	36.0	36.0	36.0	36.0	36.0
5	35.0644139186454	36.0	36.0	36.0	36.0	36.0
6	35.016886615065125	36.0	36.0	36.0	36.0	36.0
7	35.00387143120229	36.0	36.0	36.0	36.0	36.0
8	34.98807116516759	36.0	36.0	36.0	36.0	36.0
9	34.980606385148604	36.0	36.0	36.0	36.0	36.0
10	34.95821467663521	36.0	36.0	36.0	36.0	36.0
11	34.94396649499593	36.0	36.0	36.0	36.0	36.0
12	34.924986463100666	36.0	36.0	36.0	36.0	36.0
13	34.91114291716939	36.0	36.0	36.0	36.0	36.0
14	34.91903663878969	36.0	36.0	36.0	36.0	36.0
15	34.908525871015804	36.0	36.0	36.0	36.0	36.0
16	34.891425478920596	36.0	36.0	36.0	36.0	36.0
17	34.87493713601267	36.0	36.0	36.0	36.0	36.0
18	34.8634962372037	36.0	36.0	36.0	36.0	36.0
19	34.85874209059677	36.0	36.0	36.0	36.0	36.0
20	34.85156137374421	36.0	36.0	36.0	36.0	36.0
21	34.84145212018568	36.0	36.0	36.0	36.0	36.0
22	34.830347690986414	36.0	36.0	36.0	36.0	36.0
23	34.816594620065146	36.0	36.0	36.0	36.0	36.0
24	34.807966642340354	36.0	36.0	36.0	36.0	36.0
25	34.80206381218976	36.0	36.0	36.0	36.0	36.0
26	34.79238695758408	36.0	36.0	36.0	36.0	36.0
27	34.79000048395508	36.0	36.0	36.0	36.0	36.0
28	34.77431526682819	36.0	36.0	36.0	36.0	36.0
29	34.75175019758318	36.0	36.0	36.0	32.0	36.0
30	34.73527385025996	36.0	36.0	36.0	32.0	36.0
31	34.7274590461413	36.0	36.0	36.0	32.0	36.0
32	34.717613283432506	36.0	36.0	36.0	32.0	36.0
33	34.69222651017184	36.0	36.0	36.0	32.0	36.0
34	34.67332602097848	36.0	36.0	36.0	32.0	36.0
35	34.65555744829238	36.0	36.0	36.0	32.0	36.0
36	34.64528254764113	36.0	36.0	36.0	32.0	36.0
37	34.624263023391094	36.0	36.0	36.0	32.0	36.0
38	34.60145851025088	36.0	36.0	36.0	32.0	36.0
39	34.58900012223127	36.0	36.0	36.0	32.0	36.0
40	34.57623037758671	36.0	36.0	36.0	32.0	36.0
41	34.548884641986916	36.0	36.0	36.0	32.0	36.0
42	34.52675635565103	36.0	36.0	36.0	32.0	36.0
43	34.50575415005372	36.0	36.0	36.0	32.0	36.0
44	34.490920325118395	36.0	36.0	36.0	32.0	36.0
45	34.469077240984454	36.0	36.0	36.0	32.0	36.0
46	34.453176550847495	36.0	36.0	36.0	32.0	36.0
47	34.461802302856434	36.0	36.0	36.0	32.0	36.0
48	34.48116728750914	36.0	36.0	36.0	32.0	36.0
49	34.54455007392088	36.0	36.0	36.0	32.0	36.0
50	34.64778955050791	36.0	36.0	36.0	32.0	36.0
>>END_MODULE
>>Per sequence quality scores	pass
#Quality	Count
14	5.0
15	50.0
16	232.0
17	632.0
18	1554.0
19	3401.0
20	6995.0
21	12880.0
22	21736.0
23	34303.0
24	53301.0
25	80738.0
26	119169.0
27	170233.0
28	234882.0
29	312406.0
30	409767.0
31	539123.0
32	735569.0
33	1102080.0
34	2194472.0
35	9690517.0
36	5176236.0
>>END_MODULE
>>Per base sequence content	pass
#Base	G	A	T	C
1	22.684166036809977	26.522123627475015	27.193928763651087	23.59978157206392
2	22.604863542265292	26.547997129799356	27.40331577360132	23.44382355433403
3	22.593325527996583	26.629285897810696	27.29413025598283	23.483258318209895
4	22.78512427655877	26.361396767823358	27.49258251599584	23.36089643962203
5	22.873694048266284	26.381477402657648	27.173398849837604	23.57142969923846
6	22.442085826501568	26.78432409592962	27.352101151175912	23.421488926392904
7	22.477094925183064	26.756994319837133	27.358794841083718	23.40711591389609
8	22.52470672523494	26.66210085883534	27.330015323717415	23.4831770922123
9	22.42866875470957	26.7840711937112	27.378527543635435	23.408732507943796
10	22.525097231527063	26.820226913594823	27.319621318811944	23.335054536066167
11	22.983504384462584	26.748994427395495	27.066435135489325	23.201066052652592
12	22.379096242773002	26.90525548436406	27.450272080073944	23.265376192788985
13	22.509290664560922	26.697995113080058	27.545629649668346	23.247084572690675
14	22.53089802955281	26.448252059386185	27.678685277006565	23.34216463405444
15	22.482394249950982	26.74045325912952	27.469147055201287	23.30800543571821
16	22.62110255838187	27.08255453598925	27.341311822553966	22.95503108307491
17	22.762167647411054	26.75376469818755	27.1117216079535	23.37234604644789
18	22.615394501155272	27.145027380253882	27.13450120598857	23.105076912602275
19	22.750119962501937	26.82785939576602	27.349651423346895	23.07236921838515
20	22.807301011885915	26.604642301220732	27.312005996474404	23.27605069041895
21	22.822331954843655	26.76485975549394	27.30193739318879	23.11087089647361
22	22.62618342298362	26.93142626873873	27.32669914953993	23.11569115873772
23	22.72587543550333	26.688540553178104	27.264485946393474	23.321098064925096
24	22.597368891638354	26.99753514830191	27.28129274222001	23.12380321783973
25	22.676996130545987	26.93850331842984	27.135782619329653	23.24871793169452
26	22.767225314301253	26.924538153024187	27.086536183156127	23.22170034951843
27	22.742950204823146	27.031903459684276	27.195029951848664	23.030116383643918
28	22.558525258755843	26.982258187753157	27.168230662770938	23.290985890720066
29	22.788299309532857	26.775899579685802	27.240452990700202	23.195348120081142
30	22.68120627366229	27.035909109249783	27.166602205839656	23.116282411248267
31	22.792003350552548	26.939339178366062	27.10702975116459	23.161627719916797
32	22.749763689589088	26.975035957586773	27.069054671636927	23.206145681187213
33	22.67121439656911	26.835933332786254	27.25913978574841	23.23371248489623
34	22.814946474620683	27.135162526853534	27.131818157767768	22.918072840758015
35	22.80094431980216	26.824293789273597	27.093856810896554	23.280905080027697
36	22.891260392595647	27.090161733119533	26.942403761682588	23.076174112602235
37	22.64998254651981	26.988598641546712	27.116321563686423	23.245097248247053
38	22.68990805559814	26.839830921577168	27.132855037516656	23.33740598530804
39	22.629203316321245	26.985890357072623	27.16312824697498	23.221778079631154
40	22.720144881632717	26.98367739618874	27.2298239920932	23.066353730085346
41	22.94140782163313	26.9428840201917	27.035428970889875	23.080279187285292
42	22.836839426249146	27.04631375156476	27.07285095974	23.043995862446103
43	22.80588544535525	27.179855055839287	27.019610144213157	22.99464935459231
44	22.84722305574763	26.901068507090763	26.980975616120233	23.27073282104137
45	22.719236237237034	27.041588159253173	27.142099040909358	23.097076562600442
46	22.775209890887385	27.235233688070366	26.90722163225224	23.082334788790007
47	22.77768095111417	27.053022103776534	27.034135862908993	23.1351610822003
48	22.788334828750315	27.44496553355406	27.19504419166263	22.571655446033
49	22.934194473756445	27.679497973455465	27.304017231012406	22.082290321775687
50	22.89250860376895	27.467116075893156	27.370660664996656	22.26971465534124
>>END_MODULE
>>Per base GC content	pass
#Base	%GC
1	46.2839476088739
2	46.04868709659932
3	46.076583846206475
4	46.1460207161808
5	46.445123747504745
6	45.86357475289447
7	45.884210839079145
8	46.00788381744724
9	45.837401262653366
10	45.86015176759323
11	46.18457043711518
12	45.64447243556199
13	45.756375237251596
14	45.87306266360725
15	45.79039968566919
16	45.576133641456785
17	46.13451369385895
18	45.720471413757544
19	45.82248918088709
20	46.08335170230487
21	45.93320285131727
22	45.74187458172134
23	46.04697350042842
24	45.72117210947808
25	45.92571406224051
26	45.98892566381968
27	45.77306658846707
28	45.84951114947591
29	45.983647429613995
30	45.79748868491056
31	45.95363107046935
32	45.9559093707763
33	45.90492688146534
34	45.7330193153787
35	46.081849399829856
36	45.96743450519788
37	45.895079794766865
38	46.02731404090618
39	45.8509813959524
40	45.78649861171806
41	46.02168700891843
42	45.88083528869525
43	45.800534799947556
44	46.117955876789004
45	45.81631279983747
46	45.85754467967739
47	45.91284203331447
48	45.359990274783314
49	45.016484795532136
50	45.16222325911019
>>END_MODULE
>>Per sequence GC content	pass
#GC Content	Count
0	2868.0
1	2926.5
2	2684.0
3	2463.0
4	2603.0
5	3110.5
6	3745.0
7	4760.5
8	5876.0
9	7697.0
10	9726.5
11	13389.5
12	17104.0
13	23157.5
14	30380.0
15	41390.5
16	53427.0
17	71380.5
18	90597.0
19	114793.5
20	140157.5
21	173242.5
22	207825.0
23	249870.5
24	294466.5
25	336893.0
26	385787.0
27	444421.5
28	507807.0
29	578816.5
30	651619.0
31	728495.5
32	808445.5
33	891595.0
34	977487.5
35	1055298.0
36	1128667.5
37	1186335.0
38	1233526.0
39	1270800.5
40	1304794.0
41	1326565.0
42	1344942.0
43	1349618.5
44	1348553.0
45	1334031.0
46	1318606.5
47	1297061.5
48	1274133.5
49	1251178.0
50	1227160.5
51	1202509.5
52	1175262.5
53	1148108.0
54	1121540.0
55	1091389.0
56	1056618.5
57	1014603.0
58	969832.0
59	913280.0
60	852759.0
61	784929.0
62	716075.0
63	653419.0
64	580062.5
65	512086.5
66	446425.0
67	385365.5
68	325801.0
69	272711.0
70	226734.0
71	188228.0
72	154122.5
73	124214.5
74	96422.5
75	76360.0
76	61448.5
77	48122.0
78	36308.0
79	27760.0
80	20292.5
81	14899.5
82	10881.5
83	8062.0
84	5734.5
85	4360.5
86	3246.5
87	2521.5
88	1977.5
89	1598.0
90	1352.5
91	1123.0
92	943.5
93	810.0
94	669.5
95	584.0
96	539.5
97	508.5
98	463.5
99	666.5
100	886.0
>>END_MODULE
>>Per base N content	pass
#Base	N-Count
1	1.1483099198522737E-4
2	0.0
3	2.4401585796860815E-4
4	0.0
5	4.880317159372163E-4
6	0.0
7	0.0
8	0.0
9	3.8276997328409125E-5
10	7.990323192305405E-4
11	0.0
12	0.0
13	0.0
14	0.0
15	3.349237266235798E-5
16	0.0
17	0.0
18	0.0
19	0.0
20	0.0
21	0.0
22	0.0
23	0.0
24	0.0
25	0.0
26	0.0
27	0.0
28	0.0
29	0.0
30	0.0
31	0.0
32	0.0
33	0.0
34	0.0
35	0.0
36	0.0
37	0.0
38	0.0
39	0.0
40	0.0
41	0.0
42	0.0
43	0.0
44	0.0
45	0.0
46	0.0
47	0.0
48	0.0
49	6.836613483510943E-5
50	0.0
>>END_MODULE
>>Sequence Length Distribution	warn
#Length	Count
20	50409.0
21	51835.0
22	53362.0
23	53775.0
24	55689.0
25	57183.0
26	59595.0
27	62180.0
28	64841.0
29	68992.0
30	70238.0
31	72157.0
32	73290.0
33	73061.0
34	74334.0
35	75472.0
36	76930.0
37	80234.0
38	83613.0
39	87265.0
40	89610.0
41	93417.0
42	97928.0
43	112621.0
44	152368.0
45	247157.0
46	580176.0
47	1204007.0
48	2351417.0
49	3081894.0
50	1.1545231E7
>>END_MODULE
>>Sequence Duplication Levels	warn
#Total Duplicate Percentage	36.20851727718801
#Duplication Level	Relative count
1	100.0
2	23.53181705962227
3	10.29193926675719
4	5.615047524996914
5	3.2465127762004693
6	2.1849154425379584
7	1.4866991729416121
8	1.1024873472410814
9	0.8162572521910875
10++	6.026262189853105
>>END_MODULE
>>Overrepresented sequences	pass
>>END_MODULE
>>Kmer Content	warn
#Sequence	Count	Obs/Exp Overall	Obs/Exp Max	Max Obs/Exp Position
AAAAA	4563040	3.5507822	4.3331995	46
TTTTT	4554840	3.324101	3.9217172	13
>>END_MODULE
