##FastQC	0.10.1
>>Basic Statistics	pass
#Measure	Value	
Filename	006-F5_S1_L001_R1_001_trimmed.fq.gz	
File type	Conventional base calls	
Encoding	Sanger / Illumina 1.9	
Total Sequences	21445482	
Filtered Sequences	0	
Sequence length	20-51	
%GC	45	
>>END_MODULE
>>Per base sequence quality	pass
#Base	Mean	Median	Lower Quartile	Upper Quartile	10th Percentile	90th Percentile
1	35.12307879114118	36.0	36.0	36.0	36.0	36.0
2	35.1121478174284	36.0	36.0	36.0	36.0	36.0
3	35.09411021864652	36.0	36.0	36.0	36.0	36.0
4	35.08133456734617	36.0	36.0	36.0	36.0	36.0
5	35.05706591253114	36.0	36.0	36.0	36.0	36.0
6	35.01311824094231	36.0	36.0	36.0	36.0	36.0
7	34.99198194752629	36.0	36.0	36.0	36.0	36.0
8	34.98355327243286	36.0	36.0	36.0	36.0	36.0
9	34.960790435952894	36.0	36.0	36.0	36.0	36.0
10	34.937394132712896	36.0	36.0	36.0	36.0	36.0
11	34.928003296918206	36.0	36.0	36.0	36.0	36.0
12	34.89949430840491	36.0	36.0	36.0	36.0	36.0
13	34.894415802825044	36.0	36.0	36.0	36.0	36.0
14	34.87932945503393	36.0	36.0	36.0	36.0	36.0
15	34.856484923024816	36.0	36.0	36.0	36.0	36.0
16	34.84457845246845	36.0	36.0	36.0	36.0	36.0
17	34.834160360676435	36.0	36.0	36.0	36.0	36.0
18	34.81818762571995	36.0	36.0	36.0	36.0	36.0
19	34.80108700751049	36.0	36.0	36.0	36.0	36.0
20	34.79615962933358	36.0	36.0	36.0	36.0	36.0
21	34.77922426137083	36.0	36.0	36.0	36.0	36.0
22	34.76193130983314	36.0	36.0	36.0	36.0	36.0
23	34.75217450669904	36.0	36.0	36.0	36.0	36.0
24	34.728926841151015	36.0	36.0	36.0	32.0	36.0
25	34.710373871869535	36.0	36.0	36.0	32.0	36.0
26	34.68928246862435	36.0	36.0	36.0	32.0	36.0
27	34.669828014095515	36.0	36.0	36.0	32.0	36.0
28	34.656324915241704	36.0	36.0	36.0	32.0	36.0
29	34.63710803763366	36.0	36.0	36.0	32.0	36.0
30	34.61927732767781	36.0	36.0	36.0	32.0	36.0
31	34.58638369011568	36.0	36.0	36.0	32.0	36.0
32	34.573625831322374	36.0	36.0	36.0	32.0	36.0
33	34.532071753213124	36.0	36.0	36.0	32.0	36.0
34	34.507009405880424	36.0	36.0	36.0	32.0	36.0
35	34.475871388695374	36.0	36.0	36.0	32.0	36.0
36	34.44452817208216	36.0	36.0	36.0	32.0	36.0
37	34.42878601028999	36.0	36.0	36.0	32.0	36.0
38	34.394318986680894	36.0	36.0	36.0	32.0	36.0
39	34.36763312857193	36.0	36.0	36.0	32.0	36.0
40	34.353775912903366	36.0	36.0	36.0	32.0	36.0
41	34.32248425359102	36.0	36.0	36.0	32.0	36.0
42	34.2949260929722	36.0	36.0	36.0	32.0	36.0
43	34.26822737575494	36.0	36.0	36.0	32.0	36.0
44	34.23284715264484	36.0	36.0	36.0	32.0	36.0
45	34.20994929252969	36.0	36.0	36.0	32.0	36.0
46	34.19125368684515	36.0	36.0	36.0	32.0	36.0
47	34.195467291593644	36.0	36.0	36.0	32.0	36.0
48	34.21169191184354	36.0	36.0	36.0	32.0	36.0
49	34.25393635390005	36.0	36.0	36.0	32.0	36.0
50	34.347777120991765	36.0	36.0	36.0	32.0	36.0
51	34.46297565545894	36.0	36.0	36.0	32.0	36.0
>>END_MODULE
>>Per sequence quality scores	pass
#Quality	Count
14	20.0
15	111.0
16	395.0
17	918.0
18	2201.0
19	4639.0
20	9520.0
21	17145.0
22	28700.0
23	45215.0
24	68987.0
25	101072.0
26	144168.0
27	197824.0
28	264265.0
29	343159.0
30	444495.0
31	581615.0
32	799709.0
33	1231776.0
34	2523281.0
35	1.0531897E7
36	4104370.0
>>END_MODULE
>>Per base sequence content	pass
#Base	G	A	T	C
1	22.85694927318149	26.5208668122228	26.906101559954987	23.716082354640726
2	22.705372713961967	26.64220765292324	27.23779924832365	23.414620384791142
3	22.688753530071526	26.672486721736473	27.13642332497893	23.502336423213066
4	22.887793775073312	26.41637508456957	27.406528619406313	23.289302520950802
5	23.089193314588556	26.504768279352337	26.904618838417548	23.50141956764156
6	22.54863787464649	26.888256926457878	27.146703924119247	23.416401274776387
7	22.642910492704978	26.810607134192	27.09985344163609	23.446628931466932
8	22.685981840963173	26.69558875577816	27.07099147259241	23.54743793066626
9	22.531921667180317	26.783577119055575	27.218090538776774	23.46641067498733
10	22.682448950965338	26.799317415628956	27.184691076665207	23.333542556740504
11	23.16494181508327	26.70169390058041	26.88732530780292	23.2460389765334
12	22.467747902146474	26.953730945100446	27.314752616986265	23.26376853576681
13	22.59741510910941	26.75514042974698	27.39625003689697	23.25119442424664
14	22.592253051544212	26.560303943591812	27.56651179335701	23.28093121150697
15	22.54640957261373	26.861220429245726	27.34420803599482	23.248161962145723
16	22.68346014409533	27.160055321190065	27.233010082289223	22.923474452425385
17	22.800666498684897	26.806840504947044	26.957972798612197	23.434520197755862
18	22.695061621944475	27.238898627735818	26.984280800001752	23.08175895031795
19	22.86356323040957	26.88735514933937	27.22008737608065	23.028994244170413
20	22.926831611276242	26.656129655414645	27.221974061213434	23.19506467209568
21	22.89710327212467	26.789164927966304	27.24840500719557	23.065326792713456
22	22.66592049692287	26.957368975561774	27.339168511636814	23.037542015878547
23	22.735743223427534	26.743343498396833	27.21529922805904	23.305614050116596
24	22.603560936048066	27.11088231090376	27.285095063939185	23.000461689108988
25	22.73549154858519	27.03282517006943	27.053004808752977	23.1786784725924
26	22.80646462846069	27.013632286253568	26.990384110995606	23.18951897429013
27	22.781081466043663	27.058025929028762	27.158192531318303	23.002700073609272
28	22.584879874671095	26.985660837447146	27.13396400362546	23.295495284256297
29	22.887778543348816	26.794549868622784	27.147555020316798	23.170116567711602
30	22.701688990104046	27.12427809835497	27.073170812447895	23.10086209909309
31	22.789708050735072	27.015109135110883	27.092095582758084	23.103087231395953
32	22.737540586125725	27.061773288644464	27.03723559939914	23.163450525830676
33	22.665959098833163	26.8301317600265	27.31576935475414	23.188139786386202
34	22.825201464098903	27.208782497833344	27.1058328347225	22.860183203345255
35	22.793571069382793	26.865668009784738	27.10571535411218	23.235045566720295
36	22.935673464541058	27.105243998728234	26.911955055468628	23.047127481262077
37	22.70173631290749	26.96985392596275	27.068627091787828	23.259782669341934
38	22.719271206833326	26.838106478809355	27.06533604747629	23.377286266881033
39	22.65289135387625	26.97665528314389	27.134405711829213	23.236047651150646
40	22.756302389807928	26.923797887137162	27.247109308500793	23.072790414554113
41	22.995862431897816	26.911338350756893	27.04824786538617	23.044551351959118
42	22.87810640253258	27.029041522375085	27.10220767936723	22.990644395725106
43	22.86325479182669	27.106086371321815	27.03990483528108	22.990754001570416
44	22.891412065036178	26.83844931768214	26.971556725750546	23.298581891531143
45	22.753338363226604	27.009334619977494	27.169422431535622	23.067904585260283
46	22.82142547667872	27.209758297122654	26.867515826705212	23.101300399493415
47	22.79947372148238	26.97459178006627	27.006854293158007	23.21908020529335
48	22.840375644571097	27.31341271338948	27.160157079981012	22.686054562058413
49	23.120254584425336	27.217350696558967	27.144292431304066	22.518102287711628
50	23.188566352505973	27.47236779878646	27.22930952194959	22.109756326757978
51	22.6194475049042	28.024497077798017	27.434887034625326	21.92116838267246
>>END_MODULE
>>Per base GC content	pass
#Base	%GC
1	46.57303162782222
2	46.11999309875311
3	46.19108995328459
4	46.17709629602412
5	46.59061288223011
6	45.96503914942288
7	46.08953942417191
8	46.23341977162943
9	45.99833234216765
10	46.01599150770584
11	46.410980791616666
12	45.731516437913285
13	45.84860953335605
14	45.87318426305118
15	45.794571534759456
16	45.606934596520716
17	46.23518669644076
18	45.77682057226243
19	45.89255747457998
20	46.121896283371925
21	45.962430064838124
22	45.703462512801416
23	46.04135727354413
24	45.60402262515705
25	45.91417002117759
26	45.995983602750826
27	45.783781539652935
28	45.88037515892739
29	46.05789511106042
30	45.80255108919714
31	45.892795282131026
32	45.900991111956394
33	45.85409888521937
34	45.685384667444154
35	46.02861663610309
36	45.982800945803135
37	45.96151898224942
38	46.09655747371436
39	45.8889390050269
40	45.829092804362034
41	46.040413783856934
42	45.868750798257686
43	45.85400879339711
44	46.18999395656732
45	45.82124294848688
46	45.92272587617213
47	46.01855392677572
48	45.526430206629506
49	45.63835687213696
50	45.29832267926395
51	44.540615887576664
>>END_MODULE
>>Per sequence GC content	pass
#GC Content	Count
0	4674.0
1	4467.5
2	3488.5
3	2880.5
4	3120.0
5	3795.0
6	4541.0
7	5698.5
8	6857.5
9	8844.5
10	10956.0
11	14731.0
12	18596.5
13	25262.0
14	32451.0
15	44184.0
16	56360.0
17	74924.0
18	94300.5
19	120934.0
20	148024.5
21	182134.0
22	217007.5
23	259687.5
24	303682.5
25	347515.0
26	432682.0
27	490454.0
28	552811.5
29	617061.5
30	686613.5
31	757439.0
32	831622.0
33	907404.0
34	981473.5
35	1053938.0
36	1109129.0
37	1160150.0
38	1191277.0
39	1223012.5
40	1244707.5
41	1263056.5
42	1273170.5
43	1278920.5
44	1272110.5
45	1263026.0
46	1250703.5
47	1235859.5
48	1217369.0
49	1198552.5
50	1179975.5
51	1160564.0
52	1138556.0
53	1115734.0
54	1091644.5
55	1065473.5
56	1034609.5
57	998854.5
58	950810.0
59	897055.0
60	839461.0
61	777139.0
62	712366.0
63	650835.0
64	582312.5
65	515745.5
66	453931.5
67	393501.0
68	339358.0
69	285934.5
70	242205.5
71	202307.5
72	170499.0
73	140610.0
74	115221.5
75	85625.0
76	71285.5
77	58596.0
78	46168.0
79	37151.5
80	29215.0
81	23632.0
82	18523.0
83	14906.0
84	11664.5
85	9354.5
86	7155.5
87	5869.5
88	4766.5
89	3817.0
90	2899.5
91	2419.0
92	2037.0
93	1779.0
94	1522.5
95	1331.5
96	1148.5
97	1058.5
98	990.5
99	1169.0
100	1350.0
>>END_MODULE
>>Per base N content	pass
#Base	N-Count
1	0.0017532830458182288
2	3.823649195667414E-4
3	4.4298374827854187E-4
4	5.642214057021428E-4
5	0.0010258571012766232
6	0.0021729518599768473
7	0.003651118683179982
8	0.002387449253880141
9	0.004826191362824114
10	0.005129285506383116
11	0.0038935939980271833
12	0.004956754993895684
13	0.002942344685934315
14	0.007008469196448931
15	0.01739760384028673
16	0.0159800558457954
17	0.012492141701454879
18	0.007362856195071764
19	0.01826025640272389
20	0.004994058888487561
21	0.008086252110852619
22	0.011425003151926504
23	0.005598312380307402
24	0.009299482280384921
25	0.0070780975125274825
26	0.004075080179670144
27	0.0021134329847581003
28	0.0011973475263955026
29	7.223404851493642E-4
30	0.0015605756594744464
31	0.0015489895661578653
32	0.0019028091584435021
33	0.003422678065895965
34	0.005995829683766894
35	0.0044086339947763415
36	0.003542118852475865
37	0.001556476883444785
38	0.008268055840808013
39	0.0035966919666057732
40	8.577360029290239E-4
41	0.0013571471935282721
42	0.0018204059175973895
43	0.0038443421961600844
44	0.0018060842841604412
45	0.0018323056297517182
46	6.389573160293207E-4
47	0.0012225017245474023
48	0.0016544921485127475
49	0.0041445114388515706
50	0.0022820952242267227
51	0.0019662293554110304
>>END_MODULE
>>Sequence Length Distribution	warn
#Length	Count
20	26412.0
21	27391.0
22	28098.0
23	29060.0
24	29361.0
25	29505.0
26	30600.0
27	31498.0
28	32410.0
29	35104.0
30	35507.0
31	36431.0
32	37946.0
33	38231.0
34	39055.0
35	39191.0
36	39192.0
37	41250.0
38	42352.0
39	44582.0
40	47109.0
41	50463.0
42	53030.0
43	60027.0
44	75659.0
45	120371.0
46	222976.0
47	600064.0
48	1281615.0
49	2597473.0
50	3437415.0
51	1.2206104E7
>>END_MODULE
>>Sequence Duplication Levels	warn
#Total Duplicate Percentage	32.33522909126721
#Duplication Level	Relative count
1	100.0
2	21.006862324166587
3	8.42617725608913
4	4.329886404156691
5	2.6241294745191643
6	1.613337505548804
7	1.1199487690751508
8	0.811398880778943
9	0.6134612165889227
10++	4.99719830879731
>>END_MODULE
>>Overrepresented sequences	pass
>>END_MODULE
>>Kmer Content	warn
#Sequence	Count	Obs/Exp Overall	Obs/Exp Max	Max Obs/Exp Position
AAAAA	5360065	3.889937	4.895667	47
TTTTT	4918900	3.427625	4.114725	13
>>END_MODULE
