##FastQC	0.10.1
>>Basic Statistics	pass
#Measure	Value	
Filename	004-primary_S1_L002_R1_001.fastq.gz	
File type	Conventional base calls	
Encoding	Sanger / Illumina 1.9	
Total Sequences	27703909	
Filtered Sequences	0	
Sequence length	35-75	
%GC	46	
>>END_MODULE
>>Per base sequence quality	pass
#Base	Mean	Median	Lower Quartile	Upper Quartile	10th Percentile	90th Percentile
1	31.31063020745556	32.0	32.0	32.0	32.0	32.0
2	31.377813614677986	32.0	32.0	32.0	32.0	32.0
3	31.462411604080852	32.0	32.0	32.0	32.0	32.0
4	31.546482664233412	32.0	32.0	32.0	32.0	32.0
5	31.495712067203225	32.0	32.0	32.0	32.0	32.0
6	35.080661974452774	36.0	36.0	36.0	36.0	36.0
7	35.0882281269405	36.0	36.0	36.0	36.0	36.0
8	35.021079696731604	36.0	36.0	36.0	36.0	36.0
9	35.17313484533897	36.0	36.0	36.0	36.0	36.0
10	35.03221177199217	36.0	36.0	36.0	36.0	36.0
11	35.13607130315076	36.0	36.0	36.0	36.0	36.0
12	35.073316982090866	36.0	36.0	36.0	36.0	36.0
13	35.10741361444697	36.0	36.0	36.0	36.0	36.0
14	35.08046510692769	36.0	36.0	36.0	36.0	36.0
15	35.037863573692796	36.0	36.0	36.0	36.0	36.0
16	35.05254384859552	36.0	36.0	36.0	36.0	36.0
17	35.0448239632898	36.0	36.0	36.0	36.0	36.0
18	35.051058570832005	36.0	36.0	36.0	36.0	36.0
19	35.04754819978653	36.0	36.0	36.0	36.0	36.0
20	35.03695157242972	36.0	36.0	36.0	36.0	36.0
21	35.02966205960321	36.0	36.0	36.0	36.0	36.0
22	35.02185846769855	36.0	36.0	36.0	36.0	36.0
23	34.9995004315095	36.0	36.0	36.0	36.0	36.0
24	34.98934662974817	36.0	36.0	36.0	36.0	36.0
25	34.97250005405375	36.0	36.0	36.0	36.0	36.0
26	34.922708921690436	36.0	36.0	36.0	36.0	36.0
27	34.91165235923927	36.0	36.0	36.0	36.0	36.0
28	34.892950124836176	36.0	36.0	36.0	36.0	36.0
29	34.887061750022355	36.0	36.0	36.0	36.0	36.0
30	34.86459611168951	36.0	36.0	36.0	36.0	36.0
31	34.84377984348707	36.0	36.0	36.0	36.0	36.0
32	34.828721643577445	36.0	36.0	36.0	36.0	36.0
33	34.814519243475715	36.0	36.0	36.0	36.0	36.0
34	34.81679729744997	36.0	36.0	36.0	36.0	36.0
35	34.812632650504305	36.0	36.0	36.0	36.0	36.0
36	34.837938048608656	36.0	36.0	36.0	36.0	36.0
37	34.825244772623	36.0	36.0	36.0	36.0	36.0
38	34.814385472729164	36.0	36.0	36.0	36.0	36.0
39	34.81224802084716	36.0	36.0	36.0	36.0	36.0
40	34.79955696933476	36.0	36.0	36.0	36.0	36.0
41	34.78410056610832	36.0	36.0	36.0	32.0	36.0
42	34.772969394914604	36.0	36.0	36.0	32.0	36.0
43	34.75698431685128	36.0	36.0	36.0	32.0	36.0
44	34.748769881189666	36.0	36.0	36.0	32.0	36.0
45	34.73639776265251	36.0	36.0	36.0	32.0	36.0
46	34.721526415214974	36.0	36.0	36.0	32.0	36.0
47	34.718582740847566	36.0	36.0	36.0	32.0	36.0
48	34.696706945880926	36.0	36.0	36.0	32.0	36.0
49	34.67898482549171	36.0	36.0	36.0	32.0	36.0
50	34.659563114291174	36.0	36.0	36.0	32.0	36.0
51	34.65117548790039	36.0	36.0	36.0	32.0	36.0
52	34.63853018060536	36.0	36.0	36.0	32.0	36.0
53	34.620599329002765	36.0	36.0	36.0	32.0	36.0
54	34.596863855320755	36.0	36.0	36.0	32.0	36.0
55	34.57378260939821	36.0	36.0	36.0	32.0	36.0
56	34.56157167268507	36.0	36.0	36.0	32.0	36.0
57	34.53523290415942	36.0	36.0	36.0	32.0	36.0
58	34.50887451255655	36.0	36.0	36.0	32.0	36.0
59	34.48665656569809	36.0	36.0	36.0	32.0	36.0
60	34.46551670599866	36.0	36.0	36.0	32.0	36.0
61	34.44137840351289	36.0	36.0	36.0	32.0	36.0
62	34.42233908920665	36.0	36.0	36.0	32.0	36.0
63	34.39061957586446	36.0	36.0	36.0	32.0	36.0
64	34.364531325698785	36.0	36.0	36.0	32.0	36.0
65	34.332698692928005	36.0	36.0	36.0	32.0	36.0
66	34.30227992409155	36.0	36.0	36.0	32.0	36.0
67	34.2792592176207	36.0	36.0	36.0	32.0	36.0
68	34.24102292574864	36.0	36.0	36.0	32.0	36.0
69	34.22775754670812	36.0	36.0	36.0	32.0	36.0
70	34.19552948762941	36.0	36.0	36.0	32.0	36.0
71	34.16285550998628	36.0	36.0	36.0	32.0	36.0
72	34.13401573645702	36.0	36.0	36.0	32.0	36.0
73	34.09838279724387	36.0	36.0	36.0	32.0	36.0
74	34.05709863900768	36.0	36.0	36.0	32.0	36.0
75	33.3068526950265	36.0	36.0	36.0	27.0	36.0
>>END_MODULE
>>Per sequence quality scores	pass
#Quality	Count
2	43000.0
3	0.0
4	0.0
5	0.0
6	0.0
7	0.0
8	0.0
9	0.0
10	0.0
11	0.0
12	0.0
13	0.0
14	0.0
15	0.0
16	1.0
17	3.0
18	55.0
19	402.0
20	1937.0
21	6132.0
22	14400.0
23	29063.0
24	53332.0
25	92933.0
26	152713.0
27	231683.0
28	335852.0
29	462392.0
30	615577.0
31	813225.0
32	1122922.0
33	1754340.0
34	4044369.0
35	1.7929578E7
>>END_MODULE
>>Per base sequence content	fail
#Base	G	A	T	C
1	41.78246272850695	18.53815423252009	12.766432892730037	26.912950146242924
2	15.954327459014452	19.77824373016809	36.31044084632215	27.956987964495312
3	18.632063031623435	21.496169919795477	28.462054518888007	31.409712529693078
4	13.168128350373445	15.37301973698695	35.23126806859456	36.227583844045036
5	14.96765706434304	34.917174992333045	33.98400247800967	16.131165465314247
6	34.520946836631204	34.915713356760136	16.1933301753265	14.370009631282155
7	30.447987085312345	29.576898575531267	20.418634832282624	19.55647950687376
8	26.408099315915344	34.89938000580169	19.63076477905422	19.061755899228746
9	24.71583090171266	16.137204033114315	19.65696569530421	39.48999936986882
10	14.44419222076371	27.65311625370251	34.335132532939504	23.567558992594275
11	34.61986611908837	22.54565339664915	23.228607863965276	19.6058726202972
12	22.386877306627415	24.06103442111278	30.434176036580308	23.1179122356795
13	27.673550802524932	20.4821064311829	26.137987997466073	25.706354768826095
14	20.783028559479707	20.29237625271468	27.005572666055645	31.91902252174997
15	23.008276529861607	28.92894395071044	23.198834541273254	24.8639449781547
16	22.994954154427074	28.534375837496086	24.985234400569446	23.485435607507394
17	21.839093923324643	27.923972200163394	27.20668849243491	23.030245384077052
18	22.345042994360124	27.730752209965893	27.534506421578815	22.389698374095165
19	22.627892759699893	27.168093411378603	27.551248388065886	22.65276544085562
20	22.731863716384684	26.948945703292992	27.463231136625183	22.85595944369714
21	22.65409657675636	26.69786232552086	27.349236648120634	23.298804449602144
22	22.561427048236787	26.510860944117475	27.573263069051873	23.354448938593865
23	22.63951267834329	26.627479957365104	27.332185648707352	23.400821715584254
24	22.66104583224139	26.523508870770975	27.518899512268202	23.296545784719434
25	22.872021306313542	26.472662196314662	27.165213551008033	23.490102946363766
26	22.460579474129318	26.75281038326039	27.373357641526358	23.41325250108393
27	22.50340652809036	26.76010699739245	27.413774285623287	23.322712188893906
28	22.656862072030968	26.64698763153445	27.420013564991663	23.276136731442918
29	22.331939583536613	26.83294390838235	27.582237016325333	23.252879491755703
30	22.574439711089745	26.878257214116037	27.324826068616403	23.222477006177815
31	22.84616170784554	26.92931385588232	27.136100263371677	23.088424172900464
32	22.376122924955215	26.924657465161395	27.506811146372666	23.192408463510723
33	22.519791377788778	26.754431678293727	27.55273154616864	23.173045397748858
34	22.512188389635853	26.48753667001138	27.708148917528558	23.292126022824206
35	22.466853855019732	26.740610729748614	27.502299364059223	23.290236051172432
36	22.67974200919337	27.16688685349014	27.231170409263893	22.922200728052598
37	22.766142075287206	26.933098379420446	27.17687537363233	23.123884171660016
38	22.641615160255384	27.137077653438133	27.212829926975896	23.008477259330586
39	22.634685221731495	27.027058707443274	27.38325486834746	22.955001202477767
40	22.61995119220209	26.827096300880005	27.330408092468662	23.222544414449242
41	22.66974151747308	26.999356595838837	27.323973646631373	23.006928240056713
42	22.630484651680536	26.992660664880567	27.323765916128146	23.053088767310754
43	22.728620474293052	26.748696614797996	27.243331718780418	23.279351192128537
44	22.67563655080402	27.084209455725432	27.310519206815425	22.92963478665512
45	22.7290724683492	27.014059257483495	27.180725441665203	23.076142832502097
46	22.84056668347738	27.159618769305222	27.0531725444243	22.9466420027931
47	22.57203397986982	27.2408450086826	27.242920838984357	22.94420017246322
48	22.608550463280565	27.114193926052483	27.186234050129126	23.09102156053783
49	22.66704054969236	27.009891826612844	27.31478054069757	23.008287082997224
50	22.71358616948102	27.04573986110836	27.23242636290692	23.008247606503705
51	22.81838810331344	27.090226911043285	27.115279319112638	22.976105666530632
52	22.759256253566775	27.02580568332233	27.131935194487927	23.08300286862297
53	22.67899153372137	27.085968144537105	27.202202150779314	23.03283817096221
54	22.84574104188275	27.244559099872962	27.09655783442711	22.81314202381718
55	22.836001609872078	27.116104320011303	26.99535639839599	23.05253767172063
56	22.909364178200246	27.26298548119413	26.983902069869576	22.843748270736054
57	22.697432372218277	27.134682047502594	27.18267420660256	22.98521137367657
58	22.65490584089119	26.921196723246393	27.28216182058257	23.141735615279845
59	22.545342066392628	27.142885311069175	27.250697239378184	23.061075383160006
60	22.76108886688295	27.177771387424016	27.141994657896817	22.919145087796217
61	22.908963644584546	27.205208239997724	27.02266965912922	22.863158456288506
62	22.769556786371233	27.36704867895493	26.98034084221142	22.88305369246242
63	22.816096259146608	27.302147121649647	26.998882769185613	22.88287385001814
64	22.831765961523985	27.094354637625656	27.008782749085334	23.065096651765025
65	22.649981771959926	27.137412201606985	27.208975000850643	23.003631025582447
66	22.7699393408602	27.165847068503375	27.013092357391912	23.05112123324452
67	22.736851298572958	27.203071577232656	27.09017315273035	22.96990397146403
68	22.788289555274627	27.385444270759162	27.098214106482903	22.728052067483304
69	23.03976983342166	27.33566081878141	26.938013475635575	22.686555872161353
70	22.988976909661158	27.18975470880862	26.960375879465875	22.86089250206435
71	22.89829638223845	27.3632250615297	26.8855735425819	22.852905013649952
72	22.92269095277696	27.503074878011795	27.144467116494365	22.429767052716876
73	23.54159865277841	28.06851178206946	27.242188935539037	21.147700629613094
74	24.82679485386722	30.467941434480238	27.177216766432604	17.528046945219934
75	30.453473273142624	40.872376468761104	28.67415025809627	0.0
>>END_MODULE
>>Per base GC content	fail
#Base	%GC
1	68.69541287474988
2	43.91131542350976
3	50.04177556131651
4	49.395712194418486
5	31.098822529657287
6	48.89095646791336
7	50.004466592186105
8	45.46985521514409
9	64.20583027158148
10	38.01175121335799
11	54.22573873938558
12	45.504789542306916
13	53.379905571351024
14	52.70205108122967
15	47.8722215080163
16	46.48038976193447
17	44.869339307401695
18	44.73474136845529
19	45.280658200555514
20	45.587823160081825
21	45.952901026358504
22	45.91587598683065
23	46.040334393927544
24	45.957591616960826
25	46.362124252677305
26	45.87383197521325
27	45.82611871698426
28	45.932998803473886
29	45.584819075292316
30	45.796916717267564
31	45.934585880746006
32	45.568531388465935
33	45.692836775537636
34	45.80431441246006
35	45.757089906192164
36	45.60194273724596
37	45.890026246947215
38	45.65009241958597
39	45.58968642420926
40	45.84249560665133
41	45.676669757529794
42	45.68357341899129
43	46.00797166642159
44	45.60527133745914
45	45.8052153008513
46	45.78720868627048
47	45.51623415233304
48	45.6995720238184
49	45.67532763268958
50	45.72183377598472
51	45.794493769844074
52	45.842259122189745
53	45.71182970468358
54	45.65888306569993
55	45.888539281592706
56	45.75311244893629
57	45.68264374589484
58	45.79664145617103
59	45.60641744955263
60	45.68023395467917
61	45.772122100873055
62	45.65261047883365
63	45.69897010916475
64	45.89686261328902
65	45.65361279754237
66	45.82106057410471
67	45.70675527003699
68	45.516341622757935
69	45.72632570558301
70	45.84986941172551
71	45.7512013958884
72	45.35245800549384
73	44.68929928239151
74	42.354841799087154
75	30.453473273142624
>>END_MODULE
>>Per sequence GC content	warn
#GC Content	Count
0	43015.0
1	21519.5
2	30.5
3	59.5
4	83.0
5	116.0
6	219.0
7	428.0
8	571.5
9	754.5
10	1333.5
11	2423.0
12	3177.5
13	4481.5
14	7685.0
15	12546.5
16	16439.0
17	23484.0
18	38127.0
19	56262.0
20	69119.5
21	89677.5
22	127572.0
23	170386.5
24	200126.5
25	237721.5
26	299847.5
27	363075.0
28	406059.5
29	457395.5
30	538434.0
31	617783.0
32	671145.0
33	730928.0
34	827484.0
35	917376.0
36	974943.0
37	1033970.5
38	1102823.0
39	1157661.5
40	1194465.5
41	1213495.5
42	1223899.0
43	1222976.5
44	1222369.5
45	1212336.0
46	1183184.5
47	1149448.0
48	1131779.0
49	1110931.5
50	1071904.0
51	1037373.0
52	1020079.0
53	1010599.5
54	989333.0
55	965209.0
56	953342.0
57	936845.0
58	897245.5
59	840384.0
60	787969.0
61	725563.0
62	647859.5
63	572088.5
64	510003.0
65	455848.0
66	385860.0
67	316341.0
68	265352.0
69	225900.5
70	181710.0
71	139213.5
72	109583.0
73	88861.0
74	67218.0
75	48919.5
76	37235.5
77	29214.0
78	20936.5
79	14116.5
80	10072.0
81	7534.5
82	5037.0
83	3160.0
84	2223.0
85	1681.0
86	1197.5
87	849.5
88	660.0
89	549.0
90	432.5
91	298.0
92	211.0
93	190.0
94	146.0
95	112.0
96	101.0
97	69.0
98	40.5
99	118.0
100	197.0
>>END_MODULE
>>Per base N content	pass
#Base	N-Count
1	0.15675044269023553
2	0.15521275355041053
3	0.15521275355041053
4	0.15521275355041053
5	0.15521275355041053
6	0.15521997274825006
7	0.15521275355041053
8	0.1552308015450094
9	0.15521997274825006
10	0.15620900285226896
11	0.15595994052680437
12	0.15566034381646288
13	0.159121949180529
14	0.15586609095489015
15	0.15536074710612138
16	0.15641114039177648
17	0.1553102127212445
18	0.15589135814732857
19	0.15535352790828183
20	0.1552308015450094
21	0.1552452399406885
22	0.15524163034176872
23	0.15521275355041053
24	0.1552488495396083
25	0.15521275355041053
26	0.15521997274825006
27	0.15538601429855983
28	0.15521275355041053
29	0.15534991830936204
30	0.1552163631493303
31	0.15521275355041053
32	0.15521275355041053
33	0.15521275355041053
34	0.15652664755720935
35	0.15521275355041053
36	0.0
37	0.0
38	0.0
39	0.0
40	0.0
41	0.0
42	0.0
43	2.5554359854889204E-4
44	0.0
45	0.0
46	0.0
47	0.0
48	0.0
49	0.0
50	0.0
51	0.0
52	0.0
53	0.0
54	0.0
55	0.0
56	0.0
57	0.0
58	0.0
59	0.0
60	0.0
61	0.0
62	0.0
63	0.0
64	0.0
65	0.0
66	0.0
67	0.0
68	0.0
69	0.0
70	0.0
71	0.0
72	0.0
73	0.0
74	0.0
75	0.004360228667082329
>>END_MODULE
>>Sequence Length Distribution	warn
#Length	Count
35	59203.0
36	23970.0
37	30805.0
38	34328.0
39	37869.0
40	38894.0
41	41341.0
42	44913.0
43	49089.0
44	54218.0
45	58628.0
46	60800.0
47	62735.0
48	64790.0
49	66621.0
50	68112.0
51	69629.0
52	72131.0
53	74845.0
54	80178.0
55	82182.0
56	84725.0
57	86230.0
58	86925.0
59	88925.0
60	88709.0
61	89762.0
62	91965.0
63	95666.0
64	99846.0
65	102917.0
66	102416.0
67	104436.0
68	107559.0
69	117496.0
70	136642.0
71	240986.0
72	699890.0
73	1863143.0
74	5704560.0
75	1.653583E7
>>END_MODULE
>>Sequence Duplication Levels	warn
#Total Duplicate Percentage	39.090586215741595
#Duplication Level	Relative count
1	100.0
2	24.79470027049353
3	11.944637911206854
4	6.908113186154619
5	4.372438815011581
6	2.8134566481478482
7	1.964722460681255
8	1.426974845721505
9	1.0260937170994022
10++	6.721035326130971
>>END_MODULE
>>Overrepresented sequences	warn
#Sequence	Count	Percentage	Possible Source
NNNNNNNNNNNNNNNNNNNNNNNNNNNNNNNNNNN	43000	0.15521275355041053	No Hit
>>END_MODULE
>>Kmer Content	warn
#Sequence	Count	Obs/Exp Overall	Obs/Exp Max	Max Obs/Exp Position
AAAAA	9369510	3.61432	6.926546	71
TTTTT	8836920	3.275022	5.8175287	71
CCTGG	4554680	3.0831304	11.673556	3
CCAGG	4361055	2.9758077	12.847696	3
CCCAG	4180720	2.8348107	11.313076	2
CTGGG	4086045	2.7834115	9.901295	4
CCAGC	3900340	2.6446946	6.807296	3
GGAGG	3720625	2.5710459	5.885307	6
GCTGG	3729545	2.5405638	5.9936757	3
TCCAG	4230285	2.4751847	9.909258	2
CAGCA	4123700	2.432228	6.932354	4
CAGGA	4063215	2.4117227	10.785665	4
AGGAG	3997990	2.3880286	7.5169168	5
CAGCC	3517590	2.385164	5.6348405	9
CTCCA	4091910	2.3791604	7.472195	1
TGCTG	4071565	2.3782656	6.4504976	2
CTCCT	4053615	2.3380883	6.6992073	1
CTGGA	3967510	2.336126	8.961865	4
TCCTG	4002460	2.323195	9.423741	2
GGCTG	3406950	2.3208127	8.03162	7
CTGCA	3868650	2.2635884	6.8384013	4
TGCAG	3813480	2.245431	6.824777	2
GGCAG	3259515	2.2382398	6.08002	7
CCTGC	3323775	2.235761	6.332623	3
GCAGG	3253365	2.2340164	6.592866	3
CAGAG	3727065	2.2122006	7.617229	4
AGCAG	3697430	2.1946108	5.595539	7
CTGCC	3245665	2.1832197	5.6361504	9
CTGCT	3753335	2.1785927	6.5724216	9
TGGAG	3673450	2.1766703	6.6574626	5
GCCTG	3210030	2.172917	7.056364	7
CCCTG	3198145	2.1512547	8.599114	2
CTCTG	3693650	2.1439488	7.247972	2
CAGGG	3073970	2.1108298	8.941323	4
GCTGC	3115725	2.1090803	5.561489	8
AGCTG	3561895	2.097294	5.8811893	7
GGAGA	3445470	2.0580046	5.805326	6
CAGGC	3014930	2.0572665	6.105034	4
CACAG	3433880	2.0253608	7.281191	7
GCCAG	2963375	2.0220873	5.01587	2
CTGGC	2975585	2.0142176	5.1630273	4
CAGAA	3917290	2.009774	5.5349793	4
GGGAG	2889025	1.9963889	5.275974	7
CTCAG	3399145	1.9888757	6.201084	2
CTGTG	3384650	1.9770278	8.651209	9
CTGAG	3340930	1.9671868	5.7125974	4
CCCCA	2881695	1.9416935	6.617653	1
TTCTG	3852540	1.9296157	5.2436757	2
CCAGA	3221155	1.8998919	6.91734	3
TCCCA	3248000	1.8884857	5.102438	2
GGCCA	2744880	1.8729951	5.843447	1
TCTGG	3150930	1.8405081	6.1352954	3
CCTCT	3165505	1.8258345	5.2345862	1
TGGGG	2652660	1.8184282	5.5605545	5
CACTG	3087825	1.8067193	7.515895	7
ACCTG	3080635	1.8025124	5.222569	7
CAGTG	3049055	1.7953267	6.436956	9
TGGCC	2629210	1.7797512	5.4505477	5
CCTGA	2986885	1.7476583	5.644466	3
GCCCA	2511625	1.7030516	6.9706426	1
TCAGG	2881925	1.6969182	5.954594	3
ACAGA	3273960	1.6797122	5.9220724	8
GAGAG	2769495	1.6542395	5.4405193	7
AGGTG	2771440	1.6421924	5.188625	7
TGGGC	2376130	1.6186184	5.9840727	5
CCTGT	2768535	1.6069735	5.3016987	8
ACAGG	2705025	1.6055685	5.1640058	8
AGCCT	2737585	1.60179	5.1343856	6
GGGCC	1997580	1.576934	5.0179954	6
ACAGC	2473365	1.4588326	5.855326	8
GACAG	2420720	1.4368192	7.224186	7
CTGTC	2457810	1.4266158	5.637098	9
GCCCT	2118155	1.424792	5.352259	1
GGGCT	2085190	1.4204304	5.612086	6
ACACA	2764770	1.4095492	5.892466	6
CACAC	2347645	1.3759716	6.2928843	5
GTGTG	2338605	1.3746626	5.835387	1
AGACA	2674210	1.3720092	5.603322	6
AGGGC	1996755	1.3711292	5.4129725	5
GGACA	2158000	1.2808816	6.194853	6
ACTGC	2179240	1.2750964	5.361448	8
GTGCT	2077505	1.2135036	5.353496	1
GTCCT	2058745	1.1949817	6.2984247	1
GTCCA	2033530	1.18984	6.6575856	1
AGCAC	1985840	1.171282	5.560651	5
AGGAC	1959770	1.1632221	6.6986046	5
TGTGC	1955630	1.1423143	5.0532165	10
GTCTT	2279005	1.1414815	5.0173965	1
TGGAC	1879375	1.1066025	6.1299696	5
TGCAC	1849070	1.0819104	5.52614	5
GTGCA	1834840	1.0803797	5.608993	1
ACAGT	2085010	1.0611832	5.6337757	8
ACTGT	2079125	1.0497442	6.3402143	8
GACTG	1782345	1.04947	6.2114887	7
GCACT	1762900	1.0314915	5.0446334	6
AGACT	1995720	1.0157384	5.3264995	6
GGACT	1625165	0.95692027	5.4064565	6
ACACT	1836955	0.92905295	5.0092907	6
GTGTA	1215130	0.6173991	5.241626	1
>>END_MODULE
