##FastQC	0.10.1
>>Basic Statistics	pass
#Measure	Value	
Filename	KS27_S1_L004_R2_001.fastq.gz	
File type	Conventional base calls	
Encoding	Sanger / Illumina 1.9	
Total Sequences	19933865	
Filtered Sequences	0	
Sequence length	35-75	
%GC	45	
>>END_MODULE
>>Per base sequence quality	pass
#Base	Mean	Median	Lower Quartile	Upper Quartile	10th Percentile	90th Percentile
1	31.486530484680216	32.0	32.0	32.0	32.0	32.0
2	31.202228468989833	32.0	32.0	32.0	32.0	32.0
3	31.238947339113615	32.0	32.0	32.0	32.0	32.0
4	31.279745598758694	32.0	32.0	32.0	32.0	32.0
5	31.24705394563473	32.0	32.0	32.0	32.0	32.0
6	34.95949490979296	36.0	36.0	36.0	36.0	36.0
7	34.94752131611205	36.0	36.0	36.0	36.0	36.0
8	34.89581282907253	36.0	36.0	36.0	36.0	36.0
9	34.99196121775682	36.0	36.0	36.0	36.0	36.0
10	34.81842196683884	36.0	36.0	36.0	32.0	36.0
11	34.96306391158965	36.0	36.0	36.0	36.0	36.0
12	34.85907615005921	36.0	36.0	36.0	36.0	36.0
13	34.91016127579875	36.0	36.0	36.0	36.0	36.0
14	34.85197366391314	36.0	36.0	36.0	36.0	36.0
15	34.811979663753114	36.0	36.0	36.0	32.0	36.0
16	34.81676508795459	36.0	36.0	36.0	36.0	36.0
17	34.80697571695203	36.0	36.0	36.0	32.0	36.0
18	34.79420057274392	36.0	36.0	36.0	32.0	36.0
19	34.7882143778941	36.0	36.0	36.0	32.0	36.0
20	34.76856856409933	36.0	36.0	36.0	32.0	36.0
21	34.756310228849244	36.0	36.0	36.0	32.0	36.0
22	34.74903451989867	36.0	36.0	36.0	32.0	36.0
23	34.739125252428465	36.0	36.0	36.0	32.0	36.0
24	34.725147732263665	36.0	36.0	36.0	32.0	36.0
25	34.70404946557027	36.0	36.0	36.0	32.0	36.0
26	34.684562025477746	36.0	36.0	36.0	32.0	36.0
27	34.67620800080667	36.0	36.0	36.0	32.0	36.0
28	34.67211938076234	36.0	36.0	36.0	32.0	36.0
29	34.6497757961138	36.0	36.0	36.0	32.0	36.0
30	34.62490149301202	36.0	36.0	36.0	32.0	36.0
31	34.61534178143576	36.0	36.0	36.0	32.0	36.0
32	34.60059250928006	36.0	36.0	36.0	32.0	36.0
33	34.57813705470565	36.0	36.0	36.0	32.0	36.0
34	34.56275007380656	36.0	36.0	36.0	32.0	36.0
35	34.542428575692675	36.0	36.0	36.0	32.0	36.0
36	34.54016912348251	36.0	36.0	36.0	32.0	36.0
37	34.52670839229319	36.0	36.0	36.0	32.0	36.0
38	34.507623591554335	36.0	36.0	36.0	32.0	36.0
39	34.48894941348462	36.0	36.0	36.0	32.0	36.0
40	34.47452861797442	36.0	36.0	36.0	32.0	36.0
41	34.46232460011123	36.0	36.0	36.0	32.0	36.0
42	34.445683709393144	36.0	36.0	36.0	32.0	36.0
43	34.42654258012755	36.0	36.0	36.0	32.0	36.0
44	34.401716246482835	36.0	36.0	36.0	32.0	36.0
45	34.37817819912873	36.0	36.0	36.0	32.0	36.0
46	34.35070747881688	36.0	36.0	36.0	32.0	36.0
47	34.33305869470917	36.0	36.0	36.0	32.0	36.0
48	34.30856175878258	36.0	36.0	36.0	32.0	36.0
49	34.28140334808544	36.0	36.0	36.0	32.0	36.0
50	34.26657079525393	36.0	36.0	36.0	32.0	36.0
51	34.23562907169215	36.0	36.0	36.0	32.0	36.0
52	34.211232811558304	36.0	36.0	36.0	32.0	36.0
53	34.17958979971713	36.0	36.0	36.0	32.0	36.0
54	34.13991851634165	36.0	36.0	36.0	32.0	36.0
55	34.11281846850186	36.0	36.0	36.0	32.0	36.0
56	34.0919771986641	36.0	36.0	36.0	32.0	36.0
57	34.07016875386796	36.0	36.0	36.0	32.0	36.0
58	34.040594713436306	36.0	36.0	36.0	32.0	36.0
59	34.00058962691463	36.0	36.0	36.0	32.0	36.0
60	33.98315555926174	36.0	36.0	36.0	32.0	36.0
61	33.95148065853247	36.0	36.0	36.0	32.0	36.0
62	33.92988612940572	36.0	36.0	36.0	32.0	36.0
63	33.90297418730034	36.0	36.0	36.0	32.0	36.0
64	33.869245940911775	36.0	36.0	36.0	32.0	36.0
65	33.8324834144209	36.0	36.0	36.0	27.0	36.0
66	33.8107945430527	36.0	36.0	36.0	27.0	36.0
67	33.77579556688719	36.0	36.0	36.0	27.0	36.0
68	33.742176637177245	36.0	36.0	36.0	27.0	36.0
69	33.709439636973805	36.0	36.0	36.0	27.0	36.0
70	33.69268502026432	36.0	36.0	36.0	27.0	36.0
71	33.65193991915648	36.0	36.0	36.0	27.0	36.0
72	33.63372671294867	36.0	36.0	36.0	27.0	36.0
73	33.595003144592035	36.0	36.0	36.0	27.0	36.0
74	33.54154256164337	36.0	36.0	36.0	27.0	36.0
75	32.37790082509123	36.0	32.0	36.0	14.0	36.0
>>END_MODULE
>>Per sequence quality scores	pass
#Quality	Count
2	8503.0
3	0.0
4	0.0
5	0.0
6	0.0
7	0.0
8	0.0
9	0.0
10	0.0
11	0.0
12	0.0
13	1.0
14	2087.0
15	5748.0
16	9072.0
17	12525.0
18	16077.0
19	20179.0
20	26446.0
21	35180.0
22	48360.0
23	67278.0
24	94577.0
25	131283.0
26	178633.0
27	235469.0
28	302484.0
29	383022.0
30	487932.0
31	634788.0
32	873726.0
33	1368327.0
34	2972374.0
35	1.2019794E7
>>END_MODULE
>>Per base sequence content	fail
#Base	G	A	T	C
1	44.76336560420479	18.072360842881764	11.354118825354538	25.8101547275589
2	17.003724657770615	19.74427072369592	36.23058167385641	27.021422944677052
3	19.838328331858946	21.33749053595344	29.04509740550838	29.77908372667924
4	13.69147038016399	14.750676727713355	36.28304442754577	35.27480846457689
5	15.139865425336719	34.610863497335245	35.20457613277112	15.044694944556907
6	34.32014434668741	35.17479883176024	16.529471334071623	13.97558548748073
7	30.19029215127936	30.027936255311193	20.877723576615573	18.904048016793872
8	26.56203184664851	34.345082413057284	20.25458809732039	18.838297642973814
9	24.858484377849695	15.75609015284139	20.44477284779067	38.94065262151825
10	14.458688379162195	27.374328255617137	34.989959028096955	23.17702433712371
11	33.95813335787827	22.95760548792037	23.874577535906248	19.209683618295117
12	21.918537791182917	24.434898598078167	31.300540487043598	22.346023123695318
13	27.65652137210857	20.93048547875818	26.382416540286695	25.030576608846555
14	20.428738007369702	20.84629127440696	27.532990366749672	31.191980351473664
15	22.668255663309907	29.61849325497825	23.52477711571815	24.188473965993694
16	22.614304322300395	28.8340809065351	25.667664155863267	22.883950615301245
17	21.490435154954778	28.321176799698794	27.758135586194115	22.43025245915231
18	21.92968438917195	28.07364804714715	28.19723425852941	21.799433305151496
19	22.331062291365143	27.546997640494563	27.941364377721218	22.180575690419076
20	22.360733019555678	27.43915518322829	28.002106059603836	22.198005737612196
21	22.22056994497766	27.151019891131718	27.77369866605184	22.854711497838785
22	22.17186819491661	27.055754369732405	28.026722927292365	22.745654508058625
23	22.15561253040221	27.1715615505505	27.852818934983464	22.820006984063827
24	22.22671788848805	26.952488993675498	28.120864253306916	22.699928864529536
25	22.384486665788053	26.981477174668143	27.726994370290488	22.907041789253316
26	21.934171133252185	27.30479877856171	27.92304099669557	22.837989091490535
27	21.947119455094466	27.329410627520843	28.00088650836055	22.72258340902414
28	22.1139119078489	27.201287484764393	27.97663600791795	22.70816459946876
29	21.84025565006046	27.368160237189166	28.131960664001987	22.659623448748384
30	21.990059703808644	27.463079466260137	27.962342666597472	22.584518163333744
31	22.368060364474182	27.475455652951247	27.69304768465436	22.463436297920207
32	21.805591286120674	27.60688613837982	28.06607980321763	22.52144277228188
33	21.940600125608757	27.376451178151743	28.16198270325026	22.520965992989236
34	21.957342606874594	27.134322578430442	28.319324888551584	22.589009926143376
35	21.86613723755684	27.391256429870637	28.178850652751002	22.563755679821526
36	22.00751578496043	27.754661376327178	28.007424531824483	22.23039830688791
37	22.10220142718612	27.500411055910384	27.8151480943448	22.582239422558697
38	21.98944229154954	27.837613273896526	27.855612050040012	22.31733238451392
39	22.029315144205324	27.671515617159226	28.05180881280915	22.247360425826297
40	22.056420655158814	27.454883070461467	28.02054803435722	22.468148240022504
41	22.047272438782798	27.602815146156395	28.049512915925394	22.300399499135413
42	21.961933997723936	27.689413338250425	28.10286938557198	22.24578327845366
43	22.09664456373511	27.4779897042647	27.944461584936548	22.480904147063644
44	21.97696183275753	27.80826441154307	27.965320395314624	22.249453360384774
45	22.028663384100813	27.74845191949286	27.8682202608875	22.354664435518824
46	22.153824155039892	27.792548712656384	27.745219087709504	22.30840804459422
47	21.995642413951906	27.880240404412564	27.915393946476296	22.208723235159233
48	21.8992374790651	27.800032650541795	27.885415887664767	22.41531398272834
49	22.096178342468377	27.663988296689908	27.947257279269465	22.29257608157225
50	22.024455049767795	27.851311339049474	27.867794559293113	22.256439051889622
51	22.089054582820815	27.852601580335403	27.86612200270307	22.192221834140714
52	22.103904375785024	27.797211548087514	27.776181329827182	22.322702746300283
53	21.95774614177138	27.727346300142976	27.973189400705085	22.34171815738056
54	22.137481721500897	27.98551525699532	27.81952795918813	22.05747506231566
55	22.121661251430442	27.7700382581625	27.761700611625567	22.346599878781493
56	22.21855100095232	27.955232101520483	27.66352938316141	22.162687514365786
57	22.010893890278364	27.881844490459702	27.80925385935606	22.29800775990588
58	21.990926762604214	27.728756367385365	27.84842171630921	22.431895153701202
59	21.94297609043212	27.864089898889166	27.87725226202279	22.315681748655926
60	22.034879526284627	27.871292430581146	27.90289546095664	22.190932582177584
61	22.23712431806158	27.91211150062212	27.709534057044177	22.141230124272123
62	22.163309784520475	28.00426115847211	27.67989560479297	22.152533452214442
63	22.11904082427513	28.06825131017316	27.71548210705638	22.097225758495327
64	22.19280928359632	27.782374993556026	27.636700076752625	22.388115646095034
65	22.003348120746658	27.89335868298887	27.82968289312679	22.27361030313769
66	22.087506749505227	27.993518209271684	27.631169032327698	22.28780600889539
67	22.144627504012366	27.86904571165104	27.67498557518291	22.311341209153685
68	22.155795535196983	28.112159580229473	27.743244852676334	21.988800031897206
69	22.361354536622148	28.041460153722497	27.65125168906354	21.945933620591816
70	22.42039850697881	27.875321379730707	27.593333908648727	22.11094620464176
71	22.23878616025293	28.147689559303974	27.547666880463073	22.065857399980025
72	22.24534520552245	28.286365990572698	27.763469999529157	21.704818804375687
73	22.92486419909858	28.849604845331545	27.783092648347097	20.44243830722278
74	24.06953841636736	31.198905282490923	27.966302626550394	16.76525367459132
75	29.211907241020267	41.482459628452276	29.305633130527458	0.0
>>END_MODULE
>>Per base GC content	fail
#Base	%GC
1	70.57352033176369
2	44.02514760244767
3	49.617412058538186
4	48.96627884474087
5	30.184560369893624
6	48.295729834168135
7	49.09434016807323
8	45.40032948962232
9	63.799136999367946
10	37.63571271628591
11	53.16781697617338
12	44.26456091487823
13	52.68709798095512
14	51.62071835884336
15	46.8567296293036
16	45.49825493760164
17	43.92068761410709
18	43.72911769432344
19	44.51163798178422
20	44.55873875716787
21	45.07528144281645
22	44.91752270297523
23	44.97561951446604
24	44.926646753017586
25	45.291528455041366
26	44.77216022474272
27	44.669702864118605
28	44.82207650731766
29	44.49987909880884
30	44.57457786714239
31	44.831496662394386
32	44.32703405840255
33	44.46156611859799
34	44.546352533017966
35	44.42989291737837
36	44.23791409184834
37	44.68444084974482
38	44.30677467606346
39	44.27667557003163
40	44.52456889518132
41	44.34767193791821
42	44.2077172761776
43	44.57754871079876
44	44.2264151931423
45	44.38332781961964
46	44.46223219963411
47	44.20436564911114
48	44.31455146179344
49	44.38875442404062
50	44.28089410165742
51	44.281276416961525
52	44.4266071220853
53	44.299464299151936
54	44.19495678381656
55	44.46826113021194
56	44.3812385153181
57	44.30890165018424
58	44.42282191630542
59	44.258657839088045
60	44.225812108462215
61	44.3783544423337
62	44.31584323673492
63	44.21626658277046
64	44.58092492969135
65	44.276958423884345
66	44.37531275840062
67	44.45596871316605
68	44.14459556709419
69	44.30728815721396
70	44.53134471162057
71	44.304643560232954
72	43.95016400989814
73	43.36730250632136
74	40.834792090958686
75	29.211907241020267
>>END_MODULE
>>Per sequence GC content	warn
#GC Content	Count
0	8644.0
1	4431.5
2	290.5
3	450.0
4	538.5
5	671.5
6	994.5
7	1438.0
8	1697.5
9	2086.0
10	3113.0
11	4758.0
12	5795.0
13	7036.0
14	10060.5
15	14627.0
16	18171.0
17	24659.5
18	38171.0
19	54967.5
20	66735.5
21	84787.5
22	118318.0
23	155835.5
24	180626.5
25	212301.0
26	265195.5
27	317719.5
28	351742.5
29	392526.5
30	455683.5
31	515042.0
32	554784.5
33	599021.0
34	670785.5
35	735805.5
36	772405.0
37	807881.0
38	845859.0
39	868523.0
40	883988.5
41	885986.0
42	877206.5
43	862831.0
44	855705.0
45	842166.0
46	811796.0
47	779798.0
48	762410.5
49	742427.5
50	707736.5
51	674820.0
52	654841.0
53	641333.0
54	618703.5
55	594840.0
56	581099.5
57	565482.0
58	535095.5
59	497227.5
60	464938.0
61	427955.0
62	380356.5
63	334603.0
64	299383.5
65	271009.5
66	231445.5
67	190387.5
68	162069.5
69	140786.0
70	115302.5
71	90337.5
72	73231.0
73	61566.5
74	48487.5
75	36980.0
76	29736.5
77	24835.5
78	19817.5
79	15266.5
80	12230.5
81	10414.0
82	8298.5
83	6020.0
84	4532.0
85	3847.5
86	3125.5
87	2363.5
88	2017.5
89	1775.0
90	1482.0
91	1344.0
92	1285.0
93	1275.0
94	1224.5
95	1194.5
96	1208.0
97	1277.5
98	1620.5
99	9056.5
100	16219.0
>>END_MODULE
>>Per base N content	pass
#Base	N-Count
1	0.0891046467907754
2	0.07518863000225998
3	0.06892291083540497
4	0.04298714775082504
5	0.04298714775082504
6	0.04265605290293679
7	0.04265605290293679
8	0.04265605290293679
9	0.04265605290293679
10	0.04265605290293679
11	0.04265605290293679
12	0.04265605290293679
13	0.04265605290293679
14	0.04265605290293679
15	0.04265605290293679
16	0.04265605290293679
17	0.04265605290293679
18	0.04265605290293679
19	0.04265605290293679
20	0.04265605290293679
21	0.04265605290293679
22	0.04265605290293679
23	0.04265605290293679
24	0.04265605290293679
25	0.04265605290293679
26	0.04265605290293679
27	0.04265605290293679
28	0.04265605290293679
29	0.04265605290293679
30	0.04265605290293679
31	0.04265605290293679
32	0.04265605290293679
33	0.04265605290293679
34	0.04265605290293679
35	0.04265605290293679
36	0.0
37	0.0
38	0.0
39	0.0
40	0.0
41	0.0
42	0.0
43	0.0
44	0.0
45	0.0
46	0.0
47	0.0
48	0.0
49	0.0
50	0.0
51	0.0
52	0.0
53	0.0
54	0.0
55	0.0
56	0.0
57	0.0
58	0.0
59	0.0
60	0.0
61	0.0
62	0.0
63	0.0
64	0.0
65	0.0
66	0.0
67	0.0
68	0.0
69	0.0
70	0.0
71	0.0
72	0.0
73	0.0
74	0.0
75	0.0
>>END_MODULE
>>Sequence Length Distribution	warn
#Length	Count
35	11262.0
36	4388.0
37	5750.0
38	6508.0
39	7606.0
40	7945.0
41	8728.0
42	9955.0
43	11289.0
44	12952.0
45	14238.0
46	14473.0
47	15118.0
48	15747.0
49	16284.0
50	16322.0
51	17036.0
52	17556.0
53	18598.0
54	20297.0
55	21386.0
56	21529.0
57	22526.0
58	22626.0
59	22838.0
60	23322.0
61	23318.0
62	23983.0
63	24729.0
64	27034.0
65	28580.0
66	28015.0
67	29729.0
68	30480.0
69	37953.0
70	51159.0
71	127906.0
72	466812.0
73	1359775.0
74	4236223.0
75	1.305189E7
>>END_MODULE
>>Sequence Duplication Levels	warn
#Total Duplicate Percentage	35.05356076716979
#Duplication Level	Relative count
1	100.0
2	23.254700854700854
3	10.339981006647673
4	5.4115859449192785
5	3.2904083570750235
6	2.0155745489078822
7	1.4047483380816714
8	0.9937321937321937
9	0.7354226020892688
10++	4.500664767331434
>>END_MODULE
>>Overrepresented sequences	pass
>>END_MODULE
>>Kmer Content	warn
#Sequence	Count	Obs/Exp Overall	Obs/Exp Max	Max Obs/Exp Position
AAAAA	8861535	4.219445	9.185408	71
GGGGG	2848570	3.4085753	5.6363387	71
TTTTT	7177295	3.2538047	5.7732635	71
CCTGG	3096745	3.0930285	12.01762	3
CCAGG	2894575	2.9196208	12.307316	3
CCCAG	2779205	2.8221493	11.262343	2
CTGGG	2794705	2.7726607	11.092266	4
CCAGC	2616730	2.6571639	6.423748	3
GGAGG	2556570	2.5442731	5.8727527	6
GCTGG	2546380	2.5262945	6.9886765	3
CAGCA	2878260	2.4145253	6.487853	4
TCCAG	2903590	2.4119809	8.552199	2
CAGCC	2358315	2.3947556	5.7561374	9
TGCTG	2930045	2.394043	7.4093466	2
CTCCA	2799565	2.3412452	6.384069	1
GGCTG	2332885	2.3144836	8.300247	7
CAGGA	2770565	2.308619	9.632518	4
CTCCT	2758610	2.2844598	6.073071	1
AGGAG	2743425	2.270697	6.933612	5
CTGGA	2736250	2.2577536	8.569027	4
CCTGC	2231095	2.2434394	6.3251166	3
TCCTG	2717315	2.235195	8.573135	2
CTGCC	2218390	2.2306643	5.785724	9
GGCAG	2223865	2.2280877	6.3296957	7
CTGCT	2697870	2.2192001	6.4756217	9
GCTGC	2218805	2.2161424	5.6107407	8
GCCTG	2208165	2.2055151	7.3085303	7
CTGCA	2650675	2.2018874	6.7507586	4
GCAGG	2196305	2.2004755	6.806298	3
CCCTG	2183615	2.1956966	9.119805	2
AGCAG	2595810	2.1630015	5.409175	7
CAGAG	2585650	2.1545355	7.5661793	4
TGCAG	2602490	2.1473846	6.930716	2
CTCTG	2596150	2.1355276	7.4382825	2
CAGGG	2077755	2.0817	9.28346	4
TGGAG	2516850	2.0628152	6.398908	5
CCCCA	2005015	2.0497212	6.747983	1
CTGGC	2048140	2.0456822	5.6502447	4
AGCTG	2476590	2.0435011	5.861668	7
GCCAG	2016750	2.0342002	5.345009	2
CAGGC	2004135	2.021476	6.062649	4
GGGAG	2001445	1.9918184	5.4891725	7
CAGAA	2859310	1.981551	5.331618	4
GGAGA	2380900	1.97064	5.487304	6
CACAG	2333990	1.957946	6.8613276	7
CTGTG	2378275	1.94321	8.767057	9
CTCAG	2313150	1.9215088	6.0049086	2
TTCTG	2847350	1.9159999	5.202189	2
CTGAG	2307770	1.9042033	5.8414955	4
GGCCA	1851835	1.8678583	6.406256	1
TGGGG	1894750	1.8672172	6.2848454	5
CCAGA	2222000	1.8639995	6.5241475	3
CCTCT	2218625	1.8372875	5.575506	1
TCTGG	2212790	1.8079976	6.4290824	3
CACTG	2154410	1.7896453	7.2632394	7
TGGCC	1779475	1.7773395	5.7113585	5
CAGTG	2146635	1.7712463	6.4492483	9
ACCTG	2132090	1.7711043	5.4342823	7
AGAGG	2099710	1.7379028	5.037732	5
CCTGA	2069710	1.7192858	5.5801387	3
GCCCA	1687250	1.7133216	7.314697	1
GGGCC	1377510	1.6706148	5.575004	6
ACAGA	2382350	1.6510096	5.6549377	8
TCAGG	1987455	1.6399026	5.7471533	3
TGGGC	1637280	1.6243652	6.580523	5
GGCCT	1623900	1.6219512	5.1237617	6
GAGAG	1948490	1.6127399	5.1344147	7
CCTGT	1946890	1.6014627	5.598127	8
AGCCT	1894325	1.5735955	5.11091	6
AGGTG	1915175	1.5696813	5.2187057	7
GTGTG	1806570	1.4662049	7.423321	1
GCCCT	1452185	1.4602197	6.219655	1
GGGCT	1465355	1.4537964	6.011086	6
CTGTC	1761265	1.4487724	5.8602247	9
GCTGT	1755115	1.4340465	5.1359787	8
ACAGC	1705525	1.430737	5.406615	8
ACACA	2049965	1.4302377	5.8443527	6
TGTGT	2136280	1.4278907	5.617715	10
GACAG	1697160	1.4141867	6.8419065	7
CACAC	1657330	1.3996792	6.085533	5
AGGGC	1359520	1.3621014	5.6463785	5
AGACA	1909445	1.3232784	5.167736	6
ACTGC	1511920	1.2559357	5.174538	8
GGACA	1490875	1.2422962	5.797668	6
GTCCT	1498525	1.2326491	7.686662	1
GTGCT	1484385	1.2128419	6.4288983	1
GTCCA	1399260	1.1623503	6.5543957	1
AGGAC	1385505	1.1544949	7.19194	5
TGTGC	1403570	1.1468107	5.480339	10
GTCTT	1695060	1.1406167	5.305672	1
AGCAC	1356255	1.1377401	5.2247105	5
TGCAC	1291790	1.073076	5.5632906	5
TGGAC	1291750	1.0658576	5.8201184	5
GTGCA	1288325	1.0630317	5.9858665	1
ACAGT	1531240	1.0508099	5.451606	8
ACTGT	1532500	1.0414014	6.210733	8
GACTG	1255715	1.0361243	5.909575	7
AGACT	1461435	1.0029064	5.0272484	6
GGACT	1139875	0.9405417	5.160092	6
GTGTA	937120	0.6325504	5.6476207	1
>>END_MODULE
