##FastQC	0.10.1
>>Basic Statistics	pass
#Measure	Value	
Filename	008-F5_S2_L004_R1_001_trimmed.fq.gz	
File type	Conventional base calls	
Encoding	Sanger / Illumina 1.9	
Total Sequences	12969178	
Filtered Sequences	0	
Sequence length	20-50	
%GC	45	
>>END_MODULE
>>Per base sequence quality	pass
#Base	Mean	Median	Lower Quartile	Upper Quartile	10th Percentile	90th Percentile
1	35.37585974993943	36.0	36.0	36.0	36.0	36.0
2	35.36719536118635	36.0	36.0	36.0	36.0	36.0
3	35.35532020610712	36.0	36.0	36.0	36.0	36.0
4	35.35029945614132	36.0	36.0	36.0	36.0	36.0
5	35.3328631930258	36.0	36.0	36.0	36.0	36.0
6	35.30760985777202	36.0	36.0	36.0	36.0	36.0
7	35.297368190952426	36.0	36.0	36.0	36.0	36.0
8	35.286189996004374	36.0	36.0	36.0	36.0	36.0
9	35.27272538012818	36.0	36.0	36.0	36.0	36.0
10	35.25431079749233	36.0	36.0	36.0	36.0	36.0
11	35.245517179269186	36.0	36.0	36.0	36.0	36.0
12	35.23262715647823	36.0	36.0	36.0	36.0	36.0
13	35.22257971939317	36.0	36.0	36.0	36.0	36.0
14	35.21440487592969	36.0	36.0	36.0	36.0	36.0
15	35.19963470314001	36.0	36.0	36.0	36.0	36.0
16	35.18984040468872	36.0	36.0	36.0	36.0	36.0
17	35.17705948673077	36.0	36.0	36.0	36.0	36.0
18	35.169612445754076	36.0	36.0	36.0	36.0	36.0
19	35.15470024391677	36.0	36.0	36.0	36.0	36.0
20	35.14955342582236	36.0	36.0	36.0	36.0	36.0
21	35.140595456064624	36.0	36.0	36.0	36.0	36.0
22	35.13053835634046	36.0	36.0	36.0	36.0	36.0
23	35.12175603077155	36.0	36.0	36.0	36.0	36.0
24	35.10939775048429	36.0	36.0	36.0	36.0	36.0
25	35.097544902939006	36.0	36.0	36.0	36.0	36.0
26	35.09182675881087	36.0	36.0	36.0	36.0	36.0
27	35.088872904934426	36.0	36.0	36.0	36.0	36.0
28	35.0722161732173	36.0	36.0	36.0	36.0	36.0
29	35.06454916990731	36.0	36.0	36.0	36.0	36.0
30	35.05515016617601	36.0	36.0	36.0	36.0	36.0
31	35.046393723810795	36.0	36.0	36.0	36.0	36.0
32	35.03628447951775	36.0	36.0	36.0	36.0	36.0
33	35.022910819009134	36.0	36.0	36.0	36.0	36.0
34	35.01213216269537	36.0	36.0	36.0	36.0	36.0
35	34.99383580315673	36.0	36.0	36.0	36.0	36.0
36	34.98646482649743	36.0	36.0	36.0	36.0	36.0
37	34.98308122380274	36.0	36.0	36.0	36.0	36.0
38	34.969791050768734	36.0	36.0	36.0	36.0	36.0
39	34.960990514444525	36.0	36.0	36.0	36.0	36.0
40	34.951559453998996	36.0	36.0	36.0	36.0	36.0
41	34.94304317602253	36.0	36.0	36.0	36.0	36.0
42	34.92860900152568	36.0	36.0	36.0	36.0	36.0
43	34.917916017747125	36.0	36.0	36.0	36.0	36.0
44	34.91229184839903	36.0	36.0	36.0	36.0	36.0
45	34.903739378832405	36.0	36.0	36.0	36.0	36.0
46	34.89909877674977	36.0	36.0	36.0	36.0	36.0
47	34.916344223484025	36.0	36.0	36.0	36.0	36.0
48	34.93033387663526	36.0	36.0	36.0	36.0	36.0
49	34.98888442008387	36.0	36.0	36.0	36.0	36.0
50	35.08053352126772	36.0	36.0	36.0	36.0	36.0
>>END_MODULE
>>Per sequence quality scores	pass
#Quality	Count
12	1.0
13	2.0
14	2.0
15	24.0
16	150.0
17	431.0
18	1036.0
19	2370.0
20	4766.0
21	8276.0
22	13210.0
23	19999.0
24	28766.0
25	41284.0
26	58441.0
27	80574.0
28	107089.0
29	139183.0
30	179779.0
31	232360.0
32	312453.0
33	462295.0
34	911411.0
35	5316946.0
36	5048330.0
>>END_MODULE
>>Per base sequence content	pass
#Base	G	A	T	C
1	22.506129195325865	26.62013084047005	27.36518006371464	23.50855990048944
2	22.531207842348657	26.58596043418641	27.5632623074897	23.319569415975234
3	22.483745874542926	26.680614617636643	27.479378208426464	23.35626129939397
4	22.6332630229674	26.38705162491584	27.73913569139846	23.2405496607183
5	22.742090778157646	26.42284569061016	27.390851801735707	23.444211729496487
6	22.250665831041417	26.862046501033877	27.574931581769047	23.312356086155656
7	22.291128093236665	26.86192161483395	27.55961283550135	23.287337456428034
8	22.426019091653306	26.71386492363439	27.55074495014042	23.309371034571882
9	22.24867481309826	26.830213690773324	27.65404020660162	23.267071289526793
10	22.30786360284332	26.925859283026355	27.529611225725702	23.236665888404627
11	22.804539185453805	26.84625029425687	27.31809450933067	23.031116010958655
12	22.191068373201574	26.990609123160898	27.716009829616382	23.102312674021146
13	22.282694770671842	26.859434480918686	27.78377157168225	23.07409917672722
14	22.33755685234513	26.583919867513007	27.95727420869354	23.12124907144832
15	22.201007673092178	26.89436041257183	27.814903238755356	23.08972867558063
16	22.320951819838132	27.204300254458815	27.717142594320205	22.757605331382848
17	22.450077034105586	26.94734824327464	27.442385189650558	23.160189532969216
18	22.37639076890692	27.314290737254503	27.423651562823487	22.885666931015088
19	22.460172119056853	27.08396143706536	27.668766814224462	22.787099629653333
20	22.555143336665935	26.80360414711017	27.614416958558664	23.02683555766523
21	22.523069127064943	27.007663296984507	27.653927526501665	22.81534004944889
22	22.32801507507623	27.158312772937183	27.69238513024595	22.821287021740634
23	22.45371981557066	26.916293382784357	27.59258064727947	23.03740615436552
24	22.304742619566984	27.3027724838406	27.633903712814895	22.758581183777522
25	22.371899965193162	27.163986937262045	27.552293232178165	22.911819865366624
26	22.477449893620655	27.14167263685051	27.466644718998484	22.914232750530346
27	22.409771712738763	27.25609077554806	27.596257300297854	22.737880211415323
28	22.256870123760542	27.22007471939505	27.540996576621506	22.9820585802229
29	22.51238980809452	27.060864153449227	27.585780685820026	22.840965352636225
30	22.40876934701667	27.277072610682012	27.53192138253477	22.782236659766554
31	22.45064118145577	27.2608014869347	27.50827639631217	22.780280935297366
32	22.493461468019913	27.198181885744326	27.4315303347141	22.876826311521658
33	22.347965000436407	27.08146573600943	27.643630567858008	22.92693869569616
34	22.47480825722795	27.400086251641433	27.504323906309036	22.620781584821586
35	22.479745859590583	27.059146829086632	27.46696673611599	22.994140575206796
36	22.52333075349197	27.359440868524494	27.360631203101697	22.756597174881843
37	22.41742377502316	27.278102949587552	27.439062407237934	22.86541086815135
38	22.433957075879192	27.157255051068933	27.42207786750597	22.98671000554591
39	22.308957455538042	27.285982509853007	27.5048866751609	22.90017335944805
40	22.393412189973784	27.252727574947478	27.62678418738329	22.727076047695448
41	22.62176469073903	27.214241954596734	27.439775262691818	22.72421809197242
42	22.542419171044443	27.343489891914142	27.440799374927437	22.673291562113974
43	22.5402216677725	27.406128816588303	27.352304779384117	22.701344736255077
44	22.56078672982237	27.17019361346961	27.292396068037757	22.97662358867026
45	22.42899384076202	27.32631867895875	27.4573785482684	22.787308932010834
46	22.47212846228589	27.470662495729314	27.304317695549035	22.752891346435764
47	22.54038792829755	27.347513185968115	27.34458320139411	22.76751568434023
48	22.499571203199846	27.75397340655707	27.489325588569447	22.257129801673635
49	22.67741405190429	27.99526383430203	27.545437754665116	21.78188435912857
50	22.58420679509164	27.763276532204138	27.645534718640874	22.006981954063345
>>END_MODULE
>>Per base GC content	pass
#Base	%GC
1	46.01468909581531
2	45.85077725832389
3	45.8400071739369
4	45.873812683685706
5	46.18630250765413
6	45.56302191719707
7	45.5784655496647
8	45.73539012622519
9	45.51574610262505
10	45.54452949124794
11	45.83565519641246
12	45.29338104722272
13	45.35679394739906
14	45.458805923793456
15	45.29073634867281
16	45.078557151220984
17	45.6102665670748
18	45.262057699922
19	45.24727174871019
20	45.581978894331165
21	45.33840917651383
22	45.14930209681687
23	45.49112596993618
24	45.06332380334451
25	45.28371983055979
26	45.391682644151004
27	45.14765192415409
28	45.23892870398345
29	45.35335516073074
30	45.19100600678322
31	45.23092211675313
32	45.37028777954157
33	45.27490369613257
34	45.095589842049534
35	45.47388643479738
36	45.27992792837381
37	45.28283464317451
38	45.4206670814251
39	45.20913081498609
40	45.120488237669235
41	45.34598278271145
42	45.21571073315842
43	45.24156640402758
44	45.53741031849263
45	45.216302772772856
46	45.22501980872165
47	45.30790361263778
48	44.756701004873484
49	44.459298411032854
50	44.59118874915499
>>END_MODULE
>>Per sequence GC content	warn
#GC Content	Count
0	2282.0
1	2202.0
2	1802.0
3	1616.5
4	1813.5
5	2215.0
6	2583.0
7	3103.0
8	3732.0
9	4983.0
10	6309.0
11	8488.5
12	10747.5
13	14776.0
14	19591.0
15	27234.0
16	35244.5
17	47509.5
18	60821.0
19	78502.5
20	96481.5
21	118714.5
22	141944.5
23	169928.5
24	198936.0
25	226916.0
26	259323.5
27	297311.5
28	337186.0
29	381148.5
30	426159.5
31	473228.5
32	522925.5
33	574305.5
34	626040.0
35	669965.5
36	710758.0
37	743021.5
38	769382.0
39	785762.5
40	800749.0
41	810466.5
42	818772.5
43	817230.0
44	811252.0
45	796171.0
46	781211.5
47	763404.0
48	744922.5
49	726533.0
50	708922.5
51	693440.5
52	675462.5
53	656302.5
54	638239.5
55	618380.5
56	595438.5
57	568517.5
58	540326.0
59	504932.5
60	468741.0
61	430573.0
62	391235.5
63	357585.0
64	318575.5
65	282574.5
66	247832.5
67	215812.5
68	184633.0
69	156172.5
70	131002.5
71	110359.0
72	92039.0
73	76325.5
74	61566.0
75	50468.5
76	42025.0
77	34206.5
78	27103.0
79	22039.5
80	17674.5
81	14232.0
82	11207.5
83	9030.5
84	7062.5
85	5506.0
86	4177.0
87	3212.5
88	2485.5
89	1877.5
90	1322.0
91	1033.0
92	812.0
93	681.0
94	565.0
95	485.5
96	412.5
97	380.5
98	344.5
99	436.5
100	537.0
>>END_MODULE
>>Per base N content	pass
#Base	N-Count
1	7.864800683589971E-4
2	1.5421177810960726E-5
3	6.939530014932326E-5
4	1.0794824467672508E-4
5	3.4697650074661635E-4
6	3.623976785575771E-4
7	9.021389019412024E-4
8	4.2408238980142E-4
9	4.934776899507432E-4
10	8.4816477960284E-4
11	5.166094566671843E-4
12	0.0016038024923399155
13	0.0016038024923399155
14	4.317929787069003E-4
15	7.016635903987129E-4
16	6.554000569658308E-4
17	0.0019045154596536494
18	0.0014110377697029064
19	0.00191222604855913
20	0.0026216002278633232
21	0.0028237193661166636
22	0.002269640204128661
23	0.001151028540563791
24	0.00149970805940792
25	0.003295671135962913
26	0.002105940742698715
27	0.002634717769032581
28	0.004739062267555201
29	0.0022204229377763736
30	0.0025258846833383863
31	0.0013460536701942868
32	0.004027384971419589
33	0.003119877307704997
34	0.0019367976082423858
35	0.002283470318092107
36	0.002513735489246537
37	0.002344852335472926
38	0.001405896660469202
39	0.003351424996800019
40	0.002648118279463961
41	0.0013345455323640321
42	0.003133811619461255
43	0.0025304986565749216
44	2.7053471903338265E-4
45	4.958911023139318E-4
46	3.2307698520711256E-4
47	1.1620321917778088E-4
48	4.948480573458206E-4
49	4.6707530340348637E-4
50	3.798530019529509E-5
>>END_MODULE
>>Sequence Length Distribution	warn
#Length	Count
20	7550.0
21	8033.0
22	8651.0
23	9093.0
24	9804.0
25	10204.0
26	11235.0
27	11762.0
28	12417.0
29	13650.0
30	14394.0
31	15271.0
32	16097.0
33	16375.0
34	17088.0
35	17714.0
36	18504.0
37	19248.0
38	21077.0
39	22756.0
40	24768.0
41	27118.0
42	30158.0
43	38508.0
44	64958.0
45	121795.0
46	333091.0
47	731254.0
48	1468086.0
49	1950727.0
50	7897792.0
>>END_MODULE
>>Sequence Duplication Levels	warn
#Total Duplicate Percentage	35.89667182851588
#Duplication Level	Relative count
1	100.0
2	24.939797598000364
3	9.964640614521734
4	5.069956715235018
5	2.8813326830457844
6	1.8007376699384259
7	1.2330061574102298
8	0.8679814668048528
9	0.6736572578186917
10++	4.980034140096324
>>END_MODULE
>>Overrepresented sequences	pass
>>END_MODULE
>>Kmer Content	warn
#Sequence	Count	Obs/Exp Overall	Obs/Exp Max	Max Obs/Exp Position
AAAAA	3231210	3.8179321	4.678935	46
TTTTT	3230070	3.510067	4.030857	13
>>END_MODULE
