##FastQC	0.10.1
>>Basic Statistics	pass
#Measure	Value	
Filename	018-F0_S3_L001_R1_001_trimmed.fq.gz	
File type	Conventional base calls	
Encoding	Sanger / Illumina 1.9	
Total Sequences	18637268	
Filtered Sequences	0	
Sequence length	20-50	
%GC	44	
>>END_MODULE
>>Per base sequence quality	pass
#Base	Mean	Median	Lower Quartile	Upper Quartile	10th Percentile	90th Percentile
1	35.32707680117064	36.0	36.0	36.0	36.0	36.0
2	35.32741016548133	36.0	36.0	36.0	36.0	36.0
3	35.302971873345385	36.0	36.0	36.0	36.0	36.0
4	35.30194538169435	36.0	36.0	36.0	36.0	36.0
5	35.29895315128805	36.0	36.0	36.0	36.0	36.0
6	35.2735609639782	36.0	36.0	36.0	36.0	36.0
7	35.23848216380212	36.0	36.0	36.0	36.0	36.0
8	35.24557885844642	36.0	36.0	36.0	36.0	36.0
9	35.2249486351755	36.0	36.0	36.0	36.0	36.0
10	35.22155157075597	36.0	36.0	36.0	36.0	36.0
11	35.17453341337367	36.0	36.0	36.0	36.0	36.0
12	35.14439492955727	36.0	36.0	36.0	36.0	36.0
13	35.139573729368486	36.0	36.0	36.0	36.0	36.0
14	35.127866058480244	36.0	36.0	36.0	36.0	36.0
15	35.11465172899805	36.0	36.0	36.0	36.0	36.0
16	35.10518596395137	36.0	36.0	36.0	36.0	36.0
17	35.09906205136933	36.0	36.0	36.0	36.0	36.0
18	35.08302558078791	36.0	36.0	36.0	36.0	36.0
19	35.08446468656243	36.0	36.0	36.0	36.0	36.0
20	35.10353185885399	36.0	36.0	36.0	36.0	36.0
21	35.103668143125134	36.0	36.0	36.0	36.0	36.0
22	35.09734701878967	36.0	36.0	36.0	36.0	36.0
23	35.08272208862505	36.0	36.0	36.0	36.0	36.0
24	35.07257941877962	36.0	36.0	36.0	36.0	36.0
25	35.057314473448486	36.0	36.0	36.0	36.0	36.0
26	35.0539236579205	36.0	36.0	36.0	36.0	36.0
27	35.057117296895576	36.0	36.0	36.0	36.0	36.0
28	35.03628461306722	36.0	36.0	36.0	36.0	36.0
29	35.02291471649414	36.0	36.0	36.0	36.0	36.0
30	35.01771396784117	36.0	36.0	36.0	36.0	36.0
31	35.00079565892223	36.0	36.0	36.0	36.0	36.0
32	34.98715443074731	36.0	36.0	36.0	36.0	36.0
33	34.97372911089456	36.0	36.0	36.0	36.0	36.0
34	34.963142660555526	36.0	36.0	36.0	36.0	36.0
35	34.94757505076015	36.0	36.0	36.0	36.0	36.0
36	34.93712069832603	36.0	36.0	36.0	36.0	36.0
37	34.93711311483354	36.0	36.0	36.0	36.0	36.0
38	34.92596970152643	36.0	36.0	36.0	36.0	36.0
39	34.90845919722718	36.0	36.0	36.0	36.0	36.0
40	34.89384714294235	36.0	36.0	36.0	36.0	36.0
41	34.88101453335394	36.0	36.0	36.0	36.0	36.0
42	34.86712976962875	36.0	36.0	36.0	36.0	36.0
43	34.85928027770965	36.0	36.0	36.0	36.0	36.0
44	34.85053582962337	36.0	36.0	36.0	36.0	36.0
45	34.83559866888137	36.0	36.0	36.0	36.0	36.0
46	34.827526756581044	36.0	36.0	36.0	36.0	36.0
47	34.83795279146379	36.0	36.0	36.0	36.0	36.0
48	34.856302724325964	36.0	36.0	36.0	36.0	36.0
49	34.925714378272744	36.0	36.0	36.0	36.0	36.0
50	35.01881603629973	36.0	36.0	36.0	36.0	36.0
>>END_MODULE
>>Per sequence quality scores	pass
#Quality	Count
14	5.0
15	46.0
16	217.0
17	532.0
18	1453.0
19	3346.0
20	7243.0
21	13228.0
22	21217.0
23	31449.0
24	45165.0
25	64175.0
26	90078.0
27	122902.0
28	163246.0
29	213313.0
30	274787.0
31	355392.0
32	478445.0
33	708219.0
34	1383990.0
35	7686888.0
36	6971932.0
>>END_MODULE
>>Per base sequence content	pass
#Base	G	A	T	C
1	22.182363233745185	26.902628039033992	27.6649466198854	23.250062107335427
2	22.260774634669612	26.912095026626115	27.853385577888588	22.97374476081568
3	22.13615750978094	27.035228553884615	27.83074751084762	22.997866425486826
4	22.368799044923474	26.666477082187555	28.0997947658587	22.864929107030274
5	22.46852473931184	26.737211929505033	27.702473646803366	23.091789684379766
6	21.99368615969396	27.147624583251396	27.849685850628607	23.009003406426036
7	22.023333709998507	27.117724822159843	27.89597838564311	22.962963082198534
8	22.159066611415195	26.94739572353396	27.799132606268177	23.09440505878267
9	21.98697815572074	27.07012796219593	27.937626712675147	23.00526716940819
10	22.021255030424808	27.15538162762929	27.905557593903858	22.91780574804205
11	22.57191448847305	27.055803086839536	27.619538758698724	22.752743665988692
12	21.93529178234685	27.3080373366623	27.98078212369638	22.77588875729447
13	21.992204007583087	27.15303015441963	28.16237336931572	22.692392468681568
14	22.088641480313427	26.865160859751597	28.25774626469892	22.78845139523606
15	21.92713300241612	27.197020618303902	28.12301217472639	22.752834204553583
16	22.068685354152787	27.450715053468038	28.05544454536713	22.42515504701204
17	22.19923005882622	27.126824596823955	27.715279943390847	22.95866540095898
18	22.13380145924664	27.580417200032343	27.645545180161925	22.64023616055909
19	22.24645130529326	27.302790272836347	27.9355395737805	22.51521884808989
20	22.362805375361866	27.006848194877044	27.880177086803183	22.750169342957907
21	22.29848817401946	27.204915362101318	27.958122104610222	22.538474359268996
22	22.072067714943095	27.448504022176134	28.01853979873643	22.46088846414434
23	22.177665889751474	27.225959910487667	27.88571752499517	22.71065667476569
24	22.046839852487672	27.54391717286307	27.900747482709043	22.508495491940216
25	22.097510053957688	27.457485328964502	27.82533210469888	22.61967251237893
26	22.259578388875717	27.32882362699818	27.713137071615474	22.698460912510633
27	22.24533729556773	27.443459452129392	27.81973964043198	22.491463611870895
28	22.008517957160127	27.442387552676585	27.790664723591675	22.758429766571616
29	22.350210521259207	27.198409741146918	27.81088833523103	22.64049140236284
30	22.169374869337933	27.541159228451995	27.74313976752172	22.546326134688353
31	22.173412725375112	27.498451709859456	27.817035350686293	22.511100214079143
32	22.260219527329284	27.466804739086783	27.66400968476094	22.608966048822992
33	22.074653236535124	27.289355481132198	27.977684520224905	22.65830676210777
34	22.228512148956884	27.648427736409882	27.82557898255314	22.297481132080094
35	22.253626911743208	27.241983202326264	27.768879661239403	22.73551022469112
36	22.35789182808553	27.5658629650574	27.541075012908685	22.535170193948385
37	22.17030444778372	27.46558927394131	27.696656824951248	22.66744945332372
38	22.23141875809186	27.3472321117395	27.613008285428144	22.808340844740503
39	22.123407520633474	27.47191252925298	27.69924731329125	22.705432636822298
40	22.143689831052804	27.42317565932484	27.93250314144835	22.50063136817401
41	22.408218139539958	27.36595498620825	27.67140705361558	22.55441982063621
42	22.302394332624868	27.521571118697373	27.705449911273377	22.470584637404382
43	22.29839547542386	27.64773670202979	27.646973051147732	22.40689477139862
44	22.330065344965018	27.352163400158535	27.553194087646183	22.764577167230264
45	22.217702654754873	27.566376404420716	27.6894481323557	22.526472808468707
46	22.221500415439557	27.80425644263731	27.513327617600215	22.460915524322917
47	22.332850247587235	27.537271246393647	27.55547380614598	22.57440469987314
48	22.29753812316833	27.930402710362007	27.749622367966182	22.022436798503485
49	22.453730703516825	28.136110652327144	27.857626622312182	21.552532021843852
50	22.428488713545413	27.888040883076858	27.874525174727143	21.808945228650582
>>END_MODULE
>>Per base GC content	pass
#Base	%GC
1	45.43242534108061
2	45.23451939548529
3	45.13402393526776
4	45.23372815195375
5	45.5603144236916
6	45.00268956612
7	44.986296792197045
8	45.25347167019787
9	44.99224532512893
10	44.93906077846685
11	45.32465815446174
12	44.71118053964132
13	44.68459647626465
14	44.87709287554949
15	44.67996720696971
16	44.493840401164825
17	45.1578954597852
18	44.77403761980573
19	44.76167015338316
20	45.11297471831978
21	44.83696253328846
22	44.532956179087435
23	44.88832256451716
24	44.55533534442789
25	44.71718256633662
26	44.95803930138635
27	44.73680090743862
28	44.76694772373174
29	44.99070192362205
30	44.715701004026286
31	44.68451293945425
32	44.869185576152276
33	44.7329599986429
34	44.52599328103698
35	44.98913713643432
36	44.89306202203392
37	44.83775390110744
38	45.039759602832355
39	44.82884015745577
40	44.64432119922681
41	44.96263796017617
42	44.77297897002925
43	44.70529024682248
44	45.09464251219528
45	44.744175463223584
46	44.68241593976248
47	44.90725494746037
48	44.319974921671815
49	44.00626272536068
50	44.237433942196
>>END_MODULE
>>Per sequence GC content	warn
#GC Content	Count
0	3200.0
1	3208.5
2	2815.5
3	2533.0
4	2720.5
5	3273.5
6	3904.0
7	4893.0
8	5888.0
9	7645.5
10	9539.5
11	13120.0
12	16915.5
13	23144.0
14	30494.5
15	42736.0
16	55683.5
17	75468.5
18	96925.0
19	124776.0
20	153143.0
21	188380.0
22	224842.0
23	267087.5
24	311263.0
25	354618.5
26	404061.0
27	460926.0
28	521217.5
29	586460.5
30	652310.5
31	720800.5
32	793669.5
33	867918.0
34	941402.0
35	1003863.0
36	1061504.0
37	1100894.0
38	1131517.0
39	1151761.0
40	1170811.0
41	1179013.5
42	1184095.0
43	1177187.0
44	1163565.0
45	1137495.5
46	1112682.0
47	1085109.0
48	1056231.0
49	1026120.0
50	996476.0
51	971269.5
52	943693.5
53	913843.0
54	885278.5
55	855416.5
56	820815.0
57	781181.0
58	741019.5
59	693139.5
60	643409.0
61	589485.5
62	534501.5
63	487269.5
64	432543.0
65	383079.0
66	336009.0
67	291923.0
68	248698.0
69	210801.5
70	177589.0
71	149534.0
72	124299.5
73	102711.0
74	82655.5
75	67773.5
76	56786.0
77	46615.0
78	37173.0
79	30319.0
80	24291.5
81	19568.0
82	15601.0
83	12667.0
84	9897.5
85	7695.0
86	5830.5
87	4536.0
88	3575.5
89	2744.5
90	1994.0
91	1542.5
92	1180.5
93	966.5
94	769.5
95	668.0
96	577.0
97	520.0
98	481.5
99	760.5
100	1033.0
>>END_MODULE
>>Per base N content	pass
#Base	N-Count
1	9.550756044287178E-4
2	0.0016204091715588357
3	0.0
4	9.658067909953325E-5
5	0.0013413983208268507
6	0.0023233018916721058
7	1.3950542536599248E-4
8	3.05838817148522E-4
9	6.599679738468106E-4
10	9.336132312954882E-4
11	0.001835032902891132
12	1.985269514823739E-4
13	0.0
14	0.001877957649157591
15	0.0020442910409401204
16	0.001824301716324517
17	0.0
18	6.277744141469662E-4
19	0.001851129682741054
20	0.0028544956267195385
21	2.5236770576116276E-4
22	6.448509298105557E-4
23	8.605292857477849E-5
24	0.0010335467194608073
25	0.0017080040464070628
26	0.0033167494065310626
27	3.940769478967114E-4
28	5.349768109167692E-4
29	0.0
30	7.09496765859189E-4
31	4.338084493847756E-5
32	7.058542082023408E-5
33	5.817688960576349E-4
34	1.0889541015102322E-4
35	5.507332167596515E-4
36	7.208605633405159E-4
37	7.000837803386502E-4
38	0.0014078554499481366
39	1.0974667942215739E-5
40	5.49732816108051E-6
41	4.406483567727047E-5
42	0.0
43	9.019852973076348E-4
44	0.0014876138385388345
45	0.0
46	7.887852318670812E-4
47	2.315846760419863E-5
48	1.2322276575099623E-4
49	0.0011883051253509832
50	0.0
>>END_MODULE
>>Sequence Length Distribution	warn
#Length	Count
20	13649.0
21	14667.0
22	15744.0
23	16399.0
24	17134.0
25	17424.0
26	17950.0
27	18826.0
28	19931.0
29	21753.0
30	22472.0
31	23918.0
32	25218.0
33	25936.0
34	27059.0
35	27741.0
36	27921.0
37	28811.0
38	30929.0
39	33131.0
40	35589.0
41	39872.0
42	43946.0
43	55820.0
44	93359.0
45	173258.0
46	476511.0
47	1041533.0
48	2092984.0
49	2802824.0
50	1.1334959E7
>>END_MODULE
>>Sequence Duplication Levels	warn
#Total Duplicate Percentage	41.22669173116369
#Duplication Level	Relative count
1	100.0
2	28.094754202135633
3	12.930416965133519
4	6.929983841143447
5	4.283762847956821
6	2.777824051708341
7	1.91157607156541
8	1.3593429842242917
9	1.0128437921671192
10++	7.285645271452132
>>END_MODULE
>>Overrepresented sequences	pass
>>END_MODULE
>>Kmer Content	warn
#Sequence	Count	Obs/Exp Overall	Obs/Exp Max	Max Obs/Exp Position
AAAAA	4866615	3.8285444	4.6246853	46
TTTTT	4850440	3.4920297	4.154762	13
>>END_MODULE
