##FastQC	0.10.1
>>Basic Statistics	pass
#Measure	Value	
Filename	KS25_S6_L003_R2_001.fastq.gz	
File type	Conventional base calls	
Encoding	Sanger / Illumina 1.9	
Total Sequences	14626331	
Filtered Sequences	0	
Sequence length	35-75	
%GC	46	
>>END_MODULE
>>Per base sequence quality	pass
#Base	Mean	Median	Lower Quartile	Upper Quartile	10th Percentile	90th Percentile
1	31.466907045929702	32.0	32.0	32.0	32.0	32.0
2	31.263018046015777	32.0	32.0	32.0	32.0	32.0
3	31.312481852078967	32.0	32.0	32.0	32.0	32.0
4	31.324587895624678	32.0	32.0	32.0	32.0	32.0
5	31.32136774424153	32.0	32.0	32.0	32.0	32.0
6	35.05123164517472	36.0	36.0	36.0	36.0	36.0
7	35.03094432910071	36.0	36.0	36.0	36.0	36.0
8	34.994558854165135	36.0	36.0	36.0	36.0	36.0
9	35.046309973430795	36.0	36.0	36.0	36.0	36.0
10	34.924835626925166	36.0	36.0	36.0	36.0	36.0
11	35.03934513720495	36.0	36.0	36.0	36.0	36.0
12	34.9609865932885	36.0	36.0	36.0	36.0	36.0
13	34.99566453131684	36.0	36.0	36.0	36.0	36.0
14	34.940149105062645	36.0	36.0	36.0	36.0	36.0
15	34.919605333695785	36.0	36.0	36.0	36.0	36.0
16	34.92113244257907	36.0	36.0	36.0	36.0	36.0
17	34.909453778941554	36.0	36.0	36.0	36.0	36.0
18	34.89604453775865	36.0	36.0	36.0	36.0	36.0
19	34.88855215980002	36.0	36.0	36.0	36.0	36.0
20	34.86946227321124	36.0	36.0	36.0	36.0	36.0
21	34.85447806425275	36.0	36.0	36.0	36.0	36.0
22	34.852250574665646	36.0	36.0	36.0	36.0	36.0
23	34.83469483905431	36.0	36.0	36.0	36.0	36.0
24	34.81999976617513	36.0	36.0	36.0	36.0	36.0
25	34.79571315595141	36.0	36.0	36.0	36.0	36.0
26	34.77874205089438	36.0	36.0	36.0	36.0	36.0
27	34.769576115842035	36.0	36.0	36.0	36.0	36.0
28	34.76271287720755	36.0	36.0	36.0	36.0	36.0
29	34.741702823490044	36.0	36.0	36.0	32.0	36.0
30	34.71594140731534	36.0	36.0	36.0	32.0	36.0
31	34.706279312289595	36.0	36.0	36.0	32.0	36.0
32	34.68261486766572	36.0	36.0	36.0	32.0	36.0
33	34.66780705291026	36.0	36.0	36.0	32.0	36.0
34	34.65274791060041	36.0	36.0	36.0	32.0	36.0
35	34.64484442475697	36.0	36.0	36.0	32.0	36.0
36	34.66190794143939	36.0	36.0	36.0	32.0	36.0
37	34.647164043862595	36.0	36.0	36.0	32.0	36.0
38	34.631510070819644	36.0	36.0	36.0	32.0	36.0
39	34.60998190560871	36.0	36.0	36.0	32.0	36.0
40	34.60127866920198	36.0	36.0	36.0	32.0	36.0
41	34.58535449677858	36.0	36.0	36.0	32.0	36.0
42	34.58104982518505	36.0	36.0	36.0	32.0	36.0
43	34.561543803570345	36.0	36.0	36.0	32.0	36.0
44	34.522002896302496	36.0	36.0	36.0	32.0	36.0
45	34.51107421278915	36.0	36.0	36.0	32.0	36.0
46	34.476710357322744	36.0	36.0	36.0	32.0	36.0
47	34.464178024109174	36.0	36.0	36.0	32.0	36.0
48	34.44302639352775	36.0	36.0	36.0	32.0	36.0
49	34.42060588743013	36.0	36.0	36.0	32.0	36.0
50	34.395620293402224	36.0	36.0	36.0	32.0	36.0
51	34.370882284786624	36.0	36.0	36.0	32.0	36.0
52	34.351447610751016	36.0	36.0	36.0	32.0	36.0
53	34.305231557307444	36.0	36.0	36.0	32.0	36.0
54	34.26946179356212	36.0	36.0	36.0	32.0	36.0
55	34.24284572349978	36.0	36.0	36.0	32.0	36.0
56	34.225259518124886	36.0	36.0	36.0	32.0	36.0
57	34.1954544878189	36.0	36.0	36.0	32.0	36.0
58	34.167493235161245	36.0	36.0	36.0	32.0	36.0
59	34.130701255314676	36.0	36.0	36.0	32.0	36.0
60	34.11315223501945	36.0	36.0	36.0	32.0	36.0
61	34.07769652891302	36.0	36.0	36.0	32.0	36.0
62	34.0492427598527	36.0	36.0	36.0	32.0	36.0
63	34.01779074121181	36.0	36.0	36.0	32.0	36.0
64	33.979290367648176	36.0	36.0	36.0	32.0	36.0
65	33.943002109761466	36.0	36.0	36.0	32.0	36.0
66	33.91202965589645	36.0	36.0	36.0	32.0	36.0
67	33.87582101365988	36.0	36.0	36.0	32.0	36.0
68	33.83572426951962	36.0	36.0	36.0	32.0	36.0
69	33.80620205064991	36.0	36.0	36.0	27.0	36.0
70	33.78966893178731	36.0	36.0	36.0	27.0	36.0
71	33.739053165421765	36.0	36.0	36.0	27.0	36.0
72	33.72472722570113	36.0	36.0	36.0	27.0	36.0
73	33.69144079829601	36.0	36.0	36.0	27.0	36.0
74	33.64944174097628	36.0	36.0	36.0	27.0	36.0
75	32.58192485106401	36.0	32.0	36.0	14.0	36.0
>>END_MODULE
>>Per sequence quality scores	pass
#Quality	Count
2	16720.0
3	0.0
4	0.0
5	0.0
6	0.0
7	0.0
8	0.0
9	0.0
10	0.0
11	0.0
12	0.0
13	0.0
14	1100.0
15	3305.0
16	5264.0
17	7108.0
18	9439.0
19	12293.0
20	16646.0
21	23208.0
22	32646.0
23	46567.0
24	65234.0
25	90734.0
26	124063.0
27	163426.0
28	209553.0
29	265195.0
30	333914.0
31	429772.0
32	582153.0
33	893939.0
34	1931105.0
35	9362947.0
>>END_MODULE
>>Per base sequence content	fail
#Base	G	A	T	C
1	51.44565201164235	16.115251408898146	6.848120868785484	25.590975710674012
2	18.76814118869068	20.406967832164195	35.37162526908196	25.453265710063167
3	20.270148627950952	21.022450778221767	29.654248774268627	29.053151819558654
4	14.099556263986338	14.41086084266372	35.90880584497383	35.58077704837611
5	14.57928428711627	33.969015190491305	35.11490339967556	16.336797122716863
6	34.378711829481844	34.5340897431343	16.777002097464937	14.31019632991892
7	30.203528348564518	30.0213263720711	20.849610574846928	18.925534704517457
8	26.481455610559845	32.256856072462654	21.346265772284696	19.915422544692802
9	25.267407872803734	12.224795033899259	20.61351941540401	41.894277677893
10	14.317629675423937	22.8799589530481	37.89195345447596	24.910457917052
11	33.81174899181094	21.382307852002356	25.665707321023127	19.140235835163576
12	21.52962183592705	23.82426883234605	33.5764723646646	21.0696369670623
13	29.079089949374477	20.22623197662277	25.518218405387373	25.176459668615387
14	20.544804375694877	20.921700105499045	27.835997823624464	30.697497695181617
15	23.357685567398065	29.817720677162452	23.123688919574928	23.700904835864556
16	23.283946437725138	27.820193159147085	25.823151622585982	23.072708780541795
17	22.096673210532437	27.79302611137285	27.278118493367142	22.83218218472757
18	22.336926013978058	26.89704058513262	28.380632448050807	22.38540095283851
19	23.197428049247854	26.284519142912156	27.040836337120815	23.477216470719174
20	23.231275537294092	26.69215322242978	27.35117994593981	22.725391294336315
21	22.85117529644998	26.334219129067236	26.737485149180362	24.07712042530242
22	22.973671236010322	26.723435689013215	27.168320908749727	23.13457216622674
23	22.489565259472	26.893844059229227	27.246728198307263	23.369862482991504
24	22.91390236194516	26.280391722955525	27.776242639177728	23.029463275921582
25	23.120410255960955	26.36414480850996	27.265729388688037	23.24971554684105
26	22.417571556148893	26.83228868995896	27.58093969784685	23.169200056045298
27	22.455563498030045	26.85071349135275	27.30689810412153	23.386824906495672
28	22.55609680504156	26.724058566651777	27.09853123399384	23.621313394312825
29	22.67792071944968	26.758467422575453	27.031910705904487	23.531701152070372
30	22.42434791727172	26.808578270838286	27.398203826234663	23.368869985655333
31	23.455340460468115	26.46986973164446	26.89201649516883	23.182773312718595
32	22.364161509844443	27.08809974475022	27.507535963825458	23.04020278157988
33	22.33661115275417	26.855253024875203	27.86478024637343	22.9433555759972
34	22.53608499339989	26.523605532113976	27.868241475385542	23.072067999100593
35	22.367289587655687	26.934290036880515	27.665466246842573	23.03295412862122
36	22.418268093143098	27.189025472376077	27.62225141099348	22.770455023487347
37	22.684409039888898	26.811402104517875	26.900712662357456	23.60347619323577
38	22.64273754713387	27.527585622376154	26.92633938470622	22.90333744578375
39	22.985200025408155	26.904400727726813	27.167029382223813	22.943369864641223
40	23.007367568856065	26.588003835925218	27.416738617726764	22.987889977491953
41	23.010878257290855	26.563871030430438	27.46843973631824	22.95681097596047
42	22.500214950513232	27.307959772269392	27.51267520186433	22.679150075353053
43	22.566267485904827	27.02473771314895	27.3955183534007	23.01347644754552
44	22.37543762438866	27.37859242859399	27.326022698735258	22.919947248282092
45	22.48598356857509	27.32630937011399	27.262364599622916	22.925342461688007
46	22.76937288142153	26.968291055293275	27.09795593633221	23.16438012695299
47	23.04711357848527	27.006290802895585	27.116103194442264	22.83049242417689
48	22.42325835176589	27.138241708397544	27.151369536009618	23.28713040382695
49	23.077831986477477	26.743306148144054	27.022928808201264	23.1559330571772
50	22.523924014763125	27.610254912493893	26.973674282922794	22.89214678982019
51	22.705181338236503	27.20559356161206	27.198935024026106	22.890290076125332
52	22.679929306665443	27.35262867029008	26.934394891526786	23.03304713151769
53	22.45740838148984	26.921772099842727	27.625587945983828	22.995231572683604
54	22.679624460825178	27.52972962450984	27.252028596904005	22.538617317760977
55	22.709308381820335	26.819448193881406	27.169567655152328	23.301675769145934
56	22.95454377706554	27.329990366152966	26.727904801704778	22.987561055076714
57	22.612019363528265	27.233702175860962	26.886119517377022	23.268158943233754
58	22.766491299869177	27.296690024354053	26.61987787038379	23.31694080539298
59	22.841070951101266	27.17288548035136	26.75402272467891	23.232020843868465
60	22.624942955790154	27.070227823615685	27.45307834459228	22.851750876001883
61	23.032449765261088	26.961701937645703	26.97093122594599	23.034917071147216
62	22.90412211870853	27.024879378101442	27.195545224382144	22.87545327880789
63	22.879251899975134	27.340556430476205	27.00674959199481	22.773442077553856
64	22.929710097381083	26.961883359889377	26.835074781460605	23.27333176126894
65	22.81444692827709	27.404016626715865	26.764171761516153	23.017364683490893
66	22.75997577505457	27.897023960124628	26.505897322270638	22.837102942550164
67	23.176910402473357	27.074235082515724	26.56297450196815	23.185880013042766
68	23.057060723362092	27.418455569221518	27.059741586527576	22.464742120888815
69	23.328357157854505	27.068345121135025	26.951953343285684	22.651344377724786
70	23.713207835613627	26.835217432909953	26.699030117585554	22.752544613890873
71	23.165669318189806	27.39325549073881	26.742999029701902	22.698076161369478
72	22.99243627489031	27.628767635933198	26.985092863926585	22.393703225249904
73	23.91363324764613	28.39870737855728	26.629827036472037	21.05783233732455
74	24.85452035386502	30.584660961363813	27.254559324483047	17.30625936028812
75	30.39614858012976	41.05145787767064	28.552393542199596	0.0
>>END_MODULE
>>Per base GC content	fail
#Base	%GC
1	77.03662772231637
2	44.22140689875385
3	49.3233004475096
4	49.68033331236246
5	30.916081409833136
6	48.68890815940076
7	49.12906305308197
8	46.39687815525265
9	67.16168555069673
10	39.228087592475944
11	52.95198482697452
12	42.59925880298935
13	54.255549617989864
14	51.24230207087649
15	47.05859040326262
16	46.35665521826694
17	44.92885539526001
18	44.722326966816574
19	46.67464451996703
20	45.95666683163041
21	46.9282957217524
22	46.10824340223706
23	45.8594277424635
24	45.94336563786675
25	46.370125802802
26	45.58677161219419
27	45.84238840452572
28	46.177410199354384
29	46.209621871520056
30	45.793217902927054
31	46.63811377318671
32	45.40436429142432
33	45.27996672875137
34	45.608152992500486
35	45.400243716276904
36	45.18872311663044
37	46.28788523312467
38	45.546074992917625
39	45.928569890049374
40	45.995257546348014
41	45.96768923325133
42	45.17936502586629
43	45.57974393345035
44	45.29538487267075
45	45.41132603026309
46	45.93375300837452
47	45.877606002662155
48	45.71038875559284
49	46.23376504365468
50	45.41607080458331
51	45.59547141436184
52	45.712976438183134
53	45.45263995417345
54	45.218241778586155
55	46.01098415096627
56	45.942104832142256
57	45.88017830676202
58	46.083432105262155
59	46.07309179496973
60	45.47669383179203
61	46.06736683640831
62	45.77957539751642
63	45.65269397752899
64	46.20304185865002
65	45.83181161176798
66	45.59707871760473
67	46.36279041551612
68	45.52180284425091
69	45.979701535579295
70	46.4657524495045
71	45.863745479559284
72	45.38613950014022
73	44.97146558497068
74	42.16077971415314
75	30.39614858012976
>>END_MODULE
>>Per sequence GC content	warn
#GC Content	Count
0	16811.0
1	8490.5
2	222.5
3	362.5
4	450.0
5	538.5
6	807.0
7	1201.0
8	1417.5
9	1652.5
10	2332.0
11	3422.0
12	4094.5
13	4770.0
14	6298.0
15	8724.0
16	10733.0
17	14107.5
18	21062.0
19	29558.5
20	35614.0
21	45557.5
22	63529.5
23	83416.5
24	96989.5
25	114340.5
26	143338.5
27	174045.0
28	195831.5
29	222574.5
30	267222.0
31	316031.5
32	351337.5
33	391617.5
34	459475.0
35	528391.5
36	567954.5
37	597748.0
38	625221.0
39	628813.5
40	628370.0
41	620376.5
42	606676.5
43	601810.5
44	603177.5
45	603975.5
46	596604.5
47	585459.0
48	581528.5
49	576259.5
50	561268.0
51	545324.5
52	537179.5
53	530901.0
54	517840.0
55	501512.0
56	490916.0
57	478238.5
58	452199.5
59	420588.5
60	394783.0
61	364669.0
62	325742.5
63	287720.0
64	257493.5
65	232122.0
66	197090.5
67	162010.0
68	138606.5
69	120526.5
70	98414.5
71	76634.0
72	62212.5
73	52564.0
74	41769.5
75	31846.0
76	25318.0
77	21054.5
78	16599.5
79	12623.0
80	10061.0
81	8497.5
82	6755.0
83	4876.0
84	3716.5
85	3095.0
86	2451.5
87	1856.0
88	1554.0
89	1413.5
90	1216.0
91	1034.0
92	937.0
93	897.0
94	830.0
95	803.5
96	808.0
97	843.0
98	1036.5
99	6389.0
100	11583.0
>>END_MODULE
>>Per base N content	pass
#Base	N-Count
1	0.16261767903379187
2	0.13483901054885192
3	0.12105564956789233
4	0.12834387516595924
5	0.13329385202618482
6	0.11479297166186106
7	0.11431438273891106
8	0.11461521006190822
9	0.11431438273891106
10	0.11431438273891106
11	0.11431438273891106
12	0.11431438273891106
13	0.11555871393858104
14	0.11431438273891106
15	0.11431438273891106
16	0.11431438273891106
17	0.11431438273891106
18	0.11431438273891106
19	0.11431438273891106
20	0.11663895750752529
21	0.11532625646171962
22	0.11431438273891106
23	0.11431438273891106
24	0.11431438273891106
25	0.11431438273891106
26	0.11431438273891106
27	0.11700815467665814
28	0.11431438273891106
29	0.11431438273891106
30	0.11431438273891106
31	0.11431438273891106
32	0.11431438273891106
33	0.11431438273891106
34	0.11435540464659251
35	0.11431438273891106
36	0.0
37	0.0
38	0.0
39	0.0
40	0.0
41	1.5805103014225553E-4
42	0.0
43	1.1016682838239015E-4
44	0.002240332997582095
45	0.0
46	0.0
47	0.0
48	0.0018020980302514036
49	0.0019229849391403037
50	0.004060911164161012
51	0.0
52	0.0
53	0.0
54	0.0
55	0.0
56	0.0
57	0.0
58	0.0
59	0.0
60	0.0
61	0.0
62	0.0
63	0.0
64	0.0
65	0.0
66	0.0
67	0.0
68	8.114979404254727E-4
69	0.004796433895003009
70	0.0
71	0.0
72	7.385602373791688E-4
73	0.0
74	0.0
75	0.003967169806813078
>>END_MODULE
>>Sequence Length Distribution	warn
#Length	Count
35	21019.0
36	6814.0
37	9467.0
38	11033.0
39	12542.0
40	13194.0
41	14032.0
42	14802.0
43	16656.0
44	17706.0
45	19458.0
46	20419.0
47	21561.0
48	22939.0
49	23680.0
50	23502.0
51	24614.0
52	25031.0
53	26316.0
54	27554.0
55	28107.0
56	30125.0
57	30973.0
58	31518.0
59	34555.0
60	34791.0
61	34754.0
62	34249.0
63	34508.0
64	37037.0
65	38514.0
66	38106.0
67	45118.0
68	41414.0
69	49695.0
70	56992.0
71	113679.0
72	358581.0
73	987474.0
74	3068909.0
75	9124893.0
>>END_MODULE
>>Sequence Duplication Levels	warn
#Total Duplicate Percentage	29.880734350372922
#Duplication Level	Relative count
1	100.0
2	20.27001477518609
3	7.905074681213105
4	3.8366466629787057
5	2.0937349009502335
6	1.2520394658525142
7	0.8059828999978993
8	0.6078133424832116
9	0.41244476811360786
10++	2.865405757420855
>>END_MODULE
>>Overrepresented sequences	warn
#Sequence	Count	Percentage	Possible Source
NNNNNNNNNNNNNNNNNNNNNNNNNNNNNNNNNNN	16720	0.11431438273891106	No Hit
>>END_MODULE
>>Kmer Content	fail
#Sequence	Count	Obs/Exp Overall	Obs/Exp Max	Max Obs/Exp Position
AAAAA	5823415	4.379131	10.544669	71
TTTTT	4882855	3.3479488	5.7798285	71
GGGGG	2132860	3.0226243	5.468024	71
CCTGG	2362100	2.9618032	10.954981	3
CCAGG	2237470	2.8578286	10.97395	3
CCCAG	2076095	2.6821063	9.911092	2
CTGGG	2082965	2.5822017	10.449298	4
GAAAA	2994130	2.555778	5.2989273	24
AGAAA	2986940	2.5496407	5.4311695	48
TTTCT	3155565	2.5304348	5.821903	16
CCAGC	1956090	2.5270717	5.511544	3
CAGCA	2208805	2.4853868	5.4795136	4
TGCTG	2259795	2.422779	6.468265	2
GCTGG	1940510	2.4056036	6.513296	3
TCCAG	2155370	2.3808794	7.626873	2
CTCCA	2025520	2.2630904	5.7225676	1
CTCCT	2055365	2.254412	5.5797806	1
CTGGA	2054875	2.2441466	7.932331	4
GGCTG	1794580	2.2246976	8.805298	7
CTGCT	2039315	2.211459	6.543981	9
CAGGA	1979985	2.2026665	8.295177	4
AGGAG	1990795	2.1895943	6.3376946	5
GCTGC	1738480	2.179855	5.7324843	8
TCCTG	2005085	2.1743395	7.6438465	2
CCTGC	1707210	2.1651828	6.2737494	8
CTGCC	1690585	2.1440983	5.873028	9
CCCTG	1681985	2.1331913	7.9200335	2
CTCTG	1966925	2.1329584	7.2223873	2
GGCAG	1686035	2.129099	5.9549484	7
CAGAG	1901075	2.114882	7.3036323	4
GCAGG	1653705	2.0882728	5.760187	3
TGCAG	1903920	2.0792875	5.3488364	2
GCCTG	1651105	2.0702968	7.596194	7
GAGAA	2101980	2.0366828	5.166214	47
CTGTG	1896720	2.0335178	10.576634	9
TGGAG	1864665	2.0133388	6.0426593	5
CACAG	1788355	2.012289	5.152831	7
CAGGG	1583830	2.0000358	8.544618	4
AGCTG	1825585	1.9937372	6.4388413	7
CCCCA	1507445	1.9697901	6.7453475	1
GTGTG	1845990	1.9567006	10.549798	9
CAGTG	1788190	1.9528977	6.7009854	7
GCCAG	1527850	1.95146	5.3536906	2
CTGGC	1545395	1.9377486	5.391771	4
CAGGC	1511715	1.9308516	5.378834	4
CACTG	1729915	1.9109105	6.478927	7
CTCAG	1725725	1.9062821	5.8356295	2
CAGAA	1915730	1.8774953	5.269655	4
CTGAG	1719095	1.8774387	5.906644	9
GGGAG	1484730	1.8536466	5.0486245	7
CCTCT	1678605	1.8411654	5.8150306	1
GGCCA	1417690	1.8107573	7.2888346	1
CATTT	2216165	1.8102609	5.207784	14
TTCTG	1946695	1.8050089	5.1210465	2
TGTGT	1965935	1.802191	8.728333	10
ACCTG	1630720	1.801337	6.57855	7
CCAGA	1586000	1.7845956	6.358556	3
TGGGG	1451750	1.7793044	6.74562	5
CACAC	1549910	1.7639768	5.44307	5
ACACA	1756850	1.7415222	5.512211	6
TCTGG	1605225	1.7209995	6.3084955	3
TGGCC	1365370	1.7120178	6.0593853	5
AGAGG	1545400	1.6997224	5.329937	5
GCCCA	1291285	1.6682104	7.248186	1
CCTGA	1509230	1.667136	5.21122	3
CCTGT	1467345	1.5912073	7.0949907	8
AGGTG	1471610	1.5889448	5.995088	7
TCTGT	1709500	1.5850779	5.618805	8
GGCCT	1262000	1.5824038	5.818619	1
TCAGG	1436670	1.5689998	5.3927784	3
GGGCC	1077710	1.5625116	5.389208	6
TGGGC	1256060	1.5571073	6.6728396	5
GGGCA	1220275	1.5409445	5.4650455	1
AGCCT	1372150	1.5157137	5.2570314	6
CCATG	1372070	1.5156252	5.306487	9
GTCCT	1397145	1.5150815	11.583694	1
GCTGT	1383935	1.4837492	6.227668	8
CTGTC	1356585	1.4710978	6.8595753	9
GCCCT	1136410	1.4412613	6.3043413	1
GGGCT	1149570	1.4250944	6.7051544	6
AGGCT	1304280	1.4244156	5.2535224	6
GACAG	1263290	1.4053677	5.4521513	7
AGGAC	1256645	1.3979753	10.672065	5
GGGTG	1125810	1.3798236	5.497435	7
GGACA	1219410	1.3565526	5.428629	6
ATGGC	1240560	1.3548263	5.969216	17
TGTCC	1240960	1.3457125	5.302291	10
GCTCT	1238545	1.3430939	5.5635915	1
AGGGC	1052435	1.3289984	5.875449	5
TGTGC	1220200	1.308205	7.6174827	10
GTGCT	1181700	1.2669282	6.2904787	1
AAGTG	1319265	1.2548904	5.1663003	7
GTCCA	1123315	1.2408439	6.8760533	1
GTGCA	1074025	1.1729519	5.696775	11
ACTGT	1206415	1.1394603	6.6939573	8
TGGAC	1039810	1.1355854	5.78759	5
GTCTT	1212565	1.124311	6.037521	1
GTTCT	1203355	1.1157713	5.4917564	1
AGTGT	1149760	1.073643	6.4470735	8
GGACC	828705	1.058471	6.3466487	6
GGGGT	849715	1.0414338	5.0285254	6
GACTG	945260	1.0323267	5.7740083	7
CTACA	1033770	1.0059983	5.1501403	4
GTGTT	1091110	1.0002308	5.070649	1
TGTAG	1053695	0.98393774	5.600998	2
AGACT	1013510	0.9751054	5.284271	6
GGACT	859410	0.9385691	5.1766214	6
TCCTA	953025	0.9104509	6.358015	2
TAGGA	945155	0.89903545	6.446544	4
GTGTA	824885	0.77027553	5.927727	1
>>END_MODULE
