##FastQC	0.10.1
>>Basic Statistics	pass
#Measure	Value	
Filename	018-F5_S4_L002_R1_001_trimmed.fq.gz	
File type	Conventional base calls	
Encoding	Sanger / Illumina 1.9	
Total Sequences	16213272	
Filtered Sequences	0	
Sequence length	20-50	
%GC	45	
>>END_MODULE
>>Per base sequence quality	pass
#Base	Mean	Median	Lower Quartile	Upper Quartile	10th Percentile	90th Percentile
1	35.36268669272926	36.0	36.0	36.0	36.0	36.0
2	35.355401118293706	36.0	36.0	36.0	36.0	36.0
3	35.33780436175992	36.0	36.0	36.0	36.0	36.0
4	35.33932879186879	36.0	36.0	36.0	36.0	36.0
5	35.325956167268394	36.0	36.0	36.0	36.0	36.0
6	35.291253178260376	36.0	36.0	36.0	36.0	36.0
7	35.28388970468145	36.0	36.0	36.0	36.0	36.0
8	35.27340434429275	36.0	36.0	36.0	36.0	36.0
9	35.266983863590276	36.0	36.0	36.0	36.0	36.0
10	35.24163105386747	36.0	36.0	36.0	36.0	36.0
11	35.231889281818006	36.0	36.0	36.0	36.0	36.0
12	35.21819315681622	36.0	36.0	36.0	36.0	36.0
13	35.213993325961596	36.0	36.0	36.0	36.0	36.0
14	35.19923486141477	36.0	36.0	36.0	36.0	36.0
15	35.187251777432714	36.0	36.0	36.0	36.0	36.0
16	35.17782030672156	36.0	36.0	36.0	36.0	36.0
17	35.160336605714136	36.0	36.0	36.0	36.0	36.0
18	35.1400373718519	36.0	36.0	36.0	36.0	36.0
19	35.12576992478755	36.0	36.0	36.0	36.0	36.0
20	35.129874093273706	36.0	36.0	36.0	36.0	36.0
21	35.10973861884782	36.0	36.0	36.0	36.0	36.0
22	35.105374771824096	36.0	36.0	36.0	36.0	36.0
23	35.097565327085626	36.0	36.0	36.0	36.0	36.0
24	35.08240783277911	36.0	36.0	36.0	36.0	36.0
25	35.07242394997887	36.0	36.0	36.0	36.0	36.0
26	35.063096771010386	36.0	36.0	36.0	36.0	36.0
27	35.06636261208161	36.0	36.0	36.0	36.0	36.0
28	35.049172190890495	36.0	36.0	36.0	36.0	36.0
29	35.039348609845135	36.0	36.0	36.0	36.0	36.0
30	35.03335466034131	36.0	36.0	36.0	36.0	36.0
31	35.01733393127501	36.0	36.0	36.0	36.0	36.0
32	35.01372206217618	36.0	36.0	36.0	36.0	36.0
33	34.9931701958185	36.0	36.0	36.0	36.0	36.0
34	34.981747808028814	36.0	36.0	36.0	36.0	36.0
35	34.970656106037055	36.0	36.0	36.0	36.0	36.0
36	34.956891035979126	36.0	36.0	36.0	36.0	36.0
37	34.96318031165017	36.0	36.0	36.0	36.0	36.0
38	34.953379613409204	36.0	36.0	36.0	36.0	36.0
39	34.93430433300295	36.0	36.0	36.0	36.0	36.0
40	34.92540290346078	36.0	36.0	36.0	36.0	36.0
41	34.913663709469986	36.0	36.0	36.0	36.0	36.0
42	34.89679549070307	36.0	36.0	36.0	36.0	36.0
43	34.896416848055274	36.0	36.0	36.0	36.0	36.0
44	34.87993013644798	36.0	36.0	36.0	36.0	36.0
45	34.87381800874489	36.0	36.0	36.0	36.0	36.0
46	34.8648447683229	36.0	36.0	36.0	36.0	36.0
47	34.88030509200271	36.0	36.0	36.0	36.0	36.0
48	34.89360486860372	36.0	36.0	36.0	36.0	36.0
49	34.976910138605405	36.0	36.0	36.0	36.0	36.0
50	35.059022794214066	36.0	36.0	36.0	36.0	36.0
>>END_MODULE
>>Per sequence quality scores	pass
#Quality	Count
14	7.0
15	56.0
16	210.0
17	558.0
18	1390.0
19	3225.0
20	6566.0
21	11491.0
22	18031.0
23	26518.0
24	37823.0
25	54079.0
26	75333.0
27	102259.0
28	136318.0
29	178155.0
30	229430.0
31	295946.0
32	399903.0
33	591269.0
34	1161974.0
35	6633278.0
36	6249453.0
>>END_MODULE
>>Per base sequence content	pass
#Base	G	A	T	C
1	22.525175308768684	26.55744968823991	27.276818238674533	23.640556764316873
2	22.600952503838215	26.664994373743777	27.472178958615867	23.26187416380214
3	22.494693687633134	26.703119185884965	27.442348495861747	23.359838630620153
4	22.738642761313077	26.30133510373477	27.77473294718056	23.1852891877716
5	22.789754795631776	26.39692080867013	27.367531712650916	23.445792683047177
6	22.264196305980462	26.878812600539355	27.537930716733587	23.319060376746595
7	22.35857734634714	26.807574203093814	27.524252245308713	23.309596205250337
8	22.460231189287157	26.697042312662617	27.416209056221323	23.42651744182891
9	22.30465503947616	26.781740782496833	27.540141204671283	23.37346297335573
10	22.335748172063692	26.85458892858418	27.532362615738048	23.27730028361408
11	22.939626718081517	26.737035190121144	27.225426912552507	23.097911179244832
12	22.240309804029927	26.970179894169448	27.63325530583686	23.156254995963753
13	22.357967156204932	26.79436080632972	27.79552226958221	23.052149767883133
14	22.42838689637992	26.535219853898052	27.91368933422701	23.122703915495023
15	22.278309469697344	26.86902278336608	27.7630641441509	23.089603602785676
16	22.389305502307	27.111393677969502	27.71974713062237	22.779553689101125
17	22.509720977432305	26.785834668721954	27.328690882878714	23.375753470967023
18	22.409992258194396	27.24537033610489	27.338183187206134	23.006454218494575
19	22.606997464039768	26.943639955325256	27.572985646006202	22.876376934628773
20	22.7423878857497	26.641628894750813	27.53255638155408	23.083426837945407
21	22.68759504996714	26.818331833766663	27.59597705055018	22.898096065716018
22	22.39338842934367	27.108068510161143	27.65603070663774	22.842512353857444
23	22.48643730504119	26.846127325665964	27.5963727638175	23.071062605475348
24	22.328891359379156	27.205198209615023	27.580775152895615	22.8851352781102
25	22.41994531031898	27.129690938154187	27.445473189101005	23.004890562425825
26	22.56211679267361	26.97627717386925	27.379891129108735	23.081714904348402
27	22.604361109398013	27.083062150158195	27.46668526326618	22.845891477177616
28	22.346378256715123	27.112160587237376	27.42603869101316	23.115422465034342
29	22.697714191319463	26.87182880175265	27.446938238420454	22.983518768507434
30	22.495656232287406	27.230652478291123	27.369763841204026	22.903927448217445
31	22.503333533590478	27.170909999204788	27.41794920564805	22.907807261556687
32	22.53509815753003	27.1552755343425	27.319067976140925	22.990558331986545
33	22.410947622827877	26.93613334745462	27.61453630467743	23.038382725040073
34	22.51273013000369	27.337665579913406	27.47731502158469	22.672289268498215
35	22.56315117571448	26.874622244617935	27.429574115621623	23.132652464045957
36	22.656355111097724	27.21768727973734	27.229164784079842	22.896792825085093
37	22.4995031907035	27.096777194008524	27.33448520187049	23.069234413417483
38	22.52476166796232	27.043102769970634	27.254578587412542	23.1775569746545
39	22.466165953997614	27.120933680004818	27.332852230491767	23.0800481355058
40	22.486626225913497	27.075963996999157	27.560871486691667	22.876538290395672
41	22.74432001190913	27.021975251709897	27.346476377906658	22.887228358474314
42	22.703107091316244	27.134833246040102	27.352583176534313	22.80947648610934
43	22.646593656212975	27.31661243754208	27.230237526554212	22.80655637969073
44	22.676741258078444	26.995955922663295	27.197040385728044	23.13026243353022
45	22.59851594431303	27.228988489436723	27.287312113922617	22.885183452327635
46	22.568179024192393	27.503963019333007	27.098703243852935	22.829154712621673
47	22.6960187895066	27.14631438650173	27.204252516223477	22.953414307768195
48	22.667038513923597	27.59018223943734	27.38477729486653	22.358001951772536
49	22.89254122583554	27.756345932952257	27.453827496539823	21.897285344672383
50	22.888672460644795	27.472039204055303	27.46894187339396	22.17034646190594
>>END_MODULE
>>Per base GC content	pass
#Base	%GC
1	46.16573207308555
2	45.862826667640356
3	45.85453231825329
4	45.923931949084675
5	46.23554747867895
6	45.58325668272706
7	45.66817355159748
8	45.88674863111606
9	45.67811801283189
10	45.61304845567777
11	46.037537897326345
12	45.39656479999368
13	45.410116924088065
14	45.55109081187494
15	45.36791307248302
16	45.168859191408124
17	45.885474448399336
18	45.416446476688975
19	45.483374398668545
20	45.82581472369511
21	45.58569111568316
22	45.23590078320112
23	45.55749991051653
24	45.21402663748936
25	45.42483587274481
26	45.643831697022016
27	45.45025258657563
28	45.46180072174946
29	45.68123295982689
30	45.399583680504854
31	45.41114079514716
32	45.52565648951658
33	45.44933034786795
34	45.1850193985019
35	45.695803639760435
36	45.55314793618281
37	45.56873760412098
38	45.702318642616824
39	45.54621408950341
40	45.36316451630917
41	45.63154837038345
42	45.51258357742559
43	45.453150035903704
44	45.807003691608664
45	45.48369939664067
46	45.39733373681406
47	45.6494330972748
48	45.02504046569613
49	44.78982657050793
50	45.059018922550734
>>END_MODULE
>>Per sequence GC content	warn
#GC Content	Count
0	996.0
1	1020.0
2	983.0
3	1024.5
4	1159.5
5	1426.5
6	1734.5
7	2229.0
8	2705.0
9	3443.0
10	4336.5
11	6129.0
12	7971.0
13	11383.5
14	15387.5
15	22341.5
16	30011.5
17	41981.5
18	55040.0
19	74105.5
20	93849.5
21	120087.0
22	147571.5
23	182358.5
24	219348.5
25	256838.0
26	299857.5
27	351534.5
28	406183.0
29	465999.5
30	527337.5
31	592307.5
32	661314.0
33	732214.5
34	801576.5
35	861543.5
36	918858.0
37	959562.0
38	990677.0
39	1008825.5
40	1026148.0
41	1038608.5
42	1049409.0
43	1048669.0
44	1042202.5
45	1022585.5
46	1003060.0
47	981932.5
48	959020.0
49	933745.0
50	909763.0
51	887766.0
52	862049.0
53	833838.5
54	807087.0
55	778111.5
56	744766.5
57	707619.5
58	670169.5
59	624955.0
60	577758.0
61	529119.5
62	480382.5
63	438169.5
64	389400.5
65	344977.5
66	302709.0
67	264463.5
68	225930.0
69	190161.0
70	159219.5
71	134459.0
72	112482.0
73	93205.5
74	75118.0
75	61826.5
76	51800.5
77	42658.5
78	34333.0
79	27960.0
80	22366.5
81	18047.0
82	14439.5
83	11773.0
84	9186.5
85	7237.0
86	5587.5
87	4338.5
88	3391.0
89	2584.0
90	1863.0
91	1479.0
92	1165.0
93	953.0
94	760.5
95	672.0
96	590.0
97	501.0
98	431.0
99	577.5
100	721.0
>>END_MODULE
>>Per base N content	pass
#Base	N-Count
1	0.0010115169843570133
2	2.467114595992715E-5
3	2.1587252714936258E-4
4	0.0
5	0.0011348727141566488
6	5.736041435683062E-4
7	8.264833896575595E-4
8	3.947383353588344E-4
9	4.2557726780874334E-4
10	2.6521481906921685E-4
11	3.515638299289619E-4
12	0.0011348727141566488
13	6.352820084681241E-4
14	4.5024841376867047E-4
15	2.467114595992715E-4
16	0.0
17	8.573223221074685E-4
18	0.0
19	5.180940651584702E-4
20	0.0010361881303169404
21	0.001493680650706545
22	0.001179794214239758
23	2.472772151293844E-5
24	6.187224803841772E-6
25	0.0013623930954908751
26	2.7272814049862887E-4
27	4.839394157486295E-4
28	0.00125455264422744
29	8.704069170989014E-5
30	9.647882778348731E-4
31	7.603066104671287E-4
32	0.001085739473443811
33	0.0012933933467846241
34	1.7519501394990298E-4
35	0.0
36	3.263139848384482E-4
37	5.3420069090375E-4
38	7.553601299017994E-5
39	4.2876609378262047E-4
40	2.842653266862414E-4
41	6.962180423260063E-5
42	4.3133685054704614E-4
43	2.225497023429524E-4
44	0.0
45	0.0
46	1.295421694738023E-5
47	1.398343894714027E-4
48	8.511247365148329E-5
49	0.0
50	0.0
>>END_MODULE
>>Sequence Length Distribution	warn
#Length	Count
20	11683.0
21	12325.0
22	13087.0
23	13842.0
24	14279.0
25	14774.0
26	15562.0
27	16363.0
28	16926.0
29	18730.0
30	19543.0
31	20214.0
32	21532.0
33	22222.0
34	22788.0
35	23830.0
36	23949.0
37	25161.0
38	26999.0
39	29182.0
40	30633.0
41	34707.0
42	38117.0
43	48835.0
44	83965.0
45	155036.0
46	421223.0
47	918774.0
48	1840234.0
49	2443854.0
50	9814903.0
>>END_MODULE
>>Sequence Duplication Levels	warn
#Total Duplicate Percentage	37.46466612545116
#Duplication Level	Relative count
1	100.0
2	25.770503085140493
3	10.731909502545534
4	5.543868429902011
5	3.2923806023257813
6	2.095080198012059
7	1.4147070094079188
8	0.953304502193617
9	0.7546668126471209
10++	5.851209421995605
>>END_MODULE
>>Overrepresented sequences	pass
>>END_MODULE
>>Kmer Content	warn
#Sequence	Count	Obs/Exp Overall	Obs/Exp Max	Max Obs/Exp Position
AAAAA	3505320	3.3746119	3.912714	46
TTTTT	3611310	3.1947665	3.953877	13
>>END_MODULE
