##FastQC	0.10.1
>>Basic Statistics	pass
#Measure	Value	
Filename	019-F0_S5_L004_R2_001.fastq.gz	
File type	Conventional base calls	
Encoding	Sanger / Illumina 1.9	
Total Sequences	14515035	
Filtered Sequences	0	
Sequence length	35-75	
%GC	45	
>>END_MODULE
>>Per base sequence quality	pass
#Base	Mean	Median	Lower Quartile	Upper Quartile	10th Percentile	90th Percentile
1	31.57197030527312	32.0	32.0	32.0	32.0	32.0
2	31.384034692303533	32.0	32.0	32.0	32.0	32.0
3	31.418593548000402	32.0	32.0	32.0	32.0	32.0
4	31.439768557223594	32.0	32.0	32.0	32.0	32.0
5	31.428210817266372	32.0	32.0	32.0	32.0	32.0
6	35.190552003491554	36.0	36.0	36.0	36.0	36.0
7	35.181975379322196	36.0	36.0	36.0	36.0	36.0
8	35.14021674766888	36.0	36.0	36.0	36.0	36.0
9	35.20752392260852	36.0	36.0	36.0	36.0	36.0
10	35.088091485828315	36.0	36.0	36.0	36.0	36.0
11	35.185208785235446	36.0	36.0	36.0	36.0	36.0
12	35.109192709490536	36.0	36.0	36.0	36.0	36.0
13	35.13554614232759	36.0	36.0	36.0	36.0	36.0
14	35.09196422881516	36.0	36.0	36.0	36.0	36.0
15	35.07014478435636	36.0	36.0	36.0	36.0	36.0
16	35.07215408023474	36.0	36.0	36.0	36.0	36.0
17	35.059832993857746	36.0	36.0	36.0	36.0	36.0
18	35.04763805254345	36.0	36.0	36.0	36.0	36.0
19	35.03834603223485	36.0	36.0	36.0	36.0	36.0
20	35.0243338028465	36.0	36.0	36.0	36.0	36.0
21	35.01205846213943	36.0	36.0	36.0	36.0	36.0
22	35.00304849419929	36.0	36.0	36.0	36.0	36.0
23	34.987689454417435	36.0	36.0	36.0	36.0	36.0
24	34.9771831070335	36.0	36.0	36.0	36.0	36.0
25	34.95752032289278	36.0	36.0	36.0	36.0	36.0
26	34.942871649982244	36.0	36.0	36.0	36.0	36.0
27	34.9190596509068	36.0	36.0	36.0	36.0	36.0
28	34.914330347808324	36.0	36.0	36.0	36.0	36.0
29	34.89388079326023	36.0	36.0	36.0	36.0	36.0
30	34.87066583029252	36.0	36.0	36.0	36.0	36.0
31	34.860223416615945	36.0	36.0	36.0	36.0	36.0
32	34.84245081048719	36.0	36.0	36.0	36.0	36.0
33	34.83442651016687	36.0	36.0	36.0	36.0	36.0
34	34.825599456012334	36.0	36.0	36.0	36.0	36.0
35	34.81758025385402	36.0	36.0	36.0	36.0	36.0
36	34.818836135818636	36.0	36.0	36.0	36.0	36.0
37	34.79992166099659	36.0	36.0	36.0	36.0	36.0
38	34.793623706267745	36.0	36.0	36.0	36.0	36.0
39	34.75938151745963	36.0	36.0	36.0	36.0	36.0
40	34.76440051190524	36.0	36.0	36.0	36.0	36.0
41	34.74543479989919	36.0	36.0	36.0	36.0	36.0
42	34.73921795967356	36.0	36.0	36.0	36.0	36.0
43	34.724363566633436	36.0	36.0	36.0	36.0	36.0
44	34.706284278115035	36.0	36.0	36.0	36.0	36.0
45	34.692679112814034	36.0	36.0	36.0	36.0	36.0
46	34.65820449805197	36.0	36.0	36.0	36.0	36.0
47	34.662828459696364	36.0	36.0	36.0	36.0	36.0
48	34.63902353914066	36.0	36.0	36.0	36.0	36.0
49	34.62874706212975	36.0	36.0	36.0	36.0	36.0
50	34.60914020919028	36.0	36.0	36.0	36.0	36.0
51	34.5867896074066	36.0	36.0	36.0	36.0	36.0
52	34.57389155757455	36.0	36.0	36.0	32.0	36.0
53	34.53706921080631	36.0	36.0	36.0	32.0	36.0
54	34.52798054293605	36.0	36.0	36.0	32.0	36.0
55	34.48902135120431	36.0	36.0	36.0	32.0	36.0
56	34.46550678560153	36.0	36.0	36.0	32.0	36.0
57	34.463238618780416	36.0	36.0	36.0	32.0	36.0
58	34.43395993517189	36.0	36.0	36.0	32.0	36.0
59	34.42557206693969	36.0	36.0	36.0	32.0	36.0
60	34.409039441324126	36.0	36.0	36.0	32.0	36.0
61	34.37692721481576	36.0	36.0	36.0	32.0	36.0
62	34.34466632704755	36.0	36.0	36.0	32.0	36.0
63	34.33481394628694	36.0	36.0	36.0	32.0	36.0
64	34.29120882128333	36.0	36.0	36.0	32.0	36.0
65	34.28840286570367	36.0	36.0	36.0	32.0	36.0
66	34.254475331231575	36.0	36.0	36.0	32.0	36.0
67	34.22458337043263	36.0	36.0	36.0	32.0	36.0
68	34.183920817136496	36.0	36.0	36.0	32.0	36.0
69	34.17793896652575	36.0	36.0	36.0	32.0	36.0
70	34.16487081458939	36.0	36.0	36.0	32.0	36.0
71	34.130119656388096	36.0	36.0	36.0	32.0	36.0
72	34.114538149542135	36.0	36.0	36.0	32.0	36.0
73	34.0673907667512	36.0	36.0	36.0	32.0	36.0
74	34.00495002803817	36.0	36.0	36.0	32.0	36.0
75	33.03307693008222	36.0	36.0	36.0	21.0	36.0
>>END_MODULE
>>Per sequence quality scores	pass
#Quality	Count
2	13327.0
3	1015.0
4	1310.0
5	220.0
6	111.0
7	122.0
8	131.0
9	75.0
10	109.0
11	143.0
12	179.0
13	217.0
14	1276.0
15	3074.0
16	4953.0
17	7551.0
18	10549.0
19	14174.0
20	19251.0
21	26320.0
22	35815.0
23	47448.0
24	63467.0
25	83596.0
26	108687.0
27	137731.0
28	173047.0
29	213837.0
30	266983.0
31	338532.0
32	455070.0
33	684070.0
34	1497922.0
35	1.0304723E7
>>END_MODULE
>>Per base sequence content	fail
#Base	G	A	T	C
1	46.3003611067301	17.364549115873658	10.013779335740987	26.32131044165526
2	16.889309239292054	19.385427879254667	37.071457300349955	26.653805581103324
3	20.401716181330354	21.08603448788286	27.954180090638836	30.55806924014795
4	13.723871133600818	14.460959264824808	35.986440066446676	35.82872953512769
5	15.342898870586918	34.28522524885858	34.936664899868326	15.435210980686175
6	34.671914620339905	34.56597762447338	16.63066008796612	14.131447667220593
7	30.707848769242034	28.971632335603402	20.775807404507614	19.544711490646947
8	26.52035629727599	33.935089162601535	20.410935888671307	19.133618651451172
9	24.863689128932585	14.826222476859998	20.896602234067156	39.413486160140266
10	15.007151297676351	25.78699451540716	34.97558433302975	24.23026985388674
11	34.081013425493026	22.966278904311142	24.207512970647	18.745194699548836
12	22.75950512402903	24.108156710402262	31.370594221002673	21.761743944566035
13	28.347021263695776	20.642174276126827	25.805644149402163	25.205160310775238
14	20.24078865713896	21.089224277874408	27.257286748339876	31.412700316646752
15	22.589096822535165	30.04189582198521	23.139400675710583	24.22960667976904
16	22.682772450754467	27.861644825135308	26.476903877396058	22.978678846714168
17	21.793046106716606	28.11511404123699	27.727758108128707	22.3640817439177
18	22.189668540147395	27.214349372425346	28.713189138778294	21.88279294864897
19	23.194391444958665	26.688605004788577	27.181948591280563	22.935054958972188
20	22.995614009372094	27.040879005359276	27.77672662382879	22.186780361439844
21	22.397539745449237	26.606220218330623	27.157254387705017	23.83898564851512
22	22.6486231524066	27.182653471017865	27.41701755288747	22.751705823688074
23	22.10439900871684	27.209868739000132	27.753403759155663	22.932328493127365
24	22.863952078031293	26.316055216985358	28.223147496186947	22.5968452087964
25	22.671317138076994	26.672295240785367	27.685949016568774	22.970438604568873
26	21.94880601801384	27.298635286560575	27.895459000687257	22.857099694738327
27	22.0935471207141	27.263899411573544	27.713823079139534	22.928730388572824
28	22.105014766028766	27.090410144779785	27.363940705223932	23.440634383967517
29	22.310449819561427	27.000666236857207	27.424448892155308	23.264435051426062
30	22.00720966389369	27.0545055363787	27.89320029184108	23.045084507886532
31	23.167984100294188	26.69911826496088	27.284175510413554	22.84872212433137
32	21.975899113414773	27.491205436815896	27.78193525432893	22.75096019544041
33	22.01950853469938	27.337851335012864	28.12381199993626	22.518828130351498
34	22.22440435257055	26.96732329935074	28.200610945910736	22.60766140216798
35	22.00993052221468	27.41006931223063	28.002651634300722	22.577348531253964
36	22.083487792531578	27.419617570409073	28.20919298371981	22.287701653339536
37	22.277147195346927	26.93372547863966	27.31948471300668	23.46964261300673
38	22.241522417440233	27.86829677491598	27.280633790152176	22.60954701749161
39	22.722732595186088	27.16082252903076	27.57177762979287	22.544667245990283
40	22.97498516368867	26.75930873154583	27.689186809821294	22.576519294944212
41	22.89867257949476	26.923727573262052	27.732171728913897	22.445428118329293
42	22.232492520754814	27.758816192037532	27.793581340868133	22.215109946339513
43	22.239335472831847	27.444528845719972	27.77887970040746	22.53725598104072
44	21.94937804468693	27.774691764782144	27.709780457395834	22.566149733135095
45	22.159092247938556	27.742778725177875	27.479641293670326	22.61848773321324
46	22.356379474162384	27.116458259645327	27.52987398483934	22.997288281352944
47	22.88654928604101	27.227846458882958	27.42201759008565	22.463586664990377
48	22.052122415162177	27.589743390199928	27.450337733705805	22.907796460932094
49	22.9002502809766	26.99741706025649	27.287317859066118	22.81501479970079
50	22.190353900157582	28.05217386460253	27.18692443264073	22.570547802599155
51	22.298534163340427	27.662179760619495	27.504589301039672	22.534696775000405
52	22.336513287511135	27.86998808965324	27.188671031141798	22.604827591693827
53	22.164439612405918	27.19547676475767	27.966773058466117	22.6733105643703
54	22.343324670044257	27.96927639651201	27.56452396764415	22.122874965799586
55	22.299772672159126	26.98509095285066	27.689825471561324	23.025310903428885
56	22.526027253505525	27.57163238057318	27.113455634453015	22.788884731468272
57	22.327968723227386	27.552676564290003	27.131213468497332	22.988141243985282
58	22.530207392525966	27.597859680536647	26.851530007844026	23.020402919093357
59	22.507452419573955	27.55560285572419	27.01515927333315	22.921785451368713
60	22.22197981485631	27.35139498849365	27.821060436674983	22.605564759975053
61	22.73429039134439	27.239025637902515	27.288383026349194	22.738300944403903
62	22.667134918743596	27.263785853472672	27.60934851666203	22.459730711121704
63	22.531219432166928	27.850901774812893	27.243050242647232	22.37482855037295
64	22.60134541240483	27.345276720081515	27.052324248428818	23.00105361908484
65	22.650854501594885	27.821170560593174	27.077835114423753	22.45013982338818
66	22.491335447764925	28.51035390786657	26.775822650503304	22.222487993865197
67	22.8964569228593	27.33023850976811	26.841072646071286	22.932231921301298
68	22.779989359445658	27.850722075018563	27.280210756715277	22.089077808820498
69	23.116032627784232	27.43148698087447	27.268037453115124	22.184442938226173
70	23.536557233751658	27.16941425934018	26.931510450066025	22.362518056842138
71	22.896254149881052	28.02148799633446	26.875123731872712	22.20713412191177
72	22.659206143445516	28.075028213977728	27.230078379250557	22.035687263326203
73	23.73710077682787	28.854189373052243	26.83630532473226	20.572404525387636
74	24.476867951539205	31.136454634581707	27.673656856560054	16.713020557319037
75	29.652313505835686	41.76893617591488	28.57875031824943	0.0
>>END_MODULE
>>Per base GC content	fail
#Base	%GC
1	72.62167154838536
2	43.543114820395374
3	50.95978542147831
4	49.552600668728516
5	30.778109851273094
6	48.803362287560496
7	50.25256025988898
8	45.65397494872716
9	64.27717528907284
10	39.23742115156309
11	52.82620812504186
12	44.52124906859506
13	53.552181574471014
14	51.65348897378571
15	46.8187035023042
16	45.66145129746864
17	44.1571278506343
18	44.072461488796364
19	46.12944640393086
20	45.182394370811934
21	46.23652539396436
22	45.40032897609467
23	45.036727501844204
24	45.46079728682769
25	45.64175574264586
26	44.80590571275217
27	45.02227750928692
28	45.54564914999628
29	45.57488487098749
30	45.05229417178022
31	46.01670622462556
32	44.72685930885518
33	44.53833666505088
34	44.83206575473852
35	44.58727905346865
36	44.37118944587112
37	45.74678980835366
38	44.851069434931844
39	45.26739984117637
40	45.55150445863288
41	45.344100697824054
42	44.447602467094335
43	44.77659145387257
44	44.51552777782202
45	44.7775799811518
46	45.35366775551533
47	45.35013595103139
48	44.95991887609427
49	45.71526508067739
50	44.76090170275673
51	44.83323093834083
52	44.941340879204965
53	44.83775017677621
54	44.466199635843836
55	45.32508357558802
56	45.3149119849738
57	45.31610996721267
58	45.55061031161932
59	45.429237870942664
60	44.82754457483137
61	45.4725913357483
62	45.1268656298653
63	44.906047982539874
64	45.60239903148967
65	45.10099432498307
66	44.71382344163012
67	45.8286888441606
68	44.869067168266156
69	45.300475566010405
70	45.89907529059379
71	45.103388271792824
72	44.69489340677172
73	44.309505302215506
74	41.18988850885824
75	29.652313505835686
>>END_MODULE
>>Per sequence GC content	warn
#GC Content	Count
0	13388.0
1	7022.5
2	806.5
3	904.0
4	854.5
5	792.5
6	728.5
7	837.0
8	949.0
9	1097.5
10	1502.0
11	2126.0
12	2511.0
13	2933.0
14	4094.0
15	5972.5
16	7455.5
17	10231.5
18	16479.0
19	24675.0
20	30357.5
21	39656.5
22	57510.5
23	78343.5
24	92693.5
25	111274.0
26	143120.0
27	176121.0
28	198723.5
29	228018.5
30	275991.0
31	327419.0
32	364130.5
33	406352.0
34	479057.5
35	553634.5
36	596621.0
37	630476.0
38	660617.5
39	661525.0
40	659258.5
41	650261.0
42	634749.0
43	629188.5
44	630129.5
45	627807.5
46	616734.5
47	602171.5
48	595079.5
49	583814.5
50	561647.0
51	538514.0
52	523757.5
53	511379.5
54	489423.5
55	465368.5
56	450146.0
57	434354.5
58	407526.5
59	375231.0
60	348165.5
61	320772.5
62	284647.5
63	248129.0
64	220149.5
65	197424.5
66	166882.5
67	136112.0
68	114665.5
69	98784.5
70	80068.5
71	62275.5
72	50543.0
73	42591.5
74	34192.0
75	26752.5
76	21897.5
77	18535.5
78	14680.5
79	11419.5
80	9424.0
81	7908.0
82	6166.0
83	4464.0
84	3427.5
85	2958.0
86	2349.0
87	1708.0
88	1447.0
89	1313.5
90	1158.0
91	1062.5
92	995.0
93	952.5
94	923.5
95	946.0
96	963.0
97	1014.0
98	1230.5
99	4578.0
100	7760.0
>>END_MODULE
>>Per base N content	pass
#Base	N-Count
1	0.09876655481712583
2	0.10308621370875096
3	0.09165668563665193
4	0.09496360153454676
5	0.0980293881482201
6	0.10270040685399656
7	0.10968626668829941
8	0.11113304239362841
9	0.11028564519479285
10	0.11689258758246192
11	0.11520468259291143
12	0.11557671063142458
13	0.118676944285701
14	0.11833247387967027
15	0.1199308165636528
16	0.12320328542094457
17	0.12067487264067914
18	0.12369932280562879
19	0.12427803308776036
20	0.12221810005969673
21	0.11727839443721631
22	0.12354775582697528
23	0.12586259695550164
24	0.12033729164276903
25	0.12111579476039845
26	0.12602105334227579
27	0.12797764524853023
28	0.12104001127107168
29	0.12875614836615965
30	0.1247258446156003
31	0.12513231969471655
32	0.12212164834600812
33	0.12750916549632846
34	0.12744027141512232
35	0.1261795097290499
36	0.03800786640762557
37	0.04211514757340867
38	0.04034912656251941
39	0.04263682825076475
40	0.04979120363690588
41	0.04533084990299129
42	0.0480712059491315
43	0.04305563280296874
44	0.04603237924478241
45	0.047686848418859555
46	0.034276577034526995
47	0.044576307539883966
48	0.038687589174198476
49	0.043287611344274314
50	0.043717905429978235
51	0.046239349393679914
52	0.04368335358682049
53	0.04331585752896233
54	0.04334778306053389
55	0.03733467398329182
56	0.04489541010165659
57	0.043944410391076466
58	0.04095539519283675
59	0.043002725924761155
60	0.04247149370930697
61	0.03893741787577472
62	0.04050921334918474
63	0.04479588601621877
64	0.0398432911112923
65	0.039478957530456237
66	0.043400308933690596
67	0.04651447194381361
68	0.04051867924736643
69	0.039098129765399
70	0.04471725027412929
71	0.04102504734702885
72	0.03607899148538717
73	0.04258253218288416
74	0.04252004161143844
75	0.05603408329364699
>>END_MODULE
>>Sequence Length Distribution	warn
#Length	Count
35	15405.0
36	3658.0
37	4952.0
38	5890.0
39	6669.0
40	7080.0
41	7421.0
42	8244.0
43	9363.0
44	10507.0
45	12002.0
46	12601.0
47	13861.0
48	14514.0
49	15757.0
50	15698.0
51	16433.0
52	16898.0
53	17466.0
54	18986.0
55	19593.0
56	21318.0
57	22812.0
58	23458.0
59	24945.0
60	26296.0
61	25432.0
62	24964.0
63	25199.0
64	27222.0
65	28970.0
66	28676.0
67	36091.0
68	32945.0
69	44341.0
70	48543.0
71	103701.0
72	352489.0
73	993998.0
74	3037032.0
75	9333605.0
>>END_MODULE
>>Sequence Duplication Levels	warn
#Total Duplicate Percentage	32.5125347643856
#Duplication Level	Relative count
1	100.0
2	23.2603695830401
3	8.721550304358235
4	4.155814004106478
5	2.115634363822362
6	1.3886571235788756
7	0.9112608919618954
8	0.5833230550456718
9	0.4186286103996924
10++	3.549999637236906
>>END_MODULE
>>Overrepresented sequences	pass
>>END_MODULE
>>Kmer Content	fail
#Sequence	Count	Obs/Exp Overall	Obs/Exp Max	Max Obs/Exp Position
AAAAA	5395020	3.7715178	10.584194	71
TTTTT	4546205	3.018948	5.542781	33
GGGGG	1963855	2.9794416	5.008561	71
CCTGG	2229430	2.928182	11.885265	3
CAGCA	2530300	2.87567	6.7688737	4
TGCTG	2593410	2.8571985	7.795025	2
CCAGG	2144990	2.8463795	12.303268	3
AGAAA	3330145	2.7182336	6.680593	48
GAAAA	3273200	2.671752	6.7637467	24
TTTCT	3350875	2.6527717	7.016949	16
CTGCT	2379540	2.649314	6.596519	9
GCTGC	2015150	2.6467419	5.7069964	8
CCCAG	1949460	2.614286	10.709788	2
AGCAG	2302260	2.5891078	5.207689	7
TTTTC	3213620	2.5441117	5.512066	24
CCAGC	1874750	2.5140977	6.31493	3
CTGGG	1916445	2.4907453	10.09618	4
GGAGG	1888430	2.453725	5.372873	6
TCCAG	2157210	2.4265885	8.779523	2
GCTGG	1862065	2.4200692	6.6100802	3
CTCCT	2073815	2.3333597	6.18052	1
AGGAG	2063460	2.2962577	6.5398808	5
CTGGA	2058475	2.2912793	8.504366	4
CTCCA	1983045	2.2542784	6.2451587	1
CAGCC	1665135	2.2329974	5.0077047	9
CAGGA	1984530	2.2317905	8.847918	4
TCCTG	1972435	2.1960547	8.29062	2
CCTGC	1647735	2.1870706	6.1203003	3
CTGCC	1638530	2.1748526	5.6490345	9
GGCTG	1672405	2.173574	8.215379	7
GGCAG	1651810	2.1689842	6.025176	7
GAGAA	2237525	2.1325145	6.4644036	47
CCCTG	1596895	2.1195896	8.901073	2
GCAGG	1613630	2.11885	6.2978535	3
CTCTG	1901760	2.117367	7.3925633	2
CAGAG	1881760	2.1162162	7.38588	4
CTGCA	1847180	2.077844	5.9814095	4
TTCTC	2185575	2.0627296	5.596204	17
TGCAG	1839695	2.0477567	6.4226346	2
AAAAT	2945165	2.0378368	5.5069337	42
AGCTG	1820040	2.0258784	5.767401	7
TGGAG	1836380	2.0226643	6.006321	5
GCCTG	1528885	2.0080707	6.5177126	7
TGGAA	2126070	2.0055723	5.575906	11
CAGGG	1524815	2.0022273	8.950372	4
GCCAG	1486875	1.9730678	5.4952674	2
GGAAA	2065865	1.9689108	6.1859584	40
CTGGC	1498920	1.9687139	5.7560253	4
CACAG	1729440	1.9654976	6.3876467	7
CAGAA	2040225	1.965049	5.0539646	4
CTGTG	1774350	1.9548277	8.786391	9
CCCCA	1435095	1.9448702	6.799201	1
TGAAA	2367825	1.9129779	5.470677	30
CTGAA	1998820	1.9054856	5.897979	29
TTCTG	2029590	1.895456	5.073792	2
CAGGC	1422340	1.8874302	5.740982	4
CAGTG	1682730	1.8730392	8.320167	7
CTCAG	1664735	1.8726165	5.8594227	2
CCTCT	1660560	1.8683845	5.710468	1
CTGAG	1649680	1.8362515	5.6431823	4
CATTT	2286920	1.8291777	6.288055	14
CCAGA	1609140	1.8287777	6.41942	3
ACCTG	1590950	1.7896175	5.536601	8
GTGTG	1641090	1.7890826	9.728581	9
CACTG	1586730	1.7848706	6.719345	7
GGCCA	1333210	1.7691556	6.371123	1
TCTGG	1598980	1.7616199	6.1223173	3
TGGGG	1363420	1.7534419	5.8972325	5
AAATG	2089105	1.6877983	5.533083	43
TGGCC	1282375	1.6842992	5.522062	5
TGTGT	1803035	1.6662428	7.789199	10
CCTGA	1479405	1.6641437	5.3264623	3
AAAAC	2000300	1.6500229	5.2943172	25
ACAGA	1706490	1.6436111	5.3875685	8
ACACA	1684295	1.6393993	6.2563667	6
CACAC	1409625	1.6189815	6.392415	5
GCCCA	1198225	1.6068567	6.9103913	1
TCAGG	1424290	1.5853709	5.3572483	3
CCTGT	1402100	1.5610594	5.5875497	8
ATTTC	1942305	1.5535398	6.0867605	15
TGAGA	1636070	1.5433438	5.73347	46
GGCCT	1169265	1.5357381	5.2062826	1
GGGCC	979280	1.5173118	5.1857333	6
GTCCT	1360600	1.5148546	13.436374	1
TGGGC	1147225	1.4910134	6.1169066	5
GCTGT	1342875	1.4794654	5.484475	8
CTGTC	1315875	1.4650587	5.9418373	9
AGTGG	1312595	1.4457458	5.72742	8
AGGAC	1253965	1.4102015	12.879314	5
GCCCT	1057470	1.4036003	6.249585	1
GACAG	1241065	1.3956943	6.057204	7
ATGGC	1246070	1.3869952	7.8179927	17
GGGCT	1062485	1.3808794	5.944399	6
AATGA	1678655	1.3561939	5.0532327	44
GGACA	1181635	1.3288598	6.152762	6
GCTCT	1187920	1.3225973	5.0061717	1
ACTGA	1384005	1.3193792	5.198035	28
TGTCC	1176360	1.3097267	5.148576	10
AGGGC	992200	1.3028532	5.5380907	5
ATGAG	1358525	1.2815291	5.453798	45
AACTG	1339740	1.2771811	5.195754	27
TGTGC	1124995	1.2394236	7.4258657	10
GTGCT	1115015	1.2284286	6.597707	1
GTCCA	1081760	1.2168434	6.9874463	1
AGCAC	1009025	1.1467506	5.0167904	5
GTCTT	1222080	1.1413138	5.463181	1
TACAG	1190910	1.1353009	6.3444686	5
TGGAC	1001840	1.1151439	5.693735	5
CTGTA	1176750	1.1103321	6.714683	1
GTGCA	995045	1.1075803	5.941193	11
ACAGT	1151715	1.097936	5.5989504	6
AATAT	1562555	1.0701184	5.134182	14
ACTGT	1122255	1.0589129	5.7383304	8
GGACC	783085	1.0391457	6.760285	6
AGTGT	1102345	1.0292361	6.4750514	8
GACTG	903150	1.0052923	5.3621264	7
CTACA	1024650	0.98714006	7.083759	4
TGTAG	1045475	0.9761377	7.5617466	2
TAGGA	979120	0.9236272	8.556341	4
TCCTA	967560	0.9226093	8.198799	2
ATATG	1100690	0.88016087	5.752788	15
TATGG	931385	0.8696143	6.258872	16
CCTAC	729600	0.8293919	6.6251655	3
GTAGG	735650	0.81027514	7.1681986	3
GTGTA	760295	0.7098713	5.688111	1
GGACG	484685	0.63643765	6.333228	6
>>END_MODULE
