##FastQC	0.10.1
>>Basic Statistics	pass
#Measure	Value	
Filename	KS25_S6_L003_R2_001_trimmed.fq.gz	
File type	Conventional base calls	
Encoding	Sanger / Illumina 1.9	
Total Sequences	14420535	
Filtered Sequences	0	
Sequence length	20-50	
%GC	45	
>>END_MODULE
>>Per base sequence quality	pass
#Base	Mean	Median	Lower Quartile	Upper Quartile	10th Percentile	90th Percentile
1	34.923121229552166	36.0	36.0	36.0	36.0	36.0
2	34.92184728236504	36.0	36.0	36.0	36.0	36.0
3	34.90545898609171	36.0	36.0	36.0	36.0	36.0
4	34.89135888508991	36.0	36.0	36.0	36.0	36.0
5	34.86888329732565	36.0	36.0	36.0	36.0	36.0
6	34.85277730680588	36.0	36.0	36.0	36.0	36.0
7	34.844730795355375	36.0	36.0	36.0	36.0	36.0
8	34.839521557279255	36.0	36.0	36.0	36.0	36.0
9	34.81887572132379	36.0	36.0	36.0	36.0	36.0
10	34.79410514242363	36.0	36.0	36.0	36.0	36.0
11	34.78644453898555	36.0	36.0	36.0	32.0	36.0
12	34.76341987311844	36.0	36.0	36.0	32.0	36.0
13	34.74991413286678	36.0	36.0	36.0	32.0	36.0
14	34.73573733568137	36.0	36.0	36.0	32.0	36.0
15	34.72920782758754	36.0	36.0	36.0	32.0	36.0
16	34.71024327460805	36.0	36.0	36.0	32.0	36.0
17	34.697293616360284	36.0	36.0	36.0	32.0	36.0
18	34.68200666618818	36.0	36.0	36.0	32.0	36.0
19	34.661856442912836	36.0	36.0	36.0	32.0	36.0
20	34.654576477225014	36.0	36.0	36.0	32.0	36.0
21	34.6412937252525	36.0	36.0	36.0	32.0	36.0
22	34.63885022399052	36.0	36.0	36.0	32.0	36.0
23	34.62184767134254	36.0	36.0	36.0	32.0	36.0
24	34.58463459966653	36.0	36.0	36.0	32.0	36.0
25	34.57587739782581	36.0	36.0	36.0	32.0	36.0
26	34.54434728662443	36.0	36.0	36.0	32.0	36.0
27	34.53355400817948	36.0	36.0	36.0	32.0	36.0
28	34.51516127207773	36.0	36.0	36.0	32.0	36.0
29	34.49559754226479	36.0	36.0	36.0	32.0	36.0
30	34.47290222462234	36.0	36.0	36.0	32.0	36.0
31	34.451738242394825	36.0	36.0	36.0	32.0	36.0
32	34.43451616541436	36.0	36.0	36.0	32.0	36.0
33	34.39247158230772	36.0	36.0	36.0	32.0	36.0
34	34.35936647564623	36.0	36.0	36.0	32.0	36.0
35	34.33662770954425	36.0	36.0	36.0	32.0	36.0
36	34.3222928040927	36.0	36.0	36.0	32.0	36.0
37	34.296535186685595	36.0	36.0	36.0	32.0	36.0
38	34.273191019938	36.0	36.0	36.0	32.0	36.0
39	34.24149205634895	36.0	36.0	36.0	32.0	36.0
40	34.22924655938009	36.0	36.0	36.0	32.0	36.0
41	34.19900168092878	36.0	36.0	36.0	32.0	36.0
42	34.17735015902917	36.0	36.0	36.0	32.0	36.0
43	34.15403285464345	36.0	36.0	36.0	32.0	36.0
44	34.125364374293945	36.0	36.0	36.0	32.0	36.0
45	34.102582285851796	36.0	36.0	36.0	32.0	36.0
46	34.09478312878442	36.0	36.0	36.0	32.0	36.0
47	34.0944356049345	36.0	36.0	36.0	32.0	36.0
48	34.11239273482895	36.0	36.0	36.0	32.0	36.0
49	34.18956954856317	36.0	36.0	36.0	32.0	36.0
50	34.34394313521497	36.0	36.0	36.0	32.0	36.0
>>END_MODULE
>>Per sequence quality scores	pass
#Quality	Count
14	913.0
15	1844.0
16	3249.0
17	5451.0
18	8166.0
19	12494.0
20	18330.0
21	25880.0
22	36526.0
23	51261.0
24	68842.0
25	91974.0
26	121029.0
27	155872.0
28	198330.0
29	248332.0
30	310222.0
31	396639.0
32	530769.0
33	779469.0
34	1472006.0
35	6372687.0
36	3510250.0
>>END_MODULE
>>Per base sequence content	pass
#Base	G	A	T	C
1	22.80020701241735	26.369028412613776	26.76263771211197	24.068126862856907
2	22.94574369120147	26.752724500165908	27.176467447289575	23.125064361343043
3	22.44493009447985	26.92714937413903	27.278960177274975	23.34896035410614
4	22.891751242238932	26.2998217472514	27.791188052315675	23.017238958193992
5	23.069338273510656	26.400060746706	27.292482560459792	23.238118419323555
6	22.378961668204404	26.86212404740878	27.6027484417187	23.156165842668113
7	22.409695987233423	26.882430010615003	27.340386380142622	23.36748762200895
8	22.520620767537405	26.747766292998143	27.127897820711922	23.60371511875253
9	22.638189221135	26.784436222373166	27.063212287200162	23.514162269291674
10	22.383358176378337	26.834150050604922	27.43116673549213	23.351325037524614
11	23.411315876976822	26.497692353300344	26.936725995256072	23.154265774466758
12	22.33901862864311	27.10787775904292	27.543513468813746	23.009590143500226
13	22.30613496655984	26.87570884159291	27.906884175933833	22.91127201591342
14	22.509555648062566	26.538561796172665	27.89836628046031	23.053516275304464
15	22.320725271288477	26.958666928792862	27.70911758821708	23.011490211701577
16	22.375078317135948	27.2055995148585	27.66684453801471	22.752477629990842
17	22.64935385545682	26.83950352743501	26.939319519005362	23.571823098102808
18	22.624209157288547	27.55096811595409	26.951815587979226	22.87300713877814
19	22.958253629286293	26.928390659569846	27.198907668820887	22.91444804232298
20	22.976456837419693	26.593507106359095	27.45143644115839	22.978599615062826
21	22.970548299607934	26.567656261394696	27.517924177758946	22.943871261238424
22	22.464394457604307	27.307378486962623	27.560583039691505	22.667644015741562
23	22.51889982900727	27.031422814626588	27.452218100504027	22.99745925586211
24	22.329700853611907	27.38073654561015	27.38205599185322	22.90750660892472
25	22.435086429502896	27.331741834827966	27.324237537516243	22.908934198152895
26	22.718491935245414	26.970553370290922	27.160682837702797	23.150271856760867
27	23.005303567736586	27.00026010614156	27.185121507478314	22.80931481864354
28	22.374835156223288	27.139008484996175	27.211776820696258	23.27437953808428
29	23.022822521085576	26.746814967504502	27.091461731006206	23.138900780403716
30	22.472948985377208	27.61464645840214	27.03485696017634	22.877547596044305
31	22.642762890729692	27.213441289067656	27.273636205603065	22.870159614599586
32	22.63173625769609	27.33689488248584	27.010174668369864	23.021194191448206
33	22.391730494062863	26.926905929182706	27.69817137276084	22.983192203993593
34	22.621499519327664	27.515560763582336	27.330090801590234	22.532848915499766
35	22.648442403046367	26.820738696173862	27.251417192215712	23.27940170856406
36	22.883117799888776	27.32670519926011	26.81871229742984	22.971464703421272
37	22.54310847452726	27.227086846680994	26.978970737175544	23.250833941616207
38	22.684259671786016	27.292288021736272	26.71931160014128	23.304140706336437
39	22.755472723023818	27.16738787402156	26.86439396515487	23.212745437799754
40	22.549938442223546	27.063677007148947	27.54271938399692	22.843665166630583
41	22.95074363112657	26.94542530177929	27.086750314063675	23.017080753030463
42	22.828853857040254	27.011780745139767	27.285961153231554	22.873404244588425
43	22.799132252269178	27.30508700961685	27.120272301351527	22.775508436762443
44	22.83682654271758	26.956684242968016	26.93155803299019	23.274931181324213
45	22.711348154045886	27.408786664329575	26.888964976336972	22.990900205287566
46	22.64820507345453	27.880549502064035	26.643624761802364	22.827620662679067
47	23.023027127971513	27.161111599922016	26.728073374866323	23.087787897240148
48	22.891137410517157	27.60887511239521	27.291896149726924	22.208091327360705
49	23.113668326785767	27.51245812919522	27.491435292451392	21.88243825156762
50	23.42600798982032	27.28020308992887	27.43904147835009	21.854747441900717
>>END_MODULE
>>Per base GC content	pass
#Base	%GC
1	46.86833387527425
2	46.070808052544514
3	45.793890448586
4	45.908990200432925
5	46.30745669283421
6	45.53512751087251
7	45.77718360924237
8	46.124335886289934
9	46.152351490426675
10	45.73468321390295
11	46.56558165144358
12	45.348608772143336
13	45.21740698247326
14	45.563071923367026
15	45.33221548299006
16	45.127555947126794
17	46.22117695355963
18	45.49721629606668
19	45.87270167160927
20	45.955056452482516
21	45.91441956084636
22	45.13203847334587
23	45.516359084869386
24	45.237207462536624
25	45.34402062765579
26	45.86876379200628
27	45.814618386380126
28	45.64921469430757
29	46.161723301489296
30	45.35049658142151
31	45.51292250532928
32	45.6529304491443
33	45.37492269805646
34	45.154348434827426
35	45.927844111610426
36	45.85458250331005
37	45.793942416143466
38	45.98840037812245
39	45.96821816082357
40	45.39360360885413
41	45.96782438415703
42	45.70225810162868
43	45.57464068903162
44	46.111757724041794
45	45.70224835933345
46	45.4758257361336
47	46.11081502521166
48	45.09922873787786
49	44.996106578353384
50	45.28075543172104
>>END_MODULE
>>Per sequence GC content	pass
#GC Content	Count
0	9159.0
1	7424.5
2	5083.0
3	5027.5
4	5698.5
5	6326.0
6	6929.0
7	7673.0
8	8478.5
9	10156.0
10	12013.0
11	14914.0
12	17811.0
13	22458.0
14	27932.0
15	36160.5
16	44880.5
17	57588.5
18	71434.5
19	88872.0
20	106892.0
21	129376.0
22	152923.0
23	180766.5
24	210555.0
25	240381.0
26	274919.5
27	316572.5
28	362803.0
29	417904.5
30	474778.0
31	534486.5
32	594867.5
33	654585.5
34	714140.5
35	764179.0
36	808183.5
37	830797.0
38	846439.5
39	856764.5
40	866470.0
41	870343.0
42	872906.0
43	869078.5
44	862238.5
45	852695.0
46	843634.5
47	834288.5
48	823960.0
49	812650.0
50	801724.0
51	789917.5
52	775352.0
53	759581.0
54	743217.5
55	722146.0
56	698582.0
57	670784.0
58	641613.0
59	603033.5
60	561409.5
61	516324.5
62	470998.5
63	431037.5
64	383950.5
65	340667.5
66	298737.0
67	260327.5
68	223046.0
69	189331.0
70	159667.5
71	134148.5
72	111390.0
73	91800.5
74	73942.5
75	61068.0
76	51448.5
77	41943.5
78	33282.5
79	26943.5
80	21617.5
81	17702.5
82	14186.5
83	11338.0
84	8928.0
85	7114.0
86	5525.0
87	4420.5
88	3666.5
89	2951.5
90	2307.5
91	1960.0
92	1695.5
93	1514.0
94	1351.0
95	1268.5
96	1198.5
97	1268.0
98	1874.5
99	7400.0
100	12395.0
>>END_MODULE
>>Per base N content	pass
#Base	N-Count
1	9.98575989032307E-4
2	0.0
3	0.0
4	0.0
5	0.0
6	0.0
7	0.002662869304086152
8	0.0
9	0.0
10	0.0
11	0.0
12	0.0
13	0.0
14	4.1607332876346126E-5
15	0.0
16	0.0
17	0.0
18	0.0
19	0.0
20	0.0
21	1.5974248955058395E-4
22	0.0
23	1.1150020812210722E-4
24	0.0022129904915407913
25	0.0
26	0.0
27	0.0
28	0.0018149545501614042
29	0.0019384771070083068
30	0.004076340748741138
31	0.0
32	0.0
33	0.0
34	0.0
35	0.0
36	0.0
37	0.0
38	0.0
39	0.0
40	0.0
41	0.0
42	0.0
43	0.0
44	0.0
45	0.0
46	0.0
47	0.0
48	5.80528991286094E-4
49	0.003714314601867924
50	0.0
>>END_MODULE
>>Sequence Length Distribution	warn
#Length	Count
20	22362.0
21	23234.0
22	25190.0
23	25241.0
24	26034.0
25	26620.0
26	27669.0
27	28953.0
28	28838.0
29	31542.0
30	32397.0
31	33642.0
32	35156.0
33	36832.0
34	37952.0
35	39505.0
36	38215.0
37	38977.0
38	40446.0
39	43617.0
40	45229.0
41	51746.0
42	55058.0
43	66534.0
44	95506.0
45	163635.0
46	400620.0
47	841817.0
48	1692664.0
49	2265247.0
50	8100057.0
>>END_MODULE
>>Sequence Duplication Levels	warn
#Total Duplicate Percentage	30.845036686529372
#Duplication Level	Relative count
1	100.0
2	20.53070947402648
3	7.939436350912908
4	3.915996918096288
5	2.1226965243760207
6	1.3366697061588595
7	0.8425755101752302
8	0.6255699047861399
9	0.47571587109725666
10++	3.58235963554368
>>END_MODULE
>>Overrepresented sequences	pass
>>END_MODULE
>>Kmer Content	warn
#Sequence	Count	Obs/Exp Overall	Obs/Exp Max	Max Obs/Exp Position
AAAAA	4350470	4.7293296	6.2000976	46
TTTTT	3588230	3.7402277	5.2140937	13
GAAAA	2146080	2.7796795	5.096384	4
AGAAA	2115040	2.7394755	5.2271676	28
GAGAA	1399865	2.1603312	5.192687	27
>>END_MODULE
