##FastQC	0.10.1
>>Basic Statistics	pass
#Measure	Value	
Filename	KS28_S3_L004_R1_001.fastq.gz	
File type	Conventional base calls	
Encoding	Sanger / Illumina 1.9	
Total Sequences	23445614	
Filtered Sequences	0	
Sequence length	35-75	
%GC	45	
>>END_MODULE
>>Per base sequence quality	pass
#Base	Mean	Median	Lower Quartile	Upper Quartile	10th Percentile	90th Percentile
1	31.488773379959255	32.0	32.0	32.0	32.0	32.0
2	31.521895353220437	32.0	32.0	32.0	32.0	32.0
3	31.607079046852856	32.0	32.0	32.0	32.0	32.0
4	31.67923412029218	32.0	32.0	32.0	32.0	32.0
5	31.65563665767081	32.0	32.0	32.0	32.0	32.0
6	35.32092386234798	36.0	36.0	36.0	36.0	36.0
7	35.33433861019805	36.0	36.0	36.0	36.0	36.0
8	35.281133008502145	36.0	36.0	36.0	36.0	36.0
9	35.38186238159513	36.0	36.0	36.0	36.0	36.0
10	35.2736824465335	36.0	36.0	36.0	36.0	36.0
11	35.357556726814664	36.0	36.0	36.0	36.0	36.0
12	35.306273062415855	36.0	36.0	36.0	36.0	36.0
13	35.33339165269888	36.0	36.0	36.0	36.0	36.0
14	35.30286624184805	36.0	36.0	36.0	36.0	36.0
15	35.27319220558694	36.0	36.0	36.0	36.0	36.0
16	35.28255254906099	36.0	36.0	36.0	36.0	36.0
17	35.281612501169725	36.0	36.0	36.0	36.0	36.0
18	35.28006799054186	36.0	36.0	36.0	36.0	36.0
19	35.276519864227055	36.0	36.0	36.0	36.0	36.0
20	35.26602694218202	36.0	36.0	36.0	36.0	36.0
21	35.2565142461187	36.0	36.0	36.0	36.0	36.0
22	35.237760887814666	36.0	36.0	36.0	36.0	36.0
23	35.22377221598888	36.0	36.0	36.0	36.0	36.0
24	35.216323573355766	36.0	36.0	36.0	36.0	36.0
25	35.200317040108224	36.0	36.0	36.0	36.0	36.0
26	35.16493976229413	36.0	36.0	36.0	36.0	36.0
27	35.15022920704913	36.0	36.0	36.0	36.0	36.0
28	35.13825383289173	36.0	36.0	36.0	36.0	36.0
29	35.12337416286048	36.0	36.0	36.0	36.0	36.0
30	35.10217365175423	36.0	36.0	36.0	36.0	36.0
31	35.08941821698506	36.0	36.0	36.0	36.0	36.0
32	35.076002232229875	36.0	36.0	36.0	36.0	36.0
33	35.061122988717635	36.0	36.0	36.0	36.0	36.0
34	35.0600984047592	36.0	36.0	36.0	36.0	36.0
35	35.04296343017504	36.0	36.0	36.0	36.0	36.0
36	35.037844315720974	36.0	36.0	36.0	36.0	36.0
37	35.027957401334604	36.0	36.0	36.0	36.0	36.0
38	35.009006980438656	36.0	36.0	36.0	36.0	36.0
39	34.9980351446853	36.0	36.0	36.0	36.0	36.0
40	34.9943074758318	36.0	36.0	36.0	36.0	36.0
41	34.96894100675864	36.0	36.0	36.0	36.0	36.0
42	34.95825788087395	36.0	36.0	36.0	36.0	36.0
43	34.946210310033706	36.0	36.0	36.0	36.0	36.0
44	34.92835940341382	36.0	36.0	36.0	36.0	36.0
45	34.92007404960183	36.0	36.0	36.0	36.0	36.0
46	34.899732364916446	36.0	36.0	36.0	36.0	36.0
47	34.88715879359202	36.0	36.0	36.0	36.0	36.0
48	34.86536794426225	36.0	36.0	36.0	36.0	36.0
49	34.848905096365876	36.0	36.0	36.0	36.0	36.0
50	34.82451836268174	36.0	36.0	36.0	36.0	36.0
51	34.811815139344034	36.0	36.0	36.0	36.0	36.0
52	34.79615093165701	36.0	36.0	36.0	36.0	36.0
53	34.764246059387695	36.0	36.0	36.0	36.0	36.0
54	34.74199551375577	36.0	36.0	36.0	36.0	36.0
55	34.72453058184045	36.0	36.0	36.0	32.0	36.0
56	34.7039285616572	36.0	36.0	36.0	32.0	36.0
57	34.68151952064264	36.0	36.0	36.0	32.0	36.0
58	34.661316993271726	36.0	36.0	36.0	32.0	36.0
59	34.6253231675399	36.0	36.0	36.0	32.0	36.0
60	34.60125584112023	36.0	36.0	36.0	32.0	36.0
61	34.583422636037085	36.0	36.0	36.0	32.0	36.0
62	34.55804371566568	36.0	36.0	36.0	32.0	36.0
63	34.52145672703775	36.0	36.0	36.0	32.0	36.0
64	34.49662414908315	36.0	36.0	36.0	32.0	36.0
65	34.47181710037609	36.0	36.0	36.0	32.0	36.0
66	34.445069522368215	36.0	36.0	36.0	32.0	36.0
67	34.4261279278787	36.0	36.0	36.0	32.0	36.0
68	34.385995200721325	36.0	36.0	36.0	32.0	36.0
69	34.35804189862686	36.0	36.0	36.0	32.0	36.0
70	34.33488924690744	36.0	36.0	36.0	32.0	36.0
71	34.29831674082042	36.0	36.0	36.0	32.0	36.0
72	34.283171982275434	36.0	36.0	36.0	32.0	36.0
73	34.25882615501413	36.0	36.0	36.0	32.0	36.0
74	34.227660719204415	36.0	36.0	36.0	32.0	36.0
75	33.44066706281428	36.0	36.0	36.0	27.0	36.0
>>END_MODULE
>>Per sequence quality scores	pass
#Quality	Count
2	8043.0
3	0.0
4	0.0
5	0.0
6	0.0
7	0.0
8	0.0
9	0.0
10	3.0
11	20.0
12	128.0
13	408.0
14	75.0
15	74.0
16	76.0
17	135.0
18	294.0
19	715.0
20	2311.0
21	5903.0
22	11728.0
23	21883.0
24	39522.0
25	68139.0
26	111316.0
27	168144.0
28	239814.0
29	325723.0
30	433998.0
31	576760.0
32	804808.0
33	1277190.0
34	3001927.0
35	1.6346477E7
>>END_MODULE
>>Per base sequence content	fail
#Base	G	A	T	C
1	43.20723599685369	18.658719625994298	11.61713040908325	26.51691396806876
2	16.246333717773055	20.235633632853848	35.9504916273107	27.567541022062397
3	18.616383071436882	21.885847300473245	28.85887791017252	30.638891717917353
4	12.94152191899774	15.271802091411532	36.059568979170535	35.7271070104202
5	14.534347437283495	35.384916807292015	34.73153851992598	15.349197235498508
6	34.30602940893491	35.65261946299811	16.261249939253517	13.780101188813465
7	30.444417640377498	29.96458976060275	20.675487233724006	18.915505365295747
8	26.455885722970184	34.783412496115744	19.86238676354303	18.89831501737104
9	24.513487340475685	15.622484940952287	20.058832035111486	39.80519568346054
10	13.98892402288616	27.649371174171588	35.05214341537355	23.309561387568703
11	34.177543398161866	22.882392548272172	23.715072692473125	19.224991361092837
12	21.8283584079596	24.42256921589699	31.321577649834104	22.42749472630931
13	27.673080969013387	20.787439961248545	26.41015572816825	25.129323341569826
14	20.315122258834855	20.641090351943483	27.55218224414903	31.491605145072633
15	22.58856090505283	29.62812997985158	23.48184033234502	24.301468782750568
16	22.55109968520202	29.045087479414995	25.450034903360937	22.953777932022053
17	21.35578810619923	28.400839831055873	27.673814833456934	22.569557229287966
18	21.850903406329948	28.222809437035945	28.052872885163737	21.873414271470367
19	22.209858852357	27.63907351099295	27.941720783965362	22.209346852684682
20	22.290094907270223	27.500025706656793	27.93924047133166	22.270638914741323
21	22.192623925681605	27.180575943673258	27.759804945357946	22.86699518528719
22	22.047973963260002	27.077351102371814	28.048996901019997	22.825678033348183
23	22.136445814580025	27.16389742711026	27.788471265673813	22.911185492635898
24	22.12482327216326	27.024344408846666	28.08093537580991	22.769896943180164
25	22.338310548622946	27.01126652212397	27.685986363094294	22.964436566158792
26	21.90578761573894	27.3058877075915	27.89895902851935	22.889365648150214
27	21.881105724003184	27.324245603878715	27.968350418551434	22.826298253566666
28	22.057713271391467	27.183178602409136	27.983534511484198	22.775573614715196
29	21.777512240503608	27.376950333895532	28.11222754060081	22.73330988500005
30	21.987817729169006	27.450945084369916	27.902472024335186	22.658765162125892
31	22.293347849208665	27.510118567083055	27.70621261199811	22.490320971710172
32	21.79213054674506	27.530673063165413	28.057383974311023	22.619812415778505
33	21.895907710803115	27.334219728196423	28.169359885916673	22.600512675083788
34	21.90099432378835	27.07918853962094	28.35138534340494	22.66843179318577
35	21.81157900967517	27.333036793032296	28.176115407123614	22.679268790168916
36	21.979833834717645	27.761412083959424	27.96185057757356	22.29690350374937
37	22.062948357910493	27.511850068841547	27.8404907828814	22.584710790366554
38	21.93378881966362	27.798239366862042	27.841665983522564	22.42630582995177
39	21.969435766864045	27.65367630247476	28.040612357373647	22.33627557328755
40	21.95119398642646	27.453915524606533	28.033763365541216	22.56112712342579
41	22.00939335246772	27.583825752311757	28.03536579341462	22.3714151018059
42	21.910042762846853	27.640335201625227	28.062970767065508	22.386651268462412
43	22.02800579554139	27.39409527469029	27.967537543307024	22.610361386461296
44	21.938154748763026	27.717477994622524	28.016585114558033	22.327782142056414
45	21.964183629156242	27.67967525508746	27.92255332100087	22.43358779475543
46	22.09162966399818	27.775242970292553	27.796998243472647	22.336129122236624
47	21.885058756068336	27.832815510287105	27.972915106665003	22.309210626979553
48	21.867051236000837	27.7129154179779	27.928504414863102	22.491528931158157
49	22.00676098522756	27.599241641378676	28.01245635753262	22.381541015861142
50	21.965000495530113	27.72249334256261	27.950149370002304	22.362356791904975
51	22.084238318550184	27.71064554898143	27.8744831370473	22.330632995421084
52	22.024868771569402	27.66791711671254	27.88450693683614	22.42270717488191
53	21.948257310940498	27.630326116160788	28.00057050750845	22.42084606539027
54	22.096973818944768	27.84877250547373	27.893252548888736	22.16100112669277
55	22.073963307902265	27.689193507679665	27.82147951712114	22.415363667296933
56	22.187924505465634	27.847765733218477	27.71849787712466	22.24581188419123
57	21.985818054287375	27.75593265215485	27.88762270357398	22.37062658998379
58	21.94541055660257	27.5747301102119	27.970517717992866	22.509341615192664
59	21.8653632121667	27.755862867078847	27.98091583402684	22.39785808672762
60	22.02535309781804	27.762943394420553	27.930398055824984	22.281305451936426
61	22.19590282692957	27.79397571953337	27.759148372871657	22.250973080665403
62	22.0837687124326	27.909652547388543	27.749000103166114	22.25757863701274
63	22.081777673550047	27.898598440492567	27.78643088312532	22.23319300283207
64	22.136716417442535	27.628148183110746	27.758573829476198	22.476561569970524
65	21.936613769600967	27.701793001037423	27.96681822155207	22.394775007809542
66	22.061032550670408	27.762817649398812	27.75275481540441	22.423394984526375
67	22.047719988868877	27.71943362434122	27.836148649017904	22.396697737771994
68	22.109306705391067	27.9183955882275	27.84480883972637	22.12748886665506
69	22.345345897873763	27.851279068625317	27.734806368191595	22.068568665309325
70	22.342842671006082	27.69926290850387	27.691433195190008	22.266461225300045
71	22.196753112216943	27.91325105882044	27.65382363747067	22.23617219149195
72	22.220509022524084	28.06127093904378	27.868662356587336	21.849557681844804
73	22.858146056239807	28.611798176114668	27.93407170926126	20.595984058384264
74	24.066602562131276	31.027305800739956	28.062400626753327	16.843691010375444
75	29.289572783721653	41.20443523917196	29.505991977106387	0.0
>>END_MODULE
>>Per base GC content	fail
#Base	%GC
1	69.72414996492246
2	43.813874739835455
3	49.25527478935424
4	48.668628929417935
5	29.883544672782
6	48.08613059774838
7	49.35992300567324
8	45.35420074034122
9	64.31868302393623
10	37.29848541045486
11	53.402534759254706
12	44.25585313426891
13	52.802404310583206
14	51.80672740390748
15	46.8900296878034
16	45.50487761722407
17	43.9253453354872
18	43.724317677800315
19	44.41920570504168
20	44.56073382201154
21	45.0596191109688
22	44.87365199660818
23	45.04763130721592
24	44.894720215343426
25	45.30274711478173
26	44.795153263889155
27	44.70740397756985
28	44.83328688610666
29	44.51082212550366
30	44.6465828912949
31	44.783668820918834
32	44.41194296252357
33	44.49642038588691
34	44.56942611697413
35	44.49084779984408
36	44.276737338467015
37	44.64765914827705
38	44.36009464961539
39	44.305711340151596
40	44.51232110985225
41	44.38080845427363
42	44.296694031309265
43	44.63836718200269
44	44.26593689081944
45	44.39777142391167
46	44.4277587862348
47	44.19426938304789
48	44.358580167159
49	44.388302001088704
50	44.327357287435085
51	44.41487131397127
52	44.447575946451316
53	44.36910337633076
54	44.257974945637535
55	44.4893269751992
56	44.433736389656865
57	44.356444644271164
58	44.454752171795235
59	44.26322129889432
60	44.30665854975446
61	44.446875907594965
62	44.34134734944535
63	44.31497067638212
64	44.613277987413056
65	44.33138877741051
66	44.48442753519678
67	44.44441772664087
68	44.23679557204612
69	44.413914563183084
70	44.60930389630612
71	44.43292530370889
72	44.07006670436889
73	43.45413011462407
74	40.91029357250672
75	29.289572783721653
>>END_MODULE
>>Per sequence GC content	warn
#GC Content	Count
0	8047.0
1	4029.0
2	16.0
3	39.5
4	58.0
5	83.0
6	165.0
7	328.5
8	442.5
9	630.5
10	1181.5
11	2205.5
12	2894.5
13	4081.5
14	7206.5
15	12093.0
16	15926.5
17	23174.0
18	38088.0
19	56718.0
20	69947.0
21	90538.5
22	129865.5
23	174731.5
24	204616.0
25	242074.0
26	304457.0
27	367367.5
28	408812.5
29	458374.0
30	536823.5
31	609621.5
32	655472.0
33	705353.5
34	789007.0
35	864686.5
36	906991.0
37	950289.5
38	997766.5
39	1027425.5
40	1046575.0
41	1052576.0
42	1045812.0
43	1029729.5
44	1021147.5
45	1004768.5
46	969463.5
47	930507.5
48	909065.0
49	882837.0
50	837994.0
51	797962.0
52	775688.5
53	758752.0
54	729969.5
55	701727.0
56	684410.5
57	666130.0
58	630789.0
59	584662.5
60	544420.5
61	500038.5
62	444368.5
63	390731.5
64	349878.5
65	316448.0
66	270192.0
67	222779.5
68	190091.5
69	165357.5
70	134510.5
71	104509.0
72	84623.5
73	71408.5
74	56264.0
75	42616.0
76	34224.0
77	28608.0
78	22599.5
79	17132.5
80	13406.5
81	11166.5
82	8620.0
83	5960.5
84	4301.5
85	3501.5
86	2602.0
87	1664.5
88	1247.5
89	1025.5
90	696.0
91	479.0
92	402.5
93	338.0
94	250.5
95	182.0
96	138.0
97	116.0
98	75.5
99	75.0
100	94.0
>>END_MODULE
>>Per base N content	pass
#Base	N-Count
1	0.07473466039319764
2	0.03430492372688555
3	0.03430492372688555
4	0.03431771929709326
5	0.03430492372688555
6	0.03430492372688555
7	0.03430492372688555
8	0.03430492372688555
9	0.03430492372688555
10	0.03430492372688555
11	0.03430492372688555
12	0.03430492372688555
13	0.03430492372688555
14	0.03430918891695479
15	0.03430492372688555
16	0.03430492372688555
17	0.03430492372688555
18	0.03430492372688555
19	0.034543774370762906
20	0.03456936551117834
21	0.03445847056937813
22	0.03920989230650986
23	0.03494470223727133
24	0.03602379532478868
25	0.036164546597073556
26	0.03898810242290946
27	0.03663798269475903
28	0.04442195457111935
29	0.04133395696099066
30	0.043701137449418045
31	0.05101167322809289
32	0.04745876990041719
33	0.05808762355295963
34	0.043031502608547594
35	0.05613416650124838
36	0.017588888533299197
37	0.017105018325586002
38	0.02342635348659951
39	0.013868160420116451
40	0.014555695716768713
41	0.02112728800090952
42	0.017006320803662562
43	0.029306145576546466
44	0.02158568271202415
45	0.013841607074781785
46	0.02038900124513802
47	0.018760430883131642
48	0.021216862534584064
49	0.025856787125568426
50	0.04411213938766184
51	0.027149168437471678
52	0.026460210796669083
53	0.029455201431787904
54	0.023462412930197362
55	0.01774968486441215
56	0.022677592303410737
57	0.023023930157231844
58	0.023406406609799722
59	0.0348971380667479
60	0.032911381544397884
61	0.02879608213642116
62	0.021875117529356388
63	0.030822440005918397
64	0.02456905554443573
65	0.021376025871616827
66	0.015735708539234314
67	0.0232536538724218
68	0.015819873709781836
69	0.019399582696343835
70	0.028955401390298518
71	0.052108596923179366
72	0.017025625828087202
73	0.016239262344692165
74	0.016080859710069076
75	0.016966568160512088
>>END_MODULE
>>Sequence Length Distribution	warn
#Length	Count
35	10364.0
36	3530.0
37	5112.0
38	6054.0
39	7039.0
40	7766.0
41	8566.0
42	9597.0
43	10980.0
44	12267.0
45	13514.0
46	14474.0
47	15278.0
48	15780.0
49	16919.0
50	16943.0
51	17648.0
52	18498.0
53	19429.0
54	21078.0
55	22124.0
56	22827.0
57	23680.0
58	23966.0
59	25058.0
60	25376.0
61	25585.0
62	26685.0
63	27491.0
64	30397.0
65	31912.0
66	31552.0
67	33442.0
68	34914.0
69	43723.0
70	59620.0
71	152189.0
72	558164.0
73	1636465.0
74	5035354.0
75	1.5324254E7
>>END_MODULE
>>Sequence Duplication Levels	warn
#Total Duplicate Percentage	36.5204071548572
#Duplication Level	Relative count
1	100.0
2	23.38678290651514
3	10.729353156378922
4	6.058223709815521
5	3.6810150229625593
6	2.4044524013388338
7	1.7210243636646687
8	1.1636958044679693
9	0.9060481046158636
10++	5.627773020938741
>>END_MODULE
>>Overrepresented sequences	pass
>>END_MODULE
>>Kmer Content	warn
#Sequence	Count	Obs/Exp Overall	Obs/Exp Max	Max Obs/Exp Position
AAAAA	8800505	3.56736	6.846783	71
CCTGG	3683840	3.122128	12.279074	3
TTTTT	8094570	3.11918	5.654145	71
CCAGG	3477660	2.9773893	13.548765	3
CCCAG	3378615	2.878792	12.390819	2
CTGGG	3339735	2.844061	11.004413	4
CCAGC	3151805	2.6855357	7.0256786	3
GGAGG	2993660	2.5876458	5.968177	6
GCTGG	3015675	2.568097	6.4118886	3
CAGCA	3438135	2.4358788	6.8010116	4
CAGCC	2851960	2.4300487	6.0069275	5
TCCAG	3457190	2.424697	9.319079	2
TGCTG	3423140	2.3880157	6.5217586	2
GGCTG	2758695	2.3492572	8.751667	7
CAGGA	3295580	2.346073	10.39668	4
CTCCA	3347405	2.3364985	7.008185	1
AGGAG	3240190	2.317699	7.5438466	5
CTCCT	3307165	2.2851493	6.5448856	1
GGCAG	2643670	2.274221	6.5054607	7
TCCTG	3264290	2.2663364	8.996262	2
CTGGA	3210090	2.262186	8.5660715	4
CCTGC	2672370	2.2540815	6.442078	3
CTGCC	2653605	2.2382536	5.8923717	9
GCCTG	2637070	2.2349694	8.123755	7
GCAGG	2582440	2.2215476	6.752058	3
CAGAG	3100145	2.2069457	8.148459	4
CCCTG	2613785	2.2046664	9.224857	2
CTGCA	3138085	2.200893	6.6421423	4
AGCAG	3091450	2.2007558	5.7437634	7
CTGCT	3157730	2.1923537	6.742397	9
GCTGC	2573850	2.1813893	5.8138275	8
TGCAG	3071475	2.1645024	6.7442794	2
CTCTG	3093370	2.1476698	7.4291267	2
CAGGG	2471010	2.1256897	9.76602	4
TGGAG	2958435	2.0948362	6.404111	5
CAGGC	2425435	2.0765295	6.575409	4
CTGGC	2437800	2.0660841	5.6506763	4
GCCAG	2411770	2.0648303	5.555371	2
AGCTG	2928880	2.0640144	6.046247	7
GGGAG	2363320	2.0427954	5.714952	7
CCCCA	2370945	2.0105557	7.1518655	1
GGAGA	2803930	2.0056434	5.6270905	6
CAGAA	3392380	1.9984735	5.428628	4
CACAG	2814890	1.994317	7.1635537	7
CTGTG	2817210	1.9653131	9.2371645	9
CTCAG	2797920	1.9623185	6.3087835	2
CTGAG	2754810	1.9413451	6.0499463	4
TTCTG	3341325	1.9094884	5.053542	2
GGCCA	2222775	1.9030229	6.5059133	1
CCAGA	2655480	1.8813769	6.9626927	3
TGGGG	2193860	1.8772094	6.220404	5
CCTCT	2638550	1.823157	5.460967	1
TCTGG	2603860	1.816478	6.2741714	3
CACTG	2575705	1.8064682	7.657685	7
TGGCC	2119015	1.7959075	5.89392	5
CAGTG	2542255	1.7915555	6.798544	9
AGAGG	2494300	1.784166	5.300872	5
ACCTG	2522025	1.7688198	5.4181895	7
GCCCA	2054865	1.7508738	8.2620125	1
CCTGA	2477485	1.7375817	5.7007346	3
ACAGA	2848995	1.6783618	5.874622	8
GAGAG	2339245	1.6732556	5.5121756	7
TCAGG	2371190	1.6710038	5.9946957	3
GGGCC	1602890	1.6583185	5.6453214	6
TGGGC	1935530	1.648264	6.591619	5
GGCCT	1927540	1.6336286	5.3733187	6
CCTGT	2321170	1.6115456	5.686786	8
AGCCT	2292130	1.6075829	5.7974524	6
AGGCC	1868010	1.5992918	5.213461	5
AGGTG	2256580	1.5978601	5.3706303	7
AGGCT	2127465	1.4992484	5.2110744	6
GCCCT	1730515	1.4596487	6.063185	1
ACACA	2486660	1.4579189	6.314675	6
GGGCT	1709865	1.4560916	6.210399	6
GTGTG	2070475	1.4513077	6.571965	1
CTGTC	2078430	1.4430157	5.888237	9
TGTGT	2509060	1.4407421	5.5888615	10
GACAG	2022450	1.4397511	7.324968	7
ACAGC	2029780	1.4380755	5.6536226	8
GCTGT	2060775	1.4376168	5.360246	8
CACAC	2028915	1.4306048	6.760174	5
AGGGC	1606315	1.3818349	5.9454246	5
AGAGC	1931575	1.3750587	5.088458	5
AGACA	2307905	1.3596021	5.7674017	6
ACTGG	1916995	1.3509277	5.0324965	8
ACTGC	1810920	1.270087	5.4262905	8
GGACA	1753020	1.2479483	6.100071	6
GTGCT	1742040	1.2152642	5.778484	1
GTCCT	1731350	1.2020444	6.8252006	1
GTCCA	1649275	1.1567174	6.5827904	1
TGTGC	1654820	1.1544187	5.5995336	10
AGCAC	1627930	1.1533694	5.610723	5
AGGAC	1605915	1.1432263	7.1829433	5
TGCAC	1526560	1.0706513	5.584378	5
GTGCA	1517370	1.0693074	5.882462	1
TGGAC	1510815	1.0646882	6.0437803	5
ACAGT	1822180	1.0626411	5.8050137	8
GACTG	1504260	1.0600688	6.5447364	7
ACTGT	1823185	1.0525132	6.539593	8
GCACT	1480625	1.0384347	5.1763935	6
AGACT	1758365	1.0254263	5.7660284	6
GGACC	1161175	0.99413687	5.1592226	6
GGACT	1357540	0.95667356	5.5554047	6
ACACT	1601810	0.9296714	5.0486536	6
GTGTA	1097065	0.63636476	5.707423	1
>>END_MODULE
