##FastQC	0.10.1
>>Basic Statistics	pass
#Measure	Value	
Filename	004-F0_S5_L003_R1_001_trimmed.fq.gz	
File type	Conventional base calls	
Encoding	Sanger / Illumina 1.9	
Total Sequences	15522341	
Filtered Sequences	0	
Sequence length	20-50	
%GC	44	
>>END_MODULE
>>Per base sequence quality	pass
#Base	Mean	Median	Lower Quartile	Upper Quartile	10th Percentile	90th Percentile
1	35.0919100411465	36.0	36.0	36.0	36.0	36.0
2	35.0799762741973	36.0	36.0	36.0	36.0	36.0
3	35.05599129667361	36.0	36.0	36.0	36.0	36.0
4	35.046824122727365	36.0	36.0	36.0	36.0	36.0
5	35.03288711412795	36.0	36.0	36.0	36.0	36.0
6	34.97886749170115	36.0	36.0	36.0	36.0	36.0
7	34.96152068814878	36.0	36.0	36.0	36.0	36.0
8	34.940851254330774	36.0	36.0	36.0	36.0	36.0
9	34.92247593323713	36.0	36.0	36.0	36.0	36.0
10	34.898636681155246	36.0	36.0	36.0	36.0	36.0
11	34.891635868584515	36.0	36.0	36.0	36.0	36.0
12	34.87778711986807	36.0	36.0	36.0	36.0	36.0
13	34.86024434072154	36.0	36.0	36.0	36.0	36.0
14	34.84974489350543	36.0	36.0	36.0	36.0	36.0
15	34.83933905330388	36.0	36.0	36.0	36.0	36.0
16	34.820585181062576	36.0	36.0	36.0	36.0	36.0
17	34.80563131553417	36.0	36.0	36.0	36.0	36.0
18	34.79286919415055	36.0	36.0	36.0	32.0	36.0
19	34.77316411229466	36.0	36.0	36.0	32.0	36.0
20	34.771766127287115	36.0	36.0	36.0	32.0	36.0
21	34.75201811694747	36.0	36.0	36.0	32.0	36.0
22	34.74199707959249	36.0	36.0	36.0	32.0	36.0
23	34.736861265968656	36.0	36.0	36.0	32.0	36.0
24	34.722160589274054	36.0	36.0	36.0	32.0	36.0
25	34.71368238103151	36.0	36.0	36.0	32.0	36.0
26	34.691441079416144	36.0	36.0	36.0	32.0	36.0
27	34.6888453762223	36.0	36.0	36.0	32.0	36.0
28	34.67257658708765	36.0	36.0	36.0	32.0	36.0
29	34.657255732034585	36.0	36.0	36.0	32.0	36.0
30	34.646110765425966	36.0	36.0	36.0	32.0	36.0
31	34.634751465198995	36.0	36.0	36.0	32.0	36.0
32	34.62749671371705	36.0	36.0	36.0	32.0	36.0
33	34.59442215726369	36.0	36.0	36.0	32.0	36.0
34	34.58047017371523	36.0	36.0	36.0	32.0	36.0
35	34.54083597503405	36.0	36.0	36.0	32.0	36.0
36	34.52474276881426	36.0	36.0	36.0	32.0	36.0
37	34.50449873410264	36.0	36.0	36.0	32.0	36.0
38	34.4958854275249	36.0	36.0	36.0	32.0	36.0
39	34.47640530474473	36.0	36.0	36.0	32.0	36.0
40	34.45221113122571	36.0	36.0	36.0	32.0	36.0
41	34.43114942016936	36.0	36.0	36.0	32.0	36.0
42	34.39722582195922	36.0	36.0	36.0	32.0	36.0
43	34.39039711398335	36.0	36.0	36.0	32.0	36.0
44	34.36658944658589	36.0	36.0	36.0	32.0	36.0
45	34.36112412608356	36.0	36.0	36.0	32.0	36.0
46	34.325766885130534	36.0	36.0	36.0	32.0	36.0
47	34.33982949527338	36.0	36.0	36.0	32.0	36.0
48	34.35283861906333	36.0	36.0	36.0	32.0	36.0
49	34.418323640183004	36.0	36.0	36.0	32.0	36.0
50	34.52220374097185	36.0	36.0	36.0	32.0	36.0
>>END_MODULE
>>Per sequence quality scores	pass
#Quality	Count
14	9.0
15	77.0
16	291.0
17	778.0
18	1686.0
19	3364.0
20	6486.0
21	11315.0
22	18790.0
23	28980.0
24	44251.0
25	66090.0
26	96678.0
27	136843.0
28	186944.0
29	248310.0
30	327001.0
31	429750.0
32	585546.0
33	875707.0
34	1727383.0
35	7205790.0
36	3520272.0
>>END_MODULE
>>Per base sequence content	pass
#Base	G	A	T	C
1	22.279332737246268	26.949021413715883	27.52477864002601	23.24686720901184
2	22.236394626300246	27.21212605753217	27.74062237132917	22.810856944838413
3	22.106533997110603	27.216377753905274	27.689768413457433	22.987319835526687
4	22.399808688502866	26.822044552721437	28.03965822396884	22.73848853480686
5	22.460990662111055	26.93714085816839	27.615096914138388	22.98677156558217
6	21.92637192588231	27.43798937531326	27.82243527715538	22.813203421649057
7	22.075111035606707	27.363930527442726	27.694803460807577	22.86615497614299
8	22.018714831738333	27.303368738001566	27.651228638772977	23.02668779148712
9	22.0517258784717	27.316877166677394	27.68905074606404	22.942346208786866
10	22.063636740808086	27.327855253768984	27.808456363351965	22.80005164207097
11	22.67399753052347	27.162090095048946	27.438878652015763	22.72503372241182
12	21.92287877195843	27.49745028794304	27.865326499398513	22.71434444070002
13	22.03715277225259	27.297126122921796	27.981881083529863	22.683840021295758
14	22.07844164742934	27.10671025717062	28.122716798967375	22.69213129643267
15	21.99196693075063	27.404315948321177	27.922105281060787	22.6816118398674
16	22.08709069034439	27.635744000979233	27.89403005026631	22.383135258410064
17	22.241889931422072	27.264263811753654	27.48450121022338	23.009345046600895
18	22.098367765532274	27.796052154761963	27.53542136459958	22.57015871510618
19	22.415357478318345	27.350786028395202	27.73032931890424	22.503527174382214
20	22.502220993884293	27.140513054419017	27.75863546258841	22.59863048910827
21	22.502540538722666	27.217172344092127	27.775332396966572	22.504954720218635
22	22.165047006452944	27.551915624852853	27.80115796951993	22.481879399174275
23	22.232716131999013	27.300654511893306	27.75021542148887	22.71641393461881
24	22.058171269999487	27.627277702952973	27.73052055871428	22.58403046833326
25	22.17412107520839	27.590531533295987	27.566578594052288	22.668768797443338
26	22.251796182651955	27.40276450606347	27.567548314403854	22.77789099688072
27	22.36190346164361	27.487926183128124	27.65546651413258	22.49470384109568
28	22.042569229483508	27.556944414857444	27.64407549000169	22.756410865657358
29	22.44001605192444	27.241038360012176	27.63966859754557	22.679276990517813
30	22.141996475329282	27.706016265562088	27.579303114566027	22.5726841445426
31	22.253476981900164	27.56058010172949	27.606761916163425	22.579181000206926
32	22.231121099526668	27.64969813900977	27.495262717119946	22.62391804434362
33	22.14538935106373	27.331352327712615	27.837104803631863	22.686153517591794
34	22.299353461992276	27.723588424227298	27.655512500412353	22.32154561336807
35	22.229416040707537	27.255680422449302	27.720227601246627	22.794675935596533
36	22.36554926683899	27.613334510665823	27.40653699784104	22.614579224654147
37	22.227121206965172	27.48893121623663	27.51410389760267	22.769843679195528
38	22.250873887021132	27.436132538013496	27.474272536704603	22.83872103826077
39	22.20467266273106	27.53311742230337	27.531946298347957	22.730263616617613
40	22.195581154773308	27.44946566630074	27.827289793632914	22.52766338529304
41	22.470524676342	27.39128955406135	27.57059591202506	22.567589857571594
42	22.38315132763374	27.496853001863453	27.6301404478209	22.48985522268191
43	22.333700259337004	27.702280764462863	27.490609079978253	22.473409896221884
44	22.359483683589946	27.396971100719895	27.436903229230182	22.806641986459976
45	22.291695220909077	27.62284217808896	27.548179432550608	22.537283168451363
46	22.260749013536945	27.97903175350076	27.29152561794755	22.468693615014747
47	22.370599649238205	27.518280739768702	27.448385556390285	22.662734054602808
48	22.3420398155792	27.983829128798625	27.692248078328753	21.981882977293424
49	22.592927179216137	28.091450742598788	27.811665644555067	21.50395643363001
50	22.60436397905041	27.85285115696878	27.865905203331533	21.67687966064928
>>END_MODULE
>>Per base GC content	pass
#Base	%GC
1	45.5261999462581
2	45.04725157113866
3	45.09385383263729
4	45.13829722330973
5	45.447762227693225
6	44.739575347531364
7	44.9412660117497
8	45.045402623225456
9	44.994072087258566
10	44.863688382879054
11	45.39903125293529
12	44.63722321265845
13	44.72099279354834
14	44.770572943862014
15	44.673578770618036
16	44.470225948754454
17	45.25123497802297
18	44.668526480638455
19	44.918884652700555
20	45.10085148299257
21	45.0074952589413
22	44.64692640562722
23	44.94913006661782
24	44.64220173833275
25	44.842889872651725
26	45.02968717953268
27	44.85660730273929
28	44.79898009514087
29	45.11929304244225
30	44.71468061987188
31	44.83265798210709
32	44.855039143870286
33	44.831542868655525
34	44.62089907536035
35	45.02409197630407
36	44.98012849149314
37	44.996964886160704
38	45.0895949252819
39	44.93493627934867
40	44.72324454006635
41	45.03811453391359
42	44.87300655031565
43	44.80711015555889
44	45.16612567004992
45	44.828978389360444
46	44.72944262855169
47	45.03333370384101
48	44.32392279287262
49	44.09688361284615
50	44.28124363969969
>>END_MODULE
>>Per sequence GC content	pass
#GC Content	Count
0	3705.0
1	3574.5
2	2968.0
3	2720.5
4	3006.5
5	3576.5
6	4192.0
7	5277.5
8	6457.0
9	8232.0
10	10174.0
11	13528.5
12	17060.0
13	22620.5
14	29032.5
15	38807.5
16	49359.0
17	64761.5
18	81500.0
19	103018.5
20	125308.5
21	151984.5
22	179550.5
23	212947.0
24	248421.0
25	282726.5
26	322303.5
27	368388.0
28	417877.5
29	473793.5
30	530959.0
31	590629.5
32	653456.5
33	720003.5
34	786018.5
35	841470.0
36	892326.5
37	925027.0
38	950384.5
39	969506.0
40	985854.5
41	996360.5
42	1005744.5
43	1003965.5
44	997436.0
45	984280.5
46	971358.5
47	953488.5
48	933988.5
49	913872.5
50	892252.5
51	869147.0
52	843550.0
53	815637.0
54	787987.0
55	759246.5
56	727708.0
57	691052.0
58	653099.0
59	608770.5
60	562316.5
61	512494.0
62	463466.5
63	420542.0
64	370351.5
65	324577.0
66	281275.5
67	241956.5
68	202489.5
69	167023.0
70	137280.5
71	112807.0
72	91377.0
73	73271.0
74	56841.0
75	45412.5
76	36801.0
77	28636.5
78	21469.5
79	16600.5
80	12413.5
81	9245.5
82	6687.5
83	4970.0
84	3645.5
85	2812.5
86	2072.0
87	1616.0
88	1290.0
89	1021.0
90	813.0
91	704.5
92	637.5
93	546.5
94	443.0
95	380.0
96	339.5
97	335.0
98	337.5
99	523.5
100	709.0
>>END_MODULE
>>Per base N content	pass
#Base	N-Count
1	0.0
2	0.0
3	4.251935967648179E-4
4	7.730792668451234E-5
5	6.184634134760987E-4
6	6.442327223709362E-6
7	4.380782512122366E-4
8	0.0
9	9.019258113193108E-5
10	7.279829762791578E-4
11	1.481735261453153E-4
12	0.0
13	0.0
14	0.0
15	3.221163611854681E-5
16	1.0307723557934979E-4
17	0.0
18	0.0
19	6.442327223709362E-6
20	7.086559946080298E-5
21	0.0
22	0.0
23	0.0
24	0.0
25	0.0
26	0.0
27	0.0
28	0.0
29	0.0
30	0.0
31	0.0
32	0.0
33	0.0
34	0.0
35	0.0
36	8.045545834971775E-5
37	0.0
38	0.0
39	0.0
40	0.0
41	0.0
42	0.0
43	1.3750269934986661E-5
44	0.0
45	0.0
46	0.0
47	0.0
48	0.0
49	4.4881929556734394E-5
50	0.0
>>END_MODULE
>>Sequence Length Distribution	warn
#Length	Count
20	30548.0
21	30937.0
22	31801.0
23	32348.0
24	33248.0
25	34283.0
26	35545.0
27	37306.0
28	38212.0
29	40525.0
30	41760.0
31	42788.0
32	43781.0
33	43954.0
34	44930.0
35	45290.0
36	45791.0
37	47584.0
38	49576.0
39	52587.0
40	54144.0
41	58626.0
42	61608.0
43	73113.0
44	106123.0
45	176096.0
46	424940.0
47	887174.0
48	1737382.0
49	2330812.0
50	8809529.0
>>END_MODULE
>>Sequence Duplication Levels	warn
#Total Duplicate Percentage	28.77834062853489
#Duplication Level	Relative count
1	100.0
2	19.241100714704967
3	7.03518281945931
4	3.4637295860235473
5	1.8388979042226288
6	1.2084383523806235
7	0.7768532265304009
8	0.5510478886855643
9	0.41777440182301556
10++	3.5742153782412043
>>END_MODULE
>>Overrepresented sequences	pass
>>END_MODULE
>>Kmer Content	warn
#Sequence	Count	Obs/Exp Overall	Obs/Exp Max	Max Obs/Exp Position
AAAAA	3962795	3.7251425	4.6376615	46
TTTTT	3800660	3.423531	4.2307825	13
>>END_MODULE
