##FastQC	0.10.1
>>Basic Statistics	pass
#Measure	Value	
Filename	KS28_S3_L004_R2_001_trimmed.fq.gz	
File type	Conventional base calls	
Encoding	Sanger / Illumina 1.9	
Total Sequences	23275985	
Filtered Sequences	0	
Sequence length	20-50	
%GC	44	
>>END_MODULE
>>Per base sequence quality	pass
#Base	Mean	Median	Lower Quartile	Upper Quartile	10th Percentile	90th Percentile
1	34.85910804634047	36.0	36.0	36.0	36.0	36.0
2	34.852863756356605	36.0	36.0	36.0	36.0	36.0
3	34.84021599945179	36.0	36.0	36.0	36.0	36.0
4	34.829696358714784	36.0	36.0	36.0	36.0	36.0
5	34.809737203387954	36.0	36.0	36.0	36.0	36.0
6	34.78970746028578	36.0	36.0	36.0	36.0	36.0
7	34.784875269510614	36.0	36.0	36.0	32.0	36.0
8	34.78142089368076	36.0	36.0	36.0	32.0	36.0
9	34.76215219248509	36.0	36.0	36.0	32.0	36.0
10	34.740142554654504	36.0	36.0	36.0	32.0	36.0
11	34.72903651553307	36.0	36.0	36.0	32.0	36.0
12	34.7166050760043	36.0	36.0	36.0	32.0	36.0
13	34.69670563888059	36.0	36.0	36.0	32.0	36.0
14	34.68285458166432	36.0	36.0	36.0	32.0	36.0
15	34.66299157694078	36.0	36.0	36.0	32.0	36.0
16	34.652275166872634	36.0	36.0	36.0	32.0	36.0
17	34.63633259773969	36.0	36.0	36.0	32.0	36.0
18	34.62253081878168	36.0	36.0	36.0	32.0	36.0
19	34.60510676562131	36.0	36.0	36.0	32.0	36.0
20	34.59218503534866	36.0	36.0	36.0	32.0	36.0
21	34.58220595209826	36.0	36.0	36.0	32.0	36.0
22	34.5685220966056	36.0	36.0	36.0	32.0	36.0
23	34.54919455358778	36.0	36.0	36.0	32.0	36.0
24	34.530731777196586	36.0	36.0	36.0	32.0	36.0
25	34.50729111729354	36.0	36.0	36.0	32.0	36.0
26	34.48574821560471	36.0	36.0	36.0	32.0	36.0
27	34.47171540471982	36.0	36.0	36.0	32.0	36.0
28	34.44842882728662	36.0	36.0	36.0	32.0	36.0
29	34.424631141361985	36.0	36.0	36.0	32.0	36.0
30	34.41385306335364	36.0	36.0	36.0	32.0	36.0
31	34.3895336950856	36.0	36.0	36.0	32.0	36.0
32	34.36753415886022	36.0	36.0	36.0	32.0	36.0
33	34.33997270827062	36.0	36.0	36.0	32.0	36.0
34	34.305632176157516	36.0	36.0	36.0	32.0	36.0
35	34.27962563476657	36.0	36.0	36.0	32.0	36.0
36	34.265847312540565	36.0	36.0	36.0	32.0	36.0
37	34.250515664248724	36.0	36.0	36.0	32.0	36.0
38	34.22252157794382	36.0	36.0	36.0	32.0	36.0
39	34.187351905312056	36.0	36.0	36.0	32.0	36.0
40	34.17808713323126	36.0	36.0	36.0	32.0	36.0
41	34.15184427185015	36.0	36.0	36.0	32.0	36.0
42	34.14009954299209	36.0	36.0	36.0	32.0	36.0
43	34.12018023630154	36.0	36.0	36.0	32.0	36.0
44	34.096309474643334	36.0	36.0	36.0	32.0	36.0
45	34.07138363677728	36.0	36.0	36.0	32.0	36.0
46	34.074709829754866	36.0	36.0	36.0	32.0	36.0
47	34.07271508132489	36.0	36.0	36.0	32.0	36.0
48	34.09944208904694	36.0	36.0	36.0	32.0	36.0
49	34.174261029279876	36.0	36.0	36.0	32.0	36.0
50	34.33371887456875	36.0	36.0	36.0	32.0	36.0
>>END_MODULE
>>Per sequence quality scores	pass
#Quality	Count
14	1265.0
15	2700.0
16	4970.0
17	7968.0
18	12397.0
19	19354.0
20	28971.0
21	41987.0
22	59198.0
23	81394.0
24	111293.0
25	149318.0
26	197411.0
27	254529.0
28	323636.0
29	409146.0
30	515729.0
31	669835.0
32	914485.0
33	1378669.0
34	2664686.0
35	1.0524235E7
36	4902809.0
>>END_MODULE
>>Per base sequence content	pass
#Base	G	A	T	C
1	22.23990091074556	27.163924534235605	27.795644308930427	22.800530246088403
2	22.11963532370381	27.059061088069956	28.094944209665023	22.72635937856121
3	22.19477714906587	27.15900530095719	27.826620441626854	22.819597108350088
4	22.188740884649995	27.00511278040435	28.106484000569687	22.699662334375965
5	22.391366036711226	27.020020849815808	27.706419298689184	22.882193814783776
6	21.945803797347352	27.299519225502166	27.910526665144353	22.844150312006132
7	21.953111758750488	27.34817022781206	27.982712654265757	22.716005359171696
8	22.121981089092472	27.221468822909106	27.980242296942535	22.676307791055887
9	21.817439734559034	27.429906833158725	28.16478013712416	22.58787329515808
10	22.014978098671225	27.494436862714938	27.939874510144254	22.55071052846958
11	22.343879324548457	27.515007420738584	27.737137654969274	22.403975599743685
12	21.829881742920872	27.566622851836346	28.083404418760367	22.52009098648242
13	21.95599455833985	27.387240539981445	28.17389253344166	22.482872368237047
14	21.96901226736484	27.15509569197609	28.327458537200467	22.548433503458607
15	21.895399915406372	27.392155476986257	28.162812443812797	22.549632163794573
16	22.02316249988991	27.766747572659117	27.99631465650111	22.213775270949863
17	22.15486906354339	27.511407143457088	27.83954792890612	22.4941758640934
18	21.99710989674551	27.80283197467261	27.880585934386882	22.319472194195004
19	22.028300843122214	27.689629461438475	28.06231401163044	22.21975568380887
20	22.038508789209136	27.445085567807336	28.04046746034593	22.4759381826376
21	22.048879936365253	27.618958191264614	28.04147007064924	22.29069180172089
22	21.953472233994866	27.65543454568001	28.09113377750313	22.299959442821997
23	22.08642688423011	27.43812173343288	27.97478027388115	22.500671108455865
24	21.998097544952095	27.743391981158865	28.043516504392272	22.214993969496764
25	22.02682661177044	27.694293311644458	27.95957542611657	22.319304650468535
26	22.16368605833236	27.799321578582013	27.78784632607789	22.249146037007733
27	21.923753663661586	27.89319397483288	27.99244870657719	22.190603654928342
28	21.903749002004684	27.75883796275991	27.95144705752182	22.385965977713592
29	22.05802236849432	27.655134005987918	28.027307191003896	22.259536434513862
30	22.003994115331544	27.76648794970697	27.97634567533263	22.253172259628855
31	22.08226841473237	27.790522878667606	27.90625079607154	22.22095791052848
32	22.063647165664154	27.727730550445735	27.89891427079485	22.309708013095264
33	21.9766896594868	27.708579284379308	28.015447012677164	22.29928404345673
34	22.118716892843366	27.933806769375735	27.889398182850293	22.0580781549306
35	22.114430463578756	27.76732315677205	27.815549866710302	22.302696512938887
36	22.196804753880393	27.91255121400039	27.765632452751042	22.125011579368167
37	21.983765974045273	27.817598158588456	27.913630387839085	22.285005479527186
38	21.962733388287	27.67248349451718	27.977010742071194	22.38777237512462
39	21.884136024639094	27.827560552493157	27.985477035885452	22.302826386982293
40	22.015731656508798	27.83375494196216	27.947378320937045	22.203135080592
41	22.212534444825994	27.879012409714083	27.8035830676692	22.10487007779072
42	22.114059340168083	27.98196359061784	27.776085450039705	22.127891619174374
43	22.073087185045413	27.98062575184513	27.845152663395258	22.101134399714205
44	22.148444344682666	27.705756082153826	27.787015600248242	22.35878397291527
45	21.95594905926626	27.80272179642595	27.995179570625773	22.24614957368202
46	22.031469485677242	27.89458249001797	27.805128471766814	22.268819552537973
47	22.020008069691798	27.924068307813076	27.854998867155466	22.200924755339656
48	22.027420366597507	28.26358906235441	27.95987993352908	21.749110637518996
49	22.13653993786725	28.611191068955872	28.076258259852633	21.176010733324247
50	21.90145621770698	28.514478665141223	28.249573106239566	21.334492010912225
>>END_MODULE
>>Per base GC content	pass
#Base	%GC
1	45.04043115683397
2	44.84599470226502
3	45.01437425741596
4	44.88840321902596
5	45.273559851495
6	44.78995410935348
7	44.669117117922184
8	44.798288880148355
9	44.40531302971711
10	44.5656886271408
11	44.74785492429214
12	44.349972729403284
13	44.4388669265769
14	44.51744577082345
15	44.44503207920095
16	44.23693777083977
17	44.64904492763679
18	44.316582090940514
19	44.24805652693109
20	44.51444697184673
21	44.33957173808615
22	44.25343167681686
23	44.58709799268597
24	44.21309151444886
25	44.34613126223898
26	44.41283209534009
27	44.11435731858993
28	44.28971497971828
29	44.317558803008176
30	44.2571663749604
31	44.303226325260844
32	44.373355178759425
33	44.275973702943524
34	44.17679504777397
35	44.41712697651764
36	44.321816333248556
37	44.268771453572455
38	44.350505763411626
39	44.18696241162139
40	44.2188667371008
41	44.31740452261671
42	44.241950959342454
43	44.174221584759614
44	44.507228317597935
45	44.20209863294827
46	44.30028903821521
47	44.220932825031454
48	43.77653100411651
49	43.3125506711915
50	43.2359482286192
>>END_MODULE
>>Per sequence GC content	warn
#GC Content	Count
0	8349.0
1	7179.5
2	5502.5
3	5546.5
4	6203.5
5	7047.0
6	8002.0
7	9538.0
8	11093.5
9	13993.5
10	17172.5
11	22712.0
12	28441.5
13	38131.5
14	49466.5
15	66807.0
16	85481.0
17	113042.0
18	142267.0
19	179903.0
20	218535.5
21	266734.0
22	316806.5
23	375560.5
24	437179.5
25	494010.5
26	559210.0
27	631961.0
28	707921.5
29	787866.0
30	867907.5
31	946374.0
32	1028663.0
33	1109644.5
34	1190765.0
35	1261479.0
36	1326972.0
37	1378953.5
38	1419360.5
39	1442470.0
40	1461491.5
41	1467173.0
42	1468939.5
43	1452547.5
44	1429946.0
45	1394606.5
46	1358760.5
47	1320590.0
48	1280191.0
49	1239804.5
50	1201078.5
51	1167181.0
52	1131780.5
53	1095219.0
54	1059768.0
55	1024800.5
56	985496.5
57	939078.0
58	890840.5
59	832218.0
60	772000.0
61	708211.5
62	642548.5
63	586399.5
64	521067.5
65	460645.5
66	402727.0
67	350315.5
68	299601.0
69	255086.0
70	215692.5
71	180990.5
72	150050.5
73	123554.0
74	99367.0
75	82048.5
76	69304.0
77	56747.5
78	45283.5
79	36471.5
80	28858.0
81	23490.5
82	19016.0
83	15367.0
84	12043.0
85	9634.0
86	7509.5
87	5864.0
88	4765.5
89	3852.5
90	3039.5
91	2594.0
92	2241.0
93	1986.5
94	1750.0
95	1700.0
96	1697.0
97	1806.5
98	2611.0
99	11083.5
100	18859.0
>>END_MODULE
>>Per base N content	pass
#Base	N-Count
1	0.0
2	0.0
3	0.0
4	0.0
5	0.0
6	0.0
7	0.0
8	0.0
9	0.0
10	0.0
11	0.0
12	0.0
13	0.0
14	0.0
15	0.0
16	0.0
17	0.0
18	0.0
19	0.0
20	0.0
21	0.0
22	0.0
23	0.0
24	0.0
25	0.0
26	0.0
27	0.0
28	0.0
29	0.0
30	0.0
31	0.0
32	0.0
33	0.0
34	0.0
35	0.0
36	0.0
37	0.0
38	0.0
39	0.0
40	0.0
41	0.0
42	0.0
43	0.0
44	0.0
45	0.0
46	0.0
47	0.0
48	0.0
49	0.0
50	0.0
>>END_MODULE
>>Sequence Length Distribution	warn
#Length	Count
20	16994.0
21	17729.0
22	18488.0
23	19072.0
24	20081.0
25	20732.0
26	21423.0
27	22620.0
28	23684.0
29	25723.0
30	26598.0
31	27802.0
32	28588.0
33	29179.0
34	30143.0
35	30802.0
36	32128.0
37	34058.0
38	36447.0
39	39574.0
40	42799.0
41	46943.0
42	52507.0
43	69281.0
44	116372.0
45	231575.0
46	625046.0
47	1360458.0
48	2786764.0
49	3789592.0
50	1.3632783E7
>>END_MODULE
>>Sequence Duplication Levels	warn
#Total Duplicate Percentage	35.05548723571333
#Duplication Level	Relative count
1	100.0
2	22.033627632149294
3	10.133917368192915
4	5.4981406702712565
5	3.2928007057087885
6	2.139179765625594
7	1.5376542787397622
8	1.1247233819268587
9	0.8129339386611305
10++	5.519433607860136
>>END_MODULE
>>Overrepresented sequences	pass
>>END_MODULE
>>Kmer Content	warn
#Sequence	Count	Obs/Exp Overall	Obs/Exp Max	Max Obs/Exp Position
AAAAA	7113845	4.233194	5.234141	46
TTTTT	5997570	3.3742673	3.844359	46
GGGGG	1699520	3.1278687	3.9075933	46
CCTGG	2156630	3.050372	3.700489	9
>>END_MODULE
