##FastQC	0.10.1
>>Basic Statistics	pass
#Measure	Value	
Filename	029-F0_S5_L004_R1_001_trimmed.fq.gz	
File type	Conventional base calls	
Encoding	Sanger / Illumina 1.9	
Total Sequences	19956772	
Filtered Sequences	0	
Sequence length	20-51	
%GC	45	
>>END_MODULE
>>Per base sequence quality	pass
#Base	Mean	Median	Lower Quartile	Upper Quartile	10th Percentile	90th Percentile
1	35.177341355606	36.0	36.0	36.0	36.0	36.0
2	35.166738388352584	36.0	36.0	36.0	36.0	36.0
3	35.152775058010384	36.0	36.0	36.0	36.0	36.0
4	35.14081009694353	36.0	36.0	36.0	36.0	36.0
5	35.115717361505155	36.0	36.0	36.0	36.0	36.0
6	35.07379635343832	36.0	36.0	36.0	36.0	36.0
7	35.054633484814076	36.0	36.0	36.0	36.0	36.0
8	35.04815949192585	36.0	36.0	36.0	36.0	36.0
9	35.02766654847788	36.0	36.0	36.0	36.0	36.0
10	35.0099408862315	36.0	36.0	36.0	36.0	36.0
11	34.99613334260671	36.0	36.0	36.0	36.0	36.0
12	34.98206242973563	36.0	36.0	36.0	36.0	36.0
13	34.975386901248356	36.0	36.0	36.0	36.0	36.0
14	34.95859280248329	36.0	36.0	36.0	36.0	36.0
15	34.94173586790489	36.0	36.0	36.0	36.0	36.0
16	34.93012151464175	36.0	36.0	36.0	36.0	36.0
17	34.92299681531662	36.0	36.0	36.0	36.0	36.0
18	34.904507803165764	36.0	36.0	36.0	36.0	36.0
19	34.879738466721975	36.0	36.0	36.0	36.0	36.0
20	34.879674378201045	36.0	36.0	36.0	36.0	36.0
21	34.86895393855307	36.0	36.0	36.0	36.0	36.0
22	34.85999875577267	36.0	36.0	36.0	36.0	36.0
23	34.8432332780093	36.0	36.0	36.0	36.0	36.0
24	34.82457786818465	36.0	36.0	36.0	36.0	36.0
25	34.80918169535841	36.0	36.0	36.0	36.0	36.0
26	34.78894362896788	36.0	36.0	36.0	36.0	36.0
27	34.779486276392774	36.0	36.0	36.0	36.0	36.0
28	34.76353652874349	36.0	36.0	36.0	36.0	36.0
29	34.744073397612354	36.0	36.0	36.0	36.0	36.0
30	34.72335214246551	36.0	36.0	36.0	32.0	36.0
31	34.70138826087335	36.0	36.0	36.0	32.0	36.0
32	34.677145922402936	36.0	36.0	36.0	32.0	36.0
33	34.64347138071301	36.0	36.0	36.0	32.0	36.0
34	34.63333196177097	36.0	36.0	36.0	32.0	36.0
35	34.608076598702795	36.0	36.0	36.0	32.0	36.0
36	34.587564761955875	36.0	36.0	36.0	32.0	36.0
37	34.561934589690075	36.0	36.0	36.0	32.0	36.0
38	34.534769198397285	36.0	36.0	36.0	32.0	36.0
39	34.50670184168481	36.0	36.0	36.0	32.0	36.0
40	34.49085518810992	36.0	36.0	36.0	32.0	36.0
41	34.46826048964882	36.0	36.0	36.0	32.0	36.0
42	34.42867800876828	36.0	36.0	36.0	32.0	36.0
43	34.40923018908061	36.0	36.0	36.0	32.0	36.0
44	34.380805967969856	36.0	36.0	36.0	32.0	36.0
45	34.36160877507761	36.0	36.0	36.0	32.0	36.0
46	34.3410881954088	36.0	36.0	36.0	32.0	36.0
47	34.34197113043409	36.0	36.0	36.0	32.0	36.0
48	34.344142808776105	36.0	36.0	36.0	32.0	36.0
49	34.38415963526465	36.0	36.0	36.0	32.0	36.0
50	34.46976049096766	36.0	36.0	36.0	32.0	36.0
51	34.57876824829508	36.0	36.0	36.0	32.0	36.0
>>END_MODULE
>>Per sequence quality scores	pass
#Quality	Count
14	12.0
15	95.0
16	362.0
17	992.0
18	2215.0
19	4380.0
20	8334.0
21	14580.0
22	24169.0
23	38164.0
24	58202.0
25	86192.0
26	124329.0
27	171273.0
28	228976.0
29	297609.0
30	383936.0
31	498699.0
32	676418.0
33	1023919.0
34	2087280.0
35	9730479.0
36	4496157.0
>>END_MODULE
>>Per base sequence content	pass
#Base	G	A	T	C
1	22.443237720967268	26.863828305928507	27.34515473364869	23.347779239455537
2	22.371432641673497	27.086821409514076	27.65004137211407	22.89170457669836
3	22.284176495719173	27.058228298190667	27.59141888214327	23.06617632394689
4	22.57631141261799	26.699584018318106	27.87335829143251	22.85074627763139
5	22.64657483147772	26.8375619181972	27.444222572627027	23.071640677698056
6	22.145393826412388	27.287688376931197	27.63020669305493	22.936711103601482
7	22.26516302265598	27.21540172475634	27.536772911157442	22.982662341430242
8	22.246471746790068	27.112047485506537	27.490878241847668	23.150602525855735
9	22.219720131272584	27.112071259283	27.57353165928416	23.094676950160252
10	22.27570737912938	27.173653841403183	27.59759601910754	22.953042760359903
11	22.83790052258084	27.023508095024557	27.307766373939817	22.830825008454788
12	22.106012005851998	27.324492735816136	27.704278174656704	22.865217083675162
13	22.229118301272912	27.145243751562763	27.82028893713806	22.805349010026262
14	22.253071598910086	26.93487317867901	27.97128930111513	22.840765921295773
15	22.201022800416617	27.21146703033349	27.73331021580232	22.854199953447573
16	22.28948780327576	27.500234388087243	27.681917100629132	22.528360708007863
17	22.444628399827025	27.10320381348862	27.31168695158928	23.14048083509508
18	22.355387068010213	27.576116915502034	27.360093522780772	22.70840249370698
19	22.605204421773173	27.184275992920142	27.557370495528787	22.653149089777894
20	22.68507949094208	26.91186855076278	27.6104572024504	22.79259475584474
21	22.66577919449245	27.04239502585707	27.619272026743484	22.672553752906996
22	22.375050509707627	27.29885358315413	27.66938393961425	22.656711967523997
23	22.406529934491882	27.105384363548684	27.603013168574087	22.885072533385348
24	22.2483642068936	27.41632943675026	27.61968395689216	22.71562239946398
25	22.386592206188514	27.387436104902214	27.383557567707978	22.842414121201298
26	22.458650589738717	27.2637061654015	27.37274771437905	22.904895530480733
27	22.54391429739927	27.31042743986635	27.496065927523382	22.649592335211
28	22.25556519792383	27.334811262136277	27.45988446119921	22.949739078740684
29	22.60404721525721	27.078382802439698	27.482782603421185	22.834787378881906
30	22.36871728008265	27.486698305831535	27.379397989998182	22.765186424087634
31	22.46272198435449	27.332446675574467	27.433048493240054	22.771782846830988
32	22.403037757507153	27.428677791761064	27.340463689010814	22.82782076172097
33	22.322850807747255	27.120731968636434	27.717941574687604	22.838475648928704
34	22.50182484865409	27.534999848102675	27.474995203790026	22.48818009945321
35	22.483864753844042	27.069511966570854	27.485695816654278	22.96092746293083
36	22.65078080708926	27.38012599292513	27.209053385848453	22.76003981413716
37	22.404977734032215	27.27908339693437	27.377589711088774	22.938349157944636
38	22.44354315095722	27.225612234108553	27.305583787596564	23.02526082733766
39	22.392633899492214	27.28148054469182	27.39159799466598	22.934287561149986
40	22.414037568741676	27.201619515297352	27.617476304874234	22.766866611086737
41	22.671792271788863	27.18437445300222	27.399345081302684	22.744488193906236
42	22.597368220580897	27.25015021865159	27.47234864079939	22.680132919968123
43	22.544388272110552	27.45029364417013	27.346268703539288	22.65904938018003
44	22.55164935047695	27.17289680037307	27.294780514880586	22.98067333426939
45	22.49034686201139	27.338147877720047	27.42911358209263	22.742391678175935
46	22.501417198090905	27.67154271697885	27.13032987519149	22.69671020973876
47	22.59190464830339	27.256060606144413	27.276636861886473	22.87539788366572
48	22.571002713953252	27.612805989930163	27.455719304841942	22.360471991274647
49	22.829548792352558	27.54592900198193	27.43893454181024	22.18558766385528
50	22.97747841380045	27.66497465520308	27.51569908637607	21.8418478446204
51	22.36943545586912	28.28232300586679	27.659184783968488	21.689056754295603
>>END_MODULE
>>Per base GC content	pass
#Base	%GC
1	45.79101696042281
2	45.26313721837185
3	45.350352819666064
4	45.427057690249384
5	45.71821550917578
6	45.08210493001387
7	45.24782536408622
8	45.397074272645796
9	45.31439708143284
10	45.22875013948928
11	45.668725531035626
12	44.97122908952716
13	45.034467311299174
14	45.09383752020586
15	45.055222753864186
16	44.81784851128363
17	45.58510923492211
18	45.06378956171719
19	45.25835351155107
20	45.47767424678682
21	45.338332947399444
22	45.031762477231624
23	45.291602467877226
24	44.96398660635758
25	45.22900632738981
26	45.36354612021945
27	45.19350663261027
28	45.205304276664506
29	45.43883459413912
30	45.13390370417028
31	45.23450483118548
32	45.23085851922813
33	45.16132645667596
34	44.9900049481073
35	45.44479221677487
36	45.410820621226414
37	45.34332689197685
38	45.46880397829488
39	45.3269214606422
40	45.18090417982841
41	45.416280465695095
42	45.27750114054902
43	45.20343765229058
44	45.53232268474635
45	45.23273854018732
46	45.198127407829666
47	45.46730253196911
48	44.9314747052279
49	45.01513645620784
50	44.81932625842085
51	44.05849221016472
>>END_MODULE
>>Per sequence GC content	pass
#GC Content	Count
0	6575.0
1	6115.0
2	4607.0
3	3824.5
4	4171.0
5	4916.5
6	5716.0
7	6909.5
8	8195.0
9	10239.0
10	12444.0
11	16350.0
12	20314.5
13	27094.5
14	34331.5
15	45507.5
16	57174.5
17	74898.0
18	93772.0
19	119827.0
20	146484.5
21	179100.5
22	212265.0
23	253018.0
24	295437.0
25	338626.0
26	420327.5
27	476236.0
28	539968.0
29	605958.5
30	677056.5
31	750721.5
32	827587.0
33	905846.5
34	980341.0
35	1051345.0
36	1103907.5
37	1152388.0
38	1181751.5
39	1210772.5
40	1226489.5
41	1240232.0
42	1250835.5
43	1255348.5
44	1244771.5
45	1231743.0
46	1214073.0
47	1193650.0
48	1170065.5
49	1146352.0
50	1123880.5
51	1099779.0
52	1068958.5
53	1037179.5
54	1007947.5
55	976804.0
56	939981.0
57	898998.0
58	850329.5
59	796994.5
60	739773.5
61	678503.0
62	616931.0
63	558919.5
64	496808.5
65	436841.5
66	384022.0
67	333473.5
68	285127.0
69	237002.5
70	199459.5
71	165743.5
72	138390.5
73	112610.0
74	91272.0
75	67686.0
76	56166.5
77	46321.5
78	36853.5
79	29593.5
80	23104.5
81	18742.0
82	14993.0
83	12210.0
84	9635.5
85	7694.5
86	5881.5
87	4736.0
88	3740.5
89	3002.5
90	2377.5
91	1994.5
92	1644.0
93	1411.5
94	1182.0
95	1040.5
96	915.5
97	823.5
98	755.5
99	872.5
100	985.0
>>END_MODULE
>>Per base N content	pass
#Base	N-Count
1	0.0012677400934379566
2	4.660072280226481E-4
3	5.912779882437902E-4
4	6.213429706968642E-4
5	0.004033718479120771
6	8.768953215479939E-4
7	4.910613800668766E-4
8	0.0018389747600463641
9	6.514079531499383E-4
10	2.0544404676267283E-4
11	0.0031317690055285494
12	0.002525458526058222
13	9.119711344099136E-4
14	0.001548346596333315
15	0.003893415227673093
16	0.0027709892160916604
17	0.0012126209589406543
18	6.86483766011858E-4
19	0.0021747003974390247
20	0.002685805099141284
21	9.290449688900504E-4
22	0.0014294521091263873
23	0.0010292217756487237
24	0.004855025401391754
25	0.0031331514854915058
26	0.0017178806008943043
27	6.675216038781068E-4
28	3.5762806354417174E-4
29	0.003201775863702092
30	0.001243301584274475
31	8.09012835838877E-4
32	0.0033545665160919433
33	0.012672762313735285
34	0.0015969771667117758
35	8.193658421515189E-4
36	4.5031305920962205E-4
37	0.0015497260058155177
38	2.424652347021304E-4
39	2.3272762970452952E-4
40	0.0011360047741927745
41	3.8364628835270653E-4
42	4.2797153475728026E-4
43	7.627900280781935E-4
44	7.068957246245076E-4
45	8.245377218413317E-4
46	3.661149969391147E-4
47	9.403118782187705E-5
48	0.0019734548646917214
49	9.20937963728096E-4
50	7.853195893443593E-4
51	1.8000118440779342E-4
>>END_MODULE
>>Sequence Length Distribution	warn
#Length	Count
20	43850.0
21	45170.0
22	46951.0
23	47475.0
24	48777.0
25	49142.0
26	50574.0
27	51425.0
28	52991.0
29	56113.0
30	57937.0
31	59605.0
32	61306.0
33	61637.0
34	62659.0
35	63335.0
36	62202.0
37	63831.0
38	65571.0
39	68272.0
40	70662.0
41	74455.0
42	76962.0
43	84141.0
44	97157.0
45	134311.0
46	221153.0
47	546404.0
48	1136377.0
49	2261954.0
50	3023335.0
51	1.1111038E7
>>END_MODULE
>>Sequence Duplication Levels	warn
#Total Duplicate Percentage	30.619181321117185
#Duplication Level	Relative count
1	100.0
2	20.109336173233938
3	7.791267305644302
4	3.94959176428825
5	2.2413915512957048
6	1.4263400780972666
7	0.9456869009584664
8	0.6915157969471069
9	0.5268015619453319
10++	4.313099041533547
>>END_MODULE
>>Overrepresented sequences	pass
>>END_MODULE
>>Kmer Content	warn
#Sequence	Count	Obs/Exp Overall	Obs/Exp Max	Max Obs/Exp Position
AAAAA	5283315	3.9271302	4.8430576	47
TTTTT	5059395	3.5888808	4.434205	13
>>END_MODULE
