##FastQC	0.10.1
>>Basic Statistics	pass
#Measure	Value	
Filename	005-F0_S3_L002_R1_001.fastq.gz	
File type	Conventional base calls	
Encoding	Sanger / Illumina 1.9	
Total Sequences	20995442	
Filtered Sequences	0	
Sequence length	35-75	
%GC	46	
>>END_MODULE
>>Per base sequence quality	pass
#Base	Mean	Median	Lower Quartile	Upper Quartile	10th Percentile	90th Percentile
1	31.348534029433626	32.0	32.0	32.0	32.0	32.0
2	31.4025756638036	32.0	32.0	32.0	32.0	32.0
3	31.473901573493904	32.0	32.0	32.0	32.0	32.0
4	31.553635832005824	32.0	32.0	32.0	32.0	32.0
5	31.503993247677283	32.0	32.0	32.0	32.0	32.0
6	35.101181961303794	36.0	36.0	36.0	36.0	36.0
7	35.109244711304484	36.0	36.0	36.0	36.0	36.0
8	35.045258966207996	36.0	36.0	36.0	36.0	36.0
9	35.191556291122616	36.0	36.0	36.0	36.0	36.0
10	35.05742903626415	36.0	36.0	36.0	36.0	36.0
11	35.155141911277695	36.0	36.0	36.0	36.0	36.0
12	35.09321332696878	36.0	36.0	36.0	36.0	36.0
13	35.12978964672428	36.0	36.0	36.0	36.0	36.0
14	35.10309923458625	36.0	36.0	36.0	36.0	36.0
15	35.06156517209783	36.0	36.0	36.0	36.0	36.0
16	35.076508891787086	36.0	36.0	36.0	36.0	36.0
17	35.06764025258435	36.0	36.0	36.0	36.0	36.0
18	35.071377778091076	36.0	36.0	36.0	36.0	36.0
19	35.06874830260777	36.0	36.0	36.0	36.0	36.0
20	35.056322605639835	36.0	36.0	36.0	36.0	36.0
21	35.050850894208374	36.0	36.0	36.0	36.0	36.0
22	35.04192738595358	36.0	36.0	36.0	36.0	36.0
23	35.01880584366835	36.0	36.0	36.0	36.0	36.0
24	35.00666516094303	36.0	36.0	36.0	36.0	36.0
25	34.99107706329784	36.0	36.0	36.0	36.0	36.0
26	34.94098419075912	36.0	36.0	36.0	36.0	36.0
27	34.926499189681266	36.0	36.0	36.0	36.0	36.0
28	34.909814377806384	36.0	36.0	36.0	36.0	36.0
29	34.903168506764466	36.0	36.0	36.0	36.0	36.0
30	34.88004582137399	36.0	36.0	36.0	36.0	36.0
31	34.860976634833406	36.0	36.0	36.0	36.0	36.0
32	34.84378190275775	36.0	36.0	36.0	36.0	36.0
33	34.834001113194	36.0	36.0	36.0	36.0	36.0
34	34.83342708384039	36.0	36.0	36.0	36.0	36.0
35	34.829220789921926	36.0	36.0	36.0	36.0	36.0
36	34.85974702897815	36.0	36.0	36.0	36.0	36.0
37	34.84777056960248	36.0	36.0	36.0	36.0	36.0
38	34.83702699234683	36.0	36.0	36.0	36.0	36.0
39	34.83056849191727	36.0	36.0	36.0	36.0	36.0
40	34.82007229338871	36.0	36.0	36.0	36.0	36.0
41	34.805732249672054	36.0	36.0	36.0	36.0	36.0
42	34.79390130113448	36.0	36.0	36.0	36.0	36.0
43	34.78202775596579	36.0	36.0	36.0	36.0	36.0
44	34.76905516941245	36.0	36.0	36.0	32.0	36.0
45	34.760233235299495	36.0	36.0	36.0	32.0	36.0
46	34.74322217913394	36.0	36.0	36.0	32.0	36.0
47	34.74069384462315	36.0	36.0	36.0	32.0	36.0
48	34.72038515002952	36.0	36.0	36.0	32.0	36.0
49	34.70347369173759	36.0	36.0	36.0	32.0	36.0
50	34.68425684331468	36.0	36.0	36.0	32.0	36.0
51	34.676796889573986	36.0	36.0	36.0	32.0	36.0
52	34.66522317065577	36.0	36.0	36.0	32.0	36.0
53	34.643495239056065	36.0	36.0	36.0	32.0	36.0
54	34.62410285532909	36.0	36.0	36.0	32.0	36.0
55	34.59718410486441	36.0	36.0	36.0	32.0	36.0
56	34.5865580659102	36.0	36.0	36.0	32.0	36.0
57	34.561957325315085	36.0	36.0	36.0	32.0	36.0
58	34.5359190132111	36.0	36.0	36.0	32.0	36.0
59	34.51749191040376	36.0	36.0	36.0	32.0	36.0
60	34.494913246525236	36.0	36.0	36.0	32.0	36.0
61	34.472032196768346	36.0	36.0	36.0	32.0	36.0
62	34.45008663392519	36.0	36.0	36.0	32.0	36.0
63	34.425230095325205	36.0	36.0	36.0	32.0	36.0
64	34.39602267312518	36.0	36.0	36.0	32.0	36.0
65	34.36870041016308	36.0	36.0	36.0	32.0	36.0
66	34.33422015137877	36.0	36.0	36.0	32.0	36.0
67	34.31253863730085	36.0	36.0	36.0	32.0	36.0
68	34.27234550673671	36.0	36.0	36.0	32.0	36.0
69	34.26137114485006	36.0	36.0	36.0	32.0	36.0
70	34.231153307211656	36.0	36.0	36.0	32.0	36.0
71	34.19987979225674	36.0	36.0	36.0	32.0	36.0
72	34.17202753205921	36.0	36.0	36.0	32.0	36.0
73	34.137734938170006	36.0	36.0	36.0	32.0	36.0
74	34.09589260203062	36.0	36.0	36.0	32.0	36.0
75	33.36409284549248	36.0	36.0	36.0	27.0	36.0
>>END_MODULE
>>Per sequence quality scores	pass
#Quality	Count
2	36801.0
3	0.0
4	0.0
5	0.0
6	0.0
7	0.0
8	0.0
9	0.0
10	0.0
11	0.0
12	0.0
13	0.0
14	0.0
15	0.0
16	3.0
17	2.0
18	64.0
19	471.0
20	2220.0
21	6266.0
22	12962.0
23	23091.0
24	40233.0
25	69008.0
26	111002.0
27	170356.0
28	247311.0
29	339522.0
30	453530.0
31	600702.0
32	829460.0
33	1289749.0
34	2970362.0
35	1.3792327E7
>>END_MODULE
>>Per base sequence content	fail
#Base	G	A	T	C
1	42.436343645166914	18.335208802081233	12.15118142125541	27.07726613149644
2	16.048841143850883	19.638711307665417	36.17186343332089	28.14058411516281
3	18.816950011214946	21.27588329796765	28.16047090076117	31.746695790056233
4	13.093711562691492	15.198227785856917	35.168525478345664	36.53953517310593
5	14.98310887619097	34.88540597646575	33.93330225943562	16.198182887907667
6	34.830139988561285	34.73577318300361	16.086047754718447	14.34803907371666
7	30.649878491644568	29.27639249128796	20.29911672231038	19.774612294757087
8	26.582020589122195	34.54370608016551	19.63630750850246	19.237965822209837
9	24.715026806608332	15.503078014897723	19.703680172347077	40.07821500614687
10	14.329894880625282	27.227284564541915	34.58560262400984	23.857217930822962
11	34.802104222401	22.49749516077802	23.268965124345424	19.431435492475558
12	22.4920432215118	23.977752272402498	30.581025543519363	22.949178962566343
13	27.817158144425985	20.3622614133731	25.94797777195551	25.872602670245403
14	20.623241167068254	20.349943936827543	26.92359186010449	32.10322303599971
15	22.949690592479797	29.150928699691608	23.00333920124932	24.896041506579277
16	22.963845380006553	28.353271533532954	25.21749722832266	23.465385858137832
17	21.905410530048457	27.93977482860029	27.149536429225368	23.00527821212588
18	22.349277358669717	27.573470085926825	27.665470813077064	22.411781742326394
19	22.842484029829276	26.945753307531678	27.339958933335495	22.87180372930355
20	22.85627379836521	26.85824720932446	27.418145313375607	22.86733367893472
21	22.699217897502287	26.5246198774214	27.16944720729414	23.60671501778217
22	22.619833407113575	26.541595880419326	27.431844569289282	23.406726143177814
23	22.616800392735385	26.60297010669728	27.286239599218288	23.493989901349043
24	22.804851288755085	26.340844588319364	27.491000488247398	23.36330363467815
25	22.90639932236064	26.379353508655452	27.142394394751072	23.57185277423283
26	22.459243538702893	26.76562028833932	27.352609711317143	23.42252646164064
27	22.510811067945617	26.718202835359246	27.326282167322706	23.44470392937243
28	22.55606172174999	26.62483221121064	27.320139697989003	23.498966369050358
29	22.466607044397787	26.74106949448752	27.359054120568672	23.433269340546026
30	22.57303539604838	26.77776452946205	27.28272575332778	23.36647432116179
31	23.002211832341608	26.684368514160816	27.042077775939767	23.271341877557806
32	22.38575010660281	26.879195077581603	27.410627435242578	23.324427380573006
33	22.49655404661018	26.69476518062407	27.515390907263498	23.293289865502253
34	22.539423643889727	26.459338759393507	27.63567591780312	23.36556167891365
35	22.497932952809297	26.7307312530426	27.443096143495183	23.32823965065292
36	22.66363172864232	27.050121690186625	27.289491636899992	22.996754944271064
37	22.768697537069166	26.71824184982523	27.09508252499213	23.417978088113472
38	22.647524286165247	27.105975550161553	27.104521102551665	23.141979061121535
39	22.761344594255693	26.824222617851625	27.30534780434386	23.109084983548826
40	22.833113686047966	26.635595103100858	27.264145661770623	23.267145549080553
41	22.859455407166664	26.785453476962267	27.25809315638384	23.096997959487233
42	22.66743515439679	26.943354328645242	27.268314350425687	23.12089616653228
43	22.768677368520446	26.718782942008186	27.175458287651338	23.337081401820033
44	22.637459940455642	27.035298178610272	27.196927127992165	23.130314752941917
45	22.737006048780263	26.94854467223733	27.06412775516323	23.250321523819185
46	22.813490401453716	26.93939482706476	27.021842398653988	23.22527237282753
47	22.76849627851005	27.03596484286211	27.132927354968444	23.0626115236594
48	22.58940765305742	27.023576635503595	27.092761324711145	23.294254386727843
49	22.87127178890636	26.766992167237518	27.157731568215134	23.20400447564099
50	22.734712049058	27.053635863022357	27.06480508411584	23.146847003803803
51	22.84937310384778	26.972852500220913	27.03127607976358	23.146498316167737
52	22.794857539308392	27.030597380236372	26.987025714518463	23.187519365936772
53	22.743608327392312	26.85055794918409	27.176501317751573	23.229332405672025
54	22.887813564394772	27.157238584915998	27.02098318333606	22.933964667353166
55	22.8762939852957	26.82617337777963	27.00525854430897	23.29227409261571
56	22.97228812577761	27.090976796551676	26.843506559012432	23.093228518658282
57	22.724439405995	27.003298889285805	26.994227081201476	23.278034623517716
58	22.76042533340194	26.86974548221427	27.02825803297595	23.341571151407848
59	22.703717352076367	26.987329842715894	27.02782374248879	23.281129062718946
60	22.793227532442952	26.98878101067908	27.112704807416176	23.10528664946179
61	23.02666790852252	26.95234283572649	26.929823218981586	23.091166036769405
62	22.934475542341797	27.043037065243748	26.95638279868058	23.06610459373388
63	22.89725131023669	27.174293635934887	26.889369473475742	23.039085580352676
64	22.92762143279477	26.89811337382374	26.853921991578787	23.3203432018027
65	22.81004278900195	27.04279944469311	27.010241756652142	23.136916009652797
66	22.880783729300354	27.214204447865235	26.756333384559163	23.148678438275248
67	22.909052241728546	26.961410679689706	26.876793758899094	23.252743319682654
68	22.939503313305877	27.24622529646431	26.959678686874273	22.854592703355543
69	23.17984870844615	27.088766739215565	26.85949366744197	22.871890884896313
70	23.26503009997502	26.91141295298166	26.80106276464026	23.022494182403054
71	23.063052546000108	27.227080283661937	26.72939400250281	22.980473167835143
72	23.018782721122417	27.368363503139427	26.98474106125861	22.628112714479553
73	23.762533264274616	27.9757653359125	26.958475469271846	21.303225930541032
74	24.95496390467729	30.316537199376725	27.106684817176006	17.621814078769976
75	30.66368926650401	40.8633389233234	28.47297181017258	0.0
>>END_MODULE
>>Per base GC content	fail
#Base	%GC
1	69.51360977666336
2	44.189425259013696
3	50.563645801271186
4	49.63324673579742
5	31.181291764098635
6	49.17817906227794
7	50.424490786401655
8	45.81998641133203
9	64.7932418127552
10	38.18711281144825
11	54.23353971487656
12	45.44122218407814
13	53.689760814671395
14	52.72646420306797
15	47.84573209905908
16	46.42923123814439
17	44.91068874217434
18	44.76105910099611
19	45.71428775913283
20	45.72360747729993
21	46.30593291528446
22	46.02655955029139
23	46.11079029408443
24	46.168154923433235
25	46.47825209659347
26	45.881770000343536
27	45.95551499731805
28	46.055028090800356
29	45.89987638494381
30	45.93950971721017
31	46.27355370989942
32	45.71017748717581
33	45.78984391211243
34	45.90498532280338
35	45.82617260346222
36	45.66038667291338
37	46.18667562518264
38	45.78950334728678
39	45.870429577804515
40	46.10025923512852
41	45.956453366653896
42	45.78833132092907
43	46.10575877034048
44	45.76777469339756
45	45.98732757259945
46	46.038762774281246
47	45.83110780216945
48	45.883662039785264
49	46.07527626454735
50	45.8815590528618
51	45.99587142001551
52	45.98237690524517
53	45.97294073306434
54	45.82177823174794
55	46.16856807791141
56	46.065516644435895
57	46.00247402951271
58	46.10199648480979
59	45.984846414795314
60	45.898514181904744
61	46.11783394529193
62	46.000580136075676
63	45.93633689058937
64	46.24796463459747
65	45.94695879865475
66	46.0294621675756
67	46.1617955614112
68	45.79409601666142
69	46.05173959334247
70	46.28752428237808
71	46.04352571383525
72	45.64689543560197
73	45.065759194815655
74	42.576777983447265
75	30.66368926650401
>>END_MODULE
>>Per sequence GC content	warn
#GC Content	Count
0	36803.0
1	18403.5
2	5.0
3	18.5
4	35.0
5	68.0
6	122.0
7	209.0
8	278.0
9	402.0
10	751.5
11	1333.0
12	1740.0
13	2455.5
14	4257.5
15	7260.0
16	9762.5
17	14105.5
18	22972.0
19	34387.0
20	42771.0
21	55838.5
22	80736.5
23	109246.5
24	129006.0
25	154474.5
26	196949.0
27	242134.5
28	274575.5
29	313909.5
30	376695.0
31	439202.5
32	482568.0
33	534440.5
34	618117.0
35	699054.0
36	749890.0
37	800335.5
38	857893.5
39	897494.0
40	922773.5
41	934518.0
42	939896.5
43	941522.0
44	944152.5
45	938951.0
46	921818.0
47	901393.0
48	891186.0
49	873813.5
50	843834.0
51	817193.0
52	801913.5
53	791215.5
54	768401.5
55	744671.0
56	732124.0
57	715721.0
58	682153.0
59	637543.5
60	596856.5
61	548554.5
62	488498.5
63	431008.0
64	383637.0
65	342360.0
66	289190.5
67	235746.5
68	196449.5
69	166200.5
70	132589.0
71	100383.5
72	78449.0
73	64200.0
74	48793.0
75	34952.0
76	26287.5
77	20432.0
78	14280.5
79	9500.5
80	6805.5
81	5058.5
82	3346.5
83	2075.0
84	1501.5
85	1191.0
86	848.5
87	603.0
88	501.0
89	429.5
90	324.0
91	221.5
92	180.0
93	152.5
94	110.0
95	77.0
96	64.0
97	52.0
98	34.5
99	88.0
100	147.0
>>END_MODULE
>>Per base N content	pass
#Base	N-Count
1	0.1768288564727525
2	0.17528090144518033
3	0.17528090144518033
4	0.17528090144518033
5	0.17528090144518033
6	0.17528090144518033
7	0.17528090144518033
8	0.17528566438372672
9	0.17529519026081947
10	0.17615251919916713
11	0.1762811185399193
12	0.17573814354563244
13	0.17905314877391007
14	0.17595247578021936
15	0.17545236723284988
16	0.1762954073555584
17	0.17541902666302525
18	0.17580958762382806
19	0.17545236723284988
20	0.1753094790764586
21	0.17531424201500498
22	0.17529519026081947
23	0.17528090144518033
24	0.17529995319936584
25	0.17528090144518033
26	0.17528566438372672
27	0.17540950078593248
28	0.17528090144518033
29	0.17541902666302525
30	0.1752904273222731
31	0.17528090144518033
32	0.17528090144518033
33	0.17528090144518033
34	0.17660976129961922
35	0.17528090144518033
36	0.0
37	0.0
38	0.0
39	0.0
40	0.0
41	0.0
42	0.0
43	2.94021997761866E-4
44	0.0
45	0.0
46	0.0
47	0.0
48	0.0
49	0.0
50	0.0
51	0.0
52	0.0
53	0.0
54	0.0
55	0.0
56	0.0
57	0.0
58	0.0
59	0.0
60	0.0
61	0.0
62	0.0
63	0.0
64	0.0
65	0.0
66	0.0
67	0.0
68	0.0
69	0.0
70	0.0
71	0.0
72	0.0
73	0.0
74	0.0
75	0.0041856890568092
>>END_MODULE
>>Sequence Length Distribution	warn
#Length	Count
35	50039.0
36	19318.0
37	24679.0
38	27213.0
39	29410.0
40	30407.0
41	32435.0
42	35194.0
43	38823.0
44	42270.0
45	46490.0
46	47296.0
47	48541.0
48	49835.0
49	51298.0
50	51994.0
51	54245.0
52	55687.0
53	59234.0
54	62571.0
55	64938.0
56	66488.0
57	67291.0
58	67617.0
59	68830.0
60	69393.0
61	69554.0
62	72472.0
63	74500.0
64	78039.0
65	80616.0
66	80075.0
67	83169.0
68	83773.0
69	92257.0
70	105528.0
71	184049.0
72	532799.0
73	1416646.0
74	4333255.0
75	1.2447174E7
>>END_MODULE
>>Sequence Duplication Levels	warn
#Total Duplicate Percentage	34.84861163753427
#Duplication Level	Relative count
1	100.0
2	22.907741940358274
3	9.803032706996985
4	5.263794132535491
5	3.180791344620987
6	1.9666508004865628
7	1.334270193491844
8	0.9308158994235288
9	0.7706430336136358
10++	4.948737127616975
>>END_MODULE
>>Overrepresented sequences	warn
#Sequence	Count	Percentage	Possible Source
NNNNNNNNNNNNNNNNNNNNNNNNNNNNNNNNNNN	36801	0.17528090144518033	No Hit
>>END_MODULE
>>Kmer Content	warn
#Sequence	Count	Obs/Exp Overall	Obs/Exp Max	Max Obs/Exp Position
AAAAA	6041670	3.1510446	6.6987967	71
TTTTT	6025780	3.0027907	5.2110972	71
CCTGG	3389420	2.9844809	11.588402	3
CCAGG	3300955	2.93319	12.880167	3
CCCAG	3138650	2.7646348	11.311244	2
CTGGG	3009285	2.673083	9.754513	4
CAGCA	3348920	2.593294	7.13637	4
CCAGC	2901060	2.5553572	6.7908635	3
TGCTG	3290265	2.5238833	6.601025	2
GGAGG	2766765	2.5019822	5.58583	6
GCTGG	2805670	2.492216	5.8586287	3
TCCAG	3187045	2.4455583	9.861747	2
CAGGA	3037220	2.3726242	10.302683	4
AGGAG	3002885	2.3664484	7.2216525	5
CTCCA	3075185	2.3391356	7.3349705	1
CTGGA	3014680	2.3336556	8.8845	4
CTCCT	3089910	2.329018	6.690301	1
AGCAG	2961415	2.3134065	5.545911	7
CAGCC	2617415	2.3055127	5.357346	9
CTGCT	3017230	2.294252	6.8111596	9
TCCTG	3016845	2.293959	9.315287	2
GGCTG	2549350	2.2645326	8.2876215	7
CTGCA	2888340	2.2163491	6.5975266	4
CAGAG	2832000	2.2123098	7.8633156	4
GGCAG	2465145	2.2097783	6.1245937	7
CCTGC	2527235	2.2058876	6.368134	3
TGCAG	2846365	2.2033632	6.75056	2
GCTGC	2499185	2.2006037	5.6962852	8
GCAGG	2453710	2.1995282	6.4125156	3
TGGAG	2780080	2.1709936	6.487417	5
CTCTG	2839270	2.1589339	7.3359513	2
CTGCC	2468655	2.1547563	5.6711097	9
CCCTG	2452395	2.1405637	8.720903	2
AGCTG	2721145	2.1064308	6.0890875	7
CAGGG	2339345	2.0970106	9.065992	4
CACAG	2692710	2.0851464	7.325953	7
GCCTG	2353470	2.0722973	6.6748295	7
CTGTG	2651215	2.0336835	9.083623	9
GGAGA	2577360	2.0311098	5.625814	6
CAGAA	2941975	2.0028021	5.5221357	4
CAGGC	2251515	2.00067	6.026786	4
GCCAG	2246355	1.9960847	5.079575	2
CTGGC	2247535	1.9790188	5.1754146	4
CTCAG	2560870	1.965067	6.172458	2
CTGAG	2517660	1.9489137	5.7583394	4
GGGAG	2142755	1.9376909	5.1321754	7
CCCCA	2209505	1.9292308	6.6960177	1
TTCTG	2907630	1.9260466	5.100986	2
CCAGA	2451585	1.8984271	6.9378567	3
CCTCT	2449680	1.846445	5.347526	1
GGCCA	2072075	1.8412215	5.767022	1
CAGTG	2375090	1.8385507	6.5091553	9
TCTGG	2389760	1.8331277	6.1502733	3
AGAGG	2312470	1.8223612	5.084973	5
CACTG	2366780	1.8161334	7.5453496	7
ACCTG	2351610	1.8044927	5.3812103	7
TGGGG	1997480	1.7899351	5.5302033	5
TGGCC	1986625	1.7492801	5.373609	5
CCTGA	2248700	1.7255253	5.551731	3
GAGAG	2160295	1.7024385	5.46392	7
ACAGA	2492715	1.6969604	5.8659186	8
GCCCA	1907390	1.6800971	6.986817	1
TCAGG	2163970	1.6751232	5.7889304	3
AGGTG	2089365	1.6316068	5.10924	7
CCTGT	2113665	1.6071959	5.4884286	8
ACAGG	2038660	1.5925661	5.097896	8
TGGGC	1774625	1.5763613	6.021023	5
ACACA	2326290	1.5698466	6.348952	6
CACAC	1995550	1.5318065	6.677909	5
GTGTG	1979095	1.5314779	6.2529025	1
ACAGC	1962915	1.520017	5.8395057	8
TGTGT	2266735	1.514726	5.758016	10
AGGCT	1925520	1.4905397	5.088025	6
GCTGT	1942835	1.4903021	5.3959703	8
GACAG	1853535	1.4479496	7.1082907	7
CTGTC	1889355	1.4366344	5.776355	9
GCCCT	1617525	1.4118506	5.356806	1
GGGCT	1575640	1.3996071	5.7570195	6
AGACA	2052935	1.3975722	5.563346	6
AGGGC	1514320	1.3574502	5.4575853	5
GGACA	1678680	1.3113558	6.335095	6
GTCCT	1681215	1.2783681	7.76931	1
GTGCT	1616250	1.2397866	5.4945297	1
AGGAC	1586900	1.239659	8.315648	5
ACTGC	1611660	1.2366968	5.374384	8
GTCCA	1580570	1.2128401	6.774308	1
AGCAC	1565640	1.2123803	5.745181	5
TGTGC	1560000	1.1966386	5.7576346	10
TGGAC	1461885	1.1316411	6.2140174	5
GTGCA	1422745	1.101343	5.6498985	1
ACAGT	1615515	1.0898155	5.5931773	8
ACTGT	1599360	1.0691314	6.384598	8
TGCAC	1390385	1.0669029	5.359766	5
GACTG	1360600	1.0532366	6.2271495	7
GGACC	1136915	1.0102493	5.309237	6
AGACT	1460230	0.9850611	5.1417427	6
ACACT	1451800	0.9708296	5.0911384	6
GGACT	1247430	0.9656321	5.4317136	6
TGTAG	1388360	0.9362516	5.083372	2
TAGGA	1156900	0.7873057	5.0082955	4
GTGTA	982705	0.66269493	5.5228343	1
>>END_MODULE
