##FastQC	0.10.1
>>Basic Statistics	pass
#Measure	Value	
Filename	005-F5_S2_L003_R1_001.fastq.gz	
File type	Conventional base calls	
Encoding	Sanger / Illumina 1.9	
Total Sequences	18273425	
Filtered Sequences	0	
Sequence length	35-75	
%GC	46	
>>END_MODULE
>>Per base sequence quality	pass
#Base	Mean	Median	Lower Quartile	Upper Quartile	10th Percentile	90th Percentile
1	31.264142491076523	32.0	32.0	32.0	32.0	32.0
2	31.34330099584506	32.0	32.0	32.0	32.0	32.0
3	31.444805776694846	32.0	32.0	32.0	32.0	32.0
4	31.54665745474644	32.0	32.0	32.0	32.0	32.0
5	31.484761614202046	32.0	32.0	32.0	32.0	32.0
6	35.07087680607221	36.0	36.0	36.0	36.0	36.0
7	35.06782226101566	36.0	36.0	36.0	36.0	36.0
8	34.9954333136782	36.0	36.0	36.0	36.0	36.0
9	35.15856923373697	36.0	36.0	36.0	36.0	36.0
10	35.01801036204215	36.0	36.0	36.0	36.0	36.0
11	35.13846451882994	36.0	36.0	36.0	36.0	36.0
12	35.065691844851195	36.0	36.0	36.0	36.0	36.0
13	35.11138886114672	36.0	36.0	36.0	36.0	36.0
14	35.08939161651415	36.0	36.0	36.0	36.0	36.0
15	35.031794203878036	36.0	36.0	36.0	36.0	36.0
16	35.0506157986256	36.0	36.0	36.0	36.0	36.0
17	35.044707929684776	36.0	36.0	36.0	36.0	36.0
18	35.04130681577208	36.0	36.0	36.0	36.0	36.0
19	35.032151772314165	36.0	36.0	36.0	36.0	36.0
20	35.02866233341587	36.0	36.0	36.0	36.0	36.0
21	35.01719622894996	36.0	36.0	36.0	36.0	36.0
22	35.005770456277354	36.0	36.0	36.0	36.0	36.0
23	34.980369963485224	36.0	36.0	36.0	36.0	36.0
24	34.97255725185618	36.0	36.0	36.0	36.0	36.0
25	34.95772587788004	36.0	36.0	36.0	36.0	36.0
26	34.89839857607427	36.0	36.0	36.0	36.0	36.0
27	34.88432808846727	36.0	36.0	36.0	36.0	36.0
28	34.86085115406663	36.0	36.0	36.0	36.0	36.0
29	34.842328408604295	36.0	36.0	36.0	36.0	36.0
30	34.81942887006678	36.0	36.0	36.0	36.0	36.0
31	34.80826922156082	36.0	36.0	36.0	36.0	36.0
32	34.79515159309216	36.0	36.0	36.0	36.0	36.0
33	34.77619641638062	36.0	36.0	36.0	32.0	36.0
34	34.76656395831652	36.0	36.0	36.0	32.0	36.0
35	34.757322669395585	36.0	36.0	36.0	32.0	36.0
36	34.78383189926431	36.0	36.0	36.0	32.0	36.0
37	34.76816552840213	36.0	36.0	36.0	32.0	36.0
38	34.75688282519879	36.0	36.0	36.0	32.0	36.0
39	34.74028704303656	36.0	36.0	36.0	32.0	36.0
40	34.7341382127774	36.0	36.0	36.0	32.0	36.0
41	34.71338942763716	36.0	36.0	36.0	32.0	36.0
42	34.70277382013547	36.0	36.0	36.0	32.0	36.0
43	34.69671722702835	36.0	36.0	36.0	32.0	36.0
44	34.68138321158238	36.0	36.0	36.0	32.0	36.0
45	34.67102086052951	36.0	36.0	36.0	32.0	36.0
46	34.65000863780319	36.0	36.0	36.0	32.0	36.0
47	34.64225036148057	36.0	36.0	36.0	32.0	36.0
48	34.623486939748695	36.0	36.0	36.0	32.0	36.0
49	34.60750896200902	36.0	36.0	36.0	32.0	36.0
50	34.59451354305225	36.0	36.0	36.0	32.0	36.0
51	34.581518046975795	36.0	36.0	36.0	32.0	36.0
52	34.57473492449636	36.0	36.0	36.0	32.0	36.0
53	34.54348311908957	36.0	36.0	36.0	32.0	36.0
54	34.519389556730296	36.0	36.0	36.0	32.0	36.0
55	34.48339500733088	36.0	36.0	36.0	32.0	36.0
56	34.46479142228515	36.0	36.0	36.0	32.0	36.0
57	34.43945983461996	36.0	36.0	36.0	32.0	36.0
58	34.42782007463742	36.0	36.0	36.0	32.0	36.0
59	34.40314933294334	36.0	36.0	36.0	32.0	36.0
60	34.37372778813861	36.0	36.0	36.0	32.0	36.0
61	34.349676368837926	36.0	36.0	36.0	32.0	36.0
62	34.314933258011905	36.0	36.0	36.0	32.0	36.0
63	34.298849665972845	36.0	36.0	36.0	32.0	36.0
64	34.26694342575607	36.0	36.0	36.0	32.0	36.0
65	34.24990036062307	36.0	36.0	36.0	32.0	36.0
66	34.19592575635911	36.0	36.0	36.0	32.0	36.0
67	34.17741553164238	36.0	36.0	36.0	32.0	36.0
68	34.14181406392942	36.0	36.0	36.0	32.0	36.0
69	34.11937793211858	36.0	36.0	36.0	32.0	36.0
70	34.090325252915534	36.0	36.0	36.0	32.0	36.0
71	34.0532672268699	36.0	36.0	36.0	32.0	36.0
72	34.017502138920534	36.0	36.0	36.0	32.0	36.0
73	33.97757739033056	36.0	36.0	36.0	32.0	36.0
74	33.93456036817016	36.0	36.0	36.0	32.0	36.0
75	33.156985518020626	36.0	36.0	36.0	21.0	36.0
>>END_MODULE
>>Per sequence quality scores	pass
#Quality	Count
2	26200.0
3	0.0
4	0.0
5	0.0
6	0.0
7	0.0
8	0.0
9	0.0
10	0.0
11	0.0
12	0.0
13	0.0
14	0.0
15	0.0
16	0.0
17	6.0
18	83.0
19	539.0
20	2499.0
21	6733.0
22	13846.0
23	23944.0
24	40490.0
25	66686.0
26	106480.0
27	159592.0
28	227864.0
29	313968.0
30	418926.0
31	555158.0
32	769520.0
33	1213590.0
34	2801705.0
35	1.1525596E7
>>END_MODULE
>>Per base sequence content	fail
#Base	G	A	T	C
1	42.98347889021068	18.305982671291382	11.607730038922043	27.102808399575895
2	16.134436953584146	19.834222402976668	35.87554804283471	28.155792600604475
3	18.9150350258738	21.39603693164303	28.02805906103531	31.660868981447866
4	13.030474496807049	15.261454823952683	35.151761432217775	36.5563092470225
5	14.889617462381267	35.084710140857034	33.89844757216508	16.127224824596617
6	34.85580929424162	34.92465069742682	16.030625847329922	14.188914161001634
7	30.81499446404606	29.254613381723903	20.188829106419817	19.741563047810224
8	26.666268432597285	34.639826055742724	19.49042662651444	19.20347888514555
9	24.71722286212789	15.372803708830784	19.648068383978988	40.261905045062335
10	14.199731740031703	27.26380586637146	34.671989850511515	23.86447254308532
11	34.815648874017334	22.60138080234372	23.259382512960745	19.323587810678198
12	22.43068633771636	24.08539746584818	30.702433467060867	22.781482729374584
13	27.9165970670388	20.411707556174026	25.907151685100153	25.76454369168702
14	20.4847666325811	20.461491845357425	26.97586749275081	32.077874029310664
15	22.840572800210442	29.325244421061864	23.017465693366653	24.81671708536104
16	22.877531753250516	28.411853290044103	25.33023309291454	23.38038186379084
17	21.832131760327837	28.002368802827306	27.228337379252654	22.937162057592204
18	22.27083286750415	27.669414949236675	27.739486618974528	22.320265564284647
19	22.810930299545483	27.02654535139588	27.33120178141067	22.831322567647966
20	22.78037830052261	26.997713510455807	27.500393759344593	22.721514429676994
21	22.615005843354265	26.589889695556444	27.2429698214386	23.55213463965069
22	22.495935683371034	26.714982689148627	27.489177121452713	23.29990450602763
23	22.488839765852788	26.742270424323184	27.342133866033784	23.426755943790244
24	22.66250741962622	26.478591552583946	27.6258516848573	23.233049342932535
25	22.77668232212242	26.511177118555825	27.265565487118497	23.446575072203256
26	22.31201427197991	26.949602139459795	27.462151364073318	23.276232224486982
27	22.374258083053704	26.891142548946117	27.41544340304629	23.319155964953882
28	22.38413238177312	26.784933051463987	27.3830733166276	23.447861250135293
29	22.316745616605534	26.883431045950733	27.45472364361097	23.345099693832765
30	22.40695413403432	26.923292974232677	27.45562405166453	23.214128840068476
31	22.904584672032314	26.796859834997093	27.152366550166562	23.146188942804027
32	22.214479187931317	27.04645774905499	27.55291284017159	23.1861502228421
33	22.355678740192005	26.843785835928475	27.64167702212254	23.15885840175698
34	22.379167243238353	26.637063991922062	27.800638179229992	23.183130585609593
35	22.31871181678215	26.9216490974131	27.59641497131234	23.16322411449241
36	22.44875748132	27.219882272698364	27.515587682495955	22.815772563485677
37	22.58409229980351	26.858127079294896	27.24261815162826	23.315162469273332
38	22.423225190001318	27.33013003558406	27.243163247375122	23.003481527039494
39	22.616751055306896	27.001713643828122	27.443454041079523	22.93808125978546
40	22.69658421726997	26.773218874144966	27.43550143079488	23.094695477790186
41	22.726433462954603	26.915945795703394	27.413615014474708	22.944005726867296
42	22.46307591416023	27.171455211657946	27.45310221437532	22.91236665980651
43	22.578598874846666	26.89209892042547	27.372948449787692	23.156353754940167
44	22.417811057072065	27.2005540799037	27.407372022724484	22.974262840299748
45	22.51727783223781	27.15828385788457	27.24324999545961	23.081188314418007
46	22.61432333557297	27.093452711563092	27.19077843105882	23.101445521805115
47	22.60857179885476	27.209214439624702	27.295823123857637	22.886390637662895
48	22.39178372280821	27.219909960923417	27.2904519226232	23.097854393645182
49	22.693280136272595	26.942768286252722	27.314175546175424	23.049776031299263
50	22.51687160957392	27.30500388761691	27.240134882408455	22.93798962040072
51	22.635185808158084	27.16150797551497	27.223697931367152	22.97960828495979
52	22.597958543065662	27.219633187968746	27.153776302956246	23.02863196600935
53	22.52310673340869	27.010023940072593	27.398018801030616	23.068850525488106
54	22.66328439519244	27.341294075661327	27.251441233398964	22.743980295747267
55	22.64843147727721	26.97958133129984	27.24468090326991	23.12730628815305
56	22.716215867061347	27.296801802991116	27.043057590341924	22.94392473960561
57	22.5593981926898	27.17641117726668	27.157998844029628	23.10619178601389
58	22.571243194012464	27.064389387104786	27.164254754341933	23.200112664540818
59	22.505940934175452	27.225771672222628	27.20478021960499	23.063507173996932
60	22.58004993675979	27.18470469498487	27.32029120756092	22.91495416069442
61	22.815523283224877	27.10376854311859	27.152912926581234	22.927795247075306
62	22.718157174417968	27.238137419758175	27.16183659572534	22.881868810098517
63	22.673523551962486	27.368098221285592	27.09594988240202	22.8624283443499
64	22.712365248141218	27.06555372945923	27.056523582790604	23.165557439608946
65	22.62207668311264	27.247947967035525	27.18327713577952	22.946698214072313
66	22.643634784499568	27.460571409730466	26.940280560005476	22.95551324576449
67	22.707016685076766	27.13067534219002	27.062486837277866	23.09982113545535
68	22.73492898195168	27.419568050865294	27.17801328212425	22.667489685058776
69	22.97236639581287	27.282340335265452	27.08487749221896	22.660415776702713
70	23.09810673078982	27.079621830893615	27.004134842163246	22.818136596153316
71	22.84978653367379	27.44897769261381	26.934271397521243	22.766964376191158
72	22.800994213650807	27.55650171054046	27.180983786636688	22.461520289172043
73	23.555544856386938	28.18129773891448	27.154434821726532	21.108722582972053
74	24.706509087326637	30.528216305938948	27.369539783984635	17.395734822749777
75	30.21982971404014	41.042781200860134	28.737389085099718	0.0
>>END_MODULE
>>Per base GC content	fail
#Base	%GC
1	70.08628728978657
2	44.29022955418862
3	50.57590400732166
4	49.58678374382954
5	31.01684228697788
6	49.04472345524325
7	50.55655751185628
8	45.869747317742835
9	64.97912790719023
10	38.06420428311702
11	54.13923668469553
12	45.21216906709095
13	53.68114075872582
14	52.56264066189177
15	47.65728988557149
16	46.25791361704136
17	44.769293817920044
18	44.591098431788794
19	45.64225286719345
20	45.50189273019961
21	46.16714048300495
22	45.79584018939866
23	45.91559570964303
24	45.895556762558755
25	46.22325739432567
26	45.58824649646689
27	45.69341404800758
28	45.83199363190841
29	45.661845310438295
30	45.6210829741028
31	46.050773614836345
32	45.40062941077342
33	45.51453714194898
34	45.562297828847946
35	45.48193593127456
36	45.26453004480568
37	45.89925476907684
38	45.42670671704081
39	45.554832315092355
40	45.791279695060155
41	45.6704391898219
42	45.37544257396674
43	45.73495262978683
44	45.392073897371816
45	45.59846614665582
46	45.71576885737809
47	45.49496243651765
48	45.48963811645339
49	45.74305616757186
50	45.45486122997464
51	45.61479409311788
52	45.62659050907501
53	45.59195725889679
54	45.407264690939705
55	45.77573776543026
56	45.66014060666696
57	45.66558997870369
58	45.77135585855328
59	45.56944810817238
60	45.49500409745421
61	45.74331853030018
62	45.60002598451649
63	45.53595189631239
64	45.877922687750164
65	45.56877489718495
66	45.59914803026406
67	45.80683782053212
68	45.40241866701045
69	45.63278217251558
70	45.91624332694313
71	45.61675090986495
72	45.262514502822846
73	44.66426743935899
74	42.10224391007642
75	30.21982971404014
>>END_MODULE
>>Per sequence GC content	warn
#GC Content	Count
0	26203.0
1	13105.0
2	10.0
3	25.5
4	39.5
5	61.5
6	122.0
7	218.0
8	280.0
9	396.0
10	772.5
11	1390.5
12	1775.5
13	2494.5
14	4410.5
15	7326.5
16	9540.5
17	13484.5
18	21884.0
19	32918.0
20	40967.5
21	53315.5
22	76307.0
23	102512.0
24	120590.5
25	143412.5
26	182840.0
27	224094.5
28	251789.5
29	286161.5
30	341280.0
31	396572.5
32	434613.0
33	477543.0
34	550668.5
35	621730.5
36	664066.5
37	706671.0
38	753401.0
39	780533.0
40	798069.0
41	807230.5
42	809322.5
43	808120.5
44	810388.5
45	805976.0
46	791229.5
47	774203.0
48	766190.5
49	753344.5
50	727319.5
51	702041.0
52	686948.0
53	675058.0
54	652476.5
55	628131.5
56	613838.5
57	597512.5
58	566387.5
59	527186.0
60	493239.0
61	454525.0
62	404243.5
63	354647.5
64	315616.0
65	282500.0
66	239295.0
67	195273.5
68	162887.0
69	138019.5
70	110192.0
71	84019.5
72	66197.0
73	54809.0
74	42397.5
75	31414.5
76	24228.0
77	19258.0
78	13928.5
79	9568.0
80	7116.0
81	5369.5
82	3604.5
83	2272.5
84	1578.0
85	1220.5
86	873.0
87	605.5
88	474.5
89	406.5
90	319.0
91	241.5
92	200.5
93	216.5
94	200.0
95	127.5
96	89.5
97	67.5
98	34.5
99	40.0
100	58.0
>>END_MODULE
>>Per base N content	pass
#Base	N-Count
1	0.1531185314192605
2	0.1447347719434096
3	0.14337760983504735
4	0.14337760983504735
5	0.14337760983504735
6	0.1485107471642563
7	0.14416563944635447
8	0.14337760983504735
9	0.14672673568310265
10	0.14337760983504735
11	0.14342138925789774
12	0.14432433985418716
13	0.14338308226290364
14	0.14344327896932293
15	0.14351442053145483
16	0.14358556209358672
17	0.14355819995430522
18	0.14443378841131313
19	0.14399599418280917
20	0.14359103452144303
21	0.14337760983504735
22	0.14337760983504735
23	0.1437716246407009
24	0.14344327896932293
25	0.14406166331708478
26	0.14338855469075995
27	0.1437497349292757
28	0.14337760983504735
29	0.14342138925789774
30	0.1440452460335159
31	0.14354725509859262
32	0.14337760983504735
33	0.14337760983504735
34	0.14337760983504735
35	0.14341591683004143
36	9.869082237856067E-5
37	0.0
38	0.0
39	0.0
40	2.7512104087753926E-5
41	0.0
42	0.0
43	0.0
44	0.0
45	0.0
46	0.0
47	0.0
48	0.0
49	0.0
50	0.0
51	0.0
52	0.0
53	0.0
54	0.0
55	0.0
56	6.219078459215397E-5
57	0.0
58	0.0
59	0.0
60	0.0
61	0.0
62	0.0
63	5.754029287778913E-6
64	0.0
65	0.0
66	0.0
67	0.0
68	0.0
69	2.344259006394025E-5
70	0.0
71	0.0
72	0.0
73	4.287832912707133E-5
74	0.0
75	0.0
>>END_MODULE
>>Sequence Length Distribution	warn
#Length	Count
35	34647.0
36	12347.0
37	16031.0
38	17588.0
39	18993.0
40	19391.0
41	20736.0
42	22205.0
43	24565.0
44	26786.0
45	28931.0
46	29546.0
47	30795.0
48	31527.0
49	32480.0
50	32588.0
51	34069.0
52	35325.0
53	36934.0
54	39508.0
55	40925.0
56	41727.0
57	43082.0
58	43171.0
59	43774.0
60	44785.0
61	45207.0
62	46636.0
63	48289.0
64	51022.0
65	52912.0
66	52454.0
67	55350.0
68	56138.0
69	64005.0
70	74741.0
71	144723.0
72	454229.0
73	1251798.0
74	3838951.0
75	1.1234514E7
>>END_MODULE
>>Sequence Duplication Levels	warn
#Total Duplicate Percentage	32.48622318441252
#Duplication Level	Relative count
1	100.0
2	21.64267754983056
3	8.765805487738222
4	4.511897387311882
5	2.6068578508180593
6	1.6827606311263346
7	1.0807856283933972
8	0.7601209780271836
9	0.555332871770579
10++	4.150420872353606
>>END_MODULE
>>Overrepresented sequences	warn
#Sequence	Count	Percentage	Possible Source
NNNNNNNNNNNNNNNNNNNNNNNNNNNNNNNNNNN	26200	0.14337760983504735	No Hit
>>END_MODULE
>>Kmer Content	warn
#Sequence	Count	Obs/Exp Overall	Obs/Exp Max	Max Obs/Exp Position
AAAAA	5633655	3.2563577	7.0569077	71
TTTTT	5438925	3.0304592	5.349309	71
CCTGG	2924380	2.9912894	11.723447	3
CCAGG	2834615	2.9208415	13.103677	3
CCCAG	2698210	2.7553477	11.597594	2
CAGCA	3029105	2.689079	7.2813535	4
CTGGG	2580605	2.6635416	9.995972	4
TGCTG	2946935	2.6013243	6.6991205	2
CCAGC	2511300	2.5644796	6.7609615	3
GGAGG	2393720	2.5113878	5.671542	6
GCTGG	2412265	2.4897912	5.9672904	3
TCCAG	2759415	2.4317393	9.721764	2
AGCAG	2687135	2.4070885	5.7127194	7
CTGCT	2715685	2.3756917	6.822363	9
AGGAG	2619405	2.3676553	7.4484253	5
CAGGA	2623705	2.3502688	10.379914	4
CTCCT	2685460	2.3281777	6.550116	1
CTCCA	2658460	2.3217576	7.1790676	1
CTGGA	2594670	2.3072538	8.768883	4
CAGCC	2255760	2.3035283	5.404794	9
GCTGC	2248145	2.2995822	5.8368483	8
TCCTG	2601850	2.2761083	9.106563	2
GGCTG	2195805	2.2663743	8.494096	7
AGAAG	2905775	2.2628365	5.05305	5
CAGAG	2492300	2.2325585	8.112089	4
GGCAG	2132585	2.2173464	6.2065697	7
CCTGC	2183900	2.2138293	6.3118916	3
GCAGG	2109030	2.1928554	6.4999485	3
CTGCA	2469215	2.176	6.4674206	4
CTCTG	2481765	2.1710575	7.43742	2
CTGCC	2139730	2.169054	5.8132596	9
TGCAG	2432435	2.1629899	6.630319	2
CCCTG	2123275	2.1523733	8.835846	2
TGGAG	2379745	2.1352901	6.3712792	5
CAGGG	2012455	2.0924418	9.366144	4
CACAG	2353435	2.089255	7.4803243	7
AGCTG	2348715	2.088544	6.190404	7
GCCTG	2032145	2.0786402	7.0316157	7
CTGTG	2302210	2.0322115	9.170163	9
GGAGA	2234800	2.0200143	5.604854	6
GCCAG	1955250	2.0147269	5.401761	2
CAGGC	1935310	1.9941806	6.0982175	4
CTGGC	1949490	1.9940941	5.2829146	4
CAGAA	2576555	1.9884621	5.5318675	4
CTCAG	2220115	1.9564804	6.2621884	2
CCCCA	1913530	1.9365231	6.8513155	1
GGGAG	1844220	1.9348762	5.305979	7
CTGAG	2164500	1.9247346	5.788269	4
TTCTG	2535060	1.9138074	5.046346	2
CCAGA	2132485	1.8931073	7.1031528	3
CCTCT	2148930	1.8630292	5.4689817	1
GGCCA	1792510	1.8470367	6.0350842	1
AGAGG	2028255	1.8333204	5.3314314	5
TCTGG	2073675	1.8304787	6.1409345	3
CAGTG	2057995	1.8300272	6.592943	9
CACTG	2042540	1.799992	7.6027923	7
TGGGG	1723915	1.7954237	5.7363806	5
ACCTG	2031690	1.7904303	5.3440356	7
TGGCC	1708435	1.7475237	5.5422378	5
GAGAG	1920580	1.7359941	5.6114554	7
CCTGA	1934020	1.7043585	5.5259004	3
ACAGA	2201315	1.6988697	6.083861	8
GCCCA	1644425	1.6792476	7.3261495	1
TCAGG	1859965	1.6539335	5.817506	3
ACACA	2141465	1.6378554	6.841986	6
CCTGT	1837290	1.6072683	5.5980067	8
AGGTG	1789050	1.6052732	5.2194924	7
CACAC	1819375	1.6006569	7.125542	5
GGCCT	1564475	1.60027	5.239902	6
GTGTG	1779115	1.5846785	6.574832	1
ACAGG	1760715	1.5772176	5.0573406	8
AGGCC	1528200	1.5746868	5.004987	5
TGGGC	1525450	1.5744752	6.1854005	5
TGTGT	2048290	1.5603236	6.1320367	10
GGGCC	1284260	1.5360012	5.187186	6
AGCCT	1742215	1.53533	5.0328937	6
ACAGC	1725925	1.5321848	5.9134116	8
GCTGT	1694885	1.4961122	5.441242	8
AGGCT	1662840	1.4786444	5.164007	6
CTGTC	1661940	1.4538716	5.8756366	9
GACAG	1619920	1.4510959	7.158648	7
GCCCT	1411215	1.430555	5.703868	1
GGGCT	1369685	1.4137043	5.904977	6
AGACA	1810840	1.3975198	5.5881467	6
AGAGC	1534675	1.3747349	5.03496	5
AGGGC	1306215	1.3581316	5.704875	5
GGACA	1459695	1.3075691	6.3811297	6
GTCCT	1487315	1.3011088	8.190222	1
AGGAC	1396295	1.2507766	8.800329	5
GTGCT	1416430	1.2503139	5.664978	1
ACTGC	1388550	1.223662	5.266264	8
AGCAC	1374820	1.2204925	5.920467	5
TGTGC	1375680	1.2143431	6.04288	10
GTCCA	1363525	1.2016088	6.7712784	1
TGGAC	1256530	1.1173419	6.1368546	5
GTGCA	1231210	1.0948266	5.6864195	1
ACAGT	1421315	1.0888773	5.6220174	8
ACTGT	1407065	1.0700731	6.499975	8
TGCAC	1200695	1.0581145	5.359859	5
GACTG	1180245	1.0495073	6.205176	7
GGACC	986030	1.0160242	5.473602	6
AGACT	1293830	0.99121034	5.2484326	6
ACACT	1284005	0.9748594	5.1758637	6
GGACT	1082570	0.9626518	5.3572836	6
CTACA	1242145	0.94307804	5.013038	4
TGTAG	1220495	0.936588	5.3746915	2
TAGGA	1040930	0.80468035	5.3463254	4
GTGTA	876815	0.67285347	5.716006	1
TACAC	849095	0.64466125	5.017148	5
>>END_MODULE
