##FastQC	0.10.1
>>Basic Statistics	pass
#Measure	Value	
Filename	KS30_S4_L004_R1_001_trimmed.fq.gz	
File type	Conventional base calls	
Encoding	Sanger / Illumina 1.9	
Total Sequences	25021404	
Filtered Sequences	0	
Sequence length	20-50	
%GC	44	
>>END_MODULE
>>Per base sequence quality	pass
#Base	Mean	Median	Lower Quartile	Upper Quartile	10th Percentile	90th Percentile
1	35.2597644001112	36.0	36.0	36.0	36.0	36.0
2	35.2434639958653	36.0	36.0	36.0	36.0	36.0
3	35.2272748163932	36.0	36.0	36.0	36.0	36.0
4	35.21937853687187	36.0	36.0	36.0	36.0	36.0
5	35.20408786813082	36.0	36.0	36.0	36.0	36.0
6	35.16980278165046	36.0	36.0	36.0	36.0	36.0
7	35.15435784498744	36.0	36.0	36.0	36.0	36.0
8	35.14168161786605	36.0	36.0	36.0	36.0	36.0
9	35.12803082512876	36.0	36.0	36.0	36.0	36.0
10	35.106946236909806	36.0	36.0	36.0	36.0	36.0
11	35.09648471364756	36.0	36.0	36.0	36.0	36.0
12	35.08257570198699	36.0	36.0	36.0	36.0	36.0
13	35.06990207264149	36.0	36.0	36.0	36.0	36.0
14	35.066612209290895	36.0	36.0	36.0	36.0	36.0
15	35.04836131497657	36.0	36.0	36.0	36.0	36.0
16	35.03386712432284	36.0	36.0	36.0	36.0	36.0
17	35.024786938414806	36.0	36.0	36.0	36.0	36.0
18	35.00573145295923	36.0	36.0	36.0	36.0	36.0
19	34.99430203836683	36.0	36.0	36.0	36.0	36.0
20	34.99179598395038	36.0	36.0	36.0	36.0	36.0
21	34.96561189084883	36.0	36.0	36.0	36.0	36.0
22	34.957962956105575	36.0	36.0	36.0	36.0	36.0
23	34.94888803444995	36.0	36.0	36.0	36.0	36.0
24	34.93008703772314	36.0	36.0	36.0	36.0	36.0
25	34.92132310081204	36.0	36.0	36.0	36.0	36.0
26	34.903759429193414	36.0	36.0	36.0	36.0	36.0
27	34.891467928780315	36.0	36.0	36.0	36.0	36.0
28	34.86976040338261	36.0	36.0	36.0	36.0	36.0
29	34.8572265578697	36.0	36.0	36.0	36.0	36.0
30	34.83303226224204	36.0	36.0	36.0	36.0	36.0
31	34.821646673401176	36.0	36.0	36.0	36.0	36.0
32	34.80597649811456	36.0	36.0	36.0	36.0	36.0
33	34.776531770984384	36.0	36.0	36.0	36.0	36.0
34	34.754228036158274	36.0	36.0	36.0	36.0	36.0
35	34.736126463580845	36.0	36.0	36.0	32.0	36.0
36	34.72195972002999	36.0	36.0	36.0	32.0	36.0
37	34.702689459832634	36.0	36.0	36.0	32.0	36.0
38	34.68389572596955	36.0	36.0	36.0	32.0	36.0
39	34.648981373863016	36.0	36.0	36.0	32.0	36.0
40	34.62782720292185	36.0	36.0	36.0	32.0	36.0
41	34.61470542998315	36.0	36.0	36.0	32.0	36.0
42	34.59234743020133	36.0	36.0	36.0	32.0	36.0
43	34.561387654198704	36.0	36.0	36.0	32.0	36.0
44	34.54472450590346	36.0	36.0	36.0	32.0	36.0
45	34.526972049261026	36.0	36.0	36.0	32.0	36.0
46	34.518288364057135	36.0	36.0	36.0	32.0	36.0
47	34.52870568160784	36.0	36.0	36.0	32.0	36.0
48	34.533709378070526	36.0	36.0	36.0	32.0	36.0
49	34.59718327294264	36.0	36.0	36.0	32.0	36.0
50	34.70359309355618	36.0	36.0	36.0	32.0	36.0
>>END_MODULE
>>Per sequence quality scores	pass
#Quality	Count
8	1.0
9	0.0
10	7.0
11	17.0
12	34.0
13	55.0
14	88.0
15	186.0
16	312.0
17	721.0
18	1529.0
19	3561.0
20	7584.0
21	14520.0
22	24758.0
23	39988.0
24	62012.0
25	92750.0
26	133565.0
27	187025.0
28	250865.0
29	330789.0
30	430188.0
31	567587.0
32	784310.0
33	1204382.0
34	2452509.0
35	1.178116E7
36	6650901.0
>>END_MODULE
>>Per base sequence content	pass
#Base	G	A	T	C
1	22.42525523069608	26.928463546559357	27.489459715316293	23.156821507428266
2	22.283631178784724	26.8399459944714	27.76114295662444	23.115279870119437
3	22.35939573173561	26.906243092127497	27.55479927458521	23.179561901551686
4	22.37381772559532	26.767860328718807	27.83183135752055	23.02649058816533
5	22.60097138112571	26.739150895794843	27.435931509737294	23.223946213342153
6	22.10369469550095	27.070462966896724	27.648473668945346	23.17736866865698
7	22.11402007867577	27.07001494574275	27.75175359491554	23.06421138066594
8	22.29355584211036	26.899561545567064	27.7407238894518	23.06615872287077
9	21.973008215005773	27.111733206910504	27.87287999367566	23.04237858440806
10	22.182286534266872	27.180607130456025	27.705398839620692	22.93170749565641
11	22.55533166383136	27.210606578878053	27.468550149690007	22.76551160760058
12	22.017034559885648	27.293193382258572	27.823203741539242	22.86656831631653
13	22.081125689633836	27.107714145835754	27.936278041431912	22.8748821230985
14	22.113597909259077	26.828308213228237	28.12076514755027	22.937328729962417
15	22.007186894019014	27.109512318134254	27.931458062048776	22.951842725797952
16	22.196887526969714	27.517346729834514	27.73903586071999	22.546729882475784
17	22.31140108798083	27.260958038822242	27.58384055770079	22.843800315496136
18	22.18352477252552	27.590846396803688	27.576508892430386	22.64911993824041
19	22.192113881311176	27.403222076534412	27.828677473961445	22.575986568192967
20	22.17766762653538	27.197479782064892	27.802657909208573	22.822194682191153
21	22.24236798296171	27.312619122911343	27.83051638713224	22.614496506994712
22	22.111908284284258	27.38953908653894	27.86097553241883	22.637577096757973
23	22.2528055382274	27.142180212163957	27.72487246606275	22.880141783545895
24	22.153647243255897	27.499044770673965	27.786074838156516	22.56123314791362
25	22.16433176447369	27.43593782983168	27.713609686766844	22.686120718927782
26	22.314277000280796	27.518934890244733	27.567860313295515	22.598927796178955
27	22.114123708470178	27.59928850499635	27.730636044091643	22.555951742441835
28	22.046802291803143	27.467563969368246	27.737918765482465	22.747714973346138
29	22.22001467492493	27.382909083694656	27.78894141659641	22.60813482478401
30	22.190074845188754	27.481355333451624	27.721867715807154	22.606702105552465
31	22.289363953358674	27.48240649242707	27.660382165594793	22.567847388619462
32	22.249070672604624	27.424949186675075	27.64068366238755	22.685296478332752
33	22.158338609481532	27.411578114473762	27.755735548438526	22.674347727606182
34	22.304316592179667	27.658140498375776	27.6762837005718	22.361259208872752
35	22.290238992437303	27.45650224616341	27.574962743508852	22.678296017890435
36	22.383483076460003	27.620181675604456	27.52169349984555	22.474641748089994
37	22.150618147946048	27.53064638609593	27.687244953307545	22.63149051265048
38	22.139283768307788	27.311969715179448	27.7955094847997	22.753237031713063
39	22.062189372172544	27.505198054874402	27.79337996882763	22.63923260412542
40	22.21123619427462	27.520703949241486	27.760102492642353	22.50795736384154
41	22.407014985729695	27.53550277891067	27.603174860138203	22.454307375221433
42	22.320088554456703	27.65867911209853	27.561051142356362	22.460181191088406
43	22.288817621230912	27.649497965613506	27.60219701935929	22.45948739379629
44	22.32444442401712	27.407192276384034	27.561113554798943	22.707249744799903
45	22.166965155543835	27.488927777344944	27.762903276285833	22.581203790825388
46	22.217128481560767	27.57206884065799	27.582817259312137	22.627985418469105
47	22.18044184959213	27.575374427360437	27.682298410062252	22.561885312985186
48	22.20948896087512	27.976771840917706	27.77338056433501	22.040358633872163
49	22.276988081246685	28.28729294695112	27.943191198593258	21.492527773208934
50	21.950967359121222	28.287318848178028	28.109819425895367	21.651894366805383
>>END_MODULE
>>Per base GC content	pass
#Base	%GC
1	45.58207673812435
2	45.39891104890416
3	45.53895763328729
4	45.40030831376065
5	45.82491759446786
6	45.28106336415793
7	45.17823145934171
8	45.35971456498113
9	45.01538679941383
10	45.11399402992328
11	45.32084327143194
12	44.883602876202175
13	44.95600781273234
14	45.050926639221494
15	44.959029619816974
16	44.7436174094455
17	45.155201403476966
18	44.832644710765926
19	44.768100449504146
20	44.999862308726534
21	44.85686448995642
22	44.749485381042234
23	45.132947321773294
24	44.71488039116952
25	44.850452483401476
26	44.91320479645975
27	44.67007545091201
28	44.79451726514928
29	44.828149499708935
30	44.79677695074122
31	44.857211341978136
32	44.934367150937376
33	44.832686337087715
34	44.66557580105242
35	44.968535010327734
36	44.858124824549996
37	44.78210866059653
38	44.892520800020854
39	44.701421976297965
40	44.71919355811616
41	44.86132236095113
42	44.78026974554511
43	44.748305015027206
44	45.03169416881702
45	44.74816894636922
46	44.84511390002987
47	44.74232716257732
48	44.24984759474728
49	43.76951585445561
50	43.60286172592661
>>END_MODULE
>>Per sequence GC content	warn
#GC Content	Count
0	6583.0
1	6244.5
2	4896.5
3	4188.0
4	4560.5
5	5447.5
6	6465.5
7	8017.0
8	9631.0
9	12508.0
10	15608.5
11	21541.5
12	27735.5
13	37651.5
14	49173.0
15	67699.5
16	87508.5
17	115704.5
18	145675.0
19	184704.5
20	224710.5
21	274335.0
22	325529.5
23	385795.5
24	448644.5
25	506980.5
26	573628.5
27	647993.0
28	725624.5
29	807323.0
30	890158.5
31	975331.5
32	1063343.0
33	1150074.0
34	1238517.5
35	1313605.5
36	1382986.0
37	1438039.5
38	1482233.0
39	1510316.5
40	1533348.0
41	1539591.0
42	1542755.0
43	1528093.5
44	1508863.0
45	1475723.0
46	1440867.0
47	1406014.0
48	1369557.5
49	1332452.5
50	1298085.0
51	1267759.5
52	1234807.0
53	1203803.5
54	1173868.0
55	1143384.5
56	1108450.5
57	1064751.5
58	1017686.0
59	957932.0
60	896506.5
61	828517.5
62	757377.5
63	694866.5
64	620492.5
65	551218.0
66	485512.5
67	424122.5
68	362599.0
69	308066.0
70	260375.0
71	219221.5
72	182387.0
73	150438.0
74	120930.5
75	99487.0
76	83508.5
77	68576.0
78	54950.5
79	44185.5
80	35001.5
81	28441.5
82	22797.0
83	18331.0
84	14340.5
85	11430.5
86	8911.0
87	7007.5
88	5704.5
89	4484.5
90	3353.5
91	2670.5
92	2136.0
93	1759.0
94	1419.5
95	1209.5
96	1032.5
97	906.5
98	814.0
99	970.5
100	1115.0
>>END_MODULE
>>Per base N content	pass
#Base	N-Count
1	8.392814408016433E-5
2	0.0010471035118572883
3	5.315449125077074E-4
4	5.595209605344289E-4
5	0.0013148742572559077
6	0.0023459914559550692
7	9.272061631713392E-4
8	0.0031493036921509277
9	0.0024219264434561707
10	0.0024778785395096134
11	0.009455904233031848
12	0.005303459390208479
13	0.01510706593442958
14	0.0024339161783247655
15	0.012333440601494626
16	0.00853269464815004
17	0.009579798160007329
18	0.012401382432416662
19	0.005555243822448972
20	0.006646309695491108
21	0.013307392118328034
22	0.00849085211765895
23	0.017157340424713494
24	0.012272278054848741
25	0.00635083251305092
26	0.010359509955798487
27	0.009231975653651029
28	0.012588792567667076
29	0.015675743061669373
30	0.033005594561311
31	0.015538063870739477
32	0.016753465050891633
33	0.01827280264785395
34	0.013484804245253437
35	0.009935432292325784
36	0.013069240756097514
37	0.012722677438533565
38	0.012752130283801478
39	0.024006666381603703
40	0.023314812945669804
41	0.018247998266070438
42	0.01190664155512596
43	0.018031291657896582
44	0.013774125212635728
45	0.012080431286793975
46	0.005888794590648283
47	0.010545193870147952
48	0.0068222407813377395
49	0.006646760770264923
50	0.019111772181780617
>>END_MODULE
>>Sequence Length Distribution	warn
#Length	Count
20	20262.0
21	21317.0
22	22577.0
23	23002.0
24	24126.0
25	24773.0
26	26096.0
27	27640.0
28	28959.0
29	31094.0
30	32311.0
31	33910.0
32	34792.0
33	35408.0
34	36308.0
35	37341.0
36	38348.0
37	40956.0
38	43139.0
39	46827.0
40	49822.0
41	53431.0
42	58865.0
43	76116.0
44	123385.0
45	239652.0
46	652444.0
47	1430093.0
48	2902257.0
49	3878181.0
50	1.4927972E7
>>END_MODULE
>>Sequence Duplication Levels	warn
#Total Duplicate Percentage	38.837867612550085
#Duplication Level	Relative count
1	100.0
2	24.931141714793426
3	11.603731674811195
4	6.815556722264852
5	4.1621905415774805
6	2.759177739186624
7	2.030612657000929
8	1.485400428092565
9	1.091232179637333
10++	6.665320463632325
>>END_MODULE
>>Overrepresented sequences	pass
>>END_MODULE
>>Kmer Content	warn
#Sequence	Count	Obs/Exp Overall	Obs/Exp Max	Max Obs/Exp Position
AAAAA	7352490	4.2881274	5.291307	46
TTTTT	6718630	3.6733875	4.3027706	46
CCTGG	2422150	3.0715418	3.7862425	9
>>END_MODULE
