##FastQC	0.10.1
>>Basic Statistics	pass
#Measure	Value	
Filename	029-F5_S4_L004_R1_001_trimmed.fq.gz	
File type	Conventional base calls	
Encoding	Sanger / Illumina 1.9	
Total Sequences	23880450	
Filtered Sequences	0	
Sequence length	20-51	
%GC	45	
>>END_MODULE
>>Per base sequence quality	pass
#Base	Mean	Median	Lower Quartile	Upper Quartile	10th Percentile	90th Percentile
1	35.15162159842046	36.0	36.0	36.0	36.0	36.0
2	35.14178338347895	36.0	36.0	36.0	36.0	36.0
3	35.13007543827692	36.0	36.0	36.0	36.0	36.0
4	35.117158428756575	36.0	36.0	36.0	36.0	36.0
5	35.09230805952149	36.0	36.0	36.0	36.0	36.0
6	35.04779516298897	36.0	36.0	36.0	36.0	36.0
7	35.03135895680358	36.0	36.0	36.0	36.0	36.0
8	35.02939831535838	36.0	36.0	36.0	36.0	36.0
9	35.00608296744827	36.0	36.0	36.0	36.0	36.0
10	34.99337939611691	36.0	36.0	36.0	36.0	36.0
11	34.9768831826871	36.0	36.0	36.0	36.0	36.0
12	34.96264978256272	36.0	36.0	36.0	36.0	36.0
13	34.95547399651179	36.0	36.0	36.0	36.0	36.0
14	34.9443693481488	36.0	36.0	36.0	36.0	36.0
15	34.9235446568218	36.0	36.0	36.0	36.0	36.0
16	34.913954217780656	36.0	36.0	36.0	36.0	36.0
17	34.908916121764875	36.0	36.0	36.0	36.0	36.0
18	34.88813573446062	36.0	36.0	36.0	36.0	36.0
19	34.87393491328681	36.0	36.0	36.0	36.0	36.0
20	34.869863758848766	36.0	36.0	36.0	36.0	36.0
21	34.86035239786409	36.0	36.0	36.0	36.0	36.0
22	34.8502802319203	36.0	36.0	36.0	36.0	36.0
23	34.83476364767393	36.0	36.0	36.0	36.0	36.0
24	34.8144335910797	36.0	36.0	36.0	36.0	36.0
25	34.79975510098415	36.0	36.0	36.0	36.0	36.0
26	34.78486889060078	36.0	36.0	36.0	36.0	36.0
27	34.77368999150326	36.0	36.0	36.0	36.0	36.0
28	34.75514559462088	36.0	36.0	36.0	36.0	36.0
29	34.73895379095189	36.0	36.0	36.0	36.0	36.0
30	34.71440932801342	36.0	36.0	36.0	32.0	36.0
31	34.69430172888575	36.0	36.0	36.0	32.0	36.0
32	34.66879155085289	36.0	36.0	36.0	32.0	36.0
33	34.64091611104313	36.0	36.0	36.0	32.0	36.0
34	34.627159070241404	36.0	36.0	36.0	32.0	36.0
35	34.607229342193	36.0	36.0	36.0	32.0	36.0
36	34.58480358695646	36.0	36.0	36.0	32.0	36.0
37	34.5574036457888	36.0	36.0	36.0	32.0	36.0
38	34.535926982167275	36.0	36.0	36.0	32.0	36.0
39	34.5003151224176	36.0	36.0	36.0	32.0	36.0
40	34.48528071898241	36.0	36.0	36.0	32.0	36.0
41	34.4636419311128	36.0	36.0	36.0	32.0	36.0
42	34.425206649984325	36.0	36.0	36.0	32.0	36.0
43	34.40260574826332	36.0	36.0	36.0	32.0	36.0
44	34.382095000725435	36.0	36.0	36.0	32.0	36.0
45	34.352993084135896	36.0	36.0	36.0	32.0	36.0
46	34.33428160514016	36.0	36.0	36.0	32.0	36.0
47	34.33732641921298	36.0	36.0	36.0	32.0	36.0
48	34.34407690476868	36.0	36.0	36.0	32.0	36.0
49	34.37979877914173	36.0	36.0	36.0	32.0	36.0
50	34.46515534960725	36.0	36.0	36.0	32.0	36.0
51	34.57428936726815	36.0	36.0	36.0	32.0	36.0
>>END_MODULE
>>Per sequence quality scores	pass
#Quality	Count
14	9.0
15	48.0
16	195.0
17	596.0
18	1545.0
19	3691.0
20	8195.0
21	15382.0
22	26988.0
23	43719.0
24	67675.0
25	101227.0
26	145677.0
27	203152.0
28	272154.0
29	356376.0
30	459941.0
31	602353.0
32	826909.0
33	1270769.0
34	2637754.0
35	1.177494E7
36	5061155.0
>>END_MODULE
>>Per base sequence content	pass
#Base	G	A	T	C
1	22.7190738130013	26.623826816150114	27.21159231229414	23.44550705855444
2	22.597236085327456	26.510343323535036	27.480740217514565	23.411680373622946
3	22.635264694460204	26.609511109689205	27.327838824310856	23.427385371539735
4	22.75890740708636	26.47785659590288	27.478556168529582	23.284679828481174
5	22.949251617740966	26.502596941025548	27.08591880354318	23.462232637690306
6	22.526038564164292	26.81224943471076	27.26761730706957	23.394094694055376
7	22.56140730988724	26.79158978508724	27.272324126359837	23.374678778665682
8	22.706815115727082	26.57820510372372	27.320387591679324	23.394592188869872
9	22.439377615546345	26.785698731941594	27.494195212386046	23.280728440126015
10	22.651177817126637	26.816077868026106	27.28459169767012	23.248152617177137
11	22.939876377172073	26.82226500699422	27.06899725675313	23.168861359080577
12	22.419820051384818	26.89197743852057	27.452894634829068	23.235307875265544
13	22.575250093843295	26.741678767328764	27.494083391805674	23.188987747022267
14	22.589255380452535	26.46509744661465	27.63463605116243	23.31101112177038
15	22.502997961938657	26.796716823378127	27.451360485931982	23.248924728751238
16	22.710156102483605	27.162420092897914	27.214124965488555	22.913298839129922
17	22.826108895747012	26.829806855035287	27.09639593440557	23.24768831481213
18	22.713775664011298	27.09745560342909	27.126203173756892	23.062565558802724
19	22.741427803600214	26.9456718215458	27.327037539627884	22.985862835226097
20	22.733054908227633	26.68220169933648	27.309690440758043	23.275052951677843
21	22.745606664999094	26.889187962516765	27.310218609694736	23.054986762789405
22	22.67492471524294	26.875514852901933	27.37760100028804	23.071959431567084
23	22.770849006612472	26.681050278896613	27.224829170033	23.323271544457917
24	22.661025800869776	27.049760436415017	27.313338632954416	22.975875129760794
25	22.721774162844913	26.955499561999236	27.19065529551134	23.13207097964451
26	22.817941416500936	27.054729784467956	27.034224402472873	23.093104396558235
27	22.650116471324193	27.114221771529945	27.246077303242316	22.989584453903543
28	22.61147191151997	27.0033279824329	27.17615704173132	23.20904306431581
29	22.741954719534483	26.87071557436605	27.278376013644767	23.108953692454698
30	22.714361508273583	26.988953535167852	27.22346193083286	23.073223025725703
31	22.793766087259694	26.972954034329412	27.16824375204392	23.065036126366973
32	22.761141576607958	26.92971024579579	27.142989753533165	23.16615842406308
33	22.667186101463976	26.908867879608174	27.300346347861044	23.123599671066806
34	22.85695736391107	27.14065723761687	27.134900274124025	22.867485124348033
35	22.83199432661643	26.93070599576448	27.081792364137534	23.155507313481554
36	22.934948808263613	27.121946364729027	26.995967924345777	22.94713690266158
37	22.711968631195457	26.977079421350187	27.1914434469669	23.119508500487456
38	22.68266145178498	26.81076283395731	27.20926445386552	23.297311260392195
39	22.58339388923276	26.971024852474677	27.29428955783682	23.15129170045574
40	22.739800746198963	27.00442068530771	27.229512342064993	23.02626622642833
41	22.930066444727746	26.996334818237184	27.084476595027322	22.989122142007748
42	22.787381274646986	27.178160156229914	27.07525879170072	22.95919977742238
43	22.830880035018282	27.12436602665962	27.067387457871746	22.977366480450357
44	22.82396975136539	26.912033677492182	27.051890506160753	23.212106064981676
45	22.659848461999164	27.008626255096868	27.27857261860136	23.052952664302612
46	22.778945893857337	27.068100941497043	27.035926912535896	23.117026252109728
47	22.757172489774323	27.024230922495203	27.134220796842463	23.08437579088801
48	22.779666317956263	27.340837075686224	27.182745489145688	22.69675111721183
49	23.000806652441838	27.374247104615485	27.12233165213011	22.502614590812563
50	22.96989793823402	27.550467684944397	27.264583363561478	22.215051013260105
51	22.52511030460833	27.919891500836354	27.508700068580648	22.046298125974666
>>END_MODULE
>>Per base GC content	pass
#Base	%GC
1	46.16458087155574
2	46.0089164589504
3	46.06265006599994
4	46.043587235567536
5	46.411484255431276
6	45.92013325821967
7	45.936086088552926
8	46.10140730459696
9	45.72010605567236
10	45.89933043430378
11	46.10873773625265
12	45.65512792665036
13	45.764237840865555
14	45.90026650222292
15	45.751922690689895
16	45.62345494161353
17	46.07379721055914
18	45.77634122281402
19	45.72729063882631
20	46.00810785990547
21	45.8005934277885
22	45.746884146810025
23	46.09412055107039
24	45.63690093063057
25	45.853845142489426
26	45.91104581305917
27	45.639700925227736
28	45.820514975835785
29	45.85090841198918
30	45.787584533999286
31	45.85880221362667
32	45.92730000067104
33	45.79078577253078
34	45.7244424882591
35	45.98750164009798
36	45.882085710925196
37	45.83147713168291
38	45.97997271217717
39	45.7346855896885
40	45.76606697262729
41	45.919188586735494
42	45.74658105206937
43	45.80824651546864
44	46.036075816347065
45	45.71280112630178
46	45.895972145967065
47	45.84154828066234
48	45.47641743516809
49	45.5034212432544
50	45.18494895149413
51	44.571408430583
>>END_MODULE
>>Per sequence GC content	pass
#GC Content	Count
0	6379.0
1	6058.5
2	4662.0
3	3805.5
4	4131.0
5	4896.5
6	5801.5
7	7179.0
8	8544.0
9	10941.5
10	13504.0
11	17882.5
12	22347.0
13	29991.5
14	38366.5
15	52137.5
16	66318.5
17	87433.0
18	109488.0
19	138924.5
20	169247.0
21	208332.5
22	248178.0
23	296146.0
24	345542.0
25	395527.0
26	489769.5
27	553415.0
28	622789.5
29	693237.5
30	767302.5
31	844035.5
32	923661.0
33	1004962.5
34	1086201.0
35	1165520.0
36	1234827.5
37	1300803.5
38	1346485.0
39	1392979.5
40	1422273.5
41	1446543.0
42	1457162.0
43	1462388.5
44	1452615.5
45	1437992.5
46	1418652.5
47	1397168.0
48	1372426.5
49	1348107.5
50	1324599.5
51	1300777.0
52	1276319.5
53	1252595.5
54	1228677.5
55	1200255.5
56	1165484.0
57	1125320.0
58	1072654.0
59	1013813.5
60	948456.0
61	877081.5
62	803297.0
63	733271.0
64	655367.5
65	579259.5
66	510694.0
67	443776.5
68	381407.0
69	321080.5
70	272832.5
71	227795.0
72	190466.0
73	155515.5
74	126171.5
75	93308.5
76	77178.5
77	63062.5
78	49832.5
79	40064.5
80	31055.0
81	24856.0
82	19654.5
83	15821.5
84	12193.0
85	9670.5
86	7459.5
87	6061.5
88	4800.5
89	3755.5
90	2798.5
91	2344.0
92	1961.5
93	1685.0
94	1404.0
95	1226.0
96	1092.0
97	982.5
98	882.0
99	967.5
100	1065.0
>>END_MODULE
>>Per base N content	pass
#Base	N-Count
1	0.0014572589712505417
2	4.941280419757584E-4
3	5.192531966524919E-4
4	6.532540215950704E-4
5	0.004225213511470679
6	8.249425785527493E-4
7	4.564403099606582E-4
8	0.001984887219461945
9	6.783791762718039E-4
10	1.884386600755011E-4
11	0.003006643509649106
12	0.002650703818395382
13	8.961305168034941E-4
14	0.0014614464970299974
15	0.0037436480468332886
16	0.0028852052620448945
17	0.0010552564964228061
18	7.160669082869041E-4
19	0.002030950003035956
20	0.0027595794886612272
21	8.09724242745259E-4
22	0.0014334543614404308
23	0.0010783380586444043
24	0.00471489828926015
25	0.0030456919786794796
26	0.0016066601021106682
27	6.245413922455156E-4
28	3.151085344506458E-4
29	0.003376247530932253
30	0.001266579189975539
31	7.507456620414156E-4
32	0.0031873477863998668
33	0.012965495693199623
34	0.0015916820770759072
35	6.809748888557895E-4
36	4.04528263280565E-4
37	0.0016925829618666295
38	2.668921161250222E-4
39	2.765001714301063E-4
40	0.0010567158319851769
41	3.489963946021832E-4
42	2.792851912751129E-4
43	8.587200799455047E-4
44	6.387747531917296E-4
45	7.226045468522201E-4
46	3.6602342793954436E-4
47	1.1431069280510211E-4
48	0.002084390560276166
49	7.673210484896927E-4
50	9.105074557637296E-4
51	2.699723075905489E-4
>>END_MODULE
>>Sequence Length Distribution	warn
#Length	Count
20	45175.0
21	46586.0
22	48453.0
23	49375.0
24	50913.0
25	50640.0
26	52037.0
27	53299.0
28	55595.0
29	58342.0
30	59877.0
31	61989.0
32	63556.0
33	64418.0
34	65013.0
35	65441.0
36	66197.0
37	67867.0
38	70881.0
39	72919.0
40	75540.0
41	78750.0
42	82277.0
43	88702.0
44	106095.0
45	150782.0
46	259511.0
47	664981.0
48	1396060.0
49	2785705.0
50	3688773.0
51	1.3334701E7
>>END_MODULE
>>Sequence Duplication Levels	warn
#Total Duplicate Percentage	36.73468382610066
#Duplication Level	Relative count
1	100.0
2	23.696010961292934
3	10.508205399682371
4	5.746893781334662
5	3.5188241522124994
6	2.251424656681095
7	1.6332949272880142
8	1.1280478310964408
9	0.8306604801793667
10++	6.386821536449413
>>END_MODULE
>>Overrepresented sequences	pass
>>END_MODULE
>>Kmer Content	warn
#Sequence	Count	Obs/Exp Overall	Obs/Exp Max	Max Obs/Exp Position
AAAAA	6149070	4.0408287	5.0475745	47
TTTTT	5720930	3.544209	3.9982195	47
CCTGG	2445090	3.0242429	3.7038558	9
>>END_MODULE
