##FastQC	0.10.1
>>Basic Statistics	pass
#Measure	Value	
Filename	018-F0_S3_L002_R1_001.fastq.gz	
File type	Conventional base calls	
Encoding	Sanger / Illumina 1.9	
Total Sequences	18504565	
Filtered Sequences	0	
Sequence length	35-75	
%GC	45	
>>END_MODULE
>>Per base sequence quality	pass
#Base	Mean	Median	Lower Quartile	Upper Quartile	10th Percentile	90th Percentile
1	31.481091719799952	32.0	32.0	32.0	32.0	32.0
2	31.53038307033967	32.0	32.0	32.0	32.0	32.0
3	31.618530292390012	32.0	32.0	32.0	32.0	32.0
4	31.701948411108287	32.0	32.0	32.0	32.0	32.0
5	31.688244819589112	32.0	32.0	32.0	32.0	32.0
6	35.390075746173984	36.0	36.0	36.0	36.0	36.0
7	35.38546277634735	36.0	36.0	36.0	36.0	36.0
8	35.3502970753433	36.0	36.0	36.0	36.0	36.0
9	35.43414325059789	36.0	36.0	36.0	36.0	36.0
10	35.35398535442471	36.0	36.0	36.0	36.0	36.0
11	35.38370272416563	36.0	36.0	36.0	36.0	36.0
12	35.365277649055784	36.0	36.0	36.0	36.0	36.0
13	35.370268147346344	36.0	36.0	36.0	36.0	36.0
14	35.33014426440178	36.0	36.0	36.0	36.0	36.0
15	35.319972179837784	36.0	36.0	36.0	36.0	36.0
16	35.35499359212173	36.0	36.0	36.0	36.0	36.0
17	35.33872425533916	36.0	36.0	36.0	36.0	36.0
18	35.32836875657439	36.0	36.0	36.0	36.0	36.0
19	35.34227094773641	36.0	36.0	36.0	36.0	36.0
20	35.333593791586026	36.0	36.0	36.0	36.0	36.0
21	35.312670035745235	36.0	36.0	36.0	36.0	36.0
22	35.31367238300387	36.0	36.0	36.0	36.0	36.0
23	35.285527382027084	36.0	36.0	36.0	36.0	36.0
24	35.28633610138903	36.0	36.0	36.0	36.0	36.0
25	35.27586430699668	36.0	36.0	36.0	36.0	36.0
26	35.25270548105292	36.0	36.0	36.0	36.0	36.0
27	35.22554245398365	36.0	36.0	36.0	36.0	36.0
28	35.22409075814536	36.0	36.0	36.0	36.0	36.0
29	35.20489738613148	36.0	36.0	36.0	36.0	36.0
30	35.19806998975658	36.0	36.0	36.0	36.0	36.0
31	35.15504606566002	36.0	36.0	36.0	36.0	36.0
32	35.124578070330216	36.0	36.0	36.0	36.0	36.0
33	35.118562365556826	36.0	36.0	36.0	36.0	36.0
34	35.10147777048528	36.0	36.0	36.0	36.0	36.0
35	35.09091891649439	36.0	36.0	36.0	36.0	36.0
36	35.0962398105194	36.0	36.0	36.0	36.0	36.0
37	35.08146561373569	36.0	36.0	36.0	36.0	36.0
38	35.065566627651144	36.0	36.0	36.0	36.0	36.0
39	35.05983819248544	36.0	36.0	36.0	36.0	36.0
40	35.07778319719813	36.0	36.0	36.0	36.0	36.0
41	35.07156654340005	36.0	36.0	36.0	36.0	36.0
42	35.06667138162582	36.0	36.0	36.0	36.0	36.0
43	35.05774791856077	36.0	36.0	36.0	36.0	36.0
44	35.038845642149845	36.0	36.0	36.0	36.0	36.0
45	35.026316274677995	36.0	36.0	36.0	36.0	36.0
46	35.016922801280025	36.0	36.0	36.0	36.0	36.0
47	35.01585426075012	36.0	36.0	36.0	36.0	36.0
48	34.996905180043264	36.0	36.0	36.0	36.0	36.0
49	34.985054296408585	36.0	36.0	36.0	36.0	36.0
50	34.97097562889412	36.0	36.0	36.0	36.0	36.0
51	34.95712310844571	36.0	36.0	36.0	36.0	36.0
52	34.94951313673495	36.0	36.0	36.0	36.0	36.0
53	34.927940044441264	36.0	36.0	36.0	36.0	36.0
54	34.910730907564776	36.0	36.0	36.0	36.0	36.0
55	34.89862583041406	36.0	36.0	36.0	36.0	36.0
56	34.87942921952517	36.0	36.0	36.0	36.0	36.0
57	34.87960547915198	36.0	36.0	36.0	36.0	36.0
58	34.866934261543356	36.0	36.0	36.0	36.0	36.0
59	34.8455418328937	36.0	36.0	36.0	36.0	36.0
60	34.829412176586324	36.0	36.0	36.0	36.0	36.0
61	34.815745851762635	36.0	36.0	36.0	36.0	36.0
62	34.790484641939116	36.0	36.0	36.0	36.0	36.0
63	34.78062806892274	36.0	36.0	36.0	36.0	36.0
64	34.75802493621752	36.0	36.0	36.0	36.0	36.0
65	34.73688860547125	36.0	36.0	36.0	36.0	36.0
66	34.71354238527649	36.0	36.0	36.0	36.0	36.0
67	34.69877433568575	36.0	36.0	36.0	36.0	36.0
68	34.66648905480079	36.0	36.0	36.0	32.0	36.0
69	34.66772821698305	36.0	36.0	36.0	32.0	36.0
70	34.64111466365913	36.0	36.0	36.0	32.0	36.0
71	34.61166551334509	36.0	36.0	36.0	32.0	36.0
72	34.58866813904203	36.0	36.0	36.0	32.0	36.0
73	34.564573041800465	36.0	36.0	36.0	32.0	36.0
74	34.5300444138726	36.0	36.0	36.0	32.0	36.0
75	33.92991864706413	36.0	36.0	36.0	32.0	36.0
>>END_MODULE
>>Per sequence quality scores	pass
#Quality	Count
2	6759.0
3	0.0
4	0.0
5	0.0
6	0.0
7	0.0
8	0.0
9	0.0
10	0.0
11	0.0
12	0.0
13	0.0
14	0.0
15	0.0
16	0.0
17	16.0
18	90.0
19	587.0
20	2447.0
21	6641.0
22	13277.0
23	22645.0
24	37093.0
25	57692.0
26	87029.0
27	125895.0
28	172667.0
29	229157.0
30	297251.0
31	386629.0
32	525856.0
33	808489.0
34	1826837.0
35	1.3897508E7
>>END_MODULE
>>Per base sequence content	fail
#Base	G	A	T	C
1	44.31778948236867	18.161694414159346	10.792511166739816	26.72800493673217
2	16.43233256960312	20.14141569005535	35.5904748919953	27.83577684834623
3	18.736800461633127	21.486802272658714	28.43186375724775	31.344533508460408
4	13.043276591829322	14.980544179131297	35.555541019297095	36.42063820974228
5	14.643833976851091	35.219549821205824	34.457491877685385	15.679124324257698
6	34.70758099636249	35.13158803806246	16.1328105614255	14.028020404149553
7	30.77334144384475	29.62313476527973	20.420308224661888	19.183215566213637
8	26.620048885797594	34.1526665378586	19.940591873436233	19.286692702907576
9	24.387220471533837	15.050949564118508	20.41844104405264	40.14338892029502
10	14.298867978466404	26.572061867056245	35.07521140494977	24.053858749527578
11	34.23444702021	22.912314870192283	23.74689210168503	19.106346007912688
12	21.969255557233836	24.287944360031922	31.373518187207527	22.36928189552672
13	27.8228250298942	20.50973586660898	26.235441665107466	25.431997438389352
14	20.265936724426908	20.646353754264386	27.383462852992025	31.70424666831668
15	22.62121634612214	29.636096066374186	23.339664178333912	24.403023409169762
16	22.714169313134974	28.554908288682512	25.654544090241288	23.076378307941223
17	21.567660715865063	28.274919508807482	27.57513970944242	22.582280065885033
18	22.019730060627992	27.814785960159828	28.137769082096824	22.027714897115356
19	22.548245428379637	27.21871287895731	27.699673738927245	22.533367953735812
20	22.516911873264085	27.19824619172342	27.841057665064334	22.443784269948168
21	22.201202716044804	26.890867604519997	27.63521689504814	23.27271278438706
22	22.29270087754765	26.90235741019783	27.831749063766992	22.97319264848753
23	22.172717764457374	27.00927836015719	27.798940986031127	23.019062889354302
24	22.410619940548628	26.6296770546734	28.069680263702622	22.89002274107535
25	22.49618058971911	26.695569484074166	27.67724172082679	23.131008205379935
26	22.015845112776507	27.10232320347442	27.838052868328266	23.0437788154208
27	22.030308385609786	27.103368194873156	27.86849769535627	22.99782572416079
28	22.188749695436048	26.93087599756014	27.774237708928712	23.106136598075107
29	22.00696064840919	27.0529279799188	27.89845462966157	23.041656742010442
30	22.05257348942283	27.11550974485349	27.88285113811594	22.949065627607748
31	22.58745018037887	27.045445355138675	27.616709983688807	22.750394480793645
32	21.932359173786246	27.301865227170723	27.975769378771908	22.79000622027112
33	22.008853318334708	27.12632821264182	28.14219521489621	22.722623254127257
34	22.08507010246512	26.84209163415859	28.261651213131312	22.81118705024498
35	21.947823847437537	27.164184897837096	28.108245100582714	22.779746154142654
36	22.084712863308965	27.423987218016578	28.03456135515322	22.456738563521238
37	22.196995833013393	27.096519868620415	27.679427544938672	23.027056753427516
38	22.111551145226603	27.557815707020243	27.648506375849323	22.682126771903828
39	22.23894808310814	27.298406489814358	27.913564718261664	22.549080708815836
40	22.380469634342752	26.96375789298631	27.869779451234074	22.785993021436866
41	22.318765622626525	27.188894613944715	27.946776397183992	22.545563366244764
42	22.11390266869044	27.426524312248844	27.97278715136428	22.486785867696433
43	22.211889798443156	27.17435339403056	27.863137503173313	22.75061930435297
44	22.058250038143747	27.54983280437963	27.873031599823193	22.518885557653423
45	22.145229605482644	27.44471412166234	27.774814437538257	22.63524183531676
46	22.28747232712593	27.33889503841646	27.64828319659678	22.725349437860835
47	22.28754516165568	27.410110238364933	27.77999846452271	22.52234613545668
48	22.081402068433878	27.4182240121671	27.743254617920876	22.757119301478138
49	22.385219748426756	27.189559463542697	27.755257257897103	22.66996353013345
50	22.195846549888657	27.522913714186338	27.68391209021786	22.59732764570715
51	22.230286873715944	27.47154369446695	27.750827029163556	22.547342402653552
52	22.271403818549178	27.471808513450412	27.592423421660182	22.664364246340227
53	22.101247860397347	27.297443266539055	27.911131955968983	22.690176917094615
54	22.24294301700147	27.655230749802616	27.75738183546228	22.344444397733632
55	22.293496793764607	27.216628518211934	27.710533646084535	22.779341041938928
56	22.390694098403937	27.545783614143804	27.506695921438606	22.556826366013652
57	22.20618596560539	27.455640634608596	27.636210076762822	22.70196332302319
58	22.282395258445646	27.317086650104216	27.543121151192008	22.85739694025813
59	22.18425861930504	27.423027230651233	27.64484753051868	22.747866619525052
60	22.20447542467004	27.41052514252399	27.842015798771868	22.5429836340341
61	22.482771000690747	27.342869853367503	27.589363189594714	22.584995956347036
62	22.375676527960124	27.538632547739983	27.59962978479106	22.486061139508838
63	22.355895039662858	27.6599228756628	27.53429541421697	22.449886670457374
64	22.393094585919346	27.32800274908318	27.471147333400364	22.80775533159711
65	22.260354877684303	27.562352341310376	27.629739642687962	22.54755313831736
66	22.33050061844081	27.773355989733027	27.396617431885346	22.499525959940815
67	22.484904697156896	27.36276181373276	27.436599117603983	22.71573437150636
68	22.408151806833754	27.711684867958407	27.573859072248336	22.306304252959507
69	22.65693599914108	27.55098404088257	27.542781287073886	22.24929867290247
70	22.79460549973724	27.2858402907166	27.42033891040212	22.49921529914404
71	22.516856098546782	27.730602885772353	27.340007205950993	22.41253380972987
72	22.46654632002475	27.86083562200484	27.597748770091513	22.074869287878897
73	23.265774152636908	28.430894566988936	27.553920819601892	20.749410460772264
74	24.358137181852424	30.889487217108076	27.818739959762816	16.93363564127668
75	29.556247583330908	41.233110341472745	29.210642075196347	0.0
>>END_MODULE
>>Per base GC content	fail
#Base	%GC
1	71.04579441910084
2	44.268109417949354
3	50.08133397009353
4	49.463914801571605
5	30.322958301108795
6	48.73560140051204
7	49.95655701005838
8	45.90674158870517
9	64.53060939182885
10	38.35272672799398
11	53.34079302812269
12	44.33853745276055
13	53.25482246828356
14	51.970183392743586
15	47.0242397552919
16	45.79054762107619
17	44.1499407817501
18	44.047444957743345
19	45.08161338211545
20	44.96069614321225
21	45.473915500431865
22	45.26589352603518
23	45.191780653811676
24	45.30064268162397
25	45.627188795099045
26	45.059623928197304
27	45.028134109770576
28	45.294886293511155
29	45.04861739041963
30	45.00163911703058
31	45.33784466117252
32	44.72236539405737
33	44.731476572461965
34	44.8962571527101
35	44.72757000158019
36	44.54145142683021
37	45.22405258644091
38	44.793677917130424
39	44.78802879192398
40	45.16646265577962
41	44.86432898887129
42	44.600688536386876
43	44.962509102796126
44	44.577135595797166
45	44.7804714407994
46	45.01282176498676
47	44.80989129711236
48	44.838521369912016
49	45.05518327856021
50	44.7931741955958
51	44.777629276369495
52	44.9357680648894
53	44.79142477749196
54	44.587387414735105
55	45.07283783570353
56	44.94752046441759
57	44.90814928862858
58	45.13979219870377
59	44.93212523883009
60	44.747459058704145
61	45.06776695703778
62	44.86173766746896
63	44.805781710120236
64	45.20084991751646
65	44.80790801600166
66	44.83002657838162
67	45.20063906866326
68	44.71445605979326
69	44.906234672043546
70	45.293820798881285
71	44.929389908276654
72	44.54141560790365
73	44.01518461340917
74	41.29177282312911
75	29.556247583330908
>>END_MODULE
>>Per sequence GC content	warn
#GC Content	Count
0	6763.0
1	3388.0
2	26.0
3	41.0
4	43.0
5	70.0
6	157.0
7	273.0
8	329.0
9	456.5
10	803.5
11	1421.5
12	1836.0
13	2534.0
14	4336.5
15	7224.5
16	9522.0
17	13940.5
18	23846.5
19	36773.0
20	45827.5
21	60605.0
22	88429.5
23	120037.0
24	141366.0
25	168261.5
26	213548.5
27	259170.5
28	289033.0
29	325530.5
30	384576.5
31	442846.5
32	481130.0
33	524675.0
34	598184.0
35	669436.5
36	711354.5
37	750480.5
38	792150.5
39	813370.5
40	826132.0
41	827632.0
42	821333.5
43	811504.5
44	807011.0
45	799684.0
46	776849.0
47	749946.5
48	737443.0
49	720278.0
50	687594.5
51	658056.5
52	641722.0
53	627490.0
54	602782.5
55	577137.0
56	561666.5
57	546750.0
58	516790.0
59	478705.0
60	447577.0
61	414037.5
62	368595.0
63	322735.5
64	287385.0
65	258393.0
66	220581.0
67	181614.5
68	153884.5
69	133585.5
70	108859.5
71	84488.5
72	68449.5
73	57927.0
74	46087.0
75	35545.5
76	28794.0
77	24232.0
78	18977.5
79	14379.5
80	11534.0
81	9494.5
82	7229.0
83	5100.5
84	3754.0
85	2951.0
86	2093.5
87	1340.0
88	1045.0
89	817.5
90	508.0
91	339.5
92	279.5
93	229.5
94	157.0
95	122.5
96	114.0
97	80.5
98	39.0
99	127.5
100	225.0
>>END_MODULE
>>Per base N content	pass
#Base	N-Count
1	0.043875659870956166
2	0.036526122067716806
3	0.036526122067716806
4	0.036526122067716806
5	0.036526122067716806
6	0.036526122067716806
7	0.036526122067716806
8	0.036526122067716806
9	0.036542334283459245
10	0.03659637500260071
11	0.03748264279652075
12	0.03665581979365632
13	0.03689900302979292
14	0.041930193981863394
15	0.03659097093068656
16	0.037596128306717824
17	0.03722865141655586
18	0.03785011968668272
19	0.036758497160025105
20	0.036542334283459245
21	0.03746102650886416
22	0.036563950571115826
23	0.03670445644088364
24	0.036526122067716806
25	0.03753127944374807
26	0.037147590337843664
27	0.037352945070581234
28	0.036790921591509984
29	0.03708814554678805
30	0.03675309308811096
31	0.03692602338936365
32	0.037715017888829055
33	0.037115165906358785
34	0.03705031704338903
35	0.0367693053038534
36	1.0813127742614688E-5
37	8.651856850702478E-4
38	0.0
39	4.436165525670467E-4
40	0.001201375997622358
41	0.0015698845474423442
42	0.001153468183692137
43	4.3340179998268564E-5
44	5.420070064161705E-6
45	0.0014207923965264555
46	1.73633418182197E-4
47	5.3752275309381E-4
48	0.0012768081491437969
49	9.78705542300741E-5
50	0.001164472615249868
51	8.76769024458316E-4
52	0.001160898201654231
53	0.0013800618267698391
54	1.637908899179446E-4
55	0.0
56	2.790016467661904E-4
57	6.243111698304365E-4
58	6.579213206147639E-5
59	5.763671676230519E-4
60	2.967866905019355E-4
61	3.3018385627669054E-5
62	4.793797817444465E-4
63	1.710340203769932E-4
64	0.0
65	0.0
66	0.0
67	1.3318999869640287E-4
68	7.226773885307652E-5
69	0.0
70	0.0
71	0.0
72	1.1835512749073435E-4
73	1.7344062138918304E-5
74	0.0
75	0.0012057214392655244
>>END_MODULE
>>Sequence Length Distribution	warn
#Length	Count
35	8529.0
36	2896.0
37	3917.0
38	4791.0
39	5621.0
40	6115.0
41	6647.0
42	7427.0
43	8676.0
44	9532.0
45	10782.0
46	11807.0
47	12554.0
48	13631.0
49	14222.0
50	14543.0
51	15013.0
52	15350.0
53	16475.0
54	17786.0
55	18789.0
56	19337.0
57	20862.0
58	21709.0
59	22668.0
60	23192.0
61	23244.0
62	23401.0
63	24469.0
64	25958.0
65	27624.0
66	27627.0
67	30708.0
68	31279.0
69	39728.0
70	51867.0
71	122578.0
72	446225.0
73	1293878.0
74	3977113.0
75	1.2025995E7
>>END_MODULE
>>Sequence Duplication Levels	warn
#Total Duplicate Percentage	40.2651895786868
#Duplication Level	Relative count
1	100.0
2	27.894667738917793
3	12.575700382399763
4	6.723178677520474
5	3.950370090758399
6	2.6054061151138175
7	1.7618289540627923
8	1.3014721570300831
9	0.942049203197059
10++	6.365396924389883
>>END_MODULE
>>Overrepresented sequences	pass
>>END_MODULE
>>Kmer Content	warn
#Sequence	Count	Obs/Exp Overall	Obs/Exp Max	Max Obs/Exp Position
AAAAA	6333960	3.433324	7.4735913	71
TTTTT	6324260	3.1870532	5.691856	71
CCTGG	2931480	3.0422716	12.336201	3
CCAGG	2793610	2.9417706	13.950695	3
CCCAG	2624720	2.7486942	12.431553	2
CTGGG	2562715	2.6743052	10.722348	4
CAGCA	2932105	2.6080859	6.8945284	4
CCAGC	2488670	2.606218	7.011666	3
CCTCC	2489075	2.5547585	5.020708	1
GGAGG	2388950	2.543603	5.7079315	6
TGCTG	2921605	2.5380461	6.518585	2
GCTGG	2399430	2.5039103	6.2479186	3
TCCAG	2829730	2.4805923	9.612993	2
AGCAG	2648160	2.3685699	5.615831	7
AGGAG	2627455	2.3630714	7.3912587	5
CAGGA	2639605	2.3609178	10.472951	4
CTGCT	2706380	2.338122	6.733666	9
CAGCC	2229610	2.3349218	5.6184936	5
GCTGC	2248480	2.3334587	6.013468	8
CTCCA	2671820	2.32926	7.170477	1
CTGGA	2628935	2.3173401	8.619436	4
AGAAG	3050115	2.3171659	5.034128	5
CTCCT	2689070	2.3103669	6.4221044	1
GGCTG	2175845	2.2705896	8.805799	7
GGCAG	2123395	2.2483993	6.355292	7
TCCTG	2599170	2.2455	8.8042755	2
CCTGC	2159045	2.2282975	6.3706527	3
GCAGG	2090710	2.21379	6.7661285	3
CAGAG	2432280	2.1754823	8.265945	4
CTGCC	2100505	2.1678796	5.890076	9
CTGCA	2470485	2.1656716	6.348133	4
CCCTG	2089170	2.1561813	9.129668	2
TGCAG	2444105	2.1544173	6.4113736	2
GCCTG	2033370	2.1102188	7.6083302	7
CTCTG	2436315	2.1048048	7.4654207	2
TGGAG	2373395	2.1036797	6.2729073	5
CAGGG	1975430	2.0917234	9.804625	4
AGCTG	2362165	2.0821893	6.2368517	7
CAGAA	2708340	2.0461829	5.4885764	4
GCCAG	1936195	2.0388823	5.77969	2
CTGGC	1964315	2.038554	5.775922	4
GGAGA	2262315	2.034673	5.4656367	6
CAGGC	1898985	1.9996988	6.4322352	4
CACAG	2236970	1.9897684	6.626607	7
GGGAG	1832875	1.9515295	5.243023	7
CCCCA	1873675	1.9513632	7.334996	1
TTCTG	2673275	1.9332542	5.048717	2
CTGTG	2225225	1.9330893	9.106087	9
CTCAG	2196140	1.9251759	6.399358	2
CTGAG	2156120	1.9005657	5.9607544	4
CCAGA	2135335	1.8993647	7.2256846	3
GGCCA	1758615	1.851884	6.74291	1
CCTCT	2139660	1.8383305	5.663574	1
TCTGG	2087640	1.813567	6.3428917	3
CAGTG	2050215	1.8072132	6.592826	9
TGGGG	1719125	1.8039218	5.976688	5
AGAGG	2005025	1.8032726	5.2931824	5
ACCTG	2052070	1.7988815	5.702202	7
CACTG	2025125	1.775261	7.241704	7
TGGCC	1675630	1.7389584	5.8968434	5
CCTGA	1960170	1.7183203	5.563819	3
GCCCA	1611945	1.6880826	8.351139	1
GAGAG	1870125	1.6819466	5.339171	7
ACAGA	2207575	1.667849	5.581422	8
TCAGG	1879270	1.6565294	5.9240513	3
GGCCC	1329275	1.6480066	5.1232247	6
GGGCC	1288230	1.605969	5.653685	6
GGCCT	1531300	1.5891736	5.4549174	6
AGGTG	1782070	1.5795535	5.180013	7
CCAAG	1773215	1.5772617	5.0414214	3
TGGGC	1504850	1.5703769	6.4633512	5
CCTGT	1813455	1.5666976	5.752385	8
AGGCC	1472800	1.5509108	5.337904	5
AGCCT	1744880	1.5295932	5.3718057	6
CCATG	1684345	1.4765271	5.0639176	9
ACAGC	1649590	1.4672982	5.3601823	8
GCTGT	1672700	1.4531019	5.4991326	8
GTGTG	1661850	1.451675	6.3310556	9
ACACA	1927940	1.4485557	5.9817705	6
AGGCT	1638765	1.4445302	5.148346	6
CTGTC	1668880	1.441795	6.0432196	9
GCCCT	1391675	1.4363137	6.1334224	1
GACAG	1602400	1.4332201	6.980042	7
GGGCT	1369675	1.4293159	6.377545	6
TGTGT	1961950	1.4267007	6.036097	10
CACAC	1595885	1.4117063	6.4284697	5
AGACA	1815875	1.371915	5.566299	6
AGAGC	1530670	1.3690633	5.150411	5
AGGGC	1280005	1.355359	5.995853	5
GTCCT	1501045	1.2967973	8.598055	1
GGACA	1445690	1.2930553	6.2723804	6
AGGAC	1379920	1.2342292	8.924417	5
ACTGC	1387330	1.2161585	5.156224	8
GTCCA	1362115	1.1940545	6.9056	1
GTGCT	1369530	1.1897331	5.635615	1
TGTGC	1324375	1.1505061	6.0590863	10
GTCTT	1581025	1.1433629	5.1295123	1
AGCAC	1282510	1.1407832	5.4142838	5
GTCCC	1068380	1.1026489	5.0387745	1
TGGAC	1241435	1.0942938	6.0242915	5
ACAGT	1431650	1.0659728	5.442276	8
GTGCA	1198960	1.0568532	5.6884637	1
ACTGT	1426665	1.0468858	6.317118	8
GACTG	1181250	1.0412422	6.3158107	7
TGCAC	1164975	1.0212381	5.1393013	5
GGACC	955790	1.0064808	5.6555195	6
AGACT	1339850	0.9976207	5.4414415	6
GGACT	1071925	0.94487506	5.393858	6
TGTAG	1233100	0.9098614	5.32733	2
TAGGA	1065815	0.79797757	5.3709903	4
GTGTA	858000	0.6330882	5.57993	1
>>END_MODULE
