##FastQC	0.10.1
>>Basic Statistics	pass
#Measure	Value	
Filename	004-F0_S5_L004_R1_001_trimmed.fq.gz	
File type	Conventional base calls	
Encoding	Sanger / Illumina 1.9	
Total Sequences	15410566	
Filtered Sequences	0	
Sequence length	20-50	
%GC	44	
>>END_MODULE
>>Per base sequence quality	pass
#Base	Mean	Median	Lower Quartile	Upper Quartile	10th Percentile	90th Percentile
1	35.104279881738286	36.0	36.0	36.0	36.0	36.0
2	35.08889647531441	36.0	36.0	36.0	36.0	36.0
3	35.07445203505179	36.0	36.0	36.0	36.0	36.0
4	35.06471514414201	36.0	36.0	36.0	36.0	36.0
5	35.04873227887931	36.0	36.0	36.0	36.0	36.0
6	34.999413389488744	36.0	36.0	36.0	36.0	36.0
7	34.978053564028734	36.0	36.0	36.0	36.0	36.0
8	34.95511890997385	36.0	36.0	36.0	36.0	36.0
9	34.95313085839936	36.0	36.0	36.0	36.0	36.0
10	34.92588682336522	36.0	36.0	36.0	36.0	36.0
11	34.90568399629189	36.0	36.0	36.0	36.0	36.0
12	34.89786572407529	36.0	36.0	36.0	36.0	36.0
13	34.88201023894904	36.0	36.0	36.0	36.0	36.0
14	34.879755811694395	36.0	36.0	36.0	36.0	36.0
15	34.8622156382835	36.0	36.0	36.0	36.0	36.0
16	34.834978092303686	36.0	36.0	36.0	36.0	36.0
17	34.83441789224354	36.0	36.0	36.0	36.0	36.0
18	34.806435727279585	36.0	36.0	36.0	36.0	36.0
19	34.79040938535288	36.0	36.0	36.0	36.0	36.0
20	34.782192360747814	36.0	36.0	36.0	32.0	36.0
21	34.77476111758577	36.0	36.0	36.0	32.0	36.0
22	34.77155111647458	36.0	36.0	36.0	32.0	36.0
23	34.75259955715383	36.0	36.0	36.0	32.0	36.0
24	34.732385228600755	36.0	36.0	36.0	32.0	36.0
25	34.72947296752878	36.0	36.0	36.0	32.0	36.0
26	34.699336973091974	36.0	36.0	36.0	32.0	36.0
27	34.700359538417295	36.0	36.0	36.0	32.0	36.0
28	34.68429167179378	36.0	36.0	36.0	32.0	36.0
29	34.67335345000048	36.0	36.0	36.0	32.0	36.0
30	34.6689699948279	36.0	36.0	36.0	32.0	36.0
31	34.6427693403312	36.0	36.0	36.0	32.0	36.0
32	34.63229088725617	36.0	36.0	36.0	32.0	36.0
33	34.59414172639136	36.0	36.0	36.0	32.0	36.0
34	34.58165627629759	36.0	36.0	36.0	32.0	36.0
35	34.55715911037289	36.0	36.0	36.0	32.0	36.0
36	34.54154345057443	36.0	36.0	36.0	32.0	36.0
37	34.52648905996759	36.0	36.0	36.0	32.0	36.0
38	34.495950506706315	36.0	36.0	36.0	32.0	36.0
39	34.47763634889013	36.0	36.0	36.0	32.0	36.0
40	34.46452647743962	36.0	36.0	36.0	32.0	36.0
41	34.434630219632815	36.0	36.0	36.0	32.0	36.0
42	34.425286179992355	36.0	36.0	36.0	32.0	36.0
43	34.39292872775716	36.0	36.0	36.0	32.0	36.0
44	34.37836589542644	36.0	36.0	36.0	32.0	36.0
45	34.3653778910158	36.0	36.0	36.0	32.0	36.0
46	34.351901625019856	36.0	36.0	36.0	32.0	36.0
47	34.354759013637555	36.0	36.0	36.0	32.0	36.0
48	34.372506149562646	36.0	36.0	36.0	32.0	36.0
49	34.445093372774316	36.0	36.0	36.0	32.0	36.0
50	34.54945227363171	36.0	36.0	36.0	32.0	36.0
>>END_MODULE
>>Per sequence quality scores	pass
#Quality	Count
14	7.0
15	60.0
16	297.0
17	782.0
18	1756.0
19	3363.0
20	6624.0
21	11332.0
22	18264.0
23	28502.0
24	43448.0
25	64509.0
26	94368.0
27	133922.0
28	182974.0
29	242973.0
30	318001.0
31	418414.0
32	571163.0
33	856319.0
34	1703856.0
35	7227419.0
36	3482213.0
>>END_MODULE
>>Per base sequence content	pass
#Base	G	A	T	C
1	22.257457118804965	26.97091854582931	27.553986903641224	23.2176374317245
2	22.21613404369485	27.212935911401516	27.779151655582595	22.791778389321035
3	22.081644773027126	27.22939277238653	27.72011459152306	22.968847863063285
4	22.37096775972812	26.852552371891154	28.057762400969366	22.718717467411363
5	22.413875111717246	26.931219942277234	27.648877324810517	23.006027621195003
6	21.915368864931846	27.44871596373029	27.839085000622298	22.79683017071556
7	22.055782915130077	27.36281113467587	27.723305860054147	22.858100090139903
8	22.009248992118643	27.285869986160126	27.694700459633353	23.01018056208788
9	21.991956552900717	27.357473191916426	27.721574242903745	22.928996012279114
10	22.042355531915184	27.36052427463811	27.842103483788925	22.75501670965778
11	22.6568251938313	27.158587166752994	27.493960961589604	22.69062667782611
12	21.902544007793097	27.502727673986794	27.87800266388658	22.716725654333526
13	22.008237724688374	27.321533809984654	27.996071007385453	22.67415745794152
14	22.05757113103643	27.120050885010883	28.14962617530774	22.67275180864495
15	21.982132259126626	27.395405204455177	27.947487457631343	22.67497507878685
16	22.07932531485216	27.63601933893927	27.93119344221361	22.353461903994962
17	22.230929091118394	27.27147075584375	27.513979694191637	22.983620458846225
18	22.073459209739603	27.797246382774	27.58522951071362	22.544064896772774
19	22.390657163403343	27.36539332818795	27.77648789797857	22.467461610430142
20	22.48127680709456	27.11684308026065	27.79744754345817	22.60443256918662
21	22.46747255855232	27.22748159598452	27.81128671253651	22.493759132926648
22	22.142767612399904	27.56459901690718	27.814000903196657	22.478632467496258
23	22.183462011054363	27.331994003961587	27.79694027606793	22.687603708916125
24	22.021064690880408	27.667582283866977	27.760779501897964	22.55057352335465
25	22.14944622532747	27.610100147216503	27.58210573692007	22.658347890535953
26	22.229848583438446	27.419333325054286	27.607425412511784	22.743392678995484
27	22.337508794508707	27.512799331884064	27.68060544022398	22.469086433383247
28	22.015186871158097	27.58746254641841	27.664818864220713	22.73253171820278
29	22.404638573348574	27.28340352460579	27.657981981559875	22.65397592048576
30	22.122542229303264	27.721873246037198	27.608776961719578	22.546807562939957
31	22.234391567375656	27.584213705469573	27.621158630918064	22.560236096236707
32	22.217448231575613	27.66191695368988	27.514078175950097	22.60655663878441
33	22.13964609383191	27.338677081446672	27.8566572498389	22.665019574882514
34	22.26818915148708	27.756635137571656	27.673576602642886	22.301599108298383
35	22.239903732421357	27.265860107136714	27.741053404479633	22.753182755962296
36	22.34553619876482	27.609734047659263	27.440016158336576	22.60471359523934
37	22.17128577340764	27.498328877005346	27.573326276878806	22.757059072708206
38	22.22474463615696	27.450597594731136	27.501313059103012	22.823344710008893
39	22.164011921646456	27.56620391794974	27.54007334825016	22.729710812153645
40	22.157423893805856	27.472308683195635	27.84753133506861	22.522736087929903
41	22.433187134783932	27.392135208167495	27.62054927562934	22.55412838141923
42	22.379821725736388	27.477828050743682	27.666073135851615	22.47627708766832
43	22.292172077613127	27.734689746451096	27.527255426085002	22.445882749850774
44	22.33672164934257	27.408346152794905	27.474994138830194	22.779938059032325
45	22.291748534161698	27.669638148766257	27.55478954008222	22.483823776989826
46	22.25211212863984	27.98822229409228	27.315014979233336	22.444650598034542
47	22.334991910334356	27.55497357819366	27.468539559682124	22.641494951789863
48	22.33339631364445	27.98437827927532	27.717994214299008	21.964231192781224
49	22.546145012022137	28.117084644363455	27.856917799764823	21.47985254384958
50	22.605768145324515	27.856415530867544	27.869437358963456	21.668378964844486
>>END_MODULE
>>Per base GC content	pass
#Base	%GC
1	45.47509455052946
2	45.00791243301588
3	45.05049263609041
4	45.08968522713948
5	45.41990273291225
6	44.7121990356474
7	44.91388300526998
8	45.019429554206525
9	44.92095256517983
10	44.797372241572965
11	45.347451871657405
12	44.61926966212662
13	44.68239518262989
14	44.73032293968138
15	44.65710733791348
16	44.43278721884712
17	45.214549549964616
18	44.61752410651238
19	44.85811877383348
20	45.08570937628118
21	44.96123169147897
22	44.62140007989616
23	44.87106571997049
24	44.57163821423506
25	44.80779411586342
26	44.97324126243393
27	44.806595227891954
28	44.74771858936087
29	45.058614493834334
30	44.66934979224322
31	44.79462766361236
32	44.82400487036002
33	44.80466566871443
34	44.56978825978546
35	44.993086488383646
36	44.95024979400416
37	44.92834484611584
38	45.04808934616585
39	44.893722733800104
40	44.680159981735756
41	44.98731551620316
42	44.85609881340471
43	44.738054827463905
44	45.1166597083749
45	44.77557231115152
46	44.696762726674386
47	44.97648686212422
48	44.29762750642567
49	44.02599755587172
50	44.274147110169
>>END_MODULE
>>Per sequence GC content	pass
#GC Content	Count
0	3453.0
1	3365.5
2	2911.5
3	2747.0
4	3015.5
5	3619.5
6	4263.5
7	5215.0
8	6212.5
9	8055.5
10	10150.5
11	13537.0
12	17024.0
13	22494.5
14	28873.5
15	38694.5
16	49385.5
17	64761.5
18	81280.0
19	102971.0
20	125174.5
21	150960.0
22	177986.0
23	211656.5
24	247144.5
25	280677.0
26	319906.0
27	367284.5
28	417367.0
29	471913.0
30	528337.0
31	588091.0
32	650122.5
33	715645.5
34	782141.5
35	837726.0
36	887785.5
37	920680.0
38	946239.5
39	965183.0
40	982150.5
41	991889.0
42	999326.5
43	997599.0
44	991619.5
45	978412.0
46	965588.0
47	947632.5
48	927769.5
49	906798.5
50	884773.0
51	862622.5
52	837741.5
53	810006.0
54	782283.5
55	752279.5
56	719982.0
57	683347.0
58	645356.5
59	600530.0
60	553563.5
61	504621.0
62	456245.5
63	413479.0
64	363988.5
65	319143.5
66	276824.5
67	238735.0
68	199927.5
69	164359.5
70	134470.0
71	110457.0
72	89977.5
73	72279.0
74	55895.5
75	44567.0
76	35978.5
77	28004.0
78	21093.0
79	16210.5
80	11971.5
81	8916.5
82	6559.5
83	4977.0
84	3590.0
85	2691.0
86	2018.0
87	1606.5
88	1271.5
89	999.5
90	798.0
91	680.0
92	600.5
93	531.0
94	478.0
95	443.0
96	401.0
97	364.0
98	336.0
99	438.5
100	541.0
>>END_MODULE
>>Per base N content	pass
#Base	N-Count
1	1.4924824954514973E-4
2	5.84014889524499E-5
3	1.2978108656099978E-5
4	3.6987609669884933E-4
5	5.84014889524499E-5
6	1.2978108656099978E-4
7	4.996571832598492E-4
8	1.4275919521709973E-4
9	5.84014889524499E-5
10	1.1031392357684979E-4
11	0.0
12	0.0
13	0.0
14	8.695332799586985E-4
15	0.0
16	0.0
17	0.0
18	0.0
19	0.0
20	0.0
21	0.0
22	0.0
23	4.7002954527383336E-4
24	0.0
25	0.0
26	0.0
27	0.0
28	9.770117067127043E-4
29	0.0
30	3.981093785612128E-5
31	6.653146585718275E-6
32	0.0
33	0.0
34	0.0
35	0.0
36	0.0
37	0.0
38	0.0
39	0.0
40	0.0
41	0.0
42	1.516158005993097E-4
43	0.0
44	0.0
45	0.0
46	0.0
47	0.0
48	0.0
49	0.0
50	0.0
>>END_MODULE
>>Sequence Length Distribution	warn
#Length	Count
20	30091.0
21	30551.0
22	31738.0
23	32322.0
24	32819.0
25	33904.0
26	34950.0
27	35959.0
28	37379.0
29	39618.0
30	40753.0
31	41857.0
32	42686.0
33	43196.0
34	44158.0
35	45179.0
36	44894.0
37	47164.0
38	48878.0
39	51551.0
40	53515.0
41	57043.0
42	60486.0
43	71346.0
44	104956.0
45	174053.0
46	419721.0
47	876856.0
48	1720055.0
49	2312998.0
50	8769890.0
>>END_MODULE
>>Sequence Duplication Levels	warn
#Total Duplicate Percentage	28.698547930111754
#Duplication Level	Relative count
1	100.0
2	19.16414286009948
3	7.134726428566501
4	3.349361517181431
5	1.8854387284154175
6	1.1355404855366913
7	0.7988796368478058
8	0.5484536366960325
9	0.41323739418984085
10++	3.5459769718460468
>>END_MODULE
>>Overrepresented sequences	pass
>>END_MODULE
>>Kmer Content	warn
#Sequence	Count	Obs/Exp Overall	Obs/Exp Max	Max Obs/Exp Position
AAAAA	3959230	3.7354445	4.610568	46
TTTTT	3766870	3.3954434	4.22448	13
>>END_MODULE
