##FastQC	0.10.1
>>Basic Statistics	pass
#Measure	Value	
Filename	008-F0_S1_L002_R2_001.fastq.gz	
File type	Conventional base calls	
Encoding	Sanger / Illumina 1.9	
Total Sequences	22853438	
Filtered Sequences	0	
Sequence length	35-75	
%GC	45	
>>END_MODULE
>>Per base sequence quality	pass
#Base	Mean	Median	Lower Quartile	Upper Quartile	10th Percentile	90th Percentile
1	31.445125849336105	32.0	32.0	32.0	32.0	32.0
2	31.247832601816846	32.0	32.0	32.0	32.0	32.0
3	31.27500037412314	32.0	32.0	32.0	32.0	32.0
4	31.295477993289236	32.0	32.0	32.0	32.0	32.0
5	31.289891350264234	32.0	32.0	32.0	32.0	32.0
6	35.02737758756472	36.0	36.0	36.0	36.0	36.0
7	35.0045686780256	36.0	36.0	36.0	36.0	36.0
8	34.95714242207234	36.0	36.0	36.0	36.0	36.0
9	35.02726246265441	36.0	36.0	36.0	36.0	36.0
10	34.88719635968995	36.0	36.0	36.0	36.0	36.0
11	35.02128463122266	36.0	36.0	36.0	36.0	36.0
12	34.92348219116966	36.0	36.0	36.0	36.0	36.0
13	34.95287186111779	36.0	36.0	36.0	36.0	36.0
14	34.89552167161895	36.0	36.0	36.0	36.0	36.0
15	34.87378472333134	36.0	36.0	36.0	36.0	36.0
16	34.880046975864204	36.0	36.0	36.0	36.0	36.0
17	34.871404687557295	36.0	36.0	36.0	36.0	36.0
18	34.853267547753646	36.0	36.0	36.0	36.0	36.0
19	34.8463490701049	36.0	36.0	36.0	36.0	36.0
20	34.83093567803672	36.0	36.0	36.0	36.0	36.0
21	34.81738121852826	36.0	36.0	36.0	36.0	36.0
22	34.8058708715949	36.0	36.0	36.0	36.0	36.0
23	34.797179575344416	36.0	36.0	36.0	36.0	36.0
24	34.78447658509849	36.0	36.0	36.0	36.0	36.0
25	34.76271609549513	36.0	36.0	36.0	36.0	36.0
26	34.74188618797749	36.0	36.0	36.0	36.0	36.0
27	34.72979938510783	36.0	36.0	36.0	36.0	36.0
28	34.72105474896162	36.0	36.0	36.0	36.0	36.0
29	34.70040367668094	36.0	36.0	36.0	36.0	36.0
30	34.683471475932855	36.0	36.0	36.0	36.0	36.0
31	34.67456301323241	36.0	36.0	36.0	36.0	36.0
32	34.65537137125714	36.0	36.0	36.0	32.0	36.0
33	34.64052577122094	36.0	36.0	36.0	32.0	36.0
34	34.62715360375975	36.0	36.0	36.0	32.0	36.0
35	34.6161417376239	36.0	36.0	36.0	32.0	36.0
36	34.618525895978074	36.0	36.0	36.0	32.0	36.0
37	34.60521990721676	36.0	36.0	36.0	32.0	36.0
38	34.59098802419349	36.0	36.0	36.0	32.0	36.0
39	34.56689390865616	36.0	36.0	36.0	32.0	36.0
40	34.557618538612026	36.0	36.0	36.0	32.0	36.0
41	34.55363947647161	36.0	36.0	36.0	32.0	36.0
42	34.538055309487675	36.0	36.0	36.0	32.0	36.0
43	34.52618227814989	36.0	36.0	36.0	32.0	36.0
44	34.50903144844084	36.0	36.0	36.0	32.0	36.0
45	34.48841646881256	36.0	36.0	36.0	32.0	36.0
46	34.4631408634258	36.0	36.0	36.0	32.0	36.0
47	34.44995857388624	36.0	36.0	36.0	32.0	36.0
48	34.44703732980463	36.0	36.0	36.0	32.0	36.0
49	34.42880941120484	36.0	36.0	36.0	32.0	36.0
50	34.400001965116886	36.0	36.0	36.0	32.0	36.0
51	34.37818477322838	36.0	36.0	36.0	32.0	36.0
52	34.37443839039684	36.0	36.0	36.0	32.0	36.0
53	34.34103914929523	36.0	36.0	36.0	32.0	36.0
54	34.318893413516996	36.0	36.0	36.0	32.0	36.0
55	34.287142544983006	36.0	36.0	36.0	32.0	36.0
56	34.26189953890665	36.0	36.0	36.0	32.0	36.0
57	34.25050323650317	36.0	36.0	36.0	32.0	36.0
58	34.23748076569251	36.0	36.0	36.0	32.0	36.0
59	34.2086706989477	36.0	36.0	36.0	32.0	36.0
60	34.19583904197245	36.0	36.0	36.0	32.0	36.0
61	34.162276072115304	36.0	36.0	36.0	32.0	36.0
62	34.13224590120933	36.0	36.0	36.0	32.0	36.0
63	34.115163418892706	36.0	36.0	36.0	32.0	36.0
64	34.08154565631475	36.0	36.0	36.0	32.0	36.0
65	34.06709699834005	36.0	36.0	36.0	32.0	36.0
66	34.03424923242248	36.0	36.0	36.0	32.0	36.0
67	34.001864192941525	36.0	36.0	36.0	32.0	36.0
68	33.97729148559056	36.0	36.0	36.0	32.0	36.0
69	33.958348622352275	36.0	36.0	36.0	32.0	36.0
70	33.9385548124752	36.0	36.0	36.0	32.0	36.0
71	33.91096507459349	36.0	36.0	36.0	32.0	36.0
72	33.89377451671973	36.0	36.0	36.0	32.0	36.0
73	33.84930502119449	36.0	36.0	36.0	32.0	36.0
74	33.78159899118545	36.0	36.0	36.0	27.0	36.0
75	32.72199531251805	36.0	32.0	36.0	14.0	36.0
>>END_MODULE
>>Per sequence quality scores	pass
#Quality	Count
2	20709.0
3	122.0
4	3461.0
5	2612.0
6	587.0
7	458.0
8	217.0
9	114.0
10	129.0
11	179.0
12	226.0
13	332.0
14	3016.0
15	6762.0
16	10713.0
17	16520.0
18	23548.0
19	31557.0
20	41583.0
21	53542.0
22	70058.0
23	91869.0
24	121442.0
25	158333.0
26	203574.0
27	255564.0
28	315264.0
29	385356.0
30	475584.0
31	599592.0
32	803191.0
33	1214799.0
34	2630715.0
35	1.531171E7
>>END_MODULE
>>Per base sequence content	fail
#Base	G	A	T	C
1	44.59880712099753	17.76213008243604	11.58393972489511	26.055123071671325
2	17.231801574118027	19.434892109891656	36.308250943215604	27.02505537277471
3	20.361802326480248	20.841548711148302	28.57306907653321	30.223579885838237
4	13.93866651425378	14.404638256992214	35.77130446379241	35.88539076496159
5	15.512821742502988	34.29185936759627	35.002275906430704	15.19304298347004
6	35.1791760345424	34.53432660919352	16.276330603331346	14.010166752932731
7	31.054761224194284	29.535244978753088	20.38982646551749	19.02016733153514
8	27.08040299752163	34.44268418658141	19.744373820948223	18.732538994948733
9	25.431247720669326	15.747544893915979	19.630746788128754	39.19046059728594
10	14.726021335709186	27.43737537901079	34.57147466082237	23.265128624457663
11	34.585956354935924	22.285853109913997	23.650216468424397	19.477974066725682
12	22.60506918404488	23.9743665403868	30.791880322277198	22.628683953291127
13	28.25904009078979	20.504886742806818	26.008596986672917	25.22747617973048
14	20.75921875629816	20.441081627681594	27.176241625087844	31.6234579909324
15	23.140021041485166	29.28609409501196	23.066417029056563	24.50746783444631
16	23.049357651885245	28.355097652993777	25.396525990008723	23.199018705112255
17	21.937342846874788	27.955385754207494	27.349032002911517	22.758239396006203
18	22.388597061327836	27.5756517682206	27.88398507489957	22.151766095552
19	22.85058489602092	27.061472576180197	27.452856478110103	22.635086049688777
20	22.83737318336876	27.038391931335244	27.60203844231755	22.522196442978444
21	22.614787757222842	26.74228494694095	27.29073138490043	23.352195910935773
22	22.566570451483983	26.83594281633469	27.615615306127545	22.981871426053782
23	22.478836298183143	26.88979846148689	27.495358236771878	23.13600700355808
24	22.713770847094985	26.511885948454644	27.806377963644174	22.967965240806194
25	22.784326633685918	26.679344020133733	27.34919921734475	23.187130128835598
26	22.259512310213488	27.03912095170167	27.569774704083176	23.131592034001667
27	22.36985030665599	27.060063561503622	27.519896380639903	23.050189751200488
28	22.46385626483376	26.937193163980282	27.492722086461708	23.106228484724248
29	22.270971850303273	27.009185047504957	27.659531300400225	23.060311801791542
30	22.388760391242396	27.076261349753146	27.561984206196673	22.972994052807785
31	22.82386814907255	27.103663825124375	27.300095793007532	22.772372232795544
32	22.14793612842806	27.29852123109608	27.701151469992734	22.852391170483124
33	22.299308471736122	27.103048272011925	27.84150808462753	22.756135171624422
34	22.33089150241614	26.82934662977469	28.020502721371788	22.819259146437382
35	22.223596695392573	27.139584761576742	27.834063257461978	22.80275528556871
36	22.332628086972097	27.46152812221177	27.732752225641207	22.473091565174926
37	22.4466195380001	27.207326935215008	27.382134248984013	22.96391927780088
38	22.352212542263043	27.61722170409667	27.38703803333864	22.643527720301652
39	22.48002898176973	27.34365501869693	27.625626410602557	22.55068958893079
40	22.574516156377964	27.05754751470648	27.619519742939946	22.748416585975605
41	22.51375956367839	27.26906477093138	27.65875799382106	22.55841767156917
42	22.312611726449923	27.476272590497658	27.71586924341513	22.495246439637288
43	22.384332850944986	27.276680793440267	27.62329513252095	22.715691223093792
44	22.26295992747436	27.629101726350143	27.658633914436177	22.449304431739325
45	22.380885884838513	27.529705098149048	27.47763719678832	22.61177182022412
46	22.459247745885484	27.51160682791472	27.398011127550014	22.631134298649787
47	22.43424229065642	27.564818126459407	27.536256567123253	22.46468301576092
48	22.23771498836406	27.537420981462457	27.465843315842736	22.75902071433075
49	22.51911398603848	27.36865502347517	27.509688891473623	22.60254209901273
50	22.342856956448063	27.642815994312205	27.457357852307428	22.5569691969323
51	22.403140664347344	27.634636977051002	27.43913740706535	22.523084951536305
52	22.406801311004617	27.648215291092697	27.388485545638176	22.55649785226451
53	22.293859974625658	27.44823086410591	27.656994907461403	22.600914253807037
54	22.469961582323172	27.793045485714064	27.450009512565366	22.2869834193974
55	22.41984246236933	27.4555851103485	27.461739511667943	22.66283291561422
56	22.564769294818987	27.715403080793315	27.244731737131623	22.475095887256074
57	22.383782825996203	27.630906225599983	27.355105816363494	22.63020513204032
58	22.36265345503353	27.53678135578052	27.335136293772898	22.765428895413045
59	22.304418447884302	27.616942767097363	27.39815424501969	22.680484539998645
60	22.388153073166357	27.57767067108134	27.53328800212674	22.50088825362557
61	22.60801500936416	27.606992351767506	27.332403779493212	22.452588859375123
62	22.526138414594964	27.712503597254383	27.37803135246159	22.38332663568906
63	22.5176814524304	27.858411704567715	27.25620320079643	22.367703642205456
64	22.513501079827382	27.563079540332296	27.21880836821788	22.704611011622443
65	22.409816659071577	27.707798427995336	27.384525726606828	22.497859186326263
66	22.465835524123076	27.921427023024485	27.124131656683048	22.48860579616939
67	22.571221666814424	27.660496702911747	27.19036045124578	22.577921179028053
68	22.55713952619712	27.918089831353893	27.332700331771303	22.192070310677686
69	22.838331453610476	27.786909844438807	27.207569696859053	22.167189005091664
70	22.927760930598755	27.565145229412437	27.1460641408876	22.361029699101213
71	22.700710597046804	27.948935279000235	27.06362991417685	22.286724209776114
72	22.63953766117432	28.08662340244657	27.277274859871554	21.996564076507557
73	23.375471527917895	28.68594465981661	27.30345684685262	20.635126965412876
74	24.505175195431878	31.069986543420104	27.48967987549682	16.9351583856512
75	29.789372499587508	41.49702438806068	28.71360311235181	0.0
>>END_MODULE
>>Per base GC content	fail
#Base	%GC
1	70.65393019266885
2	44.25685694689274
3	50.585382212318486
4	49.824057279215374
5	30.705864725973026
6	49.189342787475134
7	50.07492855572943
8	45.812941992470364
9	64.62170831795527
10	37.99114996016685
11	54.06393042166161
12	45.23375313733601
13	53.48651627052027
14	52.38267674723056
15	47.64748887593148
16	46.2483763569975
17	44.69558224288099
18	44.540363156879835
19	45.48567094570969
20	45.35956962634721
21	45.96698366815862
22	45.54844187753776
23	45.614843301741224
24	45.68173608790118
25	45.97145676252152
26	45.39110434421516
27	45.42004005785648
28	45.570084749558006
29	45.33128365209482
30	45.361754444050185
31	45.59624038186809
32	45.00032729891119
33	45.05544364336054
34	45.15015064885352
35	45.02635198096128
36	44.805719652147026
37	45.410538815800976
38	44.995740262564695
39	45.030718570700515
40	45.322932742353565
41	45.072177235247565
42	44.807858166087215
43	45.10002407403878
44	44.712264359213684
45	44.99265770506263
46	45.09038204453527
47	44.89892530641734
48	44.996735702694814
49	45.12165608505121
50	44.89982615338036
51	44.926225615883645
52	44.96329916326913
53	44.894774228432695
54	44.756945001720574
55	45.08267537798355
56	45.03986518207506
57	45.01398795803653
58	45.12808235044658
59	44.98490298788295
60	44.889041326791926
61	45.060603868739285
62	44.90946505028403
63	44.88538509463586
64	45.218112091449825
65	44.90767584539784
66	44.95444132029247
67	45.149142845842476
68	44.749209836874805
69	45.005520458702144
70	45.28879062969997
71	44.98743480682292
72	44.63610173768188
73	44.01059849333077
74	41.44033358108308
75	29.789372499587508
>>END_MODULE
>>Per sequence GC content	warn
#GC Content	Count
0	20862.0
1	10769.5
2	1081.5
3	1845.5
4	2208.0
5	2341.0
6	2517.0
7	2564.0
8	2572.5
9	2857.0
10	3837.5
11	5600.0
12	6708.5
13	7888.5
14	10747.5
15	15192.0
16	18757.0
17	24905.5
18	38308.5
19	55543.0
20	67449.5
21	85806.0
22	119916.5
23	158272.0
24	183392.0
25	215167.5
26	269013.5
27	323289.5
28	359270.5
29	402469.0
30	471826.0
31	540514.5
32	586485.0
33	637724.5
34	723021.0
35	804116.0
36	850752.0
37	894537.0
38	940860.5
39	964660.5
40	980715.0
41	984449.0
42	979787.0
43	972501.0
44	971089.0
45	963202.5
46	938226.5
47	911750.0
48	899569.0
49	881413.0
50	845538.5
51	811607.5
52	793324.5
53	778829.5
54	752318.0
55	723817.0
56	706888.0
57	688999.0
58	651669.5
59	602963.5
60	563037.0
61	520927.0
62	464107.5
63	406632.0
64	362977.0
65	328293.0
66	280520.5
67	231178.5
68	196442.5
69	170648.5
70	139561.0
71	109089.0
72	88944.5
73	75427.0
74	60218.0
75	46426.0
76	37570.0
77	31775.5
78	25330.5
79	19581.0
80	15909.0
81	13276.0
82	10331.5
83	7456.5
84	5668.0
85	4742.5
86	3746.0
87	2826.5
88	2430.5
89	2212.5
90	1956.5
91	1825.0
92	1754.5
93	1757.0
94	1858.5
95	2022.5
96	2092.5
97	2227.0
98	3100.5
99	14287.5
100	24737.0
>>END_MODULE
>>Per base N content	pass
#Base	N-Count
1	0.22224227269437535
2	0.12511465452156476
3	0.09079159118203572
4	0.09067782274159362
5	0.09091411104097336
6	0.09178487718128013
7	0.09782335594320644
8	0.10813252693095891
9	0.1138253246623112
10	0.12352627206462327
11	0.1273025091454511
12	0.12575350807173957
13	0.13778233279386673
14	0.12828704372619998
15	0.13106999480778342
16	0.1336035304622438
17	0.13543695263706054
18	0.13306094251551998
19	0.13380043737839356
20	0.13011609019176895
21	0.1395151136559847
22	0.138604966132448
23	0.13456618649675378
24	0.1328202785068925
25	0.13844744059952818
26	0.14811775803710583
27	0.13760730442395583
28	0.14450342219844559
29	0.14430651528229582
30	0.13816739520767074
31	0.1324483432208318
32	0.13242646467459296
33	0.14425838248057032
34	0.13779983563085782
35	0.14252997732770012
36	0.05374874147525512
37	0.04624880446161432
38	0.06473764209504926
39	0.06416342383287899
40	0.0769548469014187
41	0.05354173911445525
42	0.07164936971939077
43	0.056056414557638434
44	0.05626927052368404
45	0.05608020127722812
46	0.05487892595182038
47	0.07225822453481377
48	0.05833056993578356
49	0.060569391912101644
50	0.050612774995747026
51	0.06586285878404323
52	0.05021499881996297
53	0.0485913905593176
54	0.058588523418971535
55	0.04568362493239774
56	0.06102940512530149
57	0.06324237241610052
58	0.053587105498527486
59	0.06348279081907715
60	0.05840319972925587
61	0.05844092061999603
62	0.06074987551419285
63	0.05096432746749425
64	0.04767436281122966
65	0.04733213415726076
66	0.06647095310190994
67	0.0751224543054733
68	0.05286883789259184
69	0.04490072490175326
70	0.05885686361145697
71	0.050661553191108925
72	0.06194176056409726
73	0.07291183605556474
74	0.05620394549082273
75	0.0715651705311703
>>END_MODULE
>>Sequence Length Distribution	warn
#Length	Count
35	23136.0
36	3766.0
37	5192.0
38	6165.0
39	6999.0
40	7277.0
41	7960.0
42	8753.0
43	9770.0
44	10593.0
45	11924.0
46	12623.0
47	13632.0
48	14507.0
49	15290.0
50	15390.0
51	15918.0
52	16498.0
53	17333.0
54	18671.0
55	19653.0
56	20496.0
57	21691.0
58	22836.0
59	23461.0
60	24792.0
61	24745.0
62	24953.0
63	25339.0
64	28156.0
65	29316.0
66	29707.0
67	33448.0
68	34364.0
69	44367.0
70	57745.0
71	145660.0
72	545262.0
73	1571325.0
74	4903974.0
75	1.4980751E7
>>END_MODULE
>>Sequence Duplication Levels	warn
#Total Duplicate Percentage	38.329038116977145
#Duplication Level	Relative count
1	100.0
2	24.949654947346637
3	11.177795642864535
4	6.292136620155532
5	3.7896094179077155
6	2.454769049533164
7	1.6993942674297358
8	1.2456918166405324
9	0.9320799471476443
10++	6.652710673151162
>>END_MODULE
>>Overrepresented sequences	pass
>>END_MODULE
>>Kmer Content	fail
#Sequence	Count	Obs/Exp Overall	Obs/Exp Max	Max Obs/Exp Position
AAAAA	9980145	4.3698797	10.305206	71
GGGGG	4241505	4.055022	6.5535116	71
TTTTT	7365435	3.1288877	5.513666	71
CCTGG	3682460	3.065291	12.308218	3
CCAGG	3451430	2.89042	12.467646	3
CCCAG	3267325	2.768934	11.114384	2
CTGGG	3294790	2.7102106	11.116129	4
CCAGC	3104200	2.6306918	6.412131	3
GGAGG	3091275	2.5280328	5.9276886	6
CAGCA	3487715	2.4984736	6.8909035	4
GCTGG	3033725	2.495465	7.186076	3
TGCTG	3545400	2.4796145	7.9610076	2
TCCAG	3434445	2.4454687	8.90232	2
CAGCC	2795100	2.3687413	5.6869254	9
CTCCA	3271245	2.3570948	6.3645096	1
CTCCT	3265945	2.3390775	6.2028666	1
CAGGA	3250945	2.3013623	9.950879	4
CTGCT	3245120	2.2967203	6.444916	9
AGGAG	3270960	2.2881906	7.194766	5
GGCTG	2770790	2.2791815	8.332872	7
CTGGA	3222915	2.2677546	9.007282	4
TCCTG	3194275	2.2607348	8.92865	2
GCTGC	2711170	2.256786	5.6237173	8
CCTGC	2675670	2.2538478	6.3056283	3
AGCAG	3140765	2.2233653	5.4790125	7
CTGCC	2639060	2.2230096	5.6015806	9
GGCAG	2669340	2.2090592	6.2220283	7
CCCTG	2601085	2.1910214	9.235255	2
CTGCA	3069970	2.1859472	6.901424	4
GCAGG	2635955	2.181431	6.90613	3
GCCTG	2608050	2.170949	7.1100516	7
CAGAG	3020230	2.138038	7.4731965	4
CTCTG	3017600	2.1356938	7.4566903	2
TGCAG	3026790	2.1297538	7.1019683	2
CAGGG	2485560	2.056969	9.287175	4
TGGAG	2957160	2.0561917	6.523054	5
AGCTG	2884175	2.0294054	5.657348	7
CTGGC	2433250	2.0254447	5.589944	4
CCCCA	2347555	2.013235	6.665462	1
CAGGC	2389060	2.0007322	6.022	4
GCCAG	2385730	1.9979434	5.1301823	2
CAGAA	3264270	1.9766662	5.3801723	4
GGGAG	2416200	1.9759592	5.6253967	7
GGAGA	2824480	1.9758569	5.6062417	6
CACAG	2751195	1.9708571	7.207019	7
CTGTG	2787465	1.9495229	8.989284	9
CTCAG	2733270	1.9462028	6.22225	2
TTCTG	3226455	1.9186169	5.3232217	2
CTGAG	2709870	1.9067581	5.9634724	4
CCTCT	2609770	1.8691235	5.623293	1
TGGGG	2271385	1.8463225	6.5422807	5
CCAGA	2574865	1.8445407	6.459314	3
GGCCA	2188020	1.83237	6.0103283	1
TCTGG	2561005	1.7911392	6.431842	3
CACTG	2513030	1.7893827	7.435297	7
CAGTG	2537080	1.7851772	6.581198	9
ACCTG	2506220	1.7845336	5.3217897	7
AGAGG	2498020	1.7474828	5.1215906	5
TGGCC	2096600	1.7452161	5.617205	5
CCTGA	2411225	1.7168932	5.603842	3
GCCCA	1976695	1.6751741	6.835654	1
ACAGA	2728350	1.6521419	5.929022	8
GAGAG	2357970	1.6495111	5.38566	7
TCAGG	2326645	1.6371077	5.867709	3
GGGCC	1635735	1.6014115	5.253477	6
CCTGT	2257865	1.5979946	5.488825	8
TGGGC	1922115	1.5810827	6.382577	5
AGGTG	2246610	1.5621275	5.125036	7
GTGTG	2222750	1.5362121	8.021344	1
TGTGT	2546830	1.4965945	6.183996	10
ACACA	2433175	1.4910047	6.205504	6
CTGTC	2084385	1.4752148	5.9278946	9
GCCCT	1726300	1.4541472	6.005888	1
CACAC	2004860	1.4533702	6.518492	5
GCTGT	2070335	1.4479699	5.36671	8
ACAGC	2012895	1.4419655	5.711937	8
GGGCT	1745300	1.4356394	6.0884714	6
GACAG	1984325	1.4047148	7.133573	7
AGACA	2221580	1.3452693	5.3791404	6
AGGGC	1613375	1.3351768	5.5301056	5
GTCCT	1836170	1.2995417	8.844203	1
GGACA	1772120	1.2544937	6.198687	6
ACTGC	1727965	1.2303835	5.1252103	8
GTGCT	1744650	1.2201893	6.6938114	1
AGGAC	1696265	1.2007955	8.5694895	5
GTCCA	1662330	1.1836486	6.6993694	1
TGTGC	1666440	1.1654902	6.025733	10
GTCTT	1932560	1.1492001	5.312909	1
AGCAC	1594690	1.1423786	5.537896	5
TGGAC	1520505	1.0698798	6.090573	5
GTGCA	1503330	1.0577949	6.147285	1
TGCAC	1484790	1.0572327	5.654803	5
ACAGT	1755355	1.0565354	5.70188	8
ACTGT	1745490	1.044259	6.3271546	8
GCACT	1430325	1.0184513	5.0382347	6
GACTG	1446910	1.018096	5.9672923	7
AGACT	1655320	0.9963251	5.07441	6
GGACC	1183680	0.9912796	5.4333205	6
ACACT	1572540	0.9578095	5.0348096	6
GGACT	1321460	0.9298249	5.272411	6
CTACA	1501485	0.914531	5.1045666	4
TGTAG	1535510	0.9077893	5.3502574	2
TCCTA	1298680	0.7862332	5.0629845	2
TAGGA	1319345	0.7847278	5.324339	4
GTGTA	1095590	0.6477098	5.6721954	1
>>END_MODULE
