##FastQC	0.10.1
>>Basic Statistics	pass
#Measure	Value	
Filename	005-primary_S6_L003_R1_001_trimmed.fq.gz	
File type	Conventional base calls	
Encoding	Sanger / Illumina 1.9	
Total Sequences	30560598	
Filtered Sequences	0	
Sequence length	20-50	
%GC	45	
>>END_MODULE
>>Per base sequence quality	pass
#Base	Mean	Median	Lower Quartile	Upper Quartile	10th Percentile	90th Percentile
1	35.083265484530116	36.0	36.0	36.0	36.0	36.0
2	35.072848214553915	36.0	36.0	36.0	36.0	36.0
3	35.04788152378432	36.0	36.0	36.0	36.0	36.0
4	35.04206894119022	36.0	36.0	36.0	36.0	36.0
5	35.0285068047425	36.0	36.0	36.0	36.0	36.0
6	34.97359083091241	36.0	36.0	36.0	36.0	36.0
7	34.964215098146965	36.0	36.0	36.0	36.0	36.0
8	34.94481989521278	36.0	36.0	36.0	36.0	36.0
9	34.92891588705169	36.0	36.0	36.0	36.0	36.0
10	34.90635052363832	36.0	36.0	36.0	36.0	36.0
11	34.89802211985511	36.0	36.0	36.0	36.0	36.0
12	34.8902073840309	36.0	36.0	36.0	36.0	36.0
13	34.8686745265914	36.0	36.0	36.0	36.0	36.0
14	34.8624530187531	36.0	36.0	36.0	36.0	36.0
15	34.8512786300844	36.0	36.0	36.0	36.0	36.0
16	34.83781904398599	36.0	36.0	36.0	36.0	36.0
17	34.82680823195933	36.0	36.0	36.0	36.0	36.0
18	34.8133597385758	36.0	36.0	36.0	36.0	36.0
19	34.8041525234552	36.0	36.0	36.0	32.0	36.0
20	34.79864556315292	36.0	36.0	36.0	32.0	36.0
21	34.77772810055344	36.0	36.0	36.0	32.0	36.0
22	34.768299202441256	36.0	36.0	36.0	32.0	36.0
23	34.76530069413901	36.0	36.0	36.0	32.0	36.0
24	34.75365339151816	36.0	36.0	36.0	32.0	36.0
25	34.74461806225702	36.0	36.0	36.0	32.0	36.0
26	34.73036004125856	36.0	36.0	36.0	32.0	36.0
27	34.72406424361262	36.0	36.0	36.0	32.0	36.0
28	34.709511613795335	36.0	36.0	36.0	32.0	36.0
29	34.69572521057957	36.0	36.0	36.0	32.0	36.0
30	34.683479778709554	36.0	36.0	36.0	32.0	36.0
31	34.673159976153755	36.0	36.0	36.0	32.0	36.0
32	34.66608486429432	36.0	36.0	36.0	32.0	36.0
33	34.64473625529865	36.0	36.0	36.0	32.0	36.0
34	34.61884997920442	36.0	36.0	36.0	32.0	36.0
35	34.59593036884483	36.0	36.0	36.0	32.0	36.0
36	34.57784731261336	36.0	36.0	36.0	32.0	36.0
37	34.5523115689602	36.0	36.0	36.0	32.0	36.0
38	34.54925050342145	36.0	36.0	36.0	32.0	36.0
39	34.52523267601221	36.0	36.0	36.0	32.0	36.0
40	34.500493207283654	36.0	36.0	36.0	32.0	36.0
41	34.483220640977905	36.0	36.0	36.0	32.0	36.0
42	34.45387659860278	36.0	36.0	36.0	32.0	36.0
43	34.439336271034435	36.0	36.0	36.0	32.0	36.0
44	34.420560582137114	36.0	36.0	36.0	32.0	36.0
45	34.409717185218675	36.0	36.0	36.0	32.0	36.0
46	34.37680729729039	36.0	36.0	36.0	32.0	36.0
47	34.39177082258948	36.0	36.0	36.0	32.0	36.0
48	34.408076703385454	36.0	36.0	36.0	32.0	36.0
49	34.46707138201542	36.0	36.0	36.0	32.0	36.0
50	34.56572672409816	36.0	36.0	36.0	32.0	36.0
>>END_MODULE
>>Per sequence quality scores	pass
#Quality	Count
14	6.0
15	19.0
16	106.0
17	399.0
18	1378.0
19	4038.0
20	9426.0
21	19033.0
22	32876.0
23	53232.0
24	82159.0
25	123981.0
26	182496.0
27	259312.0
28	357511.0
29	475557.0
30	626491.0
31	829391.0
32	1131480.0
33	1704923.0
34	3393405.0
35	1.4255771E7
36	7017608.0
>>END_MODULE
>>Per base sequence content	pass
#Base	G	A	T	C
1	22.34849265711358	27.034732762755493	27.65049950920463	22.966275070926294
2	22.20676113733115	26.843254179777503	27.92963017281272	23.02035451007863
3	22.319147758873648	26.951182245004894	27.634473683788585	23.095196312332874
4	22.338732870377505	26.84881371536662	27.80869396372445	23.003759450531426
5	22.522314928702926	26.80253129125952	27.503065980448994	23.17208779958856
6	22.14257863295598	27.08837550157726	27.690428550542666	23.078617314924095
7	22.119351528510023	27.086063438794156	27.786700339785238	23.007884692910583
8	22.287384559686956	26.970499726477865	27.778049369321895	22.964066344513284
9	22.003991155401728	27.168308422479235	27.925211745041178	22.90248867707786
10	22.22825254143542	27.23962232546335	27.652372334159246	22.879752798941976
11	22.496967414764892	27.295145353852984	27.48934337228583	22.718543859096293
12	22.04422505083179	27.27218884918417	27.83811691119395	22.845469188790087
13	22.18063272191205	27.09117799331021	27.884222029948496	22.84396725482924
14	22.20143401644169	26.820610643810046	28.025992815978274	22.951962523769986
15	22.137360542981824	27.079095780279832	27.837680834667378	22.945862842070966
16	22.324979921019132	27.528119980766064	27.57232073425344	22.574579363961366
17	22.450395113341695	27.25827550887584	27.512756785714732	22.778572592067732
18	22.342785962499818	27.472816467792942	27.50410512255029	22.68029244715696
19	22.307272913965885	27.35642476629548	27.70757954409138	22.628722775647255
20	22.274006074099777	27.120550534090025	27.677670232545992	22.927773159264202
21	22.347261643882664	27.304606863271037	27.632558555620324	22.715572937225975
22	22.28675935394091	27.27703202503089	27.685928477244627	22.75028014378357
23	22.40270048147457	27.03170202548972	27.559986121375175	23.00561137166053
24	22.34096817318172	27.36148242988825	27.62323013258945	22.674319264340575
25	22.363406630329226	27.30182770928085	27.54121986034612	22.7935458000438
26	22.485364037910912	27.469148787044695	27.389235694071434	22.65625148097296
27	22.209590231511548	27.545657536199	27.617211144417773	22.62754108787168
28	22.23224151148237	27.390348282703265	27.56290638513828	22.814503820676084
29	22.3101058053581	27.294235135907336	27.68720555917173	22.708453499562836
30	22.34926661451607	27.351567990417546	27.582466755677004	22.716698639389385
31	22.459998923208147	27.392330869408703	27.47975176736997	22.667918440013178
32	22.41095343792321	27.3099177806299	27.506180682080828	22.77294809936606
33	22.31822973629649	27.351389362569734	27.57452226246268	22.75585863867109
34	22.49220900438313	27.52794760416207	27.481685471072826	22.498157920381978
35	22.480869266245797	27.404065961483887	27.39008691462098	22.724977857649336
36	22.546042307102983	27.567505956597778	27.337393822502147	22.549057913797093
37	22.279603682951198	27.451441022371892	27.57645252567643	22.692502769000477
38	22.26281144566832	27.226883303825623	27.684191253275053	22.826113997231005
39	22.17635526205161	27.425053060712784	27.65821949666252	22.74037218057308
40	22.369745215205885	27.469056376762918	27.565034516817576	22.59616389121362
41	22.517701416334802	27.506186657885618	27.418298795738	22.557813130041584
42	22.399117528415434	27.62445374091146	27.378690802421822	22.597737928251284
43	22.40200352112326	27.592109951525973	27.449295981269906	22.556590546080855
44	22.40676324245017	27.35350534700029	27.48169466282664	22.758036747722898
45	22.22282401356672	27.431719164604374	27.658879602628655	22.68657721920025
46	22.346196522116422	27.48020749931565	27.441984631891913	22.73161134667601
47	22.283440854279675	27.57824004011632	27.552686040804502	22.585633064799502
48	22.33613229385738	27.911640251919323	27.59035556058423	22.16187189363907
49	22.461140964103926	28.233769447700773	27.66869841904501	21.636391169150286
50	22.19101783104135	28.117854319284337	27.810268177644286	21.88085967203003
>>END_MODULE
>>Per base GC content	pass
#Base	%GC
1	45.314767728039875
2	45.227115647409775
3	45.41434407120652
4	45.34249232090893
5	45.694402728291486
6	45.22119594788007
7	45.12723622142061
8	45.25145090420024
9	44.90647983247958
10	45.1080053403774
11	45.21551127386119
12	44.88969423962188
13	45.02459997674129
14	45.15339654021168
15	45.08322338505279
16	44.8995592849805
17	45.22896770540943
18	45.023078409656776
19	44.93599568961314
20	45.20177923336398
21	45.06283458110864
22	45.03703949772448
23	45.4083118531351
24	45.0152874375223
25	45.156952430373025
26	45.14161551888387
27	44.837131319383225
28	45.04674533215846
29	45.018559304920934
30	45.065965253905446
31	45.12791736322133
32	45.18390153728927
33	45.07408837496758
34	44.990366924765105
35	45.20584712389513
36	45.09510022090007
37	44.972106451951674
38	45.088925442899324
39	44.91672744262469
40	44.9659091064195
41	45.07551454637639
42	44.996855456666715
43	44.95859406720412
44	45.16479999017307
45	44.909401232766974
46	45.07780786879243
47	44.86907391907918
48	44.49800418749645
49	44.09753213325421
50	44.07187750307138
>>END_MODULE
>>Per sequence GC content	warn
#GC Content	Count
0	7195.0
1	7140.0
2	6206.0
3	5670.0
4	6176.0
5	7406.0
6	8820.0
7	10994.5
8	13351.0
9	17068.5
10	21158.5
11	28504.5
12	36208.0
13	47923.0
14	61560.5
15	82319.5
16	104892.5
17	137336.5
18	172361.5
19	216027.0
20	261351.5
21	318713.0
22	377939.0
23	448331.0
24	522574.0
25	591575.0
26	669994.5
27	758215.5
28	851841.0
29	951442.5
30	1053374.5
31	1159835.0
32	1268085.0
33	1375953.0
34	1489855.5
35	1594251.5
36	1692136.5
37	1775984.5
38	1844717.0
39	1893328.5
40	1935751.5
41	1957236.0
42	1972108.0
43	1964456.0
44	1948669.0
45	1916127.5
46	1881586.0
47	1836709.0
48	1790507.5
49	1745887.0
50	1702234.0
51	1668243.0
52	1631598.0
53	1590527.0
54	1550158.0
55	1510078.0
56	1465071.5
57	1407036.0
58	1343404.0
59	1263655.0
60	1178595.5
61	1082216.5
62	984719.0
63	895957.5
64	792374.5
65	698209.0
66	606340.5
67	521222.0
68	441624.5
69	371194.5
70	308407.5
71	256082.0
72	210215.0
73	169590.0
74	132273.0
75	105773.5
76	85702.5
77	67173.5
78	50515.5
79	38617.0
80	28689.0
81	21594.0
82	16035.5
83	11986.5
84	8651.0
85	6523.0
86	4792.0
87	3742.0
88	2916.0
89	2213.5
90	1696.0
91	1393.5
92	1197.5
93	1000.0
94	809.5
95	701.5
96	633.0
97	596.0
98	558.0
99	879.5
100	1212.0
>>END_MODULE
>>Per base N content	pass
#Base	N-Count
1	0.0
2	0.0
3	4.548340317162642E-4
4	4.9082809178014126E-5
5	7.427865122272804E-4
6	6.54437455706855E-6
7	3.861180988670444E-4
8	0.0
9	7.853249468482259E-5
10	6.90431515770732E-4
11	1.2761530386283672E-4
12	0.0
13	0.0
14	0.0
15	5.562718373508267E-5
16	1.0798218019163108E-4
17	0.0
18	0.0
19	0.0
20	6.54437455706855E-5
21	0.0
22	0.0
23	0.0
24	0.0
25	0.0
26	0.0
27	0.0
28	0.0
29	0.0
30	0.0
31	0.0
32	0.0
33	0.0
34	0.0
35	0.0
36	9.638916215407608E-5
37	0.0
38	0.0
39	0.0
40	2.0998713513816577E-5
41	2.8126358085594906E-5
42	0.0
43	1.0651133999609103E-5
44	0.0
45	0.0
46	0.0
47	0.0
48	0.0
49	5.59471336884733E-5
50	0.0
>>END_MODULE
>>Sequence Length Distribution	warn
#Length	Count
20	77145.0
21	79423.0
22	81141.0
23	82700.0
24	85065.0
25	86209.0
26	88596.0
27	92415.0
28	95840.0
29	101130.0
30	103043.0
31	106517.0
32	107400.0
33	108138.0
34	107911.0
35	109016.0
36	111572.0
37	116058.0
38	121608.0
39	126492.0
40	130108.0
41	135304.0
42	141752.0
43	161341.0
44	217265.0
45	356186.0
46	836560.0
47	1741627.0
48	3404216.0
49	4497146.0
50	1.6951674E7
>>END_MODULE
>>Sequence Duplication Levels	warn
#Total Duplicate Percentage	39.668674252343145
#Duplication Level	Relative count
1	100.0
2	24.554909507820817
3	11.806567848661043
4	7.0608467774957
5	4.355089673245434
6	2.926869216280403
7	2.157890426664483
8	1.5027434280566703
9	1.1931864712144788
10++	8.228646302514127
>>END_MODULE
>>Overrepresented sequences	pass
>>END_MODULE
>>Kmer Content	warn
#Sequence	Count	Obs/Exp Overall	Obs/Exp Max	Max Obs/Exp Position
AAAAA	8227390	4.0443373	4.9088774	46
TTTTT	7664440	3.5584	4.0460296	46
CCTGG	2909375	3.0520465	3.7215204	19
>>END_MODULE
