##FastQC	0.10.1
>>Basic Statistics	pass
#Measure	Value	
Filename	004-F0_S5_L003_R1_001.fastq.gz	
File type	Conventional base calls	
Encoding	Sanger / Illumina 1.9	
Total Sequences	15788651	
Filtered Sequences	0	
Sequence length	35-75	
%GC	45	
>>END_MODULE
>>Per base sequence quality	pass
#Base	Mean	Median	Lower Quartile	Upper Quartile	10th Percentile	90th Percentile
1	31.276546615667165	32.0	32.0	32.0	32.0	32.0
2	31.359996620357244	32.0	32.0	32.0	32.0	32.0
3	31.459442038461678	32.0	32.0	32.0	32.0	32.0
4	31.55403682049847	32.0	32.0	32.0	32.0	32.0
5	31.505560418049647	32.0	32.0	32.0	32.0	32.0
6	35.087428115296234	36.0	36.0	36.0	36.0	36.0
7	35.084173309043315	36.0	36.0	36.0	36.0	36.0
8	35.01311518001126	36.0	36.0	36.0	36.0	36.0
9	35.169277286577554	36.0	36.0	36.0	36.0	36.0
10	35.03585271471261	36.0	36.0	36.0	36.0	36.0
11	35.14958345713006	36.0	36.0	36.0	36.0	36.0
12	35.07712508180718	36.0	36.0	36.0	36.0	36.0
13	35.121956144321636	36.0	36.0	36.0	36.0	36.0
14	35.09983867526111	36.0	36.0	36.0	36.0	36.0
15	35.04812425076721	36.0	36.0	36.0	36.0	36.0
16	35.06546930450233	36.0	36.0	36.0	36.0	36.0
17	35.059897327517085	36.0	36.0	36.0	36.0	36.0
18	35.05390612535548	36.0	36.0	36.0	36.0	36.0
19	35.04333498789732	36.0	36.0	36.0	36.0	36.0
20	35.042729806365344	36.0	36.0	36.0	36.0	36.0
21	35.029163669524394	36.0	36.0	36.0	36.0	36.0
22	35.01570260815823	36.0	36.0	36.0	36.0	36.0
23	34.99069382178376	36.0	36.0	36.0	36.0	36.0
24	34.98026354499824	36.0	36.0	36.0	36.0	36.0
25	34.96488870391777	36.0	36.0	36.0	36.0	36.0
26	34.909370407896155	36.0	36.0	36.0	36.0	36.0
27	34.89001758288279	36.0	36.0	36.0	36.0	36.0
28	34.867464484457855	36.0	36.0	36.0	36.0	36.0
29	34.84848407884879	36.0	36.0	36.0	36.0	36.0
30	34.823528305236465	36.0	36.0	36.0	36.0	36.0
31	34.814598029939354	36.0	36.0	36.0	36.0	36.0
32	34.79986611902436	36.0	36.0	36.0	36.0	36.0
33	34.781273143601695	36.0	36.0	36.0	36.0	36.0
34	34.769175023249296	36.0	36.0	36.0	32.0	36.0
35	34.757828328715355	36.0	36.0	36.0	32.0	36.0
36	34.79175558951556	36.0	36.0	36.0	32.0	36.0
37	34.77519075805622	36.0	36.0	36.0	32.0	36.0
38	34.7617313962933	36.0	36.0	36.0	32.0	36.0
39	34.74103188919789	36.0	36.0	36.0	32.0	36.0
40	34.73775671345592	36.0	36.0	36.0	32.0	36.0
41	34.71600598300595	36.0	36.0	36.0	32.0	36.0
42	34.70290913900143	36.0	36.0	36.0	32.0	36.0
43	34.69545347671077	36.0	36.0	36.0	32.0	36.0
44	34.678867925181166	36.0	36.0	36.0	32.0	36.0
45	34.66799310000506	36.0	36.0	36.0	32.0	36.0
46	34.64314098537314	36.0	36.0	36.0	32.0	36.0
47	34.63843074301758	36.0	36.0	36.0	32.0	36.0
48	34.61898111886925	36.0	36.0	36.0	32.0	36.0
49	34.60171496649362	36.0	36.0	36.0	32.0	36.0
50	34.58780712654073	36.0	36.0	36.0	32.0	36.0
51	34.57420276114016	36.0	36.0	36.0	32.0	36.0
52	34.563801538877456	36.0	36.0	36.0	32.0	36.0
53	34.527610597119455	36.0	36.0	36.0	32.0	36.0
54	34.50971436404713	36.0	36.0	36.0	32.0	36.0
55	34.466588678677326	36.0	36.0	36.0	32.0	36.0
56	34.44710892816938	36.0	36.0	36.0	32.0	36.0
57	34.42262908362183	36.0	36.0	36.0	32.0	36.0
58	34.409280875503086	36.0	36.0	36.0	32.0	36.0
59	34.38506759036672	36.0	36.0	36.0	32.0	36.0
60	34.35569730827966	36.0	36.0	36.0	32.0	36.0
61	34.329770493487445	36.0	36.0	36.0	32.0	36.0
62	34.28991463310811	36.0	36.0	36.0	32.0	36.0
63	34.27546308624962	36.0	36.0	36.0	32.0	36.0
64	34.24313820911145	36.0	36.0	36.0	32.0	36.0
65	34.22480884449939	36.0	36.0	36.0	32.0	36.0
66	34.16829746376577	36.0	36.0	36.0	32.0	36.0
67	34.14966837284618	36.0	36.0	36.0	32.0	36.0
68	34.110847324385475	36.0	36.0	36.0	32.0	36.0
69	34.087566262242994	36.0	36.0	36.0	32.0	36.0
70	34.05578438027491	36.0	36.0	36.0	32.0	36.0
71	34.01769553635785	36.0	36.0	36.0	32.0	36.0
72	33.98195220436273	36.0	36.0	36.0	32.0	36.0
73	33.939413788134225	36.0	36.0	36.0	32.0	36.0
74	33.90082928410509	36.0	36.0	36.0	32.0	36.0
75	33.1400108698719	36.0	36.0	36.0	21.0	36.0
>>END_MODULE
>>Per sequence quality scores	pass
#Quality	Count
2	26214.0
3	0.0
4	0.0
5	0.0
6	0.0
7	0.0
8	0.0
9	0.0
10	0.0
11	0.0
12	0.0
13	0.0
14	0.0
15	0.0
16	3.0
17	5.0
18	73.0
19	619.0
20	2533.0
21	7077.0
22	13637.0
23	22812.0
24	36750.0
25	59190.0
26	92902.0
27	139672.0
28	199186.0
29	272807.0
30	362880.0
31	479479.0
32	660568.0
33	1026323.0
34	2335426.0
35	1.0050495E7
>>END_MODULE
>>Per base sequence content	fail
#Base	G	A	T	C
1	42.59548442906794	18.517640110851946	12.001985680714267	26.88488977936585
2	15.783325740284223	20.028710417305987	36.689761336329276	27.49820250608052
3	18.829639097050794	21.714085201419046	28.28715508902589	31.16912061250427
4	12.921808981694898	15.58430971048449	35.66021548571455	35.833665822106056
5	14.622015618523962	35.322900894068596	34.25999418744703	15.795089299960404
6	34.24599164719377	35.34471551802733	16.40538372603019	14.00390910874871
7	30.359071279436478	29.527157469739564	20.538492722839834	19.575278527984125
8	26.15351293711753	35.32522921423889	19.7769862617056	18.744271586937984
9	24.655895478763192	15.781669067599987	19.93709398204255	39.625341471594275
10	14.158146992118034	27.682356478252697	34.84152228491064	23.31797424471863
11	34.43806986371582	22.817019785843947	23.61851417462192	19.12639617581831
12	22.314816770963212	24.348369431884386	30.924327065389768	22.41248673176263
13	27.747627333744607	20.76295186860711	26.08793463142372	25.40148616622456
14	20.23459203112617	20.95067460419169	27.263096776714857	31.551636587967284
15	22.55035935485516	29.827702787149228	23.212694451497086	24.409243406498522
16	22.515566636216562	28.767210976858404	25.839718413385988	22.877503973539053
17	21.58930660034172	28.38562741349729	27.533339474531665	22.491726511629324
18	21.940436121165536	27.990490710380506	28.163378234012093	21.905694934441872
19	22.583610169221625	27.364693849209132	27.55231184797543	22.49938413359381
20	22.52113034012701	27.35147794061389	27.87660716263748	22.25078455662162
21	22.308415887720916	26.92183956072275	27.501451710798275	23.26829284075806
22	22.245322852043756	27.2052982670129	27.733478014852654	22.815900866090693
23	22.12473124282706	27.195910259688105	27.656253469497287	23.02310502798754
24	22.40808758804562	26.826087990902415	28.02317536800334	22.742649053048627
25	22.509381380517194	26.908982226559143	27.577823316704457	23.00381307621921
26	21.949500699003632	27.422918640240635	27.796674321151883	22.830906339603853
27	22.109652425977337	27.339963935624144	27.647214704845446	22.903168933553072
28	22.040157876602457	27.28325575543934	27.624516437401148	23.05206993055706
29	22.08575560278744	27.291763918007018	27.650217714003595	22.972262765201947
30	22.09782924114861	27.2990362714326	27.778166186428628	22.82496830099017
31	22.709251432505926	27.123480396053573	27.398400232248704	22.768867939191797
32	21.93233191035117	27.478929812693302	27.829579905696058	22.75915837125947
33	22.05063214527043	27.274392912720284	27.938966544323062	22.736008397686224
34	22.09431193920077	27.093919550638013	28.09653101230476	22.715237497856457
35	22.02797766233028	27.377824691012147	27.883990237039562	22.710207409618008
36	22.120802657947674	27.61369012408364	27.856939232918208	22.408567985050475
37	22.264947825615756	27.229882317082506	27.447878818948872	23.05729103835286
38	22.100145602949272	27.78037120644288	27.511956108885343	22.60752708172251
39	22.43232741295674	27.331944812072827	27.693729335624536	22.5419984393459
40	22.522687999873554	27.14757733467012	27.721025601543577	22.60870906391275
41	22.531705356418737	27.22965780210099	27.721786267124077	22.51685057435619
42	22.185403384039187	27.57301278901794	27.74519844796511	22.49638537897776
43	22.272394726192932	27.309293141587617	27.688190875603603	22.730121256615853
44	22.097942372433685	27.637697560395473	27.667339669414233	22.597020397756605
45	22.21839060320145	27.59167469413315	27.498169070157203	22.6917656325082
46	22.2896773525692	27.418357617137396	27.495449398793408	22.796515631499997
47	22.39063834359199	27.510506755203007	27.578726749903094	22.520128151301915
48	22.078440273102956	27.575850836363124	27.57192074957403	22.773788140959887
49	22.4924978863734	27.242681317351234	27.55506356138776	22.7097572348876
50	22.180525556789338	27.72023773275408	27.503041626554335	22.59619508390225
51	22.300831553988303	27.57504326675998	27.514744713295602	22.609380465956114
52	22.26714727423123	27.67674050027698	27.408994244626406	22.64711798086538
53	22.199028692344946	27.345399894012377	27.744023658617373	22.7115477550253
54	22.35170787242784	27.746105498875632	27.556679483681307	22.345507145015215
55	22.295033135289426	27.266364656966264	27.615005158118887	22.82359704962542
56	22.419597324937097	27.639335713592068	27.300786730292852	22.640280231177982
57	22.284586786469827	27.50770992119683	27.40254336392507	22.805159928408276
58	22.31651224919302	27.45052666635998	27.360006040428498	22.8729550440185
59	22.267203718199752	27.547535473055806	27.41932762148627	22.765933187258174
60	22.2520767747263	27.473661894870528	27.71086160066008	22.56339972974309
61	22.542077657794376	27.410234906697106	27.442745135508968	22.604942299999546
62	22.437638827617697	27.52636573816461	27.50656991734461	22.529425516873086
63	22.413408259317094	27.71891167390202	27.358076233035632	22.509603833745253
64	22.42811138414722	27.415087273319504	27.3171136957197	22.839687646813577
65	22.35749296175113	27.625577814922597	27.437047521911733	22.579881701414543
66	22.364995472746802	27.97257662295004	27.148743498151283	22.513684406151878
67	22.498034327824122	27.404694877410208	27.295046750005113	22.802224044760557
68	22.465050581518188	27.757490151675213	27.490340660807846	22.287118605998756
69	22.76102665518517	27.521672412871062	27.413453594351804	22.303847337591964
70	22.900090342848095	27.37732082230071	27.28656022756098	22.43602860729021
71	22.585261915774417	27.835685759823747	27.21626080627752	22.362791518124318
72	22.491206505478743	27.929675084159662	27.470325859661077	22.108792550700525
73	23.316942664985767	28.551179956988758	27.387173921724102	20.744703456301377
74	24.362578021126467	30.899867011000637	27.773587212861063	16.96396775501183
75	29.64067638694355	41.31954849048206	29.039775122574383	0.0
>>END_MODULE
>>Per base GC content	fail
#Base	%GC
1	69.48037420843379
2	43.28152824636474
3	49.99875970955506
4	48.75547480380096
5	30.417104918484366
6	48.24990075594248
7	49.9343498074206
8	44.89778452405551
9	64.28123695035747
10	37.47612123683666
11	53.56446603953413
12	44.727303502725846
13	53.14911349996917
14	51.78622861909346
15	46.959602761353686
16	45.39307060975561
17	44.081033111971045
18	43.84613105560741
19	45.082994302815436
20	44.77191489674863
21	45.57670872847898
22	45.06122371813445
23	45.14783627081461
24	45.15073664109425
25	45.5131944567364
26	44.780407038607486
27	45.012821359530406
28	45.09222780715951
29	45.05801836798939
30	44.92279754213878
31	45.47811937169772
32	44.69149028161064
33	44.786640542956654
34	44.80954943705723
35	44.73818507194829
36	44.529370642998146
37	45.32223886396862
38	44.70767268467178
39	44.97432585230264
40	45.1313970637863
41	45.04855593077493
42	44.68178876301695
43	45.00251598280878
44	44.69496277019029
45	44.91015623570965
46	45.0861929840692
47	44.910766494893906
48	44.85222841406284
49	45.202255121261004
50	44.776720640691586
51	44.91021201994442
52	44.914265255096616
53	44.91057644737025
54	44.69721501744306
55	45.11863018491484
56	45.05987755611508
57	45.089746714878096
58	45.18946729321152
59	45.03313690545793
60	44.815476504469395
61	45.14701995779393
62	44.96706434449078
63	44.92301209306234
64	45.267799030960795
65	44.93737466316568
66	44.87867987889868
67	45.30025837258467
68	44.75216918751694
69	45.06487399277714
70	45.33611895013831
71	44.948053433898735
72	44.599999056179264
73	44.06164612128714
74	41.326545776138296
75	29.64067638694355
>>END_MODULE
>>Per sequence GC content	warn
#GC Content	Count
0	26221.0
1	13120.5
2	27.5
3	61.5
4	90.0
5	121.5
6	205.5
7	335.5
8	413.0
9	598.5
10	1028.5
11	1708.5
12	2177.0
13	2893.5
14	4754.0
15	7564.5
16	9725.0
17	13654.5
18	22170.0
19	32722.5
20	40034.0
21	51662.0
22	73155.5
23	97344.0
24	113893.5
25	134957.5
26	170592.0
27	206849.5
28	231535.0
29	263298.0
30	312954.5
31	362416.0
32	396846.5
33	437373.5
34	504390.5
35	570611.0
36	611019.0
37	648157.5
38	687199.0
39	704351.5
40	715019.5
41	719487.0
42	716349.5
43	712786.0
44	713821.0
45	709260.5
46	693725.5
47	676634.0
48	667620.5
49	655169.5
50	630231.5
51	605400.0
52	590320.5
53	576001.5
54	552007.5
55	526642.5
56	511054.0
57	493678.5
58	463144.5
59	426028.5
60	393705.5
61	358789.5
62	315451.5
63	274625.0
64	242398.5
65	214936.0
66	180244.0
67	145268.5
68	119939.5
69	101260.5
70	80366.5
71	60683.0
72	47326.0
73	38369.0
74	29042.0
75	20915.0
76	15841.5
77	12593.5
78	8970.0
79	5926.5
80	4225.0
81	3243.5
82	2193.0
83	1323.0
84	888.5
85	682.0
86	512.0
87	378.5
88	321.0
89	279.0
90	210.5
91	163.5
92	148.5
93	187.0
94	178.5
95	103.5
96	79.0
97	51.0
98	22.0
99	35.0
100	49.0
>>END_MODULE
>>Per base N content	pass
#Base	N-Count
1	0.17613284377493682
2	0.16738605470473697
3	0.1660306507503396
4	0.1660306507503396
5	0.1660306507503396
6	0.1710215774609243
7	0.16670835272753828
8	0.1660306507503396
9	0.16926715271621368
10	0.1660306507503396
11	0.16606865273036941
12	0.16710737351785152
13	0.1660369844136779
14	0.16608765372038434
15	0.16617632500712062
16	0.1662839972838718
17	0.16629033094721013
18	0.16708203886449832
19	0.1666006804507871
20	0.16622699431382706
21	0.1660306507503396
22	0.1660306507503396
23	0.16645500619400605
24	0.16610665471039926
25	0.16665134975749354
26	0.1660369844136779
27	0.16646133985734438
28	0.1660306507503396
29	0.16612565570041418
30	0.16675902203424472
31	0.16618265867045895
32	0.1660306507503396
33	0.1660306507503396
34	0.1660306507503396
35	0.16606231906703114
36	1.0156263637561036E-4
37	0.0
38	0.0
39	6.365859032253197E-6
40	7.010676750824105E-5
41	0.0
42	0.0
43	0.0
44	0.0
45	0.0
46	0.0
47	0.0
48	0.0
49	0.0
50	0.0
51	0.0
52	0.0
53	0.0
54	0.0
55	0.0
56	7.879181161350593E-5
57	0.0
58	0.0
59	0.0
60	0.0
61	0.0
62	0.0
63	1.3381868478179125E-5
64	0.0
65	0.0
66	0.0
67	0.0
68	0.0
69	6.139103490346362E-5
70	0.0
71	0.0
72	0.0
73	4.991355329095387E-5
74	0.0
75	0.0
>>END_MODULE
>>Sequence Length Distribution	warn
#Length	Count
35	34826.0
36	12288.0
37	15894.0
38	16844.0
39	18445.0
40	18633.0
41	20011.0
42	21635.0
43	23898.0
44	25296.0
45	27991.0
46	28116.0
47	28933.0
48	29533.0
49	30488.0
50	30807.0
51	32249.0
52	33237.0
53	34871.0
54	36493.0
55	38154.0
56	38868.0
57	39898.0
58	39844.0
59	40554.0
60	41729.0
61	41104.0
62	42416.0
63	43619.0
64	46009.0
65	47872.0
66	47242.0
67	50738.0
68	49995.0
69	57969.0
70	66735.0
71	125901.0
72	385269.0
73	1070544.0
74	3242457.0
75	9711246.0
>>END_MODULE
>>Sequence Duplication Levels	warn
#Total Duplicate Percentage	28.16005670602944
#Duplication Level	Relative count
1	100.0
2	19.24834698002672
3	6.97454520538559
4	3.4033368734797356
5	1.790400493336531
6	1.1189146596320532
7	0.733838089691322
8	0.5159477885504814
9	0.3652060707800884
10++	2.887389084929254
>>END_MODULE
>>Overrepresented sequences	warn
#Sequence	Count	Percentage	Possible Source
NNNNNNNNNNNNNNNNNNNNNNNNNNNNNNNNNNN	26214	0.1660306507503396	No Hit
>>END_MODULE
>>Kmer Content	warn
#Sequence	Count	Obs/Exp Overall	Obs/Exp Max	Max Obs/Exp Position
AAAAA	5320815	3.3303137	7.563474	71
TTTTT	5050245	3.087843	5.5650496	71
CCTGG	2397335	2.980547	11.785556	3
CCAGG	2328160	2.908124	13.102793	3
CAGCA	2648140	2.7767365	7.2168074	4
CCCAG	2187545	2.7201378	11.281775	2
TGCTG	2573655	2.6856198	6.8788385	2
CTGGG	2118970	2.6464162	9.825585	4
GGAGG	2026500	2.5543416	5.786757	6
CCAGC	2050730	2.5500133	6.702679	3
AGCAG	2352175	2.4775903	5.6481404	7
GCTGG	1979010	2.471618	5.879385	3
CTGCT	2353360	2.4446483	6.7385025	9
TCCAG	2334360	2.4362886	9.896318	2
AGGAG	2256385	2.387477	7.381026	5
GCTGC	1910045	2.3747115	5.633664	8
CTCCT	2263865	2.3410594	6.607838	1
CAGGA	2205605	2.3232052	10.264741	4
AGAAG	2607930	2.3164108	5.0049105	5
CTGGA	2200635	2.3071458	8.814237	4
CTCCA	2218185	2.3045838	7.2078433	1
CAGCC	1847835	2.29772	5.43905	9
TCCTG	2169445	2.2535992	9.015623	2
CAGAG	2134320	2.2481194	8.077138	4
GGCTG	1795170	2.242017	8.161943	7
GGCAG	1766215	2.2162042	6.177816	7
CTCTG	2099265	2.1806967	7.4518237	2
CCTGC	1761415	2.1800318	6.2159576	3
GCAGG	1729870	2.1705995	6.3842964	3
CCCTG	1740120	2.1536758	8.74115	2
CTGCC	1739205	2.1525433	5.72624	9
CACAG	2033840	2.1326056	7.828568	7
CTGCA	2031845	2.1205645	6.403494	4
TGCAG	2013775	2.1112418	6.498525	2
TGGAG	1997060	2.1032178	6.3869824	5
CAGGG	1671525	2.0973895	9.281204	4
GCCTG	1655135	2.0577881	6.852729	7
CTGTG	1968605	2.0542476	9.176023	9
AGCTG	1953660	2.0482173	5.981094	7
GGAGA	1919145	2.030644	5.65139	6
GCCAG	1606500	2.0066924	5.229073	2
CTGGC	1597740	1.9864304	5.2316766	4
CAGAA	2237395	1.9783185	5.4089317	4
CAGGC	1571180	1.9625738	5.8729515	4
CTCAG	1871795	1.9535259	6.130207	2
GGGAG	1544625	1.9469526	5.205944	7
CCCCA	1563880	1.9358479	6.7036304	1
CTGAG	1831765	1.9204226	5.7395954	4
TTCTG	2193365	1.9123434	5.1100245	2
CCAGA	1809975	1.8978695	6.969364	3
CCTCT	1807140	1.8687608	5.421193	1
AGAGG	1749505	1.8511481	5.2605667	5
CAGTG	1763770	1.8491366	6.5505376	9
TCTGG	1752660	1.8289078	6.1126337	3
GGCCA	1459370	1.8229108	5.771903	1
TGGGG	1445790	1.813864	5.6262193	5
GAGAG	1714150	1.8137391	5.7973337	7
CACTG	1734815	1.8105646	7.7137613	7
ACCTG	1691930	1.765807	5.290951	7
ACACA	1998685	1.7592671	7.3174367	6
CACAC	1672465	1.7457603	7.5433006	5
TGGCC	1392735	1.7315528	5.340099	5
ACAGA	1949520	1.7237775	6.289296	8
GTGTG	1636365	1.7153015	7.3564525	9
CCTGA	1627540	1.6986057	5.4046383	3
GCCCA	1342675	1.6695708	7.2397575	1
TGTGT	1887340	1.6529942	6.5974994	10
TCAGG	1563745	1.6394303	5.6841736	3
CCTGT	1547160	1.6071754	5.4902196	8
TGGGC	1255265	1.5677211	5.967606	5
ACAGG	1487165	1.566459	5.11537	8
ACAGC	1485240	1.5573648	6.074416	8
GGGCC	1028120	1.5298548	5.001051	6
GCTGT	1456110	1.5194569	5.5605593	8
CTGTC	1423625	1.4788483	6.002741	9
GACAG	1393345	1.4676366	7.25524	7
AGGCT	1397820	1.4654745	5.0344872	6
GGGCT	1137970	1.4212294	5.8191595	6
AGACA	1599815	1.414566	5.636406	6
GCCCT	1141985	1.4133884	5.541524	1
AGGGC	1084290	1.3605411	5.6227484	5
GTCCT	1299660	1.3500746	9.254113	1
GGACA	1261215	1.3284615	6.5466437	6
AGGAC	1236530	1.3024603	9.882928	5
GTGCT	1221160	1.2742856	5.8033037	1
TGTGC	1203990	1.2563686	6.4905424	10
AGCAC	1183920	1.2414124	5.914204	5
ACTGC	1166430	1.2173616	5.2805123	8
GTCCA	1157390	1.2079269	6.8662243	1
TGGAC	1073410	1.1253631	6.0817394	5
ACAGT	1251215	1.1011655	5.6660733	8
GTGCA	1049920	1.1007361	5.7041035	1
ACTGT	1224240	1.072394	6.447694	8
GACTG	1013090	1.0621237	6.2596464	7
TGCAC	1014065	1.0583436	5.3485565	5
GGACC	824420	1.0297898	5.8040843	6
ACACT	1136250	0.9954706	5.2039323	6
AGACT	1120680	0.9862847	5.169769	6
CTACA	1105980	0.9689509	5.6883926	4
TGTAG	1089120	0.95836234	5.993079	2
GGACT	912870	0.9570529	5.4036155	6
TAGGA	949800	0.83968997	6.1854863	4
TCCTA	947560	0.82628226	5.727253	2
GTAGG	730645	0.769484	5.04225	3
GTGTA	790850	0.69590205	5.842613	1
TACAC	770590	0.6751152	5.2729506	5
>>END_MODULE
