##FastQC	0.10.1
>>Basic Statistics	pass
#Measure	Value	
Filename	030-F0_S1_L003_R1_001_trimmed.fq.gz	
File type	Conventional base calls	
Encoding	Sanger / Illumina 1.9	
Total Sequences	17532787	
Filtered Sequences	0	
Sequence length	20-51	
%GC	43	
>>END_MODULE
>>Per base sequence quality	pass
#Base	Mean	Median	Lower Quartile	Upper Quartile	10th Percentile	90th Percentile
1	35.073149465626884	36.0	36.0	36.0	36.0	36.0
2	35.055253109502786	36.0	36.0	36.0	36.0	36.0
3	35.036138065214615	36.0	36.0	36.0	36.0	36.0
4	35.02973309377454	36.0	36.0	36.0	36.0	36.0
5	35.00860986904136	36.0	36.0	36.0	36.0	36.0
6	34.96072073424493	36.0	36.0	36.0	36.0	36.0
7	34.93511795928394	36.0	36.0	36.0	36.0	36.0
8	34.92075943202869	36.0	36.0	36.0	36.0	36.0
9	34.90708545081851	36.0	36.0	36.0	36.0	36.0
10	34.87709318547017	36.0	36.0	36.0	36.0	36.0
11	34.87195732201617	36.0	36.0	36.0	36.0	36.0
12	34.840008550836785	36.0	36.0	36.0	36.0	36.0
13	34.83637689775163	36.0	36.0	36.0	36.0	36.0
14	34.82616671268521	36.0	36.0	36.0	36.0	36.0
15	34.81363196849423	36.0	36.0	36.0	36.0	36.0
16	34.7897691907168	36.0	36.0	36.0	32.0	36.0
17	34.76901025490129	36.0	36.0	36.0	32.0	36.0
18	34.75341524425067	36.0	36.0	36.0	32.0	36.0
19	34.71967063764591	36.0	36.0	36.0	32.0	36.0
20	34.72415127155768	36.0	36.0	36.0	32.0	36.0
21	34.70516462932655	36.0	36.0	36.0	32.0	36.0
22	34.699049607868524	36.0	36.0	36.0	32.0	36.0
23	34.68440577333538	36.0	36.0	36.0	32.0	36.0
24	34.66563680455227	36.0	36.0	36.0	32.0	36.0
25	34.65501067732561	36.0	36.0	36.0	32.0	36.0
26	34.62924758387223	36.0	36.0	36.0	32.0	36.0
27	34.631292559772696	36.0	36.0	36.0	32.0	36.0
28	34.60592307793864	36.0	36.0	36.0	32.0	36.0
29	34.59241224581207	36.0	36.0	36.0	32.0	36.0
30	34.575221099932165	36.0	36.0	36.0	32.0	36.0
31	34.55108873267062	36.0	36.0	36.0	32.0	36.0
32	34.54015313215399	36.0	36.0	36.0	32.0	36.0
33	34.49315523627239	36.0	36.0	36.0	32.0	36.0
34	34.48591592846742	36.0	36.0	36.0	32.0	36.0
35	34.44783376945179	36.0	36.0	36.0	32.0	36.0
36	34.42303553727863	36.0	36.0	36.0	32.0	36.0
37	34.42327261139479	36.0	36.0	36.0	32.0	36.0
38	34.38645659827811	36.0	36.0	36.0	32.0	36.0
39	34.37029240039607	36.0	36.0	36.0	32.0	36.0
40	34.35165055063049	36.0	36.0	36.0	32.0	36.0
41	34.328839865870506	36.0	36.0	36.0	32.0	36.0
42	34.291698445571356	36.0	36.0	36.0	32.0	36.0
43	34.2732299999552	36.0	36.0	36.0	32.0	36.0
44	34.24252223051617	36.0	36.0	36.0	32.0	36.0
45	34.237590842154454	36.0	36.0	36.0	32.0	36.0
46	34.19479437113716	36.0	36.0	36.0	32.0	36.0
47	34.19815026852188	36.0	36.0	36.0	32.0	36.0
48	34.178830294785094	36.0	36.0	36.0	32.0	36.0
49	34.232076885222526	36.0	36.0	36.0	32.0	36.0
50	34.30282273041136	36.0	36.0	36.0	32.0	36.0
51	34.405316648441946	36.0	36.0	36.0	32.0	36.0
>>END_MODULE
>>Per sequence quality scores	pass
#Quality	Count
6	3.0
7	5.0
8	3.0
9	9.0
10	23.0
11	18.0
12	18.0
13	32.0
14	53.0
15	161.0
16	450.0
17	1180.0
18	2451.0
19	4951.0
20	9552.0
21	16549.0
22	26134.0
23	39781.0
24	59378.0
25	85540.0
26	122355.0
27	168868.0
28	227607.0
29	300420.0
30	391177.0
31	510172.0
32	691183.0
33	1019498.0
34	1958829.0
35	7919973.0
36	3976414.0
>>END_MODULE
>>Per base sequence content	pass
#Base	G	A	T	C
1	21.561281465340105	27.523539740431886	27.543166053380038	23.37201274084797
2	21.87952998546298	28.636047418051945	27.794112857628406	21.690309738856666
3	21.150443845731033	28.473092774044233	28.30083259466938	22.075630785555354
4	22.28963473531119	27.129361775376875	28.951775378588664	21.62922811072327
5	21.709579848382276	27.805510485667114	28.451300023322208	22.033609642628406
6	20.83622937394532	28.65752390495443	28.625492070238696	21.880754650861554
7	21.090681731835872	28.525885497816372	28.361391353528433	22.02204141681932
8	20.917541016631606	28.480507560639456	27.873394338013135	22.728557084715803
9	21.45358276091474	28.0396705022591	27.90413460073061	22.602612136095544
10	21.049021746725018	28.06623689400129	28.658273694176966	22.226467665096727
11	22.486561343839952	27.608465333842485	27.93609790305916	21.96887541925841
12	21.064634133612614	28.612645500505884	28.390813926754227	21.93190643912727
13	21.010111518854192	28.44168260583534	28.96352568365031	21.584680191660162
14	21.21003205495115	28.122919349961933	29.07668519213435	21.590363402952566
15	21.03116232238599	28.580651939850632	28.730775522720286	21.65741021504309
16	20.936918676000573	28.533715529962716	29.172366599608857	21.356999194427857
17	21.15286967967356	28.02171589051544	27.95173970226923	22.87367472754177
18	21.227069340766576	29.22404869179364	27.922402017142794	21.62647995029699
19	21.9583456371316	28.00119371322443	28.38849456209667	21.651966087547297
20	22.404991896205722	27.6110936249201	28.52020506871883	21.46370941015535
21	22.334116842004278	27.604810164612243	28.569361773077244	21.491711220306232
22	21.378461108020495	28.739569603604444	28.61802724863517	21.2639420397399
23	21.141651424799218	28.567927349162858	28.74298518568471	21.547436040353215
24	20.876200816605557	28.79375324035577	28.535495629020375	21.7945503140183
25	21.161519888022475	28.882398678362247	28.101568526805927	21.854512906809354
26	21.26182828137731	27.953959971907317	28.47822099211178	22.305990754603595
27	22.17218108909783	28.0086633346534	28.253678360380874	21.565477215867894
28	20.951363220146487	28.568739878726557	28.307014258211854	22.172882642915106
29	22.090081146431388	27.770157218272452	28.157388566947418	21.98237306834875
30	21.133745664287883	29.220663310426747	27.899684933598206	21.74590609168716
31	21.27786437276601	28.599606408570956	28.417090020302542	21.70543919836049
32	21.262289060659317	29.042734665877372	27.95570040664957	21.739275866813742
33	21.142717358622086	27.792313227388142	29.07517366314908	21.9897957508407
34	21.34562485728335	28.9166151456139	28.523851876169804	21.213908120932942
35	21.212124428011673	27.541429928220413	28.901071968310788	22.345373675457125
36	21.62549474546199	28.302190161551998	27.86835873773766	22.20395635524835
37	21.286998421821327	28.304502849996645	27.931449687459896	22.477049040722132
38	21.575976453670823	28.54041927921129	27.589167137348987	22.2944371297689
39	21.57187706103596	28.376590700617683	27.763901801283524	22.28763043706283
40	21.114172440682516	27.988538851421126	28.97357671621798	21.923711991678378
41	21.734619985721437	27.838840270830133	28.41494449411873	22.011595249329694
42	21.857098910819538	27.633704836419092	28.74706223653152	21.762134016229847
43	21.57376593364015	28.63523324087472	28.16650567294719	21.624495152537943
44	21.62826848452098	28.059916346455406	27.95460124908547	22.357213919938143
45	21.870524046562483	28.564387040259327	27.924836914075694	21.640251999102496
46	21.547622347597954	29.70519044442268	27.435134074622997	21.312053133356372
47	21.916845430351362	28.012621620088364	27.745021579441833	22.32551137011844
48	21.9065457681541	28.587704697269743	28.417273944968684	21.088475589607473
49	22.210132685138454	28.119176915386745	28.5835537049159	21.087136694558904
50	23.101543124123893	28.032576671855345	28.196135960918685	20.669744243102077
51	21.78977706354033	29.49271654430693	28.14321704215539	20.57428934999735
>>END_MODULE
>>Per base GC content	pass
#Base	%GC
1	44.93329420618808
2	43.56983972431965
3	43.22607463128639
4	43.918862846034465
5	43.74318949101069
6	42.71698402480688
7	43.1127231486552
8	43.646098101347405
9	44.05619489701028
10	43.275489411821745
11	44.45543676309836
12	42.99654057273989
13	42.59479171051435
14	42.80039545790371
15	42.68857253742908
16	42.29391787042843
17	44.026544407215326
18	42.853549291063565
19	43.610311724678894
20	43.86870130636107
21	43.82582806231051
22	42.64240314776039
23	42.68908746515244
24	42.670751130623856
25	43.01603279483183
26	43.567819035980904
27	43.73765830496572
28	43.12424586306159
29	44.07245421478013
30	42.87965175597505
31	42.983303571126505
32	43.001564927473055
33	43.132513109462785
34	42.559532978216296
35	43.5574981034688
36	43.829451100710344
37	43.76404746254346
38	43.87041358343972
39	43.85950749809879
40	43.0378844323609
41	43.74621523505113
42	43.61923292704939
43	43.19826108617809
44	43.98548240445912
45	43.510776045664976
46	42.85967548095432
47	44.24235680046981
48	42.99502135776157
49	43.297269379697354
50	43.77128736722597
51	42.364066413537685
>>END_MODULE
>>Per sequence GC content	warn
#GC Content	Count
0	10826.0
1	9807.0
2	7132.0
3	5980.5
4	6563.5
5	7599.5
6	8674.5
7	10000.5
8	11337.5
9	13795.0
10	16414.5
11	20914.5
12	25507.0
13	32460.5
14	39914.0
15	51927.5
16	64504.5
17	82491.5
18	101037.5
19	126725.5
20	153114.5
21	183416.0
22	214590.5
23	253568.5
24	293861.5
25	336088.5
26	418023.0
27	474935.0
28	547486.0
29	623892.5
30	710189.0
31	798476.0
32	894503.5
33	991804.0
34	1069403.0
35	1139657.5
36	1161400.5
37	1174292.5
38	1162459.0
39	1150773.5
40	1132676.5
41	1112492.0
42	1105914.0
43	1096535.0
44	1071944.5
45	1045698.0
46	1020758.0
47	994761.5
48	968057.5
49	941606.5
50	914432.5
51	885494.5
52	852850.0
53	817119.5
54	779807.5
55	741609.0
56	701074.0
57	658911.0
58	615318.0
59	568739.0
60	519944.5
61	469591.5
62	421654.5
63	377330.5
64	332352.0
65	289688.0
66	254002.5
67	219569.5
68	184939.0
69	149967.5
70	124318.5
71	102202.5
72	85105.0
73	69122.0
74	56177.0
75	42188.5
76	35267.5
77	29434.5
78	23975.0
79	19537.0
80	15522.5
81	12829.0
82	10450.5
83	8585.5
84	6812.0
85	5480.5
86	4243.5
87	3443.0
88	2702.5
89	2130.5
90	1636.0
91	1319.0
92	1029.5
93	886.0
94	747.0
95	655.0
96	573.0
97	526.0
98	496.0
99	762.0
100	1022.0
>>END_MODULE
>>Per base N content	pass
#Base	N-Count
1	0.001152127154684535
2	0.0017567087309051323
3	3.422159865399608E-5
4	5.931743766692655E-4
5	7.98503968593242E-4
6	0.0013061243486275171
7	0.0014144927443651713
8	8.1561476792024E-4
9	9.296867634335602E-4
10	0.0014943431412244956
11	0.0019506311232777766
12	6.616175739772576E-4
13	0.002880317886711337
14	0.004026741441620206
15	0.007021131323844863
16	0.006547732542464583
17	0.006325292151213608
18	0.008298737673594049
19	0.005349976589574721
20	0.008515474465069358
21	0.009232805827408807
22	0.008545127142677753
23	0.00984488712352409
24	0.007915535605750723
25	0.01077918982159031
26	0.006002694465965471
27	0.011764237515332945
28	0.008986871524101608
29	0.011746270573601614
30	0.00914535175280091
31	0.011682250485530777
32	0.010986792927662815
33	0.009884770312763278
34	0.010358009733707445
35	0.00984501528895503
36	0.008514585603396753
37	0.009873019918417427
38	0.008052896467466715
39	0.00913380232912556
40	0.00955942198359383
41	0.008120760514027324
42	0.008508545449984466
43	0.009087805883981958
44	0.00920221089046687
45	0.008579273526930175
46	0.009818013208615412
47	0.007268467517804628
48	0.0043645621176033825
49	0.005742846020488013
50	0.007222495456272309
51	0.007611480009782234
>>END_MODULE
>>Sequence Length Distribution	warn
#Length	Count
20	29982.0
21	30859.0
22	31421.0
23	31722.0
24	32729.0
25	33862.0
26	35523.0
27	37053.0
28	38635.0
29	41941.0
30	43391.0
31	43317.0
32	45810.0
33	45552.0
34	48091.0
35	50743.0
36	48015.0
37	50315.0
38	51913.0
39	55882.0
40	57344.0
41	65359.0
42	66690.0
43	74937.0
44	88335.0
45	117902.0
46	193568.0
47	461868.0
48	953134.0
49	1902760.0
50	2607836.0
51	1.0116298E7
>>END_MODULE
>>Sequence Duplication Levels	warn
#Total Duplicate Percentage	27.22852275492821
#Duplication Level	Relative count
1	100.0
2	16.721401387207457
3	5.853828197633587
4	2.7891297513862043
5	1.5397066397340629
6	1.0226809088416082
7	0.6929348734858771
8	0.497628905283294
9	0.39194964851614283
10++	4.261950785571437
>>END_MODULE
>>Overrepresented sequences	warn
#Sequence	Count	Percentage	Possible Source
CAAGAAAACTGAAAATCATGGAAAATGAGAAACATCCACTTGACGACTTGA	18725	0.1067999057993461	No Hit
>>END_MODULE
>>Kmer Content	warn
#Sequence	Count	Obs/Exp Overall	Obs/Exp Max	Max Obs/Exp Position
AAAAA	5898910	4.1025934	5.1488433	13
TTTTT	5896180	4.094069	6.210149	13
GAAAA	3509865	3.2136798	8.526029	4
TTTTC	3564050	3.2035165	6.415994	4
AGAAA	3404295	3.1170185	7.79043	28
GCAGC	1507980	3.044036	3.3333712	34
CCAGG	1454680	2.9364436	5.67518	35
AAGAA	2814670	2.5771499	5.4266453	2
GGAAA	2009120	2.4218295	8.4571905	20
GAGAA	1996485	2.406599	8.751622	27
AAAAT	3247705	2.2579944	5.898963	22
GGTGG	1062860	2.2198534	5.4088993	18
TCCTC	1467045	2.209653	5.545525	24
GAGGA	1388910	2.2041302	5.201494	2
CCACC	1119135	2.1827414	6.2374187	8
TGGAA	1788940	2.155723	5.9402213	19
TGAAA	2208415	2.0214007	6.775568	10
TTCAG	1700600	2.013686	5.3827496	15
CTGAA	1683665	1.994278	7.970344	9
TCCAC	1307500	1.9699843	5.6795316	35
AAATG	2151730	1.9695158	6.867804	23
CATTT	2127545	1.9129447	6.701695	1
AAAAC	2058035	1.852242	6.444198	5
GTGGA	1119460	1.7759522	6.162059	47
TGAGA	1466775	1.7675053	8.028518	26
CCACT	1096925	1.6527153	5.819229	36
CATGG	1042985	1.6264231	6.4288664	17
CAAGA	1305130	1.5464084	5.6987195	1
AGTGG	951715	1.5098356	5.6332226	46
AATGA	1635385	1.4968964	6.3130918	24
ATGGA	1234075	1.4870954	5.3595896	18
CATCC	984700	1.483628	5.2466464	33
ATGAG	1212615	1.4612354	7.691299	25
CTTGA	1213030	1.4363526	6.4442205	47
CACTT	1229530	1.4310721	6.8062344	37
ACTGA	1208065	1.4309363	7.2334957	8
AACTG	1203120	1.425079	7.190266	7
AAACT	1505315	1.354353	5.8669233	6
AAATC	1475800	1.3277979	6.06315	13
AAGTG	1091975	1.3158606	5.059012	47
ACTTG	1097745	1.2998434	5.408112	46
AATCA	1321920	1.1893501	5.8790236	14
CCTCG	442090	0.8769145	5.0453215	25
>>END_MODULE
