##FastQC	0.10.1
>>Basic Statistics	pass
#Measure	Value	
Filename	005-primary_S6_L004_R1_001.fastq.gz	
File type	Conventional base calls	
Encoding	Sanger / Illumina 1.9	
Total Sequences	30898873	
Filtered Sequences	0	
Sequence length	35-75	
%GC	45	
>>END_MODULE
>>Per base sequence quality	pass
#Base	Mean	Median	Lower Quartile	Upper Quartile	10th Percentile	90th Percentile
1	31.303282453052574	32.0	32.0	32.0	32.0	32.0
2	31.37155798530257	32.0	32.0	32.0	32.0	32.0
3	31.453352457223925	32.0	32.0	32.0	32.0	32.0
4	31.54642947657023	32.0	32.0	32.0	32.0	32.0
5	31.488624002564755	32.0	32.0	32.0	32.0	32.0
6	35.0610912572766	36.0	36.0	36.0	36.0	36.0
7	35.069194206533034	36.0	36.0	36.0	36.0	36.0
8	35.00618177886294	36.0	36.0	36.0	36.0	36.0
9	35.161319346501735	36.0	36.0	36.0	36.0	36.0
10	35.01947168105452	36.0	36.0	36.0	36.0	36.0
11	35.125910708782165	36.0	36.0	36.0	36.0	36.0
12	35.06860557664999	36.0	36.0	36.0	36.0	36.0
13	35.10332114702047	36.0	36.0	36.0	36.0	36.0
14	35.079423770569235	36.0	36.0	36.0	36.0	36.0
15	35.037131516091215	36.0	36.0	36.0	36.0	36.0
16	35.04805042565792	36.0	36.0	36.0	36.0	36.0
17	35.04639337492989	36.0	36.0	36.0	36.0	36.0
18	35.05301206293188	36.0	36.0	36.0	36.0	36.0
19	35.04509691987795	36.0	36.0	36.0	36.0	36.0
20	35.02333955675341	36.0	36.0	36.0	36.0	36.0
21	35.02047657207433	36.0	36.0	36.0	36.0	36.0
22	35.00715475933378	36.0	36.0	36.0	36.0	36.0
23	34.994552908127105	36.0	36.0	36.0	36.0	36.0
24	34.9862605668498	36.0	36.0	36.0	36.0	36.0
25	34.970361152007065	36.0	36.0	36.0	36.0	36.0
26	34.919568619865196	36.0	36.0	36.0	36.0	36.0
27	34.90466189495002	36.0	36.0	36.0	36.0	36.0
28	34.88724452830367	36.0	36.0	36.0	36.0	36.0
29	34.87933870597805	36.0	36.0	36.0	36.0	36.0
30	34.85908126810968	36.0	36.0	36.0	36.0	36.0
31	34.83707366932121	36.0	36.0	36.0	36.0	36.0
32	34.83125756722583	36.0	36.0	36.0	36.0	36.0
33	34.81509147599008	36.0	36.0	36.0	36.0	36.0
34	34.81268957608907	36.0	36.0	36.0	36.0	36.0
35	34.79524906944017	36.0	36.0	36.0	36.0	36.0
36	34.842294742607436	36.0	36.0	36.0	36.0	36.0
37	34.842896321374695	36.0	36.0	36.0	36.0	36.0
38	34.815503580256	36.0	36.0	36.0	36.0	36.0
39	34.80872228756105	36.0	36.0	36.0	36.0	36.0
40	34.79463100519289	36.0	36.0	36.0	32.0	36.0
41	34.78508141883369	36.0	36.0	36.0	32.0	36.0
42	34.77921300192777	36.0	36.0	36.0	32.0	36.0
43	34.7624581927596	36.0	36.0	36.0	32.0	36.0
44	34.742734652841335	36.0	36.0	36.0	32.0	36.0
45	34.73979282606191	36.0	36.0	36.0	32.0	36.0
46	34.71525508658823	36.0	36.0	36.0	32.0	36.0
47	34.70841752366141	36.0	36.0	36.0	32.0	36.0
48	34.69408598552602	36.0	36.0	36.0	32.0	36.0
49	34.683008470163124	36.0	36.0	36.0	32.0	36.0
50	34.67498863280824	36.0	36.0	36.0	32.0	36.0
51	34.65145742349043	36.0	36.0	36.0	32.0	36.0
52	34.63448164647476	36.0	36.0	36.0	32.0	36.0
53	34.60441411256192	36.0	36.0	36.0	32.0	36.0
54	34.582621825110834	36.0	36.0	36.0	32.0	36.0
55	34.56706435335152	36.0	36.0	36.0	32.0	36.0
56	34.54948441241467	36.0	36.0	36.0	32.0	36.0
57	34.523639138960846	36.0	36.0	36.0	32.0	36.0
58	34.496402721584985	36.0	36.0	36.0	32.0	36.0
59	34.47215239046465	36.0	36.0	36.0	32.0	36.0
60	34.45455118822679	36.0	36.0	36.0	32.0	36.0
61	34.42458103509908	36.0	36.0	36.0	32.0	36.0
62	34.41279256066314	36.0	36.0	36.0	32.0	36.0
63	34.3667674886188	36.0	36.0	36.0	32.0	36.0
64	34.35224354590859	36.0	36.0	36.0	32.0	36.0
65	34.320638315797616	36.0	36.0	36.0	32.0	36.0
66	34.29531507826126	36.0	36.0	36.0	32.0	36.0
67	34.26397880683319	36.0	36.0	36.0	32.0	36.0
68	34.24079682764341	36.0	36.0	36.0	32.0	36.0
69	34.22213282756953	36.0	36.0	36.0	32.0	36.0
70	34.18885692818394	36.0	36.0	36.0	32.0	36.0
71	34.15299475158987	36.0	36.0	36.0	32.0	36.0
72	34.123281403245734	36.0	36.0	36.0	32.0	36.0
73	34.0851943416826	36.0	36.0	36.0	32.0	36.0
74	34.06328972200813	36.0	36.0	36.0	32.0	36.0
75	33.27906289766606	36.0	36.0	36.0	27.0	36.0
>>END_MODULE
>>Per sequence quality scores	pass
#Quality	Count
2	64666.0
3	0.0
4	0.0
5	0.0
6	0.0
7	0.0
8	0.0
9	0.0
10	0.0
11	0.0
12	0.0
13	0.0
14	0.0
15	0.0
16	1.0
17	11.0
18	76.0
19	426.0
20	2098.0
21	6944.0
22	16422.0
23	32049.0
24	58425.0
25	102800.0
26	168423.0
27	257050.0
28	372249.0
29	512461.0
30	683231.0
31	903820.0
32	1245138.0
33	1946935.0
34	4525482.0
35	2.0000166E7
>>END_MODULE
>>Per base sequence content	fail
#Base	G	A	T	C
1	41.739031799831935	18.896814982672137	12.613628866398047	26.750524351097877
2	15.901336460509588	20.034972846877498	36.21234364807891	27.851347044534013
3	18.40450120867386	21.7452681692122	28.765293039642625	31.084937582471312
4	13.000682367608036	15.462112706112963	35.70501157495244	35.832193351326566
5	14.693207449765126	35.15540711003205	34.30013296596212	15.851252474240704
6	34.138441481960804	35.382179535399345	16.298203038672376	14.181175943967474
7	30.065792433099936	29.841142780084535	20.735725992027774	19.357338794787758
8	26.190788691699613	34.90296883343525	19.989197048144487	18.91704542672065
9	24.52864927175555	15.944751780428405	20.008398479711715	39.518200468104325
10	14.09432901628938	27.73854330746839	34.843376038487726	23.3237516377545
11	34.28741212926441	22.86306274640154	23.52183401277113	19.32769111156292
12	21.999904002324698	24.33996733484508	30.86072618349566	22.799402479334553
13	27.3888135918745	20.73885392210925	26.42073228653637	25.451600199479884
14	20.474675850996537	20.570187398521007	27.342864207422153	31.612272543060303
15	22.679025036027404	29.368108395346525	23.450866919859838	24.501999648766233
16	22.640394945634068	28.928557343941186	25.2742458199412	23.15680189048355
17	21.476487169144015	28.270361993665084	27.5397346309061	22.713416206284805
18	21.94342718590624	28.110266854450945	27.913895723163957	22.032410236478857
19	22.27797101590282	27.515271217140736	27.893322825503542	22.313434941452904
20	22.392863873554457	27.33951938507775	27.810664954023302	22.45695178734449
21	22.35552830149027	27.030366604078026	27.654827104608998	22.959277989822706
22	22.19837855959176	26.861672930654994	27.926685537278118	23.013262972475133
23	22.32029839076729	26.97459813937758	27.614134799290063	23.090968670565065
24	22.35673449219264	26.851986082687507	27.81643409633888	22.974845328780972
25	22.534103707755005	26.80847334892988	27.486350863055108	23.171072080260014
26	22.158412776320503	27.083423398465733	27.654695520070316	23.103468305143444
27	22.132429389290326	27.102449232929477	27.768923212257924	22.996198165522273
28	22.326946628476122	26.965766342638574	27.74006671432377	22.96722031456153
29	22.01625137497527	27.154920328540484	27.91837152464937	22.910456771834873
30	22.254673954252702	27.217161999171697	27.644402297840347	22.88376174873525
31	22.50652984200307	27.290641851110358	27.448061174396344	22.754767132490226
32	22.03183626548268	27.269681363947512	27.821986795379562	22.87649557519024
33	22.184241676784488	27.07525119747688	27.86211755016109	22.87838957557754
34	22.185217176154595	26.808539150681813	28.036235273651272	22.970008399512317
35	22.14390011716533	27.06991297035789	27.82418889514493	22.961998017331855
36	22.348638934850243	27.530931174546325	27.5548925263755	22.565537364227932
37	22.45030746477954	27.250226554106916	27.50273127126996	22.796734709843587
38	22.309526434543113	27.491636602527414	27.51988735613839	22.678949606791086
39	22.29257819753899	27.36285417352181	27.711135798688375	22.633431830250824
40	22.286108735017354	27.146836829603703	27.65010789903841	22.91694653634053
41	22.35572917080308	27.318029755638424	27.62766961468547	22.69857145887303
42	22.312141260348785	27.302465086744427	27.652920275479577	22.732473377427212
43	22.42738558590884	27.070080260496493	27.534850556602002	22.967683596992668
44	22.367969917186752	27.400825178055893	27.59348306055634	22.637721844201018
45	22.39128371258374	27.348029595411116	27.480004929889706	22.78068176211543
46	22.50387964455503	27.5189231507831	27.336847435466304	22.640349769195566
47	22.237009206088885	27.561101137839877	27.58021698806679	22.621672668004443
48	22.261244107690317	27.438964890489046	27.493557706022763	22.80623329579787
49	22.353871947930614	27.326607112438218	27.635082674344574	22.684438265286587
50	22.39361330643206	27.369040557159753	27.53656095707418	22.70078517933401
51	22.479460032568326	27.40815264944972	27.437065860824323	22.675321457157633
52	22.44938096371198	27.342176664165535	27.45579720622838	22.752645165894105
53	22.373151540217396	27.37763528901138	27.498476413181212	22.750736757590015
54	22.535203619494393	27.55605340632187	27.413105314324582	22.495637659859156
55	22.5215668366137	27.44454965829071	27.30740173487471	22.72648177022088
56	22.594242543066674	27.586033548528654	27.281719630929253	22.53800427747542
57	22.337134987089044	27.477377730764175	27.498928911753907	22.686558370392873
58	22.32137099647184	27.272374982892273	27.58665479505842	22.819599225577473
59	22.2304764950333	27.445570633576455	27.591023760064303	22.732929111325937
60	22.42363911042319	27.516855099375082	27.474725522919087	22.58478026728264
61	22.59016912037043	27.54117589742876	27.30485810315082	22.56379687904999
62	22.457197998669475	27.69545196252356	27.274191983590196	22.573158055216766
63	22.489626763803123	27.62131888216754	27.350074365419662	22.53897998860967
64	22.478879762599657	27.4038680042148	27.34334993435062	22.773902298834926
65	22.304689953168317	27.45307018921077	27.549416622556365	22.692823235064548
66	22.430196441030883	27.457958528380644	27.333195579742508	22.77864945084597
67	22.377765195046564	27.508553852568273	27.428257967975277	22.68542298440988
68	22.45328086381116	27.71875524262328	27.423167093740876	22.404796799824688
69	22.68641356810079	27.666798852124668	27.28206647208511	22.36472110768943
70	22.642019251417768	27.51669069865675	27.275559269174494	22.56573078075099
71	22.563620512379664	27.690531068086777	27.198747759884213	22.547100659649345
72	22.558222427845305	27.86349673995406	27.460355621152033	22.1179252110486
73	23.17551734255415	28.392097685285115	27.558233929720732	20.874151042439998
74	24.440836260605696	30.788838651653094	27.566413358820878	17.203911728920325
75	29.812422869952698	41.10796799512766	29.079609134919636	0.0
>>END_MODULE
>>Per base GC content	fail
#Base	%GC
1	68.48955615092981
2	43.752683505043606
3	49.489438791145176
4	48.8328757189346
5	30.544459924005828
6	48.31961742592828
7	49.42313122788769
8	45.107834118420264
9	64.04684973985988
10	37.418080654043884
11	53.61510324082733
12	44.79930648165926
13	52.84041379135438
14	52.08694839405684
15	47.18102468479364
16	45.797196836117614
17	44.18990337542882
18	43.9758374223851
19	44.591405957355725
20	44.84981566089895
21	45.31480629131298
22	45.211641532066885
23	45.41126706133235
24	45.331579820973616
25	45.70517578801502
26	45.26188108146395
27	45.128627554812596
28	45.29416694303766
29	44.92670814681014
30	45.13843570298795
31	45.2612969744933
32	44.90833184067293
33	45.06263125236203
34	45.15522557566691
35	45.10589813449719
36	44.91417629907817
37	45.247042174623125
38	44.988476041334195
39	44.926010027789815
40	45.20305527135788
41	45.054300629676106
42	45.044614637776
43	45.3950691829015
44	45.00569176138777
45	45.17196547469917
46	45.144229413750594
47	44.85868187409333
48	45.06747740348819
49	45.0383102132172
50	45.09439848576607
51	45.15478148972596
52	45.20202612960609
53	45.12388829780741
54	45.03084127935355
55	45.24804860683458
56	45.13224682054209
57	45.02369335748192
58	45.14097022204931
59	44.96340560635924
60	45.00841937770583
61	45.15396599942042
62	45.03035605388624
63	45.02860675241279
64	45.25278206143459
65	44.997513188232865
66	45.20884589187685
67	45.06318817945644
68	44.85807766363584
69	45.051134675790216
70	45.20775003216876
71	45.11072117202901
72	44.67614763889391
73	44.04966838499414
74	41.644747989526024
75	29.812422869952698
>>END_MODULE
>>Per sequence GC content	warn
#GC Content	Count
0	64677.0
1	32355.0
2	49.0
3	100.5
4	141.5
5	197.5
6	351.5
7	630.5
8	835.5
9	1132.0
10	1948.0
11	3449.0
12	4484.0
13	6095.5
14	10049.0
15	16231.0
16	21280.0
17	29775.5
18	47311.0
19	69601.0
20	85748.0
21	110637.0
22	156367.5
23	208308.0
24	244037.0
25	289007.0
26	363655.5
27	438186.0
28	489512.0
29	552171.0
30	647522.0
31	737973.0
32	799406.5
33	868388.0
34	977225.5
35	1077108.0
36	1140245.0
37	1208392.5
38	1285120.5
39	1341818.5
40	1380588.5
41	1399311.5
42	1403942.0
43	1396202.5
44	1392243.5
45	1374244.5
46	1334151.5
47	1290406.0
48	1265446.5
49	1234370.5
50	1181305.0
51	1135087.0
52	1110112.5
53	1093406.0
54	1063806.0
55	1032768.0
56	1014365.5
57	992615.5
58	945426.5
59	881268.5
60	823297.5
61	754020.5
62	668794.5
63	587125.0
64	520769.0
65	463696.5
66	390365.0
67	317787.0
68	265413.0
69	224862.0
70	179776.0
71	137175.5
72	107596.5
73	87558.5
74	66448.0
75	48236.5
76	36673.0
77	28652.5
78	20350.5
79	13796.0
80	10130.0
81	7654.5
82	5094.5
83	3113.0
84	2123.5
85	1638.5
86	1215.5
87	882.5
88	695.5
89	594.0
90	445.5
91	298.5
92	242.0
93	209.5
94	154.5
95	98.5
96	71.0
97	59.0
98	40.5
99	126.0
100	220.0
>>END_MODULE
>>Per base N content	pass
#Base	N-Count
1	0.22440624290730604
2	0.20928271396824086
3	0.20928271396824086
4	0.2105351868335133
5	0.20928271396824086
6	0.2110432959804068
7	0.2106355141172948
8	0.20941864125594484
9	0.2094607139878532
10	0.2095027867197616
11	0.20972285947128233
12	0.20969373219534576
13	0.20934744124809987
14	0.2100562049625564
15	0.20941864125594484
16	0.2099008594908947
17	0.20935067761209286
18	0.2100756231465141
19	0.20946718671583914
20	0.20928271396824086
21	0.20951249581174042
22	0.20934096852011397
23	0.2093118412441774
24	0.2095836958195854
25	0.20935715034007873
26	0.2094121685279589
27	0.2097519867472189
28	0.2094412958038955
29	0.2093344957921281
30	0.20940245943598007
31	0.20928271396824086
32	0.20928271396824086
33	0.20928271396824086
34	0.21016947770230973
35	0.20928271396824086
36	0.0
37	0.0
38	0.0
39	0.0
40	0.0
41	0.0
42	0.0
43	5.411675147964218E-4
44	0.0
45	0.0
46	0.0
47	0.0
48	8.294694709945641E-4
49	0.0
50	1.6675994662214222E-5
51	0.0
52	0.0
53	0.0
54	0.0
55	0.0
56	0.0
57	0.0
58	0.0
59	0.0
60	0.0
61	0.0
62	1.80174861088647E-4
63	0.0
64	0.0
65	0.0
66	0.0
67	0.0
68	0.0
69	0.0
70	0.0
71	0.0
72	0.0
73	0.0
74	0.0
75	0.0037955259099678477
>>END_MODULE
>>Sequence Length Distribution	warn
#Length	Count
35	86755.0
36	32495.0
37	40620.0
38	44303.0
39	47995.0
40	49546.0
41	52027.0
42	55497.0
43	60566.0
44	67335.0
45	71588.0
46	74383.0
47	76016.0
48	77398.0
49	79130.0
50	79934.0
51	82093.0
52	83799.0
53	88169.0
54	93545.0
55	95311.0
56	97708.0
57	99565.0
58	99748.0
59	100629.0
60	100447.0
61	101419.0
62	104879.0
63	108331.0
64	113114.0
65	116636.0
66	116317.0
67	119119.0
68	120872.0
69	130758.0
70	152128.0
71	267736.0
72	766545.0
73	2057328.0
74	6244322.0
75	1.8442767E7
>>END_MODULE
>>Sequence Duplication Levels	warn
#Total Duplicate Percentage	39.25750784844118
#Duplication Level	Relative count
1	100.0
2	24.076647407299056
3	11.871734236979611
4	6.869987079158439
5	4.452408233582811
6	3.0010482946927035
7	2.1217809632934332
8	1.553751513526252
9	1.1710020559578083
10++	7.407949161770562
>>END_MODULE
>>Overrepresented sequences	warn
#Sequence	Count	Percentage	Possible Source
NNNNNNNNNNNNNNNNNNNNNNNNNNNNNNNNNNN	64666	0.20928271396824086	No Hit
>>END_MODULE
>>Kmer Content	warn
#Sequence	Count	Obs/Exp Overall	Obs/Exp Max	Max Obs/Exp Position
AAAAA	10944160	3.5797594	6.897368	71
TTTTT	10300115	3.2441719	5.749184	71
CCTGG	4907390	3.1137166	11.7834	3
CCAGG	4681190	2.9927242	13.070027	3
CCCAG	4536340	2.8790116	11.6840105	2
CTGGG	4427930	2.8301008	10.058812	4
CCAGC	4216415	2.6759694	6.8779583	3
GGAGG	4013105	2.6033719	5.9798326	6
GCTGG	4027590	2.5742245	6.0169764	3
TCCAG	4588360	2.4532394	9.588575	2
CAGCA	4513245	2.4313822	6.920244	4
CAGCC	3800625	2.4120862	5.7066813	9
CAGGA	4439450	2.4091628	10.602655	4
CTCCA	4477525	2.3765552	7.3020024	1
AGGAG	4338560	2.3716748	7.4999027	5
TGCTG	4435300	2.3708067	6.3727875	2
GGCTG	3665395	2.3427284	8.298538	7
CTCCT	4412955	2.3246493	6.6981797	1
TCCTG	4376015	2.3220916	9.366073	2
CTGGA	4309205	2.3208773	8.708094	4
CTGCA	4231430	2.2624013	6.8002205	4
GGCAG	3503305	2.2561138	6.264592	7
CCTGC	3561580	2.2433581	6.3793473	3
GCAGG	3466365	2.2323246	6.454896	3
TGCAG	4142415	2.2310467	6.776748	2
CAGAG	4082550	2.2154832	7.745951	4
CTGCC	3500675	2.2049956	5.6985393	9
GCCTG	3463365	2.1974893	7.352538	7
AGCAG	4010890	2.1765952	5.5873175	7
TGGAG	3999680	2.169966	6.559699	5
CCCTG	3434915	2.1635747	8.68606	2
CTGCT	4062085	2.1555076	6.574986	9
CTCTG	4038060	2.1427588	7.229395	2
CAGGG	3279760	2.1121516	9.060217	4
GCTGC	3312030	2.1014678	5.649262	8
AGCTG	3889380	2.0947657	5.9165893	7
CAGGC	3246830	2.0757258	6.179185	4
GGAGA	3737665	2.0431957	5.7383523	6
GCCAG	3184835	2.0360918	5.2426505	2
CTGGC	3199060	2.029789	5.330053	4
GGGAG	3119685	2.0237947	5.3680997	7
CACAG	3744415	2.017197	7.176276	7
CAGAA	4383745	2.004639	5.5518327	4
CTCAG	3720765	1.989366	6.222752	2
CTGTG	3696560	1.9759272	8.751637	9
CTGAG	3657470	1.9698621	5.7022033	4
CCCCA	3105835	1.956787	6.7328844	1
TTCTG	4319480	1.930975	5.168514	2
CCAGA	3517450	1.8949261	6.9122815	3
GGCCA	2946415	1.8836678	6.032838	1
TCTGG	3428150	1.8324535	6.1662045	3
TGGGG	2843850	1.8309667	5.573138	5
CCTCT	3460395	1.8228611	5.3448677	1
CACTG	3393850	1.8145756	7.438195	7
CAGTG	3361810	1.8106238	6.546019	9
ACCTG	3375075	1.8045372	5.3545384	7
AGAGG	3291375	1.7992309	5.1138687	5
TGGCC	2825350	1.7926717	5.5539584	5
CCTGA	3283300	1.7554684	5.649677	3
GCCCA	2711315	1.7207501	7.2211924	1
TCAGG	3163355	1.7037387	5.960731	3
ACAGA	3669955	1.6782305	5.8297243	8
GAGAG	3028550	1.6555575	5.3946004	7
AGGTG	3019115	1.6379751	5.269042	7
TGGGC	2548795	1.629056	6.145085	5
CCTGT	3057375	1.6223674	5.4101977	8
GGCCT	2549030	1.617348	5.0735793	6
AGCCT	3014630	1.6118196	5.372052	6
ACAGG	2970095	1.6117858	5.091818	8
GGGCC	2072075	1.5720342	5.1037464	6
AGGCT	2830165	1.5242872	5.028633	6
ACAGC	2700580	1.4548607	5.7633877	8
GACAG	2657185	1.4419783	7.187713	7
GCTGT	2692175	1.4390519	5.10427	8
CTGTC	2699865	1.4326582	5.7685766	9
GCCCT	2252560	1.4188362	5.393994	1
GGGCT	2212425	1.4140661	5.714074	6
ACACA	3100545	1.4075257	5.809246	6
GTGTG	2581220	1.3898591	5.8447623	1
CACAC	2571280	1.3751216	6.279981	5
AGACA	2991240	1.3678615	5.654627	6
AGGGC	2117080	1.3633904	5.473708	5
ACTGC	2404955	1.2858472	5.33448	8
GGACA	2326400	1.262471	6.0381346	6
GTGCT	2265050	1.2107401	5.3047667	1
GTCCT	2228410	1.1824849	6.2210207	1
GTCCA	2205635	1.1792778	6.5478463	1
AGCAC	2165790	1.1667577	5.5613313	5
TGTGC	2149345	1.1488923	5.132935	10
AGGAC	2110080	1.1450802	6.5179343	5
TGGAC	2031015	1.0938762	6.011717	5
TGCAC	2039590	1.090499	5.583534	5
GTGCA	2013885	1.0846503	5.667937	1
ACAGT	2324405	1.054923	5.646524	8
GACTG	1951885	1.0512578	6.1863995	7
ACTGT	2316315	1.0433371	6.288219	8
GCACT	1945525	1.0402057	5.1159515	6
AGACT	2226495	1.010487	5.3926425	6
GGACT	1778965	0.9581257	5.3187904	6
GTGTA	1358980	0.6166131	5.2386656	1
>>END_MODULE
