##FastQC	0.10.1
>>Basic Statistics	pass
#Measure	Value	
Filename	032-F5_S3_L001_R1_001_trimmed.fq.gz	
File type	Conventional base calls	
Encoding	Sanger / Illumina 1.9	
Total Sequences	43826064	
Filtered Sequences	0	
Sequence length	20-51	
%GC	44	
>>END_MODULE
>>Per base sequence quality	pass
#Base	Mean	Median	Lower Quartile	Upper Quartile	10th Percentile	90th Percentile
1	35.062592159770496	36.0	36.0	36.0	36.0	36.0
2	35.051532508144014	36.0	36.0	36.0	36.0	36.0
3	35.03638718275043	36.0	36.0	36.0	36.0	36.0
4	35.023447006329384	36.0	36.0	36.0	36.0	36.0
5	35.00550893641738	36.0	36.0	36.0	36.0	36.0
6	34.95621190166655	36.0	36.0	36.0	36.0	36.0
7	34.93665349459628	36.0	36.0	36.0	36.0	36.0
8	34.92828502691914	36.0	36.0	36.0	36.0	36.0
9	34.91107437802309	36.0	36.0	36.0	36.0	36.0
10	34.89078551521305	36.0	36.0	36.0	36.0	36.0
11	34.87259777651947	36.0	36.0	36.0	36.0	36.0
12	34.863894576524146	36.0	36.0	36.0	36.0	36.0
13	34.8403594947518	36.0	36.0	36.0	36.0	36.0
14	34.83097996206093	36.0	36.0	36.0	36.0	36.0
15	34.80875784327792	36.0	36.0	36.0	32.0	36.0
16	34.799577712477216	36.0	36.0	36.0	32.0	36.0
17	34.79615997457586	36.0	36.0	36.0	32.0	36.0
18	34.77520564018708	36.0	36.0	36.0	32.0	36.0
19	34.770527716109754	36.0	36.0	36.0	32.0	36.0
20	34.77196302638539	36.0	36.0	36.0	32.0	36.0
21	34.74494778794743	36.0	36.0	36.0	32.0	36.0
22	34.733129572348716	36.0	36.0	36.0	32.0	36.0
23	34.72093798522149	36.0	36.0	36.0	32.0	36.0
24	34.714095912603526	36.0	36.0	36.0	32.0	36.0
25	34.701073232779855	36.0	36.0	36.0	32.0	36.0
26	34.68201332654807	36.0	36.0	36.0	32.0	36.0
27	34.67405353788765	36.0	36.0	36.0	32.0	36.0
28	34.63675745935154	36.0	36.0	36.0	32.0	36.0
29	34.622895837174696	36.0	36.0	36.0	32.0	36.0
30	34.61217342950307	36.0	36.0	36.0	32.0	36.0
31	34.59182090068478	36.0	36.0	36.0	32.0	36.0
32	34.570205852978745	36.0	36.0	36.0	32.0	36.0
33	34.553045734141726	36.0	36.0	36.0	32.0	36.0
34	34.53310603423928	36.0	36.0	36.0	32.0	36.0
35	34.50932943277517	36.0	36.0	36.0	32.0	36.0
36	34.492600167744435	36.0	36.0	36.0	32.0	36.0
37	34.4721946808917	36.0	36.0	36.0	32.0	36.0
38	34.442222144058036	36.0	36.0	36.0	32.0	36.0
39	34.43063450053969	36.0	36.0	36.0	32.0	36.0
40	34.419230510341215	36.0	36.0	36.0	32.0	36.0
41	34.39961215759422	36.0	36.0	36.0	32.0	36.0
42	34.37717211218512	36.0	36.0	36.0	32.0	36.0
43	34.345932361968536	36.0	36.0	36.0	32.0	36.0
44	34.321639171894994	36.0	36.0	36.0	32.0	36.0
45	34.30114198885288	36.0	36.0	36.0	32.0	36.0
46	34.2745689377329	36.0	36.0	36.0	32.0	36.0
47	34.28904787965934	36.0	36.0	36.0	32.0	36.0
48	34.296093740720785	36.0	36.0	36.0	32.0	36.0
49	34.311516150230226	36.0	36.0	36.0	32.0	36.0
50	34.37947037071822	36.0	36.0	36.0	32.0	36.0
51	34.498599427054714	36.0	36.0	36.0	32.0	36.0
>>END_MODULE
>>Per sequence quality scores	pass
#Quality	Count
14	10.0
15	39.0
16	169.0
17	669.0
18	2269.0
19	6701.0
20	15906.0
21	31517.0
22	54313.0
23	87299.0
24	133130.0
25	201155.0
26	293471.0
27	410845.0
28	559041.0
29	735378.0
30	957734.0
31	1250574.0
32	1691457.0
33	2530583.0
34	4939187.0
35	2.0114269E7
36	9810348.0
>>END_MODULE
>>Per base sequence content	pass
#Base	G	A	T	C
1	22.245027651621175	27.329835988697166	27.587118105556996	22.838018254124663
2	22.01709612333852	27.097112483592685	27.967441496974665	22.91834989609413
3	22.183210076797916	27.199026378787885	27.66846816801515	22.949295376399053
4	22.138106702121046	27.06644693566616	27.95194090190169	22.843505460311103
5	22.38851574663019	27.029554906780707	27.5444313656599	23.037497980929203
6	21.88464693348634	27.368684079751326	27.76533418835521	22.981334798407122
7	21.798228190369706	27.356272924854963	27.98634348919858	22.85915539557675
8	22.08089852168155	27.158626113304624	27.972073527316915	22.78840183769691
9	21.681758273291603	27.40483220130121	28.15676417505208	22.756645350355107
10	21.99856900783669	27.509255619617395	27.831296168715514	22.660879203830405
11	22.311392923343632	27.64710617704428	27.58614174797919	22.455359151632898
12	21.77408034367314	27.60708822204112	27.999496096228917	22.61933533805682
13	21.837343926754393	27.375161483407528	28.15968516189048	22.627809427947597
14	21.891205717412415	27.029953202463858	28.35067727763446	22.728163802489266
15	21.80245644621525	27.326032036239624	28.095429885389407	22.776081632155723
16	21.994556706345282	27.90180741636268	27.83999256697599	22.26364331031604
17	22.080076049810874	27.6627262443426	27.740689074317576	22.51650863152895
18	21.955965443244192	27.927137023650513	27.748199818149	22.3686977149563
19	21.92970797209176	27.76820115506186	27.99864172110784	22.30344915173854
20	21.923650965462972	27.526841589373678	27.958655952210464	22.590851492952883
21	22.023891913879492	27.694097442236163	27.941867485574846	22.3401431583095
22	21.881999987100436	27.71203192358919	28.000055898118315	22.40591219119206
23	22.057674712682086	27.416323225214956	27.88003187806619	22.645970184036766
24	21.964731310338337	27.76570285534144	27.957004756188965	22.312561078131257
25	22.010425598905464	27.72505384142296	27.82576770411061	22.438752855560967
26	22.174144719881234	27.933704874542297	27.64913958998943	22.243010815587034
27	21.829343514379044	27.994148923124822	27.903285439078896	22.273222123417238
28	21.826801100863815	27.831232092714806	27.873106614673105	22.46886019174827
29	21.953009664992752	27.69102388008726	27.998465310926086	22.3575011439939
30	22.006921065433175	27.742976723690084	27.882902702349828	22.367199508526923
31	22.130712370039436	27.79859294049037	27.78909727904093	22.281597410429264
32	22.0364858268511	27.73114831743736	27.833972467376384	22.398393388335155
33	21.950039999807313	27.728354661095157	27.913279738222514	22.408325600875017
34	22.117672652032734	27.957759491739164	27.790335876650495	22.134231979577606
35	22.132533011152162	27.825134799582894	27.65358879233064	22.388743396934302
36	22.27255119461735	27.972727730081303	27.611680879860113	22.143040195441234
37	21.91096529248873	27.834805771570327	27.92384859627758	22.33038033966336
38	21.901687755548156	27.617177449282202	28.023543353906312	22.45759144126333
39	21.827381283031926	27.7691599406647	27.988951120778527	22.414507655524844
40	22.011431237022187	27.834320517536394	27.88656549086849	22.267682754572924
41	22.208471040579987	27.929173431513693	27.704949814227575	22.157405713678745
42	22.085708101131683	28.04986527223071	27.657393343257464	22.20703328338014
43	22.07088072316651	27.99576796660872	27.768866088515864	22.164485221708908
44	22.07518727710952	27.706022264828935	27.74998682114751	22.468803636914036
45	21.90628125584093	27.754554597751817	27.95842085958401	22.380743286823236
46	22.03414393191119	27.80608467314389	27.743437315863734	22.416334079081192
47	21.936972863489018	27.86429097734154	27.890287911718247	22.3084482474512
48	22.022822326700332	28.171280172506986	27.879327273384263	21.926570227408423
49	22.245289649682874	28.188998975444292	27.83100337458933	21.734708000283504
50	22.15340836985098	28.470952631298974	27.883377725756848	21.492261273093195
51	21.75273874605042	28.797026730803527	28.13813032561142	21.312104197534634
>>END_MODULE
>>Per base GC content	pass
#Base	%GC
1	45.08304590574584
2	44.93544601943265
3	45.13250545319697
4	44.98161216243215
5	45.42601372755939
6	44.86598173189346
7	44.657383585946455
8	44.869300359378464
9	44.438403623646714
10	44.65944821166709
11	44.76675207497653
12	44.393415681729955
13	44.46515335470199
14	44.61936951990168
15	44.57853807837097
16	44.25820001666133
17	44.59658468133982
18	44.32466315820049
19	44.233157123830296
20	44.514502458415855
21	44.36403507218899
22	44.287912178292494
23	44.703644896718856
24	44.2772923884696
25	44.449178454466434
26	44.417155535468275
27	44.10256563779628
28	44.29566129261209
29	44.310510808986656
30	44.3741205739601
31	44.4123097804687
32	44.43487921518626
33	44.35836560068233
34	44.25190463161034
35	44.521276408086464
36	44.41559139005859
37	44.24134563215209
38	44.359279196811485
39	44.24188893855677
40	44.27911399159511
41	44.36587675425873
42	44.29274138451183
43	44.23536594487542
44	44.54399091402356
45	44.28702454266417
46	44.45047801099238
47	44.245421110940214
48	43.949392554108755
49	43.97999764996638
50	43.64566964294417
51	43.06484294358505
>>END_MODULE
>>Per sequence GC content	warn
#GC Content	Count
0	13452.0
1	12990.0
2	10453.5
3	8856.5
4	9595.0
5	11356.5
6	13289.0
7	16281.0
8	19342.0
9	24700.0
10	30430.5
11	40755.5
12	51116.0
13	69361.5
14	89407.5
15	122146.0
16	155700.0
17	205165.5
18	256456.5
19	324509.0
20	393599.5
21	482204.5
22	572622.0
23	679687.0
24	788784.0
25	895742.0
26	1098671.5
27	1231045.5
28	1368765.5
29	1508241.0
30	1648867.5
31	1791580.5
32	1934978.5
33	2080454.5
34	2215606.5
35	2346567.5
36	2457419.0
37	2560036.0
38	2615449.0
39	2667632.0
40	2683773.0
41	2692872.5
42	2673772.5
43	2641824.0
44	2584597.5
45	2523027.5
46	2454482.5
47	2381768.0
48	2309518.0
49	2239304.0
50	2179760.5
51	2123653.0
52	2076687.5
53	2032524.0
54	1989866.0
55	1942058.0
56	1886371.5
57	1823748.5
58	1740358.5
59	1642126.0
60	1534421.0
61	1418399.5
62	1295635.5
63	1180186.5
64	1052956.5
65	927805.5
66	816201.0
67	707923.0
68	608224.5
69	512267.5
70	436050.5
71	364440.5
72	305195.0
73	249642.0
74	203262.0
75	150866.5
76	125435.0
77	103303.5
78	82152.5
79	65998.5
80	51654.5
81	42343.5
82	34094.5
83	27642.0
84	21559.0
85	17039.5
86	12866.0
87	10146.0
88	7733.5
89	5950.5
90	4342.5
91	3446.0
92	2664.0
93	2262.0
94	1867.5
95	1596.5
96	1347.5
97	1226.0
98	1116.5
99	1854.0
100	2622.0
>>END_MODULE
>>Per base N content	pass
#Base	N-Count
1	5.544645761481114E-4
2	7.735123099350195E-4
3	9.035719018709962E-4
4	8.123020127931179E-4
5	4.814486648858086E-4
6	6.502979596798836E-4
7	0.0018573422427348254
8	2.760914144605822E-4
9	3.605160618576197E-4
10	0.0012024807886010479
11	0.0011591275912890557
12	5.384923455594826E-4
13	0.002573810871996171
14	0.005939388031742937
15	0.002014782801394166
16	5.7043680673674E-5
17	1.1636910857429496E-4
18	1.71131042021022E-4
19	2.9662713950310484E-5
20	0.0043535737090148
21	0.0031341783081097847
22	1.5323928756173397E-4
23	0.004078602852493766
24	1.261173394350278E-4
25	0.0014810305134305701
26	3.1271317956367865E-4
27	0.0063140112538154925
28	2.3062462026214868E-5
29	0.006555819569615758
30	0.004019542799568749
31	0.0018569051719561419
32	0.002118220880269423
33	0.0024573847938564822
34	8.30057965792332E-4
35	0.004672595551833886
36	2.528316501027211E-4
37	0.0030192242240593744
38	0.00273914280207114
39	0.0025240503584575717
40	3.2604272657624586E-4
41	3.5532756475613905E-5
42	2.850349998039197E-5
43	1.977136536022963E-4
44	9.558550302468376E-6
45	8.39665933870214E-5
46	1.4238563953463255E-4
47	0.0
48	0.0
49	0.00228567031019842
50	1.4234767522263873E-4
51	5.833436821373587E-4
>>END_MODULE
>>Sequence Length Distribution	warn
#Length	Count
20	50635.0
21	52960.0
22	55555.0
23	56733.0
24	59424.0
25	60425.0
26	63105.0
27	66722.0
28	70723.0
29	75912.0
30	77580.0
31	81290.0
32	82487.0
33	83942.0
34	85808.0
35	86592.0
36	89327.0
37	95290.0
38	99754.0
39	106059.0
40	111172.0
41	114476.0
42	120190.0
43	132553.0
44	164106.0
45	246481.0
46	443468.0
47	1169748.0
48	2504079.0
49	5004223.0
50	6772841.0
51	2.5542404E7
>>END_MODULE
>>Sequence Duplication Levels	warn
#Total Duplicate Percentage	42.84732522495797
#Duplication Level	Relative count
1	100.0
2	24.83368945560871
3	12.726973883405279
4	7.856605275223405
5	5.25013624921062
6	3.753557618277291
7	2.7691030044032283
8	2.1324082804917084
9	1.6107684455478948
10++	12.081628415962353
>>END_MODULE
>>Overrepresented sequences	pass
>>END_MODULE
>>Kmer Content	warn
#Sequence	Count	Obs/Exp Overall	Obs/Exp Max	Max Obs/Exp Position
AAAAA	14604885	4.516769	5.597457	47
TTTTT	13025000	3.8890374	4.424837	47
CCTGG	4268695	3.1534	4.0899625	9
CCAGG	4050470	3.0133004	3.4561265	30
>>END_MODULE
