##FastQC	0.10.1
>>Basic Statistics	pass
#Measure	Value	
Filename	029-F0_S5_L003_R2_001.fastq.gz	
File type	Conventional base calls	
Encoding	Sanger / Illumina 1.9	
Total Sequences	21718396	
Filtered Sequences	0	
Sequence length	35-76	
%GC	45	
>>END_MODULE
>>Per base sequence quality	pass
#Base	Mean	Median	Lower Quartile	Upper Quartile	10th Percentile	90th Percentile
1	31.42446371269775	32.0	32.0	32.0	32.0	32.0
2	31.195317508714734	32.0	32.0	32.0	32.0	32.0
3	31.22612682815066	32.0	32.0	32.0	32.0	32.0
4	31.265835884012798	32.0	32.0	32.0	32.0	32.0
5	31.227466614016983	32.0	32.0	32.0	32.0	32.0
6	34.898731425654084	36.0	36.0	36.0	36.0	36.0
7	34.88805881428813	36.0	36.0	36.0	36.0	36.0
8	34.80959040437425	36.0	36.0	36.0	36.0	36.0
9	34.954603967991005	36.0	36.0	36.0	36.0	36.0
10-14	34.843224591723995	36.0	36.0	36.0	35.2	36.0
15-19	34.753107365755746	36.0	36.0	36.0	32.0	36.0
20-24	34.67937775883634	36.0	36.0	36.0	32.0	36.0
25-29	34.59979674373743	36.0	36.0	36.0	32.0	36.0
30-34	34.51829697736426	36.0	36.0	36.0	32.0	36.0
35-39	34.48556919784334	36.0	36.0	36.0	32.0	36.0
40-44	34.40487614297587	36.0	36.0	36.0	32.0	36.0
45-49	34.27481304118805	36.0	36.0	36.0	32.0	36.0
50-54	34.118298959486296	36.0	36.0	36.0	32.0	36.0
55-59	33.940796695288114	36.0	36.0	36.0	32.0	36.0
60-64	33.79642440254669	36.0	36.0	36.0	29.0	36.0
65-69	33.67105124582361	36.0	36.0	36.0	27.0	36.0
70-74	33.54741491823954	36.0	36.0	36.0	27.0	36.0
75-76	32.66165259083422	36.0	34.0	36.0	20.5	36.0
>>END_MODULE
>>Per sequence quality scores	pass
#Quality	Count
2	46888.0
3	79.0
4	497.0
5	272.0
6	81.0
7	103.0
8	42.0
9	19.0
10	16.0
11	39.0
12	50.0
13	104.0
14	1730.0
15	6167.0
16	8755.0
17	10550.0
18	12775.0
19	17158.0
20	23948.0
21	34510.0
22	50324.0
23	72804.0
24	104884.0
25	149886.0
26	204065.0
27	271786.0
28	350587.0
29	444021.0
30	560803.0
31	722468.0
32	980229.0
33	1516340.0
34	3277273.0
35	1.2849143E7
>>END_MODULE
>>Per base sequence content	fail
#Base	G	A	T	C
1	43.21003784503096	18.44278141640158	12.38291056080445	25.964270177763005
2	16.37165668830316	18.92868569269403	38.48204953649837	26.21760808250444
3	20.029857267695895	21.156101758928937	28.30730917431904	30.50673179905613
4	13.504898926319553	14.808910518231	36.313154928484295	35.37303562696516
5	15.290243805987537	34.522853636071375	34.98035410915918	15.206548448781906
6	34.2910575913196	35.00419422924445	16.669822124904186	14.034926054531763
7	30.20895820743562	29.314441508830775	20.942523641698283	19.534076642035323
8	26.077549569384402	35.55947726243694	19.97705118528884	18.385921982889815
9	24.927249904733394	16.20439558147517	20.352288488978836	38.5160660248126
10-14	24.154866836463615	23.19518063068854	28.44345479133885	24.206497741508997
15-19	22.55554279299412	28.189115440506267	26.38354393174892	22.871797834750694
20-24	22.61319174166757	26.892444678756895	27.649006842563445	22.845356737012086
25-29	22.46797290007238	27.028858946374168	27.508107103105633	22.995061050447823
30-34	22.484276270968742	27.05551227567125	27.660248719881693	22.79996273347832
35-39	22.543974914937397	27.279706887196365	27.481232158090446	22.695086039775788
40-44	22.628945615300207	27.20000800726613	27.553008334539854	22.618038042893808
45-49	22.621602080940832	27.326730929659803	27.3291338050512	22.72253318434817
50-54	22.5635527557647	27.474825652009528	27.3607434802659	22.600878111959872
55-59	22.62825804690791	27.381732891104782	27.196547415283725	22.793461646703584
60-64	22.7289634544747	27.39735489888889	27.256212379115567	22.617469267520843
65-69	22.80589777867826	27.58421395434653	27.130145009108364	22.479743257866847
70-74	23.077510141900238	27.79729502517556	27.114476763570373	22.01071806935383
75-76	27.058231347644522	35.06156468886929	28.111688983800846	9.768514979685344
>>END_MODULE
>>Per base GC content	fail
#Base	%GC
1	69.17430802279397
2	42.589264770807596
3	50.53658906675202
4	48.87793455328471
5	30.496792254769446
6	48.32598364585136
7	49.743034849470945
8	44.46347155227422
9	63.443315929545996
10-14	48.36136457797261
15-19	45.42734062774481
20-24	45.45854847867966
25-29	45.4630339505202
30-34	45.284239004447066
35-39	45.23906095471318
40-44	45.24698365819402
45-49	45.344135265289005
50-54	45.164430867724576
55-59	45.42171969361149
60-64	45.34643272199554
65-69	45.2856410365451
70-74	45.08822821125407
75-76	36.826746327329865
>>END_MODULE
>>Per sequence GC content	warn
#GC Content	Count
0	46939.0
1	23545.5
2	247.5
3	425.0
4	509.5
5	587.0
6	797.0
7	1098.0
8	1271.0
9	1577.0
10	2417.0
11	3659.0
12	4403.5
13	5448.0
14	8054.0
15	12180.5
16	18502.5
17	23446.0
18	30809.0
19	45264.5
20	63679.5
21	77229.5
22	96524.0
23	130836.0
24	167923.0
25	192791.0
26	223731.0
27	275198.0
28	328412.5
29	365723.5
30	409398.0
31	479339.0
32	550544.5
33	598891.5
34	660445.5
35	750797.0
36	826302.0
37	872262.5
38	908516.0
39	942285.0
40	950050.5
41	947700.0
42	954824.0
43	961169.0
44	955654.5
45	941823.0
46	933860.0
47	921495.0
48	896837.0
49	870274.0
50	851604.5
51	830615.5
52	798322.5
53	767716.5
54	750425.5
55	729163.5
56	697478.5
57	666042.5
58	637111.5
59	597522.5
60	544062.0
61	486889.0
62	441969.5
63	398523.0
64	342754.0
65	293596.0
66	243771.0
67	207790.0
68	180693.0
69	147508.5
70	115505.5
71	93809.5
72	78301.0
73	61853.5
74	47437.0
75	37992.0
76	31959.5
77	25653.5
78	19422.5
79	15560.5
80	13475.5
81	10753.5
82	7914.0
83	6182.0
84	5160.0
85	4142.5
86	3145.5
87	2548.5
88	2300.0
89	2020.0
90	1752.5
91	1564.5
92	1482.0
93	1434.5
94	1265.5
95	1154.5
96	1170.0
97	1162.5
98	1364.0
99	12098.5
100	22625.0
>>END_MODULE
>>Per base N content	pass
#Base	N-Count
1	0.23278883026168232
2	0.22412796967142512
3	0.22699650563513069
4	0.21835406261125362
5	0.21614395464563774
6	0.21618999856158808
7	0.21808240350714667
8	0.21898486425977315
9	0.2193255892378056
10-14	0.22120326013026007
15-19	0.22613548440685952
20-24	0.22710701103341147
25-29	0.2279026499010332
30-34	0.22845886040571323
35-39	0.05688824786932241
40-44	0.012959849481416572
45-49	0.01407133290080772
50-54	0.013806564997424227
55-59	0.014013175407785955
60-64	0.01312851738892011
65-69	0.011503119153576184
70-74	0.01147039944053552
75-76	0.012049738701286556
>>END_MODULE
>>Sequence Length Distribution	warn
#Length	Count
35	61566.0
36	20777.0
37	27083.0
38	29367.0
39	31231.0
40	30618.0
41	32526.0
42	34062.0
43	37315.0
44	39511.0
45	42716.0
46	44156.0
47	46053.0
48	47112.0
49	49223.0
50	48145.0
51	49270.0
52	50194.0
53	52075.0
54	54956.0
55	56321.0
56	57848.0
57	59587.0
58	60525.0
59	61510.0
60	63118.0
61	61231.0
62	62336.0
63	62694.0
64	66492.0
65	67190.0
66	69565.0
67	71588.0
68	70138.0
69	76729.0
70	79851.0
71	95047.0
72	175415.0
73	522901.0
74	1415565.0
75	4430735.0
76	1.3204054E7
>>END_MODULE
>>Sequence Duplication Levels	warn
#Total Duplicate Percentage	31.767604631415683
#Duplication Level	Relative count
1	100.0
2	20.699775565402543
3	8.242216723254877
4	4.2426771019163265
5	2.413391264314899
6	1.530759049318064
7	1.0257812050411463
8	0.7560280830983483
9	0.5064165275939461
10++	4.451286182885423
>>END_MODULE
>>Overrepresented sequences	warn
#Sequence	Count	Percentage	Possible Source
NNNNNNNNNNNNNNNNNNNNNNNNNNNNNNNNNNN	46888	0.21589071310791091	No Hit
GGGGGGGGGGGGGGGGGGGGGGGGGGGGGGGGGGGGGGGGGGGGGGGGGG	22740	0.10470386487105217	No Hit
>>END_MODULE
>>Kmer Content	warn
#Sequence	Count	Obs/Exp Overall	Obs/Exp Max	Max Obs/Exp Position
AAAAA	8090485	3.7652113	7.635035	72
GGGGG	3654370	3.6752295	6.6615353	72
TTTTT	7183075	3.2111619	5.6171393	72
CCTGG	3406325	2.9899158	11.637764	3
CCAGG	3261670	2.8860612	11.981942	3
CCCAG	3084705	2.7652962	10.380112	2
CTGGG	3064300	2.6548605	9.791688	4
CAGCA	3454080	2.6197903	7.1483493	4
CCAGC	2869960	2.5727873	6.4434195	3
TGCTG	3465825	2.5532482	7.533128	2
GGAGG	2886550	2.488397	5.638488	6
GCTGG	2810480	2.434955	6.1407833	3
TCCAG	3188700	2.3991375	9.671717	2
CAGCC	2597070	2.328154	5.3358374	9
CTCCT	3060260	2.3140337	6.9290886	1
CTCCA	3032250	2.3113673	7.084839	1
CTGCT	3090810	2.3068597	6.3621135	9
AGCAG	3064760	2.2943945	5.224856	7
CAGGA	3061165	2.2917032	9.748796	4
AGGAG	3092865	2.2854414	6.9092994	5
TCCTG	3012390	2.24833	9.472308	2
CTGGA	3024255	2.2459362	8.863953	4
GCTGC	2557540	2.2448914	5.379263	8
GGCTG	2587880	2.2420979	7.6307926	7
CCTGC	2473560	2.1996715	6.2378263	3
CAGAG	2933430	2.196076	7.164727	4
CCCTG	2457950	2.18579	8.631412	2
GGCAG	2500280	2.1836934	5.736607	7
CTGCC	2453590	2.1819127	5.5523047	9
CTCTG	2914910	2.1755748	7.2346396	2
CTTCT	3411090	2.1648014	5.108036	1
CTGCA	2867855	2.1577377	6.5290365	4
GCAGG	2463775	2.1518106	6.27086	3
CACAG	2791635	2.1173503	7.6821265	7
TGCAG	2845775	2.1133897	6.6777325	2
GCCTG	2394320	2.1016245	6.3153405	7
CAGGG	2378520	2.0773506	8.59148	4
CTGTG	2817410	2.0755656	9.066592	9
TGGAG	2807225	2.0577552	6.364974	5
CCCCA	2226325	2.0219903	6.260763	1
AGCTG	2691590	1.9988856	5.4902067	7
CAGGC	2248075	1.9891902	5.594431	4
CTGGC	2242110	1.9680214	5.039455	4
CTCAG	2603130	1.958562	5.8893933	2
GGAGA	2641405	1.9518396	5.4873157	6
GGGAG	2256605	1.9453424	5.0781913	7
CAGAA	3020415	1.9382366	5.295557	4
CTGAG	2583660	1.918732	5.52312	4
TTCTG	2985095	1.869909	5.3516355	2
CCTCT	2462770	1.862238	5.3461113	1
CAGTG	2506625	1.8615229	6.4760995	9
CACTG	2456315	1.8481003	7.6988616	7
CCAGA	2427835	1.8414216	6.470195	3
TGGGG	2139740	1.8298223	5.456839	5
GGCCA	2047525	1.8117353	5.413469	1
GTGTG	2483810	1.806102	8.277956	1
TCTGG	2406410	1.7727848	6.0074997	3
ACACA	2711090	1.762571	7.060553	6
CACAC	2267160	1.7421229	7.076815	5
TGTGT	2802015	1.7324883	6.8516555	10
GAGAG	2335220	1.7255872	5.495346	7
ACAGA	2672365	1.7148886	6.1335754	8
CCTGA	2261630	1.7016218	5.4853997	3
GCCCA	1867030	1.6737065	6.2272377	1
TCAGG	2195175	1.6302273	5.5792317	3
CCTGT	2166115	1.6167035	5.267843	8
TGGGC	1808355	1.5667298	5.753463	5
ACAGC	2016565	1.5294888	5.945533	8
GCTGT	2047010	1.5080174	5.310957	8
CTGTC	1994935	1.4889416	5.8897552	9
GACAG	1939840	1.4522371	6.958809	7
GCCCT	1611425	1.4329977	5.36079	1
GGGCT	1630040	1.4122405	5.4371815	6
AGACA	2170940	1.3931181	5.345039	6
GTCCT	1815670	1.3551451	9.946295	1
AGGGC	1545135	1.3494895	5.08621	5
GGACA	1755855	1.314499	6.3151035	6
GTGCT	1750285	1.2894223	6.6787176	1
TGTGC	1736480	1.2792523	6.3899045	10
AGGAC	1702295	1.274402	9.378076	5
AGCAC	1636020	1.2408597	5.8196735	5
ACTGC	1637930	1.2323577	5.239202	8
GTCCA	1600740	1.2043765	6.9384246	1
GTCTT	1804270	1.1302223	5.477315	1
GTGCA	1510730	1.1219304	5.889703	1
ACAGT	1762030	1.1216589	5.775792	8
TGGAC	1490145	1.106643	6.0627627	5
TGCAC	1458670	1.0974848	5.368333	5
ACTGT	1737200	1.0969952	6.5799646	8
GACTG	1406435	1.0444765	5.9674697	7
ACACT	1585250	1.0223694	5.2666764	6
GGACC	1146490	1.014462	5.4900055	6
CTACA	1527935	0.98540545	5.8799543	4
TGTAG	1546485	0.96391374	6.00364	2
GGACT	1267180	0.94106007	5.2812257	6
TCCTA	1311200	0.838854	6.165605	2
TAGGA	1329445	0.83532494	6.128894	4
GTGTA	1164780	0.72599965	6.1028695	1
TACAC	1094165	0.70565575	5.441764	5
>>END_MODULE
