##FastQC	0.10.1
>>Basic Statistics	pass
#Measure	Value	
Filename	001-F5_S2_L003_R1_001_trimmed.fq.gz	
File type	Conventional base calls	
Encoding	Sanger / Illumina 1.9	
Total Sequences	20041893	
Filtered Sequences	0	
Sequence length	20-51	
%GC	45	
>>END_MODULE
>>Per base sequence quality	pass
#Base	Mean	Median	Lower Quartile	Upper Quartile	10th Percentile	90th Percentile
1	35.17406429622192	36.0	36.0	36.0	36.0	36.0
2	35.16201398740129	36.0	36.0	36.0	36.0	36.0
3	35.14868071593836	36.0	36.0	36.0	36.0	36.0
4	35.133906612514096	36.0	36.0	36.0	36.0	36.0
5	35.11240510065591	36.0	36.0	36.0	36.0	36.0
6	35.07008589458091	36.0	36.0	36.0	36.0	36.0
7	35.05081610803929	36.0	36.0	36.0	36.0	36.0
8	35.04682107623267	36.0	36.0	36.0	36.0	36.0
9	35.02917493871462	36.0	36.0	36.0	36.0	36.0
10	35.007735646528	36.0	36.0	36.0	36.0	36.0
11	34.99765196830459	36.0	36.0	36.0	36.0	36.0
12	34.98515459592564	36.0	36.0	36.0	36.0	36.0
13	34.981168146142686	36.0	36.0	36.0	36.0	36.0
14	34.9684637074951	36.0	36.0	36.0	36.0	36.0
15	34.94294041984956	36.0	36.0	36.0	36.0	36.0
16	34.926804169646054	36.0	36.0	36.0	36.0	36.0
17	34.924925405000415	36.0	36.0	36.0	36.0	36.0
18	34.91214168242491	36.0	36.0	36.0	36.0	36.0
19	34.89481806933107	36.0	36.0	36.0	36.0	36.0
20	34.895893466749875	36.0	36.0	36.0	36.0	36.0
21	34.882442823398094	36.0	36.0	36.0	36.0	36.0
22	34.865082751695454	36.0	36.0	36.0	36.0	36.0
23	34.85932605945104	36.0	36.0	36.0	36.0	36.0
24	34.83646766727053	36.0	36.0	36.0	36.0	36.0
25	34.822518745173156	36.0	36.0	36.0	36.0	36.0
26	34.80591287882017	36.0	36.0	36.0	36.0	36.0
27	34.79349951824473	36.0	36.0	36.0	36.0	36.0
28	34.77150922718929	36.0	36.0	36.0	36.0	36.0
29	34.75168157221873	36.0	36.0	36.0	36.0	36.0
30	34.73256981618775	36.0	36.0	36.0	36.0	36.0
31	34.717643436376804	36.0	36.0	36.0	32.0	36.0
32	34.699532109640806	36.0	36.0	36.0	32.0	36.0
33	34.657064961070944	36.0	36.0	36.0	32.0	36.0
34	34.632298756943555	36.0	36.0	36.0	32.0	36.0
35	34.59986894808437	36.0	36.0	36.0	32.0	36.0
36	34.57170949208564	36.0	36.0	36.0	32.0	36.0
37	34.56078750431349	36.0	36.0	36.0	32.0	36.0
38	34.5339094518105	36.0	36.0	36.0	32.0	36.0
39	34.50718205567999	36.0	36.0	36.0	32.0	36.0
40	34.482831440205224	36.0	36.0	36.0	32.0	36.0
41	34.456722527839105	36.0	36.0	36.0	32.0	36.0
42	34.42213240972254	36.0	36.0	36.0	32.0	36.0
43	34.38961843666916	36.0	36.0	36.0	32.0	36.0
44	34.36894463483672	36.0	36.0	36.0	32.0	36.0
45	34.36147915762591	36.0	36.0	36.0	32.0	36.0
46	34.34226786886344	36.0	36.0	36.0	32.0	36.0
47	34.3431657171339	36.0	36.0	36.0	32.0	36.0
48	34.355543055386825	36.0	36.0	36.0	32.0	36.0
49	34.38079622207773	36.0	36.0	36.0	32.0	36.0
50	34.478353985140295	36.0	36.0	36.0	32.0	36.0
51	34.58657380341074	36.0	36.0	36.0	32.0	36.0
>>END_MODULE
>>Per sequence quality scores	pass
#Quality	Count
14	7.0
15	59.0
16	250.0
17	591.0
18	1532.0
19	3352.0
20	7327.0
21	13542.0
22	23241.0
23	37471.0
24	58440.0
25	88122.0
26	127524.0
27	176857.0
28	235403.0
29	305182.0
30	389033.0
31	502608.0
32	674582.0
33	1006511.0
34	2025353.0
35	9745619.0
36	4619287.0
>>END_MODULE
>>Per base sequence content	pass
#Base	G	A	T	C
1	22.424159264173095	26.957963083914667	27.4540095710587	23.163868080853543
2	22.362297231482415	26.97884494973301	27.722158414172803	22.936699404611772
3	22.310683321367524	27.051268624235842	27.590126629660393	23.047921424736234
4	22.504931444759883	26.746293270951693	27.84716278393042	22.901612500358002
5	22.599167825375353	26.825334788099635	27.487259443519456	23.088237943005556
6	22.150204058578506	27.20423456290729	27.67674793999206	22.968813438522144
7	22.177864642325744	27.176741967385542	27.654367804277342	22.99102558601137
8	22.253283663412773	27.0607844467818	27.618014294239394	23.06791759556603
9	22.114775107347874	27.17022437173002	27.73700159629694	22.977998924625165
10	22.22827416818786	27.200525474789465	27.681901337358088	22.889299019664588
11	22.705493515248012	27.17259524300169	27.359087060284022	22.76282418146628
12	22.09613895296588	27.343449411716104	27.7492039115574	22.811207723760614
13	22.218406308973616	27.134406377230953	27.850215265074468	22.796972048720967
14	22.25753489180876	26.876548498260743	28.007411585754525	22.858505024175972
15	22.181317271166193	27.157519093010933	27.796294042373777	22.8648695934491
16	22.326360897471883	27.506672405297007	27.64438456308439	22.52258213414672
17	22.46178861171992	27.20953826188505	27.3662778548092	22.962395271585827
18	22.353161075913146	27.578894046807267	27.40719314557588	22.66075173170371
19	22.46967116549036	27.280760692041966	27.625907379883323	22.62366076258435
20	22.542292201389916	27.01155900350872	27.614562168937283	22.831586626164082
21	22.556078064626092	27.179236942207837	27.632215803377747	22.632469189788324
22	22.37163320532482	27.329458716966354	27.648464216381385	22.65044386132744
23	22.448922720760102	27.10611345883265	27.553129565456562	22.891834254950687
24	22.304522252385837	27.42496367098458	27.59439313871696	22.676120937912618
25	22.36908901763653	27.388194574230372	27.4546691414222	22.788047266710898
26	22.518570323349085	27.34833106859168	27.376448777511435	22.756649830547797
27	22.445817447092285	27.43063623845032	27.521495959236614	22.602050355220786
28	22.25762446741735	27.384516962676987	27.48595762951264	22.871900940393026
29	22.524090969106084	27.188020406612612	27.523191533304153	22.76469709097715
30	22.375777020252656	27.490896844616515	27.422570478114892	22.710755657015934
31	22.49972702471804	27.384839004442117	27.42809707228076	22.68733689855908
32	22.43596078453309	27.429383921211066	27.382774066875793	22.751881227380053
33	22.371503035015845	27.241769404931414	27.606789683951348	22.779937876101393
34	22.50270411367158	27.550866644748073	27.460145803700474	22.486283437879866
35	22.478996693643314	27.22976545812274	27.459659875527308	22.83157797270664
36	22.623533456001077	27.47858444076799	27.24799055022764	22.649891553003293
37	22.38474529215593	27.36829467106364	27.411507659490315	22.835452377290114
38	22.405591682918015	27.23567991890638	27.451653738525593	22.90707465965001
39	22.32432699651937	27.401385283765183	27.46421325413408	22.810074465581362
40	22.400578311024866	27.35028218294539	27.58060699540581	22.668532510623933
41	22.635943732264188	27.3345736394767	27.370222674485117	22.65925995377399
42	22.554373735927157	27.421178766444797	27.409899045961456	22.614548451666586
43	22.518608532357593	27.538374728066522	27.341871927387185	22.6011448121887
44	22.555862906700263	27.271228193842024	27.294371867859883	22.87853703159783
45	22.40399799175592	27.40859957706494	27.48695119134324	22.7004512398359
46	22.458321178354115	27.565178601928892	27.281791570762522	22.694708648954474
47	22.494767701189964	27.355532909185065	27.3566267109303	22.79307267869467
48	22.490276864116638	27.704781992123795	27.488568898165756	22.31637224559381
49	22.725668309700563	27.669224381776154	27.453312320921874	22.151794987601413
50	22.77482750762346	27.874643038705138	27.547835040703	21.802694412968403
51	22.247636192319455	28.332433297643423	27.73780503559432	21.682125474442802
>>END_MODULE
>>Per base GC content	pass
#Base	%GC
1	45.58802734502664
2	45.29899663609419
3	45.35860474610376
4	45.40654394511789
5	45.687405768380906
6	45.11901749710065
7	45.16889022833712
8	45.3212012589788
9	45.09277403197304
10	45.11757318785244
11	45.46831769671429
12	44.9073466767265
13	45.01537835769458
14	45.11603991598473
15	45.04618686461529
16	44.8489430316186
17	45.424183883305744
18	45.013912807616855
19	45.09333192807471
20	45.373878827554
21	45.188547254414416
22	45.02207706665226
23	45.34075697571079
24	44.98064319029846
25	45.15713628434742
26	45.27522015389688
27	45.04786780231307
28	45.12952540781037
29	45.288788060083235
30	45.08653267726859
31	45.18706392327712
32	45.18784201191314
33	45.151440911117234
34	44.988987551551446
35	45.31057466634996
36	45.27342500900437
37	45.220197669446044
38	45.31266634256802
39	45.13440146210073
40	45.0691108216488
41	45.295203686038185
42	45.16892218759374
43	45.11975334454629
44	45.43439993829809
45	45.10444923159182
46	45.153029827308586
47	45.287840379884635
48	44.80664910971045
49	44.87746329730197
50	44.57752192059186
51	43.92976166676226
>>END_MODULE
>>Per sequence GC content	warn
#GC Content	Count
0	8315.0
1	7753.0
2	5772.0
3	4602.0
4	4959.5
5	5809.5
6	6804.0
7	8171.5
8	9558.0
9	11724.5
10	14058.0
11	18305.0
12	22599.0
13	29581.5
14	37085.5
15	49158.0
16	61901.5
17	81009.0
18	101075.5
19	127198.0
20	154144.0
21	187994.0
22	222565.5
23	264305.5
24	307502.5
25	351464.0
26	433218.5
27	489547.5
28	553085.5
29	618287.0
30	687518.0
31	759473.5
32	835508.0
33	913040.5
34	986398.5
35	1056285.0
36	1110420.5
37	1161139.5
38	1195199.5
39	1228794.0
40	1247623.5
41	1263181.5
42	1268636.0
43	1266879.0
44	1251935.0
45	1235416.0
46	1216338.0
47	1193880.5
48	1167272.0
49	1141068.0
50	1117057.0
51	1093584.5
52	1067042.0
53	1038087.0
54	1009439.5
55	979009.0
56	945549.0
57	908462.5
58	863607.5
59	813868.5
60	756711.0
61	694658.0
62	634151.0
63	576010.0
64	511538.0
65	449735.5
66	394238.0
67	340811.0
68	291846.0
69	243852.0
70	205335.5
71	170601.5
72	142873.5
73	116850.5
74	94531.5
75	70249.5
76	58409.0
77	47978.0
78	38169.5
79	30538.0
80	23603.5
81	18959.5
82	15052.0
83	12206.5
84	9665.5
85	7736.0
86	5869.5
87	4701.0
88	3661.0
89	2883.5
90	2245.0
91	1847.0
92	1496.5
93	1283.5
94	1061.5
95	931.5
96	829.5
97	742.5
98	672.0
99	902.5
100	1134.0
>>END_MODULE
>>Per base N content	pass
#Base	N-Count
1	0.001112669347151988
2	5.987458370324599E-5
3	3.1933111308397866E-4
4	4.939653155517794E-4
5	9.28056047400313E-4
6	0.0017164047328263854
7	0.0023600565076362795
8	0.0012623558064101031
9	0.0025396802587460176
10	0.002938844150100991
11	0.0013122512928294746
12	0.002315150569858845
13	4.540489264162822E-4
14	0.0014868854952972755
15	0.013741216959894956
16	0.011316296319913493
17	0.005034454579714601
18	0.0032282379713333468
19	0.01435493144285323
20	0.001861101643442563
21	0.0016258488556875543
22	0.0034811244553657897
23	0.001800748125335691
24	0.004191924779012168
25	0.0015228358339967282
26	0.0013700915708312984
27	0.0010078455687397253
28	8.834170817833321E-4
29	5.328443461756506E-4
30	8.483523839858835E-4
31	6.347022036602502E-4
32	0.001165362263736397
33	7.331027993660377E-4
34	0.0027871571764051797
35	0.0026042703746166954
36	0.0024568720315317166
37	5.334908381399889E-4
38	0.005373065232406553
39	0.0016407238745886072
40	8.294235821819909E-4
41	0.0011289719248336943
42	0.0016638391305252086
43	0.0037026482458649645
44	0.0017084542942626393
45	0.0014278495015871645
46	3.543363432544741E-4
47	9.142977147437126E-4
48	7.350392455973898E-4
49	0.001398992032430864
50	0.001760168619843164
51	0.001475096117171374
>>END_MODULE
>>Sequence Length Distribution	warn
#Length	Count
20	52335.0
21	53471.0
22	55461.0
23	56797.0
24	58074.0
25	59043.0
26	60845.0
27	62818.0
28	65154.0
29	68430.0
30	70298.0
31	71866.0
32	73982.0
33	74012.0
34	75267.0
35	76131.0
36	76000.0
37	78611.0
38	81096.0
39	84525.0
40	86683.0
41	89589.0
42	92156.0
43	98595.0
44	111452.0
45	147267.0
46	234044.0
47	549902.0
48	1123501.0
49	2235367.0
50	3004578.0
51	1.0914543E7
>>END_MODULE
>>Sequence Duplication Levels	warn
#Total Duplicate Percentage	32.942665996669724
#Duplication Level	Relative count
1	100.0
2	21.623309358860393
3	8.798313215836377
4	4.590903413974742
5	2.6300902899711276
6	1.72719057869333
7	1.2143964383581771
8	0.8713092413144574
9	0.6935210150091465
10++	4.7833848821234675
>>END_MODULE
>>Overrepresented sequences	pass
>>END_MODULE
>>Kmer Content	warn
#Sequence	Count	Obs/Exp Overall	Obs/Exp Max	Max Obs/Exp Position
AAAAA	5804420	4.2805214	5.360576	47
TTTTT	5388560	3.805854	4.3614	13
CCTGG	1926595	3.007117	3.6391265	19
>>END_MODULE
